//alpha
1
//NbLocations
54
//NbProducts
36
//NbPickers
2
//CapaPicker
12
//TimeToTravelOneDistanceUnit
3
//SetupTime
5400
//PickTime
300
//Products
//Idx Location Size
1 1 1
2 2 1
3 3 1
4 4 1
5 5 1
6 6 1
7 7 1
8 8 1
9 9 1
10 10 1
11 11 1
12 10 1
13 12 1
14 13 1
15 14 1
16 15 1
17 16 1
18 17 1
19 18 1
20 19 1
21 20 1
22 21 1
23 22 1
24 23 1
25 24 1
26 25 1
27 26 1
28 27 1
29 28 1
30 29 1
31 30 1
32 31 1
33 32 1
34 33 1
35 34 1
36 35 1
//Orders
//NbOrders
18
//Idx DueDate TardinessPenalty NbProdInOrder ProdIdx1 Qty1 ProdIdx2 Qty2 ...
1 108000 0 1 1 1
2 144000 0 5 2 1 3 1 4 1 5 1 6 1
3 126000 0 1 7 1
4 54000 0 3 8 1 9 1 10 1
5 108000 0 1 11 1
6 54000 0 1 12 1
7 36000 0 1 13 1
8 90000 0 1 14 1
9 108000 0 5 15 1 16 1 17 1 18 1 19 1
10 36000 0 1 20 1
11 36000 0 1 21 1
12 72000 0 1 22 1
13 126000 0 6 23 1 24 1 25 1 26 1 27 1 28 1
14 90000 0 1 29 1
15 108000 0 2 30 1 31 1
16 126000 0 1 32 1
17 54000 0 1 33 1
18 126000 0 3 34 1 35 1 36 1
//Graph (Products are vertices indexed from 1 to NbProducts)
//NbVerticesIntersections
18
//DepartingDepot
0
//ArrivalDepot
54
//Arcs
//Start End Distance
0 36 120
1 4 26
1 28 52
2 52 258
2 53 193
3 10 13
3 34 13
4 1 26
4 24 13
5 13 26
5 26 26
6 15 39
6 34 26
7 22 26
7 38 37
8 11 104
8 52 50
9 39 362
9 40 89
10 3 13
10 28 52
11 8 104
11 51 297
12 19 26
12 37 50
13 5 26
13 32 39
14 33 312
14 42 63
15 6 39
15 31 13
16 21 26
16 44 362
17 40 258
17 41 193
18 46 375
18 47 76
19 12 26
19 31 52
20 30 26
20 36 76
21 16 26
21 43 63
22 7 26
22 24 13
23 26 13
23 35 39
24 4 13
24 22 13
25 29 13
25 35 39
26 5 26
26 23 13
27 32 104
27 37 37
28 1 52
28 10 52
29 25 13
29 30 13
30 20 26
30 29 13
31 15 13
31 19 52
32 13 39
32 27 104
33 14 312
33 43 76
34 3 13
34 6 26
35 23 39
35 25 39
36 20 76
36 39 48
36 54 120
37 12 50
37 27 37
37 40 48
38 7 37
38 41 48
39 9 362
39 36 48
39 42 48
40 9 89
40 17 258
40 37 48
40 43 48
41 17 193
41 38 48
41 44 48
42 14 63
42 39 48
42 45 48
43 21 63
43 33 76
43 40 48
43 46 48
44 16 362
44 41 48
44 47 48
45 42 48
45 46 451
45 48 48
46 18 375
46 43 48
46 45 451
46 49 48
47 18 76
47 44 48
47 50 48
48 45 48
48 49 451
48 51 48
49 46 48
49 48 451
49 50 451
49 52 48
50 47 48
50 49 451
50 53 48
51 11 297
51 48 48
52 2 258
52 8 50
52 49 48
53 2 193
53 50 48
//LocStart LocEnd ShortestPath
0 0 0
0 1 907
0 2 1069
0 3 790
0 4 933
0 5 365
0 6 751
0 7 985
0 8 761
0 9 530
0 10 803
0 11 657
0 12 621
0 13 391
0 14 279
0 15 712
0 16 756
0 17 877
0 18 1090
0 19 647
0 20 196
0 21 730
0 22 959
0 23 326
0 24 946
0 25 248
0 26 339
0 27 534
0 28 855
0 29 235
0 30 222
0 31 699
0 32 430
0 33 591
0 34 777
0 35 287
0 36 120
0 37 571
0 38 1022
0 39 168
0 40 619
0 41 1070
0 42 216
0 43 667
0 44 1118
0 45 264
0 46 715
0 47 1166
0 48 312
0 49 763
0 50 1214
0 51 360
0 52 811
0 53 1262
0 54 0
1 0 907
1 1 0
1 2 548
1 3 117
1 4 26
1 5 542
1 6 156
1 7 78
1 8 626
1 9 473
1 10 104
1 11 730
1 12 286
1 13 516
1 14 820
1 15 195
1 16 521
1 17 356
1 18 335
1 19 260
1 20 711
1 21 495
1 22 52
1 23 581
1 24 39
1 25 659
1 26 568
1 27 373
1 28 52
1 29 672
1 30 685
1 31 208
1 32 477
1 33 508
1 34 130
1 35 620
1 36 787
1 37 336
1 38 115
1 39 835
1 40 384
1 41 163
1 42 883
1 43 432
1 44 211
1 45 931
1 46 480
1 47 259
1 48 979
1 49 528
1 50 307
1 51 1027
1 52 576
1 53 355
1 54 907
2 0 1069
2 1 548
2 2 0
2 3 665
2 4 522
2 5 704
2 6 678
2 7 470
2 8 308
2 9 539
2 10 652
2 11 412
2 12 548
2 13 678
2 14 790
2 15 639
2 16 491
2 17 578
2 18 365
2 19 574
2 20 873
2 21 465
2 22 496
2 23 743
2 24 509
2 25 821
2 26 730
2 27 535
2 28 600
2 29 834
2 30 847
2 31 626
2 32 639
2 33 478
2 34 678
2 35 782
2 36 949
2 37 498
2 38 433
2 39 901
2 40 450
2 41 385
2 42 853
2 43 402
2 44 337
2 45 805
2 46 354
2 47 289
2 48 757
2 49 306
2 50 241
2 51 709
2 52 258
2 53 193
2 54 1069
3 0 790
3 1 117
3 2 665
3 3 0
3 4 143
3 5 425
3 6 39
3 7 195
3 8 509
3 9 356
3 10 13
3 11 613
3 12 169
3 13 399
3 14 703
3 15 78
3 16 404
3 17 473
3 18 452
3 19 143
3 20 594
3 21 378
3 22 169
3 23 464
3 24 156
3 25 542
3 26 451
3 27 256
3 28 65
3 29 555
3 30 568
3 31 91
3 32 360
3 33 391
3 34 13
3 35 503
3 36 670
3 37 219
3 38 232
3 39 718
3 40 267
3 41 280
3 42 766
3 43 315
3 44 328
3 45 814
3 46 363
3 47 376
3 48 862
3 49 411
3 50 424
3 51 910
3 52 459
3 53 472
3 54 790
4 0 933
4 1 26
4 2 522
4 3 143
4 4 0
4 5 568
4 6 182
4 7 52
4 8 652
4 9 499
4 10 130
4 11 756
4 12 312
4 13 542
4 14 846
4 15 221
4 16 547
4 17 330
4 18 309
4 19 286
4 20 737
4 21 521
4 22 26
4 23 607
4 24 13
4 25 685
4 26 594
4 27 399
4 28 78
4 29 698
4 30 711
4 31 234
4 32 503
4 33 534
4 34 156
4 35 646
4 36 813
4 37 362
4 38 89
4 39 861
4 40 410
4 41 137
4 42 909
4 43 458
4 44 185
4 45 957
4 46 506
4 47 233
4 48 1005
4 49 554
4 50 281
4 51 1053
4 52 602
4 53 329
4 54 933
5 0 365
5 1 542
5 2 704
5 3 425
5 4 568
5 5 0
5 6 386
5 7 620
5 8 496
5 9 343
5 10 438
5 11 600
5 12 256
5 13 26
5 14 404
5 15 347
5 16 391
5 17 512
5 18 725
5 19 282
5 20 169
5 21 365
5 22 594
5 23 39
5 24 581
5 25 117
5 26 26
5 27 169
5 28 490
5 29 130
5 30 143
5 31 334
5 32 65
5 33 378
5 34 412
5 35 78
5 36 245
5 37 206
5 38 657
5 39 293
5 40 254
5 41 705
5 42 341
5 43 302
5 44 753
5 45 389
5 46 350
5 47 801
5 48 437
5 49 398
5 50 849
5 51 485
5 52 446
5 53 897
5 54 365
6 0 751
6 1 156
6 2 678
6 3 39
6 4 182
6 5 386
6 6 0
6 7 234
6 8 470
6 9 317
6 10 52
6 11 574
6 12 130
6 13 360
6 14 664
6 15 39
6 16 365
6 17 486
6 18 491
6 19 104
6 20 555
6 21 339
6 22 208
6 23 425
6 24 195
6 25 503
6 26 412
6 27 217
6 28 104
6 29 516
6 30 529
6 31 52
6 32 321
6 33 352
6 34 26
6 35 464
6 36 631
6 37 180
6 38 271
6 39 679
6 40 228
6 41 319
6 42 727
6 43 276
6 44 367
6 45 775
6 46 324
6 47 415
6 48 823
6 49 372
6 50 463
6 51 871
6 52 420
6 53 511
6 54 751
7 0 985
7 1 78
7 2 470
7 3 195
7 4 52
7 5 620
7 6 234
7 7 0
7 8 704
7 9 551
7 10 182
7 11 808
7 12 364
7 13 594
7 14 898
7 15 273
7 16 495
7 17 278
7 18 257
7 19 338
7 20 789
7 21 521
7 22 26
7 23 659
7 24 39
7 25 737
7 26 646
7 27 451
7 28 130
7 29 750
7 30 763
7 31 286
7 32 555
7 33 586
7 34 208
7 35 698
7 36 865
7 37 414
7 38 37
7 39 913
7 40 462
7 41 85
7 42 961
7 43 510
7 44 133
7 45 1009
7 46 558
7 47 181
7 48 1057
7 49 606
7 50 229
7 51 1105
7 52 654
7 53 277
7 54 985
8 0 761
8 1 626
8 2 308
8 3 509
8 4 652
8 5 496
8 6 470
8 7 704
8 8 0
8 9 331
8 10 522
8 11 104
8 12 340
8 13 470
8 14 582
8 15 431
8 16 283
8 17 500
8 18 521
8 19 366
8 20 665
8 21 257
8 22 678
8 23 535
8 24 665
8 25 613
8 26 522
8 27 327
8 28 574
8 29 626
8 30 639
8 31 418
8 32 431
8 33 270
8 34 496
8 35 574
8 36 641
8 37 290
8 38 741
8 39 593
8 40 242
8 41 693
8 42 545
8 43 194
8 44 645
8 45 497
8 46 146
8 47 597
8 48 449
8 49 98
8 50 549
8 51 401
8 52 50
8 53 501
8 54 761
9 0 530
9 1 473
9 2 539
9 3 356
9 4 499
9 5 343
9 6 317
9 7 551
9 8 331
9 9 0
9 10 369
9 11 435
9 12 187
9 13 317
9 14 473
9 15 278
9 16 226
9 17 347
9 18 560
9 19 213
9 20 486
9 21 200
9 22 525
9 23 382
9 24 512
9 25 460
9 26 369
9 27 174
9 28 421
9 29 473
9 30 486
9 31 265
9 32 278
9 33 213
9 34 343
9 35 421
9 36 410
9 37 137
9 38 588
9 39 362
9 40 89
9 41 540
9 42 410
9 43 137
9 44 588
9 45 458
9 46 185
9 47 636
9 48 506
9 49 233
9 50 684
9 51 554
9 52 281
9 53 732
9 54 530
10 0 803
10 1 104
10 2 652
10 3 13
10 4 130
10 5 438
10 6 52
10 7 182
10 8 522
10 9 369
10 10 0
10 11 626
10 12 182
10 13 412
10 14 716
10 15 91
10 16 417
10 17 460
10 18 439
10 19 156
10 20 607
10 21 391
10 22 156
10 23 477
10 24 143
10 25 555
10 26 464
10 27 269
10 28 52
10 29 568
10 30 581
10 31 104
10 32 373
10 33 404
10 34 26
10 35 516
10 36 683
10 37 232
10 38 219
10 39 731
10 40 280
10 41 267
10 42 779
10 43 328
10 44 315
10 45 827
10 46 376
10 47 363
10 48 875
10 49 424
10 50 411
10 51 923
10 52 472
10 53 459
10 54 803
11 0 657
11 1 730
11 2 412
11 3 613
11 4 756
11 5 600
11 6 574
11 7 808
11 8 104
11 9 435
11 10 626
11 11 0
11 12 444
11 13 574
11 14 504
11 15 535
11 16 387
11 17 604
11 18 625
11 19 470
11 20 613
11 21 361
11 22 782
11 23 639
11 24 769
11 25 665
11 26 626
11 27 431
11 28 678
11 29 652
11 30 639
11 31 522
11 32 535
11 33 374
11 34 600
11 35 678
11 36 537
11 37 394
11 38 845
11 39 489
11 40 346
11 41 797
11 42 441
11 43 298
11 44 749
11 45 393
11 46 250
11 47 701
11 48 345
11 49 202
11 50 653
11 51 297
11 52 154
11 53 605
11 54 657
12 0 621
12 1 286
12 2 548
12 3 169
12 4 312
12 5 256
12 6 130
12 7 364
12 8 340
12 9 187
12 10 182
12 11 444
12 12 0
12 13 230
12 14 534
12 15 91
12 16 235
12 17 356
12 18 569
12 19 26
12 20 425
12 21 209
12 22 338
12 23 295
12 24 325
12 25 373
12 26 282
12 27 87
12 28 234
12 29 386
12 30 399
12 31 78
12 32 191
12 33 222
12 34 156
12 35 334
12 36 501
12 37 50
12 38 401
12 39 549
12 40 98
12 41 449
12 42 597
12 43 146
12 44 497
12 45 645
12 46 194
12 47 545
12 48 693
12 49 242
12 50 593
12 51 741
12 52 290
12 53 641
12 54 621
13 0 391
13 1 516
13 2 678
13 3 399
13 4 542
13 5 26
13 6 360
13 7 594
13 8 470
13 9 317
13 10 412
13 11 574
13 12 230
13 13 0
13 14 430
13 15 321
13 16 365
13 17 486
13 18 699
13 19 256
13 20 195
13 21 339
13 22 568
13 23 65
13 24 555
13 25 143
13 26 52
13 27 143
13 28 464
13 29 156
13 30 169
13 31 308
13 32 39
13 33 352
13 34 386
13 35 104
13 36 271
13 37 180
13 38 631
13 39 319
13 40 228
13 41 679
13 42 367
13 43 276
13 44 727
13 45 415
13 46 324
13 47 775
13 48 463
13 49 372
13 50 823
13 51 511
13 52 420
13 53 871
13 54 391
14 0 279
14 1 820
14 2 790
14 3 703
14 4 846
14 5 404
14 6 664
14 7 898
14 8 582
14 9 473
14 10 716
14 11 504
14 12 534
14 13 430
14 14 0
14 15 625
14 16 477
14 17 694
14 18 811
14 19 560
14 20 235
14 21 451
14 22 872
14 23 365
14 24 859
14 25 287
14 26 378
14 27 521
14 28 768
14 29 274
14 30 261
14 31 612
14 32 469
14 33 312
14 34 690
14 35 326
14 36 159
14 37 484
14 38 935
14 39 111
14 40 436
14 41 887
14 42 63
14 43 388
14 44 839
14 45 111
14 46 436
14 47 887
14 48 159
14 49 484
14 50 935
14 51 207
14 52 532
14 53 983
14 54 279
15 0 712
15 1 195
15 2 639
15 3 78
15 4 221
15 5 347
15 6 39
15 7 273
15 8 431
15 9 278
15 10 91
15 11 535
15 12 91
15 13 321
15 14 625
15 15 0
15 16 326
15 17 447
15 18 530
15 19 65
15 20 516
15 21 300
15 22 247
15 23 386
15 24 234
15 25 464
15 26 373
15 27 178
15 28 143
15 29 477
15 30 490
15 31 13
15 32 282
15 33 313
15 34 65
15 35 425
15 36 592
15 37 141
15 38 310
15 39 640
15 40 189
15 41 358
15 42 688
15 43 237
15 44 406
15 45 736
15 46 285
15 47 454
15 48 784
15 49 333
15 50 502
15 51 832
15 52 381
15 53 550
15 54 712
16 0 756
16 1 521
16 2 491
16 3 404
16 4 547
16 5 391
16 6 365
16 7 495
16 8 283
16 9 226
16 10 417
16 11 387
16 12 235
16 13 365
16 14 477
16 15 326
16 16 0
16 17 395
16 18 486
16 19 261
16 20 560
16 21 26
16 22 521
16 23 430
16 24 534
16 25 508
16 26 417
16 27 222
16 28 469
16 29 521
16 30 534
16 31 313
16 32 326
16 33 165
16 34 391
16 35 469
16 36 636
16 37 185
16 38 458
16 39 588
16 40 137
16 41 410
16 42 540
16 43 89
16 44 362
16 45 588
16 46 137
16 47 410
16 48 636
16 49 185
16 50 458
16 51 684
16 52 233
16 53 506
16 54 756
17 0 877
17 1 356
17 2 578
17 3 473
17 4 330
17 5 512
17 6 486
17 7 278
17 8 500
17 9 347
17 10 460
17 11 604
17 12 356
17 13 486
17 14 694
17 15 447
17 16 395
17 17 0
17 18 365
17 19 382
17 20 681
17 21 369
17 22 304
17 23 551
17 24 317
17 25 629
17 26 538
17 27 343
17 28 408
17 29 642
17 30 655
17 31 434
17 32 447
17 33 382
17 34 486
17 35 590
17 36 757
17 37 306
17 38 241
17 39 709
17 40 258
17 41 193
17 42 757
17 43 306
17 44 241
17 45 805
17 46 354
17 47 289
17 48 853
17 49 402
17 50 337
17 51 901
17 52 450
17 53 385
17 54 877
18 0 1090
18 1 335
18 2 365
18 3 452
18 4 309
18 5 725
18 6 491
18 7 257
18 8 521
18 9 560
18 10 439
18 11 625
18 12 569
18 13 699
18 14 811
18 15 530
18 16 486
18 17 365
18 18 0
18 19 595
18 20 894
18 21 486
18 22 283
18 23 764
18 24 296
18 25 842
18 26 751
18 27 556
18 28 387
18 29 855
18 30 868
18 31 543
18 32 660
18 33 499
18 34 465
18 35 803
18 36 970
18 37 519
18 38 220
18 39 922
18 40 471
18 41 172
18 42 874
18 43 423
18 44 124
18 45 826
18 46 375
18 47 76
18 48 874
18 49 423
18 50 124
18 51 922
18 52 471
18 53 172
18 54 1090
19 0 647
19 1 260
19 2 574
19 3 143
19 4 286
19 5 282
19 6 104
19 7 338
19 8 366
19 9 213
19 10 156
19 11 470
19 12 26
19 13 256
19 14 560
19 15 65
19 16 261
19 17 382
19 18 595
19 19 0
19 20 451
19 21 235
19 22 312
19 23 321
19 24 299
19 25 399
19 26 308
19 27 113
19 28 208
19 29 412
19 30 425
19 31 52
19 32 217
19 33 248
19 34 130
19 35 360
19 36 527
19 37 76
19 38 375
19 39 575
19 40 124
19 41 423
19 42 623
19 43 172
19 44 471
19 45 671
19 46 220
19 47 519
19 48 719
19 49 268
19 50 567
19 51 767
19 52 316
19 53 615
19 54 647
20 0 196
20 1 711
20 2 873
20 3 594
20 4 737
20 5 169
20 6 555
20 7 789
20 8 665
20 9 486
20 10 607
20 11 613
20 12 425
20 13 195
20 14 235
20 15 516
20 16 560
20 17 681
20 18 894
20 19 451
20 20 0
20 21 534
20 22 763
20 23 130
20 24 750
20 25 52
20 26 143
20 27 338
20 28 659
20 29 39
20 30 26
20 31 503
20 32 234
20 33 547
20 34 581
20 35 91
20 36 76
20 37 375
20 38 826
20 39 124
20 40 423
20 41 874
20 42 172
20 43 471
20 44 922
20 45 220
20 46 519
20 47 970
20 48 268
20 49 567
20 50 1018
20 51 316
20 52 615
20 53 1066
20 54 196
21 0 730
21 1 495
21 2 465
21 3 378
21 4 521
21 5 365
21 6 339
21 7 521
21 8 257
21 9 200
21 10 391
21 11 361
21 12 209
21 13 339
21 14 451
21 15 300
21 16 26
21 17 369
21 18 486
21 19 235
21 20 534
21 21 0
21 22 547
21 23 404
21 24 534
21 25 482
21 26 391
21 27 196
21 28 443
21 29 495
21 30 508
21 31 287
21 32 300
21 33 139
21 34 365
21 35 443
21 36 610
21 37 159
21 38 484
21 39 562
21 40 111
21 41 436
21 42 514
21 43 63
21 44 388
21 45 562
21 46 111
21 47 436
21 48 610
21 49 159
21 50 484
21 51 658
21 52 207
21 53 532
21 54 730
22 0 959
22 1 52
22 2 496
22 3 169
22 4 26
22 5 594
22 6 208
22 7 26
22 8 678
22 9 525
22 10 156
22 11 782
22 12 338
22 13 568
22 14 872
22 15 247
22 16 521
22 17 304
22 18 283
22 19 312
22 20 763
22 21 547
22 22 0
22 23 633
22 24 13
22 25 711
22 26 620
22 27 425
22 28 104
22 29 724
22 30 737
22 31 260
22 32 529
22 33 560
22 34 182
22 35 672
22 36 839
22 37 388
22 38 63
22 39 887
22 40 436
22 41 111
22 42 935
22 43 484
22 44 159
22 45 983
22 46 532
22 47 207
22 48 1031
22 49 580
22 50 255
22 51 1079
22 52 628
22 53 303
22 54 959
23 0 326
23 1 581
23 2 743
23 3 464
23 4 607
23 5 39
23 6 425
23 7 659
23 8 535
23 9 382
23 10 477
23 11 639
23 12 295
23 13 65
23 14 365
23 15 386
23 16 430
23 17 551
23 18 764
23 19 321
23 20 130
23 21 404
23 22 633
23 23 0
23 24 620
23 25 78
23 26 13
23 27 208
23 28 529
23 29 91
23 30 104
23 31 373
23 32 104
23 33 417
23 34 451
23 35 39
23 36 206
23 37 245
23 38 696
23 39 254
23 40 293
23 41 744
23 42 302
23 43 341
23 44 792
23 45 350
23 46 389
23 47 840
23 48 398
23 49 437
23 50 888
23 51 446
23 52 485
23 53 936
23 54 326
24 0 946
24 1 39
24 2 509
24 3 156
24 4 13
24 5 581
24 6 195
24 7 39
24 8 665
24 9 512
24 10 143
24 11 769
24 12 325
24 13 555
24 14 859
24 15 234
24 16 534
24 17 317
24 18 296
24 19 299
24 20 750
24 21 534
24 22 13
24 23 620
24 24 0
24 25 698
24 26 607
24 27 412
24 28 91
24 29 711
24 30 724
24 31 247
24 32 516
24 33 547
24 34 169
24 35 659
24 36 826
24 37 375
24 38 76
24 39 874
24 40 423
24 41 124
24 42 922
24 43 471
24 44 172
24 45 970
24 46 519
24 47 220
24 48 1018
24 49 567
24 50 268
24 51 1066
24 52 615
24 53 316
24 54 946
25 0 248
25 1 659
25 2 821
25 3 542
25 4 685
25 5 117
25 6 503
25 7 737
25 8 613
25 9 460
25 10 555
25 11 665
25 12 373
25 13 143
25 14 287
25 15 464
25 16 508
25 17 629
25 18 842
25 19 399
25 20 52
25 21 482
25 22 711
25 23 78
25 24 698
25 25 0
25 26 91
25 27 286
25 28 607
25 29 13
25 30 26
25 31 451
25 32 182
25 33 495
25 34 529
25 35 39
25 36 128
25 37 323
25 38 774
25 39 176
25 40 371
25 41 822
25 42 224
25 43 419
25 44 870
25 45 272
25 46 467
25 47 918
25 48 320
25 49 515
25 50 966
25 51 368
25 52 563
25 53 1014
25 54 248
26 0 339
26 1 568
26 2 730
26 3 451
26 4 594
26 5 26
26 6 412
26 7 646
26 8 522
26 9 369
26 10 464
26 11 626
26 12 282
26 13 52
26 14 378
26 15 373
26 16 417
26 17 538
26 18 751
26 19 308
26 20 143
26 21 391
26 22 620
26 23 13
26 24 607
26 25 91
26 26 0
26 27 195
26 28 516
26 29 104
26 30 117
26 31 360
26 32 91
26 33 404
26 34 438
26 35 52
26 36 219
26 37 232
26 38 683
26 39 267
26 40 280
26 41 731
26 42 315
26 43 328
26 44 779
26 45 363
26 46 376
26 47 827
26 48 411
26 49 424
26 50 875
26 51 459
26 52 472
26 53 923
26 54 339
27 0 534
27 1 373
27 2 535
27 3 256
27 4 399
27 5 169
27 6 217
27 7 451
27 8 327
27 9 174
27 10 269
27 11 431
27 12 87
27 13 143
27 14 521
27 15 178
27 16 222
27 17 343
27 18 556
27 19 113
27 20 338
27 21 196
27 22 425
27 23 208
27 24 412
27 25 286
27 26 195
27 27 0
27 28 321
27 29 299
27 30 312
27 31 165
27 32 104
27 33 209
27 34 243
27 35 247
27 36 414
27 37 37
27 38 488
27 39 462
27 40 85
27 41 536
27 42 510
27 43 133
27 44 584
27 45 558
27 46 181
27 47 632
27 48 606
27 49 229
27 50 680
27 51 654
27 52 277
27 53 728
27 54 534
28 0 855
28 1 52
28 2 600
28 3 65
28 4 78
28 5 490
28 6 104
28 7 130
28 8 574
28 9 421
28 10 52
28 11 678
28 12 234
28 13 464
28 14 768
28 15 143
28 16 469
28 17 408
28 18 387
28 19 208
28 20 659
28 21 443
28 22 104
28 23 529
28 24 91
28 25 607
28 26 516
28 27 321
28 28 0
28 29 620
28 30 633
28 31 156
28 32 425
28 33 456
28 34 78
28 35 568
28 36 735
28 37 284
28 38 167
28 39 783
28 40 332
28 41 215
28 42 831
28 43 380
28 44 263
28 45 879
28 46 428
28 47 311
28 48 927
28 49 476
28 50 359
28 51 975
28 52 524
28 53 407
28 54 855
29 0 235
29 1 672
29 2 834
29 3 555
29 4 698
29 5 130
29 6 516
29 7 750
29 8 626
29 9 473
29 10 568
29 11 652
29 12 386
29 13 156
29 14 274
29 15 477
29 16 521
29 17 642
29 18 855
29 19 412
29 20 39
29 21 495
29 22 724
29 23 91
29 24 711
29 25 13
29 26 104
29 27 299
29 28 620
29 29 0
29 30 13
29 31 464
29 32 195
29 33 508
29 34 542
29 35 52
29 36 115
29 37 336
29 38 787
29 39 163
29 40 384
29 41 835
29 42 211
29 43 432
29 44 883
29 45 259
29 46 480
29 47 931
29 48 307
29 49 528
29 50 979
29 51 355
29 52 576
29 53 1027
29 54 235
30 0 222
30 1 685
30 2 847
30 3 568
30 4 711
30 5 143
30 6 529
30 7 763
30 8 639
30 9 486
30 10 581
30 11 639
30 12 399
30 13 169
30 14 261
30 15 490
30 16 534
30 17 655
30 18 868
30 19 425
30 20 26
30 21 508
30 22 737
30 23 104
30 24 724
30 25 26
30 26 117
30 27 312
30 28 633
30 29 13
30 30 0
30 31 477
30 32 208
30 33 521
30 34 555
30 35 65
30 36 102
30 37 349
30 38 800
30 39 150
30 40 397
30 41 848
30 42 198
30 43 445
30 44 896
30 45 246
30 46 493
30 47 944
30 48 294
30 49 541
30 50 992
30 51 342
30 52 589
30 53 1040
30 54 222
31 0 699
31 1 208
31 2 626
31 3 91
31 4 234
31 5 334
31 6 52
31 7 286
31 8 418
31 9 265
31 10 104
31 11 522
31 12 78
31 13 308
31 14 612
31 15 13
31 16 313
31 17 434
31 18 543
31 19 52
31 20 503
31 21 287
31 22 260
31 23 373
31 24 247
31 25 451
31 26 360
31 27 165
31 28 156
31 29 464
31 30 477
31 31 0
31 32 269
31 33 300
31 34 78
31 35 412
31 36 579
31 37 128
31 38 323
31 39 627
31 40 176
31 41 371
31 42 675
31 43 224
31 44 419
31 45 723
31 46 272
31 47 467
31 48 771
31 49 320
31 50 515
31 51 819
31 52 368
31 53 563
31 54 699
32 0 430
32 1 477
32 2 639
32 3 360
32 4 503
32 5 65
32 6 321
32 7 555
32 8 431
32 9 278
32 10 373
32 11 535
32 12 191
32 13 39
32 14 469
32 15 282
32 16 326
32 17 447
32 18 660
32 19 217
32 20 234
32 21 300
32 22 529
32 23 104
32 24 516
32 25 182
32 26 91
32 27 104
32 28 425
32 29 195
32 30 208
32 31 269
32 32 0
32 33 313
32 34 347
32 35 143
32 36 310
32 37 141
32 38 592
32 39 358
32 40 189
32 41 640
32 42 406
32 43 237
32 44 688
32 45 454
32 46 285
32 47 736
32 48 502
32 49 333
32 50 784
32 51 550
32 52 381
32 53 832
32 54 430
33 0 591
33 1 508
33 2 478
33 3 391
33 4 534
33 5 378
33 6 352
33 7 586
33 8 270
33 9 213
33 10 404
33 11 374
33 12 222
33 13 352
33 14 312
33 15 313
33 16 165
33 17 382
33 18 499
33 19 248
33 20 547
33 21 139
33 22 560
33 23 417
33 24 547
33 25 495
33 26 404
33 27 209
33 28 456
33 29 508
33 30 521
33 31 300
33 32 313
33 33 0
33 34 378
33 35 456
33 36 471
33 37 172
33 38 623
33 39 423
33 40 124
33 41 575
33 42 375
33 43 76
33 44 527
33 45 423
33 46 124
33 47 575
33 48 471
33 49 172
33 50 623
33 51 519
33 52 220
33 53 671
33 54 591
34 0 777
34 1 130
34 2 678
34 3 13
34 4 156
34 5 412
34 6 26
34 7 208
34 8 496
34 9 343
34 10 26
34 11 600
34 12 156
34 13 386
34 14 690
34 15 65
34 16 391
34 17 486
34 18 465
34 19 130
34 20 581
34 21 365
34 22 182
34 23 451
34 24 169
34 25 529
34 26 438
34 27 243
34 28 78
34 29 542
34 30 555
34 31 78
34 32 347
34 33 378
34 34 0
34 35 490
34 36 657
34 37 206
34 38 245
34 39 705
34 40 254
34 41 293
34 42 753
34 43 302
34 44 341
34 45 801
34 46 350
34 47 389
34 48 849
34 49 398
34 50 437
34 51 897
34 52 446
34 53 485
34 54 777
35 0 287
35 1 620
35 2 782
35 3 503
35 4 646
35 5 78
35 6 464
35 7 698
35 8 574
35 9 421
35 10 516
35 11 678
35 12 334
35 13 104
35 14 326
35 15 425
35 16 469
35 17 590
35 18 803
35 19 360
35 20 91
35 21 443
35 22 672
35 23 39
35 24 659
35 25 39
35 26 52
35 27 247
35 28 568
35 29 52
35 30 65
35 31 412
35 32 143
35 33 456
35 34 490
35 35 0
35 36 167
35 37 284
35 38 735
35 39 215
35 40 332
35 41 783
35 42 263
35 43 380
35 44 831
35 45 311
35 46 428
35 47 879
35 48 359
35 49 476
35 50 927
35 51 407
35 52 524
35 53 975
35 54 287
36 0 120
36 1 787
36 2 949
36 3 670
36 4 813
36 5 245
36 6 631
36 7 865
36 8 641
36 9 410
36 10 683
36 11 537
36 12 501
36 13 271
36 14 159
36 15 592
36 16 636
36 17 757
36 18 970
36 19 527
36 20 76
36 21 610
36 22 839
36 23 206
36 24 826
36 25 128
36 26 219
36 27 414
36 28 735
36 29 115
36 30 102
36 31 579
36 32 310
36 33 471
36 34 657
36 35 167
36 36 0
36 37 451
36 38 902
36 39 48
36 40 499
36 41 950
36 42 96
36 43 547
36 44 998
36 45 144
36 46 595
36 47 1046
36 48 192
36 49 643
36 50 1094
36 51 240
36 52 691
36 53 1142
36 54 120
37 0 571
37 1 336
37 2 498
37 3 219
37 4 362
37 5 206
37 6 180
37 7 414
37 8 290
37 9 137
37 10 232
37 11 394
37 12 50
37 13 180
37 14 484
37 15 141
37 16 185
37 17 306
37 18 519
37 19 76
37 20 375
37 21 159
37 22 388
37 23 245
37 24 375
37 25 323
37 26 232
37 27 37
37 28 284
37 29 336
37 30 349
37 31 128
37 32 141
37 33 172
37 34 206
37 35 284
37 36 451
37 37 0
37 38 451
37 39 499
37 40 48
37 41 499
37 42 547
37 43 96
37 44 547
37 45 595
37 46 144
37 47 595
37 48 643
37 49 192
37 50 643
37 51 691
37 52 240
37 53 691
37 54 571
38 0 1022
38 1 115
38 2 433
38 3 232
38 4 89
38 5 657
38 6 271
38 7 37
38 8 741
38 9 588
38 10 219
38 11 845
38 12 401
38 13 631
38 14 935
38 15 310
38 16 458
38 17 241
38 18 220
38 19 375
38 20 826
38 21 484
38 22 63
38 23 696
38 24 76
38 25 774
38 26 683
38 27 488
38 28 167
38 29 787
38 30 800
38 31 323
38 32 592
38 33 623
38 34 245
38 35 735
38 36 902
38 37 451
38 38 0
38 39 950
38 40 499
38 41 48
38 42 998
38 43 547
38 44 96
38 45 1046
38 46 595
38 47 144
38 48 1094
38 49 643
38 50 192
38 51 1142
38 52 691
38 53 240
38 54 1022
39 0 168
39 1 835
39 2 901
39 3 718
39 4 861
39 5 293
39 6 679
39 7 913
39 8 593
39 9 362
39 10 731
39 11 489
39 12 549
39 13 319
39 14 111
39 15 640
39 16 588
39 17 709
39 18 922
39 19 575
39 20 124
39 21 562
39 22 887
39 23 254
39 24 874
39 25 176
39 26 267
39 27 462
39 28 783
39 29 163
39 30 150
39 31 627
39 32 358
39 33 423
39 34 705
39 35 215
39 36 48
39 37 499
39 38 950
39 39 0
39 40 451
39 41 902
39 42 48
39 43 499
39 44 950
39 45 96
39 46 547
39 47 998
39 48 144
39 49 595
39 50 1046
39 51 192
39 52 643
39 53 1094
39 54 168
40 0 619
40 1 384
40 2 450
40 3 267
40 4 410
40 5 254
40 6 228
40 7 462
40 8 242
40 9 89
40 10 280
40 11 346
40 12 98
40 13 228
40 14 436
40 15 189
40 16 137
40 17 258
40 18 471
40 19 124
40 20 423
40 21 111
40 22 436
40 23 293
40 24 423
40 25 371
40 26 280
40 27 85
40 28 332
40 29 384
40 30 397
40 31 176
40 32 189
40 33 124
40 34 254
40 35 332
40 36 499
40 37 48
40 38 499
40 39 451
40 40 0
40 41 451
40 42 499
40 43 48
40 44 499
40 45 547
40 46 96
40 47 547
40 48 595
40 49 144
40 50 595
40 51 643
40 52 192
40 53 643
40 54 619
41 0 1070
41 1 163
41 2 385
41 3 280
41 4 137
41 5 705
41 6 319
41 7 85
41 8 693
41 9 540
41 10 267
41 11 797
41 12 449
41 13 679
41 14 887
41 15 358
41 16 410
41 17 193
41 18 172
41 19 423
41 20 874
41 21 436
41 22 111
41 23 744
41 24 124
41 25 822
41 26 731
41 27 536
41 28 215
41 29 835
41 30 848
41 31 371
41 32 640
41 33 575
41 34 293
41 35 783
41 36 950
41 37 499
41 38 48
41 39 902
41 40 451
41 41 0
41 42 950
41 43 499
41 44 48
41 45 998
41 46 547
41 47 96
41 48 1046
41 49 595
41 50 144
41 51 1094
41 52 643
41 53 192
41 54 1070
42 0 216
42 1 883
42 2 853
42 3 766
42 4 909
42 5 341
42 6 727
42 7 961
42 8 545
42 9 410
42 10 779
42 11 441
42 12 597
42 13 367
42 14 63
42 15 688
42 16 540
42 17 757
42 18 874
42 19 623
42 20 172
42 21 514
42 22 935
42 23 302
42 24 922
42 25 224
42 26 315
42 27 510
42 28 831
42 29 211
42 30 198
42 31 675
42 32 406
42 33 375
42 34 753
42 35 263
42 36 96
42 37 547
42 38 998
42 39 48
42 40 499
42 41 950
42 42 0
42 43 451
42 44 902
42 45 48
42 46 499
42 47 950
42 48 96
42 49 547
42 50 998
42 51 144
42 52 595
42 53 1046
42 54 216
43 0 667
43 1 432
43 2 402
43 3 315
43 4 458
43 5 302
43 6 276
43 7 510
43 8 194
43 9 137
43 10 328
43 11 298
43 12 146
43 13 276
43 14 388
43 15 237
43 16 89
43 17 306
43 18 423
43 19 172
43 20 471
43 21 63
43 22 484
43 23 341
43 24 471
43 25 419
43 26 328
43 27 133
43 28 380
43 29 432
43 30 445
43 31 224
43 32 237
43 33 76
43 34 302
43 35 380
43 36 547
43 37 96
43 38 547
43 39 499
43 40 48
43 41 499
43 42 451
43 43 0
43 44 451
43 45 499
43 46 48
43 47 499
43 48 547
43 49 96
43 50 547
43 51 595
43 52 144
43 53 595
43 54 667
44 0 1118
44 1 211
44 2 337
44 3 328
44 4 185
44 5 753
44 6 367
44 7 133
44 8 645
44 9 588
44 10 315
44 11 749
44 12 497
44 13 727
44 14 839
44 15 406
44 16 362
44 17 241
44 18 124
44 19 471
44 20 922
44 21 388
44 22 159
44 23 792
44 24 172
44 25 870
44 26 779
44 27 584
44 28 263
44 29 883
44 30 896
44 31 419
44 32 688
44 33 527
44 34 341
44 35 831
44 36 998
44 37 547
44 38 96
44 39 950
44 40 499
44 41 48
44 42 902
44 43 451
44 44 0
44 45 950
44 46 499
44 47 48
44 48 998
44 49 547
44 50 96
44 51 1046
44 52 595
44 53 144
44 54 1118
45 0 264
45 1 931
45 2 805
45 3 814
45 4 957
45 5 389
45 6 775
45 7 1009
45 8 497
45 9 458
45 10 827
45 11 393
45 12 645
45 13 415
45 14 111
45 15 736
45 16 588
45 17 805
45 18 826
45 19 671
45 20 220
45 21 562
45 22 983
45 23 350
45 24 970
45 25 272
45 26 363
45 27 558
45 28 879
45 29 259
45 30 246
45 31 723
45 32 454
45 33 423
45 34 801
45 35 311
45 36 144
45 37 595
45 38 1046
45 39 96
45 40 547
45 41 998
45 42 48
45 43 499
45 44 950
45 45 0
45 46 451
45 47 902
45 48 48
45 49 499
45 50 950
45 51 96
45 52 547
45 53 998
45 54 264
46 0 715
46 1 480
46 2 354
46 3 363
46 4 506
46 5 350
46 6 324
46 7 558
46 8 146
46 9 185
46 10 376
46 11 250
46 12 194
46 13 324
46 14 436
46 15 285
46 16 137
46 17 354
46 18 375
46 19 220
46 20 519
46 21 111
46 22 532
46 23 389
46 24 519
46 25 467
46 26 376
46 27 181
46 28 428
46 29 480
46 30 493
46 31 272
46 32 285
46 33 124
46 34 350
46 35 428
46 36 595
46 37 144
46 38 595
46 39 547
46 40 96
46 41 547
46 42 499
46 43 48
46 44 499
46 45 451
46 46 0
46 47 451
46 48 499
46 49 48
46 50 499
46 51 547
46 52 96
46 53 547
46 54 715
47 0 1166
47 1 259
47 2 289
47 3 376
47 4 233
47 5 801
47 6 415
47 7 181
47 8 597
47 9 636
47 10 363
47 11 701
47 12 545
47 13 775
47 14 887
47 15 454
47 16 410
47 17 289
47 18 76
47 19 519
47 20 970
47 21 436
47 22 207
47 23 840
47 24 220
47 25 918
47 26 827
47 27 632
47 28 311
47 29 931
47 30 944
47 31 467
47 32 736
47 33 575
47 34 389
47 35 879
47 36 1046
47 37 595
47 38 144
47 39 998
47 40 547
47 41 96
47 42 950
47 43 499
47 44 48
47 45 902
47 46 451
47 47 0
47 48 950
47 49 499
47 50 48
47 51 998
47 52 547
47 53 96
47 54 1166
48 0 312
48 1 979
48 2 757
48 3 862
48 4 1005
48 5 437
48 6 823
48 7 1057
48 8 449
48 9 506
48 10 875
48 11 345
48 12 693
48 13 463
48 14 159
48 15 784
48 16 636
48 17 853
48 18 874
48 19 719
48 20 268
48 21 610
48 22 1031
48 23 398
48 24 1018
48 25 320
48 26 411
48 27 606
48 28 927
48 29 307
48 30 294
48 31 771
48 32 502
48 33 471
48 34 849
48 35 359
48 36 192
48 37 643
48 38 1094
48 39 144
48 40 595
48 41 1046
48 42 96
48 43 547
48 44 998
48 45 48
48 46 499
48 47 950
48 48 0
48 49 451
48 50 902
48 51 48
48 52 499
48 53 950
48 54 312
49 0 763
49 1 528
49 2 306
49 3 411
49 4 554
49 5 398
49 6 372
49 7 606
49 8 98
49 9 233
49 10 424
49 11 202
49 12 242
49 13 372
49 14 484
49 15 333
49 16 185
49 17 402
49 18 423
49 19 268
49 20 567
49 21 159
49 22 580
49 23 437
49 24 567
49 25 515
49 26 424
49 27 229
49 28 476
49 29 528
49 30 541
49 31 320
49 32 333
49 33 172
49 34 398
49 35 476
49 36 643
49 37 192
49 38 643
49 39 595
49 40 144
49 41 595
49 42 547
49 43 96
49 44 547
49 45 499
49 46 48
49 47 499
49 48 451
49 49 0
49 50 451
49 51 499
49 52 48
49 53 499
49 54 763
50 0 1214
50 1 307
50 2 241
50 3 424
50 4 281
50 5 849
50 6 463
50 7 229
50 8 549
50 9 684
50 10 411
50 11 653
50 12 593
50 13 823
50 14 935
50 15 502
50 16 458
50 17 337
50 18 124
50 19 567
50 20 1018
50 21 484
50 22 255
50 23 888
50 24 268
50 25 966
50 26 875
50 27 680
50 28 359
50 29 979
50 30 992
50 31 515
50 32 784
50 33 623
50 34 437
50 35 927
50 36 1094
50 37 643
50 38 192
50 39 1046
50 40 595
50 41 144
50 42 998
50 43 547
50 44 96
50 45 950
50 46 499
50 47 48
50 48 902
50 49 451
50 50 0
50 51 950
50 52 499
50 53 48
50 54 1214
51 0 360
51 1 1027
51 2 709
51 3 910
51 4 1053
51 5 485
51 6 871
51 7 1105
51 8 401
51 9 554
51 10 923
51 11 297
51 12 741
51 13 511
51 14 207
51 15 832
51 16 684
51 17 901
51 18 922
51 19 767
51 20 316
51 21 658
51 22 1079
51 23 446
51 24 1066
51 25 368
51 26 459
51 27 654
51 28 975
51 29 355
51 30 342
51 31 819
51 32 550
51 33 519
51 34 897
51 35 407
51 36 240
51 37 691
51 38 1142
51 39 192
51 40 643
51 41 1094
51 42 144
51 43 595
51 44 1046
51 45 96
51 46 547
51 47 998
51 48 48
51 49 499
51 50 950
51 51 0
51 52 451
51 53 902
51 54 360
52 0 811
52 1 576
52 2 258
52 3 459
52 4 602
52 5 446
52 6 420
52 7 654
52 8 50
52 9 281
52 10 472
52 11 154
52 12 290
52 13 420
52 14 532
52 15 381
52 16 233
52 17 450
52 18 471
52 19 316
52 20 615
52 21 207
52 22 628
52 23 485
52 24 615
52 25 563
52 26 472
52 27 277
52 28 524
52 29 576
52 30 589
52 31 368
52 32 381
52 33 220
52 34 446
52 35 524
52 36 691
52 37 240
52 38 691
52 39 643
52 40 192
52 41 643
52 42 595
52 43 144
52 44 595
52 45 547
52 46 96
52 47 547
52 48 499
52 49 48
52 50 499
52 51 451
52 52 0
52 53 451
52 54 811
53 0 1262
53 1 355
53 2 193
53 3 472
53 4 329
53 5 897
53 6 511
53 7 277
53 8 501
53 9 732
53 10 459
53 11 605
53 12 641
53 13 871
53 14 983
53 15 550
53 16 506
53 17 385
53 18 172
53 19 615
53 20 1066
53 21 532
53 22 303
53 23 936
53 24 316
53 25 1014
53 26 923
53 27 728
53 28 407
53 29 1027
53 30 1040
53 31 563
53 32 832
53 33 671
53 34 485
53 35 975
53 36 1142
53 37 691
53 38 240
53 39 1094
53 40 643
53 41 192
53 42 1046
53 43 595
53 44 144
53 45 998
53 46 547
53 47 96
53 48 950
53 49 499
53 50 48
53 51 902
53 52 451
53 53 0
53 54 1262
54 0 0
54 1 907
54 2 1069
54 3 790
54 4 933
54 5 365
54 6 751
54 7 985
54 8 761
54 9 530
54 10 803
54 11 657
54 12 621
54 13 391
54 14 279
54 15 712
54 16 756
54 17 877
54 18 1090
54 19 647
54 20 196
54 21 730
54 22 959
54 23 326
54 24 946
54 25 248
54 26 339
54 27 534
54 28 855
54 29 235
54 30 222
54 31 699
54 32 430
54 33 591
54 34 777
54 35 287
54 36 120
54 37 571
54 38 1022
54 39 168
54 40 619
54 41 1070
54 42 216
54 43 667
54 44 1118
54 45 264
54 46 715
54 47 1166
54 48 312
54 49 763
54 50 1214
54 51 360
54 52 811
54 53 1262
54 54 0
//Location coordinates LocationName
//Loc x y
0 0.0 0.0 "depot"
1 0.0 907.0 "product aisle 0 bloc 1 rank 48"
2 240.0 829.0 "product aisle 5 bloc 1 rank 36"
3 0.0 790.0 "product aisle 0 bloc 1 rank 29"
4 0.0 933.0 "product aisle 0 bloc 1 rank 51"
5 0.0 365.0 "product aisle 0 bloc 0 rank 33"
6 0.0 751.0 "product aisle 0 bloc 1 rank 24"
7 0.0 985.0 "product aisle 0 bloc 1 rank 59"
8 240.0 521.0 "product aisle 5 bloc 0 rank 58"
9 48.0 482.0 "product aisle 1 bloc 0 rank 51"
10 0.0 803.0 "product aisle 0 bloc 1 rank 31"
11 240.0 417.0 "product aisle 5 bloc 0 rank 42"
12 0.0 621.0 "product aisle 0 bloc 1 rank 4"
13 0.0 391.0 "product aisle 0 bloc 0 rank 38"
14 96.0 183.0 "product aisle 2 bloc 0 rank 5"
15 0.0 712.0 "product aisle 0 bloc 1 rank 18"
16 96.0 660.0 "product aisle 2 bloc 1 rank 9"
17 48.0 829.0 "product aisle 1 bloc 1 rank 36"
18 144.0 946.0 "product aisle 3 bloc 1 rank 54"
19 0.0 647.0 "product aisle 0 bloc 1 rank 8"
20 0.0 196.0 "product aisle 0 bloc 0 rank 8"
21 96.0 634.0 "product aisle 2 bloc 1 rank 6"
22 0.0 959.0 "product aisle 0 bloc 1 rank 55"
23 0.0 326.0 "product aisle 0 bloc 0 rank 28"
24 0.0 946.0 "product aisle 0 bloc 1 rank 53"
25 0.0 248.0 "product aisle 0 bloc 0 rank 15"
26 0.0 339.0 "product aisle 0 bloc 0 rank 30"
27 0.0 534.0 "product aisle 0 bloc 0 rank 59"
28 0.0 855.0 "product aisle 0 bloc 1 rank 39"
29 0.0 235.0 "product aisle 0 bloc 0 rank 13"
30 0.0 222.0 "product aisle 0 bloc 0 rank 12"
31 0.0 699.0 "product aisle 0 bloc 1 rank 15"
32 0.0 430.0 "product aisle 0 bloc 0 rank 44"
33 96.0 495.0 "product aisle 2 bloc 0 rank 53"
34 0.0 777.0 "product aisle 0 bloc 1 rank 27"
35 0.0 287.0 "product aisle 0 bloc 0 rank 21"
36 24.0 120.0 "intersection aisle 0 bloc 0 rank 0"
37 24.0 571.0 "intersection aisle 0 bloc 1 rank 1"
38 24.0 1022.0 "intersection aisle 0 bloc 2 rank 2"
39 72.0 120.0 "intersection aisle 1 bloc 0 rank 0"
40 72.0 571.0 "intersection aisle 1 bloc 1 rank 1"
41 72.0 1022.0 "intersection aisle 1 bloc 2 rank 2"
42 120.0 120.0 "intersection aisle 2 bloc 0 rank 0"
43 120.0 571.0 "intersection aisle 2 bloc 1 rank 1"
44 120.0 1022.0 "intersection aisle 2 bloc 2 rank 2"
45 168.0 120.0 "intersection aisle 3 bloc 0 rank 0"
46 168.0 571.0 "intersection aisle 3 bloc 1 rank 1"
47 168.0 1022.0 "intersection aisle 3 bloc 2 rank 2"
48 216.0 120.0 "intersection aisle 4 bloc 0 rank 0"
49 216.0 571.0 "intersection aisle 4 bloc 1 rank 1"
50 216.0 1022.0 "intersection aisle 4 bloc 2 rank 2"
51 264.0 120.0 "intersection aisle 5 bloc 0 rank 0"
52 264.0 571.0 "intersection aisle 5 bloc 1 rank 1"
53 264.0 1022.0 "intersection aisle 5 bloc 2 rank 2"
54 0.0 0.0 "depot"
