//alpha
1
//NbLocations
50
//NbProducts
34
//NbPickers
2
//CapaPicker
4
//TimeToTravelOneDistanceUnit
3
//SetupTime
5400
//PickTime
300
//Products
//Idx Location Size
1 1 1
2 2 1
3 3 1
4 4 1
5 5 1
6 6 1
7 7 1
8 8 1
9 9 1
10 10 1
11 11 1
12 12 1
13 13 1
14 14 1
15 15 1
16 16 1
17 17 1
18 18 1
19 19 1
20 20 1
21 21 1
22 22 1
23 5 1
24 7 1
25 23 1
26 24 1
27 25 1
28 26 1
29 27 1
30 28 1
31 29 1
32 30 1
33 31 1
34 4 1
//Orders
//NbOrders
18
//Idx DueDate TardinessPenalty NbProdInOrder ProdIdx1 Qty1 ProdIdx2 Qty2 ...
1 54000 0 1 1 1
2 144000 0 1 2 1
3 108000 0 2 3 1 4 1
4 72000 0 2 5 1 6 1
5 72000 0 4 7 1 8 1 9 1 10 1
6 36000 0 3 11 1 12 1 13 1
7 108000 0 1 14 1
8 54000 0 1 15 1
9 144000 0 4 16 1 17 1 18 1 19 1
10 36000 0 2 20 1 21 1
11 126000 0 2 22 1 23 1
12 126000 0 1 24 1
13 54000 0 1 25 1
14 144000 0 1 26 1
15 54000 0 4 27 1 28 1 29 1 30 1
16 90000 0 2 31 1 32 1
17 144000 0 1 33 1
18 36000 0 1 34 1
//Graph (Products are vertices indexed from 1 to NbProducts)
//NbVerticesIntersections
18
//DepartingDepot
0
//ArrivalDepot
50
//Arcs
//Start End Distance
0 32 120
1 36 310
1 37 141
2 7 13
2 33 37
3 25 13
3 26 52
4 20 195
4 28 13
5 17 91
5 30 39
6 22 208
6 40 76
7 2 13
7 31 26
8 13 26
8 24 39
9 16 78
9 22 39
10 14 52
10 28 13
11 20 39
11 33 50
12 42 349
12 43 102
13 8 26
13 32 63
14 10 52
14 34 89
15 30 13
15 38 63
16 9 78
16 39 50
17 5 91
17 39 245
18 27 13
18 29 13
19 44 297
19 45 154
20 4 195
20 11 39
21 26 65
21 35 115
22 6 208
22 9 39
23 47 310
23 48 141
24 8 39
24 29 169
25 3 13
25 36 206
26 3 52
26 21 65
27 18 13
27 31 52
28 4 13
28 10 13
29 18 13
29 24 169
30 5 39
30 15 13
31 7 26
31 27 52
32 13 63
32 35 48
32 50 120
33 2 37
33 11 50
33 36 48
34 14 89
34 37 48
35 21 115
35 32 48
35 38 48
36 1 310
36 25 206
36 33 48
36 39 48
37 1 141
37 34 48
37 40 48
38 15 63
38 35 48
38 41 48
39 16 50
39 17 245
39 36 48
39 42 48
40 6 76
40 37 48
40 43 48
41 38 48
41 42 451
41 44 48
42 12 349
42 39 48
42 41 451
42 45 48
43 12 102
43 40 48
43 46 48
44 19 297
44 41 48
44 47 48
45 19 154
45 42 48
45 46 451
45 48 48
46 43 48
46 45 451
46 49 48
47 23 310
47 44 48
48 23 141
48 45 48
48 49 451
49 46 48
49 48 451
//LocStart LocEnd ShortestPath
0 0 0
0 1 929
0 2 534
0 3 400
0 4 855
0 5 331
0 6 1042
0 7 521
0 8 209
0 9 795
0 10 881
0 11 621
0 12 1064
0 13 183
0 14 933
0 15 279
0 16 717
0 17 422
0 18 430
0 19 609
0 20 660
0 21 283
0 22 834
0 23 670
0 24 248
0 25 413
0 26 348
0 27 443
0 28 868
0 29 417
0 30 292
0 31 495
0 32 120
0 33 571
0 34 1022
0 35 168
0 36 619
0 37 1070
0 38 216
0 39 667
0 40 1118
0 41 264
0 42 715
0 43 1166
0 44 312
0 45 763
0 46 1214
0 47 360
0 48 811
0 49 1262
0 50 0
1 0 929
1 1 0
1 2 395
1 3 529
1 4 356
1 5 694
1 6 265
1 7 408
1 8 720
1 9 486
1 10 330
1 11 408
1 12 339
1 13 746
1 14 278
1 15 746
1 16 408
1 17 603
1 18 499
1 19 608
1 20 447
1 21 646
1 22 473
1 23 643
1 24 681
1 25 516
1 26 581
1 27 486
1 28 343
1 29 512
1 30 733
1 31 434
1 32 809
1 33 358
1 34 189
1 35 761
1 36 310
1 37 141
1 38 809
1 39 358
1 40 189
1 41 857
1 42 406
1 43 237
1 44 905
1 45 454
1 46 285
1 47 953
1 48 502
1 49 333
1 50 929
2 0 534
2 1 395
2 2 0
2 3 304
2 4 321
2 5 469
2 6 508
2 7 13
2 8 325
2 9 261
2 10 347
2 11 87
2 12 530
2 13 351
2 14 399
2 15 521
2 16 183
2 17 378
2 18 104
2 19 383
2 20 126
2 21 421
2 22 300
2 23 418
2 24 286
2 25 291
2 26 356
2 27 91
2 28 334
2 29 117
2 30 508
2 31 39
2 32 414
2 33 37
2 34 488
2 35 462
2 36 85
2 37 536
2 38 510
2 39 133
2 40 584
2 41 558
2 42 181
2 43 632
2 44 606
2 45 229
2 46 680
2 47 654
2 48 277
2 49 728
2 50 534
3 0 400
3 1 529
3 2 304
3 3 0
3 4 551
3 5 395
3 6 642
3 7 317
3 8 369
3 9 395
3 10 577
3 11 317
3 12 664
3 13 343
3 14 629
3 15 343
3 16 317
3 17 486
3 18 408
3 19 517
3 20 356
3 21 117
3 22 434
3 23 552
3 24 408
3 25 13
3 26 52
3 27 395
3 28 564
3 29 421
3 30 356
3 31 343
3 32 280
3 33 267
3 34 718
3 35 232
3 36 219
3 37 670
3 38 280
3 39 267
3 40 718
3 41 328
3 42 315
3 43 766
3 44 376
3 45 363
3 46 814
3 47 424
3 48 411
3 49 862
3 50 400
4 0 855
4 1 356
4 2 321
4 3 551
4 4 0
4 5 716
4 6 339
4 7 334
4 8 646
4 9 508
4 10 26
4 11 234
4 12 413
4 13 672
4 14 78
4 15 768
4 16 430
4 17 625
4 18 425
4 19 630
4 20 195
4 21 668
4 22 547
4 23 665
4 24 607
4 25 538
4 26 603
4 27 412
4 28 13
4 29 438
4 30 755
4 31 360
4 32 735
4 33 284
4 34 167
4 35 783
4 36 332
4 37 215
4 38 831
4 39 380
4 40 263
4 41 879
4 42 428
4 43 311
4 44 927
4 45 476
4 46 359
4 47 975
4 48 524
4 49 407
4 50 855
5 0 331
5 1 694
5 2 469
5 3 395
5 4 716
5 5 0
5 6 711
5 7 482
5 8 300
5 9 464
5 10 742
5 11 482
5 12 733
5 13 274
5 14 794
5 15 52
5 16 386
5 17 91
5 18 521
5 19 508
5 20 521
5 21 278
5 22 503
5 23 569
5 24 339
5 25 408
5 26 343
5 27 534
5 28 729
5 29 508
5 30 39
5 31 508
5 32 211
5 33 432
5 34 883
5 35 163
5 36 384
5 37 835
5 38 115
5 39 336
5 40 787
5 41 163
5 42 384
5 43 835
5 44 211
5 45 432
5 46 883
5 47 259
5 48 480
5 49 931
5 50 331
6 0 1042
6 1 265
6 2 508
6 3 642
6 4 339
6 5 711
6 6 0
6 7 521
6 8 833
6 9 247
6 10 313
6 11 521
6 12 226
6 13 859
6 14 261
6 15 763
6 16 325
6 17 620
6 18 612
6 19 625
6 20 534
6 21 759
6 22 208
6 23 660
6 24 794
6 25 629
6 26 694
6 27 599
6 28 326
6 29 625
6 30 750
6 31 547
6 32 922
6 33 471
6 34 172
6 35 874
6 36 423
6 37 124
6 38 826
6 39 375
6 40 76
6 41 874
6 42 423
6 43 124
6 44 922
6 45 471
6 46 172
6 47 970
6 48 519
6 49 220
6 50 1042
7 0 521
7 1 408
7 2 13
7 3 317
7 4 334
7 5 482
7 6 521
7 7 0
7 8 312
7 9 274
7 10 360
7 11 100
7 12 543
7 13 338
7 14 412
7 15 534
7 16 196
7 17 391
7 18 91
7 19 396
7 20 139
7 21 434
7 22 313
7 23 431
7 24 273
7 25 304
7 26 369
7 27 78
7 28 347
7 29 104
7 30 521
7 31 26
7 32 401
7 33 50
7 34 501
7 35 449
7 36 98
7 37 549
7 38 497
7 39 146
7 40 597
7 41 545
7 42 194
7 43 645
7 44 593
7 45 242
7 46 693
7 47 641
7 48 290
7 49 741
7 50 521
8 0 209
8 1 720
8 2 325
8 3 369
8 4 646
8 5 300
8 6 833
8 7 312
8 8 0
8 9 586
8 10 672
8 11 412
8 12 855
8 13 26
8 14 724
8 15 248
8 16 508
8 17 391
8 18 221
8 19 578
8 20 451
8 21 252
8 22 625
8 23 639
8 24 39
8 25 382
8 26 317
8 27 234
8 28 659
8 29 208
8 30 261
8 31 286
8 32 89
8 33 362
8 34 813
8 35 137
8 36 410
8 37 861
8 38 185
8 39 458
8 40 909
8 41 233
8 42 506
8 43 957
8 44 281
8 45 554
8 46 1005
8 47 329
8 48 602
8 49 1053
8 50 209
9 0 795
9 1 486
9 2 261
9 3 395
9 4 508
9 5 464
9 6 247
9 7 274
9 8 586
9 9 0
9 10 534
9 11 274
9 12 473
9 13 612
9 14 508
9 15 516
9 16 78
9 17 373
9 18 365
9 19 378
9 20 313
9 21 512
9 22 39
9 23 413
9 24 547
9 25 382
9 26 447
9 27 352
9 28 521
9 29 378
9 30 503
9 31 300
9 32 675
9 33 224
9 34 419
9 35 627
9 36 176
9 37 371
9 38 579
9 39 128
9 40 323
9 41 627
9 42 176
9 43 371
9 44 675
9 45 224
9 46 419
9 47 723
9 48 272
9 49 467
9 50 795
10 0 881
10 1 330
10 2 347
10 3 577
10 4 26
10 5 742
10 6 313
10 7 360
10 8 672
10 9 534
10 10 0
10 11 260
10 12 387
10 13 698
10 14 52
10 15 794
10 16 456
10 17 651
10 18 451
10 19 656
10 20 221
10 21 694
10 22 521
10 23 691
10 24 633
10 25 564
10 26 629
10 27 438
10 28 13
10 29 464
10 30 781
10 31 386
10 32 761
10 33 310
10 34 141
10 35 809
10 36 358
10 37 189
10 38 857
10 39 406
10 40 237
10 41 905
10 42 454
10 43 285
10 44 953
10 45 502
10 46 333
10 47 1001
10 48 550
10 49 381
10 50 881
11 0 621
11 1 408
11 2 87
11 3 317
11 4 234
11 5 482
11 6 521
11 7 100
11 8 412
11 9 274
11 10 260
11 11 0
11 12 543
11 13 438
11 14 312
11 15 534
11 16 196
11 17 391
11 18 191
11 19 396
11 20 39
11 21 434
11 22 313
11 23 431
11 24 373
11 25 304
11 26 369
11 27 178
11 28 247
11 29 204
11 30 521
11 31 126
11 32 501
11 33 50
11 34 401
11 35 549
11 36 98
11 37 449
11 38 597
11 39 146
11 40 497
11 41 645
11 42 194
11 43 545
11 44 693
11 45 242
11 46 593
11 47 741
11 48 290
11 49 641
11 50 621
12 0 1064
12 1 339
12 2 530
12 3 664
12 4 413
12 5 733
12 6 226
12 7 543
12 8 855
12 9 473
12 10 387
12 11 543
12 12 0
12 13 881
12 14 335
12 15 785
12 16 447
12 17 642
12 18 634
12 19 551
12 20 582
12 21 781
12 22 434
12 23 586
12 24 816
12 25 651
12 26 716
12 27 621
12 28 400
12 29 647
12 30 772
12 31 569
12 32 944
12 33 493
12 34 246
12 35 896
12 36 445
12 37 198
12 38 848
12 39 397
12 40 150
12 41 800
12 42 349
12 43 102
12 44 848
12 45 397
12 46 150
12 47 896
12 48 445
12 49 198
12 50 1064
13 0 183
13 1 746
13 2 351
13 3 343
13 4 672
13 5 274
13 6 859
13 7 338
13 8 26
13 9 612
13 10 698
13 11 438
13 12 881
13 13 0
13 14 750
13 15 222
13 16 534
13 17 365
13 18 247
13 19 552
13 20 477
13 21 226
13 22 651
13 23 613
13 24 65
13 25 356
13 26 291
13 27 260
13 28 685
13 29 234
13 30 235
13 31 312
13 32 63
13 33 388
13 34 839
13 35 111
13 36 436
13 37 887
13 38 159
13 39 484
13 40 935
13 41 207
13 42 532
13 43 983
13 44 255
13 45 580
13 46 1031
13 47 303
13 48 628
13 49 1079
13 50 183
14 0 933
14 1 278
14 2 399
14 3 629
14 4 78
14 5 794
14 6 261
14 7 412
14 8 724
14 9 508
14 10 52
14 11 312
14 12 335
14 13 750
14 14 0
14 15 846
14 16 508
14 17 703
14 18 503
14 19 708
14 20 273
14 21 746
14 22 469
14 23 743
14 24 685
14 25 616
14 26 681
14 27 490
14 28 65
14 29 516
14 30 833
14 31 438
14 32 813
14 33 362
14 34 89
14 35 861
14 36 410
14 37 137
14 38 909
14 39 458
14 40 185
14 41 957
14 42 506
14 43 233
14 44 1005
14 45 554
14 46 281
14 47 1053
14 48 602
14 49 329
14 50 933
15 0 279
15 1 746
15 2 521
15 3 343
15 4 768
15 5 52
15 6 763
15 7 534
15 8 248
15 9 516
15 10 794
15 11 534
15 12 785
15 13 222
15 14 846
15 15 0
15 16 438
15 17 143
15 18 469
15 19 456
15 20 573
15 21 226
15 22 555
15 23 517
15 24 287
15 25 356
15 26 291
15 27 482
15 28 781
15 29 456
15 30 13
15 31 534
15 32 159
15 33 484
15 34 935
15 35 111
15 36 436
15 37 887
15 38 63
15 39 388
15 40 839
15 41 111
15 42 436
15 43 887
15 44 159
15 45 484
15 46 935
15 47 207
15 48 532
15 49 983
15 50 279
16 0 717
16 1 408
16 2 183
16 3 317
16 4 430
16 5 386
16 6 325
16 7 196
16 8 508
16 9 78
16 10 456
16 11 196
16 12 447
16 13 534
16 14 508
16 15 438
16 16 0
16 17 295
16 18 287
16 19 300
16 20 235
16 21 434
16 22 117
16 23 335
16 24 469
16 25 304
16 26 369
16 27 274
16 28 443
16 29 300
16 30 425
16 31 222
16 32 597
16 33 146
16 34 497
16 35 549
16 36 98
16 37 449
16 38 501
16 39 50
16 40 401
16 41 549
16 42 98
16 43 449
16 44 597
16 45 146
16 46 497
16 47 645
16 48 194
16 49 545
16 50 717
17 0 422
17 1 603
17 2 378
17 3 486
17 4 625
17 5 91
17 6 620
17 7 391
17 8 391
17 9 373
17 10 651
17 11 391
17 12 642
17 13 365
17 14 703
17 15 143
17 16 295
17 17 0
17 18 482
17 19 495
17 20 430
17 21 369
17 22 412
17 23 530
17 24 430
17 25 499
17 26 434
17 27 469
17 28 638
17 29 495
17 30 130
17 31 417
17 32 302
17 33 341
17 34 792
17 35 254
17 36 293
17 37 744
17 38 206
17 39 245
17 40 696
17 41 254
17 42 293
17 43 744
17 44 302
17 45 341
17 46 792
17 47 350
17 48 389
17 49 840
17 50 422
18 0 430
18 1 499
18 2 104
18 3 408
18 4 425
18 5 521
18 6 612
18 7 91
18 8 221
18 9 365
18 10 451
18 11 191
18 12 634
18 13 247
18 14 503
18 15 469
18 16 287
18 17 482
18 18 0
18 19 487
18 20 230
18 21 473
18 22 404
18 23 522
18 24 182
18 25 395
18 26 460
18 27 13
18 28 438
18 29 13
18 30 482
18 31 65
18 32 310
18 33 141
18 34 592
18 35 358
18 36 189
18 37 640
18 38 406
18 39 237
18 40 688
18 41 454
18 42 285
18 43 736
18 44 502
18 45 333
18 46 784
18 47 550
18 48 381
18 49 832
18 50 430
19 0 609
19 1 608
19 2 383
19 3 517
19 4 630
19 5 508
19 6 625
19 7 396
19 8 578
19 9 378
19 10 656
19 11 396
19 12 551
19 13 552
19 14 708
19 15 456
19 16 300
19 17 495
19 18 487
19 19 0
19 20 435
19 21 556
19 22 417
19 23 343
19 24 617
19 25 504
19 26 569
19 27 474
19 28 643
19 29 500
19 30 469
19 31 422
19 32 489
19 33 346
19 34 797
19 35 441
19 36 298
19 37 749
19 38 393
19 39 250
19 40 701
19 41 345
19 42 202
19 43 653
19 44 297
19 45 154
19 46 605
19 47 345
19 48 202
19 49 653
19 50 609
20 0 660
20 1 447
20 2 126
20 3 356
20 4 195
20 5 521
20 6 534
20 7 139
20 8 451
20 9 313
20 10 221
20 11 39
20 12 582
20 13 477
20 14 273
20 15 573
20 16 235
20 17 430
20 18 230
20 19 435
20 20 0
20 21 473
20 22 352
20 23 470
20 24 412
20 25 343
20 26 408
20 27 217
20 28 208
20 29 243
20 30 560
20 31 165
20 32 540
20 33 89
20 34 362
20 35 588
20 36 137
20 37 410
20 38 636
20 39 185
20 40 458
20 41 684
20 42 233
20 43 506
20 44 732
20 45 281
20 46 554
20 47 780
20 48 329
20 49 602
20 50 660
21 0 283
21 1 646
21 2 421
21 3 117
21 4 668
21 5 278
21 6 759
21 7 434
21 8 252
21 9 512
21 10 694
21 11 434
21 12 781
21 13 226
21 14 746
21 15 226
21 16 434
21 17 369
21 18 473
21 19 556
21 20 473
21 21 0
21 22 551
21 23 617
21 24 291
21 25 130
21 26 65
21 27 486
21 28 681
21 29 460
21 30 239
21 31 460
21 32 163
21 33 384
21 34 835
21 35 115
21 36 336
21 37 787
21 38 163
21 39 384
21 40 835
21 41 211
21 42 432
21 43 883
21 44 259
21 45 480
21 46 931
21 47 307
21 48 528
21 49 979
21 50 283
22 0 834
22 1 473
22 2 300
22 3 434
22 4 547
22 5 503
22 6 208
22 7 313
22 8 625
22 9 39
22 10 521
22 11 313
22 12 434
22 13 651
22 14 469
22 15 555
22 16 117
22 17 412
22 18 404
22 19 417
22 20 352
22 21 551
22 22 0
22 23 452
22 24 586
22 25 421
22 26 486
22 27 391
22 28 534
22 29 417
22 30 542
22 31 339
22 32 714
22 33 263
22 34 380
22 35 666
22 36 215
22 37 332
22 38 618
22 39 167
22 40 284
22 41 666
22 42 215
22 43 332
22 44 714
22 45 263
22 46 380
22 47 762
22 48 311
22 49 428
22 50 834
23 0 670
23 1 643
23 2 418
23 3 552
23 4 665
23 5 569
23 6 660
23 7 431
23 8 639
23 9 413
23 10 691
23 11 431
23 12 586
23 13 613
23 14 743
23 15 517
23 16 335
23 17 530
23 18 522
23 19 343
23 20 470
23 21 617
23 22 452
23 23 0
23 24 678
23 25 539
23 26 604
23 27 509
23 28 678
23 29 535
23 30 530
23 31 457
23 32 550
23 33 381
23 34 832
23 35 502
23 36 333
23 37 784
23 38 454
23 39 285
23 40 736
23 41 406
23 42 237
23 43 688
23 44 358
23 45 189
23 46 640
23 47 310
23 48 141
23 49 592
23 50 670
24 0 248
24 1 681
24 2 286
24 3 408
24 4 607
24 5 339
24 6 794
24 7 273
24 8 39
24 9 547
24 10 633
24 11 373
24 12 816
24 13 65
24 14 685
24 15 287
24 16 469
24 17 430
24 18 182
24 19 617
24 20 412
24 21 291
24 22 586
24 23 678
24 24 0
24 25 421
24 26 356
24 27 195
24 28 620
24 29 169
24 30 300
24 31 247
24 32 128
24 33 323
24 34 774
24 35 176
24 36 371
24 37 822
24 38 224
24 39 419
24 40 870
24 41 272
24 42 467
24 43 918
24 44 320
24 45 515
24 46 966
24 47 368
24 48 563
24 49 1014
24 50 248
25 0 413
25 1 516
25 2 291
25 3 13
25 4 538
25 5 408
25 6 629
25 7 304
25 8 382
25 9 382
25 10 564
25 11 304
25 12 651
25 13 356
25 14 616
25 15 356
25 16 304
25 17 499
25 18 395
25 19 504
25 20 343
25 21 130
25 22 421
25 23 539
25 24 421
25 25 0
25 26 65
25 27 382
25 28 551
25 29 408
25 30 369
25 31 330
25 32 293
25 33 254
25 34 705
25 35 245
25 36 206
25 37 657
25 38 293
25 39 254
25 40 705
25 41 341
25 42 302
25 43 753
25 44 389
25 45 350
25 46 801
25 47 437
25 48 398
25 49 849
25 50 413
26 0 348
26 1 581
26 2 356
26 3 52
26 4 603
26 5 343
26 6 694
26 7 369
26 8 317
26 9 447
26 10 629
26 11 369
26 12 716
26 13 291
26 14 681
26 15 291
26 16 369
26 17 434
26 18 460
26 19 569
26 20 408
26 21 65
26 22 486
26 23 604
26 24 356
26 25 65
26 26 0
26 27 447
26 28 616
26 29 473
26 30 304
26 31 395
26 32 228
26 33 319
26 34 770
26 35 180
26 36 271
26 37 722
26 38 228
26 39 319
26 40 770
26 41 276
26 42 367
26 43 818
26 44 324
26 45 415
26 46 866
26 47 372
26 48 463
26 49 914
26 50 348
27 0 443
27 1 486
27 2 91
27 3 395
27 4 412
27 5 534
27 6 599
27 7 78
27 8 234
27 9 352
27 10 438
27 11 178
27 12 621
27 13 260
27 14 490
27 15 482
27 16 274
27 17 469
27 18 13
27 19 474
27 20 217
27 21 486
27 22 391
27 23 509
27 24 195
27 25 382
27 26 447
27 27 0
27 28 425
27 29 26
27 30 495
27 31 52
27 32 323
27 33 128
27 34 579
27 35 371
27 36 176
27 37 627
27 38 419
27 39 224
27 40 675
27 41 467
27 42 272
27 43 723
27 44 515
27 45 320
27 46 771
27 47 563
27 48 368
27 49 819
27 50 443
28 0 868
28 1 343
28 2 334
28 3 564
28 4 13
28 5 729
28 6 326
28 7 347
28 8 659
28 9 521
28 10 13
28 11 247
28 12 400
28 13 685
28 14 65
28 15 781
28 16 443
28 17 638
28 18 438
28 19 643
28 20 208
28 21 681
28 22 534
28 23 678
28 24 620
28 25 551
28 26 616
28 27 425
28 28 0
28 29 451
28 30 768
28 31 373
28 32 748
28 33 297
28 34 154
28 35 796
28 36 345
28 37 202
28 38 844
28 39 393
28 40 250
28 41 892
28 42 441
28 43 298
28 44 940
28 45 489
28 46 346
28 47 988
28 48 537
28 49 394
28 50 868
29 0 417
29 1 512
29 2 117
29 3 421
29 4 438
29 5 508
29 6 625
29 7 104
29 8 208
29 9 378
29 10 464
29 11 204
29 12 647
29 13 234
29 14 516
29 15 456
29 16 300
29 17 495
29 18 13
29 19 500
29 20 243
29 21 460
29 22 417
29 23 535
29 24 169
29 25 408
29 26 473
29 27 26
29 28 451
29 29 0
29 30 469
29 31 78
29 32 297
29 33 154
29 34 605
29 35 345
29 36 202
29 37 653
29 38 393
29 39 250
29 40 701
29 41 441
29 42 298
29 43 749
29 44 489
29 45 346
29 46 797
29 47 537
29 48 394
29 49 845
29 50 417
30 0 292
30 1 733
30 2 508
30 3 356
30 4 755
30 5 39
30 6 750
30 7 521
30 8 261
30 9 503
30 10 781
30 11 521
30 12 772
30 13 235
30 14 833
30 15 13
30 16 425
30 17 130
30 18 482
30 19 469
30 20 560
30 21 239
30 22 542
30 23 530
30 24 300
30 25 369
30 26 304
30 27 495
30 28 768
30 29 469
30 30 0
30 31 547
30 32 172
30 33 471
30 34 922
30 35 124
30 36 423
30 37 874
30 38 76
30 39 375
30 40 826
30 41 124
30 42 423
30 43 874
30 44 172
30 45 471
30 46 922
30 47 220
30 48 519
30 49 970
30 50 292
31 0 495
31 1 434
31 2 39
31 3 343
31 4 360
31 5 508
31 6 547
31 7 26
31 8 286
31 9 300
31 10 386
31 11 126
31 12 569
31 13 312
31 14 438
31 15 534
31 16 222
31 17 417
31 18 65
31 19 422
31 20 165
31 21 460
31 22 339
31 23 457
31 24 247
31 25 330
31 26 395
31 27 52
31 28 373
31 29 78
31 30 547
31 31 0
31 32 375
31 33 76
31 34 527
31 35 423
31 36 124
31 37 575
31 38 471
31 39 172
31 40 623
31 41 519
31 42 220
31 43 671
31 44 567
31 45 268
31 46 719
31 47 615
31 48 316
31 49 767
31 50 495
32 0 120
32 1 809
32 2 414
32 3 280
32 4 735
32 5 211
32 6 922
32 7 401
32 8 89
32 9 675
32 10 761
32 11 501
32 12 944
32 13 63
32 14 813
32 15 159
32 16 597
32 17 302
32 18 310
32 19 489
32 20 540
32 21 163
32 22 714
32 23 550
32 24 128
32 25 293
32 26 228
32 27 323
32 28 748
32 29 297
32 30 172
32 31 375
32 32 0
32 33 451
32 34 902
32 35 48
32 36 499
32 37 950
32 38 96
32 39 547
32 40 998
32 41 144
32 42 595
32 43 1046
32 44 192
32 45 643
32 46 1094
32 47 240
32 48 691
32 49 1142
32 50 120
33 0 571
33 1 358
33 2 37
33 3 267
33 4 284
33 5 432
33 6 471
33 7 50
33 8 362
33 9 224
33 10 310
33 11 50
33 12 493
33 13 388
33 14 362
33 15 484
33 16 146
33 17 341
33 18 141
33 19 346
33 20 89
33 21 384
33 22 263
33 23 381
33 24 323
33 25 254
33 26 319
33 27 128
33 28 297
33 29 154
33 30 471
33 31 76
33 32 451
33 33 0
33 34 451
33 35 499
33 36 48
33 37 499
33 38 547
33 39 96
33 40 547
33 41 595
33 42 144
33 43 595
33 44 643
33 45 192
33 46 643
33 47 691
33 48 240
33 49 691
33 50 571
34 0 1022
34 1 189
34 2 488
34 3 718
34 4 167
34 5 883
34 6 172
34 7 501
34 8 813
34 9 419
34 10 141
34 11 401
34 12 246
34 13 839
34 14 89
34 15 935
34 16 497
34 17 792
34 18 592
34 19 797
34 20 362
34 21 835
34 22 380
34 23 832
34 24 774
34 25 705
34 26 770
34 27 579
34 28 154
34 29 605
34 30 922
34 31 527
34 32 902
34 33 451
34 34 0
34 35 950
34 36 499
34 37 48
34 38 998
34 39 547
34 40 96
34 41 1046
34 42 595
34 43 144
34 44 1094
34 45 643
34 46 192
34 47 1142
34 48 691
34 49 240
34 50 1022
35 0 168
35 1 761
35 2 462
35 3 232
35 4 783
35 5 163
35 6 874
35 7 449
35 8 137
35 9 627
35 10 809
35 11 549
35 12 896
35 13 111
35 14 861
35 15 111
35 16 549
35 17 254
35 18 358
35 19 441
35 20 588
35 21 115
35 22 666
35 23 502
35 24 176
35 25 245
35 26 180
35 27 371
35 28 796
35 29 345
35 30 124
35 31 423
35 32 48
35 33 499
35 34 950
35 35 0
35 36 451
35 37 902
35 38 48
35 39 499
35 40 950
35 41 96
35 42 547
35 43 998
35 44 144
35 45 595
35 46 1046
35 47 192
35 48 643
35 49 1094
35 50 168
36 0 619
36 1 310
36 2 85
36 3 219
36 4 332
36 5 384
36 6 423
36 7 98
36 8 410
36 9 176
36 10 358
36 11 98
36 12 445
36 13 436
36 14 410
36 15 436
36 16 98
36 17 293
36 18 189
36 19 298
36 20 137
36 21 336
36 22 215
36 23 333
36 24 371
36 25 206
36 26 271
36 27 176
36 28 345
36 29 202
36 30 423
36 31 124
36 32 499
36 33 48
36 34 499
36 35 451
36 36 0
36 37 451
36 38 499
36 39 48
36 40 499
36 41 547
36 42 96
36 43 547
36 44 595
36 45 144
36 46 595
36 47 643
36 48 192
36 49 643
36 50 619
37 0 1070
37 1 141
37 2 536
37 3 670
37 4 215
37 5 835
37 6 124
37 7 549
37 8 861
37 9 371
37 10 189
37 11 449
37 12 198
37 13 887
37 14 137
37 15 887
37 16 449
37 17 744
37 18 640
37 19 749
37 20 410
37 21 787
37 22 332
37 23 784
37 24 822
37 25 657
37 26 722
37 27 627
37 28 202
37 29 653
37 30 874
37 31 575
37 32 950
37 33 499
37 34 48
37 35 902
37 36 451
37 37 0
37 38 950
37 39 499
37 40 48
37 41 998
37 42 547
37 43 96
37 44 1046
37 45 595
37 46 144
37 47 1094
37 48 643
37 49 192
37 50 1070
38 0 216
38 1 809
38 2 510
38 3 280
38 4 831
38 5 115
38 6 826
38 7 497
38 8 185
38 9 579
38 10 857
38 11 597
38 12 848
38 13 159
38 14 909
38 15 63
38 16 501
38 17 206
38 18 406
38 19 393
38 20 636
38 21 163
38 22 618
38 23 454
38 24 224
38 25 293
38 26 228
38 27 419
38 28 844
38 29 393
38 30 76
38 31 471
38 32 96
38 33 547
38 34 998
38 35 48
38 36 499
38 37 950
38 38 0
38 39 451
38 40 902
38 41 48
38 42 499
38 43 950
38 44 96
38 45 547
38 46 998
38 47 144
38 48 595
38 49 1046
38 50 216
39 0 667
39 1 358
39 2 133
39 3 267
39 4 380
39 5 336
39 6 375
39 7 146
39 8 458
39 9 128
39 10 406
39 11 146
39 12 397
39 13 484
39 14 458
39 15 388
39 16 50
39 17 245
39 18 237
39 19 250
39 20 185
39 21 384
39 22 167
39 23 285
39 24 419
39 25 254
39 26 319
39 27 224
39 28 393
39 29 250
39 30 375
39 31 172
39 32 547
39 33 96
39 34 547
39 35 499
39 36 48
39 37 499
39 38 451
39 39 0
39 40 451
39 41 499
39 42 48
39 43 499
39 44 547
39 45 96
39 46 547
39 47 595
39 48 144
39 49 595
39 50 667
40 0 1118
40 1 189
40 2 584
40 3 718
40 4 263
40 5 787
40 6 76
40 7 597
40 8 909
40 9 323
40 10 237
40 11 497
40 12 150
40 13 935
40 14 185
40 15 839
40 16 401
40 17 696
40 18 688
40 19 701
40 20 458
40 21 835
40 22 284
40 23 736
40 24 870
40 25 705
40 26 770
40 27 675
40 28 250
40 29 701
40 30 826
40 31 623
40 32 998
40 33 547
40 34 96
40 35 950
40 36 499
40 37 48
40 38 902
40 39 451
40 40 0
40 41 950
40 42 499
40 43 48
40 44 998
40 45 547
40 46 96
40 47 1046
40 48 595
40 49 144
40 50 1118
41 0 264
41 1 857
41 2 558
41 3 328
41 4 879
41 5 163
41 6 874
41 7 545
41 8 233
41 9 627
41 10 905
41 11 645
41 12 800
41 13 207
41 14 957
41 15 111
41 16 549
41 17 254
41 18 454
41 19 345
41 20 684
41 21 211
41 22 666
41 23 406
41 24 272
41 25 341
41 26 276
41 27 467
41 28 892
41 29 441
41 30 124
41 31 519
41 32 144
41 33 595
41 34 1046
41 35 96
41 36 547
41 37 998
41 38 48
41 39 499
41 40 950
41 41 0
41 42 451
41 43 902
41 44 48
41 45 499
41 46 950
41 47 96
41 48 547
41 49 998
41 50 264
42 0 715
42 1 406
42 2 181
42 3 315
42 4 428
42 5 384
42 6 423
42 7 194
42 8 506
42 9 176
42 10 454
42 11 194
42 12 349
42 13 532
42 14 506
42 15 436
42 16 98
42 17 293
42 18 285
42 19 202
42 20 233
42 21 432
42 22 215
42 23 237
42 24 467
42 25 302
42 26 367
42 27 272
42 28 441
42 29 298
42 30 423
42 31 220
42 32 595
42 33 144
42 34 595
42 35 547
42 36 96
42 37 547
42 38 499
42 39 48
42 40 499
42 41 451
42 42 0
42 43 451
42 44 499
42 45 48
42 46 499
42 47 547
42 48 96
42 49 547
42 50 715
43 0 1166
43 1 237
43 2 632
43 3 766
43 4 311
43 5 835
43 6 124
43 7 645
43 8 957
43 9 371
43 10 285
43 11 545
43 12 102
43 13 983
43 14 233
43 15 887
43 16 449
43 17 744
43 18 736
43 19 653
43 20 506
43 21 883
43 22 332
43 23 688
43 24 918
43 25 753
43 26 818
43 27 723
43 28 298
43 29 749
43 30 874
43 31 671
43 32 1046
43 33 595
43 34 144
43 35 998
43 36 547
43 37 96
43 38 950
43 39 499
43 40 48
43 41 902
43 42 451
43 43 0
43 44 950
43 45 499
43 46 48
43 47 998
43 48 547
43 49 96
43 50 1166
44 0 312
44 1 905
44 2 606
44 3 376
44 4 927
44 5 211
44 6 922
44 7 593
44 8 281
44 9 675
44 10 953
44 11 693
44 12 848
44 13 255
44 14 1005
44 15 159
44 16 597
44 17 302
44 18 502
44 19 297
44 20 732
44 21 259
44 22 714
44 23 358
44 24 320
44 25 389
44 26 324
44 27 515
44 28 940
44 29 489
44 30 172
44 31 567
44 32 192
44 33 643
44 34 1094
44 35 144
44 36 595
44 37 1046
44 38 96
44 39 547
44 40 998
44 41 48
44 42 499
44 43 950
44 44 0
44 45 451
44 46 902
44 47 48
44 48 499
44 49 950
44 50 312
45 0 763
45 1 454
45 2 229
45 3 363
45 4 476
45 5 432
45 6 471
45 7 242
45 8 554
45 9 224
45 10 502
45 11 242
45 12 397
45 13 580
45 14 554
45 15 484
45 16 146
45 17 341
45 18 333
45 19 154
45 20 281
45 21 480
45 22 263
45 23 189
45 24 515
45 25 350
45 26 415
45 27 320
45 28 489
45 29 346
45 30 471
45 31 268
45 32 643
45 33 192
45 34 643
45 35 595
45 36 144
45 37 595
45 38 547
45 39 96
45 40 547
45 41 499
45 42 48
45 43 499
45 44 451
45 45 0
45 46 451
45 47 499
45 48 48
45 49 499
45 50 763
46 0 1214
46 1 285
46 2 680
46 3 814
46 4 359
46 5 883
46 6 172
46 7 693
46 8 1005
46 9 419
46 10 333
46 11 593
46 12 150
46 13 1031
46 14 281
46 15 935
46 16 497
46 17 792
46 18 784
46 19 605
46 20 554
46 21 931
46 22 380
46 23 640
46 24 966
46 25 801
46 26 866
46 27 771
46 28 346
46 29 797
46 30 922
46 31 719
46 32 1094
46 33 643
46 34 192
46 35 1046
46 36 595
46 37 144
46 38 998
46 39 547
46 40 96
46 41 950
46 42 499
46 43 48
46 44 902
46 45 451
46 46 0
46 47 950
46 48 499
46 49 48
46 50 1214
47 0 360
47 1 953
47 2 654
47 3 424
47 4 975
47 5 259
47 6 970
47 7 641
47 8 329
47 9 723
47 10 1001
47 11 741
47 12 896
47 13 303
47 14 1053
47 15 207
47 16 645
47 17 350
47 18 550
47 19 345
47 20 780
47 21 307
47 22 762
47 23 310
47 24 368
47 25 437
47 26 372
47 27 563
47 28 988
47 29 537
47 30 220
47 31 615
47 32 240
47 33 691
47 34 1142
47 35 192
47 36 643
47 37 1094
47 38 144
47 39 595
47 40 1046
47 41 96
47 42 547
47 43 998
47 44 48
47 45 499
47 46 950
47 47 0
47 48 451
47 49 902
47 50 360
48 0 811
48 1 502
48 2 277
48 3 411
48 4 524
48 5 480
48 6 519
48 7 290
48 8 602
48 9 272
48 10 550
48 11 290
48 12 445
48 13 628
48 14 602
48 15 532
48 16 194
48 17 389
48 18 381
48 19 202
48 20 329
48 21 528
48 22 311
48 23 141
48 24 563
48 25 398
48 26 463
48 27 368
48 28 537
48 29 394
48 30 519
48 31 316
48 32 691
48 33 240
48 34 691
48 35 643
48 36 192
48 37 643
48 38 595
48 39 144
48 40 595
48 41 547
48 42 96
48 43 547
48 44 499
48 45 48
48 46 499
48 47 451
48 48 0
48 49 451
48 50 811
49 0 1262
49 1 333
49 2 728
49 3 862
49 4 407
49 5 931
49 6 220
49 7 741
49 8 1053
49 9 467
49 10 381
49 11 641
49 12 198
49 13 1079
49 14 329
49 15 983
49 16 545
49 17 840
49 18 832
49 19 653
49 20 602
49 21 979
49 22 428
49 23 592
49 24 1014
49 25 849
49 26 914
49 27 819
49 28 394
49 29 845
49 30 970
49 31 767
49 32 1142
49 33 691
49 34 240
49 35 1094
49 36 643
49 37 192
49 38 1046
49 39 595
49 40 144
49 41 998
49 42 547
49 43 96
49 44 950
49 45 499
49 46 48
49 47 902
49 48 451
49 49 0
49 50 1262
50 0 0
50 1 929
50 2 534
50 3 400
50 4 855
50 5 331
50 6 1042
50 7 521
50 8 209
50 9 795
50 10 881
50 11 621
50 12 1064
50 13 183
50 14 933
50 15 279
50 16 717
50 17 422
50 18 430
50 19 609
50 20 660
50 21 283
50 22 834
50 23 670
50 24 248
50 25 413
50 26 348
50 27 443
50 28 868
50 29 417
50 30 292
50 31 495
50 32 120
50 33 571
50 34 1022
50 35 168
50 36 619
50 37 1070
50 38 216
50 39 667
50 40 1118
50 41 264
50 42 715
50 43 1166
50 44 312
50 45 763
50 46 1214
50 47 360
50 48 811
50 49 1262
50 50 0
//Location coordinates LocationName
//Loc x y
0 0.0 0.0 "depot"
1 48.0 881.0 "product aisle 1 bloc 1 rank 43"
2 0.0 534.0 "product aisle 0 bloc 0 rank 59"
3 48.0 352.0 "product aisle 1 bloc 0 rank 32"
4 0.0 855.0 "product aisle 0 bloc 1 rank 39"
5 96.0 235.0 "product aisle 2 bloc 0 rank 14"
6 96.0 946.0 "product aisle 2 bloc 1 rank 53"
7 0.0 521.0 "product aisle 0 bloc 0 rank 58"
8 0.0 209.0 "product aisle 0 bloc 0 rank 10"
9 96.0 699.0 "product aisle 2 bloc 1 rank 15"
10 0.0 881.0 "product aisle 0 bloc 1 rank 44"
11 0.0 621.0 "product aisle 0 bloc 1 rank 3"
12 144.0 920.0 "product aisle 3 bloc 1 rank 49"
13 0.0 183.0 "product aisle 0 bloc 0 rank 5"
14 0.0 933.0 "product aisle 0 bloc 1 rank 52"
15 96.0 183.0 "product aisle 2 bloc 0 rank 6"
16 96.0 621.0 "product aisle 2 bloc 1 rank 3"
17 96.0 326.0 "product aisle 2 bloc 0 rank 28"
18 0.0 430.0 "product aisle 0 bloc 0 rank 43"
19 192.0 417.0 "product aisle 4 bloc 0 rank 42"
20 0.0 660.0 "product aisle 0 bloc 1 rank 10"
21 48.0 235.0 "product aisle 1 bloc 0 rank 13"
22 96.0 738.0 "product aisle 2 bloc 1 rank 22"
23 240.0 430.0 "product aisle 5 bloc 0 rank 44"
24 0.0 248.0 "product aisle 0 bloc 0 rank 15"
25 48.0 365.0 "product aisle 1 bloc 0 rank 34"
26 48.0 300.0 "product aisle 1 bloc 0 rank 23"
27 0.0 443.0 "product aisle 0 bloc 0 rank 45"
28 0.0 868.0 "product aisle 0 bloc 1 rank 42"
29 0.0 417.0 "product aisle 0 bloc 0 rank 42"
30 96.0 196.0 "product aisle 2 bloc 0 rank 7"
31 0.0 495.0 "product aisle 0 bloc 0 rank 53"
32 24.0 120.0 "intersection aisle 0 bloc 0 rank 0"
33 24.0 571.0 "intersection aisle 0 bloc 1 rank 1"
34 24.0 1022.0 "intersection aisle 0 bloc 2 rank 2"
35 72.0 120.0 "intersection aisle 1 bloc 0 rank 0"
36 72.0 571.0 "intersection aisle 1 bloc 1 rank 1"
37 72.0 1022.0 "intersection aisle 1 bloc 2 rank 2"
38 120.0 120.0 "intersection aisle 2 bloc 0 rank 0"
39 120.0 571.0 "intersection aisle 2 bloc 1 rank 1"
40 120.0 1022.0 "intersection aisle 2 bloc 2 rank 2"
41 168.0 120.0 "intersection aisle 3 bloc 0 rank 0"
42 168.0 571.0 "intersection aisle 3 bloc 1 rank 1"
43 168.0 1022.0 "intersection aisle 3 bloc 2 rank 2"
44 216.0 120.0 "intersection aisle 4 bloc 0 rank 0"
45 216.0 571.0 "intersection aisle 4 bloc 1 rank 1"
46 216.0 1022.0 "intersection aisle 4 bloc 2 rank 2"
47 264.0 120.0 "intersection aisle 5 bloc 0 rank 0"
48 264.0 571.0 "intersection aisle 5 bloc 1 rank 1"
49 264.0 1022.0 "intersection aisle 5 bloc 2 rank 2"
50 0.0 0.0 "depot"
