//alpha
1
//NbLocations
63
//NbProducts
26
//NbPickers
2
//CapaPicker
4
//TimeToTravelOneDistanceUnit
3
//SetupTime
5400
//PickTime
300
//Products
//Idx Location Size
1 1 1
2 2 1
3 3 1
4 4 1
5 5 1
6 6 1
7 7 1
8 8 1
9 9 1
10 10 1
11 11 1
12 12 1
13 13 1
14 14 1
15 15 1
16 16 1
17 17 1
18 18 1
19 19 1
20 20 1
21 21 1
22 22 1
23 23 1
24 24 1
25 25 1
26 26 1
//Orders
//NbOrders
12
//Idx DueDate TardinessPenalty NbProdInOrder ProdIdx1 Qty1 ProdIdx2 Qty2 ...
1 108000 0 1 1 1
2 126000 0 1 2 1
3 72000 0 2 3 1 4 1
4 36000 0 1 5 1
5 54000 0 3 6 1 7 1 8 1
6 90000 0 1 9 1
7 108000 0 3 10 1 11 1 12 1
8 108000 0 2 13 1 14 1
9 144000 0 1 15 1
10 90000 0 4 16 1 17 1 18 1 19 1
11 72000 0 3 20 1 21 1 22 1
12 90000 0 4 23 1 24 1 25 1 26 1
//Graph (Products are vertices indexed from 1 to NbProducts)
//NbVerticesIntersections
36
//DepartingDepot
0
//ArrivalDepot
63
//Arcs
//Start End Distance
0 27 120
1 8 130
1 19 312
2 25 13
2 44 700
3 4 65
3 39 115
4 3 65
4 40 661
5 6 91
5 9 169
6 5 91
6 31 50
7 21 364
7 26 143
8 1 130
8 28 349
9 5 169
9 32 531
10 18 65
10 49 180
11 25 39
11 43 89
12 40 102
12 41 739
13 33 765
13 34 76
14 17 455
14 27 37
15 16 91
15 35 596
16 15 91
16 34 154
17 14 455
17 28 349
18 10 65
18 48 596
19 1 312
19 29 50
20 37 570
20 38 271
21 7 364
21 24 143
22 60 661
22 61 180
23 42 518
23 43 323
24 21 143
24 30 76
25 2 13
25 11 39
26 7 143
26 31 115
27 14 37
27 30 48
27 63 120
28 8 349
28 17 349
28 31 48
29 19 50
29 32 48
30 24 76
30 27 48
30 33 48
31 6 50
31 26 115
31 28 48
31 34 48
32 9 531
32 29 48
32 35 48
33 13 765
33 30 48
33 36 48
34 13 76
34 16 154
34 31 48
34 37 48
35 15 596
35 32 48
35 38 48
36 33 48
36 37 841
36 39 48
37 20 570
37 34 48
37 36 841
37 40 48
38 20 271
38 35 48
38 41 48
39 3 115
39 36 48
39 42 48
40 4 661
40 12 102
40 37 48
40 43 48
41 12 739
41 38 48
41 44 48
42 23 518
42 39 48
42 45 48
43 11 89
43 23 323
43 40 48
43 46 48
44 2 700
44 41 48
44 47 48
45 42 48
45 46 841
45 48 48
46 43 48
46 45 841
46 47 841
46 49 48
47 44 48
47 46 841
47 50 48
48 18 596
48 45 48
48 51 48
49 10 180
49 46 48
49 50 841
49 52 48
50 47 48
50 49 841
50 53 48
51 48 48
51 52 841
51 54 48
52 49 48
52 51 841
52 53 841
52 55 48
53 50 48
53 52 841
53 56 48
54 51 48
54 55 841
54 57 48
55 52 48
55 54 841
55 56 841
55 58 48
56 53 48
56 55 841
56 59 48
57 54 48
57 58 841
57 60 48
58 55 48
58 57 841
58 59 841
58 61 48
59 56 48
59 58 841
59 62 48
60 22 661
60 57 48
61 22 180
61 58 48
61 62 841
62 59 48
62 61 841
//LocStart LocEnd ShortestPath
0 0 0
0 1 1440
0 2 1342
0 3 427
0 4 492
0 5 1150
0 6 1059
0 7 751
0 8 1310
0 9 1319
0 10 1117
0 11 1290
0 12 1255
0 13 981
0 14 157
0 15 1302
0 16 1211
0 17 612
0 18 1052
0 19 1752
0 20 1675
0 21 387
0 22 1309
0 23 878
0 24 244
0 25 1329
0 26 894
0 27 120
0 28 961
0 29 1802
0 30 168
0 31 1009
0 32 1850
0 33 216
0 34 1057
0 35 1898
0 36 264
0 37 1105
0 38 1946
0 39 312
0 40 1153
0 41 1994
0 42 360
0 43 1201
0 44 2042
0 45 408
0 46 1249
0 47 2090
0 48 456
0 49 1297
0 50 2138
0 51 504
0 52 1345
0 53 2186
0 54 552
0 55 1393
0 56 2234
0 57 600
0 58 1441
0 59 2282
0 60 648
0 61 1489
0 62 2330
0 63 0
1 0 1440
1 1 0
1 2 860
1 3 1397
1 4 1332
1 5 668
1 6 577
1 7 785
1 8 130
1 9 837
1 10 995
1 11 808
1 12 773
1 13 651
1 14 1283
1 15 820
1 16 729
1 17 828
1 18 1060
1 19 312
1 20 777
1 21 1149
1 22 1187
1 23 1042
1 24 1292
1 25 847
1 26 642
1 27 1320
1 28 479
1 29 362
1 30 1368
1 31 527
1 32 410
1 33 1416
1 34 575
1 35 458
1 36 1464
1 37 623
1 38 506
1 39 1512
1 40 671
1 41 554
1 42 1560
1 43 719
1 44 602
1 45 1608
1 46 767
1 47 650
1 48 1656
1 49 815
1 50 698
1 51 1704
1 52 863
1 53 746
1 54 1752
1 55 911
1 56 794
1 57 1800
1 58 959
1 59 842
1 60 1848
1 61 1007
1 62 890
1 63 1440
2 0 1342
2 1 860
2 2 0
2 3 915
2 4 850
2 5 474
2 6 383
2 7 591
2 8 730
2 9 643
2 10 417
2 11 52
2 12 291
2 13 361
2 14 1185
2 15 530
2 16 439
2 17 730
2 18 482
2 19 990
2 20 807
2 21 955
2 22 609
2 23 464
2 24 1098
2 25 13
2 26 448
2 27 1222
2 28 381
2 29 940
2 30 1174
2 31 333
2 32 892
2 33 1126
2 34 285
2 35 844
2 36 1078
2 37 237
2 38 796
2 39 1030
2 40 189
2 41 748
2 42 982
2 43 141
2 44 700
2 45 1030
2 46 189
2 47 748
2 48 1078
2 49 237
2 50 796
2 51 1126
2 52 285
2 53 844
2 54 1174
2 55 333
2 56 892
2 57 1222
2 58 381
2 59 940
2 60 1270
2 61 429
2 62 988
2 63 1342
3 0 427
3 1 1397
3 2 915
3 3 0
3 4 65
3 5 1011
3 6 920
3 7 842
3 8 1267
3 9 1180
3 10 920
3 11 863
3 12 828
3 13 898
3 14 344
3 15 1067
3 16 976
3 17 799
3 18 855
3 19 1709
3 20 1344
3 21 478
3 22 1112
3 23 681
3 24 335
3 25 902
3 26 985
3 27 307
3 28 918
3 29 1759
3 30 259
3 31 870
3 32 1711
3 33 211
3 34 822
3 35 1663
3 36 163
3 37 774
3 38 1615
3 39 115
3 40 726
3 41 1567
3 42 163
3 43 774
3 44 1615
3 45 211
3 46 822
3 47 1663
3 48 259
3 49 870
3 50 1711
3 51 307
3 52 918
3 53 1759
3 54 355
3 55 966
3 56 1807
3 57 403
3 58 1014
3 59 1855
3 60 451
3 61 1062
3 62 1903
3 63 427
4 0 492
4 1 1332
4 2 850
4 3 65
4 4 0
4 5 946
4 6 855
4 7 907
4 8 1202
4 9 1115
4 10 985
4 11 798
4 12 763
4 13 833
4 14 409
4 15 1002
4 16 911
4 17 864
4 18 920
4 19 1644
4 20 1279
4 21 543
4 22 1177
4 23 746
4 24 400
4 25 837
4 26 920
4 27 372
4 28 853
4 29 1694
4 30 324
4 31 805
4 32 1646
4 33 276
4 34 757
4 35 1598
4 36 228
4 37 709
4 38 1550
4 39 180
4 40 661
4 41 1502
4 42 228
4 43 709
4 44 1550
4 45 276
4 46 757
4 47 1598
4 48 324
4 49 805
4 50 1646
4 51 372
4 52 853
4 53 1694
4 54 420
4 55 901
4 56 1742
4 57 468
4 58 949
4 59 1790
4 60 516
4 61 997
4 62 1838
4 63 492
5 0 1150
5 1 668
5 2 474
5 3 1011
5 4 946
5 5 0
5 6 91
5 7 399
5 8 538
5 9 169
5 10 609
5 11 422
5 12 387
5 13 265
5 14 993
5 15 434
5 16 343
5 17 538
5 18 674
5 19 798
5 20 807
5 21 763
5 22 801
5 23 656
5 24 906
5 25 461
5 26 256
5 27 1030
5 28 189
5 29 748
5 30 982
5 31 141
5 32 700
5 33 1030
5 34 189
5 35 748
5 36 1078
5 37 237
5 38 796
5 39 1126
5 40 285
5 41 844
5 42 1174
5 43 333
5 44 892
5 45 1222
5 46 381
5 47 940
5 48 1270
5 49 429
5 50 988
5 51 1318
5 52 477
5 53 1036
5 54 1366
5 55 525
5 56 1084
5 57 1414
5 58 573
5 59 1132
5 60 1462
5 61 621
5 62 1180
5 63 1150
6 0 1059
6 1 577
6 2 383
6 3 920
6 4 855
6 5 91
6 6 0
6 7 308
6 8 447
6 9 260
6 10 518
6 11 331
6 12 296
6 13 174
6 14 902
6 15 343
6 16 252
6 17 447
6 18 583
6 19 889
6 20 716
6 21 672
6 22 710
6 23 565
6 24 815
6 25 370
6 26 165
6 27 939
6 28 98
6 29 839
6 30 891
6 31 50
6 32 791
6 33 939
6 34 98
6 35 839
6 36 987
6 37 146
6 38 887
6 39 1035
6 40 194
6 41 935
6 42 1083
6 43 242
6 44 983
6 45 1131
6 46 290
6 47 1031
6 48 1179
6 49 338
6 50 1079
6 51 1227
6 52 386
6 53 1127
6 54 1275
6 55 434
6 56 1175
6 57 1323
6 58 482
6 59 1223
6 60 1371
6 61 530
6 62 1271
6 63 1059
7 0 751
7 1 785
7 2 591
7 3 842
7 4 907
7 5 399
7 6 308
7 7 0
7 8 655
7 9 568
7 10 726
7 11 539
7 12 504
7 13 382
7 14 668
7 15 551
7 16 460
7 17 655
7 18 791
7 19 1097
7 20 924
7 21 364
7 22 918
7 23 773
7 24 507
7 25 578
7 26 143
7 27 631
7 28 306
7 29 1147
7 30 583
7 31 258
7 32 1099
7 33 631
7 34 306
7 35 1147
7 36 679
7 37 354
7 38 1195
7 39 727
7 40 402
7 41 1243
7 42 775
7 43 450
7 44 1291
7 45 823
7 46 498
7 47 1339
7 48 871
7 49 546
7 50 1387
7 51 919
7 52 594
7 53 1435
7 54 967
7 55 642
7 56 1483
7 57 1015
7 58 690
7 59 1531
7 60 1063
7 61 738
7 62 1579
7 63 751
8 0 1310
8 1 130
8 2 730
8 3 1267
8 4 1202
8 5 538
8 6 447
8 7 655
8 8 0
8 9 707
8 10 865
8 11 678
8 12 643
8 13 521
8 14 1153
8 15 690
8 16 599
8 17 698
8 18 930
8 19 442
8 20 907
8 21 1019
8 22 1057
8 23 912
8 24 1162
8 25 717
8 26 512
8 27 1190
8 28 349
8 29 492
8 30 1238
8 31 397
8 32 540
8 33 1286
8 34 445
8 35 588
8 36 1334
8 37 493
8 38 636
8 39 1382
8 40 541
8 41 684
8 42 1430
8 43 589
8 44 732
8 45 1478
8 46 637
8 47 780
8 48 1526
8 49 685
8 50 828
8 51 1574
8 52 733
8 53 876
8 54 1622
8 55 781
8 56 924
8 57 1670
8 58 829
8 59 972
8 60 1718
8 61 877
8 62 1020
8 63 1310
9 0 1319
9 1 837
9 2 643
9 3 1180
9 4 1115
9 5 169
9 6 260
9 7 568
9 8 707
9 9 0
9 10 778
9 11 591
9 12 556
9 13 434
9 14 1162
9 15 603
9 16 512
9 17 707
9 18 843
9 19 629
9 20 898
9 21 932
9 22 970
9 23 825
9 24 1075
9 25 630
9 26 425
9 27 1199
9 28 358
9 29 579
9 30 1151
9 31 310
9 32 531
9 33 1199
9 34 358
9 35 579
9 36 1247
9 37 406
9 38 627
9 39 1295
9 40 454
9 41 675
9 42 1343
9 43 502
9 44 723
9 45 1391
9 46 550
9 47 771
9 48 1439
9 49 598
9 50 819
9 51 1487
9 52 646
9 53 867
9 54 1535
9 55 694
9 56 915
9 57 1583
9 58 742
9 59 963
9 60 1631
9 61 790
9 62 1011
9 63 1319
10 0 1117
10 1 995
10 2 417
10 3 920
10 4 985
10 5 609
10 6 518
10 7 726
10 8 865
10 9 778
10 10 0
10 11 365
10 12 426
10 13 496
10 14 1034
10 15 665
10 16 574
10 17 865
10 18 65
10 19 1307
10 20 942
10 21 1090
10 22 552
10 23 599
10 24 1025
10 25 404
10 26 583
10 27 997
10 28 516
10 29 1357
10 30 949
10 31 468
10 32 1309
10 33 901
10 34 420
10 35 1261
10 36 853
10 37 372
10 38 1213
10 39 805
10 40 324
10 41 1165
10 42 757
10 43 276
10 44 1117
10 45 709
10 46 228
10 47 1069
10 48 661
10 49 180
10 50 1021
10 51 709
10 52 228
10 53 1069
10 54 757
10 55 276
10 56 1117
10 57 805
10 58 324
10 59 1165
10 60 853
10 61 372
10 62 1213
10 63 1117
11 0 1290
11 1 808
11 2 52
11 3 863
11 4 798
11 5 422
11 6 331
11 7 539
11 8 678
11 9 591
11 10 365
11 11 0
11 12 239
11 13 309
11 14 1133
11 15 478
11 16 387
11 17 678
11 18 430
11 19 1042
11 20 755
11 21 903
11 22 557
11 23 412
11 24 1046
11 25 39
11 26 396
11 27 1170
11 28 329
11 29 992
11 30 1122
11 31 281
11 32 944
11 33 1074
11 34 233
11 35 896
11 36 1026
11 37 185
11 38 848
11 39 978
11 40 137
11 41 800
11 42 930
11 43 89
11 44 752
11 45 978
11 46 137
11 47 800
11 48 1026
11 49 185
11 50 848
11 51 1074
11 52 233
11 53 896
11 54 1122
11 55 281
11 56 944
11 57 1170
11 58 329
11 59 992
11 60 1218
11 61 377
11 62 1040
11 63 1290
12 0 1255
12 1 773
12 2 291
12 3 828
12 4 763
12 5 387
12 6 296
12 7 504
12 8 643
12 9 556
12 10 426
12 11 239
12 12 0
12 13 274
12 14 1098
12 15 443
12 16 352
12 17 643
12 18 491
12 19 981
12 20 720
12 21 868
12 22 618
12 23 473
12 24 1011
12 25 278
12 26 361
12 27 1135
12 28 294
12 29 931
12 30 1087
12 31 246
12 32 883
12 33 1039
12 34 198
12 35 835
12 36 991
12 37 150
12 38 787
12 39 943
12 40 102
12 41 739
12 42 991
12 43 150
12 44 787
12 45 1039
12 46 198
12 47 835
12 48 1087
12 49 246
12 50 883
12 51 1135
12 52 294
12 53 931
12 54 1183
12 55 342
12 56 979
12 57 1231
12 58 390
12 59 1027
12 60 1279
12 61 438
12 62 1075
12 63 1255
13 0 981
13 1 651
13 2 361
13 3 898
13 4 833
13 5 265
13 6 174
13 7 382
13 8 521
13 9 434
13 10 496
13 11 309
13 12 274
13 13 0
13 14 898
13 15 321
13 16 230
13 17 521
13 18 561
13 19 963
13 20 694
13 21 746
13 22 688
13 23 543
13 24 889
13 25 348
13 26 239
13 27 861
13 28 172
13 29 1013
13 30 813
13 31 124
13 32 965
13 33 765
13 34 76
13 35 917
13 36 813
13 37 124
13 38 965
13 39 861
13 40 172
13 41 1013
13 42 909
13 43 220
13 44 1061
13 45 957
13 46 268
13 47 1109
13 48 1005
13 49 316
13 50 1157
13 51 1053
13 52 364
13 53 1205
13 54 1101
13 55 412
13 56 1253
13 57 1149
13 58 460
13 59 1301
13 60 1197
13 61 508
13 62 1349
13 63 981
14 0 157
14 1 1283
14 2 1185
14 3 344
14 4 409
14 5 993
14 6 902
14 7 668
14 8 1153
14 9 1162
14 10 1034
14 11 1133
14 12 1098
14 13 898
14 14 0
14 15 1145
14 16 1054
14 17 455
14 18 969
14 19 1595
14 20 1518
14 21 304
14 22 1226
14 23 795
14 24 161
14 25 1172
14 26 811
14 27 37
14 28 804
14 29 1645
14 30 85
14 31 852
14 32 1693
14 33 133
14 34 900
14 35 1741
14 36 181
14 37 948
14 38 1789
14 39 229
14 40 996
14 41 1837
14 42 277
14 43 1044
14 44 1885
14 45 325
14 46 1092
14 47 1933
14 48 373
14 49 1140
14 50 1981
14 51 421
14 52 1188
14 53 2029
14 54 469
14 55 1236
14 56 2077
14 57 517
14 58 1284
14 59 2125
14 60 565
14 61 1332
14 62 2173
14 63 157
15 0 1302
15 1 820
15 2 530
15 3 1067
15 4 1002
15 5 434
15 6 343
15 7 551
15 8 690
15 9 603
15 10 665
15 11 478
15 12 443
15 13 321
15 14 1145
15 15 0
15 16 91
15 17 690
15 18 730
15 19 742
15 20 863
15 21 915
15 22 857
15 23 712
15 24 1058
15 25 517
15 26 408
15 27 1182
15 28 341
15 29 692
15 30 1134
15 31 293
15 32 644
15 33 1086
15 34 245
15 35 596
15 36 1134
15 37 293
15 38 644
15 39 1182
15 40 341
15 41 692
15 42 1230
15 43 389
15 44 740
15 45 1278
15 46 437
15 47 788
15 48 1326
15 49 485
15 50 836
15 51 1374
15 52 533
15 53 884
15 54 1422
15 55 581
15 56 932
15 57 1470
15 58 629
15 59 980
15 60 1518
15 61 677
15 62 1028
15 63 1302
16 0 1211
16 1 729
16 2 439
16 3 976
16 4 911
16 5 343
16 6 252
16 7 460
16 8 599
16 9 512
16 10 574
16 11 387
16 12 352
16 13 230
16 14 1054
16 15 91
16 16 0
16 17 599
16 18 639
16 19 833
16 20 772
16 21 824
16 22 766
16 23 621
16 24 967
16 25 426
16 26 317
16 27 1091
16 28 250
16 29 783
16 30 1043
16 31 202
16 32 735
16 33 995
16 34 154
16 35 687
16 36 1043
16 37 202
16 38 735
16 39 1091
16 40 250
16 41 783
16 42 1139
16 43 298
16 44 831
16 45 1187
16 46 346
16 47 879
16 48 1235
16 49 394
16 50 927
16 51 1283
16 52 442
16 53 975
16 54 1331
16 55 490
16 56 1023
16 57 1379
16 58 538
16 59 1071
16 60 1427
16 61 586
16 62 1119
16 63 1211
17 0 612
17 1 828
17 2 730
17 3 799
17 4 864
17 5 538
17 6 447
17 7 655
17 8 698
17 9 707
17 10 865
17 11 678
17 12 643
17 13 521
17 14 455
17 15 690
17 16 599
17 17 0
17 18 930
17 19 1140
17 20 1063
17 21 759
17 22 1057
17 23 912
17 24 616
17 25 717
17 26 512
17 27 492
17 28 349
17 29 1190
17 30 540
17 31 397
17 32 1238
17 33 588
17 34 445
17 35 1286
17 36 636
17 37 493
17 38 1334
17 39 684
17 40 541
17 41 1382
17 42 732
17 43 589
17 44 1430
17 45 780
17 46 637
17 47 1478
17 48 828
17 49 685
17 50 1526
17 51 876
17 52 733
17 53 1574
17 54 924
17 55 781
17 56 1622
17 57 972
17 58 829
17 59 1670
17 60 1020
17 61 877
17 62 1718
17 63 612
18 0 1052
18 1 1060
18 2 482
18 3 855
18 4 920
18 5 674
18 6 583
18 7 791
18 8 930
18 9 843
18 10 65
18 11 430
18 12 491
18 13 561
18 14 969
18 15 730
18 16 639
18 17 930
18 18 0
18 19 1372
18 20 1007
18 21 1103
18 22 617
18 23 664
18 24 960
18 25 469
18 26 648
18 27 932
18 28 581
18 29 1422
18 30 884
18 31 533
18 32 1374
18 33 836
18 34 485
18 35 1326
18 36 788
18 37 437
18 38 1278
18 39 740
18 40 389
18 41 1230
18 42 692
18 43 341
18 44 1182
18 45 644
18 46 293
18 47 1134
18 48 596
18 49 245
18 50 1086
18 51 644
18 52 293
18 53 1134
18 54 692
18 55 341
18 56 1182
18 57 740
18 58 389
18 59 1230
18 60 788
18 61 437
18 62 1278
18 63 1052
19 0 1752
19 1 312
19 2 990
19 3 1709
19 4 1644
19 5 798
19 6 889
19 7 1097
19 8 442
19 9 629
19 10 1307
19 11 1042
19 12 981
19 13 963
19 14 1595
19 15 742
19 16 833
19 17 1140
19 18 1372
19 19 0
19 20 465
19 21 1461
19 22 1499
19 23 1354
19 24 1604
19 25 1003
19 26 954
19 27 1632
19 28 791
19 29 50
19 30 1680
19 31 839
19 32 98
19 33 1728
19 34 887
19 35 146
19 36 1776
19 37 935
19 38 194
19 39 1824
19 40 983
19 41 242
19 42 1872
19 43 1031
19 44 290
19 45 1920
19 46 1079
19 47 338
19 48 1968
19 49 1127
19 50 386
19 51 2016
19 52 1175
19 53 434
19 54 2064
19 55 1223
19 56 482
19 57 2112
19 58 1271
19 59 530
19 60 2160
19 61 1319
19 62 578
19 63 1752
20 0 1675
20 1 777
20 2 807
20 3 1344
20 4 1279
20 5 807
20 6 716
20 7 924
20 8 907
20 9 898
20 10 942
20 11 755
20 12 720
20 13 694
20 14 1518
20 15 863
20 16 772
20 17 1063
20 18 1007
20 19 465
20 20 0
20 21 1288
20 22 1134
20 23 989
20 24 1431
20 25 794
20 26 781
20 27 1555
20 28 714
20 29 415
20 30 1507
20 31 666
20 32 367
20 33 1459
20 34 618
20 35 319
20 36 1411
20 37 570
20 38 271
20 39 1459
20 40 618
20 41 319
20 42 1507
20 43 666
20 44 367
20 45 1555
20 46 714
20 47 415
20 48 1603
20 49 762
20 50 463
20 51 1651
20 52 810
20 53 511
20 54 1699
20 55 858
20 56 559
20 57 1747
20 58 906
20 59 607
20 60 1795
20 61 954
20 62 655
20 63 1675
21 0 387
21 1 1149
21 2 955
21 3 478
21 4 543
21 5 763
21 6 672
21 7 364
21 8 1019
21 9 932
21 10 1090
21 11 903
21 12 868
21 13 746
21 14 304
21 15 915
21 16 824
21 17 759
21 18 1103
21 19 1461
21 20 1288
21 21 0
21 22 1282
21 23 929
21 24 143
21 25 942
21 26 507
21 27 267
21 28 670
21 29 1511
21 30 219
21 31 622
21 32 1463
21 33 267
21 34 670
21 35 1511
21 36 315
21 37 718
21 38 1559
21 39 363
21 40 766
21 41 1607
21 42 411
21 43 814
21 44 1655
21 45 459
21 46 862
21 47 1703
21 48 507
21 49 910
21 50 1751
21 51 555
21 52 958
21 53 1799
21 54 603
21 55 1006
21 56 1847
21 57 651
21 58 1054
21 59 1895
21 60 699
21 61 1102
21 62 1943
21 63 387
22 0 1309
22 1 1187
22 2 609
22 3 1112
22 4 1177
22 5 801
22 6 710
22 7 918
22 8 1057
22 9 970
22 10 552
22 11 557
22 12 618
22 13 688
22 14 1226
22 15 857
22 16 766
22 17 1057
22 18 617
22 19 1499
22 20 1134
22 21 1282
22 22 0
22 23 791
22 24 1217
22 25 596
22 26 775
22 27 1189
22 28 708
22 29 1549
22 30 1141
22 31 660
22 32 1501
22 33 1093
22 34 612
22 35 1453
22 36 1045
22 37 564
22 38 1405
22 39 997
22 40 516
22 41 1357
22 42 949
22 43 468
22 44 1309
22 45 901
22 46 420
22 47 1261
22 48 853
22 49 372
22 50 1213
22 51 805
22 52 324
22 53 1165
22 54 757
22 55 276
22 56 1117
22 57 709
22 58 228
22 59 1069
22 60 661
22 61 180
22 62 1021
22 63 1309
23 0 878
23 1 1042
23 2 464
23 3 681
23 4 746
23 5 656
23 6 565
23 7 773
23 8 912
23 9 825
23 10 599
23 11 412
23 12 473
23 13 543
23 14 795
23 15 712
23 16 621
23 17 912
23 18 664
23 19 1354
23 20 989
23 21 929
23 22 791
23 23 0
23 24 786
23 25 451
23 26 630
23 27 758
23 28 563
23 29 1404
23 30 710
23 31 515
23 32 1356
23 33 662
23 34 467
23 35 1308
23 36 614
23 37 419
23 38 1260
23 39 566
23 40 371
23 41 1212
23 42 518
23 43 323
23 44 1164
23 45 566
23 46 371
23 47 1212
23 48 614
23 49 419
23 50 1260
23 51 662
23 52 467
23 53 1308
23 54 710
23 55 515
23 56 1356
23 57 758
23 58 563
23 59 1404
23 60 806
23 61 611
23 62 1452
23 63 878
24 0 244
24 1 1292
24 2 1098
24 3 335
24 4 400
24 5 906
24 6 815
24 7 507
24 8 1162
24 9 1075
24 10 1025
24 11 1046
24 12 1011
24 13 889
24 14 161
24 15 1058
24 16 967
24 17 616
24 18 960
24 19 1604
24 20 1431
24 21 143
24 22 1217
24 23 786
24 24 0
24 25 1085
24 26 650
24 27 124
24 28 813
24 29 1654
24 30 76
24 31 765
24 32 1606
24 33 124
24 34 813
24 35 1654
24 36 172
24 37 861
24 38 1702
24 39 220
24 40 909
24 41 1750
24 42 268
24 43 957
24 44 1798
24 45 316
24 46 1005
24 47 1846
24 48 364
24 49 1053
24 50 1894
24 51 412
24 52 1101
24 53 1942
24 54 460
24 55 1149
24 56 1990
24 57 508
24 58 1197
24 59 2038
24 60 556
24 61 1245
24 62 2086
24 63 244
25 0 1329
25 1 847
25 2 13
25 3 902
25 4 837
25 5 461
25 6 370
25 7 578
25 8 717
25 9 630
25 10 404
25 11 39
25 12 278
25 13 348
25 14 1172
25 15 517
25 16 426
25 17 717
25 18 469
25 19 1003
25 20 794
25 21 942
25 22 596
25 23 451
25 24 1085
25 25 0
25 26 435
25 27 1209
25 28 368
25 29 953
25 30 1161
25 31 320
25 32 905
25 33 1113
25 34 272
25 35 857
25 36 1065
25 37 224
25 38 809
25 39 1017
25 40 176
25 41 761
25 42 969
25 43 128
25 44 713
25 45 1017
25 46 176
25 47 761
25 48 1065
25 49 224
25 50 809
25 51 1113
25 52 272
25 53 857
25 54 1161
25 55 320
25 56 905
25 57 1209
25 58 368
25 59 953
25 60 1257
25 61 416
25 62 1001
25 63 1329
26 0 894
26 1 642
26 2 448
26 3 985
26 4 920
26 5 256
26 6 165
26 7 143
26 8 512
26 9 425
26 10 583
26 11 396
26 12 361
26 13 239
26 14 811
26 15 408
26 16 317
26 17 512
26 18 648
26 19 954
26 20 781
26 21 507
26 22 775
26 23 630
26 24 650
26 25 435
26 26 0
26 27 774
26 28 163
26 29 1004
26 30 726
26 31 115
26 32 956
26 33 774
26 34 163
26 35 1004
26 36 822
26 37 211
26 38 1052
26 39 870
26 40 259
26 41 1100
26 42 918
26 43 307
26 44 1148
26 45 966
26 46 355
26 47 1196
26 48 1014
26 49 403
26 50 1244
26 51 1062
26 52 451
26 53 1292
26 54 1110
26 55 499
26 56 1340
26 57 1158
26 58 547
26 59 1388
26 60 1206
26 61 595
26 62 1436
26 63 894
27 0 120
27 1 1320
27 2 1222
27 3 307
27 4 372
27 5 1030
27 6 939
27 7 631
27 8 1190
27 9 1199
27 10 997
27 11 1170
27 12 1135
27 13 861
27 14 37
27 15 1182
27 16 1091
27 17 492
27 18 932
27 19 1632
27 20 1555
27 21 267
27 22 1189
27 23 758
27 24 124
27 25 1209
27 26 774
27 27 0
27 28 841
27 29 1682
27 30 48
27 31 889
27 32 1730
27 33 96
27 34 937
27 35 1778
27 36 144
27 37 985
27 38 1826
27 39 192
27 40 1033
27 41 1874
27 42 240
27 43 1081
27 44 1922
27 45 288
27 46 1129
27 47 1970
27 48 336
27 49 1177
27 50 2018
27 51 384
27 52 1225
27 53 2066
27 54 432
27 55 1273
27 56 2114
27 57 480
27 58 1321
27 59 2162
27 60 528
27 61 1369
27 62 2210
27 63 120
28 0 961
28 1 479
28 2 381
28 3 918
28 4 853
28 5 189
28 6 98
28 7 306
28 8 349
28 9 358
28 10 516
28 11 329
28 12 294
28 13 172
28 14 804
28 15 341
28 16 250
28 17 349
28 18 581
28 19 791
28 20 714
28 21 670
28 22 708
28 23 563
28 24 813
28 25 368
28 26 163
28 27 841
28 28 0
28 29 841
28 30 889
28 31 48
28 32 889
28 33 937
28 34 96
28 35 937
28 36 985
28 37 144
28 38 985
28 39 1033
28 40 192
28 41 1033
28 42 1081
28 43 240
28 44 1081
28 45 1129
28 46 288
28 47 1129
28 48 1177
28 49 336
28 50 1177
28 51 1225
28 52 384
28 53 1225
28 54 1273
28 55 432
28 56 1273
28 57 1321
28 58 480
28 59 1321
28 60 1369
28 61 528
28 62 1369
28 63 961
29 0 1802
29 1 362
29 2 940
29 3 1759
29 4 1694
29 5 748
29 6 839
29 7 1147
29 8 492
29 9 579
29 10 1357
29 11 992
29 12 931
29 13 1013
29 14 1645
29 15 692
29 16 783
29 17 1190
29 18 1422
29 19 50
29 20 415
29 21 1511
29 22 1549
29 23 1404
29 24 1654
29 25 953
29 26 1004
29 27 1682
29 28 841
29 29 0
29 30 1730
29 31 889
29 32 48
29 33 1778
29 34 937
29 35 96
29 36 1826
29 37 985
29 38 144
29 39 1874
29 40 1033
29 41 192
29 42 1922
29 43 1081
29 44 240
29 45 1970
29 46 1129
29 47 288
29 48 2018
29 49 1177
29 50 336
29 51 2066
29 52 1225
29 53 384
29 54 2114
29 55 1273
29 56 432
29 57 2162
29 58 1321
29 59 480
29 60 2210
29 61 1369
29 62 528
29 63 1802
30 0 168
30 1 1368
30 2 1174
30 3 259
30 4 324
30 5 982
30 6 891
30 7 583
30 8 1238
30 9 1151
30 10 949
30 11 1122
30 12 1087
30 13 813
30 14 85
30 15 1134
30 16 1043
30 17 540
30 18 884
30 19 1680
30 20 1507
30 21 219
30 22 1141
30 23 710
30 24 76
30 25 1161
30 26 726
30 27 48
30 28 889
30 29 1730
30 30 0
30 31 841
30 32 1682
30 33 48
30 34 889
30 35 1730
30 36 96
30 37 937
30 38 1778
30 39 144
30 40 985
30 41 1826
30 42 192
30 43 1033
30 44 1874
30 45 240
30 46 1081
30 47 1922
30 48 288
30 49 1129
30 50 1970
30 51 336
30 52 1177
30 53 2018
30 54 384
30 55 1225
30 56 2066
30 57 432
30 58 1273
30 59 2114
30 60 480
30 61 1321
30 62 2162
30 63 168
31 0 1009
31 1 527
31 2 333
31 3 870
31 4 805
31 5 141
31 6 50
31 7 258
31 8 397
31 9 310
31 10 468
31 11 281
31 12 246
31 13 124
31 14 852
31 15 293
31 16 202
31 17 397
31 18 533
31 19 839
31 20 666
31 21 622
31 22 660
31 23 515
31 24 765
31 25 320
31 26 115
31 27 889
31 28 48
31 29 889
31 30 841
31 31 0
31 32 841
31 33 889
31 34 48
31 35 889
31 36 937
31 37 96
31 38 937
31 39 985
31 40 144
31 41 985
31 42 1033
31 43 192
31 44 1033
31 45 1081
31 46 240
31 47 1081
31 48 1129
31 49 288
31 50 1129
31 51 1177
31 52 336
31 53 1177
31 54 1225
31 55 384
31 56 1225
31 57 1273
31 58 432
31 59 1273
31 60 1321
31 61 480
31 62 1321
31 63 1009
32 0 1850
32 1 410
32 2 892
32 3 1711
32 4 1646
32 5 700
32 6 791
32 7 1099
32 8 540
32 9 531
32 10 1309
32 11 944
32 12 883
32 13 965
32 14 1693
32 15 644
32 16 735
32 17 1238
32 18 1374
32 19 98
32 20 367
32 21 1463
32 22 1501
32 23 1356
32 24 1606
32 25 905
32 26 956
32 27 1730
32 28 889
32 29 48
32 30 1682
32 31 841
32 32 0
32 33 1730
32 34 889
32 35 48
32 36 1778
32 37 937
32 38 96
32 39 1826
32 40 985
32 41 144
32 42 1874
32 43 1033
32 44 192
32 45 1922
32 46 1081
32 47 240
32 48 1970
32 49 1129
32 50 288
32 51 2018
32 52 1177
32 53 336
32 54 2066
32 55 1225
32 56 384
32 57 2114
32 58 1273
32 59 432
32 60 2162
32 61 1321
32 62 480
32 63 1850
33 0 216
33 1 1416
33 2 1126
33 3 211
33 4 276
33 5 1030
33 6 939
33 7 631
33 8 1286
33 9 1199
33 10 901
33 11 1074
33 12 1039
33 13 765
33 14 133
33 15 1086
33 16 995
33 17 588
33 18 836
33 19 1728
33 20 1459
33 21 267
33 22 1093
33 23 662
33 24 124
33 25 1113
33 26 774
33 27 96
33 28 937
33 29 1778
33 30 48
33 31 889
33 32 1730
33 33 0
33 34 841
33 35 1682
33 36 48
33 37 889
33 38 1730
33 39 96
33 40 937
33 41 1778
33 42 144
33 43 985
33 44 1826
33 45 192
33 46 1033
33 47 1874
33 48 240
33 49 1081
33 50 1922
33 51 288
33 52 1129
33 53 1970
33 54 336
33 55 1177
33 56 2018
33 57 384
33 58 1225
33 59 2066
33 60 432
33 61 1273
33 62 2114
33 63 216
34 0 1057
34 1 575
34 2 285
34 3 822
34 4 757
34 5 189
34 6 98
34 7 306
34 8 445
34 9 358
34 10 420
34 11 233
34 12 198
34 13 76
34 14 900
34 15 245
34 16 154
34 17 445
34 18 485
34 19 887
34 20 618
34 21 670
34 22 612
34 23 467
34 24 813
34 25 272
34 26 163
34 27 937
34 28 96
34 29 937
34 30 889
34 31 48
34 32 889
34 33 841
34 34 0
34 35 841
34 36 889
34 37 48
34 38 889
34 39 937
34 40 96
34 41 937
34 42 985
34 43 144
34 44 985
34 45 1033
34 46 192
34 47 1033
34 48 1081
34 49 240
34 50 1081
34 51 1129
34 52 288
34 53 1129
34 54 1177
34 55 336
34 56 1177
34 57 1225
34 58 384
34 59 1225
34 60 1273
34 61 432
34 62 1273
34 63 1057
35 0 1898
35 1 458
35 2 844
35 3 1663
35 4 1598
35 5 748
35 6 839
35 7 1147
35 8 588
35 9 579
35 10 1261
35 11 896
35 12 835
35 13 917
35 14 1741
35 15 596
35 16 687
35 17 1286
35 18 1326
35 19 146
35 20 319
35 21 1511
35 22 1453
35 23 1308
35 24 1654
35 25 857
35 26 1004
35 27 1778
35 28 937
35 29 96
35 30 1730
35 31 889
35 32 48
35 33 1682
35 34 841
35 35 0
35 36 1730
35 37 889
35 38 48
35 39 1778
35 40 937
35 41 96
35 42 1826
35 43 985
35 44 144
35 45 1874
35 46 1033
35 47 192
35 48 1922
35 49 1081
35 50 240
35 51 1970
35 52 1129
35 53 288
35 54 2018
35 55 1177
35 56 336
35 57 2066
35 58 1225
35 59 384
35 60 2114
35 61 1273
35 62 432
35 63 1898
36 0 264
36 1 1464
36 2 1078
36 3 163
36 4 228
36 5 1078
36 6 987
36 7 679
36 8 1334
36 9 1247
36 10 853
36 11 1026
36 12 991
36 13 813
36 14 181
36 15 1134
36 16 1043
36 17 636
36 18 788
36 19 1776
36 20 1411
36 21 315
36 22 1045
36 23 614
36 24 172
36 25 1065
36 26 822
36 27 144
36 28 985
36 29 1826
36 30 96
36 31 937
36 32 1778
36 33 48
36 34 889
36 35 1730
36 36 0
36 37 841
36 38 1682
36 39 48
36 40 889
36 41 1730
36 42 96
36 43 937
36 44 1778
36 45 144
36 46 985
36 47 1826
36 48 192
36 49 1033
36 50 1874
36 51 240
36 52 1081
36 53 1922
36 54 288
36 55 1129
36 56 1970
36 57 336
36 58 1177
36 59 2018
36 60 384
36 61 1225
36 62 2066
36 63 264
37 0 1105
37 1 623
37 2 237
37 3 774
37 4 709
37 5 237
37 6 146
37 7 354
37 8 493
37 9 406
37 10 372
37 11 185
37 12 150
37 13 124
37 14 948
37 15 293
37 16 202
37 17 493
37 18 437
37 19 935
37 20 570
37 21 718
37 22 564
37 23 419
37 24 861
37 25 224
37 26 211
37 27 985
37 28 144
37 29 985
37 30 937
37 31 96
37 32 937
37 33 889
37 34 48
37 35 889
37 36 841
37 37 0
37 38 841
37 39 889
37 40 48
37 41 889
37 42 937
37 43 96
37 44 937
37 45 985
37 46 144
37 47 985
37 48 1033
37 49 192
37 50 1033
37 51 1081
37 52 240
37 53 1081
37 54 1129
37 55 288
37 56 1129
37 57 1177
37 58 336
37 59 1177
37 60 1225
37 61 384
37 62 1225
37 63 1105
38 0 1946
38 1 506
38 2 796
38 3 1615
38 4 1550
38 5 796
38 6 887
38 7 1195
38 8 636
38 9 627
38 10 1213
38 11 848
38 12 787
38 13 965
38 14 1789
38 15 644
38 16 735
38 17 1334
38 18 1278
38 19 194
38 20 271
38 21 1559
38 22 1405
38 23 1260
38 24 1702
38 25 809
38 26 1052
38 27 1826
38 28 985
38 29 144
38 30 1778
38 31 937
38 32 96
38 33 1730
38 34 889
38 35 48
38 36 1682
38 37 841
38 38 0
38 39 1730
38 40 889
38 41 48
38 42 1778
38 43 937
38 44 96
38 45 1826
38 46 985
38 47 144
38 48 1874
38 49 1033
38 50 192
38 51 1922
38 52 1081
38 53 240
38 54 1970
38 55 1129
38 56 288
38 57 2018
38 58 1177
38 59 336
38 60 2066
38 61 1225
38 62 384
38 63 1946
39 0 312
39 1 1512
39 2 1030
39 3 115
39 4 180
39 5 1126
39 6 1035
39 7 727
39 8 1382
39 9 1295
39 10 805
39 11 978
39 12 943
39 13 861
39 14 229
39 15 1182
39 16 1091
39 17 684
39 18 740
39 19 1824
39 20 1459
39 21 363
39 22 997
39 23 566
39 24 220
39 25 1017
39 26 870
39 27 192
39 28 1033
39 29 1874
39 30 144
39 31 985
39 32 1826
39 33 96
39 34 937
39 35 1778
39 36 48
39 37 889
39 38 1730
39 39 0
39 40 841
39 41 1682
39 42 48
39 43 889
39 44 1730
39 45 96
39 46 937
39 47 1778
39 48 144
39 49 985
39 50 1826
39 51 192
39 52 1033
39 53 1874
39 54 240
39 55 1081
39 56 1922
39 57 288
39 58 1129
39 59 1970
39 60 336
39 61 1177
39 62 2018
39 63 312
40 0 1153
40 1 671
40 2 189
40 3 726
40 4 661
40 5 285
40 6 194
40 7 402
40 8 541
40 9 454
40 10 324
40 11 137
40 12 102
40 13 172
40 14 996
40 15 341
40 16 250
40 17 541
40 18 389
40 19 983
40 20 618
40 21 766
40 22 516
40 23 371
40 24 909
40 25 176
40 26 259
40 27 1033
40 28 192
40 29 1033
40 30 985
40 31 144
40 32 985
40 33 937
40 34 96
40 35 937
40 36 889
40 37 48
40 38 889
40 39 841
40 40 0
40 41 841
40 42 889
40 43 48
40 44 889
40 45 937
40 46 96
40 47 937
40 48 985
40 49 144
40 50 985
40 51 1033
40 52 192
40 53 1033
40 54 1081
40 55 240
40 56 1081
40 57 1129
40 58 288
40 59 1129
40 60 1177
40 61 336
40 62 1177
40 63 1153
41 0 1994
41 1 554
41 2 748
41 3 1567
41 4 1502
41 5 844
41 6 935
41 7 1243
41 8 684
41 9 675
41 10 1165
41 11 800
41 12 739
41 13 1013
41 14 1837
41 15 692
41 16 783
41 17 1382
41 18 1230
41 19 242
41 20 319
41 21 1607
41 22 1357
41 23 1212
41 24 1750
41 25 761
41 26 1100
41 27 1874
41 28 1033
41 29 192
41 30 1826
41 31 985
41 32 144
41 33 1778
41 34 937
41 35 96
41 36 1730
41 37 889
41 38 48
41 39 1682
41 40 841
41 41 0
41 42 1730
41 43 889
41 44 48
41 45 1778
41 46 937
41 47 96
41 48 1826
41 49 985
41 50 144
41 51 1874
41 52 1033
41 53 192
41 54 1922
41 55 1081
41 56 240
41 57 1970
41 58 1129
41 59 288
41 60 2018
41 61 1177
41 62 336
41 63 1994
42 0 360
42 1 1560
42 2 982
42 3 163
42 4 228
42 5 1174
42 6 1083
42 7 775
42 8 1430
42 9 1343
42 10 757
42 11 930
42 12 991
42 13 909
42 14 277
42 15 1230
42 16 1139
42 17 732
42 18 692
42 19 1872
42 20 1507
42 21 411
42 22 949
42 23 518
42 24 268
42 25 969
42 26 918
42 27 240
42 28 1081
42 29 1922
42 30 192
42 31 1033
42 32 1874
42 33 144
42 34 985
42 35 1826
42 36 96
42 37 937
42 38 1778
42 39 48
42 40 889
42 41 1730
42 42 0
42 43 841
42 44 1682
42 45 48
42 46 889
42 47 1730
42 48 96
42 49 937
42 50 1778
42 51 144
42 52 985
42 53 1826
42 54 192
42 55 1033
42 56 1874
42 57 240
42 58 1081
42 59 1922
42 60 288
42 61 1129
42 62 1970
42 63 360
43 0 1201
43 1 719
43 2 141
43 3 774
43 4 709
43 5 333
43 6 242
43 7 450
43 8 589
43 9 502
43 10 276
43 11 89
43 12 150
43 13 220
43 14 1044
43 15 389
43 16 298
43 17 589
43 18 341
43 19 1031
43 20 666
43 21 814
43 22 468
43 23 323
43 24 957
43 25 128
43 26 307
43 27 1081
43 28 240
43 29 1081
43 30 1033
43 31 192
43 32 1033
43 33 985
43 34 144
43 35 985
43 36 937
43 37 96
43 38 937
43 39 889
43 40 48
43 41 889
43 42 841
43 43 0
43 44 841
43 45 889
43 46 48
43 47 889
43 48 937
43 49 96
43 50 937
43 51 985
43 52 144
43 53 985
43 54 1033
43 55 192
43 56 1033
43 57 1081
43 58 240
43 59 1081
43 60 1129
43 61 288
43 62 1129
43 63 1201
44 0 2042
44 1 602
44 2 700
44 3 1615
44 4 1550
44 5 892
44 6 983
44 7 1291
44 8 732
44 9 723
44 10 1117
44 11 752
44 12 787
44 13 1061
44 14 1885
44 15 740
44 16 831
44 17 1430
44 18 1182
44 19 290
44 20 367
44 21 1655
44 22 1309
44 23 1164
44 24 1798
44 25 713
44 26 1148
44 27 1922
44 28 1081
44 29 240
44 30 1874
44 31 1033
44 32 192
44 33 1826
44 34 985
44 35 144
44 36 1778
44 37 937
44 38 96
44 39 1730
44 40 889
44 41 48
44 42 1682
44 43 841
44 44 0
44 45 1730
44 46 889
44 47 48
44 48 1778
44 49 937
44 50 96
44 51 1826
44 52 985
44 53 144
44 54 1874
44 55 1033
44 56 192
44 57 1922
44 58 1081
44 59 240
44 60 1970
44 61 1129
44 62 288
44 63 2042
45 0 408
45 1 1608
45 2 1030
45 3 211
45 4 276
45 5 1222
45 6 1131
45 7 823
45 8 1478
45 9 1391
45 10 709
45 11 978
45 12 1039
45 13 957
45 14 325
45 15 1278
45 16 1187
45 17 780
45 18 644
45 19 1920
45 20 1555
45 21 459
45 22 901
45 23 566
45 24 316
45 25 1017
45 26 966
45 27 288
45 28 1129
45 29 1970
45 30 240
45 31 1081
45 32 1922
45 33 192
45 34 1033
45 35 1874
45 36 144
45 37 985
45 38 1826
45 39 96
45 40 937
45 41 1778
45 42 48
45 43 889
45 44 1730
45 45 0
45 46 841
45 47 1682
45 48 48
45 49 889
45 50 1730
45 51 96
45 52 937
45 53 1778
45 54 144
45 55 985
45 56 1826
45 57 192
45 58 1033
45 59 1874
45 60 240
45 61 1081
45 62 1922
45 63 408
46 0 1249
46 1 767
46 2 189
46 3 822
46 4 757
46 5 381
46 6 290
46 7 498
46 8 637
46 9 550
46 10 228
46 11 137
46 12 198
46 13 268
46 14 1092
46 15 437
46 16 346
46 17 637
46 18 293
46 19 1079
46 20 714
46 21 862
46 22 420
46 23 371
46 24 1005
46 25 176
46 26 355
46 27 1129
46 28 288
46 29 1129
46 30 1081
46 31 240
46 32 1081
46 33 1033
46 34 192
46 35 1033
46 36 985
46 37 144
46 38 985
46 39 937
46 40 96
46 41 937
46 42 889
46 43 48
46 44 889
46 45 841
46 46 0
46 47 841
46 48 889
46 49 48
46 50 889
46 51 937
46 52 96
46 53 937
46 54 985
46 55 144
46 56 985
46 57 1033
46 58 192
46 59 1033
46 60 1081
46 61 240
46 62 1081
46 63 1249
47 0 2090
47 1 650
47 2 748
47 3 1663
47 4 1598
47 5 940
47 6 1031
47 7 1339
47 8 780
47 9 771
47 10 1069
47 11 800
47 12 835
47 13 1109
47 14 1933
47 15 788
47 16 879
47 17 1478
47 18 1134
47 19 338
47 20 415
47 21 1703
47 22 1261
47 23 1212
47 24 1846
47 25 761
47 26 1196
47 27 1970
47 28 1129
47 29 288
47 30 1922
47 31 1081
47 32 240
47 33 1874
47 34 1033
47 35 192
47 36 1826
47 37 985
47 38 144
47 39 1778
47 40 937
47 41 96
47 42 1730
47 43 889
47 44 48
47 45 1682
47 46 841
47 47 0
47 48 1730
47 49 889
47 50 48
47 51 1778
47 52 937
47 53 96
47 54 1826
47 55 985
47 56 144
47 57 1874
47 58 1033
47 59 192
47 60 1922
47 61 1081
47 62 240
47 63 2090
48 0 456
48 1 1656
48 2 1078
48 3 259
48 4 324
48 5 1270
48 6 1179
48 7 871
48 8 1526
48 9 1439
48 10 661
48 11 1026
48 12 1087
48 13 1005
48 14 373
48 15 1326
48 16 1235
48 17 828
48 18 596
48 19 1968
48 20 1603
48 21 507
48 22 853
48 23 614
48 24 364
48 25 1065
48 26 1014
48 27 336
48 28 1177
48 29 2018
48 30 288
48 31 1129
48 32 1970
48 33 240
48 34 1081
48 35 1922
48 36 192
48 37 1033
48 38 1874
48 39 144
48 40 985
48 41 1826
48 42 96
48 43 937
48 44 1778
48 45 48
48 46 889
48 47 1730
48 48 0
48 49 841
48 50 1682
48 51 48
48 52 889
48 53 1730
48 54 96
48 55 937
48 56 1778
48 57 144
48 58 985
48 59 1826
48 60 192
48 61 1033
48 62 1874
48 63 456
49 0 1297
49 1 815
49 2 237
49 3 870
49 4 805
49 5 429
49 6 338
49 7 546
49 8 685
49 9 598
49 10 180
49 11 185
49 12 246
49 13 316
49 14 1140
49 15 485
49 16 394
49 17 685
49 18 245
49 19 1127
49 20 762
49 21 910
49 22 372
49 23 419
49 24 1053
49 25 224
49 26 403
49 27 1177
49 28 336
49 29 1177
49 30 1129
49 31 288
49 32 1129
49 33 1081
49 34 240
49 35 1081
49 36 1033
49 37 192
49 38 1033
49 39 985
49 40 144
49 41 985
49 42 937
49 43 96
49 44 937
49 45 889
49 46 48
49 47 889
49 48 841
49 49 0
49 50 841
49 51 889
49 52 48
49 53 889
49 54 937
49 55 96
49 56 937
49 57 985
49 58 144
49 59 985
49 60 1033
49 61 192
49 62 1033
49 63 1297
50 0 2138
50 1 698
50 2 796
50 3 1711
50 4 1646
50 5 988
50 6 1079
50 7 1387
50 8 828
50 9 819
50 10 1021
50 11 848
50 12 883
50 13 1157
50 14 1981
50 15 836
50 16 927
50 17 1526
50 18 1086
50 19 386
50 20 463
50 21 1751
50 22 1213
50 23 1260
50 24 1894
50 25 809
50 26 1244
50 27 2018
50 28 1177
50 29 336
50 30 1970
50 31 1129
50 32 288
50 33 1922
50 34 1081
50 35 240
50 36 1874
50 37 1033
50 38 192
50 39 1826
50 40 985
50 41 144
50 42 1778
50 43 937
50 44 96
50 45 1730
50 46 889
50 47 48
50 48 1682
50 49 841
50 50 0
50 51 1730
50 52 889
50 53 48
50 54 1778
50 55 937
50 56 96
50 57 1826
50 58 985
50 59 144
50 60 1874
50 61 1033
50 62 192
50 63 2138
51 0 504
51 1 1704
51 2 1126
51 3 307
51 4 372
51 5 1318
51 6 1227
51 7 919
51 8 1574
51 9 1487
51 10 709
51 11 1074
51 12 1135
51 13 1053
51 14 421
51 15 1374
51 16 1283
51 17 876
51 18 644
51 19 2016
51 20 1651
51 21 555
51 22 805
51 23 662
51 24 412
51 25 1113
51 26 1062
51 27 384
51 28 1225
51 29 2066
51 30 336
51 31 1177
51 32 2018
51 33 288
51 34 1129
51 35 1970
51 36 240
51 37 1081
51 38 1922
51 39 192
51 40 1033
51 41 1874
51 42 144
51 43 985
51 44 1826
51 45 96
51 46 937
51 47 1778
51 48 48
51 49 889
51 50 1730
51 51 0
51 52 841
51 53 1682
51 54 48
51 55 889
51 56 1730
51 57 96
51 58 937
51 59 1778
51 60 144
51 61 985
51 62 1826
51 63 504
52 0 1345
52 1 863
52 2 285
52 3 918
52 4 853
52 5 477
52 6 386
52 7 594
52 8 733
52 9 646
52 10 228
52 11 233
52 12 294
52 13 364
52 14 1188
52 15 533
52 16 442
52 17 733
52 18 293
52 19 1175
52 20 810
52 21 958
52 22 324
52 23 467
52 24 1101
52 25 272
52 26 451
52 27 1225
52 28 384
52 29 1225
52 30 1177
52 31 336
52 32 1177
52 33 1129
52 34 288
52 35 1129
52 36 1081
52 37 240
52 38 1081
52 39 1033
52 40 192
52 41 1033
52 42 985
52 43 144
52 44 985
52 45 937
52 46 96
52 47 937
52 48 889
52 49 48
52 50 889
52 51 841
52 52 0
52 53 841
52 54 889
52 55 48
52 56 889
52 57 937
52 58 96
52 59 937
52 60 985
52 61 144
52 62 985
52 63 1345
53 0 2186
53 1 746
53 2 844
53 3 1759
53 4 1694
53 5 1036
53 6 1127
53 7 1435
53 8 876
53 9 867
53 10 1069
53 11 896
53 12 931
53 13 1205
53 14 2029
53 15 884
53 16 975
53 17 1574
53 18 1134
53 19 434
53 20 511
53 21 1799
53 22 1165
53 23 1308
53 24 1942
53 25 857
53 26 1292
53 27 2066
53 28 1225
53 29 384
53 30 2018
53 31 1177
53 32 336
53 33 1970
53 34 1129
53 35 288
53 36 1922
53 37 1081
53 38 240
53 39 1874
53 40 1033
53 41 192
53 42 1826
53 43 985
53 44 144
53 45 1778
53 46 937
53 47 96
53 48 1730
53 49 889
53 50 48
53 51 1682
53 52 841
53 53 0
53 54 1730
53 55 889
53 56 48
53 57 1778
53 58 937
53 59 96
53 60 1826
53 61 985
53 62 144
53 63 2186
54 0 552
54 1 1752
54 2 1174
54 3 355
54 4 420
54 5 1366
54 6 1275
54 7 967
54 8 1622
54 9 1535
54 10 757
54 11 1122
54 12 1183
54 13 1101
54 14 469
54 15 1422
54 16 1331
54 17 924
54 18 692
54 19 2064
54 20 1699
54 21 603
54 22 757
54 23 710
54 24 460
54 25 1161
54 26 1110
54 27 432
54 28 1273
54 29 2114
54 30 384
54 31 1225
54 32 2066
54 33 336
54 34 1177
54 35 2018
54 36 288
54 37 1129
54 38 1970
54 39 240
54 40 1081
54 41 1922
54 42 192
54 43 1033
54 44 1874
54 45 144
54 46 985
54 47 1826
54 48 96
54 49 937
54 50 1778
54 51 48
54 52 889
54 53 1730
54 54 0
54 55 841
54 56 1682
54 57 48
54 58 889
54 59 1730
54 60 96
54 61 937
54 62 1778
54 63 552
55 0 1393
55 1 911
55 2 333
55 3 966
55 4 901
55 5 525
55 6 434
55 7 642
55 8 781
55 9 694
55 10 276
55 11 281
55 12 342
55 13 412
55 14 1236
55 15 581
55 16 490
55 17 781
55 18 341
55 19 1223
55 20 858
55 21 1006
55 22 276
55 23 515
55 24 1149
55 25 320
55 26 499
55 27 1273
55 28 432
55 29 1273
55 30 1225
55 31 384
55 32 1225
55 33 1177
55 34 336
55 35 1177
55 36 1129
55 37 288
55 38 1129
55 39 1081
55 40 240
55 41 1081
55 42 1033
55 43 192
55 44 1033
55 45 985
55 46 144
55 47 985
55 48 937
55 49 96
55 50 937
55 51 889
55 52 48
55 53 889
55 54 841
55 55 0
55 56 841
55 57 889
55 58 48
55 59 889
55 60 937
55 61 96
55 62 937
55 63 1393
56 0 2234
56 1 794
56 2 892
56 3 1807
56 4 1742
56 5 1084
56 6 1175
56 7 1483
56 8 924
56 9 915
56 10 1117
56 11 944
56 12 979
56 13 1253
56 14 2077
56 15 932
56 16 1023
56 17 1622
56 18 1182
56 19 482
56 20 559
56 21 1847
56 22 1117
56 23 1356
56 24 1990
56 25 905
56 26 1340
56 27 2114
56 28 1273
56 29 432
56 30 2066
56 31 1225
56 32 384
56 33 2018
56 34 1177
56 35 336
56 36 1970
56 37 1129
56 38 288
56 39 1922
56 40 1081
56 41 240
56 42 1874
56 43 1033
56 44 192
56 45 1826
56 46 985
56 47 144
56 48 1778
56 49 937
56 50 96
56 51 1730
56 52 889
56 53 48
56 54 1682
56 55 841
56 56 0
56 57 1730
56 58 889
56 59 48
56 60 1778
56 61 937
56 62 96
56 63 2234
57 0 600
57 1 1800
57 2 1222
57 3 403
57 4 468
57 5 1414
57 6 1323
57 7 1015
57 8 1670
57 9 1583
57 10 805
57 11 1170
57 12 1231
57 13 1149
57 14 517
57 15 1470
57 16 1379
57 17 972
57 18 740
57 19 2112
57 20 1747
57 21 651
57 22 709
57 23 758
57 24 508
57 25 1209
57 26 1158
57 27 480
57 28 1321
57 29 2162
57 30 432
57 31 1273
57 32 2114
57 33 384
57 34 1225
57 35 2066
57 36 336
57 37 1177
57 38 2018
57 39 288
57 40 1129
57 41 1970
57 42 240
57 43 1081
57 44 1922
57 45 192
57 46 1033
57 47 1874
57 48 144
57 49 985
57 50 1826
57 51 96
57 52 937
57 53 1778
57 54 48
57 55 889
57 56 1730
57 57 0
57 58 841
57 59 1682
57 60 48
57 61 889
57 62 1730
57 63 600
58 0 1441
58 1 959
58 2 381
58 3 1014
58 4 949
58 5 573
58 6 482
58 7 690
58 8 829
58 9 742
58 10 324
58 11 329
58 12 390
58 13 460
58 14 1284
58 15 629
58 16 538
58 17 829
58 18 389
58 19 1271
58 20 906
58 21 1054
58 22 228
58 23 563
58 24 1197
58 25 368
58 26 547
58 27 1321
58 28 480
58 29 1321
58 30 1273
58 31 432
58 32 1273
58 33 1225
58 34 384
58 35 1225
58 36 1177
58 37 336
58 38 1177
58 39 1129
58 40 288
58 41 1129
58 42 1081
58 43 240
58 44 1081
58 45 1033
58 46 192
58 47 1033
58 48 985
58 49 144
58 50 985
