//alpha
1
//NbLocations
94
//NbProducts
39
//NbPickers
2
//CapaPicker
12
//TimeToTravelOneDistanceUnit
3
//SetupTime
5400
//PickTime
300
//Products
//Idx Location Size
1 1 1
2 2 1
3 3 1
4 4 1
5 5 1
6 6 1
7 7 1
8 8 1
9 9 1
10 10 1
11 11 1
12 12 1
13 13 1
14 14 1
15 15 1
16 16 1
17 17 1
18 18 1
19 19 1
20 20 1
21 21 1
22 22 1
23 23 1
24 24 1
25 25 1
26 26 1
27 27 1
28 28 1
29 29 1
30 30 1
31 31 1
32 32 1
33 33 1
34 34 1
35 35 1
36 36 1
37 37 1
38 38 1
39 39 1
//Orders
//NbOrders
18
//Idx DueDate TardinessPenalty NbProdInOrder ProdIdx1 Qty1 ProdIdx2 Qty2 ...
1 144000 0 1 1 1
2 72000 0 2 2 1 3 1
3 54000 0 3 4 1 5 1 6 1
4 54000 0 3 7 1 8 1 9 1
5 144000 0 1 10 1
6 72000 0 2 11 1 12 1
7 90000 0 1 13 1
8 36000 0 1 14 1
9 90000 0 1 15 1
10 108000 0 2 16 1 17 1
11 90000 0 3 18 1 19 1 20 1
12 108000 0 4 21 1 22 1 23 1 24 1
13 90000 0 6 25 1 26 1 27 1 28 1 29 1 30 1
14 108000 0 1 31 1
15 36000 0 4 32 1 33 1 34 1 35 1
16 108000 0 1 36 1
17 126000 0 1 37 1
18 126000 0 2 38 1 39 1
//Graph (Products are vertices indexed from 1 to NbProducts)
//NbVerticesIntersections
54
//DepartingDepot
0
//ArrivalDepot
94
//Arcs
//Start End Distance
0 40 120
1 49 37
1 50 1194
2 15 221
2 57 128
3 85 739
3 86 492
4 20 520
4 62 349
5 53 297
5 54 934
6 34 572
6 45 37
7 70 609
7 71 622
8 16 299
8 79 362
9 46 284
9 47 947
10 26 286
10 43 323
11 24 247
11 81 609
12 77 245
12 78 986
13 31 845
13 88 271
14 15 572
14 33 91
15 2 221
15 14 572
16 8 299
16 80 570
17 30 234
17 80 115
18 91 1077
18 92 154
19 59 1090
19 60 141
20 4 520
20 63 362
21 37 715
21 73 414
22 47 310
22 48 921
23 32 520
23 61 349
24 11 247
24 30 26
25 38 975
25 41 115
26 10 286
26 44 622
27 28 156
27 29 481
28 27 156
28 65 362
29 27 481
29 64 232
30 17 234
30 24 26
31 13 845
31 89 115
32 23 520
32 62 362
33 14 91
33 56 219
34 6 572
34 44 622
35 55 1064
35 56 167
36 50 1090
36 51 141
37 21 715
37 74 102
38 25 975
38 42 141
39 74 635
39 75 596
40 41 1231
40 43 48
40 94 120
41 25 115
41 40 1231
41 44 48
42 38 141
42 45 48
43 10 323
43 40 48
43 46 48
44 26 622
44 34 622
44 41 48
44 47 48
45 6 37
45 42 48
45 48 48
46 9 284
46 43 48
46 49 48
47 9 947
47 22 310
47 44 48
47 50 48
48 22 921
48 45 48
48 51 48
49 1 37
49 46 48
49 52 48
50 1 1194
50 36 1090
50 47 48
50 53 48
51 36 141
51 48 48
51 54 48
52 49 48
52 53 1231
52 55 48
53 5 297
53 50 48
53 52 1231
53 56 48
54 5 934
54 51 48
54 57 48
55 35 1064
55 52 48
55 58 48
56 33 219
56 35 167
56 53 48
56 59 48
57 2 128
57 54 48
57 60 48
58 55 48
58 59 1231
58 61 48
59 19 1090
59 56 48
59 58 1231
59 62 48
60 19 141
60 57 48
60 63 48
61 23 349
61 58 48
61 64 48
62 4 349
62 32 362
62 59 48
62 65 48
63 20 362
63 60 48
63 66 48
64 29 232
64 61 48
64 67 48
65 28 362
65 62 48
65 66 1231
65 68 48
66 63 48
66 65 1231
66 69 48
67 64 48
67 68 1231
67 70 48
68 65 48
68 67 1231
68 69 1231
68 71 48
69 66 48
69 68 1231
69 72 48
70 7 609
70 67 48
70 73 48
71 7 622
71 68 48
71 72 1231
71 74 48
72 69 48
72 71 1231
72 75 48
73 21 414
73 70 48
73 76 48
74 37 102
74 39 635
74 71 48
74 77 48
75 39 596
75 72 48
75 78 48
76 73 48
76 77 1231
76 79 48
77 12 245
77 74 48
77 76 1231
77 80 48
78 12 986
78 75 48
78 81 48
79 8 362
79 76 48
79 82 48
80 16 570
80 17 115
80 77 48
80 83 48
81 11 609
81 78 48
81 84 48
82 79 48
82 83 1231
82 85 48
83 80 48
83 82 1231
83 84 1231
83 86 48
84 81 48
84 83 1231
84 87 48
85 3 739
85 82 48
85 88 48
86 3 492
86 83 48
86 87 1231
86 89 48
87 84 48
87 86 1231
87 90 48
88 13 271
88 85 48
88 91 48
89 31 115
89 86 48
89 90 1231
89 92 48
90 87 48
90 89 1231
90 93 48
91 18 1077
91 88 48
92 18 154
92 89 48
92 93 1231
93 90 48
93 92 1231
//LocStart LocEnd ShortestPath
0 0 0
0 1 301
0 2 2694
0 3 1579
0 4 2036
0 5 1840
0 6 2593
0 7 1209
0 8 1106
0 9 500
0 10 491
0 11 2597
0 12 2172
0 13 1159
0 14 1901
0 15 2473
0 16 1405
0 17 2090
0 18 2013
0 19 2729
0 20 2556
0 21 1062
0 22 1757
0 23 805
0 24 2350
0 25 1466
0 26 777
0 27 1217
0 28 1373
0 29 736
0 30 2324
0 31 2004
0 32 1325
0 33 1810
0 34 2021
0 35 1424
0 36 2585
0 37 1777
0 38 2441
0 39 2514
0 40 120
0 41 1351
0 42 2582
0 43 168
0 44 1399
0 45 2630
0 46 216
0 47 1447
0 48 2678
0 49 264
0 50 1495
0 51 2726
0 52 312
0 53 1543
0 54 2774
0 55 360
0 56 1591
0 57 2822
0 58 408
0 59 1639
0 60 2870
0 61 456
0 62 1687
0 63 2918
0 64 504
0 65 1735
0 66 2966
0 67 552
0 68 1783
0 69 3014
0 70 600
0 71 1831
0 72 3062
0 73 648
0 74 1879
0 75 3110
0 76 696
0 77 1927
0 78 3158
0 79 744
0 80 1975
0 81 3206
0 82 792
0 83 2023
0 84 3254
0 85 840
0 86 2071
0 87 3302
0 88 888
0 89 2119
0 90 3350
0 91 936
0 92 2167
0 93 3398
0 94 0
1 0 301
1 1 0
1 2 2393
1 3 1352
1 4 1735
1 5 1539
1 6 2484
1 7 982
1 8 879
1 9 369
1 10 456
1 11 2296
1 12 1871
1 13 932
1 14 1600
1 15 2172
1 16 1178
1 17 1789
1 18 1786
1 19 2428
1 20 2255
1 21 835
1 22 1552
1 23 578
1 24 2049
1 25 1453
1 26 742
1 27 990
1 28 1146
1 29 509
1 30 2023
1 31 1777
1 32 1098
1 33 1509
1 34 1912
1 35 1197
1 36 2284
1 37 1550
1 38 2428
1 39 2213
1 40 181
1 41 1338
1 42 2569
1 43 133
1 44 1290
1 45 2521
1 46 85
1 47 1242
1 48 2473
1 49 37
1 50 1194
1 51 2425
1 52 85
1 53 1242
1 54 2473
1 55 133
1 56 1290
1 57 2521
1 58 181
1 59 1338
1 60 2569
1 61 229
1 62 1386
1 63 2617
1 64 277
1 65 1434
1 66 2665
1 67 325
1 68 1482
1 69 2713
1 70 373
1 71 1530
1 72 2761
1 73 421
1 74 1578
1 75 2809
1 76 469
1 77 1626
1 78 2857
1 79 517
1 80 1674
1 81 2905
1 82 565
1 83 1722
1 84 2953
1 85 613
1 86 1770
1 87 3001
1 88 661
1 89 1818
1 90 3049
1 91 709
1 92 1866
1 93 3097
1 94 301
2 0 2694
2 1 2393
2 2 0
2 3 2075
2 4 1106
2 5 1110
2 6 357
2 7 1965
2 8 2356
2 9 2194
2 10 2203
2 11 1121
2 12 1450
2 13 2591
2 14 793
2 15 221
2 16 2057
2 17 1602
2 18 1833
2 19 317
2 20 586
2 21 2208
2 22 1193
2 23 2081
2 24 1368
2 25 1458
2 26 1917
2 27 1765
2 28 1609
2 29 2246
2 30 1394
2 31 1746
2 32 1561
2 33 884
2 34 929
2 35 1270
2 36 365
2 37 1493
2 38 509
2 39 1012
2 40 2574
2 41 1343
2 42 368
2 43 2526
2 44 1295
2 45 320
2 46 2478
2 47 1247
2 48 272
2 49 2430
2 50 1199
2 51 224
2 52 2382
2 53 1151
2 54 176
2 55 2334
2 56 1103
2 57 128
2 58 2382
2 59 1151
2 60 176
2 61 2430
2 62 1199
2 63 224
2 64 2478
2 65 1247
2 66 272
2 67 2526
2 68 1295
2 69 320
2 70 2574
2 71 1343
2 72 368
2 73 2622
2 74 1391
2 75 416
2 76 2670
2 77 1439
2 78 464
2 79 2718
2 80 1487
2 81 512
2 82 2766
2 83 1535
2 84 560
2 85 2814
2 86 1583
2 87 608
2 88 2862
2 89 1631
2 90 656
2 91 2910
2 92 1679
2 93 704
2 94 2694
3 0 1579
3 1 1352
3 2 2075
3 3 0
3 4 1225
3 5 1317
3 6 2358
3 7 1354
3 8 1197
3 9 1647
3 10 1734
3 11 1210
3 12 881
3 13 1058
3 14 1282
3 15 1854
3 16 1158
3 17 703
3 18 742
3 19 2014
3 20 1745
3 21 1345
3 22 1426
3 23 1472
3 24 963
3 25 1327
3 26 1786
3 27 1346
3 28 1190
3 29 1307
3 30 937
3 31 655
3 32 1238
3 33 1191
3 34 1786
3 35 1139
3 36 2158
3 37 786
3 38 2302
3 39 1319
3 40 1459
3 41 1212
3 42 2443
3 43 1411
3 44 1164
3 45 2395
3 46 1363
3 47 1116
3 48 2347
3 49 1315
3 50 1068
3 51 2299
3 52 1267
3 53 1020
3 54 2251
3 55 1219
3 56 972
3 57 2203
3 58 1171
3 59 924
3 60 2155
3 61 1123
3 62 876
3 63 2107
3 64 1075
3 65 828
3 66 2059
3 67 1027
3 68 780
3 69 2011
3 70 979
3 71 732
3 72 1963
3 73 931
3 74 684
3 75 1915
3 76 883
3 77 636
3 78 1867
3 79 835
3 80 588
3 81 1819
3 82 787
3 83 540
3 84 1771
3 85 739
3 86 492
3 87 1723
3 88 787
3 89 540
3 90 1771
3 91 835
3 92 588
3 93 1819
3 94 1579
4 0 2036
4 1 1735
4 2 1106
4 3 1225
4 4 0
4 5 790
4 6 1207
4 7 1115
4 8 1506
4 9 1536
4 10 1545
4 11 1259
4 12 834
4 13 1741
4 14 755
4 15 1327
4 16 1207
4 17 752
4 18 983
4 19 1071
4 20 520
4 21 1358
4 22 899
4 23 1231
4 24 1012
4 25 800
4 26 1259
4 27 915
4 28 759
4 29 1396
4 30 986
4 31 896
4 32 711
4 33 664
4 34 1259
4 35 612
4 36 1215
4 37 643
4 38 1359
4 39 1176
4 40 1916
4 41 685
4 42 1218
4 43 1868
4 44 637
4 45 1170
4 46 1820
4 47 589
4 48 1122
4 49 1772
4 50 541
4 51 1074
4 52 1724
4 53 493
4 54 1026
4 55 1676
4 56 445
4 57 978
4 58 1628
4 59 397
4 60 930
4 61 1580
4 62 349
4 63 882
4 64 1628
4 65 397
4 66 930
4 67 1676
4 68 445
4 69 978
4 70 1724
4 71 493
4 72 1026
4 73 1772
4 74 541
4 75 1074
4 76 1820
4 77 589
4 78 1122
4 79 1868
4 80 637
4 81 1170
4 82 1916
4 83 685
4 84 1218
4 85 1964
4 86 733
4 87 1266
4 88 2012
4 89 781
4 90 1314
4 91 2060
4 92 829
4 93 1362
4 94 2036
5 0 1840
5 1 1539
5 2 1110
5 3 1317
5 4 790
5 5 0
5 6 1115
5 7 1207
5 8 1598
5 9 1340
5 10 1349
5 11 1351
5 12 926
5 13 1833
5 14 655
5 15 1227
5 16 1299
5 17 844
5 18 1075
5 19 1171
5 20 1310
5 21 1450
5 22 703
5 23 1323
5 24 1104
5 25 604
5 26 1063
5 27 1007
5 28 851
5 29 1488
5 30 1078
5 31 988
5 32 803
5 33 564
5 34 1063
5 35 512
5 36 1123
5 37 735
5 38 1267
5 39 1268
5 40 1720
5 41 489
5 42 1126
5 43 1672
5 44 441
5 45 1078
5 46 1624
5 47 393
5 48 1030
5 49 1576
5 50 345
5 51 982
5 52 1528
5 53 297
5 54 934
5 55 1576
5 56 345
5 57 982
5 58 1624
5 59 393
5 60 1030
5 61 1672
5 62 441
5 63 1078
5 64 1720
5 65 489
5 66 1126
5 67 1768
5 68 537
5 69 1174
5 70 1816
5 71 585
5 72 1222
5 73 1864
5 74 633
5 75 1270
5 76 1912
5 77 681
5 78 1318
5 79 1960
5 80 729
5 81 1366
5 82 2008
5 83 777
5 84 1414
5 85 2056
5 86 825
5 87 1462
5 88 2104
5 89 873
5 90 1510
5 91 2152
5 92 921
5 93 1558
5 94 1840
6 0 2593
6 1 2484
6 2 357
6 3 2358
6 4 1207
6 5 1115
6 6 0
6 7 2248
6 8 2639
6 9 2189
6 10 2102
6 11 1222
6 12 1551
6 13 2874
6 14 1150
6 15 578
6 16 2340
6 17 1729
6 18 2116
6 19 418
6 20 687
6 21 2491
6 22 1006
6 23 2364
6 24 1469
6 25 1201
6 26 1816
6 27 2048
6 28 1892
6 29 2529
6 30 1495
6 31 2029
6 32 1844
6 33 1241
6 34 572
6 35 1553
6 36 274
6 37 1776
6 38 226
6 39 1113
6 40 2473
6 41 1242
6 42 85
6 43 2425
6 44 1194
6 45 37
6 46 2473
6 47 1242
6 48 85
6 49 2521
6 50 1290
6 51 133
6 52 2569
6 53 1338
6 54 181
6 55 2617
6 56 1386
6 57 229
6 58 2665
6 59 1434
6 60 277
6 61 2713
6 62 1482
6 63 325
6 64 2761
6 65 1530
6 66 373
6 67 2809
6 68 1578
6 69 421
6 70 2857
6 71 1626
6 72 469
6 73 2905
6 74 1674
6 75 517
6 76 2953
6 77 1722
6 78 565
6 79 3001
6 80 1770
6 81 613
6 82 3049
6 83 1818
6 84 661
6 85 3097
6 86 1866
6 87 709
6 88 3145
6 89 1914
6 90 757
6 91 3193
6 92 1962
6 93 805
6 94 2593
7 0 1209
7 1 982
7 2 1965
7 3 1354
7 4 1115
7 5 1207
7 6 2248
7 7 0
7 8 1115
7 9 1277
7 10 1364
7 11 1388
7 12 963
7 13 1168
7 14 1172
7 15 1744
7 16 1336
7 17 881
7 18 1112
7 19 1904
7 20 1635
7 21 1071
7 22 1316
7 23 1102
7 24 1141
7 25 1217
7 26 1650
7 27 1236
7 28 1080
7 29 937
7 30 1115
7 31 1025
7 32 1128
7 33 1081
7 34 1676
7 35 1029
7 36 2048
7 37 772
7 38 2192
7 39 1305
7 40 1089
7 41 1102
7 42 2333
7 43 1041
7 44 1054
7 45 2285
7 46 993
7 47 1006
7 48 2237
7 49 945
7 50 958
7 51 2189
7 52 897
7 53 910
7 54 2141
7 55 849
7 56 862
7 57 2093
7 58 801
7 59 814
7 60 2045
7 61 753
7 62 766
7 63 1997
7 64 705
7 65 718
7 66 1949
7 67 657
7 68 670
7 69 1901
7 70 609
7 71 622
7 72 1853
7 73 657
7 74 670
7 75 1901
7 76 705
7 77 718
7 78 1949
7 79 753
7 80 766
7 81 1997
7 82 801
7 83 814
7 84 2045
7 85 849
7 86 862
7 87 2093
7 88 897
7 89 910
7 90 2141
7 91 945
7 92 958
7 93 2189
7 94 1209
8 0 1106
8 1 879
8 2 2356
8 3 1197
8 4 1506
8 5 1598
8 6 2639
8 7 1115
8 8 0
8 9 1174
8 10 1261
8 11 1491
8 12 1162
8 13 777
8 14 1563
8 15 2135
8 16 299
8 17 984
8 18 1215
8 19 2295
8 20 2026
8 21 872
8 22 1707
8 23 999
8 24 1244
8 25 1608
8 26 1547
8 27 1315
8 28 1471
8 29 834
8 30 1218
8 31 1128
8 32 1519
8 33 1472
8 34 2067
8 35 1420
8 36 2439
8 37 1067
8 38 2583
8 39 1600
8 40 986
8 41 1493
8 42 2724
8 43 938
8 44 1445
8 45 2676
8 46 890
8 47 1397
8 48 2628
8 49 842
8 50 1349
8 51 2580
8 52 794
8 53 1301
8 54 2532
8 55 746
8 56 1253
8 57 2484
8 58 698
8 59 1205
8 60 2436
8 61 650
8 62 1157
8 63 2388
8 64 602
8 65 1109
8 66 2340
8 67 554
8 68 1061
8 69 2292
8 70 506
8 71 1013
8 72 2244
8 73 458
8 74 965
8 75 2196
8 76 410
8 77 917
8 78 2148
8 79 362
8 80 869
8 81 2100
8 82 410
8 83 917
8 84 2148
8 85 458
8 86 965
8 87 2196
8 88 506
8 89 1013
8 90 2244
8 91 554
8 92 1061
8 93 2292
8 94 1106
9 0 500
9 1 369
9 2 2194
9 3 1647
9 4 1536
9 5 1340
9 6 2189
9 7 1277
9 8 1174
9 9 0
9 10 655
9 11 2097
9 12 1672
9 13 1227
9 14 1401
9 15 1973
9 16 1473
9 17 1590
9 18 1821
9 19 2229
9 20 2056
9 21 1130
9 22 1257
9 23 873
9 24 1850
9 25 1158
9 26 941
9 27 1285
9 28 1441
9 29 804
9 30 1824
9 31 1734
9 32 1393
9 33 1310
9 34 1617
9 35 1258
9 36 2085
9 37 1481
9 38 2133
9 39 2014
9 40 380
9 41 1043
9 42 2274
9 43 332
9 44 995
9 45 2226
9 46 284
9 47 947
9 48 2178
9 49 332
9 50 995
9 51 2226
9 52 380
9 53 1043
9 54 2274
9 55 428
9 56 1091
9 57 2322
9 58 476
9 59 1139
9 60 2370
9 61 524
9 62 1187
9 63 2418
9 64 572
9 65 1235
9 66 2466
9 67 620
9 68 1283
9 69 2514
9 70 668
9 71 1331
9 72 2562
9 73 716
9 74 1379
9 75 2610
9 76 764
9 77 1427
9 78 2658
9 79 812
9 80 1475
9 81 2706
9 82 860
9 83 1523
9 84 2754
9 85 908
9 86 1571
9 87 2802
9 88 956
9 89 1619
9 90 2850
9 91 1004
9 92 1667
9 93 2898
9 94 500
10 0 491
10 1 456
10 2 2203
10 3 1734
10 4 1545
10 5 1349
10 6 2102
10 7 1364
10 8 1261
10 9 655
10 10 0
10 11 2106
10 12 1681
10 13 1314
10 14 1410
10 15 1982
10 16 1560
10 17 1599
10 18 1830
10 19 2238
10 20 2065
10 21 1217
10 22 1266
10 23 960
10 24 1859
10 25 1071
10 26 286
10 27 1372
10 28 1528
10 29 891
10 30 1833
10 31 1743
10 32 1480
10 33 1319
10 34 1530
10 35 1267
10 36 2094
10 37 1490
10 38 2046
10 39 2023
10 40 371
10 41 956
10 42 2187
10 43 323
10 44 908
10 45 2139
10 46 371
10 47 956
10 48 2187
10 49 419
10 50 1004
10 51 2235
10 52 467
10 53 1052
10 54 2283
10 55 515
10 56 1100
10 57 2331
10 58 563
10 59 1148
10 60 2379
10 61 611
10 62 1196
10 63 2427
10 64 659
10 65 1244
10 66 2475
10 67 707
10 68 1292
10 69 2523
10 70 755
10 71 1340
10 72 2571
10 73 803
10 74 1388
10 75 2619
10 76 851
10 77 1436
10 78 2667
10 79 899
10 80 1484
10 81 2715
10 82 947
10 83 1532
10 84 2763
10 85 995
10 86 1580
10 87 2811
10 88 1043
10 89 1628
10 90 2859
10 91 1091
10 92 1676
10 93 2907
10 94 491
11 0 2597
11 1 2296
11 2 1121
11 3 1210
11 4 1259
11 5 1351
11 6 1222
11 7 1388
11 8 1491
11 9 2097
11 10 2106
11 11 0
11 12 915
11 13 1726
11 14 1316
11 15 1342
11 16 1192
11 17 507
11 18 968
11 19 1086
11 20 1259
11 21 1535
11 22 1460
11 23 1792
11 24 247
11 25 1361
11 26 1820
11 27 1380
11 28 1224
11 29 1861
11 30 273
11 31 881
11 32 1272
11 33 1225
11 34 1794
11 35 1173
11 36 1230
11 37 820
11 38 1374
11 39 1301
11 40 2477
11 41 1246
11 42 1233
11 43 2429
11 44 1198
11 45 1185
11 46 2381
11 47 1150
11 48 1137
11 49 2333
11 50 1102
11 51 1089
11 52 2285
11 53 1054
11 54 1041
11 55 2237
11 56 1006
11 57 993
11 58 2189
11 59 958
11 60 945
11 61 2141
11 62 910
11 63 897
11 64 2093
11 65 862
11 66 849
11 67 2045
11 68 814
11 69 801
11 70 1997
11 71 766
11 72 753
11 73 1949
11 74 718
11 75 705
11 76 1901
11 77 670
11 78 657
11 79 1853
11 80 622
11 81 609
11 82 1901
11 83 670
11 84 657
11 85 1949
11 86 718
11 87 705
11 88 1997
11 89 766
11 90 753
11 91 2045
11 92 814
11 93 801
11 94 2597
12 0 2172
12 1 1871
12 2 1450
12 3 881
12 4 834
12 5 926
12 6 1551
12 7 963
12 8 1162
12 9 1672
12 10 1681
12 11 915
12 12 0
12 13 1397
12 14 891
12 15 1463
12 16 863
12 17 408
12 18 639
12 19 1415
12 20 1354
12 21 1110
12 22 1035
12 23 1367
12 24 668
12 25 936
12 26 1395
12 27 955
12 28 799
12 29 1436
12 30 642
12 31 552
12 32 847
12 33 800
12 34 1395
12 35 748
12 36 1559
12 37 395
12 38 1703
12 39 928
12 40 2052
12 41 821
12 42 1562
12 43 2004
12 44 773
12 45 1514
12 46 1956
12 47 725
12 48 1466
12 49 1908
12 50 677
12 51 1418
12 52 1860
12 53 629
12 54 1370
12 55 1812
12 56 581
12 57 1322
12 58 1764
12 59 533
12 60 1274
12 61 1716
12 62 485
12 63 1226
12 64 1668
12 65 437
12 66 1178
12 67 1620
12 68 389
12 69 1130
12 70 1572
12 71 341
12 72 1082
12 73 1524
12 74 293
12 75 1034
12 76 1476
12 77 245
12 78 986
12 79 1524
12 80 293
12 81 1034
12 82 1572
12 83 341
12 84 1082
12 85 1620
12 86 389
12 87 1130
12 88 1668
12 89 437
12 90 1178
12 91 1716
12 92 485
12 93 1226
12 94 2172
13 0 1159
13 1 932
13 2 2591
13 3 1058
13 4 1741
13 5 1833
13 6 2874
13 7 1168
13 8 777
13 9 1227
13 10 1314
13 11 1726
13 12 1397
13 13 0
13 14 1798
13 15 2370
13 16 1076
13 17 1219
13 18 1162
13 19 2530
13 20 2261
13 21 925
13 22 1942
13 23 1052
13 24 1479
13 25 1843
13 26 1600
13 27 1368
13 28 1524
13 29 887
13 30 1453
13 31 845
13 32 1572
13 33 1707
13 34 2302
13 35 1655
13 36 2674
13 37 1302
13 38 2818
13 39 1835
13 40 1039
13 41 1728
13 42 2959
13 43 991
13 44 1680
13 45 2911
13 46 943
13 47 1632
13 48 2863
13 49 895
13 50 1584
13 51 2815
13 52 847
13 53 1536
13 54 2767
13 55 799
13 56 1488
13 57 2719
13 58 751
13 59 1440
13 60 2671
13 61 703
13 62 1392
13 63 2623
13 64 655
13 65 1344
13 66 2575
13 67 607
13 68 1296
13 69 2527
13 70 559
13 71 1248
13 72 2479
13 73 511
13 74 1200
13 75 2431
13 76 463
13 77 1152
13 78 2383
13 79 415
13 80 1104
13 81 2335
13 82 367
13 83 1056
13 84 2287
13 85 319
13 86 1008
13 87 2239
13 88 271
13 89 960
13 90 2191
13 91 319
13 92 1008
13 93 2239
13 94 1159
14 0 1901
14 1 1600
14 2 793
14 3 1282
14 4 755
14 5 655
14 6 1150
14 7 1172
14 8 1563
14 9 1401
14 10 1410
14 11 1316
14 12 891
14 13 1798
14 14 0
14 15 572
14 16 1264
14 17 809
14 18 1040
14 19 1110
14 20 1275
14 21 1415
14 22 764
14 23 1288
14 24 1069
14 25 665
14 26 1124
14 27 972
14 28 816
14 29 1453
14 30 1043
14 31 953
14 32 768
14 33 91
14 34 1124
14 35 477
14 36 1158
14 37 700
14 38 1302
14 39 1233
14 40 1781
14 41 550
14 42 1161
14 43 1733
14 44 502
14 45 1113
14 46 1685
14 47 454
14 48 1065
14 49 1637
14 50 406
14 51 1017
14 52 1589
14 53 358
14 54 969
14 55 1541
14 56 310
14 57 921
14 58 1589
14 59 358
14 60 969
14 61 1637
14 62 406
14 63 1017
14 64 1685
14 65 454
14 66 1065
14 67 1733
14 68 502
14 69 1113
14 70 1781
14 71 550
14 72 1161
14 73 1829
14 74 598
14 75 1209
14 76 1877
14 77 646
14 78 1257
14 79 1925
14 80 694
14 81 1305
14 82 1973
14 83 742
14 84 1353
14 85 2021
14 86 790
14 87 1401
14 88 2069
14 89 838
14 90 1449
14 91 2117
14 92 886
14 93 1497
14 94 1901
15 0 2473
15 1 2172
15 2 221
15 3 1854
15 4 1327
15 5 1227
15 6 578
15 7 1744
15 8 2135
15 9 1973
15 10 1982
15 11 1342
15 12 1463
15 13 2370
15 14 572
15 15 0
15 16 1836
15 17 1381
15 18 1612
15 19 538
15 20 807
15 21 1987
15 22 1336
15 23 1860
15 24 1589
15 25 1237
15 26 1696
15 27 1544
15 28 1388
15 29 2025
15 30 1615
15 31 1525
15 32 1340
15 33 663
15 34 1150
15 35 1049
15 36 586
15 37 1272
15 38 730
15 39 1233
15 40 2353
15 41 1122
15 42 589
15 43 2305
15 44 1074
15 45 541
15 46 2257
15 47 1026
15 48 493
15 49 2209
15 50 978
15 51 445
15 52 2161
15 53 930
15 54 397
15 55 2113
15 56 882
15 57 349
15 58 2161
15 59 930
15 60 397
15 61 2209
15 62 978
15 63 445
15 64 2257
15 65 1026
15 66 493
15 67 2305
15 68 1074
15 69 541
15 70 2353
15 71 1122
15 72 589
15 73 2401
15 74 1170
15 75 637
15 76 2449
15 77 1218
15 78 685
15 79 2497
15 80 1266
15 81 733
15 82 2545
15 83 1314
15 84 781
15 85 2593
15 86 1362
15 87 829
15 88 2641
15 89 1410
15 90 877
15 91 2689
15 92 1458
15 93 925
15 94 2473
16 0 1405
16 1 1178
16 2 2057
16 3 1158
16 4 1207
16 5 1299
16 6 2340
16 7 1336
16 8 299
16 9 1473
16 10 1560
16 11 1192
16 12 863
16 13 1076
16 14 1264
16 15 1836
16 16 0
16 17 685
16 18 916
16 19 1996
16 20 1727
16 21 1171
16 22 1408
16 23 1298
16 24 945
16 25 1309
16 26 1768
16 27 1328
16 28 1172
16 29 1133
16 30 919
16 31 829
16 32 1220
16 33 1173
16 34 1768
16 35 1121
16 36 2140
16 37 768
16 38 2284
16 39 1301
16 40 1285
16 41 1194
16 42 2425
16 43 1237
16 44 1146
16 45 2377
16 46 1189
16 47 1098
16 48 2329
16 49 1141
16 50 1050
16 51 2281
16 52 1093
16 53 1002
16 54 2233
16 55 1045
16 56 954
16 57 2185
16 58 997
16 59 906
16 60 2137
16 61 949
16 62 858
16 63 2089
16 64 901
16 65 810
16 66 2041
16 67 853
16 68 762
16 69 1993
16 70 805
16 71 714
16 72 1945
16 73 757
16 74 666
16 75 1897
16 76 709
16 77 618
16 78 1849
16 79 661
16 80 570
16 81 1801
16 82 709
16 83 618
16 84 1849
16 85 757
16 86 666
16 87 1897
16 88 805
16 89 714
16 90 1945
16 91 853
16 92 762
16 93 1993
16 94 1405
17 0 2090
17 1 1789
17 2 1602
17 3 703
17 4 752
17 5 844
17 6 1729
17 7 881
17 8 984
17 9 1590
17 10 1599
17 11 507
17 12 408
17 13 1219
17 14 809
17 15 1381
17 16 685
17 17 0
17 18 461
17 19 1541
17 20 1272
17 21 1028
17 22 953
17 23 1285
17 24 260
17 25 854
17 26 1313
17 27 873
17 28 717
17 29 1354
17 30 234
17 31 374
17 32 765
17 33 718
17 34 1313
17 35 666
17 36 1685
17 37 313
17 38 1829
17 39 846
17 40 1970
17 41 739
17 42 1740
17 43 1922
17 44 691
17 45 1692
17 46 1874
17 47 643
17 48 1644
17 49 1826
17 50 595
17 51 1596
17 52 1778
17 53 547
17 54 1548
17 55 1730
17 56 499
17 57 1500
17 58 1682
17 59 451
17 60 1452
17 61 1634
17 62 403
17 63 1404
17 64 1586
17 65 355
17 66 1356
17 67 1538
17 68 307
17 69 1308
17 70 1490
17 71 259
17 72 1260
17 73 1442
17 74 211
17 75 1212
17 76 1394
17 77 163
17 78 1164
17 79 1346
17 80 115
17 81 1116
17 82 1394
17 83 163
17 84 1164
17 85 1442
17 86 211
17 87 1212
17 88 1490
17 89 259
17 90 1260
17 91 1538
17 92 307
17 93 1308
17 94 2090
18 0 2013
18 1 1786
18 2 1833
18 3 742
18 4 983
18 5 1075
18 6 2116
18 7 1112
18 8 1215
18 9 1821
18 10 1830
18 11 968
18 12 639
18 13 1162
18 14 1040
18 15 1612
18 16 916
18 17 461
18 18 0
18 19 1772
18 20 1503
18 21 1259
18 22 1184
18 23 1516
18 24 721
18 25 1085
18 26 1544
18 27 1104
18 28 948
18 29 1585
18 30 695
18 31 317
18 32 996
18 33 949
18 34 1544
18 35 897
18 36 1916
18 37 544
18 38 2060
18 39 1077
18 40 1893
18 41 970
18 42 2201
18 43 1845
18 44 922
18 45 2153
18 46 1797
18 47 874
18 48 2105
18 49 1749
18 50 826
18 51 2057
18 52 1701
18 53 778
18 54 2009
18 55 1653
18 56 730
18 57 1961
18 58 1605
18 59 682
18 60 1913
18 61 1557
18 62 634
18 63 1865
18 64 1509
18 65 586
18 66 1817
18 67 1461
18 68 538
18 69 1769
18 70 1413
18 71 490
18 72 1721
18 73 1365
18 74 442
18 75 1673
18 76 1317
18 77 394
18 78 1625
18 79 1269
18 80 346
18 81 1577
18 82 1221
18 83 298
18 84 1529
18 85 1173
18 86 250
18 87 1481
18 88 1125
18 89 202
18 90 1433
18 91 1077
18 92 154
18 93 1385
18 94 2013
19 0 2729
19 1 2428
19 2 317
19 3 2014
19 4 1071
19 5 1171
19 6 418
19 7 1904
19 8 2295
19 9 2229
19 10 2238
19 11 1086
19 12 1415
19 13 2530
19 14 1110
19 15 538
19 16 1996
19 17 1541
19 18 1772
19 19 0
19 20 551
19 21 2147
19 22 1254
19 23 2020
19 24 1333
19 25 1493
19 26 1952
19 27 1704
19 28 1548
19 29 2185
19 30 1359
19 31 1685
19 32 1500
19 33 1201
19 34 990
19 35 1305
19 36 426
19 37 1432
19 38 570
19 39 977
19 40 2609
19 41 1378
19 42 429
19 43 2561
19 44 1330
19 45 381
19 46 2513
19 47 1282
19 48 333
19 49 2465
19 50 1234
19 51 285
19 52 2417
19 53 1186
19 54 237
19 55 2369
19 56 1138
19 57 189
19 58 2321
19 59 1090
19 60 141
19 61 2369
19 62 1138
19 63 189
19 64 2417
19 65 1186
19 66 237
19 67 2465
19 68 1234
19 69 285
19 70 2513
19 71 1282
19 72 333
19 73 2561
19 74 1330
19 75 381
19 76 2609
19 77 1378
19 78 429
19 79 2657
19 80 1426
19 81 477
19 82 2705
19 83 1474
19 84 525
19 85 2753
19 86 1522
19 87 573
19 88 2801
19 89 1570
19 90 621
19 91 2849
19 92 1618
19 93 669
19 94 2729
20 0 2556
20 1 2255
20 2 586
20 3 1745
20 4 520
20 5 1310
20 6 687
20 7 1635
20 8 2026
20 9 2056
20 10 2065
20 11 1259
20 12 1354
20 13 2261
20 14 1275
20 15 807
20 16 1727
20 17 1272
20 18 1503
20 19 551
20 20 0
20 21 1878
20 22 1419
20 23 1751
20 24 1506
20 25 1320
20 26 1779
20 27 1435
20 28 1279
20 29 1916
20 30 1506
20 31 1416
20 32 1231
20 33 1184
20 34 1259
20 35 1132
20 36 695
20 37 1163
20 38 839
20 39 1150
20 40 2436
20 41 1205
20 42 698
20 43 2388
20 44 1157
20 45 650
20 46 2340
20 47 1109
20 48 602
20 49 2292
20 50 1061
20 51 554
20 52 2244
20 53 1013
20 54 506
20 55 2196
20 56 965
20 57 458
20 58 2148
20 59 917
20 60 410
20 61 2100
20 62 869
20 63 362
20 64 2148
20 65 917
20 66 410
20 67 2196
20 68 965
20 69 458
20 70 2244
20 71 1013
20 72 506
20 73 2292
20 74 1061
20 75 554
20 76 2340
20 77 1109
20 78 602
20 79 2388
20 80 1157
20 81 650
20 82 2436
20 83 1205
20 84 698
20 85 2484
20 86 1253
20 87 746
20 88 2532
20 89 1301
20 90 794
20 91 2580
20 92 1349
20 93 842
20 94 2556
21 0 1062
21 1 835
21 2 2208
21 3 1345
21 4 1358
21 5 1450
21 6 2491
21 7 1071
21 8 872
21 9 1130
21 10 1217
21 11 1535
21 12 1110
21 13 925
21 14 1415
21 15 1987
21 16 1171
21 17 1028
21 18 1259
21 19 2147
21 20 1878
21 21 0
21 22 1559
21 23 955
21 24 1288
21 25 1460
21 26 1503
21 27 1271
21 28 1323
21 29 790
21 30 1262
21 31 1172
21 32 1371
21 33 1324
21 34 1919
21 35 1272
21 36 2291
21 37 715
21 38 2435
21 39 1452
21 40 942
21 41 1345
21 42 2576
21 43 894
21 44 1297
21 45 2528
21 46 846
21 47 1249
21 48 2480
21 49 798
21 50 1201
21 51 2432
21 52 750
21 53 1153
21 54 2384
21 55 702
21 56 1105
21 57 2336
21 58 654
21 59 1057
21 60 2288
21 61 606
21 62 1009
21 63 2240
21 64 558
21 65 961
21 66 2192
21 67 510
21 68 913
21 69 2144
21 70 462
21 71 865
21 72 2096
21 73 414
21 74 817
21 75 2048
21 76 462
21 77 865
21 78 2096
21 79 510
21 80 913
21 81 2144
21 82 558
21 83 961
21 84 2192
21 85 606
21 86 1009
21 87 2240
21 88 654
21 89 1057
21 90 2288
21 91 702
21 92 1105
21 93 2336
21 94 1062
22 0 1757
22 1 1552
22 2 1193
22 3 1426
22 4 899
22 5 703
22 6 1006
22 7 1316
22 8 1707
22 9 1257
22 10 1266
22 11 1460
22 12 1035
22 13 1942
22 14 764
22 15 1336
22 16 1408
22 17 953
22 18 1184
22 19 1254
22 20 1419
22 21 1559
22 22 0
22 23 1432
22 24 1213
22 25 521
22 26 980
22 27 1116
22 28 960
22 29 1597
22 30 1187
22 31 1097
22 32 912
22 33 673
22 34 980
22 35 621
22 36 1110
22 37 844
22 38 1158
22 39 1377
22 40 1637
22 41 406
22 42 1017
22 43 1589
22 44 358
22 45 969
22 46 1541
22 47 310
22 48 921
22 49 1589
22 50 358
22 51 969
22 52 1637
22 53 406
22 54 1017
22 55 1685
22 56 454
22 57 1065
22 58 1733
22 59 502
22 60 1113
22 61 1781
22 62 550
22 63 1161
22 64 1829
22 65 598
22 66 1209
22 67 1877
22 68 646
22 69 1257
22 70 1925
22 71 694
22 72 1305
22 73 1973
22 74 742
22 75 1353
22 76 2021
22 77 790
22 78 1401
22 79 2069
22 80 838
22 81 1449
22 82 2117
22 83 886
22 84 1497
22 85 2165
22 86 934
22 87 1545
22 88 2213
22 89 982
22 90 1593
22 91 2261
22 92 1030
22 93 1641
22 94 1757
23 0 805
23 1 578
23 2 2081
23 3 1472
23 4 1231
23 5 1323
23 6 2364
23 7 1102
23 8 999
23 9 873
23 10 960
23 11 1792
23 12 1367
23 13 1052
23 14 1288
23 15 1860
23 16 1298
23 17 1285
23 18 1516
23 19 2020
23 20 1751
23 21 955
23 22 1432
23 23 0
23 24 1545
23 25 1333
23 26 1246
23 27 1110
23 28 1266
23 29 629
23 30 1519
23 31 1429
23 32 520
23 33 1197
23 34 1792
23 35 1145
23 36 2164
23 37 1176
23 38 2308
23 39 1709
23 40 685
23 41 1218
23 42 2449
23 43 637
23 44 1170
23 45 2401
23 46 589
23 47 1122
23 48 2353
23 49 541
23 50 1074
23 51 2305
23 52 493
23 53 1026
23 54 2257
23 55 445
23 56 978
23 57 2209
23 58 397
23 59 930
23 60 2161
23 61 349
23 62 882
23 63 2113
23 64 397
23 65 930
23 66 2161
23 67 445
23 68 978
23 69 2209
23 70 493
23 71 1026
23 72 2257
23 73 541
23 74 1074
23 75 2305
23 76 589
23 77 1122
23 78 2353
23 79 637
23 80 1170
23 81 2401
23 82 685
23 83 1218
23 84 2449
23 85 733
23 86 1266
23 87 2497
23 88 781
23 89 1314
23 90 2545
23 91 829
23 92 1362
23 93 2593
23 94 805
24 0 2350
24 1 2049
24 2 1368
24 3 963
24 4 1012
24 5 1104
24 6 1469
24 7 1141
24 8 1244
24 9 1850
24 10 1859
24 11 247
24 12 668
24 13 1479
24 14 1069
24 15 1589
24 16 945
24 17 260
24 18 721
24 19 1333
24 20 1506
24 21 1288
24 22 1213
24 23 1545
24 24 0
24 25 1114
24 26 1573
24 27 1133
24 28 977
24 29 1614
24 30 26
24 31 634
24 32 1025
24 33 978
24 34 1573
24 35 926
24 36 1477
24 37 573
24 38 1621
24 39 1106
24 40 2230
24 41 999
24 42 1480
24 43 2182
24 44 951
24 45 1432
24 46 2134
24 47 903
24 48 1384
24 49 2086
24 50 855
24 51 1336
24 52 2038
24 53 807
24 54 1288
24 55 1990
24 56 759
24 57 1240
24 58 1942
24 59 711
24 60 1192
24 61 1894
24 62 663
24 63 1144
24 64 1846
24 65 615
24 66 1096
24 67 1798
24 68 567
24 69 1048
24 70 1750
24 71 519
24 72 1000
24 73 1702
24 74 471
24 75 952
24 76 1654
24 77 423
24 78 904
24 79 1606
24 80 375
24 81 856
24 82 1654
24 83 423
24 84 904
24 85 1702
24 86 471
24 87 952
24 88 1750
24 89 519
24 90 1000
24 91 1798
24 92 567
24 93 1048
24 94 2350
25 0 1466
25 1 1453
25 2 1458
25 3 1327
25 4 800
25 5 604
25 6 1201
25 7 1217
25 8 1608
25 9 1158
25 10 1071
25 11 1361
25 12 936
25 13 1843
25 14 665
25 15 1237
25 16 1309
25 17 854
25 18 1085
25 19 1493
25 20 1320
25 21 1460
25 22 521
25 23 1333
25 24 1114
25 25 0
25 26 785
25 27 1017
25 28 861
25 29 1498
25 30 1088
25 31 998
25 32 813
25 33 574
25 34 785
25 35 522
25 36 1349
25 37 745
25 38 975
25 39 1278
25 40 1346
25 41 115
25 42 1116
25 43 1394
25 44 163
25 45 1164
25 46 1442
25 47 211
25 48 1212
25 49 1490
25 50 259
25 51 1260
25 52 1538
25 53 307
25 54 1308
25 55 1586
25 56 355
25 57 1356
25 58 1634
25 59 403
25 60 1404
25 61 1682
25 62 451
25 63 1452
25 64 1730
25 65 499
25 66 1500
25 67 1778
25 68 547
25 69 1548
25 70 1826
25 71 595
25 72 1596
25 73 1874
25 74 643
25 75 1644
25 76 1922
25 77 691
25 78 1692
25 79 1970
25 80 739
25 81 1740
25 82 2018
25 83 787
25 84 1788
25 85 2066
25 86 835
25 87 1836
25 88 2114
25 89 883
25 90 1884
25 91 2162
25 92 931
25 93 1932
25 94 1466
26 0 777
26 1 742
26 2 1917
26 3 1786
26 4 1259
26 5 1063
26 6 1816
26 7 1650
26 8 1547
26 9 941
26 10 286
26 11 1820
26 12 1395
26 13 1600
26 14 1124
26 15 1696
26 16 1768
26 17 1313
26 18 1544
26 19 1952
26 20 1779
26 21 1503
26 22 980
26 23 1246
26 24 1573
26 25 785
26 26 0
26 27 1476
26 28 1320
26 29 1177
26 30 1547
26 31 1457
26 32 1272
26 33 1033
26 34 1244
26 35 981
26 36 1808
26 37 1204
26 38 1760
26 39 1737
26 40 657
26 41 670
26 42 1901
26 43 609
26 44 622
26 45 1853
26 46 657
26 47 670
26 48 1901
26 49 705
26 50 718
26 51 1949
26 52 753
26 53 766
26 54 1997
26 55 801
26 56 814
26 57 2045
26 58 849
26 59 862
26 60 2093
26 61 897
26 62 910
26 63 2141
26 64 945
26 65 958
26 66 2189
26 67 993
26 68 1006
26 69 2237
26 70 1041
26 71 1054
26 72 2285
26 73 1089
26 74 1102
26 75 2333
26 76 1137
26 77 1150
26 78 2381
26 79 1185
26 80 1198
26 81 2429
26 82 1233
26 83 1246
26 84 2477
26 85 1281
26 86 1294
26 87 2525
26 88 1329
26 89 1342
26 90 2573
26 91 1377
26 92 1390
26 93 2621
26 94 777
27 0 1217
27 1 990
27 2 1765
27 3 1346
27 4 915
27 5 1007
27 6 2048
27 7 1236
27 8 1315
27 9 1285
27 10 1372
27 11 1380
27 12 955
27 13 1368
27 14 972
27 15 1544
27 16 1328
27 17 873
27 18 1104
27 19 1704
27 20 1435
27 21 1271
27 22 1116
27 23 1110
27 24 1133
27 25 1017
27 26 1476
27 27 0
27 28 156
27 29 481
27 30 1107
27 31 1017
27 32 928
27 33 881
27 34 1476
27 35 829
27 36 1848
27 37 764
27 38 1992
27 39 1297
27 40 1097
27 41 902
27 42 2133
27 43 1049
27 44 854
27 45 2085
27 46 1001
27 47 806
27 48 2037
27 49 953
27 50 758
27 51 1989
27 52 905
27 53 710
27 54 1941
27 55 857
27 56 662
27 57 1893
27 58 809
27 59 614
27 60 1845
27 61 761
27 62 566
27 63 1797
27 64 713
27 65 518
27 66 1749
27 67 761
27 68 566
27 69 1797
27 70 809
27 71 614
27 72 1845
27 73 857
27 74 662
27 75 1893
27 76 905
27 77 710
27 78 1941
27 79 953
27 80 758
27 81 1989
27 82 1001
27 83 806
27 84 2037
27 85 1049
27 86 854
27 87 2085
27 88 1097
27 89 902
27 90 2133
27 91 1145
27 92 950
27 93 2181
27 94 1217
28 0 1373
28 1 1146
28 2 1609
28 3 1190
28 4 759
28 5 851
28 6 1892
28 7 1080
28 8 1471
28 9 1441
28 10 1528
28 11 1224
28 12 799
28 13 1524
28 14 816
28 15 1388
28 16 1172
28 17 717
28 18 948
28 19 1548
28 20 1279
28 21 1323
28 22 960
28 23 1266
28 24 977
28 25 861
28 26 1320
28 27 156
28 28 0
28 29 637
28 30 951
28 31 861
28 32 772
28 33 725
28 34 1320
28 35 673
28 36 1692
28 37 608
28 38 1836
28 39 1141
28 40 1253
28 41 746
28 42 1977
28 43 1205
28 44 698
28 45 1929
28 46 1157
28 47 650
28 48 1881
28 49 1109
28 50 602
28 51 1833
28 52 1061
28 53 554
28 54 1785
28 55 1013
28 56 506
28 57 1737
28 58 965
28 59 458
28 60 1689
28 61 917
28 62 410
28 63 1641
28 64 869
28 65 362
28 66 1593
28 67 917
28 68 410
28 69 1641
28 70 965
28 71 458
28 72 1689
28 73 1013
28 74 506
28 75 1737
28 76 1061
28 77 554
28 78 1785
28 79 1109
28 80 602
28 81 1833
28 82 1157
28 83 650
28 84 1881
28 85 1205
28 86 698
28 87 1929
28 88 1253
28 89 746
28 90 1977
28 91 1301
28 92 794
28 93 2025
28 94 1373
29 0 736
29 1 509
29 2 2246
29 3 1307
29 4 1396
29 5 1488
29 6 2529
29 7 937
29 8 834
29 9 804
29 10 891
29 11 1861
29 12 1436
29 13 887
29 14 1453
29 15 2025
29 16 1133
29 17 1354
29 18 1585
29 19 2185
29 20 1916
29 21 790
29 22 1597
29 23 629
29 24 1614
29 25 1498
29 26 1177
29 27 481
29 28 637
29 29 0
29 30 1588
29 31 1498
29 32 1149
29 33 1362
29 34 1957
29 35 1310
29 36 2329
29 37 1245
29 38 2473
29 39 1778
29 40 616
29 41 1383
29 42 2614
29 43 568
29 44 1335
29 45 2566
29 46 520
29 47 1287
29 48 2518
29 49 472
29 50 1239
29 51 2470
29 52 424
29 53 1191
29 54 2422
29 55 376
29 56 1143
29 57 2374
29 58 328
29 59 1095
29 60 2326
29 61 280
29 62 1047
29 63 2278
29 64 232
29 65 999
29 66 2230
29 67 280
29 68 1047
29 69 2278
29 70 328
29 71 1095
29 72 2326
29 73 376
29 74 1143
29 75 2374
29 76 424
29 77 1191
29 78 2422
29 79 472
29 80 1239
29 81 2470
29 82 520
29 83 1287
29 84 2518
29 85 568
29 86 1335
29 87 2566
29 88 616
29 89 1383
29 90 2614
29 91 664
29 92 1431
29 93 2662
29 94 736
30 0 2324
30 1 2023
30 2 1394
30 3 937
30 4 986
30 5 1078
30 6 1495
30 7 1115
30 8 1218
30 9 1824
30 10 1833
30 11 273
30 12 642
30 13 1453
30 14 1043
30 15 1615
30 16 919
30 17 234
30 18 695
30 19 1359
30 20 1506
30 21 1262
30 22 1187
30 23 1519
30 24 26
30 25 1088
30 26 1547
30 27 1107
30 28 951
30 29 1588
30 30 0
30 31 608
30 32 999
30 33 952
30 34 1547
30 35 900
30 36 1503
30 37 547
30 38 1647
30 39 1080
30 40 2204
30 41 973
30 42 1506
30 43 2156
30 44 925
30 45 1458
30 46 2108
30 47 877
30 48 1410
30 49 2060
30 50 829
30 51 1362
30 52 2012
30 53 781
30 54 1314
30 55 1964
30 56 733
30 57 1266
30 58 1916
30 59 685
30 60 1218
30 61 1868
30 62 637
30 63 1170
30 64 1820
30 65 589
30 66 1122
30 67 1772
30 68 541
30 69 1074
30 70 1724
30 71 493
30 72 1026
30 73 1676
30 74 445
30 75 978
30 76 1628
30 77 397
30 78 930
30 79 1580
30 80 349
30 81 882
30 82 1628
30 83 397
30 84 930
30 85 1676
30 86 445
30 87 978
30 88 1724
30 89 493
30 90 1026
30 91 1772
30 92 541
30 93 1074
30 94 2324
31 0 2004
31 1 1777
31 2 1746
31 3 655
31 4 896
31 5 988
31 6 2029
31 7 1025
31 8 1128
31 9 1734
31 10 1743
31 11 881
31 12 552
31 13 845
31 14 953
31 15 1525
31 16 829
31 17 374
31 18 317
31 19 1685
31 20 1416
31 21 1172
31 22 1097
31 23 1429
31 24 634
31 25 998
31 26 1457
31 27 1017
31 28 861
31 29 1498
31 30 608
31 31 0
31 32 909
31 33 862
31 34 1457
31 35 810
31 36 1829
31 37 457
31 38 1973
31 39 990
31 40 1884
31 41 883
31 42 2114
31 43 1836
31 44 835
31 45 2066
31 46 1788
31 47 787
31 48 2018
31 49 1740
31 50 739
31 51 1970
31 52 1692
31 53 691
31 54 1922
31 55 1644
31 56 643
31 57 1874
31 58 1596
31 59 595
31 60 1826
31 61 1548
31 62 547
31 63 1778
31 64 1500
31 65 499
31 66 1730
31 67 1452
31 68 451
31 69 1682
31 70 1404
31 71 403
31 72 1634
31 73 1356
31 74 355
31 75 1586
31 76 1308
31 77 307
31 78 1538
31 79 1260
31 80 259
31 81 1490
31 82 1212
31 83 211
31 84 1442
31 85 1164
31 86 163
31 87 1394
31 88 1116
31 89 115
31 90 1346
31 91 1164
31 92 163
31 93 1394
31 94 2004
32 0 1325
32 1 1098
32 2 1561
32 3 1238
32 4 711
32 5 803
32 6 1844
32 7 1128
32 8 1519
32 9 1393
32 10 1480
32 11 1272
32 12 847
32 13 1572
32 14 768
32 15 1340
32 16 1220
32 17 765
32 18 996
32 19 1500
32 20 1231
32 21 1371
32 22 912
32 23 520
32 24 1025
32 25 813
32 26 1272
32 27 928
32 28 772
32 29 1149
32 30 999
32 31 909
32 32 0
32 33 677
32 34 1272
32 35 625
32 36 1644
32 37 656
32 38 1788
32 39 1189
32 40 1205
32 41 698
32 42 1929
32 43 1157
32 44 650
32 45 1881
32 46 1109
32 47 602
32 48 1833
32 49 1061
32 50 554
32 51 1785
32 52 1013
32 53 506
32 54 1737
32 55 965
32 56 458
32 57 1689
32 58 917
32 59 410
32 60 1641
32 61 869
32 62 362
32 63 1593
32 64 917
32 65 410
32 66 1641
32 67 965
32 68 458
32 69 1689
32 70 1013
32 71 506
32 72 1737
32 73 1061
32 74 554
32 75 1785
32 76 1109
32 77 602
32 78 1833
32 79 1157
32 80 650
32 81 1881
32 82 1205
32 83 698
32 84 1929
32 85 1253
32 86 746
32 87 1977
32 88 1301
32 89 794
32 90 2025
32 91 1349
32 92 842
32 93 2073
32 94 1325
33 0 1810
33 1 1509
33 2 884
33 3 1191
33 4 664
33 5 564
33 6 1241
33 7 1081
33 8 1472
33 9 1310
33 10 1319
33 11 1225
33 12 800
33 13 1707
33 14 91
33 15 663
33 16 1173
33 17 718
33 18 949
33 19 1201
33 20 1184
33 21 1324
33 22 673
33 23 1197
33 24 978
33 25 574
33 26 1033
33 27 881
33 28 725
33 29 1362
33 30 952
33 31 862
33 32 677
33 33 0
33 34 1033
33 35 386
33 36 1249
33 37 609
33 38 1393
33 39 1142
33 40 1690
33 41 459
33 42 1252
33 43 1642
33 44 411
33 45 1204
33 46 1594
33 47 363
33 48 1156
33 49 1546
33 50 315
33 51 1108
33 52 1498
33 53 267
33 54 1060
33 55 1450
33 56 219
33 57 1012
33 58 1498
33 59 267
33 60 1060
33 61 1546
33 62 315
33 63 1108
33 64 1594
33 65 363
33 66 1156
33 67 1642
33 68 411
33 69 1204
33 70 1690
33 71 459
33 72 1252
33 73 1738
33 74 507
33 75 1300
33 76 1786
33 77 555
33 78 1348
33 79 1834
33 80 603
33 81 1396
33 82 1882
33 83 651
33 84 1444
33 85 1930
33 86 699
33 87 1492
33 88 1978
33 89 747
33 90 1540
33 91 2026
33 92 795
33 93 1588
33 94 1810
34 0 2021
34 1 1912
34 2 929
34 3 1786
34 4 1259
34 5 1063
34 6 572
34 7 1676
34 8 2067
34 9 1617
34 10 1530
34 11 1794
34 12 1395
34 13 2302
34 14 1124
34 15 1150
34 16 1768
34 17 1313
34 18 1544
34 19 990
34 20 1259
34 21 1919
34 22 980
34 23 1792
34 24 1573
34 25 785
34 26 1244
34 27 1476
34 28 1320
34 29 1957
34 30 1547
34 31 1457
34 32 1272
34 33 1033
34 34 0
34 35 981
34 36 846
34 37 1204
34 38 798
34 39 1685
34 40 1901
34 41 670
34 42 657
34 43 1853
34 44 622
34 45 609
34 46 1901
34 47 670
34 48 657
34 49 1949
34 50 718
34 51 705
34 52 1997
34 53 766
34 54 753
34 55 2045
34 56 814
34 57 801
34 58 2093
34 59 862
34 60 849
34 61 2141
34 62 910
34 63 897
34 64 2189
34 65 958
34 66 945
34 67 2237
34 68 1006
34 69 993
34 70 2285
34 71 1054
34 72 1041
34 73 2333
34 74 1102
34 75 1089
34 76 2381
34 77 1150
34 78 1137
34 79 2429
34 80 1198
34 81 1185
34 82 2477
34 83 1246
34 84 1233
34 85 2525
34 86 1294
34 87 1281
34 88 2573
34 89 1342
34 90 1329
34 91 2621
34 92 1390
34 93 1377
34 94 2021
35 0 1424
35 1 1197
35 2 1270
35 3 1139
35 4 612
35 5 512
35 6 1553
35 7 1029
35 8 1420
35 9 1258
35 10 1267
35 11 1173
35 12 748
35 13 1655
35 14 477
35 15 1049
35 16 1121
35 17 666
35 18 897
35 19 1305
35 20 1132
35 21 1272
35 22 621
35 23 1145
35 24 926
35 25 522
35 26 981
35 27 829
35 28 673
35 29 1310
35 30 900
35 31 810
35 32 625
35 33 386
35 34 981
35 35 0
35 36 1353
35 37 557
35 38 1497
35 39 1090
35 40 1304
35 41 407
35 42 1638
35 43 1256
35 44 359
35 45 1590
35 46 1208
35 47 311
35 48 1542
35 49 1160
35 50 263
35 51 1494
35 52 1112
35 53 215
35 54 1446
35 55 1064
35 56 167
35 57 1398
35 58 1112
35 59 215
35 60 1446
35 61 1160
35 62 263
35 63 1494
35 64 1208
35 65 311
35 66 1542
35 67 1256
35 68 359
35 69 1590
35 70 1304
35 71 407
35 72 1638
35 73 1352
35 74 455
35 75 1686
35 76 1400
35 77 503
35 78 1734
35 79 1448
35 80 551
35 81 1782
35 82 1496
35 83 599
35 84 1830
35 85 1544
35 86 647
35 87 1878
35 88 1592
35 89 695
35 90 1926
35 91 1640
35 92 743
35 93 1974
35 94 1424
36 0 2585
36 1 2284
36 2 365
36 3 2158
36 4 1215
36 5 1123
36 6 274
36 7 2048
36 8 2439
36 9 2085
36 10 2094
36 11 1230
36 12 1559
36 13 2674
36 14 1158
36 15 586
36 16 2140
36 17 1685
36 18 1916
36 19 426
36 20 695
36 21 2291
36 22 1110
36 23 2164
36 24 1477
36 25 1349
36 26 1808
36 27 1848
36 28 1692
36 29 2329
36 30 1503
36 31 1829
36 32 1644
36 33 1249
36 34 846
36 35 1353
36 36 0
36 37 1576
36 38 426
36 39 1121
36 40 2465
36 41 1234
36 42 285
36 43 2417
36 44 1186
36 45 237
36 46 2369
36 47 1138
36 48 189
36 49 2321
36 50 1090
36 51 141
36 52 2369
36 53 1138
36 54 189
36 55 2417
36 56 1186
36 57 237
36 58 2465
36 59 1234
36 60 285
36 61 2513
36 62 1282
36 63 333
36 64 2561
36 65 1330
36 66 381
36 67 2609
36 68 1378
36 69 429
36 70 2657
36 71 1426
36 72 477
36 73 2705
36 74 1474
36 75 525
36 76 2753
36 77 1522
36 78 573
36 79 2801
36 80 1570
36 81 621
36 82 2849
36 83 1618
36 84 669
36 85 2897
36 86 1666
36 87 717
36 88 2945
36 89 1714
36 90 765
36 91 2993
36 92 1762
36 93 813
36 94 2585
37 0 1777
37 1 1550
37 2 1493
37 3 786
37 4 643
37 5 735
37 6 1776
37 7 772
37 8 1067
37 9 1481
37 10 1490
37 11 820
37 12 395
37 13 1302
37 14 700
37 15 1272
37 16 768
37 17 313
37 18 544
37 19 1432
37 20 1163
37 21 715
37 22 844
37 23 1176
37 24 573
37 25 745
37 26 1204
37 27 764
37 28 608
37 29 1245
37 30 547
37 31 457
37 32 656
37 33 609
37 34 1204
37 35 557
