//alpha
1
//NbLocations
48
//NbProducts
32
//NbPickers
2
//CapaPicker
12
//TimeToTravelOneDistanceUnit
3
//SetupTime
5400
//PickTime
300
//Products
//Idx Location Size
1 1 1
2 2 1
3 3 1
4 4 1
5 5 1
6 6 1
7 1 1
8 7 1
9 8 1
10 9 1
11 10 1
12 11 1
13 12 1
14 13 1
15 14 1
16 15 1
17 16 1
18 17 1
19 18 1
20 19 1
21 20 1
22 21 1
23 22 1
24 23 1
25 24 1
26 12 1
27 25 1
28 4 1
29 26 1
30 27 1
31 28 1
32 29 1
//Orders
//NbOrders
18
//Idx DueDate TardinessPenalty NbProdInOrder ProdIdx1 Qty1 ProdIdx2 Qty2 ...
1 126000 0 1 1 1
2 108000 0 4 2 1 3 1 4 1 5 1
3 108000 0 3 6 1 7 1 8 1
4 72000 0 2 9 1 10 1
5 90000 0 1 11 1
6 90000 0 1 12 1
7 72000 0 2 13 1 14 1
8 108000 0 1 15 1
9 90000 0 1 16 1
10 72000 0 1 17 1
11 126000 0 3 18 1 19 1 20 1
12 90000 0 2 21 1 22 1
13 90000 0 1 23 1
14 126000 0 1 24 1
15 126000 0 5 25 1 26 1 27 1 28 1 29 1
16 108000 0 1 30 1
17 36000 0 1 31 1
18 144000 0 1 32 1
//Graph (Products are vertices indexed from 1 to NbProducts)
//NbVerticesIntersections
18
//DepartingDepot
0
//ArrivalDepot
48
//Arcs
//Start End Distance
0 30 120
1 18 65
1 42 76
2 10 65
2 30 76
3 16 65
3 47 336
4 23 13
4 35 362
5 21 26
5 22 13
6 39 102
6 40 349
7 27 156
7 32 245
8 24 52
8 44 336
9 29 52
9 31 232
10 2 65
10 29 26
11 26 26
11 45 50
12 16 13
12 46 37
13 18 78
13 43 232
14 28 299
14 46 63
15 17 39
15 33 50
16 3 65
16 12 13
17 15 39
17 34 362
18 1 65
18 13 78
19 23 0
19 34 76
20 40 50
20 41 401
21 5 26
21 38 362
22 5 13
22 37 50
23 4 13
23 19 0
24 8 52
24 43 63
25 36 50
25 37 401
26 11 26
26 28 13
27 7 156
27 31 50
28 14 299
28 26 13
29 9 52
29 10 26
30 2 76
30 33 48
30 48 120
31 9 232
31 27 50
31 34 48
32 7 245
32 35 48
33 15 50
33 30 48
33 36 48
34 17 362
34 19 76
34 31 48
34 37 48
35 4 362
35 32 48
35 38 48
36 25 50
36 33 48
36 39 48
37 22 50
37 25 401
37 34 48
37 40 48
38 21 362
38 35 48
38 41 48
39 6 102
39 36 48
39 42 48
40 6 349
40 20 50
40 37 48
40 43 48
41 20 401
41 38 48
41 44 48
42 1 76
42 39 48
42 45 48
43 13 232
43 24 63
43 40 48
43 46 48
44 8 336
44 41 48
44 47 48
45 11 50
45 42 48
46 12 37
46 14 63
46 43 48
47 3 336
47 44 48
//LocStart LocEnd ShortestPath
0 0 0
0 1 388
0 2 196
0 3 926
0 4 708
0 5 730
0 6 366
0 7 777
0 8 878
0 9 339
0 10 261
0 11 410
0 12 848
0 13 531
0 14 748
0 15 218
0 16 861
0 17 257
0 18 453
0 19 695
0 20 765
0 21 756
0 22 717
0 23 695
0 24 826
0 25 266
0 26 436
0 27 621
0 28 449
0 29 287
0 30 120
0 31 571
0 32 1022
0 33 168
0 34 619
0 35 1070
0 36 216
0 37 667
0 38 1118
0 39 264
0 40 715
0 41 1166
0 42 312
0 43 763
0 44 1214
0 45 360
0 46 811
0 47 1262
0 48 0
1 0 388
1 1 0
1 2 344
1 3 538
1 4 608
1 5 534
1 6 226
1 7 773
1 8 490
1 9 487
1 10 409
1 11 174
1 12 460
1 13 143
1 14 486
1 15 270
1 16 473
1 17 309
1 18 65
1 19 595
1 20 473
1 21 560
1 22 521
1 23 595
1 24 438
1 25 222
1 26 200
1 27 617
1 28 213
1 29 435
1 30 268
1 31 567
1 32 1018
1 33 220
1 34 519
1 35 970
1 36 172
1 37 471
1 38 922
1 39 124
1 40 423
1 41 874
1 42 76
1 43 375
1 44 826
1 45 124
1 46 423
1 47 874
1 48 388
2 0 196
2 1 344
2 2 0
2 3 730
2 4 512
2 5 534
2 6 322
2 7 581
2 8 682
2 9 143
2 10 65
2 11 366
2 12 652
2 13 487
2 14 678
2 15 174
2 16 665
2 17 213
2 18 409
2 19 499
2 20 569
2 21 560
2 22 521
2 23 499
2 24 630
2 25 222
2 26 392
2 27 425
2 28 405
2 29 91
2 30 76
2 31 375
2 32 826
2 33 124
2 34 423
2 35 874
2 36 172
2 37 471
2 38 922
2 39 220
2 40 519
2 41 970
2 42 268
2 43 567
2 44 1018
2 45 316
2 46 615
2 47 1066
2 48 196
3 0 926
3 1 538
3 2 730
3 3 0
3 4 396
3 5 322
3 6 560
3 7 561
3 8 278
3 9 587
3 10 665
3 11 516
3 12 78
3 13 395
3 14 178
3 15 708
3 16 65
3 17 669
3 18 473
3 19 383
3 20 261
3 21 348
3 22 309
3 23 383
3 24 226
3 25 660
3 26 490
3 27 405
3 28 477
3 29 639
3 30 806
3 31 355
3 32 576
3 33 758
3 34 307
3 35 528
3 36 710
3 37 259
3 38 480
3 39 662
3 40 211
3 41 432
3 42 614
3 43 163
3 44 384
3 45 566
3 46 115
3 47 336
3 48 926
4 0 708
4 1 608
4 2 512
4 3 396
4 4 0
4 5 200
4 6 534
4 7 343
4 8 348
4 9 369
4 10 447
4 11 682
4 12 318
4 13 465
4 14 344
4 15 490
4 16 331
4 17 451
4 18 543
4 19 13
4 20 235
4 21 226
4 22 187
4 23 13
4 24 296
4 25 538
4 26 656
4 27 187
4 28 643
4 29 421
4 30 588
4 31 137
4 32 410
4 33 540
4 34 89
4 35 362
4 36 588
4 37 137
4 38 410
4 39 636
4 40 185
4 41 458
4 42 684
4 43 233
4 44 506
4 45 732
4 46 281
4 47 554
4 48 708
5 0 730
5 1 534
5 2 534
5 3 322
5 4 200
5 5 0
5 6 460
5 7 365
5 8 274
5 9 391
5 10 469
5 11 608
5 12 244
5 13 391
5 14 270
5 15 512
5 16 257
5 17 473
5 18 469
5 19 187
5 20 161
5 21 26
5 22 13
5 23 187
5 24 222
5 25 464
5 26 582
5 27 209
5 28 569
5 29 443
5 30 610
5 31 159
5 32 484
5 33 562
5 34 111
5 35 436
5 36 514
5 37 63
5 38 388
5 39 562
5 40 111
5 41 436
5 42 610
5 43 159
5 44 484
5 45 658
5 46 207
5 47 532
5 48 730
6 0 366
6 1 226
6 2 322
6 3 560
6 4 534
6 5 460
6 6 0
6 7 699
6 8 512
6 9 465
6 10 387
6 11 248
6 12 482
6 13 369
6 14 508
6 15 248
6 16 495
6 17 287
6 18 291
6 19 521
6 20 399
6 21 486
6 22 447
6 23 521
6 24 460
6 25 200
6 26 274
6 27 543
6 28 287
6 29 413
6 30 246
6 31 493
6 32 944
6 33 198
6 34 445
6 35 896
6 36 150
6 37 397
6 38 848
6 39 102
6 40 349
6 41 800
6 42 150
6 43 397
6 44 848
6 45 198
6 46 445
6 47 896
6 48 366
7 0 777
7 1 773
7 2 581
7 3 561
7 4 343
7 5 365
7 6 699
7 7 0
7 8 513
7 9 438
7 10 516
7 11 847
7 12 483
7 13 630
7 14 509
7 15 655
7 16 496
7 17 616
7 18 708
7 19 330
7 20 400
7 21 391
7 22 352
7 23 330
7 24 461
7 25 703
7 26 821
7 27 156
7 28 808
7 29 490
7 30 657
7 31 206
7 32 245
7 33 705
7 34 254
7 35 293
7 36 753
7 37 302
7 38 341
7 39 801
7 40 350
7 41 389
7 42 849
7 43 398
7 44 437
7 45 897
7 46 446
7 47 485
7 48 777
8 0 878
8 1 490
8 2 682
8 3 278
8 4 348
8 5 274
8 6 512
8 7 513
8 8 0
8 9 539
8 10 617
8 11 564
8 12 200
8 13 347
8 14 226
8 15 660
8 16 213
8 17 621
8 18 425
8 19 335
8 20 213
8 21 300
8 22 261
8 23 335
8 24 52
8 25 612
8 26 538
8 27 357
8 28 525
8 29 591
8 30 758
8 31 307
8 32 528
8 33 710
8 34 259
8 35 480
8 36 662
8 37 211
8 38 432
8 39 614
8 40 163
8 41 384
8 42 566
8 43 115
8 44 336
8 45 614
8 46 163
8 47 384
8 48 878
9 0 339
9 1 487
9 2 143
9 3 587
9 4 369
9 5 391
9 6 465
9 7 438
9 8 539
9 9 0
9 10 78
9 11 509
9 12 509
9 13 630
9 14 535
9 15 317
9 16 522
9 17 356
9 18 552
9 19 356
9 20 426
9 21 417
9 22 378
9 23 356
9 24 487
9 25 365
9 26 535
9 27 282
9 28 548
9 29 52
9 30 219
9 31 232
9 32 683
9 33 267
9 34 280
9 35 731
9 36 315
9 37 328
9 38 779
9 39 363
9 40 376
9 41 827
9 42 411
9 43 424
9 44 875
9 45 459
9 46 472
9 47 923
9 48 339
10 0 261
10 1 409
10 2 65
10 3 665
10 4 447
10 5 469
10 6 387
10 7 516
10 8 617
10 9 78
10 10 0
10 11 431
10 12 587
10 13 552
10 14 613
10 15 239
10 16 600
10 17 278
10 18 474
10 19 434
10 20 504
10 21 495
10 22 456
10 23 434
10 24 565
10 25 287
10 26 457
10 27 360
10 28 470
10 29 26
10 30 141
10 31 310
10 32 761
10 33 189
10 34 358
10 35 809
10 36 237
10 37 406
10 38 857
10 39 285
10 40 454
10 41 905
10 42 333
10 43 502
10 44 953
10 45 381
10 46 550
10 47 1001
10 48 261
11 0 410
11 1 174
11 2 366
11 3 516
11 4 682
11 5 608
11 6 248
11 7 847
11 8 564
11 9 509
11 10 431
11 11 0
11 12 438
11 13 317
11 14 338
11 15 292
11 16 451
11 17 331
11 18 239
11 19 669
11 20 547
11 21 634
11 22 595
11 23 669
11 24 512
11 25 244
11 26 26
11 27 691
11 28 39
11 29 457
11 30 290
11 31 641
11 32 1092
11 33 242
11 34 593
11 35 1044
11 36 194
11 37 545
11 38 996
11 39 146
11 40 497
11 41 948
11 42 98
11 43 449
11 44 900
11 45 50
11 46 401
11 47 852
11 48 410
12 0 848
12 1 460
12 2 652
12 3 78
12 4 318
12 5 244
12 6 482
12 7 483
12 8 200
12 9 509
12 10 587
12 11 438
12 12 0
12 13 317
12 14 100
12 15 630
12 16 13
12 17 591
12 18 395
12 19 305
12 20 183
12 21 270
12 22 231
12 23 305
12 24 148
12 25 582
12 26 412
12 27 327
12 28 399
12 29 561
12 30 728
12 31 277
12 32 654
12 33 680
12 34 229
12 35 606
12 36 632
12 37 181
12 38 558
12 39 584
12 40 133
12 41 510
12 42 536
12 43 85
12 44 462
12 45 488
12 46 37
12 47 414
12 48 848
13 0 531
13 1 143
13 2 487
13 3 395
13 4 465
13 5 391
13 6 369
13 7 630
13 8 347
13 9 630
13 10 552
13 11 317
13 12 317
13 13 0
13 14 343
13 15 413
13 16 330
13 17 452
13 18 78
13 19 452
13 20 330
13 21 417
13 22 378
13 23 452
13 24 295
13 25 365
13 26 343
13 27 474
13 28 356
13 29 578
13 30 411
13 31 424
13 32 875
13 33 363
13 34 376
13 35 827
13 36 315
13 37 328
13 38 779
13 39 267
13 40 280
13 41 731
13 42 219
13 43 232
13 44 683
13 45 267
13 46 280
13 47 731
13 48 531
14 0 748
14 1 486
14 2 678
14 3 178
14 4 344
14 5 270
14 6 508
14 7 509
14 8 226
14 9 535
14 10 613
14 11 338
14 12 100
14 13 343
14 14 0
14 15 630
14 16 113
14 17 617
14 18 421
14 19 331
14 20 209
14 21 296
14 22 257
14 23 331
14 24 174
14 25 582
14 26 312
14 27 353
14 28 299
14 29 587
14 30 628
14 31 303
14 32 754
14 33 580
14 34 255
14 35 706
14 36 532
14 37 207
14 38 658
14 39 484
14 40 159
14 41 610
14 42 436
14 43 111
14 44 562
14 45 388
14 46 63
14 47 514
14 48 748
15 0 218
15 1 270
15 2 174
15 3 708
15 4 490
15 5 512
15 6 248
15 7 655
15 8 660
15 9 317
15 10 239
15 11 292
15 12 630
15 13 413
15 14 630
15 15 0
15 16 643
15 17 39
15 18 335
15 19 477
15 20 547
15 21 538
15 22 499
15 23 477
15 24 608
15 25 148
15 26 318
15 27 499
15 28 331
15 29 265
15 30 98
15 31 449
15 32 900
15 33 50
15 34 401
15 35 852
15 36 98
15 37 449
15 38 900
15 39 146
15 40 497
15 41 948
15 42 194
15 43 545
15 44 996
15 45 242
15 46 593
15 47 1044
15 48 218
16 0 861
16 1 473
16 2 665
16 3 65
16 4 331
16 5 257
16 6 495
16 7 496
16 8 213
16 9 522
16 10 600
16 11 451
16 12 13
16 13 330
16 14 113
16 15 643
16 16 0
16 17 604
16 18 408
16 19 318
16 20 196
16 21 283
16 22 244
16 23 318
16 24 161
16 25 595
16 26 425
16 27 340
16 28 412
16 29 574
16 30 741
16 31 290
16 32 641
16 33 693
16 34 242
16 35 593
16 36 645
16 37 194
16 38 545
16 39 597
16 40 146
16 41 497
16 42 549
16 43 98
16 44 449
16 45 501
16 46 50
16 47 401
16 48 861
17 0 257
17 1 309
17 2 213
17 3 669
17 4 451
17 5 473
17 6 287
17 7 616
17 8 621
17 9 356
17 10 278
17 11 331
17 12 591
17 13 452
17 14 617
17 15 39
17 16 604
17 17 0
17 18 374
17 19 438
17 20 508
17 21 499
17 22 460
17 23 438
17 24 569
17 25 187
17 26 357
17 27 460
17 28 370
17 29 304
17 30 137
17 31 410
17 32 861
17 33 89
17 34 362
17 35 813
17 36 137
17 37 410
17 38 861
17 39 185
17 40 458
17 41 909
17 42 233
17 43 506
17 44 957
17 45 281
17 46 554
17 47 1005
17 48 257
18 0 453
18 1 65
18 2 409
18 3 473
18 4 543
18 5 469
18 6 291
18 7 708
18 8 425
18 9 552
18 10 474
18 11 239
18 12 395
18 13 78
18 14 421
18 15 335
18 16 408
18 17 374
18 18 0
18 19 530
18 20 408
18 21 495
18 22 456
18 23 530
18 24 373
18 25 287
18 26 265
18 27 552
18 28 278
18 29 500
18 30 333
18 31 502
18 32 953
18 33 285
18 34 454
18 35 905
18 36 237
18 37 406
18 38 857
18 39 189
18 40 358
18 41 809
18 42 141
18 43 310
18 44 761
18 45 189
18 46 358
18 47 809
18 48 453
19 0 695
19 1 595
19 2 499
19 3 383
19 4 13
19 5 187
19 6 521
19 7 330
19 8 335
19 9 356
19 10 434
19 11 669
19 12 305
19 13 452
19 14 331
19 15 477
19 16 318
19 17 438
19 18 530
19 19 0
19 20 222
19 21 213
19 22 174
19 23 0
19 24 283
19 25 525
19 26 643
19 27 174
19 28 630
19 29 408
19 30 575
19 31 124
19 32 423
19 33 527
19 34 76
19 35 375
19 36 575
19 37 124
19 38 423
19 39 623
19 40 172
19 41 471
19 42 671
19 43 220
19 44 519
19 45 719
19 46 268
19 47 567
19 48 695
20 0 765
20 1 473
20 2 569
20 3 261
20 4 235
20 5 161
20 6 399
20 7 400
20 8 213
20 9 426
20 10 504
20 11 547
20 12 183
20 13 330
20 14 209
20 15 547
20 16 196
20 17 508
20 18 408
20 19 222
20 20 0
20 21 187
20 22 148
20 23 222
20 24 161
20 25 499
20 26 521
20 27 244
20 28 508
20 29 478
20 30 645
20 31 194
20 32 545
20 33 597
20 34 146
20 35 497
20 36 549
20 37 98
20 38 449
20 39 501
20 40 50
20 41 401
20 42 549
20 43 98
20 44 449
20 45 597
20 46 146
20 47 497
20 48 765
21 0 756
21 1 560
21 2 560
21 3 348
21 4 226
21 5 26
21 6 486
21 7 391
21 8 300
21 9 417
21 10 495
21 11 634
21 12 270
21 13 417
21 14 296
21 15 538
21 16 283
21 17 499
21 18 495
21 19 213
21 20 187
21 21 0
21 22 39
21 23 213
21 24 248
21 25 490
21 26 608
21 27 235
21 28 595
21 29 469
21 30 636
21 31 185
21 32 458
21 33 588
21 34 137
21 35 410
21 36 540
21 37 89
21 38 362
21 39 588
21 40 137
21 41 410
21 42 636
21 43 185
21 44 458
21 45 684
21 46 233
21 47 506
21 48 756
22 0 717
22 1 521
22 2 521
22 3 309
22 4 187
22 5 13
22 6 447
22 7 352
22 8 261
22 9 378
22 10 456
22 11 595
22 12 231
22 13 378
22 14 257
22 15 499
22 16 244
22 17 460
22 18 456
22 19 174
22 20 148
22 21 39
22 22 0
22 23 174
22 24 209
22 25 451
22 26 569
22 27 196
22 28 556
22 29 430
22 30 597
22 31 146
22 32 497
22 33 549
22 34 98
22 35 449
22 36 501
22 37 50
22 38 401
22 39 549
22 40 98
22 41 449
22 42 597
22 43 146
22 44 497
22 45 645
22 46 194
22 47 545
22 48 717
23 0 695
23 1 595
23 2 499
23 3 383
23 4 13
23 5 187
23 6 521
23 7 330
23 8 335
23 9 356
23 10 434
23 11 669
23 12 305
23 13 452
23 14 331
23 15 477
23 16 318
23 17 438
23 18 530
23 19 0
23 20 222
23 21 213
23 22 174
23 23 0
23 24 283
23 25 525
23 26 643
23 27 174
23 28 630
23 29 408
23 30 575
23 31 124
23 32 423
23 33 527
23 34 76
23 35 375
23 36 575
23 37 124
23 38 423
23 39 623
23 40 172
23 41 471
23 42 671
23 43 220
23 44 519
23 45 719
23 46 268
23 47 567
23 48 695
24 0 826
24 1 438
24 2 630
24 3 226
24 4 296
24 5 222
24 6 460
24 7 461
24 8 52
24 9 487
24 10 565
24 11 512
24 12 148
24 13 295
24 14 174
24 15 608
24 16 161
24 17 569
24 18 373
24 19 283
24 20 161
24 21 248
24 22 209
24 23 283
24 24 0
24 25 560
24 26 486
24 27 305
24 28 473
24 29 539
24 30 706
24 31 255
24 32 580
24 33 658
24 34 207
24 35 532
24 36 610
24 37 159
24 38 484
24 39 562
24 40 111
24 41 436
24 42 514
24 43 63
24 44 388
24 45 562
24 46 111
24 47 436
24 48 826
25 0 266
25 1 222
25 2 222
25 3 660
25 4 538
25 5 464
25 6 200
25 7 703
25 8 612
25 9 365
25 10 287
25 11 244
25 12 582
25 13 365
25 14 582
25 15 148
25 16 595
25 17 187
25 18 287
25 19 525
25 20 499
25 21 490
25 22 451
25 23 525
25 24 560
25 25 0
25 26 270
25 27 547
25 28 283
25 29 313
25 30 146
25 31 497
25 32 948
25 33 98
25 34 449
25 35 900
25 36 50
25 37 401
25 38 852
25 39 98
25 40 449
25 41 900
25 42 146
25 43 497
25 44 948
25 45 194
25 46 545
25 47 996
25 48 266
26 0 436
26 1 200
26 2 392
26 3 490
26 4 656
26 5 582
26 6 274
26 7 821
26 8 538
26 9 535
26 10 457
26 11 26
26 12 412
26 13 343
26 14 312
26 15 318
26 16 425
26 17 357
26 18 265
26 19 643
26 20 521
26 21 608
26 22 569
26 23 643
26 24 486
26 25 270
26 26 0
26 27 665
26 28 13
26 29 483
26 30 316
26 31 615
26 32 1066
26 33 268
26 34 567
26 35 1018
26 36 220
26 37 519
26 38 970
26 39 172
26 40 471
26 41 922
26 42 124
26 43 423
26 44 874
26 45 76
26 46 375
26 47 826
26 48 436
27 0 621
27 1 617
27 2 425
27 3 405
27 4 187
27 5 209
27 6 543
27 7 156
27 8 357
27 9 282
27 10 360
27 11 691
27 12 327
27 13 474
27 14 353
27 15 499
27 16 340
27 17 460
27 18 552
27 19 174
27 20 244
27 21 235
27 22 196
27 23 174
27 24 305
27 25 547
27 26 665
27 27 0
27 28 652
27 29 334
27 30 501
27 31 50
27 32 401
27 33 549
27 34 98
27 35 449
27 36 597
27 37 146
27 38 497
27 39 645
27 40 194
27 41 545
27 42 693
27 43 242
27 44 593
27 45 741
27 46 290
27 47 641
27 48 621
28 0 449
28 1 213
28 2 405
28 3 477
28 4 643
28 5 569
28 6 287
28 7 808
28 8 525
28 9 548
28 10 470
28 11 39
28 12 399
28 13 356
28 14 299
28 15 331
28 16 412
28 17 370
28 18 278
28 19 630
28 20 508
28 21 595
28 22 556
28 23 630
28 24 473
28 25 283
28 26 13
28 27 652
28 28 0
28 29 496
28 30 329
28 31 602
28 32 1053
28 33 281
28 34 554
28 35 1005
28 36 233
28 37 506
28 38 957
28 39 185
28 40 458
28 41 909
28 42 137
28 43 410
28 44 861
28 45 89
28 46 362
28 47 813
28 48 449
29 0 287
29 1 435
29 2 91
29 3 639
29 4 421
29 5 443
29 6 413
29 7 490
29 8 591
29 9 52
29 10 26
29 11 457
29 12 561
29 13 578
29 14 587
29 15 265
29 16 574
29 17 304
29 18 500
29 19 408
29 20 478
29 21 469
29 22 430
29 23 408
29 24 539
29 25 313
29 26 483
29 27 334
29 28 496
29 29 0
29 30 167
29 31 284
29 32 735
29 33 215
29 34 332
29 35 783
29 36 263
29 37 380
29 38 831
29 39 311
29 40 428
29 41 879
29 42 359
29 43 476
29 44 927
29 45 407
29 46 524
29 47 975
29 48 287
30 0 120
30 1 268
30 2 76
30 3 806
30 4 588
30 5 610
30 6 246
30 7 657
30 8 758
30 9 219
30 10 141
30 11 290
30 12 728
30 13 411
30 14 628
30 15 98
30 16 741
30 17 137
30 18 333
30 19 575
30 20 645
30 21 636
30 22 597
30 23 575
30 24 706
30 25 146
30 26 316
30 27 501
30 28 329
30 29 167
30 30 0
30 31 451
30 32 902
30 33 48
30 34 499
30 35 950
30 36 96
30 37 547
30 38 998
30 39 144
30 40 595
30 41 1046
30 42 192
30 43 643
30 44 1094
30 45 240
30 46 691
30 47 1142
30 48 120
31 0 571
31 1 567
31 2 375
31 3 355
31 4 137
31 5 159
31 6 493
31 7 206
31 8 307
31 9 232
31 10 310
31 11 641
31 12 277
31 13 424
31 14 303
31 15 449
31 16 290
31 17 410
31 18 502
31 19 124
31 20 194
31 21 185
31 22 146
31 23 124
31 24 255
31 25 497
31 26 615
31 27 50
31 28 602
31 29 284
31 30 451
31 31 0
31 32 451
31 33 499
31 34 48
31 35 499
31 36 547
31 37 96
31 38 547
31 39 595
31 40 144
31 41 595
31 42 643
31 43 192
31 44 643
31 45 691
31 46 240
31 47 691
31 48 571
32 0 1022
32 1 1018
32 2 826
32 3 576
32 4 410
32 5 484
32 6 944
32 7 245
32 8 528
32 9 683
32 10 761
32 11 1092
32 12 654
32 13 875
32 14 754
32 15 900
32 16 641
32 17 861
32 18 953
32 19 423
32 20 545
32 21 458
32 22 497
32 23 423
32 24 580
32 25 948
32 26 1066
32 27 401
32 28 1053
32 29 735
32 30 902
32 31 451
32 32 0
32 33 950
32 34 499
32 35 48
32 36 998
32 37 547
32 38 96
32 39 1046
32 40 595
32 41 144
32 42 1094
32 43 643
32 44 192
32 45 1142
32 46 691
32 47 240
32 48 1022
33 0 168
33 1 220
33 2 124
33 3 758
33 4 540
33 5 562
33 6 198
33 7 705
33 8 710
33 9 267
33 10 189
33 11 242
33 12 680
33 13 363
33 14 580
33 15 50
33 16 693
33 17 89
33 18 285
33 19 527
33 20 597
33 21 588
33 22 549
33 23 527
33 24 658
33 25 98
33 26 268
33 27 549
33 28 281
33 29 215
33 30 48
33 31 499
33 32 950
33 33 0
33 34 451
33 35 902
33 36 48
33 37 499
33 38 950
33 39 96
33 40 547
33 41 998
33 42 144
33 43 595
33 44 1046
33 45 192
33 46 643
33 47 1094
33 48 168
34 0 619
34 1 519
34 2 423
34 3 307
34 4 89
34 5 111
34 6 445
34 7 254
34 8 259
34 9 280
34 10 358
34 11 593
34 12 229
34 13 376
34 14 255
34 15 401
34 16 242
34 17 362
34 18 454
34 19 76
34 20 146
34 21 137
34 22 98
34 23 76
34 24 207
34 25 449
34 26 567
34 27 98
34 28 554
34 29 332
34 30 499
34 31 48
34 32 499
34 33 451
34 34 0
34 35 451
34 36 499
34 37 48
34 38 499
34 39 547
34 40 96
34 41 547
34 42 595
34 43 144
34 44 595
34 45 643
34 46 192
34 47 643
34 48 619
35 0 1070
35 1 970
35 2 874
35 3 528
35 4 362
35 5 436
35 6 896
35 7 293
35 8 480
35 9 731
35 10 809
35 11 1044
35 12 606
35 13 827
35 14 706
35 15 852
35 16 593
35 17 813
35 18 905
35 19 375
35 20 497
35 21 410
35 22 449
35 23 375
35 24 532
35 25 900
35 26 1018
35 27 449
35 28 1005
35 29 783
35 30 950
35 31 499
35 32 48
35 33 902
35 34 451
35 35 0
35 36 950
35 37 499
35 38 48
35 39 998
35 40 547
35 41 96
35 42 1046
35 43 595
35 44 144
35 45 1094
35 46 643
35 47 192
35 48 1070
36 0 216
36 1 172
36 2 172
36 3 710
36 4 588
36 5 514
36 6 150
36 7 753
36 8 662
36 9 315
36 10 237
36 11 194
36 12 632
36 13 315
36 14 532
36 15 98
36 16 645
36 17 137
36 18 237
36 19 575
36 20 549
36 21 540
36 22 501
36 23 575
36 24 610
36 25 50
36 26 220
36 27 597
36 28 233
36 29 263
36 30 96
36 31 547
36 32 998
36 33 48
36 34 499
36 35 950
36 36 0
36 37 451
36 38 902
36 39 48
36 40 499
36 41 950
36 42 96
36 43 547
36 44 998
36 45 144
36 46 595
36 47 1046
36 48 216
37 0 667
37 1 471
37 2 471
37 3 259
37 4 137
37 5 63
37 6 397
37 7 302
37 8 211
37 9 328
37 10 406
37 11 545
37 12 181
37 13 328
37 14 207
37 15 449
37 16 194
37 17 410
37 18 406
37 19 124
37 20 98
37 21 89
37 22 50
37 23 124
37 24 159
37 25 401
37 26 519
37 27 146
37 28 506
37 29 380
37 30 547
37 31 96
37 32 547
37 33 499
37 34 48
37 35 499
37 36 451
37 37 0
37 38 451
37 39 499
37 40 48
37 41 499
37 42 547
37 43 96
37 44 547
37 45 595
37 46 144
37 47 595
37 48 667
38 0 1118
38 1 922
38 2 922
38 3 480
38 4 410
38 5 388
38 6 848
38 7 341
38 8 432
38 9 779
38 10 857
38 11 996
38 12 558
38 13 779
38 14 658
38 15 900
38 16 545
38 17 861
38 18 857
38 19 423
38 20 449
38 21 362
38 22 401
38 23 423
38 24 484
38 25 852
38 26 970
38 27 497
38 28 957
38 29 831
38 30 998
38 31 547
38 32 96
38 33 950
38 34 499
38 35 48
38 36 902
38 37 451
38 38 0
38 39 950
38 40 499
38 41 48
38 42 998
38 43 547
38 44 96
38 45 1046
38 46 595
38 47 144
38 48 1118
39 0 264
39 1 124
39 2 220
39 3 662
39 4 636
39 5 562
39 6 102
39 7 801
39 8 614
39 9 363
39 10 285
39 11 146
39 12 584
39 13 267
39 14 484
39 15 146
39 16 597
39 17 185
39 18 189
39 19 623
39 20 501
39 21 588
39 22 549
39 23 623
39 24 562
39 25 98
39 26 172
39 27 645
39 28 185
39 29 311
39 30 144
39 31 595
39 32 1046
39 33 96
39 34 547
39 35 998
39 36 48
39 37 499
39 38 950
39 39 0
39 40 451
39 41 902
39 42 48
39 43 499
39 44 950
39 45 96
39 46 547
39 47 998
39 48 264
40 0 715
40 1 423
40 2 519
40 3 211
40 4 185
40 5 111
40 6 349
40 7 350
40 8 163
40 9 376
40 10 454
40 11 497
40 12 133
40 13 280
40 14 159
40 15 497
40 16 146
40 17 458
40 18 358
40 19 172
40 20 50
40 21 137
40 22 98
40 23 172
40 24 111
40 25 449
40 26 471
40 27 194
40 28 458
40 29 428
40 30 595
40 31 144
40 32 595
40 33 547
40 34 96
40 35 547
40 36 499
40 37 48
40 38 499
40 39 451
40 40 0
40 41 451
40 42 499
40 43 48
40 44 499
40 45 547
40 46 96
40 47 547
40 48 715
41 0 1166
41 1 874
41 2 970
41 3 432
41 4 458
41 5 436
41 6 800
41 7 389
41 8 384
41 9 827
41 10 905
41 11 948
41 12 510
41 13 731
41 14 610
41 15 948
41 16 497
41 17 909
41 18 809
41 19 471
41 20 401
41 21 410
41 22 449
41 23 471
41 24 436
41 25 900
41 26 922
41 27 545
41 28 909
41 29 879
41 30 1046
41 31 595
41 32 144
41 33 998
41 34 547
41 35 96
41 36 950
41 37 499
41 38 48
41 39 902
41 40 451
41 41 0
41 42 950
41 43 499
41 44 48
41 45 998
41 46 547
41 47 96
41 48 1166
42 0 312
42 1 76
42 2 268
42 3 614
42 4 684
42 5 610
42 6 150
42 7 849
42 8 566
42 9 411
42 10 333
42 11 98
42 12 536
42 13 219
42 14 436
42 15 194
42 16 549
42 17 233
42 18 141
42 19 671
42 20 549
42 21 636
42 22 597
42 23 671
42 24 514
42 25 146
42 26 124
42 27 693
42 28 137
42 29 359
42 30 192
42 31 643
42 32 1094
42 33 144
42 34 595
42 35 1046
42 36 96
42 37 547
42 38 998
42 39 48
42 40 499
42 41 950
42 42 0
42 43 451
42 44 902
42 45 48
42 46 499
42 47 950
42 48 312
43 0 763
43 1 375
43 2 567
43 3 163
43 4 233
43 5 159
43 6 397
43 7 398
43 8 115
43 9 424
43 10 502
43 11 449
43 12 85
43 13 232
43 14 111
43 15 545
43 16 98
43 17 506
43 18 310
43 19 220
43 20 98
43 21 185
43 22 146
43 23 220
43 24 63
43 25 497
43 26 423
43 27 242
43 28 410
43 29 476
43 30 643
43 31 192
43 32 643
43 33 595
43 34 144
43 35 595
43 36 547
43 37 96
43 38 547
43 39 499
43 40 48
43 41 499
43 42 451
43 43 0
43 44 451
43 45 499
43 46 48
43 47 499
43 48 763
44 0 1214
44 1 826
44 2 1018
44 3 384
44 4 506
44 5 484
44 6 848
44 7 437
44 8 336
44 9 875
44 10 953
44 11 900
44 12 462
44 13 683
44 14 562
44 15 996
44 16 449
44 17 957
44 18 761
44 19 519
44 20 449
44 21 458
44 22 497
44 23 519
44 24 388
44 25 948
44 26 874
44 27 593
44 28 861
44 29 927
44 30 1094
44 31 643
44 32 192
44 33 1046
44 34 595
44 35 144
44 36 998
44 37 547
44 38 96
44 39 950
44 40 499
44 41 48
44 42 902
44 43 451
44 44 0
44 45 950
44 46 499
44 47 48
44 48 1214
45 0 360
45 1 124
45 2 316
45 3 566
45 4 732
45 5 658
45 6 198
45 7 897
45 8 614
45 9 459
45 10 381
45 11 50
45 12 488
45 13 267
45 14 388
45 15 242
45 16 501
45 17 281
45 18 189
45 19 719
45 20 597
45 21 684
45 22 645
45 23 719
45 24 562
45 25 194
45 26 76
45 27 741
45 28 89
45 29 407
45 30 240
45 31 691
45 32 1142
45 33 192
45 34 643
45 35 1094
45 36 144
45 37 595
45 38 1046
45 39 96
45 40 547
45 41 998
45 42 48
45 43 499
45 44 950
45 45 0
45 46 451
45 47 902
45 48 360
46 0 811
46 1 423
46 2 615
46 3 115
46 4 281
46 5 207
46 6 445
46 7 446
46 8 163
46 9 472
46 10 550
46 11 401
46 12 37
46 13 280
46 14 63
46 15 593
46 16 50
46 17 554
46 18 358
46 19 268
46 20 146
46 21 233
46 22 194
46 23 268
46 24 111
46 25 545
46 26 375
46 27 290
46 28 362
46 29 524
46 30 691
46 31 240
46 32 691
46 33 643
46 34 192
46 35 643
46 36 595
46 37 144
46 38 595
46 39 547
46 40 96
46 41 547
46 42 499
46 43 48
46 44 499
46 45 451
46 46 0
46 47 451
46 48 811
47 0 1262
47 1 874
47 2 1066
47 3 336
47 4 554
47 5 532
47 6 896
47 7 485
47 8 384
47 9 923
47 10 1001
47 11 852
47 12 414
47 13 731
47 14 514
47 15 1044
47 16 401
47 17 1005
47 18 809
47 19 567
47 20 497
47 21 506
47 22 545
47 23 567
47 24 436
47 25 996
47 26 826
47 27 641
47 28 813
47 29 975
47 30 1142
47 31 691
47 32 240
47 33 1094
47 34 643
47 35 192
47 36 1046
47 37 595
47 38 144
47 39 998
47 40 547
47 41 96
47 42 950
47 43 499
47 44 48
47 45 902
47 46 451
47 47 0
47 48 1262
48 0 0
48 1 388
48 2 196
48 3 926
48 4 708
48 5 730
48 6 366
48 7 777
48 8 878
48 9 339
48 10 261
48 11 410
48 12 848
48 13 531
48 14 748
48 15 218
48 16 861
48 17 257
48 18 453
48 19 695
48 20 765
48 21 756
48 22 717
48 23 695
48 24 826
48 25 266
48 26 436
48 27 621
48 28 449
48 29 287
48 30 120
48 31 571
48 32 1022
48 33 168
48 34 619
48 35 1070
48 36 216
48 37 667
48 38 1118
48 39 264
48 40 715
48 41 1166
48 42 312
48 43 763
48 44 1214
48 45 360
48 46 811
48 47 1262
48 48 0
//Location coordinates LocationName
//Loc x y
0 0.0 0.0 "depot"
1 192.0 196.0 "product aisle 4 bloc 0 rank 7"
2 0.0 196.0 "product aisle 0 bloc 0 rank 7"
3 240.0 686.0 "product aisle 5 bloc 1 rank 14"
4 48.0 660.0 "product aisle 1 bloc 1 rank 9"
5 96.0 634.0 "product aisle 2 bloc 1 rank 6"
6 144.0 222.0 "product aisle 3 bloc 0 rank 11"
7 0.0 777.0 "product aisle 0 bloc 1 rank 27"
8 192.0 686.0 "product aisle 4 bloc 1 rank 13"
9 0.0 339.0 "product aisle 0 bloc 0 rank 30"
10 0.0 261.0 "product aisle 0 bloc 0 rank 17"
11 240.0 170.0 "product aisle 5 bloc 0 rank 4"
12 240.0 608.0 "product aisle 5 bloc 1 rank 2"
13 192.0 339.0 "product aisle 4 bloc 0 rank 29"
14 240.0 508.0 "product aisle 5 bloc 0 rank 56"
15 48.0 170.0 "product aisle 1 bloc 0 rank 4"
16 240.0 621.0 "product aisle 5 bloc 1 rank 4"
17 48.0 209.0 "product aisle 1 bloc 0 rank 9"
18 192.0 261.0 "product aisle 4 bloc 0 rank 18"
19 48.0 647.0 "product aisle 1 bloc 1 rank 7"
20 144.0 621.0 "product aisle 3 bloc 1 rank 3"
21 96.0 660.0 "product aisle 2 bloc 1 rank 10"
22 96.0 621.0 "product aisle 2 bloc 1 rank 3"
23 48.0 647.0 "product aisle 1 bloc 1 rank 8"
24 192.0 634.0 "product aisle 4 bloc 1 rank 6"
25 96.0 170.0 "product aisle 2 bloc 0 rank 3"
26 240.0 196.0 "product aisle 5 bloc 0 rank 7"
27 0.0 621.0 "product aisle 0 bloc 1 rank 3"
28 240.0 209.0 "product aisle 5 bloc 0 rank 9"
29 0.0 287.0 "product aisle 0 bloc 0 rank 22"
30 24.0 120.0 "intersection aisle 0 bloc 0 rank 0"
31 24.0 571.0 "intersection aisle 0 bloc 1 rank 1"
32 24.0 1022.0 "intersection aisle 0 bloc 2 rank 2"
33 72.0 120.0 "intersection aisle 1 bloc 0 rank 0"
34 72.0 571.0 "intersection aisle 1 bloc 1 rank 1"
35 72.0 1022.0 "intersection aisle 1 bloc 2 rank 2"
36 120.0 120.0 "intersection aisle 2 bloc 0 rank 0"
37 120.0 571.0 "intersection aisle 2 bloc 1 rank 1"
38 120.0 1022.0 "intersection aisle 2 bloc 2 rank 2"
39 168.0 120.0 "intersection aisle 3 bloc 0 rank 0"
40 168.0 571.0 "intersection aisle 3 bloc 1 rank 1"
41 168.0 1022.0 "intersection aisle 3 bloc 2 rank 2"
42 216.0 120.0 "intersection aisle 4 bloc 0 rank 0"
43 216.0 571.0 "intersection aisle 4 bloc 1 rank 1"
44 216.0 1022.0 "intersection aisle 4 bloc 2 rank 2"
45 264.0 120.0 "intersection aisle 5 bloc 0 rank 0"
46 264.0 571.0 "intersection aisle 5 bloc 1 rank 1"
47 264.0 1022.0 "intersection aisle 5 bloc 2 rank 2"
48 0.0 0.0 "depot"
