//alpha
1
//NbLocations
56
//NbProducts
43
//NbPickers
2
//CapaPicker
8
//TimeToTravelOneDistanceUnit
3
//SetupTime
5400
//PickTime
300
//Products
//Idx Location Size
1 1 1
2 2 1
3 3 1
4 4 1
5 5 1
6 6 1
7 7 1
8 8 1
9 9 1
10 10 1
11 11 1
12 12 1
13 13 1
14 14 1
15 15 1
16 16 1
17 17 1
18 18 1
19 19 1
20 20 1
21 21 1
22 22 1
23 23 1
24 24 1
25 25 1
26 26 1
27 27 1
28 28 1
29 29 1
30 8 1
31 30 1
32 31 1
33 32 1
34 33 1
35 15 1
36 34 1
37 35 1
38 36 1
39 35 1
40 27 1
41 29 1
42 18 1
43 37 1
//Orders
//NbOrders
18
//Idx DueDate TardinessPenalty NbProdInOrder ProdIdx1 Qty1 ProdIdx2 Qty2 ...
1 108000 0 1 1 1
2 54000 0 1 2 1
3 72000 0 5 3 1 4 1 5 1 6 1 7 1
4 90000 0 1 8 1
5 72000 0 3 9 1 10 1 11 1
6 72000 0 2 12 1 13 1
7 90000 0 3 14 1 15 1 16 1
8 90000 0 2 17 1 18 1
9 72000 0 3 19 1 20 1 21 1
10 54000 0 2 22 1 23 1
11 108000 0 3 24 1 25 1 26 1
12 90000 0 4 27 1 28 1 29 1 30 1
13 54000 0 3 31 1 32 1 33 1
14 72000 0 2 34 1 35 1
15 108000 0 2 36 1 37 1
16 72000 0 4 38 1 39 1 40 1 41 1
17 54000 0 1 42 1
18 54000 0 1 43 1
//Graph (Products are vertices indexed from 1 to NbProducts)
//NbVerticesIntersections
18
//DepartingDepot
0
//ArrivalDepot
56
//Arcs
//Start End Distance
0 38 120
1 10 65
1 18 26
2 50 63
2 51 388
3 33 39
3 34 26
4 21 130
4 42 219
5 14 78
5 22 169
6 31 52
6 32 52
7 30 13
7 40 37
8 27 65
8 32 13
9 19 91
9 39 63
10 1 65
10 29 0
11 12 13
11 15 13
12 11 13
12 35 13
13 26 26
13 35 39
14 5 78
14 23 0
15 11 13
15 17 0
16 19 52
16 20 13
17 15 0
17 39 50
18 1 26
18 30 52
19 9 91
19 16 52
20 16 13
20 29 39
21 4 130
21 24 39
22 5 169
22 44 89
23 14 0
23 45 115
24 21 39
24 43 63
25 28 130
25 37 221
26 13 26
26 31 13
27 8 65
27 38 102
28 25 130
28 42 50
29 10 0
29 20 39
30 7 13
30 18 52
31 6 52
31 26 13
32 6 52
32 8 13
33 3 39
33 46 154
34 3 26
34 45 232
35 12 13
35 13 39
36 51 258
36 52 193
37 25 221
37 41 50
38 27 102
38 41 48
38 56 120
39 9 63
39 17 50
39 42 48
40 7 37
40 43 48
41 37 50
41 38 48
41 44 48
42 4 219
42 28 50
42 39 48
42 45 48
43 24 63
43 40 48
43 46 48
44 22 89
44 41 48
44 47 48
45 23 115
45 34 232
45 42 48
45 48 48
46 33 154
46 43 48
46 49 48
47 44 48
47 48 451
47 50 48
48 45 48
48 47 451
48 49 451
48 51 48
49 46 48
49 48 451
49 52 48
50 2 63
50 47 48
50 53 48
51 2 388
51 36 258
51 48 48
51 54 48
52 36 193
52 49 48
52 55 48
53 50 48
53 54 451
54 51 48
54 53 451
54 55 451
55 52 48
55 54 451
//LocStart LocEnd ShortestPath
0 0 0
0 1 894
0 2 375
0 3 925
0 4 838
0 5 474
0 6 352
0 7 985
0 8 287
0 9 634
0 10 829
0 11 508
0 12 495
0 13 443
0 14 552
0 15 521
0 16 777
0 17 521
0 18 920
0 19 725
0 20 790
0 21 968
0 22 305
0 23 552
0 24 1007
0 25 439
0 26 417
0 27 222
0 28 569
0 29 829
0 30 972
0 31 404
0 32 300
0 33 964
0 34 899
0 35 482
0 36 1021
0 37 218
0 38 120
0 39 571
0 40 1022
0 41 168
0 42 619
0 43 1070
0 44 216
0 45 667
0 46 1118
0 47 264
0 48 715
0 49 1166
0 50 312
0 51 763
0 52 1214
0 53 360
0 54 811
0 55 1262
0 56 0
1 0 894
1 1 0
1 2 903
1 3 417
1 4 408
1 5 612
1 6 542
1 7 91
1 8 607
1 9 260
1 10 65
1 11 386
1 12 399
1 13 451
1 14 534
1 15 373
1 16 117
1 17 373
1 18 26
1 19 169
1 20 104
1 21 278
1 22 781
1 23 534
1 24 239
1 25 551
1 26 477
1 27 672
1 28 421
1 29 65
1 30 78
1 31 490
1 32 594
1 33 378
1 34 443
1 35 412
1 36 513
1 37 772
1 38 774
1 39 323
1 40 128
1 41 822
1 42 371
1 43 176
1 44 870
1 45 419
1 46 224
1 47 918
1 48 467
1 49 272
1 50 966
1 51 515
1 52 320
1 53 1014
1 54 563
1 55 368
1 56 894
2 0 375
2 1 903
2 2 0
2 3 742
2 4 751
2 5 417
2 6 487
2 7 994
2 8 422
2 9 643
2 10 838
2 11 643
2 12 630
2 13 578
2 14 495
2 15 630
2 16 786
2 17 630
2 18 929
2 19 734
2 20 799
2 21 881
2 22 248
2 23 495
2 24 920
2 25 478
2 26 552
2 27 357
2 28 582
2 29 838
2 30 981
2 31 539
2 32 435
2 33 781
2 34 716
2 35 617
2 36 646
2 37 257
2 38 255
2 39 580
2 40 1031
2 41 207
2 42 532
2 43 983
2 44 159
2 45 484
2 46 935
2 47 111
2 48 436
2 49 887
2 50 63
2 51 388
2 52 839
2 53 111
2 54 436
2 55 887
2 56 375
3 0 925
3 1 417
3 2 742
3 3 0
3 4 473
3 5 451
3 6 573
3 7 326
3 8 638
3 9 417
3 10 482
3 11 417
3 12 430
3 13 482
3 14 373
3 15 404
3 16 534
3 17 404
3 18 391
3 19 508
3 20 521
3 21 343
3 22 620
3 23 373
3 24 304
3 25 486
3 26 508
3 27 703
3 28 356
3 29 482
3 30 339
3 31 521
3 32 625
3 33 39
3 34 26
3 35 443
3 36 482
3 37 707
3 38 805
3 39 354
3 40 289
3 41 757
3 42 306
3 43 241
3 44 709
3 45 258
3 46 193
3 47 757
3 48 306
3 49 241
3 50 805
3 51 354
3 52 289
3 53 853
3 54 402
3 55 337
3 56 925
4 0 838
4 1 408
4 2 751
4 3 473
4 4 0
4 5 460
4 6 486
4 7 317
4 8 551
4 9 330
4 10 473
4 11 330
4 12 343
4 13 395
4 14 382
4 15 317
4 16 473
4 17 317
4 18 382
4 19 421
4 20 486
4 21 130
4 22 629
4 23 382
4 24 169
4 25 399
4 26 421
4 27 616
4 28 269
4 29 473
4 30 330
4 31 434
4 32 538
4 33 434
4 34 499
4 35 356
4 36 569
4 37 620
4 38 718
4 39 267
4 40 280
4 41 670
4 42 219
4 43 232
4 44 718
4 45 267
4 46 280
4 47 766
4 48 315
4 49 328
4 50 814
4 51 363
4 52 376
4 53 862
4 54 411
4 55 424
4 56 838
5 0 474
5 1 612
5 2 417
5 3 451
5 4 460
5 5 0
5 6 508
5 7 703
5 8 521
5 9 352
5 10 547
5 11 352
5 12 365
5 13 417
5 14 78
5 15 339
5 16 495
5 17 339
5 18 638
5 19 443
5 20 508
5 21 590
5 22 169
5 23 78
5 24 629
5 25 421
5 26 443
5 27 456
5 28 291
5 29 547
5 30 690
5 31 456
5 32 534
5 33 490
5 34 425
5 35 378
5 36 547
5 37 356
5 38 354
5 39 289
5 40 740
5 41 306
5 42 241
5 43 692
5 44 258
5 45 193
5 46 644
5 47 306
5 48 241
5 49 692
5 50 354
5 51 289
5 52 740
5 53 402
5 54 337
5 55 788
5 56 474
6 0 352
6 1 542
6 2 487
6 3 573
6 4 486
6 5 508
6 6 0
6 7 633
6 8 65
6 9 282
6 10 477
6 11 156
6 12 143
6 13 91
6 14 430
6 15 169
6 16 425
6 17 169
6 18 568
6 19 373
6 20 438
6 21 616
6 22 417
6 23 430
6 24 655
6 25 447
6 26 65
6 27 130
6 28 317
6 29 477
6 30 620
6 31 52
6 32 52
6 33 612
6 34 547
6 35 130
6 36 669
6 37 330
6 38 232
6 39 219
6 40 670
6 41 280
6 42 267
6 43 718
6 44 328
6 45 315
6 46 766
6 47 376
6 48 363
6 49 814
6 50 424
6 51 411
6 52 862
6 53 472
6 54 459
6 55 910
6 56 352
7 0 985
7 1 91
7 2 994
7 3 326
7 4 317
7 5 703
7 6 633
7 7 0
7 8 698
7 9 351
7 10 156
7 11 477
7 12 490
7 13 542
7 14 625
7 15 464
7 16 208
7 17 464
7 18 65
7 19 260
7 20 195
7 21 187
7 22 872
7 23 625
7 24 148
7 25 642
7 26 568
7 27 763
7 28 512
7 29 156
7 30 13
7 31 581
7 32 685
7 33 287
7 34 352
7 35 503
7 36 422
7 37 863
7 38 865
7 39 414
7 40 37
7 41 913
7 42 462
7 43 85
7 44 961
7 45 510
7 46 133
7 47 1009
7 48 558
7 49 181
7 50 1057
7 51 606
7 52 229
7 53 1105
7 54 654
7 55 277
7 56 985
8 0 287
8 1 607
8 2 422
8 3 638
8 4 551
8 5 521
8 6 65
8 7 698
8 8 0
8 9 347
8 10 542
8 11 221
8 12 208
8 13 156
8 14 495
8 15 234
8 16 490
8 17 234
8 18 633
8 19 438
8 20 503
8 21 681
8 22 352
8 23 495
8 24 720
8 25 486
8 26 130
8 27 65
8 28 382
8 29 542
8 30 685
8 31 117
8 32 13
8 33 677
8 34 612
8 35 195
8 36 734
8 37 265
8 38 167
8 39 284
8 40 735
8 41 215
8 42 332
8 43 783
8 44 263
8 45 380
8 46 831
8 47 311
8 48 428
8 49 879
8 50 359
8 51 476
8 52 927
8 53 407
8 54 524
8 55 975
8 56 287
9 0 634
9 1 260
9 2 643
9 3 417
9 4 330
9 5 352
9 6 282
9 7 351
9 8 347
9 9 0
9 10 195
9 11 126
9 12 139
9 13 191
9 14 274
9 15 113
9 16 143
9 17 113
9 18 286
9 19 91
9 20 156
9 21 460
9 22 521
9 23 274
9 24 499
9 25 291
9 26 217
9 27 412
9 28 161
9 29 195
9 30 338
9 31 230
9 32 334
9 33 456
9 34 391
9 35 152
9 36 513
9 37 512
9 38 514
9 39 63
9 40 388
9 41 562
9 42 111
9 43 436
9 44 610
9 45 159
9 46 484
9 47 658
9 48 207
9 49 532
9 50 706
9 51 255
9 52 580
9 53 754
9 54 303
9 55 628
9 56 634
10 0 829
10 1 65
10 2 838
10 3 482
10 4 473
10 5 547
10 6 477
10 7 156
10 8 542
10 9 195
10 10 0
10 11 321
10 12 334
10 13 386
10 14 469
10 15 308
10 16 52
10 17 308
10 18 91
10 19 104
10 20 39
10 21 343
10 22 716
10 23 469
10 24 304
10 25 486
10 26 412
10 27 607
10 28 356
10 29 0
10 30 143
10 31 425
10 32 529
10 33 443
10 34 508
10 35 347
10 36 578
10 37 707
10 38 709
10 39 258
10 40 193
10 41 757
10 42 306
10 43 241
10 44 805
10 45 354
10 46 289
10 47 853
10 48 402
10 49 337
10 50 901
10 51 450
10 52 385
10 53 949
10 54 498
10 55 433
10 56 829
11 0 508
11 1 386
11 2 643
11 3 417
11 4 330
11 5 352
11 6 156
11 7 477
11 8 221
11 9 126
11 10 321
11 11 0
11 12 13
11 13 65
11 14 274
11 15 13
11 16 269
11 17 13
11 18 412
11 19 217
11 20 282
11 21 460
11 22 521
11 23 274
11 24 499
11 25 291
11 26 91
11 27 286
11 28 161
11 29 321
11 30 464
11 31 104
11 32 208
11 33 456
11 34 391
11 35 26
11 36 513
11 37 486
11 38 388
11 39 63
11 40 514
11 41 436
11 42 111
11 43 562
11 44 484
11 45 159
11 46 610
11 47 532
11 48 207
11 49 658
11 50 580
11 51 255
11 52 706
11 53 628
11 54 303
11 55 754
11 56 508
12 0 495
12 1 399
12 2 630
12 3 430
12 4 343
12 5 365
12 6 143
12 7 490
12 8 208
12 9 139
12 10 334
12 11 13
12 12 0
12 13 52
12 14 287
12 15 26
12 16 282
12 17 26
12 18 425
12 19 230
12 20 295
12 21 473
12 22 534
12 23 287
12 24 512
12 25 304
12 26 78
12 27 273
12 28 174
12 29 334
12 30 477
12 31 91
12 32 195
12 33 469
12 34 404
12 35 13
12 36 526
12 37 473
12 38 375
12 39 76
12 40 527
12 41 423
12 42 124
12 43 575
12 44 471
12 45 172
12 46 623
12 47 519
12 48 220
12 49 671
12 50 567
12 51 268
12 52 719
12 53 615
12 54 316
12 55 767
12 56 495
13 0 443
13 1 451
13 2 578
13 3 482
13 4 395
13 5 417
13 6 91
13 7 542
13 8 156
13 9 191
13 10 386
13 11 65
13 12 52
13 13 0
13 14 339
13 15 78
13 16 334
13 17 78
13 18 477
13 19 282
13 20 347
13 21 525
13 22 508
13 23 339
13 24 564
13 25 356
13 26 26
13 27 221
13 28 226
13 29 386
13 30 529
13 31 39
13 32 143
13 33 521
13 34 456
13 35 39
13 36 578
13 37 421
13 38 323
13 39 128
13 40 579
13 41 371
13 42 176
13 43 627
13 44 419
13 45 224
13 46 675
13 47 467
13 48 272
13 49 723
13 50 515
13 51 320
13 52 771
13 53 563
13 54 368
13 55 819
13 56 443
14 0 552
14 1 534
14 2 495
14 3 373
14 4 382
14 5 78
14 6 430
14 7 625
14 8 495
14 9 274
14 10 469
14 11 274
14 12 287
14 13 339
14 14 0
14 15 261
14 16 417
14 17 261
14 18 560
14 19 365
14 20 430
14 21 512
14 22 247
14 23 0
14 24 551
14 25 343
14 26 365
14 27 534
14 28 213
14 29 469
14 30 612
14 31 378
14 32 482
14 33 412
14 34 347
14 35 300
14 36 469
14 37 434
14 38 432
14 39 211
14 40 662
14 41 384
14 42 163
14 43 614
14 44 336
14 45 115
14 46 566
14 47 384
14 48 163
14 49 614
14 50 432
14 51 211
14 52 662
14 53 480
14 54 259
14 55 710
14 56 552
15 0 521
15 1 373
15 2 630
15 3 404
15 4 317
15 5 339
15 6 169
15 7 464
15 8 234
15 9 113
15 10 308
15 11 13
15 12 26
15 13 78
15 14 261
15 15 0
15 16 256
15 17 0
15 18 399
15 19 204
15 20 269
15 21 447
15 22 508
15 23 261
15 24 486
15 25 278
15 26 104
15 27 299
15 28 148
15 29 308
15 30 451
15 31 117
15 32 221
15 33 443
15 34 378
15 35 39
15 36 500
15 37 499
15 38 401
15 39 50
15 40 501
15 41 449
15 42 98
15 43 549
15 44 497
15 45 146
15 46 597
15 47 545
15 48 194
15 49 645
15 50 593
15 51 242
15 52 693
15 53 641
15 54 290
15 55 741
15 56 521
16 0 777
16 1 117
16 2 786
16 3 534
16 4 473
16 5 495
16 6 425
16 7 208
16 8 490
16 9 143
16 10 52
16 11 269
16 12 282
16 13 334
16 14 417
16 15 256
16 16 0
16 17 256
16 18 143
16 19 52
16 20 13
16 21 395
16 22 664
16 23 417
16 24 356
16 25 434
16 26 360
16 27 555
16 28 304
16 29 52
16 30 195
16 31 373
16 32 477
16 33 495
16 34 534
16 35 295
16 36 630
16 37 655
16 38 657
16 39 206
16 40 245
16 41 705
16 42 254
16 43 293
16 44 753
16 45 302
16 46 341
16 47 801
16 48 350
16 49 389
16 50 849
16 51 398
16 52 437
16 53 897
16 54 446
16 55 485
16 56 777
17 0 521
17 1 373
17 2 630
17 3 404
17 4 317
17 5 339
17 6 169
17 7 464
17 8 234
17 9 113
17 10 308
17 11 13
17 12 26
17 13 78
17 14 261
17 15 0
17 16 256
17 17 0
17 18 399
17 19 204
17 20 269
17 21 447
17 22 508
17 23 261
17 24 486
17 25 278
17 26 104
17 27 299
17 28 148
17 29 308
17 30 451
17 31 117
17 32 221
17 33 443
17 34 378
17 35 39
17 36 500
17 37 499
17 38 401
17 39 50
17 40 501
17 41 449
17 42 98
17 43 549
17 44 497
17 45 146
17 46 597
17 47 545
17 48 194
17 49 645
17 50 593
17 51 242
17 52 693
17 53 641
17 54 290
17 55 741
17 56 521
18 0 920
18 1 26
18 2 929
18 3 391
18 4 382
18 5 638
18 6 568
18 7 65
18 8 633
18 9 286
18 10 91
18 11 412
18 12 425
18 13 477
18 14 560
18 15 399
18 16 143
18 17 399
18 18 0
18 19 195
18 20 130
18 21 252
18 22 807
18 23 560
18 24 213
18 25 577
18 26 503
18 27 698
18 28 447
18 29 91
18 30 52
18 31 516
18 32 620
18 33 352
18 34 417
18 35 438
18 36 487
18 37 798
18 38 800
18 39 349
18 40 102
18 41 848
18 42 397
18 43 150
18 44 896
18 45 445
18 46 198
18 47 944
18 48 493
18 49 246
18 50 992
18 51 541
18 52 294
18 53 1040
18 54 589
18 55 342
18 56 920
19 0 725
19 1 169
19 2 734
19 3 508
19 4 421
19 5 443
19 6 373
19 7 260
19 8 438
19 9 91
19 10 104
19 11 217
19 12 230
19 13 282
19 14 365
19 15 204
19 16 52
19 17 204
19 18 195
19 19 0
19 20 65
19 21 447
19 22 612
19 23 365
19 24 408
19 25 382
19 26 308
19 27 503
19 28 252
19 29 104
19 30 247
19 31 321
19 32 425
19 33 547
19 34 482
19 35 243
19 36 604
19 37 603
19 38 605
19 39 154
19 40 297
19 41 653
19 42 202
19 43 345
19 44 701
19 45 250
19 46 393
19 47 749
19 48 298
19 49 441
19 50 797
19 51 346
19 52 489
19 53 845
19 54 394
19 55 537
19 56 725
20 0 790
20 1 104
20 2 799
20 3 521
20 4 486
20 5 508
20 6 438
20 7 195
20 8 503
20 9 156
20 10 39
20 11 282
20 12 295
20 13 347
20 14 430
20 15 269
20 16 13
20 17 269
20 18 130
20 19 65
20 20 0
20 21 382
20 22 677
20 23 430
20 24 343
20 25 447
20 26 373
20 27 568
20 28 317
20 29 39
20 30 182
20 31 386
20 32 490
20 33 482
20 34 547
20 35 308
20 36 617
20 37 668
20 38 670
20 39 219
20 40 232
20 41 718
20 42 267
20 43 280
20 44 766
20 45 315
20 46 328
20 47 814
20 48 363
20 49 376
20 50 862
20 51 411
20 52 424
20 53 910
20 54 459
20 55 472
20 56 790
21 0 968
21 1 278
21 2 881
21 3 343
21 4 130
21 5 590
21 6 616
21 7 187
21 8 681
21 9 460
21 10 343
21 11 460
21 12 473
21 13 525
21 14 512
21 15 447
21 16 395
21 17 447
21 18 252
21 19 447
21 20 382
21 21 0
21 22 759
21 23 512
21 24 39
21 25 529
21 26 551
21 27 746
21 28 399
21 29 343
21 30 200
21 31 564
21 32 668
21 33 304
21 34 369
21 35 486
21 36 439
21 37 750
21 38 848
21 39 397
21 40 150
21 41 800
21 42 349
21 43 102
21 44 848
21 45 397
21 46 150
21 47 896
21 48 445
21 49 198
21 50 944
21 51 493
21 52 246
21 53 992
21 54 541
21 55 294
21 56 968
22 0 305
22 1 781
22 2 248
22 3 620
22 4 629
22 5 169
22 6 417
22 7 872
22 8 352
22 9 521
22 10 716
22 11 521
22 12 534
22 13 508
22 14 247
22 15 508
22 16 664
22 17 508
22 18 807
22 19 612
22 20 677
22 21 759
22 22 0
22 23 247
22 24 798
22 25 408
22 26 482
22 27 287
22 28 460
22 29 716
22 30 859
22 31 469
22 32 365
22 33 659
22 34 594
22 35 547
22 36 716
22 37 187
22 38 185
22 39 458
22 40 909
22 41 137
22 42 410
22 43 861
22 44 89
22 45 362
22 46 813
22 47 137
22 48 410
22 49 861
22 50 185
22 51 458
22 52 909
22 53 233
22 54 506
22 55 957
22 56 305
23 0 552
23 1 534
23 2 495
23 3 373
23 4 382
23 5 78
23 6 430
23 7 625
23 8 495
23 9 274
23 10 469
23 11 274
23 12 287
23 13 339
23 14 0
23 15 261
23 16 417
23 17 261
23 18 560
23 19 365
23 20 430
23 21 512
23 22 247
23 23 0
23 24 551
23 25 343
23 26 365
23 27 534
23 28 213
23 29 469
23 30 612
23 31 378
23 32 482
23 33 412
23 34 347
23 35 300
23 36 469
23 37 434
23 38 432
23 39 211
23 40 662
23 41 384
23 42 163
23 43 614
23 44 336
23 45 115
23 46 566
23 47 384
23 48 163
23 49 614
23 50 432
23 51 211
23 52 662
23 53 480
23 54 259
23 55 710
23 56 552
24 0 1007
24 1 239
24 2 920
24 3 304
24 4 169
24 5 629
24 6 655
24 7 148
24 8 720
24 9 499
24 10 304
24 11 499
24 12 512
24 13 564
24 14 551
24 15 486
24 16 356
24 17 486
24 18 213
24 19 408
24 20 343
24 21 39
24 22 798
24 23 551
24 24 0
24 25 568
24 26 590
24 27 785
24 28 438
24 29 304
24 30 161
24 31 603
24 32 707
24 33 265
24 34 330
24 35 525
24 36 400
24 37 789
24 38 887
24 39 436
24 40 111
24 41 839
24 42 388
24 43 63
24 44 887
24 45 436
24 46 111
24 47 935
24 48 484
24 49 159
24 50 983
24 51 532
24 52 207
24 53 1031
24 54 580
24 55 255
24 56 1007
25 0 439
25 1 551
25 2 478
25 3 486
25 4 399
25 5 421
25 6 447
25 7 642
25 8 486
25 9 291
25 10 486
25 11 291
25 12 304
25 13 356
25 14 343
25 15 278
25 16 434
25 17 278
25 18 577
25 19 382
25 20 447
25 21 529
25 22 408
25 23 343
25 24 568
25 25 0
25 26 382
25 27 421
25 28 130
25 29 486
25 30 629
25 31 395
25 32 499
25 33 525
25 34 460
25 35 317
25 36 582
25 37 221
25 38 319
25 39 228
25 40 679
25 41 271
25 42 180
25 43 631
25 44 319
25 45 228
25 46 679
25 47 367
25 48 276
25 49 727
25 50 415
25 51 324
25 52 775
25 53 463
25 54 372
25 55 823
25 56 439
26 0 417
26 1 477
26 2 552
26 3 508
26 4 421
26 5 443
26 6 65
26 7 568
26 8 130
26 9 217
26 10 412
26 11 91
26 12 78
26 13 26
26 14 365
26 15 104
26 16 360
26 17 104
26 18 503
26 19 308
26 20 373
26 21 551
26 22 482
26 23 365
26 24 590
26 25 382
26 26 0
26 27 195
26 28 252
26 29 412
26 30 555
26 31 13
26 32 117
26 33 547
26 34 482
26 35 65
26 36 604
26 37 395
26 38 297
26 39 154
26 40 605
26 41 345
26 42 202
26 43 653
26 44 393
26 45 250
26 46 701
26 47 441
26 48 298
26 49 749
26 50 489
26 51 346
26 52 797
26 53 537
26 54 394
26 55 845
26 56 417
27 0 222
27 1 672
27 2 357
27 3 703
27 4 616
27 5 456
27 6 130
27 7 763
27 8 65
27 9 412
27 10 607
27 11 286
27 12 273
27 13 221
27 14 534
27 15 299
27 16 555
27 17 299
27 18 698
27 19 503
27 20 568
27 21 746
27 22 287
27 23 534
27 24 785
27 25 421
27 26 195
27 27 0
27 28 447
27 29 607
27 30 750
27 31 182
27 32 78
27 33 742
27 34 677
27 35 260
27 36 799
27 37 200
27 38 102
27 39 349
27 40 800
27 41 150
27 42 397
27 43 848
27 44 198
27 45 445
27 46 896
27 47 246
27 48 493
27 49 944
27 50 294
27 51 541
27 52 992
27 53 342
27 54 589
27 55 1040
27 56 222
28 0 569
28 1 421
28 2 582
28 3 356
28 4 269
28 5 291
28 6 317
28 7 512
28 8 382
28 9 161
28 10 356
28 11 161
28 12 174
28 13 226
28 14 213
28 15 148
28 16 304
28 17 148
28 18 447
28 19 252
28 20 317
28 21 399
28 22 460
28 23 213
28 24 438
28 25 130
28 26 252
28 27 447
28 28 0
28 29 356
28 30 499
28 31 265
28 32 369
28 33 395
28 34 330
28 35 187
28 36 452
28 37 351
28 38 449
28 39 98
28 40 549
28 41 401
28 42 50
28 43 501
28 44 449
28 45 98
28 46 549
28 47 497
28 48 146
28 49 597
28 50 545
28 51 194
28 52 645
28 53 593
28 54 242
28 55 693
28 56 569
29 0 829
29 1 65
29 2 838
29 3 482
29 4 473
29 5 547
29 6 477
29 7 156
29 8 542
29 9 195
29 10 0
29 11 321
29 12 334
29 13 386
29 14 469
29 15 308
29 16 52
29 17 308
29 18 91
29 19 104
29 20 39
29 21 343
29 22 716
29 23 469
29 24 304
29 25 486
29 26 412
29 27 607
29 28 356
29 29 0
29 30 143
29 31 425
29 32 529
29 33 443
29 34 508
29 35 347
29 36 578
29 37 707
29 38 709
29 39 258
29 40 193
29 41 757
29 42 306
29 43 241
29 44 805
29 45 354
29 46 289
29 47 853
29 48 402
29 49 337
29 50 901
29 51 450
29 52 385
29 53 949
29 54 498
29 55 433
29 56 829
30 0 972
30 1 78
30 2 981
30 3 339
30 4 330
30 5 690
30 6 620
30 7 13
30 8 685
30 9 338
30 10 143
30 11 464
30 12 477
30 13 529
30 14 612
30 15 451
30 16 195
30 17 451
30 18 52
30 19 247
30 20 182
30 21 200
30 22 859
30 23 612
30 24 161
30 25 629
30 26 555
30 27 750
30 28 499
30 29 143
30 30 0
30 31 568
30 32 672
30 33 300
30 34 365
30 35 490
30 36 435
30 37 850
30 38 852
30 39 401
30 40 50
30 41 900
30 42 449
30 43 98
30 44 948
30 45 497
30 46 146
30 47 996
30 48 545
30 49 194
30 50 1044
30 51 593
30 52 242
30 53 1092
30 54 641
30 55 290
30 56 972
31 0 404
31 1 490
31 2 539
31 3 521
31 4 434
31 5 456
31 6 52
31 7 581
31 8 117
31 9 230
31 10 425
31 11 104
31 12 91
31 13 39
31 14 378
31 15 117
31 16 373
31 17 117
31 18 516
31 19 321
31 20 386
31 21 564
31 22 469
31 23 378
31 24 603
31 25 395
31 26 13
31 27 182
31 28 265
31 29 425
31 30 568
31 31 0
31 32 104
31 33 560
31 34 495
31 35 78
31 36 617
31 37 382
31 38 284
31 39 167
31 40 618
31 41 332
31 42 215
31 43 666
31 44 380
31 45 263
31 46 714
31 47 428
31 48 311
31 49 762
31 50 476
31 51 359
31 52 810
31 53 524
31 54 407
31 55 858
31 56 404
32 0 300
32 1 594
32 2 435
32 3 625
32 4 538
32 5 534
32 6 52
32 7 685
32 8 13
32 9 334
32 10 529
32 11 208
32 12 195
32 13 143
32 14 482
32 15 221
32 16 477
32 17 221
32 18 620
32 19 425
32 20 490
32 21 668
32 22 365
32 23 482
32 24 707
32 25 499
32 26 117
32 27 78
32 28 369
32 29 529
32 30 672
32 31 104
32 32 0
32 33 664
32 34 599
32 35 182
32 36 721
32 37 278
32 38 180
32 39 271
32 40 722
32 41 228
32 42 319
32 43 770
32 44 276
32 45 367
32 46 818
32 47 324
32 48 415
32 49 866
32 50 372
32 51 463
32 52 914
32 53 420
32 54 511
32 55 962
32 56 300
33 0 964
33 1 378
33 2 781
33 3 39
33 4 434
33 5 490
33 6 612
33 7 287
33 8 677
33 9 456
33 10 443
33 11 456
33 12 469
33 13 521
33 14 412
33 15 443
33 16 495
33 17 443
33 18 352
33 19 547
33 20 482
33 21 304
33 22 659
33 23 412
33 24 265
33 25 525
33 26 547
33 27 742
33 28 395
33 29 443
33 30 300
33 31 560
33 32 664
33 33 0
33 34 65
33 35 482
33 36 443
33 37 746
33 38 844
33 39 393
33 40 250
33 41 796
33 42 345
33 43 202
33 44 748
33 45 297
33 46 154
33 47 796
33 48 345
33 49 202
33 50 844
33 51 393
33 52 250
33 53 892
33 54 441
33 55 298
33 56 964
34 0 899
34 1 443
34 2 716
34 3 26
34 4 499
34 5 425
34 6 547
34 7 352
34 8 612
34 9 391
34 10 508
34 11 391
34 12 404
34 13 456
34 14 347
34 15 378
34 16 534
34 17 378
34 18 417
34 19 482
34 20 547
34 21 369
34 22 594
34 23 347
34 24 330
34 25 460
34 26 482
34 27 677
34 28 330
34 29 508
34 30 365
34 31 495
34 32 599
34 33 65
34 34 0
34 35 417
34 36 508
34 37 681
34 38 779
34 39 328
34 40 315
34 41 731
34 42 280
34 43 267
34 44 683
34 45 232
34 46 219
34 47 731
34 48 280
34 49 267
34 50 779
34 51 328
34 52 315
34 53 827
34 54 376
34 55 363
34 56 899
35 0 482
35 1 412
35 2 617
35 3 443
35 4 356
35 5 378
35 6 130
35 7 503
35 8 195
35 9 152
35 10 347
35 11 26
35 12 13
35 13 39
35 14 300
35 15 39
35 16 295
35 17 39
35 18 438
35 19 243
35 20 308
35 21 486
35 22 547
35 23 300
35 24 525
35 25 317
35 26 65
35 27 260
35 28 187
35 29 347
35 30 490
35 31 78
35 32 182
35 33 482
35 34 417
35 35 0
35 36 539
35 37 460
35 38 362
35 39 89
35 40 540
35 41 410
35 42 137
35 43 588
35 44 458
35 45 185
35 46 636
35 47 506
35 48 233
35 49 684
35 50 554
35 51 281
35 52 732
35 53 602
35 54 329
35 55 780
35 56 482
36 0 1021
36 1 513
36 2 646
36 3 482
36 4 569
36 5 547
36 6 669
36 7 422
36 8 734
36 9 513
36 10 578
36 11 513
36 12 526
36 13 578
36 14 469
36 15 500
36 16 630
36 17 500
36 18 487
36 19 604
36 20 617
36 21 439
36 22 716
36 23 469
36 24 400
36 25 582
36 26 604
36 27 799
36 28 452
36 29 578
36 30 435
36 31 617
36 32 721
36 33 443
36 34 508
36 35 539
36 36 0
36 37 803
36 38 901
36 39 450
36 40 385
36 41 853
36 42 402
36 43 337
36 44 805
36 45 354
36 46 289
36 47 757
36 48 306
36 49 241
36 50 709
36 51 258
36 52 193
36 53 757
36 54 306
36 55 241
36 56 1021
37 0 218
37 1 772
37 2 257
37 3 707
37 4 620
37 5 356
37 6 330
37 7 863
37 8 265
37 9 512
37 10 707
37 11 486
37 12 473
37 13 421
37 14 434
37 15 499
37 16 655
37 17 499
37 18 798
37 19 603
37 20 668
37 21 750
37 22 187
37 23 434
37 24 789
37 25 221
37 26 395
37 27 200
37 28 351
37 29 707
37 30 850
37 31 382
37 32 278
37 33 746
37 34 681
37 35 460
37 36 803
37 37 0
37 38 98
37 39 449
37 40 900
37 41 50
37 42 401
37 43 852
37 44 98
37 45 449
37 46 900
37 47 146
37 48 497
37 49 948
37 50 194
37 51 545
37 52 996
37 53 242
37 54 593
37 55 1044
37 56 218
38 0 120
38 1 774
38 2 255
38 3 805
38 4 718
38 5 354
38 6 232
38 7 865
38 8 167
38 9 514
38 10 709
38 11 388
38 12 375
38 13 323
38 14 432
38 15 401
38 16 657
38 17 401
38 18 800
38 19 605
38 20 670
38 21 848
38 22 185
38 23 432
38 24 887
38 25 319
38 26 297
38 27 102
38 28 449
38 29 709
38 30 852
38 31 284
38 32 180
38 33 844
38 34 779
38 35 362
38 36 901
38 37 98
38 38 0
38 39 451
38 40 902
38 41 48
38 42 499
38 43 950
38 44 96
38 45 547
38 46 998
38 47 144
38 48 595
38 49 1046
38 50 192
38 51 643
38 52 1094
38 53 240
38 54 691
38 55 1142
38 56 120
39 0 571
39 1 323
39 2 580
39 3 354
39 4 267
39 5 289
39 6 219
39 7 414
39 8 284
39 9 63
39 10 258
39 11 63
39 12 76
39 13 128
39 14 211
39 15 50
39 16 206
39 17 50
39 18 349
39 19 154
39 20 219
39 21 397
39 22 458
39 23 211
39 24 436
39 25 228
39 26 154
39 27 349
39 28 98
39 29 258
39 30 401
39 31 167
39 32 271
39 33 393
39 34 328
39 35 89
39 36 450
39 37 449
39 38 451
39 39 0
39 40 451
39 41 499
39 42 48
39 43 499
39 44 547
39 45 96
39 46 547
39 47 595
39 48 144
39 49 595
39 50 643
39 51 192
39 52 643
39 53 691
39 54 240
39 55 691
39 56 571
40 0 1022
40 1 128
40 2 1031
40 3 289
40 4 280
40 5 740
40 6 670
40 7 37
40 8 735
40 9 388
40 10 193
40 11 514
40 12 527
40 13 579
40 14 662
40 15 501
40 16 245
40 17 501
40 18 102
40 19 297
40 20 232
40 21 150
40 22 909
40 23 662
40 24 111
40 25 679
40 26 605
40 27 800
40 28 549
40 29 193
40 30 50
40 31 618
40 32 722
40 33 250
40 34 315
40 35 540
40 36 385
40 37 900
40 38 902
40 39 451
40 40 0
40 41 950
40 42 499
40 43 48
40 44 998
40 45 547
40 46 96
40 47 1046
40 48 595
40 49 144
40 50 1094
40 51 643
40 52 192
40 53 1142
40 54 691
40 55 240
40 56 1022
41 0 168
41 1 822
41 2 207
41 3 757
41 4 670
41 5 306
41 6 280
41 7 913
41 8 215
41 9 562
41 10 757
41 11 436
41 12 423
41 13 371
41 14 384
41 15 449
41 16 705
41 17 449
41 18 848
41 19 653
41 20 718
41 21 800
41 22 137
41 23 384
41 24 839
41 25 271
41 26 345
41 27 150
41 28 401
41 29 757
41 30 900
41 31 332
41 32 228
41 33 796
41 34 731
41 35 410
41 36 853
41 37 50
41 38 48
41 39 499
41 40 950
41 41 0
41 42 451
41 43 902
41 44 48
41 45 499
41 46 950
41 47 96
41 48 547
41 49 998
41 50 144
41 51 595
41 52 1046
41 53 192
41 54 643
41 55 1094
41 56 168
42 0 619
42 1 371
42 2 532
42 3 306
42 4 219
42 5 241
42 6 267
42 7 462
42 8 332
42 9 111
42 10 306
42 11 111
42 12 124
42 13 176
42 14 163
42 15 98
42 16 254
42 17 98
42 18 397
42 19 202
42 20 267
42 21 349
42 22 410
42 23 163
42 24 388
42 25 180
42 26 202
42 27 397
42 28 50
42 29 306
42 30 449
42 31 215
42 32 319
42 33 345
42 34 280
42 35 137
42 36 402
42 37 401
42 38 499
42 39 48
42 40 499
42 41 451
42 42 0
42 43 451
42 44 499
42 45 48
42 46 499
42 47 547
42 48 96
42 49 547
42 50 595
42 51 144
42 52 595
42 53 643
42 54 192
42 55 643
42 56 619
43 0 1070
43 1 176
43 2 983
43 3 241
43 4 232
43 5 692
43 6 718
43 7 85
43 8 783
43 9 436
43 10 241
43 11 562
43 12 575
43 13 627
43 14 614
43 15 549
43 16 293
43 17 549
43 18 150
43 19 345
43 20 280
43 21 102
43 22 861
43 23 614
43 24 63
43 25 631
43 26 653
43 27 848
43 28 501
43 29 241
43 30 98
43 31 666
43 32 770
43 33 202
43 34 267
43 35 588
43 36 337
43 37 852
43 38 950
43 39 499
43 40 48
43 41 902
43 42 451
43 43 0
43 44 950
43 45 499
43 46 48
43 47 998
43 48 547
43 49 96
43 50 1046
43 51 595
43 52 144
43 53 1094
43 54 643
43 55 192
43 56 1070
44 0 216
44 1 870
44 2 159
44 3 709
44 4 718
44 5 258
44 6 328
44 7 961
44 8 263
44 9 610
44 10 805
44 11 484
44 12 471
44 13 419
44 14 336
44 15 497
44 16 753
44 17 497
44 18 896
44 19 701
44 20 766
44 21 848
44 22 89
44 23 336
44 24 887
44 25 319
44 26 393
44 27 198
44 28 449
44 29 805
44 30 948
44 31 380
44 32 276
44 33 748
44 34 683
44 35 458
44 36 805
44 37 98
44 38 96
44 39 547
44 40 998
44 41 48
44 42 499
44 43 950
44 44 0
44 45 451
44 46 902
44 47 48
44 48 499
44 49 950
44 50 96
44 51 547
44 52 998
44 53 144
44 54 595
44 55 1046
44 56 216
45 0 667
45 1 419
45 2 484
45 3 258
45 4 267
45 5 193
45 6 315
45 7 510
45 8 380
45 9 159
45 10 354
45 11 159
45 12 172
45 13 224
45 14 115
45 15 146
45 16 302
45 17 146
45 18 445
45 19 250
45 20 315
45 21 397
45 22 362
45 23 115
45 24 436
45 25 228
45 26 250
45 27 445
45 28 98
45 29 354
45 30 497
45 31 263
45 32 367
45 33 297
45 34 232
45 35 185
45 36 354
45 37 449
45 38 547
45 39 96
45 40 547
45 41 499
45 42 48
45 43 499
45 44 451
45 45 0
45 46 451
45 47 499
45 48 48
45 49 499
45 50 547
45 51 96
45 52 547
45 53 595
45 54 144
45 55 595
45 56 667
46 0 1118
46 1 224
46 2 935
46 3 193
46 4 280
46 5 644
46 6 766
46 7 133
46 8 831
46 9 484
46 10 289
46 11 610
46 12 623
46 13 675
46 14 566
46 15 597
46 16 341
46 17 597
46 18 198
46 19 393
46 20 328
46 21 150
46 22 813
46 23 566
46 24 111
46 25 679
46 26 701
46 27 896
46 28 549
46 29 289
46 30 146
46 31 714
46 32 818
46 33 154
46 34 219
46 35 636
46 36 289
46 37 900
46 38 998
46 39 547
46 40 96
46 41 950
46 42 499
46 43 48
46 44 902
46 45 451
46 46 0
46 47 950
46 48 499
46 49 48
46 50 998
46 51 547
46 52 96
46 53 1046
46 54 595
46 55 144
46 56 1118
47 0 264
47 1 918
47 2 111
47 3 757
47 4 766
47 5 306
47 6 376
47 7 1009
47 8 311
47 9 658
47 10 853
47 11 532
47 12 519
47 13 467
47 14 384
47 15 545
47 16 801
47 17 545
47 18 944
47 19 749
47 20 814
47 21 896
47 22 137
47 23 384
47 24 935
47 25 367
47 26 441
47 27 246
47 28 497
47 29 853
47 30 996
47 31 428
47 32 324
47 33 796
47 34 731
47 35 506
47 36 757
47 37 146
47 38 144
47 39 595
47 40 1046
47 41 96
47 42 547
47 43 998
47 44 48
47 45 499
47 46 950
47 47 0
47 48 451
47 49 902
47 50 48
47 51 499
47 52 950
47 53 96
47 54 547
47 55 998
47 56 264
48 0 715
48 1 467
48 2 436
48 3 306
48 4 315
48 5 241
48 6 363
48 7 558
48 8 428
48 9 207
48 10 402
48 11 207
48 12 220
48 13 272
48 14 163
48 15 194
48 16 350
48 17 194
48 18 493
48 19 298
48 20 363
48 21 445
48 22 410
48 23 163
48 24 484
48 25 276
48 26 298
48 27 493
48 28 146
48 29 402
48 30 545
48 31 311
48 32 415
48 33 345
48 34 280
48 35 233
48 36 306
48 37 497
48 38 595
48 39 144
48 40 595
48 41 547
48 42 96
48 43 547
48 44 499
48 45 48
48 46 499
48 47 451
48 48 0
48 49 451
48 50 499
48 51 48
48 52 499
48 53 547
48 54 96
48 55 547
48 56 715
49 0 1166
49 1 272
49 2 887
49 3 241
49 4 328
49 5 692
49 6 814
49 7 181
49 8 879
49 9 532
49 10 337
49 11 658
49 12 671
49 13 723
49 14 614
49 15 645
49 16 389
49 17 645
49 18 246
49 19 441
49 20 376
49 21 198
49 22 861
49 23 614
49 24 159
49 25 727
49 26 749
49 27 944
49 28 597
49 29 337
49 30 194
49 31 762
49 32 866
49 33 202
49 34 267
49 35 684
49 36 241
49 37 948
49 38 1046
49 39 595
49 40 144
49 41 998
49 42 547
49 43 96
49 44 950
49 45 499
49 46 48
49 47 902
49 48 451
49 49 0
49 50 950
49 51 499
49 52 48
49 53 998
49 54 547
49 55 96
49 56 1166
50 0 312
50 1 966
50 2 63
50 3 805
50 4 814
50 5 354
50 6 424
50 7 1057
50 8 359
50 9 706
50 10 901
50 11 580
50 12 567
50 13 515
50 14 432
50 15 593
50 16 849
50 17 593
50 18 992
50 19 797
50 20 862
50 21 944
50 22 185
50 23 432
50 24 983
50 25 415
50 26 489
50 27 294
50 28 545
50 29 901
50 30 1044
50 31 476
50 32 372
50 33 844
50 34 779
50 35 554
50 36 709
50 37 194
50 38 192
50 39 643
50 40 1094
50 41 144
50 42 595
50 43 1046
50 44 96
50 45 547
50 46 998
50 47 48
50 48 499
50 49 950
50 50 0
50 51 451
50 52 902
50 53 48
50 54 499
50 55 950
50 56 312
51 0 763
51 1 515
51 2 388
51 3 354
51 4 363
51 5 289
51 6 411
51 7 606
51 8 476
51 9 255
51 10 450
51 11 255
51 12 268
51 13 320
51 14 211
51 15 242
51 16 398
51 17 242
51 18 541
51 19 346
51 20 411
51 21 493
51 22 458
51 23 211
51 24 532
51 25 324
51 26 346
51 27 541
51 28 194
51 29 450
51 30 593
51 31 359
51 32 463
51 33 393
51 34 328
51 35 281
51 36 258
51 37 545
51 38 643
51 39 192
51 40 643
51 41 595
51 42 144
51 43 595
51 44 547
51 45 96
51 46 547
51 47 499
51 48 48
51 49 499
51 50 451
51 51 0
51 52 451
51 53 499
51 54 48
51 55 499
51 56 763
52 0 1214
52 1 320
52 2 839
52 3 289
52 4 376
52 5 740
52 6 862
52 7 229
52 8 927
52 9 580
52 10 385
52 11 706
52 12 719
52 13 771
52 14 662
52 15 693
52 16 437
52 17 693
52 18 294
52 19 489
52 20 424
52 21 246
52 22 909
52 23 662
52 24 207
52 25 775
52 26 797
52 27 992
52 28 645
52 29 385
52 30 242
52 31 810
52 32 914
52 33 250
52 34 315
52 35 732
52 36 193
52 37 996
52 38 1094
52 39 643
52 40 192
52 41 1046
52 42 595
52 43 144
52 44 998
52 45 547
52 46 96
52 47 950
52 48 499
52 49 48
52 50 902
52 51 451
52 52 0
52 53 950
52 54 499
52 55 48
52 56 1214
53 0 360
53 1 1014
53 2 111
53 3 853
53 4 862
53 5 402
53 6 472
53 7 1105
53 8 407
53 9 754
53 10 949
53 11 628
53 12 615
53 13 563
53 14 480
53 15 641
53 16 897
53 17 641
53 18 1040
53 19 845
53 20 910
53 21 992
53 22 233
53 23 480
53 24 1031
53 25 463
53 26 537
53 27 342
53 28 593
53 29 949
53 30 1092
53 31 524
53 32 420
53 33 892
53 34 827
53 35 602
53 36 757
53 37 242
53 38 240
53 39 691
53 40 1142
53 41 192
53 42 643
53 43 1094
53 44 144
53 45 595
53 46 1046
53 47 96
53 48 547
53 49 998
53 50 48
53 51 499
53 52 950
53 53 0
53 54 451
53 55 902
53 56 360
54 0 811
54 1 563
54 2 436
54 3 402
54 4 411
54 5 337
54 6 459
54 7 654
54 8 524
54 9 303
54 10 498
54 11 303
54 12 316
54 13 368
54 14 259
54 15 290
54 16 446
54 17 290
54 18 589
54 19 394
54 20 459
54 21 541
54 22 506
54 23 259
54 24 580
54 25 372
54 26 394
54 27 589
54 28 242
54 29 498
54 30 641
54 31 407
54 32 511
54 33 441
54 34 376
54 35 329
54 36 306
54 37 593
54 38 691
54 39 240
54 40 691
54 41 643
54 42 192
54 43 643
54 44 595
54 45 144
54 46 595
54 47 547
54 48 96
54 49 547
54 50 499
54 51 48
54 52 499
54 53 451
54 54 0
54 55 451
54 56 811
55 0 1262
55 1 368
55 2 887
55 3 337
55 4 424
55 5 788
55 6 910
55 7 277
55 8 975
55 9 628
55 10 433
55 11 754
55 12 767
55 13 819
55 14 710
55 15 741
55 16 485
55 17 741
55 18 342
55 19 537
55 20 472
55 21 294
55 22 957
55 23 710
55 24 255
55 25 823
55 26 845
55 27 1040
55 28 693
55 29 433
55 30 290
55 31 858
55 32 962
55 33 298
55 34 363
55 35 780
55 36 241
55 37 1044
55 38 1142
55 39 691
55 40 240
55 41 1094
55 42 643
55 43 192
55 44 1046
55 45 595
55 46 144
55 47 998
55 48 547
55 49 96
55 50 950
55 51 499
55 52 48
55 53 902
55 54 451
55 55 0
55 56 1262
56 0 0
56 1 894
56 2 375
56 3 925
56 4 838
56 5 474
56 6 352
56 7 985
56 8 287
56 9 634
56 10 829
56 11 508
56 12 495
56 13 443
56 14 552
56 15 521
56 16 777
56 17 521
56 18 920
56 19 725
56 20 790
56 21 968
56 22 305
56 23 552
56 24 1007
56 25 439
56 26 417
56 27 222
56 28 569
56 29 829
56 30 972
56 31 404
56 32 300
56 33 964
56 34 899
56 35 482
56 36 1021
56 37 218
56 38 120
56 39 571
56 40 1022
56 41 168
56 42 619
56 43 1070
56 44 216
56 45 667
56 46 1118
56 47 264
56 48 715
56 49 1166
56 50 312
56 51 763
56 52 1214
56 53 360
56 54 811
56 55 1262
56 56 0
//Location coordinates LocationName
//Loc x y
0 0.0 0.0 "depot"
1 0.0 894.0 "product aisle 0 bloc 1 rank 46"
2 192.0 183.0 "product aisle 4 bloc 0 rank 6"
3 96.0 829.0 "product aisle 2 bloc 1 rank 36"
4 48.0 790.0 "product aisle 1 bloc 1 rank 29"
5 96.0 378.0 "product aisle 2 bloc 0 rank 35"
6 0.0 352.0 "product aisle 0 bloc 0 rank 32"
7 0.0 985.0 "product aisle 0 bloc 1 rank 59"
8 0.0 287.0 "product aisle 0 bloc 0 rank 22"
9 0.0 634.0 "product aisle 0 bloc 1 rank 6"
10 0.0 829.0 "product aisle 0 bloc 1 rank 36"
11 0.0 508.0 "product aisle 0 bloc 0 rank 56"
12 0.0 495.0 "product aisle 0 bloc 0 rank 54"
13 0.0 443.0 "product aisle 0 bloc 0 rank 45"
14 96.0 456.0 "product aisle 2 bloc 0 rank 47"
15 0.0 521.0 "product aisle 0 bloc 0 rank 57"
16 0.0 777.0 "product aisle 0 bloc 1 rank 28"
17 0.0 521.0 "product aisle 0 bloc 0 rank 58"
18 0.0 920.0 "product aisle 0 bloc 1 rank 49"
19 0.0 725.0 "product aisle 0 bloc 1 rank 20"
20 0.0 790.0 "product aisle 0 bloc 1 rank 29"
21 48.0 920.0 "product aisle 1 bloc 1 rank 49"
22 96.0 209.0 "product aisle 2 bloc 0 rank 10"
23 96.0 456.0 "product aisle 2 bloc 0 rank 48"
24 48.0 959.0 "product aisle 1 bloc 1 rank 55"
25 48.0 391.0 "product aisle 1 bloc 0 rank 38"
26 0.0 417.0 "product aisle 0 bloc 0 rank 42"
27 0.0 222.0 "product aisle 0 bloc 0 rank 11"
28 48.0 521.0 "product aisle 1 bloc 0 rank 58"
29 0.0 829.0 "product aisle 0 bloc 1 rank 35"
30 0.0 972.0 "product aisle 0 bloc 1 rank 58"
31 0.0 404.0 "product aisle 0 bloc 0 rank 40"
32 0.0 300.0 "product aisle 0 bloc 0 rank 23"
33 96.0 868.0 "product aisle 2 bloc 1 rank 42"
34 96.0 803.0 "product aisle 2 bloc 1 rank 32"
35 0.0 482.0 "product aisle 0 bloc 0 rank 52"
36 192.0 829.0 "product aisle 4 bloc 1 rank 36"
37 48.0 170.0 "product aisle 1 bloc 0 rank 4"
38 24.0 120.0 "intersection aisle 0 bloc 0 rank 0"
39 24.0 571.0 "intersection aisle 0 bloc 1 rank 1"
40 24.0 1022.0 "intersection aisle 0 bloc 2 rank 2"
41 72.0 120.0 "intersection aisle 1 bloc 0 rank 0"
42 72.0 571.0 "intersection aisle 1 bloc 1 rank 1"
43 72.0 1022.0 "intersection aisle 1 bloc 2 rank 2"
44 120.0 120.0 "intersection aisle 2 bloc 0 rank 0"
45 120.0 571.0 "intersection aisle 2 bloc 1 rank 1"
46 120.0 1022.0 "intersection aisle 2 bloc 2 rank 2"
47 168.0 120.0 "intersection aisle 3 bloc 0 rank 0"
48 168.0 571.0 "intersection aisle 3 bloc 1 rank 1"
49 168.0 1022.0 "intersection aisle 3 bloc 2 rank 2"
50 216.0 120.0 "intersection aisle 4 bloc 0 rank 0"
51 216.0 571.0 "intersection aisle 4 bloc 1 rank 1"
52 216.0 1022.0 "intersection aisle 4 bloc 2 rank 2"
53 264.0 120.0 "intersection aisle 5 bloc 0 rank 0"
54 264.0 571.0 "intersection aisle 5 bloc 1 rank 1"
55 264.0 1022.0 "intersection aisle 5 bloc 2 rank 2"
56 0.0 0.0 "depot"
