//alpha
1
//NbLocations
62
//NbProducts
25
//NbPickers
2
//CapaPicker
12
//TimeToTravelOneDistanceUnit
3
//SetupTime
5400
//PickTime
300
//Products
//Idx Location Size
1 1 1
2 2 1
3 3 1
4 4 1
5 5 1
6 6 1
7 7 1
8 8 1
9 9 1
10 10 1
11 11 1
12 12 1
13 13 1
14 14 1
15 15 1
16 16 1
17 17 1
18 18 1
19 19 1
20 20 1
21 21 1
22 22 1
23 23 1
24 24 1
25 25 1
//Orders
//NbOrders
12
//Idx DueDate TardinessPenalty NbProdInOrder ProdIdx1 Qty1 ProdIdx2 Qty2 ...
1 36000 0 1 1 1
2 126000 0 5 2 1 3 1 4 1 5 1 6 1
3 90000 0 1 7 1
4 72000 0 1 8 1
5 54000 0 2 9 1 10 1
6 90000 0 3 11 1 12 1 13 1
7 36000 0 1 14 1
8 36000 0 2 15 1 16 1
9 36000 0 1 17 1
10 54000 0 2 18 1 19 1
11 72000 0 1 20 1
12 72000 0 5 21 1 22 1 23 1 24 1 25 1
//Graph (Products are vertices indexed from 1 to NbProducts)
//NbVerticesIntersections
36
//DepartingDepot
0
//ArrivalDepot
62
//Arcs
//Start End Distance
0 26 120
1 3 13
1 51 115
2 18 117
2 55 635
3 1 13
3 52 713
4 29 128
4 30 713
5 16 65
5 27 739
6 59 115
6 60 726
7 11 611
7 61 89
8 20 312
8 33 50
9 15 104
9 48 63
10 14 91
10 50 37
11 7 611
11 60 141
12 17 104
12 56 37
13 19 39
13 27 37
14 10 91
14 51 713
15 9 104
15 49 674
16 5 65
16 26 37
17 12 104
17 57 700
18 2 117
18 21 26
19 13 39
19 28 765
20 8 312
20 32 479
21 18 26
21 54 63
22 47 37
22 48 804
23 57 37
23 58 804
24 39 362
24 40 479
25 45 141
25 46 700
26 16 37
26 29 48
26 62 120
27 5 739
27 13 37
27 30 48
28 19 765
28 31 48
29 4 128
29 26 48
29 32 48
30 4 713
30 27 48
30 31 841
30 33 48
31 28 48
31 30 841
31 34 48
32 20 479
32 29 48
32 35 48
33 8 50
33 30 48
33 34 841
33 36 48
34 31 48
34 33 841
34 37 48
35 32 48
35 36 841
35 38 48
36 33 48
36 35 841
36 37 841
36 39 48
37 34 48
37 36 841
37 40 48
38 35 48
38 39 841
38 41 48
39 24 362
39 36 48
39 38 841
39 42 48
40 24 479
40 37 48
40 43 48
41 38 48
41 42 841
41 44 48
42 39 48
42 41 841
42 43 841
42 45 48
43 40 48
43 42 841
43 46 48
44 41 48
44 45 841
44 47 48
45 25 141
45 42 48
45 44 841
45 48 48
46 25 700
46 43 48
46 49 48
47 22 37
47 44 48
47 50 48
48 9 63
48 22 804
48 45 48
48 51 48
49 15 674
49 46 48
49 52 48
50 10 37
50 47 48
50 53 48
51 1 115
51 14 713
51 48 48
51 54 48
52 3 713
52 49 48
52 55 48
53 50 48
53 54 841
53 56 48
54 21 63
54 51 48
54 53 841
54 57 48
55 2 635
55 52 48
55 58 48
56 12 37
56 53 48
56 59 48
57 17 700
57 23 37
57 54 48
57 60 48
58 23 804
58 55 48
58 61 48
59 6 115
59 56 48
60 6 726
60 11 141
60 57 48
61 7 89
61 58 48
//LocStart LocEnd ShortestPath
0 0 0
0 1 1460
0 2 1599
0 3 1473
0 4 296
0 5 222
0 6 763
0 7 2241
0 8 1007
0 9 1360
0 10 541
0 11 1630
0 12 637
0 13 998
0 14 632
0 15 1464
0 16 157
0 17 741
0 18 1482
0 19 1037
0 20 695
0 21 1456
0 22 493
0 23 1478
0 24 1515
0 25 1390
0 26 120
0 27 961
0 28 1802
0 29 168
0 30 1009
0 31 1850
0 32 216
0 33 1057
0 34 1898
0 35 264
0 36 1105
0 37 1946
0 38 312
0 39 1153
0 40 1994
0 41 360
0 42 1201
0 43 2042
0 44 408
0 45 1249
0 46 2090
0 47 456
0 48 1297
0 49 2138
0 50 504
0 51 1345
0 52 2186
0 53 552
0 54 1393
0 55 2234
0 56 600
0 57 1441
0 58 2282
0 59 648
0 60 1489
0 61 2330
0 62 0
1 0 1460
1 1 0
1 2 369
1 3 13
1 4 1164
1 5 1238
1 6 985
1 7 959
1 8 453
1 9 226
1 10 919
1 11 400
1 12 1015
1 13 536
1 14 828
1 15 330
1 16 1303
1 17 911
1 18 252
1 19 575
1 20 765
1 21 226
1 22 967
1 23 248
1 24 669
1 25 352
1 26 1340
1 27 499
1 28 1110
1 29 1292
1 30 451
1 31 1062
1 32 1244
1 33 403
1 34 1014
1 35 1196
1 36 355
1 37 966
1 38 1148
1 39 307
1 40 918
1 41 1100
1 42 259
1 43 870
1 44 1052
1 45 211
1 46 822
1 47 1004
1 48 163
1 49 774
1 50 956
1 51 115
1 52 726
1 53 1004
1 54 163
1 55 774
1 56 1052
1 57 211
1 58 822
1 59 1100
1 60 259
1 61 870
1 62 1460
2 0 1599
2 1 369
2 2 0
2 3 382
2 4 1303
2 5 1377
2 6 1028
2 7 820
2 8 592
2 9 365
2 10 1058
2 11 443
2 12 1058
2 13 675
2 14 967
2 15 469
2 16 1442
2 17 954
2 18 117
2 19 714
2 20 904
2 21 143
2 22 1106
2 23 291
2 24 808
2 25 491
2 26 1479
2 27 638
2 28 1067
2 29 1431
2 30 590
2 31 1019
2 32 1383
2 33 542
2 34 971
2 35 1335
2 36 494
2 37 923
2 38 1287
2 39 446
2 40 875
2 41 1239
2 42 398
2 43 827
2 44 1191
2 45 350
2 46 779
2 47 1143
2 48 302
2 49 731
2 50 1095
2 51 254
2 52 683
2 53 1047
2 54 206
2 55 635
2 56 1095
2 57 254
2 58 683
2 59 1143
2 60 302
2 61 731
2 62 1599
3 0 1473
3 1 13
3 2 382
3 3 0
3 4 1177
3 5 1251
3 6 998
3 7 946
3 8 466
3 9 239
3 10 932
3 11 413
3 12 1028
3 13 549
3 14 841
3 15 343
3 16 1316
3 17 924
3 18 265
3 19 588
3 20 778
3 21 239
3 22 980
3 23 261
3 24 682
3 25 365
3 26 1353
3 27 512
3 28 1097
3 29 1305
3 30 464
3 31 1049
3 32 1257
3 33 416
3 34 1001
3 35 1209
3 36 368
3 37 953
3 38 1161
3 39 320
3 40 905
3 41 1113
3 42 272
3 43 857
3 44 1065
3 45 224
3 46 809
3 47 1017
3 48 176
3 49 761
3 50 969
3 51 128
3 52 713
3 53 1017
3 54 176
3 55 761
3 56 1065
3 57 224
3 58 809
3 59 1113
3 60 272
3 61 857
3 62 1473
4 0 296
4 1 1164
4 2 1303
4 3 1177
4 4 0
4 5 278
4 6 723
4 7 1945
4 8 811
4 9 1064
4 10 501
4 11 1334
4 12 597
4 13 798
4 14 592
4 15 1168
4 16 213
4 17 701
4 18 1186
4 19 837
4 20 655
4 21 1160
4 22 453
4 23 1182
4 24 1219
4 25 1094
4 26 176
4 27 761
4 28 1602
4 29 128
4 30 713
4 31 1554
4 32 176
4 33 761
4 34 1602
4 35 224
4 36 809
4 37 1650
4 38 272
4 39 857
4 40 1698
4 41 320
4 42 905
4 43 1746
4 44 368
4 45 953
4 46 1794
4 47 416
4 48 1001
4 49 1842
4 50 464
4 51 1049
4 52 1890
4 53 512
4 54 1097
4 55 1938
4 56 560
4 57 1145
4 58 1986
4 59 608
4 60 1193
4 61 2034
4 62 296
5 0 222
5 1 1238
5 2 1377
5 3 1251
5 4 278
5 5 0
5 6 745
5 7 2019
5 8 885
5 9 1138
5 10 523
5 11 1408
5 12 619
5 13 776
5 14 614
5 15 1242
5 16 65
5 17 723
5 18 1260
5 19 815
5 20 677
5 21 1234
5 22 475
5 23 1256
5 24 1293
5 25 1168
5 26 102
5 27 739
5 28 1580
5 29 150
5 30 787
5 31 1628
5 32 198
5 33 835
5 34 1676
5 35 246
5 36 883
5 37 1724
5 38 294
5 39 931
5 40 1772
5 41 342
5 42 979
5 43 1820
5 44 390
5 45 1027
5 46 1868
5 47 438
5 48 1075
5 49 1916
5 50 486
5 51 1123
5 52 1964
5 53 534
5 54 1171
5 55 2012
5 56 582
5 57 1219
5 58 2060
5 59 630
5 60 1267
5 61 2108
5 62 222
6 0 763
6 1 985
6 2 1028
6 3 998
6 4 723
6 5 745
6 6 0
6 7 1478
6 8 1208
6 9 981
6 10 296
6 11 867
6 12 200
6 13 1291
6 14 387
6 15 1085
6 16 680
6 17 304
6 18 911
6 19 1330
6 20 1026
6 21 885
6 22 344
6 23 811
6 24 1424
6 25 1107
6 26 643
6 27 1254
6 28 2095
6 29 595
6 30 1206
6 31 2047
6 32 547
6 33 1158
6 34 1999
6 35 499
6 36 1110
6 37 1951
6 38 451
6 39 1062
6 40 1903
6 41 403
6 42 1014
6 43 1855
6 44 355
6 45 966
6 46 1807
6 47 307
6 48 918
6 49 1759
6 50 259
6 51 870
6 52 1711
6 53 211
6 54 822
6 55 1663
6 56 163
6 57 774
6 58 1615
6 59 115
6 60 726
6 61 1567
6 62 763
7 0 2241
7 1 959
7 2 820
7 3 946
7 4 1945
7 5 2019
7 6 1478
7 7 0
7 8 1234
7 9 1007
7 10 1700
7 11 611
7 12 1604
7 13 1317
7 14 1609
7 15 955
7 16 2084
7 17 1500
7 18 937
7 19 1356
7 20 1546
7 21 911
7 22 1748
7 23 837
7 24 904
7 25 1029
7 26 2121
7 27 1280
7 28 617
7 29 2073
7 30 1232
7 31 569
7 32 2025
7 33 1184
7 34 521
7 35 1977
7 36 1136
7 37 473
7 38 1929
7 39 1088
7 40 425
7 41 1881
7 42 1040
7 43 377
7 44 1833
7 45 992
7 46 329
7 47 1785
7 48 944
7 49 281
7 50 1737
7 51 896
7 52 233
7 53 1689
7 54 848
7 55 185
7 56 1641
7 57 800
7 58 137
7 59 1593
7 60 752
7 61 89
7 62 2241
8 0 1007
8 1 453
8 2 592
8 3 466
8 4 811
8 5 885
8 6 1208
8 7 1234
8 8 0
8 9 353
8 10 1116
8 11 623
8 12 1212
8 13 183
8 14 1051
8 15 457
8 16 924
8 17 1134
8 18 475
8 19 222
8 20 312
8 21 449
8 22 1068
8 23 471
8 24 508
8 25 383
8 26 887
8 27 146
8 28 987
8 29 839
8 30 98
8 31 939
8 32 791
8 33 50
8 34 891
8 35 839
8 36 98
8 37 939
8 38 887
8 39 146
8 40 987
8 41 935
8 42 194
8 43 1035
8 44 983
8 45 242
8 46 1083
8 47 1031
8 48 290
8 49 1131
8 50 1079
8 51 338
8 52 1179
8 53 1127
8 54 386
8 55 1227
8 56 1175
8 57 434
8 58 1275
8 59 1223
8 60 482
8 61 1323
8 62 1007
9 0 1360
9 1 226
9 2 365
9 3 239
9 4 1064
9 5 1138
9 6 981
9 7 1007
9 8 353
9 9 0
9 10 915
9 11 396
9 12 1011
9 13 436
9 14 824
9 15 104
9 16 1203
9 17 907
9 18 248
9 19 475
9 20 665
9 21 222
9 22 867
9 23 244
9 24 569
9 25 252
9 26 1240
9 27 399
9 28 1114
9 29 1192
9 30 351
9 31 1066
9 32 1144
9 33 303
9 34 1018
9 35 1096
9 36 255
9 37 970
9 38 1048
9 39 207
9 40 922
9 41 1000
9 42 159
9 43 874
9 44 952
9 45 111
9 46 826
9 47 904
9 48 63
9 49 778
9 50 952
9 51 111
9 52 826
9 53 1000
9 54 159
9 55 874
9 56 1048
9 57 207
9 58 922
9 59 1096
9 60 255
9 61 970
9 62 1360
10 0 541
10 1 919
10 2 1058
10 3 932
10 4 501
10 5 523
10 6 296
10 7 1700
10 8 1116
10 9 915
10 10 0
10 11 1089
10 12 170
10 13 1225
10 14 91
10 15 1019
10 16 458
10 17 274
10 18 941
10 19 1264
10 20 804
10 21 915
10 22 122
10 23 937
10 24 1358
10 25 1041
10 26 421
10 27 1188
10 28 2029
10 29 373
10 30 1140
10 31 1981
10 32 325
10 33 1092
10 34 1933
10 35 277
10 36 1044
10 37 1885
10 38 229
10 39 996
10 40 1837
10 41 181
10 42 948
10 43 1789
10 44 133
10 45 900
10 46 1741
10 47 85
10 48 852
10 49 1693
10 50 37
10 51 804
10 52 1645
10 53 85
10 54 852
10 55 1693
10 56 133
10 57 900
10 58 1741
10 59 181
10 60 948
10 61 1789
10 62 541
11 0 1630
11 1 400
11 2 443
11 3 413
11 4 1334
11 5 1408
11 6 867
11 7 611
11 8 623
11 9 396
11 10 1089
11 11 0
11 12 993
11 13 706
11 14 998
11 15 500
11 16 1473
11 17 889
11 18 326
11 19 745
11 20 935
11 21 300
11 22 1137
11 23 226
11 24 839
11 25 522
11 26 1510
11 27 669
11 28 1228
11 29 1462
11 30 621
11 31 1180
11 32 1414
11 33 573
11 34 1132
11 35 1366
11 36 525
11 37 1084
11 38 1318
11 39 477
11 40 1036
11 41 1270
11 42 429
11 43 988
11 44 1222
11 45 381
11 46 940
11 47 1174
11 48 333
11 49 892
11 50 1126
11 51 285
11 52 844
11 53 1078
11 54 237
11 55 796
11 56 1030
11 57 189
11 58 748
11 59 982
11 60 141
11 61 700
11 62 1630
12 0 637
12 1 1015
12 2 1058
12 3 1028
12 4 597
12 5 619
12 6 200
12 7 1604
12 8 1212
12 9 1011
12 10 170
12 11 993
12 12 0
12 13 1321
12 14 261
12 15 1115
12 16 554
12 17 104
12 18 941
12 19 1360
12 20 900
12 21 915
12 22 218
12 23 841
12 24 1454
12 25 1137
12 26 517
12 27 1284
12 28 2125
12 29 469
12 30 1236
12 31 2077
12 32 421
12 33 1188
12 34 2029
12 35 373
12 36 1140
12 37 1981
12 38 325
12 39 1092
12 40 1933
12 41 277
12 42 1044
12 43 1885
12 44 229
12 45 996
12 46 1837
12 47 181
12 48 948
12 49 1789
12 50 133
12 51 900
12 52 1741
12 53 85
12 54 852
12 55 1693
12 56 37
12 57 804
12 58 1645
12 59 85
12 60 852
12 61 1693
12 62 637
13 0 998
13 1 536
13 2 675
13 3 549
13 4 798
13 5 776
13 6 1291
13 7 1317
13 8 183
13 9 436
13 10 1225
13 11 706
13 12 1321
13 13 0
13 14 1134
13 15 540
13 16 841
13 17 1217
13 18 558
13 19 39
13 20 495
13 21 532
13 22 1177
13 23 554
13 24 591
13 25 466
13 26 878
13 27 37
13 28 804
13 29 926
13 30 85
13 31 852
13 32 974
13 33 133
13 34 900
13 35 1022
13 36 181
13 37 948
13 38 1070
13 39 229
13 40 996
13 41 1118
13 42 277
13 43 1044
13 44 1166
13 45 325
13 46 1092
13 47 1214
13 48 373
13 49 1140
13 50 1262
13 51 421
13 52 1188
13 53 1310
13 54 469
13 55 1236
13 56 1358
13 57 517
13 58 1284
13 59 1406
13 60 565
13 61 1332
13 62 998
14 0 632
14 1 828
14 2 967
14 3 841
14 4 592
14 5 614
14 6 387
14 7 1609
14 8 1051
14 9 824
14 10 91
14 11 998
14 12 261
14 13 1134
14 14 0
14 15 928
14 16 549
14 17 365
14 18 850
14 19 1173
14 20 895
14 21 824
14 22 213
14 23 846
14 24 1267
14 25 950
14 26 512
14 27 1097
14 28 1938
14 29 464
14 30 1049
14 31 1890
14 32 416
14 33 1001
14 34 1842
14 35 368
14 36 953
14 37 1794
14 38 320
14 39 905
14 40 1746
14 41 272
14 42 857
14 43 1698
14 44 224
14 45 809
14 46 1650
14 47 176
14 48 761
14 49 1602
14 50 128
14 51 713
14 52 1554
14 53 176
14 54 761
14 55 1602
14 56 224
14 57 809
14 58 1650
14 59 272
14 60 857
14 61 1698
14 62 632
15 0 1464
15 1 330
15 2 469
15 3 343
15 4 1168
15 5 1242
15 6 1085
15 7 955
15 8 457
15 9 104
15 10 1019
15 11 500
15 12 1115
15 13 540
15 14 928
15 15 0
15 16 1307
15 17 1011
15 18 352
15 19 579
15 20 769
15 21 326
15 22 971
15 23 348
15 24 673
15 25 356
15 26 1344
15 27 503
15 28 1010
15 29 1296
15 30 455
15 31 962
15 32 1248
15 33 407
15 34 914
15 35 1200
15 36 359
15 37 866
15 38 1152
15 39 311
15 40 818
15 41 1104
15 42 263
15 43 770
15 44 1056
15 45 215
15 46 722
15 47 1008
15 48 167
15 49 674
15 50 1056
15 51 215
15 52 722
15 53 1104
15 54 263
15 55 770
15 56 1152
15 57 311
15 58 818
15 59 1200
15 60 359
15 61 866
15 62 1464
16 0 157
16 1 1303
16 2 1442
16 3 1316
16 4 213
16 5 65
16 6 680
16 7 2084
16 8 924
16 9 1203
16 10 458
16 11 1473
16 12 554
16 13 841
16 14 549
16 15 1307
16 16 0
16 17 658
16 18 1325
16 19 880
16 20 612
16 21 1299
16 22 410
16 23 1321
16 24 1358
16 25 1233
16 26 37
16 27 804
16 28 1645
16 29 85
16 30 852
16 31 1693
16 32 133
16 33 900
16 34 1741
16 35 181
16 36 948
16 37 1789
16 38 229
16 39 996
16 40 1837
16 41 277
16 42 1044
16 43 1885
16 44 325
16 45 1092
16 46 1933
16 47 373
16 48 1140
16 49 1981
16 50 421
16 51 1188
16 52 2029
16 53 469
16 54 1236
16 55 2077
16 56 517
16 57 1284
16 58 2125
16 59 565
16 60 1332
16 61 2173
16 62 157
17 0 741
17 1 911
17 2 954
17 3 924
17 4 701
17 5 723
17 6 304
17 7 1500
17 8 1134
17 9 907
17 10 274
17 11 889
17 12 104
17 13 1217
17 14 365
17 15 1011
17 16 658
17 17 0
17 18 837
17 19 1256
17 20 1004
17 21 811
17 22 322
17 23 737
17 24 1350
17 25 1033
17 26 621
17 27 1180
17 28 2021
17 29 573
17 30 1132
17 31 1973
17 32 525
17 33 1084
17 34 1925
17 35 477
17 36 1036
17 37 1877
17 38 429
17 39 988
17 40 1829
17 41 381
17 42 940
17 43 1781
17 44 333
17 45 892
17 46 1733
17 47 285
17 48 844
17 49 1685
17 50 237
17 51 796
17 52 1637
17 53 189
17 54 748
17 55 1589
17 56 141
17 57 700
17 58 1541
17 59 189
17 60 748
17 61 1589
17 62 741
18 0 1482
18 1 252
18 2 117
18 3 265
18 4 1186
18 5 1260
18 6 911
18 7 937
18 8 475
18 9 248
18 10 941
18 11 326
18 12 941
18 13 558
18 14 850
18 15 352
18 16 1325
18 17 837
18 18 0
18 19 597
18 20 787
18 21 26
18 22 989
18 23 174
18 24 691
18 25 374
18 26 1362
18 27 521
18 28 1184
18 29 1314
18 30 473
18 31 1136
18 32 1266
18 33 425
18 34 1088
18 35 1218
18 36 377
18 37 1040
18 38 1170
18 39 329
18 40 992
18 41 1122
18 42 281
18 43 944
18 44 1074
18 45 233
18 46 896
18 47 1026
18 48 185
18 49 848
18 50 978
18 51 137
18 52 800
18 53 930
18 54 89
18 55 752
18 56 978
18 57 137
18 58 800
18 59 1026
18 60 185
18 61 848
18 62 1482
19 0 1037
19 1 575
19 2 714
19 3 588
19 4 837
19 5 815
19 6 1330
19 7 1356
19 8 222
19 9 475
19 10 1264
19 11 745
19 12 1360
19 13 39
19 14 1173
19 15 579
19 16 880
19 17 1256
19 18 597
19 19 0
19 20 534
19 21 571
19 22 1216
19 23 593
19 24 630
19 25 505
19 26 917
19 27 76
19 28 765
19 29 965
19 30 124
19 31 813
19 32 1013
19 33 172
19 34 861
19 35 1061
19 36 220
19 37 909
19 38 1109
19 39 268
19 40 957
19 41 1157
19 42 316
19 43 1005
19 44 1205
19 45 364
19 46 1053
19 47 1253
19 48 412
19 49 1101
19 50 1301
19 51 460
19 52 1149
19 53 1349
19 54 508
19 55 1197
19 56 1397
19 57 556
19 58 1245
19 59 1445
19 60 604
19 61 1293
19 62 1037
20 0 695
20 1 765
20 2 904
20 3 778
20 4 655
20 5 677
20 6 1026
20 7 1546
20 8 312
20 9 665
20 10 804
20 11 935
20 12 900
20 13 495
20 14 895
20 15 769
20 16 612
20 17 1004
20 18 787
20 19 534
20 20 0
20 21 761
20 22 756
20 23 783
20 24 820
20 25 695
20 26 575
20 27 458
20 28 1299
20 29 527
20 30 410
20 31 1251
20 32 479
20 33 362
20 34 1203
20 35 527
20 36 410
20 37 1251
20 38 575
20 39 458
20 40 1299
20 41 623
20 42 506
20 43 1347
20 44 671
20 45 554
20 46 1395
20 47 719
20 48 602
20 49 1443
20 50 767
20 51 650
20 52 1491
20 53 815
20 54 698
20 55 1539
20 56 863
20 57 746
20 58 1587
20 59 911
20 60 794
20 61 1635
20 62 695
21 0 1456
21 1 226
21 2 143
21 3 239
21 4 1160
21 5 1234
21 6 885
21 7 911
21 8 449
21 9 222
21 10 915
21 11 300
21 12 915
21 13 532
21 14 824
21 15 326
21 16 1299
21 17 811
21 18 26
21 19 571
21 20 761
21 21 0
21 22 963
21 23 148
21 24 665
21 25 348
21 26 1336
21 27 495
21 28 1210
21 29 1288
21 30 447
21 31 1162
21 32 1240
21 33 399
21 34 1114
21 35 1192
21 36 351
21 37 1066
21 38 1144
21 39 303
21 40 1018
21 41 1096
21 42 255
21 43 970
21 44 1048
21 45 207
21 46 922
21 47 1000
21 48 159
21 49 874
21 50 952
21 51 111
21 52 826
21 53 904
21 54 63
21 55 778
21 56 952
21 57 111
21 58 826
21 59 1000
21 60 159
21 61 874
21 62 1456
22 0 493
22 1 967
22 2 1106
22 3 980
22 4 453
22 5 475
22 6 344
22 7 1748
22 8 1068
22 9 867
22 10 122
22 11 1137
22 12 218
22 13 1177
22 14 213
22 15 971
22 16 410
22 17 322
22 18 989
22 19 1216
22 20 756
22 21 963
22 22 0
22 23 985
22 24 1310
22 25 993
22 26 373
22 27 1140
22 28 1981
22 29 325
22 30 1092
22 31 1933
22 32 277
22 33 1044
22 34 1885
22 35 229
22 36 996
22 37 1837
22 38 181
22 39 948
22 40 1789
22 41 133
22 42 900
22 43 1741
22 44 85
22 45 852
22 46 1693
22 47 37
22 48 804
22 49 1645
22 50 85
22 51 852
22 52 1693
22 53 133
22 54 900
22 55 1741
22 56 181
22 57 948
22 58 1789
22 59 229
22 60 996
22 61 1837
22 62 493
23 0 1478
23 1 248
23 2 291
23 3 261
23 4 1182
23 5 1256
23 6 811
23 7 837
23 8 471
23 9 244
23 10 937
23 11 226
23 12 841
23 13 554
23 14 846
23 15 348
23 16 1321
23 17 737
23 18 174
23 19 593
23 20 783
23 21 148
23 22 985
23 23 0
23 24 687
23 25 370
23 26 1358
23 27 517
23 28 1284
23 29 1310
23 30 469
23 31 1236
23 32 1262
23 33 421
23 34 1188
23 35 1214
23 36 373
23 37 1140
23 38 1166
23 39 325
23 40 1092
23 41 1118
23 42 277
23 43 1044
23 44 1070
23 45 229
23 46 996
23 47 1022
23 48 181
23 49 948
23 50 974
23 51 133
23 52 900
23 53 926
23 54 85
23 55 852
23 56 878
23 57 37
23 58 804
23 59 926
23 60 85
23 61 852
23 62 1478
24 0 1515
24 1 669
24 2 808
24 3 682
24 4 1219
24 5 1293
24 6 1424
24 7 904
24 8 508
24 9 569
24 10 1358
24 11 839
24 12 1454
24 13 591
24 14 1267
24 15 673
24 16 1358
24 17 1350
24 18 691
24 19 630
24 20 820
24 21 665
24 22 1310
24 23 687
24 24 0
24 25 599
24 26 1395
24 27 554
24 28 671
24 29 1347
24 30 506
24 31 623
24 32 1299
24 33 458
24 34 575
24 35 1251
24 36 410
24 37 527
24 38 1203
24 39 362
24 40 479
24 41 1251
24 42 410
24 43 527
24 44 1299
24 45 458
24 46 575
24 47 1347
24 48 506
24 49 623
24 50 1395
24 51 554
24 52 671
24 53 1443
24 54 602
24 55 719
24 56 1491
24 57 650
24 58 767
24 59 1539
24 60 698
24 61 815
24 62 1515
25 0 1390
25 1 352
25 2 491
25 3 365
25 4 1094
25 5 1168
25 6 1107
25 7 1029
25 8 383
25 9 252
25 10 1041
25 11 522
25 12 1137
25 13 466
25 14 950
25 15 356
25 16 1233
25 17 1033
25 18 374
25 19 505
25 20 695
25 21 348
25 22 993
25 23 370
25 24 599
25 25 0
25 26 1270
25 27 429
25 28 988
25 29 1222
25 30 381
25 31 940
25 32 1174
25 33 333
25 34 892
25 35 1126
25 36 285
25 37 844
25 38 1078
25 39 237
25 40 796
25 41 1030
25 42 189
25 43 748
25 44 982
25 45 141
25 46 700
25 47 1030
25 48 189
25 49 748
25 50 1078
25 51 237
25 52 796
25 53 1126
25 54 285
25 55 844
25 56 1174
25 57 333
25 58 892
25 59 1222
25 60 381
25 61 940
25 62 1390
26 0 120
26 1 1340
26 2 1479
26 3 1353
26 4 176
26 5 102
26 6 643
26 7 2121
26 8 887
26 9 1240
26 10 421
26 11 1510
26 12 517
26 13 878
26 14 512
26 15 1344
26 16 37
26 17 621
26 18 1362
26 19 917
26 20 575
26 21 1336
26 22 373
26 23 1358
26 24 1395
26 25 1270
26 26 0
26 27 841
26 28 1682
26 29 48
26 30 889
26 31 1730
26 32 96
26 33 937
26 34 1778
26 35 144
26 36 985
26 37 1826
26 38 192
26 39 1033
26 40 1874
26 41 240
26 42 1081
26 43 1922
26 44 288
26 45 1129
26 46 1970
26 47 336
26 48 1177
26 49 2018
26 50 384
26 51 1225
26 52 2066
26 53 432
26 54 1273
26 55 2114
26 56 480
26 57 1321
26 58 2162
26 59 528
26 60 1369
26 61 2210
26 62 120
27 0 961
27 1 499
27 2 638
27 3 512
27 4 761
27 5 739
27 6 1254
27 7 1280
27 8 146
27 9 399
27 10 1188
27 11 669
27 12 1284
27 13 37
27 14 1097
27 15 503
27 16 804
27 17 1180
27 18 521
27 19 76
27 20 458
27 21 495
27 22 1140
27 23 517
27 24 554
27 25 429
27 26 841
27 27 0
27 28 841
27 29 889
27 30 48
27 31 889
27 32 937
27 33 96
27 34 937
27 35 985
27 36 144
27 37 985
27 38 1033
27 39 192
27 40 1033
27 41 1081
27 42 240
27 43 1081
27 44 1129
27 45 288
27 46 1129
27 47 1177
27 48 336
27 49 1177
27 50 1225
27 51 384
27 52 1225
27 53 1273
27 54 432
27 55 1273
27 56 1321
27 57 480
27 58 1321
27 59 1369
27 60 528
27 61 1369
27 62 961
28 0 1802
28 1 1110
28 2 1067
28 3 1097
28 4 1602
28 5 1580
28 6 2095
28 7 617
28 8 987
28 9 1114
28 10 2029
28 11 1228
28 12 2125
28 13 804
28 14 1938
28 15 1010
28 16 1645
28 17 2021
28 18 1184
28 19 765
28 20 1299
28 21 1210
28 22 1981
28 23 1284
28 24 671
28 25 988
28 26 1682
28 27 841
28 28 0
28 29 1730
28 30 889
28 31 48
28 32 1778
28 33 937
28 34 96
28 35 1826
28 36 985
28 37 144
28 38 1874
28 39 1033
28 40 192
28 41 1922
28 42 1081
28 43 240
28 44 1970
28 45 1129
28 46 288
28 47 2018
28 48 1177
28 49 336
28 50 2066
28 51 1225
28 52 384
28 53 2114
28 54 1273
28 55 432
28 56 2162
28 57 1321
28 58 480
28 59 2210
28 60 1369
28 61 528
28 62 1802
29 0 168
29 1 1292
29 2 1431
29 3 1305
29 4 128
29 5 150
29 6 595
29 7 2073
29 8 839
29 9 1192
29 10 373
29 11 1462
29 12 469
29 13 926
29 14 464
29 15 1296
29 16 85
29 17 573
29 18 1314
29 19 965
29 20 527
29 21 1288
29 22 325
29 23 1310
29 24 1347
29 25 1222
29 26 48
29 27 889
29 28 1730
29 29 0
29 30 841
29 31 1682
29 32 48
29 33 889
29 34 1730
29 35 96
29 36 937
29 37 1778
29 38 144
29 39 985
29 40 1826
29 41 192
29 42 1033
29 43 1874
29 44 240
29 45 1081
29 46 1922
29 47 288
29 48 1129
29 49 1970
29 50 336
29 51 1177
29 52 2018
29 53 384
29 54 1225
29 55 2066
29 56 432
29 57 1273
29 58 2114
29 59 480
29 60 1321
29 61 2162
29 62 168
30 0 1009
30 1 451
30 2 590
30 3 464
30 4 713
30 5 787
30 6 1206
30 7 1232
30 8 98
30 9 351
30 10 1140
30 11 621
30 12 1236
30 13 85
30 14 1049
30 15 455
30 16 852
30 17 1132
30 18 473
30 19 124
30 20 410
30 21 447
30 22 1092
30 23 469
30 24 506
30 25 381
30 26 889
30 27 48
30 28 889
30 29 841
30 30 0
30 31 841
30 32 889
30 33 48
30 34 889
30 35 937
30 36 96
30 37 937
30 38 985
30 39 144
30 40 985
30 41 1033
30 42 192
30 43 1033
30 44 1081
30 45 240
30 46 1081
30 47 1129
30 48 288
30 49 1129
30 50 1177
30 51 336
30 52 1177
30 53 1225
30 54 384
30 55 1225
30 56 1273
30 57 432
30 58 1273
30 59 1321
30 60 480
30 61 1321
30 62 1009
31 0 1850
31 1 1062
31 2 1019
31 3 1049
31 4 1554
31 5 1628
31 6 2047
31 7 569
31 8 939
31 9 1066
31 10 1981
31 11 1180
31 12 2077
31 13 852
31 14 1890
31 15 962
31 16 1693
31 17 1973
31 18 1136
31 19 813
31 20 1251
31 21 1162
31 22 1933
31 23 1236
31 24 623
31 25 940
31 26 1730
31 27 889
31 28 48
31 29 1682
31 30 841
31 31 0
31 32 1730
31 33 889
31 34 48
31 35 1778
31 36 937
31 37 96
31 38 1826
31 39 985
31 40 144
31 41 1874
31 42 1033
31 43 192
31 44 1922
31 45 1081
31 46 240
31 47 1970
31 48 1129
31 49 288
31 50 2018
31 51 1177
31 52 336
31 53 2066
31 54 1225
31 55 384
31 56 2114
31 57 1273
31 58 432
31 59 2162
31 60 1321
31 61 480
31 62 1850
32 0 216
32 1 1244
32 2 1383
32 3 1257
32 4 176
32 5 198
32 6 547
32 7 2025
32 8 791
32 9 1144
32 10 325
32 11 1414
32 12 421
32 13 974
32 14 416
32 15 1248
32 16 133
32 17 525
32 18 1266
32 19 1013
32 20 479
32 21 1240
32 22 277
32 23 1262
32 24 1299
32 25 1174
32 26 96
32 27 937
32 28 1778
32 29 48
32 30 889
32 31 1730
32 32 0
32 33 841
32 34 1682
32 35 48
32 36 889
32 37 1730
32 38 96
32 39 937
32 40 1778
32 41 144
32 42 985
32 43 1826
32 44 192
32 45 1033
32 46 1874
32 47 240
32 48 1081
32 49 1922
32 50 288
32 51 1129
32 52 1970
32 53 336
32 54 1177
32 55 2018
32 56 384
32 57 1225
32 58 2066
32 59 432
32 60 1273
32 61 2114
32 62 216
33 0 1057
33 1 403
33 2 542
33 3 416
33 4 761
33 5 835
33 6 1158
33 7 1184
33 8 50
33 9 303
33 10 1092
33 11 573
33 12 1188
33 13 133
33 14 1001
33 15 407
33 16 900
33 17 1084
33 18 425
33 19 172
33 20 362
33 21 399
33 22 1044
33 23 421
33 24 458
33 25 333
33 26 937
33 27 96
33 28 937
33 29 889
33 30 48
33 31 889
33 32 841
33 33 0
33 34 841
33 35 889
33 36 48
33 37 889
33 38 937
33 39 96
33 40 937
33 41 985
33 42 144
33 43 985
33 44 1033
33 45 192
33 46 1033
33 47 1081
33 48 240
33 49 1081
33 50 1129
33 51 288
33 52 1129
33 53 1177
33 54 336
33 55 1177
33 56 1225
33 57 384
33 58 1225
33 59 1273
33 60 432
33 61 1273
33 62 1057
34 0 1898
34 1 1014
34 2 971
34 3 1001
34 4 1602
34 5 1676
34 6 1999
34 7 521
34 8 891
34 9 1018
34 10 1933
34 11 1132
34 12 2029
34 13 900
34 14 1842
34 15 914
34 16 1741
34 17 1925
34 18 1088
34 19 861
34 20 1203
34 21 1114
34 22 1885
34 23 1188
34 24 575
34 25 892
34 26 1778
34 27 937
34 28 96
34 29 1730
34 30 889
34 31 48
34 32 1682
34 33 841
34 34 0
34 35 1730
34 36 889
34 37 48
34 38 1778
34 39 937
34 40 96
34 41 1826
34 42 985
34 43 144
34 44 1874
34 45 1033
34 46 192
34 47 1922
34 48 1081
34 49 240
34 50 1970
34 51 1129
34 52 288
34 53 2018
34 54 1177
34 55 336
34 56 2066
34 57 1225
34 58 384
34 59 2114
34 60 1273
34 61 432
34 62 1898
35 0 264
35 1 1196
35 2 1335
35 3 1209
35 4 224
35 5 246
35 6 499
35 7 1977
35 8 839
35 9 1096
35 10 277
35 11 1366
35 12 373
35 13 1022
35 14 368
35 15 1200
35 16 181
35 17 477
35 18 1218
35 19 1061
35 20 527
35 21 1192
35 22 229
35 23 1214
35 24 1251
35 25 1126
35 26 144
35 27 985
35 28 1826
35 29 96
35 30 937
35 31 1778
35 32 48
35 33 889
35 34 1730
35 35 0
35 36 841
35 37 1682
35 38 48
35 39 889
35 40 1730
35 41 96
35 42 937
35 43 1778
35 44 144
35 45 985
35 46 1826
35 47 192
35 48 1033
35 49 1874
35 50 240
35 51 1081
35 52 1922
35 53 288
35 54 1129
35 55 1970
35 56 336
35 57 1177
35 58 2018
35 59 384
35 60 1225
35 61 2066
35 62 264
36 0 1105
36 1 355
36 2 494
36 3 368
36 4 809
36 5 883
36 6 1110
36 7 1136
36 8 98
36 9 255
36 10 1044
36 11 525
36 12 1140
36 13 181
36 14 953
36 15 359
36 16 948
36 17 1036
36 18 377
36 19 220
36 20 410
36 21 351
36 22 996
36 23 373
36 24 410
36 25 285
36 26 985
36 27 144
36 28 985
36 29 937
36 30 96
36 31 937
36 32 889
36 33 48
36 34 889
36 35 841
36 36 0
36 37 841
36 38 889
36 39 48
36 40 889
36 41 937
36 42 96
36 43 937
36 44 985
36 45 144
36 46 985
36 47 1033
36 48 192
36 49 1033
36 50 1081
36 51 240
36 52 1081
36 53 1129
36 54 288
36 55 1129
36 56 1177
36 57 336
36 58 1177
36 59 1225
36 60 384
36 61 1225
36 62 1105
37 0 1946
37 1 966
37 2 923
37 3 953
37 4 1650
37 5 1724
37 6 1951
37 7 473
37 8 939
37 9 970
37 10 1885
37 11 1084
37 12 1981
37 13 948
37 14 1794
37 15 866
37 16 1789
37 17 1877
37 18 1040
37 19 909
37 20 1251
37 21 1066
37 22 1837
37 23 1140
37 24 527
37 25 844
37 26 1826
37 27 985
37 28 144
37 29 1778
37 30 937
37 31 96
37 32 1730
37 33 889
37 34 48
37 35 1682
37 36 841
37 37 0
37 38 1730
37 39 889
37 40 48
37 41 1778
37 42 937
37 43 96
37 44 1826
37 45 985
37 46 144
37 47 1874
37 48 1033
37 49 192
37 50 1922
37 51 1081
37 52 240
37 53 1970
37 54 1129
37 55 288
37 56 2018
37 57 1177
37 58 336
37 59 2066
37 60 1225
37 61 384
37 62 1946
38 0 312
38 1 1148
38 2 1287
38 3 1161
38 4 272
38 5 294
38 6 451
38 7 1929
38 8 887
38 9 1048
38 10 229
38 11 1318
38 12 325
38 13 1070
38 14 320
38 15 1152
38 16 229
38 17 429
38 18 1170
38 19 1109
38 20 575
38 21 1144
38 22 181
38 23 1166
38 24 1203
38 25 1078
38 26 192
38 27 1033
38 28 1874
38 29 144
38 30 985
38 31 1826
38 32 96
38 33 937
38 34 1778
38 35 48
38 36 889
38 37 1730
38 38 0
38 39 841
38 40 1682
38 41 48
38 42 889
38 43 1730
38 44 96
38 45 937
38 46 1778
38 47 144
38 48 985
38 49 1826
38 50 192
38 51 1033
38 52 1874
38 53 240
38 54 1081
38 55 1922
38 56 288
38 57 1129
38 58 1970
38 59 336
38 60 1177
38 61 2018
38 62 312
39 0 1153
39 1 307
39 2 446
39 3 320
39 4 857
39 5 931
39 6 1062
39 7 1088
39 8 146
39 9 207
39 10 996
39 11 477
39 12 1092
39 13 229
39 14 905
39 15 311
39 16 996
39 17 988
39 18 329
39 19 268
39 20 458
39 21 303
39 22 948
39 23 325
39 24 362
39 25 237
39 26 1033
39 27 192
39 28 1033
39 29 985
39 30 144
39 31 985
39 32 937
39 33 96
39 34 937
39 35 889
39 36 48
39 37 889
39 38 841
39 39 0
39 40 841
39 41 889
39 42 48
39 43 889
39 44 937
39 45 96
39 46 937
39 47 985
39 48 144
39 49 985
39 50 1033
39 51 192
39 52 1033
39 53 1081
39 54 240
39 55 1081
39 56 1129
39 57 288
39 58 1129
39 59 1177
39 60 336
39 61 1177
39 62 1153
40 0 1994
40 1 918
40 2 875
40 3 905
40 4 1698
40 5 1772
40 6 1903
40 7 425
40 8 987
40 9 922
40 10 1837
40 11 1036
40 12 1933
40 13 996
40 14 1746
40 15 818
40 16 1837
40 17 1829
40 18 992
40 19 957
40 20 1299
40 21 1018
40 22 1789
40 23 1092
40 24 479
40 25 796
40 26 1874
40 27 1033
40 28 192
40 29 1826
40 30 985
40 31 144
40 32 1778
40 33 937
40 34 96
40 35 1730
40 36 889
40 37 48
40 38 1682
40 39 841
40 40 0
40 41 1730
40 42 889
40 43 48
40 44 1778
40 45 937
40 46 96
40 47 1826
40 48 985
40 49 144
40 50 1874
40 51 1033
40 52 192
40 53 1922
40 54 1081
40 55 240
40 56 1970
40 57 1129
40 58 288
40 59 2018
40 60 1177
40 61 336
40 62 1994
41 0 360
41 1 1100
41 2 1239
41 3 1113
41 4 320
41 5 342
41 6 403
41 7 1881
41 8 935
41 9 1000
41 10 181
41 11 1270
41 12 277
41 13 1118
41 14 272
41 15 1104
41 16 277
41 17 381
41 18 1122
41 19 1157
41 20 623
41 21 1096
41 22 133
41 23 1118
41 24 1251
41 25 1030
41 26 240
41 27 1081
41 28 1922
41 29 192
41 30 1033
41 31 1874
41 32 144
41 33 985
41 34 1826
41 35 96
41 36 937
41 37 1778
41 38 48
41 39 889
41 40 1730
41 41 0
41 42 841
41 43 1682
41 44 48
41 45 889
41 46 1730
41 47 96
41 48 937
41 49 1778
41 50 144
41 51 985
41 52 1826
41 53 192
41 54 1033
41 55 1874
41 56 240
41 57 1081
41 58 1922
41 59 288
41 60 1129
41 61 1970
41 62 360
42 0 1201
42 1 259
42 2 398
42 3 272
42 4 905
42 5 979
42 6 1014
42 7 1040
42 8 194
42 9 159
42 10 948
42 11 429
42 12 1044
42 13 277
42 14 857
42 15 263
42 16 1044
42 17 940
42 18 281
42 19 316
42 20 506
42 21 255
42 22 900
42 23 277
42 24 410
42 25 189
42 26 1081
42 27 240
42 28 1081
42 29 1033
42 30 192
42 31 1033
42 32 985
42 33 144
42 34 985
42 35 937
42 36 96
42 37 937
42 38 889
42 39 48
42 40 889
42 41 841
42 42 0
42 43 841
42 44 889
42 45 48
42 46 889
42 47 937
42 48 96
42 49 937
42 50 985
42 51 144
42 52 985
42 53 1033
42 54 192
42 55 1033
42 56 1081
42 57 240
42 58 1081
42 59 1129
42 60 288
42 61 1129
42 62 1201
43 0 2042
43 1 870
43 2 827
43 3 857
43 4 1746
43 5 1820
43 6 1855
43 7 377
43 8 1035
43 9 874
43 10 1789
43 11 988
43 12 1885
43 13 1044
43 14 1698
43 15 770
43 16 1885
43 17 1781
43 18 944
43 19 1005
43 20 1347
43 21 970
43 22 1741
43 23 1044
43 24 527
43 25 748
43 26 1922
43 27 1081
43 28 240
43 29 1874
43 30 1033
43 31 192
43 32 1826
43 33 985
43 34 144
43 35 1778
43 36 937
43 37 96
43 38 1730
43 39 889
43 40 48
43 41 1682
43 42 841
43 43 0
43 44 1730
43 45 889
43 46 48
43 47 1778
43 48 937
43 49 96
43 50 1826
43 51 985
43 52 144
43 53 1874
43 54 1033
43 55 192
43 56 1922
43 57 1081
43 58 240
43 59 1970
43 60 1129
43 61 288
43 62 2042
44 0 408
44 1 1052
44 2 1191
44 3 1065
44 4 368
44 5 390
44 6 355
44 7 1833
44 8 983
44 9 952
44 10 133
44 11 1222
44 12 229
44 13 1166
44 14 224
44 15 1056
44 16 325
44 17 333
44 18 1074
44 19 1205
44 20 671
44 21 1048
44 22 85
44 23 1070
44 24 1299
44 25 982
44 26 288
44 27 1129
44 28 1970
44 29 240
44 30 1081
44 31 1922
44 32 192
44 33 1033
44 34 1874
44 35 144
44 36 985
44 37 1826
44 38 96
44 39 937
44 40 1778
44 41 48
44 42 889
44 43 1730
44 44 0
44 45 841
44 46 1682
44 47 48
44 48 889
44 49 1730
44 50 96
44 51 937
44 52 1778
44 53 144
44 54 985
44 55 1826
44 56 192
44 57 1033
44 58 1874
44 59 240
44 60 1081
44 61 1922
44 62 408
45 0 1249
45 1 211
45 2 350
45 3 224
45 4 953
45 5 1027
45 6 966
45 7 992
45 8 242
45 9 111
45 10 900
45 11 381
45 12 996
45 13 325
45 14 809
45 15 215
45 16 1092
45 17 892
45 18 233
45 19 364
45 20 554
45 21 207
45 22 852
45 23 229
45 24 458
45 25 141
45 26 1129
45 27 288
45 28 1129
45 29 1081
45 30 240
45 31 1081
45 32 1033
45 33 192
45 34 1033
45 35 985
45 36 144
45 37 985
45 38 937
45 39 96
45 40 937
45 41 889
45 42 48
45 43 889
45 44 841
45 45 0
45 46 841
45 47 889
45 48 48
45 49 889
45 50 937
45 51 96
45 52 937
45 53 985
45 54 144
45 55 985
45 56 1033
45 57 192
45 58 1033
45 59 1081
45 60 240
45 61 1081
45 62 1249
46 0 2090
46 1 822
46 2 779
46 3 809
46 4 1794
46 5 1868
46 6 1807
46 7 329
46 8 1083
46 9 826
46 10 1741
46 11 940
46 12 1837
46 13 1092
46 14 1650
46 15 722
46 16 1933
46 17 1733
46 18 896
46 19 1053
46 20 1395
46 21 922
46 22 1693
46 23 996
46 24 575
46 25 700
46 26 1970
46 27 1129
46 28 288
46 29 1922
46 30 1081
46 31 240
46 32 1874
46 33 1033
46 34 192
46 35 1826
46 36 985
46 37 144
46 38 1778
46 39 937
46 40 96
46 41 1730
46 42 889
46 43 48
46 44 1682
46 45 841
46 46 0
46 47 1730
46 48 889
46 49 48
46 50 1778
46 51 937
46 52 96
46 53 1826
46 54 985
46 55 144
46 56 1874
46 57 1033
46 58 192
46 59 1922
46 60 1081
46 61 240
46 62 2090
47 0 456
47 1 1004
47 2 1143
47 3 1017
47 4 416
47 5 438
47 6 307
47 7 1785
47 8 1031
47 9 904
47 10 85
47 11 1174
47 12 181
47 13 1214
47 14 176
47 15 1008
47 16 373
47 17 285
47 18 1026
47 19 1253
47 20 719
47 21 1000
47 22 37
47 23 1022
47 24 1347
47 25 1030
47 26 336
47 27 1177
47 28 2018
47 29 288
47 30 1129
47 31 1970
47 32 240
47 33 1081
47 34 1922
47 35 192
47 36 1033
47 37 1874
47 38 144
47 39 985
47 40 1826
47 41 96
47 42 937
47 43 1778
47 44 48
47 45 889
47 46 1730
47 47 0
47 48 841
47 49 1682
47 50 48
47 51 889
47 52 1730
47 53 96
47 54 937
47 55 1778
47 56 144
47 57 985
47 58 1826
47 59 192
47 60 1033
47 61 1874
47 62 456
48 0 1297
48 1 163
48 2 302
48 3 176
48 4 1001
48 5 1075
48 6 918
48 7 944
48 8 290
48 9 63
48 10 852
48 11 333
48 12 948
48 13 373
48 14 761
48 15 167
48 16 1140
48 17 844
48 18 185
48 19 412
48 20 602
48 21 159
48 22 804
48 23 181
48 24 506
48 25 189
48 26 1177
48 27 336
48 28 1177
48 29 1129
48 30 288
48 31 1129
48 32 1081
48 33 240
48 34 1081
48 35 1033
48 36 192
48 37 1033
48 38 985
48 39 144
48 40 985
48 41 937
48 42 96
48 43 937
48 44 889
48 45 48
48 46 889
48 47 841
48 48 0
48 49 841
48 50 889
48 51 48
48 52 889
48 53 937
48 54 96
48 55 937
48 56 985
48 57 144
48 58 985
48 59 1033
48 60 192
48 61 1033
48 62 1297
49 0 2138
49 1 774
49 2 731
49 3 761
49 4 1842
49 5 1916
49 6 1759
49 7 281
49 8 1131
49 9 778
49 10 1693
49 11 892
49 12 1789
49 13 1140
49 14 1602
49 15 674
49 16 1981
49 17 1685
49 18 848
49 19 1101
49 20 1443
49 21 874
49 22 1645
49 23 948
49 24 623
49 25 748
49 26 2018
49 27 1177
49 28 336
49 29 1970
49 30 1129
49 31 288
49 32 1922
49 33 1081
49 34 240
49 35 1874
49 36 1033
49 37 192
49 38 1826
49 39 985
49 40 144
49 41 1778
49 42 937
49 43 96
49 44 1730
49 45 889
49 46 48
49 47 1682
49 48 841
49 49 0
49 50 1730
49 51 889
49 52 48
49 53 1778
49 54 937
49 55 96
49 56 1826
49 57 985
49 58 144
49 59 1874
49 60 1033
49 61 192
49 62 2138
50 0 504
50 1 956
50 2 1095
50 3 969
50 4 464
50 5 486
50 6 259
50 7 1737
50 8 1079
50 9 952
50 10 37
50 11 1126
50 12 133
50 13 1262
50 14 128
50 15 1056
50 16 421
50 17 237
50 18 978
50 19 1301
50 20 767
50 21 952
50 22 85
50 23 974
50 24 1395
50 25 1078
50 26 384
50 27 1225
50 28 2066
50 29 336
50 30 1177
50 31 2018
50 32 288
50 33 1129
50 34 1970
50 35 240
50 36 1081
50 37 1922
50 38 192
50 39 1033
50 40 1874
50 41 144
50 42 985
50 43 1826
50 44 96
50 45 937
50 46 1778
50 47 48
50 48 889
50 49 1730
50 50 0
50 51 841
50 52 1682
50 53 48
50 54 889
50 55 1730
50 56 96
50 57 937
50 58 1778
50 59 144
50 60 985
50 61 1826
50 62 504
51 0 1345
51 1 115
51 2 254
51 3 128
51 4 1049
51 5 1123
51 6 870
51 7 896
51 8 338
51 9 111
51 10 804
51 11 285
51 12 900
51 13 421
51 14 713
51 15 215
51 16 1188
51 17 796
51 18 137
51 19 460
51 20 650
51 21 111
51 22 852
51 23 133
51 24 554
51 25 237
51 26 1225
51 27 384
51 28 1225
51 29 1177
51 30 336
51 31 1177
51 32 1129
51 33 288
51 34 1129
51 35 1081
51 36 240
51 37 1081
51 38 1033
51 39 192
51 40 1033
51 41 985
51 42 144
51 43 985
51 44 937
51 45 96
51 46 937
51 47 889
51 48 48
51 49 889
51 50 841
51 51 0
51 52 841
51 53 889
51 54 48
51 55 889
51 56 937
51 57 96
51 58 937
51 59 985
51 60 144
51 61 985
51 62 1345
52 0 2186
52 1 726
52 2 683
52 3 713
52 4 1890
52 5 1964
52 6 1711
52 7 233
52 8 1179
52 9 826
52 10 1645
52 11 844
52 12 1741
52 13 1188
52 14 1554
52 15 722
52 16 2029
52 17 1637
52 18 800
52 19 1149
52 20 1491
52 21 826
52 22 1693
52 23 900
52 24 671
52 25 796
52 26 2066
52 27 1225
52 28 384
52 29 2018
52 30 1177
52 31 336
52 32 1970
52 33 1129
52 34 288
52 35 1922
52 36 1081
52 37 240
52 38 1874
52 39 1033
52 40 192
52 41 1826
52 42 985
52 43 144
52 44 1778
52 45 937
52 46 96
52 47 1730
52 48 889
52 49 48
52 50 1682
52 51 841
52 52 0
52 53 1730
52 54 889
52 55 48
52 56 1778
52 57 937
52 58 96
52 59 1826
52 60 985
52 61 144
52 62 2186
53 0 552
53 1 1004
53 2 1047
53 3 1017
53 4 512
53 5 534
53 6 211
53 7 1689
53 8 1127
53 9 1000
53 10 85
53 11 1078
53 12 85
53 13 1310
53 14 176
53 15 1104
53 16 469
53 17 189
53 18 930
53 19 1349
53 20 815
53 21 904
53 22 133
53 23 926
53 24 1443
53 25 1126
53 26 432
53 27 1273
53 28 2114
53 29 384
53 30 1225
53 31 2066
53 32 336
53 33 1177
53 34 2018
53 35 288
53 36 1129
53 37 1970
53 38 240
53 39 1081
53 40 1922
53 41 192
53 42 1033
53 43 1874
53 44 144
53 45 985
53 46 1826
53 47 96
53 48 937
53 49 1778
53 50 48
53 51 889
53 52 1730
53 53 0
53 54 841
53 55 1682
53 56 48
53 57 889
53 58 1730
53 59 96
53 60 937
53 61 1778
53 62 552
54 0 1393
54 1 163
54 2 206
54 3 176
54 4 1097
54 5 1171
54 6 822
54 7 848
54 8 386
54 9 159
54 10 852
54 11 237
54 12 852
54 13 469
54 14 761
54 15 263
54 16 1236
54 17 748
54 18 89
54 19 508
54 20 698
54 21 63
54 22 900
54 23 85
54 24 602
54 25 285
54 26 1273
54 27 432
54 28 1273
54 29 1225
54 30 384
54 31 1225
54 32 1177
54 33 336
54 34 1177
54 35 1129
54 36 288
54 37 1129
54 38 1081
54 39 240
54 40 1081
54 41 1033
54 42 192
54 43 1033
54 44 985
54 45 144
54 46 985
54 47 937
54 48 96
54 49 937
54 50 889
54 51 48
54 52 889
54 53 841
54 54 0
54 55 841
54 56 889
54 57 48
54 58 889
54 59 937
54 60 96
54 61 937
54 62 1393
55 0 2234
55 1 774
55 2 635
55 3 761
55 4 1938
55 5 2012
55 6 1663
55 7 185
55 8 1227
55 9 874
55 10 1693
55 11 796
55 12 1693
55 13 1236
55 14 1602
55 15 770
55 16 2077
55 17 1589
55 18 752
55 19 1197
55 20 1539
55 21 778
55 22 1741
55 23 852
55 24 719
55 25 844
55 26 2114
55 27 1273
55 28 432
55 29 2066
55 30 1225
55 31 384
55 32 2018
55 33 1177
55 34 336
55 35 1970
55 36 1129
55 37 288
55 38 1922
55 39 1081
55 40 240
55 41 1874
55 42 1033
55 43 192
55 44 1826
55 45 985
55 46 144
55 47 1778
55 48 937
55 49 96
55 50 1730
55 51 889
55 52 48
55 53 1682
55 54 841
55 55 0
55 56 1730
55 57 889
55 58 48
55 59 1778
55 60 937
55 61 96
55 62 2234
56 0 600
56 1 1052
56 2 1095
56 3 1065
56 4 560
56 5 582
56 6 163
56 7 1641
56 8 1175
56 9 1048
56 10 133
56 11 1030
56 12 37
56 13 1358
56 14 224
56 15 1152
56 16 517
56 17 141
56 18 978
56 19 1397
56 20 863
56 21 952
56 22 181
56 23 878
56 24 1491
56 25 1174
56 26 480
56 27 1321
56 28 2162
56 29 432
56 30 1273
56 31 2114
56 32 384
56 33 1225
56 34 2066
56 35 336
56 36 1177
56 37 2018
56 38 288
56 39 1129
56 40 1970
56 41 240
56 42 1081
56 43 1922
56 44 192
56 45 1033
56 46 1874
56 47 144
56 48 985
56 49 1826
56 50 96
56 51 937
56 52 1778
56 53 48
56 54 889
56 55 1730
56 56 0
56 57 841
56 58 1682
56 59 48
56 60 889
56 61 1730
56 62 600
57 0 1441
57 1 211
57 2 254
57 3 224
57 4 1145
57 5 1219
57 6 774
57 7 800
57 8 434
57 9 207
57 10 900
57 11 189
57 12 804
57 13 517
57 14 809
57 15 311
57 16 1284
57 17 700
57 18 137
57 19 556
57 20 746
57 21 111
57 22 948
57 23 37
57 24 650
57 25 333
57 26 1321
57 27 480
57 28 1321
57 29 1273
57 30 432
57 31 1273
57 32 1225
57 33 384
57 34 1225
57 35 1177
57 36 336
57 37 1177
57 38 1129
57 39 288
57 40 1129
57 41 1081
57 42 240
57 43 1081
57 44 1033
57 45 192
57 46 1033
57 47 985
57 48 144
57 49 985
57 50 937
57 51 96
57 52 937
57 53 889
57 54 48
57 55 889
57 56 841
57 57 0
57 58 841
57 59 889
57 60 48
57 61 889
57 62 1441
58 0 2282
58 1 822
58 2 683
58 3 809
58 4 1986
58 5 2060
58 6 1615
58 7 137
58 8 1275
58 9 922
58 10 1741
58 11 748
58 12 1645
58 13 1284
58 14 1650
58 15 818
58 16 2125
58 17 1541
58 18 800
58 19 1245
58 20 1587
58 21 826
58 22 1789
58 23 804
58 24 767
58 25 892
58 26 2162
58 27 1321
58 28 480
58 29 2114
58 30 1273
58 31 432
58 32 2066
58 33 1225
58 34 384
58 35 2018
58 36 1177
58 37 336
58 38 1970
58 39 1129
58 40 288
58 41 1922
58 42 1081
58 43 240
58 44 1874
58 45 1033
58 46 192
58 47 1826
58 48 985
58 49 144
58 50 1778
58 51 937
58 52 96
58 53 1730
58 54 889
58 55 48
58 56 1682
58 57 841
58 58 0
58 59 1730
58 60 889
58 61 48
58 62 2282
59 0 648
59 1 1100
59 2 1143
59 3 1113
59 4 608
59 5 630
59 6 115
59 7 1593
59 8 1223
59 9 1096
59 10 181
59 11 982
59 12 85
59 13 1406
59 14 272
59 15 1200
59 16 565
59 17 189
59 18 1026
59 19 1445
59 20 911
59 21 1000
59 22 229
59 23 926
59 24 1539
59 25 1222
59 26 528
59 27 1369
59 28 2210
59 29 480
59 30 1321
59 31 2162
59 32 432
59 33 1273
59 34 2114
59 35 384
59 36 1225
59 37 2066
