//alpha
1
//NbLocations
81
//NbProducts
27
//NbPickers
2
//CapaPicker
12
//TimeToTravelOneDistanceUnit
3
//SetupTime
5400
//PickTime
300
//Products
//Idx Location Size
1 1 1
2 2 1
3 3 1
4 4 1
5 5 1
6 6 1
7 7 1
8 8 1
9 9 1
10 10 1
11 11 1
12 12 1
13 13 1
14 14 1
15 15 1
16 16 1
17 17 1
18 18 1
19 19 1
20 20 1
21 21 1
22 22 1
23 23 1
24 24 1
25 25 1
26 26 1
27 4 1
//Orders
//NbOrders
12
//Idx DueDate TardinessPenalty NbProdInOrder ProdIdx1 Qty1 ProdIdx2 Qty2 ...
1 126000 0 1 1 1
2 72000 0 5 2 1 3 1 4 1 5 1 6 1
3 90000 0 4 7 1 8 1 9 1 10 1
4 126000 0 1 11 1
5 54000 0 1 12 1
6 126000 0 1 13 1
7 54000 0 1 14 1
8 126000 0 1 15 1
9 108000 0 1 16 1
10 144000 0 4 17 1 18 1 19 1 20 1
11 108000 0 1 21 1
12 126000 0 6 22 1 23 1 24 1 25 1 26 1 27 1
//Graph (Products are vertices indexed from 1 to NbProducts)
//NbVerticesIntersections
54
//DepartingDepot
0
//ArrivalDepot
81
//Arcs
//Start End Distance
0 27 120
1 49 531
1 50 700
2 42 414
2 43 817
3 55 206
3 56 1025
4 67 63
4 68 1168
5 43 50
5 44 1181
6 79 986
6 80 245
7 14 26
7 28 63
8 36 505
8 37 726
9 51 310
9 52 921
10 14 143
10 29 999
11 78 180
11 79 1051
12 26 988
12 40 167
13 15 429
13 49 674
14 7 26
14 10 143
15 13 429
15 48 128
16 37 518
16 38 713
17 66 765
17 67 466
18 76 167
18 77 1064
19 20 13
19 52 76
20 19 13
20 53 1142
21 22 26
21 27 193
22 21 26
22 28 1012
23 63 622
23 64 609
24 72 336
24 73 895
25 58 167
25 59 1064
26 12 988
26 39 76
27 21 193
27 30 48
27 81 120
28 7 63
28 22 1012
28 31 48
29 10 999
29 32 48
30 27 48
30 31 1231
30 33 48
31 28 48
31 30 1231
31 32 1231
31 34 48
32 29 48
32 31 1231
32 35 48
33 30 48
33 34 1231
33 36 48
34 31 48
34 33 1231
34 35 1231
34 37 48
35 32 48
35 34 1231
35 38 48
36 8 505
36 33 48
36 39 48
37 8 726
37 16 518
37 34 48
37 40 48
38 16 713
38 35 48
38 41 48
39 26 76
39 36 48
39 42 48
40 12 167
40 37 48
40 41 1231
40 43 48
41 38 48
41 40 1231
41 44 48
42 2 414
42 39 48
42 45 48
43 2 817
43 5 50
43 40 48
43 46 48
44 5 1181
44 41 48
44 47 48
45 42 48
45 46 1231
45 48 48
46 43 48
46 45 1231
46 47 1231
46 49 48
47 44 48
47 46 1231
47 50 48
48 15 128
48 45 48
48 51 48
49 1 531
49 13 674
49 46 48
49 52 48
50 1 700
50 47 48
50 53 48
51 9 310
51 48 48
51 54 48
52 9 921
52 19 76
52 49 48
52 55 48
53 20 1142
53 50 48
53 56 48
54 51 48
54 55 1231
54 57 48
55 3 206
55 52 48
55 54 1231
55 58 48
56 3 1025
56 53 48
56 59 48
57 54 48
57 58 1231
57 60 48
58 25 167
58 55 48
58 57 1231
58 61 48
59 25 1064
59 56 48
59 62 48
60 57 48
60 61 1231
60 63 48
61 58 48
61 60 1231
61 62 1231
61 64 48
62 59 48
62 61 1231
62 65 48
63 23 622
63 60 48
63 66 48
64 23 609
64 61 48
64 65 1231
64 67 48
65 62 48
65 64 1231
65 68 48
66 17 765
66 63 48
66 69 48
67 4 63
67 17 466
67 64 48
67 70 48
68 4 1168
68 65 48
68 71 48
69 66 48
69 70 1231
69 72 48
70 67 48
70 69 1231
70 71 1231
70 73 48
71 68 48
71 70 1231
71 74 48
72 24 336
72 69 48
72 75 48
73 24 895
73 70 48
73 74 1231
73 76 48
74 71 48
74 73 1231
74 77 48
75 72 48
75 76 1231
75 78 48
76 18 167
76 73 48
76 75 1231
76 79 48
77 18 1064
77 74 48
77 80 48
78 11 180
78 75 48
79 6 986
79 11 1051
79 76 48
80 6 245
80 77 48
//LocStart LocEnd ShortestPath
0 0 0
0 1 2218
0 2 774
0 3 1989
0 4 2038
0 5 1641
0 6 3153
0 7 1414
0 8 769
0 9 814
0 10 1583
0 11 1116
0 12 1376
0 13 1013
0 14 1440
0 15 584
0 16 2013
0 17 1509
0 18 2286
0 19 1811
0 20 1824
0 21 313
0 22 339
0 23 1318
0 24 1176
0 25 1998
0 26 388
0 27 120
0 28 1351
0 29 2582
0 30 168
0 31 1399
0 32 2630
0 33 216
0 34 1447
0 35 2678
0 36 264
0 37 1495
0 38 2726
0 39 312
0 40 1543
0 41 2774
0 42 360
0 43 1591
0 44 2822
0 45 408
0 46 1639
0 47 2870
0 48 456
0 49 1687
0 50 2918
0 51 504
0 52 1735
0 53 2966
0 54 552
0 55 1783
0 56 3014
0 57 600
0 58 1831
0 59 3062
0 60 648
0 61 1879
0 62 3110
0 63 696
0 64 1927
0 65 3158
0 66 744
0 67 1975
0 68 3206
0 69 792
0 70 2023
0 71 3254
0 72 840
0 73 2071
0 74 3302
0 75 888
0 76 2119
0 77 3350
0 78 936
0 79 2167
0 80 3398
0 81 0
1 0 2218
1 1 0
1 2 1444
1 3 833
1 4 882
1 5 677
1 6 1425
1 7 930
1 8 1449
1 9 1500
1 10 1099
1 11 2062
1 12 842
1 13 1205
1 14 956
1 15 1634
1 16 1241
1 17 1285
1 18 1130
1 19 655
1 20 668
1 21 1905
1 22 1879
1 23 1380
1 24 1810
1 25 842
1 26 1830
1 27 2098
1 28 867
1 29 1036
1 30 2050
1 31 819
1 32 988
1 33 2002
1 34 771
1 35 940
1 36 1954
1 37 723
1 38 892
1 39 1906
1 40 675
1 41 844
1 42 1858
1 43 627
1 44 796
1 45 1810
1 46 579
1 47 748
1 48 1762
1 49 531
1 50 700
1 51 1810
1 52 579
1 53 748
1 54 1858
1 55 627
1 56 796
1 57 1906
1 58 675
1 59 844
1 60 1954
1 61 723
1 62 892
1 63 2002
1 64 771
1 65 940
1 66 2050
1 67 819
1 68 988
1 69 2098
1 70 867
1 71 1036
1 72 2146
1 73 915
1 74 1084
1 75 2194
1 76 963
1 77 1132
1 78 2242
1 79 1011
1 80 1180
1 81 2218
2 0 774
2 1 1444
2 2 0
2 3 1215
2 4 1264
2 5 867
2 6 2379
2 7 1120
2 8 1015
2 9 868
2 10 1289
2 11 1170
2 12 1032
2 13 1067
2 14 1146
2 15 638
2 16 1431
2 17 1563
2 18 1512
2 19 1037
2 20 1050
2 21 847
2 22 873
2 23 1372
2 24 1230
2 25 1224
2 26 538
2 27 654
2 28 1057
2 29 2288
2 30 606
2 31 1009
2 32 2240
2 33 558
2 34 961
2 35 2192
2 36 510
2 37 913
2 38 2144
2 39 462
2 40 865
2 41 2096
2 42 414
2 43 817
2 44 2048
2 45 462
2 46 865
2 47 2096
2 48 510
2 49 913
2 50 2144
2 51 558
2 52 961
2 53 2192
2 54 606
2 55 1009
2 56 2240
2 57 654
2 58 1057
2 59 2288
2 60 702
2 61 1105
2 62 2336
2 63 750
2 64 1153
2 65 2384
2 66 798
2 67 1201
2 68 2432
2 69 846
2 70 1249
2 71 2480
2 72 894
2 73 1297
2 74 2528
2 75 942
2 76 1345
2 77 2576
2 78 990
2 79 1393
2 80 2624
2 81 774
3 0 1989
3 1 833
3 2 1215
3 3 0
3 4 461
3 5 448
3 6 1576
3 7 701
3 8 1220
3 9 1175
3 10 870
3 11 1641
3 12 613
3 13 976
3 14 727
3 15 1405
3 16 1012
3 17 864
3 18 709
3 19 330
3 20 343
3 21 1676
3 22 1650
3 23 959
3 24 1389
3 25 421
3 26 1601
3 27 1869
3 28 638
3 29 1457
3 30 1821
3 31 590
3 32 1409
3 33 1773
3 34 542
3 35 1361
3 36 1725
3 37 494
3 38 1313
3 39 1677
3 40 446
3 41 1265
3 42 1629
3 43 398
3 44 1217
3 45 1581
3 46 350
3 47 1169
3 48 1533
3 49 302
3 50 1121
3 51 1485
3 52 254
3 53 1073
3 54 1437
3 55 206
3 56 1025
3 57 1485
3 58 254
3 59 1073
3 60 1533
3 61 302
3 62 1121
3 63 1581
3 64 350
3 65 1169
3 66 1629
3 67 398
3 68 1217
3 69 1677
3 70 446
3 71 1265
3 72 1725
3 73 494
3 74 1313
3 75 1773
3 76 542
3 77 1361
3 78 1821
3 79 590
3 80 1409
3 81 1989
4 0 2038
4 1 882
4 2 1264
4 3 461
4 4 0
4 5 497
4 6 1241
4 7 750
4 8 1269
4 9 1224
4 10 919
4 11 1306
4 12 662
4 13 1025
4 14 776
4 15 1454
4 16 1061
4 17 529
4 18 374
4 19 379
4 20 392
4 21 1725
4 22 1699
4 23 720
4 24 1054
4 25 374
4 26 1650
4 27 1918
4 28 687
4 29 1792
4 30 1870
4 31 639
4 32 1744
4 33 1822
4 34 591
4 35 1696
4 36 1774
4 37 543
4 38 1648
4 39 1726
4 40 495
4 41 1600
4 42 1678
4 43 447
4 44 1552
4 45 1630
4 46 399
4 47 1504
4 48 1582
4 49 351
4 50 1456
4 51 1534
4 52 303
4 53 1408
4 54 1486
4 55 255
4 56 1360
4 57 1438
4 58 207
4 59 1312
4 60 1390
4 61 159
4 62 1264
4 63 1342
4 64 111
4 65 1216
4 66 1294
4 67 63
4 68 1168
4 69 1342
4 70 111
4 71 1216
4 72 1390
4 73 159
4 74 1264
4 75 1438
4 76 207
4 77 1312
4 78 1486
4 79 255
4 80 1360
4 81 2038
5 0 1641
5 1 677
5 2 867
5 3 448
5 4 497
5 5 0
5 6 1612
5 7 353
5 8 872
5 9 1115
5 10 522
5 11 1677
5 12 265
5 13 820
5 14 379
5 15 1249
5 16 664
5 17 900
5 18 745
5 19 270
5 20 283
5 21 1328
5 22 1302
5 23 995
5 24 1425
5 25 457
5 26 1253
5 27 1521
5 28 290
5 29 1421
5 30 1473
5 31 242
5 32 1373
5 33 1425
5 34 194
5 35 1325
5 36 1377
5 37 146
5 38 1277
5 39 1329
5 40 98
5 41 1229
5 42 1281
5 43 50
5 44 1181
5 45 1329
5 46 98
5 47 1229
5 48 1377
5 49 146
5 50 1277
5 51 1425
5 52 194
5 53 1325
5 54 1473
5 55 242
5 56 1373
5 57 1521
5 58 290
5 59 1421
5 60 1569
5 61 338
5 62 1469
5 63 1617
5 64 386
5 65 1517
5 66 1665
5 67 434
5 68 1565
5 69 1713
5 70 482
5 71 1613
5 72 1761
5 73 530
5 74 1661
5 75 1809
5 76 578
5 77 1709
5 78 1857
5 79 626
5 80 1757
5 81 1641
6 0 3153
6 1 1425
6 2 2379
6 3 1576
6 4 1241
6 5 1612
6 6 0
6 7 1865
6 8 2384
6 9 2339
6 10 2034
6 11 2037
6 12 1777
6 13 2140
6 14 1891
6 15 2569
6 16 1630
6 17 1644
6 18 1201
6 19 1494
6 20 1507
6 21 2840
6 22 2814
6 23 1835
6 24 1977
6 25 1489
6 26 2765
6 27 3033
6 28 1802
6 29 1061
6 30 2985
6 31 1754
6 32 1013
6 33 2937
6 34 1706
6 35 965
6 36 2889
6 37 1658
6 38 917
6 39 2841
6 40 1610
6 41 869
6 42 2793
6 43 1562
6 44 821
6 45 2745
6 46 1514
6 47 773
6 48 2697
6 49 1466
6 50 725
6 51 2649
6 52 1418
6 53 677
6 54 2601
6 55 1370
6 56 629
6 57 2553
6 58 1322
6 59 581
6 60 2505
6 61 1274
6 62 533
6 63 2457
6 64 1226
6 65 485
6 66 2409
6 67 1178
6 68 437
6 69 2361
6 70 1130
6 71 389
6 72 2313
6 73 1082
6 74 341
6 75 2265
6 76 1034
6 77 293
6 78 2217
6 79 986
6 80 245
6 81 3153
7 0 1414
7 1 930
7 2 1120
7 3 701
7 4 750
7 5 353
7 6 1865
7 7 0
7 8 933
7 9 1368
7 10 169
7 11 1930
7 12 422
7 13 1073
7 14 26
7 15 1502
7 16 725
7 17 1153
7 18 998
7 19 523
7 20 536
7 21 1101
7 22 1075
7 23 1248
7 24 1678
7 25 710
7 26 1410
7 27 1294
7 28 63
7 29 1168
7 30 1342
7 31 111
7 32 1216
7 33 1390
7 34 159
7 35 1264
7 36 1438
7 37 207
7 38 1312
7 39 1486
7 40 255
7 41 1360
7 42 1534
7 43 303
7 44 1408
7 45 1582
7 46 351
7 47 1456
7 48 1630
7 49 399
7 50 1504
7 51 1678
7 52 447
7 53 1552
7 54 1726
7 55 495
7 56 1600
7 57 1774
7 58 543
7 59 1648
7 60 1822
7 61 591
7 62 1696
7 63 1870
7 64 639
7 65 1744
7 66 1918
7 67 687
7 68 1792
7 69 1966
7 70 735
7 71 1840
7 72 2014
7 73 783
7 74 1888
7 75 2062
7 76 831
7 77 1936
7 78 2110
7 79 879
7 80 1984
7 81 1414
8 0 769
8 1 1449
8 2 1015
8 3 1220
8 4 1269
8 5 872
8 6 2384
8 7 933
8 8 0
8 9 1055
8 10 1102
8 11 1357
8 12 941
8 13 1254
8 14 959
8 15 825
8 16 1244
8 17 1672
8 18 1517
8 19 1042
8 20 1055
8 21 842
8 22 868
8 23 1559
8 24 1417
8 25 1229
8 26 629
8 27 649
8 28 870
8 29 2101
8 30 601
8 31 822
8 32 2053
8 33 553
8 34 774
8 35 2005
8 36 505
8 37 726
8 38 1957
8 39 553
8 40 774
8 41 2005
8 42 601
8 43 822
8 44 2053
8 45 649
8 46 870
8 47 2101
8 48 697
8 49 918
8 50 2149
8 51 745
8 52 966
8 53 2197
8 54 793
8 55 1014
8 56 2245
8 57 841
8 58 1062
8 59 2293
8 60 889
8 61 1110
8 62 2341
8 63 937
8 64 1158
8 65 2389
8 66 985
8 67 1206
8 68 2437
8 69 1033
8 70 1254
8 71 2485
8 72 1081
8 73 1302
8 74 2533
8 75 1129
8 76 1350
8 77 2581
8 78 1177
8 79 1398
8 80 2629
8 81 769
9 0 814
9 1 1500
9 2 868
9 3 1175
9 4 1224
9 5 1115
9 6 2339
9 7 1368
9 8 1055
9 9 0
9 10 1537
9 11 922
9 12 1280
9 13 915
9 14 1394
9 15 486
9 16 1679
9 17 1315
9 18 1472
9 19 997
9 20 1010
9 21 887
9 22 913
9 23 1124
9 24 982
9 25 1184
9 26 578
9 27 694
9 28 1305
9 29 2536
9 30 646
9 31 1257
9 32 2488
9 33 598
9 34 1209
9 35 2440
9 36 550
9 37 1161
9 38 2392
9 39 502
9 40 1113
9 41 2344
9 42 454
9 43 1065
9 44 2296
9 45 406
9 46 1017
9 47 2248
9 48 358
9 49 969
9 50 2200
9 51 310
9 52 921
9 53 2152
9 54 358
9 55 969
9 56 2200
9 57 406
9 58 1017
9 59 2248
9 60 454
9 61 1065
9 62 2296
9 63 502
9 64 1113
9 65 2344
9 66 550
9 67 1161
9 68 2392
9 69 598
9 70 1209
9 71 2440
9 72 646
9 73 1257
9 74 2488
9 75 694
9 76 1305
9 77 2536
9 78 742
9 79 1353
9 80 2584
9 81 814
10 0 1583
10 1 1099
10 2 1289
10 3 870
10 4 919
10 5 522
10 6 2034
10 7 169
10 8 1102
10 9 1537
10 10 0
10 11 2099
10 12 591
10 13 1242
10 14 143
10 15 1671
10 16 894
10 17 1322
10 18 1167
10 19 692
10 20 705
10 21 1270
10 22 1244
10 23 1417
10 24 1847
10 25 879
10 26 1579
10 27 1463
10 28 232
10 29 999
10 30 1511
10 31 280
10 32 1047
10 33 1559
10 34 328
10 35 1095
10 36 1607
10 37 376
10 38 1143
10 39 1655
10 40 424
10 41 1191
10 42 1703
10 43 472
10 44 1239
10 45 1751
10 46 520
10 47 1287
10 48 1799
10 49 568
10 50 1335
10 51 1847
10 52 616
10 53 1383
10 54 1895
10 55 664
10 56 1431
10 57 1943
10 58 712
10 59 1479
10 60 1991
10 61 760
10 62 1527
10 63 2039
10 64 808
10 65 1575
10 66 2087
10 67 856
10 68 1623
10 69 2135
10 70 904
10 71 1671
10 72 2183
10 73 952
10 74 1719
10 75 2231
10 76 1000
10 77 1767
10 78 2279
10 79 1048
10 80 1815
10 81 1583
11 0 1116
11 1 2062
11 2 1170
11 3 1641
11 4 1306
11 5 1677
11 6 2037
11 7 1930
11 8 1357
11 9 922
11 10 2099
11 11 0
11 12 1842
11 13 1217
11 14 1956
11 15 788
11 16 2241
11 17 1137
11 18 1266
11 19 1559
11 20 1572
11 21 1189
11 22 1215
11 23 1042
11 24 612
11 25 1554
11 26 880
11 27 996
11 28 1867
11 29 3098
11 30 948
11 31 1819
11 32 3050
11 33 900
11 34 1771
11 35 3002
11 36 852
11 37 1723
11 38 2954
11 39 804
11 40 1675
11 41 2906
11 42 756
11 43 1627
11 44 2858
11 45 708
11 46 1579
11 47 2810
11 48 660
11 49 1531
11 50 2762
11 51 612
11 52 1483
11 53 2714
11 54 564
11 55 1435
11 56 2666
11 57 516
11 58 1387
11 59 2618
11 60 468
11 61 1339
11 62 2570
11 63 420
11 64 1291
11 65 2522
11 66 372
11 67 1243
11 68 2474
11 69 324
11 70 1195
11 71 2426
11 72 276
11 73 1147
11 74 2378
11 75 228
11 76 1099
11 77 2330
11 78 180
11 79 1051
11 80 2282
11 81 1116
12 0 1376
12 1 842
12 2 1032
12 3 613
12 4 662
12 5 265
12 6 1777
12 7 422
12 8 941
12 9 1280
12 10 591
12 11 1842
12 12 0
12 13 985
12 14 448
12 15 1336
12 16 733
12 17 1065
12 18 910
12 19 435
12 20 448
12 21 1397
12 22 1371
12 23 1160
12 24 1590
12 25 622
12 26 988
12 27 1256
12 28 359
12 29 1590
12 30 1208
12 31 311
12 32 1542
12 33 1160
12 34 263
12 35 1494
12 36 1112
12 37 215
12 38 1446
12 39 1064
12 40 167
12 41 1398
12 42 1112
12 43 215
12 44 1446
12 45 1160
12 46 263
12 47 1494
12 48 1208
12 49 311
12 50 1542
12 51 1256
12 52 359
12 53 1590
12 54 1304
12 55 407
12 56 1638
12 57 1352
12 58 455
12 59 1686
12 60 1400
12 61 503
12 62 1734
12 63 1448
12 64 551
12 65 1782
12 66 1496
12 67 599
12 68 1830
12 69 1544
12 70 647
12 71 1878
12 72 1592
12 73 695
12 74 1926
12 75 1640
12 76 743
12 77 1974
12 78 1688
12 79 791
12 80 2022
12 81 1376
13 0 1013
13 1 1205
13 2 1067
13 3 976
13 4 1025
13 5 820
13 6 2140
13 7 1073
13 8 1254
13 9 915
13 10 1242
13 11 1217
13 12 985
13 13 0
13 14 1099
13 15 429
13 16 1384
13 17 1428
13 18 1273
13 19 798
13 20 811
13 21 1086
13 22 1112
13 23 1419
13 24 1277
13 25 985
13 26 777
13 27 893
13 28 1010
13 29 2241
13 30 845
13 31 962
13 32 2193
13 33 797
13 34 914
13 35 2145
13 36 749
13 37 866
13 38 2097
13 39 701
13 40 818
13 41 2049
13 42 653
13 43 770
13 44 2001
13 45 605
13 46 722
13 47 1953
13 48 557
13 49 674
13 50 1905
13 51 605
13 52 722
13 53 1953
13 54 653
13 55 770
13 56 2001
13 57 701
13 58 818
13 59 2049
13 60 749
13 61 866
13 62 2097
13 63 797
13 64 914
13 65 2145
13 66 845
13 67 962
13 68 2193
13 69 893
13 70 1010
13 71 2241
13 72 941
13 73 1058
13 74 2289
13 75 989
13 76 1106
13 77 2337
13 78 1037
13 79 1154
13 80 2385
13 81 1013
14 0 1440
14 1 956
14 2 1146
14 3 727
14 4 776
14 5 379
14 6 1891
14 7 26
14 8 959
14 9 1394
14 10 143
14 11 1956
14 12 448
14 13 1099
14 14 0
14 15 1528
14 16 751
14 17 1179
14 18 1024
14 19 549
14 20 562
14 21 1127
14 22 1101
14 23 1274
14 24 1704
14 25 736
14 26 1436
14 27 1320
14 28 89
14 29 1142
14 30 1368
14 31 137
14 32 1190
14 33 1416
14 34 185
14 35 1238
14 36 1464
14 37 233
14 38 1286
14 39 1512
14 40 281
14 41 1334
14 42 1560
14 43 329
14 44 1382
14 45 1608
14 46 377
14 47 1430
14 48 1656
14 49 425
14 50 1478
14 51 1704
14 52 473
14 53 1526
14 54 1752
14 55 521
14 56 1574
14 57 1800
14 58 569
14 59 1622
14 60 1848
14 61 617
14 62 1670
14 63 1896
14 64 665
14 65 1718
14 66 1944
14 67 713
14 68 1766
14 69 1992
14 70 761
14 71 1814
14 72 2040
14 73 809
14 74 1862
14 75 2088
14 76 857
14 77 1910
14 78 2136
14 79 905
14 80 1958
14 81 1440
15 0 584
15 1 1634
15 2 638
15 3 1405
15 4 1454
15 5 1249
15 6 2569
15 7 1502
15 8 825
15 9 486
15 10 1671
15 11 788
15 12 1336
15 13 429
15 14 1528
15 15 0
15 16 1813
15 17 1181
15 18 1702
15 19 1227
15 20 1240
15 21 657
15 22 683
15 23 990
15 24 848
15 25 1414
15 26 348
15 27 464
15 28 1439
15 29 2670
15 30 416
15 31 1391
15 32 2622
15 33 368
15 34 1343
15 35 2574
15 36 320
15 37 1295
15 38 2526
15 39 272
15 40 1247
15 41 2478
15 42 224
15 43 1199
15 44 2430
15 45 176
15 46 1151
15 47 2382
15 48 128
15 49 1103
15 50 2334
15 51 176
15 52 1151
15 53 2382
15 54 224
15 55 1199
15 56 2430
15 57 272
15 58 1247
15 59 2478
15 60 320
15 61 1295
15 62 2526
15 63 368
15 64 1343
15 65 2574
15 66 416
15 67 1391
15 68 2622
15 69 464
15 70 1439
15 71 2670
15 72 512
15 73 1487
15 74 2718
15 75 560
15 76 1535
15 77 2766
15 78 608
15 79 1583
15 80 2814
15 81 584
16 0 2013
16 1 1241
16 2 1431
16 3 1012
16 4 1061
16 5 664
16 6 1630
16 7 725
16 8 1244
16 9 1679
16 10 894
16 11 2241
16 12 733
16 13 1384
16 14 751
16 15 1813
16 16 0
16 17 1464
16 18 1309
16 19 834
16 20 847
16 21 1700
16 22 1674
16 23 1559
16 24 1989
16 25 1021
16 26 1721
16 27 1893
16 28 662
16 29 857
16 30 1845
16 31 614
16 32 809
16 33 1797
16 34 566
16 35 761
16 36 1749
16 37 518
16 38 713
16 39 1797
16 40 566
16 41 761
16 42 1845
16 43 614
16 44 809
16 45 1893
16 46 662
16 47 857
16 48 1941
16 49 710
16 50 905
16 51 1989
16 52 758
16 53 953
16 54 2037
16 55 806
16 56 1001
16 57 2085
16 58 854
16 59 1049
16 60 2133
16 61 902
16 62 1097
16 63 2181
16 64 950
16 65 1145
16 66 2229
16 67 998
16 68 1193
16 69 2277
16 70 1046
16 71 1241
16 72 2325
16 73 1094
16 74 1289
16 75 2373
16 76 1142
16 77 1337
16 78 2421
16 79 1190
16 80 1385
16 81 2013
17 0 1509
17 1 1285
17 2 1563
17 3 864
17 4 529
17 5 900
17 6 1644
17 7 1153
17 8 1672
17 9 1315
17 10 1322
17 11 1137
17 12 1065
17 13 1428
17 14 1179
17 15 1181
17 16 1464
17 17 0
17 18 777
17 19 782
17 20 795
17 21 1582
17 22 1608
17 23 1123
17 24 1197
17 25 777
17 26 1273
17 27 1389
17 28 1090
17 29 2321
17 30 1341
17 31 1042
17 32 2273
17 33 1293
17 34 994
17 35 2225
17 36 1245
17 37 946
17 38 2177
17 39 1197
17 40 898
17 41 2129
17 42 1149
17 43 850
17 44 2081
17 45 1101
17 46 802
17 47 2033
17 48 1053
17 49 754
17 50 1985
17 51 1005
17 52 706
17 53 1937
17 54 957
17 55 658
17 56 1889
17 57 909
17 58 610
17 59 1841
17 60 861
17 61 562
17 62 1793
17 63 813
17 64 514
17 65 1745
17 66 765
17 67 466
17 68 1697
17 69 813
17 70 514
17 71 1745
17 72 861
17 73 562
17 74 1793
17 75 909
17 76 610
17 77 1841
17 78 957
17 79 658
17 80 1889
17 81 1509
18 0 2286
18 1 1130
18 2 1512
18 3 709
18 4 374
18 5 745
18 6 1201
18 7 998
18 8 1517
18 9 1472
18 10 1167
18 11 1266
18 12 910
18 13 1273
18 14 1024
18 15 1702
18 16 1309
18 17 777
18 18 0
18 19 627
18 20 640
18 21 1973
18 22 1947
18 23 968
18 24 1110
18 25 622
18 26 1898
18 27 2166
18 28 935
18 29 1832
18 30 2118
18 31 887
18 32 1784
18 33 2070
18 34 839
18 35 1736
18 36 2022
18 37 791
18 38 1688
18 39 1974
18 40 743
18 41 1640
18 42 1926
18 43 695
18 44 1592
18 45 1878
18 46 647
18 47 1544
18 48 1830
18 49 599
18 50 1496
18 51 1782
18 52 551
18 53 1448
18 54 1734
18 55 503
18 56 1400
18 57 1686
18 58 455
18 59 1352
18 60 1638
18 61 407
18 62 1304
18 63 1590
18 64 359
18 65 1256
18 66 1542
18 67 311
18 68 1208
18 69 1494
18 70 263
18 71 1160
18 72 1446
18 73 215
18 74 1112
18 75 1398
18 76 167
18 77 1064
18 78 1446
18 79 215
18 80 1112
18 81 2286
19 0 1811
19 1 655
19 2 1037
19 3 330
19 4 379
19 5 270
19 6 1494
19 7 523
19 8 1042
19 9 997
19 10 692
19 11 1559
19 12 435
19 13 798
19 14 549
19 15 1227
19 16 834
19 17 782
19 18 627
19 19 0
19 20 13
19 21 1498
19 22 1472
19 23 877
19 24 1307
19 25 339
19 26 1423
19 27 1691
19 28 460
19 29 1539
19 30 1643
19 31 412
19 32 1491
19 33 1595
19 34 364
19 35 1443
19 36 1547
19 37 316
19 38 1395
19 39 1499
19 40 268
19 41 1347
19 42 1451
19 43 220
19 44 1299
19 45 1403
19 46 172
19 47 1251
19 48 1355
19 49 124
19 50 1203
19 51 1307
19 52 76
19 53 1155
19 54 1355
19 55 124
19 56 1203
19 57 1403
19 58 172
19 59 1251
19 60 1451
19 61 220
19 62 1299
19 63 1499
19 64 268
19 65 1347
19 66 1547
19 67 316
19 68 1395
19 69 1595
19 70 364
19 71 1443
19 72 1643
19 73 412
19 74 1491
19 75 1691
19 76 460
19 77 1539
19 78 1739
19 79 508
19 80 1587
19 81 1811
20 0 1824
20 1 668
20 2 1050
20 3 343
20 4 392
20 5 283
20 6 1507
20 7 536
20 8 1055
20 9 1010
20 10 705
20 11 1572
20 12 448
20 13 811
20 14 562
20 15 1240
20 16 847
20 17 795
20 18 640
20 19 13
20 20 0
20 21 1511
20 22 1485
20 23 890
20 24 1320
20 25 352
20 26 1436
20 27 1704
20 28 473
20 29 1526
20 30 1656
20 31 425
20 32 1478
20 33 1608
20 34 377
20 35 1430
20 36 1560
20 37 329
20 38 1382
20 39 1512
20 40 281
20 41 1334
20 42 1464
20 43 233
20 44 1286
20 45 1416
20 46 185
20 47 1238
20 48 1368
20 49 137
20 50 1190
20 51 1320
20 52 89
20 53 1142
20 54 1368
20 55 137
20 56 1190
20 57 1416
20 58 185
20 59 1238
20 60 1464
20 61 233
20 62 1286
20 63 1512
20 64 281
20 65 1334
20 66 1560
20 67 329
20 68 1382
20 69 1608
20 70 377
20 71 1430
20 72 1656
20 73 425
20 74 1478
20 75 1704
20 76 473
20 77 1526
20 78 1752
20 79 521
20 80 1574
20 81 1824
21 0 313
21 1 1905
21 2 847
21 3 1676
21 4 1725
21 5 1328
21 6 2840
21 7 1101
21 8 842
21 9 887
21 10 1270
21 11 1189
21 12 1397
21 13 1086
21 14 1127
21 15 657
21 16 1700
21 17 1582
21 18 1973
21 19 1498
21 20 1511
21 21 0
21 22 26
21 23 1391
21 24 1249
21 25 1685
21 26 461
21 27 193
21 28 1038
21 29 2269
21 30 241
21 31 1086
21 32 2317
21 33 289
21 34 1134
21 35 2365
21 36 337
21 37 1182
21 38 2413
21 39 385
21 40 1230
21 41 2461
21 42 433
21 43 1278
21 44 2509
21 45 481
21 46 1326
21 47 2557
21 48 529
21 49 1374
21 50 2605
21 51 577
21 52 1422
21 53 2653
21 54 625
21 55 1470
21 56 2701
21 57 673
21 58 1518
21 59 2749
21 60 721
21 61 1566
21 62 2797
21 63 769
21 64 1614
21 65 2845
21 66 817
21 67 1662
21 68 2893
21 69 865
21 70 1710
21 71 2941
21 72 913
21 73 1758
21 74 2989
21 75 961
21 76 1806
21 77 3037
21 78 1009
21 79 1854
21 80 3085
21 81 313
22 0 339
22 1 1879
22 2 873
22 3 1650
22 4 1699
22 5 1302
22 6 2814
22 7 1075
22 8 868
22 9 913
22 10 1244
22 11 1215
22 12 1371
22 13 1112
22 14 1101
22 15 683
22 16 1674
22 17 1608
22 18 1947
22 19 1472
22 20 1485
22 21 26
22 22 0
22 23 1417
22 24 1275
22 25 1659
22 26 487
22 27 219
22 28 1012
22 29 2243
22 30 267
22 31 1060
22 32 2291
22 33 315
22 34 1108
22 35 2339
22 36 363
22 37 1156
22 38 2387
22 39 411
22 40 1204
22 41 2435
22 42 459
22 43 1252
22 44 2483
22 45 507
22 46 1300
22 47 2531
22 48 555
22 49 1348
22 50 2579
22 51 603
22 52 1396
22 53 2627
22 54 651
22 55 1444
22 56 2675
22 57 699
22 58 1492
22 59 2723
22 60 747
22 61 1540
22 62 2771
22 63 795
22 64 1588
22 65 2819
22 66 843
22 67 1636
22 68 2867
22 69 891
22 70 1684
22 71 2915
22 72 939
22 73 1732
22 74 2963
22 75 987
22 76 1780
22 77 3011
22 78 1035
22 79 1828
22 80 3059
22 81 339
23 0 1318
23 1 1380
23 2 1372
23 3 959
23 4 720
23 5 995
23 6 1835
23 7 1248
23 8 1559
23 9 1124
23 10 1417
23 11 1042
23 12 1160
23 13 1419
23 14 1274
23 15 990
23 16 1559
23 17 1123
23 18 968
23 19 877
23 20 890
23 21 1391
23 22 1417
23 23 0
23 24 1102
23 25 872
23 26 1082
23 27 1198
23 28 1185
23 29 2416
23 30 1150
23 31 1137
23 32 2368
23 33 1102
23 34 1089
23 35 2320
23 36 1054
23 37 1041
23 38 2272
23 39 1006
23 40 993
23 41 2224
23 42 958
23 43 945
23 44 2176
23 45 910
23 46 897
23 47 2128
23 48 862
23 49 849
23 50 2080
23 51 814
23 52 801
23 53 2032
23 54 766
23 55 753
23 56 1984
23 57 718
23 58 705
23 59 1936
23 60 670
23 61 657
23 62 1888
23 63 622
23 64 609
23 65 1840
23 66 670
23 67 657
23 68 1888
23 69 718
23 70 705
23 71 1936
23 72 766
23 73 753
23 74 1984
23 75 814
23 76 801
23 77 2032
23 78 862
23 79 849
23 80 2080
23 81 1318
24 0 1176
24 1 1810
24 2 1230
24 3 1389
24 4 1054
24 5 1425
24 6 1977
24 7 1678
24 8 1417
24 9 982
24 10 1847
24 11 612
24 12 1590
24 13 1277
24 14 1704
24 15 848
24 16 1989
24 17 1197
24 18 1110
24 19 1307
24 20 1320
24 21 1249
24 22 1275
24 23 1102
24 24 0
24 25 1302
24 26 940
24 27 1056
24 28 1615
24 29 2846
24 30 1008
24 31 1567
24 32 2798
24 33 960
24 34 1519
24 35 2750
24 36 912
24 37 1471
24 38 2702
24 39 864
24 40 1423
24 41 2654
24 42 816
24 43 1375
24 44 2606
24 45 768
24 46 1327
24 47 2558
24 48 720
24 49 1279
24 50 2510
24 51 672
24 52 1231
24 53 2462
24 54 624
24 55 1183
24 56 2414
24 57 576
24 58 1135
24 59 2366
24 60 528
24 61 1087
24 62 2318
24 63 480
24 64 1039
24 65 2270
24 66 432
24 67 991
24 68 2222
24 69 384
24 70 943
24 71 2174
24 72 336
24 73 895
24 74 2126
24 75 384
24 76 943
24 77 2174
24 78 432
24 79 991
24 80 2222
24 81 1176
25 0 1998
25 1 842
25 2 1224
25 3 421
25 4 374
25 5 457
25 6 1489
25 7 710
25 8 1229
25 9 1184
25 10 879
25 11 1554
25 12 622
25 13 985
25 14 736
25 15 1414
25 16 1021
25 17 777
25 18 622
25 19 339
25 20 352
25 21 1685
25 22 1659
25 23 872
25 24 1302
25 25 0
25 26 1610
25 27 1878
25 28 647
25 29 1544
25 30 1830
25 31 599
25 32 1496
25 33 1782
25 34 551
25 35 1448
25 36 1734
25 37 503
25 38 1400
25 39 1686
25 40 455
25 41 1352
25 42 1638
25 43 407
25 44 1304
25 45 1590
25 46 359
25 47 1256
25 48 1542
25 49 311
25 50 1208
25 51 1494
25 52 263
25 53 1160
25 54 1446
25 55 215
25 56 1112
25 57 1398
25 58 167
25 59 1064
25 60 1446
25 61 215
25 62 1112
25 63 1494
25 64 263
25 65 1160
25 66 1542
25 67 311
25 68 1208
25 69 1590
25 70 359
25 71 1256
25 72 1638
25 73 407
25 74 1304
25 75 1686
25 76 455
25 77 1352
25 78 1734
25 79 503
25 80 1400
25 81 1998
26 0 388
26 1 1830
26 2 538
26 3 1601
26 4 1650
26 5 1253
26 6 2765
26 7 1410
26 8 629
26 9 578
26 10 1579
26 11 880
26 12 988
26 13 777
26 14 1436
26 15 348
26 16 1721
26 17 1273
26 18 1898
26 19 1423
26 20 1436
26 21 461
26 22 487
26 23 1082
26 24 940
26 25 1610
26 26 0
26 27 268
26 28 1347
26 29 2578
26 30 220
26 31 1299
26 32 2530
26 33 172
26 34 1251
26 35 2482
26 36 124
26 37 1203
26 38 2434
26 39 76
26 40 1155
26 41 2386
26 42 124
26 43 1203
26 44 2434
26 45 172
26 46 1251
26 47 2482
26 48 220
26 49 1299
26 50 2530
26 51 268
26 52 1347
26 53 2578
26 54 316
26 55 1395
26 56 2626
26 57 364
26 58 1443
26 59 2674
26 60 412
26 61 1491
26 62 2722
26 63 460
26 64 1539
26 65 2770
26 66 508
26 67 1587
26 68 2818
26 69 556
26 70 1635
26 71 2866
26 72 604
26 73 1683
26 74 2914
26 75 652
26 76 1731
26 77 2962
26 78 700
26 79 1779
26 80 3010
26 81 388
27 0 120
27 1 2098
27 2 654
27 3 1869
27 4 1918
27 5 1521
27 6 3033
27 7 1294
27 8 649
27 9 694
27 10 1463
27 11 996
27 12 1256
27 13 893
27 14 1320
27 15 464
27 16 1893
27 17 1389
27 18 2166
27 19 1691
27 20 1704
27 21 193
27 22 219
27 23 1198
27 24 1056
27 25 1878
27 26 268
27 27 0
27 28 1231
27 29 2462
27 30 48
27 31 1279
27 32 2510
27 33 96
27 34 1327
27 35 2558
27 36 144
27 37 1375
27 38 2606
27 39 192
27 40 1423
27 41 2654
27 42 240
27 43 1471
27 44 2702
27 45 288
27 46 1519
27 47 2750
27 48 336
27 49 1567
27 50 2798
27 51 384
27 52 1615
27 53 2846
27 54 432
27 55 1663
27 56 2894
27 57 480
27 58 1711
27 59 2942
27 60 528
27 61 1759
27 62 2990
27 63 576
27 64 1807
27 65 3038
27 66 624
27 67 1855
27 68 3086
27 69 672
27 70 1903
27 71 3134
27 72 720
27 73 1951
27 74 3182
27 75 768
27 76 1999
27 77 3230
27 78 816
27 79 2047
27 80 3278
27 81 120
28 0 1351
28 1 867
28 2 1057
28 3 638
28 4 687
28 5 290
28 6 1802
28 7 63
28 8 870
28 9 1305
28 10 232
28 11 1867
28 12 359
28 13 1010
28 14 89
28 15 1439
28 16 662
28 17 1090
28 18 935
28 19 460
28 20 473
28 21 1038
28 22 1012
28 23 1185
28 24 1615
28 25 647
28 26 1347
28 27 1231
28 28 0
28 29 1231
28 30 1279
28 31 48
28 32 1279
28 33 1327
28 34 96
28 35 1327
28 36 1375
28 37 144
28 38 1375
28 39 1423
28 40 192
28 41 1423
28 42 1471
28 43 240
28 44 1471
28 45 1519
28 46 288
28 47 1519
28 48 1567
28 49 336
28 50 1567
28 51 1615
28 52 384
28 53 1615
28 54 1663
28 55 432
28 56 1663
28 57 1711
28 58 480
28 59 1711
28 60 1759
28 61 528
28 62 1759
28 63 1807
28 64 576
28 65 1807
28 66 1855
28 67 624
28 68 1855
28 69 1903
28 70 672
28 71 1903
28 72 1951
28 73 720
28 74 1951
28 75 1999
28 76 768
28 77 1999
28 78 2047
28 79 816
28 80 2047
28 81 1351
29 0 2582
29 1 1036
29 2 2288
29 3 1457
29 4 1792
29 5 1421
29 6 1061
29 7 1168
29 8 2101
29 9 2536
29 10 999
29 11 3098
29 12 1590
29 13 2241
29 14 1142
29 15 2670
29 16 857
29 17 2321
29 18 1832
29 19 1539
29 20 1526
29 21 2269
29 22 2243
29 23 2416
29 24 2846
29 25 1544
29 26 2578
29 27 2462
29 28 1231
29 29 0
29 30 2510
29 31 1279
29 32 48
29 33 2558
29 34 1327
29 35 96
29 36 2606
29 37 1375
29 38 144
29 39 2654
29 40 1423
29 41 192
29 42 2702
29 43 1471
29 44 240
29 45 2750
29 46 1519
29 47 288
29 48 2798
29 49 1567
29 50 336
29 51 2846
29 52 1615
29 53 384
29 54 2894
29 55 1663
29 56 432
29 57 2942
29 58 1711
29 59 480
29 60 2990
29 61 1759
29 62 528
29 63 3038
29 64 1807
29 65 576
29 66 3086
29 67 1855
29 68 624
29 69 3134
29 70 1903
29 71 672
29 72 3182
29 73 1951
29 74 720
29 75 3230
29 76 1999
29 77 768
29 78 3278
29 79 2047
29 80 816
29 81 2582
30 0 168
30 1 2050
30 2 606
30 3 1821
30 4 1870
30 5 1473
30 6 2985
30 7 1342
30 8 601
30 9 646
30 10 1511
30 11 948
30 12 1208
30 13 845
30 14 1368
30 15 416
30 16 1845
30 17 1341
30 18 2118
30 19 1643
30 20 1656
30 21 241
30 22 267
30 23 1150
30 24 1008
30 25 1830
30 26 220
30 27 48
30 28 1279
30 29 2510
30 30 0
30 31 1231
30 32 2462
30 33 48
30 34 1279
30 35 2510
30 36 96
30 37 1327
30 38 2558
30 39 144
30 40 1375
30 41 2606
30 42 192
30 43 1423
30 44 2654
30 45 240
30 46 1471
30 47 2702
30 48 288
30 49 1519
30 50 2750
30 51 336
30 52 1567
30 53 2798
30 54 384
30 55 1615
30 56 2846
30 57 432
30 58 1663
30 59 2894
30 60 480
30 61 1711
30 62 2942
30 63 528
30 64 1759
30 65 2990
30 66 576
30 67 1807
30 68 3038
30 69 624
30 70 1855
30 71 3086
30 72 672
30 73 1903
30 74 3134
30 75 720
30 76 1951
30 77 3182
30 78 768
30 79 1999
30 80 3230
30 81 168
31 0 1399
31 1 819
31 2 1009
31 3 590
31 4 639
31 5 242
31 6 1754
31 7 111
31 8 822
31 9 1257
31 10 280
31 11 1819
31 12 311
31 13 962
31 14 137
31 15 1391
31 16 614
31 17 1042
31 18 887
31 19 412
31 20 425
31 21 1086
31 22 1060
31 23 1137
31 24 1567
31 25 599
31 26 1299
31 27 1279
31 28 48
31 29 1279
31 30 1231
31 31 0
31 32 1231
31 33 1279
31 34 48
31 35 1279
31 36 1327
31 37 96
31 38 1327
31 39 1375
31 40 144
31 41 1375
31 42 1423
31 43 192
31 44 1423
31 45 1471
31 46 240
31 47 1471
31 48 1519
31 49 288
31 50 1519
31 51 1567
31 52 336
31 53 1567
31 54 1615
31 55 384
31 56 1615
31 57 1663
31 58 432
31 59 1663
31 60 1711
31 61 480
31 62 1711
31 63 1759
31 64 528
31 65 1759
31 66 1807
31 67 576
31 68 1807
31 69 1855
31 70 624
31 71 1855
31 72 1903
31 73 672
31 74 1903
31 75 1951
31 76 720
31 77 1951
31 78 1999
31 79 768
31 80 1999
31 81 1399
32 0 2630
32 1 988
32 2 2240
32 3 1409
32 4 1744
32 5 1373
32 6 1013
32 7 1216
32 8 2053
32 9 2488
32 10 1047
32 11 3050
32 12 1542
32 13 2193
32 14 1190
32 15 2622
32 16 809
32 17 2273
32 18 1784
32 19 1491
32 20 1478
32 21 2317
32 22 2291
32 23 2368
32 24 2798
32 25 1496
32 26 2530
32 27 2510
32 28 1279
32 29 48
32 30 2462
32 31 1231
32 32 0
32 33 2510
32 34 1279
32 35 48
32 36 2558
32 37 1327
32 38 96
32 39 2606
32 40 1375
32 41 144
32 42 2654
32 43 1423
32 44 192
32 45 2702
32 46 1471
32 47 240
32 48 2750
32 49 1519
32 50 288
32 51 2798
32 52 1567
32 53 336
32 54 2846
32 55 1615
32 56 384
32 57 2894
32 58 1663
32 59 432
32 60 2942
32 61 1711
32 62 480
32 63 2990
32 64 1759
32 65 528
32 66 3038
32 67 1807
32 68 576
32 69 3086
32 70 1855
32 71 624
32 72 3134
32 73 1903
32 74 672
32 75 3182
32 76 1951
32 77 720
32 78 3230
32 79 1999
32 80 768
32 81 2630
33 0 216
33 1 2002
33 2 558
33 3 1773
33 4 1822
33 5 1425
33 6 2937
33 7 1390
33 8 553
33 9 598
33 10 1559
33 11 900
33 12 1160
33 13 797
33 14 1416
33 15 368
33 16 1797
33 17 1293
33 18 2070
33 19 1595
33 20 1608
33 21 289
33 22 315
33 23 1102
33 24 960
33 25 1782
33 26 172
33 27 96
33 28 1327
33 29 2558
33 30 48
33 31 1279
33 32 2510
33 33 0
33 34 1231
33 35 2462
33 36 48
33 37 1279
33 38 2510
33 39 96
33 40 1327
33 41 2558
33 42 144
33 43 1375
33 44 2606
33 45 192
33 46 1423
33 47 2654
33 48 240
33 49 1471
33 50 2702
33 51 288
33 52 1519
33 53 2750
33 54 336
33 55 1567
33 56 2798
33 57 384
33 58 1615
33 59 2846
33 60 432
33 61 1663
33 62 2894
33 63 480
33 64 1711
33 65 2942
33 66 528
33 67 1759
33 68 2990
33 69 576
33 70 1807
33 71 3038
33 72 624
33 73 1855
33 74 3086
33 75 672
33 76 1903
33 77 3134
33 78 720
33 79 1951
33 80 3182
33 81 216
34 0 1447
34 1 771
34 2 961
34 3 542
34 4 591
34 5 194
34 6 1706
34 7 159
34 8 774
34 9 1209
34 10 328
34 11 1771
34 12 263
34 13 914
34 14 185
34 15 1343
34 16 566
34 17 994
34 18 839
34 19 364
34 20 377
34 21 1134
34 22 1108
34 23 1089
34 24 1519
34 25 551
34 26 1251
34 27 1327
34 28 96
34 29 1327
34 30 1279
34 31 48
34 32 1279
34 33 1231
34 34 0
34 35 1231
34 36 1279
34 37 48
34 38 1279
34 39 1327
34 40 96
34 41 1327
34 42 1375
34 43 144
34 44 1375
34 45 1423
34 46 192
34 47 1423
34 48 1471
34 49 240
34 50 1471
34 51 1519
34 52 288
34 53 1519
34 54 1567
34 55 336
34 56 1567
34 57 1615
34 58 384
34 59 1615
34 60 1663
34 61 432
34 62 1663
34 63 1711
34 64 480
34 65 1711
34 66 1759
34 67 528
34 68 1759
34 69 1807
34 70 576
34 71 1807
34 72 1855
34 73 624
34 74 1855
34 75 1903
34 76 672
34 77 1903
34 78 1951
34 79 720
34 80 1951
34 81 1447
35 0 2678
35 1 940
35 2 2192
35 3 1361
35 4 1696
35 5 1325
35 6 965
35 7 1264
35 8 2005
35 9 2440
35 10 1095
35 11 3002
35 12 1494
35 13 2145
35 14 1238
35 15 2574
35 16 761
35 17 2225
35 18 1736
35 19 1443
35 20 1430
35 21 2365
35 22 2339
35 23 2320
35 24 2750
35 25 1448
35 26 2482
35 27 2558
35 28 1327
35 29 96
35 30 2510
35 31 1279
35 32 48
35 33 2462
35 34 1231
35 35 0
35 36 2510
35 37 1279
35 38 48
35 39 2558
35 40 1327
35 41 96
35 42 2606
35 43 1375
35 44 144
35 45 2654
35 46 1423
35 47 192
35 48 2702
35 49 1471
35 50 240
35 51 2750
35 52 1519
35 53 288
35 54 2798
35 55 1567
35 56 336
35 57 2846
35 58 1615
35 59 384
35 60 2894
35 61 1663
35 62 432
35 63 2942
35 64 1711
35 65 480
35 66 2990
35 67 1759
35 68 528
35 69 3038
35 70 1807
35 71 576
35 72 3086
35 73 1855
35 74 624
35 75 3134
35 76 1903
35 77 672
35 78 3182
35 79 1951
35 80 720
35 81 2678
36 0 264
36 1 1954
36 2 510
36 3 1725
36 4 1774
36 5 1377
36 6 2889
36 7 1438
36 8 505
36 9 550
36 10 1607
36 11 852
36 12 1112
36 13 749
36 14 1464
36 15 320
36 16 1749
36 17 1245
36 18 2022
36 19 1547
36 20 1560
36 21 337
36 22 363
36 23 1054
36 24 912
36 25 1734
36 26 124
36 27 144
36 28 1375
36 29 2606
36 30 96
36 31 1327
36 32 2558
36 33 48
36 34 1279
36 35 2510
36 36 0
36 37 1231
36 38 2462
36 39 48
36 40 1279
36 41 2510
36 42 96
36 43 1327
36 44 2558
36 45 144
36 46 1375
36 47 2606
36 48 192
36 49 1423
36 50 2654
36 51 240
36 52 1471
36 53 2702
36 54 288
36 55 1519
36 56 2750
36 57 336
36 58 1567
36 59 2798
36 60 384
36 61 1615
36 62 2846
36 63 432
36 64 1663
36 65 2894
36 66 480
36 67 1711
36 68 2942
36 69 528
36 70 1759
36 71 2990
36 72 576
36 73 1807
36 74 3038
36 75 624
36 76 1855
36 77 3086
36 78 672
36 79 1903
36 80 3134
36 81 264
37 0 1495
37 1 723
37 2 913
37 3 494
37 4 543
37 5 146
37 6 1658
37 7 207
37 8 726
37 9 1161
37 10 376
37 11 1723
37 12 215
37 13 866
37 14 233
37 15 1295
37 16 518
37 17 946
37 18 791
37 19 316
37 20 329
37 21 1182
37 22 1156
37 23 1041
37 24 1471
37 25 503
37 26 1203
37 27 1375
37 28 144
37 29 1375
37 30 1327
37 31 96
37 32 1327
37 33 1279
37 34 48
37 35 1279
37 36 1231
37 37 0
37 38 1231
37 39 1279
37 40 48
37 41 1279
37 42 1327
37 43 96
37 44 1327
37 45 1375
37 46 144
37 47 1375
37 48 1423
37 49 192
37 50 1423
37 51 1471
37 52 240
37 53 1471
37 54 1519
37 55 288
37 56 1519
37 57 1567
37 58 336
37 59 1567
37 60 1615
37 61 384
37 62 1615
37 63 1663
37 64 432
37 65 1663
37 66 1711
37 67 480
37 68 1711
37 69 1759
37 70 528
37 71 1759
37 72 1807
37 73 576
37 74 1807
37 75 1855
37 76 624
37 77 1855
37 78 1903
37 79 672
37 80 1903
37 81 1495
38 0 2726
38 1 892
38 2 2144
38 3 1313
38 4 1648
38 5 1277
38 6 917
38 7 1312
38 8 1957
38 9 2392
38 10 1143
38 11 2954
38 12 1446
38 13 2097
38 14 1286
38 15 2526
38 16 713
38 17 2177
38 18 1688
38 19 1395
38 20 1382
38 21 2413
38 22 2387
38 23 2272
38 24 2702
38 25 1400
38 26 2434
38 27 2606
38 28 1375
38 29 144
38 30 2558
38 31 1327
38 32 96
38 33 2510
38 34 1279
38 35 48
38 36 2462
38 37 1231
38 38 0
38 39 2510
38 40 1279
38 41 48
38 42 2558
38 43 1327
38 44 96
38 45 2606
38 46 1375
38 47 144
38 48 2654
38 49 1423
38 50 192
38 51 2702
38 52 1471
38 53 240
38 54 2750
38 55 1519
38 56 288
38 57 2798
38 58 1567
38 59 336
38 60 2846
38 61 1615
38 62 384
38 63 2894
38 64 1663
38 65 432
38 66 2942
38 67 1711
38 68 480
38 69 2990
38 70 1759
38 71 528
38 72 3038
38 73 1807
38 74 576
38 75 3086
38 76 1855
38 77 624
38 78 3134
38 79 1903
38 80 672
38 81 2726
39 0 312
39 1 1906
39 2 462
39 3 1677
39 4 1726
39 5 1329
39 6 2841
39 7 1486
39 8 553
39 9 502
39 10 1655
39 11 804
39 12 1064
39 13 701
39 14 1512
39 15 272
39 16 1797
39 17 1197
39 18 1974
39 19 1499
39 20 1512
39 21 385
39 22 411
39 23 1006
39 24 864
39 25 1686
39 26 76
39 27 192
39 28 1423
39 29 2654
39 30 144
39 31 1375
39 32 2606
39 33 96
39 34 1327
39 35 2558
39 36 48
39 37 1279
39 38 2510
39 39 0
39 40 1231
39 41 2462
39 42 48
39 43 1279
39 44 2510
39 45 96
39 46 1327
39 47 2558
39 48 144
39 49 1375
39 50 2606
39 51 192
39 52 1423
39 53 2654
39 54 240
39 55 1471
39 56 2702
39 57 288
39 58 1519
39 59 2750
39 60 336
39 61 1567
39 62 2798
39 63 384
39 64 1615
39 65 2846
39 66 432
39 67 1663
39 68 2894
39 69 480
39 70 1711
39 71 2942
39 72 528
39 73 1759
39 74 2990
39 75 576
39 76 1807
39 77 3038
39 78 624
39 79 1855
39 80 3086
39 81 312
40 0 1543
40 1 675
40 2 865
40 3 446
40 4 495
40 5 98
40 6 1610
40 7 255
40 8 774
40 9 1113
40 10 424
40 11 1675
40 12 167
40 13 818
40 14 281
40 15 1247
40 16 566
40 17 898
40 18 743
40 19 268
40 20 281
40 21 1230
40 22 1204
40 23 993
40 24 1423
40 25 455
40 26 1155
40 27 1423
40 28 192
40 29 1423
40 30 1375
40 31 144
40 32 1375
40 33 1327
40 34 96
40 35 1327
40 36 1279
40 37 48
40 38 1279
40 39 1231
40 40 0
40 41 1231
40 42 1279
40 43 48
40 44 1279
40 45 1327
40 46 96
40 47 1327
40 48 1375
40 49 144
40 50 1375
40 51 1423
40 52 192
40 53 1423
40 54 1471
40 55 240
40 56 1471
40 57 1519
40 58 288
40 59 1519
40 60 1567
40 61 336
40 62 1567
40 63 1615
40 64 384
40 65 1615
40 66 1663
40 67 432
40 68 1663
40 69 1711
40 70 480
40 71 1711
40 72 1759
40 73 528
40 74 1759
40 75 1807
40 76 576
40 77 1807
40 78 1855
40 79 624
40 80 1855
40 81 1543
41 0 2774
41 1 844
41 2 2096
41 3 1265
41 4 1600
41 5 1229
41 6 869
41 7 1360
41 8 2005
41 9 2344
41 10 1191
41 11 2906
41 12 1398
41 13 2049
41 14 1334
41 15 2478
41 16 761
41 17 2129
41 18 1640
41 19 1347
41 20 1334
41 21 2461
41 22 2435
41 23 2224
41 24 2654
41 25 1352
41 26 2386
41 27 2654
41 28 1423
41 29 192
41 30 2606
41 31 1375
41 32 144
41 33 2558
41 34 1327
41 35 96
41 36 2510
41 37 1279
41 38 48
41 39 2462
41 40 1231
41 41 0
41 42 2510
41 43 1279
41 44 48
41 45 2558
41 46 1327
41 47 96
41 48 2606
41 49 1375
41 50 144
41 51 2654
41 52 1423
41 53 192
41 54 2702
41 55 1471
41 56 240
41 57 2750
41 58 1519
41 59 288
41 60 2798
41 61 1567
41 62 336
41 63 2846
41 64 1615
41 65 384
41 66 2894
41 67 1663
41 68 432
41 69 2942
41 70 1711
41 71 480
41 72 2990
41 73 1759
41 74 528
41 75 3038
41 76 1807
41 77 576
41 78 3086
41 79 1855
41 80 624
41 81 2774
42 0 360
42 1 1858
42 2 414
42 3 1629
42 4 1678
42 5 1281
42 6 2793
42 7 1534
42 8 601
42 9 454
42 10 1703
42 11 756
42 12 1112
42 13 653
42 14 1560
42 15 224
42 16 1845
42 17 1149
42 18 1926
42 19 1451
42 20 1464
42 21 433
42 22 459
42 23 958
42 24 816
42 25 1638
42 26 124
42 27 240
42 28 1471
42 29 2702
42 30 192
42 31 1423
42 32 2654
42 33 144
42 34 1375
42 35 2606
42 36 96
42 37 1327
42 38 2558
42 39 48
42 40 1279
42 41 2510
42 42 0
42 43 1231
42 44 2462
42 45 48
42 46 1279
42 47 2510
42 48 96
42 49 1327
42 50 2558
42 51 144
42 52 1375
42 53 2606
42 54 192
42 55 1423
42 56 2654
42 57 240
42 58 1471
42 59 2702
42 60 288
42 61 1519
42 62 2750
42 63 336
42 64 1567
42 65 2798
42 66 384
42 67 1615
42 68 2846
42 69 432
42 70 1663
42 71 2894
42 72 480
42 73 1711
42 74 2942
42 75 528
42 76 1759
42 77 2990
42 78 576
42 79 1807
42 80 3038
42 81 360
43 0 1591
43 1 627
43 2 817
43 3 398
43 4 447
43 5 50
43 6 1562
43 7 303
43 8 822
43 9 1065
43 10 472
43 11 1627
43 12 215
43 13 770
43 14 329
43 15 1199
43 16 614
43 17 850
43 18 695
43 19 220
43 20 233
43 21 1278
43 22 1252
43 23 945
43 24 1375
43 25 407
43 26 1203
43 27 1471
43 28 240
43 29 1471
43 30 1423
43 31 192
43 32 1423
43 33 1375
43 34 144
43 35 1375
43 36 1327
43 37 96
43 38 1327
43 39 1279
43 40 48
43 41 1279
43 42 1231
43 43 0
43 44 1231
43 45 1279
43 46 48
43 47 1279
43 48 1327
43 49 96
43 50 1327
43 51 1375
43 52 144
43 53 1375
43 54 1423
43 55 192
43 56 1423
43 57 1471
43 58 240
43 59 1471
43 60 1519
43 61 288
43 62 1519
43 63 1567
43 64 336
43 65 1567
43 66 1615
43 67 384
43 68 1615
43 69 1663
43 70 432
43 71 1663
43 72 1711
43 73 480
43 74 1711
43 75 1759
43 76 528
43 77 1759
43 78 1807
