//alpha
1
//NbLocations
46
//NbProducts
28
//NbPickers
2
//CapaPicker
12
//TimeToTravelOneDistanceUnit
3
//SetupTime
5400
//PickTime
300
//Products
//Idx Location Size
1 1 1
2 2 1
3 3 1
4 4 1
5 5 1
6 6 1
7 7 1
8 8 1
9 9 1
10 10 1
11 11 1
12 12 1
13 13 1
14 14 1
15 15 1
16 16 1
17 17 1
18 18 1
19 19 1
20 20 1
21 21 1
22 22 1
23 23 1
24 24 1
25 25 1
26 23 1
27 26 1
28 27 1
//Orders
//NbOrders
12
//Idx DueDate TardinessPenalty NbProdInOrder ProdIdx1 Qty1 ProdIdx2 Qty2 ...
1 90000 0 3 1 1 2 1 3 1
2 54000 0 4 4 1 5 1 6 1 7 1
3 54000 0 1 8 1
4 72000 0 2 9 1 10 1
5 126000 0 2 11 1 12 1
6 54000 0 1 13 1
7 54000 0 3 14 1 15 1 16 1
8 54000 0 2 17 1 18 1
9 36000 0 1 19 1
10 72000 0 4 20 1 21 1 22 1 23 1
11 72000 0 3 24 1 25 1 26 1
12 72000 0 2 27 1 28 1
//Graph (Products are vertices indexed from 1 to NbProducts)
//NbVerticesIntersections
18
//DepartingDepot
0
//ArrivalDepot
46
//Arcs
//Start End Distance
0 28 120
1 14 78
1 26 26
2 15 52
2 19 39
3 25 26
3 38 336
4 15 104
4 44 167
5 35 362
5 36 89
6 7 130
6 29 258
7 6 130
7 28 63
8 9 156
8 20 39
9 8 156
9 24 26
10 13 195
10 42 180
11 16 78
11 21 104
12 29 37
12 30 414
13 10 195
13 41 76
14 1 78
14 23 39
15 2 52
15 4 104
16 11 78
16 31 115
17 22 130
17 33 271
18 38 89
18 39 362
19 2 39
19 43 89
20 8 39
20 45 141
21 11 104
21 32 154
22 17 130
22 32 50
23 14 39
23 34 37
24 9 26
24 27 52
25 3 26
25 37 89
26 1 26
26 35 271
27 24 52
27 44 37
28 7 63
28 31 48
28 46 120
29 6 258
29 12 37
29 32 48
30 12 414
30 33 48
31 16 115
31 28 48
31 34 48
32 21 154
32 22 50
32 29 48
32 35 48
33 17 271
33 30 48
33 36 48
34 23 37
34 31 48
34 37 48
35 5 362
35 26 271
35 32 48
35 38 48
36 5 89
36 33 48
36 39 48
37 25 89
37 34 48
37 40 48
38 3 336
38 18 89
38 35 48
38 41 48
39 18 362
39 36 48
39 42 48
40 37 48
40 41 451
40 43 48
41 13 76
41 38 48
41 40 451
41 44 48
42 10 180
42 39 48
42 45 48
43 19 89
43 40 48
44 4 167
44 27 37
44 41 48
45 20 141
45 42 48
//LocStart LocEnd ShortestPath
0 0 0
0 1 370
0 2 488
0 3 379
0 4 644
0 5 1029
0 6 313
0 7 183
0 8 1082
0 9 926
0 10 1034
0 11 361
0 12 608
0 13 839
0 14 292
0 15 540
0 16 283
0 17 799
0 18 804
0 19 449
0 20 1121
0 21 465
0 22 669
0 23 253
0 24 900
0 25 353
0 26 396
0 27 848
0 28 120
0 29 571
0 30 1022
0 31 168
0 32 619
0 33 1070
0 34 216
0 35 667
0 36 1118
0 37 264
0 38 715
0 39 1166
0 40 312
0 41 763
0 42 1214
0 43 360
0 44 811
0 45 1262
0 46 0
1 0 370
1 1 0
1 2 426
1 3 317
1 4 582
1 5 659
1 6 443
1 7 313
1 8 712
1 9 556
1 10 664
1 11 395
1 12 430
1 13 469
1 14 78
1 15 478
1 16 317
1 17 525
1 18 434
1 19 387
1 20 751
1 21 499
1 22 395
1 23 117
1 24 530
1 25 291
1 26 26
1 27 478
1 28 250
1 29 393
1 30 844
1 31 202
1 32 345
1 33 796
1 34 154
1 35 297
1 36 748
1 37 202
1 38 345
1 39 796
1 40 250
1 41 393
1 42 844
1 43 298
1 44 441
1 45 892
1 46 370
2 0 488
2 1 426
2 2 0
2 3 339
2 4 156
2 5 829
2 6 561
2 7 431
2 8 594
2 9 438
2 10 642
2 11 513
2 12 600
2 13 447
2 14 348
2 15 52
2 16 435
2 17 695
2 18 508
2 19 39
2 20 633
2 21 617
2 22 565
2 23 309
2 24 412
2 25 313
2 26 452
2 27 360
2 28 368
2 29 563
2 30 1014
2 31 320
2 32 515
2 33 966
2 34 272
2 35 467
2 36 918
2 37 224
2 38 419
2 39 870
2 40 176
2 41 371
2 42 822
2 43 128
2 44 323
2 45 774
2 46 488
3 0 379
3 1 317
3 2 339
3 3 0
3 4 495
3 5 746
3 6 452
3 7 322
3 8 703
3 9 547
3 10 655
3 11 404
3 12 517
3 13 460
3 14 239
3 15 391
3 16 326
3 17 612
3 18 425
3 19 300
3 20 742
3 21 508
3 22 482
3 23 200
3 24 521
3 25 26
3 26 343
3 27 469
3 28 259
3 29 480
3 30 931
3 31 211
3 32 432
3 33 883
3 34 163
3 35 384
3 36 835
3 37 115
3 38 336
3 39 787
3 40 163
3 41 384
3 42 835
3 43 211
3 44 432
3 45 883
3 46 379
4 0 644
4 1 582
4 2 156
4 3 495
4 4 0
4 5 673
4 6 665
4 7 587
4 8 438
4 9 282
4 10 486
4 11 617
4 12 444
4 13 291
4 14 504
4 15 104
4 16 591
4 17 539
4 18 352
4 19 195
4 20 477
4 21 513
4 22 409
4 23 465
4 24 256
4 25 469
4 26 582
4 27 204
4 28 524
4 29 407
4 30 858
4 31 476
4 32 359
4 33 810
4 34 428
4 35 311
4 36 762
4 37 380
4 38 263
4 39 714
4 40 332
4 41 215
4 42 666
4 43 284
4 44 167
4 45 618
4 46 644
5 0 1029
5 1 659
5 2 829
5 3 746
5 4 673
5 5 0
5 6 716
5 7 846
5 8 413
5 9 569
5 10 365
5 11 668
5 12 495
5 13 534
5 14 737
5 15 777
5 16 746
5 17 408
5 18 499
5 19 868
5 20 374
5 21 564
5 22 460
5 23 776
5 24 595
5 25 772
5 26 633
5 27 543
5 28 909
5 29 458
5 30 185
5 31 861
5 32 410
5 33 137
5 34 813
5 35 362
5 36 89
5 37 861
5 38 410
5 39 137
5 40 909
5 41 458
5 42 185
5 43 957
5 44 506
5 45 233
5 46 1029
6 0 313
6 1 443
6 2 561
6 3 452
6 4 665
6 5 716
6 6 0
6 7 130
6 8 769
6 9 613
6 10 721
6 11 434
6 12 295
6 13 526
6 14 365
6 15 613
6 16 356
6 17 486
6 18 491
6 19 522
6 20 808
6 21 460
6 22 356
6 23 326
6 24 587
6 25 426
6 26 469
6 27 535
6 28 193
6 29 258
6 30 709
6 31 241
6 32 306
6 33 757
6 34 289
6 35 354
6 36 805
6 37 337
6 38 402
6 39 853
6 40 385
6 41 450
6 42 901
6 43 433
6 44 498
6 45 949
6 46 313
7 0 183
7 1 313
7 2 431
7 3 322
7 4 587
7 5 846
7 6 130
7 7 0
7 8 899
7 9 743
7 10 851
7 11 304
7 12 425
7 13 656
7 14 235
7 15 483
7 16 226
7 17 616
7 18 621
7 19 392
7 20 938
7 21 408
7 22 486
7 23 196
7 24 717
7 25 296
7 26 339
7 27 665
7 28 63
7 29 388
7 30 839
7 31 111
7 32 436
7 33 887
7 34 159
7 35 484
7 36 935
7 37 207
7 38 532
7 39 983
7 40 255
7 41 580
7 42 1031
7 43 303
7 44 628
7 45 1079
7 46 183
8 0 1082
8 1 712
8 2 594
8 3 703
8 4 438
8 5 413
8 6 769
8 7 899
8 8 0
8 9 156
8 10 408
8 11 721
8 12 548
8 13 395
8 14 790
8 15 542
8 16 799
8 17 643
8 18 456
8 19 633
8 20 39
8 21 617
8 22 513
8 23 829
8 24 182
8 25 729
8 26 686
8 27 234
8 28 962
8 29 511
8 30 420
8 31 914
8 32 463
8 33 372
8 34 866
8 35 415
8 36 324
8 37 818
8 38 367
8 39 276
8 40 770
8 41 319
8 42 228
8 43 722
8 44 271
8 45 180
8 46 1082
9 0 926
9 1 556
9 2 438
9 3 547
9 4 282
9 5 569
9 6 613
9 7 743
9 8 156
9 9 0
9 10 434
9 11 565
9 12 392
9 13 239
9 14 634
9 15 386
9 16 643
9 17 487
9 18 300
9 19 477
9 20 195
9 21 461
9 22 357
9 23 673
9 24 26
9 25 573
9 26 530
9 27 78
9 28 806
9 29 355
9 30 576
9 31 758
9 32 307
9 33 528
9 34 710
9 35 259
9 36 480
9 37 662
9 38 211
9 39 432
9 40 614
9 41 163
9 42 384
9 43 566
9 44 115
9 45 336
9 46 926
10 0 1034
10 1 664
10 2 642
10 3 655
10 4 486
10 5 365
10 6 721
10 7 851
10 8 408
10 9 434
10 10 0
10 11 673
10 12 500
10 13 195
10 14 742
10 15 590
10 16 751
10 17 595
10 18 408
10 19 681
10 20 369
10 21 569
10 22 465
10 23 781
10 24 408
10 25 681
10 26 638
10 27 356
10 28 914
10 29 463
10 30 372
10 31 866
10 32 415
10 33 324
10 34 818
10 35 367
10 36 276
10 37 770
10 38 319
10 39 228
10 40 722
10 41 271
10 42 180
10 43 770
10 44 319
10 45 228
10 46 1034
11 0 361
11 1 395
11 2 513
11 3 404
11 4 617
11 5 668
11 6 434
11 7 304
11 8 721
11 9 565
11 10 673
11 11 0
11 12 343
11 13 478
11 14 317
11 15 565
11 16 78
11 17 438
11 18 443
11 19 474
11 20 760
11 21 104
11 22 308
11 23 278
11 24 539
11 25 378
11 26 421
11 27 487
11 28 241
11 29 306
11 30 757
11 31 193
11 32 258
11 33 709
11 34 241
11 35 306
11 36 757
11 37 289
11 38 354
11 39 805
11 40 337
11 41 402
11 42 853
11 43 385
11 44 450
11 45 901
11 46 361
12 0 608
12 1 430
12 2 600
12 3 517
12 4 444
12 5 495
12 6 295
12 7 425
12 8 548
12 9 392
12 10 500
12 11 343
12 12 0
12 13 305
12 14 508
12 15 548
12 16 421
12 17 265
12 18 270
12 19 639
12 20 587
12 21 239
12 22 135
12 23 547
12 24 366
12 25 543
12 26 404
12 27 314
12 28 488
12 29 37
12 30 414
12 31 536
12 32 85
12 33 462
12 34 584
12 35 133
12 36 510
12 37 632
12 38 181
12 39 558
12 40 680
12 41 229
12 42 606
12 43 728
12 44 277
12 45 654
12 46 608
13 0 839
13 1 469
13 2 447
13 3 460
13 4 291
13 5 534
13 6 526
13 7 656
13 8 395
13 9 239
13 10 195
13 11 478
13 12 305
13 13 0
13 14 547
13 15 395
13 16 556
13 17 400
13 18 213
13 19 486
13 20 434
13 21 374
13 22 270
13 23 586
13 24 213
13 25 486
13 26 443
13 27 161
13 28 719
13 29 268
13 30 567
13 31 671
13 32 220
13 33 519
13 34 623
13 35 172
13 36 471
13 37 575
13 38 124
13 39 423
13 40 527
13 41 76
13 42 375
13 43 575
13 44 124
13 45 423
13 46 839
14 0 292
14 1 78
14 2 348
14 3 239
14 4 504
14 5 737
14 6 365
14 7 235
14 8 790
14 9 634
14 10 742
14 11 317
14 12 508
14 13 547
14 14 0
14 15 400
14 16 239
14 17 603
14 18 512
14 19 309
14 20 829
14 21 421
14 22 473
14 23 39
14 24 608
14 25 213
14 26 104
14 27 556
14 28 172
14 29 471
14 30 922
14 31 124
14 32 423
14 33 874
14 34 76
14 35 375
14 36 826
14 37 124
14 38 423
14 39 874
14 40 172
14 41 471
14 42 922
14 43 220
14 44 519
14 45 970
14 46 292
15 0 540
15 1 478
15 2 52
15 3 391
15 4 104
15 5 777
15 6 613
15 7 483
15 8 542
15 9 386
15 10 590
15 11 565
15 12 548
15 13 395
15 14 400
15 15 0
15 16 487
15 17 643
15 18 456
15 19 91
15 20 581
15 21 617
15 22 513
15 23 361
15 24 360
15 25 365
15 26 504
15 27 308
15 28 420
15 29 511
15 30 962
15 31 372
15 32 463
15 33 914
15 34 324
15 35 415
15 36 866
15 37 276
15 38 367
15 39 818
15 40 228
15 41 319
15 42 770
15 43 180
15 44 271
15 45 722
15 46 540
16 0 283
16 1 317
16 2 435
16 3 326
16 4 591
16 5 746
16 6 356
16 7 226
16 8 799
16 9 643
16 10 751
16 11 78
16 12 421
16 13 556
16 14 239
16 15 487
16 16 0
16 17 516
16 18 521
16 19 396
16 20 838
16 21 182
16 22 386
16 23 200
16 24 617
16 25 300
16 26 343
16 27 565
16 28 163
16 29 384
16 30 835
16 31 115
16 32 336
16 33 787
16 34 163
16 35 384
16 36 835
16 37 211
16 38 432
16 39 883
16 40 259
16 41 480
16 42 931
16 43 307
16 44 528
16 45 979
16 46 283
17 0 799
17 1 525
17 2 695
17 3 612
17 4 539
17 5 408
17 6 486
17 7 616
17 8 643
17 9 487
17 10 595
17 11 438
17 12 265
17 13 400
17 14 603
17 15 643
17 16 516
17 17 0
17 18 365
17 19 734
17 20 604
17 21 334
17 22 130
17 23 642
17 24 461
17 25 638
17 26 499
17 27 409
17 28 679
17 29 228
17 30 319
17 31 631
17 32 180
17 33 271
17 34 679
17 35 228
17 36 319
17 37 727
17 38 276
17 39 367
17 40 775
17 41 324
17 42 415
17 43 823
17 44 372
17 45 463
17 46 799
18 0 804
18 1 434
18 2 508
18 3 425
18 4 352
18 5 499
18 6 491
18 7 621
18 8 456
18 9 300
18 10 408
18 11 443
18 12 270
18 13 213
18 14 512
18 15 456
18 16 521
18 17 365
18 18 0
18 19 547
18 20 495
18 21 339
18 22 235
18 23 551
18 24 274
18 25 451
18 26 408
18 27 222
18 28 684
18 29 233
18 30 506
18 31 636
18 32 185
18 33 458
18 34 588
18 35 137
18 36 410
18 37 540
18 38 89
18 39 362
18 40 588
18 41 137
18 42 410
18 43 636
18 44 185
18 45 458
18 46 804
19 0 449
19 1 387
19 2 39
19 3 300
19 4 195
19 5 868
19 6 522
19 7 392
19 8 633
19 9 477
19 10 681
19 11 474
19 12 639
19 13 486
19 14 309
19 15 91
19 16 396
19 17 734
19 18 547
19 19 0
19 20 672
19 21 578
19 22 604
19 23 270
19 24 451
19 25 274
19 26 413
19 27 399
19 28 329
19 29 602
19 30 1053
19 31 281
19 32 554
19 33 1005
19 34 233
19 35 506
19 36 957
19 37 185
19 38 458
19 39 909
19 40 137
19 41 410
19 42 861
19 43 89
19 44 362
19 45 813
19 46 449
20 0 1121
20 1 751
20 2 633
20 3 742
20 4 477
20 5 374
20 6 808
20 7 938
20 8 39
20 9 195
20 10 369
20 11 760
20 12 587
20 13 434
20 14 829
20 15 581
20 16 838
20 17 604
20 18 495
20 19 672
20 20 0
20 21 656
20 22 552
20 23 868
20 24 221
20 25 768
20 26 725
20 27 273
20 28 1001
20 29 550
20 30 381
20 31 953
20 32 502
20 33 333
20 34 905
20 35 454
20 36 285
20 37 857
20 38 406
20 39 237
20 40 809
20 41 358
20 42 189
20 43 761
20 44 310
20 45 141
20 46 1121
21 0 465
21 1 499
21 2 617
21 3 508
21 4 513
21 5 564
21 6 460
21 7 408
21 8 617
21 9 461
21 10 569
21 11 104
21 12 239
21 13 374
21 14 421
21 15 617
21 16 182
21 17 334
21 18 339
21 19 578
21 20 656
21 21 0
21 22 204
21 23 382
21 24 435
21 25 482
21 26 473
21 27 383
21 28 345
21 29 202
21 30 653
21 31 297
21 32 154
21 33 605
21 34 345
21 35 202
21 36 653
21 37 393
21 38 250
21 39 701
21 40 441
21 41 298
21 42 749
21 43 489
21 44 346
21 45 797
21 46 465
22 0 669
22 1 395
22 2 565
22 3 482
22 4 409
22 5 460
22 6 356
22 7 486
22 8 513
22 9 357
22 10 465
22 11 308
22 12 135
22 13 270
22 14 473
22 15 513
22 16 386
22 17 130
22 18 235
22 19 604
22 20 552
22 21 204
22 22 0
22 23 512
22 24 331
22 25 508
22 26 369
22 27 279
22 28 549
22 29 98
22 30 449
22 31 501
22 32 50
22 33 401
22 34 549
22 35 98
22 36 449
22 37 597
22 38 146
22 39 497
22 40 645
22 41 194
22 42 545
22 43 693
22 44 242
22 45 593
22 46 669
23 0 253
23 1 117
23 2 309
23 3 200
23 4 465
23 5 776
23 6 326
23 7 196
23 8 829
23 9 673
23 10 781
23 11 278
23 12 547
23 13 586
23 14 39
23 15 361
23 16 200
23 17 642
23 18 551
23 19 270
23 20 868
23 21 382
23 22 512
23 23 0
23 24 647
23 25 174
23 26 143
23 27 595
23 28 133
23 29 510
23 30 961
23 31 85
23 32 462
23 33 913
23 34 37
23 35 414
23 36 865
23 37 85
23 38 462
23 39 913
23 40 133
23 41 510
23 42 961
23 43 181
23 44 558
23 45 1009
23 46 253
24 0 900
24 1 530
24 2 412
24 3 521
24 4 256
24 5 595
24 6 587
24 7 717
24 8 182
24 9 26
24 10 408
24 11 539
24 12 366
24 13 213
24 14 608
24 15 360
24 16 617
24 17 461
24 18 274
24 19 451
24 20 221
24 21 435
24 22 331
24 23 647
24 24 0
24 25 547
24 26 504
24 27 52
24 28 780
24 29 329
24 30 602
24 31 732
24 32 281
24 33 554
24 34 684
24 35 233
24 36 506
24 37 636
24 38 185
24 39 458
24 40 588
24 41 137
24 42 410
24 43 540
24 44 89
24 45 362
24 46 900
25 0 353
25 1 291
25 2 313
25 3 26
25 4 469
25 5 772
25 6 426
25 7 296
25 8 729
25 9 573
25 10 681
25 11 378
25 12 543
25 13 486
25 14 213
25 15 365
25 16 300
25 17 638
25 18 451
25 19 274
25 20 768
25 21 482
25 22 508
25 23 174
25 24 547
25 25 0
25 26 317
25 27 495
25 28 233
25 29 506
25 30 957
25 31 185
25 32 458
25 33 909
25 34 137
25 35 410
25 36 861
25 37 89
25 38 362
25 39 813
25 40 137
25 41 410
25 42 861
25 43 185
25 44 458
25 45 909
25 46 353
26 0 396
26 1 26
26 2 452
26 3 343
26 4 582
26 5 633
26 6 469
26 7 339
26 8 686
26 9 530
26 10 638
26 11 421
26 12 404
26 13 443
26 14 104
26 15 504
26 16 343
26 17 499
26 18 408
26 19 413
26 20 725
26 21 473
26 22 369
26 23 143
26 24 504
26 25 317
26 26 0
26 27 452
26 28 276
26 29 367
26 30 818
26 31 228
26 32 319
26 33 770
26 34 180
26 35 271
26 36 722
26 37 228
26 38 319
26 39 770
26 40 276
26 41 367
26 42 818
26 43 324
26 44 415
26 45 866
26 46 396
27 0 848
27 1 478
27 2 360
27 3 469
27 4 204
27 5 543
27 6 535
27 7 665
27 8 234
27 9 78
27 10 356
27 11 487
27 12 314
27 13 161
27 14 556
27 15 308
27 16 565
27 17 409
27 18 222
27 19 399
27 20 273
27 21 383
27 22 279
27 23 595
27 24 52
27 25 495
27 26 452
27 27 0
27 28 728
27 29 277
27 30 654
27 31 680
27 32 229
27 33 606
27 34 632
27 35 181
27 36 558
27 37 584
27 38 133
27 39 510
27 40 536
27 41 85
27 42 462
27 43 488
27 44 37
27 45 414
27 46 848
28 0 120
28 1 250
28 2 368
28 3 259
28 4 524
28 5 909
28 6 193
28 7 63
28 8 962
28 9 806
28 10 914
28 11 241
28 12 488
28 13 719
28 14 172
28 15 420
28 16 163
28 17 679
28 18 684
28 19 329
28 20 1001
28 21 345
28 22 549
28 23 133
28 24 780
28 25 233
28 26 276
28 27 728
28 28 0
28 29 451
28 30 902
28 31 48
28 32 499
28 33 950
28 34 96
28 35 547
28 36 998
28 37 144
28 38 595
28 39 1046
28 40 192
28 41 643
28 42 1094
28 43 240
28 44 691
28 45 1142
28 46 120
29 0 571
29 1 393
29 2 563
29 3 480
29 4 407
29 5 458
29 6 258
29 7 388
29 8 511
29 9 355
29 10 463
29 11 306
29 12 37
29 13 268
29 14 471
29 15 511
29 16 384
29 17 228
29 18 233
29 19 602
29 20 550
29 21 202
29 22 98
29 23 510
29 24 329
29 25 506
29 26 367
29 27 277
29 28 451
29 29 0
29 30 451
29 31 499
29 32 48
29 33 499
29 34 547
29 35 96
29 36 547
29 37 595
29 38 144
29 39 595
29 40 643
29 41 192
29 42 643
29 43 691
29 44 240
29 45 691
29 46 571
30 0 1022
30 1 844
30 2 1014
30 3 931
30 4 858
30 5 185
30 6 709
30 7 839
30 8 420
30 9 576
30 10 372
30 11 757
30 12 414
30 13 567
30 14 922
30 15 962
30 16 835
30 17 319
30 18 506
30 19 1053
30 20 381
30 21 653
30 22 449
30 23 961
30 24 602
30 25 957
30 26 818
30 27 654
30 28 902
30 29 451
30 30 0
30 31 950
30 32 499
30 33 48
30 34 998
30 35 547
30 36 96
30 37 1046
30 38 595
30 39 144
30 40 1094
30 41 643
30 42 192
30 43 1142
30 44 691
30 45 240
30 46 1022
31 0 168
31 1 202
31 2 320
31 3 211
31 4 476
31 5 861
31 6 241
31 7 111
31 8 914
31 9 758
31 10 866
31 11 193
31 12 536
31 13 671
31 14 124
31 15 372
31 16 115
31 17 631
31 18 636
31 19 281
31 20 953
31 21 297
31 22 501
31 23 85
31 24 732
31 25 185
31 26 228
31 27 680
31 28 48
31 29 499
31 30 950
31 31 0
31 32 451
31 33 902
31 34 48
31 35 499
31 36 950
31 37 96
31 38 547
31 39 998
31 40 144
31 41 595
31 42 1046
31 43 192
31 44 643
31 45 1094
31 46 168
32 0 619
32 1 345
32 2 515
32 3 432
32 4 359
32 5 410
32 6 306
32 7 436
32 8 463
32 9 307
32 10 415
32 11 258
32 12 85
32 13 220
32 14 423
32 15 463
32 16 336
32 17 180
32 18 185
32 19 554
32 20 502
32 21 154
32 22 50
32 23 462
32 24 281
32 25 458
32 26 319
32 27 229
32 28 499
32 29 48
32 30 499
32 31 451
32 32 0
32 33 451
32 34 499
32 35 48
32 36 499
32 37 547
32 38 96
32 39 547
32 40 595
32 41 144
32 42 595
32 43 643
32 44 192
32 45 643
32 46 619
33 0 1070
33 1 796
33 2 966
33 3 883
33 4 810
33 5 137
33 6 757
33 7 887
33 8 372
33 9 528
33 10 324
33 11 709
33 12 462
33 13 519
33 14 874
33 15 914
33 16 787
33 17 271
33 18 458
33 19 1005
33 20 333
33 21 605
33 22 401
33 23 913
33 24 554
33 25 909
33 26 770
33 27 606
33 28 950
33 29 499
33 30 48
33 31 902
33 32 451
33 33 0
33 34 950
33 35 499
33 36 48
33 37 998
33 38 547
33 39 96
33 40 1046
33 41 595
33 42 144
33 43 1094
33 44 643
33 45 192
33 46 1070
34 0 216
34 1 154
34 2 272
34 3 163
34 4 428
34 5 813
34 6 289
34 7 159
34 8 866
34 9 710
34 10 818
34 11 241
34 12 584
34 13 623
34 14 76
34 15 324
34 16 163
34 17 679
34 18 588
34 19 233
34 20 905
34 21 345
34 22 549
34 23 37
34 24 684
34 25 137
34 26 180
34 27 632
34 28 96
34 29 547
34 30 998
34 31 48
34 32 499
34 33 950
34 34 0
34 35 451
34 36 902
34 37 48
34 38 499
34 39 950
34 40 96
34 41 547
34 42 998
34 43 144
34 44 595
34 45 1046
34 46 216
35 0 667
35 1 297
35 2 467
35 3 384
35 4 311
35 5 362
35 6 354
35 7 484
35 8 415
35 9 259
35 10 367
35 11 306
35 12 133
35 13 172
35 14 375
35 15 415
35 16 384
35 17 228
35 18 137
35 19 506
35 20 454
35 21 202
35 22 98
35 23 414
35 24 233
35 25 410
35 26 271
35 27 181
35 28 547
35 29 96
35 30 547
35 31 499
35 32 48
35 33 499
35 34 451
35 35 0
35 36 451
35 37 499
35 38 48
35 39 499
35 40 547
35 41 96
35 42 547
35 43 595
35 44 144
35 45 595
35 46 667
36 0 1118
36 1 748
36 2 918
36 3 835
36 4 762
36 5 89
36 6 805
36 7 935
36 8 324
36 9 480
36 10 276
36 11 757
36 12 510
36 13 471
36 14 826
36 15 866
36 16 835
36 17 319
36 18 410
36 19 957
36 20 285
36 21 653
36 22 449
36 23 865
36 24 506
36 25 861
36 26 722
36 27 558
36 28 998
36 29 547
36 30 96
36 31 950
36 32 499
36 33 48
36 34 902
36 35 451
36 36 0
36 37 950
36 38 499
36 39 48
36 40 998
36 41 547
36 42 96
36 43 1046
36 44 595
36 45 144
36 46 1118
37 0 264
37 1 202
37 2 224
37 3 115
37 4 380
37 5 861
37 6 337
37 7 207
37 8 818
37 9 662
37 10 770
37 11 289
37 12 632
37 13 575
37 14 124
37 15 276
37 16 211
37 17 727
37 18 540
37 19 185
37 20 857
37 21 393
37 22 597
37 23 85
37 24 636
37 25 89
37 26 228
37 27 584
37 28 144
37 29 595
37 30 1046
37 31 96
37 32 547
37 33 998
37 34 48
37 35 499
37 36 950
37 37 0
37 38 451
37 39 902
37 40 48
37 41 499
37 42 950
37 43 96
37 44 547
37 45 998
37 46 264
38 0 715
38 1 345
38 2 419
38 3 336
38 4 263
38 5 410
38 6 402
38 7 532
38 8 367
38 9 211
38 10 319
38 11 354
38 12 181
38 13 124
38 14 423
38 15 367
38 16 432
38 17 276
38 18 89
38 19 458
38 20 406
38 21 250
38 22 146
38 23 462
38 24 185
38 25 362
38 26 319
38 27 133
38 28 595
38 29 144
38 30 595
38 31 547
38 32 96
38 33 547
38 34 499
38 35 48
38 36 499
38 37 451
38 38 0
38 39 451
38 40 499
38 41 48
38 42 499
38 43 547
38 44 96
38 45 547
38 46 715
39 0 1166
39 1 796
39 2 870
39 3 787
39 4 714
39 5 137
39 6 853
39 7 983
39 8 276
39 9 432
39 10 228
39 11 805
39 12 558
39 13 423
39 14 874
39 15 818
39 16 883
39 17 367
39 18 362
39 19 909
39 20 237
39 21 701
39 22 497
39 23 913
39 24 458
39 25 813
39 26 770
39 27 510
39 28 1046
39 29 595
39 30 144
39 31 998
39 32 547
39 33 96
39 34 950
39 35 499
39 36 48
39 37 902
39 38 451
39 39 0
39 40 950
39 41 499
39 42 48
39 43 998
39 44 547
39 45 96
39 46 1166
40 0 312
40 1 250
40 2 176
40 3 163
40 4 332
40 5 909
40 6 385
40 7 255
40 8 770
40 9 614
40 10 722
40 11 337
40 12 680
40 13 527
40 14 172
40 15 228
40 16 259
40 17 775
40 18 588
40 19 137
40 20 809
40 21 441
40 22 645
40 23 133
40 24 588
40 25 137
40 26 276
40 27 536
40 28 192
40 29 643
40 30 1094
40 31 144
40 32 595
40 33 1046
40 34 96
40 35 547
40 36 998
40 37 48
40 38 499
40 39 950
40 40 0
40 41 451
40 42 902
40 43 48
40 44 499
40 45 950
40 46 312
41 0 763
41 1 393
41 2 371
41 3 384
41 4 215
41 5 458
41 6 450
41 7 580
41 8 319
41 9 163
41 10 271
41 11 402
41 12 229
41 13 76
41 14 471
41 15 319
41 16 480
41 17 324
41 18 137
41 19 410
41 20 358
41 21 298
41 22 194
41 23 510
41 24 137
41 25 410
41 26 367
41 27 85
41 28 643
41 29 192
41 30 643
41 31 595
41 32 144
41 33 595
41 34 547
41 35 96
41 36 547
41 37 499
41 38 48
41 39 499
41 40 451
41 41 0
41 42 451
41 43 499
41 44 48
41 45 499
41 46 763
42 0 1214
42 1 844
42 2 822
42 3 835
42 4 666
42 5 185
42 6 901
42 7 1031
42 8 228
42 9 384
42 10 180
42 11 853
42 12 606
42 13 375
42 14 922
42 15 770
42 16 931
42 17 415
42 18 410
42 19 861
42 20 189
42 21 749
42 22 545
42 23 961
42 24 410
42 25 861
42 26 818
42 27 462
42 28 1094
42 29 643
42 30 192
42 31 1046
42 32 595
42 33 144
42 34 998
42 35 547
42 36 96
42 37 950
42 38 499
42 39 48
42 40 902
42 41 451
42 42 0
42 43 950
42 44 499
42 45 48
42 46 1214
43 0 360
43 1 298
43 2 128
43 3 211
43 4 284
43 5 957
43 6 433
43 7 303
43 8 722
43 9 566
43 10 770
43 11 385
43 12 728
43 13 575
43 14 220
43 15 180
43 16 307
43 17 823
43 18 636
43 19 89
43 20 761
43 21 489
43 22 693
43 23 181
43 24 540
43 25 185
43 26 324
43 27 488
43 28 240
43 29 691
43 30 1142
43 31 192
43 32 643
43 33 1094
43 34 144
43 35 595
43 36 1046
43 37 96
43 38 547
43 39 998
43 40 48
43 41 499
43 42 950
43 43 0
43 44 451
43 45 902
43 46 360
44 0 811
44 1 441
44 2 323
44 3 432
44 4 167
44 5 506
44 6 498
44 7 628
44 8 271
44 9 115
44 10 319
44 11 450
44 12 277
44 13 124
44 14 519
44 15 271
44 16 528
44 17 372
44 18 185
44 19 362
44 20 310
44 21 346
44 22 242
44 23 558
44 24 89
44 25 458
44 26 415
44 27 37
44 28 691
44 29 240
44 30 691
44 31 643
44 32 192
44 33 643
44 34 595
44 35 144
44 36 595
44 37 547
44 38 96
44 39 547
44 40 499
44 41 48
44 42 499
44 43 451
44 44 0
44 45 451
44 46 811
45 0 1262
45 1 892
45 2 774
45 3 883
45 4 618
45 5 233
45 6 949
45 7 1079
45 8 180
45 9 336
45 10 228
45 11 901
45 12 654
45 13 423
45 14 970
45 15 722
45 16 979
45 17 463
45 18 458
45 19 813
45 20 141
45 21 797
45 22 593
45 23 1009
45 24 362
45 25 909
45 26 866
45 27 414
45 28 1142
45 29 691
45 30 240
45 31 1094
45 32 643
45 33 192
45 34 1046
45 35 595
45 36 144
45 37 998
45 38 547
45 39 96
45 40 950
45 41 499
45 42 48
45 43 902
45 44 451
45 45 0
45 46 1262
46 0 0
46 1 370
46 2 488
46 3 379
46 4 644
46 5 1029
46 6 313
46 7 183
46 8 1082
46 9 926
46 10 1034
46 11 361
46 12 608
46 13 839
46 14 292
46 15 540
46 16 283
46 17 799
46 18 804
46 19 449
46 20 1121
46 21 465
46 22 669
46 23 253
46 24 900
46 25 353
46 26 396
46 27 848
46 28 120
46 29 571
46 30 1022
46 31 168
46 32 619
46 33 1070
46 34 216
46 35 667
46 36 1118
46 37 264
46 38 715
46 39 1166
46 40 312
46 41 763
46 42 1214
46 43 360
46 44 811
46 45 1262
46 46 0
//Location coordinates LocationName
//Loc x y
0 0.0 0.0 "depot"
1 96.0 274.0 "product aisle 2 bloc 0 rank 20"
2 240.0 248.0 "product aisle 5 bloc 0 rank 15"
3 144.0 235.0 "product aisle 3 bloc 0 rank 14"
4 240.0 404.0 "product aisle 5 bloc 0 rank 39"
5 96.0 933.0 "product aisle 2 bloc 1 rank 52"
6 0.0 313.0 "product aisle 0 bloc 0 rank 26"
7 0.0 183.0 "product aisle 0 bloc 0 rank 6"
8 240.0 842.0 "product aisle 5 bloc 1 rank 37"
9 240.0 686.0 "product aisle 5 bloc 1 rank 13"
10 192.0 842.0 "product aisle 4 bloc 1 rank 38"
11 48.0 313.0 "product aisle 1 bloc 0 rank 26"
12 0.0 608.0 "product aisle 0 bloc 1 rank 2"
13 192.0 647.0 "product aisle 4 bloc 1 rank 7"
14 96.0 196.0 "product aisle 2 bloc 0 rank 8"
15 240.0 300.0 "product aisle 5 bloc 0 rank 23"
16 48.0 235.0 "product aisle 1 bloc 0 rank 14"
17 48.0 751.0 "product aisle 1 bloc 1 rank 24"
18 144.0 660.0 "product aisle 3 bloc 1 rank 10"
19 240.0 209.0 "product aisle 5 bloc 0 rank 10"
20 240.0 881.0 "product aisle 5 bloc 1 rank 44"
21 48.0 417.0 "product aisle 1 bloc 0 rank 41"
22 48.0 621.0 "product aisle 1 bloc 1 rank 3"
23 96.0 157.0 "product aisle 2 bloc 0 rank 1"
24 240.0 660.0 "product aisle 5 bloc 1 rank 9"
25 144.0 209.0 "product aisle 3 bloc 0 rank 9"
26 96.0 300.0 "product aisle 2 bloc 0 rank 23"
27 240.0 608.0 "product aisle 5 bloc 1 rank 2"
28 24.0 120.0 "intersection aisle 0 bloc 0 rank 0"
29 24.0 571.0 "intersection aisle 0 bloc 1 rank 1"
30 24.0 1022.0 "intersection aisle 0 bloc 2 rank 2"
31 72.0 120.0 "intersection aisle 1 bloc 0 rank 0"
32 72.0 571.0 "intersection aisle 1 bloc 1 rank 1"
33 72.0 1022.0 "intersection aisle 1 bloc 2 rank 2"
34 120.0 120.0 "intersection aisle 2 bloc 0 rank 0"
35 120.0 571.0 "intersection aisle 2 bloc 1 rank 1"
36 120.0 1022.0 "intersection aisle 2 bloc 2 rank 2"
37 168.0 120.0 "intersection aisle 3 bloc 0 rank 0"
38 168.0 571.0 "intersection aisle 3 bloc 1 rank 1"
39 168.0 1022.0 "intersection aisle 3 bloc 2 rank 2"
40 216.0 120.0 "intersection aisle 4 bloc 0 rank 0"
41 216.0 571.0 "intersection aisle 4 bloc 1 rank 1"
42 216.0 1022.0 "intersection aisle 4 bloc 2 rank 2"
43 264.0 120.0 "intersection aisle 5 bloc 0 rank 0"
44 264.0 571.0 "intersection aisle 5 bloc 1 rank 1"
45 264.0 1022.0 "intersection aisle 5 bloc 2 rank 2"
46 0.0 0.0 "depot"
