//alpha
1
//NbLocations
58
//NbProducts
41
//NbPickers
2
//CapaPicker
12
//TimeToTravelOneDistanceUnit
3
//SetupTime
5400
//PickTime
300
//Products
//Idx Location Size
1 1 1
2 2 1
3 3 1
4 4 1
5 5 1
6 6 1
7 7 1
8 8 1
9 9 1
10 10 1
11 11 1
12 12 1
13 13 1
14 14 1
15 15 1
16 16 1
17 17 1
18 18 1
19 19 1
20 20 1
21 21 1
22 22 1
23 23 1
24 24 1
25 25 1
26 13 1
27 26 1
28 27 1
29 28 1
30 29 1
31 30 1
32 31 1
33 32 1
34 33 1
35 34 1
36 35 1
37 36 1
38 37 1
39 38 1
40 39 1
41 15 1
//Orders
//NbOrders
18
//Idx DueDate TardinessPenalty NbProdInOrder ProdIdx1 Qty1 ProdIdx2 Qty2 ...
1 72000 0 2 1 1 2 1
2 90000 0 1 3 1
3 126000 0 1 4 1
4 108000 0 4 5 1 6 1 7 1 8 1
5 72000 0 3 9 1 10 1 11 1
6 72000 0 2 12 1 13 1
7 108000 0 6 14 1 15 1 16 1 17 1 18 1 19 1
8 54000 0 1 20 1
9 54000 0 1 21 1
10 144000 0 2 22 1 23 1
11 54000 0 2 24 1 25 1
12 144000 0 2 26 1 27 1
13 108000 0 1 28 1
14 72000 0 1 29 1
15 126000 0 1 30 1
16 72000 0 2 31 1 32 1
17 108000 0 5 33 1 34 1 35 1 36 1 37 1
18 126000 0 4 38 1 39 1 40 1 41 1
//Graph (Products are vertices indexed from 1 to NbProducts)
//NbVerticesIntersections
18
//DepartingDepot
0
//ArrivalDepot
58
//Arcs
//Start End Distance
0 40 120
1 53 297
1 54 154
2 26 104
2 35 26
3 11 13
3 17 26
4 9 52
4 45 128
5 8 52
5 31 143
6 28 78
6 37 143
7 49 76
7 50 375
8 5 52
8 19 13
9 4 52
9 37 13
10 11 26
10 39 13
11 3 13
11 10 26
12 29 0
12 34 13
13 30 26
13 41 37
14 26 13
14 41 50
15 31 117
15 40 50
16 50 76
16 51 375
17 3 26
17 25 26
18 32 13
18 36 26
19 8 13
19 30 13
20 25 13
20 42 63
21 24 221
21 48 37
22 46 310
22 47 141
23 27 182
23 56 167
24 21 221
24 47 193
25 17 26
25 20 13
26 2 104
26 14 13
27 23 182
27 55 102
28 6 78
28 44 37
29 12 0
29 38 13
30 13 26
30 19 13
31 5 143
31 15 117
32 18 13
32 43 323
33 34 13
33 39 26
34 12 13
34 33 13
35 2 26
35 38 13
36 18 26
36 44 89
37 6 143
37 9 13
38 29 13
38 35 13
39 10 13
39 33 26
40 15 50
40 43 48
40 58 120
41 13 37
41 14 50
41 44 48
42 20 63
42 45 48
43 32 323
43 40 48
43 46 48
44 28 37
44 36 89
44 41 48
44 47 48
45 4 128
45 42 48
45 48 48
46 22 310
46 43 48
46 49 48
47 22 141
47 24 193
47 44 48
47 50 48
48 21 37
48 45 48
48 51 48
49 7 76
49 46 48
49 52 48
50 7 375
50 16 76
50 47 48
50 53 48
51 16 375
51 48 48
51 54 48
52 49 48
52 53 451
52 55 48
53 1 297
53 50 48
53 52 451
53 56 48
54 1 154
54 51 48
54 57 48
55 27 102
55 52 48
56 23 167
56 53 48
56 57 451
57 54 48
57 56 451
//LocStart LocEnd ShortestPath
0 0 0
0 1 1060
0 2 738
0 3 894
0 4 942
0 5 430
0 6 734
0 7 340
0 8 482
0 9 890
0 10 855
0 11 881
0 12 790
0 13 534
0 14 621
0 15 170
0 16 791
0 17 920
0 18 504
0 19 495
0 20 959
0 21 1081
0 22 526
0 23 644
0 24 860
0 25 946
0 26 634
0 27 462
0 28 656
0 29 790
0 30 508
0 31 287
0 32 491
0 33 816
0 34 803
0 35 764
0 36 530
0 37 877
0 38 777
0 39 842
0 40 120
0 41 571
0 42 1022
0 43 168
0 44 619
0 45 1070
0 46 216
0 47 667
0 48 1118
0 49 264
0 50 715
0 51 1166
0 52 312
0 53 763
0 54 1214
0 55 360
0 56 811
0 57 1262
0 58 0
1 0 1060
1 1 0
1 2 630
1 3 474
1 4 426
1 5 630
1 6 556
1 7 720
1 8 578
1 9 478
1 10 513
1 11 487
1 12 578
1 13 526
1 14 539
1 15 890
1 16 421
1 17 448
1 18 556
1 19 565
1 20 409
1 21 287
1 22 534
1 23 512
1 24 508
1 25 422
1 26 552
1 27 694
1 28 478
1 29 578
1 30 552
1 31 773
1 32 569
1 33 552
1 34 565
1 35 604
1 36 530
1 37 491
1 38 591
1 39 526
1 40 940
1 41 489
1 42 346
1 43 892
1 44 441
1 45 298
1 46 844
1 47 393
1 48 250
1 49 796
1 50 345
1 51 202
1 52 748
1 53 297
1 54 154
1 55 796
1 56 345
1 57 202
1 58 1060
2 0 738
2 1 630
2 2 0
2 3 156
2 4 460
2 5 308
2 6 330
2 7 686
2 8 256
2 9 486
2 10 117
2 11 143
2 12 52
2 13 204
2 14 117
2 15 568
2 16 387
2 17 182
2 18 330
2 19 243
2 20 221
2 21 417
2 22 404
2 23 574
2 24 456
2 25 208
2 26 104
2 27 756
2 28 252
2 29 52
2 30 230
2 31 451
2 32 343
2 33 78
2 34 65
2 35 26
2 36 304
2 37 473
2 38 39
2 39 104
2 40 618
2 41 167
2 42 284
2 43 666
2 44 215
2 45 332
2 46 714
2 47 263
2 48 380
2 49 762
2 50 311
2 51 428
2 52 810
2 53 359
2 54 476
2 55 858
2 56 407
2 57 524
2 58 738
3 0 894
3 1 474
3 2 156
3 3 0
3 4 304
3 5 464
3 6 486
3 7 842
3 8 412
3 9 356
3 10 39
3 11 13
3 12 104
3 13 360
3 14 273
3 15 724
3 16 543
3 17 26
3 18 486
3 19 399
3 20 65
3 21 261
3 22 560
3 23 730
3 24 482
3 25 52
3 26 260
3 27 912
3 28 408
3 29 104
3 30 386
3 31 607
3 32 499
3 33 78
3 34 91
3 35 130
3 36 460
3 37 369
3 38 117
3 39 52
3 40 774
3 41 323
3 42 128
3 43 822
3 44 371
3 45 176
3 46 870
3 47 419
3 48 224
3 49 918
3 50 467
3 51 272
3 52 966
3 53 515
3 54 320
3 55 1014
3 56 563
3 57 368
3 58 894
4 0 942
4 1 426
4 2 460
4 3 304
4 4 0
4 5 512
4 6 208
4 7 794
4 8 460
4 9 52
4 10 343
4 11 317
4 12 408
4 13 408
4 14 421
4 15 772
4 16 495
4 17 278
4 18 438
4 19 447
4 20 239
4 21 213
4 22 512
4 23 682
4 24 434
4 25 252
4 26 434
4 27 864
4 28 286
4 29 408
4 30 434
4 31 655
4 32 451
4 33 382
4 34 395
4 35 434
4 36 412
4 37 65
4 38 421
4 39 356
4 40 822
4 41 371
4 42 176
4 43 774
4 44 323
4 45 128
4 46 822
4 47 371
4 48 176
4 49 870
4 50 419
4 51 224
4 52 918
4 53 467
4 54 272
4 55 966
4 56 515
4 57 320
4 58 942
5 0 430
5 1 630
5 2 308
5 3 464
5 4 512
5 5 0
5 6 304
5 7 530
5 8 52
5 9 460
5 10 425
5 11 451
5 12 360
5 13 104
5 14 191
5 15 260
5 16 361
5 17 490
5 18 304
5 19 65
5 20 529
5 21 651
5 22 378
5 23 548
5 24 430
5 25 516
5 26 204
5 27 652
5 28 226
5 29 360
5 30 78
5 31 143
5 32 317
5 33 386
5 34 373
5 35 334
5 36 278
5 37 447
5 38 347
5 39 412
5 40 310
5 41 141
5 42 592
5 43 358
5 44 189
5 45 640
5 46 406
5 47 237
5 48 688
5 49 454
5 50 285
5 51 736
5 52 502
5 53 333
5 54 784
5 55 550
5 56 381
5 57 832
5 58 430
6 0 734
6 1 556
6 2 330
6 3 486
6 4 208
6 5 304
6 6 0
6 7 586
6 8 252
6 9 156
6 10 447
6 11 473
6 12 382
6 13 200
6 14 213
6 15 564
6 16 287
6 17 486
6 18 230
6 19 239
6 20 447
6 21 421
6 22 304
6 23 474
6 24 356
6 25 460
6 26 226
6 27 656
6 28 78
6 29 382
6 30 226
6 31 447
6 32 243
6 33 408
6 34 395
6 35 356
6 36 204
6 37 143
6 38 369
6 39 434
6 40 614
6 41 163
6 42 384
6 43 566
6 44 115
6 45 336
6 46 614
6 47 163
6 48 384
6 49 662
6 50 211
6 51 432
6 52 710
6 53 259
6 54 480
6 55 758
6 56 307
6 57 528
6 58 734
7 0 340
7 1 720
7 2 686
7 3 842
7 4 794
7 5 530
7 6 586
7 7 0
7 8 582
7 9 742
7 10 803
7 11 829
7 12 738
7 13 556
7 14 569
7 15 270
7 16 451
7 17 868
7 18 508
7 19 595
7 20 907
7 21 837
7 22 434
7 23 456
7 24 616
7 25 894
7 26 582
7 27 274
7 28 508
7 29 738
7 30 582
7 31 387
7 32 495
7 33 764
7 34 751
7 35 712
7 36 534
7 37 729
7 38 725
7 39 790
7 40 220
7 41 519
7 42 970
7 43 172
7 44 471
7 45 922
7 46 124
7 47 423
7 48 874
7 49 76
7 50 375
7 51 826
7 52 124
7 53 423
7 54 874
7 55 172
7 56 471
7 57 922
7 58 340
8 0 482
8 1 578
8 2 256
8 3 412
8 4 460
8 5 52
8 6 252
8 7 582
8 8 0
8 9 408
8 10 373
8 11 399
8 12 308
8 13 52
8 14 139
8 15 312
8 16 309
8 17 438
8 18 252
8 19 13
8 20 477
8 21 599
8 22 326
8 23 496
8 24 378
8 25 464
8 26 152
8 27 678
8 28 174
8 29 308
8 30 26
8 31 195
8 32 265
8 33 334
8 34 321
8 35 282
8 36 226
8 37 395
8 38 295
8 39 360
8 40 362
8 41 89
8 42 540
8 43 410
8 44 137
8 45 588
8 46 458
8 47 185
8 48 636
8 49 506
8 50 233
8 51 684
8 52 554
8 53 281
8 54 732
8 55 602
8 56 329
8 57 780
8 58 482
9 0 890
9 1 478
9 2 486
9 3 356
9 4 52
9 5 460
9 6 156
9 7 742
9 8 408
9 9 0
9 10 395
9 11 369
9 12 460
9 13 356
9 14 369
9 15 720
9 16 443
9 17 330
9 18 386
9 19 395
9 20 291
9 21 265
9 22 460
9 23 630
9 24 486
9 25 304
9 26 382
9 27 812
9 28 234
9 29 460
9 30 382
9 31 603
9 32 399
9 33 434
9 34 447
9 35 486
9 36 360
9 37 13
9 38 473
9 39 408
9 40 770
9 41 319
9 42 228
9 43 722
9 44 271
9 45 180
9 46 770
9 47 319
9 48 228
9 49 818
9 50 367
9 51 276
9 52 866
9 53 415
9 54 324
9 55 914
9 56 463
9 57 372
9 58 890
10 0 855
10 1 513
10 2 117
10 3 39
10 4 343
10 5 425
10 6 447
10 7 803
10 8 373
10 9 395
10 10 0
10 11 26
10 12 65
10 13 321
10 14 234
10 15 685
10 16 504
10 17 65
10 18 447
10 19 360
10 20 104
10 21 300
10 22 521
10 23 691
10 24 521
10 25 91
10 26 221
10 27 873
10 28 369
10 29 65
10 30 347
10 31 568
10 32 460
10 33 39
10 34 52
10 35 91
10 36 421
10 37 408
10 38 78
10 39 13
10 40 735
10 41 284
10 42 167
10 43 783
10 44 332
10 45 215
10 46 831
10 47 380
10 48 263
10 49 879
10 50 428
10 51 311
10 52 927
10 53 476
10 54 359
10 55 975
10 56 524
10 57 407
10 58 855
11 0 881
11 1 487
11 2 143
11 3 13
11 4 317
11 5 451
11 6 473
11 7 829
11 8 399
11 9 369
11 10 26
11 11 0
11 12 91
11 13 347
11 14 260
11 15 711
11 16 530
11 17 39
11 18 473
11 19 386
11 20 78
11 21 274
11 22 547
11 23 717
11 24 495
11 25 65
11 26 247
11 27 899
11 28 395
11 29 91
11 30 373
11 31 594
11 32 486
11 33 65
11 34 78
11 35 117
11 36 447
11 37 382
11 38 104
11 39 39
11 40 761
11 41 310
11 42 141
11 43 809
11 44 358
11 45 189
11 46 857
11 47 406
11 48 237
11 49 905
11 50 454
11 51 285
11 52 953
11 53 502
11 54 333
11 55 1001
11 56 550
11 57 381
11 58 881
12 0 790
12 1 578
12 2 52
12 3 104
12 4 408
12 5 360
12 6 382
12 7 738
12 8 308
12 9 460
12 10 65
12 11 91
12 12 0
12 13 256
12 14 169
12 15 620
12 16 439
12 17 130
12 18 382
12 19 295
12 20 169
12 21 365
12 22 456
12 23 626
12 24 508
12 25 156
12 26 156
12 27 808
12 28 304
12 29 0
12 30 282
12 31 503
12 32 395
12 33 26
12 34 13
12 35 26
12 36 356
12 37 473
12 38 13
12 39 52
12 40 670
12 41 219
12 42 232
12 43 718
12 44 267
12 45 280
12 46 766
12 47 315
12 48 328
12 49 814
12 50 363
12 51 376
12 52 862
12 53 411
12 54 424
12 55 910
12 56 459
12 57 472
12 58 790
13 0 534
13 1 526
13 2 204
13 3 360
13 4 408
13 5 104
13 6 200
13 7 556
13 8 52
13 9 356
13 10 321
13 11 347
13 12 256
13 13 0
13 14 87
13 15 364
13 16 257
13 17 386
13 18 200
13 19 39
13 20 425
13 21 547
13 22 274
13 23 444
13 24 326
13 25 412
13 26 100
13 27 626
13 28 122
13 29 256
13 30 26
13 31 247
13 32 213
13 33 282
13 34 269
13 35 230
13 36 174
13 37 343
13 38 243
13 39 308
13 40 414
13 41 37
13 42 488
13 43 462
13 44 85
13 45 536
13 46 510
13 47 133
13 48 584
13 49 558
13 50 181
13 51 632
13 52 606
13 53 229
13 54 680
13 55 654
13 56 277
13 57 728
13 58 534
14 0 621
14 1 539
14 2 117
14 3 273
14 4 421
14 5 191
14 6 213
14 7 569
14 8 139
14 9 369
14 10 234
14 11 260
14 12 169
14 13 87
14 14 0
14 15 451
14 16 270
14 17 299
14 18 213
14 19 126
14 20 338
14 21 534
14 22 287
14 23 457
14 24 339
14 25 325
14 26 13
14 27 639
14 28 135
14 29 169
14 30 113
14 31 334
14 32 226
14 33 195
14 34 182
14 35 143
14 36 187
14 37 356
14 38 156
14 39 221
14 40 501
14 41 50
14 42 401
14 43 549
14 44 98
14 45 449
14 46 597
14 47 146
14 48 497
14 49 645
14 50 194
14 51 545
14 52 693
14 53 242
14 54 593
14 55 741
14 56 290
14 57 641
14 58 621
15 0 170
15 1 890
15 2 568
15 3 724
15 4 772
15 5 260
15 6 564
15 7 270
15 8 312
15 9 720
15 10 685
15 11 711
15 12 620
15 13 364
15 14 451
15 15 0
15 16 621
15 17 750
15 18 434
15 19 325
15 20 789
15 21 911
15 22 456
15 23 574
15 24 690
15 25 776
15 26 464
15 27 392
15 28 486
15 29 620
15 30 338
15 31 117
15 32 421
15 33 646
15 34 633
15 35 594
15 36 460
15 37 707
15 38 607
15 39 672
15 40 50
15 41 401
15 42 852
15 43 98
15 44 449
15 45 900
15 46 146
15 47 497
15 48 948
15 49 194
15 50 545
15 51 996
15 52 242
15 53 593
15 54 1044
15 55 290
15 56 641
15 57 1092
15 58 170
16 0 791
16 1 421
16 2 387
16 3 543
16 4 495
16 5 361
16 6 287
16 7 451
16 8 309
16 9 443
16 10 504
16 11 530
16 12 439
16 13 257
16 14 270
16 15 621
16 16 0
16 17 569
16 18 287
16 19 296
16 20 582
16 21 460
16 22 265
16 23 339
16 24 317
16 25 595
16 26 283
16 27 521
16 28 209
16 29 439
16 30 283
16 31 504
16 32 300
16 33 465
16 34 452
16 35 413
16 36 261
16 37 430
16 38 426
16 39 491
16 40 671
16 41 220
16 42 519
16 43 623
16 44 172
16 45 471
16 46 575
16 47 124
16 48 423
16 49 527
16 50 76
16 51 375
16 52 575
16 53 124
16 54 423
16 55 623
16 56 172
16 57 471
16 58 791
17 0 920
17 1 448
17 2 182
17 3 26
17 4 278
17 5 490
17 6 486
17 7 868
17 8 438
17 9 330
17 10 65
17 11 39
17 12 130
17 13 386
17 14 299
17 15 750
17 16 569
17 17 0
17 18 512
17 19 425
17 20 39
17 21 235
17 22 586
17 23 756
17 24 456
17 25 26
17 26 286
17 27 938
17 28 434
17 29 130
17 30 412
17 31 633
17 32 525
17 33 104
17 34 117
17 35 156
17 36 486
17 37 343
17 38 143
17 39 78
17 40 800
17 41 349
17 42 102
17 43 848
17 44 397
17 45 150
17 46 896
17 47 445
17 48 198
17 49 944
17 50 493
17 51 246
17 52 992
17 53 541
17 54 294
17 55 1040
17 56 589
17 57 342
17 58 920
18 0 504
18 1 556
18 2 330
18 3 486
18 4 438
18 5 304
18 6 230
18 7 508
18 8 252
18 9 386
18 10 447
18 11 473
18 12 382
18 13 200
18 14 213
18 15 434
18 16 287
18 17 512
18 18 0
18 19 239
18 20 551
18 21 577
18 22 304
18 23 474
18 24 356
18 25 538
18 26 226
18 27 630
18 28 152
18 29 382
18 30 226
18 31 447
18 32 13
18 33 408
18 34 395
18 35 356
18 36 26
18 37 373
18 38 369
18 39 434
18 40 384
18 41 163
18 42 614
18 43 336
18 44 115
18 45 566
18 46 384
18 47 163
18 48 614
18 49 432
18 50 211
18 51 662
18 52 480
18 53 259
18 54 710
18 55 528
18 56 307
18 57 758
18 58 504
19 0 495
19 1 565
19 2 243
19 3 399
19 4 447
19 5 65
19 6 239
19 7 595
19 8 13
19 9 395
19 10 360
19 11 386
19 12 295
19 13 39
19 14 126
19 15 325
19 16 296
19 17 425
19 18 239
19 19 0
19 20 464
19 21 586
19 22 313
19 23 483
19 24 365
19 25 451
19 26 139
19 27 665
19 28 161
19 29 295
19 30 13
19 31 208
19 32 252
19 33 321
19 34 308
19 35 269
19 36 213
19 37 382
19 38 282
19 39 347
19 40 375
19 41 76
19 42 527
19 43 423
19 44 124
19 45 575
19 46 471
19 47 172
19 48 623
19 49 519
19 50 220
19 51 671
19 52 567
19 53 268
19 54 719
19 55 615
19 56 316
19 57 767
19 58 495
20 0 959
20 1 409
20 2 221
20 3 65
20 4 239
20 5 529
20 6 447
20 7 907
20 8 477
20 9 291
20 10 104
20 11 78
20 12 169
20 13 425
20 14 338
20 15 789
20 16 582
20 17 39
20 18 551
20 19 464
20 20 0
20 21 196
20 22 625
20 23 795
20 24 417
20 25 13
20 26 325
20 27 977
20 28 473
20 29 169
20 30 451
20 31 672
20 32 564
20 33 143
20 34 156
20 35 195
20 36 525
20 37 304
20 38 182
20 39 117
20 40 839
20 41 388
20 42 63
20 43 887
20 44 436
20 45 111
20 46 935
20 47 484
20 48 159
20 49 983
20 50 532
20 51 207
20 52 1031
20 53 580
20 54 255
20 55 1079
20 56 628
20 57 303
20 58 959
21 0 1081
21 1 287
21 2 417
21 3 261
21 4 213
21 5 651
21 6 421
21 7 837
21 8 599
21 9 265
21 10 300
21 11 274
21 12 365
21 13 547
21 14 534
21 15 911
21 16 460
21 17 235
21 18 577
21 19 586
21 20 196
21 21 0
21 22 555
21 23 725
21 24 221
21 25 209
21 26 521
21 27 907
21 28 499
21 29 365
21 30 573
21 31 794
21 32 590
21 33 339
21 34 352
21 35 391
21 36 551
21 37 278
21 38 378
21 39 313
21 40 961
21 41 510
21 42 133
21 43 913
21 44 462
21 45 85
21 46 865
21 47 414
21 48 37
21 49 913
21 50 462
21 51 85
21 52 961
21 53 510
21 54 133
21 55 1009
21 56 558
21 57 181
21 58 1081
22 0 526
22 1 534
22 2 404
22 3 560
22 4 512
22 5 378
22 6 304
22 7 434
22 8 326
22 9 460
22 10 521
22 11 547
22 12 456
22 13 274
22 14 287
22 15 456
22 16 265
22 17 586
22 18 304
22 19 313
22 20 625
22 21 555
22 22 0
22 23 452
22 24 334
22 25 612
22 26 300
22 27 556
22 28 226
22 29 456
22 30 300
22 31 521
22 32 317
22 33 482
22 34 469
22 35 430
22 36 278
22 37 447
22 38 443
22 39 508
22 40 406
22 41 237
22 42 688
22 43 358
22 44 189
22 45 640
22 46 310
22 47 141
22 48 592
22 49 358
22 50 189
22 51 640
22 52 406
22 53 237
22 54 688
22 55 454
22 56 285
22 57 736
22 58 526
23 0 644
23 1 512
23 2 574
23 3 730
23 4 682
23 5 548
23 6 474
23 7 456
23 8 496
23 9 630
23 10 691
23 11 717
23 12 626
23 13 444
23 14 457
23 15 574
23 16 339
23 17 756
23 18 474
23 19 483
23 20 795
23 21 725
23 22 452
23 23 0
23 24 504
23 25 782
23 26 470
23 27 182
23 28 396
23 29 626
23 30 470
23 31 691
23 32 487
23 33 652
23 34 639
23 35 600
23 36 448
23 37 617
23 38 613
23 39 678
23 40 524
23 41 407
23 42 858
23 43 476
23 44 359
23 45 810
23 46 428
23 47 311
23 48 762
23 49 380
23 50 263
23 51 714
23 52 332
23 53 215
23 54 666
23 55 284
23 56 167
23 57 618
23 58 644
24 0 860
24 1 508
24 2 456
24 3 482
24 4 434
24 5 430
24 6 356
24 7 616
24 8 378
24 9 486
24 10 521
24 11 495
24 12 508
24 13 326
24 14 339
24 15 690
24 16 317
24 17 456
24 18 356
24 19 365
24 20 417
24 21 221
24 22 334
24 23 504
24 24 0
24 25 430
24 26 352
24 27 686
24 28 278
24 29 508
24 30 352
24 31 573
24 32 369
24 33 534
24 34 521
24 35 482
24 36 330
24 37 499
24 38 495
24 39 534
24 40 740
24 41 289
24 42 354
24 43 692
24 44 241
24 45 306
24 46 644
24 47 193
24 48 258
24 49 692
24 50 241
24 51 306
24 52 740
24 53 289
24 54 354
24 55 788
24 56 337
24 57 402
24 58 860
25 0 946
25 1 422
25 2 208
25 3 52
25 4 252
25 5 516
25 6 460
25 7 894
25 8 464
25 9 304
25 10 91
25 11 65
25 12 156
25 13 412
25 14 325
25 15 776
25 16 595
25 17 26
25 18 538
25 19 451
25 20 13
25 21 209
25 22 612
25 23 782
25 24 430
25 25 0
25 26 312
25 27 964
25 28 460
25 29 156
25 30 438
25 31 659
25 32 551
25 33 130
25 34 143
25 35 182
25 36 512
25 37 317
25 38 169
25 39 104
25 40 826
25 41 375
25 42 76
25 43 874
25 44 423
25 45 124
25 46 922
25 47 471
25 48 172
25 49 970
25 50 519
25 51 220
25 52 1018
25 53 567
25 54 268
25 55 1066
25 56 615
25 57 316
25 58 946
26 0 634
26 1 552
26 2 104
26 3 260
26 4 434
26 5 204
26 6 226
26 7 582
26 8 152
26 9 382
26 10 221
26 11 247
26 12 156
26 13 100
26 14 13
26 15 464
26 16 283
26 17 286
26 18 226
26 19 139
26 20 325
26 21 521
26 22 300
26 23 470
26 24 352
26 25 312
26 26 0
26 27 652
26 28 148
26 29 156
26 30 126
26 31 347
26 32 239
26 33 182
26 34 169
26 35 130
26 36 200
26 37 369
26 38 143
26 39 208
26 40 514
26 41 63
26 42 388
26 43 562
26 44 111
26 45 436
26 46 610
26 47 159
26 48 484
26 49 658
26 50 207
26 51 532
26 52 706
26 53 255
26 54 580
26 55 754
26 56 303
26 57 628
26 58 634
27 0 462
27 1 694
27 2 756
27 3 912
27 4 864
27 5 652
27 6 656
27 7 274
27 8 678
27 9 812
27 10 873
27 11 899
27 12 808
27 13 626
27 14 639
27 15 392
27 16 521
27 17 938
27 18 630
27 19 665
27 20 977
27 21 907
27 22 556
27 23 182
27 24 686
27 25 964
27 26 652
27 27 0
27 28 578
27 29 808
27 30 652
27 31 509
27 32 617
27 33 834
27 34 821
27 35 782
27 36 630
27 37 799
27 38 795
27 39 860
27 40 342
27 41 589
27 42 1040
27 43 294
27 44 541
27 45 992
27 46 246
27 47 493
27 48 944
27 49 198
27 50 445
27 51 896
27 52 150
27 53 397
27 54 848
27 55 102
27 56 349
27 57 800
27 58 462
28 0 656
28 1 478
28 2 252
28 3 408
28 4 286
28 5 226
28 6 78
28 7 508
28 8 174
28 9 234
28 10 369
28 11 395
28 12 304
28 13 122
28 14 135
28 15 486
28 16 209
28 17 434
28 18 152
28 19 161
28 20 473
28 21 499
28 22 226
28 23 396
28 24 278
28 25 460
28 26 148
28 27 578
28 28 0
28 29 304
28 30 148
28 31 369
28 32 165
28 33 330
28 34 317
28 35 278
28 36 126
28 37 221
28 38 291
28 39 356
28 40 536
28 41 85
28 42 462
28 43 488
28 44 37
28 45 414
28 46 536
28 47 85
28 48 462
28 49 584
28 50 133
28 51 510
28 52 632
28 53 181
28 54 558
28 55 680
28 56 229
28 57 606
28 58 656
29 0 790
29 1 578
29 2 52
29 3 104
29 4 408
29 5 360
29 6 382
29 7 738
29 8 308
29 9 460
29 10 65
29 11 91
29 12 0
29 13 256
29 14 169
29 15 620
29 16 439
29 17 130
29 18 382
29 19 295
29 20 169
29 21 365
29 22 456
29 23 626
29 24 508
29 25 156
29 26 156
29 27 808
29 28 304
29 29 0
29 30 282
29 31 503
29 32 395
29 33 26
29 34 13
29 35 26
29 36 356
29 37 473
29 38 13
29 39 52
29 40 670
29 41 219
29 42 232
29 43 718
29 44 267
29 45 280
29 46 766
29 47 315
29 48 328
29 49 814
29 50 363
29 51 376
29 52 862
29 53 411
29 54 424
29 55 910
29 56 459
29 57 472
29 58 790
30 0 508
30 1 552
30 2 230
30 3 386
30 4 434
30 5 78
30 6 226
30 7 582
30 8 26
30 9 382
30 10 347
30 11 373
30 12 282
30 13 26
30 14 113
30 15 338
30 16 283
30 17 412
30 18 226
30 19 13
30 20 451
30 21 573
30 22 300
30 23 470
30 24 352
30 25 438
30 26 126
30 27 652
30 28 148
30 29 282
30 30 0
30 31 221
30 32 239
30 33 308
30 34 295
30 35 256
30 36 200
30 37 369
30 38 269
30 39 334
30 40 388
30 41 63
30 42 514
30 43 436
30 44 111
30 45 562
30 46 484
30 47 159
30 48 610
30 49 532
30 50 207
30 51 658
30 52 580
30 53 255
30 54 706
30 55 628
30 56 303
30 57 754
30 58 508
31 0 287
31 1 773
31 2 451
31 3 607
31 4 655
31 5 143
31 6 447
31 7 387
31 8 195
31 9 603
31 10 568
31 11 594
31 12 503
31 13 247
31 14 334
31 15 117
31 16 504
31 17 633
31 18 447
31 19 208
31 20 672
31 21 794
31 22 521
31 23 691
31 24 573
31 25 659
31 26 347
31 27 509
31 28 369
31 29 503
31 30 221
31 31 0
31 32 460
31 33 529
31 34 516
31 35 477
31 36 421
31 37 590
31 38 490
31 39 555
31 40 167
31 41 284
31 42 735
31 43 215
31 44 332
31 45 783
31 46 263
31 47 380
31 48 831
31 49 311
31 50 428
31 51 879
31 52 359
31 53 476
31 54 927
31 55 407
31 56 524
31 57 975
31 58 287
32 0 491
32 1 569
32 2 343
32 3 499
32 4 451
32 5 317
32 6 243
32 7 495
32 8 265
32 9 399
32 10 460
32 11 486
32 12 395
32 13 213
32 14 226
32 15 421
32 16 300
32 17 525
32 18 13
32 19 252
32 20 564
32 21 590
32 22 317
32 23 487
32 24 369
32 25 551
32 26 239
32 27 617
32 28 165
32 29 395
32 30 239
32 31 460
32 32 0
32 33 421
32 34 408
32 35 369
32 36 39
32 37 386
32 38 382
32 39 447
32 40 371
32 41 176
32 42 627
32 43 323
32 44 128
32 45 579
32 46 371
32 47 176
32 48 627
32 49 419
32 50 224
32 51 675
32 52 467
32 53 272
32 54 723
32 55 515
32 56 320
32 57 771
32 58 491
33 0 816
33 1 552
33 2 78
33 3 78
33 4 382
33 5 386
33 6 408
33 7 764
33 8 334
33 9 434
33 10 39
33 11 65
33 12 26
33 13 282
33 14 195
33 15 646
33 16 465
33 17 104
33 18 408
33 19 321
33 20 143
33 21 339
33 22 482
33 23 652
33 24 534
33 25 130
33 26 182
33 27 834
33 28 330
33 29 26
33 30 308
33 31 529
33 32 421
33 33 0
33 34 13
33 35 52
33 36 382
33 37 447
33 38 39
33 39 26
33 40 696
33 41 245
33 42 206
33 43 744
33 44 293
33 45 254
33 46 792
33 47 341
33 48 302
33 49 840
33 50 389
33 51 350
33 52 888
33 53 437
33 54 398
33 55 936
33 56 485
33 57 446
33 58 816
34 0 803
34 1 565
34 2 65
34 3 91
34 4 395
34 5 373
34 6 395
34 7 751
34 8 321
34 9 447
34 10 52
34 11 78
34 12 13
34 13 269
34 14 182
34 15 633
34 16 452
34 17 117
34 18 395
34 19 308
34 20 156
34 21 352
34 22 469
34 23 639
34 24 521
34 25 143
34 26 169
34 27 821
34 28 317
34 29 13
34 30 295
34 31 516
34 32 408
34 33 13
34 34 0
34 35 39
34 36 369
34 37 460
34 38 26
34 39 39
34 40 683
34 41 232
34 42 219
34 43 731
34 44 280
34 45 267
34 46 779
34 47 328
34 48 315
34 49 827
34 50 376
34 51 363
34 52 875
34 53 424
34 54 411
34 55 923
34 56 472
34 57 459
34 58 803
35 0 764
35 1 604
35 2 26
35 3 130
35 4 434
35 5 334
35 6 356
35 7 712
35 8 282
35 9 486
35 10 91
35 11 117
35 12 26
35 13 230
35 14 143
35 15 594
35 16 413
35 17 156
35 18 356
35 19 269
35 20 195
35 21 391
35 22 430
35 23 600
35 24 482
35 25 182
35 26 130
35 27 782
35 28 278
35 29 26
35 30 256
35 31 477
35 32 369
35 33 52
35 34 39
35 35 0
35 36 330
35 37 499
35 38 13
35 39 78
35 40 644
35 41 193
35 42 258
35 43 692
35 44 241
35 45 306
35 46 740
35 47 289
35 48 354
35 49 788
35 50 337
35 51 402
35 52 836
35 53 385
35 54 450
35 55 884
35 56 433
35 57 498
35 58 764
36 0 530
36 1 530
36 2 304
36 3 460
36 4 412
36 5 278
36 6 204
36 7 534
36 8 226
36 9 360
36 10 421
36 11 447
36 12 356
36 13 174
36 14 187
36 15 460
36 16 261
36 17 486
36 18 26
36 19 213
36 20 525
36 21 551
36 22 278
36 23 448
36 24 330
36 25 512
36 26 200
36 27 630
36 28 126
36 29 356
36 30 200
36 31 421
36 32 39
36 33 382
36 34 369
36 35 330
36 36 0
36 37 347
36 38 343
36 39 408
36 40 410
36 41 137
36 42 588
36 43 362
36 44 89
36 45 540
36 46 410
36 47 137
36 48 588
36 49 458
36 50 185
36 51 636
36 52 506
36 53 233
36 54 684
36 55 554
36 56 281
36 57 732
36 58 530
37 0 877
37 1 491
37 2 473
37 3 369
37 4 65
37 5 447
37 6 143
37 7 729
37 8 395
37 9 13
37 10 408
37 11 382
37 12 473
37 13 343
37 14 356
37 15 707
37 16 430
37 17 343
37 18 373
37 19 382
37 20 304
37 21 278
37 22 447
37 23 617
37 24 499
37 25 317
37 26 369
37 27 799
37 28 221
37 29 473
37 30 369
37 31 590
37 32 386
37 33 447
37 34 460
37 35 499
37 36 347
37 37 0
37 38 486
37 39 421
37 40 757
37 41 306
37 42 241
37 43 709
37 44 258
37 45 193
37 46 757
37 47 306
37 48 241
37 49 805
37 50 354
37 51 289
37 52 853
37 53 402
37 54 337
37 55 901
37 56 450
37 57 385
37 58 877
38 0 777
38 1 591
38 2 39
38 3 117
38 4 421
38 5 347
38 6 369
38 7 725
38 8 295
38 9 473
38 10 78
38 11 104
38 12 13
38 13 243
38 14 156
38 15 607
38 16 426
38 17 143
38 18 369
38 19 282
38 20 182
38 21 378
38 22 443
38 23 613
38 24 495
38 25 169
38 26 143
38 27 795
38 28 291
38 29 13
38 30 269
38 31 490
38 32 382
38 33 39
38 34 26
38 35 13
38 36 343
38 37 486
38 38 0
38 39 65
38 40 657
38 41 206
38 42 245
38 43 705
38 44 254
38 45 293
38 46 753
38 47 302
38 48 341
38 49 801
38 50 350
38 51 389
38 52 849
38 53 398
38 54 437
38 55 897
38 56 446
38 57 485
38 58 777
39 0 842
39 1 526
39 2 104
39 3 52
39 4 356
39 5 412
39 6 434
39 7 790
39 8 360
39 9 408
39 10 13
39 11 39
39 12 52
39 13 308
39 14 221
39 15 672
39 16 491
39 17 78
39 18 434
39 19 347
39 20 117
39 21 313
39 22 508
39 23 678
39 24 534
39 25 104
39 26 208
39 27 860
39 28 356
39 29 52
39 30 334
39 31 555
39 32 447
39 33 26
39 34 39
39 35 78
39 36 408
39 37 421
39 38 65
39 39 0
39 40 722
39 41 271
39 42 180
39 43 770
39 44 319
39 45 228
39 46 818
39 47 367
39 48 276
39 49 866
39 50 415
39 51 324
39 52 914
39 53 463
39 54 372
39 55 962
39 56 511
39 57 420
39 58 842
40 0 120
40 1 940
40 2 618
40 3 774
40 4 822
40 5 310
40 6 614
40 7 220
40 8 362
40 9 770
40 10 735
40 11 761
40 12 670
40 13 414
40 14 501
40 15 50
40 16 671
40 17 800
40 18 384
40 19 375
40 20 839
40 21 961
40 22 406
40 23 524
40 24 740
40 25 826
40 26 514
40 27 342
40 28 536
40 29 670
40 30 388
40 31 167
40 32 371
40 33 696
40 34 683
40 35 644
40 36 410
40 37 757
40 38 657
40 39 722
40 40 0
40 41 451
40 42 902
40 43 48
40 44 499
40 45 950
40 46 96
40 47 547
40 48 998
40 49 144
40 50 595
40 51 1046
40 52 192
40 53 643
40 54 1094
40 55 240
40 56 691
40 57 1142
40 58 120
41 0 571
41 1 489
41 2 167
41 3 323
41 4 371
41 5 141
41 6 163
41 7 519
41 8 89
41 9 319
41 10 284
41 11 310
41 12 219
41 13 37
41 14 50
41 15 401
41 16 220
41 17 349
41 18 163
41 19 76
41 20 388
41 21 510
41 22 237
41 23 407
41 24 289
41 25 375
41 26 63
41 27 589
41 28 85
41 29 219
41 30 63
41 31 284
41 32 176
41 33 245
41 34 232
41 35 193
41 36 137
41 37 306
41 38 206
41 39 271
41 40 451
41 41 0
41 42 451
41 43 499
41 44 48
41 45 499
41 46 547
41 47 96
41 48 547
41 49 595
41 50 144
41 51 595
41 52 643
41 53 192
41 54 643
41 55 691
41 56 240
41 57 691
41 58 571
42 0 1022
42 1 346
42 2 284
42 3 128
42 4 176
42 5 592
42 6 384
42 7 970
42 8 540
42 9 228
42 10 167
42 11 141
42 12 232
42 13 488
42 14 401
42 15 852
42 16 519
42 17 102
42 18 614
42 19 527
42 20 63
42 21 133
42 22 688
42 23 858
42 24 354
42 25 76
42 26 388
42 27 1040
42 28 462
42 29 232
42 30 514
42 31 735
42 32 627
42 33 206
42 34 219
42 35 258
42 36 588
42 37 241
42 38 245
42 39 180
42 40 902
42 41 451
42 42 0
42 43 950
42 44 499
42 45 48
42 46 998
42 47 547
42 48 96
42 49 1046
42 50 595
42 51 144
42 52 1094
42 53 643
42 54 192
42 55 1142
42 56 691
42 57 240
42 58 1022
43 0 168
43 1 892
43 2 666
43 3 822
43 4 774
43 5 358
43 6 566
43 7 172
43 8 410
43 9 722
43 10 783
43 11 809
43 12 718
43 13 462
43 14 549
43 15 98
43 16 623
43 17 848
43 18 336
43 19 423
43 20 887
43 21 913
43 22 358
43 23 476
43 24 692
43 25 874
43 26 562
43 27 294
43 28 488
43 29 718
43 30 436
43 31 215
43 32 323
43 33 744
43 34 731
43 35 692
43 36 362
43 37 709
43 38 705
43 39 770
43 40 48
43 41 499
43 42 950
43 43 0
43 44 451
43 45 902
43 46 48
43 47 499
43 48 950
43 49 96
43 50 547
43 51 998
43 52 144
43 53 595
43 54 1046
43 55 192
43 56 643
43 57 1094
43 58 168
44 0 619
44 1 441
44 2 215
44 3 371
44 4 323
44 5 189
44 6 115
44 7 471
44 8 137
44 9 271
44 10 332
44 11 358
44 12 267
44 13 85
44 14 98
44 15 449
44 16 172
44 17 397
44 18 115
44 19 124
44 20 436
44 21 462
44 22 189
44 23 359
44 24 241
44 25 423
44 26 111
44 27 541
44 28 37
44 29 267
44 30 111
44 31 332
44 32 128
44 33 293
44 34 280
44 35 241
44 36 89
44 37 258
44 38 254
44 39 319
44 40 499
44 41 48
44 42 499
44 43 451
44 44 0
44 45 451
44 46 499
44 47 48
44 48 499
44 49 547
44 50 96
44 51 547
44 52 595
44 53 144
44 54 595
44 55 643
44 56 192
44 57 643
44 58 619
45 0 1070
45 1 298
45 2 332
45 3 176
45 4 128
45 5 640
45 6 336
45 7 922
45 8 588
45 9 180
45 10 215
45 11 189
45 12 280
45 13 536
45 14 449
45 15 900
45 16 471
45 17 150
45 18 566
45 19 575
45 20 111
45 21 85
45 22 640
45 23 810
45 24 306
45 25 124
45 26 436
45 27 992
45 28 414
45 29 280
45 30 562
45 31 783
45 32 579
45 33 254
45 34 267
45 35 306
45 36 540
45 37 193
45 38 293
45 39 228
45 40 950
45 41 499
45 42 48
45 43 902
45 44 451
45 45 0
45 46 950
45 47 499
45 48 48
45 49 998
45 50 547
45 51 96
45 52 1046
45 53 595
45 54 144
45 55 1094
45 56 643
45 57 192
45 58 1070
46 0 216
46 1 844
46 2 714
46 3 870
46 4 822
46 5 406
46 6 614
46 7 124
46 8 458
46 9 770
46 10 831
46 11 857
46 12 766
46 13 510
46 14 597
46 15 146
46 16 575
46 17 896
46 18 384
46 19 471
46 20 935
46 21 865
46 22 310
46 23 428
46 24 644
46 25 922
46 26 610
46 27 246
46 28 536
46 29 766
46 30 484
46 31 263
46 32 371
46 33 792
46 34 779
46 35 740
46 36 410
46 37 757
46 38 753
46 39 818
46 40 96
46 41 547
46 42 998
46 43 48
46 44 499
46 45 950
46 46 0
46 47 451
46 48 902
46 49 48
46 50 499
46 51 950
46 52 96
46 53 547
46 54 998
46 55 144
46 56 595
46 57 1046
46 58 216
47 0 667
47 1 393
47 2 263
47 3 419
47 4 371
47 5 237
47 6 163
47 7 423
47 8 185
47 9 319
47 10 380
47 11 406
47 12 315
47 13 133
47 14 146
47 15 497
47 16 124
47 17 445
47 18 163
47 19 172
47 20 484
47 21 414
47 22 141
47 23 311
47 24 193
47 25 471
47 26 159
47 27 493
47 28 85
47 29 315
47 30 159
47 31 380
47 32 176
47 33 341
47 34 328
47 35 289
47 36 137
47 37 306
47 38 302
47 39 367
47 40 547
47 41 96
47 42 547
47 43 499
47 44 48
47 45 499
47 46 451
47 47 0
47 48 451
47 49 499
47 50 48
47 51 499
47 52 547
47 53 96
47 54 547
47 55 595
47 56 144
47 57 595
47 58 667
48 0 1118
48 1 250
48 2 380
48 3 224
48 4 176
48 5 688
48 6 384
48 7 874
48 8 636
48 9 228
48 10 263
48 11 237
48 12 328
48 13 584
48 14 497
48 15 948
48 16 423
48 17 198
48 18 614
48 19 623
48 20 159
48 21 37
48 22 592
48 23 762
48 24 258
48 25 172
48 26 484
48 27 944
48 28 462
48 29 328
48 30 610
48 31 831
48 32 627
48 33 302
48 34 315
48 35 354
48 36 588
48 37 241
48 38 341
48 39 276
48 40 998
48 41 547
48 42 96
48 43 950
48 44 499
48 45 48
48 46 902
48 47 451
48 48 0
48 49 950
48 50 499
48 51 48
48 52 998
48 53 547
48 54 96
48 55 1046
48 56 595
48 57 144
48 58 1118
49 0 264
49 1 796
49 2 762
49 3 918
49 4 870
49 5 454
49 6 662
49 7 76
49 8 506
49 9 818
49 10 879
49 11 905
49 12 814
49 13 558
49 14 645
49 15 194
49 16 527
49 17 944
49 18 432
49 19 519
49 20 983
49 21 913
49 22 358
49 23 380
49 24 692
49 25 970
49 26 658
49 27 198
49 28 584
49 29 814
49 30 532
49 31 311
49 32 419
49 33 840
49 34 827
49 35 788
49 36 458
49 37 805
49 38 801
49 39 866
49 40 144
49 41 595
49 42 1046
49 43 96
49 44 547
49 45 998
49 46 48
49 47 499
49 48 950
49 49 0
49 50 451
49 51 902
49 52 48
49 53 499
49 54 950
49 55 96
49 56 547
49 57 998
49 58 264
50 0 715
50 1 345
50 2 311
50 3 467
50 4 419
50 5 285
50 6 211
50 7 375
50 8 233
50 9 367
50 10 428
50 11 454
50 12 363
50 13 181
50 14 194
50 15 545
50 16 76
50 17 493
50 18 211
50 19 220
50 20 532
50 21 462
50 22 189
50 23 263
50 24 241
50 25 519
50 26 207
50 27 445
50 28 133
50 29 363
50 30 207
50 31 428
50 32 224
50 33 389
50 34 376
50 35 337
50 36 185
50 37 354
50 38 350
50 39 415
50 40 595
50 41 144
50 42 595
50 43 547
50 44 96
50 45 547
50 46 499
50 47 48
50 48 499
50 49 451
50 50 0
50 51 451
50 52 499
50 53 48
50 54 499
50 55 547
50 56 96
50 57 547
50 58 715
51 0 1166
51 1 202
51 2 428
51 3 272
51 4 224
51 5 736
51 6 432
51 7 826
51 8 684
51 9 276
51 10 311
51 11 285
51 12 376
51 13 632
51 14 545
51 15 996
51 16 375
51 17 246
51 18 662
51 19 671
51 20 207
51 21 85
51 22 640
51 23 714
51 24 306
51 25 220
51 26 532
51 27 896
51 28 510
51 29 376
51 30 658
51 31 879
51 32 675
51 33 350
51 34 363
51 35 402
51 36 636
51 37 289
51 38 389
51 39 324
51 40 1046
51 41 595
51 42 144
51 43 998
51 44 547
51 45 96
51 46 950
51 47 499
51 48 48
51 49 902
51 50 451
51 51 0
51 52 950
51 53 499
51 54 48
51 55 998
51 56 547
51 57 96
51 58 1166
52 0 312
52 1 748
52 2 810
52 3 966
52 4 918
52 5 502
52 6 710
52 7 124
52 8 554
52 9 866
52 10 927
52 11 953
52 12 862
52 13 606
52 14 693
52 15 242
52 16 575
52 17 992
52 18 480
52 19 567
52 20 1031
52 21 961
52 22 406
52 23 332
52 24 740
52 25 1018
52 26 706
52 27 150
52 28 632
52 29 862
52 30 580
52 31 359
52 32 467
52 33 888
52 34 875
52 35 836
52 36 506
52 37 853
52 38 849
52 39 914
52 40 192
52 41 643
52 42 1094
52 43 144
52 44 595
52 45 1046
52 46 96
52 47 547
52 48 998
52 49 48
52 50 499
52 51 950
52 52 0
52 53 451
52 54 902
52 55 48
52 56 499
52 57 950
52 58 312
53 0 763
53 1 297
53 2 359
53 3 515
53 4 467
53 5 333
53 6 259
53 7 423
53 8 281
53 9 415
53 10 476
53 11 502
53 12 411
53 13 229
53 14 242
53 15 593
53 16 124
53 17 541
53 18 259
53 19 268
53 20 580
53 21 510
53 22 237
53 23 215
53 24 289
53 25 567
53 26 255
53 27 397
53 28 181
53 29 411
53 30 255
53 31 476
53 32 272
53 33 437
53 34 424
53 35 385
53 36 233
53 37 402
53 38 398
53 39 463
53 40 643
53 41 192
53 42 643
53 43 595
53 44 144
53 45 595
53 46 547
53 47 96
53 48 547
53 49 499
53 50 48
53 51 499
53 52 451
53 53 0
53 54 451
53 55 499
53 56 48
53 57 499
53 58 763
54 0 1214
54 1 154
54 2 476
54 3 320
54 4 272
54 5 784
54 6 480
54 7 874
54 8 732
54 9 324
54 10 359
54 11 333
54 12 424
54 13 680
54 14 593
54 15 1044
54 16 423
54 17 294
54 18 710
54 19 719
54 20 255
54 21 133
54 22 688
54 23 666
54 24 354
54 25 268
54 26 580
54 27 848
54 28 558
54 29 424
54 30 706
54 31 927
54 32 723
54 33 398
54 34 411
54 35 450
54 36 684
54 37 337
54 38 437
54 39 372
54 40 1094
54 41 643
54 42 192
54 43 1046
54 44 595
54 45 144
54 46 998
54 47 547
54 48 96
54 49 950
54 50 499
54 51 48
54 52 902
54 53 451
54 54 0
54 55 950
54 56 499
54 57 48
54 58 1214
55 0 360
55 1 796
55 2 858
55 3 1014
55 4 966
55 5 550
55 6 758
55 7 172
55 8 602
55 9 914
55 10 975
55 11 1001
55 12 910
55 13 654
55 14 741
55 15 290
55 16 623
55 17 1040
55 18 528
55 19 615
55 20 1079
55 21 1009
55 22 454
55 23 284
55 24 788
55 25 1066
55 26 754
55 27 102
55 28 680
55 29 910
55 30 628
55 31 407
55 32 515
55 33 936
55 34 923
55 35 884
55 36 554
55 37 901
55 38 897
55 39 962
55 40 240
55 41 691
55 42 1142
55 43 192
55 44 643
55 45 1094
55 46 144
55 47 595
55 48 1046
55 49 96
55 50 547
55 51 998
55 52 48
55 53 499
55 54 950
55 55 0
55 56 451
55 57 902
55 58 360
56 0 811
56 1 345
56 2 407
56 3 563
56 4 515
56 5 381
56 6 307
56 7 471
56 8 329
56 9 463
56 10 524
56 11 550
56 12 459
56 13 277
56 14 290
56 15 641
56 16 172
56 17 589
56 18 307
56 19 316
56 20 628
56 21 558
56 22 285
56 23 167
56 24 337
56 25 615
56 26 303
56 27 349
56 28 229
56 29 459
56 30 303
56 31 524
56 32 320
56 33 485
56 34 472
56 35 433
56 36 281
56 37 450
56 38 446
56 39 511
56 40 691
56 41 240
56 42 691
56 43 643
56 44 192
56 45 643
56 46 595
56 47 144
56 48 595
56 49 547
56 50 96
56 51 547
56 52 499
56 53 48
56 54 499
56 55 451
56 56 0
56 57 451
56 58 811
57 0 1262
57 1 202
57 2 524
57 3 368
57 4 320
57 5 832
57 6 528
57 7 922
57 8 780
57 9 372
57 10 407
57 11 381
57 12 472
57 13 728
57 14 641
57 15 1092
57 16 471
57 17 342
57 18 758
57 19 767
57 20 303
57 21 181
57 22 736
57 23 618
57 24 402
57 25 316
57 26 628
57 27 800
57 28 606
57 29 472
57 30 754
57 31 975
57 32 771
57 33 446
57 34 459
57 35 498
57 36 732
57 37 385
57 38 485
57 39 420
57 40 1142
57 41 691
57 42 240
57 43 1094
57 44 643
57 45 192
57 46 1046
57 47 595
57 48 144
57 49 998
57 50 547
57 51 96
57 52 950
57 53 499
57 54 48
57 55 902
57 56 451
57 57 0
57 58 1262
58 0 0
58 1 1060
58 2 738
58 3 894
58 4 942
58 5 430
58 6 734
58 7 340
58 8 482
58 9 890
58 10 855
58 11 881
58 12 790
58 13 534
58 14 621
58 15 170
58 16 791
58 17 920
58 18 504
58 19 495
58 20 959
58 21 1081
58 22 526
58 23 644
58 24 860
58 25 946
58 26 634
58 27 462
58 28 656
58 29 790
58 30 508
58 31 287
58 32 491
58 33 816
58 34 803
58 35 764
58 36 530
58 37 877
58 38 777
58 39 842
58 40 120
58 41 571
58 42 1022
58 43 168
58 44 619
58 45 1070
58 46 216
58 47 667
58 48 1118
58 49 264
58 50 715
58 51 1166
58 52 312
58 53 763
58 54 1214
58 55 360
58 56 811
58 57 1262
58 58 0
//Location coordinates LocationName
//Loc x y
0 0.0 0.0 "depot"
1 192.0 868.0 "product aisle 4 bloc 1 rank 41"
2 0.0 738.0 "product aisle 0 bloc 1 rank 22"
3 0.0 894.0 "product aisle 0 bloc 1 rank 45"
4 48.0 894.0 "product aisle 1 bloc 1 rank 46"
5 0.0 430.0 "product aisle 0 bloc 0 rank 44"
6 48.0 686.0 "product aisle 1 bloc 1 rank 13"
7 144.0 196.0 "product aisle 3 bloc 0 rank 8"
8 0.0 482.0 "product aisle 0 bloc 0 rank 51"
9 48.0 842.0 "product aisle 1 bloc 1 rank 37"
10 0.0 855.0 "product aisle 0 bloc 1 rank 39"
11 0.0 881.0 "product aisle 0 bloc 1 rank 43"
12 0.0 790.0 "product aisle 0 bloc 1 rank 30"
13 0.0 534.0 "product aisle 0 bloc 0 rank 60"
14 0.0 621.0 "product aisle 0 bloc 1 rank 4"
15 0.0 170.0 "product aisle 0 bloc 0 rank 4"
16 144.0 647.0 "product aisle 3 bloc 1 rank 8"
17 0.0 920.0 "product aisle 0 bloc 1 rank 50"
18 48.0 456.0 "product aisle 1 bloc 0 rank 47"
19 0.0 495.0 "product aisle 0 bloc 0 rank 54"
20 0.0 959.0 "product aisle 0 bloc 1 rank 56"
21 96.0 985.0 "product aisle 2 bloc 1 rank 60"
22 96.0 430.0 "product aisle 2 bloc 0 rank 44"
23 240.0 404.0 "product aisle 5 bloc 0 rank 39"
24 96.0 764.0 "product aisle 2 bloc 1 rank 26"
25 0.0 946.0 "product aisle 0 bloc 1 rank 53"
26 0.0 634.0 "product aisle 0 bloc 1 rank 5"
27 240.0 222.0 "product aisle 5 bloc 0 rank 11"
28 48.0 608.0 "product aisle 1 bloc 1 rank 1"
29 0.0 790.0 "product aisle 0 bloc 1 rank 29"
30 0.0 508.0 "product aisle 0 bloc 0 rank 56"
31 0.0 287.0 "product aisle 0 bloc 0 rank 22"
32 48.0 443.0 "product aisle 1 bloc 0 rank 46"
33 0.0 816.0 "product aisle 0 bloc 1 rank 33"
34 0.0 803.0 "product aisle 0 bloc 1 rank 32"
35 0.0 764.0 "product aisle 0 bloc 1 rank 25"
36 48.0 482.0 "product aisle 1 bloc 0 rank 51"
37 48.0 829.0 "product aisle 1 bloc 1 rank 36"
38 0.0 777.0 "product aisle 0 bloc 1 rank 28"
39 0.0 842.0 "product aisle 0 bloc 1 rank 37"
40 24.0 120.0 "intersection aisle 0 bloc 0 rank 0"
41 24.0 571.0 "intersection aisle 0 bloc 1 rank 1"
42 24.0 1022.0 "intersection aisle 0 bloc 2 rank 2"
43 72.0 120.0 "intersection aisle 1 bloc 0 rank 0"
44 72.0 571.0 "intersection aisle 1 bloc 1 rank 1"
45 72.0 1022.0 "intersection aisle 1 bloc 2 rank 2"
46 120.0 120.0 "intersection aisle 2 bloc 0 rank 0"
47 120.0 571.0 "intersection aisle 2 bloc 1 rank 1"
48 120.0 1022.0 "intersection aisle 2 bloc 2 rank 2"
49 168.0 120.0 "intersection aisle 3 bloc 0 rank 0"
50 168.0 571.0 "intersection aisle 3 bloc 1 rank 1"
51 168.0 1022.0 "intersection aisle 3 bloc 2 rank 2"
52 216.0 120.0 "intersection aisle 4 bloc 0 rank 0"
53 216.0 571.0 "intersection aisle 4 bloc 1 rank 1"
54 216.0 1022.0 "intersection aisle 4 bloc 2 rank 2"
55 264.0 120.0 "intersection aisle 5 bloc 0 rank 0"
56 264.0 571.0 "intersection aisle 5 bloc 1 rank 1"
57 264.0 1022.0 "intersection aisle 5 bloc 2 rank 2"
58 0.0 0.0 "depot"
