//alpha
1
//NbLocations
46
//NbProducts
29
//NbPickers
2
//CapaPicker
12
//TimeToTravelOneDistanceUnit
3
//SetupTime
5400
//PickTime
300
//Products
//Idx Location Size
1 1 1
2 2 1
3 3 1
4 4 1
5 5 1
6 6 1
7 7 1
8 8 1
9 9 1
10 10 1
11 11 1
12 12 1
13 13 1
14 14 1
15 15 1
16 16 1
17 17 1
18 18 1
19 19 1
20 20 1
21 21 1
22 22 1
23 23 1
24 18 1
25 24 1
26 25 1
27 26 1
28 14 1
29 27 1
//Orders
//NbOrders
12
//Idx DueDate TardinessPenalty NbProdInOrder ProdIdx1 Qty1 ProdIdx2 Qty2 ...
1 126000 0 2 1 1 2 1
2 108000 0 1 3 1
3 90000 0 1 4 1
4 126000 0 3 5 1 6 1 7 1
5 126000 0 2 8 1 9 1
6 90000 0 1 10 1
7 72000 0 6 11 1 12 1 13 1 14 1 15 1 16 1
8 108000 0 2 17 1 18 1
9 54000 0 3 19 1 20 1 21 1
10 54000 0 5 22 1 23 1 24 1 25 1 26 1
11 72000 0 2 27 1 28 1
12 90000 0 1 29 1
//Graph (Products are vertices indexed from 1 to NbProducts)
//NbVerticesIntersections
18
//DepartingDepot
0
//ArrivalDepot
46
//Arcs
//Start End Distance
0 28 120
1 8 39
1 9 0
2 18 26
2 21 13
3 15 13
3 21 13
4 15 13
4 20 52
5 17 0
5 18 39
6 7 13
6 16 169
7 6 13
7 32 219
8 1 39
8 23 78
9 1 0
9 14 91
10 32 375
10 33 76
11 12 65
11 41 102
12 11 65
12 42 284
13 35 76
13 36 375
14 9 91
14 30 37
15 3 13
15 4 13
16 6 169
16 31 50
17 5 0
17 29 37
18 2 26
18 5 39
19 27 78
19 29 89
20 4 52
20 26 208
21 2 13
21 3 13
22 24 234
22 35 141
23 8 78
23 27 39
24 22 234
24 34 76
25 40 102
25 41 349
26 20 208
26 28 37
27 19 78
27 23 39
28 26 37
28 31 48
28 46 120
29 17 37
29 19 89
29 32 48
30 14 37
30 33 48
31 16 50
31 28 48
31 34 48
32 7 219
32 10 375
32 29 48
32 35 48
33 10 76
33 30 48
33 36 48
34 24 76
34 31 48
34 37 48
35 13 76
35 22 141
35 32 48
35 38 48
36 13 375
36 33 48
36 39 48
37 34 48
37 38 451
37 40 48
38 35 48
38 37 451
38 39 451
38 41 48
39 36 48
39 38 451
39 42 48
40 25 102
40 37 48
40 43 48
41 11 102
41 25 349
41 38 48
41 44 48
42 12 284
42 39 48
42 45 48
43 40 48
43 44 451
44 41 48
44 43 451
44 45 451
45 42 48
45 44 451
//LocStart LocEnd ShortestPath
0 0 0
0 1 894
0 2 469
0 3 443
0 4 417
0 5 534
0 6 387
0 7 400
0 8 855
0 9 894
0 10 994
0 11 865
0 12 930
0 13 743
0 14 985
0 15 430
0 16 218
0 17 534
0 18 495
0 19 660
0 20 365
0 21 456
0 22 526
0 23 777
0 24 292
0 25 414
0 26 157
0 27 738
0 28 120
0 29 571
0 30 1022
0 31 168
0 32 619
0 33 1070
0 34 216
0 35 667
0 36 1118
0 37 264
0 38 715
0 39 1166
0 40 312
0 41 763
0 42 1214
0 43 360
0 44 811
0 45 1262
0 46 0
1 0 894
1 1 0
1 2 425
1 3 451
1 4 477
1 5 360
1 6 603
1 7 590
1 8 39
1 9 0
1 10 252
1 11 617
1 12 604
1 13 495
1 14 91
1 15 464
1 16 772
1 17 360
1 18 399
1 19 234
1 20 529
1 21 438
1 22 560
1 23 117
1 24 794
1 25 864
1 26 737
1 27 156
1 28 774
1 29 323
1 30 128
1 31 822
1 32 371
1 33 176
1 34 870
1 35 419
1 36 224
1 37 918
1 38 467
1 39 272
1 40 966
1 41 515
1 42 320
1 43 1014
1 44 563
1 45 368
1 46 894
2 0 469
2 1 425
2 2 0
2 3 26
2 4 52
2 5 65
2 6 382
2 7 369
2 8 386
2 9 425
2 10 525
2 11 396
2 12 461
2 13 274
2 14 516
2 15 39
2 16 447
2 17 65
2 18 26
2 19 191
2 20 104
2 21 13
2 22 339
2 23 308
2 24 521
2 25 643
2 26 312
2 27 269
2 28 349
2 29 102
2 30 553
2 31 397
2 32 150
2 33 601
2 34 445
2 35 198
2 36 649
2 37 493
2 38 246
2 39 697
2 40 541
2 41 294
2 42 745
2 43 589
2 44 342
2 45 793
2 46 469
3 0 443
3 1 451
3 2 26
3 3 0
3 4 26
3 5 91
3 6 408
3 7 395
3 8 412
3 9 451
3 10 551
3 11 422
3 12 487
3 13 300
3 14 542
3 15 13
3 16 421
3 17 91
3 18 52
3 19 217
3 20 78
3 21 13
3 22 365
3 23 334
3 24 495
3 25 617
3 26 286
3 27 295
3 28 323
3 29 128
3 30 579
3 31 371
3 32 176
3 33 627
3 34 419
3 35 224
3 36 675
3 37 467
3 38 272
3 39 723
3 40 515
3 41 320
3 42 771
3 43 563
3 44 368
3 45 819
3 46 443
4 0 417
4 1 477
4 2 52
4 3 26
4 4 0
4 5 117
4 6 434
4 7 421
4 8 438
4 9 477
4 10 577
4 11 448
4 12 513
4 13 326
4 14 568
4 15 13
4 16 395
4 17 117
4 18 78
4 19 243
4 20 52
4 21 39
4 22 391
4 23 360
4 24 469
4 25 591
4 26 260
4 27 321
4 28 297
4 29 154
4 30 605
4 31 345
4 32 202
4 33 653
4 34 393
4 35 250
4 36 701
4 37 441
4 38 298
4 39 749
4 40 489
4 41 346
4 42 797
4 43 537
4 44 394
4 45 845
4 46 417
5 0 534
5 1 360
5 2 65
5 3 91
5 4 117
5 5 0
5 6 317
5 7 304
5 8 321
5 9 360
5 10 460
5 11 331
5 12 396
5 13 209
5 14 451
5 15 104
5 16 486
5 17 0
5 18 39
5 19 126
5 20 169
5 21 78
5 22 274
5 23 243
5 24 508
5 25 578
5 26 377
5 27 204
5 28 414
5 29 37
5 30 488
5 31 462
5 32 85
5 33 536
5 34 510
5 35 133
5 36 584
5 37 558
5 38 181
5 39 632
5 40 606
5 41 229
5 42 680
5 43 654
5 44 277
5 45 728
5 46 534
6 0 387
6 1 603
6 2 382
6 3 408
6 4 434
6 5 317
6 6 0
6 7 13
6 8 564
6 9 603
6 10 607
6 11 478
6 12 543
6 13 356
6 14 694
6 15 421
6 16 169
6 17 317
6 18 356
6 19 369
6 20 486
6 21 395
6 22 421
6 23 486
6 24 343
6 25 465
6 26 304
6 27 447
6 28 267
6 29 280
6 30 731
6 31 219
6 32 232
6 33 683
6 34 267
6 35 280
6 36 731
6 37 315
6 38 328
6 39 779
6 40 363
6 41 376
6 42 827
6 43 411
6 44 424
6 45 875
6 46 387
7 0 400
7 1 590
7 2 369
7 3 395
7 4 421
7 5 304
7 6 13
7 7 0
7 8 551
7 9 590
7 10 594
7 11 465
7 12 530
7 13 343
7 14 681
7 15 408
7 16 182
7 17 304
7 18 343
7 19 356
7 20 473
7 21 382
7 22 408
7 23 473
7 24 356
7 25 478
7 26 317
7 27 434
7 28 280
7 29 267
7 30 718
7 31 232
7 32 219
7 33 670
7 34 280
7 35 267
7 36 718
7 37 328
7 38 315
7 39 766
7 40 376
7 41 363
7 42 814
7 43 424
7 44 411
7 45 862
7 46 400
8 0 855
8 1 39
8 2 386
8 3 412
8 4 438
8 5 321
8 6 564
8 7 551
8 8 0
8 9 39
8 10 291
8 11 578
8 12 643
8 13 456
8 14 130
8 15 425
8 16 733
8 17 321
8 18 360
8 19 195
8 20 490
8 21 399
8 22 521
8 23 78
8 24 755
8 25 825
8 26 698
8 27 117
8 28 735
8 29 284
8 30 167
8 31 783
8 32 332
8 33 215
8 34 831
8 35 380
8 36 263
8 37 879
8 38 428
8 39 311
8 40 927
8 41 476
8 42 359
8 43 975
8 44 524
8 45 407
8 46 855
9 0 894
9 1 0
9 2 425
9 3 451
9 4 477
9 5 360
9 6 603
9 7 590
9 8 39
9 9 0
9 10 252
9 11 617
9 12 604
9 13 495
9 14 91
9 15 464
9 16 772
9 17 360
9 18 399
9 19 234
9 20 529
9 21 438
9 22 560
9 23 117
9 24 794
9 25 864
9 26 737
9 27 156
9 28 774
9 29 323
9 30 128
9 31 822
9 32 371
9 33 176
9 34 870
9 35 419
9 36 224
9 37 918
9 38 467
9 39 272
9 40 966
9 41 515
9 42 320
9 43 1014
9 44 563
9 45 368
9 46 894
10 0 994
10 1 252
10 2 525
10 3 551
10 4 577
10 5 460
10 6 607
10 7 594
10 8 291
10 9 252
10 10 0
10 11 569
10 12 504
10 13 499
10 14 161
10 15 564
10 16 776
10 17 460
10 18 499
10 19 486
10 20 629
10 21 538
10 22 564
10 23 369
10 24 798
10 25 868
10 26 837
10 27 408
10 28 874
10 29 423
10 30 124
10 31 826
10 32 375
10 33 76
10 34 874
10 35 423
10 36 124
10 37 922
10 38 471
10 39 172
10 40 970
10 41 519
10 42 220
10 43 1018
10 44 567
10 45 268
10 46 994
11 0 865
11 1 617
11 2 396
11 3 422
11 4 448
11 5 331
11 6 478
11 7 465
11 8 578
11 9 617
11 10 569
11 11 0
11 12 65
11 13 274
11 14 578
11 15 435
11 16 647
11 17 331
11 18 370
11 19 383
11 20 500
11 21 409
11 22 339
11 23 500
11 24 573
11 25 451
11 26 708
11 27 461
11 28 745
11 29 294
11 30 541
11 31 697
11 32 246
11 33 493
11 34 649
11 35 198
11 36 445
11 37 601
11 38 150
11 39 397
11 40 553
11 41 102
11 42 349
11 43 601
11 44 150
11 45 397
11 46 865
12 0 930
12 1 604
12 2 461
12 3 487
12 4 513
12 5 396
12 6 543
12 7 530
12 8 643
12 9 604
12 10 504
12 11 65
12 12 0
12 13 339
12 14 513
12 15 500
12 16 712
12 17 396
12 18 435
12 19 448
12 20 565
12 21 474
12 22 404
12 23 565
12 24 638
12 25 516
12 26 773
12 27 526
12 28 810
12 29 359
12 30 476
12 31 762
12 32 311
12 33 428
12 34 714
12 35 263
12 36 380
12 37 666
12 38 215
12 39 332
12 40 618
12 41 167
12 42 284
12 43 666
12 44 215
12 45 332
12 46 930
13 0 743
13 1 495
13 2 274
13 3 300
13 4 326
13 5 209
13 6 356
13 7 343
13 8 456
13 9 495
13 10 499
13 11 274
13 12 339
13 13 0
13 14 508
13 15 313
13 16 525
13 17 209
13 18 248
13 19 261
13 20 378
13 21 287
13 22 217
13 23 378
13 24 451
13 25 521
13 26 586
13 27 339
13 28 623
13 29 172
13 30 471
13 31 575
13 32 124
13 33 423
13 34 527
13 35 76
13 36 375
13 37 575
13 38 124
13 39 423
13 40 623
13 41 172
13 42 471
13 43 671
13 44 220
13 45 519
13 46 743
14 0 985
14 1 91
14 2 516
14 3 542
14 4 568
14 5 451
14 6 694
14 7 681
14 8 130
14 9 91
14 10 161
14 11 578
14 12 513
14 13 508
14 14 0
14 15 555
14 16 863
14 17 451
14 18 490
14 19 325
14 20 620
14 21 529
14 22 651
14 23 208
14 24 885
14 25 955
14 26 828
14 27 247
14 28 865
14 29 414
14 30 37
14 31 913
14 32 462
14 33 85
14 34 961
14 35 510
14 36 133
14 37 1009
14 38 558
14 39 181
14 40 1057
14 41 606
14 42 229
14 43 1105
14 44 654
14 45 277
14 46 985
15 0 430
15 1 464
15 2 39
15 3 13
15 4 13
15 5 104
15 6 421
15 7 408
15 8 425
15 9 464
15 10 564
15 11 435
15 12 500
15 13 313
15 14 555
15 15 0
15 16 408
15 17 104
15 18 65
15 19 230
15 20 65
15 21 26
15 22 378
15 23 347
15 24 482
15 25 604
15 26 273
15 27 308
15 28 310
15 29 141
15 30 592
15 31 358
15 32 189
15 33 640
15 34 406
15 35 237
15 36 688
15 37 454
15 38 285
15 39 736
15 40 502
15 41 333
15 42 784
15 43 550
15 44 381
15 45 832
15 46 430
16 0 218
16 1 772
16 2 447
16 3 421
16 4 395
16 5 486
16 6 169
16 7 182
16 8 733
16 9 772
16 10 776
16 11 647
16 12 712
16 13 525
16 14 863
16 15 408
16 16 0
16 17 486
16 18 473
16 19 538
16 20 343
16 21 434
16 22 408
16 23 655
16 24 174
16 25 296
16 26 135
16 27 616
16 28 98
16 29 449
16 30 900
16 31 50
16 32 401
16 33 852
16 34 98
16 35 449
16 36 900
16 37 146
16 38 497
16 39 948
16 40 194
16 41 545
16 42 996
16 43 242
16 44 593
16 45 1044
16 46 218
17 0 534
17 1 360
17 2 65
17 3 91
17 4 117
17 5 0
17 6 317
17 7 304
17 8 321
17 9 360
17 10 460
17 11 331
17 12 396
17 13 209
17 14 451
17 15 104
17 16 486
17 17 0
17 18 39
17 19 126
17 20 169
17 21 78
17 22 274
17 23 243
17 24 508
17 25 578
17 26 377
17 27 204
17 28 414
17 29 37
17 30 488
17 31 462
17 32 85
17 33 536
17 34 510
17 35 133
17 36 584
17 37 558
17 38 181
17 39 632
17 40 606
17 41 229
17 42 680
17 43 654
17 44 277
17 45 728
17 46 534
18 0 495
18 1 399
18 2 26
18 3 52
18 4 78
18 5 39
18 6 356
18 7 343
18 8 360
18 9 399
18 10 499
18 11 370
18 12 435
18 13 248
18 14 490
18 15 65
18 16 473
18 17 39
18 18 0
18 19 165
18 20 130
18 21 39
18 22 313
18 23 282
18 24 547
18 25 617
18 26 338
18 27 243
18 28 375
18 29 76
18 30 527
18 31 423
18 32 124
18 33 575
18 34 471
18 35 172
18 36 623
18 37 519
18 38 220
18 39 671
18 40 567
18 41 268
18 42 719
18 43 615
18 44 316
18 45 767
18 46 495
19 0 660
19 1 234
19 2 191
19 3 217
19 4 243
19 5 126
19 6 369
19 7 356
19 8 195
19 9 234
19 10 486
19 11 383
19 12 448
19 13 261
19 14 325
19 15 230
19 16 538
19 17 126
19 18 165
19 19 0
19 20 295
19 21 204
19 22 326
19 23 117
19 24 560
19 25 630
19 26 503
19 27 78
19 28 540
19 29 89
19 30 362
19 31 588
19 32 137
19 33 410
19 34 636
19 35 185
19 36 458
19 37 684
19 38 233
19 39 506
19 40 732
19 41 281
19 42 554
19 43 780
19 44 329
19 45 602
19 46 660
20 0 365
20 1 529
20 2 104
20 3 78
20 4 52
20 5 169
20 6 486
20 7 473
20 8 490
20 9 529
20 10 629
20 11 500
20 12 565
20 13 378
20 14 620
20 15 65
20 16 343
20 17 169
20 18 130
20 19 295
20 20 0
20 21 91
20 22 443
20 23 412
20 24 417
20 25 539
20 26 208
20 27 373
20 28 245
20 29 206
20 30 657
20 31 293
20 32 254
20 33 705
20 34 341
20 35 302
20 36 753
20 37 389
20 38 350
20 39 801
20 40 437
20 41 398
20 42 849
20 43 485
20 44 446
20 45 897
20 46 365
21 0 456
21 1 438
21 2 13
21 3 13
21 4 39
21 5 78
21 6 395
21 7 382
21 8 399
21 9 438
21 10 538
21 11 409
21 12 474
21 13 287
21 14 529
21 15 26
21 16 434
21 17 78
21 18 39
21 19 204
21 20 91
21 21 0
21 22 352
21 23 321
21 24 508
21 25 630
21 26 299
21 27 282
21 28 336
21 29 115
21 30 566
21 31 384
21 32 163
21 33 614
21 34 432
21 35 211
21 36 662
21 37 480
21 38 259
21 39 710
21 40 528
21 41 307
21 42 758
21 43 576
21 44 355
21 45 806
21 46 456
22 0 526
22 1 560
22 2 339
22 3 365
22 4 391
22 5 274
22 6 421
22 7 408
22 8 521
22 9 560
22 10 564
22 11 339
22 12 404
22 13 217
22 14 651
22 15 378
22 16 408
22 17 274
22 18 313
22 19 326
22 20 443
22 21 352
22 22 0
22 23 443
22 24 234
22 25 508
22 26 443
22 27 404
22 28 406
22 29 237
22 30 688
22 31 358
22 32 189
22 33 640
22 34 310
22 35 141
22 36 592
22 37 358
22 38 189
22 39 640
22 40 406
22 41 237
22 42 688
22 43 454
22 44 285
22 45 736
22 46 526
23 0 777
23 1 117
23 2 308
23 3 334
23 4 360
23 5 243
23 6 486
23 7 473
23 8 78
23 9 117
23 10 369
23 11 500
23 12 565
23 13 378
23 14 208
23 15 347
23 16 655
23 17 243
23 18 282
23 19 117
23 20 412
23 21 321
23 22 443
23 23 0
23 24 677
23 25 747
23 26 620
23 27 39
23 28 657
23 29 206
23 30 245
23 31 705
23 32 254
23 33 293
23 34 753
23 35 302
23 36 341
23 37 801
23 38 350
23 39 389
23 40 849
23 41 398
23 42 437
23 43 897
23 44 446
23 45 485
23 46 777
24 0 292
24 1 794
24 2 521
24 3 495
24 4 469
24 5 508
24 6 343
24 7 356
24 8 755
24 9 794
24 10 798
24 11 573
24 12 638
24 13 451
24 14 885
24 15 482
24 16 174
24 17 508
24 18 547
24 19 560
24 20 417
24 21 508
24 22 234
24 23 677
24 24 0
24 25 274
24 26 209
24 27 638
24 28 172
24 29 471
24 30 922
24 31 124
24 32 423
24 33 874
24 34 76
24 35 375
24 36 826
24 37 124
24 38 423
24 39 874
24 40 172
24 41 471
24 42 922
24 43 220
24 44 519
24 45 970
24 46 292
25 0 414
25 1 864
25 2 643
25 3 617
25 4 591
25 5 578
25 6 465
25 7 478
25 8 825
25 9 864
25 10 868
25 11 451
25 12 516
25 13 521
25 14 955
25 15 604
25 16 296
25 17 578
25 18 617
25 19 630
25 20 539
25 21 630
25 22 508
25 23 747
25 24 274
25 25 0
25 26 331
25 27 708
25 28 294
25 29 541
25 30 992
25 31 246
25 32 493
25 33 944
25 34 198
25 35 445
25 36 896
25 37 150
25 38 397
25 39 848
25 40 102
25 41 349
25 42 800
25 43 150
25 44 397
25 45 848
25 46 414
26 0 157
26 1 737
26 2 312
26 3 286
26 4 260
26 5 377
26 6 304
26 7 317
26 8 698
26 9 737
26 10 837
26 11 708
26 12 773
26 13 586
26 14 828
26 15 273
26 16 135
26 17 377
26 18 338
26 19 503
26 20 208
26 21 299
26 22 443
26 23 620
26 24 209
26 25 331
26 26 0
26 27 581
26 28 37
26 29 414
26 30 865
26 31 85
26 32 462
26 33 913
26 34 133
26 35 510
26 36 961
26 37 181
26 38 558
26 39 1009
26 40 229
26 41 606
26 42 1057
26 43 277
26 44 654
26 45 1105
26 46 157
27 0 738
27 1 156
27 2 269
27 3 295
27 4 321
27 5 204
27 6 447
27 7 434
27 8 117
27 9 156
27 10 408
27 11 461
27 12 526
27 13 339
27 14 247
27 15 308
27 16 616
27 17 204
27 18 243
27 19 78
27 20 373
27 21 282
27 22 404
27 23 39
27 24 638
27 25 708
27 26 581
27 27 0
27 28 618
27 29 167
27 30 284
27 31 666
27 32 215
27 33 332
27 34 714
27 35 263
27 36 380
27 37 762
27 38 311
27 39 428
27 40 810
27 41 359
27 42 476
27 43 858
27 44 407
27 45 524
27 46 738
28 0 120
28 1 774
28 2 349
28 3 323
28 4 297
28 5 414
28 6 267
28 7 280
28 8 735
28 9 774
28 10 874
28 11 745
28 12 810
28 13 623
28 14 865
28 15 310
28 16 98
28 17 414
28 18 375
28 19 540
28 20 245
28 21 336
28 22 406
28 23 657
28 24 172
28 25 294
28 26 37
28 27 618
28 28 0
28 29 451
28 30 902
28 31 48
28 32 499
28 33 950
28 34 96
28 35 547
28 36 998
28 37 144
28 38 595
28 39 1046
28 40 192
28 41 643
28 42 1094
28 43 240
28 44 691
28 45 1142
28 46 120
29 0 571
29 1 323
29 2 102
29 3 128
29 4 154
29 5 37
29 6 280
29 7 267
29 8 284
29 9 323
29 10 423
29 11 294
29 12 359
29 13 172
29 14 414
29 15 141
29 16 449
29 17 37
29 18 76
29 19 89
29 20 206
29 21 115
29 22 237
29 23 206
29 24 471
29 25 541
29 26 414
29 27 167
29 28 451
29 29 0
29 30 451
29 31 499
29 32 48
29 33 499
29 34 547
29 35 96
29 36 547
29 37 595
29 38 144
29 39 595
29 40 643
29 41 192
29 42 643
29 43 691
29 44 240
29 45 691
29 46 571
30 0 1022
30 1 128
30 2 553
30 3 579
30 4 605
30 5 488
30 6 731
30 7 718
30 8 167
30 9 128
30 10 124
30 11 541
30 12 476
30 13 471
30 14 37
30 15 592
30 16 900
30 17 488
30 18 527
30 19 362
30 20 657
30 21 566
30 22 688
30 23 245
30 24 922
30 25 992
30 26 865
30 27 284
30 28 902
30 29 451
30 30 0
30 31 950
30 32 499
30 33 48
30 34 998
30 35 547
30 36 96
30 37 1046
30 38 595
30 39 144
30 40 1094
30 41 643
30 42 192
30 43 1142
30 44 691
30 45 240
30 46 1022
31 0 168
31 1 822
31 2 397
31 3 371
31 4 345
31 5 462
31 6 219
31 7 232
31 8 783
31 9 822
31 10 826
31 11 697
31 12 762
31 13 575
31 14 913
31 15 358
31 16 50
31 17 462
31 18 423
31 19 588
31 20 293
31 21 384
31 22 358
31 23 705
31 24 124
31 25 246
31 26 85
31 27 666
31 28 48
31 29 499
31 30 950
31 31 0
31 32 451
31 33 902
31 34 48
31 35 499
31 36 950
31 37 96
31 38 547
31 39 998
31 40 144
31 41 595
31 42 1046
31 43 192
31 44 643
31 45 1094
31 46 168
32 0 619
32 1 371
32 2 150
32 3 176
32 4 202
32 5 85
32 6 232
32 7 219
32 8 332
32 9 371
32 10 375
32 11 246
32 12 311
32 13 124
32 14 462
32 15 189
32 16 401
32 17 85
32 18 124
32 19 137
32 20 254
32 21 163
32 22 189
32 23 254
32 24 423
32 25 493
32 26 462
32 27 215
32 28 499
32 29 48
32 30 499
32 31 451
32 32 0
32 33 451
32 34 499
32 35 48
32 36 499
32 37 547
32 38 96
32 39 547
32 40 595
32 41 144
32 42 595
32 43 643
32 44 192
32 45 643
32 46 619
33 0 1070
33 1 176
33 2 601
33 3 627
33 4 653
33 5 536
33 6 683
33 7 670
33 8 215
33 9 176
33 10 76
33 11 493
33 12 428
33 13 423
33 14 85
33 15 640
33 16 852
33 17 536
33 18 575
33 19 410
33 20 705
33 21 614
33 22 640
33 23 293
33 24 874
33 25 944
33 26 913
33 27 332
33 28 950
33 29 499
33 30 48
33 31 902
33 32 451
33 33 0
33 34 950
33 35 499
33 36 48
33 37 998
33 38 547
33 39 96
33 40 1046
33 41 595
33 42 144
33 43 1094
33 44 643
33 45 192
33 46 1070
34 0 216
34 1 870
34 2 445
34 3 419
34 4 393
34 5 510
34 6 267
34 7 280
34 8 831
34 9 870
34 10 874
34 11 649
34 12 714
34 13 527
34 14 961
34 15 406
34 16 98
34 17 510
34 18 471
34 19 636
34 20 341
34 21 432
34 22 310
34 23 753
34 24 76
34 25 198
34 26 133
34 27 714
34 28 96
34 29 547
34 30 998
34 31 48
34 32 499
34 33 950
34 34 0
34 35 451
34 36 902
34 37 48
34 38 499
34 39 950
34 40 96
34 41 547
34 42 998
34 43 144
34 44 595
34 45 1046
34 46 216
35 0 667
35 1 419
35 2 198
35 3 224
35 4 250
35 5 133
35 6 280
35 7 267
35 8 380
35 9 419
35 10 423
35 11 198
35 12 263
35 13 76
35 14 510
35 15 237
35 16 449
35 17 133
35 18 172
35 19 185
35 20 302
35 21 211
35 22 141
35 23 302
35 24 375
35 25 445
35 26 510
35 27 263
35 28 547
35 29 96
35 30 547
35 31 499
35 32 48
35 33 499
35 34 451
35 35 0
35 36 451
35 37 499
35 38 48
35 39 499
35 40 547
35 41 96
35 42 547
35 43 595
35 44 144
35 45 595
35 46 667
36 0 1118
36 1 224
36 2 649
36 3 675
36 4 701
36 5 584
36 6 731
36 7 718
36 8 263
36 9 224
36 10 124
36 11 445
36 12 380
36 13 375
36 14 133
36 15 688
36 16 900
36 17 584
36 18 623
36 19 458
36 20 753
36 21 662
36 22 592
36 23 341
36 24 826
36 25 896
36 26 961
36 27 380
36 28 998
36 29 547
36 30 96
36 31 950
36 32 499
36 33 48
36 34 902
36 35 451
36 36 0
36 37 950
36 38 499
36 39 48
36 40 998
36 41 547
36 42 96
36 43 1046
36 44 595
36 45 144
36 46 1118
37 0 264
37 1 918
37 2 493
37 3 467
37 4 441
37 5 558
37 6 315
37 7 328
37 8 879
37 9 918
37 10 922
37 11 601
37 12 666
37 13 575
37 14 1009
37 15 454
37 16 146
37 17 558
37 18 519
37 19 684
37 20 389
37 21 480
37 22 358
37 23 801
37 24 124
37 25 150
37 26 181
37 27 762
37 28 144
37 29 595
37 30 1046
37 31 96
37 32 547
37 33 998
37 34 48
37 35 499
37 36 950
37 37 0
37 38 451
37 39 902
37 40 48
37 41 499
37 42 950
37 43 96
37 44 547
37 45 998
37 46 264
38 0 715
38 1 467
38 2 246
38 3 272
38 4 298
38 5 181
38 6 328
38 7 315
38 8 428
38 9 467
38 10 471
38 11 150
38 12 215
38 13 124
38 14 558
38 15 285
38 16 497
38 17 181
38 18 220
38 19 233
38 20 350
38 21 259
38 22 189
38 23 350
38 24 423
38 25 397
38 26 558
38 27 311
38 28 595
38 29 144
38 30 595
38 31 547
38 32 96
38 33 547
38 34 499
38 35 48
38 36 499
38 37 451
38 38 0
38 39 451
38 40 499
38 41 48
38 42 499
38 43 547
38 44 96
38 45 547
38 46 715
39 0 1166
39 1 272
39 2 697
39 3 723
39 4 749
39 5 632
39 6 779
39 7 766
39 8 311
39 9 272
39 10 172
39 11 397
39 12 332
39 13 423
39 14 181
39 15 736
39 16 948
39 17 632
39 18 671
39 19 506
39 20 801
39 21 710
39 22 640
39 23 389
39 24 874
39 25 848
39 26 1009
39 27 428
39 28 1046
39 29 595
39 30 144
39 31 998
39 32 547
39 33 96
39 34 950
39 35 499
39 36 48
39 37 902
39 38 451
39 39 0
39 40 950
39 41 499
39 42 48
39 43 998
39 44 547
39 45 96
39 46 1166
40 0 312
40 1 966
40 2 541
40 3 515
40 4 489
40 5 606
40 6 363
40 7 376
40 8 927
40 9 966
40 10 970
40 11 553
40 12 618
40 13 623
40 14 1057
40 15 502
40 16 194
40 17 606
40 18 567
40 19 732
40 20 437
40 21 528
40 22 406
40 23 849
40 24 172
40 25 102
40 26 229
40 27 810
40 28 192
40 29 643
40 30 1094
40 31 144
40 32 595
40 33 1046
40 34 96
40 35 547
40 36 998
40 37 48
40 38 499
40 39 950
40 40 0
40 41 451
40 42 902
40 43 48
40 44 499
40 45 950
40 46 312
41 0 763
41 1 515
41 2 294
41 3 320
41 4 346
41 5 229
41 6 376
41 7 363
41 8 476
41 9 515
41 10 519
41 11 102
41 12 167
41 13 172
41 14 606
41 15 333
41 16 545
41 17 229
41 18 268
41 19 281
41 20 398
41 21 307
41 22 237
41 23 398
41 24 471
41 25 349
41 26 606
41 27 359
41 28 643
41 29 192
41 30 643
41 31 595
41 32 144
41 33 595
41 34 547
41 35 96
41 36 547
41 37 499
41 38 48
41 39 499
41 40 451
41 41 0
41 42 451
41 43 499
41 44 48
41 45 499
41 46 763
42 0 1214
42 1 320
42 2 745
42 3 771
42 4 797
42 5 680
42 6 827
42 7 814
42 8 359
42 9 320
42 10 220
42 11 349
42 12 284
42 13 471
42 14 229
42 15 784
42 16 996
42 17 680
42 18 719
42 19 554
42 20 849
42 21 758
42 22 688
42 23 437
42 24 922
42 25 800
42 26 1057
42 27 476
42 28 1094
42 29 643
42 30 192
42 31 1046
42 32 595
42 33 144
42 34 998
42 35 547
42 36 96
42 37 950
42 38 499
42 39 48
42 40 902
42 41 451
42 42 0
42 43 950
42 44 499
42 45 48
42 46 1214
43 0 360
43 1 1014
43 2 589
43 3 563
43 4 537
43 5 654
43 6 411
43 7 424
43 8 975
43 9 1014
43 10 1018
43 11 601
43 12 666
43 13 671
43 14 1105
43 15 550
43 16 242
43 17 654
43 18 615
43 19 780
43 20 485
43 21 576
43 22 454
43 23 897
43 24 220
43 25 150
43 26 277
43 27 858
43 28 240
43 29 691
43 30 1142
43 31 192
43 32 643
43 33 1094
43 34 144
43 35 595
43 36 1046
43 37 96
43 38 547
43 39 998
43 40 48
43 41 499
43 42 950
43 43 0
43 44 451
43 45 902
43 46 360
44 0 811
44 1 563
44 2 342
44 3 368
44 4 394
44 5 277
44 6 424
44 7 411
44 8 524
44 9 563
44 10 567
44 11 150
44 12 215
44 13 220
44 14 654
44 15 381
44 16 593
44 17 277
44 18 316
44 19 329
44 20 446
44 21 355
44 22 285
44 23 446
44 24 519
44 25 397
44 26 654
44 27 407
44 28 691
44 29 240
44 30 691
44 31 643
44 32 192
44 33 643
44 34 595
44 35 144
44 36 595
44 37 547
44 38 96
44 39 547
44 40 499
44 41 48
44 42 499
44 43 451
44 44 0
44 45 451
44 46 811
45 0 1262
45 1 368
45 2 793
45 3 819
45 4 845
45 5 728
45 6 875
45 7 862
45 8 407
45 9 368
45 10 268
45 11 397
45 12 332
45 13 519
45 14 277
45 15 832
45 16 1044
45 17 728
45 18 767
45 19 602
45 20 897
45 21 806
45 22 736
45 23 485
45 24 970
45 25 848
45 26 1105
45 27 524
45 28 1142
45 29 691
45 30 240
45 31 1094
45 32 643
45 33 192
45 34 1046
45 35 595
45 36 144
45 37 998
45 38 547
45 39 96
45 40 950
45 41 499
45 42 48
45 43 902
45 44 451
45 45 0
45 46 1262
46 0 0
46 1 894
46 2 469
46 3 443
46 4 417
46 5 534
46 6 387
46 7 400
46 8 855
46 9 894
46 10 994
46 11 865
46 12 930
46 13 743
46 14 985
46 15 430
46 16 218
46 17 534
46 18 495
46 19 660
46 20 365
46 21 456
46 22 526
46 23 777
46 24 292
46 25 414
46 26 157
46 27 738
46 28 120
46 29 571
46 30 1022
46 31 168
46 32 619
46 33 1070
46 34 216
46 35 667
46 36 1118
46 37 264
46 38 715
46 39 1166
46 40 312
46 41 763
46 42 1214
46 43 360
46 44 811
46 45 1262
46 46 0
//Location coordinates LocationName
//Loc x y
0 0.0 0.0 "depot"
1 0.0 894.0 "product aisle 0 bloc 1 rank 45"
2 0.0 469.0 "product aisle 0 bloc 0 rank 49"
3 0.0 443.0 "product aisle 0 bloc 0 rank 45"
4 0.0 417.0 "product aisle 0 bloc 0 rank 42"
5 0.0 534.0 "product aisle 0 bloc 0 rank 59"
6 48.0 339.0 "product aisle 1 bloc 0 rank 29"
7 48.0 352.0 "product aisle 1 bloc 0 rank 31"
8 0.0 855.0 "product aisle 0 bloc 1 rank 39"
9 0.0 894.0 "product aisle 0 bloc 1 rank 46"
10 48.0 946.0 "product aisle 1 bloc 1 rank 54"
11 192.0 673.0 "product aisle 4 bloc 1 rank 12"
12 192.0 738.0 "product aisle 4 bloc 1 rank 22"
13 96.0 647.0 "product aisle 2 bloc 1 rank 8"
14 0.0 985.0 "product aisle 0 bloc 1 rank 59"
15 0.0 430.0 "product aisle 0 bloc 0 rank 43"
16 48.0 170.0 "product aisle 1 bloc 0 rank 3"
17 0.0 534.0 "product aisle 0 bloc 0 rank 60"
18 0.0 495.0 "product aisle 0 bloc 0 rank 53"
19 0.0 660.0 "product aisle 0 bloc 1 rank 9"
20 0.0 365.0 "product aisle 0 bloc 0 rank 33"
21 0.0 456.0 "product aisle 0 bloc 0 rank 48"
22 96.0 430.0 "product aisle 2 bloc 0 rank 44"
23 0.0 777.0 "product aisle 0 bloc 1 rank 28"
24 96.0 196.0 "product aisle 2 bloc 0 rank 8"
25 192.0 222.0 "product aisle 4 bloc 0 rank 11"
26 0.0 157.0 "product aisle 0 bloc 0 rank 2"
27 0.0 738.0 "product aisle 0 bloc 1 rank 22"
28 24.0 120.0 "intersection aisle 0 bloc 0 rank 0"
29 24.0 571.0 "intersection aisle 0 bloc 1 rank 1"
30 24.0 1022.0 "intersection aisle 0 bloc 2 rank 2"
31 72.0 120.0 "intersection aisle 1 bloc 0 rank 0"
32 72.0 571.0 "intersection aisle 1 bloc 1 rank 1"
33 72.0 1022.0 "intersection aisle 1 bloc 2 rank 2"
34 120.0 120.0 "intersection aisle 2 bloc 0 rank 0"
35 120.0 571.0 "intersection aisle 2 bloc 1 rank 1"
36 120.0 1022.0 "intersection aisle 2 bloc 2 rank 2"
37 168.0 120.0 "intersection aisle 3 bloc 0 rank 0"
38 168.0 571.0 "intersection aisle 3 bloc 1 rank 1"
39 168.0 1022.0 "intersection aisle 3 bloc 2 rank 2"
40 216.0 120.0 "intersection aisle 4 bloc 0 rank 0"
41 216.0 571.0 "intersection aisle 4 bloc 1 rank 1"
42 216.0 1022.0 "intersection aisle 4 bloc 2 rank 2"
43 264.0 120.0 "intersection aisle 5 bloc 0 rank 0"
44 264.0 571.0 "intersection aisle 5 bloc 1 rank 1"
45 264.0 1022.0 "intersection aisle 5 bloc 2 rank 2"
46 0.0 0.0 "depot"
