//alpha
1
//NbLocations
57
//NbProducts
20
//NbPickers
2
//CapaPicker
4
//TimeToTravelOneDistanceUnit
3
//SetupTime
5400
//PickTime
300
//Products
//Idx Location Size
1 1 1
2 2 1
3 3 1
4 4 1
5 5 1
6 6 1
7 7 1
8 8 1
9 9 1
10 10 1
11 11 1
12 12 1
13 13 1
14 14 1
15 15 1
16 16 1
17 17 1
18 18 1
19 19 1
20 20 1
//Orders
//NbOrders
6
//Idx DueDate TardinessPenalty NbProdInOrder ProdIdx1 Qty1 ProdIdx2 Qty2 ...
1 72000 0 4 1 1 2 1 3 1 4 1
2 108000 0 4 5 1 6 1 7 1 8 1
3 126000 0 2 9 1 10 1
4 126000 0 2 11 1 12 1
5 108000 0 4 13 1 14 1 15 1 16 1
6 108000 0 4 17 1 18 1 19 1 20 1
//Graph (Products are vertices indexed from 1 to NbProducts)
//NbVerticesIntersections
36
//DepartingDepot
0
//ArrivalDepot
57
//Arcs
//Start End Distance
0 21 120
1 17 130
1 22 180
2 14 143
2 19 104
3 5 533
3 25 37
4 37 141
4 38 700
5 3 533
5 26 271
6 16 403
6 23 388
7 31 739
7 32 102
8 33 323
8 34 518
9 54 791
9 55 50
10 13 572
10 29 89
11 30 544
11 31 297
12 18 117
12 24 76
13 10 572
13 28 180
14 2 143
14 17 130
15 42 596
15 43 245
16 6 403
16 22 50
17 1 130
17 14 130
18 12 117
18 25 648
19 2 104
19 21 154
20 36 661
20 37 180
21 19 154
21 24 48
21 57 120
22 1 180
22 16 50
22 25 48
23 6 388
23 26 48
24 12 76
24 21 48
24 27 48
25 3 37
25 18 648
25 22 48
25 28 48
26 5 271
26 23 48
26 29 48
27 24 48
27 28 841
27 30 48
28 13 180
28 25 48
28 27 841
28 31 48
29 10 89
29 26 48
29 32 48
30 11 544
30 27 48
30 33 48
31 7 739
31 11 297
31 28 48
31 34 48
32 7 102
32 29 48
32 35 48
33 8 323
33 30 48
33 36 48
34 8 518
34 31 48
34 35 841
34 37 48
35 32 48
35 34 841
35 38 48
36 20 661
36 33 48
36 39 48
37 4 141
37 20 180
37 34 48
37 40 48
38 4 700
38 35 48
38 41 48
39 36 48
39 40 841
39 42 48
40 37 48
40 39 841
40 41 841
40 43 48
41 38 48
41 40 841
41 44 48
42 15 596
42 39 48
42 45 48
43 15 245
43 40 48
43 44 841
43 46 48
44 41 48
44 43 841
44 47 48
45 42 48
45 46 841
45 48 48
46 43 48
46 45 841
46 47 841
46 49 48
47 44 48
47 46 841
47 50 48
48 45 48
48 49 841
48 51 48
49 46 48
49 48 841
49 50 841
49 52 48
50 47 48
50 49 841
50 53 48
51 48 48
51 52 841
51 54 48
52 49 48
52 51 841
52 53 841
52 55 48
53 50 48
53 52 841
53 56 48
54 9 791
54 51 48
55 9 50
55 52 48
55 56 841
56 53 48
56 55 841
//LocStart LocEnd ShortestPath
0 0 0
0 1 781
0 2 378
0 3 1046
0 4 1342
0 5 1579
0 6 1414
0 7 1844
0 8 635
0 9 1439
0 10 1809
0 11 808
0 12 244
0 13 1237
0 14 521
0 15 1052
0 16 1011
0 17 651
0 18 361
0 19 274
0 20 1021
0 21 120
0 22 961
0 23 1802
0 24 168
0 25 1009
0 26 1850
0 27 216
0 28 1057
0 29 1898
0 30 264
0 31 1105
0 32 1946
0 33 312
0 34 1153
0 35 1994
0 36 360
0 37 1201
0 38 2042
0 39 408
0 40 1249
0 41 2090
0 42 456
0 43 1297
0 44 2138
0 45 504
0 46 1345
0 47 2186
0 48 552
0 49 1393
0 50 2234
0 51 600
0 52 1441
0 53 2282
0 54 648
0 55 1489
0 56 2330
0 57 0
1 0 781
1 1 0
1 2 403
1 3 265
1 4 561
1 5 798
1 6 633
1 7 1063
1 8 890
1 9 758
1 10 1028
1 11 621
1 12 785
1 13 456
1 14 260
1 15 761
1 16 230
1 17 130
1 18 876
1 19 507
1 20 600
1 21 661
1 22 180
1 23 1021
1 24 709
1 25 228
1 26 1069
1 27 757
1 28 276
1 29 1117
1 30 805
1 31 324
1 32 1165
1 33 853
1 34 372
1 35 1213
1 36 901
1 37 420
1 38 1261
1 39 949
1 40 468
1 41 1309
1 42 997
1 43 516
1 44 1357
1 45 1045
1 46 564
1 47 1405
1 48 1093
1 49 612
1 50 1453
1 51 1141
1 52 660
1 53 1501
1 54 1189
1 55 708
1 56 1549
1 57 781
2 0 378
2 1 403
2 2 0
2 3 668
2 4 964
2 5 1201
2 6 1036
2 7 1466
2 8 773
2 9 1161
2 10 1431
2 11 946
2 12 382
2 13 859
2 14 143
2 15 1164
2 16 633
2 17 273
2 18 499
2 19 104
2 20 1003
2 21 258
2 22 583
2 23 1424
2 24 306
2 25 631
2 26 1472
2 27 354
2 28 679
2 29 1520
2 30 402
2 31 727
2 32 1568
2 33 450
2 34 775
2 35 1616
2 36 498
2 37 823
2 38 1664
2 39 546
2 40 871
2 41 1712
2 42 594
2 43 919
2 44 1760
2 45 642
2 46 967
2 47 1808
2 48 690
2 49 1015
2 50 1856
2 51 738
2 52 1063
2 53 1904
2 54 786
2 55 1111
2 56 1952
2 57 378
3 0 1046
3 1 265
3 2 668
3 3 0
3 4 370
3 5 533
3 6 538
3 7 872
3 8 699
3 9 567
3 10 837
3 11 430
3 12 802
3 13 265
3 14 525
3 15 570
3 16 135
3 17 395
3 18 685
3 19 772
3 20 409
3 21 926
3 22 85
3 23 852
3 24 878
3 25 37
3 26 804
3 27 926
3 28 85
3 29 852
3 30 974
3 31 133
3 32 900
3 33 1022
3 34 181
3 35 948
3 36 1070
3 37 229
3 38 996
3 39 1118
3 40 277
3 41 1044
3 42 1166
3 43 325
3 44 1092
3 45 1214
3 46 373
3 47 1140
3 48 1262
3 49 421
3 50 1188
3 51 1310
3 52 469
3 53 1236
3 54 1358
3 55 517
3 56 1284
3 57 1046
4 0 1342
4 1 561
4 2 964
4 3 370
4 4 0
4 5 903
4 6 834
4 7 898
4 8 707
4 9 479
4 10 933
4 11 534
4 12 1098
4 13 465
4 14 821
4 15 482
4 16 431
4 17 691
4 18 981
4 19 1068
4 20 321
4 21 1222
4 22 381
4 23 940
4 24 1174
4 25 333
4 26 892
4 27 1126
4 28 285
4 29 844
4 30 1078
4 31 237
4 32 796
4 33 1030
4 34 189
4 35 748
4 36 982
4 37 141
4 38 700
4 39 1030
4 40 189
4 41 748
4 42 1078
4 43 237
4 44 796
4 45 1126
4 46 285
4 47 844
4 48 1174
4 49 333
4 50 892
4 51 1222
4 52 381
4 53 940
4 54 1270
4 55 429
4 56 988
4 57 1342
5 0 1579
5 1 798
5 2 1201
5 3 533
5 4 903
5 5 0
5 6 707
5 7 469
5 8 1232
5 9 1100
5 10 408
5 11 963
5 12 1335
5 13 798
5 14 1058
5 15 1103
5 16 668
5 17 928
5 18 1218
5 19 1305
5 20 942
5 21 1459
5 22 618
5 23 319
5 24 1411
5 25 570
5 26 271
5 27 1459
5 28 618
5 29 319
5 30 1507
5 31 666
5 32 367
5 33 1555
5 34 714
5 35 415
5 36 1603
5 37 762
5 38 463
5 39 1651
5 40 810
5 41 511
5 42 1699
5 43 858
5 44 559
5 45 1747
5 46 906
5 47 607
5 48 1795
5 49 954
5 50 655
5 51 1843
5 52 1002
5 53 703
5 54 1891
5 55 1050
5 56 751
5 57 1579
6 0 1414
6 1 633
6 2 1036
6 3 538
6 4 834
6 5 707
6 6 0
6 7 634
6 8 1163
6 9 1031
6 10 573
6 11 894
6 12 1266
6 13 729
6 14 893
6 15 1034
6 16 403
6 17 763
6 18 1149
6 19 1140
6 20 873
6 21 1294
6 22 453
6 23 388
6 24 1342
6 25 501
6 26 436
6 27 1390
6 28 549
6 29 484
6 30 1438
6 31 597
6 32 532
6 33 1486
6 34 645
6 35 580
6 36 1534
6 37 693
6 38 628
6 39 1582
6 40 741
6 41 676
6 42 1630
6 43 789
6 44 724
6 45 1678
6 46 837
6 47 772
6 48 1726
6 49 885
6 50 820
6 51 1774
6 52 933
6 53 868
6 54 1822
6 55 981
6 56 916
6 57 1414
7 0 1844
7 1 1063
7 2 1466
7 3 872
7 4 898
7 5 469
7 6 634
7 7 0
7 8 1305
7 9 1173
7 10 239
7 11 1036
7 12 1600
7 13 811
7 14 1323
7 15 1176
7 16 933
7 17 1193
7 18 1483
7 19 1570
7 20 1015
7 21 1724
7 22 883
7 23 246
7 24 1676
7 25 835
7 26 198
7 27 1628
7 28 787
7 29 150
7 30 1580
7 31 739
7 32 102
7 33 1628
7 34 787
7 35 150
7 36 1676
7 37 835
7 38 198
7 39 1724
7 40 883
7 41 246
7 42 1772
7 43 931
7 44 294
7 45 1820
7 46 979
7 47 342
7 48 1868
7 49 1027
7 50 390
7 51 1916
7 52 1075
7 53 438
7 54 1964
7 55 1123
7 56 486
7 57 1844
8 0 635
8 1 890
8 2 773
8 3 699
8 4 707
8 5 1232
8 6 1163
8 7 1305
8 8 0
8 9 904
8 10 1366
8 11 863
8 12 543
8 13 794
8 14 916
8 15 907
8 16 760
8 17 1020
8 18 660
8 19 669
8 20 746
8 21 515
8 22 710
8 23 1551
8 24 467
8 25 662
8 26 1503
8 27 419
8 28 614
8 29 1455
8 30 371
8 31 566
8 32 1407
8 33 323
8 34 518
8 35 1359
8 36 371
8 37 566
8 38 1407
8 39 419
8 40 614
8 41 1455
8 42 467
8 43 662
8 44 1503
8 45 515
8 46 710
8 47 1551
8 48 563
8 49 758
8 50 1599
8 51 611
8 52 806
8 53 1647
8 54 659
8 55 854
8 56 1695
8 57 635
9 0 1439
9 1 758
9 2 1161
9 3 567
9 4 479
9 5 1100
9 6 1031
9 7 1173
9 8 904
9 9 0
9 10 1234
9 11 731
9 12 1295
9 13 662
9 14 1018
9 15 487
9 16 628
9 17 888
9 18 1178
9 19 1265
9 20 518
9 21 1319
9 22 578
9 23 1419
9 24 1271
9 25 530
9 26 1371
9 27 1223
9 28 482
9 29 1323
9 30 1175
9 31 434
9 32 1275
9 33 1127
9 34 386
9 35 1227
9 36 1079
9 37 338
9 38 1179
9 39 1031
9 40 290
9 41 1131
9 42 983
9 43 242
9 44 1083
9 45 935
9 46 194
9 47 1035
9 48 887
9 49 146
9 50 987
9 51 839
9 52 98
9 53 939
9 54 791
9 55 50
9 56 891
9 57 1439
10 0 1809
10 1 1028
10 2 1431
10 3 837
10 4 933
10 5 408
10 6 573
10 7 239
10 8 1366
10 9 1234
10 10 0
10 11 1097
10 12 1565
10 13 572
10 14 1288
10 15 1237
10 16 898
10 17 1158
10 18 1448
10 19 1535
10 20 1076
10 21 1689
10 22 848
10 23 185
10 24 1641
10 25 800
10 26 137
10 27 1593
10 28 752
10 29 89
10 30 1641
10 31 800
10 32 137
10 33 1689
10 34 848
10 35 185
10 36 1737
10 37 896
10 38 233
10 39 1785
10 40 944
10 41 281
10 42 1833
10 43 992
10 44 329
10 45 1881
10 46 1040
10 47 377
10 48 1929
10 49 1088
10 50 425
10 51 1977
10 52 1136
10 53 473
10 54 2025
10 55 1184
10 56 521
10 57 1809
11 0 808
11 1 621
11 2 946
11 3 430
11 4 534
11 5 963
11 6 894
11 7 1036
11 8 863
11 9 731
11 10 1097
11 11 0
11 12 716
11 13 525
11 14 881
11 15 734
11 16 491
11 17 751
11 18 833
11 19 842
11 20 573
11 21 688
11 22 441
11 23 1282
11 24 640
11 25 393
11 26 1234
11 27 592
11 28 345
11 29 1186
11 30 544
11 31 297
11 32 1138
11 33 592
11 34 345
11 35 1186
11 36 640
11 37 393
11 38 1234
11 39 688
11 40 441
11 41 1282
11 42 736
11 43 489
11 44 1330
11 45 784
11 46 537
11 47 1378
11 48 832
11 49 585
11 50 1426
11 51 880
11 52 633
11 53 1474
11 54 928
11 55 681
11 56 1522
11 57 808
12 0 244
12 1 785
12 2 382
12 3 802
12 4 1098
12 5 1335
12 6 1266
12 7 1600
12 8 543
12 9 1295
12 10 1565
12 11 716
12 12 0
12 13 993
12 14 525
12 15 960
12 16 863
12 17 655
12 18 117
12 19 278
12 20 929
12 21 124
12 22 813
12 23 1654
12 24 76
12 25 765
12 26 1606
12 27 124
12 28 813
12 29 1654
12 30 172
12 31 861
12 32 1702
12 33 220
12 34 909
12 35 1750
12 36 268
12 37 957
12 38 1798
12 39 316
12 40 1005
12 41 1846
12 42 364
12 43 1053
12 44 1894
12 45 412
12 46 1101
12 47 1942
12 48 460
12 49 1149
12 50 1990
12 51 508
12 52 1197
12 53 2038
12 54 556
12 55 1245
12 56 2086
12 57 244
13 0 1237
13 1 456
13 2 859
13 3 265
13 4 465
13 5 798
13 6 729
13 7 811
13 8 794
13 9 662
13 10 572
13 11 525
13 12 993
13 13 0
13 14 716
13 15 665
13 16 326
13 17 586
13 18 876
13 19 963
13 20 504
13 21 1117
13 22 276
13 23 757
13 24 1069
13 25 228
13 26 709
13 27 1021
13 28 180
13 29 661
13 30 1069
13 31 228
13 32 709
13 33 1117
13 34 276
13 35 757
13 36 1165
13 37 324
13 38 805
13 39 1213
13 40 372
13 41 853
13 42 1261
13 43 420
13 44 901
13 45 1309
13 46 468
13 47 949
13 48 1357
13 49 516
13 50 997
13 51 1405
13 52 564
13 53 1045
13 54 1453
13 55 612
13 56 1093
13 57 1237
14 0 521
14 1 260
14 2 143
14 3 525
14 4 821
14 5 1058
14 6 893
14 7 1323
14 8 916
14 9 1018
14 10 1288
14 11 881
14 12 525
14 13 716
14 14 0
14 15 1021
14 16 490
14 17 130
14 18 642
14 19 247
14 20 860
14 21 401
14 22 440
14 23 1281
14 24 449
14 25 488
14 26 1329
14 27 497
14 28 536
14 29 1377
14 30 545
14 31 584
14 32 1425
14 33 593
14 34 632
14 35 1473
14 36 641
14 37 680
14 38 1521
14 39 689
14 40 728
14 41 1569
14 42 737
14 43 776
14 44 1617
14 45 785
14 46 824
14 47 1665
14 48 833
14 49 872
14 50 1713
14 51 881
14 52 920
14 53 1761
14 54 929
14 55 968
14 56 1809
14 57 521
15 0 1052
15 1 761
15 2 1164
15 3 570
15 4 482
15 5 1103
15 6 1034
15 7 1176
15 8 907
15 9 487
15 10 1237
15 11 734
15 12 960
15 13 665
15 14 1021
15 15 0
15 16 631
15 17 891
15 18 1077
15 19 1086
15 20 521
15 21 932
15 22 581
15 23 1422
15 24 884
15 25 533
15 26 1374
15 27 836
15 28 485
15 29 1326
15 30 788
15 31 437
15 32 1278
15 33 740
15 34 389
15 35 1230
15 36 692
15 37 341
15 38 1182
15 39 644
15 40 293
15 41 1134
15 42 596
15 43 245
15 44 1086
15 45 644
15 46 293
15 47 1134
15 48 692
15 49 341
15 50 1182
15 51 740
15 52 389
15 53 1230
15 54 788
15 55 437
15 56 1278
15 57 1052
16 0 1011
16 1 230
16 2 633
16 3 135
16 4 431
16 5 668
16 6 403
16 7 933
16 8 760
16 9 628
16 10 898
16 11 491
16 12 863
16 13 326
16 14 490
16 15 631
16 16 0
16 17 360
16 18 746
16 19 737
16 20 470
16 21 891
16 22 50
16 23 791
16 24 939
16 25 98
16 26 839
16 27 987
16 28 146
16 29 887
16 30 1035
16 31 194
16 32 935
16 33 1083
16 34 242
16 35 983
16 36 1131
16 37 290
16 38 1031
16 39 1179
16 40 338
16 41 1079
16 42 1227
16 43 386
16 44 1127
16 45 1275
16 46 434
16 47 1175
16 48 1323
16 49 482
16 50 1223
16 51 1371
16 52 530
16 53 1271
16 54 1419
16 55 578
16 56 1319
16 57 1011
17 0 651
17 1 130
17 2 273
17 3 395
17 4 691
17 5 928
17 6 763
17 7 1193
17 8 1020
17 9 888
17 10 1158
17 11 751
17 12 655
17 13 586
17 14 130
17 15 891
17 16 360
17 17 0
17 18 772
17 19 377
17 20 730
17 21 531
17 22 310
17 23 1151
17 24 579
17 25 358
17 26 1199
17 27 627
17 28 406
17 29 1247
17 30 675
17 31 454
17 32 1295
17 33 723
17 34 502
17 35 1343
17 36 771
17 37 550
17 38 1391
17 39 819
17 40 598
17 41 1439
17 42 867
17 43 646
17 44 1487
17 45 915
17 46 694
17 47 1535
17 48 963
17 49 742
17 50 1583
17 51 1011
17 52 790
17 53 1631
17 54 1059
17 55 838
17 56 1679
17 57 651
18 0 361
18 1 876
18 2 499
18 3 685
18 4 981
18 5 1218
18 6 1149
18 7 1483
18 8 660
18 9 1178
18 10 1448
18 11 833
18 12 117
18 13 876
18 14 642
18 15 1077
18 16 746
18 17 772
18 18 0
18 19 395
18 20 1020
18 21 241
18 22 696
18 23 1537
18 24 193
18 25 648
18 26 1489
18 27 241
18 28 696
18 29 1537
18 30 289
18 31 744
18 32 1585
18 33 337
18 34 792
18 35 1633
18 36 385
18 37 840
18 38 1681
18 39 433
18 40 888
18 41 1729
18 42 481
18 43 936
18 44 1777
18 45 529
18 46 984
18 47 1825
18 48 577
18 49 1032
18 50 1873
18 51 625
18 52 1080
18 53 1921
18 54 673
18 55 1128
18 56 1969
18 57 361
19 0 274
19 1 507
19 2 104
19 3 772
19 4 1068
19 5 1305
19 6 1140
19 7 1570
19 8 669
19 9 1265
19 10 1535
19 11 842
19 12 278
19 13 963
19 14 247
19 15 1086
19 16 737
19 17 377
19 18 395
19 19 0
19 20 1055
19 21 154
19 22 687
19 23 1528
19 24 202
19 25 735
19 26 1576
19 27 250
19 28 783
19 29 1624
19 30 298
19 31 831
19 32 1672
19 33 346
19 34 879
19 35 1720
19 36 394
19 37 927
19 38 1768
19 39 442
19 40 975
19 41 1816
19 42 490
19 43 1023
19 44 1864
19 45 538
19 46 1071
19 47 1912
19 48 586
19 49 1119
19 50 1960
19 51 634
19 52 1167
19 53 2008
19 54 682
19 55 1215
19 56 2056
19 57 274
20 0 1021
20 1 600
20 2 1003
20 3 409
20 4 321
20 5 942
20 6 873
20 7 1015
20 8 746
20 9 518
20 10 1076
20 11 573
20 12 929
20 13 504
20 14 860
20 15 521
20 16 470
20 17 730
20 18 1020
20 19 1055
20 20 0
20 21 901
20 22 420
20 23 1261
20 24 853
20 25 372
20 26 1213
20 27 805
20 28 324
20 29 1165
20 30 757
20 31 276
20 32 1117
20 33 709
20 34 228
20 35 1069
20 36 661
20 37 180
20 38 1021
20 39 709
20 40 228
20 41 1069
20 42 757
20 43 276
20 44 1117
20 45 805
20 46 324
20 47 1165
20 48 853
20 49 372
20 50 1213
20 51 901
20 52 420
20 53 1261
20 54 949
20 55 468
20 56 1309
20 57 1021
21 0 120
21 1 661
21 2 258
21 3 926
21 4 1222
21 5 1459
21 6 1294
21 7 1724
21 8 515
21 9 1319
21 10 1689
21 11 688
21 12 124
21 13 1117
21 14 401
21 15 932
21 16 891
21 17 531
21 18 241
21 19 154
21 20 901
21 21 0
21 22 841
21 23 1682
21 24 48
21 25 889
21 26 1730
21 27 96
21 28 937
21 29 1778
21 30 144
21 31 985
21 32 1826
21 33 192
21 34 1033
21 35 1874
21 36 240
21 37 1081
21 38 1922
21 39 288
21 40 1129
21 41 1970
21 42 336
21 43 1177
21 44 2018
21 45 384
21 46 1225
21 47 2066
21 48 432
21 49 1273
21 50 2114
21 51 480
21 52 1321
21 53 2162
21 54 528
21 55 1369
21 56 2210
21 57 120
22 0 961
22 1 180
22 2 583
22 3 85
22 4 381
22 5 618
22 6 453
22 7 883
22 8 710
22 9 578
22 10 848
22 11 441
22 12 813
22 13 276
22 14 440
22 15 581
22 16 50
22 17 310
22 18 696
22 19 687
22 20 420
22 21 841
22 22 0
22 23 841
22 24 889
22 25 48
22 26 889
22 27 937
22 28 96
22 29 937
22 30 985
22 31 144
22 32 985
22 33 1033
22 34 192
22 35 1033
22 36 1081
22 37 240
22 38 1081
22 39 1129
22 40 288
22 41 1129
22 42 1177
22 43 336
22 44 1177
22 45 1225
22 46 384
22 47 1225
22 48 1273
22 49 432
22 50 1273
22 51 1321
22 52 480
22 53 1321
22 54 1369
22 55 528
22 56 1369
22 57 961
23 0 1802
23 1 1021
23 2 1424
23 3 852
23 4 940
23 5 319
23 6 388
23 7 246
23 8 1551
23 9 1419
23 10 185
23 11 1282
23 12 1654
23 13 757
23 14 1281
23 15 1422
23 16 791
23 17 1151
23 18 1537
23 19 1528
23 20 1261
23 21 1682
23 22 841
23 23 0
23 24 1730
23 25 889
23 26 48
23 27 1778
23 28 937
23 29 96
23 30 1826
23 31 985
23 32 144
23 33 1874
23 34 1033
23 35 192
23 36 1922
23 37 1081
23 38 240
23 39 1970
23 40 1129
23 41 288
23 42 2018
23 43 1177
23 44 336
23 45 2066
23 46 1225
23 47 384
23 48 2114
23 49 1273
23 50 432
23 51 2162
23 52 1321
23 53 480
23 54 2210
23 55 1369
23 56 528
23 57 1802
24 0 168
24 1 709
24 2 306
24 3 878
24 4 1174
24 5 1411
24 6 1342
24 7 1676
24 8 467
24 9 1271
24 10 1641
24 11 640
24 12 76
24 13 1069
24 14 449
24 15 884
24 16 939
24 17 579
24 18 193
24 19 202
24 20 853
24 21 48
24 22 889
24 23 1730
24 24 0
24 25 841
24 26 1682
24 27 48
24 28 889
24 29 1730
24 30 96
24 31 937
24 32 1778
24 33 144
24 34 985
24 35 1826
24 36 192
24 37 1033
24 38 1874
24 39 240
24 40 1081
24 41 1922
24 42 288
24 43 1129
24 44 1970
24 45 336
24 46 1177
24 47 2018
24 48 384
24 49 1225
24 50 2066
24 51 432
24 52 1273
24 53 2114
24 54 480
24 55 1321
24 56 2162
24 57 168
25 0 1009
25 1 228
25 2 631
25 3 37
25 4 333
25 5 570
25 6 501
25 7 835
25 8 662
25 9 530
25 10 800
25 11 393
25 12 765
25 13 228
25 14 488
25 15 533
25 16 98
25 17 358
25 18 648
25 19 735
25 20 372
25 21 889
25 22 48
25 23 889
25 24 841
25 25 0
25 26 841
25 27 889
25 28 48
25 29 889
25 30 937
25 31 96
25 32 937
25 33 985
25 34 144
25 35 985
25 36 1033
25 37 192
25 38 1033
25 39 1081
25 40 240
25 41 1081
25 42 1129
25 43 288
25 44 1129
25 45 1177
25 46 336
25 47 1177
25 48 1225
25 49 384
25 50 1225
25 51 1273
25 52 432
25 53 1273
25 54 1321
25 55 480
25 56 1321
25 57 1009
26 0 1850
26 1 1069
26 2 1472
26 3 804
26 4 892
26 5 271
26 6 436
26 7 198
26 8 1503
26 9 1371
26 10 137
26 11 1234
26 12 1606
26 13 709
26 14 1329
26 15 1374
26 16 839
26 17 1199
26 18 1489
26 19 1576
26 20 1213
26 21 1730
26 22 889
26 23 48
26 24 1682
26 25 841
26 26 0
26 27 1730
26 28 889
26 29 48
26 30 1778
26 31 937
26 32 96
26 33 1826
26 34 985
26 35 144
26 36 1874
26 37 1033
26 38 192
26 39 1922
26 40 1081
26 41 240
26 42 1970
26 43 1129
26 44 288
26 45 2018
26 46 1177
26 47 336
26 48 2066
26 49 1225
26 50 384
26 51 2114
26 52 1273
26 53 432
26 54 2162
26 55 1321
26 56 480
26 57 1850
27 0 216
27 1 757
27 2 354
27 3 926
27 4 1126
27 5 1459
27 6 1390
27 7 1628
27 8 419
27 9 1223
27 10 1593
27 11 592
27 12 124
27 13 1021
27 14 497
27 15 836
27 16 987
27 17 627
27 18 241
27 19 250
27 20 805
27 21 96
27 22 937
27 23 1778
27 24 48
27 25 889
27 26 1730
27 27 0
27 28 841
27 29 1682
27 30 48
27 31 889
27 32 1730
27 33 96
27 34 937
27 35 1778
27 36 144
27 37 985
27 38 1826
27 39 192
27 40 1033
27 41 1874
27 42 240
27 43 1081
27 44 1922
27 45 288
27 46 1129
27 47 1970
27 48 336
27 49 1177
27 50 2018
27 51 384
27 52 1225
27 53 2066
27 54 432
27 55 1273
27 56 2114
27 57 216
28 0 1057
28 1 276
28 2 679
28 3 85
28 4 285
28 5 618
28 6 549
28 7 787
28 8 614
28 9 482
28 10 752
28 11 345
28 12 813
28 13 180
28 14 536
28 15 485
28 16 146
28 17 406
28 18 696
28 19 783
28 20 324
28 21 937
28 22 96
28 23 937
28 24 889
28 25 48
28 26 889
28 27 841
28 28 0
28 29 841
28 30 889
28 31 48
28 32 889
28 33 937
28 34 96
28 35 937
28 36 985
28 37 144
28 38 985
28 39 1033
28 40 192
28 41 1033
28 42 1081
28 43 240
28 44 1081
28 45 1129
28 46 288
28 47 1129
28 48 1177
28 49 336
28 50 1177
28 51 1225
28 52 384
28 53 1225
28 54 1273
28 55 432
28 56 1273
28 57 1057
29 0 1898
29 1 1117
29 2 1520
29 3 852
29 4 844
29 5 319
29 6 484
29 7 150
29 8 1455
29 9 1323
29 10 89
29 11 1186
29 12 1654
29 13 661
29 14 1377
29 15 1326
29 16 887
29 17 1247
29 18 1537
29 19 1624
29 20 1165
29 21 1778
29 22 937
29 23 96
29 24 1730
29 25 889
29 26 48
29 27 1682
29 28 841
29 29 0
29 30 1730
29 31 889
29 32 48
29 33 1778
29 34 937
29 35 96
29 36 1826
29 37 985
29 38 144
29 39 1874
29 40 1033
29 41 192
29 42 1922
29 43 1081
29 44 240
29 45 1970
29 46 1129
29 47 288
29 48 2018
29 49 1177
29 50 336
29 51 2066
29 52 1225
29 53 384
29 54 2114
29 55 1273
29 56 432
29 57 1898
30 0 264
30 1 805
30 2 402
30 3 974
30 4 1078
30 5 1507
30 6 1438
30 7 1580
30 8 371
30 9 1175
30 10 1641
30 11 544
30 12 172
30 13 1069
30 14 545
30 15 788
30 16 1035
30 17 675
30 18 289
30 19 298
30 20 757
30 21 144
30 22 985
30 23 1826
30 24 96
30 25 937
30 26 1778
30 27 48
30 28 889
30 29 1730
30 30 0
30 31 841
30 32 1682
30 33 48
30 34 889
30 35 1730
30 36 96
30 37 937
30 38 1778
30 39 144
30 40 985
30 41 1826
30 42 192
30 43 1033
30 44 1874
30 45 240
30 46 1081
30 47 1922
30 48 288
30 49 1129
30 50 1970
30 51 336
30 52 1177
30 53 2018
30 54 384
30 55 1225
30 56 2066
30 57 264
31 0 1105
31 1 324
31 2 727
31 3 133
31 4 237
31 5 666
31 6 597
31 7 739
31 8 566
31 9 434
31 10 800
31 11 297
31 12 861
31 13 228
31 14 584
31 15 437
31 16 194
31 17 454
31 18 744
31 19 831
31 20 276
31 21 985
31 22 144
31 23 985
31 24 937
31 25 96
31 26 937
31 27 889
31 28 48
31 29 889
31 30 841
31 31 0
31 32 841
31 33 889
31 34 48
31 35 889
31 36 937
31 37 96
31 38 937
31 39 985
31 40 144
31 41 985
31 42 1033
31 43 192
31 44 1033
31 45 1081
31 46 240
31 47 1081
31 48 1129
31 49 288
31 50 1129
31 51 1177
31 52 336
31 53 1177
31 54 1225
31 55 384
31 56 1225
31 57 1105
32 0 1946
32 1 1165
32 2 1568
32 3 900
32 4 796
32 5 367
32 6 532
32 7 102
32 8 1407
32 9 1275
32 10 137
32 11 1138
32 12 1702
32 13 709
32 14 1425
32 15 1278
32 16 935
32 17 1295
32 18 1585
32 19 1672
32 20 1117
32 21 1826
32 22 985
32 23 144
32 24 1778
32 25 937
32 26 96
32 27 1730
32 28 889
32 29 48
32 30 1682
32 31 841
32 32 0
32 33 1730
32 34 889
32 35 48
32 36 1778
32 37 937
32 38 96
32 39 1826
32 40 985
32 41 144
32 42 1874
32 43 1033
32 44 192
32 45 1922
32 46 1081
32 47 240
32 48 1970
32 49 1129
32 50 288
32 51 2018
32 52 1177
32 53 336
32 54 2066
32 55 1225
32 56 384
32 57 1946
33 0 312
33 1 853
33 2 450
33 3 1022
33 4 1030
33 5 1555
33 6 1486
33 7 1628
33 8 323
33 9 1127
33 10 1689
33 11 592
33 12 220
33 13 1117
33 14 593
33 15 740
33 16 1083
33 17 723
33 18 337
33 19 346
33 20 709
33 21 192
33 22 1033
33 23 1874
33 24 144
33 25 985
33 26 1826
33 27 96
33 28 937
33 29 1778
33 30 48
33 31 889
33 32 1730
33 33 0
33 34 841
33 35 1682
33 36 48
33 37 889
33 38 1730
33 39 96
33 40 937
33 41 1778
33 42 144
33 43 985
33 44 1826
33 45 192
33 46 1033
33 47 1874
33 48 240
33 49 1081
33 50 1922
33 51 288
33 52 1129
33 53 1970
33 54 336
33 55 1177
33 56 2018
33 57 312
34 0 1153
34 1 372
34 2 775
34 3 181
34 4 189
34 5 714
34 6 645
34 7 787
34 8 518
34 9 386
34 10 848
34 11 345
34 12 909
34 13 276
34 14 632
34 15 389
34 16 242
34 17 502
34 18 792
34 19 879
34 20 228
34 21 1033
34 22 192
34 23 1033
34 24 985
34 25 144
34 26 985
34 27 937
34 28 96
34 29 937
34 30 889
34 31 48
34 32 889
34 33 841
34 34 0
34 35 841
34 36 889
34 37 48
34 38 889
34 39 937
34 40 96
34 41 937
34 42 985
34 43 144
34 44 985
34 45 1033
34 46 192
34 47 1033
34 48 1081
34 49 240
34 50 1081
34 51 1129
34 52 288
34 53 1129
34 54 1177
34 55 336
34 56 1177
34 57 1153
35 0 1994
35 1 1213
35 2 1616
35 3 948
35 4 748
35 5 415
35 6 580
35 7 150
35 8 1359
35 9 1227
35 10 185
35 11 1186
35 12 1750
35 13 757
35 14 1473
35 15 1230
35 16 983
35 17 1343
35 18 1633
35 19 1720
35 20 1069
35 21 1874
35 22 1033
35 23 192
35 24 1826
35 25 985
35 26 144
35 27 1778
35 28 937
35 29 96
35 30 1730
35 31 889
35 32 48
35 33 1682
35 34 841
35 35 0
35 36 1730
35 37 889
35 38 48
35 39 1778
35 40 937
35 41 96
35 42 1826
35 43 985
35 44 144
35 45 1874
35 46 1033
35 47 192
35 48 1922
35 49 1081
35 50 240
35 51 1970
35 52 1129
35 53 288
35 54 2018
35 55 1177
35 56 336
35 57 1994
36 0 360
36 1 901
36 2 498
36 3 1070
36 4 982
36 5 1603
36 6 1534
36 7 1676
36 8 371
36 9 1079
36 10 1737
36 11 640
36 12 268
36 13 1165
36 14 641
36 15 692
36 16 1131
36 17 771
36 18 385
36 19 394
36 20 661
36 21 240
36 22 1081
36 23 1922
36 24 192
36 25 1033
36 26 1874
36 27 144
36 28 985
36 29 1826
36 30 96
36 31 937
36 32 1778
36 33 48
36 34 889
36 35 1730
36 36 0
36 37 841
36 38 1682
36 39 48
36 40 889
36 41 1730
36 42 96
36 43 937
36 44 1778
36 45 144
36 46 985
36 47 1826
36 48 192
36 49 1033
36 50 1874
36 51 240
36 52 1081
36 53 1922
36 54 288
36 55 1129
36 56 1970
36 57 360
37 0 1201
37 1 420
37 2 823
37 3 229
37 4 141
37 5 762
37 6 693
37 7 835
37 8 566
37 9 338
37 10 896
37 11 393
37 12 957
37 13 324
37 14 680
37 15 341
37 16 290
37 17 550
37 18 840
37 19 927
37 20 180
37 21 1081
37 22 240
37 23 1081
37 24 1033
37 25 192
37 26 1033
37 27 985
37 28 144
37 29 985
37 30 937
37 31 96
37 32 937
37 33 889
37 34 48
37 35 889
37 36 841
37 37 0
37 38 841
37 39 889
37 40 48
37 41 889
37 42 937
37 43 96
37 44 937
37 45 985
37 46 144
37 47 985
37 48 1033
37 49 192
37 50 1033
37 51 1081
37 52 240
37 53 1081
37 54 1129
37 55 288
37 56 1129
37 57 1201
38 0 2042
38 1 1261
38 2 1664
38 3 996
38 4 700
38 5 463
38 6 628
38 7 198
38 8 1407
38 9 1179
38 10 233
38 11 1234
38 12 1798
38 13 805
38 14 1521
38 15 1182
38 16 1031
38 17 1391
38 18 1681
38 19 1768
38 20 1021
38 21 1922
38 22 1081
38 23 240
38 24 1874
38 25 1033
38 26 192
38 27 1826
38 28 985
38 29 144
38 30 1778
38 31 937
38 32 96
38 33 1730
38 34 889
38 35 48
38 36 1682
38 37 841
38 38 0
38 39 1730
38 40 889
38 41 48
38 42 1778
38 43 937
38 44 96
38 45 1826
38 46 985
38 47 144
38 48 1874
38 49 1033
38 50 192
38 51 1922
38 52 1081
38 53 240
38 54 1970
38 55 1129
38 56 288
38 57 2042
39 0 408
39 1 949
39 2 546
39 3 1118
39 4 1030
39 5 1651
39 6 1582
39 7 1724
39 8 419
39 9 1031
39 10 1785
39 11 688
39 12 316
39 13 1213
39 14 689
39 15 644
39 16 1179
39 17 819
39 18 433
39 19 442
39 20 709
39 21 288
39 22 1129
39 23 1970
39 24 240
39 25 1081
39 26 1922
39 27 192
39 28 1033
39 29 1874
39 30 144
39 31 985
39 32 1826
39 33 96
39 34 937
39 35 1778
39 36 48
39 37 889
39 38 1730
39 39 0
39 40 841
39 41 1682
39 42 48
39 43 889
39 44 1730
39 45 96
39 46 937
39 47 1778
39 48 144
39 49 985
39 50 1826
39 51 192
39 52 1033
39 53 1874
39 54 240
39 55 1081
39 56 1922
39 57 408
40 0 1249
40 1 468
40 2 871
40 3 277
40 4 189
40 5 810
40 6 741
40 7 883
40 8 614
40 9 290
40 10 944
40 11 441
40 12 1005
40 13 372
40 14 728
40 15 293
40 16 338
40 17 598
40 18 888
40 19 975
40 20 228
40 21 1129
40 22 288
40 23 1129
40 24 1081
40 25 240
40 26 1081
40 27 1033
40 28 192
40 29 1033
40 30 985
40 31 144
40 32 985
40 33 937
40 34 96
40 35 937
40 36 889
40 37 48
40 38 889
40 39 841
40 40 0
40 41 841
40 42 889
40 43 48
40 44 889
40 45 937
40 46 96
40 47 937
40 48 985
40 49 144
40 50 985
40 51 1033
40 52 192
40 53 1033
40 54 1081
40 55 240
40 56 1081
40 57 1249
41 0 2090
41 1 1309
41 2 1712
41 3 1044
41 4 748
41 5 511
41 6 676
41 7 246
41 8 1455
41 9 1131
41 10 281
41 11 1282
41 12 1846
41 13 853
41 14 1569
41 15 1134
41 16 1079
41 17 1439
41 18 1729
41 19 1816
41 20 1069
41 21 1970
41 22 1129
41 23 288
41 24 1922
41 25 1081
41 26 240
41 27 1874
41 28 1033
41 29 192
41 30 1826
41 31 985
41 32 144
41 33 1778
41 34 937
41 35 96
41 36 1730
41 37 889
41 38 48
41 39 1682
41 40 841
41 41 0
41 42 1730
41 43 889
41 44 48
41 45 1778
41 46 937
41 47 96
41 48 1826
41 49 985
41 50 144
41 51 1874
41 52 1033
41 53 192
41 54 1922
41 55 1081
41 56 240
41 57 2090
42 0 456
42 1 997
42 2 594
42 3 1166
42 4 1078
42 5 1699
42 6 1630
42 7 1772
42 8 467
42 9 983
42 10 1833
42 11 736
42 12 364
42 13 1261
42 14 737
42 15 596
42 16 1227
42 17 867
42 18 481
42 19 490
42 20 757
42 21 336
42 22 1177
42 23 2018
42 24 288
42 25 1129
42 26 1970
42 27 240
42 28 1081
42 29 1922
42 30 192
42 31 1033
42 32 1874
42 33 144
42 34 985
42 35 1826
42 36 96
42 37 937
42 38 1778
42 39 48
42 40 889
42 41 1730
42 42 0
42 43 841
42 44 1682
42 45 48
42 46 889
42 47 1730
42 48 96
42 49 937
42 50 1778
42 51 144
42 52 985
42 53 1826
42 54 192
42 55 1033
42 56 1874
42 57 456
43 0 1297
43 1 516
43 2 919
43 3 325
43 4 237
43 5 858
43 6 789
43 7 931
43 8 662
43 9 242
43 10 992
43 11 489
43 12 1053
43 13 420
43 14 776
43 15 245
43 16 386
43 17 646
43 18 936
43 19 1023
43 20 276
43 21 1177
43 22 336
43 23 1177
43 24 1129
43 25 288
43 26 1129
43 27 1081
43 28 240
43 29 1081
43 30 1033
43 31 192
43 32 1033
43 33 985
43 34 144
43 35 985
43 36 937
43 37 96
43 38 937
43 39 889
43 40 48
43 41 889
43 42 841
43 43 0
43 44 841
43 45 889
43 46 48
43 47 889
43 48 937
43 49 96
43 50 937
43 51 985
43 52 144
43 53 985
43 54 1033
43 55 192
43 56 1033
43 57 1297
44 0 2138
44 1 1357
44 2 1760
44 3 1092
44 4 796
44 5 559
44 6 724
44 7 294
44 8 1503
44 9 1083
44 10 329
44 11 1330
44 12 1894
44 13 901
44 14 1617
44 15 1086
44 16 1127
44 17 1487
44 18 1777
44 19 1864
44 20 1117
44 21 2018
44 22 1177
44 23 336
44 24 1970
44 25 1129
44 26 288
44 27 1922
44 28 1081
44 29 240
44 30 1874
44 31 1033
44 32 192
44 33 1826
44 34 985
44 35 144
44 36 1778
44 37 937
44 38 96
44 39 1730
44 40 889
44 41 48
44 42 1682
44 43 841
44 44 0
44 45 1730
44 46 889
44 47 48
44 48 1778
44 49 937
44 50 96
44 51 1826
44 52 985
44 53 144
44 54 1874
44 55 1033
44 56 192
44 57 2138
45 0 504
45 1 1045
45 2 642
45 3 1214
45 4 1126
45 5 1747
45 6 1678
45 7 1820
45 8 515
45 9 935
45 10 1881
45 11 784
45 12 412
45 13 1309
45 14 785
45 15 644
45 16 1275
45 17 915
45 18 529
45 19 538
45 20 805
45 21 384
45 22 1225
45 23 2066
45 24 336
45 25 1177
45 26 2018
45 27 288
45 28 1129
45 29 1970
45 30 240
45 31 1081
45 32 1922
45 33 192
45 34 1033
45 35 1874
45 36 144
45 37 985
45 38 1826
45 39 96
45 40 937
45 41 1778
45 42 48
45 43 889
45 44 1730
45 45 0
45 46 841
45 47 1682
45 48 48
45 49 889
45 50 1730
45 51 96
45 52 937
45 53 1778
45 54 144
45 55 985
45 56 1826
45 57 504
46 0 1345
46 1 564
46 2 967
46 3 373
46 4 285
46 5 906
46 6 837
46 7 979
46 8 710
46 9 194
46 10 1040
46 11 537
46 12 1101
46 13 468
46 14 824
46 15 293
46 16 434
46 17 694
46 18 984
46 19 1071
46 20 324
46 21 1225
46 22 384
46 23 1225
46 24 1177
46 25 336
46 26 1177
46 27 1129
46 28 288
46 29 1129
46 30 1081
46 31 240
46 32 1081
46 33 1033
46 34 192
46 35 1033
46 36 985
46 37 144
46 38 985
46 39 937
46 40 96
46 41 937
46 42 889
46 43 48
46 44 889
46 45 841
46 46 0
46 47 841
46 48 889
46 49 48
46 50 889
46 51 937
46 52 96
46 53 937
46 54 985
46 55 144
46 56 985
46 57 1345
47 0 2186
47 1 1405
47 2 1808
47 3 1140
47 4 844
47 5 607
47 6 772
47 7 342
47 8 1551
47 9 1035
47 10 377
47 11 1378
47 12 1942
47 13 949
47 14 1665
47 15 1134
47 16 1175
47 17 1535
47 18 1825
47 19 1912
47 20 1165
47 21 2066
47 22 1225
47 23 384
47 24 2018
47 25 1177
47 26 336
47 27 1970
47 28 1129
47 29 288
47 30 1922
47 31 1081
47 32 240
47 33 1874
47 34 1033
47 35 192
47 36 1826
47 37 985
47 38 144
47 39 1778
47 40 937
47 41 96
47 42 1730
47 43 889
47 44 48
47 45 1682
47 46 841
47 47 0
47 48 1730
47 49 889
47 50 48
47 51 1778
47 52 937
47 53 96
47 54 1826
47 55 985
47 56 144
47 57 2186
48 0 552
48 1 1093
48 2 690
48 3 1262
48 4 1174
48 5 1795
48 6 1726
48 7 1868
48 8 563
48 9 887
48 10 1929
48 11 832
48 12 460
48 13 1357
48 14 833
48 15 692
48 16 1323
48 17 963
48 18 577
48 19 586
48 20 853
48 21 432
48 22 1273
48 23 2114
48 24 384
48 25 1225
48 26 2066
48 27 336
48 28 1177
48 29 2018
48 30 288
48 31 1129
48 32 1970
48 33 240
48 34 1081
48 35 1922
48 36 192
48 37 1033
48 38 1874
48 39 144
48 40 985
48 41 1826
48 42 96
48 43 937
48 44 1778
48 45 48
48 46 889
48 47 1730
48 48 0
48 49 841
48 50 1682
48 51 48
48 52 889
48 53 1730
48 54 96
48 55 937
48 56 1778
48 57 552
49 0 1393
49 1 612
49 2 1015
49 3 421
49 4 333
49 5 954
49 6 885
49 7 1027
49 8 758
49 9 146
49 10 1088
49 11 585
49 12 1149
49 13 516
49 14 872
49 15 341
49 16 482
49 17 742
49 18 1032
49 19 1119
49 20 372
49 21 1273
49 22 432
49 23 1273
49 24 1225
49 25 384
49 26 1225
49 27 1177
49 28 336
49 29 1177
49 30 1129
49 31 288
49 32 1129
49 33 1081
49 34 240
49 35 1081
49 36 1033
49 37 192
49 38 1033
49 39 985
49 40 144
49 41 985
49 42 937
49 43 96
49 44 937
49 45 889
49 46 48
49 47 889
49 48 841
49 49 0
49 50 841
49 51 889
49 52 48
49 53 889
49 54 937
49 55 96
49 56 937
49 57 1393
50 0 2234
50 1 1453
50 2 1856
50 3 1188
50 4 892
50 5 655
50 6 820
50 7 390
50 8 1599
50 9 987
50 10 425
50 11 1426
50 12 1990
50 13 997
50 14 1713
50 15 1182
50 16 1223
50 17 1583
50 18 1873
50 19 1960
50 20 1213
50 21 2114
50 22 1273
50 23 432
50 24 2066
50 25 1225
50 26 384
50 27 2018
50 28 1177
50 29 336
50 30 1970
50 31 1129
50 32 288
50 33 1922
50 34 1081
50 35 240
50 36 1874
50 37 1033
50 38 192
50 39 1826
50 40 985
50 41 144
50 42 1778
50 43 937
50 44 96
50 45 1730
50 46 889
50 47 48
50 48 1682
50 49 841
50 50 0
50 51 1730
50 52 889
50 53 48
50 54 1778
50 55 937
50 56 96
50 57 2234
51 0 600
51 1 1141
51 2 738
51 3 1310
51 4 1222
51 5 1843
51 6 1774
51 7 1916
51 8 611
51 9 839
51 10 1977
51 11 880
51 12 508
51 13 1405
51 14 881
51 15 740
51 16 1371
51 17 1011
51 18 625
51 19 634
51 20 901
51 21 480
51 22 1321
51 23 2162
51 24 432
51 25 1273
51 26 2114
51 27 384
51 28 1225
51 29 2066
51 30 336
51 31 1177
51 32 2018
51 33 288
51 34 1129
51 35 1970
51 36 240
51 37 1081
51 38 1922
51 39 192
51 40 1033
51 41 1874
51 42 144
51 43 985
51 44 1826
51 45 96
51 46 937
51 47 1778
51 48 48
51 49 889
51 50 1730
51 51 0
51 52 841
51 53 1682
51 54 48
51 55 889
51 56 1730
51 57 600
52 0 1441
52 1 660
52 2 1063
52 3 469
52 4 381
52 5 1002
52 6 933
52 7 1075
52 8 806
52 9 98
52 10 1136
52 11 633
52 12 1197
52 13 564
52 14 920
52 15 389
52 16 530
52 17 790
52 18 1080
52 19 1167
52 20 420
52 21 1321
52 22 480
52 23 1321
52 24 1273
52 25 432
52 26 1273
52 27 1225
52 28 384
52 29 1225
52 30 1177
52 31 336
52 32 1177
52 33 1129
52 34 288
52 35 1129
52 36 1081
52 37 240
52 38 1081
52 39 1033
52 40 192
52 41 1033
52 42 985
52 43 144
52 44 985
52 45 937
52 46 96
52 47 937
52 48 889
52 49 48
52 50 889
52 51 841
52 52 0
52 53 841
52 54 889
52 55 48
52 56 889
52 57 1441
53 0 2282
53 1 1501
53 2 1904
53 3 1236
53 4 940
53 5 703
53 6 868
53 7 438
53 8 1647
53 9 939
53 10 473
53 11 1474
53 12 2038
53 13 1045
53 14 1761
53 15 1230
53 16 1271
53 17 1631
53 18 1921
53 19 2008
53 20 1261
53 21 2162
53 22 1321
53 23 480
53 24 2114
53 25 1273
53 26 432
53 27 2066
53 28 1225
53 29 384
53 30 2018
53 31 1177
53 32 336
53 33 1970
53 34 1129
53 35 288
53 36 1922
53 37 1081
53 38 240
53 39 1874
53 40 1033
53 41 192
53 42 1826
53 43 985
53 44 144
53 45 1778
53 46 937
53 47 96
53 48 1730
53 49 889
53 50 48
53 51 1682
53 52 841
53 53 0
53 54 1730
53 55 889
53 56 48
53 57 2282
54 0 648
54 1 1189
54 2 786
54 3 1358
54 4 1270
54 5 1891
54 6 1822
54 7 1964
54 8 659
54 9 791
54 10 2025
54 11 928
54 12 556
54 13 1453
54 14 929
54 15 788
54 16 1419
54 17 1059
54 18 673
54 19 682
54 20 949
54 21 528
54 22 1369
54 23 2210
54 24 480
54 25 1321
54 26 2162
54 27 432
54 28 1273
54 29 2114
54 30 384
54 31 1225
54 32 2066
54 33 336
54 34 1177
54 35 2018
54 36 288
54 37 1129
54 38 1970
54 39 240
54 40 1081
54 41 1922
54 42 192
54 43 1033
54 44 1874
54 45 144
54 46 985
54 47 1826
54 48 96
54 49 937
54 50 1778
54 51 48
54 52 889
54 53 1730
54 54 0
54 55 841
54 56 1682
54 57 648
55 0 1489
55 1 708
55 2 1111
55 3 517
55 4 429
55 5 1050
55 6 981
55 7 1123
55 8 854
55 9 50
55 10 1184
55 11 681
55 12 1245
55 13 612
55 14 968
55 15 437
55 16 578
55 17 838
55 18 1128
55 19 1215
55 20 468
55 21 1369
55 22 528
55 23 1369
55 24 1321
55 25 480
55 26 1321
55 27 1273
55 28 432
55 29 1273
55 30 1225
55 31 384
55 32 1225
55 33 1177
55 34 336
55 35 1177
55 36 1129
55 37 288
55 38 1129
55 39 1081
55 40 240
55 41 1081
55 42 1033
55 43 192
55 44 1033
55 45 985
55 46 144
55 47 985
55 48 937
55 49 96
55 50 937
55 51 889
55 52 48
55 53 889
55 54 841
55 55 0
55 56 841
55 57 1489
56 0 2330
56 1 1549
56 2 1952
56 3 1284
56 4 988
56 5 751
56 6 916
56 7 486
56 8 1695
56 9 891
56 10 521
56 11 1522
56 12 2086
56 13 1093
56 14 1809
56 15 1278
56 16 1319
56 17 1679
56 18 1969
56 19 2056
56 20 1309
56 21 2210
56 22 1369
56 23 528
56 24 2162
56 25 1321
56 26 480
56 27 2114
56 28 1273
56 29 432
56 30 2066
56 31 1225
56 32 384
56 33 2018
56 34 1177
56 35 336
56 36 1970
56 37 1129
56 38 288
56 39 1922
56 40 1081
56 41 240
56 42 1874
56 43 1033
56 44 192
56 45 1826
56 46 985
56 47 144
56 48 1778
56 49 937
56 50 96
56 51 1730
56 52 889
56 53 48
56 54 1682
56 55 841
56 56 0
56 57 2330
57 0 0
57 1 781
57 2 378
57 3 1046
57 4 1342
57 5 1579
57 6 1414
57 7 1844
57 8 635
57 9 1439
57 10 1809
57 11 808
57 12 244
57 13 1237
57 14 521
57 15 1052
57 16 1011
57 17 651
57 18 361
57 19 274
57 20 1021
57 21 120
57 22 961
57 23 1802
57 24 168
57 25 1009
57 26 1850
57 27 216
57 28 1057
57 29 1898
57 30 264
57 31 1105
57 32 1946
57 33 312
57 34 1153
57 35 1994
57 36 360
57 37 1201
57 38 2042
57 39 408
57 40 1249
57 41 2090
57 42 456
57 43 1297
57 44 2138
57 45 504
57 46 1345
57 47 2186
57 48 552
57 49 1393
57 50 2234
57 51 600
57 52 1441
57 53 2282
57 54 648
57 55 1489
57 56 2330
57 57 0
//Location coordinates LocationName
//Loc x y
0 0.0 0.0 "depot"
1 0.0 781.0 "product aisle 0 bloc 0 rank 98"
2 0.0 378.0 "product aisle 0 bloc 0 rank 35"
3 48.0 998.0 "product aisle 1 bloc 1 rank 2"
4 240.0 1102.0 "product aisle 5 bloc 1 rank 17"
5 48.0 1531.0 "product aisle 1 bloc 1 rank 84"
6 0.0 1414.0 "product aisle 0 bloc 1 rank 66"
7 144.0 1700.0 "product aisle 3 bloc 1 rank 109"
8 192.0 443.0 "product aisle 4 bloc 0 rank 46"
9 528.0 911.0 "product aisle 11 bloc 0 rank 118"
10 96.0 1713.0 "product aisle 2 bloc 1 rank 111"
11 144.0 664.0 "product aisle 3 bloc 0 rank 79"
12 48.0 196.0 "product aisle 1 bloc 0 rank 8"
13 96.0 1141.0 "product aisle 2 bloc 1 rank 24"
14 0.0 521.0 "product aisle 0 bloc 0 rank 58"
15 336.0 716.0 "product aisle 7 bloc 0 rank 88"
16 0.0 1011.0 "product aisle 0 bloc 1 rank 3"
17 0.0 651.0 "product aisle 0 bloc 0 rank 78"
18 48.0 313.0 "product aisle 1 bloc 0 rank 25"
19 0.0 274.0 "product aisle 0 bloc 0 rank 20"
20 240.0 781.0 "product aisle 5 bloc 0 rank 98"
21 24.0 120.0 "intersection aisle 0 bloc 0 rank 0"
22 24.0 961.0 "intersection aisle 0 bloc 1 rank 1"
23 24.0 1802.0 "intersection aisle 0 bloc 2 rank 2"
24 72.0 120.0 "intersection aisle 1 bloc 0 rank 0"
25 72.0 961.0 "intersection aisle 1 bloc 1 rank 1"
26 72.0 1802.0 "intersection aisle 1 bloc 2 rank 2"
27 120.0 120.0 "intersection aisle 2 bloc 0 rank 0"
28 120.0 961.0 "intersection aisle 2 bloc 1 rank 1"
29 120.0 1802.0 "intersection aisle 2 bloc 2 rank 2"
30 168.0 120.0 "intersection aisle 3 bloc 0 rank 0"
31 168.0 961.0 "intersection aisle 3 bloc 1 rank 1"
32 168.0 1802.0 "intersection aisle 3 bloc 2 rank 2"
33 216.0 120.0 "intersection aisle 4 bloc 0 rank 0"
34 216.0 961.0 "intersection aisle 4 bloc 1 rank 1"
35 216.0 1802.0 "intersection aisle 4 bloc 2 rank 2"
36 264.0 120.0 "intersection aisle 5 bloc 0 rank 0"
37 264.0 961.0 "intersection aisle 5 bloc 1 rank 1"
38 264.0 1802.0 "intersection aisle 5 bloc 2 rank 2"
39 312.0 120.0 "intersection aisle 6 bloc 0 rank 0"
40 312.0 961.0 "intersection aisle 6 bloc 1 rank 1"
41 312.0 1802.0 "intersection aisle 6 bloc 2 rank 2"
42 360.0 120.0 "intersection aisle 7 bloc 0 rank 0"
43 360.0 961.0 "intersection aisle 7 bloc 1 rank 1"
44 360.0 1802.0 "intersection aisle 7 bloc 2 rank 2"
45 408.0 120.0 "intersection aisle 8 bloc 0 rank 0"
46 408.0 961.0 "intersection aisle 8 bloc 1 rank 1"
47 408.0 1802.0 "intersection aisle 8 bloc 2 rank 2"
48 456.0 120.0 "intersection aisle 9 bloc 0 rank 0"
49 456.0 961.0 "intersection aisle 9 bloc 1 rank 1"
50 456.0 1802.0 "intersection aisle 9 bloc 2 rank 2"
51 504.0 120.0 "intersection aisle 10 bloc 0 rank 0"
52 504.0 961.0 "intersection aisle 10 bloc 1 rank 1"
53 504.0 1802.0 "intersection aisle 10 bloc 2 rank 2"
54 552.0 120.0 "intersection aisle 11 bloc 0 rank 0"
55 552.0 961.0 "intersection aisle 11 bloc 1 rank 1"
56 552.0 1802.0 "intersection aisle 11 bloc 2 rank 2"
57 0.0 0.0 "depot"
