//alpha
1
//NbLocations
61
//NbProducts
25
//NbPickers
2
//CapaPicker
4
//TimeToTravelOneDistanceUnit
3
//SetupTime
5400
//PickTime
300
//Products
//Idx Location Size
1 1 1
2 2 1
3 3 1
4 4 1
5 5 1
6 6 1
7 7 1
8 8 1
9 9 1
10 10 1
11 11 1
12 12 1
13 13 1
14 3 1
15 14 1
16 15 1
17 16 1
18 17 1
19 18 1
20 19 1
21 20 1
22 21 1
23 22 1
24 23 1
25 24 1
//Orders
//NbOrders
12
//Idx DueDate TardinessPenalty NbProdInOrder ProdIdx1 Qty1 ProdIdx2 Qty2 ...
1 72000 0 1 1 1
2 72000 0 1 2 1
3 72000 0 1 3 1
4 108000 0 2 4 1 5 1
5 36000 0 4 6 1 7 1 8 1 9 1
6 72000 0 2 10 1 11 1
7 90000 0 2 12 1 13 1
8 72000 0 1 14 1
9 54000 0 3 15 1 16 1 17 1
10 90000 0 4 18 1 19 1 20 1 21 1
11 72000 0 3 22 1 23 1 24 1
12 54000 0 1 25 1
//Graph (Products are vertices indexed from 1 to NbProducts)
//NbVerticesIntersections
36
//DepartingDepot
0
//ArrivalDepot
61
//Arcs
//Start End Distance
0 25 120
1 23 65
1 59 713
2 6 13
2 43 89
3 22 104
3 47 310
4 21 390
4 26 310
5 52 713
5 53 128
6 2 13
6 44 739
7 34 297
7 35 544
8 14 221
8 57 492
9 49 362
9 50 479
10 20 624
10 55 141
11 12 26
11 17 208
12 11 26
12 32 76
13 40 804
13 41 37
14 8 221
14 56 128
15 28 128
15 29 713
16 21 52
16 25 89
17 11 208
17 33 531
18 29 128
18 30 713
19 38 492
19 39 349
20 10 624
20 56 76
21 4 390
21 16 52
22 3 104
22 48 427
23 1 65
23 58 63
24 50 50
24 51 791
25 16 89
25 28 48
25 61 120
26 4 310
26 27 841
26 29 48
27 26 841
27 30 48
28 15 128
28 25 48
28 31 48
29 15 713
29 18 128
29 26 48
29 32 48
30 18 713
30 27 48
30 33 48
31 28 48
31 32 841
31 34 48
32 12 76
32 29 48
32 31 841
32 35 48
33 17 531
33 30 48
33 36 48
34 7 297
34 31 48
34 37 48
35 7 544
35 32 48
35 36 841
35 38 48
36 33 48
36 35 841
36 39 48
37 34 48
37 38 841
37 40 48
38 19 492
38 35 48
38 37 841
38 41 48
39 19 349
39 36 48
39 42 48
40 13 804
40 37 48
40 43 48
41 13 37
41 38 48
41 42 841
41 44 48
42 39 48
42 41 841
42 45 48
43 2 89
43 40 48
43 46 48
44 6 739
44 41 48
44 45 841
44 47 48
45 42 48
45 44 841
45 48 48
46 43 48
46 47 841
46 49 48
47 3 310
47 44 48
47 46 841
47 50 48
48 22 427
48 45 48
48 51 48
49 9 362
49 46 48
49 52 48
50 9 479
50 24 50
50 47 48
50 53 48
51 24 791
51 48 48
51 54 48
52 5 713
52 49 48
52 55 48
53 5 128
53 50 48
53 54 841
53 56 48
54 51 48
54 53 841
54 57 48
55 10 141
55 52 48
55 58 48
56 14 128
56 20 76
56 53 48
56 59 48
57 8 492
57 54 48
57 60 48
58 23 63
58 55 48
59 1 713
59 56 48
59 60 841
60 57 48
60 59 841
//LocStart LocEnd ShortestPath
0 0 0
0 1 776
0 2 497
0 3 1607
0 4 651
0 5 1265
0 6 510
0 7 561
0 8 1790
0 9 866
0 10 741
0 11 1159
0 12 1133
0 13 1164
0 14 1569
0 15 296
0 16 209
0 17 1367
0 18 1137
0 19 1645
0 20 1365
0 21 261
0 22 1711
0 23 711
0 24 1395
0 25 120
0 26 961
0 27 1802
0 28 168
0 29 1009
0 30 1850
0 31 216
0 32 1057
0 33 1898
0 34 264
0 35 1105
0 36 1946
0 37 312
0 38 1153
0 39 1994
0 40 360
0 41 1201
0 42 2042
0 43 408
0 44 1249
0 45 2090
0 46 456
0 47 1297
0 48 2138
0 49 504
0 50 1345
0 51 2186
0 52 552
0 53 1393
0 54 2234
0 55 600
0 56 1441
0 57 2282
0 58 648
0 59 1489
0 60 2330
0 61 0
1 0 776
1 1 0
1 2 457
1 3 1215
1 4 1187
1 5 937
1 6 470
1 7 809
1 8 1110
1 9 634
1 10 317
1 11 1247
1 12 1221
1 13 1038
1 14 889
1 15 736
1 16 745
1 17 1455
1 18 1321
1 19 1541
1 20 837
1 21 797
1 22 1319
1 23 65
1 24 907
1 25 656
1 26 1241
1 27 2082
1 28 608
1 29 1193
1 30 2034
1 31 560
1 32 1145
1 33 1986
1 34 512
1 35 1097
1 36 1938
1 37 464
1 38 1049
1 39 1890
1 40 416
1 41 1001
1 42 1842
1 43 368
1 44 953
1 45 1794
1 46 320
1 47 905
1 48 1746
1 49 272
1 50 857
1 51 1698
1 52 224
1 53 809
1 54 1650
1 55 176
1 56 761
1 57 1602
1 58 128
1 59 713
1 60 1554
1 61 776
2 0 497
2 1 457
2 2 0
2 3 1110
2 4 908
2 5 946
2 6 13
2 7 530
2 8 1293
2 9 547
2 10 422
2 11 1046
2 12 1020
2 13 837
2 14 1072
2 15 457
2 16 466
2 17 1254
2 18 1120
2 19 1340
2 20 1020
2 21 518
2 22 1214
2 23 392
2 24 898
2 25 377
2 26 1040
2 27 1881
2 28 329
2 29 992
2 30 1833
2 31 281
2 32 944
2 33 1785
2 34 233
2 35 896
2 36 1737
2 37 185
2 38 848
2 39 1689
2 40 137
2 41 800
2 42 1641
2 43 89
2 44 752
2 45 1593
2 46 137
2 47 800
2 48 1641
2 49 185
2 50 848
2 51 1689
2 52 233
2 53 896
2 54 1737
2 55 281
2 56 944
2 57 1785
2 58 329
2 59 992
2 60 1833
2 61 497
3 0 1607
3 1 1215
3 2 1110
3 3 0
3 4 956
3 5 534
3 6 1097
3 7 1046
3 8 803
3 9 837
3 10 1154
3 11 652
3 12 626
3 13 443
3 14 582
3 15 1311
3 16 1398
3 17 860
3 18 726
3 19 946
3 20 530
3 21 1346
3 22 104
3 23 1280
3 24 408
3 25 1487
3 26 646
3 27 867
3 28 1439
3 29 598
3 30 819
3 31 1391
3 32 550
3 33 771
3 34 1343
3 35 502
3 36 723
3 37 1295
3 38 454
3 39 675
3 40 1247
3 41 406
3 42 627
3 43 1199
3 44 358
3 45 579
3 46 1151
3 47 310
3 48 531
3 49 1199
3 50 358
3 51 579
3 52 1247
3 53 406
3 54 627
3 55 1295
3 56 454
3 57 675
3 58 1343
3 59 502
3 60 723
3 61 1607
4 0 651
4 1 1187
4 2 908
4 3 956
4 4 0
4 5 870
4 6 921
4 7 972
4 8 1139
4 9 1173
4 10 1152
4 11 508
4 12 482
4 13 587
4 14 918
4 15 707
4 16 442
4 17 716
4 18 486
4 19 994
4 20 866
4 21 390
4 22 1060
4 23 1122
4 24 744
4 25 531
4 26 310
4 27 1151
4 28 579
4 29 358
4 30 1199
4 31 627
4 32 406
4 33 1247
4 34 675
4 35 454
4 36 1295
4 37 723
4 38 502
4 39 1343
4 40 771
4 41 550
4 42 1391
4 43 819
4 44 598
4 45 1439
4 46 867
4 47 646
4 48 1487
4 49 915
4 50 694
4 51 1535
4 52 963
4 53 742
4 54 1583
4 55 1011
4 56 790
4 57 1631
4 58 1059
4 59 838
4 60 1679
4 61 651
5 0 1265
5 1 937
5 2 946
5 3 534
5 4 870
5 5 0
5 6 959
5 7 960
5 8 525
5 9 655
5 10 876
5 11 566
5 12 540
5 13 357
5 14 304
5 15 1225
5 16 1234
5 17 774
5 18 640
5 19 860
5 20 252
5 21 1260
5 22 638
5 23 872
5 24 226
5 25 1145
5 26 560
5 27 1401
5 28 1097
5 29 512
5 30 1353
5 31 1049
5 32 464
5 33 1305
5 34 1001
5 35 416
5 36 1257
5 37 953
5 38 368
5 39 1209
5 40 905
5 41 320
5 42 1161
5 43 857
5 44 272
5 45 1113
5 46 809
5 47 224
5 48 1065
5 49 761
5 50 176
5 51 1017
5 52 713
5 53 128
5 54 969
5 55 761
5 56 176
5 57 1017
5 58 809
5 59 224
5 60 1065
5 61 1265
6 0 510
6 1 470
6 2 13
6 3 1097
6 4 921
6 5 959
6 6 0
6 7 543
6 8 1280
6 9 560
6 10 435
6 11 1033
6 12 1007
6 13 824
6 14 1059
6 15 470
6 16 479
6 17 1241
6 18 1107
6 19 1327
6 20 1007
6 21 531
6 22 1201
6 23 405
6 24 885
6 25 390
6 26 1027
6 27 1868
6 28 342
6 29 979
6 30 1820
6 31 294
6 32 931
6 33 1772
6 34 246
6 35 883
6 36 1724
6 37 198
6 38 835
6 39 1676
6 40 150
6 41 787
6 42 1628
6 43 102
6 44 739
6 45 1580
6 46 150
6 47 787
6 48 1628
6 49 198
6 50 835
6 51 1676
6 52 246
6 53 883
6 54 1724
6 55 294
6 56 931
6 57 1772
6 58 342
6 59 979
6 60 1820
6 61 510
7 0 561
7 1 809
7 2 530
7 3 1046
7 4 972
7 5 960
7 6 543
7 7 0
7 8 1229
7 9 899
7 10 774
7 11 694
7 12 668
7 13 677
7 14 1008
7 15 521
7 16 530
7 17 902
7 18 768
7 19 1084
7 20 956
7 21 582
7 22 1150
7 23 744
7 24 834
7 25 441
7 26 688
7 27 1529
7 28 393
7 29 640
7 30 1481
7 31 345
7 32 592
7 33 1433
7 34 297
7 35 544
7 36 1385
7 37 345
7 38 592
7 39 1433
7 40 393
7 41 640
7 42 1481
7 43 441
7 44 688
7 45 1529
7 46 489
7 47 736
7 48 1577
7 49 537
7 50 784
7 51 1625
7 52 585
7 53 832
7 54 1673
7 55 633
7 56 880
7 57 1721
7 58 681
7 59 928
7 60 1769
7 61 561
8 0 1790
8 1 1110
8 2 1293
8 3 803
8 4 1139
8 5 525
8 6 1280
8 7 1229
8 8 0
8 9 924
8 10 1049
8 11 835
8 12 809
8 13 626
8 14 221
8 15 1494
8 16 1581
8 17 1043
8 18 909
8 19 1129
8 20 425
8 21 1529
8 22 907
8 23 1175
8 24 495
8 25 1670
8 26 829
8 27 972
8 28 1622
8 29 781
8 30 924
8 31 1574
8 32 733
8 33 876
8 34 1526
8 35 685
8 36 828
8 37 1478
8 38 637
8 39 780
8 40 1430
8 41 589
8 42 732
8 43 1382
8 44 541
8 45 684
8 46 1334
8 47 493
8 48 636
8 49 1286
8 50 445
8 51 588
8 52 1238
8 53 397
8 54 540
8 55 1190
8 56 349
8 57 492
8 58 1238
8 59 397
8 60 540
8 61 1790
9 0 866
9 1 634
9 2 547
9 3 837
9 4 1173
9 5 655
9 6 560
9 7 899
9 8 924
9 9 0
9 10 599
9 11 869
9 12 843
9 13 660
9 14 703
9 15 826
9 16 835
9 17 1077
9 18 943
9 19 1163
9 20 651
9 21 887
9 22 941
9 23 569
9 24 529
9 25 746
9 26 863
9 27 1704
9 28 698
9 29 815
9 30 1656
9 31 650
9 32 767
9 33 1608
9 34 602
9 35 719
9 36 1560
9 37 554
9 38 671
9 39 1512
9 40 506
9 41 623
9 42 1464
9 43 458
9 44 575
9 45 1416
9 46 410
9 47 527
9 48 1368
9 49 362
9 50 479
9 51 1320
9 52 410
9 53 527
9 54 1368
9 55 458
9 56 575
9 57 1416
9 58 506
9 59 623
9 60 1464
9 61 866
10 0 741
10 1 317
10 2 422
10 3 1154
10 4 1152
10 5 876
10 6 435
10 7 774
10 8 1049
10 9 599
10 10 0
10 11 1186
10 12 1160
10 13 977
10 14 828
10 15 701
10 16 710
10 17 1394
10 18 1260
10 19 1480
10 20 624
10 21 762
10 22 1258
10 23 252
10 24 846
10 25 621
10 26 1180
10 27 2021
10 28 573
10 29 1132
10 30 1973
10 31 525
10 32 1084
10 33 1925
10 34 477
10 35 1036
10 36 1877
10 37 429
10 38 988
10 39 1829
10 40 381
10 41 940
10 42 1781
10 43 333
10 44 892
10 45 1733
10 46 285
10 47 844
10 48 1685
10 49 237
10 50 796
10 51 1637
10 52 189
10 53 748
10 54 1589
10 55 141
10 56 700
10 57 1541
10 58 189
10 59 748
10 60 1589
10 61 741
11 0 1159
11 1 1247
11 2 1046
11 3 652
11 4 508
11 5 566
11 6 1033
11 7 694
11 8 835
11 9 869
11 10 1186
11 11 0
11 12 26
11 13 283
11 14 614
11 15 863
11 16 950
11 17 208
11 18 278
11 19 690
11 20 562
11 21 898
11 22 756
11 23 1312
11 24 440
11 25 1039
11 26 198
11 27 835
11 28 991
11 29 150
11 30 787
11 31 943
11 32 102
11 33 739
11 34 991
11 35 150
11 36 787
11 37 1039
11 38 198
11 39 835
11 40 1087
11 41 246
11 42 883
11 43 1135
11 44 294
11 45 931
11 46 1183
11 47 342
11 48 979
11 49 1231
11 50 390
11 51 1027
11 52 1279
11 53 438
11 54 1075
11 55 1327
11 56 486
11 57 1123
11 58 1375
11 59 534
11 60 1171
11 61 1159
12 0 1133
12 1 1221
12 2 1020
12 3 626
12 4 482
12 5 540
12 6 1007
12 7 668
12 8 809
12 9 843
12 10 1160
12 11 26
12 12 0
12 13 257
12 14 588
12 15 837
12 16 924
12 17 234
12 18 252
12 19 664
12 20 536
12 21 872
12 22 730
12 23 1286
12 24 414
12 25 1013
12 26 172
12 27 861
12 28 965
12 29 124
12 30 813
12 31 917
12 32 76
12 33 765
12 34 965
12 35 124
12 36 813
12 37 1013
12 38 172
12 39 861
12 40 1061
12 41 220
12 42 909
12 43 1109
12 44 268
12 45 957
12 46 1157
12 47 316
12 48 1005
12 49 1205
12 50 364
12 51 1053
12 52 1253
12 53 412
12 54 1101
12 55 1301
12 56 460
12 57 1149
12 58 1349
12 59 508
12 60 1197
12 61 1133
13 0 1164
13 1 1038
13 2 837
13 3 443
13 4 587
13 5 357
13 6 824
13 7 677
13 8 626
13 9 660
13 10 977
13 11 283
13 12 257
13 13 0
13 14 405
13 15 942
13 16 1029
13 17 491
13 18 357
13 19 577
13 20 353
13 21 977
13 22 547
13 23 1103
13 24 231
13 25 1044
13 26 277
13 27 1118
13 28 996
13 29 229
13 30 1070
13 31 948
13 32 181
13 33 1022
13 34 900
13 35 133
13 36 974
13 37 852
13 38 85
13 39 926
13 40 804
13 41 37
13 42 878
13 43 852
13 44 85
13 45 926
13 46 900
13 47 133
13 48 974
13 49 948
13 50 181
13 51 1022
13 52 996
13 53 229
13 54 1070
13 55 1044
13 56 277
13 57 1118
13 58 1092
13 59 325
13 60 1166
13 61 1164
14 0 1569
14 1 889
14 2 1072
14 3 582
14 4 918
14 5 304
14 6 1059
14 7 1008
14 8 221
14 9 703
14 10 828
14 11 614
14 12 588
14 13 405
14 14 0
14 15 1273
14 16 1360
14 17 822
14 18 688
14 19 908
14 20 204
14 21 1308
14 22 686
14 23 954
14 24 274
14 25 1449
14 26 608
14 27 1193
14 28 1401
14 29 560
14 30 1145
14 31 1353
14 32 512
14 33 1097
14 34 1305
14 35 464
14 36 1049
14 37 1257
14 38 416
14 39 1001
14 40 1209
14 41 368
14 42 953
14 43 1161
14 44 320
14 45 905
14 46 1113
14 47 272
14 48 857
14 49 1065
14 50 224
14 51 809
14 52 1017
14 53 176
14 54 761
14 55 969
14 56 128
14 57 713
14 58 1017
14 59 176
14 60 761
14 61 1569
15 0 296
15 1 736
15 2 457
15 3 1311
15 4 707
15 5 1225
15 6 470
15 7 521
15 8 1494
15 9 826
15 10 701
15 11 863
15 12 837
15 13 942
15 14 1273
15 15 0
15 16 265
15 17 1071
15 18 841
15 19 1349
15 20 1221
15 21 317
15 22 1415
15 23 671
15 24 1099
15 25 176
15 26 761
15 27 1602
15 28 128
15 29 713
15 30 1554
15 31 176
15 32 761
15 33 1602
15 34 224
15 35 809
15 36 1650
15 37 272
15 38 857
15 39 1698
15 40 320
15 41 905
15 42 1746
15 43 368
15 44 953
15 45 1794
15 46 416
15 47 1001
15 48 1842
15 49 464
15 50 1049
15 51 1890
15 52 512
15 53 1097
15 54 1938
15 55 560
15 56 1145
15 57 1986
15 58 608
15 59 1193
15 60 2034
15 61 296
16 0 209
16 1 745
16 2 466
16 3 1398
16 4 442
16 5 1234
16 6 479
16 7 530
16 8 1581
16 9 835
16 10 710
16 11 950
16 12 924
16 13 1029
16 14 1360
16 15 265
16 16 0
16 17 1158
16 18 928
16 19 1436
16 20 1308
16 21 52
16 22 1502
16 23 680
16 24 1186
16 25 89
16 26 752
16 27 1593
16 28 137
16 29 800
16 30 1641
16 31 185
16 32 848
16 33 1689
16 34 233
16 35 896
16 36 1737
16 37 281
16 38 944
16 39 1785
16 40 329
16 41 992
16 42 1833
16 43 377
16 44 1040
16 45 1881
16 46 425
16 47 1088
16 48 1929
16 49 473
16 50 1136
16 51 1977
16 52 521
16 53 1184
16 54 2025
16 55 569
16 56 1232
16 57 2073
16 58 617
16 59 1280
16 60 2121
16 61 209
17 0 1367
17 1 1455
17 2 1254
17 3 860
17 4 716
17 5 774
17 6 1241
17 7 902
17 8 1043
17 9 1077
17 10 1394
17 11 208
17 12 234
17 13 491
17 14 822
17 15 1071
17 16 1158
17 17 0
17 18 486
17 19 898
17 20 770
17 21 1106
17 22 964
17 23 1520
17 24 648
17 25 1247
17 26 406
17 27 627
17 28 1199
17 29 358
17 30 579
17 31 1151
17 32 310
17 33 531
17 34 1199
17 35 358
17 36 579
17 37 1247
17 38 406
17 39 627
17 40 1295
17 41 454
17 42 675
17 43 1343
17 44 502
17 45 723
17 46 1391
17 47 550
17 48 771
17 49 1439
17 50 598
17 51 819
17 52 1487
17 53 646
17 54 867
17 55 1535
17 56 694
17 57 915
17 58 1583
17 59 742
17 60 963
17 61 1367
18 0 1137
18 1 1321
18 2 1120
18 3 726
18 4 486
18 5 640
18 6 1107
18 7 768
18 8 909
18 9 943
18 10 1260
18 11 278
18 12 252
18 13 357
18 14 688
18 15 841
18 16 928
18 17 486
18 18 0
18 19 764
18 20 636
18 21 876
18 22 830
18 23 1386
18 24 514
18 25 1017
18 26 176
18 27 761
18 28 969
18 29 128
18 30 713
18 31 1017
18 32 176
18 33 761
18 34 1065
18 35 224
18 36 809
18 37 1113
18 38 272
18 39 857
18 40 1161
18 41 320
18 42 905
18 43 1209
18 44 368
18 45 953
18 46 1257
18 47 416
18 48 1001
18 49 1305
18 50 464
18 51 1049
18 52 1353
18 53 512
18 54 1097
18 55 1401
18 56 560
18 57 1145
18 58 1449
18 59 608
18 60 1193
18 61 1137
19 0 1645
19 1 1541
19 2 1340
19 3 946
19 4 994
19 5 860
19 6 1327
19 7 1084
19 8 1129
19 9 1163
19 10 1480
19 11 690
19 12 664
19 13 577
19 14 908
19 15 1349
19 16 1436
19 17 898
19 18 764
19 19 0
19 20 856
19 21 1384
19 22 920
19 23 1606
19 24 734
19 25 1525
19 26 684
19 27 541
19 28 1477
19 29 636
19 30 493
19 31 1429
19 32 588
19 33 445
19 34 1381
19 35 540
19 36 397
19 37 1333
19 38 492
19 39 349
19 40 1381
19 41 540
19 42 397
19 43 1429
19 44 588
19 45 445
19 46 1477
19 47 636
19 48 493
19 49 1525
19 50 684
19 51 541
19 52 1573
19 53 732
19 54 589
19 55 1621
19 56 780
19 57 637
19 58 1669
19 59 828
19 60 685
19 61 1645
20 0 1365
20 1 837
20 2 1020
20 3 530
20 4 866
20 5 252
20 6 1007
20 7 956
20 8 425
20 9 651
20 10 624
20 11 562
20 12 536
20 13 353
20 14 204
20 15 1221
20 16 1308
20 17 770
20 18 636
20 19 856
20 20 0
20 21 1256
20 22 634
20 23 876
20 24 222
20 25 1245
20 26 556
20 27 1397
20 28 1197
20 29 508
20 30 1349
20 31 1149
20 32 460
20 33 1301
20 34 1101
20 35 412
20 36 1253
20 37 1053
20 38 364
20 39 1205
20 40 1005
20 41 316
20 42 1157
20 43 957
20 44 268
20 45 1109
20 46 909
20 47 220
20 48 1061
20 49 861
20 50 172
20 51 1013
20 52 813
20 53 124
20 54 965
20 55 765
20 56 76
20 57 917
20 58 813
20 59 124
20 60 965
20 61 1365
21 0 261
21 1 797
21 2 518
21 3 1346
21 4 390
21 5 1260
21 6 531
21 7 582
21 8 1529
21 9 887
21 10 762
21 11 898
21 12 872
21 13 977
21 14 1308
21 15 317
21 16 52
21 17 1106
21 18 876
21 19 1384
21 20 1256
21 21 0
21 22 1450
21 23 732
21 24 1134
21 25 141
21 26 700
21 27 1541
21 28 189
21 29 748
21 30 1589
21 31 237
21 32 796
21 33 1637
21 34 285
21 35 844
21 36 1685
21 37 333
21 38 892
21 39 1733
21 40 381
21 41 940
21 42 1781
21 43 429
21 44 988
21 45 1829
21 46 477
21 47 1036
21 48 1877
21 49 525
21 50 1084
21 51 1925
21 52 573
21 53 1132
21 54 1973
21 55 621
21 56 1180
21 57 2021
21 58 669
21 59 1228
21 60 2069
21 61 261
22 0 1711
22 1 1319
22 2 1214
22 3 104
22 4 1060
22 5 638
22 6 1201
22 7 1150
22 8 907
22 9 941
22 10 1258
22 11 756
22 12 730
22 13 547
22 14 686
22 15 1415
22 16 1502
22 17 964
22 18 830
22 19 920
22 20 634
22 21 1450
22 22 0
22 23 1384
22 24 512
22 25 1591
22 26 750
22 27 763
22 28 1543
22 29 702
22 30 715
22 31 1495
22 32 654
22 33 667
22 34 1447
22 35 606
22 36 619
22 37 1399
22 38 558
22 39 571
22 40 1351
22 41 510
22 42 523
22 43 1303
22 44 462
22 45 475
22 46 1255
22 47 414
22 48 427
22 49 1303
22 50 462
22 51 475
22 52 1351
22 53 510
22 54 523
22 55 1399
22 56 558
22 57 571
22 58 1447
22 59 606
22 60 619
22 61 1711
23 0 711
23 1 65
23 2 392
23 3 1280
23 4 1122
23 5 872
23 6 405
23 7 744
23 8 1175
23 9 569
23 10 252
23 11 1312
23 12 1286
23 13 1103
23 14 954
23 15 671
23 16 680
23 17 1520
23 18 1386
23 19 1606
23 20 876
23 21 732
23 22 1384
23 23 0
23 24 972
23 25 591
23 26 1306
23 27 2147
23 28 543
23 29 1258
23 30 2099
23 31 495
23 32 1210
23 33 2051
23 34 447
23 35 1162
23 36 2003
23 37 399
23 38 1114
23 39 1955
23 40 351
23 41 1066
23 42 1907
23 43 303
23 44 1018
23 45 1859
23 46 255
23 47 970
23 48 1811
23 49 207
23 50 922
23 51 1763
23 52 159
23 53 874
23 54 1715
23 55 111
23 56 826
23 57 1667
23 58 63
23 59 778
23 60 1619
23 61 711
24 0 1395
24 1 907
24 2 898
24 3 408
24 4 744
24 5 226
24 6 885
24 7 834
24 8 495
24 9 529
24 10 846
24 11 440
24 12 414
24 13 231
24 14 274
24 15 1099
24 16 1186
24 17 648
24 18 514
24 19 734
24 20 222
24 21 1134
24 22 512
24 23 972
24 24 0
24 25 1275
24 26 434
24 27 1175
24 28 1227
24 29 386
24 30 1127
24 31 1179
24 32 338
24 33 1079
24 34 1131
24 35 290
24 36 1031
24 37 1083
24 38 242
24 39 983
24 40 1035
24 41 194
24 42 935
24 43 987
24 44 146
24 45 887
24 46 939
24 47 98
24 48 839
24 49 891
24 50 50
24 51 791
24 52 939
24 53 98
24 54 839
24 55 987
24 56 146
24 57 887
24 58 1035
24 59 194
24 60 935
24 61 1395
25 0 120
25 1 656
25 2 377
25 3 1487
25 4 531
25 5 1145
25 6 390
25 7 441
25 8 1670
25 9 746
25 10 621
25 11 1039
25 12 1013
25 13 1044
25 14 1449
25 15 176
25 16 89
25 17 1247
25 18 1017
25 19 1525
25 20 1245
25 21 141
25 22 1591
25 23 591
25 24 1275
25 25 0
25 26 841
25 27 1682
25 28 48
25 29 889
25 30 1730
25 31 96
25 32 937
25 33 1778
25 34 144
25 35 985
25 36 1826
25 37 192
25 38 1033
25 39 1874
25 40 240
25 41 1081
25 42 1922
25 43 288
25 44 1129
25 45 1970
25 46 336
25 47 1177
25 48 2018
25 49 384
25 50 1225
25 51 2066
25 52 432
25 53 1273
25 54 2114
25 55 480
25 56 1321
25 57 2162
25 58 528
25 59 1369
25 60 2210
25 61 120
26 0 961
26 1 1241
26 2 1040
26 3 646
26 4 310
26 5 560
26 6 1027
26 7 688
26 8 829
26 9 863
26 10 1180
26 11 198
26 12 172
26 13 277
26 14 608
26 15 761
26 16 752
26 17 406
26 18 176
26 19 684
26 20 556
26 21 700
26 22 750
26 23 1306
26 24 434
26 25 841
26 26 0
26 27 841
26 28 889
26 29 48
26 30 889
26 31 937
26 32 96
26 33 937
26 34 985
26 35 144
26 36 985
26 37 1033
26 38 192
26 39 1033
26 40 1081
26 41 240
26 42 1081
26 43 1129
26 44 288
26 45 1129
26 46 1177
26 47 336
26 48 1177
26 49 1225
26 50 384
26 51 1225
26 52 1273
26 53 432
26 54 1273
26 55 1321
26 56 480
26 57 1321
26 58 1369
26 59 528
26 60 1369
26 61 961
27 0 1802
27 1 2082
27 2 1881
27 3 867
27 4 1151
27 5 1401
27 6 1868
27 7 1529
27 8 972
27 9 1704
27 10 2021
27 11 835
27 12 861
27 13 1118
27 14 1193
27 15 1602
27 16 1593
27 17 627
27 18 761
27 19 541
27 20 1397
27 21 1541
27 22 763
27 23 2147
27 24 1175
27 25 1682
27 26 841
27 27 0
27 28 1730
27 29 889
27 30 48
27 31 1778
27 32 937
27 33 96
27 34 1826
27 35 985
27 36 144
27 37 1874
27 38 1033
27 39 192
27 40 1922
27 41 1081
27 42 240
27 43 1970
27 44 1129
27 45 288
27 46 2018
27 47 1177
27 48 336
27 49 2066
27 50 1225
27 51 384
27 52 2114
27 53 1273
27 54 432
27 55 2162
27 56 1321
27 57 480
27 58 2210
27 59 1369
27 60 528
27 61 1802
28 0 168
28 1 608
28 2 329
28 3 1439
28 4 579
28 5 1097
28 6 342
28 7 393
28 8 1622
28 9 698
28 10 573
28 11 991
28 12 965
28 13 996
28 14 1401
28 15 128
28 16 137
28 17 1199
28 18 969
28 19 1477
28 20 1197
28 21 189
28 22 1543
28 23 543
28 24 1227
28 25 48
28 26 889
28 27 1730
28 28 0
28 29 841
28 30 1682
28 31 48
28 32 889
28 33 1730
28 34 96
28 35 937
28 36 1778
28 37 144
28 38 985
28 39 1826
28 40 192
28 41 1033
28 42 1874
28 43 240
28 44 1081
28 45 1922
28 46 288
28 47 1129
28 48 1970
28 49 336
28 50 1177
28 51 2018
28 52 384
28 53 1225
28 54 2066
28 55 432
28 56 1273
28 57 2114
28 58 480
28 59 1321
28 60 2162
28 61 168
29 0 1009
29 1 1193
29 2 992
29 3 598
29 4 358
29 5 512
29 6 979
29 7 640
29 8 781
29 9 815
29 10 1132
29 11 150
29 12 124
29 13 229
29 14 560
29 15 713
29 16 800
29 17 358
29 18 128
29 19 636
29 20 508
29 21 748
29 22 702
29 23 1258
29 24 386
29 25 889
29 26 48
29 27 889
29 28 841
29 29 0
29 30 841
29 31 889
29 32 48
29 33 889
29 34 937
29 35 96
29 36 937
29 37 985
29 38 144
29 39 985
29 40 1033
29 41 192
29 42 1033
29 43 1081
29 44 240
29 45 1081
29 46 1129
29 47 288
29 48 1129
29 49 1177
29 50 336
29 51 1177
29 52 1225
29 53 384
29 54 1225
29 55 1273
29 56 432
29 57 1273
29 58 1321
29 59 480
29 60 1321
29 61 1009
30 0 1850
30 1 2034
30 2 1833
30 3 819
30 4 1199
30 5 1353
30 6 1820
30 7 1481
30 8 924
30 9 1656
30 10 1973
30 11 787
30 12 813
30 13 1070
30 14 1145
30 15 1554
30 16 1641
30 17 579
30 18 713
30 19 493
30 20 1349
30 21 1589
30 22 715
30 23 2099
30 24 1127
30 25 1730
30 26 889
30 27 48
30 28 1682
30 29 841
30 30 0
30 31 1730
30 32 889
30 33 48
30 34 1778
30 35 937
30 36 96
30 37 1826
30 38 985
30 39 144
30 40 1874
30 41 1033
30 42 192
30 43 1922
30 44 1081
30 45 240
30 46 1970
30 47 1129
30 48 288
30 49 2018
30 50 1177
30 51 336
30 52 2066
30 53 1225
30 54 384
30 55 2114
30 56 1273
30 57 432
30 58 2162
30 59 1321
30 60 480
30 61 1850
31 0 216
31 1 560
31 2 281
31 3 1391
31 4 627
31 5 1049
31 6 294
31 7 345
31 8 1574
31 9 650
31 10 525
31 11 943
31 12 917
31 13 948
31 14 1353
31 15 176
31 16 185
31 17 1151
31 18 1017
31 19 1429
31 20 1149
31 21 237
31 22 1495
31 23 495
31 24 1179
31 25 96
31 26 937
31 27 1778
31 28 48
31 29 889
31 30 1730
31 31 0
31 32 841
31 33 1682
31 34 48
31 35 889
31 36 1730
31 37 96
31 38 937
31 39 1778
31 40 144
31 41 985
31 42 1826
31 43 192
31 44 1033
31 45 1874
31 46 240
31 47 1081
31 48 1922
31 49 288
31 50 1129
31 51 1970
31 52 336
31 53 1177
31 54 2018
31 55 384
31 56 1225
31 57 2066
31 58 432
31 59 1273
31 60 2114
31 61 216
32 0 1057
32 1 1145
32 2 944
32 3 550
32 4 406
32 5 464
32 6 931
32 7 592
32 8 733
32 9 767
32 10 1084
32 11 102
32 12 76
32 13 181
32 14 512
32 15 761
32 16 848
32 17 310
32 18 176
32 19 588
32 20 460
32 21 796
32 22 654
32 23 1210
32 24 338
32 25 937
32 26 96
32 27 937
32 28 889
32 29 48
32 30 889
32 31 841
32 32 0
32 33 841
32 34 889
32 35 48
32 36 889
32 37 937
32 38 96
32 39 937
32 40 985
32 41 144
32 42 985
32 43 1033
32 44 192
32 45 1033
32 46 1081
32 47 240
32 48 1081
32 49 1129
32 50 288
32 51 1129
32 52 1177
32 53 336
32 54 1177
32 55 1225
32 56 384
32 57 1225
32 58 1273
32 59 432
32 60 1273
32 61 1057
33 0 1898
33 1 1986
33 2 1785
33 3 771
33 4 1247
33 5 1305
33 6 1772
33 7 1433
33 8 876
33 9 1608
33 10 1925
33 11 739
33 12 765
33 13 1022
33 14 1097
33 15 1602
33 16 1689
33 17 531
33 18 761
33 19 445
33 20 1301
33 21 1637
33 22 667
33 23 2051
33 24 1079
33 25 1778
33 26 937
33 27 96
33 28 1730
33 29 889
33 30 48
33 31 1682
33 32 841
33 33 0
33 34 1730
33 35 889
33 36 48
33 37 1778
33 38 937
33 39 96
33 40 1826
33 41 985
33 42 144
33 43 1874
33 44 1033
33 45 192
33 46 1922
33 47 1081
33 48 240
33 49 1970
33 50 1129
33 51 288
33 52 2018
33 53 1177
33 54 336
33 55 2066
33 56 1225
33 57 384
33 58 2114
33 59 1273
33 60 432
33 61 1898
34 0 264
34 1 512
34 2 233
34 3 1343
34 4 675
34 5 1001
34 6 246
34 7 297
34 8 1526
34 9 602
34 10 477
34 11 991
34 12 965
34 13 900
34 14 1305
34 15 224
34 16 233
34 17 1199
34 18 1065
34 19 1381
34 20 1101
34 21 285
34 22 1447
34 23 447
34 24 1131
34 25 144
34 26 985
34 27 1826
34 28 96
34 29 937
34 30 1778
34 31 48
34 32 889
34 33 1730
34 34 0
34 35 841
34 36 1682
34 37 48
34 38 889
34 39 1730
34 40 96
34 41 937
34 42 1778
34 43 144
34 44 985
34 45 1826
34 46 192
34 47 1033
34 48 1874
34 49 240
34 50 1081
34 51 1922
34 52 288
34 53 1129
34 54 1970
34 55 336
34 56 1177
34 57 2018
34 58 384
34 59 1225
34 60 2066
34 61 264
35 0 1105
35 1 1097
35 2 896
35 3 502
35 4 454
35 5 416
35 6 883
35 7 544
35 8 685
35 9 719
35 10 1036
35 11 150
35 12 124
35 13 133
35 14 464
35 15 809
35 16 896
35 17 358
35 18 224
35 19 540
35 20 412
35 21 844
35 22 606
35 23 1162
35 24 290
35 25 985
35 26 144
35 27 985
35 28 937
35 29 96
35 30 937
35 31 889
35 32 48
35 33 889
35 34 841
35 35 0
35 36 841
35 37 889
35 38 48
35 39 889
35 40 937
35 41 96
35 42 937
35 43 985
35 44 144
35 45 985
35 46 1033
35 47 192
35 48 1033
35 49 1081
35 50 240
35 51 1081
35 52 1129
35 53 288
35 54 1129
35 55 1177
35 56 336
35 57 1177
35 58 1225
35 59 384
35 60 1225
35 61 1105
36 0 1946
36 1 1938
36 2 1737
36 3 723
36 4 1295
36 5 1257
36 6 1724
36 7 1385
36 8 828
36 9 1560
36 10 1877
36 11 787
36 12 813
36 13 974
36 14 1049
36 15 1650
36 16 1737
36 17 579
36 18 809
36 19 397
36 20 1253
36 21 1685
36 22 619
36 23 2003
36 24 1031
36 25 1826
36 26 985
36 27 144
36 28 1778
36 29 937
36 30 96
36 31 1730
36 32 889
36 33 48
36 34 1682
36 35 841
36 36 0
36 37 1730
36 38 889
36 39 48
36 40 1778
36 41 937
36 42 96
36 43 1826
36 44 985
36 45 144
36 46 1874
36 47 1033
36 48 192
36 49 1922
36 50 1081
36 51 240
36 52 1970
36 53 1129
36 54 288
36 55 2018
36 56 1177
36 57 336
36 58 2066
36 59 1225
36 60 384
36 61 1946
37 0 312
37 1 464
37 2 185
37 3 1295
37 4 723
37 5 953
37 6 198
37 7 345
37 8 1478
37 9 554
37 10 429
37 11 1039
37 12 1013
37 13 852
37 14 1257
37 15 272
37 16 281
37 17 1247
37 18 1113
37 19 1333
37 20 1053
37 21 333
37 22 1399
37 23 399
37 24 1083
37 25 192
37 26 1033
37 27 1874
37 28 144
37 29 985
37 30 1826
37 31 96
37 32 937
37 33 1778
37 34 48
37 35 889
37 36 1730
37 37 0
37 38 841
37 39 1682
37 40 48
37 41 889
37 42 1730
37 43 96
37 44 937
37 45 1778
37 46 144
37 47 985
37 48 1826
37 49 192
37 50 1033
37 51 1874
37 52 240
37 53 1081
37 54 1922
37 55 288
37 56 1129
37 57 1970
37 58 336
37 59 1177
37 60 2018
37 61 312
38 0 1153
38 1 1049
38 2 848
38 3 454
38 4 502
38 5 368
38 6 835
38 7 592
38 8 637
38 9 671
38 10 988
38 11 198
38 12 172
38 13 85
38 14 416
38 15 857
38 16 944
38 17 406
38 18 272
38 19 492
38 20 364
38 21 892
38 22 558
38 23 1114
38 24 242
38 25 1033
38 26 192
38 27 1033
38 28 985
38 29 144
38 30 985
38 31 937
38 32 96
38 33 937
38 34 889
38 35 48
38 36 889
38 37 841
38 38 0
38 39 841
38 40 889
38 41 48
38 42 889
38 43 937
38 44 96
38 45 937
38 46 985
38 47 144
38 48 985
38 49 1033
38 50 192
38 51 1033
38 52 1081
38 53 240
38 54 1081
38 55 1129
38 56 288
38 57 1129
38 58 1177
38 59 336
38 60 1177
38 61 1153
39 0 1994
39 1 1890
39 2 1689
39 3 675
39 4 1343
39 5 1209
39 6 1676
39 7 1433
39 8 780
39 9 1512
39 10 1829
39 11 835
39 12 861
39 13 926
39 14 1001
39 15 1698
39 16 1785
39 17 627
39 18 857
39 19 349
39 20 1205
39 21 1733
39 22 571
39 23 1955
39 24 983
39 25 1874
39 26 1033
39 27 192
39 28 1826
39 29 985
39 30 144
39 31 1778
39 32 937
39 33 96
39 34 1730
39 35 889
39 36 48
39 37 1682
39 38 841
39 39 0
39 40 1730
39 41 889
39 42 48
39 43 1778
39 44 937
39 45 96
39 46 1826
39 47 985
39 48 144
39 49 1874
39 50 1033
39 51 192
39 52 1922
39 53 1081
39 54 240
39 55 1970
39 56 1129
39 57 288
39 58 2018
39 59 1177
39 60 336
39 61 1994
40 0 360
40 1 416
40 2 137
40 3 1247
40 4 771
40 5 905
40 6 150
40 7 393
40 8 1430
40 9 506
40 10 381
40 11 1087
40 12 1061
40 13 804
40 14 1209
40 15 320
40 16 329
40 17 1295
40 18 1161
40 19 1381
40 20 1005
40 21 381
40 22 1351
40 23 351
40 24 1035
40 25 240
40 26 1081
40 27 1922
40 28 192
40 29 1033
40 30 1874
40 31 144
40 32 985
40 33 1826
40 34 96
40 35 937
40 36 1778
40 37 48
40 38 889
40 39 1730
40 40 0
40 41 841
40 42 1682
40 43 48
40 44 889
40 45 1730
40 46 96
40 47 937
40 48 1778
40 49 144
40 50 985
40 51 1826
40 52 192
40 53 1033
40 54 1874
40 55 240
40 56 1081
40 57 1922
40 58 288
40 59 1129
40 60 1970
40 61 360
41 0 1201
41 1 1001
41 2 800
41 3 406
41 4 550
41 5 320
41 6 787
41 7 640
41 8 589
41 9 623
41 10 940
41 11 246
41 12 220
41 13 37
41 14 368
41 15 905
41 16 992
41 17 454
41 18 320
41 19 540
41 20 316
41 21 940
41 22 510
41 23 1066
41 24 194
41 25 1081
41 26 240
41 27 1081
41 28 1033
41 29 192
41 30 1033
41 31 985
41 32 144
41 33 985
41 34 937
41 35 96
41 36 937
41 37 889
41 38 48
41 39 889
41 40 841
41 41 0
41 42 841
41 43 889
41 44 48
41 45 889
41 46 937
41 47 96
41 48 937
41 49 985
41 50 144
41 51 985
41 52 1033
41 53 192
41 54 1033
41 55 1081
41 56 240
41 57 1081
41 58 1129
41 59 288
41 60 1129
41 61 1201
42 0 2042
42 1 1842
42 2 1641
42 3 627
42 4 1391
42 5 1161
42 6 1628
42 7 1481
42 8 732
42 9 1464
42 10 1781
42 11 883
42 12 909
42 13 878
42 14 953
42 15 1746
42 16 1833
42 17 675
42 18 905
42 19 397
42 20 1157
42 21 1781
42 22 523
42 23 1907
42 24 935
42 25 1922
42 26 1081
42 27 240
42 28 1874
42 29 1033
42 30 192
42 31 1826
42 32 985
42 33 144
42 34 1778
42 35 937
42 36 96
42 37 1730
42 38 889
42 39 48
42 40 1682
42 41 841
42 42 0
42 43 1730
42 44 889
42 45 48
42 46 1778
42 47 937
42 48 96
42 49 1826
42 50 985
42 51 144
42 52 1874
42 53 1033
42 54 192
42 55 1922
42 56 1081
42 57 240
42 58 1970
42 59 1129
42 60 288
42 61 2042
43 0 408
43 1 368
43 2 89
43 3 1199
43 4 819
43 5 857
43 6 102
43 7 441
43 8 1382
43 9 458
43 10 333
43 11 1135
43 12 1109
43 13 852
43 14 1161
43 15 368
43 16 377
43 17 1343
43 18 1209
43 19 1429
43 20 957
43 21 429
43 22 1303
43 23 303
43 24 987
43 25 288
43 26 1129
43 27 1970
43 28 240
43 29 1081
43 30 1922
43 31 192
43 32 1033
43 33 1874
43 34 144
43 35 985
43 36 1826
43 37 96
43 38 937
43 39 1778
43 40 48
43 41 889
43 42 1730
43 43 0
43 44 841
43 45 1682
43 46 48
43 47 889
43 48 1730
43 49 96
43 50 937
43 51 1778
43 52 144
43 53 985
43 54 1826
43 55 192
43 56 1033
43 57 1874
43 58 240
43 59 1081
43 60 1922
43 61 408
44 0 1249
44 1 953
44 2 752
44 3 358
44 4 598
44 5 272
44 6 739
44 7 688
44 8 541
44 9 575
44 10 892
44 11 294
44 12 268
44 13 85
44 14 320
44 15 953
44 16 1040
44 17 502
44 18 368
44 19 588
44 20 268
44 21 988
44 22 462
44 23 1018
44 24 146
44 25 1129
44 26 288
44 27 1129
44 28 1081
44 29 240
44 30 1081
44 31 1033
44 32 192
44 33 1033
44 34 985
44 35 144
44 36 985
44 37 937
44 38 96
44 39 937
44 40 889
44 41 48
44 42 889
44 43 841
44 44 0
44 45 841
44 46 889
44 47 48
44 48 889
44 49 937
44 50 96
44 51 937
44 52 985
44 53 144
44 54 985
44 55 1033
44 56 192
44 57 1033
44 58 1081
44 59 240
44 60 1081
44 61 1249
45 0 2090
45 1 1794
45 2 1593
45 3 579
45 4 1439
45 5 1113
45 6 1580
45 7 1529
45 8 684
45 9 1416
45 10 1733
45 11 931
45 12 957
45 13 926
45 14 905
45 15 1794
45 16 1881
45 17 723
45 18 953
45 19 445
45 20 1109
45 21 1829
45 22 475
45 23 1859
45 24 887
45 25 1970
45 26 1129
45 27 288
45 28 1922
45 29 1081
45 30 240
45 31 1874
45 32 1033
45 33 192
45 34 1826
45 35 985
45 36 144
45 37 1778
45 38 937
45 39 96
45 40 1730
45 41 889
45 42 48
45 43 1682
45 44 841
45 45 0
45 46 1730
45 47 889
45 48 48
45 49 1778
45 50 937
45 51 96
45 52 1826
45 53 985
45 54 144
45 55 1874
45 56 1033
45 57 192
45 58 1922
45 59 1081
45 60 240
45 61 2090
46 0 456
46 1 320
46 2 137
46 3 1151
46 4 867
46 5 809
46 6 150
46 7 489
46 8 1334
46 9 410
46 10 285
46 11 1183
46 12 1157
46 13 900
46 14 1113
46 15 416
46 16 425
46 17 1391
46 18 1257
46 19 1477
46 20 909
46 21 477
46 22 1255
46 23 255
46 24 939
46 25 336
46 26 1177
46 27 2018
46 28 288
46 29 1129
46 30 1970
46 31 240
46 32 1081
46 33 1922
46 34 192
46 35 1033
46 36 1874
46 37 144
46 38 985
46 39 1826
46 40 96
46 41 937
46 42 1778
46 43 48
46 44 889
46 45 1730
46 46 0
46 47 841
46 48 1682
46 49 48
46 50 889
46 51 1730
46 52 96
46 53 937
46 54 1778
46 55 144
46 56 985
46 57 1826
46 58 192
46 59 1033
46 60 1874
46 61 456
47 0 1297
47 1 905
47 2 800
47 3 310
47 4 646
47 5 224
47 6 787
47 7 736
47 8 493
47 9 527
47 10 844
47 11 342
47 12 316
47 13 133
47 14 272
47 15 1001
47 16 1088
47 17 550
47 18 416
47 19 636
47 20 220
47 21 1036
47 22 414
47 23 970
47 24 98
47 25 1177
47 26 336
47 27 1177
47 28 1129
47 29 288
47 30 1129
47 31 1081
47 32 240
47 33 1081
47 34 1033
47 35 192
47 36 1033
47 37 985
47 38 144
47 39 985
47 40 937
47 41 96
47 42 937
47 43 889
47 44 48
47 45 889
47 46 841
47 47 0
47 48 841
47 49 889
47 50 48
47 51 889
47 52 937
47 53 96
47 54 937
47 55 985
47 56 144
47 57 985
47 58 1033
47 59 192
47 60 1033
47 61 1297
48 0 2138
48 1 1746
48 2 1641
48 3 531
48 4 1487
48 5 1065
48 6 1628
48 7 1577
48 8 636
48 9 1368
48 10 1685
48 11 979
48 12 1005
48 13 974
48 14 857
48 15 1842
48 16 1929
48 17 771
48 18 1001
48 19 493
48 20 1061
48 21 1877
48 22 427
48 23 1811
48 24 839
48 25 2018
48 26 1177
48 27 336
48 28 1970
48 29 1129
48 30 288
48 31 1922
48 32 1081
48 33 240
48 34 1874
48 35 1033
48 36 192
48 37 1826
48 38 985
48 39 144
48 40 1778
48 41 937
48 42 96
48 43 1730
48 44 889
48 45 48
48 46 1682
48 47 841
48 48 0
48 49 1730
48 50 889
48 51 48
48 52 1778
48 53 937
48 54 96
48 55 1826
48 56 985
48 57 144
48 58 1874
48 59 1033
48 60 192
48 61 2138
49 0 504
49 1 272
49 2 185
49 3 1199
49 4 915
49 5 761
49 6 198
49 7 537
49 8 1286
49 9 362
49 10 237
49 11 1231
49 12 1205
49 13 948
49 14 1065
49 15 464
49 16 473
49 17 1439
49 18 1305
49 19 1525
49 20 861
49 21 525
49 22 1303
49 23 207
49 24 891
49 25 384
49 26 1225
49 27 2066
49 28 336
49 29 1177
49 30 2018
49 31 288
49 32 1129
49 33 1970
49 34 240
49 35 1081
49 36 1922
49 37 192
49 38 1033
49 39 1874
49 40 144
49 41 985
49 42 1826
49 43 96
49 44 937
49 45 1778
49 46 48
49 47 889
49 48 1730
49 49 0
49 50 841
49 51 1682
49 52 48
49 53 889
49 54 1730
49 55 96
49 56 937
49 57 1778
49 58 144
49 59 985
49 60 1826
49 61 504
50 0 1345
50 1 857
50 2 848
50 3 358
50 4 694
50 5 176
50 6 835
50 7 784
50 8 445
50 9 479
50 10 796
50 11 390
50 12 364
50 13 181
50 14 224
50 15 1049
50 16 1136
50 17 598
50 18 464
50 19 684
50 20 172
50 21 1084
50 22 462
50 23 922
50 24 50
50 25 1225
50 26 384
50 27 1225
50 28 1177
50 29 336
50 30 1177
50 31 1129
50 32 288
50 33 1129
50 34 1081
50 35 240
50 36 1081
50 37 1033
50 38 192
50 39 1033
50 40 985
50 41 144
50 42 985
50 43 937
50 44 96
50 45 937
50 46 889
50 47 48
50 48 889
50 49 841
50 50 0
50 51 841
50 52 889
50 53 48
50 54 889
50 55 937
50 56 96
50 57 937
50 58 985
50 59 144
50 60 985
50 61 1345
51 0 2186
51 1 1698
51 2 1689
51 3 579
51 4 1535
51 5 1017
51 6 1676
51 7 1625
51 8 588
51 9 1320
51 10 1637
51 11 1027
51 12 1053
51 13 1022
51 14 809
51 15 1890
51 16 1977
51 17 819
51 18 1049
51 19 541
51 20 1013
51 21 1925
51 22 475
51 23 1763
51 24 791
51 25 2066
51 26 1225
51 27 384
51 28 2018
51 29 1177
51 30 336
51 31 1970
51 32 1129
51 33 288
51 34 1922
51 35 1081
51 36 240
51 37 1874
51 38 1033
51 39 192
51 40 1826
51 41 985
51 42 144
51 43 1778
51 44 937
51 45 96
51 46 1730
51 47 889
51 48 48
51 49 1682
51 50 841
51 51 0
51 52 1730
51 53 889
51 54 48
51 55 1778
51 56 937
51 57 96
51 58 1826
51 59 985
51 60 144
51 61 2186
52 0 552
52 1 224
52 2 233
52 3 1247
52 4 963
52 5 713
52 6 246
52 7 585
52 8 1238
52 9 410
52 10 189
52 11 1279
52 12 1253
52 13 996
52 14 1017
52 15 512
52 16 521
52 17 1487
52 18 1353
52 19 1573
52 20 813
52 21 573
52 22 1351
52 23 159
52 24 939
52 25 432
52 26 1273
52 27 2114
52 28 384
52 29 1225
52 30 2066
52 31 336
52 32 1177
52 33 2018
52 34 288
52 35 1129
52 36 1970
52 37 240
52 38 1081
52 39 1922
52 40 192
52 41 1033
52 42 1874
52 43 144
52 44 985
52 45 1826
52 46 96
52 47 937
52 48 1778
52 49 48
52 50 889
52 51 1730
52 52 0
52 53 841
52 54 1682
52 55 48
52 56 889
52 57 1730
52 58 96
52 59 937
52 60 1778
52 61 552
53 0 1393
53 1 809
53 2 896
53 3 406
53 4 742
53 5 128
53 6 883
53 7 832
53 8 397
53 9 527
53 10 748
53 11 438
53 12 412
53 13 229
53 14 176
53 15 1097
53 16 1184
53 17 646
53 18 512
53 19 732
53 20 124
53 21 1132
53 22 510
53 23 874
53 24 98
53 25 1273
53 26 432
53 27 1273
53 28 1225
53 29 384
53 30 1225
53 31 1177
53 32 336
53 33 1177
53 34 1129
53 35 288
53 36 1129
53 37 1081
53 38 240
53 39 1081
53 40 1033
53 41 192
53 42 1033
53 43 985
53 44 144
53 45 985
53 46 937
53 47 96
53 48 937
53 49 889
53 50 48
53 51 889
53 52 841
53 53 0
53 54 841
53 55 889
53 56 48
53 57 889
53 58 937
53 59 96
53 60 937
53 61 1393
54 0 2234
54 1 1650
54 2 1737
54 3 627
54 4 1583
54 5 969
54 6 1724
54 7 1673
54 8 540
54 9 1368
54 10 1589
54 11 1075
54 12 1101
54 13 1070
54 14 761
54 15 1938
54 16 2025
54 17 867
54 18 1097
54 19 589
54 20 965
54 21 1973
54 22 523
54 23 1715
54 24 839
54 25 2114
54 26 1273
54 27 432
54 28 2066
54 29 1225
54 30 384
54 31 2018
54 32 1177
54 33 336
54 34 1970
54 35 1129
54 36 288
54 37 1922
54 38 1081
54 39 240
54 40 1874
54 41 1033
54 42 192
54 43 1826
54 44 985
54 45 144
54 46 1778
54 47 937
54 48 96
54 49 1730
54 50 889
54 51 48
54 52 1682
54 53 841
54 54 0
54 55 1730
54 56 889
54 57 48
54 58 1778
54 59 937
54 60 96
54 61 2234
55 0 600
55 1 176
55 2 281
55 3 1295
55 4 1011
55 5 761
55 6 294
55 7 633
55 8 1190
55 9 458
55 10 141
55 11 1327
55 12 1301
55 13 1044
55 14 969
55 15 560
55 16 569
55 17 1535
55 18 1401
55 19 1621
55 20 765
55 21 621
55 22 1399
55 23 111
55 24 987
55 25 480
55 26 1321
55 27 2162
55 28 432
55 29 1273
55 30 2114
55 31 384
55 32 1225
55 33 2066
55 34 336
55 35 1177
55 36 2018
55 37 288
55 38 1129
55 39 1970
55 40 240
55 41 1081
55 42 1922
55 43 192
55 44 1033
55 45 1874
55 46 144
55 47 985
55 48 1826
55 49 96
55 50 937
55 51 1778
55 52 48
55 53 889
55 54 1730
55 55 0
55 56 841
55 57 1682
55 58 48
55 59 889
55 60 1730
55 61 600
56 0 1441
56 1 761
56 2 944
56 3 454
56 4 790
56 5 176
56 6 931
56 7 880
56 8 349
56 9 575
56 10 700
56 11 486
56 12 460
56 13 277
56 14 128
56 15 1145
56 16 1232
56 17 694
56 18 560
56 19 780
56 20 76
56 21 1180
56 22 558
56 23 826
56 24 146
56 25 1321
56 26 480
56 27 1321
56 28 1273
56 29 432
56 30 1273
56 31 1225
56 32 384
56 33 1225
56 34 1177
56 35 336
56 36 1177
56 37 1129
56 38 288
56 39 1129
56 40 1081
56 41 240
56 42 1081
56 43 1033
56 44 192
56 45 1033
56 46 985
56 47 144
56 48 985
56 49 937
56 50 96
56 51 937
56 52 889
56 53 48
56 54 889
56 55 841
56 56 0
56 57 841
56 58 889
56 59 48
56 60 889
56 61 1441
57 0 2282
57 1 1602
57 2 1785
57 3 675
57 4 1631
57 5 1017
57 6 1772
57 7 1721
57 8 492
57 9 1416
57 10 1541
57 11 1123
57 12 1149
57 13 1118
57 14 713
57 15 1986
57 16 2073
57 17 915
57 18 1145
57 19 637
57 20 917
57 21 2021
57 22 571
57 23 1667
57 24 887
57 25 2162
57 26 1321
57 27 480
57 28 2114
57 29 1273
57 30 432
57 31 2066
57 32 1225
57 33 384
57 34 2018
57 35 1177
57 36 336
57 37 1970
57 38 1129
57 39 288
57 40 1922
57 41 1081
57 42 240
57 43 1874
57 44 1033
57 45 192
57 46 1826
57 47 985
57 48 144
57 49 1778
57 50 937
57 51 96
57 52 1730
57 53 889
57 54 48
57 55 1682
57 56 841
57 57 0
57 58 1730
57 59 889
57 60 48
57 61 2282
58 0 648
58 1 128
58 2 329
58 3 1343
58 4 1059
58 5 809
58 6 342
58 7 681
58 8 1238
58 9 506
58 10 189
58 11 1375
58 12 1349
58 13 1092
58 14 1017
58 15 608
58 16 617
58 17 1583
58 18 1449
58 19 1669
58 20 813
58 21 669
58 22 1447
58 23 63
58 24 1035
58 25 528
58 26 1369
58 27 2210
58 28 480
58 29 1321
58 30 2162
58 31 432
58 32 1273
58 33 2114
58 34 384
58 35 1225
58 36 2066
58 37 336
58 38 1177
58 39 2018
58 40 288
58 41 1129
58 42 1970
58 43 240
58 44 1081
58 45 1922
58 46 192
58 47 1033
58 48 1874
58 49 144
58 50 985
58 51 1826
58 52 96
58 53 937
58 54 1778
58 55 48
58 56 889
58 57 1730
58 58 0
58 59 841
58 60 1682
58 61 648
59 0 1489
59 1 713
59 2 992
59 3 502
59 4 838
59 5 224
59 6 979
59 7 928
59 8 397
59 9 623
59 10 748
59 11 534
59 12 508
59 13 325
59 14 176
59 15 1193
59 16 1280
59 17 742
59 18 608
59 19 828
59 20 124
59 21 1228
59 22 606
59 23 778
59 24 194
59 25 1369
59 26 528
59 27 1369
59 28 1321
59 29 480
59 30 1321
59 31 1273
59 32 432
59 33 1273
59 34 1225
59 35 384
59 36 1225
59 37 1177
59 38 336
59 39 1177
59 40 1129
59 41 288
59 42 1129
59 43 1081
59 44 240
59 45 1081
59 46 1033
59 47 192
59 48 1033
59 49 985
59 50 144
59 51 985
59 52 937
59 53 96
59 54 937
59 55 889
59 56 48
59 57 889
59 58 841
59 59 0
59 60 841
59 61 1489
60 0 2330
60 1 1554
60 2 1833
60 3 723
60 4 1679
60 5 1065
60 6 1820
60 7 1769
60 8 540
60 9 1464
60 10 1589
60 11 1171
60 12 1197
60 13 1166
60 14 761
60 15 2034
60 16 2121
60 17 963
60 18 1193
60 19 685
60 20 965
60 21 2069
60 22 619
60 23 1619
60 24 935
60 25 2210
60 26 1369
60 27 528
60 28 2162
60 29 1321
60 30 480
60 31 2114
60 32 1273
60 33 432
60 34 2066
60 35 1225
