//alpha
1
//NbLocations
55
//NbProducts
18
//NbPickers
2
//CapaPicker
8
//TimeToTravelOneDistanceUnit
3
//SetupTime
5400
//PickTime
300
//Products
//Idx Location Size
1 1 1
2 2 1
3 3 1
4 4 1
5 5 1
6 6 1
7 7 1
8 8 1
9 9 1
10 10 1
11 11 1
12 12 1
13 13 1
14 14 1
15 15 1
16 16 1
17 17 1
18 18 1
//Orders
//NbOrders
12
//Idx DueDate TardinessPenalty NbProdInOrder ProdIdx1 Qty1 ProdIdx2 Qty2 ...
1 108000 0 1 1 1
2 54000 0 2 2 1 3 1
3 90000 0 1 4 1
4 108000 0 1 5 1
5 72000 0 2 6 1 7 1
6 72000 0 1 8 1
7 108000 0 1 9 1
8 108000 0 3 10 1 11 1 12 1
9 54000 0 1 13 1
10 126000 0 2 14 1 15 1
11 108000 0 1 16 1
12 108000 0 2 17 1 18 1
//Graph (Products are vertices indexed from 1 to NbProducts)
//NbVerticesIntersections
36
//DepartingDepot
0
//ArrivalDepot
55
//Arcs
//Start End Distance
0 19 120
1 38 297
1 39 544
2 8 26
2 22 102
3 40 752
3 41 89
4 19 674
4 20 167
5 6 559
5 53 50
6 5 559
6 54 232
7 9 117
7 49 193
8 2 26
8 23 713
9 7 117
9 50 531
10 35 804
10 36 37
11 47 453
11 48 388
12 25 518
12 26 323
13 16 312
13 44 89
14 32 375
14 33 466
15 23 726
15 24 115
16 13 312
16 45 440
17 46 323
17 47 518
18 41 193
18 42 648
19 4 674
19 22 48
19 55 120
20 4 167
20 21 841
20 23 48
21 20 841
21 24 48
22 2 102
22 19 48
22 25 48
23 8 713
23 15 726
23 20 48
23 26 48
24 15 115
24 21 48
24 27 48
25 12 518
25 22 48
25 28 48
26 12 323
26 23 48
26 27 841
26 29 48
27 24 48
27 26 841
27 30 48
28 25 48
28 29 841
28 31 48
29 26 48
29 28 841
29 30 841
29 32 48
30 27 48
30 29 841
30 33 48
31 28 48
31 32 841
31 34 48
32 14 375
32 29 48
32 31 841
32 35 48
33 14 466
33 30 48
33 36 48
34 31 48
34 35 841
34 37 48
35 10 804
35 32 48
35 34 841
35 38 48
36 10 37
36 33 48
36 39 48
37 34 48
37 38 841
37 40 48
38 1 297
38 35 48
38 37 841
38 41 48
39 1 544
39 36 48
39 42 48
40 3 752
40 37 48
40 43 48
41 3 89
41 18 193
41 38 48
41 44 48
42 18 648
42 39 48
42 45 48
43 40 48
43 44 841
43 46 48
44 13 89
44 41 48
44 43 841
44 47 48
45 16 440
45 42 48
45 48 48
46 17 323
46 43 48
46 49 48
47 11 453
47 17 518
47 44 48
47 50 48
48 11 388
48 45 48
48 51 48
49 7 193
49 46 48
49 52 48
50 9 531
50 47 48
50 51 841
50 53 48
51 48 48
51 50 841
51 54 48
52 49 48
52 53 841
53 5 50
53 50 48
53 52 841
54 6 232
54 51 48
//LocStart LocEnd ShortestPath
0 0 0
0 1 1546
0 2 270
0 3 1208
0 4 794
0 5 1539
0 6 2098
0 7 793
0 8 296
0 9 910
0 10 2005
0 11 1846
0 12 734
0 13 1434
0 14 1528
0 15 1735
0 16 1746
0 17 875
0 18 1490
0 19 120
0 20 961
0 21 1802
0 22 168
0 23 1009
0 24 1850
0 25 216
0 26 1057
0 27 1898
0 28 264
0 29 1105
0 30 1946
0 31 312
0 32 1153
0 33 1994
0 34 360
0 35 1201
0 36 2042
0 37 408
0 38 1249
0 39 2090
0 40 456
0 41 1297
0 42 2138
0 43 504
0 44 1345
0 45 2186
0 46 552
0 47 1393
0 48 2234
0 49 600
0 50 1441
0 51 2282
0 52 648
0 53 1489
0 54 2330
0 55 0
1 0 1546
1 1 0
1 2 1276
1 3 434
1 4 752
1 5 587
1 6 1016
1 7 1137
1 8 1250
1 9 1020
1 10 629
1 11 894
1 12 812
1 13 482
1 14 768
1 15 899
1 16 794
1 17 959
1 18 538
1 19 1426
1 20 585
1 21 832
1 22 1378
1 23 537
1 24 784
1 25 1330
1 26 489
1 27 736
1 28 1282
1 29 441
1 30 688
1 31 1234
1 32 393
1 33 640
1 34 1186
1 35 345
1 36 592
1 37 1138
1 38 297
1 39 544
1 40 1186
1 41 345
1 42 592
1 43 1234
1 44 393
1 45 640
1 46 1282
1 47 441
1 48 688
1 49 1330
1 50 489
1 51 736
1 52 1378
1 53 537
1 54 784
1 55 1546
2 0 270
2 1 1276
2 2 0
2 3 1116
2 4 824
2 5 1269
2 6 1828
2 7 727
2 8 26
2 9 844
2 10 1735
2 11 1576
2 12 668
2 13 1164
2 14 1258
2 15 1465
2 16 1476
2 17 809
2 18 1220
2 19 150
2 20 787
2 21 1628
2 22 102
2 23 739
2 24 1580
2 25 150
2 26 787
2 27 1628
2 28 198
2 29 835
2 30 1676
2 31 246
2 32 883
2 33 1724
2 34 294
2 35 931
2 36 1772
2 37 342
2 38 979
2 39 1820
2 40 390
2 41 1027
2 42 1868
2 43 438
2 44 1075
2 45 1916
2 46 486
2 47 1123
2 48 1964
2 49 534
2 50 1171
2 51 2012
2 52 582
2 53 1219
2 54 2060
2 55 270
3 0 1208
3 1 434
3 2 1116
3 3 0
3 4 592
3 5 331
3 6 890
3 7 881
3 8 1090
3 9 764
3 10 989
3 11 638
3 12 652
3 13 226
3 14 608
3 15 1103
3 16 538
3 17 703
3 18 282
3 19 1088
3 20 425
3 21 1266
3 22 1040
3 23 377
3 24 1218
3 25 992
3 26 329
3 27 1170
3 28 944
3 29 281
3 30 1122
3 31 896
3 32 233
3 33 1074
3 34 848
3 35 185
3 36 1026
3 37 800
3 38 137
3 39 978
3 40 752
3 41 89
3 42 930
3 43 800
3 44 137
3 45 978
3 46 848
3 47 185
3 48 1026
3 49 896
3 50 233
3 51 1074
3 52 944
3 53 281
3 54 1122
3 55 1208
4 0 794
4 1 752
4 2 824
4 3 592
4 4 0
4 5 745
4 6 1304
4 7 1295
4 8 850
4 9 1178
4 10 1211
4 11 1052
4 12 586
4 13 640
4 14 734
4 15 941
4 16 952
4 17 1117
4 18 696
4 19 674
4 20 167
4 21 1008
4 22 722
4 23 215
4 24 1056
4 25 770
4 26 263
4 27 1104
4 28 818
4 29 311
4 30 1152
4 31 866
4 32 359
4 33 1200
4 34 914
4 35 407
4 36 1248
4 37 962
4 38 455
4 39 1296
4 40 1010
4 41 503
4 42 1344
4 43 1058
4 44 551
4 45 1392
4 46 1106
4 47 599
4 48 1440
4 49 1154
4 50 647
4 51 1488
4 52 1202
4 53 695
4 54 1536
4 55 794
5 0 1539
5 1 587
5 2 1269
5 3 331
5 4 745
5 5 0
5 6 559
5 7 746
5 8 1243
5 9 629
5 10 1116
5 11 599
5 12 805
5 13 283
5 14 761
5 15 1256
5 16 595
5 17 664
5 18 435
5 19 1419
5 20 578
5 21 1319
5 22 1371
5 23 530
5 24 1271
5 25 1323
5 26 482
5 27 1223
5 28 1275
5 29 434
5 30 1175
5 31 1227
5 32 386
5 33 1127
5 34 1179
5 35 338
5 36 1079
5 37 1131
5 38 290
5 39 1031
5 40 1083
5 41 242
5 42 983
5 43 1035
5 44 194
5 45 935
5 46 987
5 47 146
5 48 887
5 49 939
5 50 98
5 51 839
5 52 891
5 53 50
5 54 791
5 55 1539
6 0 2098
6 1 1016
6 2 1828
6 3 890
6 4 1304
6 5 559
6 6 0
6 7 1305
6 8 1802
6 9 1188
6 10 557
6 11 716
6 12 1364
6 13 842
6 14 1034
6 15 827
6 16 816
6 17 1223
6 18 994
6 19 1978
6 20 1137
6 21 760
6 22 1930
6 23 1089
6 24 712
6 25 1882
6 26 1041
6 27 664
6 28 1834
6 29 993
6 30 616
6 31 1786
6 32 945
6 33 568
6 34 1738
6 35 897
6 36 520
6 37 1690
6 38 849
6 39 472
6 40 1642
6 41 801
6 42 424
6 43 1594
6 44 753
6 45 376
6 46 1546
6 47 705
6 48 328
6 49 1498
6 50 657
6 51 280
6 52 1450
6 53 609
6 54 232
6 55 2098
7 0 793
7 1 1137
7 2 727
7 3 881
7 4 1295
7 5 746
7 6 1305
7 7 0
7 8 753
7 9 117
7 10 1692
7 11 1149
7 12 1095
7 13 833
7 14 1311
7 15 1806
7 16 1145
7 17 564
7 18 985
7 19 673
7 20 1128
7 21 1969
7 22 625
7 23 1080
7 24 1921
7 25 577
7 26 1032
7 27 1873
7 28 529
7 29 984
7 30 1825
7 31 481
7 32 936
7 33 1777
7 34 433
7 35 888
7 36 1729
7 37 385
7 38 840
7 39 1681
7 40 337
7 41 792
7 42 1633
7 43 289
7 44 744
7 45 1585
7 46 241
7 47 696
7 48 1537
7 49 193
7 50 648
7 51 1489
7 52 241
7 53 696
7 54 1537
7 55 793
8 0 296
8 1 1250
8 2 26
8 3 1090
8 4 850
8 5 1243
8 6 1802
8 7 753
8 8 0
8 9 870
8 10 1709
8 11 1550
8 12 694
8 13 1138
8 14 1232
8 15 1439
8 16 1450
8 17 835
8 18 1194
8 19 176
8 20 761
8 21 1602
8 22 128
8 23 713
8 24 1554
8 25 176
8 26 761
8 27 1602
8 28 224
8 29 809
8 30 1650
8 31 272
8 32 857
8 33 1698
8 34 320
8 35 905
8 36 1746
8 37 368
8 38 953
8 39 1794
8 40 416
8 41 1001
8 42 1842
8 43 464
8 44 1049
8 45 1890
8 46 512
8 47 1097
8 48 1938
8 49 560
8 50 1145
8 51 1986
8 52 608
8 53 1193
8 54 2034
8 55 296
9 0 910
9 1 1020
9 2 844
9 3 764
9 4 1178
9 5 629
9 6 1188
9 7 117
9 8 870
9 9 0
9 10 1575
9 11 1032
9 12 1212
9 13 716
9 14 1194
9 15 1689
9 16 1028
9 17 681
9 18 868
9 19 790
9 20 1011
9 21 1852
9 22 742
9 23 963
9 24 1804
9 25 694
9 26 915
9 27 1756
9 28 646
9 29 867
9 30 1708
9 31 598
9 32 819
9 33 1660
9 34 550
9 35 771
9 36 1612
9 37 502
9 38 723
9 39 1564
9 40 454
9 41 675
9 42 1516
9 43 406
9 44 627
9 45 1468
9 46 358
9 47 579
9 48 1420
9 49 310
9 50 531
9 51 1372
9 52 358
9 53 579
9 54 1420
9 55 910
10 0 2005
10 1 629
10 2 1735
10 3 989
10 4 1211
10 5 1116
10 6 557
10 7 1692
10 8 1709
10 9 1575
10 10 0
10 11 617
10 12 1271
10 13 933
10 14 551
10 15 344
10 16 621
10 17 1514
10 18 781
10 19 1885
10 20 1044
10 21 277
10 22 1837
10 23 996
10 24 229
10 25 1789
10 26 948
10 27 181
10 28 1741
10 29 900
10 30 133
10 31 1693
10 32 852
10 33 85
10 34 1645
10 35 804
10 36 37
10 37 1693
10 38 852
10 39 85
10 40 1741
10 41 900
10 42 133
10 43 1789
10 44 948
10 45 181
10 46 1837
10 47 996
10 48 229
10 49 1885
10 50 1044
10 51 277
10 52 1933
10 53 1092
10 54 325
10 55 2005
11 0 1846
11 1 894
11 2 1576
11 3 638
11 4 1052
11 5 599
11 6 716
11 7 1149
11 8 1550
11 9 1032
11 10 617
11 11 0
11 12 1112
11 13 590
11 14 1068
11 15 887
11 16 876
11 17 971
11 18 742
11 19 1726
11 20 885
11 21 820
11 22 1678
11 23 837
11 24 772
11 25 1630
11 26 789
11 27 724
11 28 1582
11 29 741
11 30 676
11 31 1534
11 32 693
11 33 628
11 34 1486
11 35 645
11 36 580
11 37 1438
11 38 597
11 39 532
11 40 1390
11 41 549
11 42 484
11 43 1342
11 44 501
11 45 436
11 46 1294
11 47 453
11 48 388
11 49 1342
11 50 501
11 51 436
11 52 1390
11 53 549
11 54 484
11 55 1846
12 0 734
12 1 812
12 2 668
12 3 652
12 4 586
12 5 805
12 6 1364
12 7 1095
12 8 694
12 9 1212
12 10 1271
12 11 1112
12 12 0
12 13 700
12 14 794
12 15 1097
12 16 1012
12 17 1177
12 18 756
12 19 614
12 20 419
12 21 1260
12 22 566
12 23 371
12 24 1212
12 25 518
12 26 323
12 27 1164
12 28 566
12 29 371
12 30 1212
12 31 614
12 32 419
12 33 1260
12 34 662
12 35 467
12 36 1308
12 37 710
12 38 515
12 39 1356
12 40 758
12 41 563
12 42 1404
12 43 806
12 44 611
12 45 1452
12 46 854
12 47 659
12 48 1500
12 49 902
12 50 707
12 51 1548
12 52 950
12 53 755
12 54 1596
12 55 734
13 0 1434
13 1 482
13 2 1164
13 3 226
13 4 640
13 5 283
13 6 842
13 7 833
13 8 1138
13 9 716
13 10 933
13 11 590
13 12 700
13 13 0
13 14 656
13 15 1151
13 16 312
13 17 655
13 18 330
13 19 1314
13 20 473
13 21 1136
13 22 1266
13 23 425
13 24 1088
13 25 1218
13 26 377
13 27 1040
13 28 1170
13 29 329
13 30 992
13 31 1122
13 32 281
13 33 944
13 34 1074
13 35 233
13 36 896
13 37 1026
13 38 185
13 39 848
13 40 978
13 41 137
13 42 800
13 43 930
13 44 89
13 45 752
13 46 978
13 47 137
13 48 800
13 49 1026
13 50 185
13 51 848
13 52 1074
13 53 233
13 54 896
13 55 1434
14 0 1528
14 1 768
14 2 1258
14 3 608
14 4 734
14 5 761
14 6 1034
14 7 1311
14 8 1232
14 9 1194
14 10 551
14 11 1068
14 12 794
14 13 656
14 14 0
14 15 725
14 16 968
14 17 1133
14 18 712
14 19 1408
14 20 567
14 21 658
14 22 1360
14 23 519
14 24 610
14 25 1312
14 26 471
14 27 562
14 28 1264
14 29 423
14 30 514
14 31 1216
14 32 375
14 33 466
14 34 1264
14 35 423
14 36 514
14 37 1312
14 38 471
14 39 562
14 40 1360
14 41 519
14 42 610
14 43 1408
14 44 567
14 45 658
14 46 1456
14 47 615
14 48 706
14 49 1504
14 50 663
14 51 754
14 52 1552
14 53 711
14 54 802
14 55 1528
15 0 1735
15 1 899
15 2 1465
15 3 1103
15 4 941
15 5 1256
15 6 827
15 7 1806
15 8 1439
15 9 1689
15 10 344
15 11 887
15 12 1097
15 13 1151
15 14 725
15 15 0
15 16 891
15 17 1628
15 18 1051
15 19 1615
15 20 774
15 21 163
15 22 1567
15 23 726
15 24 115
15 25 1615
15 26 774
15 27 163
15 28 1663
15 29 822
15 30 211
15 31 1711
15 32 870
15 33 259
15 34 1759
15 35 918
15 36 307
15 37 1807
15 38 966
15 39 355
15 40 1855
15 41 1014
15 42 403
15 43 1903
15 44 1062
15 45 451
15 46 1951
15 47 1110
15 48 499
15 49 1999
15 50 1158
15 51 547
15 52 2047
15 53 1206
15 54 595
15 55 1735
16 0 1746
16 1 794
16 2 1476
16 3 538
16 4 952
16 5 595
16 6 816
16 7 1145
16 8 1450
16 9 1028
16 10 621
16 11 876
16 12 1012
16 13 312
16 14 968
16 15 891
16 16 0
16 17 967
16 18 642
16 19 1626
16 20 785
16 21 824
16 22 1578
16 23 737
16 24 776
16 25 1530
16 26 689
16 27 728
16 28 1482
16 29 641
16 30 680
16 31 1434
16 32 593
16 33 632
16 34 1386
16 35 545
16 36 584
16 37 1338
16 38 497
16 39 536
16 40 1290
16 41 449
16 42 488
16 43 1242
16 44 401
16 45 440
16 46 1290
16 47 449
16 48 488
16 49 1338
16 50 497
16 51 536
16 52 1386
16 53 545
16 54 584
16 55 1746
17 0 875
17 1 959
17 2 809
17 3 703
17 4 1117
17 5 664
17 6 1223
17 7 564
17 8 835
17 9 681
17 10 1514
17 11 971
17 12 1177
17 13 655
17 14 1133
17 15 1628
17 16 967
17 17 0
17 18 807
17 19 755
17 20 950
17 21 1791
17 22 707
17 23 902
17 24 1743
17 25 659
17 26 854
17 27 1695
17 28 611
17 29 806
17 30 1647
17 31 563
17 32 758
17 33 1599
17 34 515
17 35 710
17 36 1551
17 37 467
17 38 662
17 39 1503
17 40 419
17 41 614
17 42 1455
17 43 371
17 44 566
17 45 1407
17 46 323
17 47 518
17 48 1359
17 49 371
17 50 566
17 51 1407
17 52 419
17 53 614
17 54 1455
17 55 875
18 0 1490
18 1 538
18 2 1220
18 3 282
18 4 696
18 5 435
18 6 994
18 7 985
18 8 1194
18 9 868
18 10 781
18 11 742
18 12 756
18 13 330
18 14 712
18 15 1051
18 16 642
18 17 807
18 18 0
18 19 1370
18 20 529
18 21 984
18 22 1322
18 23 481
18 24 936
18 25 1274
18 26 433
18 27 888
18 28 1226
18 29 385
18 30 840
18 31 1178
18 32 337
18 33 792
18 34 1130
18 35 289
18 36 744
18 37 1082
18 38 241
18 39 696
18 40 1034
18 41 193
18 42 648
18 43 1082
18 44 241
18 45 696
18 46 1130
18 47 289
18 48 744
18 49 1178
18 50 337
18 51 792
18 52 1226
18 53 385
18 54 840
18 55 1490
19 0 120
19 1 1426
19 2 150
19 3 1088
19 4 674
19 5 1419
19 6 1978
19 7 673
19 8 176
19 9 790
19 10 1885
19 11 1726
19 12 614
19 13 1314
19 14 1408
19 15 1615
19 16 1626
19 17 755
19 18 1370
19 19 0
19 20 841
19 21 1682
19 22 48
19 23 889
19 24 1730
19 25 96
19 26 937
19 27 1778
19 28 144
19 29 985
19 30 1826
19 31 192
19 32 1033
19 33 1874
19 34 240
19 35 1081
19 36 1922
19 37 288
19 38 1129
19 39 1970
19 40 336
19 41 1177
19 42 2018
19 43 384
19 44 1225
19 45 2066
19 46 432
19 47 1273
19 48 2114
19 49 480
19 50 1321
19 51 2162
19 52 528
19 53 1369
19 54 2210
19 55 120
20 0 961
20 1 585
20 2 787
20 3 425
20 4 167
20 5 578
20 6 1137
20 7 1128
20 8 761
20 9 1011
20 10 1044
20 11 885
20 12 419
20 13 473
20 14 567
20 15 774
20 16 785
20 17 950
20 18 529
20 19 841
20 20 0
20 21 841
20 22 889
20 23 48
20 24 889
20 25 937
20 26 96
20 27 937
20 28 985
20 29 144
20 30 985
20 31 1033
20 32 192
20 33 1033
20 34 1081
20 35 240
20 36 1081
20 37 1129
20 38 288
20 39 1129
20 40 1177
20 41 336
20 42 1177
20 43 1225
20 44 384
20 45 1225
20 46 1273
20 47 432
20 48 1273
20 49 1321
20 50 480
20 51 1321
20 52 1369
20 53 528
20 54 1369
20 55 961
21 0 1802
21 1 832
21 2 1628
21 3 1266
21 4 1008
21 5 1319
21 6 760
21 7 1969
21 8 1602
21 9 1852
21 10 277
21 11 820
21 12 1260
21 13 1136
21 14 658
21 15 163
21 16 824
21 17 1791
21 18 984
21 19 1682
21 20 841
21 21 0
21 22 1730
21 23 889
21 24 48
21 25 1778
21 26 937
21 27 96
21 28 1826
21 29 985
21 30 144
21 31 1874
21 32 1033
21 33 192
21 34 1922
21 35 1081
21 36 240
21 37 1970
21 38 1129
21 39 288
21 40 2018
21 41 1177
21 42 336
21 43 2066
21 44 1225
21 45 384
21 46 2114
21 47 1273
21 48 432
21 49 2162
21 50 1321
21 51 480
21 52 2210
21 53 1369
21 54 528
21 55 1802
22 0 168
22 1 1378
22 2 102
22 3 1040
22 4 722
22 5 1371
22 6 1930
22 7 625
22 8 128
22 9 742
22 10 1837
22 11 1678
22 12 566
22 13 1266
22 14 1360
22 15 1567
22 16 1578
22 17 707
22 18 1322
22 19 48
22 20 889
22 21 1730
22 22 0
22 23 841
22 24 1682
22 25 48
22 26 889
22 27 1730
22 28 96
22 29 937
22 30 1778
22 31 144
22 32 985
22 33 1826
22 34 192
22 35 1033
22 36 1874
22 37 240
22 38 1081
22 39 1922
22 40 288
22 41 1129
22 42 1970
22 43 336
22 44 1177
22 45 2018
22 46 384
22 47 1225
22 48 2066
22 49 432
22 50 1273
22 51 2114
22 52 480
22 53 1321
22 54 2162
22 55 168
23 0 1009
23 1 537
23 2 739
23 3 377
23 4 215
23 5 530
23 6 1089
23 7 1080
23 8 713
23 9 963
23 10 996
23 11 837
23 12 371
23 13 425
23 14 519
23 15 726
23 16 737
23 17 902
23 18 481
23 19 889
23 20 48
23 21 889
23 22 841
23 23 0
23 24 841
23 25 889
23 26 48
23 27 889
23 28 937
23 29 96
23 30 937
23 31 985
23 32 144
23 33 985
23 34 1033
23 35 192
23 36 1033
23 37 1081
23 38 240
23 39 1081
23 40 1129
23 41 288
23 42 1129
23 43 1177
23 44 336
23 45 1177
23 46 1225
23 47 384
23 48 1225
23 49 1273
23 50 432
23 51 1273
23 52 1321
23 53 480
23 54 1321
23 55 1009
24 0 1850
24 1 784
24 2 1580
24 3 1218
24 4 1056
24 5 1271
24 6 712
24 7 1921
24 8 1554
24 9 1804
24 10 229
24 11 772
24 12 1212
24 13 1088
24 14 610
24 15 115
24 16 776
24 17 1743
24 18 936
24 19 1730
24 20 889
24 21 48
24 22 1682
24 23 841
24 24 0
24 25 1730
24 26 889
24 27 48
24 28 1778
24 29 937
24 30 96
24 31 1826
24 32 985
24 33 144
24 34 1874
24 35 1033
24 36 192
24 37 1922
24 38 1081
24 39 240
24 40 1970
24 41 1129
24 42 288
24 43 2018
24 44 1177
24 45 336
24 46 2066
24 47 1225
24 48 384
24 49 2114
24 50 1273
24 51 432
24 52 2162
24 53 1321
24 54 480
24 55 1850
25 0 216
25 1 1330
25 2 150
25 3 992
25 4 770
25 5 1323
25 6 1882
25 7 577
25 8 176
25 9 694
25 10 1789
25 11 1630
25 12 518
25 13 1218
25 14 1312
25 15 1615
25 16 1530
25 17 659
25 18 1274
25 19 96
25 20 937
25 21 1778
25 22 48
25 23 889
25 24 1730
25 25 0
25 26 841
25 27 1682
25 28 48
25 29 889
25 30 1730
25 31 96
25 32 937
25 33 1778
25 34 144
25 35 985
25 36 1826
25 37 192
25 38 1033
25 39 1874
25 40 240
25 41 1081
25 42 1922
25 43 288
25 44 1129
25 45 1970
25 46 336
25 47 1177
25 48 2018
25 49 384
25 50 1225
25 51 2066
25 52 432
25 53 1273
25 54 2114
25 55 216
26 0 1057
26 1 489
26 2 787
26 3 329
26 4 263
26 5 482
26 6 1041
26 7 1032
26 8 761
26 9 915
26 10 948
26 11 789
26 12 323
26 13 377
26 14 471
26 15 774
26 16 689
26 17 854
26 18 433
26 19 937
26 20 96
26 21 937
26 22 889
26 23 48
26 24 889
26 25 841
26 26 0
26 27 841
26 28 889
26 29 48
26 30 889
26 31 937
26 32 96
26 33 937
26 34 985
26 35 144
26 36 985
26 37 1033
26 38 192
26 39 1033
26 40 1081
26 41 240
26 42 1081
26 43 1129
26 44 288
26 45 1129
26 46 1177
26 47 336
26 48 1177
26 49 1225
26 50 384
26 51 1225
26 52 1273
26 53 432
26 54 1273
26 55 1057
27 0 1898
27 1 736
27 2 1628
27 3 1170
27 4 1104
27 5 1223
27 6 664
27 7 1873
27 8 1602
27 9 1756
27 10 181
27 11 724
27 12 1164
27 13 1040
27 14 562
27 15 163
27 16 728
27 17 1695
27 18 888
27 19 1778
27 20 937
27 21 96
27 22 1730
27 23 889
27 24 48
27 25 1682
27 26 841
27 27 0
27 28 1730
27 29 889
27 30 48
27 31 1778
27 32 937
27 33 96
27 34 1826
27 35 985
27 36 144
27 37 1874
27 38 1033
27 39 192
27 40 1922
27 41 1081
27 42 240
27 43 1970
27 44 1129
27 45 288
27 46 2018
27 47 1177
27 48 336
27 49 2066
27 50 1225
27 51 384
27 52 2114
27 53 1273
27 54 432
27 55 1898
28 0 264
28 1 1282
28 2 198
28 3 944
28 4 818
28 5 1275
28 6 1834
28 7 529
28 8 224
28 9 646
28 10 1741
28 11 1582
28 12 566
28 13 1170
28 14 1264
28 15 1663
28 16 1482
28 17 611
28 18 1226
28 19 144
28 20 985
28 21 1826
28 22 96
28 23 937
28 24 1778
28 25 48
28 26 889
28 27 1730
28 28 0
28 29 841
28 30 1682
28 31 48
28 32 889
28 33 1730
28 34 96
28 35 937
28 36 1778
28 37 144
28 38 985
28 39 1826
28 40 192
28 41 1033
28 42 1874
28 43 240
28 44 1081
28 45 1922
28 46 288
28 47 1129
28 48 1970
28 49 336
28 50 1177
28 51 2018
28 52 384
28 53 1225
28 54 2066
28 55 264
29 0 1105
29 1 441
29 2 835
29 3 281
29 4 311
29 5 434
29 6 993
29 7 984
29 8 809
29 9 867
29 10 900
29 11 741
29 12 371
29 13 329
29 14 423
29 15 822
29 16 641
29 17 806
29 18 385
29 19 985
29 20 144
29 21 985
29 22 937
29 23 96
29 24 937
29 25 889
29 26 48
29 27 889
29 28 841
29 29 0
29 30 841
29 31 889
29 32 48
29 33 889
29 34 937
29 35 96
29 36 937
29 37 985
29 38 144
29 39 985
29 40 1033
29 41 192
29 42 1033
29 43 1081
29 44 240
29 45 1081
29 46 1129
29 47 288
29 48 1129
29 49 1177
29 50 336
29 51 1177
29 52 1225
29 53 384
29 54 1225
29 55 1105
30 0 1946
30 1 688
30 2 1676
30 3 1122
30 4 1152
30 5 1175
30 6 616
30 7 1825
30 8 1650
30 9 1708
30 10 133
30 11 676
30 12 1212
30 13 992
30 14 514
30 15 211
30 16 680
30 17 1647
30 18 840
30 19 1826
30 20 985
30 21 144
30 22 1778
30 23 937
30 24 96
30 25 1730
30 26 889
30 27 48
30 28 1682
30 29 841
30 30 0
30 31 1730
30 32 889
30 33 48
30 34 1778
30 35 937
30 36 96
30 37 1826
30 38 985
30 39 144
30 40 1874
30 41 1033
30 42 192
30 43 1922
30 44 1081
30 45 240
30 46 1970
30 47 1129
30 48 288
30 49 2018
30 50 1177
30 51 336
30 52 2066
30 53 1225
30 54 384
30 55 1946
31 0 312
31 1 1234
31 2 246
31 3 896
31 4 866
31 5 1227
31 6 1786
31 7 481
31 8 272
31 9 598
31 10 1693
31 11 1534
31 12 614
31 13 1122
31 14 1216
31 15 1711
31 16 1434
31 17 563
31 18 1178
31 19 192
31 20 1033
31 21 1874
31 22 144
31 23 985
31 24 1826
31 25 96
31 26 937
31 27 1778
31 28 48
31 29 889
31 30 1730
31 31 0
31 32 841
31 33 1682
31 34 48
31 35 889
31 36 1730
31 37 96
31 38 937
31 39 1778
31 40 144
31 41 985
31 42 1826
31 43 192
31 44 1033
31 45 1874
31 46 240
31 47 1081
31 48 1922
31 49 288
31 50 1129
31 51 1970
31 52 336
31 53 1177
31 54 2018
31 55 312
32 0 1153
32 1 393
32 2 883
32 3 233
32 4 359
32 5 386
32 6 945
32 7 936
32 8 857
32 9 819
32 10 852
32 11 693
32 12 419
32 13 281
32 14 375
32 15 870
32 16 593
32 17 758
32 18 337
32 19 1033
32 20 192
32 21 1033
32 22 985
32 23 144
32 24 985
32 25 937
32 26 96
32 27 937
32 28 889
32 29 48
32 30 889
32 31 841
32 32 0
32 33 841
32 34 889
32 35 48
32 36 889
32 37 937
32 38 96
32 39 937
32 40 985
32 41 144
32 42 985
32 43 1033
32 44 192
32 45 1033
32 46 1081
32 47 240
32 48 1081
32 49 1129
32 50 288
32 51 1129
32 52 1177
32 53 336
32 54 1177
32 55 1153
33 0 1994
33 1 640
33 2 1724
33 3 1074
33 4 1200
33 5 1127
33 6 568
33 7 1777
33 8 1698
33 9 1660
33 10 85
33 11 628
33 12 1260
33 13 944
33 14 466
33 15 259
33 16 632
33 17 1599
33 18 792
33 19 1874
33 20 1033
33 21 192
33 22 1826
33 23 985
33 24 144
33 25 1778
33 26 937
33 27 96
33 28 1730
33 29 889
33 30 48
33 31 1682
33 32 841
33 33 0
33 34 1730
33 35 889
33 36 48
33 37 1778
33 38 937
33 39 96
33 40 1826
33 41 985
33 42 144
33 43 1874
33 44 1033
33 45 192
33 46 1922
33 47 1081
33 48 240
33 49 1970
33 50 1129
33 51 288
33 52 2018
33 53 1177
33 54 336
33 55 1994
34 0 360
34 1 1186
34 2 294
34 3 848
34 4 914
34 5 1179
34 6 1738
34 7 433
34 8 320
34 9 550
34 10 1645
34 11 1486
34 12 662
34 13 1074
34 14 1264
34 15 1759
34 16 1386
34 17 515
34 18 1130
34 19 240
34 20 1081
34 21 1922
34 22 192
34 23 1033
34 24 1874
34 25 144
34 26 985
34 27 1826
34 28 96
34 29 937
34 30 1778
34 31 48
34 32 889
34 33 1730
34 34 0
34 35 841
34 36 1682
34 37 48
34 38 889
34 39 1730
34 40 96
34 41 937
34 42 1778
34 43 144
34 44 985
34 45 1826
34 46 192
34 47 1033
34 48 1874
34 49 240
34 50 1081
34 51 1922
34 52 288
34 53 1129
34 54 1970
34 55 360
35 0 1201
35 1 345
35 2 931
35 3 185
35 4 407
35 5 338
35 6 897
35 7 888
35 8 905
35 9 771
35 10 804
35 11 645
35 12 467
35 13 233
35 14 423
35 15 918
35 16 545
35 17 710
35 18 289
35 19 1081
35 20 240
35 21 1081
35 22 1033
35 23 192
35 24 1033
35 25 985
35 26 144
35 27 985
35 28 937
35 29 96
35 30 937
35 31 889
35 32 48
35 33 889
35 34 841
35 35 0
35 36 841
35 37 889
35 38 48
35 39 889
35 40 937
35 41 96
35 42 937
35 43 985
35 44 144
35 45 985
35 46 1033
35 47 192
35 48 1033
35 49 1081
35 50 240
35 51 1081
35 52 1129
35 53 288
35 54 1129
35 55 1201
36 0 2042
36 1 592
36 2 1772
36 3 1026
36 4 1248
36 5 1079
36 6 520
36 7 1729
36 8 1746
36 9 1612
36 10 37
36 11 580
36 12 1308
36 13 896
36 14 514
36 15 307
36 16 584
36 17 1551
36 18 744
36 19 1922
36 20 1081
36 21 240
36 22 1874
36 23 1033
36 24 192
36 25 1826
36 26 985
36 27 144
36 28 1778
36 29 937
36 30 96
36 31 1730
36 32 889
36 33 48
36 34 1682
36 35 841
36 36 0
36 37 1730
36 38 889
36 39 48
36 40 1778
36 41 937
36 42 96
36 43 1826
36 44 985
36 45 144
36 46 1874
36 47 1033
36 48 192
36 49 1922
36 50 1081
36 51 240
36 52 1970
36 53 1129
36 54 288
36 55 2042
37 0 408
37 1 1138
37 2 342
37 3 800
37 4 962
37 5 1131
37 6 1690
37 7 385
37 8 368
37 9 502
37 10 1693
37 11 1438
37 12 710
37 13 1026
37 14 1312
37 15 1807
37 16 1338
37 17 467
37 18 1082
37 19 288
37 20 1129
37 21 1970
37 22 240
37 23 1081
37 24 1922
37 25 192
37 26 1033
37 27 1874
37 28 144
37 29 985
37 30 1826
37 31 96
37 32 937
37 33 1778
37 34 48
37 35 889
37 36 1730
37 37 0
37 38 841
37 39 1682
37 40 48
37 41 889
37 42 1730
37 43 96
37 44 937
37 45 1778
37 46 144
37 47 985
37 48 1826
37 49 192
37 50 1033
37 51 1874
37 52 240
37 53 1081
37 54 1922
37 55 408
38 0 1249
38 1 297
38 2 979
38 3 137
38 4 455
38 5 290
38 6 849
38 7 840
38 8 953
38 9 723
38 10 852
38 11 597
38 12 515
38 13 185
38 14 471
38 15 966
38 16 497
38 17 662
38 18 241
38 19 1129
38 20 288
38 21 1129
38 22 1081
38 23 240
38 24 1081
38 25 1033
38 26 192
38 27 1033
38 28 985
38 29 144
38 30 985
38 31 937
38 32 96
38 33 937
38 34 889
38 35 48
38 36 889
38 37 841
38 38 0
38 39 841
38 40 889
38 41 48
38 42 889
38 43 937
38 44 96
38 45 937
38 46 985
38 47 144
38 48 985
38 49 1033
38 50 192
38 51 1033
38 52 1081
38 53 240
38 54 1081
38 55 1249
39 0 2090
39 1 544
39 2 1820
39 3 978
39 4 1296
39 5 1031
39 6 472
39 7 1681
39 8 1794
39 9 1564
39 10 85
39 11 532
39 12 1356
39 13 848
39 14 562
39 15 355
39 16 536
39 17 1503
39 18 696
39 19 1970
39 20 1129
39 21 288
39 22 1922
39 23 1081
39 24 240
39 25 1874
39 26 1033
39 27 192
39 28 1826
39 29 985
39 30 144
39 31 1778
39 32 937
39 33 96
39 34 1730
39 35 889
39 36 48
39 37 1682
39 38 841
39 39 0
39 40 1730
39 41 889
39 42 48
39 43 1778
39 44 937
39 45 96
39 46 1826
39 47 985
39 48 144
39 49 1874
39 50 1033
39 51 192
39 52 1922
39 53 1081
39 54 240
39 55 2090
40 0 456
40 1 1186
40 2 390
40 3 752
40 4 1010
40 5 1083
40 6 1642
40 7 337
40 8 416
40 9 454
40 10 1741
40 11 1390
40 12 758
40 13 978
40 14 1360
40 15 1855
40 16 1290
40 17 419
40 18 1034
40 19 336
40 20 1177
40 21 2018
40 22 288
40 23 1129
40 24 1970
40 25 240
40 26 1081
40 27 1922
40 28 192
40 29 1033
40 30 1874
40 31 144
40 32 985
40 33 1826
40 34 96
40 35 937
40 36 1778
40 37 48
40 38 889
40 39 1730
40 40 0
40 41 841
40 42 1682
40 43 48
40 44 889
40 45 1730
40 46 96
40 47 937
40 48 1778
40 49 144
40 50 985
40 51 1826
40 52 192
40 53 1033
40 54 1874
40 55 456
41 0 1297
41 1 345
41 2 1027
41 3 89
41 4 503
41 5 242
41 6 801
41 7 792
41 8 1001
41 9 675
41 10 900
41 11 549
41 12 563
41 13 137
41 14 519
41 15 1014
41 16 449
41 17 614
41 18 193
41 19 1177
41 20 336
41 21 1177
41 22 1129
41 23 288
41 24 1129
41 25 1081
41 26 240
41 27 1081
41 28 1033
41 29 192
41 30 1033
41 31 985
41 32 144
41 33 985
41 34 937
41 35 96
41 36 937
41 37 889
41 38 48
41 39 889
41 40 841
41 41 0
41 42 841
41 43 889
41 44 48
41 45 889
41 46 937
41 47 96
41 48 937
41 49 985
41 50 144
41 51 985
41 52 1033
41 53 192
41 54 1033
41 55 1297
42 0 2138
42 1 592
42 2 1868
42 3 930
42 4 1344
42 5 983
42 6 424
42 7 1633
42 8 1842
42 9 1516
42 10 133
42 11 484
42 12 1404
42 13 800
42 14 610
42 15 403
42 16 488
42 17 1455
42 18 648
42 19 2018
42 20 1177
42 21 336
42 22 1970
42 23 1129
42 24 288
42 25 1922
42 26 1081
42 27 240
42 28 1874
42 29 1033
42 30 192
42 31 1826
42 32 985
42 33 144
42 34 1778
42 35 937
42 36 96
42 37 1730
42 38 889
42 39 48
42 40 1682
42 41 841
42 42 0
42 43 1730
42 44 889
42 45 48
42 46 1778
42 47 937
42 48 96
42 49 1826
42 50 985
42 51 144
42 52 1874
42 53 1033
42 54 192
42 55 2138
43 0 504
43 1 1234
43 2 438
43 3 800
43 4 1058
43 5 1035
43 6 1594
43 7 289
43 8 464
43 9 406
43 10 1789
43 11 1342
43 12 806
43 13 930
43 14 1408
43 15 1903
43 16 1242
43 17 371
43 18 1082
43 19 384
43 20 1225
43 21 2066
43 22 336
43 23 1177
43 24 2018
43 25 288
43 26 1129
43 27 1970
43 28 240
43 29 1081
43 30 1922
43 31 192
43 32 1033
43 33 1874
43 34 144
43 35 985
43 36 1826
43 37 96
43 38 937
43 39 1778
43 40 48
43 41 889
43 42 1730
43 43 0
43 44 841
43 45 1682
43 46 48
43 47 889
43 48 1730
43 49 96
43 50 937
43 51 1778
43 52 144
43 53 985
43 54 1826
43 55 504
44 0 1345
44 1 393
44 2 1075
44 3 137
44 4 551
44 5 194
44 6 753
44 7 744
44 8 1049
44 9 627
44 10 948
44 11 501
44 12 611
44 13 89
44 14 567
44 15 1062
44 16 401
44 17 566
44 18 241
44 19 1225
44 20 384
44 21 1225
44 22 1177
44 23 336
44 24 1177
44 25 1129
44 26 288
44 27 1129
44 28 1081
44 29 240
44 30 1081
44 31 1033
44 32 192
44 33 1033
44 34 985
44 35 144
44 36 985
44 37 937
44 38 96
44 39 937
44 40 889
44 41 48
44 42 889
44 43 841
44 44 0
44 45 841
44 46 889
44 47 48
44 48 889
44 49 937
44 50 96
44 51 937
44 52 985
44 53 144
44 54 985
44 55 1345
45 0 2186
45 1 640
45 2 1916
45 3 978
45 4 1392
45 5 935
45 6 376
45 7 1585
45 8 1890
45 9 1468
45 10 181
45 11 436
45 12 1452
45 13 752
45 14 658
45 15 451
45 16 440
45 17 1407
45 18 696
45 19 2066
45 20 1225
45 21 384
45 22 2018
45 23 1177
45 24 336
45 25 1970
45 26 1129
45 27 288
45 28 1922
45 29 1081
45 30 240
45 31 1874
45 32 1033
45 33 192
45 34 1826
45 35 985
45 36 144
45 37 1778
45 38 937
45 39 96
45 40 1730
45 41 889
45 42 48
45 43 1682
45 44 841
45 45 0
45 46 1730
45 47 889
45 48 48
45 49 1778
45 50 937
45 51 96
45 52 1826
45 53 985
45 54 144
45 55 2186
46 0 552
46 1 1282
46 2 486
46 3 848
46 4 1106
46 5 987
46 6 1546
46 7 241
46 8 512
46 9 358
46 10 1837
46 11 1294
46 12 854
46 13 978
46 14 1456
46 15 1951
46 16 1290
46 17 323
46 18 1130
46 19 432
46 20 1273
46 21 2114
46 22 384
46 23 1225
46 24 2066
46 25 336
46 26 1177
46 27 2018
46 28 288
46 29 1129
46 30 1970
46 31 240
46 32 1081
46 33 1922
46 34 192
46 35 1033
46 36 1874
46 37 144
46 38 985
46 39 1826
46 40 96
46 41 937
46 42 1778
46 43 48
46 44 889
46 45 1730
46 46 0
46 47 841
46 48 1682
46 49 48
46 50 889
46 51 1730
46 52 96
46 53 937
46 54 1778
46 55 552
47 0 1393
47 1 441
47 2 1123
47 3 185
47 4 599
47 5 146
47 6 705
47 7 696
47 8 1097
47 9 579
47 10 996
47 11 453
47 12 659
47 13 137
47 14 615
47 15 1110
47 16 449
47 17 518
47 18 289
47 19 1273
47 20 432
47 21 1273
47 22 1225
47 23 384
47 24 1225
47 25 1177
47 26 336
47 27 1177
47 28 1129
47 29 288
47 30 1129
47 31 1081
47 32 240
47 33 1081
47 34 1033
47 35 192
47 36 1033
47 37 985
47 38 144
47 39 985
47 40 937
47 41 96
47 42 937
47 43 889
47 44 48
47 45 889
47 46 841
47 47 0
47 48 841
47 49 889
47 50 48
47 51 889
47 52 937
47 53 96
47 54 937
47 55 1393
48 0 2234
48 1 688
48 2 1964
48 3 1026
48 4 1440
48 5 887
48 6 328
48 7 1537
48 8 1938
48 9 1420
48 10 229
48 11 388
48 12 1500
48 13 800
48 14 706
48 15 499
48 16 488
48 17 1359
48 18 744
48 19 2114
48 20 1273
48 21 432
48 22 2066
48 23 1225
48 24 384
48 25 2018
48 26 1177
48 27 336
48 28 1970
48 29 1129
48 30 288
48 31 1922
48 32 1081
48 33 240
48 34 1874
48 35 1033
48 36 192
48 37 1826
48 38 985
48 39 144
48 40 1778
48 41 937
48 42 96
48 43 1730
48 44 889
48 45 48
48 46 1682
48 47 841
48 48 0
48 49 1730
48 50 889
48 51 48
48 52 1778
48 53 937
48 54 96
48 55 2234
49 0 600
49 1 1330
49 2 534
49 3 896
49 4 1154
49 5 939
49 6 1498
49 7 193
49 8 560
49 9 310
49 10 1885
49 11 1342
49 12 902
49 13 1026
49 14 1504
49 15 1999
49 16 1338
49 17 371
49 18 1178
49 19 480
49 20 1321
49 21 2162
49 22 432
49 23 1273
49 24 2114
49 25 384
49 26 1225
49 27 2066
49 28 336
49 29 1177
49 30 2018
49 31 288
49 32 1129
49 33 1970
49 34 240
49 35 1081
49 36 1922
49 37 192
49 38 1033
49 39 1874
49 40 144
49 41 985
49 42 1826
49 43 96
49 44 937
49 45 1778
49 46 48
49 47 889
49 48 1730
49 49 0
49 50 841
49 51 1682
49 52 48
49 53 889
49 54 1730
49 55 600
50 0 1441
50 1 489
50 2 1171
50 3 233
50 4 647
50 5 98
50 6 657
50 7 648
50 8 1145
50 9 531
50 10 1044
50 11 501
50 12 707
50 13 185
50 14 663
50 15 1158
50 16 497
50 17 566
50 18 337
50 19 1321
50 20 480
50 21 1321
50 22 1273
50 23 432
50 24 1273
50 25 1225
50 26 384
50 27 1225
50 28 1177
50 29 336
50 30 1177
50 31 1129
50 32 288
50 33 1129
50 34 1081
50 35 240
50 36 1081
50 37 1033
50 38 192
50 39 1033
50 40 985
50 41 144
50 42 985
50 43 937
50 44 96
50 45 937
50 46 889
50 47 48
50 48 889
50 49 841
50 50 0
50 51 841
50 52 889
50 53 48
50 54 889
50 55 1441
51 0 2282
51 1 736
51 2 2012
51 3 1074
51 4 1488
51 5 839
51 6 280
51 7 1489
51 8 1986
51 9 1372
51 10 277
51 11 436
51 12 1548
51 13 848
51 14 754
51 15 547
51 16 536
51 17 1407
51 18 792
51 19 2162
51 20 1321
51 21 480
51 22 2114
51 23 1273
51 24 432
51 25 2066
51 26 1225
51 27 384
51 28 2018
51 29 1177
51 30 336
51 31 1970
51 32 1129
51 33 288
51 34 1922
51 35 1081
51 36 240
51 37 1874
51 38 1033
51 39 192
51 40 1826
51 41 985
51 42 144
51 43 1778
51 44 937
51 45 96
51 46 1730
51 47 889
51 48 48
51 49 1682
51 50 841
51 51 0
51 52 1730
51 53 889
51 54 48
51 55 2282
52 0 648
52 1 1378
52 2 582
52 3 944
52 4 1202
52 5 891
52 6 1450
52 7 241
52 8 608
52 9 358
52 10 1933
52 11 1390
52 12 950
52 13 1074
52 14 1552
52 15 2047
52 16 1386
52 17 419
52 18 1226
52 19 528
52 20 1369
52 21 2210
52 22 480
52 23 1321
52 24 2162
52 25 432
52 26 1273
52 27 2114
52 28 384
52 29 1225
52 30 2066
52 31 336
52 32 1177
52 33 2018
52 34 288
52 35 1129
52 36 1970
52 37 240
52 38 1081
52 39 1922
52 40 192
52 41 1033
52 42 1874
52 43 144
52 44 985
52 45 1826
52 46 96
52 47 937
52 48 1778
52 49 48
52 50 889
52 51 1730
52 52 0
52 53 841
52 54 1682
52 55 648
53 0 1489
53 1 537
53 2 1219
53 3 281
53 4 695
53 5 50
53 6 609
53 7 696
53 8 1193
53 9 579
53 10 1092
53 11 549
53 12 755
53 13 233
53 14 711
53 15 1206
53 16 545
53 17 614
53 18 385
53 19 1369
53 20 528
53 21 1369
53 22 1321
53 23 480
53 24 1321
53 25 1273
53 26 432
53 27 1273
53 28 1225
53 29 384
53 30 1225
53 31 1177
53 32 336
53 33 1177
53 34 1129
53 35 288
53 36 1129
53 37 1081
53 38 240
53 39 1081
53 40 1033
53 41 192
53 42 1033
53 43 985
53 44 144
53 45 985
53 46 937
53 47 96
53 48 937
53 49 889
53 50 48
53 51 889
53 52 841
53 53 0
53 54 841
53 55 1489
54 0 2330
54 1 784
54 2 2060
54 3 1122
54 4 1536
54 5 791
54 6 232
54 7 1537
54 8 2034
54 9 1420
54 10 325
54 11 484
54 12 1596
54 13 896
54 14 802
54 15 595
54 16 584
54 17 1455
54 18 840
54 19 2210
54 20 1369
54 21 528
54 22 2162
54 23 1321
54 24 480
54 25 2114
54 26 1273
54 27 432
54 28 2066
54 29 1225
54 30 384
54 31 2018
54 32 1177
54 33 336
54 34 1970
54 35 1129
54 36 288
54 37 1922
54 38 1081
54 39 240
54 40 1874
54 41 1033
54 42 192
54 43 1826
54 44 985
54 45 144
54 46 1778
54 47 937
54 48 96
54 49 1730
54 50 889
54 51 48
54 52 1682
54 53 841
54 54 0
54 55 2330
55 0 0
55 1 1546
55 2 270
55 3 1208
55 4 794
55 5 1539
55 6 2098
55 7 793
55 8 296
55 9 910
55 10 2005
55 11 1846
55 12 734
55 13 1434
55 14 1528
55 15 1735
55 16 1746
55 17 875
55 18 1490
55 19 120
55 20 961
55 21 1802
55 22 168
55 23 1009
55 24 1850
55 25 216
55 26 1057
55 27 1898
55 28 264
55 29 1105
55 30 1946
55 31 312
55 32 1153
55 33 1994
55 34 360
55 35 1201
55 36 2042
55 37 408
55 38 1249
55 39 2090
55 40 456
55 41 1297
55 42 2138
55 43 504
55 44 1345
55 45 2186
55 46 552
55 47 1393
55 48 2234
55 49 600
55 50 1441
55 51 2282
55 52 648
55 53 1489
55 54 2330
55 55 0
//Location coordinates LocationName
//Loc x y
0 0.0 0.0 "depot"
1 288.0 1258.0 "product aisle 6 bloc 1 rank 42"
2 48.0 222.0 "product aisle 1 bloc 0 rank 11"
3 336.0 872.0 "product aisle 7 bloc 0 rank 111"
4 0.0 794.0 "product aisle 0 bloc 0 rank 100"
5 528.0 1011.0 "product aisle 11 bloc 1 rank 3"
6 528.0 1570.0 "product aisle 11 bloc 1 rank 89"
7 480.0 313.0 "product aisle 10 bloc 0 rank 26"
8 48.0 248.0 "product aisle 1 bloc 0 rank 16"
9 480.0 430.0 "product aisle 10 bloc 0 rank 44"
10 240.0 1765.0 "product aisle 5 bloc 1 rank 119"
11 432.0 1414.0 "product aisle 9 bloc 1 rank 65"
12 96.0 638.0 "product aisle 2 bloc 0 rank 76"
13 384.0 1050.0 "product aisle 8 bloc 1 rank 9"
14 192.0 1336.0 "product aisle 4 bloc 1 rank 53"
15 48.0 1687.0 "product aisle 1 bloc 1 rank 107"
16 384.0 1362.0 "product aisle 8 bloc 1 rank 57"
17 432.0 443.0 "product aisle 9 bloc 0 rank 45"
18 336.0 1154.0 "product aisle 7 bloc 1 rank 26"
19 24.0 120.0 "intersection aisle 0 bloc 0 rank 0"
20 24.0 961.0 "intersection aisle 0 bloc 1 rank 1"
21 24.0 1802.0 "intersection aisle 0 bloc 2 rank 2"
22 72.0 120.0 "intersection aisle 1 bloc 0 rank 0"
23 72.0 961.0 "intersection aisle 1 bloc 1 rank 1"
24 72.0 1802.0 "intersection aisle 1 bloc 2 rank 2"
25 120.0 120.0 "intersection aisle 2 bloc 0 rank 0"
26 120.0 961.0 "intersection aisle 2 bloc 1 rank 1"
27 120.0 1802.0 "intersection aisle 2 bloc 2 rank 2"
28 168.0 120.0 "intersection aisle 3 bloc 0 rank 0"
29 168.0 961.0 "intersection aisle 3 bloc 1 rank 1"
30 168.0 1802.0 "intersection aisle 3 bloc 2 rank 2"
31 216.0 120.0 "intersection aisle 4 bloc 0 rank 0"
32 216.0 961.0 "intersection aisle 4 bloc 1 rank 1"
33 216.0 1802.0 "intersection aisle 4 bloc 2 rank 2"
34 264.0 120.0 "intersection aisle 5 bloc 0 rank 0"
35 264.0 961.0 "intersection aisle 5 bloc 1 rank 1"
36 264.0 1802.0 "intersection aisle 5 bloc 2 rank 2"
37 312.0 120.0 "intersection aisle 6 bloc 0 rank 0"
38 312.0 961.0 "intersection aisle 6 bloc 1 rank 1"
39 312.0 1802.0 "intersection aisle 6 bloc 2 rank 2"
40 360.0 120.0 "intersection aisle 7 bloc 0 rank 0"
41 360.0 961.0 "intersection aisle 7 bloc 1 rank 1"
42 360.0 1802.0 "intersection aisle 7 bloc 2 rank 2"
43 408.0 120.0 "intersection aisle 8 bloc 0 rank 0"
44 408.0 961.0 "intersection aisle 8 bloc 1 rank 1"
45 408.0 1802.0 "intersection aisle 8 bloc 2 rank 2"
46 456.0 120.0 "intersection aisle 9 bloc 0 rank 0"
47 456.0 961.0 "intersection aisle 9 bloc 1 rank 1"
48 456.0 1802.0 "intersection aisle 9 bloc 2 rank 2"
49 504.0 120.0 "intersection aisle 10 bloc 0 rank 0"
50 504.0 961.0 "intersection aisle 10 bloc 1 rank 1"
51 504.0 1802.0 "intersection aisle 10 bloc 2 rank 2"
52 552.0 120.0 "intersection aisle 11 bloc 0 rank 0"
53 552.0 961.0 "intersection aisle 11 bloc 1 rank 1"
54 552.0 1802.0 "intersection aisle 11 bloc 2 rank 2"
55 0.0 0.0 "depot"
