//alpha
1
//NbLocations
77
//NbProducts
22
//NbPickers
2
//CapaPicker
8
//TimeToTravelOneDistanceUnit
3
//SetupTime
5400
//PickTime
300
//Products
//Idx Location Size
1 1 1
2 2 1
3 3 1
4 4 1
5 5 1
6 6 1
7 7 1
8 8 1
9 9 1
10 10 1
11 11 1
12 12 1
13 13 1
14 14 1
15 15 1
16 16 1
17 17 1
18 18 1
19 19 1
20 20 1
21 21 1
22 22 1
//Orders
//NbOrders
6
//Idx DueDate TardinessPenalty NbProdInOrder ProdIdx1 Qty1 ProdIdx2 Qty2 ...
1 144000 0 3 1 1 2 1 3 1
2 36000 0 8 4 1 5 1 6 1 7 1 8 1 9 1 10 1 11 1
3 144000 0 4 12 1 13 1 14 1 15 1
4 126000 0 1 16 1
5 36000 0 3 17 1 18 1 19 1
6 108000 0 3 20 1 21 1 22 1
//Graph (Products are vertices indexed from 1 to NbProducts)
//NbVerticesIntersections
54
//DepartingDepot
0
//ArrivalDepot
77
//Arcs
//Start End Distance
0 23 120
1 33 1116
1 34 115
2 59 128
2 60 1103
3 41 791
3 42 440
4 42 336
4 43 895
5 9 780
5 11 143
6 14 104
6 26 466
7 13 364
7 24 258
8 50 1012
8 51 219
9 5 780
9 48 154
10 36 882
10 37 349
11 5 143
11 47 154
12 14 455
12 27 206
13 7 364
13 25 609
14 6 104
14 12 455
15 39 817
15 40 414
16 27 635
16 28 596
17 32 804
17 33 427
18 30 830
18 31 401
19 71 375
19 72 856
20 22 520
20 30 193
21 44 102
21 45 1129
22 20 520
22 29 518
23 24 1231
23 26 48
23 77 120
24 7 258
24 23 1231
24 27 48
25 13 609
25 28 48
26 6 466
26 23 48
26 29 48
27 12 206
27 16 635
27 24 48
27 30 48
28 16 596
28 25 48
28 31 48
29 22 518
29 26 48
29 32 48
30 18 830
30 20 193
30 27 48
30 33 48
31 18 401
31 28 48
31 34 48
32 17 804
32 29 48
32 35 48
33 1 1116
33 17 427
33 30 48
33 36 48
34 1 115
34 31 48
34 37 48
35 32 48
35 36 1231
35 38 48
36 10 882
36 33 48
36 35 1231
36 39 48
37 10 349
37 34 48
37 40 48
38 35 48
38 39 1231
38 41 48
39 15 817
39 36 48
39 38 1231
39 42 48
40 15 414
40 37 48
40 43 48
41 3 791
41 38 48
41 44 48
42 3 440
42 4 336
42 39 48
42 45 48
43 4 895
43 40 48
43 46 48
44 21 102
44 41 48
44 47 48
45 21 1129
45 42 48
45 46 1231
45 48 48
46 43 48
46 45 1231
46 49 48
47 11 154
47 44 48
47 50 48
48 9 154
48 45 48
48 49 1231
48 51 48
49 46 48
49 48 1231
49 52 48
50 8 1012
50 47 48
50 53 48
51 8 219
51 48 48
51 52 1231
51 54 48
52 49 48
52 51 1231
52 55 48
53 50 48
53 54 1231
53 56 48
54 51 48
54 53 1231
54 55 1231
54 57 48
55 52 48
55 54 1231
55 58 48
56 53 48
56 57 1231
56 59 48
57 54 48
57 56 1231
57 58 1231
57 60 48
58 55 48
58 57 1231
58 61 48
59 2 128
59 56 48
59 62 48
60 2 1103
60 57 48
60 61 1231
60 63 48
61 58 48
61 60 1231
61 64 48
62 59 48
62 63 1231
62 65 48
63 60 48
63 62 1231
63 64 1231
63 66 48
64 61 48
64 63 1231
64 67 48
65 62 48
65 66 1231
65 68 48
66 63 48
66 65 1231
66 67 1231
66 69 48
67 64 48
67 66 1231
67 70 48
68 65 48
68 69 1231
68 71 48
69 66 48
69 68 1231
69 70 1231
69 72 48
70 67 48
70 69 1231
70 73 48
71 19 375
71 68 48
71 74 48
72 19 856
72 69 48
72 73 1231
72 75 48
73 70 48
73 72 1231
73 76 48
74 71 48
74 75 1231
75 72 48
75 74 1231
75 76 1231
76 73 48
76 75 1231
//LocStart LocEnd ShortestPath
0 0 0
0 1 2611
0 2 824
0 3 1199
0 4 1975
0 5 801
0 6 634
0 7 1609
0 8 1564
0 9 1581
0 10 2425
0 11 658
0 12 1193
0 13 1973
0 14 738
0 15 2408
0 16 2034
0 17 1068
0 18 2277
0 19 1263
0 20 1254
0 21 558
0 22 734
0 23 120
0 24 1351
0 25 2582
0 26 168
0 27 1399
0 28 2630
0 29 216
0 30 1447
0 31 2678
0 32 264
0 33 1495
0 34 2726
0 35 312
0 36 1543
0 37 2774
0 38 360
0 39 1591
0 40 2822
0 41 408
0 42 1639
0 43 2870
0 44 456
0 45 1687
0 46 2918
0 47 504
0 48 1735
0 49 2966
0 50 552
0 51 1783
0 52 3014
0 53 600
0 54 1831
0 55 3062
0 56 648
0 57 1879
0 58 3110
0 59 696
0 60 1927
0 61 3158
0 62 744
0 63 1975
0 64 3206
0 65 792
0 66 2023
0 67 3254
0 68 840
0 69 2071
0 70 3302
0 71 888
0 72 2119
0 73 3350
0 74 936
0 75 2167
0 76 3398
0 77 0
1 0 2611
1 1 0
1 2 2651
1 3 1700
1 4 1154
1 5 2290
1 6 1977
1 7 1232
1 8 1623
1 9 1510
1 10 512
1 11 2433
1 12 1418
1 13 868
1 14 1873
1 15 625
1 16 807
1 17 1543
1 18 564
1 19 2596
1 20 1357
1 21 2437
1 22 1877
1 23 2491
1 24 1260
1 25 259
1 26 2443
1 27 1212
1 28 211
1 29 2395
1 30 1164
1 31 163
1 32 2347
1 33 1116
1 34 115
1 35 2395
1 36 1164
1 37 163
1 38 2443
1 39 1212
1 40 211
1 41 2491
1 42 1260
1 43 259
1 44 2539
1 45 1308
1 46 307
1 47 2587
1 48 1356
1 49 355
1 50 2635
1 51 1404
1 52 403
1 53 2683
1 54 1452
1 55 451
1 56 2731
1 57 1500
1 58 499
1 59 2779
1 60 1548
1 61 547
1 62 2827
1 63 1596
1 64 595
1 65 2875
1 66 1644
1 67 643
1 68 2923
1 69 1692
1 70 691
1 71 2971
1 72 1740
1 73 739
1 74 3019
1 75 1788
1 76 787
1 77 2611
2 0 824
2 1 2651
2 2 0
2 3 1207
2 4 1727
2 5 617
2 6 1122
2 7 1937
2 8 1284
2 9 1397
2 10 2369
2 11 474
2 12 1681
2 13 2301
2 14 1226
2 15 2256
2 16 2266
2 17 1364
2 18 2413
2 19 695
2 20 1646
2 21 470
2 22 1126
2 23 704
2 24 1679
2 25 2910
2 26 656
2 27 1631
2 28 2862
2 29 608
2 30 1583
2 31 2814
2 32 560
2 33 1535
2 34 2766
2 35 512
2 36 1487
2 37 2718
2 38 464
2 39 1439
2 40 2670
2 41 416
2 42 1391
2 43 2622
2 44 368
2 45 1343
2 46 2574
2 47 320
2 48 1295
2 49 2526
2 50 272
2 51 1247
2 52 2478
2 53 224
2 54 1199
2 55 2430
2 56 176
2 57 1151
2 58 2382
2 59 128
2 60 1103
2 61 2334
2 62 176
2 63 1151
2 64 2382
2 65 224
2 66 1199
2 67 2430
2 68 272
2 69 1247
2 70 2478
2 71 320
2 72 1295
2 73 2526
2 74 368
2 75 1343
2 76 2574
2 77 824
3 0 1199
3 1 1700
3 2 1207
3 3 0
3 4 776
3 5 1184
3 6 1445
3 7 986
3 8 803
3 9 690
3 10 1418
3 11 1041
3 12 886
3 13 1350
3 14 1341
3 15 1305
3 16 1315
3 17 1011
3 18 1462
3 19 1646
3 20 825
3 21 941
3 22 1345
3 23 1079
3 24 728
3 25 1959
3 26 1031
3 27 680
3 28 1911
3 29 983
3 30 632
3 31 1863
3 32 935
3 33 584
3 34 1815
3 35 887
3 36 536
3 37 1767
3 38 839
3 39 488
3 40 1719
3 41 791
3 42 440
3 43 1671
3 44 839
3 45 488
3 46 1719
3 47 887
3 48 536
3 49 1767
3 50 935
3 51 584
3 52 1815
3 53 983
3 54 632
3 55 1863
3 56 1031
3 57 680
3 58 1911
3 59 1079
3 60 728
3 61 1959
3 62 1127
3 63 776
3 64 2007
3 65 1175
3 66 824
3 67 2055
3 68 1223
3 69 872
3 70 2103
3 71 1271
3 72 920
3 73 2151
3 74 1319
3 75 968
3 76 2199
3 77 1199
4 0 1975
4 1 1154
4 2 1727
4 3 776
4 4 0
4 5 1366
4 6 1341
4 7 882
4 8 699
4 9 586
4 10 1314
4 11 1509
4 12 782
4 13 1246
4 14 1237
4 15 1201
4 16 1211
4 17 907
4 18 1358
4 19 1672
4 20 721
4 21 1513
4 22 1241
4 23 1855
4 24 624
4 25 1183
4 26 1807
4 27 576
4 28 1135
4 29 1759
4 30 528
4 31 1087
4 32 1711
4 33 480
4 34 1039
4 35 1663
4 36 432
4 37 991
4 38 1615
4 39 384
4 40 943
4 41 1567
4 42 336
4 43 895
4 44 1615
4 45 384
4 46 943
4 47 1663
4 48 432
4 49 991
4 50 1711
4 51 480
4 52 1039
4 53 1759
4 54 528
4 55 1087
4 56 1807
4 57 576
4 58 1135
4 59 1855
4 60 624
4 61 1183
4 62 1903
4 63 672
4 64 1231
4 65 1951
4 66 720
4 67 1279
4 68 1999
4 69 768
4 70 1327
4 71 2047
4 72 816
4 73 1375
4 74 2095
4 75 864
4 76 1423
4 77 1975
5 0 801
5 1 2290
5 2 617
5 3 1184
5 4 1366
5 5 0
5 6 1099
5 7 1576
5 8 1201
5 9 780
5 10 2008
5 11 143
5 12 1476
5 13 1940
5 14 1203
5 15 1895
5 16 1905
5 17 1341
5 18 2052
5 19 1056
5 20 1415
5 21 447
5 22 1103
5 23 681
5 24 1318
5 25 2549
5 26 633
5 27 1270
5 28 2501
5 29 585
5 30 1222
5 31 2453
5 32 537
5 33 1174
5 34 2405
5 35 489
5 36 1126
5 37 2357
5 38 441
5 39 1078
5 40 2309
5 41 393
5 42 1030
5 43 2261
5 44 345
5 45 982
5 46 2213
5 47 297
5 48 934
5 49 2165
5 50 345
5 51 982
5 52 2213
5 53 393
5 54 1030
5 55 2261
5 56 441
5 57 1078
5 58 2309
5 59 489
5 60 1126
5 61 2357
5 62 537
5 63 1174
5 64 2405
5 65 585
5 66 1222
5 67 2453
5 68 633
5 69 1270
5 70 2501
5 71 681
5 72 1318
5 73 2549
5 74 729
5 75 1366
5 76 2597
5 77 801
6 0 634
6 1 1977
6 2 1122
6 3 1445
6 4 1341
6 5 1099
6 6 0
6 7 1071
6 8 1368
6 9 1255
6 10 1791
6 11 956
6 12 559
6 13 1435
6 14 104
6 15 1774
6 16 1400
6 17 1288
6 18 1643
6 19 1561
6 20 1006
6 21 856
6 22 1032
6 23 514
6 24 813
6 25 2044
6 26 466
6 27 765
6 28 1996
6 29 514
6 30 813
6 31 2044
6 32 562
6 33 861
6 34 2092
6 35 610
6 36 909
6 37 2140
6 38 658
6 39 957
6 40 2188
6 41 706
6 42 1005
6 43 2236
6 44 754
6 45 1053
6 46 2284
6 47 802
6 48 1101
6 49 2332
6 50 850
6 51 1149
6 52 2380
6 53 898
6 54 1197
6 55 2428
6 56 946
6 57 1245
6 58 2476
6 59 994
6 60 1293
6 61 2524
6 62 1042
6 63 1341
6 64 2572
6 65 1090
6 66 1389
6 67 2620
6 68 1138
6 69 1437
6 70 2668
6 71 1186
6 72 1485
6 73 2716
6 74 1234
6 75 1533
6 76 2764
6 77 634
7 0 1609
7 1 1232
7 2 1937
7 3 986
7 4 882
7 5 1576
7 6 1071
7 7 0
7 8 909
7 9 796
7 10 1332
7 11 1719
7 12 512
7 13 364
7 14 967
7 15 1315
7 16 941
7 17 829
7 18 1184
7 19 1882
7 20 547
7 21 1723
7 22 1067
7 23 1489
7 24 258
7 25 973
7 26 1537
7 27 306
7 28 1021
7 29 1585
7 30 354
7 31 1069
7 32 1633
7 33 402
7 34 1117
7 35 1681
7 36 450
7 37 1165
7 38 1729
7 39 498
7 40 1213
7 41 1777
7 42 546
7 43 1261
7 44 1825
7 45 594
7 46 1309
7 47 1873
7 48 642
7 49 1357
7 50 1921
7 51 690
7 52 1405
7 53 1969
7 54 738
7 55 1453
7 56 2017
7 57 786
7 58 1501
7 59 2065
7 60 834
7 61 1549
7 62 2113
7 63 882
7 64 1597
7 65 2161
7 66 930
7 67 1645
7 68 2209
7 69 978
7 70 1693
7 71 2257
7 72 1026
7 73 1741
7 74 2305
7 75 1074
7 76 1789
7 77 1609
8 0 1564
8 1 1623
8 2 1284
8 3 803
8 4 699
8 5 1201
8 6 1368
8 7 909
8 8 0
8 9 421
8 10 1341
8 11 1214
8 12 809
8 13 1273
8 14 1264
8 15 1228
8 16 1238
8 17 934
8 18 1385
8 19 1411
8 20 748
8 21 1210
8 22 1268
8 23 1444
8 24 651
8 25 1882
8 26 1396
8 27 603
8 28 1834
8 29 1348
8 30 555
8 31 1786
8 32 1300
8 33 507
8 34 1738
8 35 1252
8 36 459
8 37 1690
8 38 1204
8 39 411
8 40 1642
8 41 1156
8 42 363
8 43 1594
8 44 1108
8 45 315
8 46 1546
8 47 1060
8 48 267
8 49 1498
8 50 1012
8 51 219
8 52 1450
8 53 1060
8 54 267
8 55 1498
8 56 1108
8 57 315
8 58 1546
8 59 1156
8 60 363
8 61 1594
8 62 1204
8 63 411
8 64 1642
8 65 1252
8 66 459
8 67 1690
8 68 1300
8 69 507
8 70 1738
8 71 1348
8 72 555
8 73 1786
8 74 1396
8 75 603
8 76 1834
8 77 1564
9 0 1581
9 1 1510
9 2 1397
9 3 690
9 4 586
9 5 780
9 6 1255
9 7 796
9 8 421
9 9 0
9 10 1228
9 11 923
9 12 696
9 13 1160
9 14 1151
9 15 1115
9 16 1125
9 17 821
9 18 1272
9 19 1394
9 20 635
9 21 1227
9 22 1155
9 23 1461
9 24 538
9 25 1769
9 26 1413
9 27 490
9 28 1721
9 29 1365
9 30 442
9 31 1673
9 32 1317
9 33 394
9 34 1625
9 35 1269
9 36 346
9 37 1577
9 38 1221
9 39 298
9 40 1529
9 41 1173
9 42 250
9 43 1481
9 44 1125
9 45 202
9 46 1433
9 47 1077
9 48 154
9 49 1385
9 50 1125
9 51 202
9 52 1433
9 53 1173
9 54 250
9 55 1481
9 56 1221
9 57 298
9 58 1529
9 59 1269
9 60 346
9 61 1577
9 62 1317
9 63 394
9 64 1625
9 65 1365
9 66 442
9 67 1673
9 68 1413
9 69 490
9 70 1721
9 71 1461
9 72 538
9 73 1769
9 74 1509
9 75 586
9 76 1817
9 77 1581
10 0 2425
10 1 512
10 2 2369
10 3 1418
10 4 1314
10 5 2008
10 6 1791
10 7 1332
10 8 1341
10 9 1228
10 10 0
10 11 2151
10 12 1232
10 13 1150
10 14 1687
10 15 811
10 16 1089
10 17 1357
10 18 846
10 19 2314
10 20 1171
10 21 2155
10 22 1691
10 23 2305
10 24 1074
10 25 541
10 26 2257
10 27 1026
10 28 493
10 29 2209
10 30 978
10 31 445
10 32 2161
10 33 930
10 34 397
10 35 2113
10 36 882
10 37 349
10 38 2161
10 39 930
10 40 397
10 41 2209
10 42 978
10 43 445
10 44 2257
10 45 1026
10 46 493
10 47 2305
10 48 1074
10 49 541
10 50 2353
10 51 1122
10 52 589
10 53 2401
10 54 1170
10 55 637
10 56 2449
10 57 1218
10 58 685
10 59 2497
10 60 1266
10 61 733
10 62 2545
10 63 1314
10 64 781
10 65 2593
10 66 1362
10 67 829
10 68 2641
10 69 1410
10 70 877
10 71 2689
10 72 1458
10 73 925
10 74 2737
10 75 1506
10 76 973
10 77 2425
11 0 658
11 1 2433
11 2 474
11 3 1041
11 4 1509
11 5 143
11 6 956
11 7 1719
11 8 1214
11 9 923
11 10 2151
11 11 0
11 12 1515
11 13 2083
11 14 1060
11 15 2038
11 16 2048
11 17 1198
11 18 2195
11 19 913
11 20 1480
11 21 304
11 22 960
11 23 538
11 24 1461
11 25 2692
11 26 490
11 27 1413
11 28 2644
11 29 442
11 30 1365
11 31 2596
11 32 394
11 33 1317
11 34 2548
11 35 346
11 36 1269
11 37 2500
11 38 298
11 39 1221
11 40 2452
11 41 250
11 42 1173
11 43 2404
11 44 202
11 45 1125
11 46 2356
11 47 154
11 48 1077
11 49 2308
11 50 202
11 51 1125
11 52 2356
11 53 250
11 54 1173
11 55 2404
11 56 298
11 57 1221
11 58 2452
11 59 346
11 60 1269
11 61 2500
11 62 394
11 63 1317
11 64 2548
11 65 442
11 66 1365
11 67 2596
11 68 490
11 69 1413
11 70 2644
11 71 538
11 72 1461
11 73 2692
11 74 586
11 75 1509
11 76 2740
11 77 658
12 0 1193
12 1 1418
12 2 1681
12 3 886
12 4 782
12 5 1476
12 6 559
12 7 512
12 8 809
12 9 696
12 10 1232
12 11 1515
12 12 0
12 13 876
12 14 455
12 15 1215
12 16 841
12 17 729
12 18 1084
12 19 1782
12 20 447
12 21 1415
12 22 967
12 23 1073
12 24 254
12 25 1485
12 26 1025
12 27 206
12 28 1437
12 29 1073
12 30 254
12 31 1485
12 32 1121
12 33 302
12 34 1533
12 35 1169
12 36 350
12 37 1581
12 38 1217
12 39 398
12 40 1629
12 41 1265
12 42 446
12 43 1677
12 44 1313
12 45 494
12 46 1725
12 47 1361
12 48 542
12 49 1773
12 50 1409
12 51 590
12 52 1821
12 53 1457
12 54 638
12 55 1869
12 56 1505
12 57 686
12 58 1917
12 59 1553
12 60 734
12 61 1965
12 62 1601
12 63 782
12 64 2013
12 65 1649
12 66 830
12 67 2061
12 68 1697
12 69 878
12 70 2109
12 71 1745
12 72 926
12 73 2157
12 74 1793
12 75 974
12 76 2205
12 77 1193
13 0 1973
13 1 868
13 2 2301
13 3 1350
13 4 1246
13 5 1940
13 6 1435
13 7 364
13 8 1273
13 9 1160
13 10 1150
13 11 2083
13 12 876
13 13 0
13 14 1331
13 15 1263
13 16 1253
13 17 1193
13 18 1106
13 19 2246
13 20 911
13 21 2087
13 22 1431
13 23 1853
13 24 622
13 25 609
13 26 1901
13 27 670
13 28 657
13 29 1949
13 30 718
13 31 705
13 32 1997
13 33 766
13 34 753
13 35 2045
13 36 814
13 37 801
13 38 2093
13 39 862
13 40 849
13 41 2141
13 42 910
13 43 897
13 44 2189
13 45 958
13 46 945
13 47 2237
13 48 1006
13 49 993
13 50 2285
13 51 1054
13 52 1041
13 53 2333
13 54 1102
13 55 1089
13 56 2381
13 57 1150
13 58 1137
13 59 2429
13 60 1198
13 61 1185
13 62 2477
13 63 1246
13 64 1233
13 65 2525
13 66 1294
13 67 1281
13 68 2573
13 69 1342
13 70 1329
13 71 2621
13 72 1390
13 73 1377
13 74 2669
13 75 1438
13 76 1425
13 77 1973
14 0 738
14 1 1873
14 2 1226
14 3 1341
14 4 1237
14 5 1203
14 6 104
14 7 967
14 8 1264
14 9 1151
14 10 1687
14 11 1060
14 12 455
14 13 1331
14 14 0
14 15 1670
14 16 1296
14 17 1184
14 18 1539
14 19 1665
14 20 902
14 21 960
14 22 1136
14 23 618
14 24 709
14 25 1940
14 26 570
14 27 661
14 28 1892
14 29 618
14 30 709
14 31 1940
14 32 666
14 33 757
14 34 1988
14 35 714
14 36 805
14 37 2036
14 38 762
14 39 853
14 40 2084
14 41 810
14 42 901
14 43 2132
14 44 858
14 45 949
14 46 2180
14 47 906
14 48 997
14 49 2228
14 50 954
14 51 1045
14 52 2276
14 53 1002
14 54 1093
14 55 2324
14 56 1050
14 57 1141
14 58 2372
14 59 1098
14 60 1189
14 61 2420
14 62 1146
14 63 1237
14 64 2468
14 65 1194
14 66 1285
14 67 2516
14 68 1242
14 69 1333
14 70 2564
14 71 1290
14 72 1381
14 73 2612
14 74 1338
14 75 1429
14 76 2660
14 77 738
15 0 2408
15 1 625
15 2 2256
15 3 1305
15 4 1201
15 5 1895
15 6 1774
15 7 1315
15 8 1228
15 9 1115
15 10 811
15 11 2038
15 12 1215
15 13 1263
15 14 1670
15 15 0
15 16 1202
15 17 1340
15 18 959
15 19 2201
15 20 1154
15 21 2042
15 22 1674
15 23 2288
15 24 1057
15 25 654
15 26 2240
15 27 1009
15 28 606
15 29 2192
15 30 961
15 31 558
15 32 2144
15 33 913
15 34 510
15 35 2096
15 36 865
15 37 462
15 38 2048
15 39 817
15 40 414
15 41 2096
15 42 865
15 43 462
15 44 2144
15 45 913
15 46 510
15 47 2192
15 48 961
15 49 558
15 50 2240
15 51 1009
15 52 606
15 53 2288
15 54 1057
15 55 654
15 56 2336
15 57 1105
15 58 702
15 59 2384
15 60 1153
15 61 750
15 62 2432
15 63 1201
15 64 798
15 65 2480
15 66 1249
15 67 846
15 68 2528
15 69 1297
15 70 894
15 71 2576
15 72 1345
15 73 942
15 74 2624
15 75 1393
15 76 990
15 77 2408
16 0 2034
16 1 807
16 2 2266
16 3 1315
16 4 1211
16 5 1905
16 6 1400
16 7 941
16 8 1238
16 9 1125
16 10 1089
16 11 2048
16 12 841
16 13 1253
16 14 1296
16 15 1202
16 16 0
16 17 1158
16 18 1045
16 19 2211
16 20 876
16 21 2052
16 22 1396
16 23 1914
16 24 683
16 25 644
16 26 1866
16 27 635
16 28 596
16 29 1914
16 30 683
16 31 644
16 32 1962
16 33 731
16 34 692
16 35 2010
16 36 779
16 37 740
16 38 2058
16 39 827
16 40 788
16 41 2106
16 42 875
16 43 836
16 44 2154
16 45 923
16 46 884
16 47 2202
16 48 971
16 49 932
16 50 2250
16 51 1019
16 52 980
16 53 2298
16 54 1067
16 55 1028
16 56 2346
16 57 1115
16 58 1076
16 59 2394
16 60 1163
16 61 1124
16 62 2442
16 63 1211
16 64 1172
16 65 2490
16 66 1259
16 67 1220
16 68 2538
16 69 1307
16 70 1268
16 71 2586
16 72 1355
16 73 1316
16 74 2634
16 75 1403
16 76 1364
16 77 2034
17 0 1068
17 1 1543
17 2 1364
17 3 1011
17 4 907
17 5 1341
17 6 1288
17 7 829
17 8 934
17 9 821
17 10 1357
17 11 1198
17 12 729
17 13 1193
17 14 1184
17 15 1340
17 16 1158
17 17 0
17 18 1305
17 19 1803
17 20 668
17 21 1098
17 22 1188
17 23 948
17 24 571
17 25 1802
17 26 900
17 27 523
17 28 1754
17 29 852
17 30 475
17 31 1706
17 32 804
17 33 427
17 34 1658
17 35 852
17 36 475
17 37 1706
17 38 900
17 39 523
17 40 1754
17 41 948
17 42 571
17 43 1802
17 44 996
17 45 619
17 46 1850
17 47 1044
17 48 667
17 49 1898
17 50 1092
17 51 715
17 52 1946
17 53 1140
17 54 763
17 55 1994
17 56 1188
17 57 811
17 58 2042
17 59 1236
17 60 859
17 61 2090
17 62 1284
17 63 907
17 64 2138
17 65 1332
17 66 955
17 67 2186
17 68 1380
17 69 1003
17 70 2234
17 71 1428
17 72 1051
17 73 2282
17 74 1476
17 75 1099
17 76 2330
17 77 1068
18 0 2277
18 1 564
18 2 2413
18 3 1462
18 4 1358
18 5 2052
18 6 1643
18 7 1184
18 8 1385
18 9 1272
18 10 846
18 11 2195
18 12 1084
18 13 1106
18 14 1539
18 15 959
18 16 1045
18 17 1305
18 18 0
18 19 2358
18 20 1023
18 21 2199
18 22 1543
18 23 2157
18 24 926
18 25 497
18 26 2109
18 27 878
18 28 449
18 29 2061
18 30 830
18 31 401
18 32 2109
18 33 878
18 34 449
18 35 2157
18 36 926
18 37 497
18 38 2205
18 39 974
18 40 545
18 41 2253
18 42 1022
18 43 593
18 44 2301
18 45 1070
18 46 641
18 47 2349
18 48 1118
18 49 689
18 50 2397
18 51 1166
18 52 737
18 53 2445
18 54 1214
18 55 785
18 56 2493
18 57 1262
18 58 833
18 59 2541
18 60 1310
18 61 881
18 62 2589
18 63 1358
18 64 929
18 65 2637
18 66 1406
18 67 977
18 68 2685
18 69 1454
18 70 1025
18 71 2733
18 72 1502
18 73 1073
18 74 2781
18 75 1550
18 76 1121
18 77 2277
19 0 1263
19 1 2596
19 2 695
19 3 1646
19 4 1672
19 5 1056
19 6 1561
19 7 1882
19 8 1411
19 9 1394
19 10 2314
19 11 913
19 12 1782
19 13 2246
19 14 1665
19 15 2201
19 16 2211
19 17 1803
19 18 2358
19 19 0
19 20 1721
19 21 909
19 22 1565
19 23 1143
19 24 1624
19 25 2855
19 26 1095
19 27 1576
19 28 2807
19 29 1047
19 30 1528
19 31 2759
19 32 999
19 33 1480
19 34 2711
19 35 951
19 36 1432
19 37 2663
19 38 903
19 39 1384
19 40 2615
19 41 855
19 42 1336
19 43 2567
19 44 807
19 45 1288
19 46 2519
19 47 759
19 48 1240
19 49 2471
19 50 711
19 51 1192
19 52 2423
19 53 663
19 54 1144
19 55 2375
19 56 615
19 57 1096
19 58 2327
19 59 567
19 60 1048
19 61 2279
19 62 519
19 63 1000
19 64 2231
19 65 471
19 66 952
19 67 2183
19 68 423
19 69 904
19 70 2135
19 71 375
19 72 856
19 73 2087
19 74 423
19 75 904
19 76 2135
19 77 1263
20 0 1254
20 1 1357
20 2 1646
20 3 825
20 4 721
20 5 1415
20 6 1006
20 7 547
20 8 748
20 9 635
20 10 1171
20 11 1480
20 12 447
20 13 911
20 14 902
20 15 1154
20 16 876
20 17 668
20 18 1023
20 19 1721
20 20 0
20 21 1380
20 22 520
20 23 1134
20 24 289
20 25 1520
20 26 1086
20 27 241
20 28 1472
20 29 1038
20 30 193
20 31 1424
20 32 1086
20 33 241
20 34 1472
20 35 1134
20 36 289
20 37 1520
20 38 1182
20 39 337
20 40 1568
20 41 1230
20 42 385
20 43 1616
20 44 1278
20 45 433
20 46 1664
20 47 1326
20 48 481
20 49 1712
20 50 1374
20 51 529
20 52 1760
20 53 1422
20 54 577
20 55 1808
20 56 1470
20 57 625
20 58 1856
20 59 1518
20 60 673
20 61 1904
20 62 1566
20 63 721
20 64 1952
20 65 1614
20 66 769
20 67 2000
20 68 1662
20 69 817
20 70 2048
20 71 1710
20 72 865
20 73 2096
20 74 1758
20 75 913
20 76 2144
20 77 1254
21 0 558
21 1 2437
21 2 470
21 3 941
21 4 1513
21 5 447
21 6 856
21 7 1723
21 8 1210
21 9 1227
21 10 2155
21 11 304
21 12 1415
21 13 2087
21 14 960
21 15 2042
21 16 2052
21 17 1098
21 18 2199
21 19 909
21 20 1380
21 21 0
21 22 860
21 23 438
21 24 1465
21 25 2696
21 26 390
21 27 1417
21 28 2648
21 29 342
21 30 1369
21 31 2600
21 32 294
21 33 1321
21 34 2552
21 35 246
21 36 1273
21 37 2504
21 38 198
21 39 1225
21 40 2456
21 41 150
21 42 1177
21 43 2408
21 44 102
21 45 1129
21 46 2360
21 47 150
21 48 1177
21 49 2408
21 50 198
21 51 1225
21 52 2456
21 53 246
21 54 1273
21 55 2504
21 56 294
21 57 1321
21 58 2552
21 59 342
21 60 1369
21 61 2600
21 62 390
21 63 1417
21 64 2648
21 65 438
21 66 1465
21 67 2696
21 68 486
21 69 1513
21 70 2744
21 71 534
21 72 1561
21 73 2792
21 74 582
21 75 1609
21 76 2840
21 77 558
22 0 734
22 1 1877
22 2 1126
22 3 1345
22 4 1241
22 5 1103
22 6 1032
22 7 1067
22 8 1268
22 9 1155
22 10 1691
22 11 960
22 12 967
22 13 1431
22 14 1136
22 15 1674
22 16 1396
22 17 1188
22 18 1543
22 19 1565
22 20 520
22 21 860
22 22 0
22 23 614
22 24 809
22 25 2040
22 26 566
22 27 761
22 28 1992
22 29 518
22 30 713
22 31 1944
22 32 566
22 33 761
22 34 1992
22 35 614
22 36 809
22 37 2040
22 38 662
22 39 857
22 40 2088
22 41 710
22 42 905
22 43 2136
22 44 758
22 45 953
22 46 2184
22 47 806
22 48 1001
22 49 2232
22 50 854
22 51 1049
22 52 2280
22 53 902
22 54 1097
22 55 2328
22 56 950
22 57 1145
22 58 2376
22 59 998
22 60 1193
22 61 2424
22 62 1046
22 63 1241
22 64 2472
22 65 1094
22 66 1289
22 67 2520
22 68 1142
22 69 1337
22 70 2568
22 71 1190
22 72 1385
22 73 2616
22 74 1238
22 75 1433
22 76 2664
22 77 734
23 0 120
23 1 2491
23 2 704
23 3 1079
23 4 1855
23 5 681
23 6 514
23 7 1489
23 8 1444
23 9 1461
23 10 2305
23 11 538
23 12 1073
23 13 1853
23 14 618
23 15 2288
23 16 1914
23 17 948
23 18 2157
23 19 1143
23 20 1134
23 21 438
23 22 614
23 23 0
23 24 1231
23 25 2462
23 26 48
23 27 1279
23 28 2510
23 29 96
23 30 1327
23 31 2558
23 32 144
23 33 1375
23 34 2606
23 35 192
23 36 1423
23 37 2654
23 38 240
23 39 1471
23 40 2702
23 41 288
23 42 1519
23 43 2750
23 44 336
23 45 1567
23 46 2798
23 47 384
23 48 1615
23 49 2846
23 50 432
23 51 1663
23 52 2894
23 53 480
23 54 1711
23 55 2942
23 56 528
23 57 1759
23 58 2990
23 59 576
23 60 1807
23 61 3038
23 62 624
23 63 1855
23 64 3086
23 65 672
23 66 1903
23 67 3134
23 68 720
23 69 1951
23 70 3182
23 71 768
23 72 1999
23 73 3230
23 74 816
23 75 2047
23 76 3278
23 77 120
24 0 1351
24 1 1260
24 2 1679
24 3 728
24 4 624
24 5 1318
24 6 813
24 7 258
24 8 651
24 9 538
24 10 1074
24 11 1461
24 12 254
24 13 622
24 14 709
24 15 1057
24 16 683
24 17 571
24 18 926
24 19 1624
24 20 289
24 21 1465
24 22 809
24 23 1231
24 24 0
24 25 1231
24 26 1279
24 27 48
24 28 1279
24 29 1327
24 30 96
24 31 1327
24 32 1375
24 33 144
24 34 1375
24 35 1423
24 36 192
24 37 1423
24 38 1471
24 39 240
24 40 1471
24 41 1519
24 42 288
24 43 1519
24 44 1567
24 45 336
24 46 1567
24 47 1615
24 48 384
24 49 1615
24 50 1663
24 51 432
24 52 1663
24 53 1711
24 54 480
24 55 1711
24 56 1759
24 57 528
24 58 1759
24 59 1807
24 60 576
24 61 1807
24 62 1855
24 63 624
24 64 1855
24 65 1903
24 66 672
24 67 1903
24 68 1951
24 69 720
24 70 1951
24 71 1999
24 72 768
24 73 1999
24 74 2047
24 75 816
24 76 2047
24 77 1351
25 0 2582
25 1 259
25 2 2910
25 3 1959
25 4 1183
25 5 2549
25 6 2044
25 7 973
25 8 1882
25 9 1769
25 10 541
25 11 2692
25 12 1485
25 13 609
25 14 1940
25 15 654
25 16 644
25 17 1802
25 18 497
25 19 2855
25 20 1520
25 21 2696
25 22 2040
25 23 2462
25 24 1231
25 25 0
25 26 2510
25 27 1279
25 28 48
25 29 2558
25 30 1327
25 31 96
25 32 2606
25 33 1375
25 34 144
25 35 2654
25 36 1423
25 37 192
25 38 2702
25 39 1471
25 40 240
25 41 2750
25 42 1519
25 43 288
25 44 2798
25 45 1567
25 46 336
25 47 2846
25 48 1615
25 49 384
25 50 2894
25 51 1663
25 52 432
25 53 2942
25 54 1711
25 55 480
25 56 2990
25 57 1759
25 58 528
25 59 3038
25 60 1807
25 61 576
25 62 3086
25 63 1855
25 64 624
25 65 3134
25 66 1903
25 67 672
25 68 3182
25 69 1951
25 70 720
25 71 3230
25 72 1999
25 73 768
25 74 3278
25 75 2047
25 76 816
25 77 2582
26 0 168
26 1 2443
26 2 656
26 3 1031
26 4 1807
26 5 633
26 6 466
26 7 1537
26 8 1396
26 9 1413
26 10 2257
26 11 490
26 12 1025
26 13 1901
26 14 570
26 15 2240
26 16 1866
26 17 900
26 18 2109
26 19 1095
26 20 1086
26 21 390
26 22 566
26 23 48
26 24 1279
26 25 2510
26 26 0
26 27 1231
26 28 2462
26 29 48
26 30 1279
26 31 2510
26 32 96
26 33 1327
26 34 2558
26 35 144
26 36 1375
26 37 2606
26 38 192
26 39 1423
26 40 2654
26 41 240
26 42 1471
26 43 2702
26 44 288
26 45 1519
26 46 2750
26 47 336
26 48 1567
26 49 2798
26 50 384
26 51 1615
26 52 2846
26 53 432
26 54 1663
26 55 2894
26 56 480
26 57 1711
26 58 2942
26 59 528
26 60 1759
26 61 2990
26 62 576
26 63 1807
26 64 3038
26 65 624
26 66 1855
26 67 3086
26 68 672
26 69 1903
26 70 3134
26 71 720
26 72 1951
26 73 3182
26 74 768
26 75 1999
26 76 3230
26 77 168
27 0 1399
27 1 1212
27 2 1631
27 3 680
27 4 576
27 5 1270
27 6 765
27 7 306
27 8 603
27 9 490
27 10 1026
27 11 1413
27 12 206
27 13 670
27 14 661
27 15 1009
27 16 635
27 17 523
27 18 878
27 19 1576
27 20 241
27 21 1417
27 22 761
27 23 1279
27 24 48
27 25 1279
27 26 1231
27 27 0
27 28 1231
27 29 1279
27 30 48
27 31 1279
27 32 1327
27 33 96
27 34 1327
27 35 1375
27 36 144
27 37 1375
27 38 1423
27 39 192
27 40 1423
27 41 1471
27 42 240
27 43 1471
27 44 1519
27 45 288
27 46 1519
27 47 1567
27 48 336
27 49 1567
27 50 1615
27 51 384
27 52 1615
27 53 1663
27 54 432
27 55 1663
27 56 1711
27 57 480
27 58 1711
27 59 1759
27 60 528
27 61 1759
27 62 1807
27 63 576
27 64 1807
27 65 1855
27 66 624
27 67 1855
27 68 1903
27 69 672
27 70 1903
27 71 1951
27 72 720
27 73 1951
27 74 1999
27 75 768
27 76 1999
27 77 1399
28 0 2630
28 1 211
28 2 2862
28 3 1911
28 4 1135
28 5 2501
28 6 1996
28 7 1021
28 8 1834
28 9 1721
28 10 493
28 11 2644
28 12 1437
28 13 657
28 14 1892
28 15 606
28 16 596
28 17 1754
28 18 449
28 19 2807
28 20 1472
28 21 2648
28 22 1992
28 23 2510
28 24 1279
28 25 48
28 26 2462
28 27 1231
28 28 0
28 29 2510
28 30 1279
28 31 48
28 32 2558
28 33 1327
28 34 96
28 35 2606
28 36 1375
28 37 144
28 38 2654
28 39 1423
28 40 192
28 41 2702
28 42 1471
28 43 240
28 44 2750
28 45 1519
28 46 288
28 47 2798
28 48 1567
28 49 336
28 50 2846
28 51 1615
28 52 384
28 53 2894
28 54 1663
28 55 432
28 56 2942
28 57 1711
28 58 480
28 59 2990
28 60 1759
28 61 528
28 62 3038
28 63 1807
28 64 576
28 65 3086
28 66 1855
28 67 624
28 68 3134
28 69 1903
28 70 672
28 71 3182
28 72 1951
28 73 720
28 74 3230
28 75 1999
28 76 768
28 77 2630
29 0 216
29 1 2395
29 2 608
29 3 983
29 4 1759
29 5 585
29 6 514
29 7 1585
29 8 1348
29 9 1365
29 10 2209
29 11 442
29 12 1073
29 13 1949
29 14 618
29 15 2192
29 16 1914
29 17 852
29 18 2061
29 19 1047
29 20 1038
29 21 342
29 22 518
29 23 96
29 24 1327
29 25 2558
29 26 48
29 27 1279
29 28 2510
29 29 0
29 30 1231
29 31 2462
29 32 48
29 33 1279
29 34 2510
29 35 96
29 36 1327
29 37 2558
29 38 144
29 39 1375
29 40 2606
29 41 192
29 42 1423
29 43 2654
29 44 240
29 45 1471
29 46 2702
29 47 288
29 48 1519
29 49 2750
29 50 336
29 51 1567
29 52 2798
29 53 384
29 54 1615
29 55 2846
29 56 432
29 57 1663
29 58 2894
29 59 480
29 60 1711
29 61 2942
29 62 528
29 63 1759
29 64 2990
29 65 576
29 66 1807
29 67 3038
29 68 624
29 69 1855
29 70 3086
29 71 672
29 72 1903
29 73 3134
29 74 720
29 75 1951
29 76 3182
29 77 216
30 0 1447
30 1 1164
30 2 1583
30 3 632
30 4 528
30 5 1222
30 6 813
30 7 354
30 8 555
30 9 442
30 10 978
30 11 1365
30 12 254
30 13 718
30 14 709
30 15 961
30 16 683
30 17 475
30 18 830
30 19 1528
30 20 193
30 21 1369
30 22 713
30 23 1327
30 24 96
30 25 1327
30 26 1279
30 27 48
30 28 1279
30 29 1231
30 30 0
30 31 1231
30 32 1279
30 33 48
30 34 1279
30 35 1327
30 36 96
30 37 1327
30 38 1375
30 39 144
30 40 1375
30 41 1423
30 42 192
30 43 1423
30 44 1471
30 45 240
30 46 1471
30 47 1519
30 48 288
30 49 1519
30 50 1567
30 51 336
30 52 1567
30 53 1615
30 54 384
30 55 1615
30 56 1663
30 57 432
30 58 1663
30 59 1711
30 60 480
30 61 1711
30 62 1759
30 63 528
30 64 1759
30 65 1807
30 66 576
30 67 1807
30 68 1855
30 69 624
30 70 1855
30 71 1903
30 72 672
30 73 1903
30 74 1951
30 75 720
30 76 1951
30 77 1447
31 0 2678
31 1 163
31 2 2814
31 3 1863
31 4 1087
31 5 2453
31 6 2044
31 7 1069
31 8 1786
31 9 1673
31 10 445
31 11 2596
31 12 1485
31 13 705
31 14 1940
31 15 558
31 16 644
31 17 1706
31 18 401
31 19 2759
31 20 1424
31 21 2600
31 22 1944
31 23 2558
31 24 1327
31 25 96
31 26 2510
31 27 1279
31 28 48
31 29 2462
31 30 1231
31 31 0
31 32 2510
31 33 1279
31 34 48
31 35 2558
31 36 1327
31 37 96
31 38 2606
31 39 1375
31 40 144
31 41 2654
31 42 1423
31 43 192
31 44 2702
31 45 1471
31 46 240
31 47 2750
31 48 1519
31 49 288
31 50 2798
31 51 1567
31 52 336
31 53 2846
31 54 1615
31 55 384
31 56 2894
31 57 1663
31 58 432
31 59 2942
31 60 1711
31 61 480
31 62 2990
31 63 1759
31 64 528
31 65 3038
31 66 1807
31 67 576
31 68 3086
31 69 1855
31 70 624
31 71 3134
31 72 1903
31 73 672
31 74 3182
31 75 1951
31 76 720
31 77 2678
32 0 264
32 1 2347
32 2 560
32 3 935
32 4 1711
32 5 537
32 6 562
32 7 1633
32 8 1300
32 9 1317
32 10 2161
32 11 394
32 12 1121
32 13 1997
32 14 666
32 15 2144
32 16 1962
32 17 804
32 18 2109
32 19 999
32 20 1086
32 21 294
32 22 566
32 23 144
32 24 1375
32 25 2606
32 26 96
32 27 1327
32 28 2558
32 29 48
32 30 1279
32 31 2510
32 32 0
32 33 1231
32 34 2462
32 35 48
32 36 1279
32 37 2510
32 38 96
32 39 1327
32 40 2558
32 41 144
32 42 1375
32 43 2606
32 44 192
32 45 1423
32 46 2654
32 47 240
32 48 1471
32 49 2702
32 50 288
32 51 1519
32 52 2750
32 53 336
32 54 1567
32 55 2798
32 56 384
32 57 1615
32 58 2846
32 59 432
32 60 1663
32 61 2894
32 62 480
32 63 1711
32 64 2942
32 65 528
32 66 1759
32 67 2990
32 68 576
32 69 1807
32 70 3038
32 71 624
32 72 1855
32 73 3086
32 74 672
32 75 1903
32 76 3134
32 77 264
33 0 1495
33 1 1116
33 2 1535
33 3 584
33 4 480
33 5 1174
33 6 861
33 7 402
33 8 507
33 9 394
33 10 930
33 11 1317
33 12 302
33 13 766
33 14 757
33 15 913
33 16 731
33 17 427
33 18 878
33 19 1480
33 20 241
33 21 1321
33 22 761
33 23 1375
33 24 144
33 25 1375
33 26 1327
33 27 96
33 28 1327
33 29 1279
33 30 48
33 31 1279
33 32 1231
33 33 0
33 34 1231
33 35 1279
33 36 48
33 37 1279
33 38 1327
33 39 96
33 40 1327
33 41 1375
33 42 144
33 43 1375
33 44 1423
33 45 192
33 46 1423
33 47 1471
33 48 240
33 49 1471
33 50 1519
33 51 288
33 52 1519
33 53 1567
33 54 336
33 55 1567
33 56 1615
33 57 384
33 58 1615
33 59 1663
33 60 432
33 61 1663
33 62 1711
33 63 480
33 64 1711
33 65 1759
33 66 528
33 67 1759
33 68 1807
33 69 576
33 70 1807
33 71 1855
33 72 624
33 73 1855
33 74 1903
33 75 672
33 76 1903
33 77 1495
34 0 2726
34 1 115
34 2 2766
34 3 1815
34 4 1039
34 5 2405
34 6 2092
34 7 1117
34 8 1738
34 9 1625
34 10 397
34 11 2548
34 12 1533
34 13 753
34 14 1988
34 15 510
34 16 692
34 17 1658
34 18 449
34 19 2711
34 20 1472
34 21 2552
34 22 1992
34 23 2606
34 24 1375
34 25 144
34 26 2558
34 27 1327
34 28 96
34 29 2510
34 30 1279
34 31 48
34 32 2462
34 33 1231
34 34 0
34 35 2510
34 36 1279
34 37 48
34 38 2558
34 39 1327
34 40 96
34 41 2606
34 42 1375
34 43 144
34 44 2654
34 45 1423
34 46 192
34 47 2702
34 48 1471
34 49 240
34 50 2750
34 51 1519
34 52 288
34 53 2798
34 54 1567
34 55 336
34 56 2846
34 57 1615
34 58 384
34 59 2894
34 60 1663
34 61 432
34 62 2942
34 63 1711
34 64 480
34 65 2990
34 66 1759
34 67 528
34 68 3038
34 69 1807
34 70 576
34 71 3086
34 72 1855
34 73 624
34 74 3134
34 75 1903
34 76 672
34 77 2726
35 0 312
35 1 2395
35 2 512
35 3 887
35 4 1663
35 5 489
35 6 610
35 7 1681
35 8 1252
35 9 1269
35 10 2113
35 11 346
35 12 1169
35 13 2045
35 14 714
35 15 2096
35 16 2010
35 17 852
35 18 2157
35 19 951
35 20 1134
35 21 246
35 22 614
35 23 192
35 24 1423
35 25 2654
35 26 144
35 27 1375
35 28 2606
35 29 96
35 30 1327
35 31 2558
35 32 48
35 33 1279
35 34 2510
35 35 0
35 36 1231
35 37 2462
35 38 48
35 39 1279
35 40 2510
35 41 96
35 42 1327
35 43 2558
35 44 144
35 45 1375
35 46 2606
35 47 192
35 48 1423
35 49 2654
35 50 240
35 51 1471
35 52 2702
35 53 288
35 54 1519
35 55 2750
35 56 336
35 57 1567
35 58 2798
35 59 384
35 60 1615
35 61 2846
35 62 432
35 63 1663
35 64 2894
35 65 480
35 66 1711
35 67 2942
35 68 528
35 69 1759
35 70 2990
35 71 576
35 72 1807
35 73 3038
35 74 624
35 75 1855
35 76 3086
35 77 312
36 0 1543
36 1 1164
36 2 1487
36 3 536
36 4 432
36 5 1126
36 6 909
36 7 450
36 8 459
36 9 346
36 10 882
36 11 1269
36 12 350
36 13 814
36 14 805
36 15 865
36 16 779
36 17 475
36 18 926
36 19 1432
36 20 289
36 21 1273
36 22 809
36 23 1423
36 24 192
36 25 1423
36 26 1375
36 27 144
36 28 1375
36 29 1327
36 30 96
36 31 1327
36 32 1279
36 33 48
36 34 1279
36 35 1231
36 36 0
36 37 1231
36 38 1279
36 39 48
36 40 1279
36 41 1327
36 42 96
36 43 1327
36 44 1375
36 45 144
36 46 1375
36 47 1423
36 48 192
36 49 1423
36 50 1471
36 51 240
36 52 1471
36 53 1519
36 54 288
36 55 1519
36 56 1567
36 57 336
36 58 1567
36 59 1615
36 60 384
36 61 1615
36 62 1663
36 63 432
36 64 1663
36 65 1711
36 66 480
36 67 1711
36 68 1759
36 69 528
36 70 1759
36 71 1807
36 72 576
36 73 1807
36 74 1855
36 75 624
36 76 1855
36 77 1543
37 0 2774
37 1 163
37 2 2718
37 3 1767
37 4 991
37 5 2357
37 6 2140
37 7 1165
37 8 1690
37 9 1577
37 10 349
37 11 2500
37 12 1581
37 13 801
37 14 2036
37 15 462
37 16 740
37 17 1706
37 18 497
37 19 2663
37 20 1520
37 21 2504
37 22 2040
37 23 2654
37 24 1423
37 25 192
37 26 2606
37 27 1375
37 28 144
37 29 2558
37 30 1327
37 31 96
37 32 2510
37 33 1279
37 34 48
37 35 2462
37 36 1231
37 37 0
37 38 2510
37 39 1279
37 40 48
37 41 2558
37 42 1327
37 43 96
37 44 2606
37 45 1375
37 46 144
37 47 2654
37 48 1423
37 49 192
37 50 2702
37 51 1471
37 52 240
37 53 2750
37 54 1519
37 55 288
37 56 2798
37 57 1567
37 58 336
37 59 2846
37 60 1615
37 61 384
37 62 2894
37 63 1663
37 64 432
37 65 2942
37 66 1711
37 67 480
37 68 2990
37 69 1759
37 70 528
37 71 3038
37 72 1807
37 73 576
37 74 3086
37 75 1855
37 76 624
37 77 2774
38 0 360
38 1 2443
38 2 464
38 3 839
38 4 1615
38 5 441
38 6 658
38 7 1729
38 8 1204
38 9 1221
38 10 2161
38 11 298
38 12 1217
38 13 2093
38 14 762
38 15 2048
38 16 2058
38 17 900
38 18 2205
38 19 903
38 20 1182
38 21 198
38 22 662
38 23 240
38 24 1471
38 25 2702
38 26 192
38 27 1423
38 28 2654
38 29 144
38 30 1375
38 31 2606
38 32 96
38 33 1327
38 34 2558
38 35 48
38 36 1279
38 37 2510
38 38 0
38 39 1231
38 40 2462
38 41 48
38 42 1279
38 43 2510
38 44 96
38 45 1327
38 46 2558
38 47 144
38 48 1375
38 49 2606
38 50 192
38 51 1423
38 52 2654
38 53 240
38 54 1471
38 55 2702
38 56 288
38 57 1519
38 58 2750
38 59 336
38 60 1567
38 61 2798
38 62 384
38 63 1615
38 64 2846
38 65 432
38 66 1663
38 67 2894
38 68 480
38 69 1711
38 70 2942
38 71 528
38 72 1759
38 73 2990
38 74 576
38 75 1807
38 76 3038
38 77 360
39 0 1591
39 1 1212
39 2 1439
39 3 488
39 4 384
39 5 1078
39 6 957
39 7 498
39 8 411
39 9 298
39 10 930
39 11 1221
39 12 398
39 13 862
39 14 853
39 15 817
39 16 827
39 17 523
39 18 974
39 19 1384
39 20 337
39 21 1225
39 22 857
39 23 1471
39 24 240
39 25 1471
39 26 1423
39 27 192
39 28 1423
39 29 1375
39 30 144
39 31 1375
39 32 1327
39 33 96
39 34 1327
39 35 1279
39 36 48
39 37 1279
39 38 1231
39 39 0
39 40 1231
39 41 1279
39 42 48
39 43 1279
39 44 1327
39 45 96
39 46 1327
39 47 1375
39 48 144
39 49 1375
39 50 1423
39 51 192
39 52 1423
39 53 1471
39 54 240
39 55 1471
39 56 1519
39 57 288
39 58 1519
39 59 1567
39 60 336
39 61 1567
39 62 1615
39 63 384
39 64 1615
39 65 1663
39 66 432
39 67 1663
39 68 1711
39 69 480
39 70 1711
39 71 1759
39 72 528
39 73 1759
39 74 1807
39 75 576
39 76 1807
39 77 1591
40 0 2822
40 1 211
40 2 2670
40 3 1719
40 4 943
40 5 2309
40 6 2188
40 7 1213
40 8 1642
40 9 1529
40 10 397
40 11 2452
40 12 1629
40 13 849
40 14 2084
40 15 414
40 16 788
40 17 1754
40 18 545
40 19 2615
40 20 1568
40 21 2456
40 22 2088
40 23 2702
40 24 1471
40 25 240
40 26 2654
40 27 1423
40 28 192
40 29 2606
40 30 1375
40 31 144
40 32 2558
40 33 1327
40 34 96
40 35 2510
40 36 1279
40 37 48
40 38 2462
40 39 1231
40 40 0
40 41 2510
40 42 1279
40 43 48
40 44 2558
40 45 1327
40 46 96
40 47 2606
40 48 1375
40 49 144
40 50 2654
40 51 1423
40 52 192
40 53 2702
40 54 1471
40 55 240
40 56 2750
40 57 1519
40 58 288
40 59 2798
40 60 1567
40 61 336
40 62 2846
40 63 1615
40 64 384
40 65 2894
40 66 1663
40 67 432
40 68 2942
40 69 1711
40 70 480
40 71 2990
40 72 1759
40 73 528
40 74 3038
40 75 1807
40 76 576
40 77 2822
41 0 408
41 1 2491
41 2 416
41 3 791
41 4 1567
41 5 393
41 6 706
41 7 1777
41 8 1156
41 9 1173
41 10 2209
41 11 250
41 12 1265
41 13 2141
41 14 810
41 15 2096
41 16 2106
41 17 948
41 18 2253
41 19 855
41 20 1230
41 21 150
41 22 710
41 23 288
41 24 1519
41 25 2750
41 26 240
41 27 1471
41 28 2702
41 29 192
41 30 1423
41 31 2654
41 32 144
41 33 1375
41 34 2606
41 35 96
41 36 1327
41 37 2558
41 38 48
41 39 1279
41 40 2510
41 41 0
41 42 1231
41 43 2462
41 44 48
41 45 1279
41 46 2510
41 47 96
41 48 1327
41 49 2558
41 50 144
41 51 1375
41 52 2606
41 53 192
41 54 1423
41 55 2654
41 56 240
41 57 1471
41 58 2702
41 59 288
41 60 1519
41 61 2750
41 62 336
41 63 1567
41 64 2798
41 65 384
41 66 1615
41 67 2846
41 68 432
41 69 1663
41 70 2894
41 71 480
41 72 1711
41 73 2942
41 74 528
41 75 1759
41 76 2990
41 77 408
42 0 1639
42 1 1260
42 2 1391
42 3 440
42 4 336
42 5 1030
42 6 1005
42 7 546
42 8 363
42 9 250
42 10 978
42 11 1173
42 12 446
42 13 910
42 14 901
42 15 865
42 16 875
42 17 571
42 18 1022
42 19 1336
42 20 385
42 21 1177
42 22 905
42 23 1519
42 24 288
42 25 1519
42 26 1471
42 27 240
42 28 1471
42 29 1423
42 30 192
42 31 1423
42 32 1375
42 33 144
42 34 1375
42 35 1327
42 36 96
42 37 1327
42 38 1279
42 39 48
42 40 1279
42 41 1231
42 42 0
42 43 1231
42 44 1279
42 45 48
42 46 1279
42 47 1327
42 48 96
42 49 1327
42 50 1375
42 51 144
42 52 1375
42 53 1423
42 54 192
42 55 1423
42 56 1471
42 57 240
42 58 1471
42 59 1519
42 60 288
42 61 1519
42 62 1567
42 63 336
42 64 1567
42 65 1615
42 66 384
42 67 1615
42 68 1663
42 69 432
42 70 1663
42 71 1711
42 72 480
42 73 1711
42 74 1759
42 75 528
42 76 1759
42 77 1639
43 0 2870
43 1 259
43 2 2622
43 3 1671
43 4 895
43 5 2261
43 6 2236
43 7 1261
43 8 1594
43 9 1481
43 10 445
43 11 2404
43 12 1677
43 13 897
43 14 2132
43 15 462
43 16 836
43 17 1802
43 18 593
43 19 2567
43 20 1616
43 21 2408
43 22 2136
43 23 2750
43 24 1519
43 25 288
43 26 2702
43 27 1471
43 28 240
43 29 2654
43 30 1423
43 31 192
43 32 2606
43 33 1375
43 34 144
43 35 2558
43 36 1327
43 37 96
43 38 2510
43 39 1279
43 40 48
43 41 2462
43 42 1231
43 43 0
43 44 2510
43 45 1279
43 46 48
43 47 2558
43 48 1327
43 49 96
43 50 2606
43 51 1375
43 52 144
43 53 2654
43 54 1423
43 55 192
43 56 2702
43 57 1471
43 58 240
43 59 2750
43 60 1519
43 61 288
43 62 2798
43 63 1567
43 64 336
43 65 2846
43 66 1615
43 67 384
43 68 2894
43 69 1663
43 70 432
43 71 2942
43 72 1711
43 73 480
43 74 2990
43 75 1759
43 76 528
43 77 2870
44 0 456
44 1 2539
44 2 368
44 3 839
44 4 1615
44 5 345
44 6 754
44 7 1825
44 8 1108
44 9 1125
44 10 2257
44 11 202
44 12 1313
44 13 2189
44 14 858
44 15 2144
44 16 2154
44 17 996
44 18 2301
44 19 807
44 20 1278
44 21 102
44 22 758
44 23 336
44 24 1567
44 25 2798
44 26 288
44 27 1519
44 28 2750
44 29 240
44 30 1471
44 31 2702
44 32 192
44 33 1423
44 34 2654
44 35 144
44 36 1375
44 37 2606
44 38 96
44 39 1327
44 40 2558
44 41 48
44 42 1279
44 43 2510
44 44 0
44 45 1231
44 46 2462
44 47 48
44 48 1279
44 49 2510
44 50 96
44 51 1327
44 52 2558
44 53 144
44 54 1375
44 55 2606
44 56 192
44 57 1423
44 58 2654
44 59 240
44 60 1471
44 61 2702
44 62 288
44 63 1519
44 64 2750
44 65 336
44 66 1567
44 67 2798
44 68 384
44 69 1615
44 70 2846
44 71 432
44 72 1663
44 73 2894
44 74 480
44 75 1711
44 76 2942
44 77 456
45 0 1687
45 1 1308
45 2 1343
45 3 488
45 4 384
45 5 982
45 6 1053
45 7 594
45 8 315
45 9 202
45 10 1026
45 11 1125
45 12 494
45 13 958
45 14 949
45 15 913
45 16 923
45 17 619
45 18 1070
45 19 1288
45 20 433
45 21 1129
45 22 953
45 23 1567
45 24 336
45 25 1567
45 26 1519
45 27 288
45 28 1519
45 29 1471
45 30 240
45 31 1471
45 32 1423
45 33 192
45 34 1423
45 35 1375
45 36 144
45 37 1375
45 38 1327
45 39 96
45 40 1327
45 41 1279
45 42 48
45 43 1279
45 44 1231
45 45 0
45 46 1231
45 47 1279
45 48 48
45 49 1279
45 50 1327
45 51 96
45 52 1327
45 53 1375
45 54 144
45 55 1375
45 56 1423
45 57 192
45 58 1423
45 59 1471
45 60 240
45 61 1471
45 62 1519
45 63 288
45 64 1519
45 65 1567
45 66 336
45 67 1567
45 68 1615
45 69 384
45 70 1615
45 71 1663
45 72 432
45 73 1663
45 74 1711
45 75 480
45 76 1711
45 77 1687
46 0 2918
46 1 307
46 2 2574
46 3 1719
46 4 943
46 5 2213
46 6 2284
46 7 1309
46 8 1546
46 9 1433
46 10 493
46 11 2356
46 12 1725
46 13 945
46 14 2180
46 15 510
46 16 884
46 17 1850
46 18 641
46 19 2519
46 20 1664
46 21 2360
46 22 2184
46 23 2798
46 24 1567
46 25 336
46 26 2750
46 27 1519
46 28 288
46 29 2702
46 30 1471
46 31 240
46 32 2654
46 33 1423
