//alpha
1
//NbLocations
58
//NbProducts
21
//NbPickers
2
//CapaPicker
12
//TimeToTravelOneDistanceUnit
3
//SetupTime
5400
//PickTime
300
//Products
//Idx Location Size
1 1 1
2 2 1
3 3 1
4 4 1
5 5 1
6 6 1
7 7 1
8 8 1
9 9 1
10 10 1
11 11 1
12 12 1
13 13 1
14 14 1
15 15 1
16 16 1
17 17 1
18 18 1
19 19 1
20 20 1
21 21 1
//Orders
//NbOrders
6
//Idx DueDate TardinessPenalty NbProdInOrder ProdIdx1 Qty1 ProdIdx2 Qty2 ...
1 108000 0 6 1 1 2 1 3 1 4 1 5 1 6 1
2 126000 0 1 7 1
3 108000 0 1 8 1
4 72000 0 5 9 1 10 1 11 1 12 1 13 1
5 54000 0 3 14 1 15 1 16 1
6 90000 0 5 17 1 18 1 19 1 20 1 21 1
//Graph (Products are vertices indexed from 1 to NbProducts)
//NbVerticesIntersections
36
//DepartingDepot
0
//ArrivalDepot
58
//Arcs
//Start End Distance
0 22 120
1 28 713
1 29 128
2 47 284
2 48 557
3 11 494
3 12 169
4 22 453
4 23 388
5 10 182
5 17 104
6 46 310
6 47 531
7 31 414
7 32 427
8 56 375
8 57 466
9 15 26
9 21 91
10 5 182
10 23 336
11 3 494
11 35 76
12 3 169
12 36 102
13 18 442
13 26 284
14 29 167
14 30 674
15 9 26
15 20 182
16 49 284
16 50 557
17 5 104
17 24 219
18 13 442
18 25 115
19 43 479
19 44 362
20 15 182
20 26 492
21 9 91
21 27 50
22 4 453
22 25 48
22 58 120
23 4 388
23 10 336
23 26 48
24 17 219
24 27 48
25 18 115
25 22 48
25 28 48
26 13 284
26 20 492
26 23 48
26 29 48
27 21 50
27 24 48
27 30 48
28 1 713
28 25 48
28 31 48
29 1 128
29 14 167
29 26 48
29 32 48
30 14 674
30 27 48
30 33 48
31 7 414
31 28 48
31 34 48
32 7 427
32 29 48
32 33 841
32 35 48
33 30 48
33 32 841
33 36 48
34 31 48
34 35 841
34 37 48
35 11 76
35 32 48
35 34 841
35 38 48
36 12 102
36 33 48
36 39 48
37 34 48
37 38 841
37 40 48
38 35 48
38 37 841
38 39 841
38 41 48
39 36 48
39 38 841
39 42 48
40 37 48
40 41 841
40 43 48
41 38 48
41 40 841
41 42 841
41 44 48
42 39 48
42 41 841
42 45 48
43 19 479
43 40 48
43 46 48
44 19 362
44 41 48
44 45 841
44 47 48
45 42 48
45 44 841
45 48 48
46 6 310
46 43 48
46 49 48
47 2 284
47 6 531
47 44 48
47 50 48
48 2 557
48 45 48
48 51 48
49 16 284
49 46 48
49 52 48
50 16 557
50 47 48
50 51 841
50 53 48
51 48 48
51 50 841
51 54 48
52 49 48
52 53 841
52 55 48
53 50 48
53 52 841
53 54 841
53 56 48
54 51 48
54 53 841
54 57 48
55 52 48
55 56 841
56 8 375
56 53 48
56 55 841
57 8 466
57 54 48
//LocStart LocEnd ShortestPath
0 0 0
0 1 929
0 2 1629
0 3 1723
0 4 573
0 5 1479
0 6 814
0 7 678
0 8 1864
0 9 1709
0 10 1297
0 11 1229
0 12 1892
0 13 725
0 14 1224
0 15 1683
0 16 836
0 17 1583
0 18 283
0 19 935
0 20 1501
0 21 1800
0 22 120
0 23 961
0 24 1802
0 25 168
0 26 1009
0 27 1850
0 28 216
0 29 1057
0 30 1898
0 31 264
0 32 1105
0 33 1946
0 34 312
0 35 1153
0 36 1994
0 37 360
0 38 1201
0 39 2042
0 40 408
0 41 1249
0 42 2090
0 43 456
0 44 1297
0 45 2138
0 46 504
0 47 1345
0 48 2186
0 49 552
0 50 1393
0 51 2234
0 52 600
0 53 1441
0 54 2282
0 55 648
0 56 1489
0 57 2330
0 58 0
1 0 929
1 1 0
1 2 700
1 3 794
1 4 612
1 5 742
1 6 947
1 7 603
1 8 935
1 9 876
1 10 560
1 11 300
1 12 963
1 13 460
1 14 295
1 15 850
1 16 1021
1 17 846
1 18 876
1 19 730
1 20 668
1 21 967
1 22 809
1 23 224
1 24 1065
1 25 761
1 26 176
1 27 1017
1 28 713
1 29 128
1 30 969
1 31 761
1 32 176
1 33 1017
1 34 809
1 35 224
1 36 1065
1 37 857
1 38 272
1 39 1113
1 40 905
1 41 320
1 42 1161
1 43 953
1 44 368
1 45 1209
1 46 1001
1 47 416
1 48 1257
1 49 1049
1 50 464
1 51 1305
1 52 1097
1 53 512
1 54 1353
1 55 1145
1 56 560
1 57 1401
1 58 929
2 0 1629
2 1 700
2 2 0
2 3 1020
2 4 1056
2 5 1186
2 6 815
2 7 951
2 8 803
2 9 1034
2 10 1004
2 11 552
2 12 851
2 13 904
2 14 739
2 15 1060
2 16 889
2 17 1160
2 18 1346
2 19 694
2 20 1112
2 21 943
2 22 1509
2 23 668
2 24 941
2 25 1461
2 26 620
2 27 893
2 28 1413
2 29 572
2 30 845
2 31 1365
2 32 524
2 33 797
2 34 1317
2 35 476
2 36 749
2 37 1269
2 38 428
2 39 701
2 40 1221
2 41 380
2 42 653
2 43 1173
2 44 332
2 45 605
2 46 1125
2 47 284
2 48 557
2 49 1173
2 50 332
2 51 605
2 52 1221
2 53 380
2 54 653
2 55 1269
2 56 428
2 57 701
2 58 1629
3 0 1723
3 1 794
3 2 1020
3 3 0
3 4 1150
3 5 786
3 6 1293
3 7 1045
3 8 1073
3 9 556
3 10 968
3 11 494
3 12 169
3 13 998
3 14 833
3 15 582
3 16 1367
3 17 682
3 18 1440
3 19 1076
3 20 764
3 21 465
3 22 1603
3 23 762
3 24 463
3 25 1555
3 26 714
3 27 415
3 28 1507
3 29 666
3 30 367
3 31 1459
3 32 618
3 33 319
3 34 1411
3 35 570
3 36 271
3 37 1459
3 38 618
3 39 319
3 40 1507
3 41 666
3 42 367
3 43 1555
3 44 714
3 45 415
3 46 1603
3 47 762
3 48 463
3 49 1651
3 50 810
3 51 511
3 52 1699
3 53 858
3 54 559
3 55 1747
3 56 906
3 57 607
3 58 1723
4 0 573
4 1 612
4 2 1056
4 3 1150
4 4 0
4 5 906
4 6 1147
4 7 959
4 8 1291
4 9 1136
4 10 724
4 11 656
4 12 1319
4 13 720
4 14 651
4 15 1110
4 16 1169
4 17 1010
4 18 616
4 19 1086
4 20 928
4 21 1227
4 22 453
4 23 388
4 24 1229
4 25 501
4 26 436
4 27 1277
4 28 549
4 29 484
4 30 1325
4 31 597
4 32 532
4 33 1373
4 34 645
4 35 580
4 36 1421
4 37 693
4 38 628
4 39 1469
4 40 741
4 41 676
4 42 1517
4 43 789
4 44 724
4 45 1565
4 46 837
4 47 772
4 48 1613
4 49 885
4 50 820
4 51 1661
4 52 933
4 53 868
4 54 1709
4 55 981
4 56 916
4 57 1757
4 58 573
5 0 1479
5 1 742
5 2 1186
5 3 786
5 4 906
5 5 0
5 6 1433
5 7 1089
5 8 1317
5 9 512
5 10 182
5 11 786
5 12 617
5 13 850
5 14 781
5 15 538
5 16 1507
5 17 104
5 18 1292
5 19 1216
5 20 720
5 21 421
5 22 1359
5 23 518
5 24 323
5 25 1407
5 26 566
5 27 371
5 28 1455
5 29 614
5 30 419
5 31 1503
5 32 662
5 33 467
5 34 1551
5 35 710
5 36 515
5 37 1599
5 38 758
5 39 563
5 40 1647
5 41 806
5 42 611
5 43 1695
5 44 854
5 45 659
5 46 1743
5 47 902
5 48 707
5 49 1791
5 50 950
5 51 755
5 52 1839
5 53 998
5 54 803
5 55 1887
5 56 1046
5 57 851
5 58 1479
6 0 814
6 1 947
6 2 815
6 3 1293
6 4 1147
6 5 1433
6 6 0
6 7 964
6 8 1050
6 9 1567
6 10 1251
6 11 799
6 12 1462
6 13 1151
6 14 986
6 15 1541
6 16 642
6 17 1537
6 18 761
6 19 837
6 20 1359
6 21 1658
6 22 694
6 23 915
6 24 1756
6 25 646
6 26 867
6 27 1708
6 28 598
6 29 819
6 30 1660
6 31 550
6 32 771
6 33 1612
6 34 502
6 35 723
6 36 1564
6 37 454
6 38 675
6 39 1516
6 40 406
6 41 627
6 42 1468
6 43 358
6 44 579
6 45 1420
6 46 310
6 47 531
6 48 1372
6 49 358
6 50 579
6 51 1420
6 52 406
6 53 627
6 54 1468
6 55 454
6 56 675
6 57 1516
6 58 814
7 0 678
7 1 603
7 2 951
7 3 1045
7 4 959
7 5 1089
7 6 964
7 7 0
7 8 1186
7 9 1223
7 10 907
7 11 551
7 12 1214
7 13 807
7 14 642
7 15 1197
7 16 986
7 17 1193
7 18 625
7 19 981
7 20 1015
7 21 1314
7 22 558
7 23 571
7 24 1412
7 25 510
7 26 523
7 27 1364
7 28 462
7 29 475
7 30 1316
7 31 414
7 32 427
7 33 1268
7 34 462
7 35 475
7 36 1316
7 37 510
7 38 523
7 39 1364
7 40 558
7 41 571
7 42 1412
7 43 606
7 44 619
7 45 1460
7 46 654
7 47 667
7 48 1508
7 49 702
7 50 715
7 51 1556
7 52 750
7 53 763
7 54 1604
7 55 798
7 56 811
7 57 1652
7 58 678
8 0 1864
8 1 935
8 2 803
8 3 1073
8 4 1291
8 5 1317
8 6 1050
8 7 1186
8 8 0
8 9 1087
8 10 1239
8 11 787
8 12 904
8 13 1139
8 14 974
8 15 1113
8 16 1028
8 17 1213
8 18 1581
8 19 929
8 20 1295
8 21 996
8 22 1744
8 23 903
8 24 994
8 25 1696
8 26 855
8 27 946
8 28 1648
8 29 807
8 30 898
8 31 1600
8 32 759
8 33 850
8 34 1552
8 35 711
8 36 802
8 37 1504
8 38 663
8 39 754
8 40 1456
8 41 615
8 42 706
8 43 1408
8 44 567
8 45 658
8 46 1360
8 47 519
8 48 610
8 49 1312
8 50 471
8 51 562
8 52 1264
8 53 423
8 54 514
8 55 1216
8 56 375
8 57 466
8 58 1864
9 0 1709
9 1 876
9 2 1034
9 3 556
9 4 1136
9 5 512
9 6 1567
9 7 1223
9 8 1087
9 9 0
9 10 694
9 11 920
9 12 387
9 13 984
9 14 863
9 15 26
9 16 1641
9 17 408
9 18 1426
9 19 1350
9 20 208
9 21 91
9 22 1589
9 23 748
9 24 189
9 25 1541
9 26 700
9 27 141
9 28 1589
9 29 748
9 30 189
9 31 1637
9 32 796
9 33 237
9 34 1685
9 35 844
9 36 285
9 37 1733
9 38 892
9 39 333
9 40 1781
9 41 940
9 42 381
9 43 1829
9 44 988
9 45 429
9 46 1877
9 47 1036
9 48 477
9 49 1925
9 50 1084
9 51 525
9 52 1973
9 53 1132
9 54 573
9 55 2021
9 56 1180
9 57 621
9 58 1709
10 0 1297
10 1 560
10 2 1004
10 3 968
10 4 724
10 5 182
10 6 1251
10 7 907
10 8 1239
10 9 694
10 10 0
10 11 604
10 12 799
10 13 668
10 14 599
10 15 720
10 16 1325
10 17 286
10 18 1110
10 19 1034
10 20 876
10 21 603
10 22 1177
10 23 336
10 24 505
10 25 1225
10 26 384
10 27 553
10 28 1273
10 29 432
10 30 601
10 31 1321
10 32 480
10 33 649
10 34 1369
10 35 528
10 36 697
10 37 1417
10 38 576
10 39 745
10 40 1465
10 41 624
10 42 793
10 43 1513
10 44 672
10 45 841
10 46 1561
10 47 720
10 48 889
10 49 1609
10 50 768
10 51 937
10 52 1657
10 53 816
10 54 985
10 55 1705
10 56 864
10 57 1033
10 58 1297
11 0 1229
11 1 300
11 2 552
11 3 494
11 4 656
11 5 786
11 6 799
11 7 551
11 8 787
11 9 920
11 10 604
11 11 0
11 12 663
11 13 504
11 14 339
11 15 894
11 16 873
11 17 890
11 18 946
11 19 582
11 20 712
11 21 959
11 22 1109
11 23 268
11 24 957
11 25 1061
11 26 220
11 27 909
11 28 1013
11 29 172
11 30 861
11 31 965
11 32 124
11 33 813
11 34 917
11 35 76
11 36 765
11 37 965
11 38 124
11 39 813
11 40 1013
11 41 172
11 42 861
11 43 1061
11 44 220
11 45 909
11 46 1109
11 47 268
11 48 957
11 49 1157
11 50 316
11 51 1005
11 52 1205
11 53 364
11 54 1053
11 55 1253
11 56 412
11 57 1101
11 58 1229
12 0 1892
12 1 963
12 2 851
12 3 169
12 4 1319
12 5 617
12 6 1462
12 7 1214
12 8 904
12 9 387
12 10 799
12 11 663
12 12 0
12 13 1167
12 14 872
12 15 413
12 16 1536
12 17 513
12 18 1609
12 19 1245
12 20 595
12 21 296
12 22 1772
12 23 931
12 24 294
12 25 1724
12 26 883
12 27 246
12 28 1676
12 29 835
12 30 198
12 31 1628
12 32 787
12 33 150
12 34 1580
12 35 739
12 36 102
12 37 1628
12 38 787
12 39 150
12 40 1676
12 41 835
12 42 198
12 43 1724
12 44 883
12 45 246
12 46 1772
12 47 931
12 48 294
12 49 1820
12 50 979
12 51 342
12 52 1868
12 53 1027
12 54 390
12 55 1916
12 56 1075
12 57 438
12 58 1892
13 0 725
13 1 460
13 2 904
13 3 998
13 4 720
13 5 850
13 6 1151
13 7 807
13 8 1139
13 9 984
13 10 668
13 11 504
13 12 1167
13 13 0
13 14 499
13 15 958
13 16 1225
13 17 954
13 18 442
13 19 934
13 20 776
13 21 1075
13 22 605
13 23 332
13 24 1173
13 25 557
13 26 284
13 27 1125
13 28 605
13 29 332
13 30 1173
13 31 653
13 32 380
13 33 1221
13 34 701
13 35 428
13 36 1269
13 37 749
13 38 476
13 39 1317
13 40 797
13 41 524
13 42 1365
13 43 845
13 44 572
13 45 1413
13 46 893
13 47 620
13 48 1461
13 49 941
13 50 668
13 51 1509
13 52 989
13 53 716
13 54 1557
13 55 1037
13 56 764
13 57 1605
13 58 725
14 0 1224
14 1 295
14 2 739
14 3 833
14 4 651
14 5 781
14 6 986
14 7 642
14 8 974
14 9 863
14 10 599
14 11 339
14 12 872
14 13 499
14 14 0
14 15 889
14 16 1060
14 17 885
14 18 941
14 19 769
14 20 707
14 21 772
14 22 1104
14 23 263
14 24 770
14 25 1056
14 26 215
14 27 722
14 28 1008
14 29 167
14 30 674
14 31 1056
14 32 215
14 33 722
14 34 1104
14 35 263
14 36 770
14 37 1152
14 38 311
14 39 818
14 40 1200
14 41 359
14 42 866
14 43 1248
14 44 407
14 45 914
14 46 1296
14 47 455
14 48 962
14 49 1344
14 50 503
14 51 1010
14 52 1392
14 53 551
14 54 1058
14 55 1440
14 56 599
14 57 1106
14 58 1224
15 0 1683
15 1 850
15 2 1060
15 3 582
15 4 1110
15 5 538
15 6 1541
15 7 1197
15 8 1113
15 9 26
15 10 720
15 11 894
15 12 413
15 13 958
15 14 889
15 15 0
15 16 1615
15 17 434
15 18 1400
15 19 1324
15 20 182
15 21 117
15 22 1563
15 23 722
15 24 215
15 25 1515
15 26 674
15 27 167
15 28 1563
15 29 722
15 30 215
15 31 1611
15 32 770
15 33 263
15 34 1659
15 35 818
15 36 311
15 37 1707
15 38 866
15 39 359
15 40 1755
15 41 914
15 42 407
15 43 1803
15 44 962
15 45 455
15 46 1851
15 47 1010
15 48 503
15 49 1899
15 50 1058
15 51 551
15 52 1947
15 53 1106
15 54 599
15 55 1995
15 56 1154
15 57 647
15 58 1683
16 0 836
16 1 1021
16 2 889
16 3 1367
16 4 1169
16 5 1507
16 6 642
16 7 986
16 8 1028
16 9 1641
16 10 1325
16 11 873
16 12 1536
16 13 1225
16 14 1060
16 15 1615
16 16 0
16 17 1611
16 18 783
16 19 859
16 20 1433
16 21 1732
16 22 716
16 23 989
16 24 1830
16 25 668
16 26 941
16 27 1782
16 28 620
16 29 893
16 30 1734
16 31 572
16 32 845
16 33 1686
16 34 524
16 35 797
16 36 1638
16 37 476
16 38 749
16 39 1590
16 40 428
16 41 701
16 42 1542
16 43 380
16 44 653
16 45 1494
16 46 332
16 47 605
16 48 1446
16 49 284
16 50 557
16 51 1398
16 52 332
16 53 605
16 54 1446
16 55 380
16 56 653
16 57 1494
16 58 836
17 0 1583
17 1 846
17 2 1160
17 3 682
17 4 1010
17 5 104
17 6 1537
17 7 1193
17 8 1213
17 9 408
17 10 286
17 11 890
17 12 513
17 13 954
17 14 885
17 15 434
17 16 1611
17 17 0
17 18 1396
17 19 1320
17 20 616
17 21 317
17 22 1463
17 23 622
17 24 219
17 25 1511
17 26 670
17 27 267
17 28 1559
17 29 718
17 30 315
17 31 1607
17 32 766
17 33 363
17 34 1655
17 35 814
17 36 411
17 37 1703
17 38 862
17 39 459
17 40 1751
17 41 910
17 42 507
17 43 1799
17 44 958
17 45 555
17 46 1847
17 47 1006
17 48 603
17 49 1895
17 50 1054
17 51 651
17 52 1943
17 53 1102
17 54 699
17 55 1991
17 56 1150
17 57 747
17 58 1583
18 0 283
18 1 876
18 2 1346
18 3 1440
18 4 616
18 5 1292
18 6 761
18 7 625
18 8 1581
18 9 1426
18 10 1110
18 11 946
18 12 1609
18 13 442
18 14 941
18 15 1400
18 16 783
18 17 1396
18 18 0
18 19 882
18 20 1218
18 21 1517
18 22 163
18 23 774
18 24 1615
18 25 115
18 26 726
18 27 1567
18 28 163
18 29 774
18 30 1615
18 31 211
18 32 822
18 33 1663
18 34 259
18 35 870
18 36 1711
18 37 307
18 38 918
18 39 1759
18 40 355
18 41 966
18 42 1807
18 43 403
18 44 1014
18 45 1855
18 46 451
18 47 1062
18 48 1903
18 49 499
18 50 1110
18 51 1951
18 52 547
18 53 1158
18 54 1999
18 55 595
18 56 1206
18 57 2047
18 58 283
19 0 935
19 1 730
19 2 694
19 3 1076
19 4 1086
19 5 1216
19 6 837
19 7 981
19 8 929
19 9 1350
19 10 1034
19 11 582
19 12 1245
19 13 934
19 14 769
19 15 1324
19 16 859
19 17 1320
19 18 882
19 19 0
19 20 1142
19 21 1441
19 22 815
19 23 698
19 24 1539
19 25 767
19 26 650
19 27 1491
19 28 719
19 29 602
19 30 1443
19 31 671
19 32 554
19 33 1395
19 34 623
19 35 506
19 36 1347
19 37 575
19 38 458
19 39 1299
19 40 527
19 41 410
19 42 1251
19 43 479
19 44 362
19 45 1203
19 46 527
19 47 410
19 48 1251
19 49 575
19 50 458
19 51 1299
19 52 623
19 53 506
19 54 1347
19 55 671
19 56 554
19 57 1395
19 58 935
20 0 1501
20 1 668
20 2 1112
20 3 764
20 4 928
20 5 720
20 6 1359
20 7 1015
20 8 1295
20 9 208
20 10 876
20 11 712
20 12 595
20 13 776
20 14 707
20 15 182
20 16 1433
20 17 616
20 18 1218
20 19 1142
20 20 0
20 21 299
20 22 1381
20 23 540
20 24 397
20 25 1333
20 26 492
20 27 349
20 28 1381
20 29 540
20 30 397
20 31 1429
20 32 588
20 33 445
20 34 1477
20 35 636
20 36 493
20 37 1525
20 38 684
20 39 541
20 40 1573
20 41 732
20 42 589
20 43 1621
20 44 780
20 45 637
20 46 1669
20 47 828
20 48 685
20 49 1717
20 50 876
20 51 733
20 52 1765
20 53 924
20 54 781
20 55 1813
20 56 972
20 57 829
20 58 1501
21 0 1800
21 1 967
21 2 943
21 3 465
21 4 1227
21 5 421
21 6 1658
21 7 1314
21 8 996
21 9 91
21 10 603
21 11 959
21 12 296
21 13 1075
21 14 772
21 15 117
21 16 1732
21 17 317
21 18 1517
21 19 1441
21 20 299
21 21 0
21 22 1680
21 23 839
21 24 98
21 25 1632
21 26 791
21 27 50
21 28 1680
21 29 839
21 30 98
21 31 1728
21 32 887
21 33 146
21 34 1776
21 35 935
21 36 194
21 37 1824
21 38 983
21 39 242
21 40 1872
21 41 1031
21 42 290
21 43 1920
21 44 1079
21 45 338
21 46 1968
21 47 1127
21 48 386
21 49 2016
21 50 1175
21 51 434
21 52 2064
21 53 1223
21 54 482
21 55 2112
21 56 1271
21 57 530
21 58 1800
22 0 120
22 1 809
22 2 1509
22 3 1603
22 4 453
22 5 1359
22 6 694
22 7 558
22 8 1744
22 9 1589
22 10 1177
22 11 1109
22 12 1772
22 13 605
22 14 1104
22 15 1563
22 16 716
22 17 1463
22 18 163
22 19 815
22 20 1381
22 21 1680
22 22 0
22 23 841
22 24 1682
22 25 48
22 26 889
22 27 1730
22 28 96
22 29 937
22 30 1778
22 31 144
22 32 985
22 33 1826
22 34 192
22 35 1033
22 36 1874
22 37 240
22 38 1081
22 39 1922
22 40 288
22 41 1129
22 42 1970
22 43 336
22 44 1177
22 45 2018
22 46 384
22 47 1225
22 48 2066
22 49 432
22 50 1273
22 51 2114
22 52 480
22 53 1321
22 54 2162
22 55 528
22 56 1369
22 57 2210
22 58 120
23 0 961
23 1 224
23 2 668
23 3 762
23 4 388
23 5 518
23 6 915
23 7 571
23 8 903
23 9 748
23 10 336
23 11 268
23 12 931
23 13 332
23 14 263
23 15 722
23 16 989
23 17 622
23 18 774
23 19 698
23 20 540
23 21 839
23 22 841
23 23 0
23 24 841
23 25 889
23 26 48
23 27 889
23 28 937
23 29 96
23 30 937
23 31 985
23 32 144
23 33 985
23 34 1033
23 35 192
23 36 1033
23 37 1081
23 38 240
23 39 1081
23 40 1129
23 41 288
23 42 1129
23 43 1177
23 44 336
23 45 1177
23 46 1225
23 47 384
23 48 1225
23 49 1273
23 50 432
23 51 1273
23 52 1321
23 53 480
23 54 1321
23 55 1369
23 56 528
23 57 1369
23 58 961
24 0 1802
24 1 1065
24 2 941
24 3 463
24 4 1229
24 5 323
24 6 1756
24 7 1412
24 8 994
24 9 189
24 10 505
24 11 957
24 12 294
24 13 1173
24 14 770
24 15 215
24 16 1830
24 17 219
24 18 1615
24 19 1539
24 20 397
24 21 98
24 22 1682
24 23 841
24 24 0
24 25 1730
24 26 889
24 27 48
24 28 1778
24 29 937
24 30 96
24 31 1826
24 32 985
24 33 144
24 34 1874
24 35 1033
24 36 192
24 37 1922
24 38 1081
24 39 240
24 40 1970
24 41 1129
24 42 288
24 43 2018
24 44 1177
24 45 336
24 46 2066
24 47 1225
24 48 384
24 49 2114
24 50 1273
24 51 432
24 52 2162
24 53 1321
24 54 480
24 55 2210
24 56 1369
24 57 528
24 58 1802
25 0 168
25 1 761
25 2 1461
25 3 1555
25 4 501
25 5 1407
25 6 646
25 7 510
25 8 1696
25 9 1541
25 10 1225
25 11 1061
25 12 1724
25 13 557
25 14 1056
25 15 1515
25 16 668
25 17 1511
25 18 115
25 19 767
25 20 1333
25 21 1632
25 22 48
25 23 889
25 24 1730
25 25 0
25 26 841
25 27 1682
25 28 48
25 29 889
25 30 1730
25 31 96
25 32 937
25 33 1778
25 34 144
25 35 985
25 36 1826
25 37 192
25 38 1033
25 39 1874
25 40 240
25 41 1081
25 42 1922
25 43 288
25 44 1129
25 45 1970
25 46 336
25 47 1177
25 48 2018
25 49 384
25 50 1225
25 51 2066
25 52 432
25 53 1273
25 54 2114
25 55 480
25 56 1321
25 57 2162
25 58 168
26 0 1009
26 1 176
26 2 620
26 3 714
26 4 436
26 5 566
26 6 867
26 7 523
26 8 855
26 9 700
26 10 384
26 11 220
26 12 883
26 13 284
26 14 215
26 15 674
26 16 941
26 17 670
26 18 726
26 19 650
26 20 492
26 21 791
26 22 889
26 23 48
26 24 889
26 25 841
26 26 0
26 27 841
26 28 889
26 29 48
26 30 889
26 31 937
26 32 96
26 33 937
26 34 985
26 35 144
26 36 985
26 37 1033
26 38 192
26 39 1033
26 40 1081
26 41 240
26 42 1081
26 43 1129
26 44 288
26 45 1129
26 46 1177
26 47 336
26 48 1177
26 49 1225
26 50 384
26 51 1225
26 52 1273
26 53 432
26 54 1273
26 55 1321
26 56 480
26 57 1321
26 58 1009
27 0 1850
27 1 1017
27 2 893
27 3 415
27 4 1277
27 5 371
27 6 1708
27 7 1364
27 8 946
27 9 141
27 10 553
27 11 909
27 12 246
27 13 1125
27 14 722
27 15 167
27 16 1782
27 17 267
27 18 1567
27 19 1491
27 20 349
27 21 50
27 22 1730
27 23 889
27 24 48
27 25 1682
27 26 841
27 27 0
27 28 1730
27 29 889
27 30 48
27 31 1778
27 32 937
27 33 96
27 34 1826
27 35 985
27 36 144
27 37 1874
27 38 1033
27 39 192
27 40 1922
27 41 1081
27 42 240
27 43 1970
27 44 1129
27 45 288
27 46 2018
27 47 1177
27 48 336
27 49 2066
27 50 1225
27 51 384
27 52 2114
27 53 1273
27 54 432
27 55 2162
27 56 1321
27 57 480
27 58 1850
28 0 216
28 1 713
28 2 1413
28 3 1507
28 4 549
28 5 1455
28 6 598
28 7 462
28 8 1648
28 9 1589
28 10 1273
28 11 1013
28 12 1676
28 13 605
28 14 1008
28 15 1563
28 16 620
28 17 1559
28 18 163
28 19 719
28 20 1381
28 21 1680
28 22 96
28 23 937
28 24 1778
28 25 48
28 26 889
28 27 1730
28 28 0
28 29 841
28 30 1682
28 31 48
28 32 889
28 33 1730
28 34 96
28 35 937
28 36 1778
28 37 144
28 38 985
28 39 1826
28 40 192
28 41 1033
28 42 1874
28 43 240
28 44 1081
28 45 1922
28 46 288
28 47 1129
28 48 1970
28 49 336
28 50 1177
28 51 2018
28 52 384
28 53 1225
28 54 2066
28 55 432
28 56 1273
28 57 2114
28 58 216
29 0 1057
29 1 128
29 2 572
29 3 666
29 4 484
29 5 614
29 6 819
29 7 475
29 8 807
29 9 748
29 10 432
29 11 172
29 12 835
29 13 332
29 14 167
29 15 722
29 16 893
29 17 718
29 18 774
29 19 602
29 20 540
29 21 839
29 22 937
29 23 96
29 24 937
29 25 889
29 26 48
29 27 889
29 28 841
29 29 0
29 30 841
29 31 889
29 32 48
29 33 889
29 34 937
29 35 96
29 36 937
29 37 985
29 38 144
29 39 985
29 40 1033
29 41 192
29 42 1033
29 43 1081
29 44 240
29 45 1081
29 46 1129
29 47 288
29 48 1129
29 49 1177
29 50 336
29 51 1177
29 52 1225
29 53 384
29 54 1225
29 55 1273
29 56 432
29 57 1273
29 58 1057
30 0 1898
30 1 969
30 2 845
30 3 367
30 4 1325
30 5 419
30 6 1660
30 7 1316
30 8 898
30 9 189
30 10 601
30 11 861
30 12 198
30 13 1173
30 14 674
30 15 215
30 16 1734
30 17 315
30 18 1615
30 19 1443
30 20 397
30 21 98
30 22 1778
30 23 937
30 24 96
30 25 1730
30 26 889
30 27 48
30 28 1682
30 29 841
30 30 0
30 31 1730
30 32 889
30 33 48
30 34 1778
30 35 937
30 36 96
30 37 1826
30 38 985
30 39 144
30 40 1874
30 41 1033
30 42 192
30 43 1922
30 44 1081
30 45 240
30 46 1970
30 47 1129
30 48 288
30 49 2018
30 50 1177
30 51 336
30 52 2066
30 53 1225
30 54 384
30 55 2114
30 56 1273
30 57 432
30 58 1898
31 0 264
31 1 761
31 2 1365
31 3 1459
31 4 597
31 5 1503
31 6 550
31 7 414
31 8 1600
31 9 1637
31 10 1321
31 11 965
31 12 1628
31 13 653
31 14 1056
31 15 1611
31 16 572
31 17 1607
31 18 211
31 19 671
31 20 1429
31 21 1728
31 22 144
31 23 985
31 24 1826
31 25 96
31 26 937
31 27 1778
31 28 48
31 29 889
31 30 1730
31 31 0
31 32 841
31 33 1682
31 34 48
31 35 889
31 36 1730
31 37 96
31 38 937
31 39 1778
31 40 144
31 41 985
31 42 1826
31 43 192
31 44 1033
31 45 1874
31 46 240
31 47 1081
31 48 1922
31 49 288
31 50 1129
31 51 1970
31 52 336
31 53 1177
31 54 2018
31 55 384
31 56 1225
31 57 2066
31 58 264
32 0 1105
32 1 176
32 2 524
32 3 618
32 4 532
32 5 662
32 6 771
32 7 427
32 8 759
32 9 796
32 10 480
32 11 124
32 12 787
32 13 380
32 14 215
32 15 770
32 16 845
32 17 766
32 18 822
32 19 554
32 20 588
32 21 887
32 22 985
32 23 144
32 24 985
32 25 937
32 26 96
32 27 937
32 28 889
32 29 48
32 30 889
32 31 841
32 32 0
32 33 841
32 34 889
32 35 48
32 36 889
32 37 937
32 38 96
32 39 937
32 40 985
32 41 144
32 42 985
32 43 1033
32 44 192
32 45 1033
32 46 1081
32 47 240
32 48 1081
32 49 1129
32 50 288
32 51 1129
32 52 1177
32 53 336
32 54 1177
32 55 1225
32 56 384
32 57 1225
32 58 1105
33 0 1946
33 1 1017
33 2 797
33 3 319
33 4 1373
33 5 467
33 6 1612
33 7 1268
33 8 850
33 9 237
33 10 649
33 11 813
33 12 150
33 13 1221
33 14 722
33 15 263
33 16 1686
33 17 363
33 18 1663
33 19 1395
33 20 445
33 21 146
33 22 1826
33 23 985
33 24 144
33 25 1778
33 26 937
33 27 96
33 28 1730
33 29 889
33 30 48
33 31 1682
33 32 841
33 33 0
33 34 1730
33 35 889
33 36 48
33 37 1778
33 38 937
33 39 96
33 40 1826
33 41 985
33 42 144
33 43 1874
33 44 1033
33 45 192
33 46 1922
33 47 1081
33 48 240
33 49 1970
33 50 1129
33 51 288
33 52 2018
33 53 1177
33 54 336
33 55 2066
33 56 1225
33 57 384
33 58 1946
34 0 312
34 1 809
34 2 1317
34 3 1411
34 4 645
34 5 1551
34 6 502
34 7 462
34 8 1552
34 9 1685
34 10 1369
34 11 917
34 12 1580
34 13 701
34 14 1104
34 15 1659
34 16 524
34 17 1655
34 18 259
34 19 623
34 20 1477
34 21 1776
34 22 192
34 23 1033
34 24 1874
34 25 144
34 26 985
34 27 1826
34 28 96
34 29 937
34 30 1778
34 31 48
34 32 889
34 33 1730
34 34 0
34 35 841
34 36 1682
34 37 48
34 38 889
34 39 1730
34 40 96
34 41 937
34 42 1778
34 43 144
34 44 985
34 45 1826
34 46 192
34 47 1033
34 48 1874
34 49 240
34 50 1081
34 51 1922
34 52 288
34 53 1129
34 54 1970
34 55 336
34 56 1177
34 57 2018
34 58 312
35 0 1153
35 1 224
35 2 476
35 3 570
35 4 580
35 5 710
35 6 723
35 7 475
35 8 711
35 9 844
35 10 528
35 11 76
35 12 739
35 13 428
35 14 263
35 15 818
35 16 797
35 17 814
35 18 870
35 19 506
35 20 636
35 21 935
35 22 1033
35 23 192
35 24 1033
35 25 985
35 26 144
35 27 985
35 28 937
35 29 96
35 30 937
35 31 889
35 32 48
35 33 889
35 34 841
35 35 0
35 36 841
35 37 889
35 38 48
35 39 889
35 40 937
35 41 96
35 42 937
35 43 985
35 44 144
35 45 985
35 46 1033
35 47 192
35 48 1033
35 49 1081
35 50 240
35 51 1081
35 52 1129
35 53 288
35 54 1129
35 55 1177
35 56 336
35 57 1177
35 58 1153
36 0 1994
36 1 1065
36 2 749
36 3 271
36 4 1421
36 5 515
36 6 1564
36 7 1316
36 8 802
36 9 285
36 10 697
36 11 765
36 12 102
36 13 1269
36 14 770
36 15 311
36 16 1638
36 17 411
36 18 1711
36 19 1347
36 20 493
36 21 194
36 22 1874
36 23 1033
36 24 192
36 25 1826
36 26 985
36 27 144
36 28 1778
36 29 937
36 30 96
36 31 1730
36 32 889
36 33 48
36 34 1682
36 35 841
36 36 0
36 37 1730
36 38 889
36 39 48
36 40 1778
36 41 937
36 42 96
36 43 1826
36 44 985
36 45 144
36 46 1874
36 47 1033
36 48 192
36 49 1922
36 50 1081
36 51 240
36 52 1970
36 53 1129
36 54 288
36 55 2018
36 56 1177
36 57 336
36 58 1994
37 0 360
37 1 857
37 2 1269
37 3 1459
37 4 693
37 5 1599
37 6 454
37 7 510
37 8 1504
37 9 1733
37 10 1417
37 11 965
37 12 1628
37 13 749
37 14 1152
37 15 1707
37 16 476
37 17 1703
37 18 307
37 19 575
37 20 1525
37 21 1824
37 22 240
37 23 1081
37 24 1922
37 25 192
37 26 1033
37 27 1874
37 28 144
37 29 985
37 30 1826
37 31 96
37 32 937
37 33 1778
37 34 48
37 35 889
37 36 1730
37 37 0
37 38 841
37 39 1682
37 40 48
37 41 889
37 42 1730
37 43 96
37 44 937
37 45 1778
37 46 144
37 47 985
37 48 1826
37 49 192
37 50 1033
37 51 1874
37 52 240
37 53 1081
37 54 1922
37 55 288
37 56 1129
37 57 1970
37 58 360
38 0 1201
38 1 272
38 2 428
38 3 618
38 4 628
38 5 758
38 6 675
38 7 523
38 8 663
38 9 892
38 10 576
38 11 124
38 12 787
38 13 476
38 14 311
38 15 866
38 16 749
38 17 862
38 18 918
38 19 458
38 20 684
38 21 983
38 22 1081
38 23 240
38 24 1081
38 25 1033
38 26 192
38 27 1033
38 28 985
38 29 144
38 30 985
38 31 937
38 32 96
38 33 937
38 34 889
38 35 48
38 36 889
38 37 841
38 38 0
38 39 841
38 40 889
38 41 48
38 42 889
38 43 937
38 44 96
38 45 937
38 46 985
38 47 144
38 48 985
38 49 1033
38 50 192
38 51 1033
38 52 1081
38 53 240
38 54 1081
38 55 1129
38 56 288
38 57 1129
38 58 1201
39 0 2042
39 1 1113
39 2 701
39 3 319
39 4 1469
39 5 563
39 6 1516
39 7 1364
39 8 754
39 9 333
39 10 745
39 11 813
39 12 150
39 13 1317
39 14 818
39 15 359
39 16 1590
39 17 459
39 18 1759
39 19 1299
39 20 541
39 21 242
39 22 1922
39 23 1081
39 24 240
39 25 1874
39 26 1033
39 27 192
39 28 1826
39 29 985
39 30 144
39 31 1778
39 32 937
39 33 96
39 34 1730
39 35 889
39 36 48
39 37 1682
39 38 841
39 39 0
39 40 1730
39 41 889
39 42 48
39 43 1778
39 44 937
39 45 96
39 46 1826
39 47 985
39 48 144
39 49 1874
39 50 1033
39 51 192
39 52 1922
39 53 1081
39 54 240
39 55 1970
39 56 1129
39 57 288
39 58 2042
40 0 408
40 1 905
40 2 1221
40 3 1507
40 4 741
40 5 1647
40 6 406
40 7 558
40 8 1456
40 9 1781
40 10 1465
40 11 1013
40 12 1676
40 13 797
40 14 1200
40 15 1755
40 16 428
40 17 1751
40 18 355
40 19 527
40 20 1573
40 21 1872
40 22 288
40 23 1129
40 24 1970
40 25 240
40 26 1081
40 27 1922
40 28 192
40 29 1033
40 30 1874
40 31 144
40 32 985
40 33 1826
40 34 96
40 35 937
40 36 1778
40 37 48
40 38 889
40 39 1730
40 40 0
40 41 841
40 42 1682
40 43 48
40 44 889
40 45 1730
40 46 96
40 47 937
40 48 1778
40 49 144
40 50 985
40 51 1826
40 52 192
40 53 1033
40 54 1874
40 55 240
40 56 1081
40 57 1922
40 58 408
41 0 1249
41 1 320
41 2 380
41 3 666
41 4 676
41 5 806
41 6 627
41 7 571
41 8 615
41 9 940
41 10 624
41 11 172
41 12 835
41 13 524
41 14 359
41 15 914
41 16 701
41 17 910
41 18 966
41 19 410
41 20 732
41 21 1031
41 22 1129
41 23 288
41 24 1129
41 25 1081
41 26 240
41 27 1081
41 28 1033
41 29 192
41 30 1033
41 31 985
41 32 144
41 33 985
41 34 937
41 35 96
41 36 937
41 37 889
41 38 48
41 39 889
41 40 841
41 41 0
41 42 841
41 43 889
41 44 48
41 45 889
41 46 937
41 47 96
41 48 937
41 49 985
41 50 144
41 51 985
41 52 1033
41 53 192
41 54 1033
41 55 1081
41 56 240
41 57 1081
41 58 1249
42 0 2090
42 1 1161
42 2 653
42 3 367
42 4 1517
42 5 611
42 6 1468
42 7 1412
42 8 706
42 9 381
42 10 793
42 11 861
42 12 198
42 13 1365
42 14 866
42 15 407
42 16 1542
42 17 507
42 18 1807
42 19 1251
42 20 589
42 21 290
42 22 1970
42 23 1129
42 24 288
42 25 1922
42 26 1081
42 27 240
42 28 1874
42 29 1033
42 30 192
42 31 1826
42 32 985
42 33 144
42 34 1778
42 35 937
42 36 96
42 37 1730
42 38 889
42 39 48
42 40 1682
42 41 841
42 42 0
42 43 1730
42 44 889
42 45 48
42 46 1778
42 47 937
42 48 96
42 49 1826
42 50 985
42 51 144
42 52 1874
42 53 1033
42 54 192
42 55 1922
42 56 1081
42 57 240
42 58 2090
43 0 456
43 1 953
43 2 1173
43 3 1555
43 4 789
43 5 1695
43 6 358
43 7 606
43 8 1408
43 9 1829
43 10 1513
43 11 1061
43 12 1724
43 13 845
43 14 1248
43 15 1803
43 16 380
43 17 1799
43 18 403
43 19 479
43 20 1621
43 21 1920
43 22 336
43 23 1177
43 24 2018
43 25 288
43 26 1129
43 27 1970
43 28 240
43 29 1081
43 30 1922
43 31 192
43 32 1033
43 33 1874
43 34 144
43 35 985
43 36 1826
43 37 96
43 38 937
43 39 1778
43 40 48
43 41 889
43 42 1730
43 43 0
43 44 841
43 45 1682
43 46 48
43 47 889
43 48 1730
43 49 96
43 50 937
43 51 1778
43 52 144
43 53 985
43 54 1826
43 55 192
43 56 1033
43 57 1874
43 58 456
44 0 1297
44 1 368
44 2 332
44 3 714
44 4 724
44 5 854
44 6 579
44 7 619
44 8 567
44 9 988
44 10 672
44 11 220
44 12 883
44 13 572
44 14 407
44 15 962
44 16 653
44 17 958
44 18 1014
44 19 362
44 20 780
44 21 1079
44 22 1177
44 23 336
44 24 1177
44 25 1129
44 26 288
44 27 1129
44 28 1081
44 29 240
44 30 1081
44 31 1033
44 32 192
44 33 1033
44 34 985
44 35 144
44 36 985
44 37 937
44 38 96
44 39 937
44 40 889
44 41 48
44 42 889
44 43 841
44 44 0
44 45 841
44 46 889
44 47 48
44 48 889
44 49 937
44 50 96
44 51 937
44 52 985
44 53 144
44 54 985
44 55 1033
44 56 192
44 57 1033
44 58 1297
45 0 2138
45 1 1209
45 2 605
45 3 415
45 4 1565
45 5 659
45 6 1420
45 7 1460
45 8 658
45 9 429
45 10 841
45 11 909
45 12 246
45 13 1413
45 14 914
45 15 455
45 16 1494
45 17 555
45 18 1855
45 19 1203
45 20 637
45 21 338
45 22 2018
45 23 1177
45 24 336
45 25 1970
45 26 1129
45 27 288
45 28 1922
45 29 1081
45 30 240
45 31 1874
45 32 1033
45 33 192
45 34 1826
45 35 985
45 36 144
45 37 1778
45 38 937
45 39 96
45 40 1730
45 41 889
45 42 48
45 43 1682
45 44 841
45 45 0
45 46 1730
45 47 889
45 48 48
45 49 1778
45 50 937
45 51 96
45 52 1826
45 53 985
45 54 144
45 55 1874
45 56 1033
45 57 192
45 58 2138
46 0 504
46 1 1001
46 2 1125
46 3 1603
46 4 837
46 5 1743
46 6 310
46 7 654
46 8 1360
46 9 1877
46 10 1561
46 11 1109
46 12 1772
46 13 893
46 14 1296
46 15 1851
46 16 332
46 17 1847
46 18 451
46 19 527
46 20 1669
46 21 1968
46 22 384
46 23 1225
46 24 2066
46 25 336
46 26 1177
46 27 2018
46 28 288
46 29 1129
46 30 1970
46 31 240
46 32 1081
46 33 1922
46 34 192
46 35 1033
46 36 1874
46 37 144
46 38 985
46 39 1826
46 40 96
46 41 937
46 42 1778
46 43 48
46 44 889
46 45 1730
46 46 0
46 47 841
46 48 1682
46 49 48
46 50 889
46 51 1730
46 52 96
46 53 937
46 54 1778
46 55 144
46 56 985
46 57 1826
46 58 504
47 0 1345
47 1 416
47 2 284
47 3 762
47 4 772
47 5 902
47 6 531
47 7 667
47 8 519
47 9 1036
47 10 720
47 11 268
47 12 931
47 13 620
47 14 455
47 15 1010
47 16 605
47 17 1006
47 18 1062
47 19 410
47 20 828
47 21 1127
47 22 1225
47 23 384
47 24 1225
47 25 1177
47 26 336
47 27 1177
47 28 1129
47 29 288
47 30 1129
47 31 1081
47 32 240
47 33 1081
47 34 1033
47 35 192
47 36 1033
47 37 985
47 38 144
47 39 985
47 40 937
47 41 96
47 42 937
47 43 889
47 44 48
47 45 889
47 46 841
47 47 0
47 48 841
47 49 889
47 50 48
47 51 889
47 52 937
47 53 96
47 54 937
47 55 985
47 56 144
47 57 985
47 58 1345
48 0 2186
48 1 1257
48 2 557
48 3 463
48 4 1613
48 5 707
48 6 1372
48 7 1508
48 8 610
48 9 477
48 10 889
48 11 957
48 12 294
48 13 1461
48 14 962
48 15 503
48 16 1446
48 17 603
48 18 1903
48 19 1251
48 20 685
48 21 386
48 22 2066
48 23 1225
48 24 384
48 25 2018
48 26 1177
48 27 336
48 28 1970
48 29 1129
48 30 288
48 31 1922
48 32 1081
48 33 240
48 34 1874
48 35 1033
48 36 192
48 37 1826
48 38 985
48 39 144
48 40 1778
48 41 937
48 42 96
48 43 1730
48 44 889
48 45 48
48 46 1682
48 47 841
48 48 0
48 49 1730
48 50 889
48 51 48
48 52 1778
48 53 937
48 54 96
48 55 1826
48 56 985
48 57 144
48 58 2186
49 0 552
49 1 1049
49 2 1173
49 3 1651
49 4 885
49 5 1791
49 6 358
49 7 702
49 8 1312
49 9 1925
49 10 1609
49 11 1157
49 12 1820
49 13 941
49 14 1344
49 15 1899
49 16 284
49 17 1895
49 18 499
49 19 575
49 20 1717
49 21 2016
49 22 432
49 23 1273
49 24 2114
49 25 384
49 26 1225
49 27 2066
49 28 336
49 29 1177
49 30 2018
49 31 288
49 32 1129
49 33 1970
49 34 240
49 35 1081
49 36 1922
49 37 192
49 38 1033
49 39 1874
49 40 144
49 41 985
49 42 1826
49 43 96
49 44 937
49 45 1778
49 46 48
49 47 889
49 48 1730
49 49 0
49 50 841
49 51 1682
49 52 48
49 53 889
49 54 1730
49 55 96
49 56 937
49 57 1778
49 58 552
50 0 1393
50 1 464
50 2 332
50 3 810
50 4 820
50 5 950
50 6 579
50 7 715
50 8 471
50 9 1084
50 10 768
50 11 316
50 12 979
50 13 668
50 14 503
50 15 1058
50 16 557
50 17 1054
50 18 1110
50 19 458
50 20 876
50 21 1175
50 22 1273
50 23 432
50 24 1273
50 25 1225
50 26 384
50 27 1225
50 28 1177
50 29 336
50 30 1177
50 31 1129
50 32 288
50 33 1129
50 34 1081
50 35 240
50 36 1081
50 37 1033
50 38 192
50 39 1033
50 40 985
50 41 144
50 42 985
50 43 937
50 44 96
50 45 937
50 46 889
50 47 48
50 48 889
50 49 841
50 50 0
50 51 841
50 52 889
50 53 48
50 54 889
50 55 937
50 56 96
50 57 937
50 58 1393
51 0 2234
51 1 1305
51 2 605
51 3 511
51 4 1661
51 5 755
51 6 1420
51 7 1556
51 8 562
51 9 525
51 10 937
51 11 1005
51 12 342
51 13 1509
51 14 1010
51 15 551
51 16 1398
51 17 651
51 18 1951
51 19 1299
51 20 733
51 21 434
51 22 2114
51 23 1273
51 24 432
51 25 2066
51 26 1225
51 27 384
51 28 2018
51 29 1177
51 30 336
51 31 1970
51 32 1129
51 33 288
51 34 1922
51 35 1081
51 36 240
51 37 1874
51 38 1033
51 39 192
51 40 1826
51 41 985
51 42 144
51 43 1778
51 44 937
51 45 96
51 46 1730
51 47 889
51 48 48
51 49 1682
51 50 841
51 51 0
51 52 1730
51 53 889
51 54 48
51 55 1778
51 56 937
51 57 96
51 58 2234
52 0 600
52 1 1097
52 2 1221
52 3 1699
52 4 933
52 5 1839
52 6 406
52 7 750
52 8 1264
52 9 1973
52 10 1657
52 11 1205
52 12 1868
52 13 989
52 14 1392
52 15 1947
52 16 332
52 17 1943
52 18 547
52 19 623
52 20 1765
52 21 2064
52 22 480
52 23 1321
52 24 2162
52 25 432
52 26 1273
52 27 2114
52 28 384
52 29 1225
52 30 2066
52 31 336
52 32 1177
52 33 2018
52 34 288
52 35 1129
52 36 1970
52 37 240
52 38 1081
52 39 1922
52 40 192
52 41 1033
52 42 1874
52 43 144
52 44 985
52 45 1826
52 46 96
52 47 937
52 48 1778
52 49 48
52 50 889
52 51 1730
52 52 0
52 53 841
52 54 1682
52 55 48
52 56 889
52 57 1730
52 58 600
53 0 1441
53 1 512
53 2 380
53 3 858
53 4 868
53 5 998
53 6 627
53 7 763
53 8 423
53 9 1132
53 10 816
53 11 364
53 12 1027
53 13 716
53 14 551
53 15 1106
53 16 605
53 17 1102
53 18 1158
53 19 506
53 20 924
53 21 1223
53 22 1321
53 23 480
53 24 1321
53 25 1273
53 26 432
53 27 1273
53 28 1225
53 29 384
53 30 1225
53 31 1177
53 32 336
53 33 1177
53 34 1129
53 35 288
53 36 1129
53 37 1081
53 38 240
53 39 1081
53 40 1033
53 41 192
53 42 1033
53 43 985
53 44 144
53 45 985
53 46 937
53 47 96
53 48 937
53 49 889
53 50 48
53 51 889
53 52 841
53 53 0
53 54 841
53 55 889
53 56 48
53 57 889
53 58 1441
54 0 2282
54 1 1353
54 2 653
54 3 559
54 4 1709
54 5 803
54 6 1468
54 7 1604
54 8 514
54 9 573
54 10 985
54 11 1053
54 12 390
54 13 1557
54 14 1058
54 15 599
54 16 1446
54 17 699
54 18 1999
54 19 1347
54 20 781
54 21 482
54 22 2162
54 23 1321
54 24 480
54 25 2114
54 26 1273
54 27 432
54 28 2066
54 29 1225
54 30 384
54 31 2018
54 32 1177
54 33 336
54 34 1970
54 35 1129
54 36 288
54 37 1922
54 38 1081
54 39 240
54 40 1874
54 41 1033
54 42 192
54 43 1826
54 44 985
54 45 144
54 46 1778
54 47 937
54 48 96
54 49 1730
54 50 889
54 51 48
54 52 1682
54 53 841
54 54 0
54 55 1730
54 56 889
54 57 48
54 58 2282
55 0 648
55 1 1145
55 2 1269
55 3 1747
55 4 981
55 5 1887
55 6 454
55 7 798
55 8 1216
55 9 2021
55 10 1705
55 11 1253
55 12 1916
55 13 1037
55 14 1440
55 15 1995
55 16 380
55 17 1991
55 18 595
55 19 671
55 20 1813
55 21 2112
55 22 528
55 23 1369
55 24 2210
55 25 480
55 26 1321
55 27 2162
55 28 432
55 29 1273
55 30 2114
55 31 384
55 32 1225
55 33 2066
55 34 336
55 35 1177
55 36 2018
55 37 288
55 38 1129
55 39 1970
55 40 240
55 41 1081
55 42 1922
55 43 192
55 44 1033
55 45 1874
55 46 144
55 47 985
55 48 1826
55 49 96
55 50 937
55 51 1778
55 52 48
55 53 889
55 54 1730
55 55 0
55 56 841
55 57 1682
55 58 648
56 0 1489
56 1 560
56 2 428
56 3 906
56 4 916
56 5 1046
56 6 675
56 7 811
56 8 375
56 9 1180
56 10 864
56 11 412
56 12 1075
56 13 764
56 14 599
56 15 1154
56 16 653
56 17 1150
56 18 1206
56 19 554
56 20 972
56 21 1271
56 22 1369
56 23 528
56 24 1369
56 25 1321
56 26 480
56 27 1321
56 28 1273
56 29 432
56 30 1273
56 31 1225
56 32 384
56 33 1225
56 34 1177
56 35 336
56 36 1177
56 37 1129
56 38 288
56 39 1129
56 40 1081
56 41 240
56 42 1081
56 43 1033
56 44 192
56 45 1033
56 46 985
56 47 144
56 48 985
56 49 937
56 50 96
56 51 937
56 52 889
56 53 48
56 54 889
56 55 841
56 56 0
56 57 841
56 58 1489
57 0 2330
57 1 1401
57 2 701
57 3 607
57 4 1757
57 5 851
57 6 1516
57 7 1652
57 8 466
57 9 621
57 10 1033
57 11 1101
57 12 438
57 13 1605
57 14 1106
57 15 647
57 16 1494
57 17 747
57 18 2047
57 19 1395
57 20 829
57 21 530
57 22 2210
57 23 1369
57 24 528
57 25 2162
57 26 1321
57 27 480
57 28 2114
57 29 1273
57 30 432
57 31 2066
57 32 1225
57 33 384
57 34 2018
57 35 1177
57 36 336
57 37 1970
57 38 1129
57 39 288
57 40 1922
57 41 1081
57 42 240
57 43 1874
57 44 1033
57 45 192
57 46 1826
57 47 985
57 48 144
57 49 1778
57 50 937
57 51 96
57 52 1730
57 53 889
57 54 48
57 55 1682
57 56 841
57 57 0
57 58 2330
58 0 0
58 1 929
58 2 1629
58 3 1723
58 4 573
58 5 1479
58 6 814
58 7 678
58 8 1864
58 9 1709
58 10 1297
58 11 1229
58 12 1892
58 13 725
58 14 1224
58 15 1683
58 16 836
58 17 1583
58 18 283
58 19 935
58 20 1501
58 21 1800
58 22 120
58 23 961
58 24 1802
58 25 168
58 26 1009
58 27 1850
58 28 216
58 29 1057
58 30 1898
58 31 264
58 32 1105
58 33 1946
58 34 312
58 35 1153
58 36 1994
58 37 360
58 38 1201
58 39 2042
58 40 408
58 41 1249
58 42 2090
58 43 456
58 44 1297
58 45 2138
58 46 504
58 47 1345
58 48 2186
58 49 552
58 50 1393
58 51 2234
58 52 600
58 53 1441
58 54 2282
58 55 648
58 56 1489
58 57 2330
58 58 0
//Location coordinates LocationName
//Loc x y
0 0.0 0.0 "depot"
1 96.0 833.0 "product aisle 2 bloc 0 rank 105"
2 384.0 1245.0 "product aisle 8 bloc 1 rank 40"
3 192.0 1531.0 "product aisle 4 bloc 1 rank 83"
4 0.0 573.0 "product aisle 0 bloc 0 rank 66"
5 0.0 1479.0 "product aisle 0 bloc 1 rank 75"
6 384.0 430.0 "product aisle 8 bloc 0 rank 43"
7 144.0 534.0 "product aisle 3 bloc 0 rank 60"
8 528.0 1336.0 "product aisle 11 bloc 1 rank 54"
9 48.0 1661.0 "product aisle 1 bloc 1 rank 103"
10 0.0 1297.0 "product aisle 0 bloc 1 rank 48"
11 192.0 1037.0 "product aisle 4 bloc 1 rank 8"
12 192.0 1700.0 "product aisle 4 bloc 1 rank 110"
13 48.0 677.0 "product aisle 1 bloc 0 rank 82"
14 96.0 1128.0 "product aisle 2 bloc 1 rank 21"
15 48.0 1635.0 "product aisle 1 bloc 1 rank 99"
16 432.0 404.0 "product aisle 9 bloc 0 rank 40"
17 0.0 1583.0 "product aisle 0 bloc 1 rank 92"
18 48.0 235.0 "product aisle 1 bloc 0 rank 14"
19 336.0 599.0 "product aisle 7 bloc 0 rank 70"
20 48.0 1453.0 "product aisle 1 bloc 1 rank 72"
21 48.0 1752.0 "product aisle 1 bloc 1 rank 117"
22 24.0 120.0 "intersection aisle 0 bloc 0 rank 0"
23 24.0 961.0 "intersection aisle 0 bloc 1 rank 1"
24 24.0 1802.0 "intersection aisle 0 bloc 2 rank 2"
25 72.0 120.0 "intersection aisle 1 bloc 0 rank 0"
26 72.0 961.0 "intersection aisle 1 bloc 1 rank 1"
27 72.0 1802.0 "intersection aisle 1 bloc 2 rank 2"
28 120.0 120.0 "intersection aisle 2 bloc 0 rank 0"
29 120.0 961.0 "intersection aisle 2 bloc 1 rank 1"
30 120.0 1802.0 "intersection aisle 2 bloc 2 rank 2"
31 168.0 120.0 "intersection aisle 3 bloc 0 rank 0"
32 168.0 961.0 "intersection aisle 3 bloc 1 rank 1"
33 168.0 1802.0 "intersection aisle 3 bloc 2 rank 2"
34 216.0 120.0 "intersection aisle 4 bloc 0 rank 0"
35 216.0 961.0 "intersection aisle 4 bloc 1 rank 1"
36 216.0 1802.0 "intersection aisle 4 bloc 2 rank 2"
37 264.0 120.0 "intersection aisle 5 bloc 0 rank 0"
38 264.0 961.0 "intersection aisle 5 bloc 1 rank 1"
39 264.0 1802.0 "intersection aisle 5 bloc 2 rank 2"
40 312.0 120.0 "intersection aisle 6 bloc 0 rank 0"
41 312.0 961.0 "intersection aisle 6 bloc 1 rank 1"
42 312.0 1802.0 "intersection aisle 6 bloc 2 rank 2"
43 360.0 120.0 "intersection aisle 7 bloc 0 rank 0"
44 360.0 961.0 "intersection aisle 7 bloc 1 rank 1"
45 360.0 1802.0 "intersection aisle 7 bloc 2 rank 2"
46 408.0 120.0 "intersection aisle 8 bloc 0 rank 0"
47 408.0 961.0 "intersection aisle 8 bloc 1 rank 1"
48 408.0 1802.0 "intersection aisle 8 bloc 2 rank 2"
49 456.0 120.0 "intersection aisle 9 bloc 0 rank 0"
50 456.0 961.0 "intersection aisle 9 bloc 1 rank 1"
51 456.0 1802.0 "intersection aisle 9 bloc 2 rank 2"
52 504.0 120.0 "intersection aisle 10 bloc 0 rank 0"
53 504.0 961.0 "intersection aisle 10 bloc 1 rank 1"
54 504.0 1802.0 "intersection aisle 10 bloc 2 rank 2"
55 552.0 120.0 "intersection aisle 11 bloc 0 rank 0"
56 552.0 961.0 "intersection aisle 11 bloc 1 rank 1"
