//alpha
1
//NbLocations
87
//NbProducts
32
//NbPickers
2
//CapaPicker
12
//TimeToTravelOneDistanceUnit
3
//SetupTime
5400
//PickTime
300
//Products
//Idx Location Size
1 1 1
2 2 1
3 3 1
4 4 1
5 5 1
6 6 1
7 7 1
8 8 1
9 9 1
10 10 1
11 11 1
12 12 1
13 13 1
14 14 1
15 15 1
16 16 1
17 17 1
18 18 1
19 19 1
20 20 1
21 21 1
22 22 1
23 23 1
24 24 1
25 25 1
26 26 1
27 27 1
28 28 1
29 29 1
30 30 1
31 31 1
32 32 1
//Orders
//NbOrders
6
//Idx DueDate TardinessPenalty NbProdInOrder ProdIdx1 Qty1 ProdIdx2 Qty2 ...
1 90000 0 4 1 1 2 1 3 1 4 1
2 108000 0 7 5 1 6 1 7 1 8 1 9 1 10 1 11 1
3 54000 0 6 12 1 13 1 14 1 15 1 16 1 17 1
4 90000 0 2 18 1 19 1
5 108000 0 8 20 1 21 1 22 1 23 1 24 1 25 1 26 1 27 1
6 54000 0 5 28 1 29 1 30 1 31 1 32 1
//Graph (Products are vertices indexed from 1 to NbProducts)
//NbVerticesIntersections
54
//DepartingDepot
0
//ArrivalDepot
87
//Arcs
//Start End Distance
0 33 120
1 46 609
1 47 622
2 18 689
2 42 180
3 82 388
3 83 843
4 34 843
4 35 388
5 73 466
5 74 765
6 24 585
6 69 453
7 72 206
7 73 1025
8 81 661
8 82 570
9 20 494
9 56 622
10 23 299
10 63 388
11 14 533
11 30 13
12 25 377
12 64 713
13 21 299
13 34 622
14 11 533
14 80 258
15 18 52
15 43 310
16 75 726
16 76 505
17 26 637
17 60 271
18 2 689
18 15 52
19 22 689
19 62 193
20 9 494
20 55 115
21 13 299
21 33 310
22 19 689
22 61 349
23 10 299
23 64 544
24 6 585
24 70 193
25 12 377
25 65 141
26 17 637
26 61 323
27 76 466
27 77 765
28 51 89
28 52 1142
29 57 219
29 58 1012
30 11 13
30 79 427
31 37 778
31 38 453
32 52 1155
32 53 76
33 21 310
33 36 48
33 87 120
34 4 843
34 13 622
34 37 48
35 4 388
35 38 48
36 33 48
36 37 1231
36 39 48
37 31 778
37 34 48
37 36 1231
37 40 48
38 31 453
38 35 48
38 41 48
39 36 48
39 40 1231
39 42 48
40 37 48
40 39 1231
40 41 1231
40 43 48
41 38 48
41 40 1231
41 44 48
42 2 180
42 39 48
42 45 48
43 15 310
43 40 48
43 44 1231
43 46 48
44 41 48
44 43 1231
44 47 48
45 42 48
45 46 1231
45 48 48
46 1 609
46 43 48
46 45 1231
46 49 48
47 1 622
47 44 48
47 50 48
48 45 48
48 49 1231
48 51 48
49 46 48
49 48 1231
49 50 1231
49 52 48
50 47 48
50 49 1231
50 53 48
51 28 89
51 48 48
51 54 48
52 28 1142
52 32 1155
52 49 48
52 55 48
53 32 76
53 50 48
53 56 48
54 51 48
54 55 1231
54 57 48
55 20 115
55 52 48
55 54 1231
55 58 48
56 9 622
56 53 48
56 59 48
57 29 219
57 54 48
57 60 48
58 29 1012
58 55 48
58 59 1231
58 61 48
59 56 48
59 58 1231
59 62 48
60 17 271
60 57 48
60 63 48
61 22 349
61 26 323
61 58 48
61 64 48
62 19 193
62 59 48
62 65 48
63 10 388
63 60 48
63 66 48
64 12 713
64 23 544
64 61 48
64 67 48
65 25 141
65 62 48
65 68 48
66 63 48
66 67 1231
66 69 48
67 64 48
67 66 1231
67 68 1231
67 70 48
68 65 48
68 67 1231
68 71 48
69 6 453
69 66 48
69 72 48
70 24 193
70 67 48
70 71 1231
70 73 48
71 68 48
71 70 1231
71 74 48
72 7 206
72 69 48
72 75 48
73 5 466
73 7 1025
73 70 48
73 76 48
74 5 765
74 71 48
74 77 48
75 16 726
75 72 48
75 78 48
76 16 505
76 27 466
76 73 48
76 79 48
77 27 765
77 74 48
77 80 48
78 75 48
78 79 1231
78 81 48
79 30 427
79 76 48
79 78 1231
79 82 48
80 14 258
80 77 48
80 83 48
81 8 661
81 78 48
81 84 48
82 3 388
82 8 570
82 79 48
82 85 48
83 3 843
83 80 48
83 86 48
84 81 48
84 85 1231
85 82 48
85 84 1231
85 86 1231
86 83 48
86 85 1231
//LocStart LocEnd ShortestPath
0 0 0
0 1 2152
0 2 444
0 3 2507
0 4 2194
0 5 2441
0 6 1149
0 7 950
0 8 1549
0 9 2296
0 10 988
0 11 2511
0 12 2544
0 13 729
0 14 3044
0 15 1185
0 16 1518
0 17 823
0 18 1133
0 19 2821
0 20 1802
0 21 430
0 22 2132
0 23 1287
0 24 1734
0 25 2921
0 26 1460
0 27 2489
0 28 497
0 29 723
0 30 2498
0 31 2177
0 32 2794
0 33 120
0 34 1351
0 35 2582
0 36 168
0 37 1399
0 38 2630
0 39 216
0 40 1447
0 41 2678
0 42 264
0 43 1495
0 44 2726
0 45 312
0 46 1543
0 47 2774
0 48 360
0 49 1591
0 50 2822
0 51 408
0 52 1639
0 53 2870
0 54 456
0 55 1687
0 56 2918
0 57 504
0 58 1735
0 59 2966
0 60 552
0 61 1783
0 62 3014
0 63 600
0 64 1831
0 65 3062
0 66 648
0 67 1879
0 68 3110
0 69 696
0 70 1927
0 71 3158
0 72 744
0 73 1975
0 74 3206
0 75 792
0 76 2023
0 77 3254
0 78 840
0 79 2071
0 80 3302
0 81 888
0 82 2119
0 83 3350
0 84 936
0 85 2167
0 86 3398
0 87 0
1 0 2152
1 1 0
1 2 1708
1 3 1573
1 4 1202
1 5 1507
1 6 1771
1 7 2066
1 8 1755
1 9 1362
1 10 1740
1 11 1577
1 12 1428
1 13 1423
1 14 1408
1 15 967
1 16 1594
1 17 1809
1 18 1019
1 19 1055
1 20 868
1 21 1722
1 22 1198
1 23 1441
1 24 1186
1 25 1051
1 26 1172
1 27 1555
1 28 1847
1 29 1813
1 30 1564
1 31 1219
1 32 794
1 33 2032
1 34 801
1 35 814
1 36 1984
1 37 753
1 38 766
1 39 1936
1 40 705
1 41 718
1 42 1888
1 43 657
1 44 670
1 45 1840
1 46 609
1 47 622
1 48 1888
1 49 657
1 50 670
1 51 1936
1 52 705
1 53 718
1 54 1984
1 55 753
1 56 766
1 57 2032
1 58 801
1 59 814
1 60 2080
1 61 849
1 62 862
1 63 2128
1 64 897
1 65 910
1 66 2176
1 67 945
1 68 958
1 69 2224
1 70 993
1 71 1006
1 72 2272
1 73 1041
1 74 1054
1 75 2320
1 76 1089
1 77 1102
1 78 2368
1 79 1137
1 80 1150
1 81 2416
1 82 1185
1 83 1198
1 84 2464
1 85 1233
1 86 1246
1 87 2152
2 0 444
2 1 1708
2 2 0
2 3 2063
2 4 2038
2 5 1997
2 6 1065
2 7 866
2 8 1465
2 9 1852
2 10 904
2 11 2067
2 12 2100
2 13 933
2 14 2600
2 15 741
2 16 1434
2 17 739
2 18 689
2 19 2377
2 20 1358
2 21 634
2 22 1688
2 23 1203
2 24 1650
2 25 2477
2 26 1376
2 27 2045
2 28 413
2 29 639
2 30 2054
2 31 1925
2 32 2350
2 33 324
2 34 1195
2 35 2426
2 36 276
2 37 1147
2 38 2378
2 39 228
2 40 1099
2 41 2330
2 42 180
2 43 1051
2 44 2282
2 45 228
2 46 1099
2 47 2330
2 48 276
2 49 1147
2 50 2378
2 51 324
2 52 1195
2 53 2426
2 54 372
2 55 1243
2 56 2474
2 57 420
2 58 1291
2 59 2522
2 60 468
2 61 1339
2 62 2570
2 63 516
2 64 1387
2 65 2618
2 66 564
2 67 1435
2 68 2666
2 69 612
2 70 1483
2 71 2714
2 72 660
2 73 1531
2 74 2762
2 75 708
2 76 1579
2 77 2810
2 78 756
2 79 1627
2 80 2858
2 81 804
2 82 1675
2 83 2906
2 84 852
2 85 1723
2 86 2954
2 87 444
3 0 2507
3 1 1573
3 2 2063
3 3 0
3 4 1999
3 5 998
3 6 1358
3 7 1557
3 8 958
3 9 1429
3 10 1519
3 11 876
3 12 1389
3 13 1778
3 14 1149
3 15 1322
3 16 989
3 17 1684
3 18 1374
3 19 1372
3 20 935
3 21 2077
3 22 1073
3 23 1220
3 24 773
3 25 1272
3 26 1047
3 27 950
3 28 2010
3 29 1784
3 30 863
3 31 1886
3 32 1399
3 33 2387
3 34 1156
3 35 1611
3 36 2339
3 37 1108
3 38 1563
3 39 2291
3 40 1060
3 41 1515
3 42 2243
3 43 1012
3 44 1467
3 45 2195
3 46 964
3 47 1419
3 48 2147
3 49 916
3 50 1371
3 51 2099
3 52 868
3 53 1323
3 54 2051
3 55 820
3 56 1275
3 57 2003
3 58 772
3 59 1227
3 60 1955
3 61 724
3 62 1179
3 63 1907
3 64 676
3 65 1131
3 66 1859
3 67 628
3 68 1083
3 69 1811
3 70 580
3 71 1035
3 72 1763
3 73 532
3 74 987
3 75 1715
3 76 484
3 77 939
3 78 1667
3 79 436
3 80 891
3 81 1619
3 82 388
3 83 843
3 84 1667
3 85 436
3 86 891
3 87 2507
4 0 2194
4 1 1202
4 2 2038
4 3 1999
4 4 0
4 5 1777
4 6 2197
4 7 2492
4 8 2181
4 9 1346
4 10 2166
4 11 1899
4 12 1386
4 13 1465
4 14 1366
4 15 1297
4 16 2020
4 17 2235
4 18 1349
4 19 1013
4 20 1294
4 21 1764
4 22 1624
4 23 1867
4 24 1612
4 25 1009
4 26 1598
4 27 1825
4 28 2273
4 29 2239
4 30 1912
4 31 889
4 32 752
4 33 2074
4 34 843
4 35 388
4 36 2122
4 37 891
4 38 436
4 39 2170
4 40 939
4 41 484
4 42 2218
4 43 987
4 44 532
4 45 2266
4 46 1035
4 47 580
4 48 2314
4 49 1083
4 50 628
4 51 2362
4 52 1131
4 53 676
4 54 2410
4 55 1179
4 56 724
4 57 2458
4 58 1227
4 59 772
4 60 2506
4 61 1275
4 62 820
4 63 2554
4 64 1323
4 65 868
4 66 2602
4 67 1371
4 68 916
4 69 2650
4 70 1419
4 71 964
4 72 2698
4 73 1467
4 74 1012
4 75 2746
4 76 1515
4 77 1060
4 78 2794
4 79 1563
4 80 1108
4 81 2842
4 82 1611
4 83 1156
4 84 2890
4 85 1659
4 86 1204
4 87 2194
5 0 2441
5 1 1507
5 2 1997
5 3 998
5 4 1777
5 5 0
5 6 1292
5 7 1491
5 8 1180
5 9 1363
5 10 1453
5 11 1002
5 12 1323
5 13 1712
5 14 1119
5 15 1256
5 16 1019
5 17 1618
5 18 1308
5 19 1150
5 20 869
5 21 2011
5 22 1007
5 23 1154
5 24 707
5 25 1050
5 26 981
5 27 980
5 28 1944
5 29 1718
5 30 989
5 31 1794
5 32 1177
5 33 2321
5 34 1090
5 35 1389
5 36 2273
5 37 1042
5 38 1341
5 39 2225
5 40 994
5 41 1293
5 42 2177
5 43 946
5 44 1245
5 45 2129
5 46 898
5 47 1197
5 48 2081
5 49 850
5 50 1149
5 51 2033
5 52 802
5 53 1101
5 54 1985
5 55 754
5 56 1053
5 57 1937
5 58 706
5 59 1005
5 60 1889
5 61 658
5 62 957
5 63 1841
5 64 610
5 65 909
5 66 1793
5 67 562
5 68 861
5 69 1745
5 70 514
5 71 813
5 72 1697
5 73 466
5 74 765
5 75 1745
5 76 514
5 77 813
5 78 1793
5 79 562
5 80 861
5 81 1841
5 82 610
5 83 909
5 84 1889
5 85 658
5 86 957
5 87 2441
6 0 1149
6 1 1771
6 2 1065
6 3 1358
6 4 2197
6 5 1292
6 6 0
6 7 707
6 8 1306
6 9 1627
6 10 937
6 11 1362
6 12 1587
6 13 1638
6 14 1895
6 15 1520
6 16 1275
6 17 868
6 18 1572
6 19 1960
6 20 1133
6 21 1339
6 22 1271
6 23 1236
6 24 585
6 25 1964
6 26 1245
6 27 1340
6 28 830
6 29 864
6 30 1349
6 31 2084
6 32 2221
6 33 1029
6 34 1354
6 35 2585
6 36 981
6 37 1306
6 38 2537
6 39 933
6 40 1258
6 41 2489
6 42 885
6 43 1210
6 44 2441
6 45 837
6 46 1162
6 47 2393
6 48 789
6 49 1114
6 50 2345
6 51 741
6 52 1066
6 53 2297
6 54 693
6 55 1018
6 56 2249
6 57 645
6 58 970
6 59 2201
6 60 597
6 61 922
6 62 2153
6 63 549
6 64 874
6 65 2105
6 66 501
6 67 826
6 68 2057
6 69 453
6 70 778
6 71 2009
6 72 501
6 73 826
6 74 2057
6 75 549
6 76 874
6 77 2105
6 78 597
6 79 922
6 80 2153
6 81 645
6 82 970
6 83 2201
6 84 693
6 85 1018
6 86 2249
6 87 1149
7 0 950
7 1 2066
7 2 866
7 3 1557
7 4 2492
7 5 1491
7 6 707
7 7 0
7 8 1011
7 9 1922
7 10 738
7 11 1561
7 12 1882
7 13 1439
7 14 2094
7 15 1607
7 16 980
7 17 669
7 18 1555
7 19 2255
7 20 1428
7 21 1140
7 22 1566
7 23 1037
7 24 1266
7 25 2259
7 26 1306
7 27 1539
7 28 631
7 29 665
7 30 1548
7 31 2379
7 32 2516
7 33 830
7 34 1649
7 35 2880
7 36 782
7 37 1601
7 38 2832
7 39 734
7 40 1553
7 41 2784
7 42 686
7 43 1505
7 44 2736
7 45 638
7 46 1457
7 47 2688
7 48 590
7 49 1409
7 50 2640
7 51 542
7 52 1361
7 53 2592
7 54 494
7 55 1313
7 56 2544
7 57 446
7 58 1265
7 59 2496
7 60 398
7 61 1217
7 62 2448
7 63 350
7 64 1169
7 65 2400
7 66 302
7 67 1121
7 68 2352
7 69 254
7 70 1073
7 71 2304
7 72 206
7 73 1025
7 74 2256
7 75 254
7 76 1073
7 77 2304
7 78 302
7 79 1121
7 80 2352
7 81 350
7 82 1169
7 83 2400
7 84 398
7 85 1217
7 86 2448
7 87 950
8 0 1549
8 1 1755
8 2 1465
8 3 958
8 4 2181
8 5 1180
8 6 1306
8 7 1011
8 8 0
8 9 1611
8 10 1337
8 11 1058
8 12 1571
8 13 1960
8 14 1591
8 15 1504
8 16 1171
8 17 1268
8 18 1556
8 19 1944
8 20 1117
8 21 1739
8 22 1255
8 23 1402
8 24 955
8 25 1948
8 26 1229
8 27 1132
8 28 1230
8 29 1264
8 30 1045
8 31 2068
8 32 2205
8 33 1429
8 34 1338
8 35 2569
8 36 1381
8 37 1290
8 38 2521
8 39 1333
8 40 1242
8 41 2473
8 42 1285
8 43 1194
8 44 2425
8 45 1237
8 46 1146
8 47 2377
8 48 1189
8 49 1098
8 50 2329
8 51 1141
8 52 1050
8 53 2281
8 54 1093
8 55 1002
8 56 2233
8 57 1045
8 58 954
8 59 2185
8 60 997
8 61 906
8 62 2137
8 63 949
8 64 858
8 65 2089
8 66 901
8 67 810
8 68 2041
8 69 853
8 70 762
8 71 1993
8 72 805
8 73 714
8 74 1945
8 75 757
8 76 666
8 77 1897
8 78 709
8 79 618
8 80 1849
8 81 661
8 82 570
8 83 1801
8 84 709
8 85 618
8 86 1849
8 87 1549
9 0 2296
9 1 1362
9 2 1852
9 3 1429
9 4 1346
9 5 1363
9 6 1627
9 7 1922
9 8 1611
9 9 0
9 10 1596
9 11 1433
9 12 1284
9 13 1567
9 14 1264
9 15 1111
9 16 1450
9 17 1665
9 18 1163
9 19 911
9 20 494
9 21 1866
9 22 1054
9 23 1297
9 24 1042
9 25 907
9 26 1028
9 27 1411
9 28 1799
9 29 1669
9 30 1420
9 31 1363
9 32 746
9 33 2176
9 34 945
9 35 958
9 36 2128
9 37 897
9 38 910
9 39 2080
9 40 849
9 41 862
9 42 2032
9 43 801
9 44 814
9 45 1984
9 46 753
9 47 766
9 48 1936
9 49 705
9 50 718
9 51 1888
9 52 657
9 53 670
9 54 1840
9 55 609
9 56 622
9 57 1888
9 58 657
9 59 670
9 60 1936
9 61 705
9 62 718
9 63 1984
9 64 753
9 65 766
9 66 2032
9 67 801
9 68 814
9 69 2080
9 70 849
9 71 862
9 72 2128
9 73 897
9 74 910
9 75 2176
9 76 945
9 77 958
9 78 2224
9 79 993
9 80 1006
9 81 2272
9 82 1041
9 83 1054
9 84 2320
9 85 1089
9 86 1102
9 87 2296
10 0 988
10 1 1740
10 2 904
10 3 1519
10 4 2166
10 5 1453
10 6 937
10 7 738
10 8 1337
10 9 1596
10 10 0
10 11 1523
10 12 1556
10 13 1477
10 14 2056
10 15 1489
10 16 1306
10 17 707
10 18 1541
10 19 1929
10 20 1102
10 21 1178
10 22 1240
10 23 299
10 24 1132
10 25 1933
10 26 1214
10 27 1501
10 28 669
10 29 703
10 30 1510
10 31 2053
10 32 2190
10 33 868
10 34 1323
10 35 2554
10 36 820
10 37 1275
10 38 2506
10 39 772
10 40 1227
10 41 2458
10 42 724
10 43 1179
10 44 2410
10 45 676
10 46 1131
10 47 2362
10 48 628
10 49 1083
10 50 2314
10 51 580
10 52 1035
10 53 2266
10 54 532
10 55 987
10 56 2218
10 57 484
10 58 939
10 59 2170
10 60 436
10 61 891
10 62 2122
10 63 388
10 64 843
10 65 2074
10 66 436
10 67 891
10 68 2122
10 69 484
10 70 939
10 71 2170
10 72 532
10 73 987
10 74 2218
10 75 580
10 76 1035
10 77 2266
10 78 628
10 79 1083
10 80 2314
10 81 676
10 82 1131
10 83 2362
10 84 724
10 85 1179
10 86 2410
10 87 988
11 0 2511
11 1 1577
11 2 2067
11 3 876
11 4 1899
11 5 1002
11 6 1362
11 7 1561
11 8 1058
11 9 1433
11 10 1523
11 11 0
11 12 1393
11 13 1782
11 14 533
11 15 1326
11 16 993
11 17 1688
11 18 1378
11 19 1272
11 20 939
11 21 2081
11 22 1077
11 23 1224
11 24 777
11 25 1172
11 26 1051
11 27 954
11 28 2014
11 29 1788
11 30 13
11 31 1890
11 32 1299
11 33 2391
11 34 1160
11 35 1511
11 36 2343
11 37 1112
11 38 1463
11 39 2295
11 40 1064
11 41 1415
11 42 2247
11 43 1016
11 44 1367
11 45 2199
11 46 968
11 47 1319
11 48 2151
11 49 920
11 50 1271
11 51 2103
11 52 872
11 53 1223
11 54 2055
11 55 824
11 56 1175
11 57 2007
11 58 776
11 59 1127
11 60 1959
11 61 728
11 62 1079
11 63 1911
11 64 680
11 65 1031
11 66 1863
11 67 632
11 68 983
11 69 1815
11 70 584
11 71 935
11 72 1767
11 73 536
11 74 887
11 75 1719
11 76 488
11 77 839
11 78 1671
11 79 440
11 80 791
11 81 1719
11 82 488
11 83 839
11 84 1767
11 85 536
11 86 887
11 87 2511
12 0 2544
12 1 1428
12 2 2100
12 3 1389
12 4 1386
12 5 1323
12 6 1587
12 7 1882
12 8 1571
12 9 1284
12 10 1556
12 11 1393
12 12 0
12 13 1815
12 14 1016
12 15 1359
12 16 1410
12 17 1721
12 18 1411
12 19 759
12 20 972
12 21 2114
12 22 1110
12 23 1257
12 24 1002
12 25 377
12 26 1084
12 27 1371
12 28 2047
12 29 1821
12 30 1380
12 31 1403
12 32 786
12 33 2424
12 34 1193
12 35 998
12 36 2376
12 37 1145
12 38 950
12 39 2328
12 40 1097
12 41 902
12 42 2280
12 43 1049
12 44 854
12 45 2232
12 46 1001
12 47 806
12 48 2184
12 49 953
12 50 758
12 51 2136
12 52 905
12 53 710
12 54 2088
12 55 857
12 56 662
12 57 2040
12 58 809
12 59 614
12 60 1992
12 61 761
12 62 566
12 63 1944
12 64 713
12 65 518
12 66 1992
12 67 761
12 68 566
12 69 2040
12 70 809
12 71 614
12 72 2088
12 73 857
12 74 662
12 75 2136
12 76 905
12 77 710
12 78 2184
12 79 953
12 80 758
12 81 2232
12 82 1001
12 83 806
12 84 2280
12 85 1049
12 86 854
12 87 2544
13 0 729
13 1 1423
13 2 933
13 3 1778
13 4 1465
13 5 1712
13 6 1638
13 7 1439
13 8 1960
13 9 1567
13 10 1477
13 11 1782
13 12 1815
13 13 0
13 14 2315
13 15 1076
13 16 1799
13 17 1312
13 18 1128
13 19 2092
13 20 1073
13 21 299
13 22 1403
13 23 1646
13 24 1391
13 25 2192
13 26 1377
13 27 1760
13 28 986
13 29 1212
13 30 1769
13 31 1448
13 32 2065
13 33 609
13 34 622
13 35 1853
13 36 657
13 37 670
13 38 1901
13 39 705
13 40 718
13 41 1949
13 42 753
13 43 766
13 44 1997
13 45 801
13 46 814
13 47 2045
13 48 849
13 49 862
13 50 2093
13 51 897
13 52 910
13 53 2141
13 54 945
13 55 958
13 56 2189
13 57 993
13 58 1006
13 59 2237
13 60 1041
13 61 1054
13 62 2285
13 63 1089
13 64 1102
13 65 2333
13 66 1137
13 67 1150
13 68 2381
13 69 1185
13 70 1198
13 71 2429
13 72 1233
13 73 1246
13 74 2477
13 75 1281
13 76 1294
13 77 2525
13 78 1329
13 79 1342
13 80 2573
13 81 1377
13 82 1390
13 83 2621
13 84 1425
13 85 1438
13 86 2669
13 87 729
14 0 3044
14 1 1408
14 2 2600
14 3 1149
14 4 1366
14 5 1119
14 6 1895
14 7 2094
14 8 1591
14 9 1264
14 10 2056
14 11 533
14 12 1016
14 13 2315
14 14 0
14 15 1859
14 16 1526
14 17 2221
14 18 1911
14 19 739
14 20 1472
14 21 2614
14 22 1428
14 23 1757
14 24 1310
14 25 639
14 26 1584
14 27 1071
14 28 2547
14 29 2321
14 30 546
14 31 1383
14 32 766
14 33 2924
14 34 1693
14 35 978
14 36 2876
14 37 1645
14 38 930
14 39 2828
14 40 1597
14 41 882
14 42 2780
14 43 1549
14 44 834
14 45 2732
14 46 1501
14 47 786
14 48 2684
14 49 1453
14 50 738
14 51 2636
14 52 1405
14 53 690
14 54 2588
14 55 1357
14 56 642
14 57 2540
14 58 1309
14 59 594
14 60 2492
14 61 1261
14 62 546
14 63 2444
14 64 1213
14 65 498
14 66 2396
14 67 1165
14 68 450
14 69 2348
14 70 1117
14 71 402
14 72 2300
14 73 1069
14 74 354
14 75 2252
14 76 1021
14 77 306
14 78 2204
14 79 973
14 80 258
14 81 2252
14 82 1021
14 83 306
14 84 2300
14 85 1069
14 86 354
14 87 3044
15 0 1185
15 1 967
15 2 741
15 3 1322
15 4 1297
15 5 1256
15 6 1520
15 7 1607
15 8 1504
15 9 1111
15 10 1489
15 11 1326
15 12 1359
15 13 1076
15 14 1859
15 15 0
15 16 1343
15 17 1480
15 18 52
15 19 1636
15 20 617
15 21 1375
15 22 947
15 23 1190
15 24 935
15 25 1736
15 26 921
15 27 1304
15 28 1154
15 29 1380
15 30 1313
15 31 1184
15 32 1609
15 33 1065
15 34 454
15 35 1685
15 36 1017
15 37 406
15 38 1637
15 39 969
15 40 358
15 41 1589
15 42 921
15 43 310
15 44 1541
15 45 969
15 46 358
15 47 1589
15 48 1017
15 49 406
15 50 1637
15 51 1065
15 52 454
15 53 1685
15 54 1113
15 55 502
15 56 1733
15 57 1161
15 58 550
15 59 1781
15 60 1209
15 61 598
15 62 1829
15 63 1257
15 64 646
15 65 1877
15 66 1305
15 67 694
15 68 1925
15 69 1353
15 70 742
15 71 1973
15 72 1401
15 73 790
15 74 2021
15 75 1449
15 76 838
15 77 2069
15 78 1497
15 79 886
15 80 2117
15 81 1545
15 82 934
15 83 2165
15 84 1593
15 85 982
15 86 2213
15 87 1185
16 0 1518
16 1 1594
16 2 1434
16 3 989
16 4 2020
16 5 1019
16 6 1275
16 7 980
16 8 1171
16 9 1450
16 10 1306
16 11 993
16 12 1410
16 13 1799
16 14 1526
16 15 1343
16 16 0
16 17 1237
16 18 1395
16 19 1783
16 20 956
16 21 1708
16 22 1094
16 23 1241
16 24 794
16 25 1787
16 26 1068
16 27 971
16 28 1199
16 29 1233
16 30 980
16 31 1907
16 32 2044
16 33 1398
16 34 1177
16 35 2408
16 36 1350
16 37 1129
16 38 2360
16 39 1302
16 40 1081
16 41 2312
16 42 1254
16 43 1033
16 44 2264
16 45 1206
16 46 985
16 47 2216
16 48 1158
16 49 937
16 50 2168
16 51 1110
16 52 889
16 53 2120
16 54 1062
16 55 841
16 56 2072
16 57 1014
16 58 793
16 59 2024
16 60 966
16 61 745
16 62 1976
16 63 918
16 64 697
16 65 1928
16 66 870
16 67 649
16 68 1880
16 69 822
16 70 601
16 71 1832
16 72 774
16 73 553
16 74 1784
16 75 726
16 76 505
16 77 1736
16 78 774
16 79 553
16 80 1784
16 81 822
16 82 601
16 83 1832
16 84 870
16 85 649
16 86 1880
16 87 1518
17 0 823
17 1 1809
17 2 739
17 3 1684
17 4 2235
17 5 1618
17 6 868
17 7 669
17 8 1268
17 9 1665
17 10 707
17 11 1688
17 12 1721
17 13 1312
17 14 2221
17 15 1480
17 16 1237
17 17 0
17 18 1428
17 19 1998
17 20 1171
17 21 1013
17 22 1309
17 23 1006
17 24 1297
17 25 2098
17 26 637
17 27 1666
17 28 504
17 29 538
17 30 1675
17 31 2122
17 32 2259
17 33 703
17 34 1392
17 35 2623
17 36 655
17 37 1344
17 38 2575
17 39 607
17 40 1296
17 41 2527
17 42 559
17 43 1248
17 44 2479
17 45 511
17 46 1200
17 47 2431
17 48 463
17 49 1152
17 50 2383
17 51 415
17 52 1104
17 53 2335
17 54 367
17 55 1056
17 56 2287
17 57 319
17 58 1008
17 59 2239
17 60 271
17 61 960
17 62 2191
17 63 319
17 64 1008
17 65 2239
17 66 367
17 67 1056
17 68 2287
17 69 415
17 70 1104
17 71 2335
17 72 463
17 73 1152
17 74 2383
17 75 511
17 76 1200
17 77 2431
17 78 559
17 79 1248
17 80 2479
17 81 607
17 82 1296
17 83 2527
17 84 655
17 85 1344
17 86 2575
17 87 823
18 0 1133
18 1 1019
18 2 689
18 3 1374
18 4 1349
18 5 1308
18 6 1572
18 7 1555
18 8 1556
18 9 1163
18 10 1541
18 11 1378
18 12 1411
18 13 1128
18 14 1911
18 15 52
18 16 1395
18 17 1428
18 18 0
18 19 1688
18 20 669
18 21 1323
18 22 999
18 23 1242
18 24 987
18 25 1788
18 26 973
18 27 1356
18 28 1102
18 29 1328
18 30 1365
18 31 1236
18 32 1661
18 33 1013
18 34 506
18 35 1737
18 36 965
18 37 458
18 38 1689
18 39 917
18 40 410
18 41 1641
18 42 869
18 43 362
18 44 1593
18 45 917
18 46 410
18 47 1641
18 48 965
18 49 458
18 50 1689
18 51 1013
18 52 506
18 53 1737
18 54 1061
18 55 554
18 56 1785
18 57 1109
18 58 602
18 59 1833
18 60 1157
18 61 650
18 62 1881
18 63 1205
18 64 698
18 65 1929
18 66 1253
18 67 746
18 68 1977
18 69 1301
18 70 794
18 71 2025
18 72 1349
18 73 842
18 74 2073
18 75 1397
18 76 890
18 77 2121
18 78 1445
18 79 938
18 80 2169
18 81 1493
18 82 986
18 83 2217
18 84 1541
18 85 1034
18 86 2265
18 87 1133
19 0 2821
19 1 1055
19 2 2377
19 3 1372
19 4 1013
19 5 1150
19 6 1960
19 7 2255
19 8 1944
19 9 911
19 10 1929
19 11 1272
19 12 759
19 13 2092
19 14 739
19 15 1636
19 16 1783
19 17 1998
19 18 1688
19 19 0
19 20 1249
19 21 2391
19 22 689
19 23 1630
19 24 1375
19 25 382
19 26 1361
19 27 1198
19 28 2324
19 29 2098
19 30 1285
19 31 1030
19 32 413
19 33 2701
19 34 1470
19 35 625
19 36 2653
19 37 1422
19 38 577
19 39 2605
19 40 1374
19 41 529
19 42 2557
19 43 1326
19 44 481
19 45 2509
19 46 1278
19 47 433
19 48 2461
19 49 1230
19 50 385
19 51 2413
19 52 1182
19 53 337
19 54 2365
19 55 1134
19 56 289
19 57 2317
19 58 1086
19 59 241
19 60 2269
19 61 1038
19 62 193
19 63 2317
19 64 1086
19 65 241
19 66 2365
19 67 1134
19 68 289
19 69 2413
19 70 1182
19 71 337
19 72 2461
19 73 1230
19 74 385
19 75 2509
19 76 1278
19 77 433
19 78 2557
19 79 1326
19 80 481
19 81 2605
19 82 1374
19 83 529
19 84 2653
19 85 1422
19 86 577
19 87 2821
20 0 1802
20 1 868
20 2 1358
20 3 935
20 4 1294
20 5 869
20 6 1133
20 7 1428
20 8 1117
20 9 494
20 10 1102
20 11 939
20 12 972
20 13 1073
20 14 1472
20 15 617
20 16 956
20 17 1171
20 18 669
20 19 1249
20 20 0
20 21 1372
20 22 560
20 23 803
20 24 548
20 25 1349
20 26 534
20 27 917
20 28 1305
20 29 1175
20 30 926
20 31 1181
20 32 1240
20 33 1682
20 34 451
20 35 1452
20 36 1634
20 37 403
20 38 1404
20 39 1586
20 40 355
20 41 1356
20 42 1538
20 43 307
20 44 1308
20 45 1490
20 46 259
20 47 1260
20 48 1442
20 49 211
20 50 1212
20 51 1394
20 52 163
20 53 1164
20 54 1346
20 55 115
20 56 1116
20 57 1394
20 58 163
20 59 1164
20 60 1442
20 61 211
20 62 1212
20 63 1490
20 64 259
20 65 1260
20 66 1538
20 67 307
20 68 1308
20 69 1586
20 70 355
20 71 1356
20 72 1634
20 73 403
20 74 1404
20 75 1682
20 76 451
20 77 1452
20 78 1730
20 79 499
20 80 1500
20 81 1778
20 82 547
20 83 1548
20 84 1826
20 85 595
20 86 1596
20 87 1802
21 0 430
21 1 1722
21 2 634
21 3 2077
21 4 1764
21 5 2011
21 6 1339
21 7 1140
21 8 1739
21 9 1866
21 10 1178
21 11 2081
21 12 2114
21 13 299
21 14 2614
21 15 1375
21 16 1708
21 17 1013
21 18 1323
21 19 2391
21 20 1372
21 21 0
21 22 1702
21 23 1477
21 24 1690
21 25 2491
21 26 1650
21 27 2059
21 28 687
21 29 913
21 30 2068
21 31 1747
21 32 2364
21 33 310
21 34 921
21 35 2152
21 36 358
21 37 969
21 38 2200
21 39 406
21 40 1017
21 41 2248
21 42 454
21 43 1065
21 44 2296
21 45 502
21 46 1113
21 47 2344
21 48 550
21 49 1161
21 50 2392
21 51 598
21 52 1209
21 53 2440
21 54 646
21 55 1257
21 56 2488
21 57 694
21 58 1305
21 59 2536
21 60 742
21 61 1353
21 62 2584
21 63 790
21 64 1401
21 65 2632
21 66 838
21 67 1449
21 68 2680
21 69 886
21 70 1497
21 71 2728
21 72 934
21 73 1545
21 74 2776
21 75 982
21 76 1593
21 77 2824
21 78 1030
21 79 1641
21 80 2872
21 81 1078
21 82 1689
21 83 2920
21 84 1126
21 85 1737
21 86 2968
21 87 430
22 0 2132
22 1 1198
22 2 1688
22 3 1073
22 4 1624
22 5 1007
22 6 1271
22 7 1566
22 8 1255
22 9 1054
22 10 1240
22 11 1077
22 12 1110
22 13 1403
22 14 1428
22 15 947
22 16 1094
22 17 1309
22 18 999
22 19 689
22 20 560
22 21 1702
22 22 0
22 23 941
22 24 686
22 25 1071
22 26 672
22 27 1055
22 28 1635
22 29 1409
22 30 1064
22 31 1511
22 32 1102
22 33 2012
22 34 781
22 35 1314
22 36 1964
22 37 733
22 38 1266
22 39 1916
22 40 685
22 41 1218
22 42 1868
22 43 637
22 44 1170
22 45 1820
22 46 589
22 47 1122
22 48 1772
22 49 541
22 50 1074
22 51 1724
22 52 493
22 53 1026
22 54 1676
22 55 445
22 56 978
22 57 1628
22 58 397
22 59 930
22 60 1580
22 61 349
22 62 882
22 63 1628
22 64 397
22 65 930
22 66 1676
22 67 445
22 68 978
22 69 1724
22 70 493
22 71 1026
22 72 1772
22 73 541
22 74 1074
22 75 1820
22 76 589
22 77 1122
22 78 1868
22 79 637
22 80 1170
22 81 1916
22 82 685
22 83 1218
22 84 1964
22 85 733
22 86 1266
22 87 2132
23 0 1287
23 1 1441
23 2 1203
23 3 1220
23 4 1867
23 5 1154
23 6 1236
23 7 1037
23 8 1402
23 9 1297
23 10 299
23 11 1224
23 12 1257
23 13 1646
23 14 1757
23 15 1190
23 16 1241
23 17 1006
23 18 1242
23 19 1630
23 20 803
23 21 1477
23 22 941
23 23 0
23 24 833
23 25 1634
23 26 915
23 27 1202
23 28 968
23 29 1002
23 30 1211
23 31 1754
23 32 1891
23 33 1167
23 34 1024
23 35 2255
23 36 1119
23 37 976
23 38 2207
23 39 1071
23 40 928
23 41 2159
23 42 1023
23 43 880
23 44 2111
23 45 975
23 46 832
23 47 2063
23 48 927
23 49 784
23 50 2015
23 51 879
23 52 736
23 53 1967
23 54 831
23 55 688
23 56 1919
23 57 783
23 58 640
23 59 1871
23 60 735
23 61 592
23 62 1823
23 63 687
23 64 544
23 65 1775
23 66 735
23 67 592
23 68 1823
23 69 783
23 70 640
23 71 1871
23 72 831
23 73 688
23 74 1919
23 75 879
23 76 736
23 77 1967
23 78 927
23 79 784
23 80 2015
23 81 975
23 82 832
23 83 2063
23 84 1023
23 85 880
23 86 2111
23 87 1287
24 0 1734
24 1 1186
24 2 1650
24 3 773
24 4 1612
24 5 707
24 6 585
24 7 1266
24 8 955
24 9 1042
24 10 1132
24 11 777
24 12 1002
24 13 1391
24 14 1310
24 15 935
24 16 794
24 17 1297
24 18 987
24 19 1375
24 20 548
24 21 1690
24 22 686
24 23 833
24 24 0
24 25 1379
24 26 660
24 27 755
24 28 1415
24 29 1397
24 30 764
24 31 1499
24 32 1636
24 33 1614
24 34 769
24 35 2000
24 36 1566
24 37 721
24 38 1952
24 39 1518
24 40 673
24 41 1904
24 42 1470
24 43 625
24 44 1856
24 45 1422
24 46 577
24 47 1808
24 48 1374
24 49 529
24 50 1760
24 51 1326
24 52 481
24 53 1712
24 54 1278
24 55 433
24 56 1664
24 57 1230
24 58 385
24 59 1616
24 60 1182
24 61 337
24 62 1568
24 63 1134
24 64 289
24 65 1520
24 66 1086
24 67 241
24 68 1472
24 69 1038
24 70 193
24 71 1424
24 72 1086
24 73 241
24 74 1472
24 75 1134
24 76 289
24 77 1520
24 78 1182
24 79 337
24 80 1568
24 81 1230
24 82 385
24 83 1616
24 84 1278
24 85 433
24 86 1664
24 87 1734
25 0 2921
25 1 1051
25 2 2477
25 3 1272
25 4 1009
25 5 1050
25 6 1964
25 7 2259
25 8 1948
25 9 907
25 10 1933
25 11 1172
25 12 377
25 13 2192
25 14 639
25 15 1736
25 16 1787
25 17 2098
25 18 1788
25 19 382
25 20 1349
25 21 2491
25 22 1071
25 23 1634
25 24 1379
25 25 0
25 26 1461
25 27 1098
25 28 2424
25 29 2198
25 30 1185
25 31 1026
25 32 409
25 33 2801
25 34 1570
25 35 621
25 36 2753
25 37 1522
25 38 573
25 39 2705
25 40 1474
25 41 525
25 42 2657
25 43 1426
25 44 477
25 45 2609
25 46 1378
25 47 429
25 48 2561
25 49 1330
25 50 381
25 51 2513
25 52 1282
25 53 333
25 54 2465
25 55 1234
25 56 285
25 57 2417
25 58 1186
25 59 237
25 60 2369
25 61 1138
25 62 189
25 63 2321
25 64 1090
25 65 141
25 66 2369
25 67 1138
25 68 189
25 69 2417
25 70 1186
25 71 237
25 72 2465
25 73 1234
25 74 285
25 75 2513
25 76 1282
25 77 333
25 78 2561
25 79 1330
25 80 381
25 81 2609
25 82 1378
25 83 429
25 84 2657
25 85 1426
25 86 477
25 87 2921
26 0 1460
26 1 1172
26 2 1376
26 3 1047
26 4 1598
26 5 981
26 6 1245
26 7 1306
26 8 1229
26 9 1028
26 10 1214
26 11 1051
26 12 1084
26 13 1377
26 14 1584
26 15 921
26 16 1068
26 17 637
26 18 973
26 19 1361
26 20 534
26 21 1650
26 22 672
26 23 915
26 24 660
26 25 1461
26 26 0
26 27 1029
26 28 1141
26 29 1175
26 30 1038
26 31 1485
26 32 1622
26 33 1340
26 34 755
26 35 1986
26 36 1292
26 37 707
26 38 1938
26 39 1244
26 40 659
26 41 1890
26 42 1196
26 43 611
26 44 1842
26 45 1148
26 46 563
26 47 1794
26 48 1100
26 49 515
26 50 1746
26 51 1052
26 52 467
26 53 1698
26 54 1004
26 55 419
26 56 1650
26 57 956
26 58 371
26 59 1602
26 60 908
26 61 323
26 62 1554
26 63 956
26 64 371
26 65 1602
26 66 1004
26 67 419
26 68 1650
26 69 1052
26 70 467
26 71 1698
26 72 1100
26 73 515
26 74 1746
26 75 1148
26 76 563
26 77 1794
26 78 1196
26 79 611
26 80 1842
26 81 1244
26 82 659
26 83 1890
26 84 1292
26 85 707
26 86 1938
26 87 1460
27 0 2489
27 1 1555
27 2 2045
27 3 950
27 4 1825
27 5 980
27 6 1340
27 7 1539
27 8 1132
27 9 1411
27 10 1501
27 11 954
27 12 1371
27 13 1760
27 14 1071
27 15 1304
27 16 971
27 17 1666
27 18 1356
27 19 1198
27 20 917
27 21 2059
27 22 1055
27 23 1202
27 24 755
27 25 1098
27 26 1029
27 27 0
27 28 1992
27 29 1766
27 30 941
27 31 1842
27 32 1225
27 33 2369
27 34 1138
27 35 1437
27 36 2321
27 37 1090
27 38 1389
27 39 2273
27 40 1042
27 41 1341
27 42 2225
27 43 994
27 44 1293
27 45 2177
27 46 946
27 47 1245
27 48 2129
27 49 898
27 50 1197
27 51 2081
27 52 850
27 53 1149
27 54 2033
27 55 802
27 56 1101
27 57 1985
27 58 754
27 59 1053
27 60 1937
27 61 706
27 62 1005
27 63 1889
27 64 658
27 65 957
27 66 1841
27 67 610
27 68 909
27 69 1793
27 70 562
27 71 861
27 72 1745
27 73 514
27 74 813
27 75 1697
27 76 466
27 77 765
27 78 1745
27 79 514
27 80 813
27 81 1793
27 82 562
27 83 861
27 84 1841
27 85 610
27 86 909
27 87 2489
28 0 497
28 1 1847
28 2 413
28 3 2010
28 4 2273
28 5 1944
28 6 830
28 7 631
28 8 1230
28 9 1799
28 10 669
28 11 2014
28 12 2047
28 13 986
28 14 2547
28 15 1154
28 16 1199
28 17 504
28 18 1102
28 19 2324
28 20 1305
28 21 687
28 22 1635
28 23 968
28 24 1415
28 25 2424
28 26 1141
28 27 1992
28 28 0
28 29 404
28 30 2001
28 31 2160
28 32 2297
28 33 377
28 34 1430
28 35 2661
28 36 329
28 37 1382
28 38 2613
28 39 281
28 40 1334
28 41 2565
28 42 233
28 43 1286
28 44 2517
28 45 185
28 46 1238
28 47 2469
28 48 137
28 49 1190
28 50 2421
28 51 89
28 52 1142
28 53 2373
28 54 137
28 55 1190
28 56 2421
28 57 185
28 58 1238
28 59 2469
28 60 233
28 61 1286
28 62 2517
28 63 281
28 64 1334
28 65 2565
28 66 329
28 67 1382
28 68 2613
28 69 377
28 70 1430
28 71 2661
28 72 425
28 73 1478
28 74 2709
28 75 473
28 76 1526
28 77 2757
28 78 521
28 79 1574
28 80 2805
28 81 569
28 82 1622
28 83 2853
28 84 617
28 85 1670
28 86 2901
28 87 497
29 0 723
29 1 1813
29 2 639
29 3 1784
29 4 2239
29 5 1718
29 6 864
29 7 665
29 8 1264
29 9 1669
29 10 703
29 11 1788
29 12 1821
29 13 1212
29 14 2321
29 15 1380
29 16 1233
29 17 538
29 18 1328
29 19 2098
29 20 1175
29 21 913
29 22 1409
29 23 1002
29 24 1397
29 25 2198
29 26 1175
29 27 1766
29 28 404
29 29 0
29 30 1775
29 31 2126
29 32 2263
29 33 603
29 34 1396
29 35 2627
29 36 555
29 37 1348
29 38 2579
29 39 507
29 40 1300
29 41 2531
29 42 459
29 43 1252
29 44 2483
29 45 411
29 46 1204
29 47 2435
29 48 363
29 49 1156
29 50 2387
29 51 315
29 52 1108
29 53 2339
29 54 267
29 55 1060
29 56 2291
29 57 219
29 58 1012
29 59 2243
29 60 267
29 61 1060
29 62 2291
29 63 315
29 64 1108
29 65 2339
29 66 363
29 67 1156
29 68 2387
29 69 411
29 70 1204
29 71 2435
29 72 459
29 73 1252
29 74 2483
29 75 507
29 76 1300
29 77 2531
29 78 555
29 79 1348
29 80 2579
29 81 603
29 82 1396
29 83 2627
29 84 651
29 85 1444
29 86 2675
29 87 723
30 0 2498
30 1 1564
30 2 2054
30 3 863
30 4 1912
30 5 989
30 6 1349
30 7 1548
30 8 1045
30 9 1420
30 10 1510
30 11 13
30 12 1380
30 13 1769
30 14 546
30 15 1313
30 16 980
30 17 1675
30 18 1365
30 19 1285
30 20 926
30 21 2068
30 22 1064
30 23 1211
30 24 764
30 25 1185
30 26 1038
30 27 941
30 28 2001
30 29 1775
30 30 0
30 31 1877
30 32 1312
30 33 2378
30 34 1147
30 35 1524
30 36 2330
30 37 1099
30 38 1476
30 39 2282
30 40 1051
30 41 1428
30 42 2234
30 43 1003
30 44 1380
30 45 2186
30 46 955
30 47 1332
30 48 2138
30 49 907
30 50 1284
30 51 2090
30 52 859
30 53 1236
30 54 2042
30 55 811
30 56 1188
30 57 1994
30 58 763
30 59 1140
30 60 1946
30 61 715
30 62 1092
30 63 1898
30 64 667
30 65 1044
30 66 1850
30 67 619
30 68 996
30 69 1802
30 70 571
30 71 948
30 72 1754
30 73 523
30 74 900
30 75 1706
30 76 475
30 77 852
30 78 1658
30 79 427
30 80 804
30 81 1706
30 82 475
30 83 852
30 84 1754
30 85 523
30 86 900
30 87 2498
31 0 2177
31 1 1219
31 2 1925
31 3 1886
31 4 889
31 5 1794
31 6 2084
31 7 2379
31 8 2068
31 9 1363
31 10 2053
31 11 1890
31 12 1403
31 13 1448
31 14 1383
31 15 1184
31 16 1907
31 17 2122
31 18 1236
31 19 1030
31 20 1181
31 21 1747
31 22 1511
31 23 1754
31 24 1499
31 25 1026
31 26 1485
31 27 1842
31 28 2160
31 29 2126
31 30 1877
31 31 0
31 32 769
31 33 2057
31 34 826
31 35 501
31 36 2009
31 37 778
31 38 453
31 39 2057
31 40 826
31 41 501
31 42 2105
31 43 874
31 44 549
31 45 2153
31 46 922
31 47 597
31 48 2201
31 49 970
31 50 645
31 51 2249
31 52 1018
31 53 693
31 54 2297
31 55 1066
31 56 741
31 57 2345
31 58 1114
31 59 789
31 60 2393
31 61 1162
31 62 837
31 63 2441
31 64 1210
31 65 885
31 66 2489
31 67 1258
31 68 933
31 69 2537
31 70 1306
31 71 981
31 72 2585
31 73 1354
31 74 1029
31 75 2633
31 76 1402
31 77 1077
31 78 2681
31 79 1450
31 80 1125
31 81 2729
31 82 1498
31 83 1173
31 84 2777
31 85 1546
31 86 1221
31 87 2177
32 0 2794
32 1 794
32 2 2350
32 3 1399
32 4 752
32 5 1177
32 6 2221
32 7 2516
32 8 2205
32 9 746
32 10 2190
32 11 1299
32 12 786
32 13 2065
32 14 766
32 15 1609
32 16 2044
32 17 2259
32 18 1661
32 19 413
32 20 1240
32 21 2364
32 22 1102
32 23 1891
32 24 1636
32 25 409
32 26 1622
32 27 1225
32 28 2297
32 29 2263
32 30 1312
32 31 769
32 32 0
32 33 2674
32 34 1443
32 35 364
32 36 2626
32 37 1395
32 38 316
32 39 2578
32 40 1347
32 41 268
32 42 2530
32 43 1299
32 44 220
32 45 2482
32 46 1251
32 47 172
32 48 2434
32 49 1203
32 50 124
32 51 2386
32 52 1155
32 53 76
32 54 2434
32 55 1203
32 56 124
32 57 2482
32 58 1251
32 59 172
32 60 2530
32 61 1299
32 62 220
32 63 2578
32 64 1347
32 65 268
32 66 2626
32 67 1395
32 68 316
32 69 2674
32 70 1443
32 71 364
32 72 2722
32 73 1491
32 74 412
32 75 2770
32 76 1539
32 77 460
32 78 2818
32 79 1587
32 80 508
32 81 2866
32 82 1635
32 83 556
32 84 2914
32 85 1683
32 86 604
32 87 2794
33 0 120
33 1 2032
33 2 324
33 3 2387
33 4 2074
33 5 2321
33 6 1029
33 7 830
33 8 1429
33 9 2176
33 10 868
33 11 2391
33 12 2424
33 13 609
33 14 2924
33 15 1065
33 16 1398
33 17 703
33 18 1013
33 19 2701
33 20 1682
33 21 310
33 22 2012
33 23 1167
33 24 1614
33 25 2801
33 26 1340
33 27 2369
33 28 377
33 29 603
33 30 2378
33 31 2057
33 32 2674
33 33 0
33 34 1231
33 35 2462
33 36 48
33 37 1279
33 38 2510
33 39 96
33 40 1327
33 41 2558
33 42 144
33 43 1375
33 44 2606
33 45 192
33 46 1423
33 47 2654
33 48 240
33 49 1471
33 50 2702
33 51 288
33 52 1519
33 53 2750
33 54 336
33 55 1567
33 56 2798
33 57 384
33 58 1615
33 59 2846
33 60 432
33 61 1663
33 62 2894
33 63 480
33 64 1711
33 65 2942
33 66 528
33 67 1759
33 68 2990
33 69 576
33 70 1807
33 71 3038
33 72 624
33 73 1855
33 74 3086
33 75 672
33 76 1903
33 77 3134
33 78 720
33 79 1951
33 80 3182
33 81 768
33 82 1999
33 83 3230
33 84 816
33 85 2047
33 86 3278
33 87 120
34 0 1351
34 1 801
34 2 1195
34 3 1156
34 4 843
34 5 1090
34 6 1354
34 7 1649
34 8 1338
34 9 945
34 10 1323
34 11 1160
34 12 1193
34 13 622
34 14 1693
34 15 454
34 16 1177
34 17 1392
34 18 506
34 19 1470
34 20 451
34 21 921
34 22 781
34 23 1024
34 24 769
34 25 1570
34 26 755
34 27 1138
34 28 1430
34 29 1396
34 30 1147
34 31 826
34 32 1443
34 33 1231
34 34 0
34 35 1231
34 36 1279
34 37 48
34 38 1279
34 39 1327
34 40 96
34 41 1327
34 42 1375
34 43 144
34 44 1375
34 45 1423
34 46 192
34 47 1423
34 48 1471
34 49 240
34 50 1471
34 51 1519
34 52 288
34 53 1519
34 54 1567
34 55 336
34 56 1567
34 57 1615
34 58 384
34 59 1615
34 60 1663
34 61 432
34 62 1663
34 63 1711
34 64 480
34 65 1711
34 66 1759
34 67 528
34 68 1759
34 69 1807
34 70 576
34 71 1807
34 72 1855
34 73 624
34 74 1855
34 75 1903
34 76 672
34 77 1903
34 78 1951
34 79 720
34 80 1951
34 81 1999
34 82 768
34 83 1999
34 84 2047
34 85 816
34 86 2047
34 87 1351
35 0 2582
35 1 814
35 2 2426
35 3 1611
35 4 388
35 5 1389
35 6 2585
35 7 2880
35 8 2569
35 9 958
35 10 2554
35 11 1511
35 12 998
35 13 1853
35 14 978
35 15 1685
35 16 2408
35 17 2623
35 18 1737
35 19 625
35 20 1452
35 21 2152
35 22 1314
35 23 2255
35 24 2000
35 25 621
35 26 1986
35 27 1437
35 28 2661
35 29 2627
35 30 1524
35 31 501
35 32 364
35 33 2462
35 34 1231
35 35 0
35 36 2510
35 37 1279
35 38 48
35 39 2558
35 40 1327
35 41 96
35 42 2606
35 43 1375
35 44 144
35 45 2654
35 46 1423
35 47 192
35 48 2702
35 49 1471
35 50 240
35 51 2750
35 52 1519
35 53 288
35 54 2798
35 55 1567
35 56 336
35 57 2846
35 58 1615
35 59 384
35 60 2894
35 61 1663
35 62 432
35 63 2942
35 64 1711
35 65 480
35 66 2990
35 67 1759
35 68 528
35 69 3038
35 70 1807
35 71 576
35 72 3086
35 73 1855
35 74 624
35 75 3134
35 76 1903
35 77 672
35 78 3182
35 79 1951
35 80 720
35 81 3230
35 82 1999
35 83 768
35 84 3278
35 85 2047
35 86 816
35 87 2582
36 0 168
36 1 1984
36 2 276
36 3 2339
36 4 2122
36 5 2273
36 6 981
36 7 782
36 8 1381
36 9 2128
36 10 820
36 11 2343
36 12 2376
36 13 657
36 14 2876
36 15 1017
36 16 1350
36 17 655
36 18 965
36 19 2653
36 20 1634
36 21 358
36 22 1964
36 23 1119
36 24 1566
36 25 2753
36 26 1292
36 27 2321
36 28 329
36 29 555
36 30 2330
36 31 2009
36 32 2626
36 33 48
36 34 1279
36 35 2510
36 36 0
36 37 1231
36 38 2462
36 39 48
36 40 1279
36 41 2510
36 42 96
36 43 1327
36 44 2558
36 45 144
36 46 1375
36 47 2606
36 48 192
36 49 1423
36 50 2654
36 51 240
36 52 1471
36 53 2702
36 54 288
36 55 1519
36 56 2750
36 57 336
36 58 1567
36 59 2798
36 60 384
36 61 1615
36 62 2846
36 63 432
36 64 1663
36 65 2894
36 66 480
36 67 1711
36 68 2942
36 69 528
36 70 1759
36 71 2990
36 72 576
36 73 1807
36 74 3038
36 75 624
36 76 1855
36 77 3086
36 78 672
36 79 1903
36 80 3134
36 81 720
36 82 1951
36 83 3182
36 84 768
36 85 1999
36 86 3230
36 87 168
37 0 1399
37 1 753
37 2 1147
37 3 1108
37 4 891
37 5 1042
37 6 1306
37 7 1601
37 8 1290
37 9 897
37 10 1275
37 11 1112
37 12 1145
37 13 670
37 14 1645
37 15 406
37 16 1129
37 17 1344
37 18 458
37 19 1422
37 20 403
37 21 969
37 22 733
37 23 976
37 24 721
37 25 1522
37 26 707
37 27 1090
37 28 1382
37 29 1348
37 30 1099
37 31 778
37 32 1395
37 33 1279
37 34 48
37 35 1279
37 36 1231
37 37 0
37 38 1231
37 39 1279
37 40 48
37 41 1279
37 42 1327
37 43 96
37 44 1327
37 45 1375
37 46 144
37 47 1375
37 48 1423
37 49 192
37 50 1423
37 51 1471
37 52 240
37 53 1471
37 54 1519
37 55 288
37 56 1519
37 57 1567
37 58 336
37 59 1567
37 60 1615
37 61 384
37 62 1615
37 63 1663
37 64 432
37 65 1663
37 66 1711
37 67 480
37 68 1711
37 69 1759
37 70 528
37 71 1759
37 72 1807
37 73 576
37 74 1807
37 75 1855
37 76 624
37 77 1855
37 78 1903
37 79 672
37 80 1903
37 81 1951
37 82 720
37 83 1951
37 84 1999
37 85 768
37 86 1999
37 87 1399
38 0 2630
38 1 766
38 2 2378
38 3 1563
38 4 436
38 5 1341
38 6 2537
38 7 2832
38 8 2521
38 9 910
38 10 2506
38 11 1463
38 12 950
38 13 1901
38 14 930
38 15 1637
38 16 2360
38 17 2575
38 18 1689
38 19 577
38 20 1404
38 21 2200
38 22 1266
38 23 2207
38 24 1952
38 25 573
38 26 1938
38 27 1389
38 28 2613
38 29 2579
38 30 1476
38 31 453
38 32 316
38 33 2510
38 34 1279
38 35 48
38 36 2462
38 37 1231
38 38 0
38 39 2510
38 40 1279
38 41 48
38 42 2558
38 43 1327
38 44 96
38 45 2606
38 46 1375
38 47 144
38 48 2654
38 49 1423
38 50 192
38 51 2702
38 52 1471
38 53 240
38 54 2750
38 55 1519
38 56 288
38 57 2798
38 58 1567
38 59 336
38 60 2846
38 61 1615
38 62 384
38 63 2894
38 64 1663
38 65 432
38 66 2942
38 67 1711
38 68 480
38 69 2990
38 70 1759
38 71 528
38 72 3038
38 73 1807
38 74 576
38 75 3086
38 76 1855
38 77 624
38 78 3134
38 79 1903
38 80 672
38 81 3182
38 82 1951
38 83 720
38 84 3230
38 85 1999
38 86 768
38 87 2630
39 0 216
39 1 1936
39 2 228
39 3 2291
39 4 2170
39 5 2225
39 6 933
39 7 734
39 8 1333
39 9 2080
39 10 772
39 11 2295
39 12 2328
39 13 705
39 14 2828
39 15 969
39 16 1302
39 17 607
39 18 917
39 19 2605
39 20 1586
39 21 406
39 22 1916
39 23 1071
39 24 1518
39 25 2705
39 26 1244
39 27 2273
39 28 281
39 29 507
39 30 2282
39 31 2057
39 32 2578
39 33 96
39 34 1327
39 35 2558
39 36 48
39 37 1279
39 38 2510
39 39 0
39 40 1231
39 41 2462
39 42 48
39 43 1279
39 44 2510
39 45 96
39 46 1327
39 47 2558
39 48 144
39 49 1375
39 50 2606
39 51 192
39 52 1423
39 53 2654
39 54 240
39 55 1471
39 56 2702
39 57 288
39 58 1519
39 59 2750
39 60 336
39 61 1567
39 62 2798
39 63 384
39 64 1615
39 65 2846
39 66 432
39 67 1663
39 68 2894
39 69 480
39 70 1711
39 71 2942
39 72 528
39 73 1759
39 74 2990
39 75 576
39 76 1807
39 77 3038
39 78 624
39 79 1855
39 80 3086
39 81 672
39 82 1903
39 83 3134
39 84 720
39 85 1951
39 86 3182
39 87 216
40 0 1447
40 1 705
40 2 1099
40 3 1060
40 4 939
40 5 994
40 6 1258
40 7 1553
40 8 1242
40 9 849
40 10 1227
40 11 1064
40 12 1097
40 13 718
40 14 1597
40 15 358
40 16 1081
40 17 1296
40 18 410
40 19 1374
40 20 355
40 21 1017
40 22 685
40 23 928
40 24 673
40 25 1474
40 26 659
40 27 1042
40 28 1334
40 29 1300
40 30 1051
40 31 826
40 32 1347
40 33 1327
40 34 96
40 35 1327
40 36 1279
40 37 48
40 38 1279
40 39 1231
40 40 0
40 41 1231
40 42 1279
40 43 48
40 44 1279
40 45 1327
40 46 96
40 47 1327
40 48 1375
40 49 144
40 50 1375
40 51 1423
40 52 192
40 53 1423
40 54 1471
40 55 240
40 56 1471
40 57 1519
40 58 288
