//alpha
1
//NbLocations
61
//NbProducts
24
//NbPickers
2
//CapaPicker
4
//TimeToTravelOneDistanceUnit
3
//SetupTime
5400
//PickTime
300
//Products
//Idx Location Size
1 1 1
2 2 1
3 3 1
4 4 1
5 5 1
6 6 1
7 7 1
8 8 1
9 9 1
10 10 1
11 11 1
12 12 1
13 13 1
14 14 1
15 15 1
16 16 1
17 17 1
18 18 1
19 19 1
20 20 1
21 21 1
22 22 1
23 23 1
24 24 1
//Orders
//NbOrders
6
//Idx DueDate TardinessPenalty NbProdInOrder ProdIdx1 Qty1 ProdIdx2 Qty2 ...
1 36000 0 4 1 1 2 1 3 1 4 1
2 54000 0 4 5 1 6 1 7 1 8 1
3 54000 0 4 9 1 10 1 11 1 12 1
4 54000 0 4 13 1 14 1 15 1 16 1
5 72000 0 4 17 1 18 1 19 1 20 1
6 54000 0 4 21 1 22 1 23 1 24 1
//Graph (Products are vertices indexed from 1 to NbProducts)
//NbVerticesIntersections
36
//DepartingDepot
0
//ArrivalDepot
61
//Arcs
//Start End Distance
0 25 120
1 52 492
1 53 349
2 40 557
2 41 284
3 7 65
3 32 206
4 21 299
4 38 375
5 23 338
5 50 401
6 26 544
6 27 297
7 3 65
7 31 570
8 58 440
8 59 401
9 25 531
9 26 310
10 43 609
10 44 232
11 38 50
11 39 791
12 56 232
12 57 609
13 16 364
13 34 167
14 50 284
14 51 557
15 35 219
15 36 622
16 13 364
16 35 310
17 29 518
17 30 323
18 24 546
18 54 37
19 32 245
19 33 596
20 28 531
20 29 310
21 4 299
21 37 167
22 41 297
22 42 544
23 5 338
23 49 102
24 18 546
24 53 258
25 9 531
25 28 48
25 61 120
26 6 544
26 9 310
26 29 48
27 6 297
27 30 48
28 20 531
28 25 48
28 31 48
29 17 518
29 20 310
29 26 48
29 32 48
30 17 323
30 27 48
30 33 48
31 7 570
31 28 48
31 34 48
32 3 206
32 19 245
32 29 48
32 35 48
33 19 596
33 30 48
33 36 48
34 13 167
34 31 48
34 37 48
35 15 219
35 16 310
35 32 48
35 38 48
36 15 622
36 33 48
36 39 48
37 21 167
37 34 48
37 40 48
38 4 375
38 11 50
38 35 48
38 41 48
39 11 791
39 36 48
39 42 48
40 2 557
40 37 48
40 43 48
41 2 284
41 22 297
41 38 48
41 44 48
42 22 544
42 39 48
42 45 48
43 10 609
43 40 48
43 46 48
44 10 232
44 41 48
44 45 841
44 47 48
45 42 48
45 44 841
45 48 48
46 43 48
46 47 841
46 49 48
47 44 48
47 46 841
47 48 841
47 50 48
48 45 48
48 47 841
48 51 48
49 23 102
49 46 48
49 52 48
50 5 401
50 14 284
50 47 48
50 53 48
51 14 557
51 48 48
51 54 48
52 1 492
52 49 48
52 55 48
53 1 349
53 24 258
53 50 48
53 56 48
54 18 37
54 51 48
54 57 48
55 52 48
55 56 841
55 58 48
56 12 232
56 53 48
56 55 841
56 59 48
57 12 609
57 54 48
57 60 48
58 8 440
58 55 48
59 8 401
59 56 48
59 60 841
60 57 48
60 59 841
//LocStart LocEnd ShortestPath
0 0 0
0 1 1044
0 2 917
0 3 851
0 4 778
0 5 944
0 6 1505
0 7 786
0 8 1088
0 9 651
0 10 1017
0 11 1203
0 12 1673
0 13 431
0 14 1629
0 15 1324
0 16 795
0 17 1527
0 18 2197
0 19 1302
0 20 699
0 21 479
0 22 1498
0 23 606
0 24 1651
0 25 120
0 26 961
0 27 1802
0 28 168
0 29 1009
0 30 1850
0 31 216
0 32 1057
0 33 1898
0 34 264
0 35 1105
0 36 1946
0 37 312
0 38 1153
0 39 1994
0 40 360
0 41 1201
0 42 2042
0 43 408
0 44 1249
0 45 2090
0 46 456
0 47 1297
0 48 2138
0 49 504
0 50 1345
0 51 2186
0 52 552
0 53 1393
0 54 2234
0 55 600
0 56 1441
0 57 2282
0 58 648
0 59 1489
0 60 2330
0 61 0
1 0 1044
1 1 0
1 2 825
1 3 891
1 4 964
1 5 798
1 6 1325
1 7 956
1 8 846
1 9 1091
1 10 725
1 11 639
1 12 629
1 13 947
1 14 681
1 15 856
1 16 947
1 17 1251
1 18 1153
1 19 930
1 20 1043
1 21 899
1 22 838
1 23 642
1 24 607
1 25 924
1 26 781
1 27 1622
1 28 876
1 29 733
1 30 1574
1 31 828
1 32 685
1 33 1526
1 34 780
1 35 637
1 36 1478
1 37 732
1 38 589
1 39 1430
1 40 684
1 41 541
1 42 1382
1 43 636
1 44 493
1 45 1334
1 46 588
1 47 445
1 48 1286
1 49 540
1 50 397
1 51 1238
1 52 492
1 53 349
1 54 1190
1 55 540
1 56 397
1 57 1238
1 58 588
1 59 445
1 60 1286
1 61 1044
2 0 917
2 1 825
2 2 0
2 3 634
2 4 707
2 5 829
2 6 1068
2 7 699
2 8 973
2 9 834
2 10 564
2 11 382
2 12 756
2 13 820
2 14 712
2 15 599
2 16 690
2 17 994
2 18 1280
2 19 673
2 20 786
2 21 772
2 22 581
2 23 803
2 24 734
2 25 797
2 26 524
2 27 1365
2 28 749
2 29 476
2 30 1317
2 31 701
2 32 428
2 33 1269
2 34 653
2 35 380
2 36 1221
2 37 605
2 38 332
2 39 1173
2 40 557
2 41 284
2 42 1125
2 43 605
2 44 332
2 45 1173
2 46 653
2 47 380
2 48 1221
2 49 701
2 50 428
2 51 1269
2 52 749
2 53 476
2 54 1317
2 55 797
2 56 524
2 57 1365
2 58 845
2 59 572
2 60 1413
2 61 917
3 0 851
3 1 891
3 2 634
3 3 0
3 4 677
3 5 895
3 6 846
3 7 65
3 8 1039
3 9 612
3 10 630
3 11 352
3 12 822
3 13 850
3 14 778
3 15 473
3 16 564
3 17 772
3 18 1346
3 19 451
3 20 564
3 21 898
3 22 647
3 23 1025
3 24 800
3 25 731
3 26 302
3 27 1143
3 28 683
3 29 254
3 30 1095
3 31 635
3 32 206
3 33 1047
3 34 683
3 35 254
3 36 1095
3 37 731
3 38 302
3 39 1143
3 40 779
3 41 350
3 42 1191
3 43 827
3 44 398
3 45 1239
3 46 875
3 47 446
3 48 1287
3 49 923
3 50 494
3 51 1335
3 52 971
3 53 542
3 54 1383
3 55 1019
3 56 590
3 57 1431
3 58 1067
3 59 638
3 60 1479
3 61 851
4 0 778
4 1 964
4 2 707
4 3 677
4 4 0
4 5 968
4 6 1111
4 7 742
4 8 1112
4 9 877
4 10 703
4 11 425
4 12 895
4 13 681
4 14 851
4 15 642
4 16 733
4 17 1037
4 18 1419
4 19 716
4 20 829
4 21 299
4 22 720
4 23 760
4 24 873
4 25 658
4 26 567
4 27 1408
4 28 610
4 29 519
4 30 1360
4 31 562
4 32 471
4 33 1312
4 34 514
4 35 423
4 36 1264
4 37 466
4 38 375
4 39 1216
4 40 514
4 41 423
4 42 1264
4 43 562
4 44 471
4 45 1312
4 46 610
4 47 519
4 48 1360
4 49 658
4 50 567
4 51 1408
4 52 706
4 53 615
4 54 1456
4 55 754
4 56 663
4 57 1504
4 58 802
4 59 711
4 60 1552
4 61 778
5 0 944
5 1 798
5 2 829
5 3 895
5 4 968
5 5 0
5 6 1329
5 7 960
5 8 946
5 9 1095
5 10 729
5 11 643
5 12 729
5 13 847
5 14 685
5 15 860
5 16 951
5 17 1255
5 18 1253
5 19 934
5 20 1047
5 21 799
5 22 842
5 23 338
5 24 707
5 25 824
5 26 785
5 27 1626
5 28 776
5 29 737
5 30 1578
5 31 728
5 32 689
5 33 1530
5 34 680
5 35 641
5 36 1482
5 37 632
5 38 593
5 39 1434
5 40 584
5 41 545
5 42 1386
5 43 536
5 44 497
5 45 1338
5 46 488
5 47 449
5 48 1290
5 49 440
5 50 401
5 51 1242
5 52 488
5 53 449
5 54 1290
5 55 536
5 56 497
5 57 1338
5 58 584
5 59 545
5 60 1386
5 61 944
6 0 1505
6 1 1325
6 2 1068
6 3 846
6 4 1111
6 5 1329
6 6 0
6 7 911
6 8 1473
6 9 854
6 10 1064
6 11 786
6 12 1256
6 13 1362
6 14 1212
6 15 907
6 16 998
6 17 668
6 18 766
6 19 885
6 20 902
6 21 1410
6 22 1081
6 23 1667
6 24 1234
6 25 1385
6 26 544
6 27 297
6 28 1433
6 29 592
6 30 345
6 31 1481
6 32 640
6 33 393
6 34 1529
6 35 688
6 36 441
6 37 1577
6 38 736
6 39 489
6 40 1625
6 41 784
6 42 537
6 43 1673
6 44 832
6 45 585
6 46 1721
6 47 880
6 48 633
6 49 1769
6 50 928
6 51 681
6 52 1817
6 53 976
6 54 729
6 55 1865
6 56 1024
6 57 777
6 58 1913
6 59 1072
6 60 825
6 61 1505
7 0 786
7 1 956
7 2 699
7 3 65
7 4 742
7 5 960
7 6 911
7 7 0
7 8 1104
7 9 677
7 10 695
7 11 417
7 12 887
7 13 785
7 14 843
7 15 538
7 16 629
7 17 837
7 18 1411
7 19 516
7 20 629
7 21 833
7 22 712
7 23 960
7 24 865
7 25 666
7 26 367
7 27 1208
7 28 618
7 29 319
7 30 1160
7 31 570
7 32 271
7 33 1112
7 34 618
7 35 319
7 36 1160
7 37 666
7 38 367
7 39 1208
7 40 714
7 41 415
7 42 1256
7 43 762
7 44 463
7 45 1304
7 46 810
7 47 511
7 48 1352
7 49 858
7 50 559
7 51 1400
7 52 906
7 53 607
7 54 1448
7 55 954
7 56 655
7 57 1496
7 58 1002
7 59 703
7 60 1544
7 61 786
8 0 1088
8 1 846
8 2 973
8 3 1039
8 4 1112
8 5 946
8 6 1473
8 7 1104
8 8 0
8 9 1239
8 10 873
8 11 787
8 12 681
8 13 991
8 14 829
8 15 1004
8 16 1095
8 17 1399
8 18 1301
8 19 1078
8 20 1191
8 21 943
8 22 986
8 23 686
8 24 755
8 25 968
8 26 929
8 27 1770
8 28 920
8 29 881
8 30 1722
8 31 872
8 32 833
8 33 1674
8 34 824
8 35 785
8 36 1626
8 37 776
8 38 737
8 39 1578
8 40 728
8 41 689
8 42 1530
8 43 680
8 44 641
8 45 1482
8 46 632
8 47 593
8 48 1434
8 49 584
8 50 545
8 51 1386
8 52 536
8 53 497
8 54 1338
8 55 488
8 56 449
8 57 1290
8 58 440
8 59 401
8 60 1242
8 61 1088
9 0 651
9 1 1091
9 2 834
9 3 612
9 4 877
9 5 1095
9 6 854
9 7 677
9 8 1239
9 9 0
9 10 830
9 11 552
9 12 1022
9 13 842
9 14 978
9 15 673
9 16 764
9 17 876
9 18 1546
9 19 651
9 20 668
9 21 890
9 22 847
9 23 1017
9 24 1000
9 25 531
9 26 310
9 27 1151
9 28 579
9 29 358
9 30 1199
9 31 627
9 32 406
9 33 1247
9 34 675
9 35 454
9 36 1295
9 37 723
9 38 502
9 39 1343
9 40 771
9 41 550
9 42 1391
9 43 819
9 44 598
9 45 1439
9 46 867
9 47 646
9 48 1487
9 49 915
9 50 694
9 51 1535
9 52 963
9 53 742
9 54 1583
9 55 1011
9 56 790
9 57 1631
9 58 1059
9 59 838
9 60 1679
9 61 651
10 0 1017
10 1 725
10 2 564
10 3 630
10 4 703
10 5 729
10 6 1064
10 7 695
10 8 873
10 9 830
10 10 0
10 11 378
10 12 656
10 13 920
10 14 612
10 15 595
10 16 686
10 17 990
10 18 1180
10 19 669
10 20 782
10 21 872
10 22 577
10 23 807
10 24 634
10 25 897
10 26 520
10 27 1361
10 28 849
10 29 472
10 30 1313
10 31 801
10 32 424
10 33 1265
10 34 753
10 35 376
10 36 1217
10 37 705
10 38 328
10 39 1169
10 40 657
10 41 280
10 42 1121
10 43 609
10 44 232
10 45 1073
10 46 657
10 47 280
10 48 1121
10 49 705
10 50 328
10 51 1169
10 52 753
10 53 376
10 54 1217
10 55 801
10 56 424
10 57 1265
10 58 849
10 59 472
10 60 1313
10 61 1017
11 0 1203
11 1 639
11 2 382
11 3 352
11 4 425
11 5 643
11 6 786
11 7 417
11 8 787
11 9 552
11 10 378
11 11 0
11 12 570
11 13 772
11 14 526
11 15 317
11 16 408
11 17 712
11 18 1068
11 19 391
11 20 504
11 21 724
11 22 395
11 23 981
11 24 548
11 25 1083
11 26 242
11 27 983
11 28 1035
11 29 194
11 30 935
11 31 987
11 32 146
11 33 887
11 34 939
11 35 98
11 36 839
11 37 891
11 38 50
11 39 791
11 40 939
11 41 98
11 42 839
11 43 987
11 44 146
11 45 887
11 46 1035
11 47 194
11 48 935
11 49 1083
11 50 242
11 51 983
11 52 1131
11 53 290
11 54 1031
11 55 1179
11 56 338
11 57 1079
11 58 1227
11 59 386
11 60 1127
11 61 1203
12 0 1673
12 1 629
12 2 756
12 3 822
12 4 895
12 5 729
12 6 1256
12 7 887
12 8 681
12 9 1022
12 10 656
12 11 570
12 12 0
12 13 1242
12 14 612
12 15 787
12 16 878
12 17 1182
12 18 694
12 19 861
12 20 974
12 21 1194
12 22 769
12 23 1067
12 24 538
12 25 1553
12 26 712
12 27 1089
12 28 1505
12 29 664
12 30 1041
12 31 1457
12 32 616
12 33 993
12 34 1409
12 35 568
12 36 945
12 37 1361
12 38 520
12 39 897
12 40 1313
12 41 472
12 42 849
12 43 1265
12 44 424
12 45 801
12 46 1217
12 47 376
12 48 753
12 49 1169
12 50 328
12 51 705
12 52 1121
12 53 280
12 54 657
12 55 1073
12 56 232
12 57 609
12 58 1121
12 59 280
12 60 657
12 61 1673
13 0 431
13 1 947
13 2 820
13 3 850
13 4 681
13 5 847
13 6 1362
13 7 785
13 8 991
13 9 842
13 10 920
13 11 772
13 12 1242
13 13 0
13 14 1198
13 15 893
13 16 364
13 17 1288
13 18 1766
13 19 967
13 20 794
13 21 382
13 22 1067
13 23 509
13 24 1220
13 25 311
13 26 818
13 27 1659
13 28 263
13 29 770
13 30 1611
13 31 215
13 32 722
13 33 1563
13 34 167
13 35 674
13 36 1515
13 37 215
13 38 722
13 39 1563
13 40 263
13 41 770
13 42 1611
13 43 311
13 44 818
13 45 1659
13 46 359
13 47 866
13 48 1707
13 49 407
13 50 914
13 51 1755
13 52 455
13 53 962
13 54 1803
13 55 503
13 56 1010
13 57 1851
13 58 551
13 59 1058
13 60 1899
13 61 431
14 0 1629
14 1 681
14 2 712
14 3 778
14 4 851
14 5 685
14 6 1212
14 7 843
14 8 829
14 9 978
14 10 612
14 11 526
14 12 612
14 13 1198
14 14 0
14 15 743
14 16 834
14 17 1138
14 18 642
14 19 817
14 20 930
14 21 1150
14 22 725
14 23 1023
14 24 590
14 25 1509
14 26 668
14 27 941
14 28 1461
14 29 620
14 30 893
14 31 1413
14 32 572
14 33 845
14 34 1365
14 35 524
14 36 797
14 37 1317
14 38 476
14 39 749
14 40 1269
14 41 428
14 42 701
14 43 1221
14 44 380
14 45 653
14 46 1173
14 47 332
14 48 605
14 49 1125
14 50 284
14 51 557
14 52 1173
14 53 332
14 54 605
14 55 1221
14 56 380
14 57 653
14 58 1269
14 59 428
14 60 701
14 61 1629
15 0 1324
15 1 856
15 2 599
15 3 473
15 4 642
15 5 860
15 6 907
15 7 538
15 8 1004
15 9 673
15 10 595
15 11 317
15 12 787
15 13 893
15 14 743
15 15 0
15 16 529
15 17 833
15 18 947
15 19 512
15 20 625
15 21 941
15 22 612
15 23 1198
15 24 765
15 25 1204
15 26 363
15 27 766
15 28 1156
15 29 315
15 30 718
15 31 1108
15 32 267
15 33 670
15 34 1060
15 35 219
15 36 622
15 37 1108
15 38 267
15 39 670
15 40 1156
15 41 315
15 42 718
15 43 1204
15 44 363
15 45 766
15 46 1252
15 47 411
15 48 814
15 49 1300
15 50 459
15 51 862
15 52 1348
15 53 507
15 54 910
15 55 1396
15 56 555
15 57 958
15 58 1444
15 59 603
15 60 1006
15 61 1324
16 0 795
16 1 947
16 2 690
16 3 564
16 4 733
16 5 951
16 6 998
16 7 629
16 8 1095
16 9 764
16 10 686
16 11 408
16 12 878
16 13 364
16 14 834
16 15 529
16 16 0
16 17 924
16 18 1402
16 19 603
16 20 716
16 21 746
16 22 703
16 23 873
16 24 856
16 25 675
16 26 454
16 27 1295
16 28 627
16 29 406
16 30 1247
16 31 579
16 32 358
16 33 1199
16 34 531
16 35 310
16 36 1151
16 37 579
16 38 358
16 39 1199
16 40 627
16 41 406
16 42 1247
16 43 675
16 44 454
16 45 1295
16 46 723
16 47 502
16 48 1343
16 49 771
16 50 550
16 51 1391
16 52 819
16 53 598
16 54 1439
16 55 867
16 56 646
16 57 1487
16 58 915
16 59 694
16 60 1535
16 61 795
17 0 1527
17 1 1251
17 2 994
17 3 772
17 4 1037
17 5 1255
17 6 668
17 7 837
17 8 1399
17 9 876
17 10 990
17 11 712
17 12 1182
17 13 1288
17 14 1138
17 15 833
17 16 924
17 17 0
17 18 744
17 19 811
17 20 828
17 21 1336
17 22 1007
17 23 1593
17 24 1160
17 25 1407
17 26 566
17 27 371
17 28 1359
17 29 518
17 30 323
17 31 1407
17 32 566
17 33 371
17 34 1455
17 35 614
17 36 419
17 37 1503
17 38 662
17 39 467
17 40 1551
17 41 710
17 42 515
17 43 1599
17 44 758
17 45 563
17 46 1647
17 47 806
17 48 611
17 49 1695
17 50 854
17 51 659
17 52 1743
17 53 902
17 54 707
17 55 1791
17 56 950
17 57 755
17 58 1839
17 59 998
17 60 803
17 61 1527
18 0 2197
18 1 1153
18 2 1280
18 3 1346
18 4 1419
18 5 1253
18 6 766
18 7 1411
18 8 1301
18 9 1546
18 10 1180
18 11 1068
18 12 694
18 13 1766
18 14 642
18 15 947
18 16 1402
18 17 744
18 18 0
18 19 969
18 20 1498
18 21 1718
18 22 773
18 23 1591
18 24 546
18 25 2077
18 26 1236
18 27 469
18 28 2029
18 29 1188
18 30 421
18 31 1981
18 32 1140
18 33 373
18 34 1933
18 35 1092
18 36 325
18 37 1885
18 38 1044
18 39 277
18 40 1837
18 41 996
18 42 229
18 43 1789
18 44 948
18 45 181
18 46 1741
18 47 900
18 48 133
18 49 1693
18 50 852
18 51 85
18 52 1645
18 53 804
18 54 37
18 55 1693
18 56 852
18 57 85
18 58 1741
18 59 900
18 60 133
18 61 2197
19 0 1302
19 1 930
19 2 673
19 3 451
19 4 716
19 5 934
19 6 885
19 7 516
19 8 1078
19 9 651
19 10 669
19 11 391
19 12 861
19 13 967
19 14 817
19 15 512
19 16 603
19 17 811
19 18 969
19 19 0
19 20 603
19 21 1015
19 22 686
19 23 1272
19 24 839
19 25 1182
19 26 341
19 27 692
19 28 1134
19 29 293
19 30 644
19 31 1086
19 32 245
19 33 596
19 34 1134
19 35 293
19 36 644
19 37 1182
19 38 341
19 39 692
19 40 1230
19 41 389
19 42 740
19 43 1278
19 44 437
19 45 788
19 46 1326
19 47 485
19 48 836
19 49 1374
19 50 533
19 51 884
19 52 1422
19 53 581
19 54 932
19 55 1470
19 56 629
19 57 980
19 58 1518
19 59 677
19 60 1028
19 61 1302
20 0 699
20 1 1043
20 2 786
20 3 564
20 4 829
20 5 1047
20 6 902
20 7 629
20 8 1191
20 9 668
20 10 782
20 11 504
20 12 974
20 13 794
20 14 930
20 15 625
20 16 716
20 17 828
20 18 1498
20 19 603
20 20 0
20 21 842
20 22 799
20 23 969
20 24 952
20 25 579
20 26 358
20 27 1199
20 28 531
20 29 310
20 30 1151
20 31 579
20 32 358
20 33 1199
20 34 627
20 35 406
20 36 1247
20 37 675
20 38 454
20 39 1295
20 40 723
20 41 502
20 42 1343
20 43 771
20 44 550
20 45 1391
20 46 819
20 47 598
20 48 1439
20 49 867
20 50 646
20 51 1487
20 52 915
20 53 694
20 54 1535
20 55 963
20 56 742
20 57 1583
20 58 1011
20 59 790
20 60 1631
20 61 699
21 0 479
21 1 899
21 2 772
21 3 898
21 4 299
21 5 799
21 6 1410
21 7 833
21 8 943
21 9 890
21 10 872
21 11 724
21 12 1194
21 13 382
21 14 1150
21 15 941
21 16 746
21 17 1336
21 18 1718
21 19 1015
21 20 842
21 21 0
21 22 1019
21 23 461
21 24 1172
21 25 359
21 26 866
21 27 1707
21 28 311
21 29 818
21 30 1659
21 31 263
21 32 770
21 33 1611
21 34 215
21 35 722
21 36 1563
21 37 167
21 38 674
21 39 1515
21 40 215
21 41 722
21 42 1563
21 43 263
21 44 770
21 45 1611
21 46 311
21 47 818
21 48 1659
21 49 359
21 50 866
21 51 1707
21 52 407
21 53 914
21 54 1755
21 55 455
21 56 962
21 57 1803
21 58 503
21 59 1010
21 60 1851
21 61 479
22 0 1498
22 1 838
22 2 581
22 3 647
22 4 720
22 5 842
22 6 1081
22 7 712
22 8 986
22 9 847
22 10 577
22 11 395
22 12 769
22 13 1067
22 14 725
22 15 612
22 16 703
22 17 1007
22 18 773
22 19 686
22 20 799
22 21 1019
22 22 0
22 23 1180
22 24 747
22 25 1378
22 26 537
22 27 784
22 28 1330
22 29 489
22 30 736
22 31 1282
22 32 441
22 33 688
22 34 1234
22 35 393
22 36 640
22 37 1186
22 38 345
22 39 592
22 40 1138
22 41 297
22 42 544
22 43 1186
22 44 345
22 45 592
22 46 1234
22 47 393
22 48 640
22 49 1282
22 50 441
22 51 688
22 52 1330
22 53 489
22 54 736
22 55 1378
22 56 537
22 57 784
22 58 1426
22 59 585
22 60 832
22 61 1498
23 0 606
23 1 642
23 2 803
23 3 1025
23 4 760
23 5 338
23 6 1667
23 7 960
23 8 686
23 9 1017
23 10 807
23 11 981
23 12 1067
23 13 509
23 14 1023
23 15 1198
23 16 873
23 17 1593
23 18 1591
23 19 1272
23 20 969
23 21 461
23 22 1180
23 23 0
23 24 1045
23 25 486
23 26 1123
23 27 1964
23 28 438
23 29 1075
23 30 1916
23 31 390
23 32 1027
23 33 1868
23 34 342
23 35 979
23 36 1820
23 37 294
23 38 931
23 39 1772
23 40 246
23 41 883
23 42 1724
23 43 198
23 44 835
23 45 1676
23 46 150
23 47 787
23 48 1628
23 49 102
23 50 739
23 51 1580
23 52 150
23 53 787
23 54 1628
23 55 198
23 56 835
23 57 1676
23 58 246
23 59 883
23 60 1724
23 61 606
24 0 1651
24 1 607
24 2 734
24 3 800
24 4 873
24 5 707
24 6 1234
24 7 865
24 8 755
24 9 1000
24 10 634
24 11 548
24 12 538
24 13 1220
24 14 590
24 15 765
24 16 856
24 17 1160
24 18 546
24 19 839
24 20 952
24 21 1172
24 22 747
24 23 1045
24 24 0
24 25 1531
24 26 690
24 27 1015
24 28 1483
24 29 642
24 30 967
24 31 1435
24 32 594
24 33 919
24 34 1387
24 35 546
24 36 871
24 37 1339
24 38 498
24 39 823
24 40 1291
24 41 450
24 42 775
24 43 1243
24 44 402
24 45 727
24 46 1195
24 47 354
24 48 679
24 49 1147
24 50 306
24 51 631
24 52 1099
24 53 258
24 54 583
24 55 1147
24 56 306
24 57 631
24 58 1195
24 59 354
24 60 679
24 61 1651
25 0 120
25 1 924
25 2 797
25 3 731
25 4 658
25 5 824
25 6 1385
25 7 666
25 8 968
25 9 531
25 10 897
25 11 1083
25 12 1553
25 13 311
25 14 1509
25 15 1204
25 16 675
25 17 1407
25 18 2077
25 19 1182
25 20 579
25 21 359
25 22 1378
25 23 486
25 24 1531
25 25 0
25 26 841
25 27 1682
25 28 48
25 29 889
25 30 1730
25 31 96
25 32 937
25 33 1778
25 34 144
25 35 985
25 36 1826
25 37 192
25 38 1033
25 39 1874
25 40 240
25 41 1081
25 42 1922
25 43 288
25 44 1129
25 45 1970
25 46 336
25 47 1177
25 48 2018
25 49 384
25 50 1225
25 51 2066
25 52 432
25 53 1273
25 54 2114
25 55 480
25 56 1321
25 57 2162
25 58 528
25 59 1369
25 60 2210
25 61 120
26 0 961
26 1 781
26 2 524
26 3 302
26 4 567
26 5 785
26 6 544
26 7 367
26 8 929
26 9 310
26 10 520
26 11 242
26 12 712
26 13 818
26 14 668
26 15 363
26 16 454
26 17 566
26 18 1236
26 19 341
26 20 358
26 21 866
26 22 537
26 23 1123
26 24 690
26 25 841
26 26 0
26 27 841
26 28 889
26 29 48
26 30 889
26 31 937
26 32 96
26 33 937
26 34 985
26 35 144
26 36 985
26 37 1033
26 38 192
26 39 1033
26 40 1081
26 41 240
26 42 1081
26 43 1129
26 44 288
26 45 1129
26 46 1177
26 47 336
26 48 1177
26 49 1225
26 50 384
26 51 1225
26 52 1273
26 53 432
26 54 1273
26 55 1321
26 56 480
26 57 1321
26 58 1369
26 59 528
26 60 1369
26 61 961
27 0 1802
27 1 1622
27 2 1365
27 3 1143
27 4 1408
27 5 1626
27 6 297
27 7 1208
27 8 1770
27 9 1151
27 10 1361
27 11 983
27 12 1089
27 13 1659
27 14 941
27 15 766
27 16 1295
27 17 371
27 18 469
27 19 692
27 20 1199
27 21 1707
27 22 784
27 23 1964
27 24 1015
27 25 1682
27 26 841
27 27 0
27 28 1730
27 29 889
27 30 48
27 31 1778
27 32 937
27 33 96
27 34 1826
27 35 985
27 36 144
27 37 1874
27 38 1033
27 39 192
27 40 1922
27 41 1081
27 42 240
27 43 1970
27 44 1129
27 45 288
27 46 2018
27 47 1177
27 48 336
27 49 2066
27 50 1225
27 51 384
27 52 2114
27 53 1273
27 54 432
27 55 2162
27 56 1321
27 57 480
27 58 2210
27 59 1369
27 60 528
27 61 1802
28 0 168
28 1 876
28 2 749
28 3 683
28 4 610
28 5 776
28 6 1433
28 7 618
28 8 920
28 9 579
28 10 849
28 11 1035
28 12 1505
28 13 263
28 14 1461
28 15 1156
28 16 627
28 17 1359
28 18 2029
28 19 1134
28 20 531
28 21 311
28 22 1330
28 23 438
28 24 1483
28 25 48
28 26 889
28 27 1730
28 28 0
28 29 841
28 30 1682
28 31 48
28 32 889
28 33 1730
28 34 96
28 35 937
28 36 1778
28 37 144
28 38 985
28 39 1826
28 40 192
28 41 1033
28 42 1874
28 43 240
28 44 1081
28 45 1922
28 46 288
28 47 1129
28 48 1970
28 49 336
28 50 1177
28 51 2018
28 52 384
28 53 1225
28 54 2066
28 55 432
28 56 1273
28 57 2114
28 58 480
28 59 1321
28 60 2162
28 61 168
29 0 1009
29 1 733
29 2 476
29 3 254
29 4 519
29 5 737
29 6 592
29 7 319
29 8 881
29 9 358
29 10 472
29 11 194
29 12 664
29 13 770
29 14 620
29 15 315
29 16 406
29 17 518
29 18 1188
29 19 293
29 20 310
29 21 818
29 22 489
29 23 1075
29 24 642
29 25 889
29 26 48
29 27 889
29 28 841
29 29 0
29 30 841
29 31 889
29 32 48
29 33 889
29 34 937
29 35 96
29 36 937
29 37 985
29 38 144
29 39 985
29 40 1033
29 41 192
29 42 1033
29 43 1081
29 44 240
29 45 1081
29 46 1129
29 47 288
29 48 1129
29 49 1177
29 50 336
29 51 1177
29 52 1225
29 53 384
29 54 1225
29 55 1273
29 56 432
29 57 1273
29 58 1321
29 59 480
29 60 1321
29 61 1009
30 0 1850
30 1 1574
30 2 1317
30 3 1095
30 4 1360
30 5 1578
30 6 345
30 7 1160
30 8 1722
30 9 1199
30 10 1313
30 11 935
30 12 1041
30 13 1611
30 14 893
30 15 718
30 16 1247
30 17 323
30 18 421
30 19 644
30 20 1151
30 21 1659
30 22 736
30 23 1916
30 24 967
30 25 1730
30 26 889
30 27 48
30 28 1682
30 29 841
30 30 0
30 31 1730
30 32 889
30 33 48
30 34 1778
30 35 937
30 36 96
30 37 1826
30 38 985
30 39 144
30 40 1874
30 41 1033
30 42 192
30 43 1922
30 44 1081
30 45 240
30 46 1970
30 47 1129
30 48 288
30 49 2018
30 50 1177
30 51 336
30 52 2066
30 53 1225
30 54 384
30 55 2114
30 56 1273
30 57 432
30 58 2162
30 59 1321
30 60 480
30 61 1850
31 0 216
31 1 828
31 2 701
31 3 635
31 4 562
31 5 728
31 6 1481
31 7 570
31 8 872
31 9 627
31 10 801
31 11 987
31 12 1457
31 13 215
31 14 1413
31 15 1108
31 16 579
31 17 1407
31 18 1981
31 19 1086
31 20 579
31 21 263
31 22 1282
31 23 390
31 24 1435
31 25 96
31 26 937
31 27 1778
31 28 48
31 29 889
31 30 1730
31 31 0
31 32 841
31 33 1682
31 34 48
31 35 889
31 36 1730
31 37 96
31 38 937
31 39 1778
31 40 144
31 41 985
31 42 1826
31 43 192
31 44 1033
31 45 1874
31 46 240
31 47 1081
31 48 1922
31 49 288
31 50 1129
31 51 1970
31 52 336
31 53 1177
31 54 2018
31 55 384
31 56 1225
31 57 2066
31 58 432
31 59 1273
31 60 2114
31 61 216
32 0 1057
32 1 685
32 2 428
32 3 206
32 4 471
32 5 689
32 6 640
32 7 271
32 8 833
32 9 406
32 10 424
32 11 146
32 12 616
32 13 722
32 14 572
32 15 267
32 16 358
32 17 566
32 18 1140
32 19 245
32 20 358
32 21 770
32 22 441
32 23 1027
32 24 594
32 25 937
32 26 96
32 27 937
32 28 889
32 29 48
32 30 889
32 31 841
32 32 0
32 33 841
32 34 889
32 35 48
32 36 889
32 37 937
32 38 96
32 39 937
32 40 985
32 41 144
32 42 985
32 43 1033
32 44 192
32 45 1033
32 46 1081
32 47 240
32 48 1081
32 49 1129
32 50 288
32 51 1129
32 52 1177
32 53 336
32 54 1177
32 55 1225
32 56 384
32 57 1225
32 58 1273
32 59 432
32 60 1273
32 61 1057
33 0 1898
33 1 1526
33 2 1269
33 3 1047
33 4 1312
33 5 1530
33 6 393
33 7 1112
33 8 1674
33 9 1247
33 10 1265
33 11 887
33 12 993
33 13 1563
33 14 845
33 15 670
33 16 1199
33 17 371
33 18 373
33 19 596
33 20 1199
33 21 1611
33 22 688
33 23 1868
33 24 919
33 25 1778
33 26 937
33 27 96
33 28 1730
33 29 889
33 30 48
33 31 1682
33 32 841
33 33 0
33 34 1730
33 35 889
33 36 48
33 37 1778
33 38 937
33 39 96
33 40 1826
33 41 985
33 42 144
33 43 1874
33 44 1033
33 45 192
33 46 1922
33 47 1081
33 48 240
33 49 1970
33 50 1129
33 51 288
33 52 2018
33 53 1177
33 54 336
33 55 2066
33 56 1225
33 57 384
33 58 2114
33 59 1273
33 60 432
33 61 1898
34 0 264
34 1 780
34 2 653
34 3 683
34 4 514
34 5 680
34 6 1529
34 7 618
34 8 824
34 9 675
34 10 753
34 11 939
34 12 1409
34 13 167
34 14 1365
34 15 1060
34 16 531
34 17 1455
34 18 1933
34 19 1134
34 20 627
34 21 215
34 22 1234
34 23 342
34 24 1387
34 25 144
34 26 985
34 27 1826
34 28 96
34 29 937
34 30 1778
34 31 48
34 32 889
34 33 1730
34 34 0
34 35 841
34 36 1682
34 37 48
34 38 889
34 39 1730
34 40 96
34 41 937
34 42 1778
34 43 144
34 44 985
34 45 1826
34 46 192
34 47 1033
34 48 1874
34 49 240
34 50 1081
34 51 1922
34 52 288
34 53 1129
34 54 1970
34 55 336
34 56 1177
34 57 2018
34 58 384
34 59 1225
34 60 2066
34 61 264
35 0 1105
35 1 637
35 2 380
35 3 254
35 4 423
35 5 641
35 6 688
35 7 319
35 8 785
35 9 454
35 10 376
35 11 98
35 12 568
35 13 674
35 14 524
35 15 219
35 16 310
35 17 614
35 18 1092
35 19 293
35 20 406
35 21 722
35 22 393
35 23 979
35 24 546
35 25 985
35 26 144
35 27 985
35 28 937
35 29 96
35 30 937
35 31 889
35 32 48
35 33 889
35 34 841
35 35 0
35 36 841
35 37 889
35 38 48
35 39 889
35 40 937
35 41 96
35 42 937
35 43 985
35 44 144
35 45 985
35 46 1033
35 47 192
35 48 1033
35 49 1081
35 50 240
35 51 1081
35 52 1129
35 53 288
35 54 1129
35 55 1177
35 56 336
35 57 1177
35 58 1225
35 59 384
35 60 1225
35 61 1105
36 0 1946
36 1 1478
36 2 1221
36 3 1095
36 4 1264
36 5 1482
36 6 441
36 7 1160
36 8 1626
36 9 1295
36 10 1217
36 11 839
36 12 945
36 13 1515
36 14 797
36 15 622
36 16 1151
36 17 419
36 18 325
36 19 644
36 20 1247
36 21 1563
36 22 640
36 23 1820
36 24 871
36 25 1826
36 26 985
36 27 144
36 28 1778
36 29 937
36 30 96
36 31 1730
36 32 889
36 33 48
36 34 1682
36 35 841
36 36 0
36 37 1730
36 38 889
36 39 48
36 40 1778
36 41 937
36 42 96
36 43 1826
36 44 985
36 45 144
36 46 1874
36 47 1033
36 48 192
36 49 1922
36 50 1081
36 51 240
36 52 1970
36 53 1129
36 54 288
36 55 2018
36 56 1177
36 57 336
36 58 2066
36 59 1225
36 60 384
36 61 1946
37 0 312
37 1 732
37 2 605
37 3 731
37 4 466
37 5 632
37 6 1577
37 7 666
37 8 776
37 9 723
37 10 705
37 11 891
37 12 1361
37 13 215
37 14 1317
37 15 1108
37 16 579
37 17 1503
37 18 1885
37 19 1182
37 20 675
37 21 167
37 22 1186
37 23 294
37 24 1339
37 25 192
37 26 1033
37 27 1874
37 28 144
37 29 985
37 30 1826
37 31 96
37 32 937
37 33 1778
37 34 48
37 35 889
37 36 1730
37 37 0
37 38 841
37 39 1682
37 40 48
37 41 889
37 42 1730
37 43 96
37 44 937
37 45 1778
37 46 144
37 47 985
37 48 1826
37 49 192
37 50 1033
37 51 1874
37 52 240
37 53 1081
37 54 1922
37 55 288
37 56 1129
37 57 1970
37 58 336
37 59 1177
37 60 2018
37 61 312
38 0 1153
38 1 589
38 2 332
38 3 302
38 4 375
38 5 593
38 6 736
38 7 367
38 8 737
38 9 502
38 10 328
38 11 50
38 12 520
38 13 722
38 14 476
38 15 267
38 16 358
38 17 662
38 18 1044
38 19 341
38 20 454
38 21 674
38 22 345
38 23 931
38 24 498
38 25 1033
38 26 192
38 27 1033
38 28 985
38 29 144
38 30 985
38 31 937
38 32 96
38 33 937
38 34 889
38 35 48
38 36 889
38 37 841
38 38 0
38 39 841
38 40 889
38 41 48
38 42 889
38 43 937
38 44 96
38 45 937
38 46 985
38 47 144
38 48 985
38 49 1033
38 50 192
38 51 1033
38 52 1081
38 53 240
38 54 1081
38 55 1129
38 56 288
38 57 1129
38 58 1177
38 59 336
38 60 1177
38 61 1153
39 0 1994
39 1 1430
39 2 1173
39 3 1143
39 4 1216
39 5 1434
39 6 489
39 7 1208
39 8 1578
39 9 1343
39 10 1169
39 11 791
39 12 897
39 13 1563
39 14 749
39 15 670
39 16 1199
39 17 467
39 18 277
39 19 692
39 20 1295
39 21 1515
39 22 592
39 23 1772
39 24 823
39 25 1874
39 26 1033
39 27 192
39 28 1826
39 29 985
39 30 144
39 31 1778
39 32 937
39 33 96
39 34 1730
39 35 889
39 36 48
39 37 1682
39 38 841
39 39 0
39 40 1730
39 41 889
39 42 48
39 43 1778
39 44 937
39 45 96
39 46 1826
39 47 985
39 48 144
39 49 1874
39 50 1033
39 51 192
39 52 1922
39 53 1081
39 54 240
39 55 1970
39 56 1129
39 57 288
39 58 2018
39 59 1177
39 60 336
39 61 1994
40 0 360
40 1 684
40 2 557
40 3 779
40 4 514
40 5 584
40 6 1625
40 7 714
40 8 728
40 9 771
40 10 657
40 11 939
40 12 1313
40 13 263
40 14 1269
40 15 1156
40 16 627
40 17 1551
40 18 1837
40 19 1230
40 20 723
40 21 215
40 22 1138
40 23 246
40 24 1291
40 25 240
40 26 1081
40 27 1922
40 28 192
40 29 1033
40 30 1874
40 31 144
40 32 985
40 33 1826
40 34 96
40 35 937
40 36 1778
40 37 48
40 38 889
40 39 1730
40 40 0
40 41 841
40 42 1682
40 43 48
40 44 889
40 45 1730
40 46 96
40 47 937
40 48 1778
40 49 144
40 50 985
40 51 1826
40 52 192
40 53 1033
40 54 1874
40 55 240
40 56 1081
40 57 1922
40 58 288
40 59 1129
40 60 1970
40 61 360
41 0 1201
41 1 541
41 2 284
41 3 350
41 4 423
41 5 545
41 6 784
41 7 415
41 8 689
41 9 550
41 10 280
41 11 98
41 12 472
41 13 770
41 14 428
41 15 315
41 16 406
41 17 710
41 18 996
41 19 389
41 20 502
41 21 722
41 22 297
41 23 883
41 24 450
41 25 1081
41 26 240
41 27 1081
41 28 1033
41 29 192
41 30 1033
41 31 985
41 32 144
41 33 985
41 34 937
41 35 96
41 36 937
41 37 889
41 38 48
41 39 889
41 40 841
41 41 0
41 42 841
41 43 889
41 44 48
41 45 889
41 46 937
41 47 96
41 48 937
41 49 985
41 50 144
41 51 985
41 52 1033
41 53 192
41 54 1033
41 55 1081
41 56 240
41 57 1081
41 58 1129
41 59 288
41 60 1129
41 61 1201
42 0 2042
42 1 1382
42 2 1125
42 3 1191
42 4 1264
42 5 1386
42 6 537
42 7 1256
42 8 1530
42 9 1391
42 10 1121
42 11 839
42 12 849
42 13 1611
42 14 701
42 15 718
42 16 1247
42 17 515
42 18 229
42 19 740
42 20 1343
42 21 1563
42 22 544
42 23 1724
42 24 775
42 25 1922
42 26 1081
42 27 240
42 28 1874
42 29 1033
42 30 192
42 31 1826
42 32 985
42 33 144
42 34 1778
42 35 937
42 36 96
42 37 1730
42 38 889
42 39 48
42 40 1682
42 41 841
42 42 0
42 43 1730
42 44 889
42 45 48
42 46 1778
42 47 937
42 48 96
42 49 1826
42 50 985
42 51 144
42 52 1874
42 53 1033
42 54 192
42 55 1922
42 56 1081
42 57 240
42 58 1970
42 59 1129
42 60 288
42 61 2042
43 0 408
43 1 636
43 2 605
43 3 827
43 4 562
43 5 536
43 6 1673
43 7 762
43 8 680
43 9 819
43 10 609
43 11 987
43 12 1265
43 13 311
43 14 1221
43 15 1204
43 16 675
43 17 1599
43 18 1789
43 19 1278
43 20 771
43 21 263
43 22 1186
43 23 198
43 24 1243
43 25 288
43 26 1129
43 27 1970
43 28 240
43 29 1081
43 30 1922
43 31 192
43 32 1033
43 33 1874
43 34 144
43 35 985
43 36 1826
43 37 96
43 38 937
43 39 1778
43 40 48
43 41 889
43 42 1730
43 43 0
43 44 841
43 45 1682
43 46 48
43 47 889
43 48 1730
43 49 96
43 50 937
43 51 1778
43 52 144
43 53 985
43 54 1826
43 55 192
43 56 1033
43 57 1874
43 58 240
43 59 1081
43 60 1922
43 61 408
44 0 1249
44 1 493
44 2 332
44 3 398
44 4 471
44 5 497
44 6 832
44 7 463
44 8 641
44 9 598
44 10 232
44 11 146
44 12 424
44 13 818
44 14 380
44 15 363
44 16 454
44 17 758
44 18 948
44 19 437
44 20 550
44 21 770
44 22 345
44 23 835
44 24 402
44 25 1129
44 26 288
44 27 1129
44 28 1081
44 29 240
44 30 1081
44 31 1033
44 32 192
44 33 1033
44 34 985
44 35 144
44 36 985
44 37 937
44 38 96
44 39 937
44 40 889
44 41 48
44 42 889
44 43 841
44 44 0
44 45 841
44 46 889
44 47 48
44 48 889
44 49 937
44 50 96
44 51 937
44 52 985
44 53 144
44 54 985
44 55 1033
44 56 192
44 57 1033
44 58 1081
44 59 240
44 60 1081
44 61 1249
45 0 2090
45 1 1334
45 2 1173
45 3 1239
45 4 1312
45 5 1338
45 6 585
45 7 1304
45 8 1482
45 9 1439
45 10 1073
45 11 887
45 12 801
45 13 1659
45 14 653
45 15 766
45 16 1295
45 17 563
45 18 181
45 19 788
45 20 1391
45 21 1611
45 22 592
45 23 1676
45 24 727
45 25 1970
45 26 1129
45 27 288
45 28 1922
45 29 1081
45 30 240
45 31 1874
45 32 1033
45 33 192
45 34 1826
45 35 985
45 36 144
45 37 1778
45 38 937
45 39 96
45 40 1730
45 41 889
45 42 48
45 43 1682
45 44 841
45 45 0
45 46 1730
45 47 889
45 48 48
45 49 1778
45 50 937
45 51 96
45 52 1826
45 53 985
45 54 144
45 55 1874
45 56 1033
45 57 192
45 58 1922
45 59 1081
45 60 240
45 61 2090
46 0 456
46 1 588
46 2 653
46 3 875
46 4 610
46 5 488
46 6 1721
46 7 810
46 8 632
46 9 867
46 10 657
46 11 1035
46 12 1217
46 13 359
46 14 1173
46 15 1252
46 16 723
46 17 1647
46 18 1741
46 19 1326
46 20 819
46 21 311
46 22 1234
46 23 150
46 24 1195
46 25 336
46 26 1177
46 27 2018
46 28 288
46 29 1129
46 30 1970
46 31 240
46 32 1081
46 33 1922
46 34 192
46 35 1033
46 36 1874
46 37 144
46 38 985
46 39 1826
46 40 96
46 41 937
46 42 1778
46 43 48
46 44 889
46 45 1730
46 46 0
46 47 841
46 48 1682
46 49 48
46 50 889
46 51 1730
46 52 96
46 53 937
46 54 1778
46 55 144
46 56 985
46 57 1826
46 58 192
46 59 1033
46 60 1874
46 61 456
47 0 1297
47 1 445
47 2 380
47 3 446
47 4 519
47 5 449
47 6 880
47 7 511
47 8 593
47 9 646
47 10 280
47 11 194
47 12 376
47 13 866
47 14 332
47 15 411
47 16 502
47 17 806
47 18 900
47 19 485
47 20 598
47 21 818
47 22 393
47 23 787
47 24 354
47 25 1177
47 26 336
47 27 1177
47 28 1129
47 29 288
47 30 1129
47 31 1081
47 32 240
47 33 1081
47 34 1033
47 35 192
47 36 1033
47 37 985
47 38 144
47 39 985
47 40 937
47 41 96
47 42 937
47 43 889
47 44 48
47 45 889
47 46 841
47 47 0
47 48 841
47 49 889
47 50 48
47 51 889
47 52 937
47 53 96
47 54 937
47 55 985
47 56 144
47 57 985
47 58 1033
47 59 192
47 60 1033
47 61 1297
48 0 2138
48 1 1286
48 2 1221
48 3 1287
48 4 1360
48 5 1290
48 6 633
48 7 1352
48 8 1434
48 9 1487
48 10 1121
48 11 935
48 12 753
48 13 1707
48 14 605
48 15 814
48 16 1343
48 17 611
48 18 133
48 19 836
48 20 1439
48 21 1659
48 22 640
48 23 1628
48 24 679
48 25 2018
48 26 1177
48 27 336
48 28 1970
48 29 1129
48 30 288
48 31 1922
48 32 1081
48 33 240
48 34 1874
48 35 1033
48 36 192
48 37 1826
48 38 985
48 39 144
48 40 1778
48 41 937
48 42 96
48 43 1730
48 44 889
48 45 48
48 46 1682
48 47 841
48 48 0
48 49 1730
48 50 889
48 51 48
48 52 1778
48 53 937
48 54 96
48 55 1826
48 56 985
48 57 144
48 58 1874
48 59 1033
48 60 192
48 61 2138
49 0 504
49 1 540
49 2 701
49 3 923
49 4 658
49 5 440
49 6 1769
49 7 858
49 8 584
49 9 915
49 10 705
49 11 1083
49 12 1169
49 13 407
49 14 1125
49 15 1300
49 16 771
49 17 1695
49 18 1693
49 19 1374
49 20 867
49 21 359
49 22 1282
49 23 102
49 24 1147
49 25 384
49 26 1225
49 27 2066
49 28 336
49 29 1177
49 30 2018
49 31 288
49 32 1129
49 33 1970
49 34 240
49 35 1081
49 36 1922
49 37 192
49 38 1033
49 39 1874
49 40 144
49 41 985
49 42 1826
49 43 96
49 44 937
49 45 1778
49 46 48
49 47 889
49 48 1730
49 49 0
49 50 841
49 51 1682
49 52 48
49 53 889
49 54 1730
49 55 96
49 56 937
49 57 1778
49 58 144
49 59 985
49 60 1826
49 61 504
50 0 1345
50 1 397
50 2 428
50 3 494
50 4 567
50 5 401
50 6 928
50 7 559
50 8 545
50 9 694
50 10 328
50 11 242
50 12 328
50 13 914
50 14 284
50 15 459
50 16 550
50 17 854
50 18 852
50 19 533
50 20 646
50 21 866
50 22 441
50 23 739
50 24 306
50 25 1225
50 26 384
50 27 1225
50 28 1177
50 29 336
50 30 1177
50 31 1129
50 32 288
50 33 1129
50 34 1081
50 35 240
50 36 1081
50 37 1033
50 38 192
50 39 1033
50 40 985
50 41 144
50 42 985
50 43 937
50 44 96
50 45 937
50 46 889
50 47 48
50 48 889
50 49 841
50 50 0
50 51 841
50 52 889
50 53 48
50 54 889
50 55 937
50 56 96
50 57 937
50 58 985
50 59 144
50 60 985
50 61 1345
51 0 2186
51 1 1238
51 2 1269
51 3 1335
51 4 1408
51 5 1242
51 6 681
51 7 1400
51 8 1386
51 9 1535
51 10 1169
51 11 983
51 12 705
51 13 1755
51 14 557
51 15 862
51 16 1391
51 17 659
51 18 85
51 19 884
51 20 1487
51 21 1707
51 22 688
51 23 1580
51 24 631
51 25 2066
51 26 1225
51 27 384
51 28 2018
51 29 1177
51 30 336
51 31 1970
51 32 1129
51 33 288
51 34 1922
51 35 1081
51 36 240
51 37 1874
51 38 1033
51 39 192
51 40 1826
51 41 985
51 42 144
51 43 1778
51 44 937
51 45 96
51 46 1730
51 47 889
51 48 48
51 49 1682
51 50 841
51 51 0
51 52 1730
51 53 889
51 54 48
51 55 1778
51 56 937
51 57 96
51 58 1826
51 59 985
51 60 144
51 61 2186
52 0 552
52 1 492
52 2 749
52 3 971
52 4 706
52 5 488
52 6 1817
52 7 906
52 8 536
52 9 963
52 10 753
52 11 1131
52 12 1121
52 13 455
52 14 1173
52 15 1348
52 16 819
52 17 1743
52 18 1645
52 19 1422
52 20 915
52 21 407
52 22 1330
52 23 150
52 24 1099
52 25 432
52 26 1273
52 27 2114
52 28 384
52 29 1225
52 30 2066
52 31 336
52 32 1177
52 33 2018
52 34 288
52 35 1129
52 36 1970
52 37 240
52 38 1081
52 39 1922
52 40 192
52 41 1033
52 42 1874
52 43 144
52 44 985
52 45 1826
52 46 96
52 47 937
52 48 1778
52 49 48
52 50 889
52 51 1730
52 52 0
52 53 841
52 54 1682
52 55 48
52 56 889
52 57 1730
52 58 96
52 59 937
52 60 1778
52 61 552
53 0 1393
53 1 349
53 2 476
53 3 542
53 4 615
53 5 449
53 6 976
53 7 607
53 8 497
53 9 742
53 10 376
53 11 290
53 12 280
53 13 962
53 14 332
53 15 507
53 16 598
53 17 902
53 18 804
53 19 581
53 20 694
53 21 914
53 22 489
53 23 787
53 24 258
53 25 1273
53 26 432
53 27 1273
53 28 1225
53 29 384
53 30 1225
53 31 1177
53 32 336
53 33 1177
53 34 1129
53 35 288
53 36 1129
53 37 1081
53 38 240
53 39 1081
53 40 1033
53 41 192
53 42 1033
53 43 985
53 44 144
53 45 985
53 46 937
53 47 96
53 48 937
53 49 889
53 50 48
53 51 889
53 52 841
53 53 0
53 54 841
53 55 889
53 56 48
53 57 889
53 58 937
53 59 96
53 60 937
53 61 1393
54 0 2234
54 1 1190
54 2 1317
54 3 1383
54 4 1456
54 5 1290
54 6 729
54 7 1448
54 8 1338
54 9 1583
54 10 1217
54 11 1031
54 12 657
54 13 1803
54 14 605
54 15 910
54 16 1439
54 17 707
54 18 37
54 19 932
54 20 1535
54 21 1755
54 22 736
54 23 1628
54 24 583
54 25 2114
54 26 1273
54 27 432
54 28 2066
54 29 1225
54 30 384
54 31 2018
54 32 1177
54 33 336
54 34 1970
54 35 1129
54 36 288
54 37 1922
54 38 1081
54 39 240
54 40 1874
54 41 1033
54 42 192
54 43 1826
54 44 985
54 45 144
54 46 1778
54 47 937
54 48 96
54 49 1730
54 50 889
54 51 48
54 52 1682
54 53 841
54 54 0
54 55 1730
54 56 889
54 57 48
54 58 1778
54 59 937
54 60 96
54 61 2234
55 0 600
55 1 540
55 2 797
55 3 1019
55 4 754
55 5 536
55 6 1865
55 7 954
55 8 488
55 9 1011
55 10 801
55 11 1179
55 12 1073
55 13 503
55 14 1221
55 15 1396
55 16 867
55 17 1791
55 18 1693
55 19 1470
55 20 963
55 21 455
55 22 1378
55 23 198
55 24 1147
55 25 480
55 26 1321
55 27 2162
55 28 432
55 29 1273
55 30 2114
55 31 384
55 32 1225
55 33 2066
55 34 336
55 35 1177
55 36 2018
55 37 288
55 38 1129
55 39 1970
55 40 240
55 41 1081
55 42 1922
55 43 192
55 44 1033
55 45 1874
55 46 144
55 47 985
55 48 1826
55 49 96
55 50 937
55 51 1778
55 52 48
55 53 889
55 54 1730
55 55 0
55 56 841
55 57 1682
55 58 48
55 59 889
55 60 1730
55 61 600
56 0 1441
56 1 397
56 2 524
56 3 590
56 4 663
56 5 497
56 6 1024
56 7 655
56 8 449
56 9 790
56 10 424
56 11 338
56 12 232
56 13 1010
56 14 380
56 15 555
56 16 646
56 17 950
56 18 852
56 19 629
56 20 742
56 21 962
56 22 537
56 23 835
56 24 306
56 25 1321
56 26 480
56 27 1321
56 28 1273
56 29 432
56 30 1273
56 31 1225
56 32 384
56 33 1225
56 34 1177
56 35 336
56 36 1177
56 37 1129
56 38 288
56 39 1129
56 40 1081
56 41 240
56 42 1081
56 43 1033
56 44 192
56 45 1033
56 46 985
56 47 144
56 48 985
56 49 937
56 50 96
56 51 937
56 52 889
56 53 48
56 54 889
56 55 841
56 56 0
56 57 841
56 58 889
56 59 48
56 60 889
56 61 1441
57 0 2282
57 1 1238
57 2 1365
57 3 1431
57 4 1504
57 5 1338
57 6 777
57 7 1496
57 8 1290
57 9 1631
57 10 1265
57 11 1079
57 12 609
57 13 1851
57 14 653
57 15 958
57 16 1487
57 17 755
57 18 85
57 19 980
57 20 1583
57 21 1803
57 22 784
57 23 1676
57 24 631
57 25 2162
57 26 1321
57 27 480
57 28 2114
57 29 1273
57 30 432
57 31 2066
57 32 1225
57 33 384
57 34 2018
57 35 1177
57 36 336
57 37 1970
57 38 1129
57 39 288
57 40 1922
57 41 1081
57 42 240
57 43 1874
57 44 1033
57 45 192
57 46 1826
57 47 985
57 48 144
57 49 1778
57 50 937
57 51 96
57 52 1730
57 53 889
57 54 48
57 55 1682
57 56 841
57 57 0
57 58 1730
57 59 889
57 60 48
57 61 2282
58 0 648
58 1 588
58 2 845
58 3 1067
58 4 802
58 5 584
58 6 1913
58 7 1002
58 8 440
58 9 1059
58 10 849
58 11 1227
58 12 1121
58 13 551
58 14 1269
58 15 1444
58 16 915
58 17 1839
58 18 1741
58 19 1518
58 20 1011
58 21 503
58 22 1426
58 23 246
58 24 1195
58 25 528
58 26 1369
58 27 2210
58 28 480
58 29 1321
58 30 2162
58 31 432
58 32 1273
58 33 2114
58 34 384
58 35 1225
58 36 2066
58 37 336
58 38 1177
58 39 2018
58 40 288
58 41 1129
58 42 1970
58 43 240
58 44 1081
58 45 1922
58 46 192
58 47 1033
58 48 1874
58 49 144
58 50 985
58 51 1826
58 52 96
58 53 937
58 54 1778
58 55 48
58 56 889
58 57 1730
58 58 0
58 59 841
58 60 1682
58 61 648
59 0 1489
59 1 445
59 2 572
59 3 638
59 4 711
59 5 545
59 6 1072
59 7 703
59 8 401
59 9 838
59 10 472
59 11 386
59 12 280
59 13 1058
59 14 428
59 15 603
59 16 694
59 17 998
59 18 900
59 19 677
59 20 790
59 21 1010
59 22 585
59 23 883
59 24 354
59 25 1369
59 26 528
59 27 1369
59 28 1321
59 29 480
59 30 1321
59 31 1273
59 32 432
59 33 1273
59 34 1225
59 35 384
59 36 1225
59 37 1177
59 38 336
59 39 1177
59 40 1129
59 41 288
59 42 1129
59 43 1081
59 44 240
59 45 1081
59 46 1033
59 47 192
59 48 1033
59 49 985
59 50 144
59 51 985
59 52 937
59 53 96
59 54 937
59 55 889
59 56 48
59 57 889
59 58 841
59 59 0
59 60 841
59 61 1489
60 0 2330
60 1 1286
60 2 1413
60 3 1479
60 4 1552
60 5 1386
60 6 825
60 7 1544
60 8 1242
60 9 1679
60 10 1313
60 11 1127
60 12 657
60 13 1899
60 14 701
60 15 1006
60 16 1535
60 17 803
60 18 133
60 19 1028
60 20 1631
60 21 1851
60 22 832
60 23 1724
60 24 679
60 25 2210
60 26 1369
60 27 528
60 28 2162
60 29 1321
60 30 480
60 31 2114
60 32 1273
60 33 432
60 34 2066
60 35 1225
60 36 384
60 37 2018
60 38 1177
60 39 336
60 40 1970
60 41 1129
60 42 288
60 43 1922
60 44 1081
60 45 240
60 46 1874
60 47 1033
60 48 192
60 49 1826
60 50 985
