//alpha
1
//NbLocations
65
//NbProducts
28
//NbPickers
2
//CapaPicker
4
//TimeToTravelOneDistanceUnit
3
//SetupTime
5400
//PickTime
300
//Products
//Idx Location Size
1 1 1
2 2 1
3 3 1
4 4 1
5 5 1
6 6 1
7 7 1
8 8 1
9 9 1
10 10 1
11 11 1
12 12 1
13 13 1
14 14 1
15 15 1
16 16 1
17 17 1
18 18 1
19 19 1
20 20 1
21 21 1
22 22 1
23 23 1
24 24 1
25 25 1
26 26 1
27 27 1
28 28 1
//Orders
//NbOrders
12
//Idx DueDate TardinessPenalty NbProdInOrder ProdIdx1 Qty1 ProdIdx2 Qty2 ...
1 54000 0 1 1 1
2 54000 0 2 2 1 3 1
3 54000 0 1 4 1
4 72000 0 2 5 1 6 1
5 90000 0 1 7 1
6 90000 0 3 8 1 9 1 10 1
7 90000 0 2 11 1 12 1
8 126000 0 2 13 1 14 1
9 72000 0 4 15 1 16 1 17 1 18 1
10 108000 0 4 19 1 20 1 21 1 22 1
11 90000 0 2 23 1 24 1
12 90000 0 4 25 1 26 1 27 1 28 1
//Graph (Products are vertices indexed from 1 to NbProducts)
//NbVerticesIntersections
36
//DepartingDepot
0
//ArrivalDepot
65
//Arcs
//Start End Distance
0 29 120
1 8 429
1 32 141
2 9 52
2 29 76
3 25 104
3 26 208
4 24 78
4 30 297
5 6 312
5 36 245
6 5 312
6 7 208
7 6 208
7 37 76
8 1 429
8 20 52
9 2 52
9 12 52
10 19 130
10 33 102
11 18 104
11 19 78
12 9 52
12 17 143
13 35 752
13 36 89
14 57 102
14 58 739
15 28 0
15 34 414
16 25 195
16 30 63
17 12 143
17 24 143
18 11 104
18 28 13
19 10 130
19 11 78
20 8 52
20 21 39
21 20 39
21 33 180
22 39 245
22 40 596
23 45 570
23 46 271
24 4 78
24 17 143
25 3 104
25 16 195
26 3 208
26 31 271
27 44 128
27 45 713
28 15 0
28 18 13
29 2 76
29 32 48
29 65 120
30 4 297
30 16 63
30 33 48
31 26 271
31 34 48
32 1 141
32 29 48
32 35 48
33 10 102
33 21 180
33 30 48
33 36 48
34 15 414
34 31 48
34 37 48
35 13 752
35 32 48
35 38 48
36 5 245
36 13 89
36 33 48
36 39 48
37 7 76
37 34 48
37 40 48
38 35 48
38 39 841
38 41 48
39 22 245
39 36 48
39 38 841
39 42 48
40 22 596
40 37 48
40 43 48
41 38 48
41 42 841
41 44 48
42 39 48
42 41 841
42 43 841
42 45 48
43 40 48
43 42 841
43 46 48
44 27 128
44 41 48
44 47 48
45 23 570
45 27 713
45 42 48
45 48 48
46 23 271
46 43 48
46 49 48
47 44 48
47 48 841
47 50 48
48 45 48
48 47 841
48 49 841
48 51 48
49 46 48
49 48 841
49 52 48
50 47 48
50 51 841
50 53 48
51 48 48
51 50 841
51 52 841
51 54 48
52 49 48
52 51 841
52 55 48
53 50 48
53 54 841
53 56 48
54 51 48
54 53 841
54 55 841
54 57 48
55 52 48
55 54 841
55 58 48
56 53 48
56 57 841
56 59 48
57 14 102
57 54 48
57 56 841
57 60 48
58 14 739
58 55 48
58 61 48
59 56 48
59 60 841
59 62 48
60 57 48
60 59 841
60 61 841
60 63 48
61 58 48
61 60 841
61 64 48
62 59 48
62 63 841
63 60 48
63 62 841
63 64 841
64 61 48
64 63 841
//LocStart LocEnd ShortestPath
0 0 0
0 1 309
0 2 196
0 3 1323
0 4 664
0 5 1302
0 6 1614
0 7 1822
0 8 738
0 9 248
0 10 1111
0 11 1319
0 12 300
0 13 968
0 14 1495
0 15 1436
0 16 1024
0 17 443
0 18 1423
0 19 1241
0 20 790
0 21 829
0 22 1350
0 23 1771
0 24 586
0 25 1219
0 26 1531
0 27 488
0 28 1436
0 29 120
0 30 961
0 31 1802
0 32 168
0 33 1009
0 34 1850
0 35 216
0 36 1057
0 37 1898
0 38 264
0 39 1105
0 40 1946
0 41 312
0 42 1153
0 43 1994
0 44 360
0 45 1201
0 46 2042
0 47 408
0 48 1249
0 49 2090
0 50 456
0 51 1297
0 52 2138
0 53 504
0 54 1345
0 55 2186
0 56 552
0 57 1393
0 58 2234
0 59 600
0 60 1441
0 61 2282
0 62 648
0 63 1489
0 64 2330
0 65 0
1 0 309
1 1 0
1 2 265
1 3 1110
1 4 733
1 5 993
1 6 1305
1 7 1513
1 8 429
1 9 317
1 10 802
1 11 1010
1 12 369
1 13 837
1 14 1186
1 15 1127
1 16 811
1 17 512
1 18 1114
1 19 932
1 20 481
1 21 520
1 22 1041
1 23 1462
1 24 655
1 25 1006
1 26 1318
1 27 461
1 28 1127
1 29 189
1 30 748
1 31 1589
1 32 141
1 33 700
1 34 1541
1 35 189
1 36 748
1 37 1589
1 38 237
1 39 796
1 40 1637
1 41 285
1 42 844
1 43 1685
1 44 333
1 45 892
1 46 1733
1 47 381
1 48 940
1 49 1781
1 50 429
1 51 988
1 52 1829
1 53 477
1 54 1036
1 55 1877
1 56 525
1 57 1084
1 58 1925
1 59 573
1 60 1132
1 61 1973
1 62 621
1 63 1180
1 64 2021
1 65 309
2 0 196
2 1 265
2 2 0
2 3 1127
2 4 468
2 5 1106
2 6 1418
2 7 1626
2 8 694
2 9 52
2 10 915
2 11 1123
2 12 104
2 13 924
2 14 1299
2 15 1240
2 16 828
2 17 247
2 18 1227
2 19 1045
2 20 746
2 21 785
2 22 1154
2 23 1575
2 24 390
2 25 1023
2 26 1335
2 27 444
2 28 1240
2 29 76
2 30 765
2 31 1606
2 32 124
2 33 813
2 34 1654
2 35 172
2 36 861
2 37 1702
2 38 220
2 39 909
2 40 1750
2 41 268
2 42 957
2 43 1798
2 44 316
2 45 1005
2 46 1846
2 47 364
2 48 1053
2 49 1894
2 50 412
2 51 1101
2 52 1942
2 53 460
2 54 1149
2 55 1990
2 56 508
2 57 1197
2 58 2038
2 59 556
2 60 1245
2 61 2086
2 62 604
2 63 1293
2 64 2134
2 65 196
3 0 1323
3 1 1110
3 2 1127
3 3 0
3 4 659
3 5 703
3 6 859
3 7 651
3 8 681
3 9 1075
3 10 512
3 11 720
3 12 1023
3 13 547
3 14 896
3 15 837
3 16 299
3 17 880
3 18 824
3 19 642
3 20 629
3 21 590
3 22 751
3 23 990
3 24 737
3 25 104
3 26 208
3 27 1315
3 28 837
3 29 1203
3 30 362
3 31 479
3 32 1251
3 33 410
3 34 527
3 35 1299
3 36 458
3 37 575
3 38 1347
3 39 506
3 40 623
3 41 1395
3 42 554
3 43 671
3 44 1443
3 45 602
3 46 719
3 47 1491
3 48 650
3 49 767
3 50 1539
3 51 698
3 52 815
3 53 1587
3 54 746
3 55 863
3 56 1635
3 57 794
3 58 911
3 59 1683
3 60 842
3 61 959
3 62 1731
3 63 890
3 64 1007
3 65 1323
4 0 664
4 1 733
4 2 468
4 3 659
4 4 0
4 5 638
4 6 950
4 7 1158
4 8 616
4 9 416
4 10 447
4 11 655
4 12 364
4 13 482
4 14 831
4 15 772
4 16 360
4 17 221
4 18 759
4 19 577
4 20 564
4 21 525
4 22 686
4 23 1107
4 24 78
4 25 555
4 26 867
4 27 912
4 28 772
4 29 544
4 30 297
4 31 1138
4 32 592
4 33 345
4 34 1186
4 35 640
4 36 393
4 37 1234
4 38 688
4 39 441
4 40 1282
4 41 736
4 42 489
4 43 1330
4 44 784
4 45 537
4 46 1378
4 47 832
4 48 585
4 49 1426
4 50 880
4 51 633
4 52 1474
4 53 928
4 54 681
4 55 1522
4 56 976
4 57 729
4 58 1570
4 59 1024
4 60 777
4 61 1618
4 62 1072
4 63 825
4 64 1666
4 65 664
5 0 1302
5 1 993
5 2 1106
5 3 703
5 4 638
5 5 0
5 6 312
5 7 520
5 8 564
5 9 1054
5 10 395
5 11 603
5 12 1002
5 13 334
5 14 683
5 15 720
5 16 404
5 17 859
5 18 707
5 19 525
5 20 512
5 21 473
5 22 538
5 23 959
5 24 716
5 25 599
5 26 911
5 27 1102
5 28 720
5 29 1182
5 30 341
5 31 692
5 32 1134
5 33 293
5 34 644
5 35 1086
5 36 245
5 37 596
5 38 1134
5 39 293
5 40 644
5 41 1182
5 42 341
5 43 692
5 44 1230
5 45 389
5 46 740
5 47 1278
5 48 437
5 49 788
5 50 1326
5 51 485
5 52 836
5 53 1374
5 54 533
5 55 884
5 56 1422
5 57 581
5 58 932
5 59 1470
5 60 629
5 61 980
5 62 1518
5 63 677
5 64 1028
5 65 1302
6 0 1614
6 1 1305
6 2 1418
6 3 859
6 4 950
6 5 312
6 6 0
6 7 208
6 8 876
6 9 1366
6 10 707
6 11 863
6 12 1314
6 13 646
6 14 995
6 15 746
6 16 716
6 17 1171
6 18 759
6 19 837
6 20 824
6 21 785
6 22 850
6 23 699
6 24 1028
6 25 911
6 26 651
6 27 1414
6 28 746
6 29 1494
6 30 653
6 31 380
6 32 1446
6 33 605
6 34 332
6 35 1398
6 36 557
6 37 284
6 38 1446
6 39 605
6 40 332
6 41 1494
6 42 653
6 43 380
6 44 1542
6 45 701
6 46 428
6 47 1590
6 48 749
6 49 476
6 50 1638
6 51 797
6 52 524
6 53 1686
6 54 845
6 55 572
6 56 1734
6 57 893
6 58 620
6 59 1782
6 60 941
6 61 668
6 62 1830
6 63 989
6 64 716
6 65 1614
7 0 1822
7 1 1513
7 2 1626
7 3 651
7 4 1158
7 5 520
7 6 208
7 7 0
7 8 1084
7 9 1574
7 10 863
7 11 655
7 12 1522
7 13 854
7 14 1151
7 15 538
7 16 924
7 17 1379
7 18 551
7 19 733
7 20 1032
7 21 993
7 22 720
7 23 491
7 24 1236
7 25 755
7 26 443
7 27 1622
7 28 538
7 29 1702
7 30 861
7 31 172
7 32 1654
7 33 813
7 34 124
7 35 1606
7 36 765
7 37 76
7 38 1654
7 39 813
7 40 124
7 41 1702
7 42 861
7 43 172
7 44 1750
7 45 909
7 46 220
7 47 1798
7 48 957
7 49 268
7 50 1846
7 51 1005
7 52 316
7 53 1894
7 54 1053
7 55 364
7 56 1942
7 57 1101
7 58 412
7 59 1990
7 60 1149
7 61 460
7 62 2038
7 63 1197
7 64 508
7 65 1822
8 0 738
8 1 429
8 2 694
8 3 681
8 4 616
8 5 564
8 6 876
8 7 1084
8 8 0
8 9 746
8 10 373
8 11 581
8 12 798
8 13 408
8 14 757
8 15 698
8 16 382
8 17 837
8 18 685
8 19 503
8 20 52
8 21 91
8 22 612
8 23 1033
8 24 694
8 25 577
8 26 889
8 27 890
8 28 698
8 29 618
8 30 319
8 31 1160
8 32 570
8 33 271
8 34 1112
8 35 618
8 36 319
8 37 1160
8 38 666
8 39 367
8 40 1208
8 41 714
8 42 415
8 43 1256
8 44 762
8 45 463
8 46 1304
8 47 810
8 48 511
8 49 1352
8 50 858
8 51 559
8 52 1400
8 53 906
8 54 607
8 55 1448
8 56 954
8 57 655
8 58 1496
8 59 1002
8 60 703
8 61 1544
8 62 1050
8 63 751
8 64 1592
8 65 738
9 0 248
9 1 317
9 2 52
9 3 1075
9 4 416
9 5 1054
9 6 1366
9 7 1574
9 8 746
9 9 0
9 10 863
9 11 1071
9 12 52
9 13 898
9 14 1247
9 15 1188
9 16 776
9 17 195
9 18 1175
9 19 993
9 20 798
9 21 837
9 22 1102
9 23 1523
9 24 338
9 25 971
9 26 1283
9 27 496
9 28 1188
9 29 128
9 30 713
9 31 1554
9 32 176
9 33 761
9 34 1602
9 35 224
9 36 809
9 37 1650
9 38 272
9 39 857
9 40 1698
9 41 320
9 42 905
9 43 1746
9 44 368
9 45 953
9 46 1794
9 47 416
9 48 1001
9 49 1842
9 50 464
9 51 1049
9 52 1890
9 53 512
9 54 1097
9 55 1938
9 56 560
9 57 1145
9 58 1986
9 59 608
9 60 1193
9 61 2034
9 62 656
9 63 1241
9 64 2082
9 65 248
10 0 1111
10 1 802
10 2 915
10 3 512
10 4 447
10 5 395
10 6 707
10 7 863
10 8 373
10 9 863
10 10 0
10 11 208
10 12 811
10 13 239
10 14 588
10 15 325
10 16 213
10 17 668
10 18 312
10 19 130
10 20 321
10 21 282
10 22 443
10 23 864
10 24 525
10 25 408
10 26 720
10 27 1007
10 28 325
10 29 991
10 30 150
10 31 787
10 32 943
10 33 102
10 34 739
10 35 991
10 36 150
10 37 787
10 38 1039
10 39 198
10 40 835
10 41 1087
10 42 246
10 43 883
10 44 1135
10 45 294
10 46 931
10 47 1183
10 48 342
10 49 979
10 50 1231
10 51 390
10 52 1027
10 53 1279
10 54 438
10 55 1075
10 56 1327
10 57 486
10 58 1123
10 59 1375
10 60 534
10 61 1171
10 62 1423
10 63 582
10 64 1219
10 65 1111
11 0 1319
11 1 1010
11 2 1123
11 3 720
11 4 655
11 5 603
11 6 863
11 7 655
11 8 581
11 9 1071
11 10 208
11 11 0
11 12 1019
11 13 447
11 14 796
11 15 117
11 16 421
11 17 876
11 18 104
11 19 78
11 20 529
11 21 490
11 22 651
11 23 994
11 24 733
11 25 616
11 26 850
11 27 1215
11 28 117
11 29 1199
11 30 358
11 31 579
11 32 1151
11 33 310
11 34 531
11 35 1199
11 36 358
11 37 579
11 38 1247
11 39 406
11 40 627
11 41 1295
11 42 454
11 43 675
11 44 1343
11 45 502
11 46 723
11 47 1391
11 48 550
11 49 771
11 50 1439
11 51 598
11 52 819
11 53 1487
11 54 646
11 55 867
11 56 1535
11 57 694
11 58 915
11 59 1583
11 60 742
11 61 963
11 62 1631
11 63 790
11 64 1011
11 65 1319
12 0 300
12 1 369
12 2 104
12 3 1023
12 4 364
12 5 1002
12 6 1314
12 7 1522
12 8 798
12 9 52
12 10 811
12 11 1019
12 12 0
12 13 846
12 14 1195
12 15 1136
12 16 724
12 17 143
12 18 1123
12 19 941
12 20 850
12 21 889
12 22 1050
12 23 1471
12 24 286
12 25 919
12 26 1231
12 27 548
12 28 1136
12 29 180
12 30 661
12 31 1502
12 32 228
12 33 709
12 34 1550
12 35 276
12 36 757
12 37 1598
12 38 324
12 39 805
12 40 1646
12 41 372
12 42 853
12 43 1694
12 44 420
12 45 901
12 46 1742
12 47 468
12 48 949
12 49 1790
12 50 516
12 51 997
12 52 1838
12 53 564
12 54 1045
12 55 1886
12 56 612
12 57 1093
12 58 1934
12 59 660
12 60 1141
12 61 1982
12 62 708
12 63 1189
12 64 2030
12 65 300
13 0 968
13 1 837
13 2 924
13 3 547
13 4 482
13 5 334
13 6 646
13 7 854
13 8 408
13 9 898
13 10 239
13 11 447
13 12 846
13 13 0
13 14 527
13 15 564
13 16 248
13 17 703
13 18 551
13 19 369
13 20 356
13 21 317
13 22 382
13 23 803
13 24 560
13 25 443
13 26 755
13 27 946
13 28 564
13 29 848
13 30 185
13 31 1026
13 32 800
13 33 137
13 34 978
13 35 752
13 36 89
13 37 930
13 38 800
13 39 137
13 40 978
13 41 848
13 42 185
13 43 1026
13 44 896
13 45 233
13 46 1074
13 47 944
13 48 281
13 49 1122
13 50 992
13 51 329
13 52 1170
13 53 1040
13 54 377
13 55 1218
13 56 1088
13 57 425
13 58 1266
13 59 1136
13 60 473
13 61 1314
13 62 1184
13 63 521
13 64 1362
13 65 968
14 0 1495
14 1 1186
14 2 1299
14 3 896
14 4 831
14 5 683
14 6 995
14 7 1151
14 8 757
14 9 1247
14 10 588
14 11 796
14 12 1195
14 13 527
14 14 0
14 15 913
14 16 597
14 17 1052
14 18 900
14 19 718
14 20 705
14 21 666
14 22 635
14 23 864
14 24 909
14 25 792
14 26 1104
14 27 1007
14 28 913
14 29 1375
14 30 534
14 31 1171
14 32 1327
14 33 486
14 34 1123
14 35 1279
14 36 438
14 37 1075
14 38 1231
14 39 390
14 40 1027
14 41 1183
14 42 342
14 43 979
14 44 1135
14 45 294
14 46 931
14 47 1087
14 48 246
14 49 883
14 50 1039
14 51 198
14 52 835
14 53 991
14 54 150
14 55 787
14 56 943
14 57 102
14 58 739
14 59 991
14 60 150
14 61 787
14 62 1039
14 63 198
14 64 835
14 65 1495
15 0 1436
15 1 1127
15 2 1240
15 3 837
15 4 772
15 5 720
15 6 746
15 7 538
15 8 698
15 9 1188
15 10 325
15 11 117
15 12 1136
15 13 564
15 14 913
15 15 0
15 16 538
15 17 993
15 18 13
15 19 195
15 20 646
15 21 607
15 22 768
15 23 877
15 24 850
15 25 733
15 26 733
15 27 1332
15 28 0
15 29 1316
15 30 475
15 31 462
15 32 1268
15 33 427
15 34 414
15 35 1316
15 36 475
15 37 462
15 38 1364
15 39 523
15 40 510
15 41 1412
15 42 571
15 43 558
15 44 1460
15 45 619
15 46 606
15 47 1508
15 48 667
15 49 654
15 50 1556
15 51 715
15 52 702
15 53 1604
15 54 763
15 55 750
15 56 1652
15 57 811
15 58 798
15 59 1700
15 60 859
15 61 846
15 62 1748
15 63 907
15 64 894
15 65 1436
16 0 1024
16 1 811
16 2 828
16 3 299
16 4 360
16 5 404
16 6 716
16 7 924
16 8 382
16 9 776
16 10 213
16 11 421
16 12 724
16 13 248
16 14 597
16 15 538
16 16 0
16 17 581
16 18 525
16 19 343
16 20 330
16 21 291
16 22 452
16 23 873
16 24 438
16 25 195
16 26 507
16 27 1016
16 28 538
16 29 904
16 30 63
16 31 778
16 32 952
16 33 111
16 34 826
16 35 1000
16 36 159
16 37 874
16 38 1048
16 39 207
16 40 922
16 41 1096
16 42 255
16 43 970
16 44 1144
16 45 303
16 46 1018
16 47 1192
16 48 351
16 49 1066
16 50 1240
16 51 399
16 52 1114
16 53 1288
16 54 447
16 55 1162
16 56 1336
16 57 495
16 58 1210
16 59 1384
16 60 543
16 61 1258
16 62 1432
16 63 591
16 64 1306
16 65 1024
17 0 443
17 1 512
17 2 247
17 3 880
17 4 221
17 5 859
17 6 1171
17 7 1379
17 8 837
17 9 195
17 10 668
17 11 876
17 12 143
17 13 703
17 14 1052
17 15 993
17 16 581
17 17 0
17 18 980
17 19 798
17 20 785
17 21 746
17 22 907
17 23 1328
17 24 143
17 25 776
17 26 1088
17 27 691
17 28 993
17 29 323
17 30 518
17 31 1359
17 32 371
17 33 566
17 34 1407
17 35 419
17 36 614
17 37 1455
17 38 467
17 39 662
17 40 1503
17 41 515
17 42 710
17 43 1551
17 44 563
17 45 758
17 46 1599
17 47 611
17 48 806
17 49 1647
17 50 659
17 51 854
17 52 1695
17 53 707
17 54 902
17 55 1743
17 56 755
17 57 950
17 58 1791
17 59 803
17 60 998
17 61 1839
17 62 851
17 63 1046
17 64 1887
17 65 443
18 0 1423
18 1 1114
18 2 1227
18 3 824
18 4 759
18 5 707
18 6 759
18 7 551
18 8 685
18 9 1175
18 10 312
18 11 104
18 12 1123
18 13 551
18 14 900
18 15 13
18 16 525
18 17 980
18 18 0
18 19 182
18 20 633
18 21 594
18 22 755
18 23 890
18 24 837
18 25 720
18 26 746
18 27 1319
18 28 13
18 29 1303
18 30 462
18 31 475
18 32 1255
18 33 414
18 34 427
18 35 1303
18 36 462
18 37 475
18 38 1351
18 39 510
18 40 523
18 41 1399
18 42 558
18 43 571
18 44 1447
18 45 606
18 46 619
18 47 1495
18 48 654
18 49 667
18 50 1543
18 51 702
18 52 715
18 53 1591
18 54 750
18 55 763
18 56 1639
18 57 798
18 58 811
18 59 1687
18 60 846
18 61 859
18 62 1735
18 63 894
18 64 907
18 65 1423
19 0 1241
19 1 932
19 2 1045
19 3 642
19 4 577
19 5 525
19 6 837
19 7 733
19 8 503
19 9 993
19 10 130
19 11 78
19 12 941
19 13 369
19 14 718
19 15 195
19 16 343
19 17 798
19 18 182
19 19 0
19 20 451
19 21 412
19 22 573
19 23 994
19 24 655
19 25 538
19 26 850
19 27 1137
19 28 195
19 29 1121
19 30 280
19 31 657
19 32 1073
19 33 232
19 34 609
19 35 1121
19 36 280
19 37 657
19 38 1169
19 39 328
19 40 705
19 41 1217
19 42 376
19 43 753
19 44 1265
19 45 424
19 46 801
19 47 1313
19 48 472
19 49 849
19 50 1361
19 51 520
19 52 897
19 53 1409
19 54 568
19 55 945
19 56 1457
19 57 616
19 58 993
19 59 1505
19 60 664
19 61 1041
19 62 1553
19 63 712
19 64 1089
19 65 1241
20 0 790
20 1 481
20 2 746
20 3 629
20 4 564
20 5 512
20 6 824
20 7 1032
20 8 52
20 9 798
20 10 321
20 11 529
20 12 850
20 13 356
20 14 705
20 15 646
20 16 330
20 17 785
20 18 633
20 19 451
20 20 0
20 21 39
20 22 560
20 23 981
20 24 642
20 25 525
20 26 837
20 27 942
20 28 646
20 29 670
20 30 267
20 31 1108
20 32 622
20 33 219
20 34 1060
20 35 670
20 36 267
20 37 1108
20 38 718
20 39 315
20 40 1156
20 41 766
20 42 363
20 43 1204
20 44 814
20 45 411
20 46 1252
20 47 862
20 48 459
20 49 1300
20 50 910
20 51 507
20 52 1348
20 53 958
20 54 555
20 55 1396
20 56 1006
20 57 603
20 58 1444
20 59 1054
20 60 651
20 61 1492
20 62 1102
20 63 699
20 64 1540
20 65 790
21 0 829
21 1 520
21 2 785
21 3 590
21 4 525
21 5 473
21 6 785
21 7 993
21 8 91
21 9 837
21 10 282
21 11 490
21 12 889
21 13 317
21 14 666
21 15 607
21 16 291
21 17 746
21 18 594
21 19 412
21 20 39
21 21 0
21 22 521
21 23 942
21 24 603
21 25 486
21 26 798
21 27 981
21 28 607
21 29 709
21 30 228
21 31 1069
21 32 661
21 33 180
21 34 1021
21 35 709
21 36 228
21 37 1069
21 38 757
21 39 276
21 40 1117
21 41 805
21 42 324
21 43 1165
21 44 853
21 45 372
21 46 1213
21 47 901
21 48 420
21 49 1261
21 50 949
21 51 468
21 52 1309
21 53 997
21 54 516
21 55 1357
21 56 1045
21 57 564
21 58 1405
21 59 1093
21 60 612
21 61 1453
21 62 1141
21 63 660
21 64 1501
21 65 829
22 0 1350
22 1 1041
22 2 1154
22 3 751
22 4 686
22 5 538
22 6 850
22 7 720
22 8 612
22 9 1102
22 10 443
22 11 651
22 12 1050
22 13 382
22 14 635
22 15 768
22 16 452
22 17 907
22 18 755
22 19 573
22 20 560
22 21 521
22 22 0
22 23 911
22 24 764
22 25 647
22 26 959
22 27 1054
22 28 768
22 29 1230
22 30 389
22 31 740
22 32 1182
22 33 341
22 34 692
22 35 1134
22 36 293
22 37 644
22 38 1086
22 39 245
22 40 596
22 41 1134
22 42 293
22 43 644
22 44 1182
22 45 341
22 46 692
22 47 1230
22 48 389
22 49 740
22 50 1278
22 51 437
22 52 788
22 53 1326
22 54 485
22 55 836
22 56 1374
22 57 533
22 58 884
22 59 1422
22 60 581
22 61 932
22 62 1470
22 63 629
22 64 980
22 65 1350
23 0 1771
23 1 1462
23 2 1575
23 3 990
23 4 1107
23 5 959
23 6 699
23 7 491
23 8 1033
23 9 1523
23 10 864
23 11 994
23 12 1471
23 13 803
23 14 864
23 15 877
23 16 873
23 17 1328
23 18 890
23 19 994
23 20 981
23 21 942
23 22 911
23 23 0
23 24 1185
23 25 1068
23 26 782
23 27 1283
23 28 877
23 29 1651
23 30 810
23 31 511
23 32 1603
23 33 762
23 34 463
23 35 1555
23 36 714
23 37 415
23 38 1507
23 39 666
23 40 367
23 41 1459
23 42 618
23 43 319
23 44 1411
23 45 570
23 46 271
23 47 1459
23 48 618
23 49 319
23 50 1507
23 51 666
23 52 367
23 53 1555
23 54 714
23 55 415
23 56 1603
23 57 762
23 58 463
23 59 1651
23 60 810
23 61 511
23 62 1699
23 63 858
23 64 559
23 65 1771
24 0 586
24 1 655
24 2 390
24 3 737
24 4 78
24 5 716
24 6 1028
24 7 1236
24 8 694
24 9 338
24 10 525
24 11 733
24 12 286
24 13 560
24 14 909
24 15 850
24 16 438
24 17 143
24 18 837
24 19 655
24 20 642
24 21 603
24 22 764
24 23 1185
24 24 0
24 25 633
24 26 945
24 27 834
24 28 850
24 29 466
24 30 375
24 31 1216
24 32 514
24 33 423
24 34 1264
24 35 562
24 36 471
24 37 1312
24 38 610
24 39 519
24 40 1360
24 41 658
24 42 567
24 43 1408
24 44 706
24 45 615
24 46 1456
24 47 754
24 48 663
24 49 1504
24 50 802
24 51 711
24 52 1552
24 53 850
24 54 759
24 55 1600
24 56 898
24 57 807
24 58 1648
24 59 946
24 60 855
24 61 1696
24 62 994
24 63 903
24 64 1744
24 65 586
25 0 1219
25 1 1006
25 2 1023
25 3 104
25 4 555
25 5 599
25 6 911
25 7 755
25 8 577
25 9 971
25 10 408
25 11 616
25 12 919
25 13 443
25 14 792
25 15 733
25 16 195
25 17 776
25 18 720
25 19 538
25 20 525
25 21 486
25 22 647
25 23 1068
25 24 633
25 25 0
25 26 312
25 27 1211
25 28 733
25 29 1099
25 30 258
25 31 583
25 32 1147
25 33 306
25 34 631
25 35 1195
25 36 354
25 37 679
25 38 1243
25 39 402
25 40 727
25 41 1291
25 42 450
25 43 775
25 44 1339
25 45 498
25 46 823
25 47 1387
25 48 546
25 49 871
25 50 1435
25 51 594
25 52 919
25 53 1483
25 54 642
25 55 967
25 56 1531
25 57 690
25 58 1015
25 59 1579
25 60 738
25 61 1063
25 62 1627
25 63 786
25 64 1111
25 65 1219
26 0 1531
26 1 1318
26 2 1335
26 3 208
26 4 867
26 5 911
26 6 651
26 7 443
26 8 889
26 9 1283
26 10 720
26 11 850
26 12 1231
26 13 755
26 14 1104
26 15 733
26 16 507
26 17 1088
26 18 746
26 19 850
26 20 837
26 21 798
26 22 959
26 23 782
26 24 945
26 25 312
26 26 0
26 27 1523
26 28 733
26 29 1411
26 30 570
26 31 271
26 32 1459
26 33 618
26 34 319
26 35 1507
26 36 666
26 37 367
26 38 1555
26 39 714
26 40 415
26 41 1603
26 42 762
26 43 463
26 44 1651
26 45 810
26 46 511
26 47 1699
26 48 858
26 49 559
26 50 1747
26 51 906
26 52 607
26 53 1795
26 54 954
26 55 655
26 56 1843
26 57 1002
26 58 703
26 59 1891
26 60 1050
26 61 751
26 62 1939
26 63 1098
26 64 799
26 65 1531
27 0 488
27 1 461
27 2 444
27 3 1315
27 4 912
27 5 1102
27 6 1414
27 7 1622
27 8 890
27 9 496
27 10 1007
27 11 1215
27 12 548
27 13 946
27 14 1007
27 15 1332
27 16 1016
27 17 691
27 18 1319
27 19 1137
27 20 942
27 21 981
27 22 1054
27 23 1283
27 24 834
27 25 1211
27 26 1523
27 27 0
27 28 1332
27 29 368
27 30 953
27 31 1794
27 32 320
27 33 905
27 34 1746
27 35 272
27 36 857
27 37 1698
27 38 224
27 39 809
27 40 1650
27 41 176
27 42 761
27 43 1602
27 44 128
27 45 713
27 46 1554
27 47 176
27 48 761
27 49 1602
27 50 224
27 51 809
27 52 1650
27 53 272
27 54 857
27 55 1698
27 56 320
27 57 905
27 58 1746
27 59 368
27 60 953
27 61 1794
27 62 416
27 63 1001
27 64 1842
27 65 488
28 0 1436
28 1 1127
28 2 1240
28 3 837
28 4 772
28 5 720
28 6 746
28 7 538
28 8 698
28 9 1188
28 10 325
28 11 117
28 12 1136
28 13 564
28 14 913
28 15 0
28 16 538
28 17 993
28 18 13
28 19 195
28 20 646
28 21 607
28 22 768
28 23 877
28 24 850
28 25 733
28 26 733
28 27 1332
28 28 0
28 29 1316
28 30 475
28 31 462
28 32 1268
28 33 427
28 34 414
28 35 1316
28 36 475
28 37 462
28 38 1364
28 39 523
28 40 510
28 41 1412
28 42 571
28 43 558
28 44 1460
28 45 619
28 46 606
28 47 1508
28 48 667
28 49 654
28 50 1556
28 51 715
28 52 702
28 53 1604
28 54 763
28 55 750
28 56 1652
28 57 811
28 58 798
28 59 1700
28 60 859
28 61 846
28 62 1748
28 63 907
28 64 894
28 65 1436
29 0 120
29 1 189
29 2 76
29 3 1203
29 4 544
29 5 1182
29 6 1494
29 7 1702
29 8 618
29 9 128
29 10 991
29 11 1199
29 12 180
29 13 848
29 14 1375
29 15 1316
29 16 904
29 17 323
29 18 1303
29 19 1121
29 20 670
29 21 709
29 22 1230
29 23 1651
29 24 466
29 25 1099
29 26 1411
29 27 368
29 28 1316
29 29 0
29 30 841
29 31 1682
29 32 48
29 33 889
29 34 1730
29 35 96
29 36 937
29 37 1778
29 38 144
29 39 985
29 40 1826
29 41 192
29 42 1033
29 43 1874
29 44 240
29 45 1081
29 46 1922
29 47 288
29 48 1129
29 49 1970
29 50 336
29 51 1177
29 52 2018
29 53 384
29 54 1225
29 55 2066
29 56 432
29 57 1273
29 58 2114
29 59 480
29 60 1321
29 61 2162
29 62 528
29 63 1369
29 64 2210
29 65 120
30 0 961
30 1 748
30 2 765
30 3 362
30 4 297
30 5 341
30 6 653
30 7 861
30 8 319
30 9 713
30 10 150
30 11 358
30 12 661
30 13 185
30 14 534
30 15 475
30 16 63
30 17 518
30 18 462
30 19 280
30 20 267
30 21 228
30 22 389
30 23 810
30 24 375
30 25 258
30 26 570
30 27 953
30 28 475
30 29 841
30 30 0
30 31 841
30 32 889
30 33 48
30 34 889
30 35 937
30 36 96
30 37 937
30 38 985
30 39 144
30 40 985
30 41 1033
30 42 192
30 43 1033
30 44 1081
30 45 240
30 46 1081
30 47 1129
30 48 288
30 49 1129
30 50 1177
30 51 336
30 52 1177
30 53 1225
30 54 384
30 55 1225
30 56 1273
30 57 432
30 58 1273
30 59 1321
30 60 480
30 61 1321
30 62 1369
30 63 528
30 64 1369
30 65 961
31 0 1802
31 1 1589
31 2 1606
31 3 479
31 4 1138
31 5 692
31 6 380
31 7 172
31 8 1160
31 9 1554
31 10 787
31 11 579
31 12 1502
31 13 1026
31 14 1171
31 15 462
31 16 778
31 17 1359
31 18 475
31 19 657
31 20 1108
31 21 1069
31 22 740
31 23 511
31 24 1216
31 25 583
31 26 271
31 27 1794
31 28 462
31 29 1682
31 30 841
31 31 0
31 32 1730
31 33 889
31 34 48
31 35 1778
31 36 937
31 37 96
31 38 1826
31 39 985
31 40 144
31 41 1874
31 42 1033
31 43 192
31 44 1922
31 45 1081
31 46 240
31 47 1970
31 48 1129
31 49 288
31 50 2018
31 51 1177
31 52 336
31 53 2066
31 54 1225
31 55 384
31 56 2114
31 57 1273
31 58 432
31 59 2162
31 60 1321
31 61 480
31 62 2210
31 63 1369
31 64 528
31 65 1802
32 0 168
32 1 141
32 2 124
32 3 1251
32 4 592
32 5 1134
32 6 1446
32 7 1654
32 8 570
32 9 176
32 10 943
32 11 1151
32 12 228
32 13 800
32 14 1327
32 15 1268
32 16 952
32 17 371
32 18 1255
32 19 1073
32 20 622
32 21 661
32 22 1182
32 23 1603
32 24 514
32 25 1147
32 26 1459
32 27 320
32 28 1268
32 29 48
32 30 889
32 31 1730
32 32 0
32 33 841
32 34 1682
32 35 48
32 36 889
32 37 1730
32 38 96
32 39 937
32 40 1778
32 41 144
32 42 985
32 43 1826
32 44 192
32 45 1033
32 46 1874
32 47 240
32 48 1081
32 49 1922
32 50 288
32 51 1129
32 52 1970
32 53 336
32 54 1177
32 55 2018
32 56 384
32 57 1225
32 58 2066
32 59 432
32 60 1273
32 61 2114
32 62 480
32 63 1321
32 64 2162
32 65 168
33 0 1009
33 1 700
33 2 813
33 3 410
33 4 345
33 5 293
33 6 605
33 7 813
33 8 271
33 9 761
33 10 102
33 11 310
33 12 709
33 13 137
33 14 486
33 15 427
33 16 111
33 17 566
33 18 414
33 19 232
33 20 219
33 21 180
33 22 341
33 23 762
33 24 423
33 25 306
33 26 618
33 27 905
33 28 427
33 29 889
33 30 48
33 31 889
33 32 841
33 33 0
33 34 841
33 35 889
33 36 48
33 37 889
33 38 937
33 39 96
33 40 937
33 41 985
33 42 144
33 43 985
33 44 1033
33 45 192
33 46 1033
33 47 1081
33 48 240
33 49 1081
33 50 1129
33 51 288
33 52 1129
33 53 1177
33 54 336
33 55 1177
33 56 1225
33 57 384
33 58 1225
33 59 1273
33 60 432
33 61 1273
33 62 1321
33 63 480
33 64 1321
33 65 1009
34 0 1850
34 1 1541
34 2 1654
34 3 527
34 4 1186
34 5 644
34 6 332
34 7 124
34 8 1112
34 9 1602
34 10 739
34 11 531
34 12 1550
34 13 978
34 14 1123
34 15 414
34 16 826
34 17 1407
34 18 427
34 19 609
34 20 1060
34 21 1021
34 22 692
34 23 463
34 24 1264
34 25 631
34 26 319
34 27 1746
34 28 414
34 29 1730
34 30 889
34 31 48
34 32 1682
34 33 841
34 34 0
34 35 1730
34 36 889
34 37 48
34 38 1778
34 39 937
34 40 96
34 41 1826
34 42 985
34 43 144
34 44 1874
34 45 1033
34 46 192
34 47 1922
34 48 1081
34 49 240
34 50 1970
34 51 1129
34 52 288
34 53 2018
34 54 1177
34 55 336
34 56 2066
34 57 1225
34 58 384
34 59 2114
34 60 1273
34 61 432
34 62 2162
34 63 1321
34 64 480
34 65 1850
35 0 216
35 1 189
35 2 172
35 3 1299
35 4 640
35 5 1086
35 6 1398
35 7 1606
35 8 618
35 9 224
35 10 991
35 11 1199
35 12 276
35 13 752
35 14 1279
35 15 1316
35 16 1000
35 17 419
35 18 1303
35 19 1121
35 20 670
35 21 709
35 22 1134
35 23 1555
35 24 562
35 25 1195
35 26 1507
35 27 272
35 28 1316
35 29 96
35 30 937
35 31 1778
35 32 48
35 33 889
35 34 1730
35 35 0
35 36 841
35 37 1682
35 38 48
35 39 889
35 40 1730
35 41 96
35 42 937
35 43 1778
35 44 144
35 45 985
35 46 1826
35 47 192
35 48 1033
35 49 1874
35 50 240
35 51 1081
35 52 1922
35 53 288
35 54 1129
35 55 1970
35 56 336
35 57 1177
35 58 2018
35 59 384
35 60 1225
35 61 2066
35 62 432
35 63 1273
35 64 2114
35 65 216
36 0 1057
36 1 748
36 2 861
36 3 458
36 4 393
36 5 245
36 6 557
36 7 765
36 8 319
36 9 809
36 10 150
36 11 358
36 12 757
36 13 89
36 14 438
36 15 475
36 16 159
36 17 614
36 18 462
36 19 280
36 20 267
36 21 228
36 22 293
36 23 714
36 24 471
36 25 354
36 26 666
36 27 857
36 28 475
36 29 937
36 30 96
36 31 937
36 32 889
36 33 48
36 34 889
36 35 841
36 36 0
36 37 841
36 38 889
36 39 48
36 40 889
36 41 937
36 42 96
36 43 937
36 44 985
36 45 144
36 46 985
36 47 1033
36 48 192
36 49 1033
36 50 1081
36 51 240
36 52 1081
36 53 1129
36 54 288
36 55 1129
36 56 1177
36 57 336
36 58 1177
36 59 1225
36 60 384
36 61 1225
36 62 1273
36 63 432
36 64 1273
36 65 1057
37 0 1898
37 1 1589
37 2 1702
37 3 575
37 4 1234
37 5 596
37 6 284
37 7 76
37 8 1160
37 9 1650
37 10 787
37 11 579
37 12 1598
37 13 930
37 14 1075
37 15 462
37 16 874
37 17 1455
37 18 475
37 19 657
37 20 1108
37 21 1069
37 22 644
37 23 415
37 24 1312
37 25 679
37 26 367
37 27 1698
37 28 462
37 29 1778
37 30 937
37 31 96
37 32 1730
37 33 889
37 34 48
37 35 1682
37 36 841
37 37 0
37 38 1730
37 39 889
37 40 48
37 41 1778
37 42 937
37 43 96
37 44 1826
37 45 985
37 46 144
37 47 1874
37 48 1033
37 49 192
37 50 1922
37 51 1081
37 52 240
37 53 1970
37 54 1129
37 55 288
37 56 2018
37 57 1177
37 58 336
37 59 2066
37 60 1225
37 61 384
37 62 2114
37 63 1273
37 64 432
37 65 1898
38 0 264
38 1 237
38 2 220
38 3 1347
38 4 688
38 5 1134
38 6 1446
38 7 1654
38 8 666
38 9 272
38 10 1039
38 11 1247
38 12 324
38 13 800
38 14 1231
38 15 1364
38 16 1048
38 17 467
38 18 1351
38 19 1169
38 20 718
38 21 757
38 22 1086
38 23 1507
38 24 610
38 25 1243
38 26 1555
38 27 224
38 28 1364
38 29 144
38 30 985
38 31 1826
38 32 96
38 33 937
38 34 1778
38 35 48
38 36 889
38 37 1730
38 38 0
38 39 841
38 40 1682
38 41 48
38 42 889
38 43 1730
38 44 96
38 45 937
38 46 1778
38 47 144
38 48 985
38 49 1826
38 50 192
38 51 1033
38 52 1874
38 53 240
38 54 1081
38 55 1922
38 56 288
38 57 1129
38 58 1970
38 59 336
38 60 1177
38 61 2018
38 62 384
38 63 1225
38 64 2066
38 65 264
39 0 1105
39 1 796
39 2 909
39 3 506
39 4 441
39 5 293
39 6 605
39 7 813
39 8 367
39 9 857
39 10 198
39 11 406
39 12 805
39 13 137
39 14 390
39 15 523
39 16 207
39 17 662
39 18 510
39 19 328
39 20 315
39 21 276
39 22 245
39 23 666
39 24 519
39 25 402
39 26 714
39 27 809
39 28 523
39 29 985
39 30 144
39 31 985
39 32 937
39 33 96
39 34 937
39 35 889
39 36 48
39 37 889
39 38 841
39 39 0
39 40 841
39 41 889
39 42 48
39 43 889
39 44 937
39 45 96
39 46 937
39 47 985
39 48 144
39 49 985
39 50 1033
39 51 192
39 52 1033
39 53 1081
39 54 240
39 55 1081
39 56 1129
39 57 288
39 58 1129
39 59 1177
39 60 336
39 61 1177
39 62 1225
39 63 384
39 64 1225
39 65 1105
40 0 1946
40 1 1637
40 2 1750
40 3 623
40 4 1282
40 5 644
40 6 332
40 7 124
40 8 1208
40 9 1698
40 10 835
40 11 627
40 12 1646
40 13 978
40 14 1027
40 15 510
40 16 922
40 17 1503
40 18 523
40 19 705
40 20 1156
40 21 1117
40 22 596
40 23 367
40 24 1360
40 25 727
40 26 415
40 27 1650
40 28 510
40 29 1826
40 30 985
40 31 144
40 32 1778
40 33 937
40 34 96
40 35 1730
40 36 889
40 37 48
40 38 1682
40 39 841
40 40 0
40 41 1730
40 42 889
40 43 48
40 44 1778
40 45 937
40 46 96
40 47 1826
40 48 985
40 49 144
40 50 1874
40 51 1033
40 52 192
40 53 1922
40 54 1081
40 55 240
40 56 1970
40 57 1129
40 58 288
40 59 2018
40 60 1177
40 61 336
40 62 2066
40 63 1225
40 64 384
40 65 1946
41 0 312
41 1 285
41 2 268
41 3 1395
41 4 736
41 5 1182
41 6 1494
41 7 1702
41 8 714
41 9 320
41 10 1087
41 11 1295
41 12 372
41 13 848
41 14 1183
41 15 1412
41 16 1096
41 17 515
41 18 1399
41 19 1217
41 20 766
41 21 805
41 22 1134
41 23 1459
41 24 658
41 25 1291
41 26 1603
41 27 176
41 28 1412
41 29 192
41 30 1033
41 31 1874
41 32 144
41 33 985
41 34 1826
41 35 96
41 36 937
41 37 1778
41 38 48
41 39 889
41 40 1730
41 41 0
41 42 841
41 43 1682
41 44 48
41 45 889
41 46 1730
41 47 96
41 48 937
41 49 1778
41 50 144
41 51 985
41 52 1826
41 53 192
41 54 1033
41 55 1874
41 56 240
41 57 1081
41 58 1922
41 59 288
41 60 1129
41 61 1970
41 62 336
41 63 1177
41 64 2018
41 65 312
42 0 1153
42 1 844
42 2 957
42 3 554
42 4 489
42 5 341
42 6 653
42 7 861
42 8 415
42 9 905
42 10 246
42 11 454
42 12 853
42 13 185
42 14 342
42 15 571
42 16 255
42 17 710
42 18 558
42 19 376
42 20 363
42 21 324
42 22 293
42 23 618
42 24 567
42 25 450
42 26 762
42 27 761
42 28 571
42 29 1033
42 30 192
42 31 1033
42 32 985
42 33 144
42 34 985
42 35 937
42 36 96
42 37 937
42 38 889
42 39 48
42 40 889
42 41 841
42 42 0
42 43 841
42 44 889
42 45 48
42 46 889
42 47 937
42 48 96
42 49 937
42 50 985
42 51 144
42 52 985
42 53 1033
42 54 192
42 55 1033
42 56 1081
42 57 240
42 58 1081
42 59 1129
42 60 288
42 61 1129
42 62 1177
42 63 336
42 64 1177
42 65 1153
43 0 1994
43 1 1685
43 2 1798
43 3 671
43 4 1330
43 5 692
43 6 380
43 7 172
43 8 1256
43 9 1746
43 10 883
43 11 675
43 12 1694
43 13 1026
43 14 979
43 15 558
43 16 970
43 17 1551
43 18 571
43 19 753
43 20 1204
43 21 1165
43 22 644
43 23 319
43 24 1408
43 25 775
43 26 463
43 27 1602
43 28 558
43 29 1874
43 30 1033
43 31 192
43 32 1826
43 33 985
43 34 144
43 35 1778
43 36 937
43 37 96
43 38 1730
43 39 889
43 40 48
43 41 1682
43 42 841
43 43 0
43 44 1730
43 45 889
43 46 48
43 47 1778
43 48 937
43 49 96
43 50 1826
43 51 985
43 52 144
43 53 1874
43 54 1033
43 55 192
43 56 1922
43 57 1081
43 58 240
43 59 1970
43 60 1129
43 61 288
43 62 2018
43 63 1177
43 64 336
43 65 1994
44 0 360
44 1 333
44 2 316
44 3 1443
44 4 784
44 5 1230
44 6 1542
44 7 1750
44 8 762
44 9 368
44 10 1135
44 11 1343
44 12 420
44 13 896
44 14 1135
44 15 1460
44 16 1144
44 17 563
44 18 1447
44 19 1265
44 20 814
44 21 853
44 22 1182
44 23 1411
44 24 706
44 25 1339
44 26 1651
44 27 128
44 28 1460
44 29 240
44 30 1081
44 31 1922
44 32 192
44 33 1033
44 34 1874
44 35 144
44 36 985
44 37 1826
44 38 96
44 39 937
44 40 1778
44 41 48
44 42 889
44 43 1730
44 44 0
44 45 841
44 46 1682
44 47 48
44 48 889
44 49 1730
44 50 96
44 51 937
44 52 1778
44 53 144
44 54 985
44 55 1826
44 56 192
44 57 1033
44 58 1874
44 59 240
44 60 1081
44 61 1922
44 62 288
44 63 1129
44 64 1970
44 65 360
45 0 1201
45 1 892
45 2 1005
45 3 602
45 4 537
45 5 389
45 6 701
45 7 909
45 8 463
45 9 953
45 10 294
45 11 502
45 12 901
45 13 233
45 14 294
45 15 619
45 16 303
45 17 758
45 18 606
45 19 424
45 20 411
45 21 372
45 22 341
45 23 570
45 24 615
45 25 498
45 26 810
45 27 713
45 28 619
45 29 1081
45 30 240
45 31 1081
45 32 1033
45 33 192
45 34 1033
45 35 985
45 36 144
45 37 985
45 38 937
45 39 96
45 40 937
45 41 889
45 42 48
45 43 889
45 44 841
45 45 0
45 46 841
45 47 889
45 48 48
45 49 889
45 50 937
45 51 96
45 52 937
45 53 985
45 54 144
45 55 985
45 56 1033
45 57 192
45 58 1033
45 59 1081
45 60 240
45 61 1081
45 62 1129
45 63 288
45 64 1129
45 65 1201
46 0 2042
46 1 1733
46 2 1846
46 3 719
46 4 1378
46 5 740
46 6 428
46 7 220
46 8 1304
46 9 1794
46 10 931
46 11 723
46 12 1742
46 13 1074
46 14 931
46 15 606
46 16 1018
46 17 1599
46 18 619
46 19 801
46 20 1252
46 21 1213
46 22 692
46 23 271
46 24 1456
46 25 823
46 26 511
46 27 1554
46 28 606
46 29 1922
46 30 1081
46 31 240
46 32 1874
46 33 1033
46 34 192
46 35 1826
46 36 985
46 37 144
46 38 1778
46 39 937
46 40 96
46 41 1730
46 42 889
46 43 48
46 44 1682
46 45 841
46 46 0
46 47 1730
46 48 889
46 49 48
46 50 1778
46 51 937
46 52 96
46 53 1826
46 54 985
46 55 144
46 56 1874
46 57 1033
46 58 192
46 59 1922
46 60 1081
46 61 240
46 62 1970
46 63 1129
46 64 288
46 65 2042
47 0 408
47 1 381
47 2 364
47 3 1491
47 4 832
47 5 1278
47 6 1590
47 7 1798
47 8 810
47 9 416
47 10 1183
47 11 1391
47 12 468
47 13 944
47 14 1087
47 15 1508
47 16 1192
47 17 611
47 18 1495
47 19 1313
47 20 862
47 21 901
47 22 1230
47 23 1459
47 24 754
47 25 1387
47 26 1699
47 27 176
47 28 1508
47 29 288
47 30 1129
47 31 1970
47 32 240
47 33 1081
47 34 1922
47 35 192
47 36 1033
47 37 1874
47 38 144
47 39 985
47 40 1826
47 41 96
47 42 937
47 43 1778
47 44 48
47 45 889
47 46 1730
47 47 0
47 48 841
47 49 1682
47 50 48
47 51 889
47 52 1730
47 53 96
47 54 937
47 55 1778
47 56 144
47 57 985
47 58 1826
47 59 192
47 60 1033
47 61 1874
47 62 240
47 63 1081
47 64 1922
47 65 408
48 0 1249
48 1 940
48 2 1053
48 3 650
48 4 585
48 5 437
48 6 749
48 7 957
48 8 511
48 9 1001
48 10 342
48 11 550
48 12 949
48 13 281
48 14 246
48 15 667
48 16 351
48 17 806
48 18 654
48 19 472
48 20 459
48 21 420
48 22 389
48 23 618
48 24 663
48 25 546
48 26 858
48 27 761
48 28 667
48 29 1129
48 30 288
48 31 1129
48 32 1081
48 33 240
48 34 1081
48 35 1033
48 36 192
48 37 1033
48 38 985
48 39 144
48 40 985
48 41 937
48 42 96
48 43 937
48 44 889
48 45 48
48 46 889
48 47 841
48 48 0
48 49 841
48 50 889
48 51 48
48 52 889
48 53 937
48 54 96
48 55 937
48 56 985
48 57 144
48 58 985
48 59 1033
48 60 192
48 61 1033
48 62 1081
48 63 240
48 64 1081
48 65 1249
49 0 2090
49 1 1781
49 2 1894
49 3 767
49 4 1426
49 5 788
49 6 476
49 7 268
49 8 1352
49 9 1842
49 10 979
49 11 771
49 12 1790
49 13 1122
49 14 883
49 15 654
49 16 1066
49 17 1647
49 18 667
49 19 849
49 20 1300
49 21 1261
49 22 740
49 23 319
49 24 1504
49 25 871
49 26 559
49 27 1602
49 28 654
49 29 1970
49 30 1129
49 31 288
49 32 1922
49 33 1081
49 34 240
49 35 1874
49 36 1033
49 37 192
49 38 1826
49 39 985
49 40 144
49 41 1778
49 42 937
49 43 96
49 44 1730
49 45 889
49 46 48
49 47 1682
49 48 841
49 49 0
49 50 1730
49 51 889
49 52 48
49 53 1778
49 54 937
49 55 96
49 56 1826
49 57 985
49 58 144
49 59 1874
49 60 1033
49 61 192
49 62 1922
49 63 1081
49 64 240
49 65 2090
50 0 456
50 1 429
50 2 412
50 3 1539
50 4 880
50 5 1326
50 6 1638
50 7 1846
50 8 858
50 9 464
50 10 1231
50 11 1439
50 12 516
50 13 992
50 14 1039
50 15 1556
50 16 1240
50 17 659
50 18 1543
50 19 1361
50 20 910
50 21 949
50 22 1278
50 23 1507
50 24 802
50 25 1435
50 26 1747
50 27 224
50 28 1556
50 29 336
50 30 1177
50 31 2018
50 32 288
50 33 1129
50 34 1970
50 35 240
50 36 1081
50 37 1922
50 38 192
50 39 1033
50 40 1874
50 41 144
50 42 985
50 43 1826
50 44 96
50 45 937
50 46 1778
50 47 48
50 48 889
50 49 1730
50 50 0
50 51 841
50 52 1682
50 53 48
50 54 889
50 55 1730
50 56 96
50 57 937
50 58 1778
50 59 144
50 60 985
50 61 1826
50 62 192
50 63 1033
50 64 1874
50 65 456
51 0 1297
51 1 988
51 2 1101
51 3 698
51 4 633
51 5 485
51 6 797
51 7 1005
51 8 559
51 9 1049
51 10 390
51 11 598
51 12 997
51 13 329
51 14 198
51 15 715
51 16 399
51 17 854
51 18 702
51 19 520
51 20 507
51 21 468
51 22 437
51 23 666
51 24 711
51 25 594
51 26 906
51 27 809
51 28 715
51 29 1177
51 30 336
51 31 1177
51 32 1129
51 33 288
51 34 1129
51 35 1081
51 36 240
51 37 1081
51 38 1033
51 39 192
51 40 1033
51 41 985
51 42 144
51 43 985
51 44 937
51 45 96
51 46 937
51 47 889
51 48 48
51 49 889
51 50 841
51 51 0
51 52 841
51 53 889
51 54 48
51 55 889
51 56 937
51 57 96
51 58 937
51 59 985
51 60 144
51 61 985
51 62 1033
51 63 192
51 64 1033
51 65 1297
52 0 2138
52 1 1829
52 2 1942
52 3 815
52 4 1474
52 5 836
52 6 524
52 7 316
52 8 1400
52 9 1890
52 10 1027
52 11 819
52 12 1838
52 13 1170
52 14 835
52 15 702
52 16 1114
52 17 1695
52 18 715
52 19 897
52 20 1348
52 21 1309
52 22 788
52 23 367
52 24 1552
52 25 919
52 26 607
52 27 1650
52 28 702
52 29 2018
52 30 1177
52 31 336
52 32 1970
52 33 1129
52 34 288
52 35 1922
52 36 1081
52 37 240
52 38 1874
52 39 1033
52 40 192
52 41 1826
52 42 985
52 43 144
52 44 1778
52 45 937
52 46 96
52 47 1730
52 48 889
52 49 48
52 50 1682
52 51 841
52 52 0
52 53 1730
52 54 889
52 55 48
52 56 1778
52 57 937
52 58 96
52 59 1826
52 60 985
52 61 144
52 62 1874
52 63 1033
52 64 192
52 65 2138
53 0 504
53 1 477
53 2 460
53 3 1587
53 4 928
53 5 1374
53 6 1686
53 7 1894
53 8 906
53 9 512
53 10 1279
53 11 1487
53 12 564
53 13 1040
53 14 991
53 15 1604
53 16 1288
53 17 707
53 18 1591
53 19 1409
53 20 958
53 21 997
53 22 1326
53 23 1555
53 24 850
53 25 1483
53 26 1795
53 27 272
53 28 1604
53 29 384
53 30 1225
53 31 2066
53 32 336
53 33 1177
53 34 2018
53 35 288
53 36 1129
53 37 1970
53 38 240
53 39 1081
53 40 1922
53 41 192
53 42 1033
53 43 1874
53 44 144
53 45 985
53 46 1826
53 47 96
53 48 937
53 49 1778
53 50 48
53 51 889
53 52 1730
53 53 0
53 54 841
53 55 1682
53 56 48
53 57 889
53 58 1730
53 59 96
53 60 937
53 61 1778
53 62 144
53 63 985
53 64 1826
53 65 504
54 0 1345
54 1 1036
54 2 1149
54 3 746
54 4 681
54 5 533
54 6 845
54 7 1053
54 8 607
54 9 1097
54 10 438
54 11 646
54 12 1045
54 13 377
54 14 150
54 15 763
54 16 447
54 17 902
54 18 750
54 19 568
54 20 555
54 21 516
54 22 485
54 23 714
54 24 759
54 25 642
54 26 954
54 27 857
54 28 763
54 29 1225
54 30 384
54 31 1225
54 32 1177
54 33 336
54 34 1177
54 35 1129
54 36 288
54 37 1129
54 38 1081
54 39 240
54 40 1081
54 41 1033
54 42 192
54 43 1033
54 44 985
54 45 144
54 46 985
54 47 937
54 48 96
54 49 937
54 50 889
54 51 48
54 52 889
54 53 841
54 54 0
54 55 841
54 56 889
54 57 48
54 58 889
54 59 937
54 60 96
54 61 937
54 62 985
54 63 144
54 64 985
54 65 1345
55 0 2186
55 1 1877
55 2 1990
55 3 863
55 4 1522
55 5 884
55 6 572
55 7 364
55 8 1448
55 9 1938
55 10 1075
55 11 867
55 12 1886
55 13 1218
55 14 787
55 15 750
55 16 1162
55 17 1743
55 18 763
55 19 945
55 20 1396
55 21 1357
55 22 836
55 23 415
55 24 1600
55 25 967
55 26 655
55 27 1698
55 28 750
55 29 2066
55 30 1225
55 31 384
55 32 2018
55 33 1177
55 34 336
55 35 1970
55 36 1129
55 37 288
55 38 1922
55 39 1081
55 40 240
55 41 1874
55 42 1033
55 43 192
55 44 1826
55 45 985
55 46 144
55 47 1778
55 48 937
55 49 96
55 50 1730
55 51 889
55 52 48
55 53 1682
55 54 841
55 55 0
55 56 1730
55 57 889
55 58 48
55 59 1778
55 60 937
55 61 96
55 62 1826
55 63 985
55 64 144
55 65 2186
56 0 552
56 1 525
56 2 508
56 3 1635
56 4 976
56 5 1422
56 6 1734
56 7 1942
56 8 954
56 9 560
56 10 1327
56 11 1535
56 12 612
56 13 1088
56 14 943
56 15 1652
56 16 1336
56 17 755
56 18 1639
56 19 1457
56 20 1006
56 21 1045
56 22 1374
56 23 1603
56 24 898
56 25 1531
56 26 1843
56 27 320
56 28 1652
56 29 432
56 30 1273
56 31 2114
56 32 384
56 33 1225
56 34 2066
56 35 336
56 36 1177
56 37 2018
56 38 288
56 39 1129
56 40 1970
56 41 240
56 42 1081
56 43 1922
56 44 192
56 45 1033
56 46 1874
56 47 144
56 48 985
56 49 1826
56 50 96
56 51 937
56 52 1778
56 53 48
56 54 889
56 55 1730
56 56 0
56 57 841
56 58 1682
56 59 48
