//alpha
1
//NbLocations
88
//NbProducts
33
//NbPickers
2
//CapaPicker
12
//TimeToTravelOneDistanceUnit
3
//SetupTime
5400
//PickTime
300
//Products
//Idx Location Size
1 1 1
2 2 1
3 3 1
4 4 1
5 5 1
6 6 1
7 7 1
8 8 1
9 9 1
10 10 1
11 11 1
12 12 1
13 13 1
14 14 1
15 15 1
16 16 1
17 17 1
18 18 1
19 19 1
20 20 1
21 21 1
22 22 1
23 23 1
24 24 1
25 25 1
26 26 1
27 27 1
28 28 1
29 29 1
30 30 1
31 31 1
32 32 1
33 33 1
//Orders
//NbOrders
6
//Idx DueDate TardinessPenalty NbProdInOrder ProdIdx1 Qty1 ProdIdx2 Qty2 ...
1 144000 0 12 1 1 2 1 3 1 4 1 5 1 6 1 7 1 8 1 9 1 10 1 11 1 12 1
2 126000 0 3 13 1 14 1 15 1
3 72000 0 6 16 1 17 1 18 1 19 1 20 1 21 1
4 90000 0 1 22 1
5 108000 0 1 23 1
6 108000 0 10 24 1 25 1 26 1 27 1 28 1 29 1 30 1 31 1 32 1 33 1
//Graph (Products are vertices indexed from 1 to NbProducts)
//NbVerticesIntersections
54
//DepartingDepot
0
//ArrivalDepot
88
//Arcs
//Start End Distance
0 34 120
1 27 169
1 35 115
2 29 780
2 30 182
3 22 130
3 38 1012
4 11 26
4 28 247
5 46 505
5 47 726
6 32 455
6 51 648
7 14 559
7 44 505
8 10 117
8 31 299
9 35 310
9 36 921
10 8 117
10 13 286
11 4 26
11 23 52
12 67 232
12 68 999
13 10 286
13 40 206
14 7 559
14 45 167
15 26 91
15 34 544
16 25 299
16 52 479
17 68 752
17 69 479
18 58 1038
18 59 193
19 28 0
19 42 739
20 31 130
20 41 193
21 70 1194
21 71 37
22 3 130
22 39 89
23 11 52
23 41 167
24 49 128
24 50 1103
25 16 299
25 53 453
26 15 91
26 27 312
27 1 169
27 26 312
28 4 247
28 19 0
29 2 780
29 33 39
30 2 182
30 38 167
31 8 299
31 20 130
32 6 455
32 50 128
33 29 39
33 37 63
34 15 544
34 37 48
34 88 120
35 1 115
35 9 310
35 38 48
36 9 921
36 39 48
37 33 63
37 34 48
37 40 48
38 3 1012
38 30 167
38 35 48
38 41 48
39 22 89
39 36 48
39 42 48
40 13 206
40 37 48
40 43 48
41 20 193
41 23 167
41 38 48
41 44 48
42 19 739
42 39 48
42 45 48
43 40 48
43 44 1231
43 46 48
44 7 505
44 41 48
44 43 1231
44 47 48
45 14 167
45 42 48
45 48 48
46 5 505
46 43 48
46 49 48
47 5 726
47 44 48
47 48 1231
47 50 48
48 45 48
48 47 1231
48 51 48
49 24 128
49 46 48
49 52 48
50 24 1103
50 32 128
50 47 48
50 53 48
51 6 648
51 48 48
51 54 48
52 16 479
52 49 48
52 55 48
53 25 453
53 50 48
53 54 1231
53 56 48
54 51 48
54 53 1231
54 57 48
55 52 48
55 56 1231
55 58 48
56 53 48
56 55 1231
56 57 1231
56 59 48
57 54 48
57 56 1231
57 60 48
58 18 1038
58 55 48
58 61 48
59 18 193
59 56 48
59 60 1231
59 62 48
60 57 48
60 59 1231
60 63 48
61 58 48
61 62 1231
61 64 48
62 59 48
62 61 1231
62 63 1231
62 65 48
63 60 48
63 62 1231
63 66 48
64 61 48
64 65 1231
64 67 48
65 62 48
65 64 1231
65 66 1231
65 68 48
66 63 48
66 65 1231
66 69 48
67 12 232
67 64 48
67 70 48
68 12 999
68 17 752
68 65 48
68 71 48
69 17 479
69 66 48
69 72 48
70 21 1194
70 67 48
70 73 48
71 21 37
71 68 48
71 72 1231
71 74 48
72 69 48
72 71 1231
72 75 48
73 70 48
73 74 1231
73 76 48
74 71 48
74 73 1231
74 75 1231
74 77 48
75 72 48
75 74 1231
75 78 48
76 73 48
76 77 1231
76 79 48
77 74 48
77 76 1231
77 78 1231
77 80 48
78 75 48
78 77 1231
78 81 48
79 76 48
79 80 1231
79 82 48
80 77 48
80 79 1231
80 81 1231
80 83 48
81 78 48
81 80 1231
81 84 48
82 79 48
82 83 1231
82 85 48
83 80 48
83 82 1231
83 84 1231
83 86 48
84 81 48
84 83 1231
84 87 48
85 82 48
85 86 1231
86 83 48
86 85 1231
86 87 1231
87 84 48
87 86 1231
//LocStart LocEnd ShortestPath
0 0 0
0 1 1236
0 2 1050
0 3 2411
0 4 1692
0 5 817
0 6 2174
0 7 2000
0 8 825
0 9 1661
0 10 708
0 11 1666
0 12 880
0 13 422
0 14 2559
0 15 664
0 16 887
0 17 2631
0 18 1542
0 19 1939
0 20 1254
0 21 1890
0 22 2541
0 23 1614
0 24 488
0 25 1186
0 26 755
0 27 1067
0 28 1939
0 29 270
0 30 1232
0 31 1124
0 32 1719
0 33 231
0 34 120
0 35 1351
0 36 2582
0 37 168
0 38 1399
0 39 2630
0 40 216
0 41 1447
0 42 2678
0 43 264
0 44 1495
0 45 2726
0 46 312
0 47 1543
0 48 2774
0 49 360
0 50 1591
0 51 2822
0 52 408
0 53 1639
0 54 2870
0 55 456
0 56 1687
0 57 2918
0 58 504
0 59 1735
0 60 2966
0 61 552
0 62 1783
0 63 3014
0 64 600
0 65 1831
0 66 3062
0 67 648
0 68 1879
0 69 3110
0 70 696
0 71 1927
0 72 3158
0 73 744
0 74 1975
0 75 3206
0 76 792
0 77 2023
0 78 3254
0 79 840
0 80 2071
0 81 3302
0 82 888
0 83 2119
0 84 3350
0 85 936
0 86 2167
0 87 3398
0 88 0
1 0 1236
1 1 0
1 2 512
1 3 1175
1 4 456
1 5 1033
1 6 938
1 7 764
1 8 833
1 9 425
1 10 950
1 11 430
1 12 1642
1 13 1236
1 14 1323
1 15 572
1 16 1155
1 17 1395
1 18 692
1 19 703
1 20 404
1 21 728
1 22 1305
1 23 378
1 24 1458
1 25 856
1 26 481
1 27 169
1 28 703
1 29 1266
1 30 330
1 31 534
1 32 483
1 33 1227
1 34 1116
1 35 115
1 36 1346
1 37 1164
1 38 163
1 39 1394
1 40 1212
1 41 211
1 42 1442
1 43 1260
1 44 259
1 45 1490
1 46 1308
1 47 307
1 48 1538
1 49 1356
1 50 355
1 51 1586
1 52 1404
1 53 403
1 54 1634
1 55 1452
1 56 451
1 57 1682
1 58 1500
1 59 499
1 60 1730
1 61 1548
1 62 547
1 63 1778
1 64 1596
1 65 595
1 66 1826
1 67 1644
1 68 643
1 69 1874
1 70 1692
1 71 691
1 72 1922
1 73 1740
1 74 739
1 75 1970
1 76 1788
1 77 787
1 78 2018
1 79 1836
1 80 835
1 81 2066
1 82 1884
1 83 883
1 84 2114
1 85 1932
1 86 931
1 87 2162
1 88 1236
2 0 1050
2 1 512
2 2 0
2 3 1361
2 4 642
2 5 1219
2 6 1124
2 7 950
2 8 1019
2 9 707
2 10 1136
2 11 616
2 12 1594
2 13 1136
2 14 1509
2 15 1084
2 16 1341
2 17 1581
2 18 878
2 19 889
2 20 590
2 21 914
2 22 1491
2 23 564
2 24 1202
2 25 1042
2 26 993
2 27 681
2 28 889
2 29 780
2 30 182
2 31 720
2 32 669
2 33 819
2 34 930
2 35 397
2 36 1628
2 37 882
2 38 349
2 39 1580
2 40 930
2 41 397
2 42 1628
2 43 978
2 44 445
2 45 1676
2 46 1026
2 47 493
2 48 1724
2 49 1074
2 50 541
2 51 1772
2 52 1122
2 53 589
2 54 1820
2 55 1170
2 56 637
2 57 1868
2 58 1218
2 59 685
2 60 1916
2 61 1266
2 62 733
2 63 1964
2 64 1314
2 65 781
2 66 2012
2 67 1362
2 68 829
2 69 2060
2 70 1410
2 71 877
2 72 2108
2 73 1458
2 74 925
2 75 2156
2 76 1506
2 77 973
2 78 2204
2 79 1554
2 80 1021
2 81 2252
2 82 1602
2 83 1069
2 84 2300
2 85 1650
2 86 1117
2 87 2348
2 88 1050
3 0 2411
3 1 1175
3 2 1361
3 3 0
3 4 1253
3 5 1882
3 6 1059
3 7 1041
3 8 1682
3 9 1188
3 10 1799
3 11 1279
3 12 2491
3 13 2085
3 14 482
3 15 1747
3 16 2004
3 17 1178
3 18 1541
3 19 1006
3 20 1253
3 21 1577
3 22 130
3 23 1227
3 24 2307
3 25 1705
3 26 1656
3 27 1344
3 28 1006
3 29 2141
3 30 1179
3 31 1383
3 32 1332
3 33 2180
3 34 2291
3 35 1060
3 36 267
3 37 2243
3 38 1012
3 39 219
3 40 2291
3 41 1060
3 42 267
3 43 2339
3 44 1108
3 45 315
3 46 2387
3 47 1156
3 48 363
3 49 2435
3 50 1204
3 51 411
3 52 2483
3 53 1252
3 54 459
3 55 2531
3 56 1300
3 57 507
3 58 2579
3 59 1348
3 60 555
3 61 2627
3 62 1396
3 63 603
3 64 2675
3 65 1444
3 66 651
3 67 2723
3 68 1492
3 69 699
3 70 2771
3 71 1540
3 72 747
3 73 2819
3 74 1588
3 75 795
3 76 2867
3 77 1636
3 78 843
3 79 2915
3 80 1684
3 81 891
3 82 2963
3 83 1732
3 84 939
3 85 3011
3 86 1780
3 87 987
3 88 2411
4 0 1692
4 1 456
4 2 642
4 3 1253
4 4 0
4 5 1067
4 6 972
4 7 798
4 8 867
4 9 651
4 10 984
4 11 26
4 12 1676
4 13 1270
4 14 1201
4 15 1028
4 16 1189
4 17 1429
4 18 726
4 19 247
4 20 438
4 21 762
4 22 1123
4 23 78
4 24 1492
4 25 890
4 26 937
4 27 625
4 28 247
4 29 1422
4 30 460
4 31 568
4 32 517
4 33 1461
4 34 1572
4 35 341
4 36 1082
4 37 1524
4 38 293
4 39 1034
4 40 1476
4 41 245
4 42 986
4 43 1524
4 44 293
4 45 1034
4 46 1572
4 47 341
4 48 1082
4 49 1620
4 50 389
4 51 1130
4 52 1668
4 53 437
4 54 1178
4 55 1716
4 56 485
4 57 1226
4 58 1764
4 59 533
4 60 1274
4 61 1812
4 62 581
4 63 1322
4 64 1860
4 65 629
4 66 1370
4 67 1908
4 68 677
4 69 1418
4 70 1956
4 71 725
4 72 1466
4 73 2004
4 74 773
4 75 1514
4 76 2052
4 77 821
4 78 1562
4 79 2100
4 80 869
4 81 1610
4 82 2148
4 83 917
4 84 1658
4 85 2196
4 86 965
4 87 1706
4 88 1692
5 0 817
5 1 1033
5 2 1219
5 3 1882
5 4 1067
5 5 0
5 6 1357
5 7 1279
5 8 1210
5 9 1228
5 10 1093
5 11 1041
5 12 1073
5 13 807
5 14 1838
5 15 1241
5 16 1080
5 17 1814
5 18 1111
5 19 1314
5 20 1015
5 21 1147
5 22 2012
5 23 989
5 24 681
5 25 1275
5 26 1332
5 27 1202
5 28 1314
5 29 751
5 30 1037
5 31 1145
5 32 902
5 33 712
5 34 697
5 35 918
5 36 2149
5 37 649
5 38 870
5 39 2101
5 40 601
5 41 822
5 42 2053
5 43 553
5 44 774
5 45 2005
5 46 505
5 47 726
5 48 1957
5 49 553
5 50 774
5 51 2005
5 52 601
5 53 822
5 54 2053
5 55 649
5 56 870
5 57 2101
5 58 697
5 59 918
5 60 2149
5 61 745
5 62 966
5 63 2197
5 64 793
5 65 1014
5 66 2245
5 67 841
5 68 1062
5 69 2293
5 70 889
5 71 1110
5 72 2341
5 73 937
5 74 1158
5 75 2389
5 76 985
5 77 1206
5 78 2437
5 79 1033
5 80 1254
5 81 2485
5 82 1081
5 83 1302
5 84 2533
5 85 1129
5 86 1350
5 87 2581
5 88 817
6 0 2174
6 1 938
6 2 1124
6 3 1059
6 4 972
6 5 1357
6 6 0
6 7 1184
6 8 1349
6 9 1133
6 10 1466
6 11 946
6 12 1870
6 13 1752
6 14 911
6 15 1510
6 16 1383
6 17 1415
6 18 920
6 19 1219
6 20 920
6 21 956
6 22 929
6 23 894
6 24 1686
6 25 1084
6 26 1419
6 27 1107
6 28 1219
6 29 1904
6 30 942
6 31 1050
6 32 455
6 33 1943
6 34 2054
6 35 823
6 36 888
6 37 2006
6 38 775
6 39 840
6 40 1958
6 41 727
6 42 792
6 43 1910
6 44 679
6 45 744
6 46 1862
6 47 631
6 48 696
6 49 1814
6 50 583
6 51 648
6 52 1862
6 53 631
6 54 696
6 55 1910
6 56 679
6 57 744
6 58 1958
6 59 727
6 60 792
6 61 2006
6 62 775
6 63 840
6 64 2054
6 65 823
6 66 888
6 67 2102
6 68 871
6 69 936
6 70 2150
6 71 919
6 72 984
6 73 2198
6 74 967
6 75 1032
6 76 2246
6 77 1015
6 78 1080
6 79 2294
6 80 1063
6 81 1128
6 82 2342
6 83 1111
6 84 1176
6 85 2390
6 86 1159
6 87 1224
6 88 2174
7 0 2000
7 1 764
7 2 950
7 3 1041
7 4 798
7 5 1279
7 6 1184
7 7 0
7 8 1175
7 9 959
7 10 1292
7 11 772
7 12 1888
7 13 1578
7 14 559
7 15 1336
7 16 1401
7 17 1589
7 18 938
7 19 1045
7 20 746
7 21 974
7 22 911
7 23 720
7 24 1704
7 25 1102
7 26 1245
7 27 933
7 28 1045
7 29 1730
7 30 768
7 31 876
7 32 729
7 33 1769
7 34 1880
7 35 649
7 36 870
7 37 1832
7 38 601
7 39 822
7 40 1784
7 41 553
7 42 774
7 43 1736
7 44 505
7 45 726
7 46 1784
7 47 553
7 48 774
7 49 1832
7 50 601
7 51 822
7 52 1880
7 53 649
7 54 870
7 55 1928
7 56 697
7 57 918
7 58 1976
7 59 745
7 60 966
7 61 2024
7 62 793
7 63 1014
7 64 2072
7 65 841
7 66 1062
7 67 2120
7 68 889
7 69 1110
7 70 2168
7 71 937
7 72 1158
7 73 2216
7 74 985
7 75 1206
7 76 2264
7 77 1033
7 78 1254
7 79 2312
7 80 1081
7 81 1302
7 82 2360
7 83 1129
7 84 1350
7 85 2408
7 86 1177
7 87 1398
7 88 2000
8 0 825
8 1 833
8 2 1019
8 3 1682
8 4 867
8 5 1210
8 6 1349
8 7 1175
8 8 0
8 9 1028
8 10 117
8 11 841
8 12 1273
8 13 403
8 14 1734
8 15 1249
8 16 1280
8 17 1806
8 18 1103
8 19 1114
8 20 429
8 21 1139
8 22 1812
8 23 789
8 24 881
8 25 1267
8 26 1314
8 27 1002
8 28 1114
8 29 759
8 30 837
8 31 299
8 32 894
8 33 720
8 34 705
8 35 718
8 36 1949
8 37 657
8 38 670
8 39 1901
8 40 609
8 41 622
8 42 1853
8 43 657
8 44 670
8 45 1901
8 46 705
8 47 718
8 48 1949
8 49 753
8 50 766
8 51 1997
8 52 801
8 53 814
8 54 2045
8 55 849
8 56 862
8 57 2093
8 58 897
8 59 910
8 60 2141
8 61 945
8 62 958
8 63 2189
8 64 993
8 65 1006
8 66 2237
8 67 1041
8 68 1054
8 69 2285
8 70 1089
8 71 1102
8 72 2333
8 73 1137
8 74 1150
8 75 2381
8 76 1185
8 77 1198
8 78 2429
8 79 1233
8 80 1246
8 81 2477
8 82 1281
8 83 1294
8 84 2525
8 85 1329
8 86 1342
8 87 2573
8 88 825
9 0 1661
9 1 425
9 2 707
9 3 1188
9 4 651
9 5 1228
9 6 1133
9 7 959
9 8 1028
9 9 0
9 10 1145
9 11 625
9 12 1837
9 13 1431
9 14 1232
9 15 997
9 16 1350
9 17 1590
9 18 887
9 19 898
9 20 599
9 21 923
9 22 1058
9 23 573
9 24 1653
9 25 1051
9 26 906
9 27 594
9 28 898
9 29 1487
9 30 525
9 31 729
9 32 678
9 33 1526
9 34 1541
9 35 310
9 36 921
9 37 1589
9 38 358
9 39 969
9 40 1637
9 41 406
9 42 1017
9 43 1685
9 44 454
9 45 1065
9 46 1733
9 47 502
9 48 1113
9 49 1781
9 50 550
9 51 1161
9 52 1829
9 53 598
9 54 1209
9 55 1877
9 56 646
9 57 1257
9 58 1925
9 59 694
9 60 1305
9 61 1973
9 62 742
9 63 1353
9 64 2021
9 65 790
9 66 1401
9 67 2069
9 68 838
9 69 1449
9 70 2117
9 71 886
9 72 1497
9 73 2165
9 74 934
9 75 1545
9 76 2213
9 77 982
9 78 1593
9 79 2261
9 80 1030
9 81 1641
9 82 2309
9 83 1078
9 84 1689
9 85 2357
9 86 1126
9 87 1737
9 88 1661
10 0 708
10 1 950
10 2 1136
10 3 1799
10 4 984
10 5 1093
10 6 1466
10 7 1292
10 8 117
10 9 1145
10 10 0
10 11 958
10 12 1156
10 13 286
10 14 1851
10 15 1132
10 16 1163
10 17 1923
10 18 1220
10 19 1231
10 20 546
10 21 1256
10 22 1929
10 23 906
10 24 764
10 25 1384
10 26 1223
10 27 1119
10 28 1231
10 29 642
10 30 954
10 31 416
10 32 1011
10 33 603
10 34 588
10 35 835
10 36 2066
10 37 540
10 38 787
10 39 2018
10 40 492
10 41 739
10 42 1970
10 43 540
10 44 787
10 45 2018
10 46 588
10 47 835
10 48 2066
10 49 636
10 50 883
10 51 2114
10 52 684
10 53 931
10 54 2162
10 55 732
10 56 979
10 57 2210
10 58 780
10 59 1027
10 60 2258
10 61 828
10 62 1075
10 63 2306
10 64 876
10 65 1123
10 66 2354
10 67 924
10 68 1171
10 69 2402
10 70 972
10 71 1219
10 72 2450
10 73 1020
10 74 1267
10 75 2498
10 76 1068
10 77 1315
10 78 2546
10 79 1116
10 80 1363
10 81 2594
10 82 1164
10 83 1411
10 84 2642
10 85 1212
10 86 1459
10 87 2690
10 88 708
11 0 1666
11 1 430
11 2 616
11 3 1279
11 4 26
11 5 1041
11 6 946
11 7 772
11 8 841
11 9 625
11 10 958
11 11 0
11 12 1650
11 13 1244
11 14 1227
11 15 1002
11 16 1163
11 17 1403
11 18 700
11 19 273
11 20 412
11 21 736
11 22 1149
11 23 52
11 24 1466
11 25 864
11 26 911
11 27 599
11 28 273
11 29 1396
11 30 434
11 31 542
11 32 491
11 33 1435
11 34 1546
11 35 315
11 36 1108
11 37 1498
11 38 267
11 39 1060
11 40 1450
11 41 219
11 42 1012
11 43 1498
11 44 267
11 45 1060
11 46 1546
11 47 315
11 48 1108
11 49 1594
11 50 363
11 51 1156
11 52 1642
11 53 411
11 54 1204
11 55 1690
11 56 459
11 57 1252
11 58 1738
11 59 507
11 60 1300
11 61 1786
11 62 555
11 63 1348
11 64 1834
11 65 603
11 66 1396
11 67 1882
11 68 651
11 69 1444
11 70 1930
11 71 699
11 72 1492
11 73 1978
11 74 747
11 75 1540
11 76 2026
11 77 795
11 78 1588
11 79 2074
11 80 843
11 81 1636
11 82 2122
11 83 891
11 84 1684
11 85 2170
11 86 939
11 87 1732
11 88 1666
12 0 880
12 1 1642
12 2 1594
12 3 2491
12 4 1676
12 5 1073
12 6 1870
12 7 1888
12 8 1273
12 9 1837
12 10 1156
12 11 1650
12 12 0
12 13 870
12 14 2447
12 15 1304
12 16 951
12 17 1751
12 18 1336
12 19 1923
12 20 1624
12 21 1084
12 22 2621
12 23 1598
12 24 648
12 25 1250
12 26 1395
12 27 1707
12 28 1923
12 29 814
12 30 1646
12 31 1572
12 32 1415
12 33 775
12 34 760
12 35 1527
12 36 2758
12 37 712
12 38 1479
12 39 2710
12 40 664
12 41 1431
12 42 2662
12 43 616
12 44 1383
12 45 2614
12 46 568
12 47 1335
12 48 2566
12 49 520
12 50 1287
12 51 2518
12 52 472
12 53 1239
12 54 2470
12 55 424
12 56 1191
12 57 2422
12 58 376
12 59 1143
12 60 2374
12 61 328
12 62 1095
12 63 2326
12 64 280
12 65 1047
12 66 2278
12 67 232
12 68 999
12 69 2230
12 70 280
12 71 1047
12 72 2278
12 73 328
12 74 1095
12 75 2326
12 76 376
12 77 1143
12 78 2374
12 79 424
12 80 1191
12 81 2422
12 82 472
12 83 1239
12 84 2470
12 85 520
12 86 1287
12 87 2518
12 88 880
13 0 422
13 1 1236
13 2 1136
13 3 2085
13 4 1270
13 5 807
13 6 1752
13 7 1578
13 8 403
13 9 1431
13 10 286
13 11 1244
13 12 870
13 13 0
13 14 2137
13 15 846
13 16 877
13 17 2209
13 18 1506
13 19 1517
13 20 832
13 21 1542
13 22 2215
13 23 1192
13 24 478
13 25 1176
13 26 937
13 27 1249
13 28 1517
13 29 356
13 30 1240
13 31 702
13 32 1297
13 33 317
13 34 302
13 35 1121
13 36 2352
13 37 254
13 38 1073
13 39 2304
13 40 206
13 41 1025
13 42 2256
13 43 254
13 44 1073
13 45 2304
13 46 302
13 47 1121
13 48 2352
13 49 350
13 50 1169
13 51 2400
13 52 398
13 53 1217
13 54 2448
13 55 446
13 56 1265
13 57 2496
13 58 494
13 59 1313
13 60 2544
13 61 542
13 62 1361
13 63 2592
13 64 590
13 65 1409
13 66 2640
13 67 638
13 68 1457
13 69 2688
13 70 686
13 71 1505
13 72 2736
13 73 734
13 74 1553
13 75 2784
13 76 782
13 77 1601
13 78 2832
13 79 830
13 80 1649
13 81 2880
13 82 878
13 83 1697
13 84 2928
13 85 926
13 86 1745
13 87 2976
13 88 422
14 0 2559
14 1 1323
14 2 1509
14 3 482
14 4 1201
14 5 1838
14 6 911
14 7 559
14 8 1734
14 9 1232
14 10 1851
14 11 1227
14 12 2447
14 13 2137
14 14 0
14 15 1895
14 16 1960
14 17 1030
14 18 1497
14 19 954
14 20 1305
14 21 1533
14 22 352
14 23 1279
14 24 2263
14 25 1661
14 26 1804
14 27 1492
14 28 954
14 29 2289
14 30 1327
14 31 1435
14 32 1288
14 33 2328
14 34 2439
14 35 1208
14 36 311
14 37 2391
14 38 1160
14 39 263
14 40 2343
14 41 1112
14 42 215
14 43 2295
14 44 1064
14 45 167
14 46 2343
14 47 1112
14 48 215
14 49 2391
14 50 1160
14 51 263
14 52 2439
14 53 1208
14 54 311
14 55 2487
14 56 1256
14 57 359
14 58 2535
14 59 1304
14 60 407
14 61 2583
14 62 1352
14 63 455
14 64 2631
14 65 1400
14 66 503
14 67 2679
14 68 1448
14 69 551
14 70 2727
14 71 1496
14 72 599
14 73 2775
14 74 1544
14 75 647
14 76 2823
14 77 1592
14 78 695
14 79 2871
14 80 1640
14 81 743
14 82 2919
14 83 1688
14 84 791
14 85 2967
14 86 1736
14 87 839
14 88 2559
15 0 664
15 1 572
15 2 1084
15 3 1747
15 4 1028
15 5 1241
15 6 1510
15 7 1336
15 8 1249
15 9 997
15 10 1132
15 11 1002
15 12 1304
15 13 846
15 14 1895
15 15 0
15 16 1311
15 17 1967
15 18 1264
15 19 1275
15 20 976
15 21 1300
15 22 1877
15 23 950
15 24 912
15 25 1428
15 26 91
15 27 403
15 28 1275
15 29 694
15 30 902
15 31 1106
15 32 1055
15 33 655
15 34 544
15 35 687
15 36 1918
15 37 592
15 38 735
15 39 1966
15 40 640
15 41 783
15 42 2014
15 43 688
15 44 831
15 45 2062
15 46 736
15 47 879
15 48 2110
15 49 784
15 50 927
15 51 2158
15 52 832
15 53 975
15 54 2206
15 55 880
15 56 1023
15 57 2254
15 58 928
15 59 1071
15 60 2302
15 61 976
15 62 1119
15 63 2350
15 64 1024
15 65 1167
15 66 2398
15 67 1072
15 68 1215
15 69 2446
15 70 1120
15 71 1263
15 72 2494
15 73 1168
15 74 1311
15 75 2542
15 76 1216
15 77 1359
15 78 2590
15 79 1264
15 80 1407
15 81 2638
15 82 1312
15 83 1455
15 84 2686
15 85 1360
15 86 1503
15 87 2734
15 88 664
16 0 887
16 1 1155
16 2 1341
16 3 2004
16 4 1189
16 5 1080
16 6 1383
16 7 1401
16 8 1280
16 9 1350
16 10 1163
16 11 1163
16 12 951
16 13 877
16 14 1960
16 15 1311
16 16 0
16 17 1744
16 18 1041
16 19 1436
16 20 1137
16 21 1077
16 22 2134
16 23 1111
16 24 655
16 25 299
16 26 1402
16 27 1324
16 28 1436
16 29 821
16 30 1159
16 31 1267
16 32 928
16 33 782
16 34 767
16 35 1040
16 36 2271
16 37 719
16 38 992
16 39 2223
16 40 671
16 41 944
16 42 2175
16 43 623
16 44 896
16 45 2127
16 46 575
16 47 848
16 48 2079
16 49 527
16 50 800
16 51 2031
16 52 479
16 53 752
16 54 1983
16 55 527
16 56 800
16 57 2031
16 58 575
16 59 848
16 60 2079
16 61 623
16 62 896
16 63 2127
16 64 671
16 65 944
16 66 2175
16 67 719
16 68 992
16 69 2223
16 70 767
16 71 1040
16 72 2271
16 73 815
16 74 1088
16 75 2319
16 76 863
16 77 1136
16 78 2367
16 79 911
16 80 1184
16 81 2415
16 82 959
16 83 1232
16 84 2463
16 85 1007
16 86 1280
16 87 2511
16 88 887
17 0 2631
17 1 1395
17 2 1581
17 3 1178
17 4 1429
17 5 1814
17 6 1415
17 7 1589
17 8 1806
17 9 1590
17 10 1923
17 11 1403
17 12 1751
17 13 2209
17 14 1030
17 15 1967
17 16 1744
17 17 0
17 18 1089
17 19 1650
17 20 1377
17 21 837
17 22 1048
17 23 1351
17 24 2143
17 25 1445
17 26 1876
17 27 1564
17 28 1650
17 29 2361
17 30 1399
17 31 1507
17 32 1168
17 33 2400
17 34 2511
17 35 1280
17 36 1007
17 37 2463
17 38 1232
17 39 959
17 40 2415
17 41 1184
17 42 911
17 43 2367
17 44 1136
17 45 863
17 46 2319
17 47 1088
17 48 815
17 49 2271
17 50 1040
17 51 767
17 52 2223
17 53 992
17 54 719
17 55 2175
17 56 944
17 57 671
17 58 2127
17 59 896
17 60 623
17 61 2079
17 62 848
17 63 575
17 64 2031
17 65 800
17 66 527
17 67 1983
17 68 752
17 69 479
17 70 2031
17 71 800
17 72 527
17 73 2079
17 74 848
17 75 575
17 76 2127
17 77 896
17 78 623
17 79 2175
17 80 944
17 81 671
17 82 2223
17 83 992
17 84 719
17 85 2271
17 86 1040
17 87 767
17 88 2631
18 0 1542
18 1 692
18 2 878
18 3 1541
18 4 726
18 5 1111
18 6 920
18 7 938
18 8 1103
18 9 887
18 10 1220
18 11 700
18 12 1336
18 13 1506
18 14 1497
18 15 1264
18 16 1041
18 17 1089
18 18 0
18 19 973
18 20 674
18 21 422
18 22 1671
18 23 648
18 24 1310
18 25 742
18 26 1173
18 27 861
18 28 973
18 29 1476
18 30 696
18 31 804
18 32 465
18 33 1437
18 34 1422
18 35 577
18 36 1808
18 37 1374
18 38 529
18 39 1760
18 40 1326
18 41 481
18 42 1712
18 43 1278
18 44 433
18 45 1664
18 46 1230
18 47 385
18 48 1616
18 49 1182
18 50 337
18 51 1568
18 52 1134
18 53 289
18 54 1520
18 55 1086
18 56 241
18 57 1472
18 58 1038
18 59 193
18 60 1424
18 61 1086
18 62 241
18 63 1472
18 64 1134
18 65 289
18 66 1520
18 67 1182
18 68 337
18 69 1568
18 70 1230
18 71 385
18 72 1616
18 73 1278
18 74 433
18 75 1664
18 76 1326
18 77 481
18 78 1712
18 79 1374
18 80 529
18 81 1760
18 82 1422
18 83 577
18 84 1808
18 85 1470
18 86 625
18 87 1856
18 88 1542
19 0 1939
19 1 703
19 2 889
19 3 1006
19 4 247
19 5 1314
19 6 1219
19 7 1045
19 8 1114
19 9 898
19 10 1231
19 11 273
19 12 1923
19 13 1517
19 14 954
19 15 1275
19 16 1436
19 17 1650
19 18 973
19 19 0
19 20 685
19 21 1009
19 22 876
19 23 325
19 24 1739
19 25 1137
19 26 1184
19 27 872
19 28 0
19 29 1669
19 30 707
19 31 815
19 32 764
19 33 1708
19 34 1819
19 35 588
19 36 835
19 37 1771
19 38 540
19 39 787
19 40 1723
19 41 492
19 42 739
19 43 1771
19 44 540
19 45 787
19 46 1819
19 47 588
19 48 835
19 49 1867
19 50 636
19 51 883
19 52 1915
19 53 684
19 54 931
19 55 1963
19 56 732
19 57 979
19 58 2011
19 59 780
19 60 1027
19 61 2059
19 62 828
19 63 1075
19 64 2107
19 65 876
19 66 1123
19 67 2155
19 68 924
19 69 1171
19 70 2203
19 71 972
19 72 1219
19 73 2251
19 74 1020
19 75 1267
19 76 2299
19 77 1068
19 78 1315
19 79 2347
19 80 1116
19 81 1363
19 82 2395
19 83 1164
19 84 1411
19 85 2443
19 86 1212
19 87 1459
19 88 1939
20 0 1254
20 1 404
20 2 590
20 3 1253
20 4 438
20 5 1015
20 6 920
20 7 746
20 8 429
20 9 599
20 10 546
20 11 412
20 12 1624
20 13 832
20 14 1305
20 15 976
20 16 1137
20 17 1377
20 18 674
20 19 685
20 20 0
20 21 710
20 22 1383
20 23 360
20 24 1310
20 25 838
20 26 885
20 27 573
20 28 685
20 29 1188
20 30 408
20 31 130
20 32 465
20 33 1149
20 34 1134
20 35 289
20 36 1520
20 37 1086
20 38 241
20 39 1472
20 40 1038
20 41 193
20 42 1424
20 43 1086
20 44 241
20 45 1472
20 46 1134
20 47 289
20 48 1520
20 49 1182
20 50 337
20 51 1568
20 52 1230
20 53 385
20 54 1616
20 55 1278
20 56 433
20 57 1664
20 58 1326
20 59 481
20 60 1712
20 61 1374
20 62 529
20 63 1760
20 64 1422
20 65 577
20 66 1808
20 67 1470
20 68 625
20 69 1856
20 70 1518
20 71 673
20 72 1904
20 73 1566
20 74 721
20 75 1952
20 76 1614
20 77 769
20 78 2000
20 79 1662
20 80 817
20 81 2048
20 82 1710
20 83 865
20 84 2096
20 85 1758
20 86 913
20 87 2144
20 88 1254
21 0 1890
21 1 728
21 2 914
21 3 1577
21 4 762
21 5 1147
21 6 956
21 7 974
21 8 1139
21 9 923
21 10 1256
21 11 736
21 12 1084
21 13 1542
21 14 1533
21 15 1300
21 16 1077
21 17 837
21 18 422
21 19 1009
21 20 710
21 21 0
21 22 1707
21 23 684
21 24 1476
21 25 778
21 26 1209
21 27 897
21 28 1009
21 29 1694
21 30 732
21 31 840
21 32 501
21 33 1733
21 34 1770
21 35 613
21 36 1844
21 37 1722
21 38 565
21 39 1796
21 40 1674
21 41 517
21 42 1748
21 43 1626
21 44 469
21 45 1700
21 46 1578
21 47 421
21 48 1652
21 49 1530
21 50 373
21 51 1604
21 52 1482
21 53 325
21 54 1556
21 55 1434
21 56 277
21 57 1508
21 58 1386
21 59 229
21 60 1460
21 61 1338
21 62 181
21 63 1412
21 64 1290
21 65 133
21 66 1364
21 67 1242
21 68 85
21 69 1316
21 70 1194
21 71 37
21 72 1268
21 73 1242
21 74 85
21 75 1316
21 76 1290
21 77 133
21 78 1364
21 79 1338
21 80 181
21 81 1412
21 82 1386
21 83 229
21 84 1460
21 85 1434
21 86 277
21 87 1508
21 88 1890
22 0 2541
22 1 1305
22 2 1491
22 3 130
22 4 1123
22 5 2012
22 6 929
22 7 911
22 8 1812
22 9 1058
22 10 1929
22 11 1149
22 12 2621
22 13 2215
22 14 352
22 15 1877
22 16 2134
22 17 1048
22 18 1671
22 19 876
22 20 1383
22 21 1707
22 22 0
22 23 1201
22 24 2437
22 25 1835
22 26 1786
22 27 1474
22 28 876
22 29 2271
22 30 1309
22 31 1513
22 32 1384
22 33 2310
22 34 2421
22 35 1190
22 36 137
22 37 2373
22 38 1142
22 39 89
22 40 2421
22 41 1190
22 42 137
22 43 2469
22 44 1238
22 45 185
22 46 2517
22 47 1286
22 48 233
22 49 2565
22 50 1334
22 51 281
22 52 2613
22 53 1382
22 54 329
22 55 2661
22 56 1430
22 57 377
22 58 2709
22 59 1478
22 60 425
22 61 2757
22 62 1526
22 63 473
22 64 2805
22 65 1574
22 66 521
22 67 2853
22 68 1622
22 69 569
22 70 2901
22 71 1670
22 72 617
22 73 2949
22 74 1718
22 75 665
22 76 2997
22 77 1766
22 78 713
22 79 3045
22 80 1814
22 81 761
22 82 3093
22 83 1862
22 84 809
22 85 3141
22 86 1910
22 87 857
22 88 2541
23 0 1614
23 1 378
23 2 564
23 3 1227
23 4 78
23 5 989
23 6 894
23 7 720
23 8 789
23 9 573
23 10 906
23 11 52
23 12 1598
23 13 1192
23 14 1279
23 15 950
23 16 1111
23 17 1351
23 18 648
23 19 325
23 20 360
23 21 684
23 22 1201
23 23 0
23 24 1414
23 25 812
23 26 859
23 27 547
23 28 325
23 29 1344
23 30 382
23 31 490
23 32 439
23 33 1383
23 34 1494
23 35 263
23 36 1160
23 37 1446
23 38 215
23 39 1112
23 40 1398
23 41 167
23 42 1064
23 43 1446
23 44 215
23 45 1112
23 46 1494
23 47 263
23 48 1160
23 49 1542
23 50 311
23 51 1208
23 52 1590
23 53 359
23 54 1256
23 55 1638
23 56 407
23 57 1304
23 58 1686
23 59 455
23 60 1352
23 61 1734
23 62 503
23 63 1400
23 64 1782
23 65 551
23 66 1448
23 67 1830
23 68 599
23 69 1496
23 70 1878
23 71 647
23 72 1544
23 73 1926
23 74 695
23 75 1592
23 76 1974
23 77 743
23 78 1640
23 79 2022
23 80 791
23 81 1688
23 82 2070
23 83 839
23 84 1736
23 85 2118
23 86 887
23 87 1784
23 88 1614
24 0 488
24 1 1458
24 2 1202
24 3 2307
24 4 1492
24 5 681
24 6 1686
24 7 1704
24 8 881
24 9 1653
24 10 764
24 11 1466
24 12 648
24 13 478
24 14 2263
24 15 912
24 16 655
24 17 2143
24 18 1310
24 19 1739
24 20 1310
24 21 1476
24 22 2437
24 23 1414
24 24 0
24 25 954
24 26 1003
24 27 1315
24 28 1739
24 29 422
24 30 1384
24 31 1180
24 32 1231
24 33 383
24 34 368
24 35 1343
24 36 2574
24 37 320
24 38 1295
24 39 2526
24 40 272
24 41 1247
24 42 2478
24 43 224
24 44 1199
24 45 2430
24 46 176
24 47 1151
24 48 2382
24 49 128
24 50 1103
24 51 2334
24 52 176
24 53 1151
24 54 2382
24 55 224
24 56 1199
24 57 2430
24 58 272
24 59 1247
24 60 2478
24 61 320
24 62 1295
24 63 2526
24 64 368
24 65 1343
24 66 2574
24 67 416
24 68 1391
24 69 2622
24 70 464
24 71 1439
24 72 2670
24 73 512
24 74 1487
24 75 2718
24 76 560
24 77 1535
24 78 2766
24 79 608
24 80 1583
24 81 2814
24 82 656
24 83 1631
24 84 2862
24 85 704
24 86 1679
24 87 2910
24 88 488
25 0 1186
25 1 856
25 2 1042
25 3 1705
25 4 890
25 5 1275
25 6 1084
25 7 1102
25 8 1267
25 9 1051
25 10 1384
25 11 864
25 12 1250
25 13 1176
25 14 1661
25 15 1428
25 16 299
25 17 1445
25 18 742
25 19 1137
25 20 838
25 21 778
25 22 1835
25 23 812
25 24 954
25 25 0
25 26 1337
25 27 1025
25 28 1137
25 29 1120
25 30 860
25 31 968
25 32 629
25 33 1081
25 34 1066
25 35 741
25 36 1972
25 37 1018
25 38 693
25 39 1924
25 40 970
25 41 645
25 42 1876
25 43 922
25 44 597
25 45 1828
25 46 874
25 47 549
25 48 1780
25 49 826
25 50 501
25 51 1732
25 52 778
25 53 453
25 54 1684
25 55 826
25 56 501
25 57 1732
25 58 874
25 59 549
25 60 1780
25 61 922
25 62 597
25 63 1828
25 64 970
25 65 645
25 66 1876
25 67 1018
25 68 693
25 69 1924
25 70 1066
25 71 741
25 72 1972
25 73 1114
25 74 789
25 75 2020
25 76 1162
25 77 837
25 78 2068
25 79 1210
25 80 885
25 81 2116
25 82 1258
25 83 933
25 84 2164
25 85 1306
25 86 981
25 87 2212
25 88 1186
26 0 755
26 1 481
26 2 993
26 3 1656
26 4 937
26 5 1332
26 6 1419
26 7 1245
26 8 1314
26 9 906
26 10 1223
26 11 911
26 12 1395
26 13 937
26 14 1804
26 15 91
26 16 1402
26 17 1876
26 18 1173
26 19 1184
26 20 885
26 21 1209
26 22 1786
26 23 859
26 24 1003
26 25 1337
26 26 0
26 27 312
26 28 1184
26 29 785
26 30 811
26 31 1015
26 32 964
26 33 746
26 34 635
26 35 596
26 36 1827
26 37 683
26 38 644
26 39 1875
26 40 731
26 41 692
26 42 1923
26 43 779
26 44 740
26 45 1971
26 46 827
26 47 788
26 48 2019
26 49 875
26 50 836
26 51 2067
26 52 923
26 53 884
26 54 2115
26 55 971
26 56 932
26 57 2163
26 58 1019
26 59 980
26 60 2211
26 61 1067
26 62 1028
26 63 2259
26 64 1115
26 65 1076
26 66 2307
26 67 1163
26 68 1124
26 69 2355
26 70 1211
26 71 1172
26 72 2403
26 73 1259
26 74 1220
26 75 2451
26 76 1307
26 77 1268
26 78 2499
26 79 1355
26 80 1316
26 81 2547
26 82 1403
26 83 1364
26 84 2595
26 85 1451
26 86 1412
26 87 2643
26 88 755
27 0 1067
27 1 169
27 2 681
27 3 1344
27 4 625
27 5 1202
27 6 1107
27 7 933
27 8 1002
27 9 594
27 10 1119
27 11 599
27 12 1707
27 13 1249
27 14 1492
27 15 403
27 16 1324
27 17 1564
27 18 861
27 19 872
27 20 573
27 21 897
27 22 1474
27 23 547
27 24 1315
27 25 1025
27 26 312
27 27 0
27 28 872
27 29 1097
27 30 499
27 31 703
27 32 652
27 33 1058
27 34 947
27 35 284
27 36 1515
27 37 995
27 38 332
27 39 1563
27 40 1043
27 41 380
27 42 1611
27 43 1091
27 44 428
27 45 1659
27 46 1139
27 47 476
27 48 1707
27 49 1187
27 50 524
27 51 1755
27 52 1235
27 53 572
27 54 1803
27 55 1283
27 56 620
27 57 1851
27 58 1331
27 59 668
27 60 1899
27 61 1379
27 62 716
27 63 1947
27 64 1427
27 65 764
27 66 1995
27 67 1475
27 68 812
27 69 2043
27 70 1523
27 71 860
27 72 2091
27 73 1571
27 74 908
27 75 2139
27 76 1619
27 77 956
27 78 2187
27 79 1667
27 80 1004
27 81 2235
27 82 1715
27 83 1052
27 84 2283
27 85 1763
27 86 1100
27 87 2331
27 88 1067
28 0 1939
28 1 703
28 2 889
28 3 1006
28 4 247
28 5 1314
28 6 1219
28 7 1045
28 8 1114
28 9 898
28 10 1231
28 11 273
28 12 1923
28 13 1517
28 14 954
28 15 1275
28 16 1436
28 17 1650
28 18 973
28 19 0
28 20 685
28 21 1009
28 22 876
28 23 325
28 24 1739
28 25 1137
28 26 1184
28 27 872
28 28 0
28 29 1669
28 30 707
28 31 815
28 32 764
28 33 1708
28 34 1819
28 35 588
28 36 835
28 37 1771
28 38 540
28 39 787
28 40 1723
28 41 492
28 42 739
28 43 1771
28 44 540
28 45 787
28 46 1819
28 47 588
28 48 835
28 49 1867
28 50 636
28 51 883
28 52 1915
28 53 684
28 54 931
28 55 1963
28 56 732
28 57 979
28 58 2011
28 59 780
28 60 1027
28 61 2059
28 62 828
28 63 1075
28 64 2107
28 65 876
28 66 1123
28 67 2155
28 68 924
28 69 1171
28 70 2203
28 71 972
28 72 1219
28 73 2251
28 74 1020
28 75 1267
28 76 2299
28 77 1068
28 78 1315
28 79 2347
28 80 1116
28 81 1363
28 82 2395
28 83 1164
28 84 1411
28 85 2443
28 86 1212
28 87 1459
28 88 1939
29 0 270
29 1 1266
29 2 780
29 3 2141
29 4 1422
29 5 751
29 6 1904
29 7 1730
29 8 759
29 9 1487
29 10 642
29 11 1396
29 12 814
29 13 356
29 14 2289
29 15 694
29 16 821
29 17 2361
29 18 1476
29 19 1669
29 20 1188
29 21 1694
29 22 2271
29 23 1344
29 24 422
29 25 1120
29 26 785
29 27 1097
29 28 1669
29 29 0
29 30 962
29 31 1058
29 32 1449
29 33 39
29 34 150
29 35 1177
29 36 2408
29 37 102
29 38 1129
29 39 2360
29 40 150
29 41 1177
29 42 2408
29 43 198
29 44 1225
29 45 2456
29 46 246
29 47 1273
29 48 2504
29 49 294
29 50 1321
29 51 2552
29 52 342
29 53 1369
29 54 2600
29 55 390
29 56 1417
29 57 2648
29 58 438
29 59 1465
29 60 2696
29 61 486
29 62 1513
29 63 2744
29 64 534
29 65 1561
29 66 2792
29 67 582
29 68 1609
29 69 2840
29 70 630
29 71 1657
29 72 2888
29 73 678
29 74 1705
29 75 2936
29 76 726
29 77 1753
29 78 2984
29 79 774
29 80 1801
29 81 3032
29 82 822
29 83 1849
29 84 3080
29 85 870
29 86 1897
29 87 3128
29 88 270
30 0 1232
30 1 330
30 2 182
30 3 1179
30 4 460
30 5 1037
30 6 942
30 7 768
30 8 837
30 9 525
30 10 954
30 11 434
30 12 1646
30 13 1240
30 14 1327
30 15 902
30 16 1159
30 17 1399
30 18 696
30 19 707
30 20 408
30 21 732
30 22 1309
30 23 382
30 24 1384
30 25 860
30 26 811
30 27 499
30 28 707
30 29 962
30 30 0
30 31 538
30 32 487
30 33 1001
30 34 1112
30 35 215
30 36 1446
30 37 1064
30 38 167
30 39 1398
30 40 1112
30 41 215
30 42 1446
30 43 1160
30 44 263
30 45 1494
30 46 1208
30 47 311
30 48 1542
30 49 1256
30 50 359
30 51 1590
30 52 1304
30 53 407
30 54 1638
30 55 1352
30 56 455
30 57 1686
30 58 1400
30 59 503
30 60 1734
30 61 1448
30 62 551
30 63 1782
30 64 1496
30 65 599
30 66 1830
30 67 1544
30 68 647
30 69 1878
30 70 1592
30 71 695
30 72 1926
30 73 1640
30 74 743
30 75 1974
30 76 1688
30 77 791
30 78 2022
30 79 1736
30 80 839
30 81 2070
30 82 1784
30 83 887
30 84 2118
30 85 1832
30 86 935
30 87 2166
30 88 1232
31 0 1124
31 1 534
31 2 720
31 3 1383
31 4 568
31 5 1145
31 6 1050
31 7 876
31 8 299
31 9 729
31 10 416
31 11 542
31 12 1572
31 13 702
31 14 1435
31 15 1106
31 16 1267
31 17 1507
31 18 804
31 19 815
31 20 130
31 21 840
31 22 1513
31 23 490
31 24 1180
31 25 968
31 26 1015
31 27 703
31 28 815
31 29 1058
31 30 538
31 31 0
31 32 595
31 33 1019
31 34 1004
31 35 419
31 36 1650
31 37 956
31 38 371
31 39 1602
31 40 908
31 41 323
31 42 1554
31 43 956
31 44 371
31 45 1602
31 46 1004
31 47 419
31 48 1650
31 49 1052
31 50 467
31 51 1698
31 52 1100
31 53 515
31 54 1746
31 55 1148
31 56 563
31 57 1794
31 58 1196
31 59 611
31 60 1842
31 61 1244
31 62 659
31 63 1890
31 64 1292
31 65 707
31 66 1938
31 67 1340
31 68 755
31 69 1986
31 70 1388
31 71 803
31 72 2034
31 73 1436
31 74 851
31 75 2082
31 76 1484
31 77 899
31 78 2130
31 79 1532
31 80 947
31 81 2178
31 82 1580
31 83 995
31 84 2226
31 85 1628
31 86 1043
31 87 2274
31 88 1124
32 0 1719
32 1 483
32 2 669
32 3 1332
32 4 517
32 5 902
32 6 455
32 7 729
32 8 894
32 9 678
32 10 1011
32 11 491
32 12 1415
32 13 1297
32 14 1288
32 15 1055
32 16 928
32 17 1168
32 18 465
32 19 764
32 20 465
32 21 501
32 22 1384
32 23 439
32 24 1231
32 25 629
32 26 964
32 27 652
32 28 764
32 29 1449
32 30 487
32 31 595
32 32 0
32 33 1488
32 34 1599
32 35 368
32 36 1343
32 37 1551
32 38 320
32 39 1295
32 40 1503
32 41 272
32 42 1247
32 43 1455
32 44 224
32 45 1199
32 46 1407
32 47 176
32 48 1151
32 49 1359
32 50 128
32 51 1103
32 52 1407
32 53 176
32 54 1151
32 55 1455
32 56 224
32 57 1199
32 58 1503
32 59 272
32 60 1247
32 61 1551
32 62 320
32 63 1295
32 64 1599
32 65 368
32 66 1343
32 67 1647
32 68 416
32 69 1391
32 70 1695
32 71 464
32 72 1439
32 73 1743
32 74 512
32 75 1487
32 76 1791
32 77 560
32 78 1535
32 79 1839
32 80 608
32 81 1583
32 82 1887
32 83 656
32 84 1631
32 85 1935
32 86 704
32 87 1679
32 88 1719
33 0 231
33 1 1227
33 2 819
33 3 2180
33 4 1461
33 5 712
33 6 1943
33 7 1769
33 8 720
33 9 1526
33 10 603
33 11 1435
33 12 775
33 13 317
33 14 2328
33 15 655
33 16 782
33 17 2400
33 18 1437
33 19 1708
33 20 1149
33 21 1733
33 22 2310
33 23 1383
33 24 383
33 25 1081
33 26 746
33 27 1058
33 28 1708
33 29 39
33 30 1001
33 31 1019
33 32 1488
33 33 0
33 34 111
33 35 1216
33 36 2447
33 37 63
33 38 1168
33 39 2399
33 40 111
33 41 1216
33 42 2447
33 43 159
33 44 1264
33 45 2495
33 46 207
33 47 1312
33 48 2543
33 49 255
33 50 1360
33 51 2591
33 52 303
33 53 1408
33 54 2639
33 55 351
33 56 1456
33 57 2687
33 58 399
33 59 1504
33 60 2735
33 61 447
33 62 1552
33 63 2783
33 64 495
33 65 1600
33 66 2831
33 67 543
33 68 1648
33 69 2879
33 70 591
33 71 1696
33 72 2927
33 73 639
33 74 1744
33 75 2975
33 76 687
33 77 1792
33 78 3023
33 79 735
33 80 1840
33 81 3071
33 82 783
33 83 1888
33 84 3119
33 85 831
33 86 1936
33 87 3167
33 88 231
34 0 120
34 1 1116
34 2 930
34 3 2291
34 4 1572
34 5 697
34 6 2054
34 7 1880
34 8 705
34 9 1541
34 10 588
34 11 1546
34 12 760
34 13 302
34 14 2439
34 15 544
34 16 767
34 17 2511
34 18 1422
34 19 1819
34 20 1134
34 21 1770
34 22 2421
34 23 1494
34 24 368
34 25 1066
34 26 635
34 27 947
34 28 1819
34 29 150
34 30 1112
34 31 1004
34 32 1599
34 33 111
34 34 0
34 35 1231
34 36 2462
34 37 48
34 38 1279
34 39 2510
34 40 96
34 41 1327
34 42 2558
34 43 144
34 44 1375
34 45 2606
34 46 192
34 47 1423
34 48 2654
34 49 240
34 50 1471
34 51 2702
34 52 288
34 53 1519
34 54 2750
34 55 336
34 56 1567
34 57 2798
34 58 384
34 59 1615
34 60 2846
34 61 432
34 62 1663
34 63 2894
34 64 480
34 65 1711
34 66 2942
34 67 528
34 68 1759
34 69 2990
34 70 576
34 71 1807
34 72 3038
34 73 624
34 74 1855
34 75 3086
34 76 672
34 77 1903
34 78 3134
34 79 720
34 80 1951
34 81 3182
34 82 768
34 83 1999
34 84 3230
34 85 816
34 86 2047
34 87 3278
34 88 120
35 0 1351
35 1 115
35 2 397
35 3 1060
35 4 341
35 5 918
35 6 823
35 7 649
35 8 718
35 9 310
35 10 835
35 11 315
35 12 1527
35 13 1121
35 14 1208
35 15 687
35 16 1040
35 17 1280
35 18 577
35 19 588
35 20 289
35 21 613
35 22 1190
35 23 263
35 24 1343
35 25 741
35 26 596
35 27 284
35 28 588
35 29 1177
35 30 215
35 31 419
35 32 368
35 33 1216
35 34 1231
35 35 0
35 36 1231
35 37 1279
35 38 48
35 39 1279
35 40 1327
35 41 96
35 42 1327
35 43 1375
35 44 144
35 45 1375
35 46 1423
35 47 192
35 48 1423
35 49 1471
35 50 240
35 51 1471
35 52 1519
35 53 288
35 54 1519
35 55 1567
35 56 336
35 57 1567
35 58 1615
35 59 384
35 60 1615
35 61 1663
35 62 432
35 63 1663
35 64 1711
35 65 480
35 66 1711
35 67 1759
35 68 528
35 69 1759
35 70 1807
35 71 576
35 72 1807
35 73 1855
35 74 624
35 75 1855
35 76 1903
35 77 672
35 78 1903
35 79 1951
35 80 720
35 81 1951
35 82 1999
35 83 768
35 84 1999
35 85 2047
35 86 816
35 87 2047
35 88 1351
36 0 2582
36 1 1346
36 2 1628
36 3 267
36 4 1082
36 5 2149
36 6 888
36 7 870
36 8 1949
36 9 921
36 10 2066
36 11 1108
36 12 2758
36 13 2352
36 14 311
36 15 1918
36 16 2271
36 17 1007
36 18 1808
36 19 835
36 20 1520
36 21 1844
36 22 137
36 23 1160
36 24 2574
36 25 1972
36 26 1827
36 27 1515
36 28 835
36 29 2408
36 30 1446
36 31 1650
36 32 1343
36 33 2447
36 34 2462
36 35 1231
36 36 0
36 37 2510
36 38 1279
36 39 48
36 40 2558
36 41 1327
36 42 96
36 43 2606
36 44 1375
36 45 144
36 46 2654
36 47 1423
36 48 192
36 49 2702
36 50 1471
36 51 240
36 52 2750
36 53 1519
36 54 288
36 55 2798
36 56 1567
36 57 336
36 58 2846
36 59 1615
36 60 384
36 61 2894
36 62 1663
36 63 432
36 64 2942
36 65 1711
36 66 480
36 67 2990
36 68 1759
36 69 528
36 70 3038
36 71 1807
36 72 576
36 73 3086
36 74 1855
36 75 624
36 76 3134
36 77 1903
36 78 672
36 79 3182
36 80 1951
36 81 720
36 82 3230
36 83 1999
36 84 768
36 85 3278
36 86 2047
36 87 816
36 88 2582
37 0 168
37 1 1164
37 2 882
37 3 2243
37 4 1524
37 5 649
37 6 2006
37 7 1832
37 8 657
37 9 1589
37 10 540
37 11 1498
37 12 712
37 13 254
37 14 2391
37 15 592
37 16 719
37 17 2463
37 18 1374
37 19 1771
37 20 1086
37 21 1722
37 22 2373
37 23 1446
37 24 320
37 25 1018
37 26 683
37 27 995
37 28 1771
37 29 102
37 30 1064
37 31 956
37 32 1551
37 33 63
37 34 48
37 35 1279
37 36 2510
37 37 0
37 38 1231
37 39 2462
37 40 48
37 41 1279
37 42 2510
37 43 96
37 44 1327
37 45 2558
37 46 144
37 47 1375
37 48 2606
37 49 192
37 50 1423
37 51 2654
37 52 240
37 53 1471
37 54 2702
37 55 288
37 56 1519
37 57 2750
37 58 336
37 59 1567
37 60 2798
37 61 384
37 62 1615
37 63 2846
37 64 432
37 65 1663
37 66 2894
37 67 480
37 68 1711
37 69 2942
37 70 528
37 71 1759
37 72 2990
37 73 576
37 74 1807
37 75 3038
37 76 624
37 77 1855
37 78 3086
37 79 672
37 80 1903
37 81 3134
37 82 720
37 83 1951
37 84 3182
37 85 768
37 86 1999
37 87 3230
37 88 168
38 0 1399
38 1 163
38 2 349
38 3 1012
38 4 293
38 5 870
38 6 775
38 7 601
38 8 670
38 9 358
38 10 787
38 11 267
38 12 1479
38 13 1073
38 14 1160
38 15 735
38 16 992
38 17 1232
38 18 529
38 19 540
38 20 241
38 21 565
38 22 1142
38 23 215
38 24 1295
38 25 693
38 26 644
38 27 332
38 28 540
38 29 1129
38 30 167
38 31 371
38 32 320
38 33 1168
38 34 1279
38 35 48
38 36 1279
38 37 1231
38 38 0
38 39 1231
38 40 1279
38 41 48
38 42 1279
38 43 1327
38 44 96
38 45 1327
38 46 1375
38 47 144
38 48 1375
38 49 1423
38 50 192
38 51 1423
38 52 1471
38 53 240
38 54 1471
38 55 1519
38 56 288
38 57 1519
38 58 1567
38 59 336
38 60 1567
38 61 1615
38 62 384
38 63 1615
38 64 1663
38 65 432
38 66 1663
38 67 1711
38 68 480
38 69 1711
38 70 1759
38 71 528
38 72 1759
38 73 1807
38 74 576
38 75 1807
38 76 1855
38 77 624
38 78 1855
38 79 1903
38 80 672
38 81 1903
38 82 1951
38 83 720
38 84 1951
38 85 1999
38 86 768
38 87 1999
38 88 1399
39 0 2630
39 1 1394
39 2 1580
39 3 219
39 4 1034
39 5 2101
39 6 840
39 7 822
39 8 1901
39 9 969
39 10 2018
39 11 1060
39 12 2710
39 13 2304
39 14 263
39 15 1966
39 16 2223
39 17 959
39 18 1760
39 19 787
39 20 1472
39 21 1796
39 22 89
39 23 1112
39 24 2526
39 25 1924
39 26 1875
39 27 1563
39 28 787
39 29 2360
39 30 1398
39 31 1602
39 32 1295
39 33 2399
39 34 2510
39 35 1279
39 36 48
39 37 2462
39 38 1231
39 39 0
39 40 2510
39 41 1279
39 42 48
39 43 2558
39 44 1327
39 45 96
39 46 2606
39 47 1375
39 48 144
39 49 2654
39 50 1423
39 51 192
39 52 2702
39 53 1471
39 54 240
39 55 2750
39 56 1519
39 57 288
39 58 2798
39 59 1567
39 60 336
39 61 2846
39 62 1615
39 63 384
39 64 2894
39 65 1663
39 66 432
39 67 2942
39 68 1711
39 69 480
39 70 2990
39 71 1759
39 72 528
39 73 3038
39 74 1807
39 75 576
39 76 3086
39 77 1855
39 78 624
39 79 3134
39 80 1903
39 81 672
39 82 3182
39 83 1951
39 84 720
39 85 3230
39 86 1999
39 87 768
39 88 2630
40 0 216
40 1 1212
40 2 930
40 3 2291
40 4 1476
40 5 601
40 6 1958
40 7 1784
40 8 609
40 9 1637
40 10 492
40 11 1450
40 12 664
40 13 206
40 14 2343
40 15 640
40 16 671
40 17 2415
40 18 1326
40 19 1723
40 20 1038
40 21 1674
40 22 2421
40 23 1398
40 24 272
40 25 970
40 26 731
40 27 1043
40 28 1723
40 29 150
40 30 1112
40 31 908
40 32 1503
40 33 111
40 34 96
40 35 1327
40 36 2558
40 37 48
