//alpha
1
//NbLocations
69
//NbProducts
32
//NbPickers
2
//CapaPicker
12
//TimeToTravelOneDistanceUnit
3
//SetupTime
5400
//PickTime
300
//Products
//Idx Location Size
1 1 1
2 2 1
3 3 1
4 4 1
5 5 1
6 6 1
7 7 1
8 8 1
9 9 1
10 10 1
11 11 1
12 12 1
13 13 1
14 14 1
15 15 1
16 16 1
17 17 1
18 18 1
19 19 1
20 20 1
21 21 1
22 22 1
23 23 1
24 24 1
25 25 1
26 26 1
27 27 1
28 28 1
29 29 1
30 30 1
31 31 1
32 32 1
//Orders
//NbOrders
12
//Idx DueDate TardinessPenalty NbProdInOrder ProdIdx1 Qty1 ProdIdx2 Qty2 ...
1 144000 0 1 1 1
2 36000 0 1 2 1
3 144000 0 2 3 1 4 1
4 126000 0 2 5 1 6 1
5 90000 0 1 7 1
6 72000 0 4 8 1 9 1 10 1 11 1
7 36000 0 1 12 1
8 54000 0 1 13 1
9 36000 0 9 14 1 15 1 16 1 17 1 18 1 19 1 20 1 21 1 22 1
10 108000 0 7 23 1 24 1 25 1 26 1 27 1 28 1 29 1
11 36000 0 2 30 1 31 1
12 90000 0 1 32 1
//Graph (Products are vertices indexed from 1 to NbProducts)
//NbVerticesIntersections
36
//DepartingDepot
0
//ArrivalDepot
69
//Arcs
//Start End Distance
0 33 120
1 39 219
1 40 622
2 4 26
2 62 687
3 34 76
3 35 765
4 2 26
4 61 128
5 21 52
5 61 635
6 24 260
6 66 154
7 30 364
7 47 375
8 43 128
8 44 713
9 18 13
9 49 102
10 63 271
10 64 570
11 12 13
11 36 50
12 11 13
12 37 778
13 37 310
13 38 531
14 31 494
14 56 37
15 48 76
15 49 765
16 20 52
16 28 91
17 27 65
17 43 700
18 9 13
18 19 91
19 18 91
19 50 635
20 16 52
20 46 635
21 5 52
21 60 154
22 57 37
22 58 804
23 27 13
23 42 63
24 6 260
24 67 427
25 26 65
25 33 102
26 25 65
26 34 674
27 17 65
27 23 13
28 16 91
28 45 63
29 64 141
29 65 700
30 7 364
30 46 102
31 14 494
31 55 310
32 40 713
32 41 128
33 25 102
33 36 48
33 69 120
34 3 76
34 26 674
34 37 48
35 3 765
35 38 48
36 11 50
36 33 48
36 39 48
37 12 778
37 13 310
37 34 48
37 40 48
38 13 531
38 35 48
38 41 48
39 1 219
39 36 48
39 42 48
40 1 622
40 32 713
40 37 48
40 43 48
41 32 128
41 38 48
41 44 48
42 23 63
42 39 48
42 45 48
43 8 128
43 17 700
43 40 48
43 46 48
44 8 713
44 41 48
44 47 48
45 28 63
45 42 48
45 48 48
46 20 635
46 30 102
46 43 48
46 49 48
47 7 375
47 44 48
47 50 48
48 15 76
48 45 48
48 51 48
49 9 102
49 15 765
49 46 48
49 52 48
50 19 635
50 47 48
50 53 48
51 48 48
51 52 841
51 54 48
52 49 48
52 51 841
52 53 841
52 55 48
53 50 48
53 52 841
53 56 48
54 51 48
54 55 841
54 57 48
55 31 310
55 52 48
55 54 841
55 58 48
56 14 37
56 53 48
56 59 48
57 22 37
57 54 48
57 60 48
58 22 804
58 55 48
58 59 841
58 61 48
59 56 48
59 58 841
59 62 48
60 21 154
60 57 48
60 63 48
61 4 128
61 5 635
61 58 48
61 64 48
62 2 687
62 59 48
62 65 48
63 10 271
63 60 48
63 66 48
64 10 570
64 29 141
64 61 48
64 67 48
65 29 700
65 62 48
65 68 48
66 6 154
66 63 48
67 24 427
67 64 48
67 68 841
68 65 48
68 67 841
//LocStart LocEnd ShortestPath
0 0 0
0 1 435
0 2 1547
0 3 1037
0 4 1521
0 5 758
0 6 802
0 7 1619
0 8 1233
0 9 1303
0 10 871
0 11 218
0 12 231
0 13 1319
0 14 2101
0 15 436
0 16 466
0 17 405
0 18 1316
0 19 1407
0 20 518
0 21 706
0 22 541
0 23 327
0 24 1062
0 25 222
0 26 287
0 27 340
0 28 375
0 29 1582
0 30 1255
0 31 1607
0 32 1770
0 33 120
0 34 961
0 35 1802
0 36 168
0 37 1009
0 38 1850
0 39 216
0 40 1057
0 41 1898
0 42 264
0 43 1105
0 44 1946
0 45 312
0 46 1153
0 47 1994
0 48 360
0 49 1201
0 50 2042
0 51 408
0 52 1249
0 53 2090
0 54 456
0 55 1297
0 56 2138
0 57 504
0 58 1345
0 59 2186
0 60 552
0 61 1393
0 62 2234
0 63 600
0 64 1441
0 65 2282
0 66 648
0 67 1489
0 68 2330
0 69 0
1 0 435
1 1 0
1 2 1112
1 3 794
1 4 1086
1 5 761
1 6 805
1 7 1184
1 8 798
1 9 868
1 10 874
1 11 317
1 12 330
1 13 980
1 14 1666
1 15 439
1 16 469
1 17 408
1 18 881
1 19 972
1 20 521
1 21 709
1 22 544
1 23 330
1 24 1065
1 25 417
1 26 482
1 27 343
1 28 378
1 29 1147
1 30 820
1 31 1172
1 32 1335
1 33 315
1 34 718
1 35 1559
1 36 267
1 37 670
1 38 1511
1 39 219
1 40 622
1 41 1463
1 42 267
1 43 670
1 44 1511
1 45 315
1 46 718
1 47 1559
1 48 363
1 49 766
1 50 1607
1 51 411
1 52 814
1 53 1655
1 54 459
1 55 862
1 56 1703
1 57 507
1 58 910
1 59 1751
1 60 555
1 61 958
1 62 1799
1 63 603
1 64 1006
1 65 1847
1 66 651
1 67 1054
1 68 1895
1 69 435
2 0 1547
2 1 1112
2 2 0
2 3 662
2 4 26
2 5 789
2 6 937
2 7 860
2 8 570
2 9 448
2 10 772
2 11 1329
2 12 1316
2 13 848
2 14 820
2 15 1111
2 16 1081
2 17 1142
2 18 461
2 19 552
2 20 1029
2 21 841
2 22 1006
2 23 1220
2 24 677
2 25 1325
2 26 1260
2 27 1207
2 28 1172
2 29 343
2 30 496
2 31 560
2 32 1151
2 33 1427
2 34 586
2 35 1119
2 36 1379
2 37 538
2 38 1071
2 39 1331
2 40 490
2 41 1023
2 42 1283
2 43 442
2 44 975
2 45 1235
2 46 394
2 47 927
2 48 1187
2 49 346
2 50 879
2 51 1139
2 52 298
2 53 831
2 54 1091
2 55 250
2 56 783
2 57 1043
2 58 202
2 59 735
2 60 995
2 61 154
2 62 687
2 63 1043
2 64 202
2 65 735
2 66 1091
2 67 250
2 68 783
2 69 1547
3 0 1037
3 1 794
3 2 662
3 3 0
3 4 636
3 5 1143
3 6 1291
3 7 734
3 8 348
3 9 418
3 10 1126
3 11 915
3 12 902
3 13 434
3 14 1138
3 15 1081
3 16 955
3 17 920
3 18 431
3 19 522
3 20 903
3 21 1195
3 22 1264
3 23 998
3 24 1031
3 25 815
3 26 750
3 27 985
3 28 1046
3 29 697
3 30 370
3 31 722
3 32 885
3 33 917
3 34 76
3 35 765
3 36 965
3 37 124
3 38 813
3 39 1013
3 40 172
3 41 861
3 42 1061
3 43 220
3 44 909
3 45 1109
3 46 268
3 47 957
3 48 1157
3 49 316
3 50 1005
3 51 1205
3 52 364
3 53 1053
3 54 1253
3 55 412
3 56 1101
3 57 1301
3 58 460
3 59 1149
3 60 1349
3 61 508
3 62 1197
3 63 1397
3 64 556
3 65 1245
3 66 1445
3 67 604
3 68 1293
3 69 1037
4 0 1521
4 1 1086
4 2 26
4 3 636
4 4 0
4 5 763
4 6 911
4 7 834
4 8 544
4 9 422
4 10 746
4 11 1303
4 12 1290
4 13 822
4 14 846
4 15 1085
4 16 1055
4 17 1116
4 18 435
4 19 526
4 20 1003
4 21 815
4 22 980
4 23 1194
4 24 651
4 25 1299
4 26 1234
4 27 1181
4 28 1146
4 29 317
4 30 470
4 31 534
4 32 1177
4 33 1401
4 34 560
4 35 1145
4 36 1353
4 37 512
4 38 1097
4 39 1305
4 40 464
4 41 1049
4 42 1257
4 43 416
4 44 1001
4 45 1209
4 46 368
4 47 953
4 48 1161
4 49 320
4 50 905
4 51 1113
4 52 272
4 53 857
4 54 1065
4 55 224
4 56 809
4 57 1017
4 58 176
4 59 761
4 60 969
4 61 128
4 62 713
4 63 1017
4 64 176
4 65 761
4 66 1065
4 67 224
4 68 809
4 69 1521
5 0 758
5 1 761
5 2 789
5 3 1143
5 4 763
5 5 0
5 6 456
5 7 1341
5 8 1051
5 9 929
5 10 525
5 11 640
5 12 653
5 13 1329
5 14 1535
5 15 474
5 16 600
5 17 635
5 18 942
5 19 1033
5 20 652
5 21 52
5 22 291
5 23 557
5 24 716
5 25 740
5 26 805
5 27 570
5 28 509
5 29 824
5 30 977
5 31 1041
5 32 1684
5 33 638
5 34 1067
5 35 1908
5 36 590
5 37 1019
5 38 1860
5 39 542
5 40 971
5 41 1812
5 42 494
5 43 923
5 44 1764
5 45 446
5 46 875
5 47 1716
5 48 398
5 49 827
5 50 1668
5 51 350
5 52 779
5 53 1620
5 54 302
5 55 731
5 56 1572
5 57 254
5 58 683
5 59 1524
5 60 206
5 61 635
5 62 1476
5 63 254
5 64 683
5 65 1524
5 66 302
5 67 731
5 68 1572
5 69 758
6 0 802
6 1 805
6 2 937
6 3 1291
6 4 911
6 5 456
6 6 0
6 7 1489
6 8 1199
6 9 1077
6 10 473
6 11 684
6 12 697
6 13 1477
6 14 1683
6 15 518
6 16 644
6 17 679
6 18 1090
6 19 1181
6 20 696
6 21 404
6 22 335
6 23 601
6 24 260
6 25 784
6 26 849
6 27 614
6 28 553
6 29 876
6 30 1125
6 31 1189
6 32 1832
6 33 682
6 34 1215
6 35 2056
6 36 634
6 37 1167
6 38 2008
6 39 586
6 40 1119
6 41 1960
6 42 538
6 43 1071
6 44 1912
6 45 490
6 46 1023
6 47 1864
6 48 442
6 49 975
6 50 1816
6 51 394
6 52 927
6 53 1768
6 54 346
6 55 879
6 56 1720
6 57 298
6 58 831
6 59 1672
6 60 250
6 61 783
6 62 1624
6 63 202
6 64 735
6 65 1576
6 66 154
6 67 687
6 68 1528
6 69 802
7 0 1619
7 1 1184
7 2 860
7 3 734
7 4 834
7 5 1341
7 6 1489
7 7 0
7 8 642
7 9 616
7 10 1324
7 11 1401
7 12 1388
7 13 920
7 14 556
7 15 1279
7 16 1153
7 17 1214
7 18 629
7 19 720
7 20 1101
7 21 1393
7 22 1462
7 23 1292
7 24 1229
7 25 1397
7 26 1332
7 27 1279
7 28 1244
7 29 895
7 30 364
7 31 920
7 32 599
7 33 1499
7 34 658
7 35 567
7 36 1451
7 37 610
7 38 519
7 39 1403
7 40 562
7 41 471
7 42 1355
7 43 514
7 44 423
7 45 1307
7 46 466
7 47 375
7 48 1355
7 49 514
7 50 423
7 51 1403
7 52 562
7 53 471
7 54 1451
7 55 610
7 56 519
7 57 1499
7 58 658
7 59 567
7 60 1547
7 61 706
7 62 615
7 63 1595
7 64 754
7 65 663
7 66 1643
7 67 802
7 68 711
7 69 1619
8 0 1233
8 1 798
8 2 570
8 3 348
8 4 544
8 5 1051
8 6 1199
8 7 642
8 8 0
8 9 326
8 10 1034
8 11 1015
8 12 1002
8 13 534
8 14 942
8 15 989
8 16 863
8 17 828
8 18 339
8 19 430
8 20 811
8 21 1103
8 22 1172
8 23 906
8 24 939
8 25 1011
8 26 946
8 27 893
8 28 954
8 29 605
8 30 278
8 31 630
8 32 889
8 33 1113
8 34 272
8 35 857
8 36 1065
8 37 224
8 38 809
8 39 1017
8 40 176
8 41 761
8 42 969
8 43 128
8 44 713
8 45 1017
8 46 176
8 47 761
8 48 1065
8 49 224
8 50 809
8 51 1113
8 52 272
8 53 857
8 54 1161
8 55 320
8 56 905
8 57 1209
8 58 368
8 59 953
8 60 1257
8 61 416
8 62 1001
8 63 1305
8 64 464
8 65 1049
8 66 1353
8 67 512
8 68 1097
8 69 1233
9 0 1303
9 1 868
9 2 448
9 3 418
9 4 422
9 5 929
9 6 1077
9 7 616
9 8 326
9 9 0
9 10 912
9 11 1085
9 12 1072
9 13 604
9 14 872
9 15 867
9 16 837
9 17 898
9 18 13
9 19 104
9 20 785
9 21 981
9 22 1050
9 23 976
9 24 817
9 25 1081
9 26 1016
9 27 963
9 28 928
9 29 483
9 30 252
9 31 508
9 32 959
9 33 1183
9 34 342
9 35 979
9 36 1135
9 37 294
9 38 931
9 39 1087
9 40 246
9 41 883
9 42 1039
9 43 198
9 44 835
9 45 991
9 46 150
9 47 787
9 48 943
9 49 102
9 50 739
9 51 991
9 52 150
9 53 787
9 54 1039
9 55 198
9 56 835
9 57 1087
9 58 246
9 59 883
9 60 1135
9 61 294
9 62 931
9 63 1183
9 64 342
9 65 979
9 66 1231
9 67 390
9 68 1027
9 69 1303
10 0 871
10 1 874
10 2 772
10 3 1126
10 4 746
10 5 525
10 6 473
10 7 1324
10 8 1034
10 9 912
10 10 0
10 11 753
10 12 766
10 13 1312
10 14 1518
10 15 587
10 16 713
10 17 748
10 18 925
10 19 1016
10 20 765
10 21 473
10 22 404
10 23 670
10 24 733
10 25 853
10 26 918
10 27 683
10 28 622
10 29 711
10 30 960
10 31 1024
10 32 1667
10 33 751
10 34 1050
10 35 1891
10 36 703
10 37 1002
10 38 1843
10 39 655
10 40 954
10 41 1795
10 42 607
10 43 906
10 44 1747
10 45 559
10 46 858
10 47 1699
10 48 511
10 49 810
10 50 1651
10 51 463
10 52 762
10 53 1603
10 54 415
10 55 714
10 56 1555
10 57 367
10 58 666
10 59 1507
10 60 319
10 61 618
10 62 1459
10 63 271
10 64 570
10 65 1411
10 66 319
10 67 618
10 68 1459
10 69 871
11 0 218
11 1 317
11 2 1329
11 3 915
11 4 1303
11 5 640
11 6 684
11 7 1401
11 8 1015
11 9 1085
11 10 753
11 11 0
11 12 13
11 13 1101
11 14 1883
11 15 318
11 16 348
11 17 287
11 18 1098
11 19 1189
11 20 400
11 21 588
11 22 423
11 23 209
11 24 944
11 25 200
11 26 265
11 27 222
11 28 257
11 29 1364
11 30 1037
11 31 1389
11 32 1552
11 33 98
11 34 839
11 35 1680
11 36 50
11 37 791
11 38 1632
11 39 98
11 40 839
11 41 1680
11 42 146
11 43 887
11 44 1728
11 45 194
11 46 935
11 47 1776
11 48 242
11 49 983
11 50 1824
11 51 290
11 52 1031
11 53 1872
11 54 338
11 55 1079
11 56 1920
11 57 386
11 58 1127
11 59 1968
11 60 434
11 61 1175
11 62 2016
11 63 482
11 64 1223
11 65 2064
11 66 530
11 67 1271
11 68 2112
11 69 218
12 0 231
12 1 330
12 2 1316
12 3 902
12 4 1290
12 5 653
12 6 697
12 7 1388
12 8 1002
12 9 1072
12 10 766
12 11 13
12 12 0
12 13 1088
12 14 1870
12 15 331
12 16 361
12 17 300
12 18 1085
12 19 1176
12 20 413
12 21 601
12 22 436
12 23 222
12 24 957
12 25 213
12 26 278
12 27 235
12 28 270
12 29 1351
12 30 1024
12 31 1376
12 32 1539
12 33 111
12 34 826
12 35 1667
12 36 63
12 37 778
12 38 1619
12 39 111
12 40 826
12 41 1667
12 42 159
12 43 874
12 44 1715
12 45 207
12 46 922
12 47 1763
12 48 255
12 49 970
12 50 1811
12 51 303
12 52 1018
12 53 1859
12 54 351
12 55 1066
12 56 1907
12 57 399
12 58 1114
12 59 1955
12 60 447
12 61 1162
12 62 2003
12 63 495
12 64 1210
12 65 2051
12 66 543
12 67 1258
12 68 2099
12 69 231
13 0 1319
13 1 980
13 2 848
13 3 434
13 4 822
13 5 1329
13 6 1477
13 7 920
13 8 534
13 9 604
13 10 1312
13 11 1101
13 12 1088
13 13 0
13 14 856
13 15 1267
13 16 1141
13 17 1106
13 18 617
13 19 708
13 20 1089
13 21 1381
13 22 1450
13 23 1184
13 24 1217
13 25 1097
13 26 1032
13 27 1171
13 28 1232
13 29 883
13 30 556
13 31 908
13 32 707
13 33 1199
13 34 358
13 35 579
13 36 1151
13 37 310
13 38 531
13 39 1199
13 40 358
13 41 579
13 42 1247
13 43 406
13 44 627
13 45 1295
13 46 454
13 47 675
13 48 1343
13 49 502
13 50 723
13 51 1391
13 52 550
13 53 771
13 54 1439
13 55 598
13 56 819
13 57 1487
13 58 646
13 59 867
13 60 1535
13 61 694
13 62 915
13 63 1583
13 64 742
13 65 963
13 66 1631
13 67 790
13 68 1011
13 69 1319
14 0 2101
14 1 1666
14 2 820
14 3 1138
14 4 846
14 5 1535
14 6 1683
14 7 556
14 8 942
14 9 872
14 10 1518
14 11 1883
14 12 1870
14 13 856
14 14 0
14 15 1665
14 16 1635
14 17 1696
14 18 859
14 19 768
14 20 1583
14 21 1587
14 22 1656
14 23 1774
14 24 1423
14 25 1879
14 26 1814
14 27 1761
14 28 1726
14 29 881
14 30 920
14 31 494
14 32 405
14 33 1981
14 34 1140
14 35 373
14 36 1933
14 37 1092
14 38 325
14 39 1885
14 40 1044
14 41 277
14 42 1837
14 43 996
14 44 229
14 45 1789
14 46 948
14 47 181
14 48 1741
14 49 900
14 50 133
14 51 1693
14 52 852
14 53 85
14 54 1645
14 55 804
14 56 37
14 57 1693
14 58 852
14 59 85
14 60 1741
14 61 900
14 62 133
14 63 1789
14 64 948
14 65 181
14 66 1837
14 67 996
14 68 229
14 69 2101
15 0 436
15 1 439
15 2 1111
15 3 1081
15 4 1085
15 5 474
15 6 518
15 7 1279
15 8 989
15 9 867
15 10 587
15 11 318
15 12 331
15 13 1267
15 14 1665
15 15 0
15 16 278
15 17 313
15 18 880
15 19 971
15 20 330
15 21 422
15 22 257
15 23 235
15 24 778
15 25 418
15 26 483
15 27 248
15 28 187
15 29 1146
15 30 915
15 31 1171
15 32 1622
15 33 316
15 34 1005
15 35 1846
15 36 268
15 37 957
15 38 1798
15 39 220
15 40 909
15 41 1750
15 42 172
15 43 861
15 44 1702
15 45 124
15 46 813
15 47 1654
15 48 76
15 49 765
15 50 1606
15 51 124
15 52 813
15 53 1654
15 54 172
15 55 861
15 56 1702
15 57 220
15 58 909
15 59 1750
15 60 268
15 61 957
15 62 1798
15 63 316
15 64 1005
15 65 1846
15 66 364
15 67 1053
15 68 1894
15 69 436
16 0 466
16 1 469
16 2 1081
16 3 955
16 4 1055
16 5 600
16 6 644
16 7 1153
16 8 863
16 9 837
16 10 713
16 11 348
16 12 361
16 13 1141
16 14 1635
16 15 278
16 16 0
16 17 343
16 18 850
16 19 941
16 20 52
16 21 548
16 22 383
16 23 265
16 24 904
16 25 448
16 26 513
16 27 278
16 28 91
16 29 1116
16 30 789
16 31 1141
16 32 1496
16 33 346
16 34 879
16 35 1720
16 36 298
16 37 831
16 38 1672
16 39 250
16 40 783
16 41 1624
16 42 202
16 43 735
16 44 1576
16 45 154
16 46 687
16 47 1528
16 48 202
16 49 735
16 50 1576
16 51 250
16 52 783
16 53 1624
16 54 298
16 55 831
16 56 1672
16 57 346
16 58 879
16 59 1720
16 60 394
16 61 927
16 62 1768
16 63 442
16 64 975
16 65 1816
16 66 490
16 67 1023
16 68 1864
16 69 466
17 0 405
17 1 408
17 2 1142
17 3 920
17 4 1116
17 5 635
17 6 679
17 7 1214
17 8 828
17 9 898
17 10 748
17 11 287
17 12 300
17 13 1106
17 14 1696
17 15 313
17 16 343
17 17 0
17 18 911
17 19 1002
17 20 395
17 21 583
17 22 418
17 23 78
17 24 939
17 25 387
17 26 452
17 27 65
17 28 252
17 29 1177
17 30 850
17 31 1202
17 32 1461
17 33 285
17 34 844
17 35 1685
17 36 237
17 37 796
17 38 1637
17 39 189
17 40 748
17 41 1589
17 42 141
17 43 700
17 44 1541
17 45 189
17 46 748
17 47 1589
17 48 237
17 49 796
17 50 1637
17 51 285
17 52 844
17 53 1685
17 54 333
17 55 892
17 56 1733
17 57 381
17 58 940
17 59 1781
17 60 429
17 61 988
17 62 1829
17 63 477
17 64 1036
17 65 1877
17 66 525
17 67 1084
17 68 1925
17 69 405
18 0 1316
18 1 881
18 2 461
18 3 431
18 4 435
18 5 942
18 6 1090
18 7 629
18 8 339
18 9 13
18 10 925
18 11 1098
18 12 1085
18 13 617
18 14 859
18 15 880
18 16 850
18 17 911
18 18 0
18 19 91
18 20 798
18 21 994
18 22 1063
18 23 989
18 24 830
18 25 1094
18 26 1029
18 27 976
18 28 941
18 29 496
18 30 265
18 31 521
18 32 972
18 33 1196
18 34 355
18 35 966
18 36 1148
18 37 307
18 38 918
18 39 1100
18 40 259
18 41 870
18 42 1052
18 43 211
18 44 822
18 45 1004
18 46 163
18 47 774
18 48 956
18 49 115
18 50 726
18 51 1004
18 52 163
18 53 774
18 54 1052
18 55 211
18 56 822
18 57 1100
18 58 259
18 59 870
18 60 1148
18 61 307
18 62 918
18 63 1196
18 64 355
18 65 966
18 66 1244
18 67 403
18 68 1014
18 69 1316
19 0 1407
19 1 972
19 2 552
19 3 522
19 4 526
19 5 1033
19 6 1181
19 7 720
19 8 430
19 9 104
19 10 1016
19 11 1189
19 12 1176
19 13 708
19 14 768
19 15 971
19 16 941
19 17 1002
19 18 91
19 19 0
19 20 889
19 21 1085
19 22 1154
19 23 1080
19 24 921
19 25 1185
19 26 1120
19 27 1067
19 28 1032
19 29 587
19 30 356
19 31 612
19 32 907
19 33 1287
19 34 446
19 35 875
19 36 1239
19 37 398
19 38 827
19 39 1191
19 40 350
19 41 779
19 42 1143
19 43 302
19 44 731
19 45 1095
19 46 254
19 47 683
19 48 1047
19 49 206
19 50 635
19 51 1095
19 52 254
19 53 683
19 54 1143
19 55 302
19 56 731
19 57 1191
19 58 350
19 59 779
19 60 1239
19 61 398
19 62 827
19 63 1287
19 64 446
19 65 875
19 66 1335
19 67 494
19 68 923
19 69 1407
20 0 518
20 1 521
20 2 1029
20 3 903
20 4 1003
20 5 652
20 6 696
20 7 1101
20 8 811
20 9 785
20 10 765
20 11 400
20 12 413
20 13 1089
20 14 1583
20 15 330
20 16 52
20 17 395
20 18 798
20 19 889
20 20 0
20 21 600
20 22 435
20 23 317
20 24 956
20 25 500
20 26 565
20 27 330
20 28 143
20 29 1064
20 30 737
20 31 1089
20 32 1444
20 33 398
20 34 827
20 35 1668
20 36 350
20 37 779
20 38 1620
20 39 302
20 40 731
20 41 1572
20 42 254
20 43 683
20 44 1524
20 45 206
20 46 635
20 47 1476
20 48 254
20 49 683
20 50 1524
20 51 302
20 52 731
20 53 1572
20 54 350
20 55 779
20 56 1620
20 57 398
20 58 827
20 59 1668
20 60 446
20 61 875
20 62 1716
20 63 494
20 64 923
20 65 1764
20 66 542
20 67 971
20 68 1812
20 69 518
21 0 706
21 1 709
21 2 841
21 3 1195
21 4 815
21 5 52
21 6 404
21 7 1393
21 8 1103
21 9 981
21 10 473
21 11 588
21 12 601
21 13 1381
21 14 1587
21 15 422
21 16 548
21 17 583
21 18 994
21 19 1085
21 20 600
21 21 0
21 22 239
21 23 505
21 24 664
21 25 688
21 26 753
21 27 518
21 28 457
21 29 876
21 30 1029
21 31 1093
21 32 1736
21 33 586
21 34 1119
21 35 1960
21 36 538
21 37 1071
21 38 1912
21 39 490
21 40 1023
21 41 1864
21 42 442
21 43 975
21 44 1816
21 45 394
21 46 927
21 47 1768
21 48 346
21 49 879
21 50 1720
21 51 298
21 52 831
21 53 1672
21 54 250
21 55 783
21 56 1624
21 57 202
21 58 735
21 59 1576
21 60 154
21 61 687
21 62 1528
21 63 202
21 64 735
21 65 1576
21 66 250
21 67 783
21 68 1624
21 69 706
22 0 541
22 1 544
22 2 1006
22 3 1264
22 4 980
22 5 291
22 6 335
22 7 1462
22 8 1172
22 9 1050
22 10 404
22 11 423
22 12 436
22 13 1450
22 14 1656
22 15 257
22 16 383
22 17 418
22 18 1063
22 19 1154
22 20 435
22 21 239
22 22 0
22 23 340
22 24 595
22 25 523
22 26 588
22 27 353
22 28 292
22 29 1041
22 30 1098
22 31 1162
22 32 1805
22 33 421
22 34 1188
22 35 2029
22 36 373
22 37 1140
22 38 1981
22 39 325
22 40 1092
22 41 1933
22 42 277
22 43 1044
22 44 1885
22 45 229
22 46 996
22 47 1837
22 48 181
22 49 948
22 50 1789
22 51 133
22 52 900
22 53 1741
22 54 85
22 55 852
22 56 1693
22 57 37
22 58 804
22 59 1645
22 60 85
22 61 852
22 62 1693
22 63 133
22 64 900
22 65 1741
22 66 181
22 67 948
22 68 1789
22 69 541
23 0 327
23 1 330
23 2 1220
23 3 998
23 4 1194
23 5 557
23 6 601
23 7 1292
23 8 906
23 9 976
23 10 670
23 11 209
23 12 222
23 13 1184
23 14 1774
23 15 235
23 16 265
23 17 78
23 18 989
23 19 1080
23 20 317
23 21 505
23 22 340
23 23 0
23 24 861
23 25 309
23 26 374
23 27 13
23 28 174
23 29 1255
23 30 928
23 31 1280
23 32 1539
23 33 207
23 34 922
23 35 1763
23 36 159
23 37 874
23 38 1715
23 39 111
23 40 826
23 41 1667
23 42 63
23 43 778
23 44 1619
23 45 111
23 46 826
23 47 1667
23 48 159
23 49 874
23 50 1715
23 51 207
23 52 922
23 53 1763
23 54 255
23 55 970
23 56 1811
23 57 303
23 58 1018
23 59 1859
23 60 351
23 61 1066
23 62 1907
23 63 399
23 64 1114
23 65 1955
23 66 447
23 67 1162
23 68 2003
23 69 327
24 0 1062
24 1 1065
24 2 677
24 3 1031
24 4 651
24 5 716
24 6 260
24 7 1229
24 8 939
24 9 817
24 10 733
24 11 944
24 12 957
24 13 1217
24 14 1423
24 15 778
24 16 904
24 17 939
24 18 830
24 19 921
24 20 956
24 21 664
24 22 595
24 23 861
24 24 0
24 25 1044
24 26 1109
24 27 874
24 28 813
24 29 616
24 30 865
24 31 929
24 32 1572
24 33 942
24 34 955
24 35 1796
24 36 894
24 37 907
24 38 1748
24 39 846
24 40 859
24 41 1700
24 42 798
24 43 811
24 44 1652
24 45 750
24 46 763
24 47 1604
24 48 702
24 49 715
24 50 1556
24 51 654
24 52 667
24 53 1508
24 54 606
24 55 619
24 56 1460
24 57 558
24 58 571
24 59 1412
24 60 510
24 61 523
24 62 1364
24 63 462
24 64 475
24 65 1316
24 66 414
24 67 427
24 68 1268
24 69 1062
25 0 222
25 1 417
25 2 1325
25 3 815
25 4 1299
25 5 740
25 6 784
25 7 1397
25 8 1011
25 9 1081
25 10 853
25 11 200
25 12 213
25 13 1097
25 14 1879
25 15 418
25 16 448
25 17 387
25 18 1094
25 19 1185
25 20 500
25 21 688
25 22 523
25 23 309
25 24 1044
25 25 0
25 26 65
25 27 322
25 28 357
25 29 1360
25 30 1033
25 31 1385
25 32 1548
25 33 102
25 34 739
25 35 1580
25 36 150
25 37 787
25 38 1628
25 39 198
25 40 835
25 41 1676
25 42 246
25 43 883
25 44 1724
25 45 294
25 46 931
25 47 1772
25 48 342
25 49 979
25 50 1820
25 51 390
25 52 1027
25 53 1868
25 54 438
25 55 1075
25 56 1916
25 57 486
25 58 1123
25 59 1964
25 60 534
25 61 1171
25 62 2012
25 63 582
25 64 1219
25 65 2060
25 66 630
25 67 1267
25 68 2108
25 69 222
26 0 287
26 1 482
26 2 1260
26 3 750
26 4 1234
26 5 805
26 6 849
26 7 1332
26 8 946
26 9 1016
26 10 918
26 11 265
26 12 278
26 13 1032
26 14 1814
26 15 483
26 16 513
26 17 452
26 18 1029
26 19 1120
26 20 565
26 21 753
26 22 588
26 23 374
26 24 1109
26 25 65
26 26 0
26 27 387
26 28 422
26 29 1295
26 30 968
26 31 1320
26 32 1483
26 33 167
26 34 674
26 35 1515
26 36 215
26 37 722
26 38 1563
26 39 263
26 40 770
26 41 1611
26 42 311
26 43 818
26 44 1659
26 45 359
26 46 866
26 47 1707
26 48 407
26 49 914
26 50 1755
26 51 455
26 52 962
26 53 1803
26 54 503
26 55 1010
26 56 1851
26 57 551
26 58 1058
26 59 1899
26 60 599
26 61 1106
26 62 1947
26 63 647
26 64 1154
26 65 1995
26 66 695
26 67 1202
26 68 2043
26 69 287
27 0 340
27 1 343
27 2 1207
27 3 985
27 4 1181
27 5 570
27 6 614
27 7 1279
27 8 893
27 9 963
27 10 683
27 11 222
27 12 235
27 13 1171
27 14 1761
27 15 248
27 16 278
27 17 65
27 18 976
27 19 1067
27 20 330
27 21 518
27 22 353
27 23 13
27 24 874
27 25 322
27 26 387
27 27 0
27 28 187
27 29 1242
27 30 915
27 31 1267
27 32 1526
27 33 220
27 34 909
27 35 1750
27 36 172
27 37 861
27 38 1702
27 39 124
27 40 813
27 41 1654
27 42 76
27 43 765
27 44 1606
27 45 124
27 46 813
27 47 1654
27 48 172
27 49 861
27 50 1702
27 51 220
27 52 909
27 53 1750
27 54 268
27 55 957
27 56 1798
27 57 316
27 58 1005
27 59 1846
27 60 364
27 61 1053
27 62 1894
27 63 412
27 64 1101
27 65 1942
27 66 460
27 67 1149
27 68 1990
27 69 340
28 0 375
28 1 378
28 2 1172
28 3 1046
28 4 1146
28 5 509
28 6 553
28 7 1244
28 8 954
28 9 928
28 10 622
28 11 257
28 12 270
28 13 1232
28 14 1726
28 15 187
28 16 91
28 17 252
28 18 941
28 19 1032
28 20 143
28 21 457
28 22 292
28 23 174
28 24 813
28 25 357
28 26 422
28 27 187
28 28 0
28 29 1207
28 30 880
28 31 1232
28 32 1587
28 33 255
28 34 970
28 35 1811
28 36 207
28 37 922
28 38 1763
28 39 159
28 40 874
28 41 1715
28 42 111
28 43 826
28 44 1667
28 45 63
28 46 778
28 47 1619
28 48 111
28 49 826
28 50 1667
28 51 159
28 52 874
28 53 1715
28 54 207
28 55 922
28 56 1763
28 57 255
28 58 970
28 59 1811
28 60 303
28 61 1018
28 62 1859
28 63 351
28 64 1066
28 65 1907
28 66 399
28 67 1114
28 68 1955
28 69 375
29 0 1582
29 1 1147
29 2 343
29 3 697
29 4 317
29 5 824
29 6 876
29 7 895
29 8 605
29 9 483
29 10 711
29 11 1364
29 12 1351
29 13 883
29 14 881
29 15 1146
29 16 1116
29 17 1177
29 18 496
29 19 587
29 20 1064
29 21 876
29 22 1041
29 23 1255
29 24 616
29 25 1360
29 26 1295
29 27 1242
29 28 1207
29 29 0
29 30 531
29 31 595
29 32 1212
29 33 1462
29 34 621
29 35 1180
29 36 1414
29 37 573
29 38 1132
29 39 1366
29 40 525
29 41 1084
29 42 1318
29 43 477
29 44 1036
29 45 1270
29 46 429
29 47 988
29 48 1222
29 49 381
29 50 940
29 51 1174
29 52 333
29 53 892
29 54 1126
29 55 285
29 56 844
29 57 1078
29 58 237
29 59 796
29 60 1030
29 61 189
29 62 748
29 63 982
29 64 141
29 65 700
29 66 1030
29 67 189
29 68 748
29 69 1582
30 0 1255
30 1 820
30 2 496
30 3 370
30 4 470
30 5 977
30 6 1125
30 7 364
30 8 278
30 9 252
30 10 960
30 11 1037
30 12 1024
30 13 556
30 14 920
30 15 915
30 16 789
30 17 850
30 18 265
30 19 356
30 20 737
30 21 1029
30 22 1098
30 23 928
30 24 865
30 25 1033
30 26 968
30 27 915
30 28 880
30 29 531
30 30 0
30 31 556
30 32 911
30 33 1135
30 34 294
30 35 931
30 36 1087
30 37 246
30 38 883
30 39 1039
30 40 198
30 41 835
30 42 991
30 43 150
30 44 787
30 45 943
30 46 102
30 47 739
30 48 991
30 49 150
30 50 787
30 51 1039
30 52 198
30 53 835
30 54 1087
30 55 246
30 56 883
30 57 1135
30 58 294
30 59 931
30 60 1183
30 61 342
30 62 979
30 63 1231
30 64 390
30 65 1027
30 66 1279
30 67 438
30 68 1075
30 69 1255
31 0 1607
31 1 1172
31 2 560
31 3 722
31 4 534
31 5 1041
31 6 1189
31 7 920
31 8 630
31 9 508
31 10 1024
31 11 1389
31 12 1376
31 13 908
31 14 494
31 15 1171
31 16 1141
31 17 1202
31 18 521
31 19 612
31 20 1089
31 21 1093
31 22 1162
31 23 1280
31 24 929
31 25 1385
31 26 1320
31 27 1267
31 28 1232
31 29 595
31 30 556
31 31 0
31 32 899
31 33 1487
31 34 646
31 35 867
31 36 1439
31 37 598
31 38 819
31 39 1391
31 40 550
31 41 771
31 42 1343
31 43 502
31 44 723
31 45 1295
31 46 454
31 47 675
31 48 1247
31 49 406
31 50 627
31 51 1199
31 52 358
31 53 579
31 54 1151
31 55 310
31 56 531
31 57 1199
31 58 358
31 59 579
31 60 1247
31 61 406
31 62 627
31 63 1295
31 64 454
31 65 675
31 66 1343
31 67 502
31 68 723
31 69 1607
32 0 1770
32 1 1335
32 2 1151
32 3 885
32 4 1177
32 5 1684
32 6 1832
32 7 599
32 8 889
32 9 959
32 10 1667
32 11 1552
32 12 1539
32 13 707
32 14 405
32 15 1622
32 16 1496
32 17 1461
32 18 972
32 19 907
32 20 1444
32 21 1736
32 22 1805
32 23 1539
32 24 1572
32 25 1548
32 26 1483
32 27 1526
32 28 1587
32 29 1212
32 30 911
32 31 899
32 32 0
32 33 1650
32 34 809
32 35 224
32 36 1602
32 37 761
32 38 176
32 39 1554
32 40 713
32 41 128
32 42 1602
32 43 761
32 44 176
32 45 1650
32 46 809
32 47 224
32 48 1698
32 49 857
32 50 272
32 51 1746
32 52 905
32 53 320
32 54 1794
32 55 953
32 56 368
32 57 1842
32 58 1001
32 59 416
32 60 1890
32 61 1049
32 62 464
32 63 1938
32 64 1097
32 65 512
32 66 1986
32 67 1145
32 68 560
32 69 1770
33 0 120
33 1 315
33 2 1427
33 3 917
33 4 1401
33 5 638
33 6 682
33 7 1499
33 8 1113
33 9 1183
33 10 751
33 11 98
33 12 111
33 13 1199
33 14 1981
33 15 316
33 16 346
33 17 285
33 18 1196
33 19 1287
33 20 398
33 21 586
33 22 421
33 23 207
33 24 942
33 25 102
33 26 167
33 27 220
33 28 255
33 29 1462
33 30 1135
33 31 1487
33 32 1650
33 33 0
33 34 841
33 35 1682
33 36 48
33 37 889
33 38 1730
33 39 96
33 40 937
33 41 1778
33 42 144
33 43 985
33 44 1826
33 45 192
33 46 1033
33 47 1874
33 48 240
33 49 1081
33 50 1922
33 51 288
33 52 1129
33 53 1970
33 54 336
33 55 1177
33 56 2018
33 57 384
33 58 1225
33 59 2066
33 60 432
33 61 1273
33 62 2114
33 63 480
33 64 1321
33 65 2162
33 66 528
33 67 1369
33 68 2210
33 69 120
34 0 961
34 1 718
34 2 586
34 3 76
34 4 560
34 5 1067
34 6 1215
34 7 658
34 8 272
34 9 342
34 10 1050
34 11 839
34 12 826
34 13 358
34 14 1140
34 15 1005
34 16 879
34 17 844
34 18 355
34 19 446
34 20 827
34 21 1119
34 22 1188
34 23 922
34 24 955
34 25 739
34 26 674
34 27 909
34 28 970
34 29 621
34 30 294
34 31 646
34 32 809
34 33 841
34 34 0
34 35 841
34 36 889
34 37 48
34 38 889
34 39 937
34 40 96
34 41 937
34 42 985
34 43 144
34 44 985
34 45 1033
34 46 192
34 47 1033
34 48 1081
34 49 240
34 50 1081
34 51 1129
34 52 288
34 53 1129
34 54 1177
34 55 336
34 56 1177
34 57 1225
34 58 384
34 59 1225
34 60 1273
34 61 432
34 62 1273
34 63 1321
34 64 480
34 65 1321
34 66 1369
34 67 528
34 68 1369
34 69 961
35 0 1802
35 1 1559
35 2 1119
35 3 765
35 4 1145
35 5 1908
35 6 2056
35 7 567
35 8 857
35 9 979
35 10 1891
35 11 1680
35 12 1667
35 13 579
35 14 373
35 15 1846
35 16 1720
35 17 1685
35 18 966
35 19 875
35 20 1668
35 21 1960
35 22 2029
35 23 1763
35 24 1796
35 25 1580
35 26 1515
35 27 1750
35 28 1811
35 29 1180
35 30 931
35 31 867
35 32 224
35 33 1682
35 34 841
35 35 0
35 36 1730
35 37 889
35 38 48
35 39 1778
35 40 937
35 41 96
35 42 1826
35 43 985
35 44 144
35 45 1874
35 46 1033
35 47 192
35 48 1922
35 49 1081
35 50 240
35 51 1970
35 52 1129
35 53 288
35 54 2018
35 55 1177
35 56 336
35 57 2066
35 58 1225
35 59 384
35 60 2114
35 61 1273
35 62 432
35 63 2162
35 64 1321
35 65 480
35 66 2210
35 67 1369
35 68 528
35 69 1802
36 0 168
36 1 267
36 2 1379
36 3 965
36 4 1353
36 5 590
36 6 634
36 7 1451
36 8 1065
36 9 1135
36 10 703
36 11 50
36 12 63
36 13 1151
36 14 1933
36 15 268
36 16 298
36 17 237
36 18 1148
36 19 1239
36 20 350
36 21 538
36 22 373
36 23 159
36 24 894
36 25 150
36 26 215
36 27 172
36 28 207
36 29 1414
36 30 1087
36 31 1439
36 32 1602
36 33 48
36 34 889
36 35 1730
36 36 0
36 37 841
36 38 1682
36 39 48
36 40 889
36 41 1730
36 42 96
36 43 937
36 44 1778
36 45 144
36 46 985
36 47 1826
36 48 192
36 49 1033
36 50 1874
36 51 240
36 52 1081
36 53 1922
36 54 288
36 55 1129
36 56 1970
36 57 336
36 58 1177
36 59 2018
36 60 384
36 61 1225
36 62 2066
36 63 432
36 64 1273
36 65 2114
36 66 480
36 67 1321
36 68 2162
36 69 168
37 0 1009
37 1 670
37 2 538
37 3 124
37 4 512
37 5 1019
37 6 1167
37 7 610
37 8 224
37 9 294
37 10 1002
37 11 791
37 12 778
37 13 310
37 14 1092
37 15 957
37 16 831
37 17 796
37 18 307
37 19 398
37 20 779
37 21 1071
37 22 1140
37 23 874
37 24 907
37 25 787
37 26 722
37 27 861
37 28 922
37 29 573
37 30 246
37 31 598
37 32 761
37 33 889
37 34 48
37 35 889
37 36 841
37 37 0
37 38 841
37 39 889
37 40 48
37 41 889
37 42 937
37 43 96
37 44 937
37 45 985
37 46 144
37 47 985
37 48 1033
37 49 192
37 50 1033
37 51 1081
37 52 240
37 53 1081
37 54 1129
37 55 288
37 56 1129
37 57 1177
37 58 336
37 59 1177
37 60 1225
37 61 384
37 62 1225
37 63 1273
37 64 432
37 65 1273
37 66 1321
37 67 480
37 68 1321
37 69 1009
38 0 1850
38 1 1511
38 2 1071
38 3 813
38 4 1097
38 5 1860
38 6 2008
38 7 519
38 8 809
38 9 931
38 10 1843
38 11 1632
38 12 1619
38 13 531
38 14 325
38 15 1798
38 16 1672
38 17 1637
38 18 918
38 19 827
38 20 1620
38 21 1912
38 22 1981
38 23 1715
38 24 1748
38 25 1628
38 26 1563
38 27 1702
38 28 1763
38 29 1132
38 30 883
38 31 819
38 32 176
38 33 1730
38 34 889
38 35 48
38 36 1682
38 37 841
38 38 0
38 39 1730
38 40 889
38 41 48
38 42 1778
38 43 937
38 44 96
38 45 1826
38 46 985
38 47 144
38 48 1874
38 49 1033
38 50 192
38 51 1922
38 52 1081
38 53 240
38 54 1970
38 55 1129
38 56 288
38 57 2018
38 58 1177
38 59 336
38 60 2066
38 61 1225
38 62 384
38 63 2114
38 64 1273
38 65 432
38 66 2162
38 67 1321
38 68 480
38 69 1850
39 0 216
39 1 219
39 2 1331
39 3 1013
39 4 1305
39 5 542
39 6 586
39 7 1403
39 8 1017
39 9 1087
39 10 655
39 11 98
39 12 111
39 13 1199
39 14 1885
39 15 220
39 16 250
39 17 189
39 18 1100
39 19 1191
39 20 302
39 21 490
39 22 325
39 23 111
39 24 846
39 25 198
39 26 263
39 27 124
39 28 159
39 29 1366
39 30 1039
39 31 1391
39 32 1554
39 33 96
39 34 937
39 35 1778
39 36 48
39 37 889
39 38 1730
39 39 0
39 40 841
39 41 1682
39 42 48
39 43 889
39 44 1730
39 45 96
39 46 937
39 47 1778
39 48 144
39 49 985
39 50 1826
39 51 192
39 52 1033
39 53 1874
39 54 240
39 55 1081
39 56 1922
39 57 288
39 58 1129
39 59 1970
39 60 336
39 61 1177
39 62 2018
39 63 384
39 64 1225
39 65 2066
39 66 432
39 67 1273
39 68 2114
39 69 216
40 0 1057
40 1 622
40 2 490
40 3 172
40 4 464
40 5 971
40 6 1119
40 7 562
40 8 176
40 9 246
40 10 954
40 11 839
40 12 826
40 13 358
40 14 1044
40 15 909
40 16 783
40 17 748
40 18 259
40 19 350
40 20 731
40 21 1023
40 22 1092
40 23 826
40 24 859
40 25 835
40 26 770
40 27 813
40 28 874
40 29 525
40 30 198
40 31 550
40 32 713
40 33 937
40 34 96
40 35 937
40 36 889
40 37 48
40 38 889
40 39 841
40 40 0
40 41 841
40 42 889
40 43 48
40 44 889
40 45 937
40 46 96
40 47 937
40 48 985
40 49 144
40 50 985
40 51 1033
40 52 192
40 53 1033
40 54 1081
40 55 240
40 56 1081
40 57 1129
40 58 288
40 59 1129
40 60 1177
40 61 336
40 62 1177
40 63 1225
40 64 384
40 65 1225
40 66 1273
40 67 432
40 68 1273
40 69 1057
41 0 1898
41 1 1463
41 2 1023
41 3 861
41 4 1049
41 5 1812
41 6 1960
41 7 471
41 8 761
41 9 883
41 10 1795
41 11 1680
41 12 1667
41 13 579
41 14 277
41 15 1750
41 16 1624
41 17 1589
41 18 870
41 19 779
41 20 1572
41 21 1864
41 22 1933
41 23 1667
41 24 1700
41 25 1676
41 26 1611
41 27 1654
41 28 1715
41 29 1084
41 30 835
41 31 771
41 32 128
41 33 1778
41 34 937
41 35 96
41 36 1730
41 37 889
41 38 48
41 39 1682
41 40 841
41 41 0
41 42 1730
41 43 889
41 44 48
41 45 1778
41 46 937
41 47 96
41 48 1826
41 49 985
41 50 144
41 51 1874
41 52 1033
41 53 192
41 54 1922
41 55 1081
41 56 240
41 57 1970
41 58 1129
41 59 288
41 60 2018
41 61 1177
41 62 336
41 63 2066
41 64 1225
41 65 384
41 66 2114
41 67 1273
41 68 432
41 69 1898
42 0 264
42 1 267
42 2 1283
42 3 1061
42 4 1257
42 5 494
42 6 538
42 7 1355
42 8 969
42 9 1039
42 10 607
42 11 146
42 12 159
42 13 1247
42 14 1837
42 15 172
42 16 202
42 17 141
42 18 1052
42 19 1143
42 20 254
42 21 442
42 22 277
42 23 63
42 24 798
42 25 246
42 26 311
42 27 76
42 28 111
42 29 1318
42 30 991
42 31 1343
42 32 1602
42 33 144
42 34 985
42 35 1826
42 36 96
42 37 937
42 38 1778
42 39 48
42 40 889
42 41 1730
42 42 0
42 43 841
42 44 1682
42 45 48
42 46 889
42 47 1730
42 48 96
42 49 937
42 50 1778
42 51 144
42 52 985
42 53 1826
42 54 192
42 55 1033
42 56 1874
42 57 240
42 58 1081
42 59 1922
42 60 288
42 61 1129
42 62 1970
42 63 336
42 64 1177
42 65 2018
42 66 384
42 67 1225
42 68 2066
42 69 264
43 0 1105
43 1 670
43 2 442
43 3 220
43 4 416
43 5 923
43 6 1071
43 7 514
43 8 128
43 9 198
43 10 906
43 11 887
43 12 874
43 13 406
43 14 996
43 15 861
43 16 735
43 17 700
43 18 211
43 19 302
43 20 683
43 21 975
43 22 1044
43 23 778
43 24 811
43 25 883
43 26 818
43 27 765
43 28 826
43 29 477
43 30 150
43 31 502
43 32 761
43 33 985
43 34 144
43 35 985
43 36 937
43 37 96
43 38 937
43 39 889
43 40 48
43 41 889
43 42 841
43 43 0
43 44 841
43 45 889
43 46 48
43 47 889
43 48 937
43 49 96
43 50 937
43 51 985
43 52 144
43 53 985
43 54 1033
43 55 192
43 56 1033
43 57 1081
43 58 240
43 59 1081
43 60 1129
43 61 288
43 62 1129
43 63 1177
43 64 336
43 65 1177
43 66 1225
43 67 384
43 68 1225
43 69 1105
44 0 1946
44 1 1511
44 2 975
44 3 909
44 4 1001
44 5 1764
44 6 1912
44 7 423
44 8 713
44 9 835
44 10 1747
44 11 1728
44 12 1715
44 13 627
44 14 229
44 15 1702
44 16 1576
44 17 1541
44 18 822
44 19 731
44 20 1524
44 21 1816
44 22 1885
44 23 1619
44 24 1652
44 25 1724
44 26 1659
44 27 1606
44 28 1667
44 29 1036
44 30 787
44 31 723
44 32 176
44 33 1826
44 34 985
44 35 144
44 36 1778
44 37 937
44 38 96
44 39 1730
44 40 889
44 41 48
44 42 1682
44 43 841
44 44 0
44 45 1730
44 46 889
44 47 48
44 48 1778
44 49 937
44 50 96
44 51 1826
44 52 985
44 53 144
44 54 1874
44 55 1033
44 56 192
44 57 1922
44 58 1081
44 59 240
44 60 1970
44 61 1129
44 62 288
44 63 2018
44 64 1177
44 65 336
44 66 2066
44 67 1225
44 68 384
44 69 1946
45 0 312
45 1 315
45 2 1235
45 3 1109
45 4 1209
45 5 446
45 6 490
45 7 1307
45 8 1017
45 9 991
45 10 559
45 11 194
45 12 207
45 13 1295
45 14 1789
45 15 124
45 16 154
45 17 189
45 18 1004
45 19 1095
45 20 206
45 21 394
45 22 229
45 23 111
45 24 750
45 25 294
45 26 359
45 27 124
45 28 63
45 29 1270
45 30 943
45 31 1295
45 32 1650
45 33 192
45 34 1033
45 35 1874
45 36 144
45 37 985
45 38 1826
45 39 96
45 40 937
45 41 1778
45 42 48
45 43 889
45 44 1730
45 45 0
45 46 841
45 47 1682
45 48 48
45 49 889
45 50 1730
45 51 96
45 52 937
45 53 1778
45 54 144
45 55 985
45 56 1826
45 57 192
45 58 1033
45 59 1874
45 60 240
45 61 1081
45 62 1922
45 63 288
45 64 1129
45 65 1970
45 66 336
45 67 1177
45 68 2018
45 69 312
46 0 1153
46 1 718
46 2 394
46 3 268
46 4 368
46 5 875
46 6 1023
46 7 466
46 8 176
46 9 150
46 10 858
46 11 935
46 12 922
46 13 454
46 14 948
46 15 813
46 16 687
46 17 748
46 18 163
46 19 254
46 20 635
46 21 927
46 22 996
46 23 826
46 24 763
46 25 931
46 26 866
46 27 813
46 28 778
46 29 429
46 30 102
46 31 454
46 32 809
46 33 1033
46 34 192
46 35 1033
46 36 985
46 37 144
46 38 985
46 39 937
46 40 96
46 41 937
46 42 889
46 43 48
46 44 889
46 45 841
46 46 0
46 47 841
46 48 889
46 49 48
46 50 889
46 51 937
46 52 96
46 53 937
46 54 985
46 55 144
46 56 985
46 57 1033
46 58 192
46 59 1033
46 60 1081
46 61 240
46 62 1081
46 63 1129
46 64 288
46 65 1129
46 66 1177
46 67 336
46 68 1177
46 69 1153
47 0 1994
47 1 1559
47 2 927
47 3 957
47 4 953
47 5 1716
47 6 1864
47 7 375
47 8 761
47 9 787
47 10 1699
47 11 1776
47 12 1763
47 13 675
47 14 181
47 15 1654
47 16 1528
47 17 1589
47 18 774
47 19 683
47 20 1476
47 21 1768
47 22 1837
47 23 1667
47 24 1604
47 25 1772
47 26 1707
47 27 1654
47 28 1619
47 29 988
47 30 739
47 31 675
47 32 224
47 33 1874
47 34 1033
47 35 192
47 36 1826
47 37 985
47 38 144
47 39 1778
47 40 937
47 41 96
47 42 1730
47 43 889
47 44 48
47 45 1682
47 46 841
47 47 0
47 48 1730
47 49 889
47 50 48
47 51 1778
47 52 937
47 53 96
47 54 1826
47 55 985
47 56 144
47 57 1874
47 58 1033
47 59 192
47 60 1922
47 61 1081
47 62 240
47 63 1970
47 64 1129
47 65 288
47 66 2018
47 67 1177
47 68 336
47 69 1994
48 0 360
48 1 363
48 2 1187
48 3 1157
48 4 1161
48 5 398
48 6 442
48 7 1355
48 8 1065
48 9 943
48 10 511
48 11 242
48 12 255
48 13 1343
48 14 1741
48 15 76
48 16 202
48 17 237
48 18 956
48 19 1047
48 20 254
48 21 346
48 22 181
48 23 159
48 24 702
48 25 342
48 26 407
48 27 172
48 28 111
48 29 1222
48 30 991
48 31 1247
48 32 1698
48 33 240
48 34 1081
48 35 1922
48 36 192
48 37 1033
48 38 1874
48 39 144
48 40 985
48 41 1826
48 42 96
48 43 937
48 44 1778
48 45 48
48 46 889
48 47 1730
48 48 0
48 49 841
48 50 1682
48 51 48
48 52 889
48 53 1730
48 54 96
48 55 937
48 56 1778
48 57 144
48 58 985
48 59 1826
48 60 192
48 61 1033
48 62 1874
48 63 240
48 64 1081
48 65 1922
48 66 288
48 67 1129
48 68 1970
48 69 360
49 0 1201
49 1 766
49 2 346
49 3 316
49 4 320
49 5 827
49 6 975
49 7 514
49 8 224
49 9 102
49 10 810
49 11 983
49 12 970
49 13 502
49 14 900
49 15 765
49 16 735
49 17 796
49 18 115
49 19 206
49 20 683
49 21 879
49 22 948
49 23 874
49 24 715
49 25 979
49 26 914
49 27 861
49 28 826
49 29 381
49 30 150
49 31 406
49 32 857
49 33 1081
49 34 240
49 35 1081
49 36 1033
49 37 192
49 38 1033
49 39 985
49 40 144
49 41 985
49 42 937
49 43 96
49 44 937
49 45 889
49 46 48
49 47 889
49 48 841
49 49 0
49 50 841
49 51 889
49 52 48
49 53 889
49 54 937
49 55 96
49 56 937
49 57 985
49 58 144
49 59 985
49 60 1033
49 61 192
49 62 1033
49 63 1081
49 64 240
49 65 1081
49 66 1129
49 67 288
49 68 1129
49 69 1201
50 0 2042
50 1 1607
50 2 879
50 3 1005
50 4 905
50 5 1668
50 6 1816
50 7 423
50 8 809
50 9 739
50 10 1651
50 11 1824
50 12 1811
50 13 723
50 14 133
50 15 1606
50 16 1576
50 17 1637
50 18 726
50 19 635
50 20 1524
50 21 1720
50 22 1789
50 23 1715
50 24 1556
50 25 1820
50 26 1755
50 27 1702
50 28 1667
50 29 940
50 30 787
50 31 627
50 32 272
50 33 1922
50 34 1081
50 35 240
50 36 1874
50 37 1033
50 38 192
50 39 1826
50 40 985
50 41 144
50 42 1778
50 43 937
50 44 96
50 45 1730
50 46 889
50 47 48
50 48 1682
50 49 841
50 50 0
50 51 1730
50 52 889
50 53 48
50 54 1778
50 55 937
50 56 96
50 57 1826
50 58 985
50 59 144
50 60 1874
50 61 1033
50 62 192
50 63 1922
50 64 1081
50 65 240
50 66 1970
50 67 1129
50 68 288
50 69 2042
51 0 408
51 1 411
51 2 1139
51 3 1205
51 4 1113
51 5 350
51 6 394
51 7 1403
51 8 1113
51 9 991
51 10 463
51 11 290
51 12 303
51 13 1391
51 14 1693
51 15 124
51 16 250
51 17 285
51 18 1004
51 19 1095
51 20 302
51 21 298
51 22 133
51 23 207
51 24 654
51 25 390
51 26 455
51 27 220
51 28 159
51 29 1174
51 30 1039
51 31 1199
51 32 1746
51 33 288
51 34 1129
51 35 1970
51 36 240
51 37 1081
51 38 1922
51 39 192
51 40 1033
51 41 1874
51 42 144
51 43 985
51 44 1826
51 45 96
51 46 937
51 47 1778
51 48 48
51 49 889
51 50 1730
51 51 0
51 52 841
51 53 1682
51 54 48
51 55 889
51 56 1730
51 57 96
51 58 937
51 59 1778
51 60 144
51 61 985
51 62 1826
51 63 192
51 64 1033
51 65 1874
51 66 240
51 67 1081
51 68 1922
51 69 408
52 0 1249
52 1 814
52 2 298
52 3 364
52 4 272
52 5 779
52 6 927
52 7 562
52 8 272
52 9 150
52 10 762
52 11 1031
52 12 1018
52 13 550
52 14 852
52 15 813
52 16 783
52 17 844
52 18 163
52 19 254
52 20 731
52 21 831
52 22 900
52 23 922
52 24 667
52 25 1027
52 26 962
52 27 909
52 28 874
52 29 333
52 30 198
52 31 358
52 32 905
52 33 1129
52 34 288
52 35 1129
52 36 1081
52 37 240
52 38 1081
52 39 1033
52 40 192
52 41 1033
52 42 985
52 43 144
52 44 985
52 45 937
52 46 96
52 47 937
52 48 889
52 49 48
52 50 889
52 51 841
52 52 0
52 53 841
52 54 889
52 55 48
52 56 889
52 57 937
52 58 96
52 59 937
52 60 985
52 61 144
52 62 985
52 63 1033
52 64 192
52 65 1033
52 66 1081
52 67 240
52 68 1081
52 69 1249
53 0 2090
53 1 1655
53 2 831
53 3 1053
53 4 857
53 5 1620
53 6 1768
53 7 471
53 8 857
53 9 787
53 10 1603
53 11 1872
53 12 1859
53 13 771
53 14 85
53 15 1654
53 16 1624
53 17 1685
53 18 774
53 19 683
53 20 1572
53 21 1672
53 22 1741
