//alpha
1
//NbLocations
83
//NbProducts
28
//NbPickers
2
//CapaPicker
8
//TimeToTravelOneDistanceUnit
3
//SetupTime
5400
//PickTime
300
//Products
//Idx Location Size
1 1 1
2 2 1
3 3 1
4 4 1
5 5 1
6 6 1
7 7 1
8 8 1
9 9 1
10 10 1
11 11 1
12 12 1
13 13 1
14 14 1
15 15 1
16 16 1
17 17 1
18 18 1
19 19 1
20 20 1
21 21 1
22 22 1
23 23 1
24 24 1
25 25 1
26 26 1
27 27 1
28 28 1
//Orders
//NbOrders
18
//Idx DueDate TardinessPenalty NbProdInOrder ProdIdx1 Qty1 ProdIdx2 Qty2 ...
1 144000 0 1 1 1
2 108000 0 2 2 1 3 1
3 36000 0 1 4 1
4 54000 0 1 5 1
5 108000 0 2 6 1 7 1
6 108000 0 2 8 1 9 1
7 90000 0 3 10 1 11 1 12 1
8 90000 0 1 13 1
9 36000 0 1 14 1
10 126000 0 1 15 1
11 54000 0 1 16 1
12 72000 0 1 17 1
13 126000 0 1 18 1
14 54000 0 3 19 1 20 1 21 1
15 72000 0 1 22 1
16 54000 0 1 23 1
17 54000 0 3 24 1 25 1 26 1
18 108000 0 2 27 1 28 1
//Graph (Products are vertices indexed from 1 to NbProducts)
//NbVerticesIntersections
54
//DepartingDepot
0
//ArrivalDepot
83
//Arcs
//Start End Distance
0 29 120
1 14 26
1 54 1116
2 5 325
2 33 739
3 16 156
3 52 1025
4 65 76
4 66 1155
5 2 325
5 21 26
6 8 91
6 46 1077
7 42 258
7 43 973
8 6 91
8 45 63
9 13 676
9 57 427
10 80 102
10 81 1129
11 19 702
11 42 414
12 71 50
12 72 1181
13 9 676
13 56 128
14 1 26
14 53 89
15 23 234
15 76 687
16 3 156
16 51 50
17 48 518
17 49 713
18 74 1077
18 75 154
19 11 702
19 20 65
20 19 65
20 41 50
21 5 26
21 32 141
22 66 609
22 67 622
23 15 234
23 25 273
24 30 362
24 31 869
25 23 273
25 75 37
26 36 102
26 37 1129
27 81 492
27 82 739
28 38 89
28 39 1142
29 30 1231
29 32 48
29 83 120
30 24 362
30 29 1231
30 33 48
31 24 869
31 34 48
32 21 141
32 29 48
32 35 48
33 2 739
33 30 48
33 34 1231
33 36 48
34 31 48
34 33 1231
34 37 48
35 32 48
35 36 1231
35 38 48
36 26 102
36 33 48
36 35 1231
36 39 48
37 26 1129
37 34 48
37 40 48
38 28 89
38 35 48
38 41 48
39 28 1142
39 36 48
39 40 1231
39 42 48
40 37 48
40 39 1231
40 43 48
41 20 50
41 38 48
41 44 48
42 7 258
42 11 414
42 39 48
42 45 48
43 7 973
43 40 48
43 46 48
44 41 48
44 45 1231
44 47 48
45 8 63
45 42 48
45 44 1231
45 48 48
46 6 1077
46 43 48
46 49 48
47 44 48
47 48 1231
47 50 48
48 17 518
48 45 48
48 47 1231
48 51 48
49 17 713
49 46 48
49 52 48
50 47 48
50 51 1231
50 53 48
51 16 50
51 48 48
51 50 1231
51 54 48
52 3 1025
52 49 48
52 55 48
53 14 89
53 50 48
53 56 48
54 1 1116
54 51 48
54 55 1231
54 57 48
55 52 48
55 54 1231
55 58 48
56 13 128
56 53 48
56 59 48
57 9 427
57 54 48
57 58 1231
57 60 48
58 55 48
58 57 1231
58 61 48
59 56 48
59 60 1231
59 62 48
60 57 48
60 59 1231
60 61 1231
60 63 48
61 58 48
61 60 1231
61 64 48
62 59 48
62 63 1231
62 65 48
63 60 48
63 62 1231
63 64 1231
63 66 48
64 61 48
64 63 1231
64 67 48
65 4 76
65 62 48
65 68 48
66 4 1155
66 22 609
66 63 48
66 69 48
67 22 622
67 64 48
67 70 48
68 65 48
68 69 1231
68 71 48
69 66 48
69 68 1231
69 70 1231
69 72 48
70 67 48
70 69 1231
70 73 48
71 12 50
71 68 48
71 74 48
72 12 1181
72 69 48
72 73 1231
72 75 48
73 70 48
73 72 1231
73 76 48
74 18 1077
74 71 48
74 77 48
75 18 154
75 25 37
75 72 48
75 78 48
76 15 687
76 73 48
76 79 48
77 74 48
77 78 1231
77 80 48
78 75 48
78 77 1231
78 79 1231
78 81 48
79 76 48
79 78 1231
79 82 48
80 10 102
80 77 48
81 10 1129
81 27 492
81 78 48
82 27 739
82 79 48
//LocStart LocEnd ShortestPath
0 0 0
0 1 619
0 2 660
0 3 1893
0 4 772
0 5 335
0 6 1745
0 7 1801
0 8 1654
0 9 1356
0 10 1038
0 11 1129
0 12 842
0 13 680
0 14 593
0 15 2615
0 16 1737
0 17 2157
0 18 1917
0 19 427
0 20 362
0 21 309
0 22 2536
0 23 2381
0 24 1713
0 25 2108
0 26 1549
0 27 2659
0 28 353
0 29 120
0 30 1351
0 31 2582
0 32 168
0 33 1399
0 34 2630
0 35 216
0 36 1447
0 37 2678
0 38 264
0 39 1495
0 40 2726
0 41 312
0 42 1543
0 43 2774
0 44 360
0 45 1591
0 46 2822
0 47 408
0 48 1639
0 49 2870
0 50 456
0 51 1687
0 52 2918
0 53 504
0 54 1735
0 55 2966
0 56 552
0 57 1783
0 58 3014
0 59 600
0 60 1831
0 61 3062
0 62 648
0 63 1879
0 64 3110
0 65 696
0 66 1927
0 67 3158
0 68 744
0 69 1975
0 70 3206
0 71 792
0 72 2023
0 73 3254
0 74 840
0 75 2071
0 76 3302
0 77 888
0 78 2119
0 79 3350
0 80 936
0 81 2167
0 82 3398
0 83 0
1 0 619
1 1 0
1 2 943
1 3 1370
1 4 383
1 5 618
1 6 1414
1 7 1566
1 8 1323
1 9 967
1 10 649
1 11 1124
1 12 453
1 13 291
1 14 26
1 15 1996
1 16 1214
1 17 1730
1 18 1528
1 19 422
1 20 357
1 21 592
1 22 1917
1 23 1762
1 24 1862
1 25 1489
1 26 1506
1 27 2040
1 28 444
1 29 499
1 30 1500
1 31 2731
1 32 451
1 33 1452
1 34 2683
1 35 403
1 36 1404
1 37 2635
1 38 355
1 39 1356
1 40 2587
1 41 307
1 42 1308
1 43 2539
1 44 259
1 45 1260
1 46 2491
1 47 211
1 48 1212
1 49 2443
1 50 163
1 51 1164
1 52 2395
1 53 115
1 54 1116
1 55 2347
1 56 163
1 57 1164
1 58 2395
1 59 211
1 60 1212
1 61 2443
1 62 259
1 63 1260
1 64 2491
1 65 307
1 66 1308
1 67 2539
1 68 355
1 69 1356
1 70 2587
1 71 403
1 72 1404
1 73 2635
1 74 451
1 75 1452
1 76 2683
1 77 499
1 78 1500
1 79 2731
1 80 547
1 81 1548
1 82 2779
1 83 619
2 0 660
2 1 943
2 2 0
2 3 1233
2 4 1096
2 5 325
2 6 1085
2 7 1141
2 8 994
2 9 1550
2 10 1362
2 11 1297
2 12 1166
2 13 1004
2 14 917
2 15 1955
2 16 1077
2 17 1497
2 18 1565
2 19 751
2 20 686
2 21 351
2 22 1876
2 23 1721
2 24 1149
2 25 1448
2 26 889
2 27 1999
2 28 677
2 29 540
2 30 787
2 31 2018
2 32 492
2 33 739
2 34 1970
2 35 540
2 36 787
2 37 2018
2 38 588
2 39 835
2 40 2066
2 41 636
2 42 883
2 43 2114
2 44 684
2 45 931
2 46 2162
2 47 732
2 48 979
2 49 2210
2 50 780
2 51 1027
2 52 2258
2 53 828
2 54 1075
2 55 2306
2 56 876
2 57 1123
2 58 2354
2 59 924
2 60 1171
2 61 2402
2 62 972
2 63 1219
2 64 2450
2 65 1020
2 66 1267
2 67 2498
2 68 1068
2 69 1315
2 70 2546
2 71 1116
2 72 1363
2 73 2594
2 74 1164
2 75 1411
2 76 2642
2 77 1212
2 78 1459
2 79 2690
2 80 1260
2 81 1507
2 82 2738
2 83 660
3 0 1893
3 1 1370
3 2 1233
3 3 0
3 4 1601
3 5 1558
3 6 456
3 7 608
3 8 365
3 9 729
3 10 1815
3 11 764
3 12 1723
3 13 1405
3 14 1396
3 15 1134
3 16 156
3 17 772
3 18 744
3 19 1466
3 20 1531
3 21 1584
3 22 1055
3 23 900
3 24 904
3 25 627
3 26 548
3 27 1178
3 28 1540
3 29 1773
3 30 542
3 31 1361
3 32 1725
3 33 494
3 34 1313
3 35 1677
3 36 446
3 37 1265
3 38 1629
3 39 398
3 40 1217
3 41 1581
3 42 350
3 43 1169
3 44 1533
3 45 302
3 46 1121
3 47 1485
3 48 254
3 49 1073
3 50 1437
3 51 206
3 52 1025
3 53 1485
3 54 254
3 55 1073
3 56 1533
3 57 302
3 58 1121
3 59 1581
3 60 350
3 61 1169
3 62 1629
3 63 398
3 64 1217
3 65 1677
3 66 446
3 67 1265
3 68 1725
3 69 494
3 70 1313
3 71 1773
3 72 542
3 73 1361
3 74 1821
3 75 590
3 76 1409
3 77 1869
3 78 638
3 79 1457
3 80 1917
3 81 686
3 82 1505
3 83 1893
4 0 772
4 1 383
4 2 1096
4 3 1601
4 4 0
4 5 771
4 6 1645
4 7 1797
4 8 1554
4 9 1024
4 10 418
4 11 1277
4 12 222
4 13 348
4 14 357
4 15 1843
4 16 1445
4 17 1961
4 18 1297
4 19 575
4 20 510
4 21 745
4 22 1764
4 23 1609
4 24 2093
4 25 1336
4 26 1737
4 27 1887
4 28 597
4 29 652
4 30 1731
4 31 2962
4 32 604
4 33 1683
4 34 2914
4 35 556
4 36 1635
4 37 2866
4 38 508
4 39 1587
4 40 2818
4 41 460
4 42 1539
4 43 2770
4 44 412
4 45 1491
4 46 2722
4 47 364
4 48 1443
4 49 2674
4 50 316
4 51 1395
4 52 2626
4 53 268
4 54 1347
4 55 2578
4 56 220
4 57 1299
4 58 2530
4 59 172
4 60 1251
4 61 2482
4 62 124
4 63 1203
4 64 2434
4 65 76
4 66 1155
4 67 2386
4 68 124
4 69 1203
4 70 2434
4 71 172
4 72 1251
4 73 2482
4 74 220
4 75 1299
4 76 2530
4 77 268
4 78 1347
4 79 2578
4 80 316
4 81 1395
4 82 2626
4 83 772
5 0 335
5 1 618
5 2 325
5 3 1558
5 4 771
5 5 0
5 6 1410
5 7 1466
5 8 1319
5 9 1355
5 10 1037
5 11 1128
5 12 841
5 13 679
5 14 592
5 15 2280
5 16 1402
5 17 1822
5 18 1890
5 19 426
5 20 361
5 21 26
5 22 2201
5 23 2046
5 24 1474
5 25 1773
5 26 1214
5 27 2324
5 28 352
5 29 215
5 30 1112
5 31 2343
5 32 167
5 33 1064
5 34 2295
5 35 215
5 36 1112
5 37 2343
5 38 263
5 39 1160
5 40 2391
5 41 311
5 42 1208
5 43 2439
5 44 359
5 45 1256
5 46 2487
5 47 407
5 48 1304
5 49 2535
5 50 455
5 51 1352
5 52 2583
5 53 503
5 54 1400
5 55 2631
5 56 551
5 57 1448
5 58 2679
5 59 599
5 60 1496
5 61 2727
5 62 647
5 63 1544
5 64 2775
5 65 695
5 66 1592
5 67 2823
5 68 743
5 69 1640
5 70 2871
5 71 791
5 72 1688
5 73 2919
5 74 839
5 75 1736
5 76 2967
5 77 887
5 78 1784
5 79 3015
5 80 935
5 81 1832
5 82 3063
5 83 335
6 0 1745
6 1 1414
6 2 1085
6 3 456
6 4 1645
6 5 1410
6 6 0
6 7 460
6 8 91
6 9 773
6 10 1859
6 11 616
6 12 1767
6 13 1449
6 14 1440
6 15 1178
6 16 300
6 17 720
6 18 788
6 19 1318
6 20 1383
6 21 1436
6 22 1099
6 23 944
6 24 756
6 25 671
6 26 400
6 27 1222
6 28 1392
6 29 1625
6 30 394
6 31 1317
6 32 1577
6 33 346
6 34 1269
6 35 1529
6 36 298
6 37 1221
6 38 1481
6 39 250
6 40 1173
6 41 1433
6 42 202
6 43 1125
6 44 1385
6 45 154
6 46 1077
6 47 1433
6 48 202
6 49 1125
6 50 1481
6 51 250
6 52 1173
6 53 1529
6 54 298
6 55 1221
6 56 1577
6 57 346
6 58 1269
6 59 1625
6 60 394
6 61 1317
6 62 1673
6 63 442
6 64 1365
6 65 1721
6 66 490
6 67 1413
6 68 1769
6 69 538
6 70 1461
6 71 1817
6 72 586
6 73 1509
6 74 1865
6 75 634
6 76 1557
6 77 1913
6 78 682
6 79 1605
6 80 1961
6 81 730
6 82 1653
6 83 1745
7 0 1801
7 1 1566
7 2 1141
7 3 608
7 4 1797
7 5 1466
7 6 460
7 7 0
7 8 369
7 9 925
7 10 2011
7 11 672
7 12 1919
7 13 1601
7 14 1592
7 15 1330
7 16 452
7 17 872
7 18 940
7 19 1374
7 20 1439
7 21 1492
7 22 1251
7 23 1096
7 24 812
7 25 823
7 26 456
7 27 1374
7 28 1448
7 29 1681
7 30 450
7 31 1165
7 32 1633
7 33 402
7 34 1117
7 35 1585
7 36 354
7 37 1069
7 38 1537
7 39 306
7 40 1021
7 41 1489
7 42 258
7 43 973
7 44 1537
7 45 306
7 46 1021
7 47 1585
7 48 354
7 49 1069
7 50 1633
7 51 402
7 52 1117
7 53 1681
7 54 450
7 55 1165
7 56 1729
7 57 498
7 58 1213
7 59 1777
7 60 546
7 61 1261
7 62 1825
7 63 594
7 64 1309
7 65 1873
7 66 642
7 67 1357
7 68 1921
7 69 690
7 70 1405
7 71 1969
7 72 738
7 73 1453
7 74 2017
7 75 786
7 76 1501
7 77 2065
7 78 834
7 79 1549
7 80 2113
7 81 882
7 82 1597
7 83 1801
8 0 1654
8 1 1323
8 2 994
8 3 365
8 4 1554
8 5 1319
8 6 91
8 7 369
8 8 0
8 9 682
8 10 1768
8 11 525
8 12 1676
8 13 1358
8 14 1349
8 15 1087
8 16 209
8 17 629
8 18 697
8 19 1227
8 20 1292
8 21 1345
8 22 1008
8 23 853
8 24 665
8 25 580
8 26 309
8 27 1131
8 28 1301
8 29 1534
8 30 303
8 31 1408
8 32 1486
8 33 255
8 34 1360
8 35 1438
8 36 207
8 37 1312
8 38 1390
8 39 159
8 40 1264
8 41 1342
8 42 111
8 43 1216
8 44 1294
8 45 63
8 46 1168
8 47 1342
8 48 111
8 49 1216
8 50 1390
8 51 159
8 52 1264
8 53 1438
8 54 207
8 55 1312
8 56 1486
8 57 255
8 58 1360
8 59 1534
8 60 303
8 61 1408
8 62 1582
8 63 351
8 64 1456
8 65 1630
8 66 399
8 67 1504
8 68 1678
8 69 447
8 70 1552
8 71 1726
8 72 495
8 73 1600
8 74 1774
8 75 543
8 76 1648
8 77 1822
8 78 591
8 79 1696
8 80 1870
8 81 639
8 82 1744
8 83 1654
9 0 1356
9 1 967
9 2 1550
9 3 729
9 4 1024
9 5 1355
9 6 773
9 7 925
9 8 682
9 9 0
9 10 1290
9 11 1081
9 12 1094
9 13 676
9 14 941
9 15 1259
9 16 573
9 17 1089
9 18 869
9 19 1159
9 20 1094
9 21 1329
9 22 1180
9 23 1025
9 24 1221
9 25 752
9 26 865
9 27 1303
9 28 1181
9 29 1236
9 30 859
9 31 2090
9 32 1188
9 33 811
9 34 2042
9 35 1140
9 36 763
9 37 1994
9 38 1092
9 39 715
9 40 1946
9 41 1044
9 42 667
9 43 1898
9 44 996
9 45 619
9 46 1850
9 47 948
9 48 571
9 49 1802
9 50 900
9 51 523
9 52 1754
9 53 852
9 54 475
9 55 1706
9 56 804
9 57 427
9 58 1658
9 59 852
9 60 475
9 61 1706
9 62 900
9 63 523
9 64 1754
9 65 948
9 66 571
9 67 1802
9 68 996
9 69 619
9 70 1850
9 71 1044
9 72 667
9 73 1898
9 74 1092
9 75 715
9 76 1946
9 77 1140
9 78 763
9 79 1994
9 80 1188
9 81 811
9 82 2042
9 83 1356
10 0 1038
10 1 649
10 2 1362
10 3 1815
10 4 418
10 5 1037
10 6 1859
10 7 2011
10 8 1768
10 9 1290
10 10 0
10 11 1543
10 12 296
10 13 614
10 14 623
10 15 1769
10 16 1659
10 17 2175
10 18 1275
10 19 841
10 20 776
10 21 1011
10 22 1978
10 23 1535
10 24 2307
10 25 1262
10 26 1951
10 27 1621
10 28 863
10 29 918
10 30 1945
10 31 3176
10 32 870
10 33 1897
10 34 3128
10 35 822
10 36 1849
10 37 3080
10 38 774
10 39 1801
10 40 3032
10 41 726
10 42 1753
10 43 2984
10 44 678
10 45 1705
10 46 2936
10 47 630
10 48 1657
10 49 2888
10 50 582
10 51 1609
10 52 2840
10 53 534
10 54 1561
10 55 2792
10 56 486
10 57 1513
10 58 2744
10 59 438
10 60 1465
10 61 2696
10 62 390
10 63 1417
10 64 2648
10 65 342
10 66 1369
10 67 2600
10 68 294
10 69 1321
10 70 2552
10 71 246
10 72 1273
10 73 2504
10 74 198
10 75 1225
10 76 2456
10 77 150
10 78 1177
10 79 2408
10 80 102
10 81 1129
10 82 2360
10 83 1038
11 0 1129
11 1 1124
11 2 1297
11 3 764
11 4 1277
11 5 1128
11 6 616
11 7 672
11 8 525
11 9 1081
11 10 1543
11 11 0
11 12 1347
11 13 1185
11 14 1098
11 15 1486
11 16 608
11 17 1028
11 18 1096
11 19 702
11 20 767
11 21 1102
11 22 1407
11 23 1252
11 24 968
11 25 979
11 26 612
11 27 1530
11 28 954
11 29 1009
11 30 606
11 31 1837
11 32 961
11 33 558
11 34 1789
11 35 913
11 36 510
11 37 1741
11 38 865
11 39 462
11 40 1693
11 41 817
11 42 414
11 43 1645
11 44 865
11 45 462
11 46 1693
11 47 913
11 48 510
11 49 1741
11 50 961
11 51 558
11 52 1789
11 53 1009
11 54 606
11 55 1837
11 56 1057
11 57 654
11 58 1885
11 59 1105
11 60 702
11 61 1933
11 62 1153
11 63 750
11 64 1981
11 65 1201
11 66 798
11 67 2029
11 68 1249
11 69 846
11 70 2077
11 71 1297
11 72 894
11 73 2125
11 74 1345
11 75 942
11 76 2173
11 77 1393
11 78 990
11 79 2221
11 80 1441
11 81 1038
11 82 2269
11 83 1129
12 0 842
12 1 453
12 2 1166
12 3 1723
12 4 222
12 5 841
12 6 1767
12 7 1919
12 8 1676
12 9 1094
12 10 296
12 11 1347
12 12 0
12 13 418
12 14 427
12 15 1773
12 16 1567
12 17 2083
12 18 1175
12 19 645
12 20 580
12 21 815
12 22 1886
12 23 1539
12 24 2215
12 25 1266
12 26 1859
12 27 1817
12 28 667
12 29 722
12 30 1853
12 31 3084
12 32 674
12 33 1805
12 34 3036
12 35 626
12 36 1757
12 37 2988
12 38 578
12 39 1709
12 40 2940
12 41 530
12 42 1661
12 43 2892
12 44 482
12 45 1613
12 46 2844
12 47 434
12 48 1565
12 49 2796
12 50 386
12 51 1517
12 52 2748
12 53 338
12 54 1469
12 55 2700
12 56 290
12 57 1421
12 58 2652
12 59 242
12 60 1373
12 61 2604
12 62 194
12 63 1325
12 64 2556
12 65 146
12 66 1277
12 67 2508
12 68 98
12 69 1229
12 70 2460
12 71 50
12 72 1181
12 73 2412
12 74 98
12 75 1229
12 76 2460
12 77 146
12 78 1277
12 79 2508
12 80 194
12 81 1325
12 82 2556
12 83 842
13 0 680
13 1 291
13 2 1004
13 3 1405
13 4 348
13 5 679
13 6 1449
13 7 1601
13 8 1358
13 9 676
13 10 614
13 11 1185
13 12 418
13 13 0
13 14 265
13 15 1935
13 16 1249
13 17 1765
13 18 1493
13 19 483
13 20 418
13 21 653
13 22 1856
13 23 1701
13 24 1897
13 25 1428
13 26 1541
13 27 1979
13 28 505
13 29 560
13 30 1535
13 31 2766
13 32 512
13 33 1487
13 34 2718
13 35 464
13 36 1439
13 37 2670
13 38 416
13 39 1391
13 40 2622
13 41 368
13 42 1343
13 43 2574
13 44 320
13 45 1295
13 46 2526
13 47 272
13 48 1247
13 49 2478
13 50 224
13 51 1199
13 52 2430
13 53 176
13 54 1151
13 55 2382
13 56 128
13 57 1103
13 58 2334
13 59 176
13 60 1151
13 61 2382
13 62 224
13 63 1199
13 64 2430
13 65 272
13 66 1247
13 67 2478
13 68 320
13 69 1295
13 70 2526
13 71 368
13 72 1343
13 73 2574
13 74 416
13 75 1391
13 76 2622
13 77 464
13 78 1439
13 79 2670
13 80 512
13 81 1487
13 82 2718
13 83 680
14 0 593
14 1 26
14 2 917
14 3 1396
14 4 357
14 5 592
14 6 1440
14 7 1592
14 8 1349
14 9 941
14 10 623
14 11 1098
14 12 427
14 13 265
14 14 0
14 15 2022
14 16 1240
14 17 1756
14 18 1502
14 19 396
14 20 331
14 21 566
14 22 1943
14 23 1788
14 24 1888
14 25 1515
14 26 1532
14 27 2066
14 28 418
14 29 473
14 30 1526
14 31 2757
14 32 425
14 33 1478
14 34 2709
14 35 377
14 36 1430
14 37 2661
14 38 329
14 39 1382
14 40 2613
14 41 281
14 42 1334
14 43 2565
14 44 233
14 45 1286
14 46 2517
14 47 185
14 48 1238
14 49 2469
14 50 137
14 51 1190
14 52 2421
14 53 89
14 54 1142
14 55 2373
14 56 137
14 57 1190
14 58 2421
14 59 185
14 60 1238
14 61 2469
14 62 233
14 63 1286
14 64 2517
14 65 281
14 66 1334
14 67 2565
14 68 329
14 69 1382
14 70 2613
14 71 377
14 72 1430
14 73 2661
14 74 425
14 75 1478
14 76 2709
14 77 473
14 78 1526
14 79 2757
14 80 521
14 81 1574
14 82 2805
14 83 593
15 0 2615
15 1 1996
15 2 1955
15 3 1134
15 4 1843
15 5 2280
15 6 1178
15 7 1330
15 8 1087
15 9 1259
15 10 1769
15 11 1486
15 12 1773
15 13 1935
15 14 2022
15 15 0
15 16 978
15 17 1494
15 18 698
15 19 2188
15 20 2253
15 21 2306
15 22 1297
15 23 234
15 24 1626
15 25 507
15 26 1270
15 27 1132
15 28 2262
15 29 2495
15 30 1264
15 31 1407
15 32 2447
15 33 1216
15 34 1359
15 35 2399
15 36 1168
15 37 1311
15 38 2351
15 39 1120
15 40 1263
15 41 2303
15 42 1072
15 43 1215
15 44 2255
15 45 1024
15 46 1167
15 47 2207
15 48 976
15 49 1119
15 50 2159
15 51 928
15 52 1071
15 53 2111
15 54 880
15 55 1023
15 56 2063
15 57 832
15 58 975
15 59 2015
15 60 784
15 61 927
15 62 1967
15 63 736
15 64 879
15 65 1919
15 66 688
15 67 831
15 68 1871
15 69 640
15 70 783
15 71 1823
15 72 592
15 73 735
15 74 1775
15 75 544
15 76 687
15 77 1823
15 78 592
15 79 735
15 80 1871
15 81 640
15 82 783
15 83 2615
16 0 1737
16 1 1214
16 2 1077
16 3 156
16 4 1445
16 5 1402
16 6 300
16 7 452
16 8 209
16 9 573
16 10 1659
16 11 608
16 12 1567
16 13 1249
16 14 1240
16 15 978
16 16 0
16 17 616
16 18 588
16 19 1310
16 20 1375
16 21 1428
16 22 899
16 23 744
16 24 748
16 25 471
16 26 392
16 27 1022
16 28 1384
16 29 1617
16 30 386
16 31 1517
16 32 1569
16 33 338
16 34 1469
16 35 1521
16 36 290
16 37 1421
16 38 1473
16 39 242
16 40 1373
16 41 1425
16 42 194
16 43 1325
16 44 1377
16 45 146
16 46 1277
16 47 1329
16 48 98
16 49 1229
16 50 1281
16 51 50
16 52 1181
16 53 1329
16 54 98
16 55 1229
16 56 1377
16 57 146
16 58 1277
16 59 1425
16 60 194
16 61 1325
16 62 1473
16 63 242
16 64 1373
16 65 1521
16 66 290
16 67 1421
16 68 1569
16 69 338
16 70 1469
16 71 1617
16 72 386
16 73 1517
16 74 1665
16 75 434
16 76 1565
16 77 1713
16 78 482
16 79 1613
16 80 1761
16 81 530
16 82 1661
16 83 1737
17 0 2157
17 1 1730
17 2 1497
17 3 772
17 4 1961
17 5 1822
17 6 720
17 7 872
17 8 629
17 9 1089
17 10 2175
17 11 1028
17 12 2083
17 13 1765
17 14 1756
17 15 1494
17 16 616
17 17 0
17 18 1104
17 19 1730
17 20 1795
17 21 1848
17 22 1415
17 23 1260
17 24 1168
17 25 987
17 26 812
17 27 1538
17 28 1804
17 29 2037
17 30 806
17 31 1001
17 32 1989
17 33 758
17 34 953
17 35 1941
17 36 710
17 37 905
17 38 1893
17 39 662
17 40 857
17 41 1845
17 42 614
17 43 809
17 44 1797
17 45 566
17 46 761
17 47 1749
17 48 518
17 49 713
17 50 1797
17 51 566
17 52 761
17 53 1845
17 54 614
17 55 809
17 56 1893
17 57 662
17 58 857
17 59 1941
17 60 710
17 61 905
17 62 1989
17 63 758
17 64 953
17 65 2037
17 66 806
17 67 1001
17 68 2085
17 69 854
17 70 1049
17 71 2133
17 72 902
17 73 1097
17 74 2181
17 75 950
17 76 1145
17 77 2229
17 78 998
17 79 1193
17 80 2277
17 81 1046
17 82 1241
17 83 2157
18 0 1917
18 1 1528
18 2 1565
18 3 744
18 4 1297
18 5 1890
18 6 788
18 7 940
18 8 697
18 9 869
18 10 1275
18 11 1096
18 12 1175
18 13 1493
18 14 1502
18 15 698
18 16 588
18 17 1104
18 18 0
18 19 1720
18 20 1655
18 21 1890
18 22 907
18 23 464
18 24 1236
18 25 191
18 26 880
18 27 742
18 28 1742
18 29 1797
18 30 874
18 31 2105
18 32 1749
18 33 826
18 34 2057
18 35 1701
18 36 778
18 37 2009
18 38 1653
18 39 730
18 40 1961
18 41 1605
18 42 682
18 43 1913
18 44 1557
18 45 634
18 46 1865
18 47 1509
18 48 586
18 49 1817
18 50 1461
18 51 538
18 52 1769
18 53 1413
18 54 490
18 55 1721
18 56 1365
18 57 442
18 58 1673
18 59 1317
18 60 394
18 61 1625
18 62 1269
18 63 346
18 64 1577
18 65 1221
18 66 298
18 67 1529
18 68 1173
18 69 250
18 70 1481
18 71 1125
18 72 202
18 73 1433
18 74 1077
18 75 154
18 76 1385
18 77 1125
18 78 202
18 79 1433
18 80 1173
18 81 250
18 82 1481
18 83 1917
19 0 427
19 1 422
19 2 751
19 3 1466
19 4 575
19 5 426
19 6 1318
19 7 1374
19 8 1227
19 9 1159
19 10 841
19 11 702
19 12 645
19 13 483
19 14 396
19 15 2188
19 16 1310
19 17 1730
19 18 1720
19 19 0
19 20 65
19 21 400
19 22 2109
19 23 1954
19 24 1670
19 25 1681
19 26 1314
19 27 2232
19 28 252
19 29 307
19 30 1308
19 31 2539
19 32 259
19 33 1260
19 34 2491
19 35 211
19 36 1212
19 37 2443
19 38 163
19 39 1164
19 40 2395
19 41 115
19 42 1116
19 43 2347
19 44 163
19 45 1164
19 46 2395
19 47 211
19 48 1212
19 49 2443
19 50 259
19 51 1260
19 52 2491
19 53 307
19 54 1308
19 55 2539
19 56 355
19 57 1356
19 58 2587
19 59 403
19 60 1404
19 61 2635
19 62 451
19 63 1452
19 64 2683
19 65 499
19 66 1500
19 67 2731
19 68 547
19 69 1548
19 70 2779
19 71 595
19 72 1596
19 73 2827
19 74 643
19 75 1644
19 76 2875
19 77 691
19 78 1692
19 79 2923
19 80 739
19 81 1740
19 82 2971
19 83 427
20 0 362
20 1 357
20 2 686
20 3 1531
20 4 510
20 5 361
20 6 1383
20 7 1439
20 8 1292
20 9 1094
20 10 776
20 11 767
20 12 580
20 13 418
20 14 331
20 15 2253
20 16 1375
20 17 1795
20 18 1655
20 19 65
20 20 0
20 21 335
20 22 2174
20 23 2019
20 24 1735
20 25 1746
20 26 1379
20 27 2297
20 28 187
20 29 242
20 30 1373
20 31 2604
20 32 194
20 33 1325
20 34 2556
20 35 146
20 36 1277
20 37 2508
20 38 98
20 39 1229
20 40 2460
20 41 50
20 42 1181
20 43 2412
20 44 98
20 45 1229
20 46 2460
20 47 146
20 48 1277
20 49 2508
20 50 194
20 51 1325
20 52 2556
20 53 242
20 54 1373
20 55 2604
20 56 290
20 57 1421
20 58 2652
20 59 338
20 60 1469
20 61 2700
20 62 386
20 63 1517
20 64 2748
20 65 434
20 66 1565
20 67 2796
20 68 482
20 69 1613
20 70 2844
20 71 530
20 72 1661
20 73 2892
20 74 578
20 75 1709
20 76 2940
20 77 626
20 78 1757
20 79 2988
20 80 674
20 81 1805
20 82 3036
20 83 362
21 0 309
21 1 592
21 2 351
21 3 1584
21 4 745
21 5 26
21 6 1436
21 7 1492
21 8 1345
21 9 1329
21 10 1011
21 11 1102
21 12 815
21 13 653
21 14 566
21 15 2306
21 16 1428
21 17 1848
21 18 1890
21 19 400
21 20 335
21 21 0
21 22 2227
21 23 2072
21 24 1500
21 25 1799
21 26 1240
21 27 2350
21 28 326
21 29 189
21 30 1138
21 31 2369
21 32 141
21 33 1090
21 34 2321
21 35 189
21 36 1138
21 37 2369
21 38 237
21 39 1186
21 40 2417
21 41 285
21 42 1234
21 43 2465
21 44 333
21 45 1282
21 46 2513
21 47 381
21 48 1330
21 49 2561
21 50 429
21 51 1378
21 52 2609
21 53 477
21 54 1426
21 55 2657
21 56 525
21 57 1474
21 58 2705
21 59 573
21 60 1522
21 61 2753
21 62 621
21 63 1570
21 64 2801
21 65 669
21 66 1618
21 67 2849
21 68 717
21 69 1666
21 70 2897
21 71 765
21 72 1714
21 73 2945
21 74 813
21 75 1762
21 76 2993
21 77 861
21 78 1810
21 79 3041
21 80 909
21 81 1858
21 82 3089
21 83 309
22 0 2536
22 1 1917
22 2 1876
22 3 1055
22 4 1764
22 5 2201
22 6 1099
22 7 1251
22 8 1008
22 9 1180
22 10 1978
22 11 1407
22 12 1886
22 13 1856
22 14 1943
22 15 1297
22 16 899
22 17 1415
22 18 907
22 19 2109
22 20 2174
22 21 2227
22 22 0
22 23 1063
22 24 1547
22 25 790
22 26 1191
22 27 1341
22 28 2183
22 29 2416
22 30 1185
22 31 1198
22 32 2368
22 33 1137
22 34 1150
22 35 2320
22 36 1089
22 37 1102
22 38 2272
22 39 1041
22 40 1054
22 41 2224
22 42 993
22 43 1006
22 44 2176
22 45 945
22 46 958
22 47 2128
22 48 897
22 49 910
22 50 2080
22 51 849
22 52 862
22 53 2032
22 54 801
22 55 814
22 56 1984
22 57 753
22 58 766
22 59 1936
22 60 705
22 61 718
22 62 1888
22 63 657
22 64 670
22 65 1840
22 66 609
22 67 622
22 68 1888
22 69 657
22 70 670
22 71 1936
22 72 705
22 73 718
22 74 1984
22 75 753
22 76 766
22 77 2032
22 78 801
22 79 814
22 80 2080
22 81 849
22 82 862
22 83 2536
23 0 2381
23 1 1762
23 2 1721
23 3 900
23 4 1609
23 5 2046
23 6 944
23 7 1096
23 8 853
23 9 1025
23 10 1535
23 11 1252
23 12 1539
23 13 1701
23 14 1788
23 15 234
23 16 744
23 17 1260
23 18 464
23 19 1954
23 20 2019
23 21 2072
23 22 1063
23 23 0
23 24 1392
23 25 273
23 26 1036
23 27 898
23 28 2028
23 29 2261
23 30 1030
23 31 1641
23 32 2213
23 33 982
23 34 1593
23 35 2165
23 36 934
23 37 1545
23 38 2117
23 39 886
23 40 1497
23 41 2069
23 42 838
23 43 1449
23 44 2021
23 45 790
23 46 1401
23 47 1973
23 48 742
23 49 1353
23 50 1925
23 51 694
23 52 1305
23 53 1877
23 54 646
23 55 1257
23 56 1829
23 57 598
23 58 1209
23 59 1781
23 60 550
23 61 1161
23 62 1733
23 63 502
23 64 1113
23 65 1685
23 66 454
23 67 1065
23 68 1637
23 69 406
23 70 1017
23 71 1589
23 72 358
23 73 969
23 74 1541
23 75 310
23 76 921
23 77 1589
23 78 358
23 79 969
23 80 1637
23 81 406
23 82 1017
23 83 2381
24 0 1713
24 1 1862
24 2 1149
24 3 904
24 4 2093
24 5 1474
24 6 756
24 7 812
24 8 665
24 9 1221
24 10 2307
24 11 968
24 12 2215
24 13 1897
24 14 1888
24 15 1626
24 16 748
24 17 1168
24 18 1236
24 19 1670
24 20 1735
24 21 1500
24 22 1547
24 23 1392
24 24 0
24 25 1119
24 26 560
24 27 1670
24 28 1648
24 29 1593
24 30 362
24 31 869
24 32 1641
24 33 410
24 34 917
24 35 1689
24 36 458
24 37 965
24 38 1737
24 39 506
24 40 1013
24 41 1785
24 42 554
24 43 1061
24 44 1833
24 45 602
24 46 1109
24 47 1881
24 48 650
24 49 1157
24 50 1929
24 51 698
24 52 1205
24 53 1977
24 54 746
24 55 1253
24 56 2025
24 57 794
24 58 1301
24 59 2073
24 60 842
24 61 1349
24 62 2121
24 63 890
24 64 1397
24 65 2169
24 66 938
24 67 1445
24 68 2217
24 69 986
24 70 1493
24 71 2265
24 72 1034
24 73 1541
24 74 2313
24 75 1082
24 76 1589
24 77 2361
24 78 1130
24 79 1637
24 80 2409
24 81 1178
24 82 1685
24 83 1713
25 0 2108
25 1 1489
25 2 1448
25 3 627
25 4 1336
25 5 1773
25 6 671
25 7 823
25 8 580
25 9 752
25 10 1262
25 11 979
25 12 1266
25 13 1428
25 14 1515
25 15 507
25 16 471
25 17 987
25 18 191
25 19 1681
25 20 1746
25 21 1799
25 22 790
25 23 273
25 24 1119
25 25 0
25 26 763
25 27 625
25 28 1755
25 29 1988
25 30 757
25 31 1914
25 32 1940
25 33 709
25 34 1866
25 35 1892
25 36 661
25 37 1818
25 38 1844
25 39 613
25 40 1770
25 41 1796
25 42 565
25 43 1722
25 44 1748
25 45 517
25 46 1674
25 47 1700
25 48 469
25 49 1626
25 50 1652
25 51 421
25 52 1578
25 53 1604
25 54 373
25 55 1530
25 56 1556
25 57 325
25 58 1482
25 59 1508
25 60 277
25 61 1434
25 62 1460
25 63 229
25 64 1386
25 65 1412
25 66 181
25 67 1338
25 68 1364
25 69 133
25 70 1290
25 71 1316
25 72 85
25 73 1242
25 74 1268
25 75 37
25 76 1194
25 77 1316
25 78 85
25 79 1242
25 80 1364
25 81 133
25 82 1290
25 83 2108
26 0 1549
26 1 1506
26 2 889
26 3 548
26 4 1737
26 5 1214
26 6 400
26 7 456
26 8 309
26 9 865
26 10 1951
26 11 612
26 12 1859
26 13 1541
26 14 1532
26 15 1270
26 16 392
26 17 812
26 18 880
26 19 1314
26 20 1379
26 21 1240
26 22 1191
26 23 1036
26 24 560
26 25 763
26 26 0
26 27 1314
26 28 1292
26 29 1429
26 30 198
26 31 1225
26 32 1381
26 33 150
26 34 1177
26 35 1333
26 36 102
26 37 1129
26 38 1381
26 39 150
26 40 1177
26 41 1429
26 42 198
26 43 1225
26 44 1477
26 45 246
26 46 1273
26 47 1525
26 48 294
26 49 1321
26 50 1573
26 51 342
26 52 1369
26 53 1621
26 54 390
26 55 1417
26 56 1669
26 57 438
26 58 1465
26 59 1717
26 60 486
26 61 1513
26 62 1765
26 63 534
26 64 1561
26 65 1813
26 66 582
26 67 1609
26 68 1861
26 69 630
26 70 1657
26 71 1909
26 72 678
26 73 1705
26 74 1957
26 75 726
26 76 1753
26 77 2005
26 78 774
26 79 1801
26 80 2053
26 81 822
26 82 1849
26 83 1549
27 0 2659
27 1 2040
27 2 1999
27 3 1178
27 4 1887
27 5 2324
27 6 1222
27 7 1374
27 8 1131
27 9 1303
27 10 1621
27 11 1530
27 12 1817
27 13 1979
27 14 2066
27 15 1132
27 16 1022
27 17 1538
27 18 742
27 19 2232
27 20 2297
27 21 2350
27 22 1341
27 23 898
27 24 1670
27 25 625
27 26 1314
27 27 0
27 28 2306
27 29 2539
27 30 1308
27 31 1555
27 32 2491
27 33 1260
27 34 1507
27 35 2443
27 36 1212
27 37 1459
27 38 2395
27 39 1164
27 40 1411
27 41 2347
27 42 1116
27 43 1363
27 44 2299
27 45 1068
27 46 1315
27 47 2251
27 48 1020
27 49 1267
27 50 2203
27 51 972
27 52 1219
27 53 2155
27 54 924
27 55 1171
27 56 2107
27 57 876
27 58 1123
27 59 2059
27 60 828
27 61 1075
27 62 2011
27 63 780
27 64 1027
27 65 1963
27 66 732
27 67 979
27 68 1915
27 69 684
27 70 931
27 71 1867
27 72 636
27 73 883
27 74 1819
27 75 588
27 76 835
27 77 1771
27 78 540
27 79 787
27 80 1723
27 81 492
27 82 739
27 83 2659
28 0 353
28 1 444
28 2 677
28 3 1540
28 4 597
28 5 352
28 6 1392
28 7 1448
28 8 1301
28 9 1181
28 10 863
28 11 954
28 12 667
28 13 505
28 14 418
28 15 2262
28 16 1384
28 17 1804
28 18 1742
28 19 252
28 20 187
28 21 326
28 22 2183
28 23 2028
28 24 1648
28 25 1755
28 26 1292
28 27 2306
28 28 0
28 29 233
28 30 1286
28 31 2517
28 32 185
28 33 1238
28 34 2469
28 35 137
28 36 1190
28 37 2421
28 38 89
28 39 1142
28 40 2373
28 41 137
28 42 1190
28 43 2421
28 44 185
28 45 1238
28 46 2469
28 47 233
28 48 1286
28 49 2517
28 50 281
28 51 1334
28 52 2565
28 53 329
28 54 1382
28 55 2613
28 56 377
28 57 1430
28 58 2661
28 59 425
28 60 1478
28 61 2709
28 62 473
28 63 1526
28 64 2757
28 65 521
28 66 1574
28 67 2805
28 68 569
28 69 1622
28 70 2853
28 71 617
28 72 1670
28 73 2901
28 74 665
28 75 1718
28 76 2949
28 77 713
28 78 1766
28 79 2997
28 80 761
28 81 1814
28 82 3045
28 83 353
29 0 120
29 1 499
29 2 540
29 3 1773
29 4 652
29 5 215
29 6 1625
29 7 1681
29 8 1534
29 9 1236
29 10 918
29 11 1009
29 12 722
29 13 560
29 14 473
29 15 2495
29 16 1617
29 17 2037
29 18 1797
29 19 307
29 20 242
29 21 189
29 22 2416
29 23 2261
29 24 1593
29 25 1988
29 26 1429
29 27 2539
29 28 233
29 29 0
29 30 1231
29 31 2462
29 32 48
29 33 1279
29 34 2510
29 35 96
29 36 1327
29 37 2558
29 38 144
29 39 1375
29 40 2606
29 41 192
29 42 1423
29 43 2654
29 44 240
29 45 1471
29 46 2702
29 47 288
29 48 1519
29 49 2750
29 50 336
29 51 1567
29 52 2798
29 53 384
29 54 1615
29 55 2846
29 56 432
29 57 1663
29 58 2894
29 59 480
29 60 1711
29 61 2942
29 62 528
29 63 1759
29 64 2990
29 65 576
29 66 1807
29 67 3038
29 68 624
29 69 1855
29 70 3086
29 71 672
29 72 1903
29 73 3134
29 74 720
29 75 1951
29 76 3182
29 77 768
29 78 1999
29 79 3230
29 80 816
29 81 2047
29 82 3278
29 83 120
30 0 1351
30 1 1500
30 2 787
30 3 542
30 4 1731
30 5 1112
30 6 394
30 7 450
30 8 303
30 9 859
30 10 1945
30 11 606
30 12 1853
30 13 1535
30 14 1526
30 15 1264
30 16 386
30 17 806
30 18 874
30 19 1308
30 20 1373
30 21 1138
30 22 1185
30 23 1030
30 24 362
30 25 757
30 26 198
30 27 1308
30 28 1286
30 29 1231
30 30 0
30 31 1231
30 32 1279
30 33 48
30 34 1279
30 35 1327
30 36 96
30 37 1327
30 38 1375
30 39 144
30 40 1375
30 41 1423
30 42 192
30 43 1423
30 44 1471
30 45 240
30 46 1471
30 47 1519
30 48 288
30 49 1519
30 50 1567
30 51 336
30 52 1567
30 53 1615
30 54 384
30 55 1615
30 56 1663
30 57 432
30 58 1663
30 59 1711
30 60 480
30 61 1711
30 62 1759
30 63 528
30 64 1759
30 65 1807
30 66 576
30 67 1807
30 68 1855
30 69 624
30 70 1855
30 71 1903
30 72 672
30 73 1903
30 74 1951
30 75 720
30 76 1951
30 77 1999
30 78 768
30 79 1999
30 80 2047
30 81 816
30 82 2047
30 83 1351
31 0 2582
31 1 2731
31 2 2018
31 3 1361
31 4 2962
31 5 2343
31 6 1317
31 7 1165
31 8 1408
31 9 2090
31 10 3176
31 11 1837
31 12 3084
31 13 2766
31 14 2757
31 15 1407
31 16 1517
31 17 1001
31 18 2105
31 19 2539
31 20 2604
31 21 2369
31 22 1198
31 23 1641
31 24 869
31 25 1914
31 26 1225
31 27 1555
31 28 2517
31 29 2462
31 30 1231
31 31 0
31 32 2510
31 33 1279
31 34 48
31 35 2558
31 36 1327
31 37 96
31 38 2606
31 39 1375
31 40 144
31 41 2654
31 42 1423
31 43 192
31 44 2702
31 45 1471
31 46 240
31 47 2750
31 48 1519
31 49 288
31 50 2798
31 51 1567
31 52 336
31 53 2846
31 54 1615
31 55 384
31 56 2894
31 57 1663
31 58 432
31 59 2942
31 60 1711
31 61 480
31 62 2990
31 63 1759
31 64 528
31 65 3038
31 66 1807
31 67 576
31 68 3086
31 69 1855
31 70 624
31 71 3134
31 72 1903
31 73 672
31 74 3182
31 75 1951
31 76 720
31 77 3230
31 78 1999
31 79 768
31 80 3278
31 81 2047
31 82 816
31 83 2582
32 0 168
32 1 451
32 2 492
32 3 1725
32 4 604
32 5 167
32 6 1577
32 7 1633
32 8 1486
32 9 1188
32 10 870
32 11 961
32 12 674
32 13 512
32 14 425
32 15 2447
32 16 1569
32 17 1989
32 18 1749
32 19 259
32 20 194
32 21 141
32 22 2368
32 23 2213
32 24 1641
32 25 1940
32 26 1381
32 27 2491
32 28 185
32 29 48
32 30 1279
32 31 2510
32 32 0
32 33 1231
32 34 2462
32 35 48
32 36 1279
32 37 2510
32 38 96
32 39 1327
32 40 2558
32 41 144
32 42 1375
32 43 2606
32 44 192
32 45 1423
32 46 2654
32 47 240
32 48 1471
32 49 2702
32 50 288
32 51 1519
32 52 2750
32 53 336
32 54 1567
32 55 2798
32 56 384
32 57 1615
32 58 2846
32 59 432
32 60 1663
32 61 2894
32 62 480
32 63 1711
32 64 2942
32 65 528
32 66 1759
32 67 2990
32 68 576
32 69 1807
32 70 3038
32 71 624
32 72 1855
32 73 3086
32 74 672
32 75 1903
32 76 3134
32 77 720
32 78 1951
32 79 3182
32 80 768
32 81 1999
32 82 3230
32 83 168
33 0 1399
33 1 1452
33 2 739
33 3 494
33 4 1683
33 5 1064
33 6 346
33 7 402
33 8 255
33 9 811
33 10 1897
33 11 558
33 12 1805
33 13 1487
33 14 1478
33 15 1216
33 16 338
33 17 758
33 18 826
33 19 1260
33 20 1325
33 21 1090
33 22 1137
33 23 982
33 24 410
33 25 709
33 26 150
33 27 1260
33 28 1238
33 29 1279
33 30 48
33 31 1279
33 32 1231
33 33 0
33 34 1231
33 35 1279
33 36 48
33 37 1279
33 38 1327
33 39 96
33 40 1327
33 41 1375
33 42 144
33 43 1375
33 44 1423
33 45 192
33 46 1423
33 47 1471
33 48 240
33 49 1471
33 50 1519
33 51 288
33 52 1519
33 53 1567
33 54 336
33 55 1567
33 56 1615
33 57 384
33 58 1615
33 59 1663
33 60 432
33 61 1663
33 62 1711
33 63 480
33 64 1711
33 65 1759
33 66 528
33 67 1759
33 68 1807
33 69 576
33 70 1807
33 71 1855
33 72 624
33 73 1855
33 74 1903
33 75 672
33 76 1903
33 77 1951
33 78 720
33 79 1951
33 80 1999
33 81 768
33 82 1999
33 83 1399
34 0 2630
34 1 2683
34 2 1970
34 3 1313
34 4 2914
34 5 2295
34 6 1269
34 7 1117
34 8 1360
34 9 2042
34 10 3128
34 11 1789
34 12 3036
34 13 2718
34 14 2709
34 15 1359
34 16 1469
34 17 953
34 18 2057
34 19 2491
34 20 2556
34 21 2321
34 22 1150
34 23 1593
34 24 917
34 25 1866
34 26 1177
34 27 1507
34 28 2469
34 29 2510
34 30 1279
34 31 48
34 32 2462
34 33 1231
34 34 0
34 35 2510
34 36 1279
34 37 48
34 38 2558
34 39 1327
34 40 96
34 41 2606
34 42 1375
34 43 144
34 44 2654
34 45 1423
34 46 192
34 47 2702
34 48 1471
34 49 240
34 50 2750
34 51 1519
34 52 288
34 53 2798
34 54 1567
34 55 336
34 56 2846
34 57 1615
34 58 384
34 59 2894
34 60 1663
34 61 432
34 62 2942
34 63 1711
34 64 480
34 65 2990
34 66 1759
34 67 528
34 68 3038
34 69 1807
34 70 576
34 71 3086
34 72 1855
34 73 624
34 74 3134
34 75 1903
34 76 672
34 77 3182
34 78 1951
34 79 720
34 80 3230
34 81 1999
34 82 768
34 83 2630
35 0 216
35 1 403
35 2 540
35 3 1677
35 4 556
35 5 215
35 6 1529
35 7 1585
35 8 1438
35 9 1140
35 10 822
35 11 913
35 12 626
35 13 464
35 14 377
35 15 2399
35 16 1521
35 17 1941
35 18 1701
35 19 211
35 20 146
35 21 189
35 22 2320
35 23 2165
35 24 1689
35 25 1892
35 26 1333
35 27 2443
35 28 137
35 29 96
35 30 1327
35 31 2558
35 32 48
35 33 1279
35 34 2510
35 35 0
35 36 1231
35 37 2462
35 38 48
35 39 1279
35 40 2510
35 41 96
35 42 1327
35 43 2558
35 44 144
35 45 1375
35 46 2606
35 47 192
35 48 1423
35 49 2654
35 50 240
35 51 1471
35 52 2702
35 53 288
35 54 1519
35 55 2750
35 56 336
35 57 1567
35 58 2798
35 59 384
35 60 1615
35 61 2846
35 62 432
35 63 1663
35 64 2894
35 65 480
35 66 1711
35 67 2942
35 68 528
35 69 1759
35 70 2990
35 71 576
35 72 1807
35 73 3038
35 74 624
35 75 1855
35 76 3086
35 77 672
35 78 1903
35 79 3134
35 80 720
35 81 1951
35 82 3182
35 83 216
36 0 1447
36 1 1404
36 2 787
36 3 446
36 4 1635
36 5 1112
36 6 298
36 7 354
36 8 207
36 9 763
36 10 1849
36 11 510
36 12 1757
36 13 1439
36 14 1430
36 15 1168
36 16 290
36 17 710
36 18 778
36 19 1212
36 20 1277
36 21 1138
36 22 1089
36 23 934
36 24 458
36 25 661
36 26 102
36 27 1212
36 28 1190
36 29 1327
36 30 96
36 31 1327
36 32 1279
36 33 48
36 34 1279
36 35 1231
36 36 0
36 37 1231
36 38 1279
36 39 48
36 40 1279
36 41 1327
36 42 96
36 43 1327
36 44 1375
36 45 144
36 46 1375
36 47 1423
36 48 192
36 49 1423
36 50 1471
36 51 240
36 52 1471
36 53 1519
36 54 288
36 55 1519
36 56 1567
36 57 336
36 58 1567
36 59 1615
36 60 384
36 61 1615
36 62 1663
36 63 432
36 64 1663
36 65 1711
36 66 480
36 67 1711
36 68 1759
36 69 528
36 70 1759
36 71 1807
36 72 576
36 73 1807
36 74 1855
36 75 624
36 76 1855
36 77 1903
36 78 672
36 79 1903
36 80 1951
36 81 720
36 82 1951
36 83 1447
37 0 2678
37 1 2635
37 2 2018
37 3 1265
37 4 2866
37 5 2343
37 6 1221
37 7 1069
37 8 1312
37 9 1994
37 10 3080
37 11 1741
37 12 2988
37 13 2670
37 14 2661
37 15 1311
37 16 1421
37 17 905
37 18 2009
37 19 2443
37 20 2508
37 21 2369
37 22 1102
37 23 1545
37 24 965
37 25 1818
37 26 1129
37 27 1459
37 28 2421
37 29 2558
37 30 1327
37 31 96
37 32 2510
37 33 1279
37 34 48
37 35 2462
37 36 1231
37 37 0
37 38 2510
37 39 1279
37 40 48
37 41 2558
37 42 1327
37 43 96
37 44 2606
37 45 1375
37 46 144
37 47 2654
37 48 1423
37 49 192
37 50 2702
37 51 1471
37 52 240
37 53 2750
37 54 1519
37 55 288
37 56 2798
37 57 1567
37 58 336
37 59 2846
37 60 1615
37 61 384
37 62 2894
37 63 1663
37 64 432
37 65 2942
37 66 1711
37 67 480
37 68 2990
37 69 1759
37 70 528
37 71 3038
37 72 1807
37 73 576
37 74 3086
37 75 1855
37 76 624
37 77 3134
37 78 1903
37 79 672
37 80 3182
37 81 1951
37 82 720
37 83 2678
38 0 264
38 1 355
38 2 588
38 3 1629
38 4 508
38 5 263
38 6 1481
38 7 1537
38 8 1390
38 9 1092
38 10 774
38 11 865
38 12 578
38 13 416
38 14 329
38 15 2351
38 16 1473
38 17 1893
38 18 1653
38 19 163
38 20 98
38 21 237
38 22 2272
38 23 2117
38 24 1737
38 25 1844
38 26 1381
38 27 2395
38 28 89
38 29 144
38 30 1375
38 31 2606
38 32 96
38 33 1327
38 34 2558
38 35 48
38 36 1279
38 37 2510
38 38 0
38 39 1231
38 40 2462
38 41 48
38 42 1279
38 43 2510
38 44 96
38 45 1327
38 46 2558
38 47 144
38 48 1375
38 49 2606
38 50 192
38 51 1423
38 52 2654
38 53 240
38 54 1471
38 55 2702
38 56 288
38 57 1519
38 58 2750
38 59 336
38 60 1567
38 61 2798
38 62 384
38 63 1615
38 64 2846
38 65 432
38 66 1663
38 67 2894
38 68 480
38 69 1711
38 70 2942
38 71 528
38 72 1759
38 73 2990
38 74 576
38 75 1807
38 76 3038
38 77 624
38 78 1855
38 79 3086
38 80 672
38 81 1903
38 82 3134
38 83 264
39 0 1495
39 1 1356
39 2 835
39 3 398
39 4 1587
39 5 1160
39 6 250
39 7 306
39 8 159
39 9 715
39 10 1801
39 11 462
39 12 1709
39 13 1391
39 14 1382
39 15 1120
39 16 242
39 17 662
39 18 730
39 19 1164
39 20 1229
39 21 1186
39 22 1041
39 23 886
39 24 506
39 25 613
39 26 150
39 27 1164
39 28 1142
39 29 1375
39 30 144
39 31 1375
39 32 1327
39 33 96
39 34 1327
39 35 1279
39 36 48
39 37 1279
39 38 1231
39 39 0
39 40 1231
39 41 1279
39 42 48
39 43 1279
39 44 1327
39 45 96
39 46 1327
39 47 1375
39 48 144
39 49 1375
39 50 1423
39 51 192
39 52 1423
39 53 1471
39 54 240
39 55 1471
39 56 1519
39 57 288
39 58 1519
39 59 1567
39 60 336
39 61 1567
39 62 1615
39 63 384
39 64 1615
39 65 1663
39 66 432
39 67 1663
39 68 1711
39 69 480
39 70 1711
39 71 1759
39 72 528
39 73 1759
39 74 1807
39 75 576
39 76 1807
39 77 1855
39 78 624
39 79 1855
39 80 1903
39 81 672
39 82 1903
39 83 1495
40 0 2726
40 1 2587
40 2 2066
40 3 1217
40 4 2818
40 5 2391
40 6 1173
40 7 1021
40 8 1264
40 9 1946
40 10 3032
40 11 1693
40 12 2940
40 13 2622
40 14 2613
40 15 1263
40 16 1373
40 17 857
40 18 1961
40 19 2395
40 20 2460
40 21 2417
40 22 1054
40 23 1497
40 24 1013
40 25 1770
40 26 1177
40 27 1411
40 28 2373
40 29 2606
40 30 1375
40 31 144
40 32 2558
40 33 1327
40 34 96
40 35 2510
40 36 1279
40 37 48
40 38 2462
40 39 1231
40 40 0
40 41 2510
40 42 1279
40 43 48
40 44 2558
40 45 1327
40 46 96
40 47 2606
40 48 1375
40 49 144
40 50 2654
40 51 1423
40 52 192
40 53 2702
40 54 1471
40 55 240
40 56 2750
40 57 1519
40 58 288
40 59 2798
40 60 1567
40 61 336
40 62 2846
40 63 1615
40 64 384
40 65 2894
40 66 1663
40 67 432
40 68 2942
40 69 1711
40 70 480
40 71 2990
40 72 1759
40 73 528
40 74 3038
40 75 1807
40 76 576
40 77 3086
40 78 1855
40 79 624
40 80 3134
40 81 1903
40 82 672
40 83 2726
41 0 312
41 1 307
41 2 636
41 3 1581
41 4 460
41 5 311
41 6 1433
41 7 1489
41 8 1342
41 9 1044
41 10 726
41 11 817
41 12 530
41 13 368
41 14 281
41 15 2303
41 16 1425
41 17 1845
41 18 1605
41 19 115
41 20 50
41 21 285
41 22 2224
41 23 2069
41 24 1785
41 25 1796
41 26 1429
41 27 2347
41 28 137
41 29 192
41 30 1423
41 31 2654
41 32 144
41 33 1375
41 34 2606
41 35 96
41 36 1327
41 37 2558
41 38 48
41 39 1279
41 40 2510
41 41 0
41 42 1231
41 43 2462
41 44 48
41 45 1279
41 46 2510
41 47 96
41 48 1327
41 49 2558
41 50 144
41 51 1375
41 52 2606
41 53 192
41 54 1423
41 55 2654
41 56 240
41 57 1471
41 58 2702
41 59 288
41 60 1519
41 61 2750
41 62 336
41 63 1567
41 64 2798
41 65 384
41 66 1615
41 67 2846
41 68 432
41 69 1663
41 70 2894
41 71 480
41 72 1711
41 73 2942
41 74 528
41 75 1759
41 76 2990
41 77 576
41 78 1807
41 79 3038
41 80 624
41 81 1855
41 82 3086
41 83 312
42 0 1543
42 1 1308
42 2 883
42 3 350
42 4 1539
42 5 1208
42 6 202
42 7 258
42 8 111
42 9 667
42 10 1753
42 11 414
42 12 1661
42 13 1343
42 14 1334
42 15 1072
42 16 194
42 17 614
42 18 682
42 19 1116
42 20 1181
42 21 1234
42 22 993
42 23 838
42 24 554
42 25 565
42 26 198
42 27 1116
42 28 1190
42 29 1423
42 30 192
42 31 1423
42 32 1375
42 33 144
42 34 1375
42 35 1327
42 36 96
42 37 1327
42 38 1279
42 39 48
42 40 1279
42 41 1231
42 42 0
42 43 1231
42 44 1279
42 45 48
42 46 1279
42 47 1327
42 48 96
42 49 1327
42 50 1375
42 51 144
42 52 1375
42 53 1423
42 54 192
42 55 1423
42 56 1471
42 57 240
42 58 1471
42 59 1519
42 60 288
42 61 1519
