//alpha
1
//NbLocations
60
//NbProducts
23
//NbPickers
2
//CapaPicker
12
//TimeToTravelOneDistanceUnit
3
//SetupTime
5400
//PickTime
300
//Products
//Idx Location Size
1 1 1
2 2 1
3 3 1
4 4 1
5 5 1
6 6 1
7 7 1
8 8 1
9 9 1
10 10 1
11 11 1
12 12 1
13 13 1
14 14 1
15 15 1
16 16 1
17 17 1
18 18 1
19 19 1
20 20 1
21 21 1
22 22 1
23 23 1
//Orders
//NbOrders
12
//Idx DueDate TardinessPenalty NbProdInOrder ProdIdx1 Qty1 ProdIdx2 Qty2 ...
1 36000 0 1 1 1
2 108000 0 1 2 1
3 54000 0 4 3 1 4 1 5 1 6 1
4 72000 0 2 7 1 8 1
5 54000 0 1 9 1
6 108000 0 2 10 1 11 1
7 54000 0 2 12 1 13 1
8 54000 0 2 14 1 15 1
9 72000 0 1 16 1
10 90000 0 1 17 1
11 72000 0 5 18 1 19 1 20 1 21 1 22 1
12 108000 0 1 23 1
//Graph (Products are vertices indexed from 1 to NbProducts)
//NbVerticesIntersections
36
//DepartingDepot
0
//ArrivalDepot
60
//Arcs
//Start End Distance
0 24 120
1 21 13
1 28 154
2 17 143
2 53 609
3 13 221
3 25 193
4 19 26
4 21 611
5 9 273
5 23 195
6 14 494
6 28 180
7 20 169
7 26 141
8 30 531
8 31 310
9 5 273
9 40 76
10 18 156
10 25 115
11 33 271
11 34 570
12 31 401
12 32 440
13 3 221
13 24 427
14 6 494
14 29 167
15 39 37
15 40 804
16 22 572
16 37 89
17 2 143
17 52 89
18 10 156
18 20 260
19 4 26
19 27 37
20 7 169
20 18 260
21 1 13
21 4 611
22 16 572
22 38 180
23 5 195
23 41 297
24 13 427
24 27 48
24 60 120
25 3 193
25 10 115
25 28 48
26 7 141
26 29 48
27 19 37
27 24 48
27 30 48
28 1 154
28 6 180
28 25 48
28 31 48
29 14 167
29 26 48
29 32 48
30 8 531
30 27 48
30 33 48
31 8 310
31 12 401
31 28 48
31 34 48
32 12 440
32 29 48
32 35 48
33 11 271
33 30 48
33 36 48
34 11 570
34 31 48
34 35 841
34 37 48
35 32 48
35 34 841
35 38 48
36 33 48
36 37 841
36 39 48
37 16 89
37 34 48
37 36 841
37 40 48
38 22 180
38 35 48
38 41 48
39 15 37
39 36 48
39 42 48
40 9 76
40 15 804
40 37 48
40 43 48
41 23 297
41 38 48
41 44 48
42 39 48
42 43 841
42 45 48
43 40 48
43 42 841
43 44 841
43 46 48
44 41 48
44 43 841
44 47 48
45 42 48
45 46 841
45 48 48
46 43 48
46 45 841
46 47 841
46 49 48
47 44 48
47 46 841
47 50 48
48 45 48
48 49 841
48 51 48
49 46 48
49 48 841
49 50 841
49 52 48
50 47 48
50 49 841
50 53 48
51 48 48
51 52 841
51 54 48
52 17 89
52 49 48
52 51 841
52 55 48
53 2 609
53 50 48
53 56 48
54 51 48
54 55 841
54 57 48
55 52 48
55 54 841
55 56 841
55 58 48
56 53 48
56 55 841
56 59 48
57 54 48
57 58 841
58 55 48
58 57 841
58 59 841
59 56 48
59 58 841
//LocStart LocEnd ShortestPath
0 0 0
0 1 855
0 2 1625
0 3 768
0 4 231
0 5 1550
0 6 1189
0 7 1661
0 8 747
0 9 1277
0 10 1076
0 11 535
0 12 1458
0 13 547
0 14 1683
0 15 397
0 16 1242
0 17 1482
0 18 1232
0 19 205
0 20 1492
0 21 842
0 22 1814
0 23 1745
0 24 120
0 25 961
0 26 1802
0 27 168
0 28 1009
0 29 1850
0 30 216
0 31 1057
0 32 1898
0 33 264
0 34 1105
0 35 1946
0 36 312
0 37 1153
0 38 1994
0 39 360
0 40 1201
0 41 2042
0 42 408
0 43 1249
0 44 2090
0 45 456
0 46 1297
0 47 2138
0 48 504
0 49 1345
0 50 2186
0 51 552
0 52 1393
0 53 2234
0 54 600
0 55 1441
0 56 2282
0 57 648
0 58 1489
0 59 2330
0 60 0
1 0 855
1 1 0
1 2 770
1 3 395
1 4 624
1 5 695
1 6 334
1 7 902
1 8 512
1 9 422
1 10 317
1 11 820
1 12 603
1 13 616
1 14 828
1 15 916
1 16 387
1 17 627
1 18 473
1 19 650
1 20 733
1 21 13
1 22 959
1 23 890
1 24 735
1 25 202
1 26 1043
1 27 687
1 28 154
1 29 995
1 30 735
1 31 202
1 32 1043
1 33 783
1 34 250
1 35 1091
1 36 831
1 37 298
1 38 1139
1 39 879
1 40 346
1 41 1187
1 42 927
1 43 394
1 44 1235
1 45 975
1 46 442
1 47 1283
1 48 1023
1 49 490
1 50 1331
1 51 1071
1 52 538
1 53 1379
1 54 1119
1 55 586
1 56 1427
1 57 1167
1 58 634
1 59 1475
1 60 855
2 0 1625
2 1 770
2 2 0
2 3 857
2 4 1394
2 5 773
2 6 796
2 7 1182
2 8 878
2 9 500
2 10 779
2 11 1090
2 12 969
2 13 1078
2 14 1160
2 15 1228
2 16 561
2 17 143
2 18 935
2 19 1420
2 20 1195
2 21 783
2 22 1029
2 23 968
2 24 1505
2 25 664
2 26 1041
2 27 1457
2 28 616
2 29 993
2 30 1409
2 31 568
2 32 945
2 33 1361
2 34 520
2 35 897
2 36 1313
2 37 472
2 38 849
2 39 1265
2 40 424
2 41 801
2 42 1217
2 43 376
2 44 753
2 45 1169
2 46 328
2 47 705
2 48 1121
2 49 280
2 50 657
2 51 1073
2 52 232
2 53 609
2 54 1121
2 55 280
2 56 657
2 57 1169
2 58 328
2 59 705
2 60 1625
3 0 768
3 1 395
3 2 857
3 3 0
3 4 759
3 5 782
3 6 421
3 7 893
3 8 599
3 9 509
3 10 308
3 11 907
3 12 690
3 13 221
3 14 915
3 15 925
3 16 474
3 17 714
3 18 464
3 19 733
3 20 724
3 21 408
3 22 1046
3 23 977
3 24 648
3 25 193
3 26 1034
3 27 696
3 28 241
3 29 1082
3 30 744
3 31 289
3 32 1130
3 33 792
3 34 337
3 35 1178
3 36 840
3 37 385
3 38 1226
3 39 888
3 40 433
3 41 1274
3 42 936
3 43 481
3 44 1322
3 45 984
3 46 529
3 47 1370
3 48 1032
3 49 577
3 50 1418
3 51 1080
3 52 625
3 53 1466
3 54 1128
3 55 673
3 56 1514
3 57 1176
3 58 721
3 59 1562
3 60 768
4 0 231
4 1 624
4 2 1394
4 3 759
4 4 0
4 5 1319
4 6 958
4 7 1526
4 8 642
4 9 1046
4 10 941
4 11 430
4 12 1227
4 13 538
4 14 1452
4 15 292
4 16 1011
4 17 1251
4 18 1097
4 19 26
4 20 1357
4 21 611
4 22 1583
4 23 1514
4 24 111
4 25 826
4 26 1667
4 27 63
4 28 778
4 29 1619
4 30 111
4 31 826
4 32 1667
4 33 159
4 34 874
4 35 1715
4 36 207
4 37 922
4 38 1763
4 39 255
4 40 970
4 41 1811
4 42 303
4 43 1018
4 44 1859
4 45 351
4 46 1066
4 47 1907
4 48 399
4 49 1114
4 50 1955
4 51 447
4 52 1162
4 53 2003
4 54 495
4 55 1210
4 56 2051
4 57 543
4 58 1258
4 59 2099
4 60 231
5 0 1550
5 1 695
5 2 773
5 3 782
5 4 1319
5 5 0
5 6 721
5 7 873
5 8 803
5 9 273
5 10 704
5 11 1015
5 12 894
5 13 1003
5 14 851
5 15 1153
5 16 486
5 17 630
5 18 860
5 19 1345
5 20 1042
5 21 708
5 22 720
5 23 195
5 24 1430
5 25 589
5 26 732
5 27 1382
5 28 541
5 29 684
5 30 1334
5 31 493
5 32 636
5 33 1286
5 34 445
5 35 588
5 36 1238
5 37 397
5 38 540
5 39 1190
5 40 349
5 41 492
5 42 1238
5 43 397
5 44 540
5 45 1286
5 46 445
5 47 588
5 48 1334
5 49 493
5 50 636
5 51 1382
5 52 541
5 53 684
5 54 1430
5 55 589
5 56 732
5 57 1478
5 58 637
5 59 780
5 60 1550
6 0 1189
6 1 334
6 2 796
6 3 421
6 4 958
6 5 721
6 6 0
6 7 850
6 8 538
6 9 448
6 10 343
6 11 846
6 12 629
6 13 642
6 14 494
6 15 1176
6 16 413
6 17 653
6 18 499
6 19 984
6 20 759
6 21 347
6 22 985
6 23 916
6 24 1069
6 25 228
6 26 709
6 27 1021
6 28 180
6 29 661
6 30 1069
6 31 228
6 32 709
6 33 1117
6 34 276
6 35 757
6 36 1165
6 37 324
6 38 805
6 39 1213
6 40 372
6 41 853
6 42 1261
6 43 420
6 44 901
6 45 1309
6 46 468
6 47 949
6 48 1357
6 49 516
6 50 997
6 51 1405
6 52 564
6 53 1045
6 54 1453
6 55 612
6 56 1093
6 57 1501
6 58 660
6 59 1141
6 60 1189
7 0 1661
7 1 902
7 2 1182
7 3 893
7 4 1526
7 5 873
7 6 850
7 7 0
7 8 1106
7 9 1016
7 10 585
7 11 1414
7 12 677
7 13 1114
7 14 356
7 15 1744
7 16 981
7 17 1221
7 18 429
7 19 1552
7 20 169
7 21 915
7 22 513
7 23 678
7 24 1541
7 25 700
7 26 141
7 27 1589
7 28 748
7 29 189
7 30 1637
7 31 796
7 32 237
7 33 1685
7 34 844
7 35 285
7 36 1733
7 37 892
7 38 333
7 39 1781
7 40 940
7 41 381
7 42 1829
7 43 988
7 44 429
7 45 1877
7 46 1036
7 47 477
7 48 1925
7 49 1084
7 50 525
7 51 1973
7 52 1132
7 53 573
7 54 2021
7 55 1180
7 56 621
7 57 2069
7 58 1228
7 59 669
7 60 1661
8 0 747
8 1 512
8 2 878
8 3 599
8 4 642
8 5 803
8 6 538
8 7 1106
8 8 0
8 9 530
8 10 521
8 11 850
8 12 711
8 13 820
8 14 1032
8 15 712
8 16 495
8 17 735
8 18 677
8 19 616
8 20 937
8 21 525
8 22 1067
8 23 998
8 24 627
8 25 406
8 26 1247
8 27 579
8 28 358
8 29 1199
8 30 531
8 31 310
8 32 1151
8 33 579
8 34 358
8 35 1199
8 36 627
8 37 406
8 38 1247
8 39 675
8 40 454
8 41 1295
8 42 723
8 43 502
8 44 1343
8 45 771
8 46 550
8 47 1391
8 48 819
8 49 598
8 50 1439
8 51 867
8 52 646
8 53 1487
8 54 915
8 55 694
8 56 1535
8 57 963
8 58 742
8 59 1583
8 60 747
9 0 1277
9 1 422
9 2 500
9 3 509
9 4 1046
9 5 273
9 6 448
9 7 1016
9 8 530
9 9 0
9 10 431
9 11 742
9 12 621
9 13 730
9 14 942
9 15 880
9 16 213
9 17 357
9 18 587
9 19 1072
9 20 847
9 21 435
9 22 785
9 23 468
9 24 1157
9 25 316
9 26 1005
9 27 1109
9 28 268
9 29 957
9 30 1061
9 31 220
9 32 909
9 33 1013
9 34 172
9 35 861
9 36 965
9 37 124
9 38 813
9 39 917
9 40 76
9 41 765
9 42 965
9 43 124
9 44 813
9 45 1013
9 46 172
9 47 861
9 48 1061
9 49 220
9 50 909
9 51 1109
9 52 268
9 53 957
9 54 1157
9 55 316
9 56 1005
9 57 1205
9 58 364
9 59 1053
9 60 1277
10 0 1076
10 1 317
10 2 779
10 3 308
10 4 941
10 5 704
10 6 343
10 7 585
10 8 521
10 9 431
10 10 0
10 11 829
10 12 612
10 13 529
10 14 837
10 15 1159
10 16 396
10 17 636
10 18 156
10 19 967
10 20 416
10 21 330
10 22 968
10 23 899
10 24 956
10 25 115
10 26 726
10 27 1004
10 28 163
10 29 774
10 30 1052
10 31 211
10 32 822
10 33 1100
10 34 259
10 35 870
10 36 1148
10 37 307
10 38 918
10 39 1196
10 40 355
10 41 966
10 42 1244
10 43 403
10 44 1014
10 45 1292
10 46 451
10 47 1062
10 48 1340
10 49 499
10 50 1110
10 51 1388
10 52 547
10 53 1158
10 54 1436
10 55 595
10 56 1206
10 57 1484
10 58 643
10 59 1254
10 60 1076
11 0 535
11 1 820
11 2 1090
11 3 907
11 4 430
11 5 1015
11 6 846
11 7 1414
11 8 850
11 9 742
11 10 829
11 11 0
11 12 1019
11 13 842
11 14 1340
11 15 404
11 16 707
11 17 947
11 18 985
11 19 404
11 20 1245
11 21 833
11 22 1279
11 23 1210
11 24 415
11 25 714
11 26 1555
11 27 367
11 28 666
11 29 1507
11 30 319
11 31 618
11 32 1459
11 33 271
11 34 570
11 35 1411
11 36 319
11 37 618
11 38 1459
11 39 367
11 40 666
11 41 1507
11 42 415
11 43 714
11 44 1555
11 45 463
11 46 762
11 47 1603
11 48 511
11 49 810
11 50 1651
11 51 559
11 52 858
11 53 1699
11 54 607
11 55 906
11 56 1747
11 57 655
11 58 954
11 59 1795
11 60 535
12 0 1458
12 1 603
12 2 969
12 3 690
12 4 1227
12 5 894
12 6 629
12 7 677
12 8 711
12 9 621
12 10 612
12 11 1019
12 12 0
12 13 911
12 14 655
12 15 1349
12 16 586
12 17 826
12 18 768
12 19 1253
12 20 846
12 21 616
12 22 716
12 23 881
12 24 1338
12 25 497
12 26 536
12 27 1290
12 28 449
12 29 488
12 30 1242
12 31 401
12 32 440
12 33 1290
12 34 449
12 35 488
12 36 1338
12 37 497
12 38 536
12 39 1386
12 40 545
12 41 584
12 42 1434
12 43 593
12 44 632
12 45 1482
12 46 641
12 47 680
12 48 1530
12 49 689
12 50 728
12 51 1578
12 52 737
12 53 776
12 54 1626
12 55 785
12 56 824
12 57 1674
12 58 833
12 59 872
12 60 1458
13 0 547
13 1 616
13 2 1078
13 3 221
13 4 538
13 5 1003
13 6 642
13 7 1114
13 8 820
13 9 730
13 10 529
13 11 842
13 12 911
13 13 0
13 14 1136
13 15 704
13 16 695
13 17 935
13 18 685
13 19 512
13 20 945
13 21 629
13 22 1267
13 23 1198
13 24 427
13 25 414
13 26 1255
13 27 475
13 28 462
13 29 1303
13 30 523
13 31 510
13 32 1351
13 33 571
13 34 558
13 35 1399
13 36 619
13 37 606
13 38 1447
13 39 667
13 40 654
13 41 1495
13 42 715
13 43 702
13 44 1543
13 45 763
13 46 750
13 47 1591
13 48 811
13 49 798
13 50 1639
13 51 859
13 52 846
13 53 1687
13 54 907
13 55 894
13 56 1735
13 57 955
13 58 942
13 59 1783
13 60 547
14 0 1683
14 1 828
14 2 1160
14 3 915
14 4 1452
14 5 851
14 6 494
14 7 356
14 8 1032
14 9 942
14 10 837
14 11 1340
14 12 655
14 13 1136
14 14 0
14 15 1670
14 16 907
14 17 1147
14 18 785
14 19 1478
14 20 525
14 21 841
14 22 491
14 23 656
14 24 1563
14 25 722
14 26 215
14 27 1515
14 28 674
14 29 167
14 30 1563
14 31 722
14 32 215
14 33 1611
14 34 770
14 35 263
14 36 1659
14 37 818
14 38 311
14 39 1707
14 40 866
14 41 359
14 42 1755
14 43 914
14 44 407
14 45 1803
14 46 962
14 47 455
14 48 1851
14 49 1010
14 50 503
14 51 1899
14 52 1058
14 53 551
14 54 1947
14 55 1106
14 56 599
14 57 1995
14 58 1154
14 59 647
14 60 1683
15 0 397
15 1 916
15 2 1228
15 3 925
15 4 292
15 5 1153
15 6 1176
15 7 1744
15 8 712
15 9 880
15 10 1159
15 11 404
15 12 1349
15 13 704
15 14 1670
15 15 0
15 16 941
15 17 1085
15 18 1315
15 19 266
15 20 1575
15 21 903
15 22 1513
15 23 1348
15 24 277
15 25 1044
15 26 1885
15 27 229
15 28 996
15 29 1837
15 30 181
15 31 948
15 32 1789
15 33 133
15 34 900
15 35 1741
15 36 85
15 37 852
15 38 1693
15 39 37
15 40 804
15 41 1645
15 42 85
15 43 852
15 44 1693
15 45 133
15 46 900
15 47 1741
15 48 181
15 49 948
15 50 1789
15 51 229
15 52 996
15 53 1837
15 54 277
15 55 1044
15 56 1885
15 57 325
15 58 1092
15 59 1933
15 60 397
16 0 1242
16 1 387
16 2 561
16 3 474
16 4 1011
16 5 486
16 6 413
16 7 981
16 8 495
16 9 213
16 10 396
16 11 707
16 12 586
16 13 695
16 14 907
16 15 941
16 16 0
16 17 418
16 18 552
16 19 1037
16 20 812
16 21 400
16 22 572
16 23 681
16 24 1122
16 25 281
16 26 944
16 27 1074
16 28 233
16 29 896
16 30 1026
16 31 185
16 32 848
16 33 978
16 34 137
16 35 800
16 36 930
16 37 89
16 38 752
16 39 978
16 40 137
16 41 800
16 42 1026
16 43 185
16 44 848
16 45 1074
16 46 233
16 47 896
16 48 1122
16 49 281
16 50 944
16 51 1170
16 52 329
16 53 992
16 54 1218
16 55 377
16 56 1040
16 57 1266
16 58 425
16 59 1088
16 60 1242
17 0 1482
17 1 627
17 2 143
17 3 714
17 4 1251
17 5 630
17 6 653
17 7 1221
17 8 735
17 9 357
17 10 636
17 11 947
17 12 826
17 13 935
17 14 1147
17 15 1085
17 16 418
17 17 0
17 18 792
17 19 1277
17 20 1052
17 21 640
17 22 990
17 23 825
17 24 1362
17 25 521
17 26 1184
17 27 1314
17 28 473
17 29 1136
17 30 1266
17 31 425
17 32 1088
17 33 1218
17 34 377
17 35 1040
17 36 1170
17 37 329
17 38 992
17 39 1122
17 40 281
17 41 944
17 42 1074
17 43 233
17 44 896
17 45 1026
17 46 185
17 47 848
17 48 978
17 49 137
17 50 800
17 51 930
17 52 89
17 53 752
17 54 978
17 55 137
17 56 800
17 57 1026
17 58 185
17 59 848
17 60 1482
18 0 1232
18 1 473
18 2 935
18 3 464
18 4 1097
18 5 860
18 6 499
18 7 429
18 8 677
18 9 587
18 10 156
18 11 985
18 12 768
18 13 685
18 14 785
18 15 1315
18 16 552
18 17 792
18 18 0
18 19 1123
18 20 260
18 21 486
18 22 942
18 23 1055
18 24 1112
18 25 271
18 26 570
18 27 1160
18 28 319
18 29 618
18 30 1208
18 31 367
18 32 666
18 33 1256
18 34 415
18 35 714
18 36 1304
18 37 463
18 38 762
18 39 1352
18 40 511
18 41 810
18 42 1400
18 43 559
18 44 858
18 45 1448
18 46 607
18 47 906
18 48 1496
18 49 655
18 50 954
18 51 1544
18 52 703
18 53 1002
18 54 1592
18 55 751
18 56 1050
18 57 1640
18 58 799
18 59 1098
18 60 1232
19 0 205
19 1 650
19 2 1420
19 3 733
19 4 26
19 5 1345
19 6 984
19 7 1552
19 8 616
19 9 1072
19 10 967
19 11 404
19 12 1253
19 13 512
19 14 1478
19 15 266
19 16 1037
19 17 1277
19 18 1123
19 19 0
19 20 1383
19 21 637
19 22 1609
19 23 1540
19 24 85
19 25 852
19 26 1693
19 27 37
19 28 804
19 29 1645
19 30 85
19 31 852
19 32 1693
19 33 133
19 34 900
19 35 1741
19 36 181
19 37 948
19 38 1789
19 39 229
19 40 996
19 41 1837
19 42 277
19 43 1044
19 44 1885
19 45 325
19 46 1092
19 47 1933
19 48 373
19 49 1140
19 50 1981
19 51 421
19 52 1188
19 53 2029
19 54 469
19 55 1236
19 56 2077
19 57 517
19 58 1284
19 59 2125
19 60 205
20 0 1492
20 1 733
20 2 1195
20 3 724
20 4 1357
20 5 1042
20 6 759
20 7 169
20 8 937
20 9 847
20 10 416
20 11 1245
20 12 846
20 13 945
20 14 525
20 15 1575
20 16 812
20 17 1052
20 18 260
20 19 1383
20 20 0
20 21 746
20 22 682
20 23 847
20 24 1372
20 25 531
20 26 310
20 27 1420
20 28 579
20 29 358
20 30 1468
20 31 627
20 32 406
20 33 1516
20 34 675
20 35 454
20 36 1564
20 37 723
20 38 502
20 39 1612
20 40 771
20 41 550
20 42 1660
20 43 819
20 44 598
20 45 1708
20 46 867
20 47 646
20 48 1756
20 49 915
20 50 694
20 51 1804
20 52 963
20 53 742
20 54 1852
20 55 1011
20 56 790
20 57 1900
20 58 1059
20 59 838
20 60 1492
21 0 842
21 1 13
21 2 783
21 3 408
21 4 611
21 5 708
21 6 347
21 7 915
21 8 525
21 9 435
21 10 330
21 11 833
21 12 616
21 13 629
21 14 841
21 15 903
21 16 400
21 17 640
21 18 486
21 19 637
21 20 746
21 21 0
21 22 972
21 23 903
21 24 722
21 25 215
21 26 1056
21 27 674
21 28 167
21 29 1008
21 30 722
21 31 215
21 32 1056
21 33 770
21 34 263
21 35 1104
21 36 818
21 37 311
21 38 1152
21 39 866
21 40 359
21 41 1200
21 42 914
21 43 407
21 44 1248
21 45 962
21 46 455
21 47 1296
21 48 1010
21 49 503
21 50 1344
21 51 1058
21 52 551
21 53 1392
21 54 1106
21 55 599
21 56 1440
21 57 1154
21 58 647
21 59 1488
21 60 842
22 0 1814
22 1 959
22 2 1029
22 3 1046
22 4 1583
22 5 720
22 6 985
22 7 513
22 8 1067
22 9 785
22 10 968
22 11 1279
22 12 716
22 13 1267
22 14 491
22 15 1513
22 16 572
22 17 990
22 18 942
22 19 1609
22 20 682
22 21 972
22 22 0
22 23 525
22 24 1694
22 25 853
22 26 372
22 27 1646
22 28 805
22 29 324
22 30 1598
22 31 757
22 32 276
22 33 1550
22 34 709
22 35 228
22 36 1502
22 37 661
22 38 180
22 39 1550
22 40 709
22 41 228
22 42 1598
22 43 757
22 44 276
22 45 1646
22 46 805
22 47 324
22 48 1694
22 49 853
22 50 372
22 51 1742
22 52 901
22 53 420
22 54 1790
22 55 949
22 56 468
22 57 1838
22 58 997
22 59 516
22 60 1814
23 0 1745
23 1 890
23 2 968
23 3 977
23 4 1514
23 5 195
23 6 916
23 7 678
23 8 998
23 9 468
23 10 899
23 11 1210
23 12 881
23 13 1198
23 14 656
23 15 1348
23 16 681
23 17 825
23 18 1055
23 19 1540
23 20 847
23 21 903
23 22 525
23 23 0
23 24 1625
23 25 784
23 26 537
23 27 1577
23 28 736
23 29 489
23 30 1529
23 31 688
23 32 441
23 33 1481
23 34 640
23 35 393
23 36 1433
23 37 592
23 38 345
23 39 1385
23 40 544
23 41 297
23 42 1433
23 43 592
23 44 345
23 45 1481
23 46 640
23 47 393
23 48 1529
23 49 688
23 50 441
23 51 1577
23 52 736
23 53 489
23 54 1625
23 55 784
23 56 537
23 57 1673
23 58 832
23 59 585
23 60 1745
24 0 120
24 1 735
24 2 1505
24 3 648
24 4 111
24 5 1430
24 6 1069
24 7 1541
24 8 627
24 9 1157
24 10 956
24 11 415
24 12 1338
24 13 427
24 14 1563
24 15 277
24 16 1122
24 17 1362
24 18 1112
24 19 85
24 20 1372
24 21 722
24 22 1694
24 23 1625
24 24 0
24 25 841
24 26 1682
24 27 48
24 28 889
24 29 1730
24 30 96
24 31 937
24 32 1778
24 33 144
24 34 985
24 35 1826
24 36 192
24 37 1033
24 38 1874
24 39 240
24 40 1081
24 41 1922
24 42 288
24 43 1129
24 44 1970
24 45 336
24 46 1177
24 47 2018
24 48 384
24 49 1225
24 50 2066
24 51 432
24 52 1273
24 53 2114
24 54 480
24 55 1321
24 56 2162
24 57 528
24 58 1369
24 59 2210
24 60 120
25 0 961
25 1 202
25 2 664
25 3 193
25 4 826
25 5 589
25 6 228
25 7 700
25 8 406
25 9 316
25 10 115
25 11 714
25 12 497
25 13 414
25 14 722
25 15 1044
25 16 281
25 17 521
25 18 271
25 19 852
25 20 531
25 21 215
25 22 853
25 23 784
25 24 841
25 25 0
25 26 841
25 27 889
25 28 48
25 29 889
25 30 937
25 31 96
25 32 937
25 33 985
25 34 144
25 35 985
25 36 1033
25 37 192
25 38 1033
25 39 1081
25 40 240
25 41 1081
25 42 1129
25 43 288
25 44 1129
25 45 1177
25 46 336
25 47 1177
25 48 1225
25 49 384
25 50 1225
25 51 1273
25 52 432
25 53 1273
25 54 1321
25 55 480
25 56 1321
25 57 1369
25 58 528
25 59 1369
25 60 961
26 0 1802
26 1 1043
26 2 1041
26 3 1034
26 4 1667
26 5 732
26 6 709
26 7 141
26 8 1247
26 9 1005
26 10 726
26 11 1555
26 12 536
26 13 1255
26 14 215
26 15 1885
26 16 944
26 17 1184
26 18 570
26 19 1693
26 20 310
26 21 1056
26 22 372
26 23 537
26 24 1682
26 25 841
26 26 0
26 27 1730
26 28 889
26 29 48
26 30 1778
26 31 937
26 32 96
26 33 1826
26 34 985
26 35 144
26 36 1874
26 37 1033
26 38 192
26 39 1922
26 40 1081
26 41 240
26 42 1970
26 43 1129
26 44 288
26 45 2018
26 46 1177
26 47 336
26 48 2066
26 49 1225
26 50 384
26 51 2114
26 52 1273
26 53 432
26 54 2162
26 55 1321
26 56 480
26 57 2210
26 58 1369
26 59 528
26 60 1802
27 0 168
27 1 687
27 2 1457
27 3 696
27 4 63
27 5 1382
27 6 1021
27 7 1589
27 8 579
27 9 1109
27 10 1004
27 11 367
27 12 1290
27 13 475
27 14 1515
27 15 229
27 16 1074
27 17 1314
27 18 1160
27 19 37
27 20 1420
27 21 674
27 22 1646
27 23 1577
27 24 48
27 25 889
27 26 1730
27 27 0
27 28 841
27 29 1682
27 30 48
27 31 889
27 32 1730
27 33 96
27 34 937
27 35 1778
27 36 144
27 37 985
27 38 1826
27 39 192
27 40 1033
27 41 1874
27 42 240
27 43 1081
27 44 1922
27 45 288
27 46 1129
27 47 1970
27 48 336
27 49 1177
27 50 2018
27 51 384
27 52 1225
27 53 2066
27 54 432
27 55 1273
27 56 2114
27 57 480
27 58 1321
27 59 2162
27 60 168
28 0 1009
28 1 154
28 2 616
28 3 241
28 4 778
28 5 541
28 6 180
28 7 748
28 8 358
28 9 268
28 10 163
28 11 666
28 12 449
28 13 462
28 14 674
28 15 996
28 16 233
28 17 473
28 18 319
28 19 804
28 20 579
28 21 167
28 22 805
28 23 736
28 24 889
28 25 48
28 26 889
28 27 841
28 28 0
28 29 841
28 30 889
28 31 48
28 32 889
28 33 937
28 34 96
28 35 937
28 36 985
28 37 144
28 38 985
28 39 1033
28 40 192
28 41 1033
28 42 1081
28 43 240
28 44 1081
28 45 1129
28 46 288
28 47 1129
28 48 1177
28 49 336
28 50 1177
28 51 1225
28 52 384
28 53 1225
28 54 1273
28 55 432
28 56 1273
28 57 1321
28 58 480
28 59 1321
28 60 1009
29 0 1850
29 1 995
29 2 993
29 3 1082
29 4 1619
29 5 684
29 6 661
29 7 189
29 8 1199
29 9 957
29 10 774
29 11 1507
29 12 488
29 13 1303
29 14 167
29 15 1837
29 16 896
29 17 1136
29 18 618
29 19 1645
29 20 358
29 21 1008
29 22 324
29 23 489
29 24 1730
29 25 889
29 26 48
29 27 1682
29 28 841
29 29 0
29 30 1730
29 31 889
29 32 48
29 33 1778
29 34 937
29 35 96
29 36 1826
29 37 985
29 38 144
29 39 1874
29 40 1033
29 41 192
29 42 1922
29 43 1081
29 44 240
29 45 1970
29 46 1129
29 47 288
29 48 2018
29 49 1177
29 50 336
29 51 2066
29 52 1225
29 53 384
29 54 2114
29 55 1273
29 56 432
29 57 2162
29 58 1321
29 59 480
29 60 1850
30 0 216
30 1 735
30 2 1409
30 3 744
30 4 111
30 5 1334
30 6 1069
30 7 1637
30 8 531
30 9 1061
30 10 1052
30 11 319
30 12 1242
30 13 523
30 14 1563
30 15 181
30 16 1026
30 17 1266
30 18 1208
30 19 85
30 20 1468
30 21 722
30 22 1598
30 23 1529
30 24 96
30 25 937
30 26 1778
30 27 48
30 28 889
30 29 1730
30 30 0
30 31 841
30 32 1682
30 33 48
30 34 889
30 35 1730
30 36 96
30 37 937
30 38 1778
30 39 144
30 40 985
30 41 1826
30 42 192
30 43 1033
30 44 1874
30 45 240
30 46 1081
30 47 1922
30 48 288
30 49 1129
30 50 1970
30 51 336
30 52 1177
30 53 2018
30 54 384
30 55 1225
30 56 2066
30 57 432
30 58 1273
30 59 2114
30 60 216
31 0 1057
31 1 202
31 2 568
31 3 289
31 4 826
31 5 493
31 6 228
31 7 796
31 8 310
31 9 220
31 10 211
31 11 618
31 12 401
31 13 510
31 14 722
31 15 948
31 16 185
31 17 425
31 18 367
31 19 852
31 20 627
31 21 215
31 22 757
31 23 688
31 24 937
31 25 96
31 26 937
31 27 889
31 28 48
31 29 889
31 30 841
31 31 0
31 32 841
31 33 889
31 34 48
31 35 889
31 36 937
31 37 96
31 38 937
31 39 985
31 40 144
31 41 985
31 42 1033
31 43 192
31 44 1033
31 45 1081
31 46 240
31 47 1081
31 48 1129
31 49 288
31 50 1129
31 51 1177
31 52 336
31 53 1177
31 54 1225
31 55 384
31 56 1225
31 57 1273
31 58 432
31 59 1273
31 60 1057
32 0 1898
32 1 1043
32 2 945
32 3 1130
32 4 1667
32 5 636
32 6 709
32 7 237
32 8 1151
32 9 909
32 10 822
32 11 1459
32 12 440
32 13 1351
32 14 215
32 15 1789
32 16 848
32 17 1088
32 18 666
32 19 1693
32 20 406
32 21 1056
32 22 276
32 23 441
32 24 1778
32 25 937
32 26 96
32 27 1730
32 28 889
32 29 48
32 30 1682
32 31 841
32 32 0
32 33 1730
32 34 889
32 35 48
32 36 1778
32 37 937
32 38 96
32 39 1826
32 40 985
32 41 144
32 42 1874
32 43 1033
32 44 192
32 45 1922
32 46 1081
32 47 240
32 48 1970
32 49 1129
32 50 288
32 51 2018
32 52 1177
32 53 336
32 54 2066
32 55 1225
32 56 384
32 57 2114
32 58 1273
32 59 432
32 60 1898
33 0 264
33 1 783
33 2 1361
33 3 792
33 4 159
33 5 1286
33 6 1117
33 7 1685
33 8 579
33 9 1013
33 10 1100
33 11 271
33 12 1290
33 13 571
33 14 1611
33 15 133
33 16 978
33 17 1218
33 18 1256
33 19 133
33 20 1516
33 21 770
33 22 1550
33 23 1481
33 24 144
33 25 985
33 26 1826
33 27 96
33 28 937
33 29 1778
33 30 48
33 31 889
33 32 1730
33 33 0
33 34 841
33 35 1682
33 36 48
33 37 889
33 38 1730
33 39 96
33 40 937
33 41 1778
33 42 144
33 43 985
33 44 1826
33 45 192
33 46 1033
33 47 1874
33 48 240
33 49 1081
33 50 1922
33 51 288
33 52 1129
33 53 1970
33 54 336
33 55 1177
33 56 2018
33 57 384
33 58 1225
33 59 2066
33 60 264
34 0 1105
34 1 250
34 2 520
34 3 337
34 4 874
34 5 445
34 6 276
34 7 844
34 8 358
34 9 172
34 10 259
34 11 570
34 12 449
34 13 558
34 14 770
34 15 900
34 16 137
34 17 377
34 18 415
34 19 900
34 20 675
34 21 263
34 22 709
34 23 640
34 24 985
34 25 144
34 26 985
34 27 937
34 28 96
34 29 937
34 30 889
34 31 48
34 32 889
34 33 841
34 34 0
34 35 841
34 36 889
34 37 48
34 38 889
34 39 937
34 40 96
34 41 937
34 42 985
34 43 144
34 44 985
34 45 1033
34 46 192
34 47 1033
34 48 1081
34 49 240
34 50 1081
34 51 1129
34 52 288
34 53 1129
34 54 1177
34 55 336
34 56 1177
34 57 1225
34 58 384
34 59 1225
34 60 1105
35 0 1946
35 1 1091
35 2 897
35 3 1178
35 4 1715
35 5 588
35 6 757
35 7 285
35 8 1199
35 9 861
35 10 870
35 11 1411
35 12 488
35 13 1399
35 14 263
35 15 1741
35 16 800
35 17 1040
35 18 714
35 19 1741
35 20 454
35 21 1104
35 22 228
35 23 393
35 24 1826
35 25 985
35 26 144
35 27 1778
35 28 937
35 29 96
35 30 1730
35 31 889
35 32 48
35 33 1682
35 34 841
35 35 0
35 36 1730
35 37 889
35 38 48
35 39 1778
35 40 937
35 41 96
35 42 1826
35 43 985
35 44 144
35 45 1874
35 46 1033
35 47 192
35 48 1922
35 49 1081
35 50 240
35 51 1970
35 52 1129
35 53 288
35 54 2018
35 55 1177
35 56 336
35 57 2066
35 58 1225
35 59 384
35 60 1946
36 0 312
36 1 831
36 2 1313
36 3 840
36 4 207
36 5 1238
36 6 1165
36 7 1733
36 8 627
36 9 965
36 10 1148
36 11 319
36 12 1338
36 13 619
36 14 1659
36 15 85
36 16 930
36 17 1170
36 18 1304
36 19 181
36 20 1564
36 21 818
36 22 1502
36 23 1433
36 24 192
36 25 1033
36 26 1874
36 27 144
36 28 985
36 29 1826
36 30 96
36 31 937
36 32 1778
36 33 48
36 34 889
36 35 1730
36 36 0
36 37 841
36 38 1682
36 39 48
36 40 889
36 41 1730
36 42 96
36 43 937
36 44 1778
36 45 144
36 46 985
36 47 1826
36 48 192
36 49 1033
36 50 1874
36 51 240
36 52 1081
36 53 1922
36 54 288
36 55 1129
36 56 1970
36 57 336
36 58 1177
36 59 2018
36 60 312
37 0 1153
37 1 298
37 2 472
37 3 385
37 4 922
37 5 397
37 6 324
37 7 892
37 8 406
37 9 124
37 10 307
37 11 618
37 12 497
37 13 606
37 14 818
37 15 852
37 16 89
37 17 329
37 18 463
37 19 948
37 20 723
37 21 311
37 22 661
37 23 592
37 24 1033
37 25 192
37 26 1033
37 27 985
37 28 144
37 29 985
37 30 937
37 31 96
37 32 937
37 33 889
37 34 48
37 35 889
37 36 841
37 37 0
37 38 841
37 39 889
37 40 48
37 41 889
37 42 937
37 43 96
37 44 937
37 45 985
37 46 144
37 47 985
37 48 1033
37 49 192
37 50 1033
37 51 1081
37 52 240
37 53 1081
37 54 1129
37 55 288
37 56 1129
37 57 1177
37 58 336
37 59 1177
37 60 1153
38 0 1994
38 1 1139
38 2 849
38 3 1226
38 4 1763
38 5 540
38 6 805
38 7 333
38 8 1247
38 9 813
38 10 918
38 11 1459
38 12 536
38 13 1447
38 14 311
38 15 1693
38 16 752
38 17 992
38 18 762
38 19 1789
38 20 502
38 21 1152
38 22 180
38 23 345
38 24 1874
38 25 1033
38 26 192
38 27 1826
38 28 985
38 29 144
38 30 1778
38 31 937
38 32 96
38 33 1730
38 34 889
38 35 48
38 36 1682
38 37 841
38 38 0
38 39 1730
38 40 889
38 41 48
38 42 1778
38 43 937
38 44 96
38 45 1826
38 46 985
38 47 144
38 48 1874
38 49 1033
38 50 192
38 51 1922
38 52 1081
38 53 240
38 54 1970
38 55 1129
38 56 288
38 57 2018
38 58 1177
38 59 336
38 60 1994
39 0 360
39 1 879
39 2 1265
39 3 888
39 4 255
39 5 1190
39 6 1213
39 7 1781
39 8 675
39 9 917
39 10 1196
39 11 367
39 12 1386
39 13 667
39 14 1707
39 15 37
39 16 978
39 17 1122
39 18 1352
39 19 229
39 20 1612
39 21 866
39 22 1550
39 23 1385
39 24 240
39 25 1081
39 26 1922
39 27 192
39 28 1033
39 29 1874
39 30 144
39 31 985
39 32 1826
39 33 96
39 34 937
39 35 1778
39 36 48
39 37 889
39 38 1730
39 39 0
39 40 841
39 41 1682
39 42 48
39 43 889
39 44 1730
39 45 96
39 46 937
39 47 1778
39 48 144
39 49 985
39 50 1826
39 51 192
39 52 1033
39 53 1874
39 54 240
39 55 1081
39 56 1922
39 57 288
39 58 1129
39 59 1970
39 60 360
40 0 1201
40 1 346
40 2 424
40 3 433
40 4 970
40 5 349
40 6 372
40 7 940
40 8 454
40 9 76
40 10 355
40 11 666
40 12 545
40 13 654
40 14 866
40 15 804
40 16 137
40 17 281
40 18 511
40 19 996
40 20 771
40 21 359
40 22 709
40 23 544
40 24 1081
40 25 240
40 26 1081
40 27 1033
40 28 192
40 29 1033
40 30 985
40 31 144
40 32 985
40 33 937
40 34 96
40 35 937
40 36 889
40 37 48
40 38 889
40 39 841
40 40 0
40 41 841
40 42 889
40 43 48
40 44 889
40 45 937
40 46 96
40 47 937
40 48 985
40 49 144
40 50 985
40 51 1033
40 52 192
40 53 1033
40 54 1081
40 55 240
40 56 1081
40 57 1129
40 58 288
40 59 1129
40 60 1201
41 0 2042
41 1 1187
41 2 801
41 3 1274
41 4 1811
41 5 492
41 6 853
41 7 381
41 8 1295
41 9 765
41 10 966
41 11 1507
41 12 584
41 13 1495
41 14 359
41 15 1645
41 16 800
41 17 944
41 18 810
41 19 1837
41 20 550
41 21 1200
41 22 228
41 23 297
41 24 1922
41 25 1081
41 26 240
41 27 1874
41 28 1033
41 29 192
41 30 1826
41 31 985
41 32 144
41 33 1778
41 34 937
41 35 96
41 36 1730
41 37 889
41 38 48
41 39 1682
41 40 841
41 41 0
41 42 1730
41 43 889
41 44 48
41 45 1778
41 46 937
41 47 96
41 48 1826
41 49 985
41 50 144
41 51 1874
41 52 1033
41 53 192
41 54 1922
41 55 1081
41 56 240
41 57 1970
41 58 1129
41 59 288
41 60 2042
42 0 408
42 1 927
42 2 1217
42 3 936
42 4 303
42 5 1238
42 6 1261
42 7 1829
42 8 723
42 9 965
42 10 1244
42 11 415
42 12 1434
42 13 715
42 14 1755
42 15 85
42 16 1026
42 17 1074
42 18 1400
42 19 277
42 20 1660
42 21 914
42 22 1598
42 23 1433
42 24 288
42 25 1129
42 26 1970
42 27 240
42 28 1081
42 29 1922
42 30 192
42 31 1033
42 32 1874
42 33 144
42 34 985
42 35 1826
42 36 96
42 37 937
42 38 1778
42 39 48
42 40 889
42 41 1730
42 42 0
42 43 841
42 44 1682
42 45 48
42 46 889
42 47 1730
42 48 96
42 49 937
42 50 1778
42 51 144
42 52 985
42 53 1826
42 54 192
42 55 1033
42 56 1874
42 57 240
42 58 1081
42 59 1922
42 60 408
43 0 1249
43 1 394
43 2 376
43 3 481
43 4 1018
43 5 397
43 6 420
43 7 988
43 8 502
43 9 124
43 10 403
43 11 714
43 12 593
43 13 702
43 14 914
43 15 852
43 16 185
43 17 233
43 18 559
43 19 1044
43 20 819
43 21 407
43 22 757
43 23 592
43 24 1129
43 25 288
43 26 1129
43 27 1081
43 28 240
43 29 1081
43 30 1033
43 31 192
43 32 1033
43 33 985
43 34 144
43 35 985
43 36 937
43 37 96
43 38 937
43 39 889
43 40 48
43 41 889
43 42 841
43 43 0
43 44 841
43 45 889
43 46 48
43 47 889
43 48 937
43 49 96
43 50 937
43 51 985
43 52 144
43 53 985
43 54 1033
43 55 192
43 56 1033
43 57 1081
43 58 240
43 59 1081
43 60 1249
44 0 2090
44 1 1235
44 2 753
44 3 1322
44 4 1859
44 5 540
44 6 901
44 7 429
44 8 1343
44 9 813
44 10 1014
44 11 1555
44 12 632
44 13 1543
44 14 407
44 15 1693
44 16 848
44 17 896
44 18 858
44 19 1885
44 20 598
44 21 1248
44 22 276
44 23 345
44 24 1970
44 25 1129
44 26 288
44 27 1922
44 28 1081
44 29 240
44 30 1874
44 31 1033
44 32 192
44 33 1826
44 34 985
44 35 144
44 36 1778
44 37 937
44 38 96
44 39 1730
44 40 889
44 41 48
44 42 1682
44 43 841
44 44 0
44 45 1730
44 46 889
44 47 48
44 48 1778
44 49 937
44 50 96
44 51 1826
44 52 985
44 53 144
44 54 1874
44 55 1033
44 56 192
44 57 1922
44 58 1081
44 59 240
44 60 2090
45 0 456
45 1 975
45 2 1169
45 3 984
45 4 351
45 5 1286
45 6 1309
45 7 1877
45 8 771
45 9 1013
45 10 1292
45 11 463
45 12 1482
45 13 763
45 14 1803
45 15 133
45 16 1074
45 17 1026
45 18 1448
45 19 325
45 20 1708
45 21 962
45 22 1646
45 23 1481
45 24 336
45 25 1177
45 26 2018
45 27 288
45 28 1129
45 29 1970
45 30 240
45 31 1081
45 32 1922
45 33 192
45 34 1033
45 35 1874
45 36 144
45 37 985
45 38 1826
45 39 96
45 40 937
45 41 1778
45 42 48
45 43 889
45 44 1730
45 45 0
45 46 841
45 47 1682
45 48 48
45 49 889
45 50 1730
45 51 96
45 52 937
45 53 1778
45 54 144
45 55 985
45 56 1826
45 57 192
45 58 1033
45 59 1874
45 60 456
46 0 1297
46 1 442
46 2 328
46 3 529
46 4 1066
46 5 445
46 6 468
46 7 1036
46 8 550
46 9 172
46 10 451
46 11 762
46 12 641
46 13 750
46 14 962
46 15 900
46 16 233
46 17 185
46 18 607
46 19 1092
46 20 867
46 21 455
46 22 805
46 23 640
46 24 1177
46 25 336
46 26 1177
46 27 1129
46 28 288
46 29 1129
46 30 1081
46 31 240
46 32 1081
46 33 1033
46 34 192
46 35 1033
46 36 985
46 37 144
46 38 985
46 39 937
46 40 96
46 41 937
46 42 889
46 43 48
46 44 889
46 45 841
46 46 0
46 47 841
46 48 889
46 49 48
46 50 889
46 51 937
46 52 96
46 53 937
46 54 985
46 55 144
46 56 985
46 57 1033
46 58 192
46 59 1033
46 60 1297
47 0 2138
47 1 1283
47 2 705
47 3 1370
47 4 1907
47 5 588
47 6 949
47 7 477
47 8 1391
47 9 861
47 10 1062
47 11 1603
47 12 680
47 13 1591
47 14 455
47 15 1741
47 16 896
47 17 848
47 18 906
47 19 1933
47 20 646
47 21 1296
47 22 324
47 23 393
47 24 2018
47 25 1177
47 26 336
47 27 1970
47 28 1129
47 29 288
47 30 1922
47 31 1081
47 32 240
47 33 1874
47 34 1033
47 35 192
47 36 1826
47 37 985
47 38 144
47 39 1778
47 40 937
47 41 96
47 42 1730
47 43 889
47 44 48
47 45 1682
47 46 841
47 47 0
47 48 1730
47 49 889
47 50 48
47 51 1778
47 52 937
47 53 96
47 54 1826
47 55 985
47 56 144
47 57 1874
47 58 1033
47 59 192
47 60 2138
48 0 504
48 1 1023
48 2 1121
48 3 1032
48 4 399
48 5 1334
48 6 1357
48 7 1925
48 8 819
48 9 1061
48 10 1340
48 11 511
48 12 1530
48 13 811
48 14 1851
48 15 181
48 16 1122
48 17 978
48 18 1496
48 19 373
48 20 1756
48 21 1010
48 22 1694
48 23 1529
48 24 384
48 25 1225
48 26 2066
48 27 336
48 28 1177
48 29 2018
48 30 288
48 31 1129
48 32 1970
48 33 240
48 34 1081
48 35 1922
48 36 192
48 37 1033
48 38 1874
48 39 144
48 40 985
48 41 1826
48 42 96
48 43 937
48 44 1778
48 45 48
48 46 889
48 47 1730
48 48 0
48 49 841
48 50 1682
48 51 48
48 52 889
48 53 1730
48 54 96
48 55 937
48 56 1778
48 57 144
48 58 985
48 59 1826
48 60 504
49 0 1345
49 1 490
49 2 280
49 3 577
49 4 1114
49 5 493
49 6 516
49 7 1084
49 8 598
49 9 220
49 10 499
49 11 810
49 12 689
49 13 798
49 14 1010
49 15 948
49 16 281
49 17 137
49 18 655
49 19 1140
49 20 915
49 21 503
49 22 853
49 23 688
49 24 1225
49 25 384
49 26 1225
49 27 1177
49 28 336
49 29 1177
49 30 1129
49 31 288
49 32 1129
49 33 1081
49 34 240
49 35 1081
49 36 1033
49 37 192
49 38 1033
49 39 985
49 40 144
49 41 985
49 42 937
49 43 96
49 44 937
49 45 889
49 46 48
49 47 889
49 48 841
49 49 0
49 50 841
49 51 889
49 52 48
49 53 889
49 54 937
49 55 96
49 56 937
49 57 985
49 58 144
49 59 985
49 60 1345
50 0 2186
50 1 1331
50 2 657
50 3 1418
50 4 1955
50 5 636
50 6 997
50 7 525
50 8 1439
50 9 909
50 10 1110
50 11 1651
50 12 728
50 13 1639
50 14 503
50 15 1789
50 16 944
50 17 800
50 18 954
50 19 1981
50 20 694
50 21 1344
50 22 372
50 23 441
50 24 2066
50 25 1225
50 26 384
50 27 2018
50 28 1177
50 29 336
50 30 1970
50 31 1129
50 32 288
50 33 1922
50 34 1081
50 35 240
50 36 1874
50 37 1033
50 38 192
50 39 1826
50 40 985
50 41 144
50 42 1778
50 43 937
50 44 96
50 45 1730
50 46 889
50 47 48
50 48 1682
50 49 841
50 50 0
50 51 1730
50 52 889
50 53 48
50 54 1778
50 55 937
50 56 96
50 57 1826
50 58 985
50 59 144
50 60 2186
51 0 552
51 1 1071
51 2 1073
51 3 1080
51 4 447
51 5 1382
51 6 1405
51 7 1973
51 8 867
51 9 1109
51 10 1388
51 11 559
51 12 1578
51 13 859
51 14 1899
51 15 229
51 16 1170
51 17 930
51 18 1544
51 19 421
51 20 1804
51 21 1058
51 22 1742
51 23 1577
51 24 432
51 25 1273
51 26 2114
51 27 384
51 28 1225
51 29 2066
51 30 336
51 31 1177
51 32 2018
51 33 288
51 34 1129
51 35 1970
51 36 240
51 37 1081
51 38 1922
51 39 192
51 40 1033
51 41 1874
51 42 144
51 43 985
51 44 1826
51 45 96
51 46 937
51 47 1778
51 48 48
51 49 889
51 50 1730
51 51 0
51 52 841
51 53 1682
51 54 48
51 55 889
51 56 1730
51 57 96
51 58 937
51 59 1778
51 60 552
52 0 1393
52 1 538
52 2 232
52 3 625
52 4 1162
52 5 541
52 6 564
52 7 1132
52 8 646
52 9 268
52 10 547
52 11 858
52 12 737
52 13 846
52 14 1058
52 15 996
52 16 329
52 17 89
52 18 703
52 19 1188
52 20 963
52 21 551
52 22 901
52 23 736
52 24 1273
52 25 432
52 26 1273
52 27 1225
52 28 384
52 29 1225
52 30 1177
52 31 336
52 32 1177
52 33 1129
52 34 288
52 35 1129
52 36 1081
52 37 240
52 38 1081
52 39 1033
52 40 192
52 41 1033
52 42 985
52 43 144
52 44 985
52 45 937
52 46 96
52 47 937
52 48 889
52 49 48
52 50 889
52 51 841
52 52 0
52 53 841
52 54 889
52 55 48
52 56 889
52 57 937
52 58 96
52 59 937
52 60 1393
53 0 2234
53 1 1379
53 2 609
53 3 1466
53 4 2003
53 5 684
53 6 1045
53 7 573
53 8 1487
53 9 957
53 10 1158
53 11 1699
53 12 776
53 13 1687
53 14 551
53 15 1837
53 16 992
53 17 752
53 18 1002
53 19 2029
53 20 742
53 21 1392
53 22 420
53 23 489
53 24 2114
53 25 1273
53 26 432
53 27 2066
53 28 1225
53 29 384
53 30 2018
53 31 1177
53 32 336
53 33 1970
53 34 1129
53 35 288
53 36 1922
53 37 1081
53 38 240
53 39 1874
53 40 1033
53 41 192
53 42 1826
53 43 985
53 44 144
53 45 1778
53 46 937
53 47 96
53 48 1730
53 49 889
53 50 48
53 51 1682
53 52 841
53 53 0
53 54 1730
53 55 889
53 56 48
53 57 1778
53 58 937
53 59 96
53 60 2234
54 0 600
54 1 1119
54 2 1121
54 3 1128
54 4 495
54 5 1430
54 6 1453
54 7 2021
54 8 915
54 9 1157
54 10 1436
54 11 607
54 12 1626
54 13 907
54 14 1947
54 15 277
54 16 1218
54 17 978
54 18 1592
54 19 469
54 20 1852
54 21 1106
54 22 1790
54 23 1625
54 24 480
54 25 1321
54 26 2162
54 27 432
54 28 1273
54 29 2114
54 30 384
54 31 1225
54 32 2066
54 33 336
54 34 1177
54 35 2018
54 36 288
54 37 1129
54 38 1970
54 39 240
54 40 1081
54 41 1922
54 42 192
54 43 1033
54 44 1874
54 45 144
54 46 985
54 47 1826
54 48 96
54 49 937
54 50 1778
54 51 48
54 52 889
54 53 1730
54 54 0
54 55 841
54 56 1682
54 57 48
54 58 889
54 59 1730
54 60 600
55 0 1441
55 1 586
55 2 280
55 3 673
55 4 1210
55 5 589
55 6 612
55 7 1180
55 8 694
55 9 316
55 10 595
55 11 906
55 12 785
55 13 894
55 14 1106
55 15 1044
55 16 377
55 17 137
55 18 751
55 19 1236
55 20 1011
55 21 599
55 22 949
55 23 784
55 24 1321
55 25 480
55 26 1321
55 27 1273
55 28 432
55 29 1273
55 30 1225
55 31 384
55 32 1225
55 33 1177
55 34 336
55 35 1177
55 36 1129
55 37 288
55 38 1129
55 39 1081
55 40 240
55 41 1081
55 42 1033
55 43 192
55 44 1033
55 45 985
55 46 144
55 47 985
55 48 937
55 49 96
55 50 937
55 51 889
55 52 48
55 53 889
55 54 841
55 55 0
55 56 841
55 57 889
55 58 48
55 59 889
55 60 1441
56 0 2282
56 1 1427
56 2 657
56 3 1514
56 4 2051
56 5 732
56 6 1093
56 7 621
56 8 1535
56 9 1005
56 10 1206
56 11 1747
56 12 824
56 13 1735
56 14 599
56 15 1885
56 16 1040
56 17 800
56 18 1050
56 19 2077
56 20 790
56 21 1440
56 22 468
56 23 537
56 24 2162
56 25 1321
56 26 480
56 27 2114
56 28 1273
56 29 432
56 30 2066
56 31 1225
56 32 384
56 33 2018
56 34 1177
56 35 336
56 36 1970
56 37 1129
56 38 288
56 39 1922
56 40 1081
56 41 240
56 42 1874
56 43 1033
56 44 192
56 45 1826
56 46 985
56 47 144
56 48 1778
56 49 937
56 50 96
56 51 1730
56 52 889
56 53 48
56 54 1682
56 55 841
56 56 0
56 57 1730
56 58 889
56 59 48
56 60 2282
57 0 648
57 1 1167
57 2 1169
57 3 1176
57 4 543
57 5 1478
57 6 1501
57 7 2069
57 8 963
57 9 1205
57 10 1484
57 11 655
57 12 1674
57 13 955
57 14 1995
57 15 325
57 16 1266
57 17 1026
57 18 1640
57 19 517
57 20 1900
57 21 1154
57 22 1838
57 23 1673
57 24 528
57 25 1369
57 26 2210
57 27 480
57 28 1321
57 29 2162
57 30 432
57 31 1273
57 32 2114
57 33 384
57 34 1225
57 35 2066
57 36 336
57 37 1177
57 38 2018
57 39 288
57 40 1129
57 41 1970
57 42 240
57 43 1081
57 44 1922
57 45 192
57 46 1033
57 47 1874
57 48 144
57 49 985
57 50 1826
57 51 96
57 52 937
57 53 1778
57 54 48
57 55 889
57 56 1730
57 57 0
57 58 841
57 59 1682
57 60 648
58 0 1489
58 1 634
58 2 328
58 3 721
58 4 1258
58 5 637
58 6 660
58 7 1228
58 8 742
58 9 364
58 10 643
58 11 954
58 12 833
58 13 942
58 14 1154
58 15 1092
58 16 425
58 17 185
58 18 799
58 19 1284
58 20 1059
58 21 647
58 22 997
58 23 832
58 24 1369
58 25 528
58 26 1369
58 27 1321
58 28 480
58 29 1321
58 30 1273
58 31 432
58 32 1273
58 33 1225
58 34 384
58 35 1225
58 36 1177
58 37 336
58 38 1177
58 39 1129
58 40 288
58 41 1129
58 42 1081
58 43 240
58 44 1081
58 45 1033
58 46 192
58 47 1033
58 48 985
58 49 144
58 50 985
58 51 937
58 52 96
58 53 937
58 54 889
58 55 48
58 56 889
58 57 841
58 58 0
58 59 841
58 60 1489
59 0 2330
59 1 1475
59 2 705
59 3 1562
59 4 2099
59 5 780
59 6 1141
59 7 669
59 8 1583
59 9 1053
59 10 1254
59 11 1795
59 12 872
59 13 1783
59 14 647
59 15 1933
59 16 1088
59 17 848
59 18 1098
59 19 2125
59 20 838
59 21 1488
59 22 516
59 23 585
59 24 2210
59 25 1369
59 26 528
59 27 2162
59 28 1321
59 29 480
59 30 2114
59 31 1273
59 32 432
59 33 2066
59 34 1225
59 35 384
59 36 2018
59 37 1177
59 38 336
59 39 1970
59 40 1129
59 41 288
59 42 1922
59 43 1081
59 44 240
59 45 1874
59 46 1033
59 47 192
59 48 1826
59 49 985
59 50 144
59 51 1778
59 52 937
59 53 96
59 54 1730
59 55 889
59 56 48
59 57 1682
59 58 841
59 59 0
59 60 2330
60 0 0
60 1 855
60 2 1625
60 3 768
60 4 231
60 5 1550
60 6 1189
60 7 1661
60 8 747
60 9 1277
60 10 1076
60 11 535
60 12 1458
60 13 547
60 14 1683
60 15 397
60 16 1242
60 17 1482
60 18 1232
60 19 205
60 20 1492
60 21 842
60 22 1814
60 23 1745
60 24 120
60 25 961
60 26 1802
60 27 168
60 28 1009
60 29 1850
60 30 216
60 31 1057
60 32 1898
60 33 264
60 34 1105
60 35 1946
60 36 312
60 37 1153
60 38 1994
60 39 360
60 40 1201
60 41 2042
60 42 408
60 43 1249
60 44 2090
60 45 456
60 46 1297
60 47 2138
60 48 504
60 49 1345
60 50 2186
60 51 552
60 52 1393
60 53 2234
60 54 600
60 55 1441
60 56 2282
60 57 648
60 58 1489
60 59 2330
60 60 0
//Location coordinates LocationName
//Loc x y
0 0.0 0.0 "depot"
1 48.0 807.0 "product aisle 1 bloc 0 rank 102"
2 432.0 1193.0 "product aisle 9 bloc 1 rank 31"
3 0.0 768.0 "product aisle 0 bloc 0 rank 95"
4 48.0 183.0 "product aisle 1 bloc 0 rank 6"
5 240.0 1310.0 "product aisle 5 bloc 1 rank 50"
6 48.0 1141.0 "product aisle 1 bloc 1 rank 23"
7 0.0 1661.0 "product aisle 0 bloc 1 rank 104"
