//alpha
1
//NbLocations
66
//NbProducts
29
//NbPickers
2
//CapaPicker
8
//TimeToTravelOneDistanceUnit
3
//SetupTime
5400
//PickTime
300
//Products
//Idx Location Size
1 1 1
2 2 1
3 3 1
4 4 1
5 5 1
6 6 1
7 7 1
8 8 1
9 9 1
10 10 1
11 11 1
12 12 1
13 13 1
14 14 1
15 15 1
16 16 1
17 17 1
18 18 1
19 19 1
20 20 1
21 21 1
22 22 1
23 23 1
24 24 1
25 25 1
26 26 1
27 27 1
28 28 1
29 29 1
//Orders
//NbOrders
6
//Idx DueDate TardinessPenalty NbProdInOrder ProdIdx1 Qty1 ProdIdx2 Qty2 ...
1 126000 0 7 1 1 2 1 3 1 4 1 5 1 6 1 7 1
2 108000 0 1 8 1
3 126000 0 8 9 1 10 1 11 1 12 1 13 1 14 1 15 1 16 1
4 54000 0 2 17 1 18 1
5 36000 0 8 19 1 20 1 21 1 22 1 23 1 24 1 25 1 26 1
6 144000 0 3 27 1 28 1 29 1
//Graph (Products are vertices indexed from 1 to NbProducts)
//NbVerticesIntersections
36
//DepartingDepot
0
//ArrivalDepot
66
//Arcs
//Start End Distance
0 30 120
1 4 13
1 32 115
2 12 52
2 15 52
3 28 104
3 40 323
4 1 13
4 17 455
5 18 533
5 50 245
6 42 427
6 43 414
7 15 117
7 31 271
8 11 208
8 22 26
9 20 65
9 30 258
10 28 156
10 41 258
11 8 208
11 37 375
12 2 52
12 20 26
13 63 804
13 64 37
14 26 234
14 29 195
15 2 52
15 7 117
16 48 791
16 49 50
17 4 455
17 31 258
18 5 533
18 49 63
19 21 91
19 64 661
20 9 65
20 12 26
21 19 91
21 65 89
22 8 26
22 36 232
23 37 310
23 38 531
24 51 687
24 52 154
25 29 169
25 35 128
26 14 234
26 34 115
27 33 63
27 34 778
28 3 104
28 10 156
29 14 195
29 25 169
30 9 258
30 33 48
30 66 120
31 7 271
31 17 258
31 34 48
32 1 115
32 35 48
33 27 63
33 30 48
33 36 48
34 26 115
34 27 778
34 31 48
34 37 48
35 25 128
35 32 48
35 38 48
36 22 232
36 33 48
36 39 48
37 11 375
37 23 310
37 34 48
37 40 48
38 23 531
38 35 48
38 41 48
39 36 48
39 40 841
39 42 48
40 3 323
40 37 48
40 39 841
40 43 48
41 10 258
41 38 48
41 44 48
42 6 427
42 39 48
42 45 48
43 6 414
43 40 48
43 44 841
43 46 48
44 41 48
44 43 841
44 47 48
45 42 48
45 46 841
45 48 48
46 43 48
46 45 841
46 47 841
46 49 48
47 44 48
47 46 841
47 50 48
48 16 791
48 45 48
48 51 48
49 16 50
49 18 63
49 46 48
49 52 48
50 5 245
50 47 48
50 53 48
51 24 687
51 48 48
51 54 48
52 24 154
52 49 48
52 53 841
52 55 48
53 50 48
53 52 841
53 56 48
54 51 48
54 55 841
54 57 48
55 52 48
55 54 841
55 56 841
55 58 48
56 53 48
56 55 841
56 59 48
57 54 48
57 58 841
57 60 48
58 55 48
58 57 841
58 59 841
58 61 48
59 56 48
59 58 841
59 62 48
60 57 48
60 61 841
60 63 48
61 58 48
61 60 841
61 62 841
61 64 48
62 59 48
62 61 841
62 65 48
63 13 804
63 60 48
64 13 37
64 19 661
64 61 48
65 21 89
65 62 48
//LocStart LocEnd ShortestPath
0 0 0
0 1 1687
0 2 521
0 3 1428
0 4 1674
0 5 1845
0 6 739
0 7 690
0 8 474
0 9 378
0 10 1688
0 11 682
0 12 469
0 13 1452
0 14 1358
0 15 573
0 16 1199
0 17 1219
0 18 1312
0 19 2150
0 20 443
0 21 2241
0 22 448
0 23 1367
0 24 1143
0 25 1722
0 26 1124
0 27 231
0 28 1532
0 29 1553
0 30 120
0 31 961
0 32 1802
0 33 168
0 34 1009
0 35 1850
0 36 216
0 37 1057
0 38 1898
0 39 264
0 40 1105
0 41 1946
0 42 312
0 43 1153
0 44 1994
0 45 360
0 46 1201
0 47 2042
0 48 408
0 49 1249
0 50 2090
0 51 456
0 52 1297
0 53 2138
0 54 504
0 55 1345
0 56 2186
0 57 552
0 58 1393
0 59 2234
0 60 600
0 61 1441
0 62 2282
0 63 648
0 64 1489
0 65 2330
0 66 0
1 0 1687
1 1 0
1 2 1166
1 3 777
1 4 13
1 5 648
1 6 1332
1 7 997
1 8 1405
1 9 1309
1 10 517
1 11 1197
1 12 1218
1 13 1291
1 14 655
1 15 1114
1 16 1064
1 17 468
1 18 1077
1 19 823
1 20 1244
1 21 732
1 22 1431
1 23 742
1 24 1216
1 25 291
1 26 889
1 27 1552
1 28 673
1 29 460
1 30 1567
1 31 726
1 32 115
1 33 1615
1 34 774
1 35 163
1 36 1663
1 37 822
1 38 211
1 39 1711
1 40 870
1 41 259
1 42 1759
1 43 918
1 44 307
1 45 1807
1 46 966
1 47 355
1 48 1855
1 49 1014
1 50 403
1 51 1903
1 52 1062
1 53 451
1 54 1951
1 55 1110
1 56 499
1 57 1999
1 58 1158
1 59 547
1 60 2047
1 61 1206
1 62 595
1 63 2095
1 64 1254
1 65 643
1 66 1687
2 0 521
2 1 1166
2 2 0
2 3 907
2 4 1153
2 5 1324
2 6 1020
2 7 169
2 8 755
2 9 143
2 10 1167
2 11 911
2 12 52
2 13 1005
2 14 837
2 15 52
2 16 778
2 17 698
2 18 791
2 19 1629
2 20 78
2 21 1720
2 22 729
2 23 846
2 24 930
2 25 1201
2 26 603
2 27 512
2 28 1011
2 29 1032
2 30 401
2 31 440
2 32 1281
2 33 449
2 34 488
2 35 1329
2 36 497
2 37 536
2 38 1377
2 39 545
2 40 584
2 41 1425
2 42 593
2 43 632
2 44 1473
2 45 641
2 46 680
2 47 1521
2 48 689
2 49 728
2 50 1569
2 51 737
2 52 776
2 53 1617
2 54 785
2 55 824
2 56 1665
2 57 833
2 58 872
2 59 1713
2 60 881
2 61 920
2 62 1761
2 63 929
2 64 968
2 65 1809
2 66 521
3 0 1428
3 1 777
3 2 907
3 3 0
3 4 790
3 5 907
3 6 785
3 7 738
3 8 954
3 9 1050
3 10 260
3 11 746
3 12 959
3 13 744
3 14 768
3 15 855
3 16 517
3 17 725
3 18 530
3 19 1082
3 20 985
3 21 991
3 22 980
3 23 681
3 24 669
3 25 742
3 26 534
3 27 1197
3 28 104
3 29 911
3 30 1308
3 31 467
3 32 662
3 33 1260
3 34 419
3 35 614
3 36 1212
3 37 371
3 38 566
3 39 1164
3 40 323
3 41 518
3 42 1212
3 43 371
3 44 566
3 45 1260
3 46 419
3 47 614
3 48 1308
3 49 467
3 50 662
3 51 1356
3 52 515
3 53 710
3 54 1404
3 55 563
3 56 758
3 57 1452
3 58 611
3 59 806
3 60 1500
3 61 659
3 62 854
3 63 1548
3 64 707
3 65 902
3 66 1428
4 0 1674
4 1 13
4 2 1153
4 3 790
4 4 0
4 5 661
4 6 1319
4 7 984
4 8 1392
4 9 1296
4 10 530
4 11 1184
4 12 1205
4 13 1278
4 14 668
4 15 1101
4 16 1051
4 17 455
4 18 1064
4 19 836
4 20 1231
4 21 745
4 22 1418
4 23 755
4 24 1203
4 25 304
4 26 876
4 27 1539
4 28 686
4 29 473
4 30 1554
4 31 713
4 32 128
4 33 1602
4 34 761
4 35 176
4 36 1650
4 37 809
4 38 224
4 39 1698
4 40 857
4 41 272
4 42 1746
4 43 905
4 44 320
4 45 1794
4 46 953
4 47 368
4 48 1842
4 49 1001
4 50 416
4 51 1890
4 52 1049
4 53 464
4 54 1938
4 55 1097
4 56 512
4 57 1986
4 58 1145
4 59 560
4 60 2034
4 61 1193
4 62 608
4 63 2082
4 64 1241
4 65 656
4 66 1674
5 0 1845
5 1 648
5 2 1324
5 3 907
5 4 661
5 5 0
5 6 1106
5 7 1155
5 8 1371
5 9 1467
5 10 647
5 11 1163
5 12 1376
5 13 873
5 14 977
5 15 1272
5 16 646
5 17 1116
5 18 533
5 19 665
5 20 1402
5 21 574
5 22 1397
5 23 968
5 24 798
5 25 613
5 26 951
5 27 1614
5 28 803
5 29 782
5 30 1725
5 31 884
5 32 533
5 33 1677
5 34 836
5 35 485
5 36 1629
5 37 788
5 38 437
5 39 1581
5 40 740
5 41 389
5 42 1533
5 43 692
5 44 341
5 45 1485
5 46 644
5 47 293
5 48 1437
5 49 596
5 50 245
5 51 1485
5 52 644
5 53 293
5 54 1533
5 55 692
5 56 341
5 57 1581
5 58 740
5 59 389
5 60 1629
5 61 788
5 62 437
5 63 1677
5 64 836
5 65 485
5 66 1845
6 0 739
6 1 1332
6 2 1020
6 3 785
6 4 1319
6 5 1106
6 6 0
6 7 877
6 8 781
6 9 877
6 10 1045
6 11 885
6 12 968
6 13 787
6 14 907
6 15 994
6 16 560
6 17 864
6 18 573
6 19 1411
6 20 942
6 21 1502
6 22 755
6 23 820
6 24 712
6 25 1271
6 26 673
6 27 634
6 28 889
6 29 1102
6 30 619
6 31 606
6 32 1447
6 33 571
6 34 558
6 35 1399
6 36 523
6 37 510
6 38 1351
6 39 475
6 40 462
6 41 1303
6 42 427
6 43 414
6 44 1255
6 45 475
6 46 462
6 47 1303
6 48 523
6 49 510
6 50 1351
6 51 571
6 52 558
6 53 1399
6 54 619
6 55 606
6 56 1447
6 57 667
6 58 654
6 59 1495
6 60 715
6 61 702
6 62 1543
6 63 763
6 64 750
6 65 1591
6 66 739
7 0 690
7 1 997
7 2 169
7 3 738
7 4 984
7 5 1155
7 6 877
7 7 0
7 8 924
7 9 312
7 10 998
7 11 742
7 12 221
7 13 836
7 14 668
7 15 117
7 16 609
7 17 529
7 18 622
7 19 1460
7 20 247
7 21 1551
7 22 898
7 23 677
7 24 761
7 25 1032
7 26 434
7 27 681
7 28 842
7 29 863
7 30 570
7 31 271
7 32 1112
7 33 618
7 34 319
7 35 1160
7 36 666
7 37 367
7 38 1208
7 39 714
7 40 415
7 41 1256
7 42 762
7 43 463
7 44 1304
7 45 810
7 46 511
7 47 1352
7 48 858
7 49 559
7 50 1400
7 51 906
7 52 607
7 53 1448
7 54 954
7 55 655
7 56 1496
7 57 1002
7 58 703
7 59 1544
7 60 1050
7 61 751
7 62 1592
7 63 1098
7 64 799
7 65 1640
7 66 690
8 0 474
8 1 1405
8 2 755
8 3 954
8 4 1392
8 5 1371
8 6 781
8 7 924
8 8 0
8 9 612
8 10 1214
8 11 208
8 12 703
8 13 1052
8 14 980
8 15 807
8 16 825
8 17 937
8 18 838
8 19 1676
8 20 677
8 21 1767
8 22 26
8 23 893
8 24 977
8 25 1344
8 26 746
8 27 369
8 28 1058
8 29 1175
8 30 354
8 31 679
8 32 1520
8 33 306
8 34 631
8 35 1472
8 36 258
8 37 583
8 38 1424
8 39 306
8 40 631
8 41 1472
8 42 354
8 43 679
8 44 1520
8 45 402
8 46 727
8 47 1568
8 48 450
8 49 775
8 50 1616
8 51 498
8 52 823
8 53 1664
8 54 546
8 55 871
8 56 1712
8 57 594
8 58 919
8 59 1760
8 60 642
8 61 967
8 62 1808
8 63 690
8 64 1015
8 65 1856
8 66 474
9 0 378
9 1 1309
9 2 143
9 3 1050
9 4 1296
9 5 1467
9 6 877
9 7 312
9 8 612
9 9 0
9 10 1310
9 11 820
9 12 91
9 13 1148
9 14 980
9 15 195
9 16 921
9 17 841
9 18 934
9 19 1772
9 20 65
9 21 1863
9 22 586
9 23 989
9 24 1073
9 25 1344
9 26 746
9 27 369
9 28 1154
9 29 1175
9 30 258
9 31 583
9 32 1424
9 33 306
9 34 631
9 35 1472
9 36 354
9 37 679
9 38 1520
9 39 402
9 40 727
9 41 1568
9 42 450
9 43 775
9 44 1616
9 45 498
9 46 823
9 47 1664
9 48 546
9 49 871
9 50 1712
9 51 594
9 52 919
9 53 1760
9 54 642
9 55 967
9 56 1808
9 57 690
9 58 1015
9 59 1856
9 60 738
9 61 1063
9 62 1904
9 63 786
9 64 1111
9 65 1952
9 66 378
10 0 1688
10 1 517
10 2 1167
10 3 260
10 4 530
10 5 647
10 6 1045
10 7 998
10 8 1214
10 9 1310
10 10 0
10 11 1006
10 12 1219
10 13 1004
10 14 846
10 15 1115
10 16 777
10 17 985
10 18 790
10 19 822
10 20 1245
10 21 731
10 22 1240
10 23 837
10 24 929
10 25 482
10 26 794
10 27 1457
10 28 156
10 29 651
10 30 1568
10 31 727
10 32 402
10 33 1520
10 34 679
10 35 354
10 36 1472
10 37 631
10 38 306
10 39 1424
10 40 583
10 41 258
10 42 1472
10 43 631
10 44 306
10 45 1520
10 46 679
10 47 354
10 48 1568
10 49 727
10 50 402
10 51 1616
10 52 775
10 53 450
10 54 1664
10 55 823
10 56 498
10 57 1712
10 58 871
10 59 546
10 60 1760
10 61 919
10 62 594
10 63 1808
10 64 967
10 65 642
10 66 1688
11 0 682
11 1 1197
11 2 911
11 3 746
11 4 1184
11 5 1163
11 6 885
11 7 742
11 8 208
11 9 820
11 10 1006
11 11 0
11 12 911
11 13 844
11 14 772
11 15 859
11 16 617
11 17 729
11 18 630
11 19 1468
11 20 885
11 21 1559
11 22 234
11 23 685
11 24 769
11 25 1136
11 26 538
11 27 577
11 28 850
11 29 967
11 30 562
11 31 471
11 32 1312
11 33 514
11 34 423
11 35 1264
11 36 466
11 37 375
11 38 1216
11 39 514
11 40 423
11 41 1264
11 42 562
11 43 471
11 44 1312
11 45 610
11 46 519
11 47 1360
11 48 658
11 49 567
11 50 1408
11 51 706
11 52 615
11 53 1456
11 54 754
11 55 663
11 56 1504
11 57 802
11 58 711
11 59 1552
11 60 850
11 61 759
11 62 1600
11 63 898
11 64 807
11 65 1648
11 66 682
12 0 469
12 1 1218
12 2 52
12 3 959
12 4 1205
12 5 1376
12 6 968
12 7 221
12 8 703
12 9 91
12 10 1219
12 11 911
12 12 0
12 13 1057
12 14 889
12 15 104
12 16 830
12 17 750
12 18 843
12 19 1681
12 20 26
12 21 1772
12 22 677
12 23 898
12 24 982
12 25 1253
12 26 655
12 27 460
12 28 1063
12 29 1084
12 30 349
12 31 492
12 32 1333
12 33 397
12 34 540
12 35 1381
12 36 445
12 37 588
12 38 1429
12 39 493
12 40 636
12 41 1477
12 42 541
12 43 684
12 44 1525
12 45 589
12 46 732
12 47 1573
12 48 637
12 49 780
12 50 1621
12 51 685
12 52 828
12 53 1669
12 54 733
12 55 876
12 56 1717
12 57 781
12 58 924
12 59 1765
12 60 829
12 61 972
12 62 1813
12 63 877
12 64 1020
12 65 1861
12 66 469
13 0 1452
13 1 1291
13 2 1005
13 3 744
13 4 1278
13 5 873
13 6 787
13 7 836
13 8 1052
13 9 1148
13 10 1004
13 11 844
13 12 1057
13 13 0
13 14 866
13 15 953
13 16 327
13 17 823
13 18 340
13 19 698
13 20 1083
13 21 789
13 22 1078
13 23 779
13 24 383
13 25 1230
13 26 632
13 27 1295
13 28 848
13 29 1061
13 30 1332
13 31 565
13 32 1406
13 33 1284
13 34 517
13 35 1358
13 36 1236
13 37 469
13 38 1310
13 39 1188
13 40 421
13 41 1262
13 42 1140
13 43 373
13 44 1214
13 45 1092
13 46 325
13 47 1166
13 48 1044
13 49 277
13 50 1118
13 51 996
13 52 229
13 53 1070
13 54 948
13 55 181
13 56 1022
13 57 900
13 58 133
13 59 974
13 60 852
13 61 85
13 62 926
13 63 804
13 64 37
13 65 878
13 66 1452
14 0 1358
14 1 655
14 2 837
14 3 768
14 4 668
14 5 977
14 6 907
14 7 668
14 8 980
14 9 980
14 10 846
14 11 772
14 12 889
14 13 866
14 14 0
14 15 785
14 16 639
14 17 655
14 18 652
14 19 1152
14 20 915
14 21 1061
14 22 1006
14 23 707
14 24 791
14 25 364
14 26 234
14 27 1127
14 28 872
14 29 195
14 30 1238
14 31 397
14 32 540
14 33 1190
14 34 349
14 35 492
14 36 1238
14 37 397
14 38 540
14 39 1286
14 40 445
14 41 588
14 42 1334
14 43 493
14 44 636
14 45 1382
14 46 541
14 47 684
14 48 1430
14 49 589
14 50 732
14 51 1478
14 52 637
14 53 780
14 54 1526
14 55 685
14 56 828
14 57 1574
14 58 733
14 59 876
14 60 1622
14 61 781
14 62 924
14 63 1670
14 64 829
14 65 972
14 66 1358
15 0 573
15 1 1114
15 2 52
15 3 855
15 4 1101
15 5 1272
15 6 994
15 7 117
15 8 807
15 9 195
15 10 1115
15 11 859
15 12 104
15 13 953
15 14 785
15 15 0
15 16 726
15 17 646
15 18 739
15 19 1577
15 20 130
15 21 1668
15 22 781
15 23 794
15 24 878
15 25 1149
15 26 551
15 27 564
15 28 959
15 29 980
15 30 453
15 31 388
15 32 1229
15 33 501
15 34 436
15 35 1277
15 36 549
15 37 484
15 38 1325
15 39 597
15 40 532
15 41 1373
15 42 645
15 43 580
15 44 1421
15 45 693
15 46 628
15 47 1469
15 48 741
15 49 676
15 50 1517
15 51 789
15 52 724
15 53 1565
15 54 837
15 55 772
15 56 1613
15 57 885
15 58 820
15 59 1661
15 60 933
15 61 868
15 62 1709
15 63 981
15 64 916
15 65 1757
15 66 573
16 0 1199
16 1 1064
16 2 778
16 3 517
16 4 1051
16 5 646
16 6 560
16 7 609
16 8 825
16 9 921
16 10 777
16 11 617
16 12 830
16 13 327
16 14 639
16 15 726
16 16 0
16 17 596
16 18 113
16 19 951
16 20 856
16 21 1042
16 22 851
16 23 552
16 24 252
16 25 1003
16 26 405
16 27 1068
16 28 621
16 29 834
16 30 1079
16 31 338
16 32 1179
16 33 1031
16 34 290
16 35 1131
16 36 983
16 37 242
16 38 1083
16 39 935
16 40 194
16 41 1035
16 42 887
16 43 146
16 44 987
16 45 839
16 46 98
16 47 939
16 48 791
16 49 50
16 50 891
16 51 839
16 52 98
16 53 939
16 54 887
16 55 146
16 56 987
16 57 935
16 58 194
16 59 1035
16 60 983
16 61 242
16 62 1083
16 63 1031
16 64 290
16 65 1131
16 66 1199
17 0 1219
17 1 468
17 2 698
17 3 725
17 4 455
17 5 1116
17 6 864
17 7 529
17 8 937
17 9 841
17 10 985
17 11 729
17 12 750
17 13 823
17 14 655
17 15 646
17 16 596
17 17 0
17 18 609
17 19 1291
17 20 776
17 21 1200
17 22 963
17 23 664
17 24 748
17 25 759
17 26 421
17 27 1084
17 28 829
17 29 850
17 30 1099
17 31 258
17 32 583
17 33 1147
17 34 306
17 35 631
17 36 1195
17 37 354
17 38 679
17 39 1243
17 40 402
17 41 727
17 42 1291
17 43 450
17 44 775
17 45 1339
17 46 498
17 47 823
17 48 1387
17 49 546
17 50 871
17 51 1435
17 52 594
17 53 919
17 54 1483
17 55 642
17 56 967
17 57 1531
17 58 690
17 59 1015
17 60 1579
17 61 738
17 62 1063
17 63 1627
17 64 786
17 65 1111
17 66 1219
18 0 1312
18 1 1077
18 2 791
18 3 530
18 4 1064
18 5 533
18 6 573
18 7 622
18 8 838
18 9 934
18 10 790
18 11 630
18 12 843
18 13 340
18 14 652
18 15 739
18 16 113
18 17 609
18 18 0
18 19 964
18 20 869
18 21 1055
18 22 864
18 23 565
18 24 265
18 25 1016
18 26 418
18 27 1081
18 28 634
18 29 847
18 30 1192
18 31 351
18 32 1066
18 33 1144
18 34 303
18 35 1018
18 36 1096
18 37 255
18 38 970
18 39 1048
18 40 207
18 41 922
18 42 1000
18 43 159
18 44 874
18 45 952
18 46 111
18 47 826
18 48 904
18 49 63
18 50 778
18 51 952
18 52 111
18 53 826
18 54 1000
18 55 159
18 56 874
18 57 1048
18 58 207
18 59 922
18 60 1096
18 61 255
18 62 970
18 63 1144
18 64 303
18 65 1018
18 66 1312
19 0 2150
19 1 823
19 2 1629
19 3 1082
19 4 836
19 5 665
19 6 1411
19 7 1460
19 8 1676
19 9 1772
19 10 822
19 11 1468
19 12 1681
19 13 698
19 14 1152
19 15 1577
19 16 951
19 17 1291
19 18 964
19 19 0
19 20 1707
19 21 91
19 22 1702
19 23 1143
19 24 1007
19 25 788
19 26 1256
19 27 1919
19 28 978
19 29 957
19 30 2030
19 31 1189
19 32 708
19 33 1982
19 34 1141
19 35 660
19 36 1934
19 37 1093
19 38 612
19 39 1886
19 40 1045
19 41 564
19 42 1838
19 43 997
19 44 516
19 45 1790
19 46 949
19 47 468
19 48 1742
19 49 901
19 50 420
19 51 1694
19 52 853
19 53 372
19 54 1646
19 55 805
19 56 324
19 57 1598
19 58 757
19 59 276
19 60 1550
19 61 709
19 62 228
19 63 1502
19 64 661
19 65 180
19 66 2150
20 0 443
20 1 1244
20 2 78
20 3 985
20 4 1231
20 5 1402
20 6 942
20 7 247
20 8 677
20 9 65
20 10 1245
20 11 885
20 12 26
20 13 1083
20 14 915
20 15 130
20 16 856
20 17 776
20 18 869
20 19 1707
20 20 0
20 21 1798
20 22 651
20 23 924
20 24 1008
20 25 1279
20 26 681
20 27 434
20 28 1089
20 29 1110
20 30 323
20 31 518
20 32 1359
20 33 371
20 34 566
20 35 1407
20 36 419
20 37 614
20 38 1455
20 39 467
20 40 662
20 41 1503
20 42 515
20 43 710
20 44 1551
20 45 563
20 46 758
20 47 1599
20 48 611
20 49 806
20 50 1647
20 51 659
20 52 854
20 53 1695
20 54 707
20 55 902
20 56 1743
20 57 755
20 58 950
20 59 1791
20 60 803
20 61 998
20 62 1839
20 63 851
20 64 1046
20 65 1887
20 66 443
21 0 2241
21 1 732
21 2 1720
21 3 991
21 4 745
21 5 574
21 6 1502
21 7 1551
21 8 1767
21 9 1863
21 10 731
21 11 1559
21 12 1772
21 13 789
21 14 1061
21 15 1668
21 16 1042
21 17 1200
21 18 1055
21 19 91
21 20 1798
21 21 0
21 22 1793
21 23 1052
21 24 1098
21 25 697
21 26 1295
21 27 2010
21 28 887
21 29 866
21 30 2121
21 31 1280
21 32 617
21 33 2073
21 34 1232
21 35 569
21 36 2025
21 37 1184
21 38 521
21 39 1977
21 40 1136
21 41 473
21 42 1929
21 43 1088
21 44 425
21 45 1881
21 46 1040
21 47 377
21 48 1833
21 49 992
21 50 329
21 51 1785
21 52 944
21 53 281
21 54 1737
21 55 896
21 56 233
21 57 1689
21 58 848
21 59 185
21 60 1641
21 61 800
21 62 137
21 63 1593
21 64 752
21 65 89
21 66 2241
22 0 448
22 1 1431
22 2 729
22 3 980
22 4 1418
22 5 1397
22 6 755
22 7 898
22 8 26
22 9 586
22 10 1240
22 11 234
22 12 677
22 13 1078
22 14 1006
22 15 781
22 16 851
22 17 963
22 18 864
22 19 1702
22 20 651
22 21 1793
22 22 0
22 23 919
22 24 1003
22 25 1370
22 26 772
22 27 343
22 28 1084
22 29 1201
22 30 328
22 31 705
22 32 1546
22 33 280
22 34 657
22 35 1498
22 36 232
22 37 609
22 38 1450
22 39 280
22 40 657
22 41 1498
22 42 328
22 43 705
22 44 1546
22 45 376
22 46 753
22 47 1594
22 48 424
22 49 801
22 50 1642
22 51 472
22 52 849
22 53 1690
22 54 520
22 55 897
22 56 1738
22 57 568
22 58 945
22 59 1786
22 60 616
22 61 993
22 62 1834
22 63 664
22 64 1041
22 65 1882
22 66 448
23 0 1367
23 1 742
23 2 846
23 3 681
23 4 755
23 5 968
23 6 820
23 7 677
23 8 893
23 9 989
23 10 837
23 11 685
23 12 898
23 13 779
23 14 707
23 15 794
23 16 552
23 17 664
23 18 565
23 19 1143
23 20 924
23 21 1052
23 22 919
23 23 0
23 24 704
23 25 707
23 26 473
23 27 1136
23 28 785
23 29 876
23 30 1247
23 31 406
23 32 627
23 33 1199
23 34 358
23 35 579
23 36 1151
23 37 310
23 38 531
23 39 1199
23 40 358
23 41 579
23 42 1247
23 43 406
23 44 627
23 45 1295
23 46 454
23 47 675
23 48 1343
23 49 502
23 50 723
23 51 1391
23 52 550
23 53 771
23 54 1439
23 55 598
23 56 819
23 57 1487
23 58 646
23 59 867
23 60 1535
23 61 694
23 62 915
23 63 1583
23 64 742
23 65 963
23 66 1367
24 0 1143
24 1 1216
24 2 930
24 3 669
24 4 1203
24 5 798
24 6 712
24 7 761
24 8 977
24 9 1073
24 10 929
24 11 769
24 12 982
24 13 383
24 14 791
24 15 878
24 16 252
24 17 748
24 18 265
24 19 1007
24 20 1008
24 21 1098
24 22 1003
24 23 704
24 24 0
24 25 1155
24 26 557
24 27 1038
24 28 773
24 29 986
24 30 1023
24 31 490
24 32 1331
24 33 975
24 34 442
24 35 1283
24 36 927
24 37 394
24 38 1235
24 39 879
24 40 346
24 41 1187
24 42 831
24 43 298
24 44 1139
24 45 783
24 46 250
24 47 1091
24 48 735
24 49 202
24 50 1043
24 51 687
24 52 154
24 53 995
24 54 735
24 55 202
24 56 1043
24 57 783
24 58 250
24 59 1091
24 60 831
24 61 298
24 62 1139
24 63 879
24 64 346
24 65 1187
24 66 1143
25 0 1722
25 1 291
25 2 1201
25 3 742
25 4 304
25 5 613
25 6 1271
25 7 1032
25 8 1344
25 9 1344
25 10 482
25 11 1136
25 12 1253
25 13 1230
25 14 364
25 15 1149
25 16 1003
25 17 759
25 18 1016
25 19 788
25 20 1279
25 21 697
25 22 1370
25 23 707
25 24 1155
25 25 0
25 26 598
25 27 1491
25 28 638
25 29 169
25 30 1602
25 31 761
25 32 176
25 33 1554
25 34 713
25 35 128
25 36 1602
25 37 761
25 38 176
25 39 1650
25 40 809
25 41 224
25 42 1698
25 43 857
25 44 272
25 45 1746
25 46 905
25 47 320
25 48 1794
25 49 953
25 50 368
25 51 1842
25 52 1001
25 53 416
25 54 1890
25 55 1049
25 56 464
25 57 1938
25 58 1097
25 59 512
25 60 1986
25 61 1145
25 62 560
25 63 2034
25 64 1193
25 65 608
25 66 1722
26 0 1124
26 1 889
26 2 603
26 3 534
26 4 876
26 5 951
26 6 673
26 7 434
26 8 746
26 9 746
26 10 794
26 11 538
26 12 655
26 13 632
26 14 234
26 15 551
26 16 405
26 17 421
26 18 418
26 19 1256
26 20 681
26 21 1295
26 22 772
26 23 473
26 24 557
26 25 598
26 26 0
26 27 893
26 28 638
26 29 429
26 30 1004
26 31 163
26 32 774
26 33 956
26 34 115
26 35 726
26 36 1004
26 37 163
26 38 774
26 39 1052
26 40 211
26 41 822
26 42 1100
26 43 259
26 44 870
26 45 1148
26 46 307
26 47 918
26 48 1196
26 49 355
26 50 966
26 51 1244
26 52 403
26 53 1014
26 54 1292
26 55 451
26 56 1062
26 57 1340
26 58 499
26 59 1110
26 60 1388
26 61 547
26 62 1158
26 63 1436
26 64 595
26 65 1206
26 66 1124
27 0 231
27 1 1552
27 2 512
27 3 1197
27 4 1539
27 5 1614
27 6 634
27 7 681
27 8 369
27 9 369
27 10 1457
27 11 577
27 12 460
27 13 1295
27 14 1127
27 15 564
27 16 1068
27 17 1084
27 18 1081
27 19 1919
27 20 434
27 21 2010
27 22 343
27 23 1136
27 24 1038
27 25 1491
27 26 893
27 27 0
27 28 1301
27 29 1322
27 30 111
27 31 826
27 32 1667
27 33 63
27 34 778
27 35 1619
27 36 111
27 37 826
27 38 1667
27 39 159
27 40 874
27 41 1715
27 42 207
27 43 922
27 44 1763
27 45 255
27 46 970
27 47 1811
27 48 303
27 49 1018
27 50 1859
27 51 351
27 52 1066
27 53 1907
27 54 399
27 55 1114
27 56 1955
27 57 447
27 58 1162
27 59 2003
27 60 495
27 61 1210
27 62 2051
27 63 543
27 64 1258
27 65 2099
27 66 231
28 0 1532
28 1 673
28 2 1011
28 3 104
28 4 686
28 5 803
28 6 889
28 7 842
28 8 1058
28 9 1154
28 10 156
28 11 850
28 12 1063
28 13 848
28 14 872
28 15 959
28 16 621
28 17 829
28 18 634
28 19 978
28 20 1089
28 21 887
28 22 1084
28 23 785
28 24 773
28 25 638
28 26 638
28 27 1301
28 28 0
28 29 807
28 30 1412
28 31 571
28 32 558
28 33 1364
28 34 523
28 35 510
28 36 1316
28 37 475
28 38 462
28 39 1268
28 40 427
28 41 414
28 42 1316
28 43 475
28 44 462
28 45 1364
28 46 523
28 47 510
28 48 1412
28 49 571
28 50 558
28 51 1460
28 52 619
28 53 606
28 54 1508
28 55 667
28 56 654
28 57 1556
28 58 715
28 59 702
28 60 1604
28 61 763
28 62 750
28 63 1652
28 64 811
28 65 798
28 66 1532
29 0 1553
29 1 460
29 2 1032
29 3 911
29 4 473
29 5 782
29 6 1102
29 7 863
29 8 1175
29 9 1175
29 10 651
29 11 967
29 12 1084
29 13 1061
29 14 195
29 15 980
29 16 834
29 17 850
29 18 847
29 19 957
29 20 1110
29 21 866
29 22 1201
29 23 876
29 24 986
29 25 169
29 26 429
29 27 1322
29 28 807
29 29 0
29 30 1433
29 31 592
29 32 345
29 33 1385
29 34 544
29 35 297
29 36 1433
29 37 592
29 38 345
29 39 1481
29 40 640
29 41 393
29 42 1529
29 43 688
29 44 441
29 45 1577
29 46 736
29 47 489
29 48 1625
29 49 784
29 50 537
29 51 1673
29 52 832
29 53 585
29 54 1721
29 55 880
29 56 633
29 57 1769
29 58 928
29 59 681
29 60 1817
29 61 976
29 62 729
29 63 1865
29 64 1024
29 65 777
29 66 1553
30 0 120
30 1 1567
30 2 401
30 3 1308
30 4 1554
30 5 1725
30 6 619
30 7 570
30 8 354
30 9 258
30 10 1568
30 11 562
30 12 349
30 13 1332
30 14 1238
30 15 453
30 16 1079
30 17 1099
30 18 1192
30 19 2030
30 20 323
30 21 2121
30 22 328
30 23 1247
30 24 1023
30 25 1602
30 26 1004
30 27 111
30 28 1412
30 29 1433
30 30 0
30 31 841
30 32 1682
30 33 48
30 34 889
30 35 1730
30 36 96
30 37 937
30 38 1778
30 39 144
30 40 985
30 41 1826
30 42 192
30 43 1033
30 44 1874
30 45 240
30 46 1081
30 47 1922
30 48 288
30 49 1129
30 50 1970
30 51 336
30 52 1177
30 53 2018
30 54 384
30 55 1225
30 56 2066
30 57 432
30 58 1273
30 59 2114
30 60 480
30 61 1321
30 62 2162
30 63 528
30 64 1369
30 65 2210
30 66 120
31 0 961
31 1 726
31 2 440
31 3 467
31 4 713
31 5 884
31 6 606
31 7 271
31 8 679
31 9 583
31 10 727
31 11 471
31 12 492
31 13 565
31 14 397
31 15 388
31 16 338
31 17 258
31 18 351
31 19 1189
31 20 518
31 21 1280
31 22 705
31 23 406
31 24 490
31 25 761
31 26 163
31 27 826
31 28 571
31 29 592
31 30 841
31 31 0
31 32 841
31 33 889
31 34 48
31 35 889
31 36 937
31 37 96
31 38 937
31 39 985
31 40 144
31 41 985
31 42 1033
31 43 192
31 44 1033
31 45 1081
31 46 240
31 47 1081
31 48 1129
31 49 288
31 50 1129
31 51 1177
31 52 336
31 53 1177
31 54 1225
31 55 384
31 56 1225
31 57 1273
31 58 432
31 59 1273
31 60 1321
31 61 480
31 62 1321
31 63 1369
31 64 528
31 65 1369
31 66 961
32 0 1802
32 1 115
32 2 1281
32 3 662
32 4 128
32 5 533
32 6 1447
32 7 1112
32 8 1520
32 9 1424
32 10 402
32 11 1312
32 12 1333
32 13 1406
32 14 540
32 15 1229
32 16 1179
32 17 583
32 18 1066
32 19 708
32 20 1359
32 21 617
32 22 1546
32 23 627
32 24 1331
32 25 176
32 26 774
32 27 1667
32 28 558
32 29 345
32 30 1682
32 31 841
32 32 0
32 33 1730
32 34 889
32 35 48
32 36 1778
32 37 937
32 38 96
32 39 1826
32 40 985
32 41 144
32 42 1874
32 43 1033
32 44 192
32 45 1922
32 46 1081
32 47 240
32 48 1970
32 49 1129
32 50 288
32 51 2018
32 52 1177
32 53 336
32 54 2066
32 55 1225
32 56 384
32 57 2114
32 58 1273
32 59 432
32 60 2162
32 61 1321
32 62 480
32 63 2210
32 64 1369
32 65 528
32 66 1802
33 0 168
33 1 1615
33 2 449
33 3 1260
33 4 1602
33 5 1677
33 6 571
33 7 618
33 8 306
33 9 306
33 10 1520
33 11 514
33 12 397
33 13 1284
33 14 1190
33 15 501
33 16 1031
33 17 1147
33 18 1144
33 19 1982
33 20 371
33 21 2073
33 22 280
33 23 1199
33 24 975
33 25 1554
33 26 956
33 27 63
33 28 1364
33 29 1385
33 30 48
33 31 889
33 32 1730
33 33 0
33 34 841
33 35 1682
33 36 48
33 37 889
33 38 1730
33 39 96
33 40 937
33 41 1778
33 42 144
33 43 985
33 44 1826
33 45 192
33 46 1033
33 47 1874
33 48 240
33 49 1081
33 50 1922
33 51 288
33 52 1129
33 53 1970
33 54 336
33 55 1177
33 56 2018
33 57 384
33 58 1225
33 59 2066
33 60 432
33 61 1273
33 62 2114
33 63 480
33 64 1321
33 65 2162
33 66 168
34 0 1009
34 1 774
34 2 488
34 3 419
34 4 761
34 5 836
34 6 558
34 7 319
34 8 631
34 9 631
34 10 679
34 11 423
34 12 540
34 13 517
34 14 349
34 15 436
34 16 290
34 17 306
34 18 303
34 19 1141
34 20 566
34 21 1232
34 22 657
34 23 358
34 24 442
34 25 713
34 26 115
34 27 778
34 28 523
34 29 544
34 30 889
34 31 48
34 32 889
34 33 841
34 34 0
34 35 841
34 36 889
34 37 48
34 38 889
34 39 937
34 40 96
34 41 937
34 42 985
34 43 144
34 44 985
34 45 1033
34 46 192
34 47 1033
34 48 1081
34 49 240
34 50 1081
34 51 1129
34 52 288
34 53 1129
34 54 1177
34 55 336
34 56 1177
34 57 1225
34 58 384
34 59 1225
34 60 1273
34 61 432
34 62 1273
34 63 1321
34 64 480
34 65 1321
34 66 1009
35 0 1850
35 1 163
35 2 1329
35 3 614
35 4 176
35 5 485
35 6 1399
35 7 1160
35 8 1472
35 9 1472
35 10 354
35 11 1264
35 12 1381
35 13 1358
35 14 492
35 15 1277
35 16 1131
35 17 631
35 18 1018
35 19 660
35 20 1407
35 21 569
35 22 1498
35 23 579
35 24 1283
35 25 128
35 26 726
35 27 1619
35 28 510
35 29 297
35 30 1730
35 31 889
35 32 48
35 33 1682
35 34 841
35 35 0
35 36 1730
35 37 889
35 38 48
35 39 1778
35 40 937
35 41 96
35 42 1826
35 43 985
35 44 144
35 45 1874
35 46 1033
35 47 192
35 48 1922
35 49 1081
35 50 240
35 51 1970
35 52 1129
35 53 288
35 54 2018
35 55 1177
35 56 336
35 57 2066
35 58 1225
35 59 384
35 60 2114
35 61 1273
35 62 432
35 63 2162
35 64 1321
35 65 480
35 66 1850
36 0 216
36 1 1663
36 2 497
36 3 1212
36 4 1650
36 5 1629
36 6 523
36 7 666
36 8 258
36 9 354
36 10 1472
36 11 466
36 12 445
36 13 1236
36 14 1238
36 15 549
36 16 983
36 17 1195
36 18 1096
36 19 1934
36 20 419
36 21 2025
36 22 232
36 23 1151
36 24 927
36 25 1602
36 26 1004
36 27 111
36 28 1316
36 29 1433
36 30 96
36 31 937
36 32 1778
36 33 48
36 34 889
36 35 1730
36 36 0
36 37 841
36 38 1682
36 39 48
36 40 889
36 41 1730
36 42 96
36 43 937
36 44 1778
36 45 144
36 46 985
36 47 1826
36 48 192
36 49 1033
36 50 1874
36 51 240
36 52 1081
36 53 1922
36 54 288
36 55 1129
36 56 1970
36 57 336
36 58 1177
36 59 2018
36 60 384
36 61 1225
36 62 2066
36 63 432
36 64 1273
36 65 2114
36 66 216
37 0 1057
37 1 822
37 2 536
37 3 371
37 4 809
37 5 788
37 6 510
37 7 367
37 8 583
37 9 679
37 10 631
37 11 375
37 12 588
37 13 469
37 14 397
37 15 484
37 16 242
37 17 354
37 18 255
37 19 1093
37 20 614
37 21 1184
37 22 609
37 23 310
37 24 394
37 25 761
37 26 163
37 27 826
37 28 475
37 29 592
37 30 937
37 31 96
37 32 937
37 33 889
37 34 48
37 35 889
37 36 841
37 37 0
37 38 841
37 39 889
37 40 48
37 41 889
37 42 937
37 43 96
37 44 937
37 45 985
37 46 144
37 47 985
37 48 1033
37 49 192
37 50 1033
37 51 1081
37 52 240
37 53 1081
37 54 1129
37 55 288
37 56 1129
37 57 1177
37 58 336
37 59 1177
37 60 1225
37 61 384
37 62 1225
37 63 1273
37 64 432
37 65 1273
37 66 1057
38 0 1898
38 1 211
38 2 1377
38 3 566
38 4 224
38 5 437
38 6 1351
38 7 1208
38 8 1424
38 9 1520
38 10 306
38 11 1216
38 12 1429
38 13 1310
38 14 540
38 15 1325
38 16 1083
38 17 679
38 18 970
38 19 612
38 20 1455
38 21 521
38 22 1450
38 23 531
38 24 1235
38 25 176
38 26 774
38 27 1667
38 28 462
38 29 345
38 30 1778
38 31 937
38 32 96
38 33 1730
38 34 889
38 35 48
38 36 1682
38 37 841
38 38 0
38 39 1730
38 40 889
38 41 48
38 42 1778
38 43 937
38 44 96
38 45 1826
38 46 985
38 47 144
38 48 1874
38 49 1033
38 50 192
38 51 1922
38 52 1081
38 53 240
38 54 1970
38 55 1129
38 56 288
38 57 2018
38 58 1177
38 59 336
38 60 2066
38 61 1225
38 62 384
38 63 2114
38 64 1273
38 65 432
38 66 1898
39 0 264
39 1 1711
39 2 545
39 3 1164
39 4 1698
39 5 1581
39 6 475
39 7 714
39 8 306
39 9 402
39 10 1424
39 11 514
39 12 493
39 13 1188
39 14 1286
39 15 597
39 16 935
39 17 1243
39 18 1048
39 19 1886
39 20 467
39 21 1977
39 22 280
39 23 1199
39 24 879
39 25 1650
39 26 1052
39 27 159
39 28 1268
39 29 1481
39 30 144
39 31 985
39 32 1826
39 33 96
39 34 937
39 35 1778
39 36 48
39 37 889
39 38 1730
39 39 0
39 40 841
39 41 1682
39 42 48
39 43 889
39 44 1730
39 45 96
39 46 937
39 47 1778
39 48 144
39 49 985
39 50 1826
39 51 192
39 52 1033
39 53 1874
39 54 240
39 55 1081
39 56 1922
39 57 288
39 58 1129
39 59 1970
39 60 336
39 61 1177
39 62 2018
39 63 384
39 64 1225
39 65 2066
39 66 264
40 0 1105
40 1 870
40 2 584
40 3 323
40 4 857
40 5 740
40 6 462
40 7 415
40 8 631
40 9 727
40 10 583
40 11 423
40 12 636
40 13 421
40 14 445
40 15 532
40 16 194
40 17 402
40 18 207
40 19 1045
40 20 662
40 21 1136
40 22 657
40 23 358
40 24 346
40 25 809
40 26 211
40 27 874
40 28 427
40 29 640
40 30 985
40 31 144
40 32 985
40 33 937
40 34 96
40 35 937
40 36 889
40 37 48
40 38 889
40 39 841
40 40 0
40 41 841
40 42 889
40 43 48
40 44 889
40 45 937
40 46 96
40 47 937
40 48 985
40 49 144
40 50 985
40 51 1033
40 52 192
40 53 1033
40 54 1081
40 55 240
40 56 1081
40 57 1129
40 58 288
40 59 1129
40 60 1177
40 61 336
40 62 1177
40 63 1225
40 64 384
40 65 1225
40 66 1105
41 0 1946
41 1 259
41 2 1425
41 3 518
41 4 272
41 5 389
41 6 1303
41 7 1256
41 8 1472
41 9 1568
41 10 258
41 11 1264
41 12 1477
41 13 1262
41 14 588
41 15 1373
41 16 1035
41 17 727
41 18 922
41 19 564
41 20 1503
41 21 473
41 22 1498
41 23 579
41 24 1187
41 25 224
41 26 822
41 27 1715
41 28 414
41 29 393
41 30 1826
41 31 985
41 32 144
41 33 1778
41 34 937
41 35 96
41 36 1730
41 37 889
41 38 48
41 39 1682
41 40 841
41 41 0
41 42 1730
41 43 889
41 44 48
41 45 1778
41 46 937
41 47 96
41 48 1826
41 49 985
41 50 144
41 51 1874
41 52 1033
41 53 192
41 54 1922
41 55 1081
41 56 240
41 57 1970
41 58 1129
41 59 288
41 60 2018
41 61 1177
41 62 336
41 63 2066
41 64 1225
41 65 384
41 66 1946
42 0 312
42 1 1759
42 2 593
42 3 1212
42 4 1746
42 5 1533
42 6 427
42 7 762
42 8 354
42 9 450
42 10 1472
42 11 562
42 12 541
42 13 1140
42 14 1334
42 15 645
42 16 887
42 17 1291
42 18 1000
42 19 1838
42 20 515
42 21 1929
42 22 328
42 23 1247
42 24 831
42 25 1698
42 26 1100
42 27 207
42 28 1316
42 29 1529
42 30 192
42 31 1033
42 32 1874
42 33 144
42 34 985
42 35 1826
42 36 96
42 37 937
42 38 1778
42 39 48
42 40 889
42 41 1730
42 42 0
42 43 841
42 44 1682
42 45 48
42 46 889
42 47 1730
42 48 96
42 49 937
42 50 1778
42 51 144
42 52 985
42 53 1826
42 54 192
42 55 1033
42 56 1874
42 57 240
42 58 1081
42 59 1922
42 60 288
42 61 1129
42 62 1970
42 63 336
42 64 1177
42 65 2018
42 66 312
43 0 1153
43 1 918
43 2 632
43 3 371
43 4 905
43 5 692
43 6 414
43 7 463
43 8 679
43 9 775
43 10 631
43 11 471
43 12 684
43 13 373
43 14 493
43 15 580
43 16 146
43 17 450
43 18 159
43 19 997
43 20 710
43 21 1088
43 22 705
43 23 406
43 24 298
43 25 857
43 26 259
43 27 922
43 28 475
43 29 688
43 30 1033
43 31 192
43 32 1033
43 33 985
43 34 144
43 35 985
43 36 937
43 37 96
43 38 937
43 39 889
43 40 48
43 41 889
43 42 841
43 43 0
43 44 841
43 45 889
43 46 48
43 47 889
43 48 937
43 49 96
43 50 937
43 51 985
43 52 144
43 53 985
43 54 1033
43 55 192
43 56 1033
43 57 1081
43 58 240
43 59 1081
43 60 1129
43 61 288
43 62 1129
43 63 1177
43 64 336
43 65 1177
43 66 1153
44 0 1994
44 1 307
44 2 1473
44 3 566
44 4 320
44 5 341
44 6 1255
44 7 1304
44 8 1520
44 9 1616
44 10 306
44 11 1312
44 12 1525
44 13 1214
44 14 636
44 15 1421
44 16 987
44 17 775
44 18 874
44 19 516
44 20 1551
44 21 425
44 22 1546
44 23 627
44 24 1139
44 25 272
44 26 870
44 27 1763
44 28 462
44 29 441
44 30 1874
44 31 1033
44 32 192
44 33 1826
44 34 985
44 35 144
44 36 1778
44 37 937
44 38 96
44 39 1730
44 40 889
44 41 48
44 42 1682
44 43 841
44 44 0
44 45 1730
44 46 889
44 47 48
44 48 1778
44 49 937
44 50 96
44 51 1826
44 52 985
44 53 144
44 54 1874
44 55 1033
44 56 192
44 57 1922
44 58 1081
44 59 240
44 60 1970
44 61 1129
44 62 288
44 63 2018
44 64 1177
44 65 336
44 66 1994
45 0 360
45 1 1807
45 2 641
45 3 1260
45 4 1794
45 5 1485
45 6 475
45 7 810
45 8 402
45 9 498
45 10 1520
45 11 610
45 12 589
45 13 1092
45 14 1382
45 15 693
45 16 839
45 17 1339
45 18 952
45 19 1790
45 20 563
45 21 1881
45 22 376
45 23 1295
45 24 783
45 25 1746
45 26 1148
45 27 255
45 28 1364
45 29 1577
45 30 240
45 31 1081
45 32 1922
45 33 192
45 34 1033
45 35 1874
45 36 144
45 37 985
45 38 1826
45 39 96
45 40 937
45 41 1778
45 42 48
45 43 889
45 44 1730
45 45 0
45 46 841
45 47 1682
45 48 48
45 49 889
45 50 1730
45 51 96
45 52 937
45 53 1778
45 54 144
45 55 985
45 56 1826
45 57 192
45 58 1033
45 59 1874
45 60 240
45 61 1081
45 62 1922
45 63 288
45 64 1129
45 65 1970
45 66 360
46 0 1201
46 1 966
46 2 680
46 3 419
46 4 953
46 5 644
46 6 462
46 7 511
46 8 727
46 9 823
46 10 679
46 11 519
46 12 732
46 13 325
46 14 541
46 15 628
46 16 98
46 17 498
46 18 111
46 19 949
46 20 758
46 21 1040
46 22 753
46 23 454
46 24 250
46 25 905
46 26 307
46 27 970
46 28 523
46 29 736
46 30 1081
46 31 240
46 32 1081
46 33 1033
46 34 192
46 35 1033
46 36 985
46 37 144
46 38 985
46 39 937
46 40 96
46 41 937
46 42 889
46 43 48
46 44 889
46 45 841
46 46 0
46 47 841
46 48 889
46 49 48
46 50 889
46 51 937
46 52 96
46 53 937
46 54 985
46 55 144
46 56 985
46 57 1033
46 58 192
46 59 1033
46 60 1081
46 61 240
46 62 1081
46 63 1129
46 64 288
46 65 1129
46 66 1201
47 0 2042
47 1 355
47 2 1521
47 3 614
47 4 368
47 5 293
47 6 1303
47 7 1352
47 8 1568
47 9 1664
47 10 354
47 11 1360
47 12 1573
47 13 1166
47 14 684
47 15 1469
47 16 939
47 17 823
47 18 826
47 19 468
47 20 1599
47 21 377
47 22 1594
47 23 675
47 24 1091
47 25 320
47 26 918
47 27 1811
47 28 510
47 29 489
47 30 1922
47 31 1081
47 32 240
47 33 1874
47 34 1033
47 35 192
47 36 1826
47 37 985
47 38 144
47 39 1778
47 40 937
47 41 96
47 42 1730
47 43 889
47 44 48
47 45 1682
47 46 841
47 47 0
47 48 1730
47 49 889
47 50 48
47 51 1778
47 52 937
47 53 96
47 54 1826
47 55 985
47 56 144
47 57 1874
47 58 1033
47 59 192
47 60 1922
47 61 1081
47 62 240
47 63 1970
47 64 1129
47 65 288
47 66 2042
48 0 408
48 1 1855
48 2 689
48 3 1308
48 4 1842
48 5 1437
48 6 523
48 7 858
48 8 450
48 9 546
48 10 1568
48 11 658
48 12 637
48 13 1044
48 14 1430
48 15 741
48 16 791
48 17 1387
48 18 904
48 19 1742
48 20 611
48 21 1833
48 22 424
48 23 1343
48 24 735
48 25 1794
48 26 1196
48 27 303
48 28 1412
48 29 1625
48 30 288
48 31 1129
48 32 1970
48 33 240
48 34 1081
48 35 1922
48 36 192
48 37 1033
48 38 1874
48 39 144
48 40 985
48 41 1826
48 42 96
48 43 937
48 44 1778
48 45 48
48 46 889
48 47 1730
48 48 0
48 49 841
48 50 1682
48 51 48
48 52 889
48 53 1730
48 54 96
48 55 937
48 56 1778
48 57 144
48 58 985
48 59 1826
48 60 192
48 61 1033
48 62 1874
48 63 240
48 64 1081
48 65 1922
48 66 408
49 0 1249
49 1 1014
49 2 728
49 3 467
49 4 1001
49 5 596
49 6 510
49 7 559
49 8 775
49 9 871
49 10 727
49 11 567
49 12 780
49 13 277
49 14 589
49 15 676
49 16 50
49 17 546
49 18 63
49 19 901
49 20 806
49 21 992
49 22 801
49 23 502
49 24 202
49 25 953
49 26 355
49 27 1018
49 28 571
49 29 784
49 30 1129
49 31 288
49 32 1129
49 33 1081
49 34 240
49 35 1081
49 36 1033
49 37 192
49 38 1033
49 39 985
49 40 144
49 41 985
49 42 937
49 43 96
49 44 937
49 45 889
49 46 48
49 47 889
49 48 841
49 49 0
49 50 841
49 51 889
49 52 48
49 53 889
49 54 937
49 55 96
49 56 937
49 57 985
49 58 144
49 59 985
49 60 1033
49 61 192
49 62 1033
49 63 1081
49 64 240
49 65 1081
49 66 1249
50 0 2090
50 1 403
50 2 1569
50 3 662
50 4 416
50 5 245
50 6 1351
50 7 1400
50 8 1616
50 9 1712
50 10 402
50 11 1408
50 12 1621
50 13 1118
50 14 732
50 15 1517
50 16 891
50 17 871
50 18 778
50 19 420
50 20 1647
50 21 329
50 22 1642
50 23 723
50 24 1043
50 25 368
50 26 966
50 27 1859
50 28 558
50 29 537
50 30 1970
50 31 1129
50 32 288
50 33 1922
50 34 1081
50 35 240
50 36 1874
50 37 1033
50 38 192
50 39 1826
50 40 985
50 41 144
50 42 1778
50 43 937
50 44 96
50 45 1730
50 46 889
50 47 48
50 48 1682
50 49 841
50 50 0
50 51 1730
50 52 889
50 53 48
50 54 1778
50 55 937
50 56 96
50 57 1826
50 58 985
50 59 144
50 60 1874
50 61 1033
50 62 192
50 63 1922
50 64 1081
50 65 240
50 66 2090
51 0 456
51 1 1903
51 2 737
51 3 1356
51 4 1890
51 5 1485
51 6 571
51 7 906
51 8 498
51 9 594
51 10 1616
51 11 706
51 12 685
51 13 996
51 14 1478
51 15 789
51 16 839
51 17 1435
51 18 952
51 19 1694
51 20 659
51 21 1785
51 22 472
51 23 1391
51 24 687
51 25 1842
51 26 1244
51 27 351
51 28 1460
51 29 1673
51 30 336
51 31 1177
51 32 2018
51 33 288
51 34 1129
51 35 1970
51 36 240
51 37 1081
51 38 1922
51 39 192
51 40 1033
51 41 1874
51 42 144
51 43 985
51 44 1826
51 45 96
51 46 937
51 47 1778
51 48 48
51 49 889
51 50 1730
51 51 0
51 52 841
51 53 1682
51 54 48
51 55 889
51 56 1730
51 57 96
51 58 937
51 59 1778
51 60 144
51 61 985
51 62 1826
51 63 192
51 64 1033
51 65 1874
51 66 456
52 0 1297
52 1 1062
52 2 776
52 3 515
52 4 1049
52 5 644
52 6 558
52 7 607
52 8 823
52 9 919
52 10 775
52 11 615
52 12 828
52 13 229
52 14 637
52 15 724
52 16 98
52 17 594
52 18 111
52 19 853
52 20 854
52 21 944
52 22 849
52 23 550
52 24 154
52 25 1001
52 26 403
52 27 1066
52 28 619
52 29 832
52 30 1177
52 31 336
52 32 1177
52 33 1129
52 34 288
52 35 1129
52 36 1081
52 37 240
52 38 1081
52 39 1033
52 40 192
52 41 1033
52 42 985
52 43 144
52 44 985
52 45 937
52 46 96
52 47 937
52 48 889
52 49 48
52 50 889
52 51 841
52 52 0
52 53 841
52 54 889
52 55 48
52 56 889
52 57 937
52 58 96
52 59 937
52 60 985
52 61 144
52 62 985
52 63 1033
52 64 192
52 65 1033
52 66 1297
53 0 2138
53 1 451
53 2 1617
53 3 710
53 4 464
53 5 293
53 6 1399
53 7 1448
53 8 1664
53 9 1760
53 10 450
53 11 1456
53 12 1669
53 13 1070
53 14 780
53 15 1565
53 16 939
53 17 919
53 18 826
53 19 372
53 20 1695
53 21 281
53 22 1690
53 23 771
53 24 995
53 25 416
53 26 1014
53 27 1907
53 28 606
53 29 585
53 30 2018
53 31 1177
53 32 336
53 33 1970
53 34 1129
53 35 288
53 36 1922
53 37 1081
53 38 240
53 39 1874
53 40 1033
53 41 192
53 42 1826
53 43 985
53 44 144
53 45 1778
53 46 937
53 47 96
53 48 1730
53 49 889
53 50 48
53 51 1682
53 52 841
53 53 0
53 54 1730
53 55 889
53 56 48
53 57 1778
53 58 937
53 59 96
53 60 1826
53 61 985
53 62 144
53 63 1874
53 64 1033
53 65 192
53 66 2138
54 0 504
54 1 1951
54 2 785
54 3 1404
54 4 1938
54 5 1533
54 6 619
54 7 954
54 8 546
54 9 642
54 10 1664
54 11 754
54 12 733
54 13 948
54 14 1526
54 15 837
54 16 887
54 17 1483
54 18 1000
54 19 1646
54 20 707
54 21 1737
54 22 520
54 23 1439
54 24 735
54 25 1890
54 26 1292
54 27 399
54 28 1508
54 29 1721
54 30 384
54 31 1225
54 32 2066
54 33 336
54 34 1177
54 35 2018
54 36 288
54 37 1129
54 38 1970
54 39 240
54 40 1081
54 41 1922
54 42 192
54 43 1033
54 44 1874
54 45 144
54 46 985
54 47 1826
54 48 96
54 49 937
54 50 1778
54 51 48
54 52 889
54 53 1730
54 54 0
54 55 841
54 56 1682
54 57 48
54 58 889
54 59 1730
54 60 96
54 61 937
54 62 1778
54 63 144
54 64 985
54 65 1826
54 66 504
55 0 1345
55 1 1110
55 2 824
55 3 563
55 4 1097
55 5 692
55 6 606
55 7 655
55 8 871
55 9 967
55 10 823
55 11 663
55 12 876
55 13 181
55 14 685
55 15 772
55 16 146
55 17 642
55 18 159
55 19 805
55 20 902
55 21 896
55 22 897
55 23 598
55 24 202
55 25 1049
55 26 451
55 27 1114
55 28 667
55 29 880
55 30 1225
55 31 384
55 32 1225
55 33 1177
55 34 336
55 35 1177
55 36 1129
55 37 288
55 38 1129
55 39 1081
55 40 240
55 41 1081
55 42 1033
55 43 192
55 44 1033
55 45 985
55 46 144
55 47 985
55 48 937
55 49 96
55 50 937
55 51 889
55 52 48
55 53 889
55 54 841
55 55 0
55 56 841
55 57 889
55 58 48
55 59 889
55 60 937
55 61 96
55 62 937
55 63 985
55 64 144
55 65 985
55 66 1345
