//alpha
1
//NbLocations
92
//NbProducts
37
//NbPickers
2
//CapaPicker
12
//TimeToTravelOneDistanceUnit
3
//SetupTime
5400
//PickTime
300
//Products
//Idx Location Size
1 1 1
2 2 1
3 3 1
4 4 1
5 5 1
6 6 1
7 7 1
8 8 1
9 9 1
10 10 1
11 11 1
12 12 1
13 13 1
14 14 1
15 15 1
16 16 1
17 17 1
18 18 1
19 19 1
20 20 1
21 21 1
22 22 1
23 23 1
24 24 1
25 25 1
26 26 1
27 27 1
28 28 1
29 29 1
30 30 1
31 31 1
32 32 1
33 33 1
34 34 1
35 35 1
36 36 1
37 37 1
//Orders
//NbOrders
18
//Idx DueDate TardinessPenalty NbProdInOrder ProdIdx1 Qty1 ProdIdx2 Qty2 ...
1 108000 0 3 1 1 2 1 3 1
2 126000 0 2 4 1 5 1
3 108000 0 2 6 1 7 1
4 54000 0 2 8 1 9 1
5 126000 0 1 10 1
6 90000 0 3 11 1 12 1 13 1
7 108000 0 1 14 1
8 126000 0 3 15 1 16 1 17 1
9 90000 0 3 18 1 19 1 20 1
10 108000 0 2 21 1 22 1
11 36000 0 2 23 1 24 1
12 54000 0 2 25 1 26 1
13 54000 0 2 27 1 28 1
14 126000 0 3 29 1 30 1 31 1
15 108000 0 2 32 1 33 1
16 72000 0 1 34 1
17 126000 0 2 35 1 36 1
18 108000 0 1 37 1
//Graph (Products are vertices indexed from 1 to NbProducts)
//NbVerticesIntersections
54
//DepartingDepot
0
//ArrivalDepot
92
//Arcs
//Start End Distance
0 38 120
1 19 26
1 34 143
2 47 1181
2 48 50
3 28 455
3 30 78
4 31 338
4 45 674
5 17 169
5 42 310
6 20 650
6 32 195
7 77 466
7 78 765
8 13 273
8 57 557
9 62 492
9 63 739
10 24 468
10 27 13
11 66 1103
11 67 128
12 45 1064
12 46 167
13 8 273
13 58 401
14 53 1090
14 54 141
15 28 208
15 40 362
16 27 39
16 42 414
17 5 169
17 34 130
18 21 364
18 59 700
19 1 26
19 23 221
20 6 650
20 26 182
21 18 364
21 60 167
22 48 765
22 49 466
23 19 221
23 41 232
24 10 468
24 43 297
25 31 182
25 44 37
26 20 182
26 39 115
27 10 13
27 16 39
28 3 455
28 15 208
29 50 518
29 51 713
30 3 78
30 39 128
31 4 338
31 25 182
32 6 195
32 38 89
33 60 817
33 61 414
34 1 143
34 17 130
35 37 546
35 57 102
36 54 323
36 55 908
37 35 546
37 56 583
38 32 89
38 41 48
38 92 120
39 26 115
39 30 128
39 42 48
40 15 362
40 43 48
41 23 232
41 38 48
41 44 48
42 5 310
42 16 414
42 39 48
42 45 48
43 24 297
43 40 48
43 46 48
44 25 37
44 41 48
44 47 48
45 4 674
45 12 1064
45 42 48
45 48 48
46 12 167
46 43 48
46 49 48
47 2 1181
47 44 48
47 50 48
48 2 50
48 22 765
48 45 48
48 51 48
49 22 466
49 46 48
49 52 48
50 29 518
50 47 48
50 53 48
51 29 713
51 48 48
51 52 1231
51 54 48
52 49 48
52 51 1231
52 55 48
53 14 1090
53 50 48
53 56 48
54 14 141
54 36 323
54 51 48
54 57 48
55 36 908
55 52 48
55 58 48
56 37 583
56 53 48
56 59 48
57 8 557
57 35 102
57 54 48
57 60 48
58 13 401
58 55 48
58 61 48
59 18 700
59 56 48
59 62 48
60 21 167
60 33 817
60 57 48
60 63 48
61 33 414
61 58 48
61 64 48
62 9 492
62 59 48
62 65 48
63 9 739
63 60 48
63 64 1231
63 66 48
64 61 48
64 63 1231
64 67 48
65 62 48
65 66 1231
65 68 48
66 11 1103
66 63 48
66 65 1231
66 69 48
67 11 128
67 64 48
67 70 48
68 65 48
68 69 1231
68 71 48
69 66 48
69 68 1231
69 70 1231
69 72 48
70 67 48
70 69 1231
70 73 48
71 68 48
71 72 1231
71 74 48
72 69 48
72 71 1231
72 73 1231
72 75 48
73 70 48
73 72 1231
73 76 48
74 71 48
74 75 1231
74 77 48
75 72 48
75 74 1231
75 76 1231
75 78 48
76 73 48
76 75 1231
76 79 48
77 7 466
77 74 48
77 80 48
78 7 765
78 75 48
78 79 1231
78 81 48
79 76 48
79 78 1231
79 82 48
80 77 48
80 81 1231
80 83 48
81 78 48
81 80 1231
81 82 1231
81 84 48
82 79 48
82 81 1231
82 85 48
83 80 48
83 84 1231
83 86 48
84 81 48
84 83 1231
84 85 1231
84 87 48
85 82 48
85 84 1231
85 88 48
86 83 48
86 87 1231
86 89 48
87 84 48
87 86 1231
87 88 1231
87 90 48
88 85 48
88 87 1231
88 91 48
89 86 48
89 90 1231
90 87 48
90 89 1231
90 91 1231
91 88 48
91 90 1231
//LocStart LocEnd ShortestPath
0 0 0
0 1 647
0 2 1445
0 3 1557
0 4 773
0 5 1089
0 6 404
0 7 1210
0 8 2196
0 9 996
0 10 1865
0 11 2886
0 12 2511
0 13 2469
0 14 1450
0 15 2220
0 16 1813
0 17 920
0 18 1156
0 19 621
0 20 1054
0 21 1520
0 22 2260
0 23 400
0 24 2333
0 25 253
0 26 1236
0 27 1852
0 28 2012
0 29 830
0 30 1479
0 31 435
0 32 209
0 33 2504
0 34 790
0 35 1537
0 36 1914
0 37 991
0 38 120
0 39 1351
0 40 2582
0 41 168
0 42 1399
0 43 2630
0 44 216
0 45 1447
0 46 2678
0 47 264
0 48 1495
0 49 2726
0 50 312
0 51 1543
0 52 2774
0 53 360
0 54 1591
0 55 2822
0 56 408
0 57 1639
0 58 2870
0 59 456
0 60 1687
0 61 2918
0 62 504
0 63 1735
0 64 2966
0 65 552
0 66 1783
0 67 3014
0 68 600
0 69 1831
0 70 3062
0 71 648
0 72 1879
0 73 3110
0 74 696
0 75 1927
0 76 3158
0 77 744
0 78 1975
0 79 3206
0 80 792
0 81 2023
0 82 3254
0 83 840
0 84 2071
0 85 3302
0 86 888
0 87 2119
0 88 3350
0 89 936
0 90 2167
0 91 3398
0 92 0
1 0 647
1 1 0
1 2 898
1 3 1006
1 4 1084
1 5 442
1 6 811
1 7 1521
1 8 1549
1 9 1307
1 10 1218
1 11 2239
1 12 1864
1 13 1822
1 14 1085
1 15 1669
1 16 1166
1 17 273
1 18 1467
1 19 26
1 20 1097
1 21 1207
1 22 1613
1 23 247
1 24 1686
1 25 564
1 26 915
1 27 1205
1 28 1461
1 29 1141
1 30 928
1 31 746
1 32 616
1 33 1857
1 34 143
1 35 1094
1 36 1267
1 37 1302
1 38 527
1 39 800
1 40 2031
1 41 479
1 42 752
1 43 1983
1 44 527
1 45 800
1 46 2031
1 47 575
1 48 848
1 49 2079
1 50 623
1 51 896
1 52 2127
1 53 671
1 54 944
1 55 2175
1 56 719
1 57 992
1 58 2223
1 59 767
1 60 1040
1 61 2271
1 62 815
1 63 1088
1 64 2319
1 65 863
1 66 1136
1 67 2367
1 68 911
1 69 1184
1 70 2415
1 71 959
1 72 1232
1 73 2463
1 74 1007
1 75 1280
1 76 2511
1 77 1055
1 78 1328
1 79 2559
1 80 1103
1 81 1376
1 82 2607
1 83 1151
1 84 1424
1 85 2655
1 86 1199
1 87 1472
1 88 2703
1 89 1247
1 90 1520
1 91 2751
1 92 647
2 0 1445
2 1 898
2 2 0
2 3 400
2 4 772
2 5 456
2 6 1141
2 7 1295
2 8 751
2 9 1029
2 10 612
2 11 1441
2 12 1162
2 13 1024
2 14 287
2 15 1063
2 16 560
2 17 625
2 18 773
2 19 924
2 20 491
2 21 409
2 22 815
2 23 1145
2 24 1080
2 25 1266
2 26 309
2 27 599
2 28 855
2 29 811
2 30 322
2 31 1110
2 32 1336
2 33 1059
2 34 755
2 35 296
2 36 469
2 37 842
2 38 1325
2 39 194
2 40 1425
2 41 1277
2 42 146
2 43 1377
2 44 1229
2 45 98
2 46 1329
2 47 1181
2 48 50
2 49 1281
2 50 1229
2 51 98
2 52 1329
2 53 1277
2 54 146
2 55 1377
2 56 1325
2 57 194
2 58 1425
2 59 1373
2 60 242
2 61 1473
2 62 1421
2 63 290
2 64 1521
2 65 1469
2 66 338
2 67 1569
2 68 1517
2 69 386
2 70 1617
2 71 1565
2 72 434
2 73 1665
2 74 1613
2 75 482
2 76 1713
2 77 1661
2 78 530
2 79 1761
2 80 1709
2 81 578
2 82 1809
2 83 1757
2 84 626
2 85 1857
2 86 1805
2 87 674
2 88 1905
2 89 1853
2 90 722
2 91 1953
2 92 1445
3 0 1557
3 1 1006
3 2 400
3 3 0
3 4 976
3 5 564
3 6 1153
3 7 1595
3 8 1051
3 9 1329
3 10 720
3 11 1585
3 12 1288
3 13 1324
3 14 587
3 15 663
3 16 668
3 17 733
3 18 1073
3 19 1032
3 20 503
3 21 709
3 22 1115
3 23 1253
3 24 1188
3 25 1496
3 26 321
3 27 707
3 28 455
3 29 1111
3 30 78
3 31 1314
3 32 1348
3 33 1359
3 34 863
3 35 596
3 36 769
3 37 1142
3 38 1437
3 39 206
3 40 1025
3 41 1485
3 42 254
3 43 1073
3 44 1533
3 45 302
3 46 1121
3 47 1581
3 48 350
3 49 1169
3 50 1629
3 51 398
3 52 1217
3 53 1677
3 54 446
3 55 1265
3 56 1725
3 57 494
3 58 1313
3 59 1773
3 60 542
3 61 1361
3 62 1821
3 63 590
3 64 1409
3 65 1869
3 66 638
3 67 1457
3 68 1917
3 69 686
3 70 1505
3 71 1965
3 72 734
3 73 1553
3 74 2013
3 75 782
3 76 1601
3 77 2061
3 78 830
3 79 1649
3 80 2109
3 81 878
3 82 1697
3 83 2157
3 84 926
3 85 1745
3 86 2205
3 87 974
3 88 1793
3 89 2253
3 90 1022
3 91 1841
3 92 1557
4 0 773
4 1 1084
4 2 772
4 3 976
4 4 0
4 5 1032
4 6 937
4 7 1551
4 8 1423
4 9 1337
4 10 1188
4 11 2113
4 12 1738
4 13 1696
4 14 959
4 15 1639
4 16 1136
4 17 1201
4 18 1445
4 19 1058
4 20 1067
4 21 1081
4 22 1487
4 23 837
4 24 1656
4 25 520
4 26 885
4 27 1175
4 28 1431
4 29 1171
4 30 898
4 31 338
4 32 742
4 33 1731
4 34 1227
4 35 968
4 36 1141
4 37 1332
4 38 653
4 39 770
4 40 2001
4 41 605
4 42 722
4 43 1953
4 44 557
4 45 674
4 46 1905
4 47 605
4 48 722
4 49 1953
4 50 653
4 51 770
4 52 2001
4 53 701
4 54 818
4 55 2049
4 56 749
4 57 866
4 58 2097
4 59 797
4 60 914
4 61 2145
4 62 845
4 63 962
4 64 2193
4 65 893
4 66 1010
4 67 2241
4 68 941
4 69 1058
4 70 2289
4 71 989
4 72 1106
4 73 2337
4 74 1037
4 75 1154
4 76 2385
4 77 1085
4 78 1202
4 79 2433
4 80 1133
4 81 1250
4 82 2481
4 83 1181
4 84 1298
4 85 2529
4 86 1229
4 87 1346
4 88 2577
4 89 1277
4 90 1394
4 91 2625
4 92 773
5 0 1089
5 1 442
5 2 456
5 3 564
5 4 1032
5 5 0
5 6 1253
5 7 1651
5 8 1107
5 9 1385
5 10 776
5 11 1797
5 12 1422
5 13 1380
5 14 643
5 15 1227
5 16 724
5 17 169
5 18 1129
5 19 468
5 20 655
5 21 765
5 22 1171
5 23 689
5 24 1244
5 25 1006
5 26 473
5 27 763
5 28 1019
5 29 1167
5 30 486
5 31 1188
5 32 1058
5 33 1415
5 34 299
5 35 652
5 36 825
5 37 1198
5 38 969
5 39 358
5 40 1589
5 41 921
5 42 310
5 43 1541
5 44 969
5 45 358
5 46 1589
5 47 1017
5 48 406
5 49 1637
5 50 1065
5 51 454
5 52 1685
5 53 1113
5 54 502
5 55 1733
5 56 1161
5 57 550
5 58 1781
5 59 1209
5 60 598
5 61 1829
5 62 1257
5 63 646
5 64 1877
5 65 1305
5 66 694
5 67 1925
5 68 1353
5 69 742
5 70 1973
5 71 1401
5 72 790
5 73 2021
5 74 1449
5 75 838
5 76 2069
5 77 1497
5 78 886
5 79 2117
5 80 1545
5 81 934
5 82 2165
5 83 1593
5 84 982
5 85 2213
5 86 1641
5 87 1030
5 88 2261
5 89 1689
5 90 1078
5 91 2309
5 92 1089
6 0 404
6 1 811
6 2 1141
6 3 1153
6 4 937
6 5 1253
6 6 0
6 7 1374
6 8 1792
6 9 1160
6 10 1461
6 11 2482
6 12 2107
6 13 2065
6 14 1328
6 15 1816
6 16 1409
6 17 1084
6 18 1320
6 19 785
6 20 650
6 21 1450
6 22 1856
6 23 564
6 24 1929
6 25 417
6 26 832
6 27 1448
6 28 1608
6 29 994
6 30 1075
6 31 599
6 32 195
6 33 2100
6 34 954
6 35 1337
6 36 1510
6 37 1155
6 38 284
6 39 947
6 40 2178
6 41 332
6 42 995
6 43 2226
6 44 380
6 45 1043
6 46 2274
6 47 428
6 48 1091
6 49 2322
6 50 476
6 51 1139
6 52 2370
6 53 524
6 54 1187
6 55 2418
6 56 572
6 57 1235
6 58 2466
6 59 620
6 60 1283
6 61 2514
6 62 668
6 63 1331
6 64 2562
6 65 716
6 66 1379
6 67 2610
6 68 764
6 69 1427
6 70 2658
6 71 812
6 72 1475
6 73 2706
6 74 860
6 75 1523
6 76 2754
6 77 908
6 78 1571
6 79 2802
6 80 956
6 81 1619
6 82 2850
6 83 1004
6 84 1667
6 85 2898
6 86 1052
6 87 1715
6 88 2946
6 89 1100
6 90 1763
6 91 2994
6 92 404
7 0 1210
7 1 1521
7 2 1295
7 3 1595
7 4 1551
7 5 1651
7 6 1374
7 7 0
7 8 1658
7 9 1198
7 10 1807
7 11 2060
7 12 2357
7 13 1931
7 14 1290
7 15 2258
7 16 1755
7 17 1794
7 18 1454
7 19 1495
7 20 1686
7 21 1220
7 22 2010
7 23 1274
7 24 2275
7 25 1031
7 26 1504
7 27 1794
7 28 2050
7 29 1416
7 30 1517
7 31 1213
7 32 1179
7 33 1870
7 34 1664
7 35 1203
7 36 1472
7 37 1385
7 38 1090
7 39 1389
7 40 2620
7 41 1042
7 42 1341
7 43 2572
7 44 994
7 45 1293
7 46 2524
7 47 946
7 48 1245
7 49 2476
7 50 898
7 51 1197
7 52 2428
7 53 850
7 54 1149
7 55 2380
7 56 802
7 57 1101
7 58 2332
7 59 754
7 60 1053
7 61 2284
7 62 706
7 63 1005
7 64 2236
7 65 658
7 66 957
7 67 2188
7 68 610
7 69 909
7 70 2140
7 71 562
7 72 861
7 73 2092
7 74 514
7 75 813
7 76 2044
7 77 466
7 78 765
7 79 1996
7 80 514
7 81 813
7 82 2044
7 83 562
7 84 861
7 85 2092
7 86 610
7 87 909
7 88 2140
7 89 658
7 90 957
7 91 2188
7 92 1210
8 0 2196
8 1 1549
8 2 751
8 3 1051
8 4 1423
8 5 1107
8 6 1792
8 7 1658
8 8 0
8 9 1392
8 10 1263
8 11 946
8 12 1033
8 13 273
8 14 746
8 15 1324
8 16 1211
8 17 1276
8 18 1136
8 19 1575
8 20 1142
8 21 772
8 22 1284
8 23 1796
8 24 1211
8 25 1943
8 26 960
8 27 1250
8 28 1506
8 29 1366
8 30 973
8 31 1761
8 32 1987
8 33 1136
8 34 1406
8 35 659
8 36 928
8 37 1205
8 38 2076
8 39 845
8 40 962
8 41 2028
8 42 797
8 43 914
8 44 1980
8 45 749
8 46 866
8 47 1932
8 48 701
8 49 818
8 50 1884
8 51 653
8 52 770
8 53 1836
8 54 605
8 55 722
8 56 1788
8 57 557
8 58 674
8 59 1836
8 60 605
8 61 722
8 62 1884
8 63 653
8 64 770
8 65 1932
8 66 701
8 67 818
8 68 1980
8 69 749
8 70 866
8 71 2028
8 72 797
8 73 914
8 74 2076
8 75 845
8 76 962
8 77 2124
8 78 893
8 79 1010
8 80 2172
8 81 941
8 82 1058
8 83 2220
8 84 989
8 85 1106
8 86 2268
8 87 1037
8 88 1154
8 89 2316
8 90 1085
8 91 1202
8 92 2196
9 0 996
9 1 1307
9 2 1029
9 3 1329
9 4 1337
9 5 1385
9 6 1160
9 7 1198
9 8 1392
9 9 0
9 10 1541
9 11 1890
9 12 2091
9 13 1665
9 14 1024
9 15 1992
9 16 1489
9 17 1554
9 18 1240
9 19 1281
9 20 1420
9 21 954
9 22 1744
9 23 1060
9 24 2009
9 25 817
9 26 1238
9 27 1528
9 28 1784
9 29 1202
9 30 1251
9 31 999
9 32 965
9 33 1604
9 34 1450
9 35 937
9 36 1206
9 37 1171
9 38 876
9 39 1123
9 40 2354
9 41 828
9 42 1075
9 43 2306
9 44 780
9 45 1027
9 46 2258
9 47 732
9 48 979
9 49 2210
9 50 684
9 51 931
9 52 2162
9 53 636
9 54 883
9 55 2114
9 56 588
9 57 835
9 58 2066
9 59 540
9 60 787
9 61 2018
9 62 492
9 63 739
9 64 1970
9 65 540
9 66 787
9 67 2018
9 68 588
9 69 835
9 70 2066
9 71 636
9 72 883
9 73 2114
9 74 684
9 75 931
9 76 2162
9 77 732
9 78 979
9 79 2210
9 80 780
9 81 1027
9 82 2258
9 83 828
9 84 1075
9 85 2306
9 86 876
9 87 1123
9 88 2354
9 89 924
9 90 1171
9 91 2402
9 92 996
10 0 1865
10 1 1218
10 2 612
10 3 720
10 4 1188
10 5 776
10 6 1461
10 7 1807
10 8 1263
10 9 1541
10 10 0
10 11 1277
10 12 980
10 13 1406
10 14 799
10 15 1175
10 16 52
10 17 945
10 18 1285
10 19 1244
10 20 811
10 21 921
10 22 1327
10 23 1465
10 24 468
10 25 1708
10 26 629
10 27 13
10 28 1175
10 29 1323
10 30 642
10 31 1526
10 32 1656
10 33 1467
10 34 1075
10 35 808
10 36 981
10 37 1354
10 38 1745
10 39 514
10 40 813
10 41 1697
10 42 466
10 43 765
10 44 1745
10 45 514
10 46 813
10 47 1793
10 48 562
10 49 861
10 50 1841
10 51 610
10 52 909
10 53 1889
10 54 658
10 55 957
10 56 1937
10 57 706
10 58 1005
10 59 1985
10 60 754
10 61 1053
10 62 2033
10 63 802
10 64 1101
10 65 2081
10 66 850
10 67 1149
10 68 2129
10 69 898
10 70 1197
10 71 2177
10 72 946
10 73 1245
10 74 2225
10 75 994
10 76 1293
10 77 2273
10 78 1042
10 79 1341
10 80 2321
10 81 1090
10 82 1389
10 83 2369
10 84 1138
10 85 1437
10 86 2417
10 87 1186
10 88 1485
10 89 2465
10 90 1234
10 91 1533
10 92 1865
11 0 2886
11 1 2239
11 2 1441
11 3 1585
11 4 2113
11 5 1797
11 6 2482
11 7 2060
11 8 946
11 9 1890
11 10 1277
11 11 0
11 12 631
11 13 673
11 14 1436
11 15 922
11 16 1329
11 17 1966
11 18 1730
11 19 2265
11 20 1832
11 21 1366
11 22 882
11 23 2486
11 24 809
11 25 2633
11 26 1650
11 27 1290
11 28 1130
11 29 2056
11 30 1663
11 31 2451
11 32 2677
11 33 638
11 34 2096
11 35 1349
11 36 1228
11 37 1895
11 38 2766
11 39 1535
11 40 560
11 41 2718
11 42 1487
11 43 512
11 44 2670
11 45 1439
11 46 464
11 47 2622
11 48 1391
11 49 416
11 50 2574
11 51 1343
11 52 368
11 53 2526
11 54 1295
11 55 320
11 56 2478
11 57 1247
11 58 272
11 59 2430
11 60 1199
11 61 224
11 62 2382
11 63 1151
11 64 176
11 65 2334
11 66 1103
11 67 128
11 68 2382
11 69 1151
11 70 176
11 71 2430
11 72 1199
11 73 224
11 74 2478
11 75 1247
11 76 272
11 77 2526
11 78 1295
11 79 320
11 80 2574
11 81 1343
11 82 368
11 83 2622
11 84 1391
11 85 416
11 86 2670
11 87 1439
11 88 464
11 89 2718
11 90 1487
11 91 512
11 92 2886
12 0 2511
12 1 1864
12 2 1162
12 3 1288
12 4 1738
12 5 1422
12 6 2107
12 7 2357
12 8 1033
12 9 2091
12 10 980
12 11 631
12 12 0
12 13 760
12 14 1349
12 15 625
12 16 1032
12 17 1591
12 18 1835
12 19 1890
12 20 1457
12 21 1471
12 22 681
12 23 2111
12 24 512
12 25 2258
12 26 1275
12 27 993
12 28 833
12 29 1873
12 30 1288
12 31 2076
12 32 2302
12 33 821
12 34 1721
12 35 1358
12 36 1219
12 37 1904
12 38 2391
12 39 1160
12 40 263
12 41 2343
12 42 1112
12 43 215
12 44 2295
12 45 1064
12 46 167
12 47 2343
12 48 1112
12 49 215
12 50 2391
12 51 1160
12 52 263
12 53 2439
12 54 1208
12 55 311
12 56 2487
12 57 1256
12 58 359
12 59 2535
12 60 1304
12 61 407
12 62 2583
12 63 1352
12 64 455
12 65 2631
12 66 1400
12 67 503
12 68 2679
12 69 1448
12 70 551
12 71 2727
12 72 1496
12 73 599
12 74 2775
12 75 1544
12 76 647
12 77 2823
12 78 1592
12 79 695
12 80 2871
12 81 1640
12 82 743
12 83 2919
12 84 1688
12 85 791
12 86 2967
12 87 1736
12 88 839
12 89 3015
12 90 1784
12 91 887
12 92 2511
13 0 2469
13 1 1822
13 2 1024
13 3 1324
13 4 1696
13 5 1380
13 6 2065
13 7 1931
13 8 273
13 9 1665
13 10 1406
13 11 673
13 12 760
13 13 0
13 14 1019
13 15 1051
13 16 1458
13 17 1549
13 18 1409
13 19 1848
13 20 1415
13 21 1045
13 22 1011
13 23 2069
13 24 938
13 25 2216
13 26 1233
13 27 1419
13 28 1259
13 29 1639
13 30 1246
13 31 2034
13 32 2260
13 33 863
13 34 1679
13 35 932
13 36 1201
13 37 1478
13 38 2349
13 39 1118
13 40 689
13 41 2301
13 42 1070
13 43 641
13 44 2253
13 45 1022
13 46 593
13 47 2205
13 48 974
13 49 545
13 50 2157
13 51 926
13 52 497
13 53 2109
13 54 878
13 55 449
13 56 2061
13 57 830
13 58 401
13 59 2109
13 60 878
13 61 449
13 62 2157
13 63 926
13 64 497
13 65 2205
13 66 974
13 67 545
13 68 2253
13 69 1022
13 70 593
13 71 2301
13 72 1070
13 73 641
13 74 2349
13 75 1118
13 76 689
13 77 2397
13 78 1166
13 79 737
13 80 2445
13 81 1214
13 82 785
13 83 2493
13 84 1262
13 85 833
13 86 2541
13 87 1310
13 88 881
13 89 2589
13 90 1358
13 91 929
13 92 2469
14 0 1450
14 1 1085
14 2 287
14 3 587
14 4 959
14 5 643
14 6 1328
14 7 1290
14 8 746
14 9 1024
14 10 799
14 11 1436
14 12 1349
14 13 1019
14 14 0
14 15 1250
14 16 747
14 17 812
14 18 768
14 19 1111
14 20 678
14 21 404
14 22 1002
14 23 1332
14 24 1267
14 25 1271
14 26 496
14 27 786
14 28 1042
14 29 902
14 30 509
14 31 1297
14 32 1419
14 33 1054
14 34 942
14 35 291
14 36 464
14 37 837
14 38 1330
14 39 381
14 40 1612
14 41 1282
14 42 333
14 43 1564
14 44 1234
14 45 285
14 46 1516
14 47 1186
14 48 237
14 49 1468
14 50 1138
14 51 189
14 52 1420
14 53 1090
14 54 141
14 55 1372
14 56 1138
14 57 189
14 58 1420
14 59 1186
14 60 237
14 61 1468
14 62 1234
14 63 285
14 64 1516
14 65 1282
14 66 333
14 67 1564
14 68 1330
14 69 381
14 70 1612
14 71 1378
14 72 429
14 73 1660
14 74 1426
14 75 477
14 76 1708
14 77 1474
14 78 525
14 79 1756
14 80 1522
14 81 573
14 82 1804
14 83 1570
14 84 621
14 85 1852
14 86 1618
14 87 669
14 88 1900
14 89 1666
14 90 717
14 91 1948
14 92 1450
15 0 2220
15 1 1669
15 2 1063
15 3 663
15 4 1639
15 5 1227
15 6 1816
15 7 2258
15 8 1324
15 9 1992
15 10 1175
15 11 922
15 12 625
15 13 1051
15 14 1250
15 15 0
15 16 1227
15 17 1396
15 18 1736
15 19 1695
15 20 1166
15 21 1372
15 22 972
15 23 1916
15 24 707
15 25 2159
15 26 984
15 27 1188
15 28 208
15 29 1774
15 30 741
15 31 1977
15 32 2011
15 33 1112
15 34 1526
15 35 1259
15 36 1432
15 37 1805
15 38 2100
15 39 869
15 40 362
15 41 2148
15 42 917
15 43 410
15 44 2196
15 45 965
15 46 458
15 47 2244
15 48 1013
15 49 506
15 50 2292
15 51 1061
15 52 554
15 53 2340
15 54 1109
15 55 602
15 56 2388
15 57 1157
15 58 650
15 59 2436
15 60 1205
15 61 698
15 62 2484
15 63 1253
15 64 746
15 65 2532
15 66 1301
15 67 794
15 68 2580
15 69 1349
15 70 842
15 71 2628
15 72 1397
15 73 890
15 74 2676
15 75 1445
15 76 938
15 77 2724
15 78 1493
15 79 986
15 80 2772
15 81 1541
15 82 1034
15 83 2820
15 84 1589
15 85 1082
15 86 2868
15 87 1637
15 88 1130
15 89 2916
15 90 1685
15 91 1178
15 92 2220
16 0 1813
16 1 1166
16 2 560
16 3 668
16 4 1136
16 5 724
16 6 1409
16 7 1755
16 8 1211
16 9 1489
16 10 52
16 11 1329
16 12 1032
16 13 1458
16 14 747
16 15 1227
16 16 0
16 17 893
16 18 1233
16 19 1192
16 20 759
16 21 869
16 22 1275
16 23 1413
16 24 520
16 25 1656
16 26 577
16 27 39
16 28 1123
16 29 1271
16 30 590
16 31 1474
16 32 1604
16 33 1519
16 34 1023
16 35 756
16 36 929
16 37 1302
16 38 1693
16 39 462
16 40 865
16 41 1645
16 42 414
16 43 817
16 44 1693
16 45 462
16 46 865
16 47 1741
16 48 510
16 49 913
16 50 1789
16 51 558
16 52 961
16 53 1837
16 54 606
16 55 1009
16 56 1885
16 57 654
16 58 1057
16 59 1933
16 60 702
16 61 1105
16 62 1981
16 63 750
16 64 1153
16 65 2029
16 66 798
16 67 1201
16 68 2077
16 69 846
16 70 1249
16 71 2125
16 72 894
16 73 1297
16 74 2173
16 75 942
16 76 1345
16 77 2221
16 78 990
16 79 1393
16 80 2269
16 81 1038
16 82 1441
16 83 2317
16 84 1086
16 85 1489
16 86 2365
16 87 1134
16 88 1537
16 89 2413
16 90 1182
16 91 1585
16 92 1813
17 0 920
17 1 273
17 2 625
17 3 733
17 4 1201
17 5 169
17 6 1084
17 7 1794
17 8 1276
17 9 1554
17 10 945
17 11 1966
17 12 1591
17 13 1549
17 14 812
17 15 1396
17 16 893
17 17 0
17 18 1298
17 19 299
17 20 824
17 21 934
17 22 1340
17 23 520
17 24 1413
17 25 837
17 26 642
17 27 932
17 28 1188
17 29 1336
17 30 655
17 31 1019
17 32 889
17 33 1584
17 34 130
17 35 821
17 36 994
17 37 1367
17 38 800
17 39 527
17 40 1758
17 41 752
17 42 479
17 43 1710
17 44 800
17 45 527
17 46 1758
17 47 848
17 48 575
17 49 1806
17 50 896
17 51 623
17 52 1854
17 53 944
17 54 671
17 55 1902
17 56 992
17 57 719
17 58 1950
17 59 1040
17 60 767
17 61 1998
17 62 1088
17 63 815
17 64 2046
17 65 1136
17 66 863
17 67 2094
17 68 1184
17 69 911
17 70 2142
17 71 1232
17 72 959
17 73 2190
17 74 1280
17 75 1007
17 76 2238
17 77 1328
17 78 1055
17 79 2286
17 80 1376
17 81 1103
17 82 2334
17 83 1424
17 84 1151
17 85 2382
17 86 1472
17 87 1199
17 88 2430
17 89 1520
17 90 1247
17 91 2478
17 92 920
18 0 1156
18 1 1467
18 2 773
18 3 1073
18 4 1445
18 5 1129
18 6 1320
18 7 1454
18 8 1136
18 9 1240
18 10 1285
18 11 1730
18 12 1835
18 13 1409
18 14 768
18 15 1736
18 16 1233
18 17 1298
18 18 0
18 19 1441
18 20 1164
18 21 364
18 22 1488
18 23 1220
18 24 1753
18 25 977
18 26 982
18 27 1272
18 28 1528
18 29 1362
18 30 995
18 31 1159
18 32 1125
18 33 1348
18 34 1428
18 35 681
18 36 950
18 37 1227
18 38 1036
18 39 867
18 40 2098
18 41 988
18 42 819
18 43 2050
18 44 940
18 45 771
18 46 2002
18 47 892
18 48 723
18 49 1954
18 50 844
18 51 675
18 52 1906
18 53 796
18 54 627
18 55 1858
18 56 748
18 57 579
18 58 1810
18 59 700
18 60 531
18 61 1762
18 62 748
18 63 579
18 64 1810
18 65 796
18 66 627
18 67 1858
18 68 844
18 69 675
18 70 1906
18 71 892
18 72 723
18 73 1954
18 74 940
18 75 771
18 76 2002
18 77 988
18 78 819
18 79 2050
18 80 1036
18 81 867
18 82 2098
18 83 1084
18 84 915
18 85 2146
18 86 1132
18 87 963
18 88 2194
18 89 1180
18 90 1011
18 91 2242
18 92 1156
19 0 621
19 1 26
19 2 924
19 3 1032
19 4 1058
19 5 468
19 6 785
19 7 1495
19 8 1575
19 9 1281
19 10 1244
19 11 2265
19 12 1890
19 13 1848
19 14 1111
19 15 1695
19 16 1192
19 17 299
19 18 1441
19 19 0
19 20 1123
19 21 1233
19 22 1639
19 23 221
19 24 1712
19 25 538
19 26 941
19 27 1231
19 28 1487
19 29 1115
19 30 954
19 31 720
19 32 590
19 33 1883
19 34 169
19 35 1120
19 36 1293
19 37 1276
19 38 501
19 39 826
19 40 2057
19 41 453
19 42 778
19 43 2009
19 44 501
19 45 826
19 46 2057
19 47 549
19 48 874
19 49 2105
19 50 597
19 51 922
19 52 2153
19 53 645
19 54 970
19 55 2201
19 56 693
19 57 1018
19 58 2249
19 59 741
19 60 1066
19 61 2297
19 62 789
19 63 1114
19 64 2345
19 65 837
19 66 1162
19 67 2393
19 68 885
19 69 1210
19 70 2441
19 71 933
19 72 1258
19 73 2489
19 74 981
19 75 1306
19 76 2537
19 77 1029
19 78 1354
19 79 2585
19 80 1077
19 81 1402
19 82 2633
19 83 1125
19 84 1450
19 85 2681
19 86 1173
19 87 1498
19 88 2729
19 89 1221
19 90 1546
19 91 2777
19 92 621
20 0 1054
20 1 1097
20 2 491
20 3 503
20 4 1067
20 5 655
20 6 650
20 7 1686
20 8 1142
20 9 1420
20 10 811
20 11 1832
20 12 1457
20 13 1415
20 14 678
20 15 1166
20 16 759
20 17 824
20 18 1164
20 19 1123
20 20 0
20 21 800
20 22 1206
20 23 1214
20 24 1279
20 25 1067
20 26 182
20 27 798
20 28 958
20 29 1202
20 30 425
20 31 1249
20 32 845
20 33 1450
20 34 954
20 35 687
20 36 860
20 37 1233
20 38 934
20 39 297
20 40 1528
20 41 982
20 42 345
20 43 1576
20 44 1030
20 45 393
20 46 1624
20 47 1078
20 48 441
20 49 1672
20 50 1126
20 51 489
20 52 1720
20 53 1174
20 54 537
20 55 1768
20 56 1222
20 57 585
20 58 1816
20 59 1270
20 60 633
20 61 1864
20 62 1318
20 63 681
20 64 1912
20 65 1366
20 66 729
20 67 1960
20 68 1414
20 69 777
20 70 2008
20 71 1462
20 72 825
20 73 2056
20 74 1510
20 75 873
20 76 2104
20 77 1558
20 78 921
20 79 2152
20 80 1606
20 81 969
20 82 2200
20 83 1654
20 84 1017
20 85 2248
20 86 1702
20 87 1065
20 88 2296
20 89 1750
20 90 1113
20 91 2344
20 92 1054
21 0 1520
21 1 1207
21 2 409
21 3 709
21 4 1081
21 5 765
21 6 1450
21 7 1220
21 8 772
21 9 954
21 10 921
21 11 1366
21 12 1471
21 13 1045
21 14 404
21 15 1372
21 16 869
21 17 934
21 18 364
21 19 1233
21 20 800
21 21 0
21 22 1124
21 23 1454
21 24 1389
21 25 1341
21 26 618
21 27 908
21 28 1164
21 29 1024
21 30 631
21 31 1419
21 32 1489
21 33 984
21 34 1064
21 35 317
21 36 586
21 37 863
21 38 1400
21 39 503
21 40 1734
21 41 1352
21 42 455
21 43 1686
21 44 1304
21 45 407
21 46 1638
21 47 1256
21 48 359
21 49 1590
21 50 1208
21 51 311
21 52 1542
21 53 1160
21 54 263
21 55 1494
21 56 1112
21 57 215
21 58 1446
21 59 1064
21 60 167
21 61 1398
21 62 1112
21 63 215
21 64 1446
21 65 1160
21 66 263
21 67 1494
21 68 1208
21 69 311
21 70 1542
21 71 1256
21 72 359
21 73 1590
21 74 1304
21 75 407
21 76 1638
21 77 1352
21 78 455
21 79 1686
21 80 1400
21 81 503
21 82 1734
21 83 1448
21 84 551
21 85 1782
21 86 1496
21 87 599
21 88 1830
21 89 1544
21 90 647
21 91 1878
21 92 1520
22 0 2260
22 1 1613
22 2 815
22 3 1115
22 4 1487
22 5 1171
22 6 1856
22 7 2010
22 8 1284
22 9 1744
22 10 1327
22 11 882
22 12 681
22 13 1011
22 14 1002
22 15 972
22 16 1275
22 17 1340
22 18 1488
22 19 1639
22 20 1206
22 21 1124
22 22 0
22 23 1860
22 24 859
22 25 2007
22 26 1024
22 27 1314
22 28 1180
22 29 1526
22 30 1037
22 31 1825
22 32 2051
22 33 1072
22 34 1470
22 35 1011
22 36 1184
22 37 1557
22 38 2140
22 39 909
22 40 610
22 41 2092
22 42 861
22 43 562
22 44 2044
22 45 813
22 46 514
22 47 1996
22 48 765
22 49 466
22 50 2044
22 51 813
22 52 514
22 53 2092
22 54 861
22 55 562
22 56 2140
22 57 909
22 58 610
22 59 2188
22 60 957
22 61 658
22 62 2236
22 63 1005
22 64 706
22 65 2284
22 66 1053
22 67 754
22 68 2332
22 69 1101
22 70 802
22 71 2380
22 72 1149
22 73 850
22 74 2428
22 75 1197
22 76 898
22 77 2476
22 78 1245
22 79 946
22 80 2524
22 81 1293
22 82 994
22 83 2572
22 84 1341
22 85 1042
22 86 2620
22 87 1389
22 88 1090
22 89 2668
22 90 1437
22 91 1138
22 92 2260
23 0 400
23 1 247
23 2 1145
23 3 1253
23 4 837
23 5 689
23 6 564
23 7 1274
23 8 1796
23 9 1060
23 10 1465
23 11 2486
23 12 2111
23 13 2069
23 14 1332
23 15 1916
23 16 1413
23 17 520
23 18 1220
23 19 221
23 20 1214
23 21 1454
23 22 1860
23 23 0
23 24 1933
23 25 317
23 26 1162
23 27 1452
23 28 1708
23 29 894
23 30 1175
23 31 499
23 32 369
23 33 2104
23 34 390
23 35 1341
23 36 1514
23 37 1055
23 38 280
23 39 1047
23 40 2278
23 41 232
23 42 999
23 43 2230
23 44 280
23 45 1047
23 46 2278
23 47 328
23 48 1095
23 49 2326
23 50 376
23 51 1143
23 52 2374
23 53 424
23 54 1191
23 55 2422
23 56 472
23 57 1239
23 58 2470
23 59 520
23 60 1287
23 61 2518
23 62 568
23 63 1335
23 64 2566
23 65 616
23 66 1383
23 67 2614
23 68 664
23 69 1431
23 70 2662
23 71 712
23 72 1479
23 73 2710
23 74 760
23 75 1527
23 76 2758
23 77 808
23 78 1575
23 79 2806
23 80 856
23 81 1623
23 82 2854
23 83 904
23 84 1671
23 85 2902
23 86 952
23 87 1719
23 88 2950
23 89 1000
23 90 1767
23 91 2998
23 92 400
24 0 2333
24 1 1686
24 2 1080
24 3 1188
24 4 1656
24 5 1244
24 6 1929
24 7 2275
24 8 1211
24 9 2009
24 10 468
24 11 809
24 12 512
24 13 938
24 14 1267
24 15 707
24 16 520
24 17 1413
24 18 1753
24 19 1712
24 20 1279
24 21 1389
24 22 859
24 23 1933
24 24 0
24 25 2176
24 26 1097
24 27 481
24 28 915
24 29 1791
24 30 1110
24 31 1994
24 32 2124
24 33 999
24 34 1543
24 35 1276
24 36 1397
24 37 1822
24 38 2213
24 39 982
24 40 345
24 41 2165
24 42 934
24 43 297
24 44 2213
24 45 982
24 46 345
24 47 2261
24 48 1030
24 49 393
24 50 2309
24 51 1078
24 52 441
24 53 2357
24 54 1126
24 55 489
24 56 2405
24 57 1174
24 58 537
24 59 2453
24 60 1222
24 61 585
24 62 2501
24 63 1270
24 64 633
24 65 2549
24 66 1318
24 67 681
24 68 2597
24 69 1366
24 70 729
24 71 2645
24 72 1414
24 73 777
24 74 2693
24 75 1462
24 76 825
24 77 2741
24 78 1510
24 79 873
24 80 2789
24 81 1558
24 82 921
24 83 2837
24 84 1606
24 85 969
24 86 2885
24 87 1654
24 88 1017
24 89 2933
24 90 1702
24 91 1065
24 92 2333
25 0 253
25 1 564
25 2 1266
25 3 1496
25 4 520
25 5 1006
25 6 417
25 7 1031
25 8 1943
25 9 817
25 10 1708
25 11 2633
25 12 2258
25 13 2216
25 14 1271
25 15 2159
25 16 1656
25 17 837
25 18 977
25 19 538
25 20 1067
25 21 1341
25 22 2007
25 23 317
25 24 2176
25 25 0
25 26 1249
25 27 1695
25 28 1951
25 29 651
25 30 1418
25 31 182
25 32 222
25 33 2251
25 34 707
25 35 1358
25 36 1661
25 37 812
25 38 133
25 39 1290
25 40 2521
25 41 85
25 42 1242
25 43 2473
25 44 37
25 45 1194
25 46 2425
25 47 85
25 48 1242
25 49 2473
25 50 133
25 51 1290
25 52 2521
25 53 181
25 54 1338
25 55 2569
25 56 229
25 57 1386
25 58 2617
25 59 277
25 60 1434
25 61 2665
25 62 325
25 63 1482
25 64 2713
25 65 373
25 66 1530
25 67 2761
25 68 421
25 69 1578
25 70 2809
25 71 469
25 72 1626
25 73 2857
25 74 517
25 75 1674
25 76 2905
25 77 565
25 78 1722
25 79 2953
25 80 613
25 81 1770
25 82 3001
25 83 661
25 84 1818
25 85 3049
25 86 709
25 87 1866
25 88 3097
25 89 757
25 90 1914
25 91 3145
25 92 253
26 0 1236
26 1 915
26 2 309
26 3 321
26 4 885
26 5 473
26 6 832
26 7 1504
26 8 960
26 9 1238
26 10 629
26 11 1650
26 12 1275
26 13 1233
26 14 496
26 15 984
26 16 577
26 17 642
26 18 982
26 19 941
26 20 182
26 21 618
26 22 1024
26 23 1162
26 24 1097
26 25 1249
26 26 0
26 27 616
26 28 776
26 29 1020
26 30 243
26 31 1223
26 32 1027
26 33 1268
26 34 772
26 35 505
26 36 678
26 37 1051
26 38 1116
26 39 115
26 40 1346
26 41 1164
26 42 163
26 43 1394
26 44 1212
26 45 211
26 46 1442
26 47 1260
26 48 259
26 49 1490
26 50 1308
26 51 307
26 52 1538
26 53 1356
26 54 355
26 55 1586
26 56 1404
26 57 403
26 58 1634
26 59 1452
26 60 451
26 61 1682
26 62 1500
26 63 499
26 64 1730
26 65 1548
26 66 547
26 67 1778
26 68 1596
26 69 595
26 70 1826
26 71 1644
26 72 643
26 73 1874
26 74 1692
26 75 691
26 76 1922
26 77 1740
26 78 739
26 79 1970
26 80 1788
26 81 787
26 82 2018
26 83 1836
26 84 835
26 85 2066
26 86 1884
26 87 883
26 88 2114
26 89 1932
26 90 931
26 91 2162
26 92 1236
27 0 1852
27 1 1205
27 2 599
27 3 707
27 4 1175
27 5 763
27 6 1448
27 7 1794
27 8 1250
27 9 1528
27 10 13
27 11 1290
27 12 993
27 13 1419
27 14 786
27 15 1188
27 16 39
27 17 932
27 18 1272
27 19 1231
27 20 798
27 21 908
27 22 1314
27 23 1452
27 24 481
27 25 1695
27 26 616
27 27 0
27 28 1162
27 29 1310
27 30 629
27 31 1513
27 32 1643
27 33 1480
27 34 1062
27 35 795
27 36 968
27 37 1341
27 38 1732
27 39 501
27 40 826
27 41 1684
27 42 453
27 43 778
27 44 1732
27 45 501
27 46 826
27 47 1780
27 48 549
27 49 874
27 50 1828
27 51 597
27 52 922
27 53 1876
27 54 645
27 55 970
27 56 1924
27 57 693
27 58 1018
27 59 1972
27 60 741
27 61 1066
27 62 2020
27 63 789
27 64 1114
27 65 2068
27 66 837
27 67 1162
27 68 2116
27 69 885
27 70 1210
27 71 2164
27 72 933
27 73 1258
27 74 2212
27 75 981
27 76 1306
27 77 2260
27 78 1029
27 79 1354
27 80 2308
27 81 1077
27 82 1402
27 83 2356
27 84 1125
27 85 1450
27 86 2404
27 87 1173
27 88 1498
27 89 2452
27 90 1221
27 91 1546
27 92 1852
28 0 2012
28 1 1461
28 2 855
28 3 455
28 4 1431
28 5 1019
28 6 1608
28 7 2050
28 8 1506
28 9 1784
28 10 1175
28 11 1130
28 12 833
28 13 1259
28 14 1042
28 15 208
28 16 1123
28 17 1188
28 18 1528
28 19 1487
28 20 958
28 21 1164
28 22 1180
28 23 1708
28 24 915
28 25 1951
28 26 776
28 27 1162
28 28 0
28 29 1566
28 30 533
28 31 1769
28 32 1803
28 33 1320
28 34 1318
28 35 1051
28 36 1224
28 37 1597
28 38 1892
28 39 661
28 40 570
28 41 1940
28 42 709
28 43 618
28 44 1988
28 45 757
28 46 666
28 47 2036
28 48 805
28 49 714
28 50 2084
28 51 853
28 52 762
28 53 2132
28 54 901
28 55 810
28 56 2180
28 57 949
28 58 858
28 59 2228
28 60 997
28 61 906
28 62 2276
28 63 1045
28 64 954
28 65 2324
28 66 1093
28 67 1002
28 68 2372
28 69 1141
28 70 1050
28 71 2420
28 72 1189
28 73 1098
28 74 2468
28 75 1237
28 76 1146
28 77 2516
28 78 1285
28 79 1194
28 80 2564
28 81 1333
28 82 1242
28 83 2612
28 84 1381
28 85 1290
28 86 2660
28 87 1429
28 88 1338
28 89 2708
28 90 1477
28 91 1386
28 92 2012
29 0 830
29 1 1141
29 2 811
29 3 1111
29 4 1171
29 5 1167
29 6 994
29 7 1416
29 8 1366
29 9 1202
29 10 1323
29 11 2056
29 12 1873
29 13 1639
29 14 902
29 15 1774
29 16 1271
29 17 1336
29 18 1362
29 19 1115
29 20 1202
29 21 1024
29 22 1526
29 23 894
29 24 1791
29 25 651
29 26 1020
29 27 1310
29 28 1566
29 29 0
29 30 1033
29 31 833
29 32 799
29 33 1674
29 34 1284
29 35 911
29 36 1084
29 37 1197
29 38 710
29 39 905
29 40 2136
29 41 662
29 42 857
29 43 2088
29 44 614
29 45 809
29 46 2040
29 47 566
29 48 761
29 49 1992
29 50 518
29 51 713
29 52 1944
29 53 566
29 54 761
29 55 1992
29 56 614
29 57 809
29 58 2040
29 59 662
29 60 857
29 61 2088
29 62 710
29 63 905
29 64 2136
29 65 758
29 66 953
29 67 2184
29 68 806
29 69 1001
29 70 2232
29 71 854
29 72 1049
29 73 2280
29 74 902
29 75 1097
29 76 2328
29 77 950
29 78 1145
29 79 2376
29 80 998
29 81 1193
29 82 2424
29 83 1046
29 84 1241
29 85 2472
29 86 1094
29 87 1289
29 88 2520
29 89 1142
29 90 1337
29 91 2568
29 92 830
30 0 1479
30 1 928
30 2 322
30 3 78
30 4 898
30 5 486
30 6 1075
30 7 1517
30 8 973
30 9 1251
30 10 642
30 11 1663
30 12 1288
30 13 1246
30 14 509
30 15 741
30 16 590
30 17 655
30 18 995
30 19 954
30 20 425
30 21 631
30 22 1037
30 23 1175
30 24 1110
30 25 1418
30 26 243
30 27 629
30 28 533
30 29 1033
30 30 0
30 31 1236
30 32 1270
30 33 1281
30 34 785
30 35 518
30 36 691
30 37 1064
30 38 1359
30 39 128
30 40 1103
30 41 1407
30 42 176
30 43 1151
30 44 1455
30 45 224
30 46 1199
30 47 1503
30 48 272
30 49 1247
30 50 1551
30 51 320
30 52 1295
30 53 1599
30 54 368
30 55 1343
30 56 1647
30 57 416
30 58 1391
30 59 1695
30 60 464
30 61 1439
30 62 1743
30 63 512
30 64 1487
30 65 1791
30 66 560
30 67 1535
30 68 1839
30 69 608
30 70 1583
30 71 1887
30 72 656
30 73 1631
30 74 1935
30 75 704
30 76 1679
30 77 1983
30 78 752
30 79 1727
30 80 2031
30 81 800
30 82 1775
30 83 2079
30 84 848
30 85 1823
30 86 2127
30 87 896
30 88 1871
30 89 2175
30 90 944
30 91 1919
30 92 1479
31 0 435
31 1 746
31 2 1110
31 3 1314
31 4 338
31 5 1188
31 6 599
31 7 1213
31 8 1761
31 9 999
31 10 1526
31 11 2451
31 12 2076
31 13 2034
31 14 1297
31 15 1977
31 16 1474
31 17 1019
31 18 1159
31 19 720
31 20 1249
31 21 1419
31 22 1825
31 23 499
31 24 1994
31 25 182
31 26 1223
31 27 1513
31 28 1769
31 29 833
31 30 1236
31 31 0
31 32 404
31 33 2069
31 34 889
31 35 1306
31 36 1479
31 37 994
31 38 315
31 39 1108
31 40 2339
31 41 267
31 42 1060
31 43 2291
31 44 219
31 45 1012
31 46 2243
31 47 267
31 48 1060
31 49 2291
31 50 315
31 51 1108
31 52 2339
31 53 363
31 54 1156
31 55 2387
31 56 411
31 57 1204
31 58 2435
31 59 459
31 60 1252
31 61 2483
31 62 507
31 63 1300
31 64 2531
31 65 555
31 66 1348
31 67 2579
31 68 603
31 69 1396
31 70 2627
31 71 651
31 72 1444
31 73 2675
31 74 699
31 75 1492
31 76 2723
31 77 747
31 78 1540
31 79 2771
31 80 795
31 81 1588
31 82 2819
31 83 843
31 84 1636
31 85 2867
31 86 891
31 87 1684
31 88 2915
31 89 939
31 90 1732
31 91 2963
31 92 435
32 0 209
32 1 616
32 2 1336
32 3 1348
32 4 742
32 5 1058
32 6 195
32 7 1179
32 8 1987
32 9 965
32 10 1656
32 11 2677
32 12 2302
32 13 2260
32 14 1419
32 15 2011
32 16 1604
32 17 889
32 18 1125
32 19 590
32 20 845
32 21 1489
32 22 2051
32 23 369
32 24 2124
32 25 222
32 26 1027
32 27 1643
32 28 1803
32 29 799
32 30 1270
32 31 404
32 32 0
32 33 2295
32 34 759
32 35 1506
32 36 1705
32 37 960
32 38 89
32 39 1142
32 40 2373
32 41 137
32 42 1190
32 43 2421
32 44 185
32 45 1238
32 46 2469
32 47 233
32 48 1286
32 49 2517
32 50 281
32 51 1334
32 52 2565
32 53 329
32 54 1382
32 55 2613
32 56 377
32 57 1430
32 58 2661
32 59 425
32 60 1478
32 61 2709
32 62 473
32 63 1526
32 64 2757
32 65 521
32 66 1574
32 67 2805
32 68 569
32 69 1622
32 70 2853
32 71 617
32 72 1670
32 73 2901
32 74 665
32 75 1718
32 76 2949
32 77 713
32 78 1766
32 79 2997
32 80 761
32 81 1814
32 82 3045
32 83 809
32 84 1862
32 85 3093
32 86 857
32 87 1910
32 88 3141
32 89 905
32 90 1958
32 91 3189
32 92 209
33 0 2504
33 1 1857
33 2 1059
33 3 1359
33 4 1731
33 5 1415
33 6 2100
33 7 1870
33 8 1136
33 9 1604
33 10 1467
33 11 638
33 12 821
33 13 863
33 14 1054
33 15 1112
33 16 1519
33 17 1584
33 18 1348
33 19 1883
33 20 1450
33 21 984
33 22 1072
33 23 2104
33 24 999
33 25 2251
33 26 1268
33 27 1480
33 28 1320
33 29 1674
33 30 1281
33 31 2069
33 32 2295
33 33 0
33 34 1714
33 35 967
33 36 1236
33 37 1513
33 38 2384
33 39 1153
33 40 750
33 41 2336
33 42 1105
33 43 702
33 44 2288
33 45 1057
33 46 654
33 47 2240
33 48 1009
33 49 606
33 50 2192
33 51 961
33 52 558
33 53 2144
33 54 913
33 55 510
33 56 2096
33 57 865
33 58 462
33 59 2048
33 60 817
33 61 414
33 62 2096
33 63 865
33 64 462
33 65 2144
33 66 913
33 67 510
33 68 2192
33 69 961
33 70 558
33 71 2240
33 72 1009
33 73 606
33 74 2288
33 75 1057
33 76 654
33 77 2336
33 78 1105
33 79 702
33 80 2384
33 81 1153
33 82 750
33 83 2432
33 84 1201
33 85 798
33 86 2480
33 87 1249
33 88 846
33 89 2528
33 90 1297
33 91 894
33 92 2504
34 0 790
34 1 143
34 2 755
34 3 863
34 4 1227
34 5 299
34 6 954
34 7 1664
34 8 1406
34 9 1450
34 10 1075
34 11 2096
34 12 1721
34 13 1679
34 14 942
34 15 1526
34 16 1023
34 17 130
34 18 1428
34 19 169
34 20 954
34 21 1064
34 22 1470
34 23 390
34 24 1543
34 25 707
34 26 772
34 27 1062
34 28 1318
34 29 1284
34 30 785
34 31 889
34 32 759
34 33 1714
34 34 0
34 35 951
34 36 1124
34 37 1445
34 38 670
34 39 657
34 40 1888
34 41 622
34 42 609
34 43 1840
34 44 670
34 45 657
34 46 1888
34 47 718
34 48 705
34 49 1936
34 50 766
34 51 753
34 52 1984
34 53 814
34 54 801
34 55 2032
34 56 862
34 57 849
34 58 2080
34 59 910
34 60 897
34 61 2128
34 62 958
34 63 945
34 64 2176
34 65 1006
34 66 993
34 67 2224
34 68 1054
34 69 1041
34 70 2272
34 71 1102
34 72 1089
34 73 2320
34 74 1150
34 75 1137
34 76 2368
34 77 1198
34 78 1185
34 79 2416
34 80 1246
34 81 1233
34 82 2464
34 83 1294
34 84 1281
34 85 2512
34 86 1342
34 87 1329
34 88 2560
34 89 1390
34 90 1377
34 91 2608
34 92 790
35 0 1537
35 1 1094
35 2 296
35 3 596
35 4 968
35 5 652
35 6 1337
35 7 1203
35 8 659
35 9 937
35 10 808
35 11 1349
35 12 1358
35 13 932
35 14 291
35 15 1259
35 16 756
35 17 821
35 18 681
35 19 1120
35 20 687
35 21 317
35 22 1011
35 23 1341
35 24 1276
35 25 1358
35 26 505
35 27 795
35 28 1051
35 29 911
35 30 518
35 31 1306
35 32 1506
35 33 967
35 34 951
35 35 0
35 36 473
35 37 546
35 38 1417
35 39 390
35 40 1621
35 41 1369
35 42 342
35 43 1573
35 44 1321
35 45 294
35 46 1525
35 47 1273
35 48 246
35 49 1477
35 50 1225
35 51 198
35 52 1429
35 53 1177
35 54 150
35 55 1381
35 56 1129
35 57 102
35 58 1333
35 59 1177
35 60 150
35 61 1381
35 62 1225
35 63 198
35 64 1429
35 65 1273
35 66 246
35 67 1477
35 68 1321
35 69 294
35 70 1525
35 71 1369
35 72 342
35 73 1573
35 74 1417
35 75 390
35 76 1621
35 77 1465
35 78 438
35 79 1669
35 80 1513
35 81 486
35 82 1717
35 83 1561
35 84 534
35 85 1765
35 86 1609
35 87 582
35 88 1813
35 89 1657
35 90 630
35 91 1861
35 92 1537
36 0 1914
36 1 1267
36 2 469
36 3 769
36 4 1141
36 5 825
36 6 1510
36 7 1472
36 8 928
36 9 1206
36 10 981
36 11 1228
36 12 1219
36 13 1201
36 14 464
36 15 1432
36 16 929
36 17 994
36 18 950
36 19 1293
36 20 860
36 21 586
36 22 1184
36 23 1514
36 24 1397
36 25 1661
36 26 678
36 27 968
36 28 1224
36 29 1084
36 30 691
36 31 1479
36 32 1705
36 33 1236
36 34 1124
36 35 473
36 36 0
36 37 1019
36 38 1794
36 39 563
36 40 1148
36 41 1746
36 42 515
36 43 1100
36 44 1698
36 45 467
36 46 1052
36 47 1650
36 48 419
36 49 1004
36 50 1602
36 51 371
36 52 956
36 53 1554
36 54 323
36 55 908
36 56 1602
36 57 371
36 58 956
36 59 1650
36 60 419
36 61 1004
36 62 1698
36 63 467
36 64 1052
36 65 1746
36 66 515
36 67 1100
36 68 1794
36 69 563
36 70 1148
36 71 1842
36 72 611
36 73 1196
36 74 1890
36 75 659
36 76 1244
36 77 1938
36 78 707
36 79 1292
36 80 1986
36 81 755
36 82 1340
36 83 2034
36 84 803
36 85 1388
36 86 2082
36 87 851
36 88 1436
36 89 2130
36 90 899
36 91 1484
36 92 1914
37 0 991
37 1 1302
37 2 842
37 3 1142
37 4 1332
37 5 1198
37 6 1155
37 7 1385
37 8 1205
37 9 1171
37 10 1354
37 11 1895
37 12 1904
37 13 1478
37 14 837
37 15 1805
37 16 1302
37 17 1367
37 18 1227
37 19 1276
37 20 1233
37 21 863
37 22 1557
37 23 1055
37 24 1822
37 25 812
37 26 1051
37 27 1341
37 28 1597
37 29 1197
37 30 1064
37 31 994
37 32 960
37 33 1513
37 34 1445
37 35 546
37 36 1019
37 37 0
37 38 871
37 39 936
37 40 2167
37 41 823
37 42 888
37 43 2119
37 44 775
37 45 840
37 46 2071
37 47 727
37 48 792
37 49 2023
37 50 679
37 51 744
37 52 1975
37 53 631
37 54 696
37 55 1927
37 56 583
37 57 648
37 58 1879
37 59 631
37 60 696
37 61 1927
37 62 679
37 63 744
37 64 1975
37 65 727
37 66 792
37 67 2023
37 68 775
37 69 840
37 70 2071
37 71 823
37 72 888
37 73 2119
37 74 871
37 75 936
37 76 2167
37 77 919
37 78 984
37 79 2215
37 80 967
37 81 1032
37 82 2263
37 83 1015
37 84 1080
37 85 2311
37 86 1063
37 87 1128
37 88 2359
37 89 1111
37 90 1176
37 91 2407
37 92 991
38 0 120
38 1 527
38 2 1325
38 3 1437
38 4 653
38 5 969
38 6 284
38 7 1090
38 8 2076
38 9 876
38 10 1745
38 11 2766
38 12 2391
38 13 2349
38 14 1330
38 15 2100
38 16 1693
38 17 800
38 18 1036
38 19 501
38 20 934
38 21 1400
38 22 2140
38 23 280
38 24 2213
38 25 133
38 26 1116
38 27 1732
38 28 1892
