//alpha
1
//NbLocations
68
//NbProducts
31
//NbPickers
2
//CapaPicker
8
//TimeToTravelOneDistanceUnit
3
//SetupTime
5400
//PickTime
300
//Products
//Idx Location Size
1 1 1
2 2 1
3 3 1
4 4 1
5 5 1
6 6 1
7 7 1
8 8 1
9 9 1
10 10 1
11 11 1
12 12 1
13 13 1
14 14 1
15 15 1
16 16 1
17 17 1
18 18 1
19 19 1
20 20 1
21 21 1
22 22 1
23 23 1
24 24 1
25 25 1
26 26 1
27 27 1
28 28 1
29 29 1
30 30 1
31 31 1
//Orders
//NbOrders
18
//Idx DueDate TardinessPenalty NbProdInOrder ProdIdx1 Qty1 ProdIdx2 Qty2 ...
1 36000 0 1 1 1
2 126000 0 1 2 1
3 72000 0 1 3 1
4 90000 0 2 4 1 5 1
5 54000 0 2 6 1 7 1
6 144000 0 1 8 1
7 108000 0 1 9 1
8 126000 0 4 10 1 11 1 12 1 13 1
9 108000 0 6 14 1 15 1 16 1 17 1 18 1 19 1
10 108000 0 1 20 1
11 72000 0 2 21 1 22 1
12 90000 0 1 23 1
13 54000 0 1 24 1
14 72000 0 1 25 1
15 90000 0 1 26 1
16 72000 0 2 27 1 28 1
17 90000 0 2 29 1 30 1
18 108000 0 1 31 1
//Graph (Products are vertices indexed from 1 to NbProducts)
//NbVerticesIntersections
36
//DepartingDepot
0
//ArrivalDepot
68
//Arcs
//Start End Distance
0 32 120
1 6 299
1 39 453
2 20 234
2 52 479
3 45 388
3 46 453
4 26 39
4 32 89
5 50 414
5 51 427
6 1 299
6 38 89
7 26 182
7 33 531
8 9 0
8 63 700
9 8 0
9 62 141
10 65 89
10 66 752
11 22 299
11 49 375
12 29 104
12 35 102
13 15 338
13 64 388
14 16 494
14 19 208
15 13 338
15 63 115
16 14 494
16 61 50
17 21 65
17 53 76
18 54 50
18 55 791
19 14 208
19 60 89
20 2 234
20 51 128
21 17 65
21 28 104
22 11 299
22 48 167
23 31 416
23 37 167
24 33 362
24 34 479
25 42 310
25 43 531
26 4 39
26 7 182
27 56 141
27 57 700
28 21 104
28 54 596
29 12 104
29 36 635
30 41 128
30 42 713
31 23 416
31 36 258
32 4 89
32 35 48
32 68 120
33 7 531
33 24 362
33 36 48
34 24 479
34 37 48
35 12 102
35 32 48
35 38 48
36 29 635
36 31 258
36 33 48
36 39 48
37 23 167
37 34 48
37 40 48
38 6 89
38 35 48
38 41 48
39 1 453
39 36 48
39 40 841
39 42 48
40 37 48
40 39 841
40 43 48
41 30 128
41 38 48
41 44 48
42 25 310
42 30 713
42 39 48
42 45 48
43 25 531
43 40 48
43 46 48
44 41 48
44 45 841
44 47 48
45 3 388
45 42 48
45 44 841
45 48 48
46 3 453
46 43 48
46 49 48
47 44 48
47 48 841
47 50 48
48 22 167
48 45 48
48 47 841
48 51 48
49 11 375
49 46 48
49 52 48
50 5 414
50 47 48
50 53 48
51 5 427
51 20 128
51 48 48
51 54 48
52 2 479
52 49 48
52 55 48
53 17 76
53 50 48
53 56 48
54 18 50
54 28 596
54 51 48
54 57 48
55 18 791
55 52 48
55 58 48
56 27 141
56 53 48
56 59 48
57 27 700
57 54 48
57 58 841
57 60 48
58 55 48
58 57 841
58 61 48
59 56 48
59 60 841
59 62 48
60 19 89
60 57 48
60 59 841
60 63 48
61 16 50
61 58 48
61 64 48
62 9 141
62 59 48
62 65 48
63 8 700
63 15 115
63 60 48
63 66 48
64 13 388
64 61 48
64 67 48
65 10 89
65 62 48
66 10 752
66 63 48
66 67 841
67 64 48
67 66 841
//LocStart LocEnd ShortestPath
0 0 0
0 1 604
0 2 1611
0 3 1541
0 4 209
0 5 822
0 6 305
0 7 430
0 8 741
0 9 741
0 10 737
0 11 1667
0 12 270
0 13 1894
0 14 1690
0 15 1556
0 16 2184
0 17 532
0 18 1347
0 19 1482
0 20 1377
0 21 597
0 22 1368
0 23 1683
0 24 1323
0 25 1415
0 26 248
0 27 645
0 28 701
0 29 374
0 30 392
0 31 1267
0 32 120
0 33 961
0 34 1802
0 35 168
0 36 1009
0 37 1850
0 38 216
0 39 1057
0 40 1898
0 41 264
0 42 1105
0 43 1946
0 44 312
0 45 1153
0 46 1994
0 47 360
0 48 1201
0 49 2042
0 50 408
0 51 1249
0 52 2090
0 53 456
0 54 1297
0 55 2138
0 56 504
0 57 1345
0 58 2186
0 59 552
0 60 1393
0 61 2234
0 62 600
0 63 1441
0 64 2282
0 65 648
0 66 1489
0 67 2330
0 68 0
1 0 604
1 1 0
1 2 1007
1 3 937
1 4 573
1 5 994
1 6 299
1 7 794
1 8 913
1 9 913
1 10 909
1 11 1063
1 12 538
1 13 1290
1 14 1086
1 15 952
1 16 1580
1 17 704
1 18 743
1 19 878
1 20 773
1 21 769
1 22 764
1 23 1175
1 24 911
1 25 811
1 26 612
1 27 817
1 28 873
1 29 642
1 30 564
1 31 759
1 32 484
1 33 549
1 34 1390
1 35 436
1 36 501
1 37 1342
1 38 388
1 39 453
1 40 1294
1 41 436
1 42 501
1 43 1342
1 44 484
1 45 549
1 46 1390
1 47 532
1 48 597
1 49 1438
1 50 580
1 51 645
1 52 1486
1 53 628
1 54 693
1 55 1534
1 56 676
1 57 741
1 58 1582
1 59 724
1 60 789
1 61 1630
1 62 772
1 63 837
1 64 1678
1 65 820
1 66 885
1 67 1726
1 68 604
2 0 1611
2 1 1007
2 2 0
2 3 846
2 4 1402
2 5 789
2 6 1306
2 7 1181
2 8 1254
2 9 1254
2 10 1354
2 11 876
2 12 1341
2 13 1007
2 14 803
2 15 669
2 16 673
2 17 1175
2 18 460
2 19 595
2 20 234
2 21 1110
2 22 577
2 23 886
2 24 1012
2 25 816
2 26 1363
2 27 1158
2 28 1006
2 29 1237
2 30 1219
2 31 860
2 32 1491
2 33 650
2 34 767
2 35 1443
2 36 602
2 37 719
2 38 1395
2 39 554
2 40 671
2 41 1347
2 42 506
2 43 623
2 44 1299
2 45 458
2 46 575
2 47 1251
2 48 410
2 49 527
2 50 1203
2 51 362
2 52 479
2 53 1251
2 54 410
2 55 527
2 56 1299
2 57 458
2 58 575
2 59 1347
2 60 506
2 61 623
2 62 1395
2 63 554
2 64 671
2 65 1443
2 66 602
2 67 719
2 68 1611
3 0 1541
3 1 937
3 2 846
3 3 0
3 4 1332
3 5 911
3 6 1236
3 7 1111
3 8 1376
3 9 1376
3 10 1476
3 11 876
3 12 1271
3 13 1129
3 14 925
3 15 791
3 16 743
3 17 1297
3 18 582
3 19 717
3 20 612
3 21 1232
3 22 603
3 23 764
3 24 942
3 25 746
3 26 1293
3 27 1280
3 28 1128
3 29 1167
3 30 1149
3 31 790
3 32 1421
3 33 580
3 34 645
3 35 1373
3 36 532
3 37 597
3 38 1325
3 39 484
3 40 549
3 41 1277
3 42 436
3 43 501
3 44 1229
3 45 388
3 46 453
3 47 1277
3 48 436
3 49 501
3 50 1325
3 51 484
3 52 549
3 53 1373
3 54 532
3 55 597
3 56 1421
3 57 580
3 58 645
3 59 1469
3 60 628
3 61 693
3 62 1517
3 63 676
3 64 741
3 65 1565
3 66 724
3 67 789
3 68 1541
4 0 209
4 1 573
4 2 1402
4 3 1332
4 4 0
4 5 791
4 6 274
4 7 221
4 8 710
4 9 710
4 10 706
4 11 1458
4 12 239
4 13 1685
4 14 1481
4 15 1347
4 16 1975
4 17 501
4 18 1138
4 19 1273
4 20 1168
4 21 566
4 22 1159
4 23 1474
4 24 1114
4 25 1206
4 26 39
4 27 614
4 28 670
4 29 343
4 30 361
4 31 1058
4 32 89
4 33 752
4 34 1593
4 35 137
4 36 800
4 37 1641
4 38 185
4 39 848
4 40 1689
4 41 233
4 42 896
4 43 1737
4 44 281
4 45 944
4 46 1785
4 47 329
4 48 992
4 49 1833
4 50 377
4 51 1040
4 52 1881
4 53 425
4 54 1088
4 55 1929
4 56 473
4 57 1136
4 58 1977
4 59 521
4 60 1184
4 61 2025
4 62 569
4 63 1232
4 64 2073
4 65 617
4 66 1280
4 67 2121
4 68 209
5 0 822
5 1 994
5 2 789
5 3 911
5 4 791
5 5 0
5 6 695
5 7 1012
5 8 747
5 9 747
5 10 743
5 11 941
5 12 756
5 13 1072
5 14 868
5 15 734
5 16 1362
5 17 538
5 18 525
5 19 660
5 20 555
5 21 603
5 22 642
5 23 1341
5 24 1077
5 25 881
5 26 830
5 27 651
5 28 707
5 29 860
5 30 686
5 31 925
5 32 702
5 33 715
5 34 1556
5 35 654
5 36 667
5 37 1508
5 38 606
5 39 619
5 40 1460
5 41 558
5 42 571
5 43 1412
5 44 510
5 45 523
5 46 1364
5 47 462
5 48 475
5 49 1316
5 50 414
5 51 427
5 52 1268
5 53 462
5 54 475
5 55 1316
5 56 510
5 57 523
5 58 1364
5 59 558
5 60 571
5 61 1412
5 62 606
5 63 619
5 64 1460
5 65 654
5 66 667
5 67 1508
5 68 822
6 0 305
6 1 299
6 2 1306
6 3 1236
6 4 274
6 5 695
6 6 0
6 7 495
6 8 614
6 9 614
6 10 610
6 11 1362
6 12 239
6 13 1589
6 14 1385
6 15 1251
6 16 1879
6 17 405
6 18 1042
6 19 1177
6 20 1072
6 21 470
6 22 1063
6 23 1474
6 24 1210
6 25 1110
6 26 313
6 27 518
6 28 574
6 29 343
6 30 265
6 31 1058
6 32 185
6 33 848
6 34 1689
6 35 137
6 36 800
6 37 1641
6 38 89
6 39 752
6 40 1593
6 41 137
6 42 800
6 43 1641
6 44 185
6 45 848
6 46 1689
6 47 233
6 48 896
6 49 1737
6 50 281
6 51 944
6 52 1785
6 53 329
6 54 992
6 55 1833
6 56 377
6 57 1040
6 58 1881
6 59 425
6 60 1088
6 61 1929
6 62 473
6 63 1136
6 64 1977
6 65 521
6 66 1184
6 67 2025
6 68 305
7 0 430
7 1 794
7 2 1181
7 3 1111
7 4 221
7 5 1012
7 6 495
7 7 0
7 8 931
7 9 931
7 10 927
7 11 1237
7 12 460
7 13 1464
7 14 1260
7 15 1126
7 16 1754
7 17 722
7 18 917
7 19 1052
7 20 947
7 21 787
7 22 938
7 23 1253
7 24 893
7 25 985
7 26 182
7 27 835
7 28 891
7 29 564
7 30 582
7 31 837
7 32 310
7 33 531
7 34 1372
7 35 358
7 36 579
7 37 1420
7 38 406
7 39 627
7 40 1468
7 41 454
7 42 675
7 43 1516
7 44 502
7 45 723
7 46 1564
7 47 550
7 48 771
7 49 1612
7 50 598
7 51 819
7 52 1660
7 53 646
7 54 867
7 55 1708
7 56 694
7 57 915
7 58 1756
7 59 742
7 60 963
7 61 1804
7 62 790
7 63 1011
7 64 1852
7 65 838
7 66 1059
7 67 1900
7 68 430
8 0 741
8 1 913
8 2 1254
8 3 1376
8 4 710
8 5 747
8 6 614
8 7 931
8 8 0
8 9 0
8 10 278
8 11 1406
8 12 675
8 13 1153
8 14 1045
8 15 815
8 16 1539
8 17 361
8 18 894
8 19 837
8 20 1020
8 21 426
8 22 1107
8 23 1806
8 24 1542
8 25 1346
8 26 749
8 27 378
8 28 530
8 29 779
8 30 605
8 31 1390
8 32 621
8 33 1180
8 34 2021
8 35 573
8 36 1132
8 37 1973
8 38 525
8 39 1084
8 40 1925
8 41 477
8 42 1036
8 43 1877
8 44 429
8 45 988
8 46 1829
8 47 381
8 48 940
8 49 1781
8 50 333
8 51 892
8 52 1733
8 53 285
8 54 844
8 55 1685
8 56 237
8 57 796
8 58 1637
8 59 189
8 60 748
8 61 1589
8 62 141
8 63 700
8 64 1541
8 65 189
8 66 748
8 67 1589
8 68 741
9 0 741
9 1 913
9 2 1254
9 3 1376
9 4 710
9 5 747
9 6 614
9 7 931
9 8 0
9 9 0
9 10 278
9 11 1406
9 12 675
9 13 1153
9 14 1045
9 15 815
9 16 1539
9 17 361
9 18 894
9 19 837
9 20 1020
9 21 426
9 22 1107
9 23 1806
9 24 1542
9 25 1346
9 26 749
9 27 378
9 28 530
9 29 779
9 30 605
9 31 1390
9 32 621
9 33 1180
9 34 2021
9 35 573
9 36 1132
9 37 1973
9 38 525
9 39 1084
9 40 1925
9 41 477
9 42 1036
9 43 1877
9 44 429
9 45 988
9 46 1829
9 47 381
9 48 940
9 49 1781
9 50 333
9 51 892
9 52 1733
9 53 285
9 54 844
9 55 1685
9 56 237
9 57 796
9 58 1637
9 59 189
9 60 748
9 61 1589
9 62 141
9 63 700
9 64 1541
9 65 189
9 66 748
9 67 1589
9 68 741
10 0 737
10 1 909
10 2 1354
10 3 1476
10 4 706
10 5 743
10 6 610
10 7 927
10 8 278
10 9 278
10 10 0
10 11 1506
10 12 671
10 13 1253
10 14 1145
10 15 915
10 16 1639
10 17 357
10 18 994
10 19 937
10 20 1120
10 21 422
10 22 1207
10 23 1906
10 24 1642
10 25 1446
10 26 745
10 27 374
10 28 526
10 29 775
10 30 601
10 31 1490
10 32 617
10 33 1280
10 34 2121
10 35 569
10 36 1232
10 37 2073
10 38 521
10 39 1184
10 40 2025
10 41 473
10 42 1136
10 43 1977
10 44 425
10 45 1088
10 46 1929
10 47 377
10 48 1040
10 49 1881
10 50 329
10 51 992
10 52 1833
10 53 281
10 54 944
10 55 1785
10 56 233
10 57 896
10 58 1737
10 59 185
10 60 848
10 61 1689
10 62 137
10 63 800
10 64 1641
10 65 89
10 66 752
10 67 1593
10 68 737
11 0 1667
11 1 1063
11 2 876
11 3 876
11 4 1458
11 5 941
11 6 1362
11 7 1237
11 8 1406
11 9 1406
11 10 1506
11 11 0
11 12 1397
11 13 1003
11 14 955
11 15 821
11 16 617
11 17 1327
11 18 612
11 19 747
11 20 642
11 21 1262
11 22 299
11 23 734
11 24 1068
11 25 872
11 26 1419
11 27 1310
11 28 1158
11 29 1293
11 30 1275
11 31 916
11 32 1547
11 33 706
11 34 615
11 35 1499
11 36 658
11 37 567
11 38 1451
11 39 610
11 40 519
11 41 1403
11 42 562
11 43 471
11 44 1355
11 45 514
11 46 423
11 47 1307
11 48 466
11 49 375
11 50 1355
11 51 514
11 52 423
11 53 1403
11 54 562
11 55 471
11 56 1451
11 57 610
11 58 519
11 59 1499
11 60 658
11 61 567
11 62 1547
11 63 706
11 64 615
11 65 1595
11 66 754
11 67 663
11 68 1667
12 0 270
12 1 538
12 2 1341
12 3 1271
12 4 239
12 5 756
12 6 239
12 7 460
12 8 675
12 9 675
12 10 671
12 11 1397
12 12 0
12 13 1624
12 14 1420
12 15 1286
12 16 1914
12 17 466
12 18 1077
12 19 1212
12 20 1107
12 21 531
12 22 1098
12 23 1413
12 24 1149
12 25 1145
12 26 278
12 27 579
12 28 635
12 29 104
12 30 326
12 31 997
12 32 150
12 33 787
12 34 1628
12 35 102
12 36 739
12 37 1580
12 38 150
12 39 787
12 40 1628
12 41 198
12 42 835
12 43 1676
12 44 246
12 45 883
12 46 1724
12 47 294
12 48 931
12 49 1772
12 50 342
12 51 979
12 52 1820
12 53 390
12 54 1027
12 55 1868
12 56 438
12 57 1075
12 58 1916
12 59 486
12 60 1123
12 61 1964
12 62 534
12 63 1171
12 64 2012
12 65 582
12 66 1219
12 67 2060
12 68 270
13 0 1894
13 1 1290
13 2 1007
13 3 1129
13 4 1685
13 5 1072
13 6 1589
13 7 1464
13 8 1153
13 9 1153
13 10 1253
13 11 1003
13 12 1624
13 13 0
13 14 798
13 15 338
13 16 486
13 17 1362
13 18 647
13 19 590
13 20 773
13 21 1297
13 22 860
13 23 987
13 24 1295
13 25 1099
13 26 1646
13 27 1249
13 28 1193
13 29 1520
13 30 1502
13 31 1143
13 32 1774
13 33 933
13 34 868
13 35 1726
13 36 885
13 37 820
13 38 1678
13 39 837
13 40 772
13 41 1630
13 42 789
13 43 724
13 44 1582
13 45 741
13 46 676
13 47 1534
13 48 693
13 49 628
13 50 1486
13 51 645
13 52 580
13 53 1438
13 54 597
13 55 532
13 56 1390
13 57 549
13 58 484
13 59 1342
13 60 501
13 61 436
13 62 1294
13 63 453
13 64 388
13 65 1342
13 66 501
13 67 436
13 68 1894
14 0 1690
14 1 1086
14 2 803
14 3 925
14 4 1481
14 5 868
14 6 1385
14 7 1260
14 8 1045
14 9 1045
14 10 1145
14 11 955
14 12 1420
14 13 798
14 14 0
14 15 460
14 16 494
14 17 1158
14 18 443
14 19 208
14 20 569
14 21 1093
14 22 656
14 23 1095
14 24 1091
14 25 895
14 26 1442
14 27 1045
14 28 989
14 29 1316
14 30 1298
14 31 939
14 32 1570
14 33 729
14 34 976
14 35 1522
14 36 681
14 37 928
14 38 1474
14 39 633
14 40 880
14 41 1426
14 42 585
14 43 832
14 44 1378
14 45 537
14 46 784
14 47 1330
14 48 489
14 49 736
14 50 1282
14 51 441
14 52 688
14 53 1234
14 54 393
14 55 640
14 56 1186
14 57 345
14 58 592
14 59 1138
14 60 297
14 61 544
14 62 1186
14 63 345
14 64 592
14 65 1234
14 66 393
14 67 640
14 68 1690
15 0 1556
15 1 952
15 2 669
15 3 791
15 4 1347
15 5 734
15 6 1251
15 7 1126
15 8 815
15 9 815
15 10 915
15 11 821
15 12 1286
15 13 338
15 14 460
15 15 0
15 16 824
15 17 1024
15 18 309
15 19 252
15 20 435
15 21 959
15 22 522
15 23 1221
15 24 957
15 25 761
15 26 1308
15 27 911
15 28 855
15 29 1182
15 30 1164
15 31 805
15 32 1436
15 33 595
15 34 1206
15 35 1388
15 36 547
15 37 1158
15 38 1340
15 39 499
15 40 1110
15 41 1292
15 42 451
15 43 1062
15 44 1244
15 45 403
15 46 1014
15 47 1196
15 48 355
15 49 966
15 50 1148
15 51 307
15 52 918
15 53 1100
15 54 259
15 55 870
15 56 1052
15 57 211
15 58 822
15 59 1004
15 60 163
15 61 774
15 62 956
15 63 115
15 64 726
15 65 1004
15 66 163
15 67 774
15 68 1556
16 0 2184
16 1 1580
16 2 673
16 3 743
16 4 1975
16 5 1362
16 6 1879
16 7 1754
16 8 1539
16 9 1539
16 10 1639
16 11 617
16 12 1914
16 13 486
16 14 494
16 15 824
16 16 0
16 17 1652
16 18 937
16 19 702
16 20 907
16 21 1587
16 22 916
16 23 601
16 24 961
16 25 869
16 26 1936
16 27 1539
16 28 1483
16 29 1810
16 30 1792
16 31 1017
16 32 2064
16 33 1223
16 34 482
16 35 2016
16 36 1175
16 37 434
16 38 1968
16 39 1127
16 40 386
16 41 1920
16 42 1079
16 43 338
16 44 1872
16 45 1031
16 46 290
16 47 1824
16 48 983
16 49 242
16 50 1776
16 51 935
16 52 194
16 53 1728
16 54 887
16 55 146
16 56 1680
16 57 839
16 58 98
16 59 1632
16 60 791
16 61 50
16 62 1680
16 63 839
16 64 98
16 65 1728
16 66 887
16 67 146
16 68 2184
17 0 532
17 1 704
17 2 1175
17 3 1297
17 4 501
17 5 538
17 6 405
17 7 722
17 8 361
17 9 361
17 10 357
17 11 1327
17 12 466
17 13 1362
17 14 1158
17 15 1024
17 16 1652
17 17 0
17 18 815
17 19 950
17 20 941
17 21 65
17 22 1028
17 23 1727
17 24 1463
17 25 1267
17 26 540
17 27 265
17 28 169
17 29 570
17 30 396
17 31 1311
17 32 412
17 33 1101
17 34 1942
17 35 364
17 36 1053
17 37 1894
17 38 316
17 39 1005
17 40 1846
17 41 268
17 42 957
17 43 1798
17 44 220
17 45 909
17 46 1750
17 47 172
17 48 861
17 49 1702
17 50 124
17 51 813
17 52 1654
17 53 76
17 54 765
17 55 1606
17 56 124
17 57 813
17 58 1654
17 59 172
17 60 861
17 61 1702
17 62 220
17 63 909
17 64 1750
17 65 268
17 66 957
17 67 1798
17 68 532
18 0 1347
18 1 743
18 2 460
18 3 582
18 4 1138
18 5 525
18 6 1042
18 7 917
18 8 894
18 9 894
18 10 994
18 11 612
18 12 1077
18 13 647
18 14 443
18 15 309
18 16 937
18 17 815
18 18 0
18 19 235
18 20 226
18 21 750
18 22 313
18 23 1012
18 24 748
18 25 552
18 26 1099
18 27 798
18 28 646
18 29 973
18 30 955
18 31 596
18 32 1227
18 33 386
18 34 1127
18 35 1179
18 36 338
18 37 1079
18 38 1131
18 39 290
18 40 1031
18 41 1083
18 42 242
18 43 983
18 44 1035
18 45 194
18 46 935
18 47 987
18 48 146
18 49 887
18 50 939
18 51 98
18 52 839
18 53 891
18 54 50
18 55 791
18 56 939
18 57 98
18 58 839
18 59 987
18 60 146
18 61 887
18 62 1035
18 63 194
18 64 935
18 65 1083
18 66 242
18 67 983
18 68 1347
19 0 1482
19 1 878
19 2 595
19 3 717
19 4 1273
19 5 660
19 6 1177
19 7 1052
19 8 837
19 9 837
19 10 937
19 11 747
19 12 1212
19 13 590
19 14 208
19 15 252
19 16 702
19 17 950
19 18 235
19 19 0
19 20 361
19 21 885
19 22 448
19 23 1147
19 24 883
19 25 687
19 26 1234
19 27 837
19 28 781
19 29 1108
19 30 1090
19 31 731
19 32 1362
19 33 521
19 34 1184
19 35 1314
19 36 473
19 37 1136
19 38 1266
19 39 425
19 40 1088
19 41 1218
19 42 377
19 43 1040
19 44 1170
19 45 329
19 46 992
19 47 1122
19 48 281
19 49 944
19 50 1074
19 51 233
19 52 896
19 53 1026
19 54 185
19 55 848
19 56 978
19 57 137
19 58 800
19 59 930
19 60 89
19 61 752
19 62 978
19 63 137
19 64 800
19 65 1026
19 66 185
19 67 848
19 68 1482
20 0 1377
20 1 773
20 2 234
20 3 612
20 4 1168
20 5 555
20 6 1072
20 7 947
20 8 1020
20 9 1020
20 10 1120
20 11 642
20 12 1107
20 13 773
20 14 569
20 15 435
20 16 907
20 17 941
20 18 226
20 19 361
20 20 0
20 21 876
20 22 343
20 23 1042
20 24 778
20 25 582
20 26 1129
20 27 924
20 28 772
20 29 1003
20 30 985
20 31 626
20 32 1257
20 33 416
20 34 1001
20 35 1209
20 36 368
20 37 953
20 38 1161
20 39 320
20 40 905
20 41 1113
20 42 272
20 43 857
20 44 1065
20 45 224
20 46 809
20 47 1017
20 48 176
20 49 761
20 50 969
20 51 128
20 52 713
20 53 1017
20 54 176
20 55 761
20 56 1065
20 57 224
20 58 809
20 59 1113
20 60 272
20 61 857
20 62 1161
20 63 320
20 64 905
20 65 1209
20 66 368
20 67 953
20 68 1377
21 0 597
21 1 769
21 2 1110
21 3 1232
21 4 566
21 5 603
21 6 470
21 7 787
21 8 426
21 9 426
21 10 422
21 11 1262
21 12 531
21 13 1297
21 14 1093
21 15 959
21 16 1587
21 17 65
21 18 750
21 19 885
21 20 876
21 21 0
21 22 963
21 23 1662
21 24 1398
21 25 1202
21 26 605
21 27 330
21 28 104
21 29 635
21 30 461
21 31 1246
21 32 477
21 33 1036
21 34 1877
21 35 429
21 36 988
21 37 1829
21 38 381
21 39 940
21 40 1781
21 41 333
21 42 892
21 43 1733
21 44 285
21 45 844
21 46 1685
21 47 237
21 48 796
21 49 1637
21 50 189
21 51 748
21 52 1589
21 53 141
21 54 700
21 55 1541
21 56 189
21 57 748
21 58 1589
21 59 237
21 60 796
21 61 1637
21 62 285
21 63 844
21 64 1685
21 65 333
21 66 892
21 67 1733
21 68 597
22 0 1368
22 1 764
22 2 577
22 3 603
22 4 1159
22 5 642
22 6 1063
22 7 938
22 8 1107
22 9 1107
22 10 1207
22 11 299
22 12 1098
22 13 860
22 14 656
22 15 522
22 16 916
22 17 1028
22 18 313
22 19 448
22 20 343
22 21 963
22 22 0
22 23 1033
22 24 769
22 25 573
22 26 1120
22 27 1011
22 28 859
22 29 994
22 30 976
22 31 617
22 32 1248
22 33 407
22 34 914
22 35 1200
22 36 359
22 37 866
22 38 1152
22 39 311
22 40 818
22 41 1104
22 42 263
22 43 770
22 44 1056
22 45 215
22 46 722
22 47 1008
22 48 167
22 49 674
22 50 1056
22 51 215
22 52 722
22 53 1104
22 54 263
22 55 770
22 56 1152
22 57 311
22 58 818
22 59 1200
22 60 359
22 61 866
22 62 1248
22 63 407
22 64 914
22 65 1296
22 66 455
22 67 962
22 68 1368
23 0 1683
23 1 1175
23 2 886
23 3 764
23 4 1474
23 5 1341
23 6 1474
23 7 1253
23 8 1806
23 9 1806
23 10 1906
23 11 734
23 12 1413
23 13 987
23 14 1095
23 15 1221
23 16 601
23 17 1727
23 18 1012
23 19 1147
23 20 1042
23 21 1662
23 22 1033
23 23 0
23 24 694
23 25 794
23 26 1435
23 27 1710
23 28 1558
23 29 1309
23 30 1483
23 31 416
23 32 1563
23 33 722
23 34 215
23 35 1515
23 36 674
23 37 167
23 38 1563
23 39 722
23 40 215
23 41 1611
23 42 770
23 43 263
23 44 1659
23 45 818
23 46 311
23 47 1707
23 48 866
23 49 359
23 50 1755
23 51 914
23 52 407
23 53 1803
23 54 962
23 55 455
23 56 1851
23 57 1010
23 58 503
23 59 1899
23 60 1058
23 61 551
23 62 1947
23 63 1106
23 64 599
23 65 1995
23 66 1154
23 67 647
23 68 1683
24 0 1323
24 1 911
24 2 1012
24 3 942
24 4 1114
24 5 1077
24 6 1210
24 7 893
24 8 1542
24 9 1542
24 10 1642
24 11 1068
24 12 1149
24 13 1295
24 14 1091
24 15 957
24 16 961
24 17 1463
24 18 748
24 19 883
24 20 778
24 21 1398
24 22 769
24 23 694
24 24 0
24 25 816
24 26 1075
24 27 1446
24 28 1294
24 29 1045
24 30 1219
24 31 668
24 32 1203
24 33 362
24 34 479
24 35 1251
24 36 410
24 37 527
24 38 1299
24 39 458
24 40 575
24 41 1347
24 42 506
24 43 623
24 44 1395
24 45 554
24 46 671
24 47 1443
24 48 602
24 49 719
24 50 1491
24 51 650
24 52 767
24 53 1539
24 54 698
24 55 815
24 56 1587
24 57 746
24 58 863
24 59 1635
24 60 794
24 61 911
24 62 1683
24 63 842
24 64 959
24 65 1731
24 66 890
24 67 1007
24 68 1323
25 0 1415
25 1 811
25 2 816
25 3 746
25 4 1206
25 5 881
25 6 1110
25 7 985
25 8 1346
25 9 1346
25 10 1446
25 11 872
25 12 1145
25 13 1099
25 14 895
25 15 761
25 16 869
25 17 1267
25 18 552
25 19 687
25 20 582
25 21 1202
25 22 573
25 23 794
25 24 816
25 25 0
25 26 1167
25 27 1250
25 28 1098
25 29 1041
25 30 1023
25 31 664
25 32 1295
25 33 454
25 34 675
25 35 1247
25 36 406
25 37 627
25 38 1199
25 39 358
25 40 579
25 41 1151
25 42 310
25 43 531
25 44 1199
25 45 358
25 46 579
25 47 1247
25 48 406
25 49 627
25 50 1295
25 51 454
25 52 675
25 53 1343
25 54 502
25 55 723
25 56 1391
25 57 550
25 58 771
25 59 1439
25 60 598
25 61 819
25 62 1487
25 63 646
25 64 867
25 65 1535
25 66 694
25 67 915
25 68 1415
26 0 248
26 1 612
26 2 1363
26 3 1293
26 4 39
26 5 830
26 6 313
26 7 182
26 8 749
26 9 749
26 10 745
26 11 1419
26 12 278
26 13 1646
26 14 1442
26 15 1308
26 16 1936
26 17 540
26 18 1099
26 19 1234
26 20 1129
26 21 605
26 22 1120
26 23 1435
26 24 1075
26 25 1167
26 26 0
26 27 653
26 28 709
26 29 382
26 30 400
26 31 1019
26 32 128
26 33 713
26 34 1554
26 35 176
26 36 761
26 37 1602
26 38 224
26 39 809
26 40 1650
26 41 272
26 42 857
26 43 1698
26 44 320
26 45 905
26 46 1746
26 47 368
26 48 953
26 49 1794
26 50 416
26 51 1001
26 52 1842
26 53 464
26 54 1049
26 55 1890
26 56 512
26 57 1097
26 58 1938
26 59 560
26 60 1145
26 61 1986
26 62 608
26 63 1193
26 64 2034
26 65 656
26 66 1241
26 67 2082
26 68 248
27 0 645
27 1 817
27 2 1158
27 3 1280
27 4 614
27 5 651
27 6 518
27 7 835
27 8 378
27 9 378
27 10 374
27 11 1310
27 12 579
27 13 1249
27 14 1045
27 15 911
27 16 1539
27 17 265
27 18 798
27 19 837
27 20 924
27 21 330
27 22 1011
27 23 1710
27 24 1446
27 25 1250
27 26 653
27 27 0
27 28 434
27 29 683
27 30 509
27 31 1294
27 32 525
27 33 1084
27 34 1925
27 35 477
27 36 1036
27 37 1877
27 38 429
27 39 988
27 40 1829
27 41 381
27 42 940
27 43 1781
27 44 333
27 45 892
27 46 1733
27 47 285
27 48 844
27 49 1685
27 50 237
27 51 796
27 52 1637
27 53 189
27 54 748
27 55 1589
27 56 141
27 57 700
27 58 1541
27 59 189
27 60 748
27 61 1589
27 62 237
27 63 796
27 64 1637
27 65 285
27 66 844
27 67 1685
27 68 645
28 0 701
28 1 873
28 2 1006
28 3 1128
28 4 670
28 5 707
28 6 574
28 7 891
28 8 530
28 9 530
28 10 526
28 11 1158
28 12 635
28 13 1193
28 14 989
28 15 855
28 16 1483
28 17 169
28 18 646
28 19 781
28 20 772
28 21 104
28 22 859
28 23 1558
28 24 1294
28 25 1098
28 26 709
28 27 434
28 28 0
28 29 739
28 30 565
28 31 1142
28 32 581
28 33 932
28 34 1773
28 35 533
28 36 884
28 37 1725
28 38 485
28 39 836
28 40 1677
28 41 437
28 42 788
28 43 1629
28 44 389
28 45 740
28 46 1581
28 47 341
28 48 692
28 49 1533
28 50 293
28 51 644
28 52 1485
28 53 245
28 54 596
28 55 1437
28 56 293
28 57 644
28 58 1485
28 59 341
28 60 692
28 61 1533
28 62 389
28 63 740
28 64 1581
28 65 437
28 66 788
28 67 1629
28 68 701
29 0 374
29 1 642
29 2 1237
29 3 1167
29 4 343
29 5 860
29 6 343
29 7 564
29 8 779
29 9 779
29 10 775
29 11 1293
29 12 104
29 13 1520
29 14 1316
29 15 1182
29 16 1810
29 17 570
29 18 973
29 19 1108
29 20 1003
29 21 635
29 22 994
29 23 1309
29 24 1045
29 25 1041
29 26 382
29 27 683
29 28 739
29 29 0
29 30 430
29 31 893
29 32 254
29 33 683
29 34 1524
29 35 206
29 36 635
29 37 1476
29 38 254
29 39 683
29 40 1524
29 41 302
29 42 731
29 43 1572
29 44 350
29 45 779
29 46 1620
29 47 398
29 48 827
29 49 1668
29 50 446
29 51 875
29 52 1716
29 53 494
29 54 923
29 55 1764
29 56 542
29 57 971
29 58 1812
29 59 590
29 60 1019
29 61 1860
29 62 638
29 63 1067
29 64 1908
29 65 686
29 66 1115
29 67 1956
29 68 374
30 0 392
30 1 564
30 2 1219
30 3 1149
30 4 361
30 5 686
30 6 265
30 7 582
30 8 605
30 9 605
30 10 601
30 11 1275
30 12 326
30 13 1502
30 14 1298
30 15 1164
30 16 1792
30 17 396
30 18 955
30 19 1090
30 20 985
30 21 461
30 22 976
30 23 1483
30 24 1219
30 25 1023
30 26 400
30 27 509
30 28 565
30 29 430
30 30 0
30 31 1067
30 32 272
30 33 857
30 34 1698
30 35 224
30 36 809
30 37 1650
30 38 176
30 39 761
30 40 1602
30 41 128
30 42 713
30 43 1554
30 44 176
30 45 761
30 46 1602
30 47 224
30 48 809
30 49 1650
30 50 272
30 51 857
30 52 1698
30 53 320
30 54 905
30 55 1746
30 56 368
30 57 953
30 58 1794
30 59 416
30 60 1001
30 61 1842
30 62 464
30 63 1049
30 64 1890
30 65 512
30 66 1097
30 67 1938
30 68 392
31 0 1267
31 1 759
31 2 860
31 3 790
31 4 1058
31 5 925
31 6 1058
31 7 837
31 8 1390
31 9 1390
31 10 1490
31 11 916
31 12 997
31 13 1143
31 14 939
31 15 805
31 16 1017
31 17 1311
31 18 596
31 19 731
31 20 626
31 21 1246
31 22 617
31 23 416
31 24 668
31 25 664
31 26 1019
31 27 1294
31 28 1142
31 29 893
31 30 1067
31 31 0
31 32 1147
31 33 306
31 34 631
31 35 1099
31 36 258
31 37 583
31 38 1147
31 39 306
31 40 631
31 41 1195
31 42 354
31 43 679
31 44 1243
31 45 402
31 46 727
31 47 1291
31 48 450
31 49 775
31 50 1339
31 51 498
31 52 823
31 53 1387
31 54 546
31 55 871
31 56 1435
31 57 594
31 58 919
31 59 1483
31 60 642
31 61 967
31 62 1531
31 63 690
31 64 1015
31 65 1579
31 66 738
31 67 1063
31 68 1267
32 0 120
32 1 484
32 2 1491
32 3 1421
32 4 89
32 5 702
32 6 185
32 7 310
32 8 621
32 9 621
32 10 617
32 11 1547
32 12 150
32 13 1774
32 14 1570
32 15 1436
32 16 2064
32 17 412
32 18 1227
32 19 1362
32 20 1257
32 21 477
32 22 1248
32 23 1563
32 24 1203
32 25 1295
32 26 128
32 27 525
32 28 581
32 29 254
32 30 272
32 31 1147
32 32 0
32 33 841
32 34 1682
32 35 48
32 36 889
32 37 1730
32 38 96
32 39 937
32 40 1778
32 41 144
32 42 985
32 43 1826
32 44 192
32 45 1033
32 46 1874
32 47 240
32 48 1081
32 49 1922
32 50 288
32 51 1129
32 52 1970
32 53 336
32 54 1177
32 55 2018
32 56 384
32 57 1225
32 58 2066
32 59 432
32 60 1273
32 61 2114
32 62 480
32 63 1321
32 64 2162
32 65 528
32 66 1369
32 67 2210
32 68 120
33 0 961
33 1 549
33 2 650
33 3 580
33 4 752
33 5 715
33 6 848
33 7 531
33 8 1180
33 9 1180
33 10 1280
33 11 706
33 12 787
33 13 933
33 14 729
33 15 595
33 16 1223
33 17 1101
33 18 386
33 19 521
33 20 416
33 21 1036
33 22 407
33 23 722
33 24 362
33 25 454
33 26 713
33 27 1084
33 28 932
33 29 683
33 30 857
33 31 306
33 32 841
33 33 0
33 34 841
33 35 889
33 36 48
33 37 889
33 38 937
33 39 96
33 40 937
33 41 985
33 42 144
33 43 985
33 44 1033
33 45 192
33 46 1033
33 47 1081
33 48 240
33 49 1081
33 50 1129
33 51 288
33 52 1129
33 53 1177
33 54 336
33 55 1177
33 56 1225
33 57 384
33 58 1225
33 59 1273
33 60 432
33 61 1273
33 62 1321
33 63 480
33 64 1321
33 65 1369
33 66 528
33 67 1369
33 68 961
34 0 1802
34 1 1390
34 2 767
34 3 645
34 4 1593
34 5 1556
34 6 1689
34 7 1372
34 8 2021
34 9 2021
34 10 2121
34 11 615
34 12 1628
34 13 868
34 14 976
34 15 1206
34 16 482
34 17 1942
34 18 1127
34 19 1184
34 20 1001
34 21 1877
34 22 914
34 23 215
34 24 479
34 25 675
34 26 1554
34 27 1925
34 28 1773
34 29 1524
34 30 1698
34 31 631
34 32 1682
34 33 841
34 34 0
34 35 1730
34 36 889
34 37 48
34 38 1778
34 39 937
34 40 96
34 41 1826
34 42 985
34 43 144
34 44 1874
34 45 1033
34 46 192
34 47 1922
34 48 1081
34 49 240
34 50 1970
34 51 1129
34 52 288
34 53 2018
34 54 1177
34 55 336
34 56 2066
34 57 1225
34 58 384
34 59 2114
34 60 1273
34 61 432
34 62 2162
34 63 1321
34 64 480
34 65 2210
34 66 1369
34 67 528
34 68 1802
35 0 168
35 1 436
35 2 1443
35 3 1373
35 4 137
35 5 654
35 6 137
35 7 358
35 8 573
35 9 573
35 10 569
35 11 1499
35 12 102
35 13 1726
35 14 1522
35 15 1388
35 16 2016
35 17 364
35 18 1179
35 19 1314
35 20 1209
35 21 429
35 22 1200
35 23 1515
35 24 1251
35 25 1247
35 26 176
35 27 477
35 28 533
35 29 206
35 30 224
35 31 1099
35 32 48
35 33 889
35 34 1730
35 35 0
35 36 841
35 37 1682
35 38 48
35 39 889
35 40 1730
35 41 96
35 42 937
35 43 1778
35 44 144
35 45 985
35 46 1826
35 47 192
35 48 1033
35 49 1874
35 50 240
35 51 1081
35 52 1922
35 53 288
35 54 1129
35 55 1970
35 56 336
35 57 1177
35 58 2018
35 59 384
35 60 1225
35 61 2066
35 62 432
35 63 1273
35 64 2114
35 65 480
35 66 1321
35 67 2162
35 68 168
36 0 1009
36 1 501
36 2 602
36 3 532
36 4 800
36 5 667
36 6 800
36 7 579
36 8 1132
36 9 1132
36 10 1232
36 11 658
36 12 739
36 13 885
36 14 681
36 15 547
36 16 1175
36 17 1053
36 18 338
36 19 473
36 20 368
36 21 988
36 22 359
36 23 674
36 24 410
36 25 406
36 26 761
36 27 1036
36 28 884
36 29 635
36 30 809
36 31 258
36 32 889
36 33 48
36 34 889
36 35 841
36 36 0
36 37 841
36 38 889
36 39 48
36 40 889
36 41 937
36 42 96
36 43 937
36 44 985
36 45 144
36 46 985
36 47 1033
36 48 192
36 49 1033
36 50 1081
36 51 240
36 52 1081
36 53 1129
36 54 288
36 55 1129
36 56 1177
36 57 336
36 58 1177
36 59 1225
36 60 384
36 61 1225
36 62 1273
36 63 432
36 64 1273
36 65 1321
36 66 480
36 67 1321
36 68 1009
37 0 1850
37 1 1342
37 2 719
37 3 597
37 4 1641
37 5 1508
37 6 1641
37 7 1420
37 8 1973
37 9 1973
37 10 2073
37 11 567
37 12 1580
37 13 820
37 14 928
37 15 1158
37 16 434
37 17 1894
37 18 1079
37 19 1136
37 20 953
37 21 1829
37 22 866
37 23 167
37 24 527
37 25 627
37 26 1602
37 27 1877
37 28 1725
37 29 1476
37 30 1650
37 31 583
37 32 1730
37 33 889
37 34 48
37 35 1682
37 36 841
37 37 0
37 38 1730
37 39 889
37 40 48
37 41 1778
37 42 937
37 43 96
37 44 1826
37 45 985
37 46 144
37 47 1874
37 48 1033
37 49 192
37 50 1922
37 51 1081
37 52 240
37 53 1970
37 54 1129
37 55 288
37 56 2018
37 57 1177
37 58 336
37 59 2066
37 60 1225
37 61 384
37 62 2114
37 63 1273
37 64 432
37 65 2162
37 66 1321
37 67 480
37 68 1850
38 0 216
38 1 388
38 2 1395
38 3 1325
38 4 185
38 5 606
38 6 89
38 7 406
38 8 525
38 9 525
38 10 521
38 11 1451
38 12 150
38 13 1678
38 14 1474
38 15 1340
38 16 1968
38 17 316
38 18 1131
38 19 1266
38 20 1161
38 21 381
38 22 1152
38 23 1563
38 24 1299
38 25 1199
38 26 224
38 27 429
38 28 485
38 29 254
38 30 176
38 31 1147
38 32 96
38 33 937
38 34 1778
38 35 48
38 36 889
38 37 1730
38 38 0
38 39 841
38 40 1682
38 41 48
38 42 889
38 43 1730
38 44 96
38 45 937
38 46 1778
38 47 144
38 48 985
38 49 1826
38 50 192
38 51 1033
38 52 1874
38 53 240
38 54 1081
38 55 1922
38 56 288
38 57 1129
38 58 1970
38 59 336
38 60 1177
38 61 2018
38 62 384
38 63 1225
38 64 2066
38 65 432
38 66 1273
38 67 2114
38 68 216
39 0 1057
39 1 453
39 2 554
39 3 484
39 4 848
39 5 619
39 6 752
39 7 627
39 8 1084
39 9 1084
39 10 1184
39 11 610
39 12 787
39 13 837
39 14 633
39 15 499
39 16 1127
39 17 1005
39 18 290
39 19 425
39 20 320
39 21 940
39 22 311
39 23 722
39 24 458
39 25 358
39 26 809
39 27 988
39 28 836
39 29 683
39 30 761
39 31 306
39 32 937
39 33 96
39 34 937
39 35 889
39 36 48
39 37 889
39 38 841
39 39 0
39 40 841
39 41 889
39 42 48
39 43 889
39 44 937
39 45 96
39 46 937
39 47 985
39 48 144
39 49 985
39 50 1033
39 51 192
39 52 1033
39 53 1081
39 54 240
39 55 1081
39 56 1129
39 57 288
39 58 1129
39 59 1177
39 60 336
39 61 1177
39 62 1225
39 63 384
39 64 1225
39 65 1273
39 66 432
39 67 1273
39 68 1057
40 0 1898
40 1 1294
40 2 671
40 3 549
40 4 1689
40 5 1460
40 6 1593
40 7 1468
40 8 1925
40 9 1925
40 10 2025
40 11 519
40 12 1628
40 13 772
40 14 880
40 15 1110
40 16 386
40 17 1846
40 18 1031
40 19 1088
40 20 905
40 21 1781
40 22 818
40 23 215
40 24 575
40 25 579
40 26 1650
40 27 1829
40 28 1677
40 29 1524
40 30 1602
40 31 631
40 32 1778
40 33 937
40 34 96
40 35 1730
40 36 889
40 37 48
40 38 1682
40 39 841
40 40 0
40 41 1730
40 42 889
40 43 48
40 44 1778
40 45 937
40 46 96
40 47 1826
40 48 985
40 49 144
40 50 1874
40 51 1033
40 52 192
40 53 1922
40 54 1081
40 55 240
40 56 1970
40 57 1129
40 58 288
40 59 2018
40 60 1177
40 61 336
40 62 2066
40 63 1225
40 64 384
40 65 2114
40 66 1273
40 67 432
40 68 1898
41 0 264
41 1 436
41 2 1347
41 3 1277
41 4 233
41 5 558
41 6 137
41 7 454
41 8 477
41 9 477
41 10 473
41 11 1403
41 12 198
41 13 1630
41 14 1426
41 15 1292
41 16 1920
41 17 268
41 18 1083
41 19 1218
41 20 1113
41 21 333
41 22 1104
41 23 1611
41 24 1347
41 25 1151
41 26 272
41 27 381
41 28 437
41 29 302
41 30 128
41 31 1195
41 32 144
41 33 985
41 34 1826
41 35 96
41 36 937
41 37 1778
41 38 48
41 39 889
41 40 1730
41 41 0
41 42 841
41 43 1682
41 44 48
41 45 889
41 46 1730
41 47 96
41 48 937
41 49 1778
41 50 144
41 51 985
41 52 1826
41 53 192
41 54 1033
41 55 1874
41 56 240
41 57 1081
41 58 1922
41 59 288
41 60 1129
41 61 1970
41 62 336
41 63 1177
41 64 2018
41 65 384
41 66 1225
41 67 2066
41 68 264
42 0 1105
42 1 501
42 2 506
42 3 436
42 4 896
42 5 571
42 6 800
42 7 675
42 8 1036
42 9 1036
42 10 1136
42 11 562
42 12 835
42 13 789
42 14 585
42 15 451
42 16 1079
42 17 957
42 18 242
42 19 377
42 20 272
42 21 892
42 22 263
42 23 770
42 24 506
42 25 310
42 26 857
42 27 940
42 28 788
42 29 731
42 30 713
42 31 354
42 32 985
42 33 144
42 34 985
42 35 937
42 36 96
42 37 937
42 38 889
42 39 48
42 40 889
42 41 841
42 42 0
42 43 841
42 44 889
42 45 48
42 46 889
42 47 937
42 48 96
42 49 937
42 50 985
42 51 144
42 52 985
42 53 1033
42 54 192
42 55 1033
42 56 1081
42 57 240
42 58 1081
42 59 1129
42 60 288
42 61 1129
42 62 1177
42 63 336
42 64 1177
42 65 1225
42 66 384
42 67 1225
42 68 1105
43 0 1946
43 1 1342
43 2 623
43 3 501
43 4 1737
43 5 1412
43 6 1641
43 7 1516
43 8 1877
43 9 1877
43 10 1977
43 11 471
43 12 1676
43 13 724
43 14 832
43 15 1062
43 16 338
43 17 1798
43 18 983
43 19 1040
43 20 857
43 21 1733
43 22 770
43 23 263
43 24 623
43 25 531
43 26 1698
43 27 1781
43 28 1629
43 29 1572
43 30 1554
43 31 679
43 32 1826
43 33 985
43 34 144
43 35 1778
43 36 937
43 37 96
43 38 1730
43 39 889
43 40 48
43 41 1682
43 42 841
43 43 0
43 44 1730
43 45 889
43 46 48
43 47 1778
43 48 937
43 49 96
43 50 1826
43 51 985
43 52 144
43 53 1874
43 54 1033
43 55 192
43 56 1922
43 57 1081
43 58 240
43 59 1970
43 60 1129
43 61 288
43 62 2018
43 63 1177
43 64 336
43 65 2066
43 66 1225
43 67 384
43 68 1946
44 0 312
44 1 484
44 2 1299
44 3 1229
44 4 281
44 5 510
44 6 185
44 7 502
44 8 429
44 9 429
44 10 425
44 11 1355
44 12 246
44 13 1582
44 14 1378
44 15 1244
44 16 1872
44 17 220
44 18 1035
44 19 1170
44 20 1065
44 21 285
44 22 1056
44 23 1659
44 24 1395
44 25 1199
44 26 320
44 27 333
44 28 389
44 29 350
44 30 176
44 31 1243
44 32 192
44 33 1033
44 34 1874
44 35 144
44 36 985
44 37 1826
44 38 96
44 39 937
44 40 1778
44 41 48
44 42 889
44 43 1730
44 44 0
44 45 841
44 46 1682
44 47 48
44 48 889
44 49 1730
44 50 96
44 51 937
44 52 1778
44 53 144
44 54 985
44 55 1826
44 56 192
44 57 1033
44 58 1874
44 59 240
44 60 1081
44 61 1922
44 62 288
44 63 1129
44 64 1970
44 65 336
44 66 1177
44 67 2018
44 68 312
45 0 1153
45 1 549
45 2 458
45 3 388
45 4 944
45 5 523
45 6 848
45 7 723
45 8 988
45 9 988
45 10 1088
45 11 514
45 12 883
45 13 741
45 14 537
45 15 403
45 16 1031
45 17 909
45 18 194
45 19 329
45 20 224
45 21 844
45 22 215
45 23 818
45 24 554
45 25 358
45 26 905
45 27 892
45 28 740
45 29 779
45 30 761
45 31 402
45 32 1033
45 33 192
45 34 1033
45 35 985
45 36 144
45 37 985
45 38 937
45 39 96
45 40 937
45 41 889
45 42 48
45 43 889
45 44 841
45 45 0
45 46 841
45 47 889
45 48 48
45 49 889
45 50 937
45 51 96
45 52 937
45 53 985
45 54 144
45 55 985
45 56 1033
45 57 192
45 58 1033
45 59 1081
45 60 240
45 61 1081
45 62 1129
45 63 288
45 64 1129
45 65 1177
45 66 336
45 67 1177
45 68 1153
46 0 1994
46 1 1390
46 2 575
46 3 453
46 4 1785
46 5 1364
46 6 1689
46 7 1564
46 8 1829
46 9 1829
46 10 1929
46 11 423
46 12 1724
46 13 676
46 14 784
46 15 1014
46 16 290
46 17 1750
46 18 935
46 19 992
46 20 809
46 21 1685
46 22 722
46 23 311
46 24 671
46 25 579
46 26 1746
46 27 1733
46 28 1581
46 29 1620
46 30 1602
46 31 727
46 32 1874
46 33 1033
46 34 192
46 35 1826
46 36 985
46 37 144
46 38 1778
46 39 937
46 40 96
46 41 1730
46 42 889
46 43 48
46 44 1682
46 45 841
46 46 0
46 47 1730
46 48 889
46 49 48
46 50 1778
46 51 937
46 52 96
46 53 1826
46 54 985
46 55 144
46 56 1874
46 57 1033
46 58 192
46 59 1922
46 60 1081
46 61 240
46 62 1970
46 63 1129
46 64 288
46 65 2018
46 66 1177
46 67 336
46 68 1994
47 0 360
47 1 532
47 2 1251
47 3 1277
47 4 329
47 5 462
47 6 233
47 7 550
47 8 381
47 9 381
47 10 377
47 11 1307
47 12 294
47 13 1534
47 14 1330
47 15 1196
47 16 1824
47 17 172
47 18 987
47 19 1122
47 20 1017
47 21 237
47 22 1008
47 23 1707
47 24 1443
47 25 1247
47 26 368
47 27 285
47 28 341
47 29 398
47 30 224
47 31 1291
47 32 240
47 33 1081
47 34 1922
47 35 192
47 36 1033
47 37 1874
47 38 144
47 39 985
47 40 1826
47 41 96
47 42 937
47 43 1778
47 44 48
47 45 889
47 46 1730
47 47 0
47 48 841
47 49 1682
47 50 48
47 51 889
47 52 1730
47 53 96
47 54 937
47 55 1778
47 56 144
47 57 985
47 58 1826
47 59 192
47 60 1033
47 61 1874
47 62 240
47 63 1081
47 64 1922
47 65 288
47 66 1129
47 67 1970
47 68 360
48 0 1201
48 1 597
48 2 410
48 3 436
48 4 992
48 5 475
48 6 896
48 7 771
48 8 940
48 9 940
48 10 1040
48 11 466
48 12 931
48 13 693
48 14 489
48 15 355
48 16 983
48 17 861
48 18 146
48 19 281
48 20 176
48 21 796
48 22 167
48 23 866
48 24 602
48 25 406
48 26 953
48 27 844
48 28 692
48 29 827
48 30 809
48 31 450
48 32 1081
48 33 240
48 34 1081
48 35 1033
48 36 192
48 37 1033
48 38 985
48 39 144
48 40 985
48 41 937
48 42 96
48 43 937
48 44 889
48 45 48
48 46 889
48 47 841
48 48 0
48 49 841
48 50 889
48 51 48
48 52 889
48 53 937
48 54 96
48 55 937
48 56 985
48 57 144
48 58 985
48 59 1033
48 60 192
48 61 1033
48 62 1081
48 63 240
48 64 1081
48 65 1129
48 66 288
48 67 1129
48 68 1201
49 0 2042
49 1 1438
49 2 527
49 3 501
49 4 1833
49 5 1316
49 6 1737
49 7 1612
49 8 1781
49 9 1781
49 10 1881
49 11 375
49 12 1772
49 13 628
49 14 736
49 15 966
49 16 242
49 17 1702
49 18 887
49 19 944
49 20 761
49 21 1637
49 22 674
49 23 359
49 24 719
49 25 627
49 26 1794
49 27 1685
49 28 1533
49 29 1668
49 30 1650
49 31 775
49 32 1922
49 33 1081
49 34 240
49 35 1874
49 36 1033
49 37 192
49 38 1826
49 39 985
49 40 144
49 41 1778
49 42 937
49 43 96
49 44 1730
49 45 889
49 46 48
49 47 1682
49 48 841
49 49 0
49 50 1730
49 51 889
49 52 48
49 53 1778
49 54 937
49 55 96
49 56 1826
49 57 985
49 58 144
49 59 1874
49 60 1033
49 61 192
49 62 1922
49 63 1081
49 64 240
49 65 1970
49 66 1129
49 67 288
49 68 2042
50 0 408
50 1 580
50 2 1203
50 3 1325
50 4 377
50 5 414
50 6 281
50 7 598
50 8 333
50 9 333
50 10 329
50 11 1355
50 12 342
50 13 1486
50 14 1282
50 15 1148
50 16 1776
50 17 124
50 18 939
50 19 1074
50 20 969
50 21 189
50 22 1056
50 23 1755
50 24 1491
50 25 1295
50 26 416
50 27 237
50 28 293
50 29 446
50 30 272
50 31 1339
50 32 288
50 33 1129
50 34 1970
50 35 240
50 36 1081
50 37 1922
50 38 192
50 39 1033
50 40 1874
50 41 144
50 42 985
50 43 1826
50 44 96
50 45 937
50 46 1778
50 47 48
50 48 889
50 49 1730
50 50 0
50 51 841
50 52 1682
50 53 48
50 54 889
50 55 1730
50 56 96
50 57 937
50 58 1778
50 59 144
50 60 985
50 61 1826
50 62 192
50 63 1033
50 64 1874
50 65 240
50 66 1081
50 67 1922
50 68 408
51 0 1249
51 1 645
51 2 362
51 3 484
51 4 1040
51 5 427
51 6 944
51 7 819
51 8 892
51 9 892
51 10 992
51 11 514
51 12 979
51 13 645
51 14 441
51 15 307
51 16 935
51 17 813
51 18 98
51 19 233
51 20 128
51 21 748
51 22 215
51 23 914
51 24 650
51 25 454
51 26 1001
51 27 796
51 28 644
51 29 875
51 30 857
51 31 498
51 32 1129
51 33 288
51 34 1129
51 35 1081
51 36 240
51 37 1081
51 38 1033
51 39 192
51 40 1033
51 41 985
51 42 144
51 43 985
51 44 937
51 45 96
51 46 937
51 47 889
51 48 48
51 49 889
51 50 841
51 51 0
51 52 841
51 53 889
51 54 48
51 55 889
51 56 937
51 57 96
51 58 937
51 59 985
51 60 144
51 61 985
51 62 1033
51 63 192
51 64 1033
51 65 1081
51 66 240
51 67 1081
51 68 1249
52 0 2090
52 1 1486
52 2 479
52 3 549
52 4 1881
52 5 1268
52 6 1785
52 7 1660
52 8 1733
52 9 1733
52 10 1833
52 11 423
52 12 1820
52 13 580
52 14 688
52 15 918
52 16 194
52 17 1654
52 18 839
52 19 896
52 20 713
52 21 1589
52 22 722
52 23 407
52 24 767
52 25 675
52 26 1842
52 27 1637
52 28 1485
52 29 1716
52 30 1698
52 31 823
52 32 1970
52 33 1129
52 34 288
52 35 1922
52 36 1081
52 37 240
52 38 1874
52 39 1033
52 40 192
52 41 1826
52 42 985
52 43 144
52 44 1778
52 45 937
52 46 96
52 47 1730
52 48 889
52 49 48
52 50 1682
52 51 841
52 52 0
52 53 1730
52 54 889
52 55 48
52 56 1778
52 57 937
52 58 96
52 59 1826
52 60 985
52 61 144
52 62 1874
52 63 1033
52 64 192
52 65 1922
52 66 1081
52 67 240
52 68 2090
53 0 456
53 1 628
53 2 1251
53 3 1373
53 4 425
53 5 462
53 6 329
53 7 646
53 8 285
53 9 285
53 10 281
53 11 1403
53 12 390
53 13 1438
53 14 1234
53 15 1100
53 16 1728
53 17 76
53 18 891
53 19 1026
53 20 1017
53 21 141
53 22 1104
53 23 1803
53 24 1539
53 25 1343
53 26 464
53 27 189
53 28 245
53 29 494
53 30 320
53 31 1387
53 32 336
53 33 1177
53 34 2018
53 35 288
53 36 1129
53 37 1970
53 38 240
53 39 1081
53 40 1922
53 41 192
53 42 1033
53 43 1874
53 44 144
53 45 985
53 46 1826
53 47 96
53 48 937
53 49 1778
53 50 48
53 51 889
53 52 1730
53 53 0
53 54 841
53 55 1682
53 56 48
53 57 889
53 58 1730
53 59 96
53 60 937
