//alpha
1
//NbLocations
66
//NbProducts
29
//NbPickers
2
//CapaPicker
12
//TimeToTravelOneDistanceUnit
3
//SetupTime
5400
//PickTime
300
//Products
//Idx Location Size
1 1 1
2 2 1
3 3 1
4 4 1
5 5 1
6 6 1
7 7 1
8 8 1
9 9 1
10 10 1
11 11 1
12 12 1
13 13 1
14 14 1
15 15 1
16 16 1
17 17 1
18 18 1
19 19 1
20 20 1
21 21 1
22 22 1
23 23 1
24 24 1
25 25 1
26 26 1
27 27 1
28 28 1
29 29 1
//Orders
//NbOrders
12
//Idx DueDate TardinessPenalty NbProdInOrder ProdIdx1 Qty1 ProdIdx2 Qty2 ...
1 144000 0 4 1 1 2 1 3 1 4 1
2 126000 0 1 5 1
3 72000 0 8 6 1 7 1 8 1 9 1 10 1 11 1 12 1 13 1
4 108000 0 1 14 1
5 126000 0 1 15 1
6 72000 0 1 16 1
7 126000 0 3 17 1 18 1 19 1
8 90000 0 3 20 1 21 1 22 1
9 72000 0 1 23 1
10 126000 0 3 24 1 25 1 26 1
11 54000 0 1 27 1
12 126000 0 2 28 1 29 1
//Graph (Products are vertices indexed from 1 to NbProducts)
//NbVerticesIntersections
36
//DepartingDepot
0
//ArrivalDepot
66
//Arcs
//Start End Distance
0 30 120
1 48 50
1 49 791
2 42 674
2 43 167
3 28 13
3 34 76
4 16 169
4 40 50
5 39 739
5 40 102
6 8 39
6 20 39
7 15 182
7 21 39
8 6 39
8 30 206
9 10 143
9 20 13
10 9 143
10 31 401
11 46 726
11 47 115
12 13 455
12 34 193
13 12 455
13 33 193
14 15 299
14 22 39
15 7 182
15 14 299
16 4 169
16 41 622
17 22 52
17 26 78
18 29 91
18 35 414
19 36 50
19 37 791
20 6 39
20 9 13
21 7 39
21 32 50
22 14 39
22 17 52
23 55 505
23 56 336
24 45 102
24 46 739
25 49 323
25 50 518
26 17 78
26 31 102
27 58 284
27 59 557
28 3 13
28 29 247
29 18 91
29 28 247
30 8 206
30 33 48
30 66 120
31 10 401
31 26 102
31 34 48
32 21 50
32 35 48
33 13 193
33 30 48
33 36 48
34 3 76
34 12 193
34 31 48
34 37 48
35 18 414
35 32 48
35 38 48
36 19 50
36 33 48
36 39 48
37 19 791
37 34 48
37 38 841
37 40 48
38 35 48
38 37 841
38 41 48
39 5 739
39 36 48
39 42 48
40 4 50
40 5 102
40 37 48
40 43 48
41 16 622
41 38 48
41 44 48
42 2 674
42 39 48
42 45 48
43 2 167
43 40 48
43 44 841
43 46 48
44 41 48
44 43 841
44 47 48
45 24 102
45 42 48
45 48 48
46 11 726
46 24 739
46 43 48
46 49 48
47 11 115
47 44 48
47 50 48
48 1 50
48 45 48
48 51 48
49 1 791
49 25 323
49 46 48
49 52 48
50 25 518
50 47 48
50 53 48
51 48 48
51 52 841
51 54 48
52 49 48
52 51 841
52 53 841
52 55 48
53 50 48
53 52 841
53 56 48
54 51 48
54 55 841
54 57 48
55 23 505
55 52 48
55 54 841
55 58 48
56 23 336
56 53 48
56 59 48
57 54 48
57 58 841
57 60 48
58 27 284
58 55 48
58 57 841
58 61 48
59 27 557
59 56 48
59 62 48
60 57 48
60 61 841
60 63 48
61 58 48
61 60 841
61 62 841
61 64 48
62 59 48
62 61 841
62 65 48
63 60 48
63 64 841
64 61 48
64 63 841
64 65 841
65 62 48
65 64 841
//LocStart LocEnd ShortestPath
0 0 0
0 1 458
0 2 986
0 3 1085
0 4 1155
0 5 1003
0 6 365
0 7 1713
0 8 326
0 9 417
0 10 560
0 11 1927
0 12 816
0 13 361
0 14 1232
0 15 1531
0 16 1324
0 17 1141
0 18 1436
0 19 266
0 20 404
0 21 1752
0 22 1193
0 23 1850
0 24 462
0 25 1572
0 26 1063
0 27 1677
0 28 1098
0 29 1345
0 30 120
0 31 961
0 32 1802
0 33 168
0 34 1009
0 35 1850
0 36 216
0 37 1057
0 38 1898
0 39 264
0 40 1105
0 41 1946
0 42 312
0 43 1153
0 44 1994
0 45 360
0 46 1201
0 47 2042
0 48 408
0 49 1249
0 50 2090
0 51 456
0 52 1297
0 53 2138
0 54 504
0 55 1345
0 56 2186
0 57 552
0 58 1393
0 59 2234
0 60 600
0 61 1441
0 62 2282
0 63 648
0 64 1489
0 65 2330
0 66 0
1 0 458
1 1 0
1 2 820
1 3 1107
1 4 985
1 5 933
1 6 583
1 7 1831
1 8 544
1 9 635
1 10 778
1 11 1565
1 12 938
1 13 483
1 14 1350
1 15 1649
1 16 1154
1 17 1259
1 18 1458
1 19 292
1 20 622
1 21 1870
1 22 1311
1 23 1392
1 24 200
1 25 1114
1 26 1181
1 27 1219
1 28 1120
1 29 1367
1 30 338
1 31 1079
1 32 1920
1 33 290
1 34 1031
1 35 1872
1 36 242
1 37 983
1 38 1824
1 39 194
1 40 935
1 41 1776
1 42 146
1 43 887
1 44 1728
1 45 98
1 46 839
1 47 1680
1 48 50
1 49 791
1 50 1632
1 51 98
1 52 839
1 53 1680
1 54 146
1 55 887
1 56 1728
1 57 194
1 58 935
1 59 1776
1 60 242
1 61 983
1 62 1824
1 63 290
1 64 1031
1 65 1872
1 66 458
2 0 986
2 1 820
2 2 0
2 3 387
2 4 265
2 5 317
2 6 955
2 7 1111
2 8 994
2 9 903
2 10 760
2 11 941
2 12 504
2 13 959
2 14 630
2 15 929
2 16 434
2 17 539
2 18 738
2 19 820
2 20 916
2 21 1150
2 22 591
2 23 864
2 24 824
2 25 586
2 26 461
2 27 691
2 28 400
2 29 647
2 30 866
2 31 359
2 32 1200
2 33 818
2 34 311
2 35 1152
2 36 770
2 37 263
2 38 1104
2 39 722
2 40 215
2 41 1056
2 42 674
2 43 167
2 44 1008
2 45 722
2 46 215
2 47 1056
2 48 770
2 49 263
2 50 1104
2 51 818
2 52 311
2 53 1152
2 54 866
2 55 359
2 56 1200
2 57 914
2 58 407
2 59 1248
2 60 962
2 61 455
2 62 1296
2 63 1010
2 64 503
2 65 1344
2 66 986
3 0 1085
3 1 1107
3 2 387
3 3 0
3 4 222
3 5 274
3 6 720
3 7 876
3 8 759
3 9 668
3 10 525
3 11 994
3 12 269
3 13 724
3 14 395
3 15 694
3 16 391
3 17 304
3 18 351
3 19 915
3 20 681
3 21 863
3 22 356
3 23 917
3 24 1007
3 25 639
3 26 226
3 27 744
3 28 13
3 29 260
3 30 965
3 31 124
3 32 813
3 33 917
3 34 76
3 35 765
3 36 965
3 37 124
3 38 813
3 39 1013
3 40 172
3 41 861
3 42 1061
3 43 220
3 44 909
3 45 1109
3 46 268
3 47 957
3 48 1157
3 49 316
3 50 1005
3 51 1205
3 52 364
3 53 1053
3 54 1253
3 55 412
3 56 1101
3 57 1301
3 58 460
3 59 1149
3 60 1349
3 61 508
3 62 1197
3 63 1397
3 64 556
3 65 1245
3 66 1085
4 0 1155
4 1 985
4 2 265
4 3 222
4 4 0
4 5 152
4 6 790
4 7 946
4 8 829
4 9 738
4 10 595
4 11 872
4 12 339
4 13 794
4 14 465
4 15 764
4 16 169
4 17 374
4 18 573
4 19 889
4 20 751
4 21 985
4 22 426
4 23 795
4 24 885
4 25 517
4 26 296
4 27 622
4 28 235
4 29 482
4 30 1035
4 31 194
4 32 935
4 33 987
4 34 146
4 35 887
4 36 939
4 37 98
4 38 839
4 39 891
4 40 50
4 41 791
4 42 939
4 43 98
4 44 839
4 45 987
4 46 146
4 47 887
4 48 1035
4 49 194
4 50 935
4 51 1083
4 52 242
4 53 983
4 54 1131
4 55 290
4 56 1031
4 57 1179
4 58 338
4 59 1079
4 60 1227
4 61 386
4 62 1127
4 63 1275
4 64 434
4 65 1175
4 66 1155
5 0 1003
5 1 933
5 2 317
5 3 274
5 4 152
5 5 0
5 6 842
5 7 998
5 8 881
5 9 790
5 10 647
5 11 924
5 12 391
5 13 846
5 14 517
5 15 816
5 16 321
5 17 426
5 18 625
5 19 837
5 20 803
5 21 1037
5 22 478
5 23 847
5 24 937
5 25 569
5 26 348
5 27 674
5 28 287
5 29 534
5 30 883
5 31 246
5 32 1087
5 33 835
5 34 198
5 35 1039
5 36 787
5 37 150
5 38 991
5 39 739
5 40 102
5 41 943
5 42 787
5 43 150
5 44 991
5 45 835
5 46 198
5 47 1039
5 48 883
5 49 246
5 50 1087
5 51 931
5 52 294
5 53 1135
5 54 979
5 55 342
5 56 1183
5 57 1027
5 58 390
5 59 1231
5 60 1075
5 61 438
5 62 1279
5 63 1123
5 64 486
5 65 1327
5 66 1003
6 0 365
6 1 583
6 2 955
6 3 720
6 4 790
6 5 842
6 6 0
6 7 1348
6 8 39
6 9 52
6 10 195
6 11 1562
6 12 837
6 13 486
6 14 867
6 15 1166
6 16 959
6 17 776
6 18 1071
6 19 391
6 20 39
6 21 1387
6 22 828
6 23 1485
6 24 587
6 25 1207
6 26 698
6 27 1312
6 28 733
6 29 980
6 30 245
6 31 596
6 32 1437
6 33 293
6 34 644
6 35 1485
6 36 341
6 37 692
6 38 1533
6 39 389
6 40 740
6 41 1581
6 42 437
6 43 788
6 44 1629
6 45 485
6 46 836
6 47 1677
6 48 533
6 49 884
6 50 1725
6 51 581
6 52 932
6 53 1773
6 54 629
6 55 980
6 56 1821
6 57 677
6 58 1028
6 59 1869
6 60 725
6 61 1076
6 62 1917
6 63 773
6 64 1124
6 65 1965
6 66 365
7 0 1713
7 1 1831
7 2 1111
7 3 876
7 4 946
7 5 998
7 6 1348
7 7 0
7 8 1387
7 9 1296
7 10 1153
7 11 444
7 12 993
7 13 1448
7 14 481
7 15 182
7 16 855
7 17 572
7 18 551
7 19 1639
7 20 1309
7 21 39
7 22 520
7 23 809
7 24 1731
7 25 895
7 26 650
7 27 1078
7 28 889
7 29 642
7 30 1593
7 31 752
7 32 89
7 33 1641
7 34 800
7 35 137
7 36 1689
7 37 848
7 38 185
7 39 1737
7 40 896
7 41 233
7 42 1785
7 43 944
7 44 281
7 45 1833
7 46 992
7 47 329
7 48 1881
7 49 1040
7 50 377
7 51 1929
7 52 1088
7 53 425
7 54 1977
7 55 1136
7 56 473
7 57 2025
7 58 1184
7 59 521
7 60 2073
7 61 1232
7 62 569
7 63 2121
7 64 1280
7 65 617
7 66 1713
8 0 326
8 1 544
8 2 994
8 3 759
8 4 829
8 5 881
8 6 39
8 7 1387
8 8 0
8 9 91
8 10 234
8 11 1601
8 12 876
8 13 447
8 14 906
8 15 1205
8 16 998
8 17 815
8 18 1110
8 19 352
8 20 78
8 21 1426
8 22 867
8 23 1524
8 24 548
8 25 1246
8 26 737
8 27 1351
8 28 772
8 29 1019
8 30 206
8 31 635
8 32 1476
8 33 254
8 34 683
8 35 1524
8 36 302
8 37 731
8 38 1572
8 39 350
8 40 779
8 41 1620
8 42 398
8 43 827
8 44 1668
8 45 446
8 46 875
8 47 1716
8 48 494
8 49 923
8 50 1764
8 51 542
8 52 971
8 53 1812
8 54 590
8 55 1019
8 56 1860
8 57 638
8 58 1067
8 59 1908
8 60 686
8 61 1115
8 62 1956
8 63 734
8 64 1163
8 65 2004
8 66 326
9 0 417
9 1 635
9 2 903
9 3 668
9 4 738
9 5 790
9 6 52
9 7 1296
9 8 91
9 9 0
9 10 143
9 11 1510
9 12 785
9 13 538
9 14 815
9 15 1114
9 16 907
9 17 724
9 18 1019
9 19 443
9 20 13
9 21 1335
9 22 776
9 23 1433
9 24 639
9 25 1155
9 26 646
9 27 1260
9 28 681
9 29 928
9 30 297
9 31 544
9 32 1385
9 33 345
9 34 592
9 35 1433
9 36 393
9 37 640
9 38 1481
9 39 441
9 40 688
9 41 1529
9 42 489
9 43 736
9 44 1577
9 45 537
9 46 784
9 47 1625
9 48 585
9 49 832
9 50 1673
9 51 633
9 52 880
9 53 1721
9 54 681
9 55 928
9 56 1769
9 57 729
9 58 976
9 59 1817
9 60 777
9 61 1024
9 62 1865
9 63 825
9 64 1072
9 65 1913
9 66 417
10 0 560
10 1 778
10 2 760
10 3 525
10 4 595
10 5 647
10 6 195
10 7 1153
10 8 234
10 9 143
10 10 0
10 11 1367
10 12 642
10 13 681
10 14 672
10 15 971
10 16 764
10 17 581
10 18 876
10 19 586
10 20 156
10 21 1192
10 22 633
10 23 1290
10 24 782
10 25 1012
10 26 503
10 27 1117
10 28 538
10 29 785
10 30 440
10 31 401
10 32 1242
10 33 488
10 34 449
10 35 1290
10 36 536
10 37 497
10 38 1338
10 39 584
10 40 545
10 41 1386
10 42 632
10 43 593
10 44 1434
10 45 680
10 46 641
10 47 1482
10 48 728
10 49 689
10 50 1530
10 51 776
10 52 737
10 53 1578
10 54 824
10 55 785
10 56 1626
10 57 872
10 58 833
10 59 1674
10 60 920
10 61 881
10 62 1722
10 63 968
10 64 929
10 65 1770
10 66 560
11 0 1927
11 1 1565
11 2 941
11 3 994
11 4 872
11 5 924
11 6 1562
11 7 444
11 8 1601
11 9 1510
11 10 1367
11 11 0
11 12 1111
11 13 1566
11 14 925
11 15 626
11 16 833
11 17 1016
11 18 721
11 19 1661
11 20 1523
11 21 405
11 22 964
11 23 595
11 24 1465
11 25 681
11 26 1068
11 27 864
11 28 1007
11 29 812
11 30 1807
11 31 966
11 32 355
11 33 1759
11 34 918
11 35 307
11 36 1711
11 37 870
11 38 259
11 39 1663
11 40 822
11 41 211
11 42 1615
11 43 774
11 44 163
11 45 1567
11 46 726
11 47 115
11 48 1615
11 49 774
11 50 163
11 51 1663
11 52 822
11 53 211
11 54 1711
11 55 870
11 56 259
11 57 1759
11 58 918
11 59 307
11 60 1807
11 61 966
11 62 355
11 63 1855
11 64 1014
11 65 403
11 66 1927
12 0 816
12 1 938
12 2 504
12 3 269
12 4 339
12 5 391
12 6 837
12 7 993
12 8 876
12 9 785
12 10 642
12 11 1111
12 12 0
12 13 455
12 14 512
12 15 811
12 16 508
12 17 421
12 18 620
12 19 746
12 20 798
12 21 1032
12 22 473
12 23 1034
12 24 942
12 25 756
12 26 343
12 27 861
12 28 282
12 29 529
12 30 696
12 31 241
12 32 1082
12 33 648
12 34 193
12 35 1034
12 36 696
12 37 241
12 38 1082
12 39 744
12 40 289
12 41 1130
12 42 792
12 43 337
12 44 1178
12 45 840
12 46 385
12 47 1226
12 48 888
12 49 433
12 50 1274
12 51 936
12 52 481
12 53 1322
12 54 984
12 55 529
12 56 1370
12 57 1032
12 58 577
12 59 1418
12 60 1080
12 61 625
12 62 1466
12 63 1128
12 64 673
12 65 1514
12 66 816
13 0 361
13 1 483
13 2 959
13 3 724
13 4 794
13 5 846
13 6 486
13 7 1448
13 8 447
13 9 538
13 10 681
13 11 1566
13 12 455
13 13 0
13 14 967
13 15 1266
13 16 963
13 17 876
13 18 1075
13 19 291
13 20 525
13 21 1487
13 22 928
13 23 1489
13 24 487
13 25 1211
13 26 798
13 27 1316
13 28 737
13 29 984
13 30 241
13 31 696
13 32 1537
13 33 193
13 34 648
13 35 1489
13 36 241
13 37 696
13 38 1537
13 39 289
13 40 744
13 41 1585
13 42 337
13 43 792
13 44 1633
13 45 385
13 46 840
13 47 1681
13 48 433
13 49 888
13 50 1729
13 51 481
13 52 936
13 53 1777
13 54 529
13 55 984
13 56 1825
13 57 577
13 58 1032
13 59 1873
13 60 625
13 61 1080
13 62 1921
13 63 673
13 64 1128
13 65 1969
13 66 361
14 0 1232
14 1 1350
14 2 630
14 3 395
14 4 465
14 5 517
14 6 867
14 7 481
14 8 906
14 9 815
14 10 672
14 11 925
14 12 512
14 13 967
14 14 0
14 15 299
14 16 634
14 17 91
14 18 746
14 19 1158
14 20 828
14 21 520
14 22 39
14 23 1160
14 24 1250
14 25 882
14 26 169
14 27 987
14 28 408
14 29 655
14 30 1112
14 31 271
14 32 570
14 33 1160
14 34 319
14 35 618
14 36 1208
14 37 367
14 38 666
14 39 1256
14 40 415
14 41 714
14 42 1304
14 43 463
14 44 762
14 45 1352
14 46 511
14 47 810
14 48 1400
14 49 559
14 50 858
14 51 1448
14 52 607
14 53 906
14 54 1496
14 55 655
14 56 954
14 57 1544
14 58 703
14 59 1002
14 60 1592
14 61 751
14 62 1050
14 63 1640
14 64 799
14 65 1098
14 66 1232
15 0 1531
15 1 1649
15 2 929
15 3 694
15 4 764
15 5 816
15 6 1166
15 7 182
15 8 1205
15 9 1114
15 10 971
15 11 626
15 12 811
15 13 1266
15 14 299
15 15 0
15 16 933
15 17 390
15 18 733
15 19 1457
15 20 1127
15 21 221
15 22 338
15 23 991
15 24 1549
15 25 1077
15 26 468
15 27 1260
15 28 707
15 29 824
15 30 1411
15 31 570
15 32 271
15 33 1459
15 34 618
15 35 319
15 36 1507
15 37 666
15 38 367
15 39 1555
15 40 714
15 41 415
15 42 1603
15 43 762
15 44 463
15 45 1651
15 46 810
15 47 511
15 48 1699
15 49 858
15 50 559
15 51 1747
15 52 906
15 53 607
15 54 1795
15 55 954
15 56 655
15 57 1843
15 58 1002
15 59 703
15 60 1891
15 61 1050
15 62 751
15 63 1939
15 64 1098
15 65 799
15 66 1531
16 0 1324
16 1 1154
16 2 434
16 3 391
16 4 169
16 5 321
16 6 959
16 7 855
16 8 998
16 9 907
16 10 764
16 11 833
16 12 508
16 13 963
16 14 634
16 15 933
16 16 0
16 17 543
16 18 742
16 19 1058
16 20 920
16 21 816
16 22 595
16 23 964
16 24 1054
16 25 686
16 26 465
16 27 791
16 28 404
16 29 651
16 30 1204
16 31 363
16 32 766
16 33 1156
16 34 315
16 35 718
16 36 1108
16 37 267
16 38 670
16 39 1060
16 40 219
16 41 622
16 42 1108
16 43 267
16 44 670
16 45 1156
16 46 315
16 47 718
16 48 1204
16 49 363
16 50 766
16 51 1252
16 52 411
16 53 814
16 54 1300
16 55 459
16 56 862
16 57 1348
16 58 507
16 59 910
16 60 1396
16 61 555
16 62 958
16 63 1444
16 64 603
16 65 1006
16 66 1324
17 0 1141
17 1 1259
17 2 539
17 3 304
17 4 374
17 5 426
17 6 776
17 7 572
17 8 815
17 9 724
17 10 581
17 11 1016
17 12 421
17 13 876
17 14 91
17 15 390
17 16 543
17 17 0
17 18 655
17 19 1067
17 20 737
17 21 611
17 22 52
17 23 1069
17 24 1159
17 25 791
17 26 78
17 27 896
17 28 317
17 29 564
17 30 1021
17 31 180
17 32 661
17 33 1069
17 34 228
17 35 709
17 36 1117
17 37 276
17 38 757
17 39 1165
17 40 324
17 41 805
17 42 1213
17 43 372
17 44 853
17 45 1261
17 46 420
17 47 901
17 48 1309
17 49 468
17 50 949
17 51 1357
17 52 516
17 53 997
17 54 1405
17 55 564
17 56 1045
17 57 1453
17 58 612
17 59 1093
17 60 1501
17 61 660
17 62 1141
17 63 1549
17 64 708
17 65 1189
17 66 1141
18 0 1436
18 1 1458
18 2 738
18 3 351
18 4 573
18 5 625
18 6 1071
18 7 551
18 8 1110
18 9 1019
18 10 876
18 11 721
18 12 620
18 13 1075
18 14 746
18 15 733
18 16 742
18 17 655
18 18 0
18 19 1266
18 20 1032
18 21 512
18 22 707
18 23 1086
18 24 1358
18 25 990
18 26 577
18 27 1095
18 28 338
18 29 91
18 30 1316
18 31 475
18 32 462
18 33 1268
18 34 427
18 35 414
18 36 1316
18 37 475
18 38 462
18 39 1364
18 40 523
18 41 510
18 42 1412
18 43 571
18 44 558
18 45 1460
18 46 619
18 47 606
18 48 1508
18 49 667
18 50 654
18 51 1556
18 52 715
18 53 702
18 54 1604
18 55 763
18 56 750
18 57 1652
18 58 811
18 59 798
18 60 1700
18 61 859
18 62 846
18 63 1748
18 64 907
18 65 894
18 66 1436
19 0 266
19 1 292
19 2 820
19 3 915
19 4 889
19 5 837
19 6 391
19 7 1639
19 8 352
19 9 443
19 10 586
19 11 1661
19 12 746
19 13 291
19 14 1158
19 15 1457
19 16 1058
19 17 1067
19 18 1266
19 19 0
19 20 430
19 21 1678
19 22 1119
19 23 1584
19 24 296
19 25 1306
19 26 989
19 27 1411
19 28 928
19 29 1175
19 30 146
19 31 887
19 32 1728
19 33 98
19 34 839
19 35 1680
19 36 50
19 37 791
19 38 1632
19 39 98
19 40 839
19 41 1680
19 42 146
19 43 887
19 44 1728
19 45 194
19 46 935
19 47 1776
19 48 242
19 49 983
19 50 1824
19 51 290
19 52 1031
19 53 1872
19 54 338
19 55 1079
19 56 1920
19 57 386
19 58 1127
19 59 1968
19 60 434
19 61 1175
19 62 2016
19 63 482
19 64 1223
19 65 2064
19 66 266
20 0 404
20 1 622
20 2 916
20 3 681
20 4 751
20 5 803
20 6 39
20 7 1309
20 8 78
20 9 13
20 10 156
20 11 1523
20 12 798
20 13 525
20 14 828
20 15 1127
20 16 920
20 17 737
20 18 1032
20 19 430
20 20 0
20 21 1348
20 22 789
20 23 1446
20 24 626
20 25 1168
20 26 659
20 27 1273
20 28 694
20 29 941
20 30 284
20 31 557
20 32 1398
20 33 332
20 34 605
20 35 1446
20 36 380
20 37 653
20 38 1494
20 39 428
20 40 701
20 41 1542
20 42 476
20 43 749
20 44 1590
20 45 524
20 46 797
20 47 1638
20 48 572
20 49 845
20 50 1686
20 51 620
20 52 893
20 53 1734
20 54 668
20 55 941
20 56 1782
20 57 716
20 58 989
20 59 1830
20 60 764
20 61 1037
20 62 1878
20 63 812
20 64 1085
20 65 1926
20 66 404
21 0 1752
21 1 1870
21 2 1150
21 3 863
21 4 985
21 5 1037
21 6 1387
21 7 39
21 8 1426
21 9 1335
21 10 1192
21 11 405
21 12 1032
21 13 1487
21 14 520
21 15 221
21 16 816
21 17 611
21 18 512
21 19 1678
21 20 1348
21 21 0
21 22 559
21 23 770
21 24 1770
21 25 856
21 26 689
21 27 1039
21 28 850
21 29 603
21 30 1632
21 31 791
21 32 50
21 33 1680
21 34 839
21 35 98
21 36 1728
21 37 887
21 38 146
21 39 1776
21 40 935
21 41 194
21 42 1824
21 43 983
21 44 242
21 45 1872
21 46 1031
21 47 290
21 48 1920
21 49 1079
21 50 338
21 51 1968
21 52 1127
21 53 386
21 54 2016
21 55 1175
21 56 434
21 57 2064
21 58 1223
21 59 482
21 60 2112
21 61 1271
21 62 530
21 63 2160
21 64 1319
21 65 578
21 66 1752
22 0 1193
22 1 1311
22 2 591
22 3 356
22 4 426
22 5 478
22 6 828
22 7 520
22 8 867
22 9 776
22 10 633
22 11 964
22 12 473
22 13 928
22 14 39
22 15 338
22 16 595
22 17 52
22 18 707
22 19 1119
22 20 789
22 21 559
22 22 0
22 23 1121
22 24 1211
22 25 843
22 26 130
22 27 948
22 28 369
22 29 616
22 30 1073
22 31 232
22 32 609
22 33 1121
22 34 280
22 35 657
22 36 1169
22 37 328
22 38 705
22 39 1217
22 40 376
22 41 753
22 42 1265
22 43 424
22 44 801
22 45 1313
22 46 472
22 47 849
22 48 1361
22 49 520
22 50 897
22 51 1409
22 52 568
22 53 945
22 54 1457
22 55 616
22 56 993
22 57 1505
22 58 664
22 59 1041
22 60 1553
22 61 712
22 62 1089
22 63 1601
22 64 760
22 65 1137
22 66 1193
23 0 1850
23 1 1392
23 2 864
23 3 917
23 4 795
23 5 847
23 6 1485
23 7 809
23 8 1524
23 9 1433
23 10 1290
23 11 595
23 12 1034
23 13 1489
23 14 1160
23 15 991
23 16 964
23 17 1069
23 18 1086
23 19 1584
23 20 1446
23 21 770
23 22 1121
23 23 0
23 24 1388
23 25 924
23 26 991
23 27 837
23 28 930
23 29 1177
23 30 1730
23 31 889
23 32 720
23 33 1682
23 34 841
23 35 672
23 36 1634
23 37 793
23 38 624
23 39 1586
23 40 745
23 41 576
23 42 1538
23 43 697
23 44 528
23 45 1490
23 46 649
23 47 480
23 48 1442
23 49 601
23 50 432
23 51 1394
23 52 553
23 53 384
23 54 1346
23 55 505
23 56 336
23 57 1394
23 58 553
23 59 384
23 60 1442
23 61 601
23 62 432
23 63 1490
23 64 649
23 65 480
23 66 1850
24 0 462
24 1 200
24 2 824
24 3 1007
24 4 885
24 5 937
24 6 587
24 7 1731
24 8 548
24 9 639
24 10 782
24 11 1465
24 12 942
24 13 487
24 14 1250
24 15 1549
24 16 1054
24 17 1159
24 18 1358
24 19 296
24 20 626
24 21 1770
24 22 1211
24 23 1388
24 24 0
24 25 1110
24 26 1081
24 27 1215
24 28 1020
24 29 1267
24 30 342
24 31 979
24 32 1820
24 33 294
24 34 931
24 35 1772
24 36 246
24 37 883
24 38 1724
24 39 198
24 40 835
24 41 1676
24 42 150
24 43 787
24 44 1628
24 45 102
24 46 739
24 47 1580
24 48 150
24 49 787
24 50 1628
24 51 198
24 52 835
24 53 1676
24 54 246
24 55 883
24 56 1724
24 57 294
24 58 931
24 59 1772
24 60 342
24 61 979
24 62 1820
24 63 390
24 64 1027
24 65 1868
24 66 462
25 0 1572
25 1 1114
25 2 586
25 3 639
25 4 517
25 5 569
25 6 1207
25 7 895
25 8 1246
25 9 1155
25 10 1012
25 11 681
25 12 756
25 13 1211
25 14 882
25 15 1077
25 16 686
25 17 791
25 18 990
25 19 1306
25 20 1168
25 21 856
25 22 843
25 23 924
25 24 1110
25 25 0
25 26 713
25 27 751
25 28 652
25 29 899
25 30 1452
25 31 611
25 32 806
25 33 1404
25 34 563
25 35 758
25 36 1356
25 37 515
25 38 710
25 39 1308
25 40 467
25 41 662
25 42 1260
25 43 419
25 44 614
25 45 1212
25 46 371
25 47 566
25 48 1164
25 49 323
25 50 518
25 51 1212
25 52 371
25 53 566
25 54 1260
25 55 419
25 56 614
25 57 1308
25 58 467
25 59 662
25 60 1356
25 61 515
25 62 710
25 63 1404
25 64 563
25 65 758
25 66 1572
26 0 1063
26 1 1181
26 2 461
26 3 226
26 4 296
26 5 348
26 6 698
26 7 650
26 8 737
26 9 646
26 10 503
26 11 1068
26 12 343
26 13 798
26 14 169
26 15 468
26 16 465
26 17 78
26 18 577
26 19 989
26 20 659
26 21 689
26 22 130
26 23 991
26 24 1081
26 25 713
26 26 0
26 27 818
26 28 239
26 29 486
26 30 943
26 31 102
26 32 739
26 33 991
26 34 150
26 35 787
26 36 1039
26 37 198
26 38 835
26 39 1087
26 40 246
26 41 883
26 42 1135
26 43 294
26 44 931
26 45 1183
26 46 342
26 47 979
26 48 1231
26 49 390
26 50 1027
26 51 1279
26 52 438
26 53 1075
26 54 1327
26 55 486
26 56 1123
26 57 1375
26 58 534
26 59 1171
26 60 1423
26 61 582
26 62 1219
26 63 1471
26 64 630
26 65 1267
26 66 1063
27 0 1677
27 1 1219
27 2 691
27 3 744
27 4 622
27 5 674
27 6 1312
27 7 1078
27 8 1351
27 9 1260
27 10 1117
27 11 864
27 12 861
27 13 1316
27 14 987
27 15 1260
27 16 791
27 17 896
27 18 1095
27 19 1411
27 20 1273
27 21 1039
27 22 948
27 23 837
27 24 1215
27 25 751
27 26 818
27 27 0
27 28 757
27 29 1004
27 30 1557
27 31 716
27 32 989
27 33 1509
27 34 668
27 35 941
27 36 1461
27 37 620
27 38 893
27 39 1413
27 40 572
27 41 845
27 42 1365
27 43 524
27 44 797
27 45 1317
27 46 476
27 47 749
27 48 1269
27 49 428
27 50 701
27 51 1221
27 52 380
27 53 653
27 54 1173
27 55 332
27 56 605
27 57 1125
27 58 284
27 59 557
27 60 1173
27 61 332
27 62 605
27 63 1221
27 64 380
27 65 653
27 66 1677
28 0 1098
28 1 1120
28 2 400
28 3 13
28 4 235
28 5 287
28 6 733
28 7 889
28 8 772
28 9 681
28 10 538
28 11 1007
28 12 282
28 13 737
28 14 408
28 15 707
28 16 404
28 17 317
28 18 338
28 19 928
28 20 694
28 21 850
28 22 369
28 23 930
28 24 1020
28 25 652
28 26 239
28 27 757
28 28 0
28 29 247
28 30 978
28 31 137
28 32 800
28 33 930
28 34 89
28 35 752
28 36 978
28 37 137
28 38 800
28 39 1026
28 40 185
28 41 848
28 42 1074
28 43 233
28 44 896
28 45 1122
28 46 281
28 47 944
28 48 1170
28 49 329
28 50 992
28 51 1218
28 52 377
28 53 1040
28 54 1266
28 55 425
28 56 1088
28 57 1314
28 58 473
28 59 1136
28 60 1362
28 61 521
28 62 1184
28 63 1410
28 64 569
28 65 1232
28 66 1098
29 0 1345
29 1 1367
29 2 647
29 3 260
29 4 482
29 5 534
29 6 980
29 7 642
29 8 1019
29 9 928
29 10 785
29 11 812
29 12 529
29 13 984
29 14 655
29 15 824
29 16 651
29 17 564
29 18 91
29 19 1175
29 20 941
29 21 603
29 22 616
29 23 1177
29 24 1267
29 25 899
29 26 486
29 27 1004
29 28 247
29 29 0
29 30 1225
29 31 384
29 32 553
29 33 1177
29 34 336
29 35 505
29 36 1225
29 37 384
29 38 553
29 39 1273
29 40 432
29 41 601
29 42 1321
29 43 480
29 44 649
29 45 1369
29 46 528
29 47 697
29 48 1417
29 49 576
29 50 745
29 51 1465
29 52 624
29 53 793
29 54 1513
29 55 672
29 56 841
29 57 1561
29 58 720
29 59 889
29 60 1609
29 61 768
29 62 937
29 63 1657
29 64 816
29 65 985
29 66 1345
30 0 120
30 1 338
30 2 866
30 3 965
30 4 1035
30 5 883
30 6 245
30 7 1593
30 8 206
30 9 297
30 10 440
30 11 1807
30 12 696
30 13 241
30 14 1112
30 15 1411
30 16 1204
30 17 1021
30 18 1316
30 19 146
30 20 284
30 21 1632
30 22 1073
30 23 1730
30 24 342
30 25 1452
30 26 943
30 27 1557
30 28 978
30 29 1225
30 30 0
30 31 841
30 32 1682
30 33 48
30 34 889
30 35 1730
30 36 96
30 37 937
30 38 1778
30 39 144
30 40 985
30 41 1826
30 42 192
30 43 1033
30 44 1874
30 45 240
30 46 1081
30 47 1922
30 48 288
30 49 1129
30 50 1970
30 51 336
30 52 1177
30 53 2018
30 54 384
30 55 1225
30 56 2066
30 57 432
30 58 1273
30 59 2114
30 60 480
30 61 1321
30 62 2162
30 63 528
30 64 1369
30 65 2210
30 66 120
31 0 961
31 1 1079
31 2 359
31 3 124
31 4 194
31 5 246
31 6 596
31 7 752
31 8 635
31 9 544
31 10 401
31 11 966
31 12 241
31 13 696
31 14 271
31 15 570
31 16 363
31 17 180
31 18 475
31 19 887
31 20 557
31 21 791
31 22 232
31 23 889
31 24 979
31 25 611
31 26 102
31 27 716
31 28 137
31 29 384
31 30 841
31 31 0
31 32 841
31 33 889
31 34 48
31 35 889
31 36 937
31 37 96
31 38 937
31 39 985
31 40 144
31 41 985
31 42 1033
31 43 192
31 44 1033
31 45 1081
31 46 240
31 47 1081
31 48 1129
31 49 288
31 50 1129
31 51 1177
31 52 336
31 53 1177
31 54 1225
31 55 384
31 56 1225
31 57 1273
31 58 432
31 59 1273
31 60 1321
31 61 480
31 62 1321
31 63 1369
31 64 528
31 65 1369
31 66 961
32 0 1802
32 1 1920
32 2 1200
32 3 813
32 4 935
32 5 1087
32 6 1437
32 7 89
32 8 1476
32 9 1385
32 10 1242
32 11 355
32 12 1082
32 13 1537
32 14 570
32 15 271
32 16 766
32 17 661
32 18 462
32 19 1728
32 20 1398
32 21 50
32 22 609
32 23 720
32 24 1820
32 25 806
32 26 739
32 27 989
32 28 800
32 29 553
32 30 1682
32 31 841
32 32 0
32 33 1730
32 34 889
32 35 48
32 36 1778
32 37 937
32 38 96
32 39 1826
32 40 985
32 41 144
32 42 1874
32 43 1033
32 44 192
32 45 1922
32 46 1081
32 47 240
32 48 1970
32 49 1129
32 50 288
32 51 2018
32 52 1177
32 53 336
32 54 2066
32 55 1225
32 56 384
32 57 2114
32 58 1273
32 59 432
32 60 2162
32 61 1321
32 62 480
32 63 2210
32 64 1369
32 65 528
32 66 1802
33 0 168
33 1 290
33 2 818
33 3 917
33 4 987
33 5 835
33 6 293
33 7 1641
33 8 254
33 9 345
33 10 488
33 11 1759
33 12 648
33 13 193
33 14 1160
33 15 1459
33 16 1156
33 17 1069
33 18 1268
33 19 98
33 20 332
33 21 1680
33 22 1121
33 23 1682
33 24 294
33 25 1404
33 26 991
33 27 1509
33 28 930
33 29 1177
33 30 48
33 31 889
33 32 1730
33 33 0
33 34 841
33 35 1682
33 36 48
33 37 889
33 38 1730
33 39 96
33 40 937
33 41 1778
33 42 144
33 43 985
33 44 1826
33 45 192
33 46 1033
33 47 1874
33 48 240
33 49 1081
33 50 1922
33 51 288
33 52 1129
33 53 1970
33 54 336
33 55 1177
33 56 2018
33 57 384
33 58 1225
33 59 2066
33 60 432
33 61 1273
33 62 2114
33 63 480
33 64 1321
33 65 2162
33 66 168
34 0 1009
34 1 1031
34 2 311
34 3 76
34 4 146
34 5 198
34 6 644
34 7 800
34 8 683
34 9 592
34 10 449
34 11 918
34 12 193
34 13 648
34 14 319
34 15 618
34 16 315
34 17 228
34 18 427
34 19 839
34 20 605
34 21 839
34 22 280
34 23 841
34 24 931
34 25 563
34 26 150
34 27 668
34 28 89
34 29 336
34 30 889
34 31 48
34 32 889
34 33 841
34 34 0
34 35 841
34 36 889
34 37 48
34 38 889
34 39 937
34 40 96
34 41 937
34 42 985
34 43 144
34 44 985
34 45 1033
34 46 192
34 47 1033
34 48 1081
34 49 240
34 50 1081
34 51 1129
34 52 288
34 53 1129
34 54 1177
34 55 336
34 56 1177
34 57 1225
34 58 384
34 59 1225
34 60 1273
34 61 432
34 62 1273
34 63 1321
34 64 480
34 65 1321
34 66 1009
35 0 1850
35 1 1872
35 2 1152
35 3 765
35 4 887
35 5 1039
35 6 1485
35 7 137
35 8 1524
35 9 1433
35 10 1290
35 11 307
35 12 1034
35 13 1489
35 14 618
35 15 319
35 16 718
35 17 709
35 18 414
35 19 1680
35 20 1446
35 21 98
35 22 657
35 23 672
35 24 1772
35 25 758
35 26 787
35 27 941
35 28 752
35 29 505
35 30 1730
35 31 889
35 32 48
35 33 1682
35 34 841
35 35 0
35 36 1730
35 37 889
35 38 48
35 39 1778
35 40 937
35 41 96
35 42 1826
35 43 985
35 44 144
35 45 1874
35 46 1033
35 47 192
35 48 1922
35 49 1081
35 50 240
35 51 1970
35 52 1129
35 53 288
35 54 2018
35 55 1177
35 56 336
35 57 2066
35 58 1225
35 59 384
35 60 2114
35 61 1273
35 62 432
35 63 2162
35 64 1321
35 65 480
35 66 1850
36 0 216
36 1 242
36 2 770
36 3 965
36 4 939
36 5 787
36 6 341
36 7 1689
36 8 302
36 9 393
36 10 536
36 11 1711
36 12 696
36 13 241
36 14 1208
36 15 1507
36 16 1108
36 17 1117
36 18 1316
36 19 50
36 20 380
36 21 1728
36 22 1169
36 23 1634
36 24 246
36 25 1356
36 26 1039
36 27 1461
36 28 978
36 29 1225
36 30 96
36 31 937
36 32 1778
36 33 48
36 34 889
36 35 1730
36 36 0
36 37 841
36 38 1682
36 39 48
36 40 889
36 41 1730
36 42 96
36 43 937
36 44 1778
36 45 144
36 46 985
36 47 1826
36 48 192
36 49 1033
36 50 1874
36 51 240
36 52 1081
36 53 1922
36 54 288
36 55 1129
36 56 1970
36 57 336
36 58 1177
36 59 2018
36 60 384
36 61 1225
36 62 2066
36 63 432
36 64 1273
36 65 2114
36 66 216
37 0 1057
37 1 983
37 2 263
37 3 124
37 4 98
37 5 150
37 6 692
37 7 848
37 8 731
37 9 640
37 10 497
37 11 870
37 12 241
37 13 696
37 14 367
37 15 666
37 16 267
37 17 276
37 18 475
37 19 791
37 20 653
37 21 887
37 22 328
37 23 793
37 24 883
37 25 515
37 26 198
37 27 620
37 28 137
37 29 384
37 30 937
37 31 96
37 32 937
37 33 889
37 34 48
37 35 889
37 36 841
37 37 0
37 38 841
37 39 889
37 40 48
37 41 889
37 42 937
37 43 96
37 44 937
37 45 985
37 46 144
37 47 985
37 48 1033
37 49 192
37 50 1033
37 51 1081
37 52 240
37 53 1081
37 54 1129
37 55 288
37 56 1129
37 57 1177
37 58 336
37 59 1177
37 60 1225
37 61 384
37 62 1225
37 63 1273
37 64 432
37 65 1273
37 66 1057
38 0 1898
38 1 1824
38 2 1104
38 3 813
38 4 839
38 5 991
38 6 1533
38 7 185
38 8 1572
38 9 1481
38 10 1338
38 11 259
38 12 1082
38 13 1537
38 14 666
38 15 367
38 16 670
38 17 757
38 18 462
38 19 1632
38 20 1494
38 21 146
38 22 705
38 23 624
38 24 1724
38 25 710
38 26 835
38 27 893
38 28 800
38 29 553
38 30 1778
38 31 937
38 32 96
38 33 1730
38 34 889
38 35 48
38 36 1682
38 37 841
38 38 0
38 39 1730
38 40 889
38 41 48
38 42 1778
38 43 937
38 44 96
38 45 1826
38 46 985
38 47 144
38 48 1874
38 49 1033
38 50 192
38 51 1922
38 52 1081
38 53 240
38 54 1970
38 55 1129
38 56 288
38 57 2018
38 58 1177
38 59 336
38 60 2066
38 61 1225
38 62 384
38 63 2114
38 64 1273
38 65 432
38 66 1898
39 0 264
39 1 194
39 2 722
39 3 1013
39 4 891
39 5 739
39 6 389
39 7 1737
39 8 350
39 9 441
39 10 584
39 11 1663
39 12 744
39 13 289
39 14 1256
39 15 1555
39 16 1060
39 17 1165
39 18 1364
39 19 98
39 20 428
39 21 1776
39 22 1217
39 23 1586
39 24 198
39 25 1308
39 26 1087
39 27 1413
39 28 1026
39 29 1273
39 30 144
39 31 985
39 32 1826
39 33 96
39 34 937
39 35 1778
39 36 48
39 37 889
39 38 1730
39 39 0
39 40 841
39 41 1682
39 42 48
39 43 889
39 44 1730
39 45 96
39 46 937
39 47 1778
39 48 144
39 49 985
39 50 1826
39 51 192
39 52 1033
39 53 1874
39 54 240
39 55 1081
39 56 1922
39 57 288
39 58 1129
39 59 1970
39 60 336
39 61 1177
39 62 2018
39 63 384
39 64 1225
39 65 2066
39 66 264
40 0 1105
40 1 935
40 2 215
40 3 172
40 4 50
40 5 102
40 6 740
40 7 896
40 8 779
40 9 688
40 10 545
40 11 822
40 12 289
40 13 744
40 14 415
40 15 714
40 16 219
40 17 324
40 18 523
40 19 839
40 20 701
40 21 935
40 22 376
40 23 745
40 24 835
40 25 467
40 26 246
40 27 572
40 28 185
40 29 432
40 30 985
40 31 144
40 32 985
40 33 937
40 34 96
40 35 937
40 36 889
40 37 48
40 38 889
40 39 841
40 40 0
40 41 841
40 42 889
40 43 48
40 44 889
40 45 937
40 46 96
40 47 937
40 48 985
40 49 144
40 50 985
40 51 1033
40 52 192
40 53 1033
40 54 1081
40 55 240
40 56 1081
40 57 1129
40 58 288
40 59 1129
40 60 1177
40 61 336
40 62 1177
40 63 1225
40 64 384
40 65 1225
40 66 1105
41 0 1946
41 1 1776
41 2 1056
41 3 861
41 4 791
41 5 943
41 6 1581
41 7 233
41 8 1620
41 9 1529
41 10 1386
41 11 211
41 12 1130
41 13 1585
41 14 714
41 15 415
41 16 622
41 17 805
41 18 510
41 19 1680
41 20 1542
41 21 194
41 22 753
41 23 576
41 24 1676
41 25 662
41 26 883
41 27 845
41 28 848
41 29 601
41 30 1826
41 31 985
41 32 144
41 33 1778
41 34 937
41 35 96
41 36 1730
41 37 889
41 38 48
41 39 1682
41 40 841
41 41 0
41 42 1730
41 43 889
41 44 48
41 45 1778
41 46 937
41 47 96
41 48 1826
41 49 985
41 50 144
41 51 1874
41 52 1033
41 53 192
41 54 1922
41 55 1081
41 56 240
41 57 1970
41 58 1129
41 59 288
41 60 2018
41 61 1177
41 62 336
41 63 2066
41 64 1225
41 65 384
41 66 1946
42 0 312
42 1 146
42 2 674
42 3 1061
42 4 939
42 5 787
42 6 437
42 7 1785
42 8 398
42 9 489
42 10 632
42 11 1615
42 12 792
42 13 337
42 14 1304
42 15 1603
42 16 1108
42 17 1213
42 18 1412
42 19 146
42 20 476
42 21 1824
42 22 1265
42 23 1538
42 24 150
42 25 1260
42 26 1135
42 27 1365
42 28 1074
42 29 1321
42 30 192
42 31 1033
42 32 1874
42 33 144
42 34 985
42 35 1826
42 36 96
42 37 937
42 38 1778
42 39 48
42 40 889
42 41 1730
42 42 0
42 43 841
42 44 1682
42 45 48
42 46 889
42 47 1730
42 48 96
42 49 937
42 50 1778
42 51 144
42 52 985
42 53 1826
42 54 192
42 55 1033
42 56 1874
42 57 240
42 58 1081
42 59 1922
42 60 288
42 61 1129
42 62 1970
42 63 336
42 64 1177
42 65 2018
42 66 312
43 0 1153
43 1 887
43 2 167
43 3 220
43 4 98
43 5 150
43 6 788
43 7 944
43 8 827
43 9 736
43 10 593
43 11 774
43 12 337
43 13 792
43 14 463
43 15 762
43 16 267
43 17 372
43 18 571
43 19 887
43 20 749
43 21 983
43 22 424
43 23 697
43 24 787
43 25 419
43 26 294
43 27 524
43 28 233
43 29 480
43 30 1033
43 31 192
43 32 1033
43 33 985
43 34 144
43 35 985
43 36 937
43 37 96
43 38 937
43 39 889
43 40 48
43 41 889
43 42 841
43 43 0
43 44 841
43 45 889
43 46 48
43 47 889
43 48 937
43 49 96
43 50 937
43 51 985
43 52 144
43 53 985
43 54 1033
43 55 192
43 56 1033
43 57 1081
43 58 240
43 59 1081
43 60 1129
43 61 288
43 62 1129
43 63 1177
43 64 336
43 65 1177
43 66 1153
44 0 1994
44 1 1728
44 2 1008
44 3 909
44 4 839
44 5 991
44 6 1629
44 7 281
44 8 1668
44 9 1577
44 10 1434
44 11 163
44 12 1178
44 13 1633
44 14 762
44 15 463
44 16 670
44 17 853
44 18 558
44 19 1728
44 20 1590
44 21 242
44 22 801
44 23 528
44 24 1628
44 25 614
44 26 931
44 27 797
44 28 896
44 29 649
44 30 1874
44 31 1033
44 32 192
44 33 1826
44 34 985
44 35 144
44 36 1778
44 37 937
44 38 96
44 39 1730
44 40 889
44 41 48
44 42 1682
44 43 841
44 44 0
44 45 1730
44 46 889
44 47 48
44 48 1778
44 49 937
44 50 96
44 51 1826
44 52 985
44 53 144
44 54 1874
44 55 1033
44 56 192
44 57 1922
44 58 1081
44 59 240
44 60 1970
44 61 1129
44 62 288
44 63 2018
44 64 1177
44 65 336
44 66 1994
45 0 360
45 1 98
45 2 722
45 3 1109
45 4 987
45 5 835
45 6 485
45 7 1833
45 8 446
45 9 537
45 10 680
45 11 1567
45 12 840
45 13 385
45 14 1352
45 15 1651
45 16 1156
45 17 1261
45 18 1460
45 19 194
45 20 524
45 21 1872
45 22 1313
45 23 1490
45 24 102
45 25 1212
45 26 1183
45 27 1317
45 28 1122
45 29 1369
45 30 240
45 31 1081
45 32 1922
45 33 192
45 34 1033
45 35 1874
45 36 144
45 37 985
45 38 1826
45 39 96
45 40 937
45 41 1778
45 42 48
45 43 889
45 44 1730
45 45 0
45 46 841
45 47 1682
45 48 48
45 49 889
45 50 1730
45 51 96
45 52 937
45 53 1778
45 54 144
45 55 985
45 56 1826
45 57 192
45 58 1033
45 59 1874
45 60 240
45 61 1081
45 62 1922
45 63 288
45 64 1129
45 65 1970
45 66 360
46 0 1201
46 1 839
46 2 215
46 3 268
46 4 146
46 5 198
46 6 836
46 7 992
46 8 875
46 9 784
46 10 641
46 11 726
46 12 385
46 13 840
46 14 511
46 15 810
46 16 315
46 17 420
46 18 619
46 19 935
46 20 797
46 21 1031
46 22 472
46 23 649
46 24 739
46 25 371
46 26 342
46 27 476
46 28 281
46 29 528
46 30 1081
46 31 240
46 32 1081
46 33 1033
46 34 192
46 35 1033
46 36 985
46 37 144
46 38 985
46 39 937
46 40 96
46 41 937
46 42 889
46 43 48
46 44 889
46 45 841
46 46 0
46 47 841
46 48 889
46 49 48
46 50 889
46 51 937
46 52 96
46 53 937
46 54 985
46 55 144
46 56 985
46 57 1033
46 58 192
46 59 1033
46 60 1081
46 61 240
46 62 1081
46 63 1129
46 64 288
46 65 1129
46 66 1201
47 0 2042
47 1 1680
47 2 1056
47 3 957
47 4 887
47 5 1039
47 6 1677
47 7 329
47 8 1716
47 9 1625
47 10 1482
47 11 115
47 12 1226
47 13 1681
47 14 810
47 15 511
47 16 718
47 17 901
47 18 606
47 19 1776
47 20 1638
47 21 290
47 22 849
47 23 480
47 24 1580
47 25 566
47 26 979
47 27 749
47 28 944
47 29 697
47 30 1922
47 31 1081
47 32 240
47 33 1874
47 34 1033
47 35 192
47 36 1826
47 37 985
47 38 144
47 39 1778
47 40 937
47 41 96
47 42 1730
47 43 889
47 44 48
47 45 1682
47 46 841
47 47 0
47 48 1730
47 49 889
47 50 48
47 51 1778
47 52 937
47 53 96
47 54 1826
47 55 985
47 56 144
47 57 1874
47 58 1033
47 59 192
47 60 1922
47 61 1081
47 62 240
47 63 1970
47 64 1129
47 65 288
47 66 2042
48 0 408
48 1 50
48 2 770
48 3 1157
48 4 1035
48 5 883
48 6 533
48 7 1881
48 8 494
48 9 585
48 10 728
48 11 1615
48 12 888
48 13 433
48 14 1400
48 15 1699
48 16 1204
48 17 1309
48 18 1508
48 19 242
48 20 572
48 21 1920
48 22 1361
48 23 1442
48 24 150
48 25 1164
48 26 1231
48 27 1269
48 28 1170
48 29 1417
48 30 288
48 31 1129
48 32 1970
48 33 240
48 34 1081
48 35 1922
48 36 192
48 37 1033
48 38 1874
48 39 144
48 40 985
48 41 1826
48 42 96
48 43 937
48 44 1778
48 45 48
48 46 889
48 47 1730
48 48 0
48 49 841
48 50 1682
48 51 48
48 52 889
48 53 1730
48 54 96
48 55 937
48 56 1778
48 57 144
48 58 985
48 59 1826
48 60 192
48 61 1033
48 62 1874
48 63 240
48 64 1081
48 65 1922
48 66 408
49 0 1249
49 1 791
49 2 263
49 3 316
49 4 194
49 5 246
49 6 884
49 7 1040
49 8 923
49 9 832
49 10 689
49 11 774
49 12 433
49 13 888
49 14 559
49 15 858
49 16 363
49 17 468
49 18 667
49 19 983
49 20 845
49 21 1079
49 22 520
49 23 601
49 24 787
49 25 323
49 26 390
49 27 428
49 28 329
49 29 576
49 30 1129
49 31 288
49 32 1129
49 33 1081
49 34 240
49 35 1081
49 36 1033
49 37 192
49 38 1033
49 39 985
49 40 144
49 41 985
49 42 937
49 43 96
49 44 937
49 45 889
49 46 48
49 47 889
49 48 841
49 49 0
49 50 841
49 51 889
49 52 48
49 53 889
49 54 937
49 55 96
49 56 937
49 57 985
49 58 144
49 59 985
49 60 1033
49 61 192
49 62 1033
49 63 1081
49 64 240
49 65 1081
49 66 1249
50 0 2090
50 1 1632
50 2 1104
50 3 1005
50 4 935
50 5 1087
50 6 1725
50 7 377
50 8 1764
50 9 1673
50 10 1530
50 11 163
50 12 1274
50 13 1729
50 14 858
50 15 559
50 16 766
50 17 949
50 18 654
50 19 1824
50 20 1686
50 21 338
50 22 897
50 23 432
50 24 1628
50 25 518
50 26 1027
50 27 701
50 28 992
50 29 745
50 30 1970
50 31 1129
50 32 288
50 33 1922
50 34 1081
50 35 240
50 36 1874
50 37 1033
50 38 192
50 39 1826
50 40 985
50 41 144
50 42 1778
50 43 937
50 44 96
50 45 1730
50 46 889
50 47 48
50 48 1682
50 49 841
50 50 0
50 51 1730
50 52 889
50 53 48
50 54 1778
50 55 937
50 56 96
50 57 1826
50 58 985
50 59 144
50 60 1874
50 61 1033
50 62 192
50 63 1922
50 64 1081
50 65 240
50 66 2090
51 0 456
51 1 98
51 2 818
51 3 1205
51 4 1083
51 5 931
51 6 581
51 7 1929
51 8 542
51 9 633
51 10 776
51 11 1663
51 12 936
51 13 481
51 14 1448
51 15 1747
51 16 1252
51 17 1357
51 18 1556
51 19 290
51 20 620
51 21 1968
51 22 1409
51 23 1394
51 24 198
51 25 1212
51 26 1279
51 27 1221
51 28 1218
51 29 1465
51 30 336
51 31 1177
51 32 2018
51 33 288
51 34 1129
51 35 1970
51 36 240
51 37 1081
51 38 1922
51 39 192
51 40 1033
51 41 1874
51 42 144
51 43 985
51 44 1826
51 45 96
51 46 937
51 47 1778
51 48 48
51 49 889
51 50 1730
51 51 0
51 52 841
51 53 1682
51 54 48
51 55 889
51 56 1730
51 57 96
51 58 937
51 59 1778
51 60 144
51 61 985
51 62 1826
51 63 192
51 64 1033
51 65 1874
51 66 456
52 0 1297
52 1 839
52 2 311
52 3 364
52 4 242
52 5 294
52 6 932
52 7 1088
52 8 971
52 9 880
52 10 737
52 11 822
52 12 481
52 13 936
52 14 607
52 15 906
52 16 411
52 17 516
52 18 715
52 19 1031
52 20 893
52 21 1127
52 22 568
52 23 553
52 24 835
52 25 371
52 26 438
52 27 380
52 28 377
52 29 624
52 30 1177
52 31 336
52 32 1177
52 33 1129
52 34 288
52 35 1129
52 36 1081
52 37 240
52 38 1081
52 39 1033
52 40 192
52 41 1033
52 42 985
52 43 144
52 44 985
52 45 937
52 46 96
52 47 937
52 48 889
52 49 48
52 50 889
52 51 841
52 52 0
52 53 841
52 54 889
52 55 48
52 56 889
52 57 937
52 58 96
52 59 937
52 60 985
52 61 144
52 62 985
52 63 1033
52 64 192
52 65 1033
52 66 1297
53 0 2138
53 1 1680
53 2 1152
53 3 1053
53 4 983
53 5 1135
53 6 1773
53 7 425
53 8 1812
53 9 1721
53 10 1578
53 11 211
53 12 1322
53 13 1777
53 14 906
53 15 607
53 16 814
53 17 997
53 18 702
53 19 1872
53 20 1734
53 21 386
53 22 945
53 23 384
53 24 1676
53 25 566
53 26 1075
53 27 653
53 28 1040
53 29 793
53 30 2018
53 31 1177
53 32 336
53 33 1970
53 34 1129
53 35 288
53 36 1922
53 37 1081
53 38 240
53 39 1874
53 40 1033
53 41 192
53 42 1826
53 43 985
53 44 144
53 45 1778
53 46 937
53 47 96
53 48 1730
53 49 889
53 50 48
53 51 1682
53 52 841
53 53 0
53 54 1730
53 55 889
53 56 48
53 57 1778
53 58 937
53 59 96
53 60 1826
53 61 985
53 62 144
53 63 1874
53 64 1033
53 65 192
53 66 2138
54 0 504
54 1 146
54 2 866
54 3 1253
54 4 1131
54 5 979
54 6 629
54 7 1977
54 8 590
54 9 681
54 10 824
54 11 1711
54 12 984
54 13 529
54 14 1496
54 15 1795
54 16 1300
54 17 1405
54 18 1604
54 19 338
54 20 668
54 21 2016
54 22 1457
54 23 1346
54 24 246
54 25 1260
54 26 1327
54 27 1173
54 28 1266
54 29 1513
54 30 384
54 31 1225
54 32 2066
54 33 336
54 34 1177
54 35 2018
54 36 288
54 37 1129
54 38 1970
54 39 240
54 40 1081
54 41 1922
54 42 192
54 43 1033
54 44 1874
54 45 144
54 46 985
54 47 1826
54 48 96
54 49 937
54 50 1778
54 51 48
54 52 889
54 53 1730
54 54 0
54 55 841
54 56 1682
54 57 48
54 58 889
54 59 1730
54 60 96
54 61 937
54 62 1778
54 63 144
54 64 985
54 65 1826
54 66 504
55 0 1345
55 1 887
55 2 359
55 3 412
55 4 290
55 5 342
55 6 980
55 7 1136
55 8 1019
55 9 928
55 10 785
55 11 870
55 12 529
55 13 984
55 14 655
55 15 954
55 16 459
55 17 564
55 18 763
55 19 1079
55 20 941
55 21 1175
55 22 616
55 23 505
55 24 883
55 25 419
55 26 486
55 27 332
55 28 425
55 29 672
55 30 1225
55 31 384
55 32 1225
55 33 1177
55 34 336
55 35 1177
55 36 1129
55 37 288
55 38 1129
55 39 1081
55 40 240
55 41 1081
55 42 1033
55 43 192
55 44 1033
55 45 985
55 46 144
55 47 985
55 48 937
55 49 96
55 50 937
55 51 889
55 52 48
55 53 889
55 54 841
55 55 0
55 56 841
55 57 889
55 58 48
55 59 889
55 60 937
55 61 96
55 62 937
55 63 985
55 64 144
55 65 985
55 66 1345
