//alpha
1
//NbLocations
60
//NbProducts
23
//NbPickers
2
//CapaPicker
8
//TimeToTravelOneDistanceUnit
3
//SetupTime
5400
//PickTime
300
//Products
//Idx Location Size
1 1 1
2 2 1
3 3 1
4 4 1
5 5 1
6 6 1
7 7 1
8 8 1
9 9 1
10 10 1
11 11 1
12 12 1
13 13 1
14 14 1
15 15 1
16 16 1
17 17 1
18 18 1
19 19 1
20 20 1
21 21 1
22 22 1
23 23 1
//Orders
//NbOrders
6
//Idx DueDate TardinessPenalty NbProdInOrder ProdIdx1 Qty1 ProdIdx2 Qty2 ...
1 90000 0 1 1 1
2 108000 0 4 2 1 3 1 4 1 5 1
3 108000 0 8 6 1 7 1 8 1 9 1 10 1 11 1 12 1 13 1
4 90000 0 1 14 1
5 72000 0 2 15 1 16 1
6 54000 0 7 17 1 18 1 19 1 20 1 21 1 22 1 23 1
//Graph (Products are vertices indexed from 1 to NbProducts)
//NbVerticesIntersections
36
//DepartingDepot
0
//ArrivalDepot
60
//Arcs
//Start End Distance
0 24 120
1 10 286
1 26 362
2 49 76
2 50 765
3 33 115
3 34 726
4 31 635
4 32 206
5 57 362
5 58 479
6 34 128
6 35 713
7 27 804
7 28 37
8 19 195
8 31 232
9 15 91
9 25 570
10 1 286
10 25 193
11 13 416
11 49 128
12 22 208
12 41 219
13 11 416
13 48 297
14 42 440
14 43 401
15 9 91
15 24 180
16 54 687
16 55 154
17 18 13
17 40 115
18 17 13
18 22 286
19 8 195
19 30 414
20 21 169
20 43 63
21 20 169
21 44 609
22 12 208
22 18 286
23 46 778
23 47 63
24 15 180
24 27 48
24 60 120
25 9 570
25 10 193
25 28 48
26 1 362
26 29 48
27 7 804
27 24 48
27 30 48
28 7 37
28 25 48
28 29 841
28 31 48
29 26 48
29 28 841
29 32 48
30 19 414
30 27 48
30 33 48
31 4 635
31 8 232
31 28 48
31 34 48
32 4 206
32 29 48
32 35 48
33 3 115
33 30 48
33 36 48
34 3 726
34 6 128
34 31 48
34 37 48
35 6 713
35 32 48
35 38 48
36 33 48
36 37 841
36 39 48
37 34 48
37 36 841
37 38 841
37 40 48
38 35 48
38 37 841
38 41 48
39 36 48
39 40 841
39 42 48
40 17 115
40 37 48
40 39 841
40 43 48
41 12 219
41 38 48
41 44 48
42 14 440
42 39 48
42 45 48
43 14 401
43 20 63
43 40 48
43 46 48
44 21 609
44 41 48
44 47 48
45 42 48
45 46 841
45 48 48
46 23 778
46 43 48
46 45 841
46 49 48
47 23 63
47 44 48
47 50 48
48 13 297
48 45 48
48 51 48
49 2 76
49 11 128
49 46 48
49 52 48
50 2 765
50 47 48
50 53 48
51 48 48
51 52 841
51 54 48
52 49 48
52 51 841
52 53 841
52 55 48
53 50 48
53 52 841
53 56 48
54 16 687
54 51 48
54 57 48
55 16 154
55 52 48
55 56 841
55 58 48
56 53 48
56 55 841
56 59 48
57 5 362
57 54 48
58 5 479
58 55 48
58 59 841
59 56 48
59 58 841
//LocStart LocEnd ShortestPath
0 0 0
0 1 1440
0 2 1421
0 3 379
0 4 1692
0 5 1010
0 6 1233
0 7 972
0 8 825
0 9 391
0 10 1154
0 11 1217
0 12 1823
0 13 801
0 14 848
0 15 300
0 16 1287
0 17 1316
0 18 1329
0 19 630
0 20 1312
0 21 1481
0 22 1615
0 23 2075
0 24 120
0 25 961
0 26 1802
0 27 168
0 28 1009
0 29 1850
0 30 216
0 31 1057
0 32 1898
0 33 264
0 34 1105
0 35 1946
0 36 312
0 37 1153
0 38 1994
0 39 360
0 40 1201
0 41 2042
0 42 408
0 43 1249
0 44 2090
0 45 456
0 46 1297
0 47 2138
0 48 504
0 49 1345
0 50 2186
0 51 552
0 52 1393
0 53 2234
0 54 600
0 55 1441
0 56 2282
0 57 648
0 58 1489
0 59 2330
0 60 0
1 0 1440
1 1 0
1 2 939
1 3 1349
1 4 664
1 5 1486
1 6 751
1 7 564
1 8 807
1 9 1049
1 10 286
1 11 991
1 12 821
1 13 1407
1 14 1168
1 15 1140
1 16 1113
1 17 834
1 18 847
1 19 1002
1 20 830
1 21 999
1 22 1029
1 23 761
1 24 1320
1 25 479
1 26 362
1 27 1368
1 28 527
1 29 410
1 30 1416
1 31 575
1 32 458
1 33 1464
1 34 623
1 35 506
1 36 1512
1 37 671
1 38 554
1 39 1560
1 40 719
1 41 602
1 42 1608
1 43 767
1 44 650
1 45 1656
1 46 815
1 47 698
1 48 1704
1 49 863
1 50 746
1 51 1752
1 52 911
1 53 794
1 54 1800
1 55 959
1 56 842
1 57 1848
1 58 1007
1 59 890
1 60 1440
2 0 1421
2 1 939
2 2 0
2 3 1042
2 4 999
2 5 699
2 6 444
2 7 449
2 8 596
2 9 1030
2 10 653
2 11 204
2 12 842
2 13 620
2 14 573
2 15 1121
2 16 326
2 17 335
2 18 348
2 19 791
2 20 235
2 21 404
2 22 634
2 23 876
2 24 1301
2 25 460
2 26 1149
2 27 1253
2 28 412
2 29 1101
2 30 1205
2 31 364
2 32 1053
2 33 1157
2 34 316
2 35 1005
2 36 1109
2 37 268
2 38 957
2 39 1061
2 40 220
2 41 909
2 42 1013
2 43 172
2 44 861
2 45 965
2 46 124
2 47 813
2 48 917
2 49 76
2 50 765
2 51 965
2 52 124
2 53 813
2 54 1013
2 55 172
2 56 861
2 57 1061
2 58 220
2 59 909
2 60 1421
3 0 379
3 1 1349
3 2 1042
3 3 0
3 4 1409
3 5 861
3 6 854
3 7 859
3 8 772
3 9 530
3 10 1063
3 11 1068
3 12 1444
3 13 652
3 14 699
3 15 439
3 16 1138
3 17 937
3 18 950
3 19 577
3 20 933
3 21 1102
3 22 1236
3 23 1696
3 24 259
3 25 870
3 26 1711
3 27 211
3 28 822
3 29 1663
3 30 163
3 31 774
3 32 1615
3 33 115
3 34 726
3 35 1567
3 36 163
3 37 774
3 38 1615
3 39 211
3 40 822
3 41 1663
3 42 259
3 43 870
3 44 1711
3 45 307
3 46 918
3 47 1759
3 48 355
3 49 966
3 50 1807
3 51 403
3 52 1014
3 53 1855
3 54 451
3 55 1062
3 56 1903
3 57 499
3 58 1110
3 59 1951
3 60 379
4 0 1692
4 1 664
4 2 999
4 3 1409
4 4 0
4 5 1546
4 6 811
4 7 720
4 8 867
4 9 1301
4 10 924
4 11 1051
4 12 569
4 13 1467
4 14 1228
4 15 1392
4 16 1173
4 17 894
4 18 907
4 19 1062
4 20 890
4 21 1007
4 22 777
4 23 509
4 24 1572
4 25 731
4 26 302
4 27 1524
4 28 683
4 29 254
4 30 1476
4 31 635
4 32 206
4 33 1524
4 34 683
4 35 254
4 36 1572
4 37 731
4 38 302
4 39 1620
4 40 779
4 41 350
4 42 1668
4 43 827
4 44 398
4 45 1716
4 46 875
4 47 446
4 48 1764
4 49 923
4 50 494
4 51 1812
4 52 971
4 53 542
4 54 1860
4 55 1019
4 56 590
4 57 1908
4 58 1067
4 59 638
4 60 1692
5 0 1010
5 1 1486
5 2 699
5 3 861
5 4 1546
5 5 0
5 6 991
5 7 996
5 8 1143
5 9 1161
5 10 1200
5 11 751
5 12 1389
5 13 803
5 14 1042
5 15 1070
5 16 681
5 17 882
5 18 895
5 19 1208
5 20 782
5 21 951
5 22 1181
5 23 1449
5 24 890
5 25 1007
5 26 1848
5 27 842
5 28 959
5 29 1800
5 30 794
5 31 911
5 32 1752
5 33 746
5 34 863
5 35 1704
5 36 698
5 37 815
5 38 1656
5 39 650
5 40 767
5 41 1608
5 42 602
5 43 719
5 44 1560
5 45 554
5 46 671
5 47 1512
5 48 506
5 49 623
5 50 1464
5 51 458
5 52 575
5 53 1416
5 54 410
5 55 527
5 56 1368
5 57 362
5 58 479
5 59 1320
5 60 1010
6 0 1233
6 1 751
6 2 444
6 3 854
6 4 811
6 5 991
6 6 0
6 7 261
6 8 408
6 9 842
6 10 465
6 11 496
6 12 846
6 13 912
6 14 673
6 15 933
6 16 618
6 17 339
6 18 352
6 19 603
6 20 335
6 21 504
6 22 638
6 23 968
6 24 1113
6 25 272
6 26 857
6 27 1065
6 28 224
6 29 809
6 30 1017
6 31 176
6 32 761
6 33 969
6 34 128
6 35 713
6 36 1017
6 37 176
6 38 761
6 39 1065
6 40 224
6 41 809
6 42 1113
6 43 272
6 44 857
6 45 1161
6 46 320
6 47 905
6 48 1209
6 49 368
6 50 953
6 51 1257
6 52 416
6 53 1001
6 54 1305
6 55 464
6 56 1049
6 57 1353
6 58 512
6 59 1097
6 60 1233
7 0 972
7 1 564
7 2 449
7 3 859
7 4 720
7 5 996
7 6 261
7 7 0
7 8 317
7 9 655
7 10 278
7 11 501
7 12 851
7 13 917
7 14 678
7 15 746
7 16 623
7 17 344
7 18 357
7 19 512
7 20 340
7 21 509
7 22 643
7 23 1103
7 24 852
7 25 85
7 26 926
7 27 804
7 28 37
7 29 878
7 30 852
7 31 85
7 32 926
7 33 900
7 34 133
7 35 974
7 36 948
7 37 181
7 38 1022
7 39 996
7 40 229
7 41 1070
7 42 1044
7 43 277
7 44 1118
7 45 1092
7 46 325
7 47 1166
7 48 1140
7 49 373
7 50 1214
7 51 1188
7 52 421
7 53 1262
7 54 1236
7 55 469
7 56 1310
7 57 1284
7 58 517
7 59 1358
7 60 972
8 0 825
8 1 807
8 2 596
8 3 772
8 4 867
8 5 1143
8 6 408
8 7 317
8 8 0
8 9 898
8 10 521
8 11 648
8 12 998
8 13 1064
8 14 825
8 15 885
8 16 770
8 17 491
8 18 504
8 19 195
8 20 487
8 21 656
8 22 790
8 23 1250
8 24 705
8 25 328
8 26 1169
8 27 657
8 28 280
8 29 1121
8 30 609
8 31 232
8 32 1073
8 33 657
8 34 280
8 35 1121
8 36 705
8 37 328
8 38 1169
8 39 753
8 40 376
8 41 1217
8 42 801
8 43 424
8 44 1265
8 45 849
8 46 472
8 47 1313
8 48 897
8 49 520
8 50 1361
8 51 945
8 52 568
8 53 1409
8 54 993
8 55 616
8 56 1457
8 57 1041
8 58 664
8 59 1505
8 60 825
9 0 391
9 1 1049
9 2 1030
9 3 530
9 4 1301
9 5 1161
9 6 842
9 7 655
9 8 898
9 9 0
9 10 763
9 11 1082
9 12 1432
9 13 952
9 14 999
9 15 91
9 16 1204
9 17 925
9 18 938
9 19 781
9 20 921
9 21 1090
9 22 1224
9 23 1684
9 24 271
9 25 570
9 26 1411
9 27 319
9 28 618
9 29 1459
9 30 367
9 31 666
9 32 1507
9 33 415
9 34 714
9 35 1555
9 36 463
9 37 762
9 38 1603
9 39 511
9 40 810
9 41 1651
9 42 559
9 43 858
9 44 1699
9 45 607
9 46 906
9 47 1747
9 48 655
9 49 954
9 50 1795
9 51 703
9 52 1002
9 53 1843
9 54 751
9 55 1050
9 56 1891
9 57 799
9 58 1098
9 59 1939
9 60 391
10 0 1154
10 1 286
10 2 653
10 3 1063
10 4 924
10 5 1200
10 6 465
10 7 278
10 8 521
10 9 763
10 10 0
10 11 705
10 12 1055
10 13 1121
10 14 882
10 15 854
10 16 827
10 17 548
10 18 561
10 19 716
10 20 544
10 21 713
10 22 847
10 23 1047
10 24 1034
10 25 193
10 26 648
10 27 1082
10 28 241
10 29 696
10 30 1130
10 31 289
10 32 744
10 33 1178
10 34 337
10 35 792
10 36 1226
10 37 385
10 38 840
10 39 1274
10 40 433
10 41 888
10 42 1322
10 43 481
10 44 936
10 45 1370
10 46 529
10 47 984
10 48 1418
10 49 577
10 50 1032
10 51 1466
10 52 625
10 53 1080
10 54 1514
10 55 673
10 56 1128
10 57 1562
10 58 721
10 59 1176
10 60 1154
11 0 1217
11 1 991
11 2 204
11 3 1068
11 4 1051
11 5 751
11 6 496
11 7 501
11 8 648
11 9 1082
11 10 705
11 11 0
11 12 894
11 13 416
11 14 625
11 15 1173
11 16 378
11 17 387
11 18 400
11 19 843
11 20 287
11 21 456
11 22 686
11 23 954
11 24 1097
11 25 512
11 26 1353
11 27 1049
11 28 464
11 29 1305
11 30 1001
11 31 416
11 32 1257
11 33 953
11 34 368
11 35 1209
11 36 905
11 37 320
11 38 1161
11 39 857
11 40 272
11 41 1113
11 42 809
11 43 224
11 44 1065
11 45 761
11 46 176
11 47 1017
11 48 713
11 49 128
11 50 969
11 51 761
11 52 176
11 53 1017
11 54 809
11 55 224
11 56 1065
11 57 857
11 58 272
11 59 1113
11 60 1217
12 0 1823
12 1 821
12 2 842
12 3 1444
12 4 569
12 5 1389
12 6 846
12 7 851
12 8 998
12 9 1432
12 10 1055
12 11 894
12 12 0
12 13 1310
12 14 1071
12 15 1523
12 16 1016
12 17 507
12 18 494
12 19 1193
12 20 733
12 21 876
12 22 208
12 23 378
12 24 1703
12 25 862
12 26 459
12 27 1655
12 28 814
12 29 411
12 30 1607
12 31 766
12 32 363
12 33 1559
12 34 718
12 35 315
12 36 1511
12 37 670
12 38 267
12 39 1463
12 40 622
12 41 219
12 42 1511
12 43 670
12 44 267
12 45 1559
12 46 718
12 47 315
12 48 1607
12 49 766
12 50 363
12 51 1655
12 52 814
12 53 411
12 54 1703
12 55 862
12 56 459
12 57 1751
12 58 910
12 59 507
12 60 1823
13 0 801
13 1 1407
13 2 620
13 3 652
13 4 1467
13 5 803
13 6 912
13 7 917
13 8 1064
13 9 952
13 10 1121
13 11 416
13 12 1310
13 13 0
13 14 833
13 15 861
13 16 794
13 17 803
13 18 816
13 19 999
13 20 703
13 21 872
13 22 1102
13 23 1370
13 24 681
13 25 928
13 26 1769
13 27 633
13 28 880
13 29 1721
13 30 585
13 31 832
13 32 1673
13 33 537
13 34 784
13 35 1625
13 36 489
13 37 736
13 38 1577
13 39 441
13 40 688
13 41 1529
13 42 393
13 43 640
13 44 1481
13 45 345
13 46 592
13 47 1433
13 48 297
13 49 544
13 50 1385
13 51 345
13 52 592
13 53 1433
13 54 393
13 55 640
13 56 1481
13 57 441
13 58 688
13 59 1529
13 60 801
14 0 848
14 1 1168
14 2 573
14 3 699
14 4 1228
14 5 1042
14 6 673
14 7 678
14 8 825
14 9 999
14 10 882
14 11 625
14 12 1071
14 13 833
14 14 0
14 15 908
14 16 747
14 17 564
14 18 577
14 19 1020
14 20 464
14 21 633
14 22 863
14 23 1227
14 24 728
14 25 689
14 26 1530
14 27 680
14 28 641
14 29 1482
14 30 632
14 31 593
14 32 1434
14 33 584
14 34 545
14 35 1386
14 36 536
14 37 497
14 38 1338
14 39 488
14 40 449
14 41 1290
14 42 440
14 43 401
14 44 1242
14 45 488
14 46 449
14 47 1290
14 48 536
14 49 497
14 50 1338
14 51 584
14 52 545
14 53 1386
14 54 632
14 55 593
14 56 1434
14 57 680
14 58 641
14 59 1482
14 60 848
15 0 300
15 1 1140
15 2 1121
15 3 439
15 4 1392
15 5 1070
15 6 933
15 7 746
15 8 885
15 9 91
15 10 854
15 11 1173
15 12 1523
15 13 861
15 14 908
15 15 0
15 16 1295
15 17 1016
15 18 1029
15 19 690
15 20 1012
15 21 1181
15 22 1315
15 23 1775
15 24 180
15 25 661
15 26 1502
15 27 228
15 28 709
15 29 1550
15 30 276
15 31 757
15 32 1598
15 33 324
15 34 805
15 35 1646
15 36 372
15 37 853
15 38 1694
15 39 420
15 40 901
15 41 1742
15 42 468
15 43 949
15 44 1790
15 45 516
15 46 997
15 47 1838
15 48 564
15 49 1045
15 50 1886
15 51 612
15 52 1093
15 53 1934
15 54 660
15 55 1141
15 56 1982
15 57 708
15 58 1189
15 59 2030
15 60 300
16 0 1287
16 1 1113
16 2 326
16 3 1138
16 4 1173
16 5 681
16 6 618
16 7 623
16 8 770
16 9 1204
16 10 827
16 11 378
16 12 1016
16 13 794
16 14 747
16 15 1295
16 16 0
16 17 509
16 18 522
16 19 965
16 20 409
16 21 578
16 22 808
16 23 1076
16 24 1167
16 25 634
16 26 1475
16 27 1119
16 28 586
16 29 1427
16 30 1071
16 31 538
16 32 1379
16 33 1023
16 34 490
16 35 1331
16 36 975
16 37 442
16 38 1283
16 39 927
16 40 394
16 41 1235
16 42 879
16 43 346
16 44 1187
16 45 831
16 46 298
16 47 1139
16 48 783
16 49 250
16 50 1091
16 51 735
16 52 202
16 53 1043
16 54 687
16 55 154
16 56 995
16 57 735
16 58 202
16 59 1043
16 60 1287
17 0 1316
17 1 834
17 2 335
17 3 937
17 4 894
17 5 882
17 6 339
17 7 344
17 8 491
17 9 925
17 10 548
17 11 387
17 12 507
17 13 803
17 14 564
17 15 1016
17 16 509
17 17 0
17 18 13
17 19 686
17 20 226
17 21 395
17 22 299
17 23 885
17 24 1196
17 25 355
17 26 966
17 27 1148
17 28 307
17 29 918
17 30 1100
17 31 259
17 32 870
17 33 1052
17 34 211
17 35 822
17 36 1004
17 37 163
17 38 774
17 39 956
17 40 115
17 41 726
17 42 1004
17 43 163
17 44 774
17 45 1052
17 46 211
17 47 822
17 48 1100
17 49 259
17 50 870
17 51 1148
17 52 307
17 53 918
17 54 1196
17 55 355
17 56 966
17 57 1244
17 58 403
17 59 1014
17 60 1316
18 0 1329
18 1 847
18 2 348
18 3 950
18 4 907
18 5 895
18 6 352
18 7 357
18 8 504
18 9 938
18 10 561
18 11 400
18 12 494
18 13 816
18 14 577
18 15 1029
18 16 522
18 17 13
18 18 0
18 19 699
18 20 239
18 21 408
18 22 286
18 23 872
18 24 1209
18 25 368
18 26 953
18 27 1161
18 28 320
18 29 905
18 30 1113
18 31 272
18 32 857
18 33 1065
18 34 224
18 35 809
18 36 1017
18 37 176
18 38 761
18 39 969
18 40 128
18 41 713
18 42 1017
18 43 176
18 44 761
18 45 1065
18 46 224
18 47 809
18 48 1113
18 49 272
18 50 857
18 51 1161
18 52 320
18 53 905
18 54 1209
18 55 368
18 56 953
18 57 1257
18 58 416
18 59 1001
18 60 1329
19 0 630
19 1 1002
19 2 791
19 3 577
19 4 1062
19 5 1208
19 6 603
19 7 512
19 8 195
19 9 781
19 10 716
19 11 843
19 12 1193
19 13 999
19 14 1020
19 15 690
19 16 965
19 17 686
19 18 699
19 19 0
19 20 682
19 21 851
19 22 985
19 23 1445
19 24 510
19 25 523
19 26 1364
19 27 462
19 28 475
19 29 1316
19 30 414
19 31 427
19 32 1268
19 33 462
19 34 475
19 35 1316
19 36 510
19 37 523
19 38 1364
19 39 558
19 40 571
19 41 1412
19 42 606
19 43 619
19 44 1460
19 45 654
19 46 667
19 47 1508
19 48 702
19 49 715
19 50 1556
19 51 750
19 52 763
19 53 1604
19 54 798
19 55 811
19 56 1652
19 57 846
19 58 859
19 59 1700
19 60 630
20 0 1312
20 1 830
20 2 235
20 3 933
20 4 890
20 5 782
20 6 335
20 7 340
20 8 487
20 9 921
20 10 544
20 11 287
20 12 733
20 13 703
20 14 464
20 15 1012
20 16 409
20 17 226
20 18 239
20 19 682
20 20 0
20 21 169
20 22 525
20 23 889
20 24 1192
20 25 351
20 26 1066
20 27 1144
20 28 303
20 29 1018
20 30 1096
20 31 255
20 32 970
20 33 1048
20 34 207
20 35 922
20 36 1000
20 37 159
20 38 874
20 39 952
20 40 111
20 41 826
20 42 904
20 43 63
20 44 778
20 45 952
20 46 111
20 47 826
20 48 1000
20 49 159
20 50 874
20 51 1048
20 52 207
20 53 922
20 54 1096
20 55 255
20 56 970
20 57 1144
20 58 303
20 59 1018
20 60 1312
21 0 1481
21 1 999
21 2 404
21 3 1102
21 4 1007
21 5 951
21 6 504
21 7 509
21 8 656
21 9 1090
21 10 713
21 11 456
21 12 876
21 13 872
21 14 633
21 15 1181
21 16 578
21 17 395
21 18 408
21 19 851
21 20 169
21 21 0
21 22 694
21 23 720
21 24 1361
21 25 520
21 26 897
21 27 1313
21 28 472
21 29 849
21 30 1265
21 31 424
21 32 801
21 33 1217
21 34 376
21 35 753
21 36 1169
21 37 328
21 38 705
21 39 1121
21 40 280
21 41 657
21 42 1073
21 43 232
21 44 609
21 45 1121
21 46 280
21 47 657
21 48 1169
21 49 328
21 50 705
21 51 1217
21 52 376
21 53 753
21 54 1265
21 55 424
21 56 801
21 57 1313
21 58 472
21 59 849
21 60 1481
22 0 1615
22 1 1029
22 2 634
22 3 1236
22 4 777
22 5 1181
22 6 638
22 7 643
22 8 790
22 9 1224
22 10 847
22 11 686
22 12 208
22 13 1102
22 14 863
22 15 1315
22 16 808
22 17 299
22 18 286
22 19 985
22 20 525
22 21 694
22 22 0
22 23 586
22 24 1495
22 25 654
22 26 667
22 27 1447
22 28 606
22 29 619
22 30 1399
22 31 558
22 32 571
22 33 1351
22 34 510
22 35 523
22 36 1303
22 37 462
22 38 475
22 39 1255
22 40 414
22 41 427
22 42 1303
22 43 462
22 44 475
22 45 1351
22 46 510
22 47 523
22 48 1399
22 49 558
22 50 571
22 51 1447
22 52 606
22 53 619
22 54 1495
22 55 654
22 56 667
22 57 1543
22 58 702
22 59 715
22 60 1615
23 0 2075
23 1 761
23 2 876
23 3 1696
23 4 509
23 5 1449
23 6 968
23 7 1103
23 8 1250
23 9 1684
23 10 1047
23 11 954
23 12 378
23 13 1370
23 14 1227
23 15 1775
23 16 1076
23 17 885
23 18 872
23 19 1445
23 20 889
23 21 720
23 22 586
23 23 0
23 24 1955
23 25 1114
23 26 399
23 27 1907
23 28 1066
23 29 351
23 30 1859
23 31 1018
23 32 303
23 33 1811
23 34 970
23 35 255
23 36 1763
23 37 922
23 38 207
23 39 1715
23 40 874
23 41 159
23 42 1667
23 43 826
23 44 111
23 45 1619
23 46 778
23 47 63
23 48 1667
23 49 826
23 50 111
23 51 1715
23 52 874
23 53 159
23 54 1763
23 55 922
23 56 207
23 57 1811
23 58 970
23 59 255
23 60 2075
24 0 120
24 1 1320
24 2 1301
24 3 259
24 4 1572
24 5 890
24 6 1113
24 7 852
24 8 705
24 9 271
24 10 1034
24 11 1097
24 12 1703
24 13 681
24 14 728
24 15 180
24 16 1167
24 17 1196
24 18 1209
24 19 510
24 20 1192
24 21 1361
24 22 1495
24 23 1955
24 24 0
24 25 841
24 26 1682
24 27 48
24 28 889
24 29 1730
24 30 96
24 31 937
24 32 1778
24 33 144
24 34 985
24 35 1826
24 36 192
24 37 1033
24 38 1874
24 39 240
24 40 1081
24 41 1922
24 42 288
24 43 1129
24 44 1970
24 45 336
24 46 1177
24 47 2018
24 48 384
24 49 1225
24 50 2066
24 51 432
24 52 1273
24 53 2114
24 54 480
24 55 1321
24 56 2162
24 57 528
24 58 1369
24 59 2210
24 60 120
25 0 961
25 1 479
25 2 460
25 3 870
25 4 731
25 5 1007
25 6 272
25 7 85
25 8 328
25 9 570
25 10 193
25 11 512
25 12 862
25 13 928
25 14 689
25 15 661
25 16 634
25 17 355
25 18 368
25 19 523
25 20 351
25 21 520
25 22 654
25 23 1114
25 24 841
25 25 0
25 26 841
25 27 889
25 28 48
25 29 889
25 30 937
25 31 96
25 32 937
25 33 985
25 34 144
25 35 985
25 36 1033
25 37 192
25 38 1033
25 39 1081
25 40 240
25 41 1081
25 42 1129
25 43 288
25 44 1129
25 45 1177
25 46 336
25 47 1177
25 48 1225
25 49 384
25 50 1225
25 51 1273
25 52 432
25 53 1273
25 54 1321
25 55 480
25 56 1321
25 57 1369
25 58 528
25 59 1369
25 60 961
26 0 1802
26 1 362
26 2 1149
26 3 1711
26 4 302
26 5 1848
26 6 857
26 7 926
26 8 1169
26 9 1411
26 10 648
26 11 1353
26 12 459
26 13 1769
26 14 1530
26 15 1502
26 16 1475
26 17 966
26 18 953
26 19 1364
26 20 1066
26 21 897
26 22 667
26 23 399
26 24 1682
26 25 841
26 26 0
26 27 1730
26 28 889
26 29 48
26 30 1778
26 31 937
26 32 96
26 33 1826
26 34 985
26 35 144
26 36 1874
26 37 1033
26 38 192
26 39 1922
26 40 1081
26 41 240
26 42 1970
26 43 1129
26 44 288
26 45 2018
26 46 1177
26 47 336
26 48 2066
26 49 1225
26 50 384
26 51 2114
26 52 1273
26 53 432
26 54 2162
26 55 1321
26 56 480
26 57 2210
26 58 1369
26 59 528
26 60 1802
27 0 168
27 1 1368
27 2 1253
27 3 211
27 4 1524
27 5 842
27 6 1065
27 7 804
27 8 657
27 9 319
27 10 1082
27 11 1049
27 12 1655
27 13 633
27 14 680
27 15 228
27 16 1119
27 17 1148
27 18 1161
27 19 462
27 20 1144
27 21 1313
27 22 1447
27 23 1907
27 24 48
27 25 889
27 26 1730
27 27 0
27 28 841
27 29 1682
27 30 48
27 31 889
27 32 1730
27 33 96
27 34 937
27 35 1778
27 36 144
27 37 985
27 38 1826
27 39 192
27 40 1033
27 41 1874
27 42 240
27 43 1081
27 44 1922
27 45 288
27 46 1129
27 47 1970
27 48 336
27 49 1177
27 50 2018
27 51 384
27 52 1225
27 53 2066
27 54 432
27 55 1273
27 56 2114
27 57 480
27 58 1321
27 59 2162
27 60 168
28 0 1009
28 1 527
28 2 412
28 3 822
28 4 683
28 5 959
28 6 224
28 7 37
28 8 280
28 9 618
28 10 241
28 11 464
28 12 814
28 13 880
28 14 641
28 15 709
28 16 586
28 17 307
28 18 320
28 19 475
28 20 303
28 21 472
28 22 606
28 23 1066
28 24 889
28 25 48
28 26 889
28 27 841
28 28 0
28 29 841
28 30 889
28 31 48
28 32 889
28 33 937
28 34 96
28 35 937
28 36 985
28 37 144
28 38 985
28 39 1033
28 40 192
28 41 1033
28 42 1081
28 43 240
28 44 1081
28 45 1129
28 46 288
28 47 1129
28 48 1177
28 49 336
28 50 1177
28 51 1225
28 52 384
28 53 1225
28 54 1273
28 55 432
28 56 1273
28 57 1321
28 58 480
28 59 1321
28 60 1009
29 0 1850
29 1 410
29 2 1101
29 3 1663
29 4 254
29 5 1800
29 6 809
29 7 878
29 8 1121
29 9 1459
29 10 696
29 11 1305
29 12 411
29 13 1721
29 14 1482
29 15 1550
29 16 1427
29 17 918
29 18 905
29 19 1316
29 20 1018
29 21 849
29 22 619
29 23 351
29 24 1730
29 25 889
29 26 48
29 27 1682
29 28 841
29 29 0
29 30 1730
29 31 889
29 32 48
29 33 1778
29 34 937
29 35 96
29 36 1826
29 37 985
29 38 144
29 39 1874
29 40 1033
29 41 192
29 42 1922
29 43 1081
29 44 240
29 45 1970
29 46 1129
29 47 288
29 48 2018
29 49 1177
29 50 336
29 51 2066
29 52 1225
29 53 384
29 54 2114
29 55 1273
29 56 432
29 57 2162
29 58 1321
29 59 480
29 60 1850
30 0 216
30 1 1416
30 2 1205
30 3 163
30 4 1476
30 5 794
30 6 1017
30 7 852
30 8 609
30 9 367
30 10 1130
30 11 1001
30 12 1607
30 13 585
30 14 632
30 15 276
30 16 1071
30 17 1100
30 18 1113
30 19 414
30 20 1096
30 21 1265
30 22 1399
30 23 1859
30 24 96
30 25 937
30 26 1778
30 27 48
30 28 889
30 29 1730
30 30 0
30 31 841
30 32 1682
30 33 48
30 34 889
30 35 1730
30 36 96
30 37 937
30 38 1778
30 39 144
30 40 985
30 41 1826
30 42 192
30 43 1033
30 44 1874
30 45 240
30 46 1081
30 47 1922
30 48 288
30 49 1129
30 50 1970
30 51 336
30 52 1177
30 53 2018
30 54 384
30 55 1225
30 56 2066
30 57 432
30 58 1273
30 59 2114
30 60 216
31 0 1057
31 1 575
31 2 364
31 3 774
31 4 635
31 5 911
31 6 176
31 7 85
31 8 232
31 9 666
31 10 289
31 11 416
31 12 766
31 13 832
31 14 593
31 15 757
31 16 538
31 17 259
31 18 272
31 19 427
31 20 255
31 21 424
31 22 558
31 23 1018
31 24 937
31 25 96
31 26 937
31 27 889
31 28 48
31 29 889
31 30 841
31 31 0
31 32 841
31 33 889
31 34 48
31 35 889
31 36 937
31 37 96
31 38 937
31 39 985
31 40 144
31 41 985
31 42 1033
31 43 192
31 44 1033
31 45 1081
31 46 240
31 47 1081
31 48 1129
31 49 288
31 50 1129
31 51 1177
31 52 336
31 53 1177
31 54 1225
31 55 384
31 56 1225
31 57 1273
31 58 432
31 59 1273
31 60 1057
32 0 1898
32 1 458
32 2 1053
32 3 1615
32 4 206
32 5 1752
32 6 761
32 7 926
32 8 1073
32 9 1507
32 10 744
32 11 1257
32 12 363
32 13 1673
32 14 1434
32 15 1598
32 16 1379
32 17 870
32 18 857
32 19 1268
32 20 970
32 21 801
32 22 571
32 23 303
32 24 1778
32 25 937
32 26 96
32 27 1730
32 28 889
32 29 48
32 30 1682
32 31 841
32 32 0
32 33 1730
32 34 889
32 35 48
32 36 1778
32 37 937
32 38 96
32 39 1826
32 40 985
32 41 144
32 42 1874
32 43 1033
32 44 192
32 45 1922
32 46 1081
32 47 240
32 48 1970
32 49 1129
32 50 288
32 51 2018
32 52 1177
32 53 336
32 54 2066
32 55 1225
32 56 384
32 57 2114
32 58 1273
32 59 432
32 60 1898
33 0 264
33 1 1464
33 2 1157
33 3 115
33 4 1524
33 5 746
33 6 969
33 7 900
33 8 657
33 9 415
33 10 1178
33 11 953
33 12 1559
33 13 537
33 14 584
33 15 324
33 16 1023
33 17 1052
33 18 1065
33 19 462
33 20 1048
33 21 1217
33 22 1351
33 23 1811
33 24 144
33 25 985
33 26 1826
33 27 96
33 28 937
33 29 1778
33 30 48
33 31 889
33 32 1730
33 33 0
33 34 841
33 35 1682
33 36 48
33 37 889
33 38 1730
33 39 96
33 40 937
33 41 1778
33 42 144
33 43 985
33 44 1826
33 45 192
33 46 1033
33 47 1874
33 48 240
33 49 1081
33 50 1922
33 51 288
33 52 1129
33 53 1970
33 54 336
33 55 1177
33 56 2018
33 57 384
33 58 1225
33 59 2066
33 60 264
34 0 1105
34 1 623
34 2 316
34 3 726
34 4 683
34 5 863
34 6 128
34 7 133
34 8 280
34 9 714
34 10 337
34 11 368
34 12 718
34 13 784
34 14 545
34 15 805
34 16 490
34 17 211
34 18 224
34 19 475
34 20 207
34 21 376
34 22 510
34 23 970
34 24 985
34 25 144
34 26 985
34 27 937
34 28 96
34 29 937
34 30 889
34 31 48
34 32 889
34 33 841
34 34 0
34 35 841
34 36 889
34 37 48
34 38 889
34 39 937
34 40 96
34 41 937
34 42 985
34 43 144
34 44 985
34 45 1033
34 46 192
34 47 1033
34 48 1081
34 49 240
34 50 1081
34 51 1129
34 52 288
34 53 1129
34 54 1177
34 55 336
34 56 1177
34 57 1225
34 58 384
34 59 1225
34 60 1105
35 0 1946
35 1 506
35 2 1005
35 3 1567
35 4 254
35 5 1704
35 6 713
35 7 974
35 8 1121
35 9 1555
35 10 792
35 11 1209
35 12 315
35 13 1625
35 14 1386
35 15 1646
35 16 1331
35 17 822
35 18 809
35 19 1316
35 20 922
35 21 753
35 22 523
35 23 255
35 24 1826
35 25 985
35 26 144
35 27 1778
35 28 937
35 29 96
35 30 1730
35 31 889
35 32 48
35 33 1682
35 34 841
35 35 0
35 36 1730
35 37 889
35 38 48
35 39 1778
35 40 937
35 41 96
35 42 1826
35 43 985
35 44 144
35 45 1874
35 46 1033
35 47 192
35 48 1922
35 49 1081
35 50 240
35 51 1970
35 52 1129
35 53 288
35 54 2018
35 55 1177
35 56 336
35 57 2066
35 58 1225
35 59 384
35 60 1946
36 0 312
36 1 1512
36 2 1109
36 3 163
36 4 1572
36 5 698
36 6 1017
36 7 948
36 8 705
36 9 463
36 10 1226
36 11 905
36 12 1511
36 13 489
36 14 536
36 15 372
36 16 975
36 17 1004
36 18 1017
36 19 510
36 20 1000
36 21 1169
36 22 1303
36 23 1763
36 24 192
36 25 1033
36 26 1874
36 27 144
36 28 985
36 29 1826
36 30 96
36 31 937
36 32 1778
36 33 48
36 34 889
36 35 1730
36 36 0
36 37 841
36 38 1682
36 39 48
36 40 889
36 41 1730
36 42 96
36 43 937
36 44 1778
36 45 144
36 46 985
36 47 1826
36 48 192
36 49 1033
36 50 1874
36 51 240
36 52 1081
36 53 1922
36 54 288
36 55 1129
36 56 1970
36 57 336
36 58 1177
36 59 2018
36 60 312
37 0 1153
37 1 671
37 2 268
37 3 774
37 4 731
37 5 815
37 6 176
37 7 181
37 8 328
37 9 762
37 10 385
37 11 320
37 12 670
37 13 736
37 14 497
37 15 853
37 16 442
37 17 163
37 18 176
37 19 523
37 20 159
37 21 328
37 22 462
37 23 922
37 24 1033
37 25 192
37 26 1033
37 27 985
37 28 144
37 29 985
37 30 937
37 31 96
37 32 937
37 33 889
37 34 48
37 35 889
37 36 841
37 37 0
37 38 841
37 39 889
37 40 48
37 41 889
37 42 937
37 43 96
37 44 937
37 45 985
37 46 144
37 47 985
37 48 1033
37 49 192
37 50 1033
37 51 1081
37 52 240
37 53 1081
37 54 1129
37 55 288
37 56 1129
37 57 1177
37 58 336
37 59 1177
37 60 1153
38 0 1994
38 1 554
38 2 957
38 3 1615
38 4 302
38 5 1656
38 6 761
38 7 1022
38 8 1169
38 9 1603
38 10 840
38 11 1161
38 12 267
38 13 1577
38 14 1338
38 15 1694
38 16 1283
38 17 774
38 18 761
38 19 1364
38 20 874
38 21 705
38 22 475
38 23 207
38 24 1874
38 25 1033
38 26 192
38 27 1826
38 28 985
38 29 144
38 30 1778
38 31 937
38 32 96
38 33 1730
38 34 889
38 35 48
38 36 1682
38 37 841
38 38 0
38 39 1730
38 40 889
38 41 48
38 42 1778
38 43 937
38 44 96
38 45 1826
38 46 985
38 47 144
38 48 1874
38 49 1033
38 50 192
38 51 1922
38 52 1081
38 53 240
38 54 1970
38 55 1129
38 56 288
38 57 2018
38 58 1177
38 59 336
38 60 1994
39 0 360
39 1 1560
39 2 1061
39 3 211
39 4 1620
39 5 650
39 6 1065
39 7 996
39 8 753
39 9 511
39 10 1274
39 11 857
39 12 1463
39 13 441
39 14 488
39 15 420
39 16 927
39 17 956
39 18 969
39 19 558
39 20 952
39 21 1121
39 22 1255
39 23 1715
39 24 240
39 25 1081
39 26 1922
39 27 192
39 28 1033
39 29 1874
39 30 144
39 31 985
39 32 1826
39 33 96
39 34 937
39 35 1778
39 36 48
39 37 889
39 38 1730
39 39 0
39 40 841
39 41 1682
39 42 48
39 43 889
39 44 1730
39 45 96
39 46 937
39 47 1778
39 48 144
39 49 985
39 50 1826
39 51 192
39 52 1033
39 53 1874
39 54 240
39 55 1081
39 56 1922
39 57 288
39 58 1129
39 59 1970
39 60 360
40 0 1201
40 1 719
40 2 220
40 3 822
40 4 779
40 5 767
40 6 224
40 7 229
40 8 376
40 9 810
40 10 433
40 11 272
40 12 622
40 13 688
40 14 449
40 15 901
40 16 394
40 17 115
40 18 128
40 19 571
40 20 111
40 21 280
40 22 414
40 23 874
40 24 1081
40 25 240
40 26 1081
40 27 1033
40 28 192
40 29 1033
40 30 985
40 31 144
40 32 985
40 33 937
40 34 96
40 35 937
40 36 889
40 37 48
40 38 889
40 39 841
40 40 0
40 41 841
40 42 889
40 43 48
40 44 889
40 45 937
40 46 96
40 47 937
40 48 985
40 49 144
40 50 985
40 51 1033
40 52 192
40 53 1033
40 54 1081
40 55 240
40 56 1081
40 57 1129
40 58 288
40 59 1129
40 60 1201
41 0 2042
41 1 602
41 2 909
41 3 1663
41 4 350
41 5 1608
41 6 809
41 7 1070
41 8 1217
41 9 1651
41 10 888
41 11 1113
41 12 219
41 13 1529
41 14 1290
41 15 1742
41 16 1235
41 17 726
41 18 713
41 19 1412
41 20 826
41 21 657
41 22 427
41 23 159
41 24 1922
41 25 1081
41 26 240
41 27 1874
41 28 1033
41 29 192
41 30 1826
41 31 985
41 32 144
41 33 1778
41 34 937
41 35 96
41 36 1730
41 37 889
41 38 48
41 39 1682
41 40 841
41 41 0
41 42 1730
41 43 889
41 44 48
41 45 1778
41 46 937
41 47 96
41 48 1826
41 49 985
41 50 144
41 51 1874
41 52 1033
41 53 192
41 54 1922
41 55 1081
41 56 240
41 57 1970
41 58 1129
41 59 288
41 60 2042
42 0 408
42 1 1608
42 2 1013
42 3 259
42 4 1668
42 5 602
42 6 1113
42 7 1044
42 8 801
42 9 559
42 10 1322
42 11 809
42 12 1511
42 13 393
42 14 440
42 15 468
42 16 879
42 17 1004
42 18 1017
42 19 606
42 20 904
42 21 1073
42 22 1303
42 23 1667
42 24 288
42 25 1129
42 26 1970
42 27 240
42 28 1081
42 29 1922
42 30 192
42 31 1033
42 32 1874
42 33 144
42 34 985
42 35 1826
42 36 96
42 37 937
42 38 1778
42 39 48
42 40 889
42 41 1730
42 42 0
42 43 841
42 44 1682
42 45 48
42 46 889
42 47 1730
42 48 96
42 49 937
42 50 1778
42 51 144
42 52 985
42 53 1826
42 54 192
42 55 1033
42 56 1874
42 57 240
42 58 1081
42 59 1922
42 60 408
43 0 1249
43 1 767
43 2 172
43 3 870
43 4 827
43 5 719
43 6 272
43 7 277
43 8 424
43 9 858
43 10 481
43 11 224
43 12 670
43 13 640
43 14 401
43 15 949
43 16 346
43 17 163
43 18 176
43 19 619
43 20 63
43 21 232
43 22 462
43 23 826
43 24 1129
43 25 288
43 26 1129
43 27 1081
43 28 240
43 29 1081
43 30 1033
43 31 192
43 32 1033
43 33 985
43 34 144
43 35 985
43 36 937
43 37 96
43 38 937
43 39 889
43 40 48
43 41 889
43 42 841
43 43 0
43 44 841
43 45 889
43 46 48
43 47 889
43 48 937
43 49 96
43 50 937
43 51 985
43 52 144
43 53 985
43 54 1033
43 55 192
43 56 1033
43 57 1081
43 58 240
43 59 1081
43 60 1249
44 0 2090
44 1 650
44 2 861
44 3 1711
44 4 398
44 5 1560
44 6 857
44 7 1118
44 8 1265
44 9 1699
44 10 936
44 11 1065
44 12 267
44 13 1481
44 14 1242
44 15 1790
44 16 1187
44 17 774
44 18 761
44 19 1460
44 20 778
44 21 609
44 22 475
44 23 111
44 24 1970
44 25 1129
44 26 288
44 27 1922
44 28 1081
44 29 240
44 30 1874
44 31 1033
44 32 192
44 33 1826
44 34 985
44 35 144
44 36 1778
44 37 937
44 38 96
44 39 1730
44 40 889
44 41 48
44 42 1682
44 43 841
44 44 0
44 45 1730
44 46 889
44 47 48
44 48 1778
44 49 937
44 50 96
44 51 1826
44 52 985
44 53 144
44 54 1874
44 55 1033
44 56 192
44 57 1922
44 58 1081
44 59 240
44 60 2090
45 0 456
45 1 1656
45 2 965
45 3 307
45 4 1716
45 5 554
45 6 1161
45 7 1092
45 8 849
45 9 607
45 10 1370
45 11 761
45 12 1559
45 13 345
45 14 488
45 15 516
45 16 831
45 17 1052
45 18 1065
45 19 654
45 20 952
45 21 1121
45 22 1351
45 23 1619
45 24 336
45 25 1177
45 26 2018
45 27 288
45 28 1129
45 29 1970
45 30 240
45 31 1081
45 32 1922
45 33 192
45 34 1033
45 35 1874
45 36 144
45 37 985
45 38 1826
45 39 96
45 40 937
45 41 1778
45 42 48
45 43 889
45 44 1730
45 45 0
45 46 841
45 47 1682
45 48 48
45 49 889
45 50 1730
45 51 96
45 52 937
45 53 1778
45 54 144
45 55 985
45 56 1826
45 57 192
45 58 1033
45 59 1874
45 60 456
46 0 1297
46 1 815
46 2 124
46 3 918
46 4 875
46 5 671
46 6 320
46 7 325
46 8 472
46 9 906
46 10 529
46 11 176
46 12 718
46 13 592
46 14 449
46 15 997
46 16 298
46 17 211
46 18 224
46 19 667
46 20 111
46 21 280
46 22 510
46 23 778
46 24 1177
46 25 336
46 26 1177
46 27 1129
46 28 288
46 29 1129
46 30 1081
46 31 240
46 32 1081
46 33 1033
46 34 192
46 35 1033
46 36 985
46 37 144
46 38 985
46 39 937
46 40 96
46 41 937
46 42 889
46 43 48
46 44 889
46 45 841
46 46 0
46 47 841
46 48 889
46 49 48
46 50 889
46 51 937
46 52 96
46 53 937
46 54 985
46 55 144
46 56 985
46 57 1033
46 58 192
46 59 1033
46 60 1297
47 0 2138
47 1 698
47 2 813
47 3 1759
47 4 446
47 5 1512
47 6 905
47 7 1166
47 8 1313
47 9 1747
47 10 984
47 11 1017
47 12 315
47 13 1433
47 14 1290
47 15 1838
47 16 1139
47 17 822
47 18 809
47 19 1508
47 20 826
47 21 657
47 22 523
47 23 63
47 24 2018
47 25 1177
47 26 336
47 27 1970
47 28 1129
47 29 288
47 30 1922
47 31 1081
47 32 240
47 33 1874
47 34 1033
47 35 192
47 36 1826
47 37 985
47 38 144
47 39 1778
47 40 937
47 41 96
47 42 1730
47 43 889
47 44 48
47 45 1682
47 46 841
47 47 0
47 48 1730
47 49 889
47 50 48
47 51 1778
47 52 937
47 53 96
47 54 1826
47 55 985
47 56 144
47 57 1874
47 58 1033
47 59 192
47 60 2138
48 0 504
48 1 1704
48 2 917
48 3 355
48 4 1764
48 5 506
48 6 1209
48 7 1140
48 8 897
48 9 655
48 10 1418
48 11 713
48 12 1607
48 13 297
48 14 536
48 15 564
48 16 783
48 17 1100
48 18 1113
48 19 702
48 20 1000
48 21 1169
48 22 1399
48 23 1667
48 24 384
48 25 1225
48 26 2066
48 27 336
48 28 1177
48 29 2018
48 30 288
48 31 1129
48 32 1970
48 33 240
48 34 1081
48 35 1922
48 36 192
48 37 1033
48 38 1874
48 39 144
48 40 985
48 41 1826
48 42 96
48 43 937
48 44 1778
48 45 48
48 46 889
48 47 1730
48 48 0
48 49 841
48 50 1682
48 51 48
48 52 889
48 53 1730
48 54 96
48 55 937
48 56 1778
48 57 144
48 58 985
48 59 1826
48 60 504
49 0 1345
49 1 863
49 2 76
49 3 966
49 4 923
49 5 623
49 6 368
49 7 373
49 8 520
49 9 954
49 10 577
49 11 128
49 12 766
49 13 544
49 14 497
49 15 1045
49 16 250
49 17 259
49 18 272
49 19 715
49 20 159
49 21 328
49 22 558
49 23 826
49 24 1225
49 25 384
49 26 1225
49 27 1177
49 28 336
49 29 1177
49 30 1129
49 31 288
49 32 1129
49 33 1081
49 34 240
49 35 1081
49 36 1033
49 37 192
49 38 1033
49 39 985
49 40 144
49 41 985
49 42 937
49 43 96
49 44 937
49 45 889
49 46 48
49 47 889
49 48 841
49 49 0
49 50 841
49 51 889
49 52 48
49 53 889
49 54 937
49 55 96
49 56 937
49 57 985
49 58 144
49 59 985
49 60 1345
50 0 2186
50 1 746
50 2 765
50 3 1807
50 4 494
50 5 1464
50 6 953
50 7 1214
50 8 1361
50 9 1795
50 10 1032
50 11 969
50 12 363
50 13 1385
50 14 1338
50 15 1886
50 16 1091
50 17 870
50 18 857
50 19 1556
50 20 874
50 21 705
50 22 571
50 23 111
50 24 2066
50 25 1225
50 26 384
50 27 2018
50 28 1177
50 29 336
50 30 1970
50 31 1129
50 32 288
50 33 1922
50 34 1081
50 35 240
50 36 1874
50 37 1033
50 38 192
50 39 1826
50 40 985
50 41 144
50 42 1778
50 43 937
50 44 96
50 45 1730
50 46 889
50 47 48
50 48 1682
50 49 841
50 50 0
50 51 1730
50 52 889
50 53 48
50 54 1778
50 55 937
50 56 96
50 57 1826
50 58 985
50 59 144
50 60 2186
51 0 552
51 1 1752
51 2 965
51 3 403
51 4 1812
51 5 458
51 6 1257
51 7 1188
51 8 945
51 9 703
51 10 1466
51 11 761
51 12 1655
51 13 345
51 14 584
51 15 612
51 16 735
51 17 1148
51 18 1161
51 19 750
51 20 1048
51 21 1217
51 22 1447
51 23 1715
51 24 432
51 25 1273
51 26 2114
51 27 384
51 28 1225
51 29 2066
51 30 336
51 31 1177
51 32 2018
51 33 288
51 34 1129
51 35 1970
51 36 240
51 37 1081
51 38 1922
51 39 192
51 40 1033
51 41 1874
51 42 144
51 43 985
51 44 1826
51 45 96
51 46 937
51 47 1778
51 48 48
51 49 889
51 50 1730
51 51 0
51 52 841
51 53 1682
51 54 48
51 55 889
51 56 1730
51 57 96
51 58 937
51 59 1778
51 60 552
52 0 1393
52 1 911
52 2 124
52 3 1014
52 4 971
52 5 575
52 6 416
52 7 421
52 8 568
52 9 1002
52 10 625
52 11 176
52 12 814
52 13 592
52 14 545
52 15 1093
52 16 202
52 17 307
52 18 320
52 19 763
52 20 207
52 21 376
52 22 606
52 23 874
52 24 1273
52 25 432
52 26 1273
52 27 1225
52 28 384
52 29 1225
52 30 1177
52 31 336
52 32 1177
52 33 1129
52 34 288
52 35 1129
52 36 1081
52 37 240
52 38 1081
52 39 1033
52 40 192
52 41 1033
52 42 985
52 43 144
52 44 985
52 45 937
52 46 96
52 47 937
52 48 889
52 49 48
52 50 889
52 51 841
52 52 0
52 53 841
52 54 889
52 55 48
52 56 889
52 57 937
52 58 96
52 59 937
52 60 1393
53 0 2234
53 1 794
53 2 813
53 3 1855
53 4 542
53 5 1416
53 6 1001
53 7 1262
53 8 1409
53 9 1843
53 10 1080
53 11 1017
53 12 411
53 13 1433
53 14 1386
53 15 1934
53 16 1043
53 17 918
53 18 905
53 19 1604
53 20 922
53 21 753
53 22 619
53 23 159
53 24 2114
53 25 1273
53 26 432
53 27 2066
53 28 1225
53 29 384
53 30 2018
53 31 1177
53 32 336
53 33 1970
53 34 1129
53 35 288
53 36 1922
53 37 1081
53 38 240
53 39 1874
53 40 1033
53 41 192
53 42 1826
53 43 985
53 44 144
53 45 1778
53 46 937
53 47 96
53 48 1730
53 49 889
53 50 48
53 51 1682
53 52 841
53 53 0
53 54 1730
53 55 889
53 56 48
53 57 1778
53 58 937
53 59 96
53 60 2234
54 0 600
54 1 1800
54 2 1013
54 3 451
54 4 1860
54 5 410
54 6 1305
54 7 1236
54 8 993
54 9 751
54 10 1514
54 11 809
54 12 1703
54 13 393
54 14 632
54 15 660
54 16 687
54 17 1196
54 18 1209
54 19 798
54 20 1096
54 21 1265
54 22 1495
54 23 1763
54 24 480
54 25 1321
54 26 2162
54 27 432
54 28 1273
54 29 2114
54 30 384
54 31 1225
54 32 2066
54 33 336
54 34 1177
54 35 2018
54 36 288
54 37 1129
54 38 1970
54 39 240
54 40 1081
54 41 1922
54 42 192
54 43 1033
54 44 1874
54 45 144
54 46 985
54 47 1826
54 48 96
54 49 937
54 50 1778
54 51 48
54 52 889
54 53 1730
54 54 0
54 55 841
54 56 1682
54 57 48
54 58 889
54 59 1730
54 60 600
55 0 1441
55 1 959
55 2 172
55 3 1062
55 4 1019
55 5 527
55 6 464
55 7 469
55 8 616
55 9 1050
55 10 673
55 11 224
55 12 862
55 13 640
55 14 593
55 15 1141
55 16 154
55 17 355
55 18 368
55 19 811
55 20 255
55 21 424
55 22 654
55 23 922
55 24 1321
55 25 480
55 26 1321
55 27 1273
55 28 432
55 29 1273
55 30 1225
55 31 384
55 32 1225
55 33 1177
55 34 336
55 35 1177
55 36 1129
55 37 288
55 38 1129
55 39 1081
55 40 240
55 41 1081
55 42 1033
55 43 192
55 44 1033
55 45 985
55 46 144
55 47 985
55 48 937
55 49 96
55 50 937
55 51 889
55 52 48
55 53 889
55 54 841
55 55 0
55 56 841
55 57 889
55 58 48
55 59 889
55 60 1441
56 0 2282
56 1 842
56 2 861
56 3 1903
56 4 590
56 5 1368
56 6 1049
56 7 1310
56 8 1457
56 9 1891
56 10 1128
56 11 1065
56 12 459
56 13 1481
56 14 1434
56 15 1982
56 16 995
56 17 966
56 18 953
56 19 1652
56 20 970
56 21 801
56 22 667
56 23 207
56 24 2162
56 25 1321
56 26 480
56 27 2114
56 28 1273
56 29 432
56 30 2066
56 31 1225
56 32 384
56 33 2018
56 34 1177
56 35 336
56 36 1970
56 37 1129
56 38 288
56 39 1922
56 40 1081
56 41 240
56 42 1874
56 43 1033
56 44 192
56 45 1826
56 46 985
56 47 144
56 48 1778
56 49 937
56 50 96
56 51 1730
56 52 889
56 53 48
56 54 1682
56 55 841
56 56 0
56 57 1730
56 58 889
56 59 48
56 60 2282
57 0 648
57 1 1848
57 2 1061
57 3 499
57 4 1908
57 5 362
57 6 1353
57 7 1284
57 8 1041
57 9 799
57 10 1562
57 11 857
57 12 1751
57 13 441
57 14 680
57 15 708
57 16 735
57 17 1244
57 18 1257
57 19 846
57 20 1144
57 21 1313
57 22 1543
57 23 1811
57 24 528
57 25 1369
57 26 2210
57 27 480
57 28 1321
57 29 2162
57 30 432
57 31 1273
57 32 2114
57 33 384
57 34 1225
57 35 2066
57 36 336
57 37 1177
57 38 2018
57 39 288
57 40 1129
57 41 1970
57 42 240
57 43 1081
57 44 1922
57 45 192
57 46 1033
57 47 1874
57 48 144
57 49 985
57 50 1826
57 51 96
57 52 937
57 53 1778
57 54 48
57 55 889
57 56 1730
57 57 0
57 58 841
57 59 1682
57 60 648
58 0 1489
58 1 1007
58 2 220
58 3 1110
58 4 1067
58 5 479
58 6 512
58 7 517
58 8 664
58 9 1098
58 10 721
58 11 272
58 12 910
58 13 688
58 14 641
58 15 1189
58 16 202
58 17 403
58 18 416
58 19 859
58 20 303
58 21 472
58 22 702
58 23 970
58 24 1369
58 25 528
58 26 1369
58 27 1321
58 28 480
58 29 1321
58 30 1273
58 31 432
58 32 1273
58 33 1225
58 34 384
58 35 1225
58 36 1177
58 37 336
58 38 1177
58 39 1129
58 40 288
58 41 1129
58 42 1081
58 43 240
58 44 1081
58 45 1033
58 46 192
58 47 1033
58 48 985
58 49 144
58 50 985
58 51 937
58 52 96
58 53 937
58 54 889
58 55 48
58 56 889
58 57 841
58 58 0
58 59 841
58 60 1489
59 0 2330
59 1 890
59 2 909
59 3 1951
59 4 638
59 5 1320
59 6 1097
59 7 1358
59 8 1505
59 9 1939
59 10 1176
59 11 1113
59 12 507
59 13 1529
59 14 1482
59 15 2030
59 16 1043
59 17 1014
59 18 1001
59 19 1700
59 20 1018
59 21 849
59 22 715
59 23 255
59 24 2210
59 25 1369
59 26 528
59 27 2162
59 28 1321
59 29 480
59 30 2114
59 31 1273
59 32 432
59 33 2066
59 34 1225
59 35 384
59 36 2018
59 37 1177
59 38 336
59 39 1970
59 40 1129
59 41 288
59 42 1922
59 43 1081
59 44 240
59 45 1874
59 46 1033
59 47 192
59 48 1826
59 49 985
59 50 144
59 51 1778
59 52 937
59 53 96
59 54 1730
59 55 889
59 56 48
59 57 1682
59 58 841
59 59 0
59 60 2330
60 0 0
60 1 1440
60 2 1421
60 3 379
60 4 1692
60 5 1010
60 6 1233
60 7 972
60 8 825
60 9 391
60 10 1154
60 11 1217
60 12 1823
60 13 801
60 14 848
60 15 300
60 16 1287
60 17 1316
60 18 1329
60 19 630
60 20 1312
60 21 1481
60 22 1615
60 23 2075
60 24 120
60 25 961
60 26 1802
60 27 168
60 28 1009
60 29 1850
60 30 216
60 31 1057
60 32 1898
60 33 264
60 34 1105
60 35 1946
60 36 312
60 37 1153
60 38 1994
60 39 360
60 40 1201
60 41 2042
60 42 408
60 43 1249
60 44 2090
60 45 456
60 46 1297
60 47 2138
60 48 504
60 49 1345
60 50 2186
60 51 552
60 52 1393
60 53 2234
60 54 600
60 55 1441
60 56 2282
60 57 648
60 58 1489
60 59 2330
60 60 0
//Location coordinates LocationName
//Loc x y
0 0.0 0.0 "depot"
1 0.0 1440.0 "product aisle 0 bloc 1 rank 70"
2 384.0 1037.0 "product aisle 8 bloc 1 rank 8"
3 144.0 235.0 "product aisle 3 bloc 0 rank 13"
4 96.0 1596.0 "product aisle 2 bloc 1 rank 94"
5 528.0 482.0 "product aisle 11 bloc 0 rank 51"
6 144.0 1089.0 "product aisle 3 bloc 1 rank 15"
7 48.0 924.0 "product aisle 1 bloc 0 rank 119"
8 96.0 729.0 "product aisle 2 bloc 0 rank 89"
9 0.0 391.0 "product aisle 0 bloc 0 rank 38"
