//alpha
1
//NbLocations
97
//NbProducts
42
//NbPickers
2
//CapaPicker
12
//TimeToTravelOneDistanceUnit
3
//SetupTime
5400
//PickTime
300
//Products
//Idx Location Size
1 1 1
2 2 1
3 3 1
4 4 1
5 5 1
6 6 1
7 7 1
8 8 1
9 9 1
10 10 1
11 11 1
12 12 1
13 13 1
14 14 1
15 15 1
16 16 1
17 17 1
18 18 1
19 19 1
20 20 1
21 21 1
22 22 1
23 23 1
24 24 1
25 25 1
26 26 1
27 27 1
28 28 1
29 29 1
30 30 1
31 31 1
32 32 1
33 33 1
34 34 1
35 35 1
36 36 1
37 37 1
38 38 1
39 39 1
40 40 1
41 41 1
42 42 1
//Orders
//NbOrders
6
//Idx DueDate TardinessPenalty NbProdInOrder ProdIdx1 Qty1 ProdIdx2 Qty2 ...
1 126000 0 3 1 1 2 1 3 1
2 72000 0 10 4 1 5 1 6 1 7 1 8 1 9 1 10 1 11 1 12 1 13 1
3 54000 0 3 14 1 15 1 16 1
4 90000 0 11 17 1 18 1 19 1 20 1 21 1 22 1 23 1 24 1 25 1 26 1 27 1
5 72000 0 12 28 1 29 1 30 1 31 1 32 1 33 1 34 1 35 1 36 1 37 1 38 1 39 1
6 72000 0 3 40 1 41 1 42 1
//Graph (Products are vertices indexed from 1 to NbProducts)
//NbVerticesIntersections
54
//DepartingDepot
0
//ArrivalDepot
97
//Arcs
//Start End Distance
0 43 120
1 62 1142
1 63 89
2 82 193
2 83 1038
3 26 338
3 91 128
4 15 442
4 86 89
5 9 104
5 40 195
6 74 713
6 75 518
7 30 832
7 44 193
8 36 273
8 96 37
9 5 104
9 84 89
10 31 130
10 85 492
11 53 258
11 54 973
12 38 572
12 80 102
13 27 299
13 47 700
14 88 310
14 89 921
15 4 442
15 31 78
16 64 882
16 65 349
17 67 388
17 68 843
18 21 91
18 55 843
19 40 494
19 83 349
20 70 1168
20 71 63
21 18 91
21 56 297
22 61 531
22 62 700
23 32 130
23 69 830
24 65 258
24 66 973
25 50 804
25 51 427
26 3 338
26 92 765
27 13 299
27 48 232
28 92 960
28 93 271
29 36 494
29 95 427
30 7 832
30 34 143
31 10 130
31 15 78
32 23 130
32 68 271
33 76 596
33 77 635
34 30 143
34 45 63
35 37 1131
35 89 63
36 8 273
36 29 494
37 35 1131
37 90 37
38 12 572
38 79 557
39 71 1194
39 72 37
40 5 195
40 19 494
41 77 648
41 78 583
42 80 323
42 81 908
43 44 1231
43 46 48
43 97 120
44 7 193
44 43 1231
44 47 48
45 34 63
45 48 48
46 43 48
46 47 1231
46 49 48
47 13 700
47 44 48
47 46 1231
47 50 48
48 27 232
48 45 48
48 51 48
49 46 48
49 50 1231
49 52 48
50 25 804
50 47 48
50 49 1231
50 53 48
51 25 427
51 48 48
51 54 48
52 49 48
52 53 1231
52 55 48
53 11 258
53 50 48
53 52 1231
53 56 48
54 11 973
54 51 48
54 57 48
55 18 843
55 52 48
55 58 48
56 21 297
56 53 48
56 57 1231
56 59 48
57 54 48
57 56 1231
57 60 48
58 55 48
58 59 1231
58 61 48
59 56 48
59 58 1231
59 60 1231
59 62 48
60 57 48
60 59 1231
60 63 48
61 22 531
61 58 48
61 64 48
62 1 1142
62 22 700
62 59 48
62 65 48
63 1 89
63 60 48
63 66 48
64 16 882
64 61 48
64 67 48
65 16 349
65 24 258
65 62 48
65 68 48
66 24 973
66 63 48
66 69 48
67 17 388
67 64 48
67 70 48
68 17 843
68 32 271
68 65 48
68 71 48
69 23 830
69 66 48
69 72 48
70 20 1168
70 67 48
70 73 48
71 20 63
71 39 1194
71 68 48
71 74 48
72 39 37
72 69 48
72 75 48
73 70 48
73 74 1231
73 76 48
74 6 713
74 71 48
74 73 1231
74 77 48
75 6 518
75 72 48
75 78 48
76 33 596
76 73 48
76 79 48
77 33 635
77 41 648
77 74 48
77 80 48
78 41 583
78 75 48
78 81 48
79 38 557
79 76 48
79 82 48
80 12 102
80 42 323
80 77 48
80 83 48
81 42 908
81 78 48
81 84 48
82 2 193
82 79 48
82 85 48
83 2 1038
83 19 349
83 80 48
83 86 48
84 9 89
84 81 48
84 87 48
85 10 492
85 82 48
85 88 48
86 4 89
86 83 48
86 87 1231
86 89 48
87 84 48
87 86 1231
87 90 48
88 14 310
88 85 48
88 91 48
89 14 921
89 35 63
89 86 48
89 92 48
90 37 37
90 87 48
90 93 48
91 3 128
91 88 48
91 94 48
92 26 765
92 28 960
92 89 48
92 95 48
93 28 271
93 90 48
93 96 48
94 91 48
94 95 1231
95 29 427
95 92 48
95 94 1231
96 8 37
96 93 48
//LocStart LocEnd ShortestPath
0 0 0
0 1 2781
0 2 937
0 3 1016
0 4 1934
0 5 3013
0 6 2544
0 7 1544
0 8 3361
0 9 3117
0 10 1284
0 11 1753
0 12 1825
0 13 2099
0 14 1150
0 15 1492
0 16 1338
0 17 892
0 18 1155
0 19 2324
0 20 1720
0 21 1246
0 22 939
0 23 2136
0 24 1945
0 25 2251
0 26 1354
0 27 2398
0 28 3079
0 29 2594
0 30 2376
0 31 1414
0 32 2006
0 33 1244
0 34 2519
0 35 2134
0 36 3088
0 37 3265
0 38 1253
0 39 2977
0 40 2818
0 41 2527
0 42 2250
0 43 120
0 44 1351
0 45 2582
0 46 168
0 47 1399
0 48 2630
0 49 216
0 50 1447
0 51 2678
0 52 264
0 53 1495
0 54 2726
0 55 312
0 56 1543
0 57 2774
0 58 360
0 59 1591
0 60 2822
0 61 408
0 62 1639
0 63 2870
0 64 456
0 65 1687
0 66 2918
0 67 504
0 68 1735
0 69 2966
0 70 552
0 71 1783
0 72 3014
0 73 600
0 74 1831
0 75 3062
0 76 648
0 77 1879
0 78 3110
0 79 696
0 80 1927
0 81 3158
0 82 744
0 83 1975
0 84 3206
0 85 792
0 86 2023
0 87 3254
0 88 840
0 89 2071
0 90 3302
0 91 888
0 92 2119
0 93 3350
0 94 936
0 95 2167
0 96 3398
0 97 0
1 0 2781
1 1 0
1 2 2516
1 3 2725
1 4 1615
1 5 618
1 6 799
1 7 1415
1 8 654
1 9 514
1 10 2265
1 11 1206
1 12 1532
1 13 860
1 14 2495
1 15 2057
1 16 1539
1 17 2081
1 18 1626
1 19 1307
1 20 1349
1 21 1535
1 22 1842
1 23 1015
1 24 1110
1 25 708
1 26 2387
1 27 561
1 28 840
1 29 1421
1 30 583
1 31 2135
1 32 1145
1 33 2017
1 34 440
1 35 1637
1 36 927
1 37 558
1 38 2104
1 39 270
1 40 813
1 41 912
1 42 1285
1 43 2661
1 44 1430
1 45 377
1 46 2613
1 47 1382
1 48 329
1 49 2565
1 50 1334
1 51 281
1 52 2517
1 53 1286
1 54 233
1 55 2469
1 56 1238
1 57 185
1 58 2421
1 59 1190
1 60 137
1 61 2373
1 62 1142
1 63 89
1 64 2421
1 65 1190
1 66 137
1 67 2469
1 68 1238
1 69 185
1 70 2517
1 71 1286
1 72 233
1 73 2565
1 74 1334
1 75 281
1 76 2613
1 77 1382
1 78 329
1 79 2661
1 80 1430
1 81 377
1 82 2709
1 83 1478
1 84 425
1 85 2757
1 86 1526
1 87 473
1 88 2805
1 89 1574
1 90 521
1 91 2853
1 92 1622
1 93 569
1 94 2901
1 95 1670
1 96 617
1 97 2781
2 0 937
2 1 2516
2 2 0
2 3 465
2 4 1175
2 5 2076
2 6 1895
2 7 1855
2 8 2424
2 9 2180
2 10 733
2 11 1776
2 12 1188
2 13 2314
2 14 599
2 15 941
2 16 1363
2 17 821
2 18 1468
2 19 1387
2 20 1293
2 21 1559
2 22 1060
2 23 1679
2 24 1584
2 25 2370
2 26 803
2 27 2613
2 28 2142
2 29 1657
2 30 2687
2 31 863
2 32 1549
2 33 885
2 34 2830
2 35 1197
2 36 2151
2 37 2328
2 38 798
2 39 2424
2 40 1881
2 41 1782
2 42 1409
2 43 817
2 44 1662
2 45 2893
2 46 769
2 47 1614
2 48 2845
2 49 721
2 50 1566
2 51 2797
2 52 673
2 53 1518
2 54 2749
2 55 625
2 56 1470
2 57 2701
2 58 577
2 59 1422
2 60 2653
2 61 529
2 62 1374
2 63 2605
2 64 481
2 65 1326
2 66 2557
2 67 433
2 68 1278
2 69 2509
2 70 385
2 71 1230
2 72 2461
2 73 337
2 74 1182
2 75 2413
2 76 289
2 77 1134
2 78 2365
2 79 241
2 80 1086
2 81 2317
2 82 193
2 83 1038
2 84 2269
2 85 241
2 86 1086
2 87 2317
2 88 289
2 89 1134
2 90 2365
2 91 337
2 92 1182
2 93 2413
2 94 385
2 95 1230
2 96 2461
2 97 937
3 0 1016
3 1 2725
3 2 465
3 3 0
3 4 1288
3 5 2285
3 6 2104
3 7 2064
3 8 2345
3 9 2389
3 10 716
3 11 1985
3 12 1397
3 13 2523
3 14 486
3 15 924
3 16 1442
3 17 900
3 18 1547
3 19 1596
3 20 1502
3 21 1638
3 22 1139
3 23 1888
3 24 1793
3 25 2579
3 26 338
3 27 2822
3 28 2063
3 29 1578
3 30 2896
3 31 846
3 32 1758
3 33 964
3 34 3039
3 35 1214
3 36 2072
3 37 2345
3 38 877
3 39 2633
3 40 2090
3 41 1991
3 42 1618
3 43 896
3 44 1871
3 45 3102
3 46 848
3 47 1823
3 48 3054
3 49 800
3 50 1775
3 51 3006
3 52 752
3 53 1727
3 54 2958
3 55 704
3 56 1679
3 57 2910
3 58 656
3 59 1631
3 60 2862
3 61 608
3 62 1583
3 63 2814
3 64 560
3 65 1535
3 66 2766
3 67 512
3 68 1487
3 69 2718
3 70 464
3 71 1439
3 72 2670
3 73 416
3 74 1391
3 75 2622
3 76 368
3 77 1343
3 78 2574
3 79 320
3 80 1295
3 81 2526
3 82 272
3 83 1247
3 84 2478
3 85 224
3 86 1199
3 87 2430
3 88 176
3 89 1151
3 90 2382
3 91 128
3 92 1103
3 93 2334
3 94 176
3 95 1151
3 96 2382
3 97 1016
4 0 1934
4 1 1615
4 2 1175
4 3 1288
4 4 0
4 5 1175
4 6 994
4 7 954
4 8 1427
4 9 1279
4 10 650
4 11 875
4 12 287
4 13 1413
4 14 1058
4 15 442
4 16 774
4 17 1220
4 18 957
4 19 486
4 20 392
4 21 866
4 22 1173
4 23 778
4 24 683
4 25 1469
4 26 950
4 27 1712
4 28 1145
4 29 660
4 30 1786
4 31 520
4 32 648
4 33 868
4 34 1929
4 35 200
4 36 1154
4 37 1331
4 38 859
4 39 1523
4 40 980
4 41 881
4 42 508
4 43 1814
4 44 761
4 45 1992
4 46 1766
4 47 713
4 48 1944
4 49 1718
4 50 665
4 51 1896
4 52 1670
4 53 617
4 54 1848
4 55 1622
4 56 569
4 57 1800
4 58 1574
4 59 521
4 60 1752
4 61 1526
4 62 473
4 63 1704
4 64 1478
4 65 425
4 66 1656
4 67 1430
4 68 377
4 69 1608
4 70 1382
4 71 329
4 72 1560
4 73 1334
4 74 281
4 75 1512
4 76 1286
4 77 233
4 78 1464
4 79 1238
4 80 185
4 81 1416
4 82 1190
4 83 137
4 84 1368
4 85 1142
4 86 89
4 87 1320
4 88 1190
4 89 137
4 90 1368
4 91 1238
4 92 185
4 93 1416
4 94 1286
4 95 233
4 96 1464
4 97 1934
5 0 3013
5 1 618
5 2 2076
5 3 2285
5 4 1175
5 5 0
5 6 855
5 7 1855
5 8 422
5 9 104
5 10 1825
5 11 1646
5 12 1188
5 13 1300
5 14 2055
5 15 1617
5 16 1675
5 17 2121
5 18 1858
5 19 689
5 20 1293
5 21 1767
5 22 2074
5 23 1263
5 24 1454
5 25 1148
5 26 1947
5 27 1001
5 28 608
5 29 1189
5 30 1023
5 31 1695
5 32 1393
5 33 1769
5 34 880
5 35 1197
5 36 695
5 37 326
5 38 1760
5 39 422
5 40 195
5 41 872
5 42 1149
5 43 2893
5 44 1662
5 45 817
5 46 2845
5 47 1614
5 48 769
5 49 2797
5 50 1566
5 51 721
5 52 2749
5 53 1518
5 54 673
5 55 2701
5 56 1470
5 57 625
5 58 2653
5 59 1422
5 60 577
5 61 2605
5 62 1374
5 63 529
5 64 2557
5 65 1326
5 66 481
5 67 2509
5 68 1278
5 69 433
5 70 2461
5 71 1230
5 72 385
5 73 2413
5 74 1182
5 75 337
5 76 2365
5 77 1134
5 78 289
5 79 2317
5 80 1086
5 81 241
5 82 2269
5 83 1038
5 84 193
5 85 2317
5 86 1086
5 87 241
5 88 2365
5 89 1134
5 90 289
5 91 2413
5 92 1182
5 93 337
5 94 2461
5 95 1230
5 96 385
5 97 3013
6 0 2544
6 1 799
6 2 1895
6 3 2104
6 4 994
6 5 855
6 6 0
6 7 1386
6 8 891
6 9 751
6 10 1644
6 11 1307
6 12 911
6 13 1481
6 14 1874
6 15 1436
6 16 1206
6 17 1652
6 18 1389
6 19 1206
6 20 824
6 21 1298
6 22 1605
6 23 1210
6 24 1115
6 25 1329
6 26 1766
6 27 1182
6 28 1077
6 29 1476
6 30 1204
6 31 1514
6 32 1080
6 33 1396
6 34 1061
6 35 1016
6 36 1164
6 37 795
6 38 1483
6 39 603
6 40 1050
6 41 1149
6 42 1132
6 43 2424
6 44 1193
6 45 998
6 46 2376
6 47 1145
6 48 950
6 49 2328
6 50 1097
6 51 902
6 52 2280
6 53 1049
6 54 854
6 55 2232
6 56 1001
6 57 806
6 58 2184
6 59 953
6 60 758
6 61 2136
6 62 905
6 63 710
6 64 2088
6 65 857
6 66 662
6 67 2040
6 68 809
6 69 614
6 70 1992
6 71 761
6 72 566
6 73 1944
6 74 713
6 75 518
6 76 1992
6 77 761
6 78 566
6 79 2040
6 80 809
6 81 614
6 82 2088
6 83 857
6 84 662
6 85 2136
6 86 905
6 87 710
6 88 2184
6 89 953
6 90 758
6 91 2232
6 92 1001
6 93 806
6 94 2280
6 95 1049
6 96 854
6 97 2544
7 0 1544
7 1 1415
7 2 1855
7 3 2064
7 4 954
7 5 1855
7 6 1386
7 7 0
7 8 1891
7 9 1751
7 10 1604
7 11 595
7 12 871
7 13 941
7 14 1834
7 15 1396
7 16 878
7 17 1420
7 18 773
7 19 1166
7 20 688
7 21 682
7 22 1181
7 23 978
7 24 787
7 25 1093
7 26 1726
7 27 1240
7 28 1921
7 29 1436
7 30 832
7 31 1474
7 32 848
7 33 1356
7 34 975
7 35 976
7 36 1930
7 37 1795
7 38 1443
7 39 1507
7 40 1660
7 41 1369
7 42 1092
7 43 1424
7 44 193
7 45 1038
7 46 1472
7 47 241
7 48 1086
7 49 1520
7 50 289
7 51 1134
7 52 1568
7 53 337
7 54 1182
7 55 1616
7 56 385
7 57 1230
7 58 1664
7 59 433
7 60 1278
7 61 1712
7 62 481
7 63 1326
7 64 1760
7 65 529
7 66 1374
7 67 1808
7 68 577
7 69 1422
7 70 1856
7 71 625
7 72 1470
7 73 1904
7 74 673
7 75 1518
7 76 1952
7 77 721
7 78 1566
7 79 2000
7 80 769
7 81 1614
7 82 2048
7 83 817
7 84 1662
7 85 2096
7 86 865
7 87 1710
7 88 2144
7 89 913
7 90 1758
7 91 2192
7 92 961
7 93 1806
7 94 2240
7 95 1009
7 96 1854
7 97 1544
8 0 3361
8 1 654
8 2 2424
8 3 2345
8 4 1427
8 5 422
8 6 891
8 7 1891
8 8 0
8 9 318
8 10 2077
8 11 1682
8 12 1536
8 13 1336
8 14 2211
8 15 1869
8 16 2023
8 17 2469
8 18 2206
8 19 1111
8 20 1641
8 21 2115
8 22 2422
8 23 1299
8 24 1490
8 25 1184
8 26 2007
8 27 1037
8 28 356
8 29 767
8 30 1059
8 31 1947
8 32 1429
8 33 2117
8 34 916
8 35 1301
8 36 273
8 37 170
8 38 2108
8 39 458
8 40 617
8 41 908
8 42 1185
8 43 3241
8 44 2010
8 45 853
8 46 3193
8 47 1962
8 48 805
8 49 3145
8 50 1914
8 51 757
8 52 3097
8 53 1866
8 54 709
8 55 3049
8 56 1818
8 57 661
8 58 3001
8 59 1770
8 60 613
8 61 2953
8 62 1722
8 63 565
8 64 2905
8 65 1674
8 66 517
8 67 2857
8 68 1626
8 69 469
8 70 2809
8 71 1578
8 72 421
8 73 2761
8 74 1530
8 75 373
8 76 2713
8 77 1482
8 78 325
8 79 2665
8 80 1434
8 81 277
8 82 2617
8 83 1386
8 84 229
8 85 2569
8 86 1338
8 87 181
8 88 2521
8 89 1290
8 90 133
8 91 2473
8 92 1242
8 93 85
8 94 2425
8 95 1194
8 96 37
8 97 3361
9 0 3117
9 1 514
9 2 2180
9 3 2389
9 4 1279
9 5 104
9 6 751
9 7 1751
9 8 318
9 9 0
9 10 1929
9 11 1542
9 12 1292
9 13 1196
9 14 2159
9 15 1721
9 16 1779
9 17 2225
9 18 1962
9 19 793
9 20 1397
9 21 1871
9 22 2178
9 23 1159
9 24 1350
9 25 1044
9 26 2051
9 27 897
9 28 504
9 29 1085
9 30 919
9 31 1799
9 32 1289
9 33 1873
9 34 776
9 35 1301
9 36 591
9 37 222
9 38 1864
9 39 318
9 40 299
9 41 768
9 42 1045
9 43 2997
9 44 1766
9 45 713
9 46 2949
9 47 1718
9 48 665
9 49 2901
9 50 1670
9 51 617
9 52 2853
9 53 1622
9 54 569
9 55 2805
9 56 1574
9 57 521
9 58 2757
9 59 1526
9 60 473
9 61 2709
9 62 1478
9 63 425
9 64 2661
9 65 1430
9 66 377
9 67 2613
9 68 1382
9 69 329
9 70 2565
9 71 1334
9 72 281
9 73 2517
9 74 1286
9 75 233
9 76 2469
9 77 1238
9 78 185
9 79 2421
9 80 1190
9 81 137
9 82 2373
9 83 1142
9 84 89
9 85 2421
9 86 1190
9 87 137
9 88 2469
9 89 1238
9 90 185
9 91 2517
9 92 1286
9 93 233
9 94 2565
9 95 1334
9 96 281
9 97 3117
10 0 1284
10 1 2265
10 2 733
10 3 716
10 4 650
10 5 1825
10 6 1644
10 7 1604
10 8 2077
10 9 1929
10 10 0
10 11 1525
10 12 937
10 13 2063
10 14 850
10 15 208
10 16 1424
10 17 1168
10 18 1607
10 19 1136
10 20 1042
10 21 1516
10 22 1407
10 23 1428
10 24 1333
10 25 2119
10 26 1054
10 27 2362
10 28 1795
10 29 1310
10 30 2436
10 31 130
10 32 1298
10 33 1232
10 34 2579
10 35 850
10 36 1804
10 37 1981
10 38 1145
10 39 2173
10 40 1630
10 41 1531
10 42 1158
10 43 1164
10 44 1411
10 45 2642
10 46 1116
10 47 1363
10 48 2594
10 49 1068
10 50 1315
10 51 2546
10 52 1020
10 53 1267
10 54 2498
10 55 972
10 56 1219
10 57 2450
10 58 924
10 59 1171
10 60 2402
10 61 876
10 62 1123
10 63 2354
10 64 828
10 65 1075
10 66 2306
10 67 780
10 68 1027
10 69 2258
10 70 732
10 71 979
10 72 2210
10 73 684
10 74 931
10 75 2162
10 76 636
10 77 883
10 78 2114
10 79 588
10 80 835
10 81 2066
10 82 540
10 83 787
10 84 2018
10 85 492
10 86 739
10 87 1970
10 88 540
10 89 787
10 90 2018
10 91 588
10 92 835
10 93 2066
10 94 636
10 95 883
10 96 2114
10 97 1284
11 0 1753
11 1 1206
11 2 1776
11 3 1985
11 4 875
11 5 1646
11 6 1307
11 7 595
11 8 1682
11 9 1542
11 10 1525
11 11 0
11 12 792
11 13 1054
11 14 1755
11 15 1317
11 16 799
11 17 1341
11 18 694
11 19 1087
11 20 609
11 21 603
11 22 1102
11 23 899
11 24 708
11 25 1110
11 26 1647
11 27 1301
11 28 1842
11 29 1357
11 30 1323
11 31 1395
11 32 769
11 33 1277
11 34 1180
11 35 897
11 36 1851
11 37 1586
11 38 1364
11 39 1298
11 40 1581
11 41 1290
11 42 1013
11 43 1633
11 44 402
11 45 1117
11 46 1585
11 47 354
11 48 1069
11 49 1537
11 50 306
11 51 1021
11 52 1489
11 53 258
11 54 973
11 55 1537
11 56 306
11 57 1021
11 58 1585
11 59 354
11 60 1069
11 61 1633
11 62 402
11 63 1117
11 64 1681
11 65 450
11 66 1165
11 67 1729
11 68 498
11 69 1213
11 70 1777
11 71 546
11 72 1261
11 73 1825
11 74 594
11 75 1309
11 76 1873
11 77 642
11 78 1357
11 79 1921
11 80 690
11 81 1405
11 82 1969
11 83 738
11 84 1453
11 85 2017
11 86 786
11 87 1501
11 88 2065
11 89 834
11 90 1549
11 91 2113
11 92 882
11 93 1597
11 94 2161
11 95 930
11 96 1645
11 97 1753
12 0 1825
12 1 1532
12 2 1188
12 3 1397
12 4 287
12 5 1188
12 6 911
12 7 871
12 8 1536
12 9 1292
12 10 937
12 11 792
12 12 0
12 13 1330
12 14 1167
12 15 729
12 16 691
12 17 1137
12 18 874
12 19 499
12 20 309
12 21 783
12 22 1090
12 23 695
12 24 600
12 25 1386
12 26 1059
12 27 1629
12 28 1254
12 29 769
12 30 1703
12 31 807
12 32 565
12 33 785
12 34 1846
12 35 309
12 36 1263
12 37 1440
12 38 572
12 39 1440
12 40 993
12 41 798
12 42 425
12 43 1705
12 44 678
12 45 1909
12 46 1657
12 47 630
12 48 1861
12 49 1609
12 50 582
12 51 1813
12 52 1561
12 53 534
12 54 1765
12 55 1513
12 56 486
12 57 1717
12 58 1465
12 59 438
12 60 1669
12 61 1417
12 62 390
12 63 1621
12 64 1369
12 65 342
12 66 1573
12 67 1321
12 68 294
12 69 1525
12 70 1273
12 71 246
12 72 1477
12 73 1225
12 74 198
12 75 1429
12 76 1177
12 77 150
12 78 1381
12 79 1129
12 80 102
12 81 1333
12 82 1177
12 83 150
12 84 1381
12 85 1225
12 86 198
12 87 1429
12 88 1273
12 89 246
12 90 1477
12 91 1321
12 92 294
12 93 1525
12 94 1369
12 95 342
12 96 1573
12 97 1825
13 0 2099
13 1 860
13 2 2314
13 3 2523
13 4 1413
13 5 1300
13 6 1481
13 7 941
13 8 1336
13 9 1196
13 10 2063
13 11 1054
13 12 1330
13 13 0
13 14 2293
13 15 1855
13 16 1337
13 17 1879
13 18 1232
13 19 1625
13 20 1147
13 21 1141
13 22 1640
13 23 1437
13 24 1246
13 25 1006
13 26 2185
13 27 299
13 28 1522
13 29 1895
13 30 785
13 31 1933
13 32 1307
13 33 1815
13 34 642
13 35 1435
13 36 1609
13 37 1240
13 38 1902
13 39 952
13 40 1495
13 41 1594
13 42 1551
13 43 1979
13 44 748
13 45 579
13 46 1931
13 47 700
13 48 531
13 49 1979
13 50 748
13 51 579
13 52 2027
13 53 796
13 54 627
13 55 2075
13 56 844
13 57 675
13 58 2123
13 59 892
13 60 723
13 61 2171
13 62 940
13 63 771
13 64 2219
13 65 988
13 66 819
13 67 2267
13 68 1036
13 69 867
13 70 2315
13 71 1084
13 72 915
13 73 2363
13 74 1132
13 75 963
13 76 2411
13 77 1180
13 78 1011
13 79 2459
13 80 1228
13 81 1059
13 82 2507
13 83 1276
13 84 1107
13 85 2555
13 86 1324
13 87 1155
13 88 2603
13 89 1372
13 90 1203
13 91 2651
13 92 1420
13 93 1251
13 94 2699
13 95 1468
13 96 1299
13 97 2099
14 0 1150
14 1 2495
14 2 599
14 3 486
14 4 1058
14 5 2055
14 6 1874
14 7 1834
14 8 2211
14 9 2159
14 10 850
14 11 1755
14 12 1167
14 13 2293
14 14 0
14 15 1058
14 16 1576
14 17 1034
14 18 1681
14 19 1366
14 20 1272
14 21 1746
14 22 1273
14 23 1658
14 24 1563
14 25 2349
14 26 824
14 27 2592
14 28 1929
14 29 1444
14 30 2666
14 31 980
14 32 1528
14 33 1098
14 34 2809
14 35 984
14 36 1938
14 37 2115
14 38 1011
14 39 2403
14 40 1860
14 41 1761
14 42 1388
14 43 1030
14 44 1641
14 45 2872
14 46 982
14 47 1593
14 48 2824
14 49 934
14 50 1545
14 51 2776
14 52 886
14 53 1497
14 54 2728
14 55 838
14 56 1449
14 57 2680
14 58 790
14 59 1401
14 60 2632
14 61 742
14 62 1353
14 63 2584
14 64 694
14 65 1305
14 66 2536
14 67 646
14 68 1257
14 69 2488
14 70 598
14 71 1209
14 72 2440
14 73 550
14 74 1161
14 75 2392
14 76 502
14 77 1113
14 78 2344
14 79 454
14 80 1065
14 81 2296
14 82 406
14 83 1017
14 84 2248
14 85 358
14 86 969
14 87 2200
14 88 310
14 89 921
14 90 2152
14 91 358
14 92 969
14 93 2200
14 94 406
14 95 1017
14 96 2248
14 97 1150
15 0 1492
15 1 2057
15 2 941
15 3 924
15 4 442
15 5 1617
15 6 1436
15 7 1396
15 8 1869
15 9 1721
15 10 208
15 11 1317
15 12 729
15 13 1855
15 14 1058
15 15 0
15 16 1216
15 17 1376
15 18 1399
15 19 928
15 20 834
15 21 1308
15 22 1615
15 23 1220
15 24 1125
15 25 1911
15 26 1262
15 27 2154
15 28 1587
15 29 1102
15 30 2228
15 31 78
15 32 1090
15 33 1310
15 34 2371
15 35 642
15 36 1596
15 37 1773
15 38 1301
15 39 1965
15 40 1422
15 41 1323
15 42 950
15 43 1372
15 44 1203
15 45 2434
15 46 1324
15 47 1155
15 48 2386
15 49 1276
15 50 1107
15 51 2338
15 52 1228
15 53 1059
15 54 2290
15 55 1180
15 56 1011
15 57 2242
15 58 1132
15 59 963
15 60 2194
15 61 1084
15 62 915
15 63 2146
15 64 1036
15 65 867
15 66 2098
15 67 988
15 68 819
15 69 2050
15 70 940
15 71 771
15 72 2002
15 73 892
15 74 723
15 75 1954
15 76 844
15 77 675
15 78 1906
15 79 796
15 80 627
15 81 1858
15 82 748
15 83 579
15 84 1810
15 85 700
15 86 531
15 87 1762
15 88 748
15 89 579
15 90 1810
15 91 796
15 92 627
15 93 1858
15 94 844
15 95 675
15 96 1906
15 97 1492
16 0 1338
16 1 1539
16 2 1363
16 3 1442
16 4 774
16 5 1675
16 6 1206
16 7 878
16 8 2023
16 9 1779
16 10 1424
16 11 799
16 12 691
16 13 1337
16 14 1576
16 15 1216
16 16 0
16 17 1240
16 18 881
16 19 986
16 20 508
16 21 790
16 22 1097
16 23 798
16 24 607
16 25 1393
16 26 1546
16 27 1636
16 28 1741
16 29 1256
16 30 1710
16 31 1294
16 32 668
16 33 1176
16 34 1853
16 35 796
16 36 1750
16 37 1927
16 38 1263
16 39 1639
16 40 1480
16 41 1189
16 42 912
16 43 1218
16 44 685
16 45 1916
16 46 1170
16 47 637
16 48 1868
16 49 1122
16 50 589
16 51 1820
16 52 1074
16 53 541
16 54 1772
16 55 1026
16 56 493
16 57 1724
16 58 978
16 59 445
16 60 1676
16 61 930
16 62 397
16 63 1628
16 64 882
16 65 349
16 66 1580
16 67 930
16 68 397
16 69 1628
16 70 978
16 71 445
16 72 1676
16 73 1026
16 74 493
16 75 1724
16 76 1074
16 77 541
16 78 1772
16 79 1122
16 80 589
16 81 1820
16 82 1170
16 83 637
16 84 1868
16 85 1218
16 86 685
16 87 1916
16 88 1266
16 89 733
16 90 1964
16 91 1314
16 92 781
16 93 2012
16 94 1362
16 95 829
16 96 2060
16 97 1338
17 0 892
17 1 2081
17 2 821
17 3 900
17 4 1220
17 5 2121
17 6 1652
17 7 1420
17 8 2469
17 9 2225
17 10 1168
17 11 1341
17 12 1137
17 13 1879
17 14 1034
17 15 1376
17 16 1240
17 17 0
17 18 1423
17 19 1432
17 20 954
17 21 1332
17 22 1015
17 23 1244
17 24 1149
17 25 1935
17 26 1238
17 27 2178
17 28 2187
17 29 1702
17 30 2252
17 31 1298
17 32 1114
17 33 1128
17 34 2395
17 35 1242
17 36 2196
17 37 2373
17 38 1137
17 39 2085
17 40 1926
17 41 1635
17 42 1358
17 43 772
17 44 1227
17 45 2458
17 46 724
17 47 1179
17 48 2410
17 49 676
17 50 1131
17 51 2362
17 52 628
17 53 1083
17 54 2314
17 55 580
17 56 1035
17 57 2266
17 58 532
17 59 987
17 60 2218
17 61 484
17 62 939
17 63 2170
17 64 436
17 65 891
17 66 2122
17 67 388
17 68 843
17 69 2074
17 70 436
17 71 891
17 72 2122
17 73 484
17 74 939
17 75 2170
17 76 532
17 77 987
17 78 2218
17 79 580
17 80 1035
17 81 2266
17 82 628
17 83 1083
17 84 2314
17 85 676
17 86 1131
17 87 2362
17 88 724
17 89 1179
17 90 2410
17 91 772
17 92 1227
17 93 2458
17 94 820
17 95 1275
17 96 2506
17 97 892
18 0 1155
18 1 1626
18 2 1468
18 3 1547
18 4 957
18 5 1858
18 6 1389
18 7 773
18 8 2206
18 9 1962
18 10 1607
18 11 694
18 12 874
18 13 1232
18 14 1681
18 15 1399
18 16 881
18 17 1423
18 18 0
18 19 1169
18 20 691
18 21 91
18 22 1184
18 23 981
18 24 790
18 25 1288
18 26 1729
18 27 1531
18 28 1924
18 29 1439
18 30 1605
18 31 1477
18 32 851
18 33 1359
18 34 1748
18 35 979
18 36 1933
18 37 2110
18 38 1446
18 39 1822
18 40 1663
18 41 1372
18 42 1095
18 43 1035
18 44 580
18 45 1811
18 46 987
18 47 532
18 48 1763
18 49 939
18 50 484
18 51 1715
18 52 891
18 53 436
18 54 1667
18 55 843
18 56 388
18 57 1619
18 58 891
18 59 436
18 60 1667
18 61 939
18 62 484
18 63 1715
18 64 987
18 65 532
18 66 1763
18 67 1035
18 68 580
18 69 1811
18 70 1083
18 71 628
18 72 1859
18 73 1131
18 74 676
18 75 1907
18 76 1179
18 77 724
18 78 1955
18 79 1227
18 80 772
18 81 2003
18 82 1275
18 83 820
18 84 2051
18 85 1323
18 86 868
18 87 2099
18 88 1371
18 89 916
18 90 2147
18 91 1419
18 92 964
18 93 2195
18 94 1467
18 95 1012
18 96 2243
18 97 1155
19 0 2324
19 1 1307
19 2 1387
19 3 1596
19 4 486
19 5 689
19 6 1206
19 7 1166
19 8 1111
19 9 793
19 10 1136
19 11 1087
19 12 499
19 13 1625
19 14 1366
19 15 928
19 16 986
19 17 1432
19 18 1169
19 19 0
19 20 604
19 21 1078
19 22 1385
19 23 990
19 24 895
19 25 1681
19 26 1258
19 27 1690
19 28 1297
19 29 968
19 30 1712
19 31 1006
19 32 860
19 33 1080
19 34 1569
19 35 508
19 36 1384
19 37 1015
19 38 1071
19 39 1111
19 40 494
19 41 1093
19 42 720
19 43 2204
19 44 973
19 45 1506
19 46 2156
19 47 925
19 48 1458
19 49 2108
19 50 877
19 51 1410
19 52 2060
19 53 829
19 54 1362
19 55 2012
19 56 781
19 57 1314
19 58 1964
19 59 733
19 60 1266
19 61 1916
19 62 685
19 63 1218
19 64 1868
19 65 637
19 66 1170
19 67 1820
19 68 589
19 69 1122
19 70 1772
19 71 541
19 72 1074
19 73 1724
19 74 493
19 75 1026
19 76 1676
19 77 445
19 78 978
19 79 1628
19 80 397
19 81 930
19 82 1580
19 83 349
19 84 882
19 85 1628
19 86 397
19 87 930
19 88 1676
19 89 445
19 90 978
19 91 1724
19 92 493
19 93 1026
19 94 1772
19 95 541
19 96 1074
19 97 2324
20 0 1720
20 1 1349
20 2 1293
20 3 1502
20 4 392
20 5 1293
20 6 824
20 7 688
20 8 1641
20 9 1397
20 10 1042
20 11 609
20 12 309
20 13 1147
20 14 1272
20 15 834
20 16 508
20 17 954
20 18 691
20 19 604
20 20 0
20 21 600
20 22 907
20 23 512
20 24 417
20 25 1203
20 26 1164
20 27 1446
20 28 1359
20 29 874
20 30 1520
20 31 912
20 32 382
20 33 794
20 34 1663
20 35 414
20 36 1368
20 37 1545
20 38 881
20 39 1257
20 40 1098
20 41 807
20 42 530
20 43 1600
20 44 495
20 45 1726
20 46 1552
20 47 447
20 48 1678
20 49 1504
20 50 399
20 51 1630
20 52 1456
20 53 351
20 54 1582
20 55 1408
20 56 303
20 57 1534
20 58 1360
20 59 255
20 60 1486
20 61 1312
20 62 207
20 63 1438
20 64 1264
20 65 159
20 66 1390
20 67 1216
20 68 111
20 69 1342
20 70 1168
20 71 63
20 72 1294
20 73 1216
20 74 111
20 75 1342
20 76 1264
20 77 159
20 78 1390
20 79 1312
20 80 207
20 81 1438
20 82 1360
20 83 255
20 84 1486
20 85 1408
20 86 303
20 87 1534
20 88 1456
20 89 351
20 90 1582
20 91 1504
20 92 399
20 93 1630
20 94 1552
20 95 447
20 96 1678
20 97 1720
21 0 1246
21 1 1535
21 2 1559
21 3 1638
21 4 866
21 5 1767
21 6 1298
21 7 682
21 8 2115
21 9 1871
21 10 1516
21 11 603
21 12 783
21 13 1141
21 14 1746
21 15 1308
21 16 790
21 17 1332
21 18 91
21 19 1078
21 20 600
21 21 0
21 22 1093
21 23 890
21 24 699
21 25 1197
21 26 1638
21 27 1440
21 28 1833
21 29 1348
21 30 1514
21 31 1386
21 32 760
21 33 1268
21 34 1657
21 35 888
21 36 1842
21 37 2019
21 38 1355
21 39 1731
21 40 1572
21 41 1281
21 42 1004
21 43 1126
21 44 489
21 45 1720
21 46 1078
21 47 441
21 48 1672
21 49 1030
21 50 393
21 51 1624
21 52 982
21 53 345
21 54 1576
21 55 934
21 56 297
21 57 1528
21 58 982
21 59 345
21 60 1576
21 61 1030
21 62 393
21 63 1624
21 64 1078
21 65 441
21 66 1672
21 67 1126
21 68 489
21 69 1720
21 70 1174
21 71 537
21 72 1768
21 73 1222
21 74 585
21 75 1816
21 76 1270
21 77 633
21 78 1864
21 79 1318
21 80 681
21 81 1912
21 82 1366
21 83 729
21 84 1960
21 85 1414
21 86 777
21 87 2008
21 88 1462
21 89 825
21 90 2056
21 91 1510
21 92 873
21 93 2104
21 94 1558
21 95 921
21 96 2152
21 97 1246
22 0 939
22 1 1842
22 2 1060
22 3 1139
22 4 1173
22 5 2074
22 6 1605
22 7 1181
22 8 2422
22 9 2178
22 10 1407
22 11 1102
22 12 1090
22 13 1640
22 14 1273
22 15 1615
22 16 1097
22 17 1015
22 18 1184
22 19 1385
22 20 907
22 21 1093
22 22 0
22 23 1197
22 24 1006
22 25 1696
22 26 1477
22 27 1939
22 28 2140
22 29 1655
22 30 2013
22 31 1537
22 32 1067
22 33 1367
22 34 2156
22 35 1195
22 36 2149
22 37 2326
22 38 1376
22 39 2038
22 40 1879
22 41 1588
22 42 1311
22 43 819
22 44 988
22 45 2219
22 46 771
22 47 940
22 48 2171
22 49 723
22 50 892
22 51 2123
22 52 675
22 53 844
22 54 2075
22 55 627
22 56 796
22 57 2027
22 58 579
22 59 748
22 60 1979
22 61 531
22 62 700
22 63 1931
22 64 579
22 65 748
22 66 1979
22 67 627
22 68 796
22 69 2027
22 70 675
22 71 844
22 72 2075
22 73 723
22 74 892
22 75 2123
22 76 771
22 77 940
22 78 2171
22 79 819
22 80 988
22 81 2219
22 82 867
22 83 1036
22 84 2267
22 85 915
22 86 1084
22 87 2315
22 88 963
22 89 1132
22 90 2363
22 91 1011
22 92 1180
22 93 2411
22 94 1059
22 95 1228
22 96 2459
22 97 939
23 0 2136
23 1 1015
23 2 1679
23 3 1888
23 4 778
23 5 1263
23 6 1210
23 7 978
23 8 1299
23 9 1159
23 10 1428
23 11 899
23 12 695
23 13 1437
23 14 1658
23 15 1220
23 16 798
23 17 1244
23 18 981
23 19 990
23 20 512
23 21 890
23 22 1197
23 23 0
23 24 707
23 25 1493
23 26 1550
23 27 1398
23 28 1485
23 29 1260
23 30 1420
23 31 1298
23 32 130
23 33 1180
23 34 1277
23 35 800
23 36 1572
23 37 1203
23 38 1267
23 39 915
23 40 1458
23 41 1193
23 42 916
23 43 2016
23 44 785
23 45 1214
23 46 1968
23 47 737
23 48 1166
23 49 1920
23 50 689
23 51 1118
23 52 1872
23 53 641
23 54 1070
23 55 1824
23 56 593
23 57 1022
23 58 1776
23 59 545
23 60 974
23 61 1728
23 62 497
23 63 926
23 64 1680
23 65 449
23 66 878
23 67 1632
23 68 401
23 69 830
23 70 1680
23 71 449
23 72 878
23 73 1728
23 74 497
23 75 926
23 76 1776
23 77 545
23 78 974
23 79 1824
23 80 593
23 81 1022
23 82 1872
23 83 641
23 84 1070
23 85 1920
23 86 689
23 87 1118
23 88 1968
23 89 737
23 90 1166
23 91 2016
23 92 785
23 93 1214
23 94 2064
23 95 833
23 96 1262
23 97 2136
24 0 1945
24 1 1110
24 2 1584
24 3 1793
24 4 683
24 5 1454
24 6 1115
24 7 787
24 8 1490
24 9 1350
24 10 1333
24 11 708
24 12 600
24 13 1246
24 14 1563
24 15 1125
24 16 607
24 17 1149
24 18 790
24 19 895
24 20 417
24 21 699
24 22 1006
24 23 707
24 24 0
24 25 1302
24 26 1455
24 27 1493
24 28 1650
24 29 1165
24 30 1515
24 31 1203
24 32 577
24 33 1085
24 34 1372
24 35 705
24 36 1659
24 37 1394
24 38 1172
24 39 1106
24 40 1389
24 41 1098
24 42 821
24 43 1825
24 44 594
24 45 1309
24 46 1777
24 47 546
24 48 1261
24 49 1729
24 50 498
24 51 1213
24 52 1681
24 53 450
24 54 1165
24 55 1633
24 56 402
24 57 1117
24 58 1585
24 59 354
24 60 1069
24 61 1537
24 62 306
24 63 1021
24 64 1489
24 65 258
24 66 973
24 67 1537
24 68 306
24 69 1021
24 70 1585
24 71 354
24 72 1069
24 73 1633
24 74 402
24 75 1117
24 76 1681
24 77 450
24 78 1165
24 79 1729
24 80 498
24 81 1213
24 82 1777
24 83 546
24 84 1261
24 85 1825
24 86 594
24 87 1309
24 88 1873
24 89 642
24 90 1357
24 91 1921
24 92 690
24 93 1405
24 94 1969
24 95 738
24 96 1453
24 97 1945
25 0 2251
25 1 708
25 2 2370
25 3 2579
25 4 1469
25 5 1148
25 6 1329
25 7 1093
25 8 1184
25 9 1044
25 10 2119
25 11 1110
25 12 1386
25 13 1006
25 14 2349
25 15 1911
25 16 1393
25 17 1935
25 18 1288
25 19 1681
25 20 1203
25 21 1197
25 22 1696
25 23 1493
25 24 1302
25 25 0
25 26 2241
25 27 707
25 28 1370
25 29 1951
25 30 729
25 31 1989
25 32 1363
25 33 1871
25 34 586
25 35 1491
25 36 1457
25 37 1088
25 38 1958
25 39 800
25 40 1343
25 41 1442
25 42 1607
25 43 2131
25 44 900
25 45 523
25 46 2083
25 47 852
25 48 475
25 49 2035
25 50 804
25 51 427
25 52 2083
25 53 852
25 54 475
25 55 2131
25 56 900
25 57 523
25 58 2179
25 59 948
25 60 571
25 61 2227
25 62 996
25 63 619
25 64 2275
25 65 1044
25 66 667
25 67 2323
25 68 1092
25 69 715
25 70 2371
25 71 1140
25 72 763
25 73 2419
25 74 1188
25 75 811
25 76 2467
25 77 1236
25 78 859
25 79 2515
25 80 1284
25 81 907
25 82 2563
25 83 1332
25 84 955
25 85 2611
25 86 1380
25 87 1003
25 88 2659
25 89 1428
25 90 1051
25 91 2707
25 92 1476
25 93 1099
25 94 2755
25 95 1524
25 96 1147
25 97 2251
26 0 1354
26 1 2387
26 2 803
26 3 338
26 4 950
26 5 1947
26 6 1766
26 7 1726
26 8 2007
26 9 2051
26 10 1054
26 11 1647
26 12 1059
26 13 2185
26 14 824
26 15 1262
26 16 1546
26 17 1238
26 18 1729
26 19 1258
26 20 1164
26 21 1638
26 22 1477
26 23 1550
26 24 1455
26 25 2241
26 26 0
26 27 2484
26 28 1725
26 29 1240
26 30 2558
26 31 1184
26 32 1420
26 33 1302
26 34 2701
26 35 876
26 36 1734
26 37 2007
26 38 1215
26 39 2295
26 40 1752
26 41 1653
26 42 1280
26 43 1234
26 44 1533
26 45 2764
26 46 1186
26 47 1485
26 48 2716
26 49 1138
26 50 1437
26 51 2668
26 52 1090
26 53 1389
26 54 2620
26 55 1042
26 56 1341
26 57 2572
26 58 994
26 59 1293
26 60 2524
26 61 946
26 62 1245
26 63 2476
26 64 898
26 65 1197
26 66 2428
26 67 850
26 68 1149
26 69 2380
26 70 802
26 71 1101
26 72 2332
26 73 754
26 74 1053
26 75 2284
26 76 706
26 77 1005
26 78 2236
26 79 658
26 80 957
26 81 2188
26 82 610
26 83 909
26 84 2140
26 85 562
26 86 861
26 87 2092
26 88 514
26 89 813
26 90 2044
26 91 466
26 92 765
26 93 1996
26 94 514
26 95 813
26 96 2044
26 97 1354
27 0 2398
27 1 561
27 2 2613
27 3 2822
27 4 1712
27 5 1001
27 6 1182
27 7 1240
27 8 1037
27 9 897
27 10 2362
27 11 1301
27 12 1629
27 13 299
27 14 2592
27 15 2154
27 16 1636
27 17 2178
27 18 1531
27 19 1690
27 20 1446
27 21 1440
27 22 1939
27 23 1398
27 24 1493
27 25 707
27 26 2484
27 27 0
27 28 1223
27 29 1804
27 30 486
27 31 2232
27 32 1528
27 33 2114
27 34 343
27 35 1734
27 36 1310
27 37 941
27 38 2201
27 39 653
27 40 1196
27 41 1295
27 42 1668
27 43 2278
27 44 1047
27 45 280
27 46 2230
27 47 999
27 48 232
27 49 2278
27 50 1047
27 51 280
27 52 2326
27 53 1095
27 54 328
27 55 2374
27 56 1143
27 57 376
27 58 2422
27 59 1191
27 60 424
27 61 2470
27 62 1239
27 63 472
27 64 2518
27 65 1287
27 66 520
27 67 2566
27 68 1335
27 69 568
27 70 2614
27 71 1383
27 72 616
27 73 2662
27 74 1431
27 75 664
27 76 2710
27 77 1479
27 78 712
27 79 2758
27 80 1527
27 81 760
27 82 2806
27 83 1575
27 84 808
27 85 2854
27 86 1623
27 87 856
27 88 2902
27 89 1671
27 90 904
27 91 2950
27 92 1719
27 93 952
27 94 2998
27 95 1767
27 96 1000
27 97 2398
28 0 3079
28 1 840
28 2 2142
28 3 2063
28 4 1145
28 5 608
28 6 1077
28 7 1921
28 8 356
28 9 504
28 10 1795
28 11 1842
28 12 1254
28 13 1522
28 14 1929
28 15 1587
28 16 1741
28 17 2187
28 18 1924
28 19 1297
28 20 1359
28 21 1833
28 22 2140
28 23 1485
28 24 1650
28 25 1370
28 26 1725
28 27 1223
28 28 0
28 29 1123
28 30 1245
28 31 1665
28 32 1615
28 33 1835
28 34 1102
28 35 1071
28 36 629
28 37 356
28 38 1826
28 39 644
28 40 803
28 41 1094
28 42 1371
28 43 2959
28 44 1728
28 45 1039
28 46 2911
28 47 1680
28 48 991
28 49 2863
28 50 1632
28 51 943
28 52 2815
28 53 1584
28 54 895
28 55 2767
28 56 1536
28 57 847
28 58 2719
28 59 1488
28 60 799
28 61 2671
28 62 1440
28 63 751
28 64 2623
28 65 1392
28 66 703
28 67 2575
28 68 1344
28 69 655
28 70 2527
28 71 1296
28 72 607
28 73 2479
28 74 1248
28 75 559
28 76 2431
28 77 1200
28 78 511
28 79 2383
28 80 1152
28 81 463
28 82 2335
28 83 1104
28 84 415
28 85 2287
28 86 1056
28 87 367
28 88 2239
28 89 1008
28 90 319
28 91 2191
28 92 960
28 93 271
28 94 2239
28 95 1008
28 96 319
28 97 3079
29 0 2594
29 1 1421
29 2 1657
29 3 1578
29 4 660
29 5 1189
29 6 1476
29 7 1436
29 8 767
29 9 1085
29 10 1310
29 11 1357
29 12 769
29 13 1895
29 14 1444
29 15 1102
29 16 1256
29 17 1702
29 18 1439
29 19 968
29 20 874
29 21 1348
29 22 1655
29 23 1260
29 24 1165
29 25 1951
29 26 1240
29 27 1804
29 28 1123
29 29 0
29 30 1826
29 31 1180
29 32 1130
29 33 1350
29 34 1683
29 35 586
29 36 494
29 37 937
29 38 1341
29 39 1225
29 40 1384
29 41 1363
29 42 990
29 43 2474
29 44 1243
29 45 1620
29 46 2426
29 47 1195
29 48 1572
29 49 2378
29 50 1147
29 51 1524
29 52 2330
29 53 1099
29 54 1476
29 55 2282
29 56 1051
29 57 1428
29 58 2234
29 59 1003
29 60 1380
29 61 2186
29 62 955
29 63 1332
29 64 2138
29 65 907
29 66 1284
29 67 2090
29 68 859
29 69 1236
29 70 2042
29 71 811
29 72 1188
29 73 1994
29 74 763
29 75 1140
29 76 1946
29 77 715
29 78 1092
29 79 1898
29 80 667
29 81 1044
29 82 1850
29 83 619
29 84 996
29 85 1802
29 86 571
29 87 948
29 88 1754
29 89 523
29 90 900
29 91 1706
29 92 475
29 93 852
29 94 1658
29 95 427
29 96 804
29 97 2594
30 0 2376
30 1 583
30 2 2687
30 3 2896
30 4 1786
30 5 1023
30 6 1204
30 7 832
30 8 1059
30 9 919
30 10 2436
30 11 1323
30 12 1703
30 13 785
30 14 2666
30 15 2228
30 16 1710
30 17 2252
30 18 1605
30 19 1712
30 20 1520
30 21 1514
30 22 2013
30 23 1420
30 24 1515
30 25 729
30 26 2558
30 27 486
30 28 1245
30 29 1826
30 30 0
30 31 2306
30 32 1550
30 33 2188
30 34 143
30 35 1808
30 36 1332
30 37 963
30 38 2275
30 39 675
30 40 1218
30 41 1317
30 42 1690
30 43 2256
30 44 1025
30 45 206
30 46 2304
30 47 1073
30 48 254
30 49 2352
30 50 1121
30 51 302
30 52 2400
30 53 1169
30 54 350
30 55 2448
30 56 1217
30 57 398
30 58 2496
30 59 1265
30 60 446
30 61 2544
30 62 1313
30 63 494
30 64 2592
30 65 1361
30 66 542
30 67 2640
30 68 1409
30 69 590
30 70 2688
30 71 1457
30 72 638
30 73 2736
30 74 1505
30 75 686
30 76 2784
30 77 1553
30 78 734
30 79 2832
30 80 1601
30 81 782
30 82 2880
30 83 1649
30 84 830
30 85 2928
30 86 1697
30 87 878
30 88 2976
30 89 1745
30 90 926
30 91 3024
30 92 1793
30 93 974
30 94 3072
30 95 1841
30 96 1022
30 97 2376
31 0 1414
31 1 2135
31 2 863
31 3 846
31 4 520
31 5 1695
31 6 1514
31 7 1474
31 8 1947
31 9 1799
31 10 130
31 11 1395
31 12 807
31 13 1933
31 14 980
31 15 78
31 16 1294
31 17 1298
31 18 1477
31 19 1006
31 20 912
31 21 1386
31 22 1537
31 23 1298
31 24 1203
31 25 1989
31 26 1184
31 27 2232
31 28 1665
31 29 1180
31 30 2306
31 31 0
31 32 1168
31 33 1362
31 34 2449
31 35 720
31 36 1674
31 37 1851
31 38 1275
31 39 2043
31 40 1500
31 41 1401
31 42 1028
31 43 1294
31 44 1281
31 45 2512
31 46 1246
31 47 1233
31 48 2464
31 49 1198
31 50 1185
31 51 2416
31 52 1150
31 53 1137
31 54 2368
31 55 1102
31 56 1089
31 57 2320
31 58 1054
31 59 1041
31 60 2272
31 61 1006
31 62 993
31 63 2224
31 64 958
31 65 945
31 66 2176
31 67 910
31 68 897
31 69 2128
31 70 862
31 71 849
31 72 2080
31 73 814
31 74 801
31 75 2032
31 76 766
31 77 753
31 78 1984
31 79 718
31 80 705
31 81 1936
31 82 670
31 83 657
31 84 1888
31 85 622
31 86 609
31 87 1840
31 88 670
31 89 657
31 90 1888
31 91 718
31 92 705
31 93 1936
31 94 766
31 95 753
31 96 1984
31 97 1414
32 0 2006
32 1 1145
32 2 1549
32 3 1758
32 4 648
32 5 1393
32 6 1080
32 7 848
32 8 1429
32 9 1289
32 10 1298
32 11 769
32 12 565
32 13 1307
32 14 1528
32 15 1090
32 16 668
32 17 1114
32 18 851
32 19 860
32 20 382
32 21 760
32 22 1067
32 23 130
32 24 577
32 25 1363
32 26 1420
32 27 1528
32 28 1615
32 29 1130
32 30 1550
32 31 1168
32 32 0
32 33 1050
32 34 1407
32 35 670
32 36 1624
32 37 1333
32 38 1137
32 39 1045
32 40 1354
32 41 1063
32 42 786
32 43 1886
32 44 655
32 45 1344
32 46 1838
32 47 607
32 48 1296
32 49 1790
32 50 559
32 51 1248
32 52 1742
32 53 511
32 54 1200
32 55 1694
32 56 463
32 57 1152
32 58 1646
32 59 415
32 60 1104
32 61 1598
32 62 367
32 63 1056
32 64 1550
32 65 319
32 66 1008
32 67 1502
32 68 271
32 69 960
32 70 1550
32 71 319
32 72 1008
32 73 1598
32 74 367
32 75 1056
32 76 1646
32 77 415
32 78 1104
32 79 1694
32 80 463
32 81 1152
32 82 1742
32 83 511
32 84 1200
32 85 1790
32 86 559
32 87 1248
32 88 1838
32 89 607
32 90 1296
32 91 1886
32 92 655
32 93 1344
32 94 1934
32 95 703
32 96 1392
32 97 2006
33 0 1244
33 1 2017
33 2 885
33 3 964
33 4 868
33 5 1769
33 6 1396
33 7 1356
33 8 2117
33 9 1873
33 10 1232
33 11 1277
33 12 785
33 13 1815
33 14 1098
33 15 1310
33 16 1176
33 17 1128
33 18 1359
33 19 1080
33 20 794
33 21 1268
33 22 1367
33 23 1180
33 24 1085
33 25 1871
33 26 1302
33 27 2114
33 28 1835
33 29 1350
33 30 2188
33 31 1362
33 32 1050
33 33 0
33 34 2331
33 35 890
33 36 1844
33 37 2021
33 38 1201
33 39 1925
33 40 1574
33 41 1283
33 42 1006
33 43 1124
33 44 1163
33 45 2394
33 46 1076
33 47 1115
33 48 2346
33 49 1028
33 50 1067
33 51 2298
33 52 980
33 53 1019
33 54 2250
33 55 932
33 56 971
33 57 2202
33 58 884
33 59 923
33 60 2154
33 61 836
33 62 875
33 63 2106
33 64 788
33 65 827
33 66 2058
33 67 740
33 68 779
33 69 2010
33 70 692
33 71 731
33 72 1962
33 73 644
33 74 683
33 75 1914
33 76 596
33 77 635
33 78 1866
33 79 644
33 80 683
33 81 1914
33 82 692
33 83 731
33 84 1962
33 85 740
33 86 779
33 87 2010
33 88 788
33 89 827
33 90 2058
33 91 836
33 92 875
33 93 2106
33 94 884
33 95 923
33 96 2154
33 97 1244
34 0 2519
34 1 440
34 2 2830
34 3 3039
34 4 1929
34 5 880
34 6 1061
34 7 975
34 8 916
34 9 776
34 10 2579
34 11 1180
34 12 1846
34 13 642
34 14 2809
34 15 2371
34 16 1853
34 17 2395
34 18 1748
34 19 1569
34 20 1663
34 21 1657
34 22 2156
34 23 1277
34 24 1372
34 25 586
34 26 2701
34 27 343
34 28 1102
34 29 1683
34 30 143
34 31 2449
34 32 1407
34 33 2331
34 34 0
34 35 1951
34 36 1189
34 37 820
34 38 2418
34 39 532
34 40 1075
34 41 1174
34 42 1547
34 43 2399
34 44 1168
34 45 63
34 46 2447
34 47 1216
34 48 111
34 49 2495
34 50 1264
34 51 159
34 52 2543
34 53 1312
34 54 207
34 55 2591
34 56 1360
34 57 255
34 58 2639
34 59 1408
34 60 303
34 61 2687
34 62 1456
34 63 351
34 64 2735
34 65 1504
34 66 399
34 67 2783
34 68 1552
34 69 447
34 70 2831
34 71 1600
34 72 495
34 73 2879
34 74 1648
34 75 543
34 76 2927
34 77 1696
34 78 591
34 79 2975
34 80 1744
34 81 639
34 82 3023
34 83 1792
34 84 687
34 85 3071
34 86 1840
34 87 735
34 88 3119
34 89 1888
34 90 783
34 91 3167
34 92 1936
34 93 831
34 94 3215
34 95 1984
34 96 879
34 97 2519
35 0 2134
35 1 1637
35 2 1197
35 3 1214
35 4 200
35 5 1197
35 6 1016
35 7 976
35 8 1301
35 9 1301
35 10 850
35 11 897
35 12 309
35 13 1435
35 14 984
35 15 642
35 16 796
35 17 1242
35 18 979
35 19 508
35 20 414
35 21 888
35 22 1195
35 23 800
35 24 705
35 25 1491
35 26 876
35 27 1734
35 28 1071
35 29 586
35 30 1808
35 31 720
35 32 670
35 33 890
35 34 1951
35 35 0
35 36 1080
35 37 1131
35 38 881
35 39 1493
35 40 1002
35 41 903
35 42 530
35 43 2014
35 44 783
35 45 1888
35 46 1966
35 47 735
35 48 1840
35 49 1918
35 50 687
35 51 1792
35 52 1870
35 53 639
35 54 1744
35 55 1822
35 56 591
35 57 1696
35 58 1774
35 59 543
35 60 1648
35 61 1726
35 62 495
35 63 1600
35 64 1678
35 65 447
35 66 1552
35 67 1630
35 68 399
35 69 1504
35 70 1582
35 71 351
35 72 1456
35 73 1534
35 74 303
35 75 1408
35 76 1486
35 77 255
35 78 1360
35 79 1438
35 80 207
35 81 1312
35 82 1390
35 83 159
35 84 1264
35 85 1342
35 86 111
35 87 1216
35 88 1294
35 89 63
35 90 1168
35 91 1342
35 92 111
35 93 1216
35 94 1390
35 95 159
35 96 1264
35 97 2134
36 0 3088
36 1 927
36 2 2151
36 3 2072
36 4 1154
36 5 695
36 6 1164
36 7 1930
36 8 273
36 9 591
36 10 1804
36 11 1851
36 12 1263
36 13 1609
36 14 1938
36 15 1596
36 16 1750
36 17 2196
36 18 1933
36 19 1384
36 20 1368
36 21 1842
36 22 2149
36 23 1572
36 24 1659
