//alpha
1
//NbLocations
78
//NbProducts
24
//NbPickers
2
//CapaPicker
8
//TimeToTravelOneDistanceUnit
3
//SetupTime
5400
//PickTime
300
//Products
//Idx Location Size
1 1 1
2 2 1
3 3 1
4 4 1
5 5 1
6 6 1
7 7 1
8 8 1
9 9 1
10 10 1
11 11 1
12 12 1
13 13 1
14 14 1
15 15 1
16 16 1
17 17 1
18 18 1
19 19 1
20 20 1
21 21 1
22 1 1
23 22 1
24 23 1
//Orders
//NbOrders
6
//Idx DueDate TardinessPenalty NbProdInOrder ProdIdx1 Qty1 ProdIdx2 Qty2 ...
1 54000 0 4 1 1 2 1 3 1 4 1
2 144000 0 8 5 1 6 1 7 1 8 1 9 1 10 1 11 1 12 1
3 72000 0 2 13 1 14 1
4 90000 0 2 15 1 16 1
5 36000 0 3 17 1 18 1 19 1
6 54000 0 5 20 1 21 1 22 1 23 1 24 1
//Graph (Products are vertices indexed from 1 to NbProducts)
//NbVerticesIntersections
54
//DepartingDepot
0
//ArrivalDepot
78
//Arcs
//Start End Distance
0 24 120
1 61 115
1 62 1116
2 31 531
2 32 700
3 42 76
3 43 1155
4 66 76
4 67 1155
5 18 429
5 35 661
6 48 115
6 49 1116
7 24 206
7 25 1025
8 36 102
8 37 1129
9 17 767
9 73 89
10 52 115
10 53 1116
11 14 52
11 15 130
12 43 128
12 44 1103
13 55 180
13 56 1051
14 11 52
14 52 973
15 11 130
15 51 76
16 19 182
16 64 830
17 9 767
17 74 375
18 5 429
18 34 141
19 16 182
19 63 219
20 37 895
20 38 336
21 76 323
21 77 908
22 33 63
22 34 1168
23 75 427
23 76 804
24 7 206
24 27 48
24 78 120
25 7 1025
25 26 1231
25 28 48
26 25 1231
26 29 48
27 24 48
27 28 1231
27 30 48
28 25 48
28 27 1231
28 29 1231
28 31 48
29 26 48
29 28 1231
29 32 48
30 27 48
30 31 1231
30 33 48
31 2 531
31 28 48
31 30 1231
31 34 48
32 2 700
32 29 48
32 35 48
33 22 63
33 30 48
33 36 48
34 18 141
34 22 1168
34 31 48
34 37 48
35 5 661
35 32 48
35 38 48
36 8 102
36 33 48
36 39 48
37 8 1129
37 20 895
37 34 48
37 40 48
38 20 336
38 35 48
38 41 48
39 36 48
39 40 1231
39 42 48
40 37 48
40 39 1231
40 41 1231
40 43 48
41 38 48
41 40 1231
41 44 48
42 3 76
42 39 48
42 45 48
43 3 1155
43 12 128
43 40 48
43 46 48
44 12 1103
44 41 48
44 47 48
45 42 48
45 46 1231
45 48 48
46 43 48
46 45 1231
46 47 1231
46 49 48
47 44 48
47 46 1231
47 50 48
48 6 115
48 45 48
48 51 48
49 6 1116
49 46 48
49 50 1231
49 52 48
50 47 48
50 49 1231
50 53 48
51 15 76
51 48 48
51 54 48
52 10 115
52 14 973
52 49 48
52 55 48
53 10 1116
53 50 48
53 56 48
54 51 48
54 55 1231
54 57 48
55 13 180
55 52 48
55 54 1231
55 58 48
56 13 1051
56 53 48
56 59 48
57 54 48
57 58 1231
57 60 48
58 55 48
58 57 1231
58 59 1231
58 61 48
59 56 48
59 58 1231
59 62 48
60 57 48
60 61 1231
60 63 48
61 1 115
61 58 48
61 60 1231
61 64 48
62 1 1116
62 59 48
62 65 48
63 19 219
63 60 48
63 66 48
64 16 830
64 61 48
64 65 1231
64 67 48
65 62 48
65 64 1231
65 68 48
66 4 76
66 63 48
66 69 48
67 4 1155
67 64 48
67 68 1231
67 70 48
68 65 48
68 67 1231
68 71 48
69 66 48
69 70 1231
69 72 48
70 67 48
70 69 1231
70 71 1231
70 73 48
71 68 48
71 70 1231
71 74 48
72 69 48
72 73 1231
72 75 48
73 9 89
73 70 48
73 72 1231
73 76 48
74 17 375
74 71 48
74 77 48
75 23 427
75 72 48
76 21 323
76 23 804
76 73 48
77 21 908
77 74 48
//LocStart LocEnd ShortestPath
0 0 0
0 1 2042
0 2 1978
0 3 484
0 4 868
0 5 2065
0 6 619
0 7 326
0 8 414
0 9 2208
0 10 1898
0 11 758
0 12 1767
0 13 2011
0 14 810
0 15 628
0 16 1145
0 17 2975
0 18 1636
0 19 963
0 20 2438
0 21 2490
0 22 327
0 23 1363
0 24 120
0 25 1351
0 26 2582
0 27 168
0 28 1399
0 29 2630
0 30 216
0 31 1447
0 32 2678
0 33 264
0 34 1495
0 35 2726
0 36 312
0 37 1543
0 38 2774
0 39 360
0 40 1591
0 41 2822
0 42 408
0 43 1639
0 44 2870
0 45 456
0 46 1687
0 47 2918
0 48 504
0 49 1735
0 50 2966
0 51 552
0 52 1783
0 53 3014
0 54 600
0 55 1831
0 56 3062
0 57 648
0 58 1879
0 59 3110
0 60 696
0 61 1927
0 62 3158
0 63 744
0 64 1975
0 65 3206
0 66 792
0 67 2023
0 68 3254
0 69 840
0 70 2071
0 71 3302
0 72 888
0 73 2119
0 74 3350
0 75 936
0 76 2167
0 77 3398
0 78 0
1 0 2042
1 1 0
1 2 1126
1 3 1558
1 4 1366
1 5 1117
1 6 1423
1 7 1716
1 8 1628
1 9 396
1 10 374
1 11 1284
1 12 531
1 13 391
1 14 1232
1 15 1414
1 16 993
1 17 1163
1 18 688
1 19 1175
1 20 1394
1 21 678
1 22 1715
1 23 1159
1 24 1922
1 25 691
1 26 1692
1 27 1874
1 28 643
1 29 1644
1 30 1826
1 31 595
1 32 1596
1 33 1778
1 34 547
1 35 1548
1 36 1730
1 37 499
1 38 1500
1 39 1682
1 40 451
1 41 1452
1 42 1634
1 43 403
1 44 1404
1 45 1586
1 46 355
1 47 1356
1 48 1538
1 49 307
1 50 1308
1 51 1490
1 52 259
1 53 1260
1 54 1442
1 55 211
1 56 1212
1 57 1394
1 58 163
1 59 1164
1 60 1346
1 61 115
1 62 1116
1 63 1394
1 64 163
1 65 1164
1 66 1442
1 67 211
1 68 1212
1 69 1490
1 70 259
1 71 1260
1 72 1538
1 73 307
1 74 1308
1 75 1586
1 76 355
1 77 1356
1 78 2042
2 0 1978
2 1 1126
2 2 0
2 3 1878
2 4 2262
2 5 1149
2 6 1935
2 7 1652
2 8 1756
2 9 1292
2 10 982
2 11 1892
2 12 851
2 13 1095
2 14 1840
2 15 2022
2 16 1889
2 17 1747
2 18 720
2 19 2071
2 20 1132
2 21 1574
2 22 1747
2 23 2055
2 24 1858
2 25 627
2 26 796
2 27 1810
2 28 579
2 29 748
2 30 1762
2 31 531
2 32 700
2 33 1810
2 34 579
2 35 748
2 36 1858
2 37 627
2 38 796
2 39 1906
2 40 675
2 41 844
2 42 1954
2 43 723
2 44 892
2 45 2002
2 46 771
2 47 940
2 48 2050
2 49 819
2 50 988
2 51 2098
2 52 867
2 53 1036
2 54 2146
2 55 915
2 56 1084
2 57 2194
2 58 963
2 59 1132
2 60 2242
2 61 1011
2 62 1180
2 63 2290
2 64 1059
2 65 1228
2 66 2338
2 67 1107
2 68 1276
2 69 2386
2 70 1155
2 71 1324
2 72 2434
2 73 1203
2 74 1372
2 75 2482
2 76 1251
2 77 1420
2 78 1978
3 0 484
3 1 1558
3 2 1878
3 3 0
3 4 536
3 5 1869
3 6 287
3 7 570
3 8 274
3 9 1724
3 10 1414
3 11 426
3 12 1283
3 13 1527
3 14 478
3 15 296
3 16 813
3 17 2491
3 18 1440
3 19 631
3 20 2146
3 21 2006
3 22 283
3 23 1031
3 24 364
3 25 1443
3 26 2674
3 27 316
3 28 1395
3 29 2626
3 30 268
3 31 1347
3 32 2578
3 33 220
3 34 1299
3 35 2530
3 36 172
3 37 1251
3 38 2482
3 39 124
3 40 1203
3 41 2434
3 42 76
3 43 1155
3 44 2386
3 45 124
3 46 1203
3 47 2434
3 48 172
3 49 1251
3 50 2482
3 51 220
3 52 1299
3 53 2530
3 54 268
3 55 1347
3 56 2578
3 57 316
3 58 1395
3 59 2626
3 60 364
3 61 1443
3 62 2674
3 63 412
3 64 1491
3 65 2722
3 66 460
3 67 1539
3 68 2770
3 69 508
3 70 1587
3 71 2818
3 72 556
3 73 1635
3 74 2866
3 75 604
3 76 1683
3 77 2914
3 78 484
4 0 868
4 1 1366
4 2 2262
4 3 536
4 4 0
4 5 2253
4 6 479
4 7 954
4 8 658
4 9 1340
4 10 1510
4 11 522
4 12 1667
4 13 1527
4 14 574
4 15 392
4 16 525
4 17 2107
4 18 1824
4 19 343
4 20 2530
4 21 1622
4 22 667
4 23 647
4 24 748
4 25 1827
4 26 3058
4 27 700
4 28 1779
4 29 3010
4 30 652
4 31 1731
4 32 2962
4 33 604
4 34 1683
4 35 2914
4 36 556
4 37 1635
4 38 2866
4 39 508
4 40 1587
4 41 2818
4 42 460
4 43 1539
4 44 2770
4 45 412
4 46 1491
4 47 2722
4 48 364
4 49 1443
4 50 2674
4 51 316
4 52 1395
4 53 2626
4 54 268
4 55 1347
4 56 2578
4 57 220
4 58 1299
4 59 2530
4 60 172
4 61 1251
4 62 2482
4 63 124
4 64 1203
4 65 2434
4 66 76
4 67 1155
4 68 2386
4 69 124
4 70 1203
4 71 2434
4 72 172
4 73 1251
4 74 2482
4 75 220
4 76 1299
4 77 2530
4 78 868
5 0 2065
5 1 1117
5 2 1149
5 3 1869
5 4 2253
5 5 0
5 6 1926
5 7 1739
5 8 1747
5 9 1283
5 10 973
5 11 1883
5 12 842
5 13 1086
5 14 1831
5 15 2013
5 16 1880
5 17 1660
5 18 429
5 19 2062
5 20 1045
5 21 1565
5 22 1738
5 23 2046
5 24 1945
5 25 714
5 26 805
5 27 1897
5 28 666
5 29 757
5 30 1849
5 31 618
5 32 709
5 33 1801
5 34 570
5 35 661
5 36 1849
5 37 618
5 38 709
5 39 1897
5 40 666
5 41 757
5 42 1945
5 43 714
5 44 805
5 45 1993
5 46 762
5 47 853
5 48 2041
5 49 810
5 50 901
5 51 2089
5 52 858
5 53 949
5 54 2137
5 55 906
5 56 997
5 57 2185
5 58 954
5 59 1045
5 60 2233
5 61 1002
5 62 1093
5 63 2281
5 64 1050
5 65 1141
5 66 2329
5 67 1098
5 68 1189
5 69 2377
5 70 1146
5 71 1237
5 72 2425
5 73 1194
5 74 1285
5 75 2473
5 76 1242
5 77 1333
5 78 2065
6 0 619
6 1 1423
6 2 1935
6 3 287
6 4 479
6 5 1926
6 6 0
6 7 705
6 8 409
6 9 1589
6 10 1279
6 11 369
6 12 1340
6 13 1392
6 14 421
6 15 239
6 16 756
6 17 2356
6 18 1497
6 19 574
6 20 2203
6 21 1871
6 22 418
6 23 974
6 24 499
6 25 1500
6 26 2731
6 27 451
6 28 1452
6 29 2683
6 30 403
6 31 1404
6 32 2635
6 33 355
6 34 1356
6 35 2587
6 36 307
6 37 1308
6 38 2539
6 39 259
6 40 1260
6 41 2491
6 42 211
6 43 1212
6 44 2443
6 45 163
6 46 1164
6 47 2395
6 48 115
6 49 1116
6 50 2347
6 51 163
6 52 1164
6 53 2395
6 54 211
6 55 1212
6 56 2443
6 57 259
6 58 1260
6 59 2491
6 60 307
6 61 1308
6 62 2539
6 63 355
6 64 1356
6 65 2587
6 66 403
6 67 1404
6 68 2635
6 69 451
6 70 1452
6 71 2683
6 72 499
6 73 1500
6 74 2731
6 75 547
6 76 1548
6 77 2779
6 78 619
7 0 326
7 1 1716
7 2 1652
7 3 570
7 4 954
7 5 1739
7 6 705
7 7 0
7 8 500
7 9 1882
7 10 1572
7 11 844
7 12 1441
7 13 1685
7 14 896
7 15 714
7 16 1231
7 17 2649
7 18 1310
7 19 1049
7 20 2112
7 21 2164
7 22 413
7 23 1449
7 24 206
7 25 1025
7 26 2256
7 27 254
7 28 1073
7 29 2304
7 30 302
7 31 1121
7 32 2352
7 33 350
7 34 1169
7 35 2400
7 36 398
7 37 1217
7 38 2448
7 39 446
7 40 1265
7 41 2496
7 42 494
7 43 1313
7 44 2544
7 45 542
7 46 1361
7 47 2592
7 48 590
7 49 1409
7 50 2640
7 51 638
7 52 1457
7 53 2688
7 54 686
7 55 1505
7 56 2736
7 57 734
7 58 1553
7 59 2784
7 60 782
7 61 1601
7 62 2832
7 63 830
7 64 1649
7 65 2880
7 66 878
7 67 1697
7 68 2928
7 69 926
7 70 1745
7 71 2976
7 72 974
7 73 1793
7 74 3024
7 75 1022
7 76 1841
7 77 3072
7 78 326
8 0 414
8 1 1628
8 2 1756
8 3 274
8 4 658
8 5 1747
8 6 409
8 7 500
8 8 0
8 9 1794
8 10 1484
8 11 548
8 12 1353
8 13 1597
8 14 600
8 15 418
8 16 935
8 17 2561
8 18 1318
8 19 753
8 20 2024
8 21 2076
8 22 213
8 23 1153
8 24 294
8 25 1321
8 26 2552
8 27 246
8 28 1273
8 29 2504
8 30 198
8 31 1225
8 32 2456
8 33 150
8 34 1177
8 35 2408
8 36 102
8 37 1129
8 38 2360
8 39 150
8 40 1177
8 41 2408
8 42 198
8 43 1225
8 44 2456
8 45 246
8 46 1273
8 47 2504
8 48 294
8 49 1321
8 50 2552
8 51 342
8 52 1369
8 53 2600
8 54 390
8 55 1417
8 56 2648
8 57 438
8 58 1465
8 59 2696
8 60 486
8 61 1513
8 62 2744
8 63 534
8 64 1561
8 65 2792
8 66 582
8 67 1609
8 68 2840
8 69 630
8 70 1657
8 71 2888
8 72 678
8 73 1705
8 74 2936
8 75 726
8 76 1753
8 77 2984
8 78 414
9 0 2208
9 1 396
9 2 1292
9 3 1724
9 4 1340
9 5 1283
9 6 1589
9 7 1882
9 8 1794
9 9 0
9 10 540
9 11 1450
9 12 697
9 13 557
9 14 1398
9 15 1580
9 16 1063
9 17 767
9 18 854
9 19 1245
9 20 1560
9 21 460
9 22 1881
9 23 941
9 24 2088
9 25 857
9 26 1910
9 27 2040
9 28 809
9 29 1862
9 30 1992
9 31 761
9 32 1814
9 33 1944
9 34 713
9 35 1766
9 36 1896
9 37 665
9 38 1718
9 39 1848
9 40 617
9 41 1670
9 42 1800
9 43 569
9 44 1622
9 45 1752
9 46 521
9 47 1574
9 48 1704
9 49 473
9 50 1526
9 51 1656
9 52 425
9 53 1478
9 54 1608
9 55 377
9 56 1430
9 57 1560
9 58 329
9 59 1382
9 60 1512
9 61 281
9 62 1334
9 63 1464
9 64 233
9 65 1286
9 66 1416
9 67 185
9 68 1238
9 69 1368
9 70 137
9 71 1190
9 72 1320
9 73 89
9 74 1142
9 75 1368
9 76 137
9 77 1190
9 78 2208
10 0 1898
10 1 374
10 2 982
10 3 1414
10 4 1510
10 5 973
10 6 1279
10 7 1572
10 8 1484
10 9 540
10 10 0
10 11 1140
10 12 387
10 13 343
10 14 1088
10 15 1270
10 16 1137
10 17 1307
10 18 544
10 19 1319
10 20 1250
10 21 822
10 22 1571
10 23 1303
10 24 1778
10 25 547
10 26 1548
10 27 1730
10 28 499
10 29 1500
10 30 1682
10 31 451
10 32 1452
10 33 1634
10 34 403
10 35 1404
10 36 1586
10 37 355
10 38 1356
10 39 1538
10 40 307
10 41 1308
10 42 1490
10 43 259
10 44 1260
10 45 1442
10 46 211
10 47 1212
10 48 1394
10 49 163
10 50 1164
10 51 1346
10 52 115
10 53 1116
10 54 1394
10 55 163
10 56 1164
10 57 1442
10 58 211
10 59 1212
10 60 1490
10 61 259
10 62 1260
10 63 1538
10 64 307
10 65 1308
10 66 1586
10 67 355
10 68 1356
10 69 1634
10 70 403
10 71 1404
10 72 1682
10 73 451
10 74 1452
10 75 1730
10 76 499
10 77 1500
10 78 1898
11 0 758
11 1 1284
11 2 1892
11 3 426
11 4 522
11 5 1883
11 6 369
11 7 844
11 8 548
11 9 1450
11 10 1140
11 11 0
11 12 1297
11 13 1253
11 14 52
11 15 130
11 16 799
11 17 2217
11 18 1454
11 19 617
11 20 2160
11 21 1732
11 22 557
11 23 1017
11 24 638
11 25 1457
11 26 2688
11 27 590
11 28 1409
11 29 2640
11 30 542
11 31 1361
11 32 2592
11 33 494
11 34 1313
11 35 2544
11 36 446
11 37 1265
11 38 2496
11 39 398
11 40 1217
11 41 2448
11 42 350
11 43 1169
11 44 2400
11 45 302
11 46 1121
11 47 2352
11 48 254
11 49 1073
11 50 2304
11 51 206
11 52 1025
11 53 2256
11 54 254
11 55 1073
11 56 2304
11 57 302
11 58 1121
11 59 2352
11 60 350
11 61 1169
11 62 2400
11 63 398
11 64 1217
11 65 2448
11 66 446
11 67 1265
11 68 2496
11 69 494
11 70 1313
11 71 2544
11 72 542
11 73 1361
11 74 2592
11 75 590
11 76 1409
11 77 2640
11 78 758
12 0 1767
12 1 531
12 2 851
12 3 1283
12 4 1667
12 5 842
12 6 1340
12 7 1441
12 8 1353
12 9 697
12 10 387
12 11 1297
12 12 0
12 13 500
12 14 1245
12 15 1427
12 16 1294
12 17 1464
12 18 413
12 19 1476
12 20 1119
12 21 979
12 22 1440
12 23 1460
12 24 1647
12 25 416
12 26 1391
12 27 1599
12 28 368
12 29 1343
12 30 1551
12 31 320
12 32 1295
12 33 1503
12 34 272
12 35 1247
12 36 1455
12 37 224
12 38 1199
12 39 1407
12 40 176
12 41 1151
12 42 1359
12 43 128
12 44 1103
12 45 1407
12 46 176
12 47 1151
12 48 1455
12 49 224
12 50 1199
12 51 1503
12 52 272
12 53 1247
12 54 1551
12 55 320
12 56 1295
12 57 1599
12 58 368
12 59 1343
12 60 1647
12 61 416
12 62 1391
12 63 1695
12 64 464
12 65 1439
12 66 1743
12 67 512
12 68 1487
12 69 1791
12 70 560
12 71 1535
12 72 1839
12 73 608
12 74 1583
12 75 1887
12 76 656
12 77 1631
12 78 1767
13 0 2011
13 1 391
13 2 1095
13 3 1527
13 4 1527
13 5 1086
13 6 1392
13 7 1685
13 8 1597
13 9 557
13 10 343
13 11 1253
13 12 500
13 13 0
13 14 1201
13 15 1383
13 16 1154
13 17 1324
13 18 657
13 19 1336
13 20 1363
13 21 839
13 22 1684
13 23 1320
13 24 1891
13 25 660
13 26 1531
13 27 1843
13 28 612
13 29 1483
13 30 1795
13 31 564
13 32 1435
13 33 1747
13 34 516
13 35 1387
13 36 1699
13 37 468
13 38 1339
13 39 1651
13 40 420
13 41 1291
13 42 1603
13 43 372
13 44 1243
13 45 1555
13 46 324
13 47 1195
13 48 1507
13 49 276
13 50 1147
13 51 1459
13 52 228
13 53 1099
13 54 1411
13 55 180
13 56 1051
13 57 1459
13 58 228
13 59 1099
13 60 1507
13 61 276
13 62 1147
13 63 1555
13 64 324
13 65 1195
13 66 1603
13 67 372
13 68 1243
13 69 1651
13 70 420
13 71 1291
13 72 1699
13 73 468
13 74 1339
13 75 1747
13 76 516
13 77 1387
13 78 2011
14 0 810
14 1 1232
14 2 1840
14 3 478
14 4 574
14 5 1831
14 6 421
14 7 896
14 8 600
14 9 1398
14 10 1088
14 11 52
14 12 1245
14 13 1201
14 14 0
14 15 182
14 16 851
14 17 2165
14 18 1402
14 19 669
14 20 2108
14 21 1680
14 22 609
14 23 1069
14 24 690
14 25 1405
14 26 2636
14 27 642
14 28 1357
14 29 2588
14 30 594
14 31 1309
14 32 2540
14 33 546
14 34 1261
14 35 2492
14 36 498
14 37 1213
14 38 2444
14 39 450
14 40 1165
14 41 2396
14 42 402
14 43 1117
14 44 2348
14 45 354
14 46 1069
14 47 2300
14 48 306
14 49 1021
14 50 2252
14 51 258
14 52 973
14 53 2204
14 54 306
14 55 1021
14 56 2252
14 57 354
14 58 1069
14 59 2300
14 60 402
14 61 1117
14 62 2348
14 63 450
14 64 1165
14 65 2396
14 66 498
14 67 1213
14 68 2444
14 69 546
14 70 1261
14 71 2492
14 72 594
14 73 1309
14 74 2540
14 75 642
14 76 1357
14 77 2588
14 78 810
15 0 628
15 1 1414
15 2 2022
15 3 296
15 4 392
15 5 2013
15 6 239
15 7 714
15 8 418
15 9 1580
15 10 1270
15 11 130
15 12 1427
15 13 1383
15 14 182
15 15 0
15 16 669
15 17 2347
15 18 1584
15 19 487
15 20 2290
15 21 1862
15 22 427
15 23 887
15 24 508
15 25 1587
15 26 2818
15 27 460
15 28 1539
15 29 2770
15 30 412
15 31 1491
15 32 2722
15 33 364
15 34 1443
15 35 2674
15 36 316
15 37 1395
15 38 2626
15 39 268
15 40 1347
15 41 2578
15 42 220
15 43 1299
15 44 2530
15 45 172
15 46 1251
15 47 2482
15 48 124
15 49 1203
15 50 2434
15 51 76
15 52 1155
15 53 2386
15 54 124
15 55 1203
15 56 2434
15 57 172
15 58 1251
15 59 2482
15 60 220
15 61 1299
15 62 2530
15 63 268
15 64 1347
15 65 2578
15 66 316
15 67 1395
15 68 2626
15 69 364
15 70 1443
15 71 2674
15 72 412
15 73 1491
15 74 2722
15 75 460
15 76 1539
15 77 2770
15 78 628
16 0 1145
16 1 993
16 2 1889
16 3 813
16 4 525
16 5 1880
16 6 756
16 7 1231
16 8 935
16 9 1063
16 10 1137
16 11 799
16 12 1294
16 13 1154
16 14 851
16 15 669
16 16 0
16 17 1830
16 18 1451
16 19 182
16 20 2157
16 21 1345
16 22 944
16 23 1020
16 24 1025
16 25 1454
16 26 2685
16 27 977
16 28 1406
16 29 2637
16 30 929
16 31 1358
16 32 2589
16 33 881
16 34 1310
16 35 2541
16 36 833
16 37 1262
16 38 2493
16 39 785
16 40 1214
16 41 2445
16 42 737
16 43 1166
16 44 2397
16 45 689
16 46 1118
16 47 2349
16 48 641
16 49 1070
16 50 2301
16 51 593
16 52 1022
16 53 2253
16 54 545
16 55 974
16 56 2205
16 57 497
16 58 926
16 59 2157
16 60 449
16 61 878
16 62 2109
16 63 401
16 64 830
16 65 2061
16 66 449
16 67 878
16 68 2109
16 69 497
16 70 926
16 71 2157
16 72 545
16 73 974
16 74 2205
16 75 593
16 76 1022
16 77 2253
16 78 1145
17 0 2975
17 1 1163
17 2 1747
17 3 2491
17 4 2107
17 5 1660
17 6 2356
17 7 2649
17 8 2561
17 9 767
17 10 1307
17 11 2217
17 12 1464
17 13 1324
17 14 2165
17 15 2347
17 16 1830
17 17 0
17 18 1621
17 19 2012
17 20 1287
17 21 1227
17 22 2648
17 23 1708
17 24 2855
17 25 1624
17 26 1143
17 27 2807
17 28 1576
17 29 1095
17 30 2759
17 31 1528
17 32 1047
17 33 2711
17 34 1480
17 35 999
17 36 2663
17 37 1432
17 38 951
17 39 2615
17 40 1384
17 41 903
17 42 2567
17 43 1336
17 44 855
17 45 2519
17 46 1288
17 47 807
17 48 2471
17 49 1240
17 50 759
17 51 2423
17 52 1192
17 53 711
17 54 2375
17 55 1144
17 56 663
17 57 2327
17 58 1096
17 59 615
17 60 2279
17 61 1048
17 62 567
17 63 2231
17 64 1000
17 65 519
17 66 2183
17 67 952
17 68 471
17 69 2135
17 70 904
17 71 423
17 72 2087
17 73 856
17 74 375
17 75 2135
17 76 904
17 77 423
17 78 2975
18 0 1636
18 1 688
18 2 720
18 3 1440
18 4 1824
18 5 429
18 6 1497
18 7 1310
18 8 1318
18 9 854
18 10 544
18 11 1454
18 12 413
18 13 657
18 14 1402
18 15 1584
18 16 1451
18 17 1621
18 18 0
18 19 1633
18 20 1084
18 21 1136
18 22 1309
18 23 1617
18 24 1516
18 25 285
18 26 1234
18 27 1468
18 28 237
18 29 1186
18 30 1420
18 31 189
18 32 1138
18 33 1372
18 34 141
18 35 1090
18 36 1420
18 37 189
18 38 1138
18 39 1468
18 40 237
18 41 1186
18 42 1516
18 43 285
18 44 1234
18 45 1564
18 46 333
18 47 1282
18 48 1612
18 49 381
18 50 1330
18 51 1660
18 52 429
18 53 1378
18 54 1708
18 55 477
18 56 1426
18 57 1756
18 58 525
18 59 1474
18 60 1804
18 61 573
18 62 1522
18 63 1852
18 64 621
18 65 1570
18 66 1900
18 67 669
18 68 1618
18 69 1948
18 70 717
18 71 1666
18 72 1996
18 73 765
18 74 1714
18 75 2044
18 76 813
18 77 1762
18 78 1636
19 0 963
19 1 1175
19 2 2071
19 3 631
19 4 343
19 5 2062
19 6 574
19 7 1049
19 8 753
19 9 1245
19 10 1319
19 11 617
19 12 1476
19 13 1336
19 14 669
19 15 487
19 16 182
19 17 2012
19 18 1633
19 19 0
19 20 2339
19 21 1527
19 22 762
19 23 838
19 24 843
19 25 1636
19 26 2867
19 27 795
19 28 1588
19 29 2819
19 30 747
19 31 1540
19 32 2771
19 33 699
19 34 1492
19 35 2723
19 36 651
19 37 1444
19 38 2675
19 39 603
19 40 1396
19 41 2627
19 42 555
19 43 1348
19 44 2579
19 45 507
19 46 1300
19 47 2531
19 48 459
19 49 1252
19 50 2483
19 51 411
19 52 1204
19 53 2435
19 54 363
19 55 1156
19 56 2387
19 57 315
19 58 1108
19 59 2339
19 60 267
19 61 1060
19 62 2291
19 63 219
19 64 1012
19 65 2243
19 66 267
19 67 1060
19 68 2291
19 69 315
19 70 1108
19 71 2339
19 72 363
19 73 1156
19 74 2387
19 75 411
19 76 1204
19 77 2435
19 78 963
20 0 2438
20 1 1394
20 2 1132
20 3 2146
20 4 2530
20 5 1045
20 6 2203
20 7 2112
20 8 2024
20 9 1560
20 10 1250
20 11 2160
20 12 1119
20 13 1363
20 14 2108
20 15 2290
20 16 2157
20 17 1287
20 18 1084
20 19 2339
20 20 0
20 21 1842
20 22 2111
20 23 2323
20 24 2318
20 25 1087
20 26 528
20 27 2270
20 28 1039
20 29 480
20 30 2222
20 31 991
20 32 432
20 33 2174
20 34 943
20 35 384
20 36 2126
20 37 895
20 38 336
20 39 2174
20 40 943
20 41 384
20 42 2222
20 43 991
20 44 432
20 45 2270
20 46 1039
20 47 480
20 48 2318
20 49 1087
20 50 528
20 51 2366
20 52 1135
20 53 576
20 54 2414
20 55 1183
20 56 624
20 57 2462
20 58 1231
20 59 672
20 60 2510
20 61 1279
20 62 720
20 63 2558
20 64 1327
20 65 768
20 66 2606
20 67 1375
20 68 816
20 69 2654
20 70 1423
20 71 864
20 72 2702
20 73 1471
20 74 912
20 75 2750
20 76 1519
20 77 960
20 78 2438
21 0 2490
21 1 678
21 2 1574
21 3 2006
21 4 1622
21 5 1565
21 6 1871
21 7 2164
21 8 2076
21 9 460
21 10 822
21 11 1732
21 12 979
21 13 839
21 14 1680
21 15 1862
21 16 1345
21 17 1227
21 18 1136
21 19 1527
21 20 1842
21 21 0
21 22 2163
21 23 1127
21 24 2370
21 25 1139
21 26 1724
21 27 2322
21 28 1091
21 29 1676
21 30 2274
21 31 1043
21 32 1628
21 33 2226
21 34 995
21 35 1580
21 36 2178
21 37 947
21 38 1532
21 39 2130
21 40 899
21 41 1484
21 42 2082
21 43 851
21 44 1436
21 45 2034
21 46 803
21 47 1388
21 48 1986
21 49 755
21 50 1340
21 51 1938
21 52 707
21 53 1292
21 54 1890
21 55 659
21 56 1244
21 57 1842
21 58 611
21 59 1196
21 60 1794
21 61 563
21 62 1148
21 63 1746
21 64 515
21 65 1100
21 66 1698
21 67 467
21 68 1052
21 69 1650
21 70 419
21 71 1004
21 72 1602
21 73 371
21 74 956
21 75 1554
21 76 323
21 77 908
21 78 2490
22 0 327
22 1 1715
22 2 1747
22 3 283
22 4 667
22 5 1738
22 6 418
22 7 413
22 8 213
22 9 1881
22 10 1571
22 11 557
22 12 1440
22 13 1684
22 14 609
22 15 427
22 16 944
22 17 2648
22 18 1309
22 19 762
22 20 2111
22 21 2163
22 22 0
22 23 1162
22 24 207
22 25 1312
22 26 2543
22 27 159
22 28 1264
22 29 2495
22 30 111
22 31 1216
22 32 2447
22 33 63
22 34 1168
22 35 2399
22 36 111
22 37 1216
22 38 2447
22 39 159
22 40 1264
22 41 2495
22 42 207
22 43 1312
22 44 2543
22 45 255
22 46 1360
22 47 2591
22 48 303
22 49 1408
22 50 2639
22 51 351
22 52 1456
22 53 2687
22 54 399
22 55 1504
22 56 2735
22 57 447
22 58 1552
22 59 2783
22 60 495
22 61 1600
22 62 2831
22 63 543
22 64 1648
22 65 2879
22 66 591
22 67 1696
22 68 2927
22 69 639
22 70 1744
22 71 2975
22 72 687
22 73 1792
22 74 3023
22 75 735
22 76 1840
22 77 3071
22 78 327
23 0 1363
23 1 1159
23 2 2055
23 3 1031
23 4 647
23 5 2046
23 6 974
23 7 1449
23 8 1153
23 9 941
23 10 1303
23 11 1017
23 12 1460
23 13 1320
23 14 1069
23 15 887
23 16 1020
23 17 1708
23 18 1617
23 19 838
23 20 2323
23 21 1127
23 22 1162
23 23 0
23 24 1243
23 25 1620
23 26 2851
23 27 1195
23 28 1572
23 29 2803
23 30 1147
23 31 1524
23 32 2755
23 33 1099
23 34 1476
23 35 2707
23 36 1051
23 37 1428
23 38 2659
23 39 1003
23 40 1380
23 41 2611
23 42 955
23 43 1332
23 44 2563
23 45 907
23 46 1284
23 47 2515
23 48 859
23 49 1236
23 50 2467
23 51 811
23 52 1188
23 53 2419
23 54 763
23 55 1140
23 56 2371
23 57 715
23 58 1092
23 59 2323
23 60 667
23 61 1044
23 62 2275
23 63 619
23 64 996
23 65 2227
23 66 571
23 67 948
23 68 2179
23 69 523
23 70 900
23 71 2131
23 72 475
23 73 852
23 74 2083
23 75 427
23 76 804
23 77 2035
23 78 1363
24 0 120
24 1 1922
24 2 1858
24 3 364
24 4 748
24 5 1945
24 6 499
24 7 206
24 8 294
24 9 2088
24 10 1778
24 11 638
24 12 1647
24 13 1891
24 14 690
24 15 508
24 16 1025
24 17 2855
24 18 1516
24 19 843
24 20 2318
24 21 2370
24 22 207
24 23 1243
24 24 0
24 25 1231
24 26 2462
24 27 48
24 28 1279
24 29 2510
24 30 96
24 31 1327
24 32 2558
24 33 144
24 34 1375
24 35 2606
24 36 192
24 37 1423
24 38 2654
24 39 240
24 40 1471
24 41 2702
24 42 288
24 43 1519
24 44 2750
24 45 336
24 46 1567
24 47 2798
24 48 384
24 49 1615
24 50 2846
24 51 432
24 52 1663
24 53 2894
24 54 480
24 55 1711
24 56 2942
24 57 528
24 58 1759
24 59 2990
24 60 576
24 61 1807
24 62 3038
24 63 624
24 64 1855
24 65 3086
24 66 672
24 67 1903
24 68 3134
24 69 720
24 70 1951
24 71 3182
24 72 768
24 73 1999
24 74 3230
24 75 816
24 76 2047
24 77 3278
24 78 120
25 0 1351
25 1 691
25 2 627
25 3 1443
25 4 1827
25 5 714
25 6 1500
25 7 1025
25 8 1321
25 9 857
25 10 547
25 11 1457
25 12 416
25 13 660
25 14 1405
25 15 1587
25 16 1454
25 17 1624
25 18 285
25 19 1636
25 20 1087
25 21 1139
25 22 1312
25 23 1620
25 24 1231
25 25 0
25 26 1231
25 27 1279
25 28 48
25 29 1279
25 30 1327
25 31 96
25 32 1327
25 33 1375
25 34 144
25 35 1375
25 36 1423
25 37 192
25 38 1423
25 39 1471
25 40 240
25 41 1471
25 42 1519
25 43 288
25 44 1519
25 45 1567
25 46 336
25 47 1567
25 48 1615
25 49 384
25 50 1615
25 51 1663
25 52 432
25 53 1663
25 54 1711
25 55 480
25 56 1711
25 57 1759
25 58 528
25 59 1759
25 60 1807
25 61 576
25 62 1807
25 63 1855
25 64 624
25 65 1855
25 66 1903
25 67 672
25 68 1903
25 69 1951
25 70 720
25 71 1951
25 72 1999
25 73 768
25 74 1999
25 75 2047
25 76 816
25 77 2047
25 78 1351
26 0 2582
26 1 1692
26 2 796
26 3 2674
26 4 3058
26 5 805
26 6 2731
26 7 2256
26 8 2552
26 9 1910
26 10 1548
26 11 2688
26 12 1391
26 13 1531
26 14 2636
26 15 2818
26 16 2685
26 17 1143
26 18 1234
26 19 2867
26 20 528
26 21 1724
26 22 2543
26 23 2851
26 24 2462
26 25 1231
26 26 0
26 27 2510
26 28 1279
26 29 48
26 30 2558
26 31 1327
26 32 96
26 33 2606
26 34 1375
26 35 144
26 36 2654
26 37 1423
26 38 192
26 39 2702
26 40 1471
26 41 240
26 42 2750
26 43 1519
26 44 288
26 45 2798
26 46 1567
26 47 336
26 48 2846
26 49 1615
26 50 384
26 51 2894
26 52 1663
26 53 432
26 54 2942
26 55 1711
26 56 480
26 57 2990
26 58 1759
26 59 528
26 60 3038
26 61 1807
26 62 576
26 63 3086
26 64 1855
26 65 624
26 66 3134
26 67 1903
26 68 672
26 69 3182
26 70 1951
26 71 720
26 72 3230
26 73 1999
26 74 768
26 75 3278
26 76 2047
26 77 816
26 78 2582
27 0 168
27 1 1874
27 2 1810
27 3 316
27 4 700
27 5 1897
27 6 451
27 7 254
27 8 246
27 9 2040
27 10 1730
27 11 590
27 12 1599
27 13 1843
27 14 642
27 15 460
27 16 977
27 17 2807
27 18 1468
27 19 795
27 20 2270
27 21 2322
27 22 159
27 23 1195
27 24 48
27 25 1279
27 26 2510
27 27 0
27 28 1231
27 29 2462
27 30 48
27 31 1279
27 32 2510
27 33 96
27 34 1327
27 35 2558
27 36 144
27 37 1375
27 38 2606
27 39 192
27 40 1423
27 41 2654
27 42 240
27 43 1471
27 44 2702
27 45 288
27 46 1519
27 47 2750
27 48 336
27 49 1567
27 50 2798
27 51 384
27 52 1615
27 53 2846
27 54 432
27 55 1663
27 56 2894
27 57 480
27 58 1711
27 59 2942
27 60 528
27 61 1759
27 62 2990
27 63 576
27 64 1807
27 65 3038
27 66 624
27 67 1855
27 68 3086
27 69 672
27 70 1903
27 71 3134
27 72 720
27 73 1951
27 74 3182
27 75 768
27 76 1999
27 77 3230
27 78 168
28 0 1399
28 1 643
28 2 579
28 3 1395
28 4 1779
28 5 666
28 6 1452
28 7 1073
28 8 1273
28 9 809
28 10 499
28 11 1409
28 12 368
28 13 612
28 14 1357
28 15 1539
28 16 1406
28 17 1576
28 18 237
28 19 1588
28 20 1039
28 21 1091
28 22 1264
28 23 1572
28 24 1279
28 25 48
28 26 1279
28 27 1231
28 28 0
28 29 1231
28 30 1279
28 31 48
28 32 1279
28 33 1327
28 34 96
28 35 1327
28 36 1375
28 37 144
28 38 1375
28 39 1423
28 40 192
28 41 1423
28 42 1471
28 43 240
28 44 1471
28 45 1519
28 46 288
28 47 1519
28 48 1567
28 49 336
28 50 1567
28 51 1615
28 52 384
28 53 1615
28 54 1663
28 55 432
28 56 1663
28 57 1711
28 58 480
28 59 1711
28 60 1759
28 61 528
28 62 1759
28 63 1807
28 64 576
28 65 1807
28 66 1855
28 67 624
28 68 1855
28 69 1903
28 70 672
28 71 1903
28 72 1951
28 73 720
28 74 1951
28 75 1999
28 76 768
28 77 1999
28 78 1399
29 0 2630
29 1 1644
29 2 748
29 3 2626
29 4 3010
29 5 757
29 6 2683
29 7 2304
29 8 2504
29 9 1862
29 10 1500
29 11 2640
29 12 1343
29 13 1483
29 14 2588
29 15 2770
29 16 2637
29 17 1095
29 18 1186
29 19 2819
29 20 480
29 21 1676
29 22 2495
29 23 2803
29 24 2510
29 25 1279
29 26 48
29 27 2462
29 28 1231
29 29 0
29 30 2510
29 31 1279
29 32 48
29 33 2558
29 34 1327
29 35 96
29 36 2606
29 37 1375
29 38 144
29 39 2654
29 40 1423
29 41 192
29 42 2702
29 43 1471
29 44 240
29 45 2750
29 46 1519
29 47 288
29 48 2798
29 49 1567
29 50 336
29 51 2846
29 52 1615
29 53 384
29 54 2894
29 55 1663
29 56 432
29 57 2942
29 58 1711
29 59 480
29 60 2990
29 61 1759
29 62 528
29 63 3038
29 64 1807
29 65 576
29 66 3086
29 67 1855
29 68 624
29 69 3134
29 70 1903
29 71 672
29 72 3182
29 73 1951
29 74 720
29 75 3230
29 76 1999
29 77 768
29 78 2630
30 0 216
30 1 1826
30 2 1762
30 3 268
30 4 652
30 5 1849
30 6 403
30 7 302
30 8 198
30 9 1992
30 10 1682
30 11 542
30 12 1551
30 13 1795
30 14 594
30 15 412
30 16 929
30 17 2759
30 18 1420
30 19 747
30 20 2222
30 21 2274
30 22 111
30 23 1147
30 24 96
30 25 1327
30 26 2558
30 27 48
30 28 1279
30 29 2510
30 30 0
30 31 1231
30 32 2462
30 33 48
30 34 1279
30 35 2510
30 36 96
30 37 1327
30 38 2558
30 39 144
30 40 1375
30 41 2606
30 42 192
30 43 1423
30 44 2654
30 45 240
30 46 1471
30 47 2702
30 48 288
30 49 1519
30 50 2750
30 51 336
30 52 1567
30 53 2798
30 54 384
30 55 1615
30 56 2846
30 57 432
30 58 1663
30 59 2894
30 60 480
30 61 1711
30 62 2942
30 63 528
30 64 1759
30 65 2990
30 66 576
30 67 1807
30 68 3038
30 69 624
30 70 1855
30 71 3086
30 72 672
30 73 1903
30 74 3134
30 75 720
30 76 1951
30 77 3182
30 78 216
31 0 1447
31 1 595
31 2 531
31 3 1347
31 4 1731
31 5 618
31 6 1404
31 7 1121
31 8 1225
31 9 761
31 10 451
31 11 1361
31 12 320
31 13 564
31 14 1309
31 15 1491
31 16 1358
31 17 1528
31 18 189
31 19 1540
31 20 991
31 21 1043
31 22 1216
31 23 1524
31 24 1327
31 25 96
31 26 1327
31 27 1279
31 28 48
31 29 1279
31 30 1231
31 31 0
31 32 1231
31 33 1279
31 34 48
31 35 1279
31 36 1327
31 37 96
31 38 1327
31 39 1375
31 40 144
31 41 1375
31 42 1423
31 43 192
31 44 1423
31 45 1471
31 46 240
31 47 1471
31 48 1519
31 49 288
31 50 1519
31 51 1567
31 52 336
31 53 1567
31 54 1615
31 55 384
31 56 1615
31 57 1663
31 58 432
31 59 1663
31 60 1711
31 61 480
31 62 1711
31 63 1759
31 64 528
31 65 1759
31 66 1807
31 67 576
31 68 1807
31 69 1855
31 70 624
31 71 1855
31 72 1903
31 73 672
31 74 1903
31 75 1951
31 76 720
31 77 1951
31 78 1447
32 0 2678
32 1 1596
32 2 700
32 3 2578
32 4 2962
32 5 709
32 6 2635
32 7 2352
32 8 2456
32 9 1814
32 10 1452
32 11 2592
32 12 1295
32 13 1435
32 14 2540
32 15 2722
32 16 2589
32 17 1047
32 18 1138
32 19 2771
32 20 432
32 21 1628
32 22 2447
32 23 2755
32 24 2558
32 25 1327
32 26 96
32 27 2510
32 28 1279
32 29 48
32 30 2462
32 31 1231
32 32 0
32 33 2510
32 34 1279
32 35 48
32 36 2558
32 37 1327
32 38 96
32 39 2606
32 40 1375
32 41 144
32 42 2654
32 43 1423
32 44 192
32 45 2702
32 46 1471
32 47 240
32 48 2750
32 49 1519
32 50 288
32 51 2798
32 52 1567
32 53 336
32 54 2846
32 55 1615
32 56 384
32 57 2894
32 58 1663
32 59 432
32 60 2942
32 61 1711
32 62 480
32 63 2990
32 64 1759
32 65 528
32 66 3038
32 67 1807
32 68 576
32 69 3086
32 70 1855
32 71 624
32 72 3134
32 73 1903
32 74 672
32 75 3182
32 76 1951
32 77 720
32 78 2678
33 0 264
33 1 1778
33 2 1810
33 3 220
33 4 604
33 5 1801
33 6 355
33 7 350
33 8 150
33 9 1944
33 10 1634
33 11 494
33 12 1503
33 13 1747
33 14 546
33 15 364
33 16 881
33 17 2711
33 18 1372
33 19 699
33 20 2174
33 21 2226
33 22 63
33 23 1099
33 24 144
33 25 1375
33 26 2606
33 27 96
33 28 1327
33 29 2558
33 30 48
33 31 1279
33 32 2510
33 33 0
33 34 1231
33 35 2462
33 36 48
33 37 1279
33 38 2510
33 39 96
33 40 1327
33 41 2558
33 42 144
33 43 1375
33 44 2606
33 45 192
33 46 1423
33 47 2654
33 48 240
33 49 1471
33 50 2702
33 51 288
33 52 1519
33 53 2750
33 54 336
33 55 1567
33 56 2798
33 57 384
33 58 1615
33 59 2846
33 60 432
33 61 1663
33 62 2894
33 63 480
33 64 1711
33 65 2942
33 66 528
33 67 1759
33 68 2990
33 69 576
33 70 1807
33 71 3038
33 72 624
33 73 1855
33 74 3086
33 75 672
33 76 1903
33 77 3134
33 78 264
34 0 1495
34 1 547
34 2 579
34 3 1299
34 4 1683
34 5 570
34 6 1356
34 7 1169
34 8 1177
34 9 713
34 10 403
34 11 1313
34 12 272
34 13 516
34 14 1261
34 15 1443
34 16 1310
34 17 1480
34 18 141
34 19 1492
34 20 943
34 21 995
34 22 1168
34 23 1476
34 24 1375
34 25 144
34 26 1375
34 27 1327
34 28 96
34 29 1327
34 30 1279
34 31 48
34 32 1279
34 33 1231
34 34 0
34 35 1231
34 36 1279
34 37 48
34 38 1279
34 39 1327
34 40 96
34 41 1327
34 42 1375
34 43 144
34 44 1375
34 45 1423
34 46 192
34 47 1423
34 48 1471
34 49 240
34 50 1471
34 51 1519
34 52 288
34 53 1519
34 54 1567
34 55 336
34 56 1567
34 57 1615
34 58 384
34 59 1615
34 60 1663
34 61 432
34 62 1663
34 63 1711
34 64 480
34 65 1711
34 66 1759
34 67 528
34 68 1759
34 69 1807
34 70 576
34 71 1807
34 72 1855
34 73 624
34 74 1855
34 75 1903
34 76 672
34 77 1903
34 78 1495
35 0 2726
35 1 1548
35 2 748
35 3 2530
35 4 2914
35 5 661
35 6 2587
35 7 2400
35 8 2408
35 9 1766
35 10 1404
35 11 2544
35 12 1247
35 13 1387
35 14 2492
35 15 2674
35 16 2541
35 17 999
35 18 1090
35 19 2723
35 20 384
35 21 1580
35 22 2399
35 23 2707
35 24 2606
35 25 1375
35 26 144
35 27 2558
35 28 1327
35 29 96
35 30 2510
35 31 1279
35 32 48
35 33 2462
35 34 1231
35 35 0
35 36 2510
35 37 1279
35 38 48
35 39 2558
35 40 1327
35 41 96
35 42 2606
35 43 1375
35 44 144
35 45 2654
35 46 1423
35 47 192
35 48 2702
35 49 1471
35 50 240
35 51 2750
35 52 1519
35 53 288
35 54 2798
35 55 1567
35 56 336
35 57 2846
35 58 1615
35 59 384
35 60 2894
35 61 1663
35 62 432
35 63 2942
35 64 1711
35 65 480
35 66 2990
35 67 1759
35 68 528
35 69 3038
35 70 1807
35 71 576
35 72 3086
35 73 1855
35 74 624
35 75 3134
35 76 1903
35 77 672
35 78 2726
36 0 312
36 1 1730
36 2 1858
36 3 172
36 4 556
36 5 1849
36 6 307
36 7 398
36 8 102
36 9 1896
36 10 1586
36 11 446
36 12 1455
36 13 1699
36 14 498
36 15 316
36 16 833
36 17 2663
36 18 1420
36 19 651
36 20 2126
36 21 2178
36 22 111
36 23 1051
36 24 192
36 25 1423
36 26 2654
36 27 144
36 28 1375
36 29 2606
36 30 96
36 31 1327
36 32 2558
36 33 48
36 34 1279
36 35 2510
36 36 0
36 37 1231
36 38 2462
36 39 48
36 40 1279
36 41 2510
36 42 96
36 43 1327
36 44 2558
36 45 144
36 46 1375
36 47 2606
36 48 192
36 49 1423
36 50 2654
36 51 240
36 52 1471
36 53 2702
36 54 288
36 55 1519
36 56 2750
36 57 336
36 58 1567
36 59 2798
36 60 384
36 61 1615
36 62 2846
36 63 432
36 64 1663
36 65 2894
36 66 480
36 67 1711
36 68 2942
36 69 528
36 70 1759
36 71 2990
36 72 576
36 73 1807
36 74 3038
36 75 624
36 76 1855
36 77 3086
36 78 312
37 0 1543
37 1 499
37 2 627
37 3 1251
37 4 1635
37 5 618
37 6 1308
37 7 1217
37 8 1129
37 9 665
37 10 355
37 11 1265
37 12 224
37 13 468
37 14 1213
37 15 1395
37 16 1262
37 17 1432
37 18 189
37 19 1444
37 20 895
37 21 947
37 22 1216
37 23 1428
37 24 1423
37 25 192
37 26 1423
37 27 1375
37 28 144
37 29 1375
37 30 1327
37 31 96
37 32 1327
37 33 1279
37 34 48
37 35 1279
37 36 1231
37 37 0
37 38 1231
37 39 1279
37 40 48
37 41 1279
37 42 1327
37 43 96
37 44 1327
37 45 1375
37 46 144
37 47 1375
37 48 1423
37 49 192
37 50 1423
37 51 1471
37 52 240
37 53 1471
37 54 1519
37 55 288
37 56 1519
37 57 1567
37 58 336
37 59 1567
37 60 1615
37 61 384
37 62 1615
37 63 1663
37 64 432
37 65 1663
37 66 1711
37 67 480
37 68 1711
37 69 1759
37 70 528
37 71 1759
37 72 1807
37 73 576
37 74 1807
37 75 1855
37 76 624
37 77 1855
37 78 1543
38 0 2774
38 1 1500
38 2 796
38 3 2482
38 4 2866
38 5 709
38 6 2539
38 7 2448
38 8 2360
38 9 1718
38 10 1356
38 11 2496
38 12 1199
38 13 1339
38 14 2444
38 15 2626
38 16 2493
38 17 951
38 18 1138
38 19 2675
38 20 336
38 21 1532
38 22 2447
38 23 2659
38 24 2654
38 25 1423
38 26 192
38 27 2606
38 28 1375
38 29 144
38 30 2558
38 31 1327
38 32 96
38 33 2510
38 34 1279
38 35 48
38 36 2462
38 37 1231
38 38 0
38 39 2510
38 40 1279
38 41 48
38 42 2558
38 43 1327
38 44 96
38 45 2606
38 46 1375
38 47 144
38 48 2654
38 49 1423
38 50 192
38 51 2702
38 52 1471
38 53 240
38 54 2750
38 55 1519
38 56 288
38 57 2798
38 58 1567
38 59 336
38 60 2846
38 61 1615
38 62 384
38 63 2894
38 64 1663
38 65 432
38 66 2942
38 67 1711
38 68 480
38 69 2990
38 70 1759
38 71 528
38 72 3038
38 73 1807
38 74 576
38 75 3086
38 76 1855
38 77 624
38 78 2774
39 0 360
39 1 1682
39 2 1906
39 3 124
39 4 508
39 5 1897
39 6 259
39 7 446
39 8 150
39 9 1848
39 10 1538
39 11 398
39 12 1407
39 13 1651
39 14 450
39 15 268
39 16 785
39 17 2615
39 18 1468
39 19 603
39 20 2174
39 21 2130
39 22 159
39 23 1003
39 24 240
39 25 1471
39 26 2702
39 27 192
39 28 1423
39 29 2654
39 30 144
39 31 1375
39 32 2606
39 33 96
39 34 1327
39 35 2558
39 36 48
39 37 1279
39 38 2510
39 39 0
39 40 1231
39 41 2462
39 42 48
39 43 1279
39 44 2510
39 45 96
39 46 1327
39 47 2558
39 48 144
39 49 1375
39 50 2606
39 51 192
39 52 1423
39 53 2654
39 54 240
39 55 1471
39 56 2702
39 57 288
39 58 1519
39 59 2750
39 60 336
39 61 1567
39 62 2798
39 63 384
39 64 1615
39 65 2846
39 66 432
39 67 1663
39 68 2894
39 69 480
39 70 1711
39 71 2942
39 72 528
39 73 1759
39 74 2990
39 75 576
39 76 1807
39 77 3038
39 78 360
40 0 1591
40 1 451
40 2 675
40 3 1203
40 4 1587
40 5 666
40 6 1260
40 7 1265
40 8 1177
40 9 617
40 10 307
40 11 1217
40 12 176
40 13 420
40 14 1165
40 15 1347
40 16 1214
40 17 1384
40 18 237
40 19 1396
40 20 943
40 21 899
40 22 1264
40 23 1380
40 24 1471
40 25 240
40 26 1471
40 27 1423
40 28 192
40 29 1423
40 30 1375
40 31 144
40 32 1375
40 33 1327
40 34 96
40 35 1327
40 36 1279
40 37 48
40 38 1279
40 39 1231
40 40 0
40 41 1231
40 42 1279
40 43 48
40 44 1279
40 45 1327
40 46 96
40 47 1327
40 48 1375
40 49 144
40 50 1375
40 51 1423
40 52 192
40 53 1423
40 54 1471
40 55 240
40 56 1471
40 57 1519
40 58 288
40 59 1519
40 60 1567
40 61 336
40 62 1567
40 63 1615
40 64 384
40 65 1615
40 66 1663
40 67 432
40 68 1663
40 69 1711
40 70 480
40 71 1711
40 72 1759
40 73 528
40 74 1759
40 75 1807
40 76 576
40 77 1807
40 78 1591
41 0 2822
41 1 1452
41 2 844
41 3 2434
41 4 2818
41 5 757
41 6 2491
41 7 2496
41 8 2408
41 9 1670
41 10 1308
41 11 2448
41 12 1151
41 13 1291
41 14 2396
41 15 2578
41 16 2445
41 17 903
41 18 1186
41 19 2627
41 20 384
41 21 1484
41 22 2495
41 23 2611
41 24 2702
41 25 1471
41 26 240
41 27 2654
41 28 1423
41 29 192
41 30 2606
41 31 1375
41 32 144
41 33 2558
41 34 1327
41 35 96
41 36 2510
41 37 1279
41 38 48
41 39 2462
41 40 1231
41 41 0
41 42 2510
41 43 1279
41 44 48
41 45 2558
41 46 1327
41 47 96
41 48 2606
41 49 1375
41 50 144
41 51 2654
41 52 1423
41 53 192
41 54 2702
41 55 1471
41 56 240
41 57 2750
41 58 1519
41 59 288
41 60 2798
41 61 1567
41 62 336
41 63 2846
41 64 1615
41 65 384
41 66 2894
41 67 1663
41 68 432
41 69 2942
41 70 1711
41 71 480
41 72 2990
41 73 1759
41 74 528
41 75 3038
41 76 1807
41 77 576
41 78 2822
42 0 408
42 1 1634
42 2 1954
42 3 76
42 4 460
42 5 1945
42 6 211
42 7 494
42 8 198
42 9 1800
42 10 1490
42 11 350
42 12 1359
42 13 1603
42 14 402
42 15 220
42 16 737
42 17 2567
42 18 1516
42 19 555
42 20 2222
42 21 2082
42 22 207
42 23 955
42 24 288
42 25 1519
42 26 2750
42 27 240
42 28 1471
42 29 2702
42 30 192
42 31 1423
42 32 2654
42 33 144
42 34 1375
42 35 2606
42 36 96
42 37 1327
42 38 2558
42 39 48
42 40 1279
42 41 2510
42 42 0
42 43 1231
42 44 2462
42 45 48
42 46 1279
42 47 2510
42 48 96
42 49 1327
42 50 2558
42 51 144
42 52 1375
42 53 2606
42 54 192
42 55 1423
42 56 2654
42 57 240
42 58 1471
42 59 2702
42 60 288
42 61 1519
42 62 2750
42 63 336
42 64 1567
42 65 2798
42 66 384
42 67 1615
42 68 2846
42 69 432
42 70 1663
42 71 2894
42 72 480
42 73 1711
42 74 2942
42 75 528
42 76 1759
42 77 2990
42 78 408
43 0 1639
43 1 403
43 2 723
43 3 1155
43 4 1539
43 5 714
43 6 1212
43 7 1313
43 8 1225
43 9 569
43 10 259
43 11 1169
43 12 128
43 13 372
43 14 1117
43 15 1299
43 16 1166
43 17 1336
43 18 285
43 19 1348
43 20 991
43 21 851
43 22 1312
43 23 1332
43 24 1519
43 25 288
43 26 1519
43 27 1471
43 28 240
43 29 1471
43 30 1423
43 31 192
43 32 1423
43 33 1375
43 34 144
43 35 1375
43 36 1327
43 37 96
43 38 1327
43 39 1279
43 40 48
43 41 1279
43 42 1231
43 43 0
43 44 1231
43 45 1279
43 46 48
43 47 1279
43 48 1327
43 49 96
43 50 1327
43 51 1375
43 52 144
43 53 1375
43 54 1423
43 55 192
43 56 1423
43 57 1471
43 58 240
43 59 1471
43 60 1519
43 61 288
43 62 1519
43 63 1567
43 64 336
43 65 1567
43 66 1615
43 67 384
43 68 1615
43 69 1663
43 70 432
43 71 1663
43 72 1711
43 73 480
43 74 1711
43 75 1759
43 76 528
43 77 1759
43 78 1639
44 0 2870
44 1 1404
44 2 892
44 3 2386
44 4 2770
44 5 805
44 6 2443
44 7 2544
44 8 2456
44 9 1622
44 10 1260
44 11 2400
44 12 1103
44 13 1243
44 14 2348
44 15 2530
44 16 2397
44 17 855
44 18 1234
44 19 2579
44 20 432
44 21 1436
44 22 2543
44 23 2563
44 24 2750
44 25 1519
44 26 288
44 27 2702
44 28 1471
44 29 240
44 30 2654
44 31 1423
44 32 192
44 33 2606
44 34 1375
44 35 144
44 36 2558
44 37 1327
44 38 96
44 39 2510
44 40 1279
44 41 48
44 42 2462
44 43 1231
44 44 0
44 45 2510
44 46 1279
44 47 48
44 48 2558
44 49 1327
44 50 96
44 51 2606
44 52 1375
44 53 144
44 54 2654
44 55 1423
44 56 192
44 57 2702
44 58 1471
44 59 240
44 60 2750
44 61 1519
44 62 288
44 63 2798
44 64 1567
44 65 336
44 66 2846
44 67 1615
44 68 384
44 69 2894
44 70 1663
44 71 432
44 72 2942
44 73 1711
44 74 480
44 75 2990
44 76 1759
44 77 528
44 78 2870
45 0 456
45 1 1586
45 2 2002
45 3 124
45 4 412
45 5 1993
45 6 163
45 7 542
45 8 246
45 9 1752
45 10 1442
45 11 302
45 12 1407
45 13 1555
45 14 354
45 15 172
45 16 689
45 17 2519
45 18 1564
45 19 507
45 20 2270
45 21 2034
45 22 255
45 23 907
45 24 336
45 25 1567
45 26 2798
45 27 288
45 28 1519
45 29 2750
45 30 240
45 31 1471
45 32 2702
45 33 192
45 34 1423
45 35 2654
45 36 144
45 37 1375
45 38 2606
45 39 96
45 40 1327
45 41 2558
45 42 48
45 43 1279
45 44 2510
45 45 0
45 46 1231
45 47 2462
45 48 48
45 49 1279
45 50 2510
45 51 96
45 52 1327
45 53 2558
45 54 144
45 55 1375
45 56 2606
45 57 192
45 58 1423
