//alpha
1
//NbLocations
70
//NbProducts
15
//NbPickers
2
//CapaPicker
4
//TimeToTravelOneDistanceUnit
3
//SetupTime
5400
//PickTime
300
//Products
//Idx Location Size
1 1 1
2 2 1
3 3 1
4 4 1
5 5 1
6 6 1
7 7 1
8 8 1
9 9 1
10 10 1
11 11 1
12 12 1
13 13 1
14 14 1
15 15 1
//Orders
//NbOrders
6
//Idx DueDate TardinessPenalty NbProdInOrder ProdIdx1 Qty1 ProdIdx2 Qty2 ...
1 144000 0 3 1 1 2 1 3 1
2 144000 0 4 4 1 5 1 6 1 7 1
3 126000 0 1 8 1
4 144000 0 2 9 1 10 1
5 108000 0 4 11 1 12 1 13 1 14 1
6 108000 0 1 15 1
//Graph (Products are vertices indexed from 1 to NbProducts)
//NbVerticesIntersections
54
//DepartingDepot
0
//ArrivalDepot
70
//Arcs
//Start End Distance
0 16 120
1 14 91
1 24 427
2 28 1142
2 29 89
3 53 232
3 54 999
4 20 427
4 21 804
5 11 104
5 14 468
6 25 115
6 26 1116
7 9 208
7 29 232
8 15 182
8 18 50
9 7 208
9 10 702
10 9 702
10 30 89
11 5 104
11 13 65
12 16 362
12 17 869
13 11 65
13 23 76
14 1 91
14 5 468
15 8 182
15 17 999
16 12 362
16 19 48
16 70 120
17 12 869
17 15 999
17 20 48
18 8 50
18 21 48
19 16 48
19 20 1231
19 22 48
20 4 427
20 17 48
20 19 1231
20 23 48
21 4 804
21 18 48
21 24 48
22 19 48
22 23 1231
22 25 48
23 13 76
23 20 48
23 22 1231
23 26 48
24 1 427
24 21 48
24 27 48
25 6 115
25 22 48
25 28 48
26 6 1116
26 23 48
26 27 1231
26 29 48
27 24 48
27 26 1231
27 30 48
28 2 1142
28 25 48
28 31 48
29 2 89
29 7 232
29 26 48
29 32 48
30 10 89
30 27 48
30 33 48
31 28 48
31 32 1231
31 34 48
32 29 48
32 31 1231
32 33 1231
32 35 48
33 30 48
33 32 1231
33 36 48
34 31 48
34 35 1231
34 37 48
35 32 48
35 34 1231
35 36 1231
35 38 48
36 33 48
36 35 1231
36 39 48
37 34 48
37 38 1231
37 40 48
38 35 48
38 37 1231
38 39 1231
38 41 48
39 36 48
39 38 1231
39 42 48
40 37 48
40 41 1231
40 43 48
41 38 48
41 40 1231
41 42 1231
41 44 48
42 39 48
42 41 1231
42 45 48
43 40 48
43 44 1231
43 46 48
44 41 48
44 43 1231
44 45 1231
44 47 48
45 42 48
45 44 1231
45 48 48
46 43 48
46 47 1231
46 49 48
47 44 48
47 46 1231
47 48 1231
47 50 48
48 45 48
48 47 1231
48 51 48
49 46 48
49 50 1231
49 52 48
50 47 48
50 49 1231
50 51 1231
50 53 48
51 48 48
51 50 1231
51 54 48
52 49 48
52 53 1231
52 55 48
53 3 232
53 50 48
53 52 1231
53 56 48
54 3 999
54 51 48
54 57 48
55 52 48
55 56 1231
55 58 48
56 53 48
56 55 1231
56 57 1231
56 59 48
57 54 48
57 56 1231
57 60 48
58 55 48
58 59 1231
58 61 48
59 56 48
59 58 1231
59 60 1231
59 62 48
60 57 48
60 59 1231
60 63 48
61 58 48
61 62 1231
61 64 48
62 59 48
62 61 1231
62 63 1231
62 65 48
63 60 48
63 62 1231
63 66 48
64 61 48
64 65 1231
64 67 48
65 62 48
65 64 1231
65 66 1231
65 68 48
66 63 48
66 65 1231
66 69 48
67 64 48
67 68 1231
68 65 48
68 67 1231
68 69 1231
69 66 48
69 68 1231
//LocStart LocEnd ShortestPath
0 0 0
0 1 2251
0 2 1454
0 3 2159
0 4 1826
0 5 1692
0 6 379
0 7 1775
0 8 2532
0 9 1983
0 10 2685
0 11 1588
0 12 482
0 13 1523
0 14 2160
0 15 2350
0 16 120
0 17 1351
0 18 2582
0 19 168
0 20 1399
0 21 2630
0 22 216
0 23 1447
0 24 2678
0 25 264
0 26 1495
0 27 2726
0 28 312
0 29 1543
0 30 2774
0 31 360
0 32 1591
0 33 2822
0 34 408
0 35 1639
0 36 2870
0 37 456
0 38 1687
0 39 2918
0 40 504
0 41 1735
0 42 2966
0 43 552
0 44 1783
0 45 3014
0 46 600
0 47 1831
0 48 3062
0 49 648
0 50 1879
0 51 3110
0 52 696
0 53 1927
0 54 3158
0 55 744
0 56 1975
0 57 3206
0 58 792
0 59 2023
0 60 3254
0 61 840
0 62 2071
0 63 3302
0 64 888
0 65 2119
0 66 3350
0 67 936
0 68 2167
0 69 3398
0 70 0
1 0 2251
1 1 0
1 2 989
1 3 1516
1 4 1279
1 5 559
1 6 1968
1 7 1132
1 8 573
1 9 1314
1 10 612
1 11 663
1 12 1769
1 13 728
1 14 91
1 15 755
1 16 2131
1 17 900
1 18 523
1 19 2083
1 20 852
1 21 475
1 22 2035
1 23 804
1 24 427
1 25 2083
1 26 852
1 27 475
1 28 2131
1 29 900
1 30 523
1 31 2179
1 32 948
1 33 571
1 34 2227
1 35 996
1 36 619
1 37 2275
1 38 1044
1 39 667
1 40 2323
1 41 1092
1 42 715
1 43 2371
1 44 1140
1 45 763
1 46 2419
1 47 1188
1 48 811
1 49 2467
1 50 1236
1 51 859
1 52 2515
1 53 1284
1 54 907
1 55 2563
1 56 1332
1 57 955
1 58 2611
1 59 1380
1 60 1003
1 61 2659
1 62 1428
1 63 1051
1 64 2707
1 65 1476
1 66 1099
1 67 2755
1 68 1524
1 69 1147
1 70 2251
2 0 1454
2 1 989
2 2 0
2 3 705
2 4 660
2 5 430
2 6 1253
2 7 321
2 8 1462
2 9 529
2 10 1231
2 11 326
2 12 1150
2 13 261
2 14 898
2 15 1280
2 16 1334
2 17 281
2 18 1512
2 19 1286
2 20 233
2 21 1464
2 22 1238
2 23 185
2 24 1416
2 25 1190
2 26 137
2 27 1368
2 28 1142
2 29 89
2 30 1320
2 31 1190
2 32 137
2 33 1368
2 34 1238
2 35 185
2 36 1416
2 37 1286
2 38 233
2 39 1464
2 40 1334
2 41 281
2 42 1512
2 43 1382
2 44 329
2 45 1560
2 46 1430
2 47 377
2 48 1608
2 49 1478
2 50 425
2 51 1656
2 52 1526
2 53 473
2 54 1704
2 55 1574
2 56 521
2 57 1752
2 58 1622
2 59 569
2 60 1800
2 61 1670
2 62 617
2 63 1848
2 64 1718
2 65 665
2 66 1896
2 67 1766
2 68 713
2 69 1944
2 70 1454
3 0 2159
3 1 1516
3 2 705
3 3 0
3 4 1187
3 5 957
3 6 1780
3 7 848
3 8 1625
3 9 1056
3 10 1472
3 11 853
3 12 1677
3 13 788
3 14 1425
3 15 1807
3 16 2039
3 17 808
3 18 1575
3 19 1991
3 20 760
3 21 1527
3 22 1943
3 23 712
3 24 1479
3 25 1895
3 26 664
3 27 1431
3 28 1847
3 29 616
3 30 1383
3 31 1799
3 32 568
3 33 1335
3 34 1751
3 35 520
3 36 1287
3 37 1703
3 38 472
3 39 1239
3 40 1655
3 41 424
3 42 1191
3 43 1607
3 44 376
3 45 1143
3 46 1559
3 47 328
3 48 1095
3 49 1511
3 50 280
3 51 1047
3 52 1463
3 53 232
3 54 999
3 55 1511
3 56 280
3 57 1047
3 58 1559
3 59 328
3 60 1095
3 61 1607
3 62 376
3 63 1143
3 64 1655
3 65 424
3 66 1191
3 67 1703
3 68 472
3 69 1239
3 70 2159
4 0 1826
4 1 1279
4 2 660
4 3 1187
4 4 0
4 5 720
4 6 1639
4 7 803
4 8 902
4 9 1011
4 10 1037
4 11 616
4 12 1344
4 13 551
4 14 1188
4 15 1084
4 16 1706
4 17 475
4 18 852
4 19 1658
4 20 427
4 21 804
4 22 1706
4 23 475
4 24 852
4 25 1754
4 26 523
4 27 900
4 28 1802
4 29 571
4 30 948
4 31 1850
4 32 619
4 33 996
4 34 1898
4 35 667
4 36 1044
4 37 1946
4 38 715
4 39 1092
4 40 1994
4 41 763
4 42 1140
4 43 2042
4 44 811
4 45 1188
4 46 2090
4 47 859
4 48 1236
4 49 2138
4 50 907
4 51 1284
4 52 2186
4 53 955
4 54 1332
4 55 2234
4 56 1003
4 57 1380
4 58 2282
4 59 1051
4 60 1428
4 61 2330
4 62 1099
4 63 1476
4 64 2378
4 65 1147
4 66 1524
4 67 2426
4 68 1195
4 69 1572
4 70 1826
5 0 1692
5 1 559
5 2 430
5 3 957
5 4 720
5 5 0
5 6 1409
5 7 573
5 8 1132
5 9 781
5 10 1171
5 11 104
5 12 1210
5 13 169
5 14 468
5 15 1314
5 16 1572
5 17 341
5 18 1082
5 19 1524
5 20 293
5 21 1034
5 22 1476
5 23 245
5 24 986
5 25 1524
5 26 293
5 27 1034
5 28 1572
5 29 341
5 30 1082
5 31 1620
5 32 389
5 33 1130
5 34 1668
5 35 437
5 36 1178
5 37 1716
5 38 485
5 39 1226
5 40 1764
5 41 533
5 42 1274
5 43 1812
5 44 581
5 45 1322
5 46 1860
5 47 629
5 48 1370
5 49 1908
5 50 677
5 51 1418
5 52 1956
5 53 725
5 54 1466
5 55 2004
5 56 773
5 57 1514
5 58 2052
5 59 821
5 60 1562
5 61 2100
5 62 869
5 63 1610
5 64 2148
5 65 917
5 66 1658
5 67 2196
5 68 965
5 69 1706
5 70 1692
6 0 379
6 1 1968
6 2 1253
6 3 1780
6 4 1639
6 5 1409
6 6 0
6 7 1396
6 8 2441
6 9 1604
6 10 2306
6 11 1305
6 12 621
6 13 1240
6 14 1877
6 15 2259
6 16 259
6 17 1260
6 18 2491
6 19 211
6 20 1212
6 21 2443
6 22 163
6 23 1164
6 24 2395
6 25 115
6 26 1116
6 27 2347
6 28 163
6 29 1164
6 30 2395
6 31 211
6 32 1212
6 33 2443
6 34 259
6 35 1260
6 36 2491
6 37 307
6 38 1308
6 39 2539
6 40 355
6 41 1356
6 42 2587
6 43 403
6 44 1404
6 45 2635
6 46 451
6 47 1452
6 48 2683
6 49 499
6 50 1500
6 51 2731
6 52 547
6 53 1548
6 54 2779
6 55 595
6 56 1596
6 57 2827
6 58 643
6 59 1644
6 60 2875
6 61 691
6 62 1692
6 63 2923
6 64 739
6 65 1740
6 66 2971
6 67 787
6 68 1788
6 69 3019
6 70 379
7 0 1775
7 1 1132
7 2 321
7 3 848
7 4 803
7 5 573
7 6 1396
7 7 0
7 8 1241
7 9 208
7 10 910
7 11 469
7 12 1293
7 13 404
7 14 1041
7 15 1423
7 16 1655
7 17 424
7 18 1191
7 19 1607
7 20 376
7 21 1143
7 22 1559
7 23 328
7 24 1095
7 25 1511
7 26 280
7 27 1047
7 28 1463
7 29 232
7 30 999
7 31 1511
7 32 280
7 33 1047
7 34 1559
7 35 328
7 36 1095
7 37 1607
7 38 376
7 39 1143
7 40 1655
7 41 424
7 42 1191
7 43 1703
7 44 472
7 45 1239
7 46 1751
7 47 520
7 48 1287
7 49 1799
7 50 568
7 51 1335
7 52 1847
7 53 616
7 54 1383
7 55 1895
7 56 664
7 57 1431
7 58 1943
7 59 712
7 60 1479
7 61 1991
7 62 760
7 63 1527
7 64 2039
7 65 808
7 66 1575
7 67 2087
7 68 856
7 69 1623
7 70 1775
8 0 2532
8 1 573
8 2 1462
8 3 1625
8 4 902
8 5 1132
8 6 2441
8 7 1241
8 8 0
8 9 1033
8 10 331
8 11 1236
8 12 2050
8 13 1301
8 14 664
8 15 182
8 16 2412
8 17 1181
8 18 50
8 19 2460
8 20 1229
8 21 98
8 22 2508
8 23 1277
8 24 146
8 25 2556
8 26 1325
8 27 194
8 28 2604
8 29 1373
8 30 242
8 31 2652
8 32 1421
8 33 290
8 34 2700
8 35 1469
8 36 338
8 37 2748
8 38 1517
8 39 386
8 40 2796
8 41 1565
8 42 434
8 43 2844
8 44 1613
8 45 482
8 46 2892
8 47 1661
8 48 530
8 49 2940
8 50 1709
8 51 578
8 52 2988
8 53 1757
8 54 626
8 55 3036
8 56 1805
8 57 674
8 58 3084
8 59 1853
8 60 722
8 61 3132
8 62 1901
8 63 770
8 64 3180
8 65 1949
8 66 818
8 67 3228
8 68 1997
8 69 866
8 70 2532
9 0 1983
9 1 1314
9 2 529
9 3 1056
9 4 1011
9 5 781
9 6 1604
9 7 208
9 8 1033
9 9 0
9 10 702
9 11 677
9 12 1501
9 13 612
9 14 1249
9 15 1215
9 16 1863
9 17 632
9 18 983
9 19 1815
9 20 584
9 21 935
9 22 1767
9 23 536
9 24 887
9 25 1719
9 26 488
9 27 839
9 28 1671
9 29 440
9 30 791
9 31 1719
9 32 488
9 33 839
9 34 1767
9 35 536
9 36 887
9 37 1815
9 38 584
9 39 935
9 40 1863
9 41 632
9 42 983
9 43 1911
9 44 680
9 45 1031
9 46 1959
9 47 728
9 48 1079
9 49 2007
9 50 776
9 51 1127
9 52 2055
9 53 824
9 54 1175
9 55 2103
9 56 872
9 57 1223
9 58 2151
9 59 920
9 60 1271
9 61 2199
9 62 968
9 63 1319
9 64 2247
9 65 1016
9 66 1367
9 67 2295
9 68 1064
9 69 1415
9 70 1983
10 0 2685
10 1 612
10 2 1231
10 3 1472
10 4 1037
10 5 1171
10 6 2306
10 7 910
10 8 331
10 9 702
10 10 0
10 11 1275
10 12 2203
10 13 1314
10 14 703
10 15 513
10 16 2565
10 17 1334
10 18 281
10 19 2517
10 20 1286
10 21 233
10 22 2469
10 23 1238
10 24 185
10 25 2421
10 26 1190
10 27 137
10 28 2373
10 29 1142
10 30 89
10 31 2421
10 32 1190
10 33 137
10 34 2469
10 35 1238
10 36 185
10 37 2517
10 38 1286
10 39 233
10 40 2565
10 41 1334
10 42 281
10 43 2613
10 44 1382
10 45 329
10 46 2661
10 47 1430
10 48 377
10 49 2709
10 50 1478
10 51 425
10 52 2757
10 53 1526
10 54 473
10 55 2805
10 56 1574
10 57 521
10 58 2853
10 59 1622
10 60 569
10 61 2901
10 62 1670
10 63 617
10 64 2949
10 65 1718
10 66 665
10 67 2997
10 68 1766
10 69 713
10 70 2685
11 0 1588
11 1 663
11 2 326
11 3 853
11 4 616
11 5 104
11 6 1305
11 7 469
11 8 1236
11 9 677
11 10 1275
11 11 0
11 12 1106
11 13 65
11 14 572
11 15 1236
11 16 1468
11 17 237
11 18 1186
11 19 1420
11 20 189
11 21 1138
11 22 1372
11 23 141
11 24 1090
11 25 1420
11 26 189
11 27 1138
11 28 1468
11 29 237
11 30 1186
11 31 1516
11 32 285
11 33 1234
11 34 1564
11 35 333
11 36 1282
11 37 1612
11 38 381
11 39 1330
11 40 1660
11 41 429
11 42 1378
11 43 1708
11 44 477
11 45 1426
11 46 1756
11 47 525
11 48 1474
11 49 1804
11 50 573
11 51 1522
11 52 1852
11 53 621
11 54 1570
11 55 1900
11 56 669
11 57 1618
11 58 1948
11 59 717
11 60 1666
11 61 1996
11 62 765
11 63 1714
11 64 2044
11 65 813
11 66 1762
11 67 2092
11 68 861
11 69 1810
11 70 1588
12 0 482
12 1 1769
12 2 1150
12 3 1677
12 4 1344
12 5 1210
12 6 621
12 7 1293
12 8 2050
12 9 1501
12 10 2203
12 11 1106
12 12 0
12 13 1041
12 14 1678
12 15 1868
12 16 362
12 17 869
12 18 2100
12 19 410
12 20 917
12 21 2148
12 22 458
12 23 965
12 24 2196
12 25 506
12 26 1013
12 27 2244
12 28 554
12 29 1061
12 30 2292
12 31 602
12 32 1109
12 33 2340
12 34 650
12 35 1157
12 36 2388
12 37 698
12 38 1205
12 39 2436
12 40 746
12 41 1253
12 42 2484
12 43 794
12 44 1301
12 45 2532
12 46 842
12 47 1349
12 48 2580
12 49 890
12 50 1397
12 51 2628
12 52 938
12 53 1445
12 54 2676
12 55 986
12 56 1493
12 57 2724
12 58 1034
12 59 1541
12 60 2772
12 61 1082
12 62 1589
12 63 2820
12 64 1130
12 65 1637
12 66 2868
12 67 1178
12 68 1685
12 69 2916
12 70 482
13 0 1523
13 1 728
13 2 261
13 3 788
13 4 551
13 5 169
13 6 1240
13 7 404
13 8 1301
13 9 612
13 10 1314
13 11 65
13 12 1041
13 13 0
13 14 637
13 15 1171
13 16 1403
13 17 172
13 18 1251
13 19 1355
13 20 124
13 21 1203
13 22 1307
13 23 76
13 24 1155
13 25 1355
13 26 124
13 27 1203
13 28 1403
13 29 172
13 30 1251
13 31 1451
13 32 220
13 33 1299
13 34 1499
13 35 268
13 36 1347
13 37 1547
13 38 316
13 39 1395
13 40 1595
13 41 364
13 42 1443
13 43 1643
13 44 412
13 45 1491
13 46 1691
13 47 460
13 48 1539
13 49 1739
13 50 508
13 51 1587
13 52 1787
13 53 556
13 54 1635
13 55 1835
13 56 604
13 57 1683
13 58 1883
13 59 652
13 60 1731
13 61 1931
13 62 700
13 63 1779
13 64 1979
13 65 748
13 66 1827
13 67 2027
13 68 796
13 69 1875
13 70 1523
14 0 2160
14 1 91
14 2 898
14 3 1425
14 4 1188
14 5 468
14 6 1877
14 7 1041
14 8 664
14 9 1249
14 10 703
14 11 572
14 12 1678
14 13 637
14 14 0
14 15 846
14 16 2040
14 17 809
14 18 614
14 19 1992
14 20 761
14 21 566
14 22 1944
14 23 713
14 24 518
14 25 1992
14 26 761
14 27 566
14 28 2040
14 29 809
14 30 614
14 31 2088
14 32 857
14 33 662
14 34 2136
14 35 905
14 36 710
14 37 2184
14 38 953
14 39 758
14 40 2232
14 41 1001
14 42 806
14 43 2280
14 44 1049
14 45 854
14 46 2328
14 47 1097
14 48 902
14 49 2376
14 50 1145
14 51 950
14 52 2424
14 53 1193
14 54 998
14 55 2472
14 56 1241
14 57 1046
14 58 2520
14 59 1289
14 60 1094
14 61 2568
14 62 1337
14 63 1142
14 64 2616
14 65 1385
14 66 1190
14 67 2664
14 68 1433
14 69 1238
14 70 2160
15 0 2350
15 1 755
15 2 1280
15 3 1807
15 4 1084
15 5 1314
15 6 2259
15 7 1423
15 8 182
15 9 1215
15 10 513
15 11 1236
15 12 1868
15 13 1171
15 14 846
15 15 0
15 16 2230
15 17 999
15 18 232
15 19 2278
15 20 1047
15 21 280
15 22 2326
15 23 1095
15 24 328
15 25 2374
15 26 1143
15 27 376
15 28 2422
15 29 1191
15 30 424
15 31 2470
15 32 1239
15 33 472
15 34 2518
15 35 1287
15 36 520
15 37 2566
15 38 1335
15 39 568
15 40 2614
15 41 1383
15 42 616
15 43 2662
15 44 1431
15 45 664
15 46 2710
15 47 1479
15 48 712
15 49 2758
15 50 1527
15 51 760
15 52 2806
15 53 1575
15 54 808
15 55 2854
15 56 1623
15 57 856
15 58 2902
15 59 1671
15 60 904
15 61 2950
15 62 1719
15 63 952
15 64 2998
15 65 1767
15 66 1000
15 67 3046
15 68 1815
15 69 1048
15 70 2350
16 0 120
16 1 2131
16 2 1334
16 3 2039
16 4 1706
16 5 1572
16 6 259
16 7 1655
16 8 2412
16 9 1863
16 10 2565
16 11 1468
16 12 362
16 13 1403
16 14 2040
16 15 2230
16 16 0
16 17 1231
16 18 2462
16 19 48
16 20 1279
16 21 2510
16 22 96
16 23 1327
16 24 2558
16 25 144
16 26 1375
16 27 2606
16 28 192
16 29 1423
16 30 2654
16 31 240
16 32 1471
16 33 2702
16 34 288
16 35 1519
16 36 2750
16 37 336
16 38 1567
16 39 2798
16 40 384
16 41 1615
16 42 2846
16 43 432
16 44 1663
16 45 2894
16 46 480
16 47 1711
16 48 2942
16 49 528
16 50 1759
16 51 2990
16 52 576
16 53 1807
16 54 3038
16 55 624
16 56 1855
16 57 3086
16 58 672
16 59 1903
16 60 3134
16 61 720
16 62 1951
16 63 3182
16 64 768
16 65 1999
16 66 3230
16 67 816
16 68 2047
16 69 3278
16 70 120
17 0 1351
17 1 900
17 2 281
17 3 808
17 4 475
17 5 341
17 6 1260
17 7 424
17 8 1181
17 9 632
17 10 1334
17 11 237
17 12 869
17 13 172
17 14 809
17 15 999
17 16 1231
17 17 0
17 18 1231
17 19 1279
17 20 48
17 21 1279
17 22 1327
17 23 96
17 24 1327
17 25 1375
17 26 144
17 27 1375
17 28 1423
17 29 192
17 30 1423
17 31 1471
17 32 240
17 33 1471
17 34 1519
17 35 288
17 36 1519
17 37 1567
17 38 336
17 39 1567
17 40 1615
17 41 384
17 42 1615
17 43 1663
17 44 432
17 45 1663
17 46 1711
17 47 480
17 48 1711
17 49 1759
17 50 528
17 51 1759
17 52 1807
17 53 576
17 54 1807
17 55 1855
17 56 624
17 57 1855
17 58 1903
17 59 672
17 60 1903
17 61 1951
17 62 720
17 63 1951
17 64 1999
17 65 768
17 66 1999
17 67 2047
17 68 816
17 69 2047
17 70 1351
18 0 2582
18 1 523
18 2 1512
18 3 1575
18 4 852
18 5 1082
18 6 2491
18 7 1191
18 8 50
18 9 983
18 10 281
18 11 1186
18 12 2100
18 13 1251
18 14 614
18 15 232
18 16 2462
18 17 1231
18 18 0
18 19 2510
18 20 1279
18 21 48
18 22 2558
18 23 1327
18 24 96
18 25 2606
18 26 1375
18 27 144
18 28 2654
18 29 1423
18 30 192
18 31 2702
18 32 1471
18 33 240
18 34 2750
18 35 1519
18 36 288
18 37 2798
18 38 1567
18 39 336
18 40 2846
18 41 1615
18 42 384
18 43 2894
18 44 1663
18 45 432
18 46 2942
18 47 1711
18 48 480
18 49 2990
18 50 1759
18 51 528
18 52 3038
18 53 1807
18 54 576
18 55 3086
18 56 1855
18 57 624
18 58 3134
18 59 1903
18 60 672
18 61 3182
18 62 1951
18 63 720
18 64 3230
18 65 1999
18 66 768
18 67 3278
18 68 2047
18 69 816
18 70 2582
19 0 168
19 1 2083
19 2 1286
19 3 1991
19 4 1658
19 5 1524
19 6 211
19 7 1607
19 8 2460
19 9 1815
19 10 2517
19 11 1420
19 12 410
19 13 1355
19 14 1992
19 15 2278
19 16 48
19 17 1279
19 18 2510
19 19 0
19 20 1231
19 21 2462
19 22 48
19 23 1279
19 24 2510
19 25 96
19 26 1327
19 27 2558
19 28 144
19 29 1375
19 30 2606
19 31 192
19 32 1423
19 33 2654
19 34 240
19 35 1471
19 36 2702
19 37 288
19 38 1519
19 39 2750
19 40 336
19 41 1567
19 42 2798
19 43 384
19 44 1615
19 45 2846
19 46 432
19 47 1663
19 48 2894
19 49 480
19 50 1711
19 51 2942
19 52 528
19 53 1759
19 54 2990
19 55 576
19 56 1807
19 57 3038
19 58 624
19 59 1855
19 60 3086
19 61 672
19 62 1903
19 63 3134
19 64 720
19 65 1951
19 66 3182
19 67 768
19 68 1999
19 69 3230
19 70 168
20 0 1399
20 1 852
20 2 233
20 3 760
20 4 427
20 5 293
20 6 1212
20 7 376
20 8 1229
20 9 584
20 10 1286
20 11 189
20 12 917
20 13 124
20 14 761
20 15 1047
20 16 1279
20 17 48
20 18 1279
20 19 1231
20 20 0
20 21 1231
20 22 1279
20 23 48
20 24 1279
20 25 1327
20 26 96
20 27 1327
20 28 1375
20 29 144
20 30 1375
20 31 1423
20 32 192
20 33 1423
20 34 1471
20 35 240
20 36 1471
20 37 1519
20 38 288
20 39 1519
20 40 1567
20 41 336
20 42 1567
20 43 1615
20 44 384
20 45 1615
20 46 1663
20 47 432
20 48 1663
20 49 1711
20 50 480
20 51 1711
20 52 1759
20 53 528
20 54 1759
20 55 1807
20 56 576
20 57 1807
20 58 1855
20 59 624
20 60 1855
20 61 1903
20 62 672
20 63 1903
20 64 1951
20 65 720
20 66 1951
20 67 1999
20 68 768
20 69 1999
20 70 1399
21 0 2630
21 1 475
21 2 1464
21 3 1527
21 4 804
21 5 1034
21 6 2443
21 7 1143
21 8 98
21 9 935
21 10 233
21 11 1138
21 12 2148
21 13 1203
21 14 566
21 15 280
21 16 2510
21 17 1279
21 18 48
21 19 2462
21 20 1231
21 21 0
21 22 2510
21 23 1279
21 24 48
21 25 2558
21 26 1327
21 27 96
21 28 2606
21 29 1375
21 30 144
21 31 2654
21 32 1423
21 33 192
21 34 2702
21 35 1471
21 36 240
21 37 2750
21 38 1519
21 39 288
21 40 2798
21 41 1567
21 42 336
21 43 2846
21 44 1615
21 45 384
21 46 2894
21 47 1663
21 48 432
21 49 2942
21 50 1711
21 51 480
21 52 2990
21 53 1759
21 54 528
21 55 3038
21 56 1807
21 57 576
21 58 3086
21 59 1855
21 60 624
21 61 3134
21 62 1903
21 63 672
21 64 3182
21 65 1951
21 66 720
21 67 3230
21 68 1999
21 69 768
21 70 2630
22 0 216
22 1 2035
22 2 1238
22 3 1943
22 4 1706
22 5 1476
22 6 163
22 7 1559
22 8 2508
22 9 1767
22 10 2469
22 11 1372
22 12 458
22 13 1307
22 14 1944
22 15 2326
22 16 96
22 17 1327
22 18 2558
22 19 48
22 20 1279
22 21 2510
22 22 0
22 23 1231
22 24 2462
22 25 48
22 26 1279
22 27 2510
22 28 96
22 29 1327
22 30 2558
22 31 144
22 32 1375
22 33 2606
22 34 192
22 35 1423
22 36 2654
22 37 240
22 38 1471
22 39 2702
22 40 288
22 41 1519
22 42 2750
22 43 336
22 44 1567
22 45 2798
22 46 384
22 47 1615
22 48 2846
22 49 432
22 50 1663
22 51 2894
22 52 480
22 53 1711
22 54 2942
22 55 528
22 56 1759
22 57 2990
22 58 576
22 59 1807
22 60 3038
22 61 624
22 62 1855
22 63 3086
22 64 672
22 65 1903
22 66 3134
22 67 720
22 68 1951
22 69 3182
22 70 216
23 0 1447
23 1 804
23 2 185
23 3 712
23 4 475
23 5 245
23 6 1164
23 7 328
23 8 1277
23 9 536
23 10 1238
23 11 141
23 12 965
23 13 76
23 14 713
23 15 1095
23 16 1327
23 17 96
23 18 1327
23 19 1279
23 20 48
23 21 1279
23 22 1231
23 23 0
23 24 1231
23 25 1279
23 26 48
23 27 1279
23 28 1327
23 29 96
23 30 1327
23 31 1375
23 32 144
23 33 1375
23 34 1423
23 35 192
23 36 1423
23 37 1471
23 38 240
23 39 1471
23 40 1519
23 41 288
23 42 1519
23 43 1567
23 44 336
23 45 1567
23 46 1615
23 47 384
23 48 1615
23 49 1663
23 50 432
23 51 1663
23 52 1711
23 53 480
23 54 1711
23 55 1759
23 56 528
23 57 1759
23 58 1807
23 59 576
23 60 1807
23 61 1855
23 62 624
23 63 1855
23 64 1903
23 65 672
23 66 1903
23 67 1951
23 68 720
23 69 1951
23 70 1447
24 0 2678
24 1 427
24 2 1416
24 3 1479
24 4 852
24 5 986
24 6 2395
24 7 1095
24 8 146
24 9 887
24 10 185
24 11 1090
24 12 2196
24 13 1155
24 14 518
24 15 328
24 16 2558
24 17 1327
24 18 96
24 19 2510
24 20 1279
24 21 48
24 22 2462
24 23 1231
24 24 0
24 25 2510
24 26 1279
24 27 48
24 28 2558
24 29 1327
24 30 96
24 31 2606
24 32 1375
24 33 144
24 34 2654
24 35 1423
24 36 192
24 37 2702
24 38 1471
24 39 240
24 40 2750
24 41 1519
24 42 288
24 43 2798
24 44 1567
24 45 336
24 46 2846
24 47 1615
24 48 384
24 49 2894
24 50 1663
24 51 432
24 52 2942
24 53 1711
24 54 480
24 55 2990
24 56 1759
24 57 528
24 58 3038
24 59 1807
24 60 576
24 61 3086
24 62 1855
24 63 624
24 64 3134
24 65 1903
24 66 672
24 67 3182
24 68 1951
24 69 720
24 70 2678
25 0 264
25 1 2083
25 2 1190
25 3 1895
25 4 1754
25 5 1524
25 6 115
25 7 1511
25 8 2556
25 9 1719
25 10 2421
25 11 1420
25 12 506
25 13 1355
25 14 1992
25 15 2374
25 16 144
25 17 1375
25 18 2606
25 19 96
25 20 1327
25 21 2558
25 22 48
25 23 1279
25 24 2510
25 25 0
25 26 1231
25 27 2462
25 28 48
25 29 1279
25 30 2510
25 31 96
25 32 1327
25 33 2558
25 34 144
25 35 1375
25 36 2606
25 37 192
25 38 1423
25 39 2654
25 40 240
25 41 1471
25 42 2702
25 43 288
25 44 1519
25 45 2750
25 46 336
25 47 1567
25 48 2798
25 49 384
25 50 1615
25 51 2846
25 52 432
25 53 1663
25 54 2894
25 55 480
25 56 1711
25 57 2942
25 58 528
25 59 1759
25 60 2990
25 61 576
25 62 1807
25 63 3038
25 64 624
25 65 1855
25 66 3086
25 67 672
25 68 1903
25 69 3134
25 70 264
26 0 1495
26 1 852
26 2 137
26 3 664
26 4 523
26 5 293
26 6 1116
26 7 280
26 8 1325
26 9 488
26 10 1190
26 11 189
26 12 1013
26 13 124
26 14 761
26 15 1143
26 16 1375
26 17 144
26 18 1375
26 19 1327
26 20 96
26 21 1327
26 22 1279
26 23 48
26 24 1279
26 25 1231
26 26 0
26 27 1231
26 28 1279
26 29 48
26 30 1279
26 31 1327
26 32 96
26 33 1327
26 34 1375
26 35 144
26 36 1375
26 37 1423
26 38 192
26 39 1423
26 40 1471
26 41 240
26 42 1471
26 43 1519
26 44 288
26 45 1519
26 46 1567
26 47 336
26 48 1567
26 49 1615
26 50 384
26 51 1615
26 52 1663
26 53 432
26 54 1663
26 55 1711
26 56 480
26 57 1711
26 58 1759
26 59 528
26 60 1759
26 61 1807
26 62 576
26 63 1807
26 64 1855
26 65 624
26 66 1855
26 67 1903
26 68 672
26 69 1903
26 70 1495
27 0 2726
27 1 475
27 2 1368
27 3 1431
27 4 900
27 5 1034
27 6 2347
27 7 1047
27 8 194
27 9 839
27 10 137
27 11 1138
27 12 2244
27 13 1203
27 14 566
27 15 376
27 16 2606
27 17 1375
27 18 144
27 19 2558
27 20 1327
27 21 96
27 22 2510
27 23 1279
27 24 48
27 25 2462
27 26 1231
27 27 0
27 28 2510
27 29 1279
27 30 48
27 31 2558
27 32 1327
27 33 96
27 34 2606
27 35 1375
27 36 144
27 37 2654
27 38 1423
27 39 192
27 40 2702
27 41 1471
27 42 240
27 43 2750
27 44 1519
27 45 288
27 46 2798
27 47 1567
27 48 336
27 49 2846
27 50 1615
27 51 384
27 52 2894
27 53 1663
27 54 432
27 55 2942
27 56 1711
27 57 480
27 58 2990
27 59 1759
27 60 528
27 61 3038
27 62 1807
27 63 576
27 64 3086
27 65 1855
27 66 624
27 67 3134
27 68 1903
27 69 672
27 70 2726
28 0 312
28 1 2131
28 2 1142
28 3 1847
28 4 1802
28 5 1572
28 6 163
28 7 1463
28 8 2604
28 9 1671
28 10 2373
28 11 1468
28 12 554
28 13 1403
28 14 2040
28 15 2422
28 16 192
28 17 1423
28 18 2654
28 19 144
28 20 1375
28 21 2606
28 22 96
28 23 1327
28 24 2558
28 25 48
28 26 1279
28 27 2510
28 28 0
28 29 1231
28 30 2462
28 31 48
28 32 1279
28 33 2510
28 34 96
28 35 1327
28 36 2558
28 37 144
28 38 1375
28 39 2606
28 40 192
28 41 1423
28 42 2654
28 43 240
28 44 1471
28 45 2702
28 46 288
28 47 1519
28 48 2750
28 49 336
28 50 1567
28 51 2798
28 52 384
28 53 1615
28 54 2846
28 55 432
28 56 1663
28 57 2894
28 58 480
28 59 1711
28 60 2942
28 61 528
28 62 1759
28 63 2990
28 64 576
28 65 1807
28 66 3038
28 67 624
28 68 1855
28 69 3086
28 70 312
29 0 1543
29 1 900
29 2 89
29 3 616
29 4 571
29 5 341
29 6 1164
29 7 232
29 8 1373
29 9 440
29 10 1142
29 11 237
29 12 1061
29 13 172
29 14 809
29 15 1191
29 16 1423
29 17 192
29 18 1423
29 19 1375
29 20 144
29 21 1375
29 22 1327
29 23 96
29 24 1327
29 25 1279
29 26 48
29 27 1279
29 28 1231
29 29 0
29 30 1231
29 31 1279
29 32 48
29 33 1279
29 34 1327
29 35 96
29 36 1327
29 37 1375
29 38 144
29 39 1375
29 40 1423
29 41 192
29 42 1423
29 43 1471
29 44 240
29 45 1471
29 46 1519
29 47 288
29 48 1519
29 49 1567
29 50 336
29 51 1567
29 52 1615
29 53 384
29 54 1615
29 55 1663
29 56 432
29 57 1663
29 58 1711
29 59 480
29 60 1711
29 61 1759
29 62 528
29 63 1759
29 64 1807
29 65 576
29 66 1807
29 67 1855
29 68 624
29 69 1855
29 70 1543
30 0 2774
30 1 523
30 2 1320
30 3 1383
30 4 948
30 5 1082
30 6 2395
30 7 999
30 8 242
30 9 791
30 10 89
30 11 1186
30 12 2292
30 13 1251
30 14 614
30 15 424
30 16 2654
30 17 1423
30 18 192
30 19 2606
30 20 1375
30 21 144
30 22 2558
30 23 1327
30 24 96
30 25 2510
30 26 1279
30 27 48
30 28 2462
30 29 1231
30 30 0
30 31 2510
30 32 1279
30 33 48
30 34 2558
30 35 1327
30 36 96
30 37 2606
30 38 1375
30 39 144
30 40 2654
30 41 1423
30 42 192
30 43 2702
30 44 1471
30 45 240
30 46 2750
30 47 1519
30 48 288
30 49 2798
30 50 1567
30 51 336
30 52 2846
30 53 1615
30 54 384
30 55 2894
30 56 1663
30 57 432
30 58 2942
30 59 1711
30 60 480
30 61 2990
30 62 1759
30 63 528
30 64 3038
30 65 1807
30 66 576
30 67 3086
30 68 1855
30 69 624
30 70 2774
31 0 360
31 1 2179
31 2 1190
31 3 1799
31 4 1850
31 5 1620
31 6 211
31 7 1511
31 8 2652
31 9 1719
31 10 2421
31 11 1516
31 12 602
31 13 1451
31 14 2088
31 15 2470
31 16 240
31 17 1471
31 18 2702
31 19 192
31 20 1423
31 21 2654
31 22 144
31 23 1375
31 24 2606
31 25 96
31 26 1327
31 27 2558
31 28 48
31 29 1279
31 30 2510
31 31 0
31 32 1231
31 33 2462
31 34 48
31 35 1279
31 36 2510
31 37 96
31 38 1327
31 39 2558
31 40 144
31 41 1375
31 42 2606
31 43 192
31 44 1423
31 45 2654
31 46 240
31 47 1471
31 48 2702
31 49 288
31 50 1519
31 51 2750
31 52 336
31 53 1567
31 54 2798
31 55 384
31 56 1615
31 57 2846
31 58 432
31 59 1663
31 60 2894
31 61 480
31 62 1711
31 63 2942
31 64 528
31 65 1759
31 66 2990
31 67 576
31 68 1807
31 69 3038
31 70 360
32 0 1591
32 1 948
32 2 137
32 3 568
32 4 619
32 5 389
32 6 1212
32 7 280
32 8 1421
32 9 488
32 10 1190
32 11 285
32 12 1109
32 13 220
32 14 857
32 15 1239
32 16 1471
32 17 240
32 18 1471
32 19 1423
32 20 192
32 21 1423
32 22 1375
32 23 144
32 24 1375
32 25 1327
32 26 96
32 27 1327
32 28 1279
32 29 48
32 30 1279
32 31 1231
32 32 0
32 33 1231
32 34 1279
32 35 48
32 36 1279
32 37 1327
32 38 96
32 39 1327
32 40 1375
32 41 144
32 42 1375
32 43 1423
32 44 192
32 45 1423
32 46 1471
32 47 240
32 48 1471
32 49 1519
32 50 288
32 51 1519
32 52 1567
32 53 336
32 54 1567
32 55 1615
32 56 384
32 57 1615
32 58 1663
32 59 432
32 60 1663
32 61 1711
32 62 480
32 63 1711
32 64 1759
32 65 528
32 66 1759
32 67 1807
32 68 576
32 69 1807
32 70 1591
33 0 2822
33 1 571
33 2 1368
33 3 1335
33 4 996
33 5 1130
33 6 2443
33 7 1047
33 8 290
33 9 839
33 10 137
33 11 1234
33 12 2340
33 13 1299
33 14 662
33 15 472
33 16 2702
33 17 1471
33 18 240
33 19 2654
33 20 1423
33 21 192
33 22 2606
33 23 1375
33 24 144
33 25 2558
33 26 1327
33 27 96
33 28 2510
33 29 1279
33 30 48
33 31 2462
33 32 1231
33 33 0
33 34 2510
33 35 1279
33 36 48
33 37 2558
33 38 1327
33 39 96
33 40 2606
33 41 1375
33 42 144
33 43 2654
33 44 1423
33 45 192
33 46 2702
33 47 1471
33 48 240
33 49 2750
33 50 1519
33 51 288
33 52 2798
33 53 1567
33 54 336
33 55 2846
33 56 1615
33 57 384
33 58 2894
33 59 1663
33 60 432
33 61 2942
33 62 1711
33 63 480
33 64 2990
33 65 1759
33 66 528
33 67 3038
33 68 1807
33 69 576
33 70 2822
34 0 408
34 1 2227
34 2 1238
34 3 1751
34 4 1898
34 5 1668
34 6 259
34 7 1559
34 8 2700
34 9 1767
34 10 2469
34 11 1564
34 12 650
34 13 1499
34 14 2136
34 15 2518
34 16 288
34 17 1519
34 18 2750
34 19 240
34 20 1471
34 21 2702
34 22 192
34 23 1423
34 24 2654
34 25 144
34 26 1375
34 27 2606
34 28 96
34 29 1327
34 30 2558
34 31 48
34 32 1279
34 33 2510
34 34 0
34 35 1231
34 36 2462
34 37 48
34 38 1279
34 39 2510
34 40 96
34 41 1327
34 42 2558
34 43 144
34 44 1375
34 45 2606
34 46 192
34 47 1423
34 48 2654
34 49 240
34 50 1471
34 51 2702
34 52 288
34 53 1519
34 54 2750
34 55 336
34 56 1567
34 57 2798
34 58 384
34 59 1615
34 60 2846
34 61 432
34 62 1663
34 63 2894
34 64 480
34 65 1711
34 66 2942
34 67 528
34 68 1759
34 69 2990
34 70 408
35 0 1639
35 1 996
35 2 185
35 3 520
35 4 667
35 5 437
35 6 1260
35 7 328
35 8 1469
35 9 536
35 10 1238
35 11 333
35 12 1157
35 13 268
35 14 905
35 15 1287
35 16 1519
35 17 288
35 18 1519
35 19 1471
35 20 240
35 21 1471
35 22 1423
35 23 192
35 24 1423
35 25 1375
35 26 144
35 27 1375
35 28 1327
35 29 96
35 30 1327
35 31 1279
35 32 48
35 33 1279
35 34 1231
35 35 0
35 36 1231
35 37 1279
35 38 48
35 39 1279
35 40 1327
35 41 96
35 42 1327
35 43 1375
35 44 144
35 45 1375
35 46 1423
35 47 192
35 48 1423
35 49 1471
35 50 240
35 51 1471
35 52 1519
35 53 288
35 54 1519
35 55 1567
35 56 336
35 57 1567
35 58 1615
35 59 384
35 60 1615
35 61 1663
35 62 432
35 63 1663
35 64 1711
35 65 480
35 66 1711
35 67 1759
35 68 528
35 69 1759
35 70 1639
36 0 2870
36 1 619
36 2 1416
36 3 1287
36 4 1044
36 5 1178
36 6 2491
36 7 1095
36 8 338
36 9 887
36 10 185
36 11 1282
36 12 2388
36 13 1347
36 14 710
36 15 520
36 16 2750
36 17 1519
36 18 288
36 19 2702
36 20 1471
36 21 240
36 22 2654
36 23 1423
36 24 192
36 25 2606
36 26 1375
36 27 144
36 28 2558
36 29 1327
36 30 96
36 31 2510
36 32 1279
36 33 48
36 34 2462
36 35 1231
36 36 0
36 37 2510
36 38 1279
36 39 48
36 40 2558
36 41 1327
36 42 96
36 43 2606
36 44 1375
36 45 144
36 46 2654
36 47 1423
36 48 192
36 49 2702
36 50 1471
36 51 240
36 52 2750
36 53 1519
36 54 288
36 55 2798
36 56 1567
36 57 336
36 58 2846
36 59 1615
36 60 384
36 61 2894
36 62 1663
36 63 432
36 64 2942
36 65 1711
36 66 480
36 67 2990
36 68 1759
36 69 528
36 70 2870
37 0 456
37 1 2275
37 2 1286
37 3 1703
37 4 1946
37 5 1716
37 6 307
37 7 1607
37 8 2748
37 9 1815
37 10 2517
37 11 1612
37 12 698
37 13 1547
37 14 2184
37 15 2566
37 16 336
37 17 1567
37 18 2798
37 19 288
37 20 1519
37 21 2750
37 22 240
37 23 1471
37 24 2702
37 25 192
37 26 1423
37 27 2654
37 28 144
37 29 1375
37 30 2606
37 31 96
37 32 1327
37 33 2558
37 34 48
37 35 1279
37 36 2510
37 37 0
37 38 1231
37 39 2462
37 40 48
37 41 1279
37 42 2510
37 43 96
37 44 1327
37 45 2558
37 46 144
37 47 1375
37 48 2606
37 49 192
37 50 1423
37 51 2654
37 52 240
37 53 1471
37 54 2702
37 55 288
37 56 1519
37 57 2750
37 58 336
37 59 1567
37 60 2798
37 61 384
37 62 1615
37 63 2846
37 64 432
37 65 1663
37 66 2894
37 67 480
37 68 1711
37 69 2942
37 70 456
38 0 1687
38 1 1044
38 2 233
38 3 472
38 4 715
38 5 485
38 6 1308
38 7 376
38 8 1517
38 9 584
38 10 1286
38 11 381
38 12 1205
38 13 316
38 14 953
38 15 1335
38 16 1567
38 17 336
38 18 1567
38 19 1519
38 20 288
38 21 1519
38 22 1471
38 23 240
38 24 1471
38 25 1423
38 26 192
38 27 1423
38 28 1375
38 29 144
38 30 1375
38 31 1327
38 32 96
38 33 1327
38 34 1279
38 35 48
38 36 1279
38 37 1231
38 38 0
38 39 1231
38 40 1279
38 41 48
38 42 1279
38 43 1327
38 44 96
38 45 1327
38 46 1375
38 47 144
38 48 1375
38 49 1423
38 50 192
38 51 1423
38 52 1471
38 53 240
38 54 1471
38 55 1519
38 56 288
38 57 1519
38 58 1567
38 59 336
38 60 1567
38 61 1615
38 62 384
38 63 1615
38 64 1663
38 65 432
38 66 1663
38 67 1711
38 68 480
38 69 1711
38 70 1687
39 0 2918
39 1 667
39 2 1464
39 3 1239
39 4 1092
39 5 1226
39 6 2539
39 7 1143
39 8 386
39 9 935
39 10 233
39 11 1330
39 12 2436
39 13 1395
39 14 758
39 15 568
39 16 2798
39 17 1567
39 18 336
39 19 2750
39 20 1519
39 21 288
39 22 2702
39 23 1471
39 24 240
39 25 2654
39 26 1423
39 27 192
39 28 2606
39 29 1375
39 30 144
39 31 2558
39 32 1327
39 33 96
39 34 2510
39 35 1279
39 36 48
39 37 2462
39 38 1231
39 39 0
39 40 2510
39 41 1279
39 42 48
39 43 2558
39 44 1327
39 45 96
39 46 2606
39 47 1375
39 48 144
39 49 2654
39 50 1423
39 51 192
39 52 2702
39 53 1471
39 54 240
39 55 2750
39 56 1519
39 57 288
39 58 2798
39 59 1567
39 60 336
39 61 2846
39 62 1615
39 63 384
39 64 2894
39 65 1663
39 66 432
39 67 2942
39 68 1711
39 69 480
39 70 2918
40 0 504
40 1 2323
40 2 1334
40 3 1655
40 4 1994
40 5 1764
40 6 355
40 7 1655
40 8 2796
40 9 1863
40 10 2565
40 11 1660
40 12 746
40 13 1595
40 14 2232
40 15 2614
40 16 384
40 17 1615
40 18 2846
40 19 336
40 20 1567
40 21 2798
40 22 288
40 23 1519
40 24 2750
40 25 240
40 26 1471
40 27 2702
40 28 192
40 29 1423
40 30 2654
40 31 144
40 32 1375
40 33 2606
40 34 96
40 35 1327
40 36 2558
40 37 48
40 38 1279
40 39 2510
40 40 0
40 41 1231
40 42 2462
40 43 48
40 44 1279
40 45 2510
40 46 96
40 47 1327
40 48 2558
40 49 144
40 50 1375
40 51 2606
40 52 192
40 53 1423
40 54 2654
40 55 240
40 56 1471
40 57 2702
40 58 288
40 59 1519
40 60 2750
40 61 336
40 62 1567
40 63 2798
40 64 384
40 65 1615
40 66 2846
40 67 432
40 68 1663
40 69 2894
40 70 504
41 0 1735
41 1 1092
41 2 281
41 3 424
41 4 763
41 5 533
41 6 1356
41 7 424
41 8 1565
41 9 632
41 10 1334
41 11 429
41 12 1253
41 13 364
41 14 1001
41 15 1383
41 16 1615
41 17 384
41 18 1615
41 19 1567
41 20 336
41 21 1567
41 22 1519
41 23 288
41 24 1519
41 25 1471
41 26 240
41 27 1471
41 28 1423
41 29 192
41 30 1423
41 31 1375
41 32 144
41 33 1375
41 34 1327
41 35 96
41 36 1327
41 37 1279
41 38 48
41 39 1279
41 40 1231
41 41 0
41 42 1231
41 43 1279
41 44 48
41 45 1279
41 46 1327
41 47 96
41 48 1327
41 49 1375
41 50 144
41 51 1375
41 52 1423
41 53 192
41 54 1423
41 55 1471
41 56 240
41 57 1471
41 58 1519
41 59 288
41 60 1519
41 61 1567
41 62 336
41 63 1567
41 64 1615
41 65 384
41 66 1615
41 67 1663
41 68 432
41 69 1663
41 70 1735
42 0 2966
42 1 715
42 2 1512
42 3 1191
42 4 1140
42 5 1274
42 6 2587
42 7 1191
42 8 434
42 9 983
42 10 281
42 11 1378
42 12 2484
42 13 1443
42 14 806
42 15 616
42 16 2846
42 17 1615
42 18 384
42 19 2798
42 20 1567
42 21 336
42 22 2750
42 23 1519
42 24 288
42 25 2702
42 26 1471
42 27 240
42 28 2654
42 29 1423
42 30 192
42 31 2606
42 32 1375
42 33 144
42 34 2558
42 35 1327
42 36 96
42 37 2510
42 38 1279
42 39 48
42 40 2462
42 41 1231
42 42 0
42 43 2510
42 44 1279
42 45 48
42 46 2558
42 47 1327
42 48 96
42 49 2606
42 50 1375
42 51 144
42 52 2654
42 53 1423
42 54 192
42 55 2702
42 56 1471
42 57 240
42 58 2750
42 59 1519
42 60 288
42 61 2798
42 62 1567
42 63 336
42 64 2846
42 65 1615
42 66 384
42 67 2894
42 68 1663
42 69 432
42 70 2966
43 0 552
43 1 2371
43 2 1382
43 3 1607
43 4 2042
43 5 1812
43 6 403
43 7 1703
43 8 2844
43 9 1911
43 10 2613
43 11 1708
43 12 794
43 13 1643
43 14 2280
43 15 2662
43 16 432
43 17 1663
43 18 2894
43 19 384
43 20 1615
43 21 2846
43 22 336
43 23 1567
43 24 2798
43 25 288
43 26 1519
43 27 2750
43 28 240
43 29 1471
43 30 2702
43 31 192
43 32 1423
43 33 2654
43 34 144
43 35 1375
43 36 2606
43 37 96
43 38 1327
43 39 2558
43 40 48
43 41 1279
43 42 2510
43 43 0
43 44 1231
43 45 2462
43 46 48
43 47 1279
43 48 2510
43 49 96
43 50 1327
43 51 2558
43 52 144
43 53 1375
43 54 2606
43 55 192
43 56 1423
43 57 2654
43 58 240
43 59 1471
43 60 2702
43 61 288
43 62 1519
43 63 2750
43 64 336
43 65 1567
43 66 2798
43 67 384
43 68 1615
43 69 2846
43 70 552
44 0 1783
44 1 1140
44 2 329
44 3 376
44 4 811
44 5 581
44 6 1404
44 7 472
44 8 1613
44 9 680
44 10 1382
44 11 477
44 12 1301
44 13 412
44 14 1049
44 15 1431
44 16 1663
44 17 432
44 18 1663
44 19 1615
44 20 384
44 21 1615
44 22 1567
44 23 336
44 24 1567
44 25 1519
44 26 288
44 27 1519
44 28 1471
44 29 240
44 30 1471
44 31 1423
44 32 192
44 33 1423
44 34 1375
44 35 144
44 36 1375
44 37 1327
44 38 96
44 39 1327
44 40 1279
44 41 48
44 42 1279
44 43 1231
44 44 0
44 45 1231
44 46 1279
44 47 48
44 48 1279
44 49 1327
44 50 96
44 51 1327
44 52 1375
44 53 144
44 54 1375
44 55 1423
44 56 192
44 57 1423
44 58 1471
44 59 240
44 60 1471
44 61 1519
44 62 288
44 63 1519
44 64 1567
44 65 336
44 66 1567
44 67 1615
44 68 384
44 69 1615
44 70 1783
45 0 3014
45 1 763
45 2 1560
45 3 1143
45 4 1188
45 5 1322
45 6 2635
45 7 1239
45 8 482
45 9 1031
45 10 329
45 11 1426
45 12 2532
45 13 1491
45 14 854
45 15 664
45 16 2894
45 17 1663
45 18 432
45 19 2846
45 20 1615
45 21 384
45 22 2798
45 23 1567
45 24 336
45 25 2750
45 26 1519
45 27 288
45 28 2702
45 29 1471
45 30 240
45 31 2654
45 32 1423
45 33 192
45 34 2606
45 35 1375
45 36 144
45 37 2558
45 38 1327
45 39 96
45 40 2510
45 41 1279
45 42 48
45 43 2462
45 44 1231
45 45 0
45 46 2510
45 47 1279
45 48 48
45 49 2558
45 50 1327
45 51 96
45 52 2606
45 53 1375
45 54 144
45 55 2654
45 56 1423
45 57 192
45 58 2702
45 59 1471
45 60 240
45 61 2750
45 62 1519
45 63 288
45 64 2798
45 65 1567
45 66 336
45 67 2846
45 68 1615
45 69 384
45 70 3014
46 0 600
46 1 2419
46 2 1430
46 3 1559
46 4 2090
46 5 1860
46 6 451
46 7 1751
46 8 2892
46 9 1959
46 10 2661
46 11 1756
46 12 842
46 13 1691
46 14 2328
46 15 2710
46 16 480
46 17 1711
46 18 2942
46 19 432
46 20 1663
46 21 2894
46 22 384
46 23 1615
46 24 2846
46 25 336
46 26 1567
46 27 2798
46 28 288
46 29 1519
46 30 2750
46 31 240
46 32 1471
46 33 2702
46 34 192
46 35 1423
46 36 2654
46 37 144
46 38 1375
46 39 2606
46 40 96
46 41 1327
46 42 2558
46 43 48
46 44 1279
46 45 2510
46 46 0
46 47 1231
46 48 2462
46 49 48
46 50 1279
46 51 2510
46 52 96
46 53 1327
46 54 2558
46 55 144
46 56 1375
46 57 2606
46 58 192
46 59 1423
46 60 2654
46 61 240
46 62 1471
46 63 2702
46 64 288
46 65 1519
46 66 2750
46 67 336
46 68 1567
46 69 2798
46 70 600
47 0 1831
47 1 1188
47 2 377
47 3 328
47 4 859
47 5 629
47 6 1452
47 7 520
47 8 1661
47 9 728
47 10 1430
47 11 525
47 12 1349
47 13 460
47 14 1097
47 15 1479
47 16 1711
47 17 480
47 18 1711
47 19 1663
47 20 432
47 21 1663
47 22 1615
47 23 384
47 24 1615
47 25 1567
47 26 336
47 27 1567
47 28 1519
47 29 288
47 30 1519
47 31 1471
47 32 240
47 33 1471
47 34 1423
47 35 192
47 36 1423
47 37 1375
47 38 144
47 39 1375
47 40 1327
47 41 96
47 42 1327
47 43 1279
47 44 48
47 45 1279
47 46 1231
47 47 0
47 48 1231
47 49 1279
47 50 48
47 51 1279
47 52 1327
47 53 96
47 54 1327
47 55 1375
47 56 144
47 57 1375
47 58 1423
47 59 192
47 60 1423
47 61 1471
47 62 240
47 63 1471
47 64 1519
47 65 288
47 66 1519
47 67 1567
47 68 336
47 69 1567
47 70 1831
48 0 3062
48 1 811
48 2 1608
48 3 1095
48 4 1236
48 5 1370
48 6 2683
48 7 1287
48 8 530
48 9 1079
48 10 377
48 11 1474
48 12 2580
48 13 1539
48 14 902
48 15 712
48 16 2942
48 17 1711
48 18 480
48 19 2894
48 20 1663
48 21 432
48 22 2846
48 23 1615
48 24 384
48 25 2798
48 26 1567
48 27 336
48 28 2750
48 29 1519
48 30 288
48 31 2702
48 32 1471
48 33 240
48 34 2654
48 35 1423
48 36 192
48 37 2606
48 38 1375
48 39 144
48 40 2558
48 41 1327
48 42 96
48 43 2510
48 44 1279
48 45 48
48 46 2462
48 47 1231
48 48 0
48 49 2510
48 50 1279
48 51 48
48 52 2558
48 53 1327
48 54 96
48 55 2606
48 56 1375
48 57 144
48 58 2654
48 59 1423
48 60 192
48 61 2702
48 62 1471
48 63 240
48 64 2750
48 65 1519
48 66 288
48 67 2798
48 68 1567
48 69 336
48 70 3062
49 0 648
49 1 2467
49 2 1478
49 3 1511
49 4 2138
49 5 1908
49 6 499
49 7 1799
49 8 2940
49 9 2007
49 10 2709
49 11 1804
49 12 890
49 13 1739
49 14 2376
49 15 2758
49 16 528
49 17 1759
49 18 2990
49 19 480
49 20 1711
49 21 2942
49 22 432
49 23 1663
49 24 2894
49 25 384
49 26 1615
49 27 2846
49 28 336
49 29 1567
49 30 2798
49 31 288
49 32 1519
49 33 2750
49 34 240
49 35 1471
49 36 2702
49 37 192
49 38 1423
49 39 2654
49 40 144
49 41 1375
49 42 2606
49 43 96
49 44 1327
49 45 2558
49 46 48
49 47 1279
49 48 2510
49 49 0
49 50 1231
49 51 2462
49 52 48
49 53 1279
49 54 2510
49 55 96
49 56 1327
49 57 2558
49 58 144
49 59 1375
49 60 2606
49 61 192
49 62 1423
49 63 2654
49 64 240
49 65 1471
49 66 2702
49 67 288
49 68 1519
49 69 2750
49 70 648
50 0 1879
50 1 1236
50 2 425
50 3 280
50 4 907
50 5 677
50 6 1500
50 7 568
50 8 1709
50 9 776
50 10 1478
50 11 573
50 12 1397
50 13 508
50 14 1145
50 15 1527
50 16 1759
50 17 528
50 18 1759
50 19 1711
50 20 480
50 21 1711
50 22 1663
50 23 432
50 24 1663
50 25 1615
50 26 384
50 27 1615
50 28 1567
50 29 336
50 30 1567
50 31 1519
50 32 288
50 33 1519
50 34 1471
50 35 240
50 36 1471
50 37 1423
50 38 192
50 39 1423
50 40 1375
50 41 144
50 42 1375
50 43 1327
50 44 96
50 45 1327
50 46 1279
50 47 48
50 48 1279
50 49 1231
50 50 0
50 51 1231
50 52 1279
50 53 48
50 54 1279
50 55 1327
50 56 96
50 57 1327
50 58 1375
50 59 144
50 60 1375
50 61 1423
50 62 192
50 63 1423
50 64 1471
50 65 240
50 66 1471
50 67 1519
50 68 288
50 69 1519
50 70 1879
51 0 3110
51 1 859
51 2 1656
51 3 1047
51 4 1284
51 5 1418
51 6 2731
51 7 1335
51 8 578
51 9 1127
51 10 425
51 11 1522
51 12 2628
51 13 1587
51 14 950
51 15 760
51 16 2990
51 17 1759
51 18 528
51 19 2942
51 20 1711
51 21 480
51 22 2894
51 23 1663
