//alpha
1
//NbLocations
55
//NbProducts
18
//NbPickers
2
//CapaPicker
8
//TimeToTravelOneDistanceUnit
3
//SetupTime
5400
//PickTime
300
//Products
//Idx Location Size
1 1 1
2 2 1
3 3 1
4 4 1
5 5 1
6 6 1
7 7 1
8 8 1
9 9 1
10 10 1
11 11 1
12 12 1
13 13 1
14 14 1
15 15 1
16 16 1
17 17 1
18 18 1
//Orders
//NbOrders
12
//Idx DueDate TardinessPenalty NbProdInOrder ProdIdx1 Qty1 ProdIdx2 Qty2 ...
1 108000 0 2 1 1 2 1
2 90000 0 1 3 1
3 108000 0 1 4 1
4 126000 0 1 5 1
5 90000 0 3 6 1 7 1 8 1
6 126000 0 2 9 1 10 1
7 126000 0 1 11 1
8 108000 0 1 12 1
9 126000 0 1 13 1
10 108000 0 3 14 1 15 1 16 1
11 126000 0 1 17 1
12 72000 0 1 18 1
//Graph (Products are vertices indexed from 1 to NbProducts)
//NbVerticesIntersections
36
//DepartingDepot
0
//ArrivalDepot
55
//Arcs
//Start End Distance
0 19 120
1 5 325
1 26 466
2 25 258
2 26 583
3 8 26
3 24 635
4 9 65
4 12 52
5 1 325
5 27 50
6 20 648
6 21 193
7 15 650
7 33 50
8 3 26
8 23 180
9 4 65
9 18 78
10 16 26
10 29 219
11 13 507
11 14 195
12 4 52
12 20 37
13 11 507
13 17 13
14 11 195
14 23 76
15 7 650
15 32 141
16 10 26
16 30 596
17 13 13
17 22 50
18 9 78
18 19 609
19 18 609
19 22 48
19 55 120
20 6 648
20 12 37
20 23 48
21 6 193
21 24 48
22 17 50
22 19 48
22 25 48
23 8 180
23 14 76
23 20 48
23 26 48
24 3 635
24 21 48
24 27 48
25 2 258
25 22 48
25 28 48
26 1 466
26 2 583
26 23 48
26 29 48
27 5 50
27 24 48
27 30 48
28 25 48
28 29 841
28 31 48
29 10 219
29 26 48
29 28 841
29 32 48
30 16 596
30 27 48
30 33 48
31 28 48
31 32 841
31 34 48
32 15 141
32 29 48
32 31 841
32 35 48
33 7 50
33 30 48
33 36 48
34 31 48
34 35 841
34 37 48
35 32 48
35 34 841
35 36 841
35 38 48
36 33 48
36 35 841
36 39 48
37 34 48
37 38 841
37 40 48
38 35 48
38 37 841
38 39 841
38 41 48
39 36 48
39 38 841
39 42 48
40 37 48
40 41 841
40 43 48
41 38 48
41 40 841
41 42 841
41 44 48
42 39 48
42 41 841
42 45 48
43 40 48
43 44 841
43 46 48
44 41 48
44 43 841
44 45 841
44 47 48
45 42 48
45 44 841
45 48 48
46 43 48
46 47 841
46 49 48
47 44 48
47 46 841
47 48 841
47 50 48
48 45 48
48 47 841
48 51 48
49 46 48
49 50 841
49 52 48
50 47 48
50 49 841
50 51 841
50 53 48
51 48 48
51 50 841
51 54 48
52 49 48
52 53 841
53 50 48
53 52 841
53 54 841
54 51 48
54 53 841
//LocStart LocEnd ShortestPath
0 0 0
0 1 1523
0 2 474
0 3 1215
0 4 872
0 5 1848
0 6 1609
0 7 1944
0 8 1189
0 9 807
0 10 1324
0 11 738
0 12 924
0 13 231
0 14 933
0 15 1294
0 16 1350
0 17 218
0 18 729
0 19 120
0 20 961
0 21 1802
0 22 168
0 23 1009
0 24 1850
0 25 216
0 26 1057
0 27 1898
0 28 264
0 29 1105
0 30 1946
0 31 312
0 32 1153
0 33 1994
0 34 360
0 35 1201
0 36 2042
0 37 408
0 38 1249
0 39 2090
0 40 456
0 41 1297
0 42 2138
0 43 504
0 44 1345
0 45 2186
0 46 552
0 47 1393
0 48 2234
0 49 600
0 50 1441
0 51 2282
0 52 648
0 53 1489
0 54 2330
0 55 0
1 0 1523
1 1 0
1 2 1049
1 3 720
1 4 651
1 5 325
1 6 664
1 7 521
1 8 694
1 9 716
1 10 733
1 11 785
1 12 599
1 13 1292
1 14 590
1 15 703
1 16 759
1 17 1305
1 18 794
1 19 1403
1 20 562
1 21 471
1 22 1355
1 23 514
1 24 423
1 25 1307
1 26 466
1 27 375
1 28 1355
1 29 514
1 30 423
1 31 1403
1 32 562
1 33 471
1 34 1451
1 35 610
1 36 519
1 37 1499
1 38 658
1 39 567
1 40 1547
1 41 706
1 42 615
1 43 1595
1 44 754
1 45 663
1 46 1643
1 47 802
1 48 711
1 49 1691
1 50 850
1 51 759
1 52 1739
1 53 898
1 54 807
1 55 1523
2 0 474
2 1 1049
2 2 0
2 3 837
2 4 768
2 5 1374
2 6 1327
2 7 1470
2 8 811
2 9 833
2 10 850
2 11 876
2 12 716
2 13 369
2 14 707
2 15 820
2 16 876
2 17 356
2 18 911
2 19 354
2 20 679
2 21 1520
2 22 306
2 23 631
2 24 1472
2 25 258
2 26 583
2 27 1424
2 28 306
2 29 631
2 30 1472
2 31 354
2 32 679
2 33 1520
2 34 402
2 35 727
2 36 1568
2 37 450
2 38 775
2 39 1616
2 40 498
2 41 823
2 42 1664
2 43 546
2 44 871
2 45 1712
2 46 594
2 47 919
2 48 1760
2 49 642
2 50 967
2 51 1808
2 52 690
2 53 1015
2 54 1856
2 55 474
3 0 1215
3 1 720
3 2 837
3 3 0
3 4 343
3 5 733
3 6 876
3 7 829
3 8 26
3 9 408
3 10 521
3 11 477
3 12 291
3 13 984
3 14 282
3 15 491
3 16 547
3 17 997
3 18 486
3 19 1095
3 20 254
3 21 683
3 22 1047
3 23 206
3 24 635
3 25 1095
3 26 254
3 27 683
3 28 1143
3 29 302
3 30 731
3 31 1191
3 32 350
3 33 779
3 34 1239
3 35 398
3 36 827
3 37 1287
3 38 446
3 39 875
3 40 1335
3 41 494
3 42 923
3 43 1383
3 44 542
3 45 971
3 46 1431
3 47 590
3 48 1019
3 49 1479
3 50 638
3 51 1067
3 52 1527
3 53 686
3 54 1115
3 55 1215
4 0 872
4 1 651
4 2 768
4 3 343
4 4 0
4 5 976
4 6 737
4 7 1072
4 8 317
4 9 65
4 10 452
4 11 408
4 12 52
4 13 863
4 14 213
4 15 422
4 16 478
4 17 850
4 18 143
4 19 752
4 20 89
4 21 930
4 22 800
4 23 137
4 24 978
4 25 848
4 26 185
4 27 1026
4 28 896
4 29 233
4 30 1074
4 31 944
4 32 281
4 33 1122
4 34 992
4 35 329
4 36 1170
4 37 1040
4 38 377
4 39 1218
4 40 1088
4 41 425
4 42 1266
4 43 1136
4 44 473
4 45 1314
4 46 1184
4 47 521
4 48 1362
4 49 1232
4 50 569
4 51 1410
4 52 1280
4 53 617
4 54 1458
4 55 872
5 0 1848
5 1 325
5 2 1374
5 3 733
5 4 976
5 5 0
5 6 339
5 7 196
5 8 759
5 9 1041
5 10 720
5 11 1110
5 12 924
5 13 1617
5 14 915
5 15 846
5 16 694
5 17 1630
5 18 1119
5 19 1728
5 20 887
5 21 146
5 22 1680
5 23 839
5 24 98
5 25 1632
5 26 791
5 27 50
5 28 1680
5 29 839
5 30 98
5 31 1728
5 32 887
5 33 146
5 34 1776
5 35 935
5 36 194
5 37 1824
5 38 983
5 39 242
5 40 1872
5 41 1031
5 42 290
5 43 1920
5 44 1079
5 45 338
5 46 1968
5 47 1127
5 48 386
5 49 2016
5 50 1175
5 51 434
5 52 2064
5 53 1223
5 54 482
5 55 1848
6 0 1609
6 1 664
6 2 1327
6 3 876
6 4 737
6 5 339
6 6 0
6 7 435
6 8 876
6 9 802
6 10 959
6 11 967
6 12 685
6 13 1474
6 14 772
6 15 981
6 16 933
6 17 1487
6 18 880
6 19 1489
6 20 648
6 21 193
6 22 1537
6 23 696
6 24 241
6 25 1585
6 26 744
6 27 289
6 28 1633
6 29 792
6 30 337
6 31 1681
6 32 840
6 33 385
6 34 1729
6 35 888
6 36 433
6 37 1777
6 38 936
6 39 481
6 40 1825
6 41 984
6 42 529
6 43 1873
6 44 1032
6 45 577
6 46 1921
6 47 1080
6 48 625
6 49 1969
6 50 1128
6 51 673
6 52 2017
6 53 1176
6 54 721
6 55 1609
7 0 1944
7 1 521
7 2 1470
7 3 829
7 4 1072
7 5 196
7 6 435
7 7 0
7 8 855
7 9 1137
7 10 720
7 11 1206
7 12 1020
7 13 1713
7 14 1011
7 15 650
7 16 694
7 17 1726
7 18 1215
7 19 1824
7 20 983
7 21 242
7 22 1776
7 23 935
7 24 194
7 25 1728
7 26 887
7 27 146
7 28 1680
7 29 839
7 30 98
7 31 1632
7 32 791
7 33 50
7 34 1680
7 35 839
7 36 98
7 37 1728
7 38 887
7 39 146
7 40 1776
7 41 935
7 42 194
7 43 1824
7 44 983
7 45 242
7 46 1872
7 47 1031
7 48 290
7 49 1920
7 50 1079
7 51 338
7 52 1968
7 53 1127
7 54 386
7 55 1944
8 0 1189
8 1 694
8 2 811
8 3 26
8 4 317
8 5 759
8 6 876
8 7 855
8 8 0
8 9 382
8 10 495
8 11 451
8 12 265
8 13 958
8 14 256
8 15 465
8 16 521
8 17 971
8 18 460
8 19 1069
8 20 228
8 21 709
8 22 1021
8 23 180
8 24 661
8 25 1069
8 26 228
8 27 709
8 28 1117
8 29 276
8 30 757
8 31 1165
8 32 324
8 33 805
8 34 1213
8 35 372
8 36 853
8 37 1261
8 38 420
8 39 901
8 40 1309
8 41 468
8 42 949
8 43 1357
8 44 516
8 45 997
8 46 1405
8 47 564
8 48 1045
8 49 1453
8 50 612
8 51 1093
8 52 1501
8 53 660
8 54 1141
8 55 1189
9 0 807
9 1 716
9 2 833
9 3 408
9 4 65
9 5 1041
9 6 802
9 7 1137
9 8 382
9 9 0
9 10 517
9 11 473
9 12 117
9 13 798
9 14 278
9 15 487
9 16 543
9 17 785
9 18 78
9 19 687
9 20 154
9 21 995
9 22 735
9 23 202
9 24 1043
9 25 783
9 26 250
9 27 1091
9 28 831
9 29 298
9 30 1139
9 31 879
9 32 346
9 33 1187
9 34 927
9 35 394
9 36 1235
9 37 975
9 38 442
9 39 1283
9 40 1023
9 41 490
9 42 1331
9 43 1071
9 44 538
9 45 1379
9 46 1119
9 47 586
9 48 1427
9 49 1167
9 50 634
9 51 1475
9 52 1215
9 53 682
9 54 1523
9 55 807
10 0 1324
10 1 733
10 2 850
10 3 521
10 4 452
10 5 720
10 6 959
10 7 720
10 8 495
10 9 517
10 10 0
10 11 586
10 12 400
10 13 1093
10 14 391
10 15 408
10 16 26
10 17 1106
10 18 595
10 19 1204
10 20 363
10 21 766
10 22 1156
10 23 315
10 24 718
10 25 1108
10 26 267
10 27 670
10 28 1060
10 29 219
10 30 622
10 31 1108
10 32 267
10 33 670
10 34 1156
10 35 315
10 36 718
10 37 1204
10 38 363
10 39 766
10 40 1252
10 41 411
10 42 814
10 43 1300
10 44 459
10 45 862
10 46 1348
10 47 507
10 48 910
10 49 1396
10 50 555
10 51 958
10 52 1444
10 53 603
10 54 1006
10 55 1324
11 0 738
11 1 785
11 2 876
11 3 477
11 4 408
11 5 1110
11 6 967
11 7 1206
11 8 451
11 9 473
11 10 586
11 11 0
11 12 356
11 13 507
11 14 195
11 15 556
11 16 612
11 17 520
11 18 551
11 19 618
11 20 319
11 21 1160
11 22 570
11 23 271
11 24 1112
11 25 618
11 26 319
11 27 1160
11 28 666
11 29 367
11 30 1208
11 31 714
11 32 415
11 33 1256
11 34 762
11 35 463
11 36 1304
11 37 810
11 38 511
11 39 1352
11 40 858
11 41 559
11 42 1400
11 43 906
11 44 607
11 45 1448
11 46 954
11 47 655
11 48 1496
11 49 1002
11 50 703
11 51 1544
11 52 1050
11 53 751
11 54 1592
11 55 738
12 0 924
12 1 599
12 2 716
12 3 291
12 4 52
12 5 924
12 6 685
12 7 1020
12 8 265
12 9 117
12 10 400
12 11 356
12 12 0
12 13 863
12 14 161
12 15 370
12 16 426
12 17 876
12 18 195
12 19 804
12 20 37
12 21 878
12 22 852
12 23 85
12 24 926
12 25 900
12 26 133
12 27 974
12 28 948
12 29 181
12 30 1022
12 31 996
12 32 229
12 33 1070
12 34 1044
12 35 277
12 36 1118
12 37 1092
12 38 325
12 39 1166
12 40 1140
12 41 373
12 42 1214
12 43 1188
12 44 421
12 45 1262
12 46 1236
12 47 469
12 48 1310
12 49 1284
12 50 517
12 51 1358
12 52 1332
12 53 565
12 54 1406
12 55 924
13 0 231
13 1 1292
13 2 369
13 3 984
13 4 863
13 5 1617
13 6 1474
13 7 1713
13 8 958
13 9 798
13 10 1093
13 11 507
13 12 863
13 13 0
13 14 702
13 15 1063
13 16 1119
13 17 13
13 18 720
13 19 111
13 20 826
13 21 1667
13 22 63
13 23 778
13 24 1619
13 25 111
13 26 826
13 27 1667
13 28 159
13 29 874
13 30 1715
13 31 207
13 32 922
13 33 1763
13 34 255
13 35 970
13 36 1811
13 37 303
13 38 1018
13 39 1859
13 40 351
13 41 1066
13 42 1907
13 43 399
13 44 1114
13 45 1955
13 46 447
13 47 1162
13 48 2003
13 49 495
13 50 1210
13 51 2051
13 52 543
13 53 1258
13 54 2099
13 55 231
14 0 933
14 1 590
14 2 707
14 3 282
14 4 213
14 5 915
14 6 772
14 7 1011
14 8 256
14 9 278
14 10 391
14 11 195
14 12 161
14 13 702
14 14 0
14 15 361
14 16 417
14 17 715
14 18 356
14 19 813
14 20 124
14 21 965
14 22 765
14 23 76
14 24 917
14 25 813
14 26 124
14 27 965
14 28 861
14 29 172
14 30 1013
14 31 909
14 32 220
14 33 1061
14 34 957
14 35 268
14 36 1109
14 37 1005
14 38 316
14 39 1157
14 40 1053
14 41 364
14 42 1205
14 43 1101
14 44 412
14 45 1253
14 46 1149
14 47 460
14 48 1301
14 49 1197
14 50 508
14 51 1349
14 52 1245
14 53 556
14 54 1397
14 55 933
15 0 1294
15 1 703
15 2 820
15 3 491
15 4 422
15 5 846
15 6 981
15 7 650
15 8 465
15 9 487
15 10 408
15 11 556
15 12 370
15 13 1063
15 14 361
15 15 0
15 16 434
15 17 1076
15 18 565
15 19 1174
15 20 333
15 21 892
15 22 1126
15 23 285
15 24 844
15 25 1078
15 26 237
15 27 796
15 28 1030
15 29 189
15 30 748
15 31 982
15 32 141
15 33 700
15 34 1030
15 35 189
15 36 748
15 37 1078
15 38 237
15 39 796
15 40 1126
15 41 285
15 42 844
15 43 1174
15 44 333
15 45 892
15 46 1222
15 47 381
15 48 940
15 49 1270
15 50 429
15 51 988
15 52 1318
15 53 477
15 54 1036
15 55 1294
16 0 1350
16 1 759
16 2 876
16 3 547
16 4 478
16 5 694
16 6 933
16 7 694
16 8 521
16 9 543
16 10 26
16 11 612
16 12 426
16 13 1119
16 14 417
16 15 434
16 16 0
16 17 1132
16 18 621
16 19 1230
16 20 389
16 21 740
16 22 1182
16 23 341
16 24 692
16 25 1134
16 26 293
16 27 644
16 28 1086
16 29 245
16 30 596
16 31 1134
16 32 293
16 33 644
16 34 1182
16 35 341
16 36 692
16 37 1230
16 38 389
16 39 740
16 40 1278
16 41 437
16 42 788
16 43 1326
16 44 485
16 45 836
16 46 1374
16 47 533
16 48 884
16 49 1422
16 50 581
16 51 932
16 52 1470
16 53 629
16 54 980
16 55 1350
17 0 218
17 1 1305
17 2 356
17 3 997
17 4 850
17 5 1630
17 6 1487
17 7 1726
17 8 971
17 9 785
17 10 1106
17 11 520
17 12 876
17 13 13
17 14 715
17 15 1076
17 16 1132
17 17 0
17 18 707
17 19 98
17 20 839
17 21 1680
17 22 50
17 23 791
17 24 1632
17 25 98
17 26 839
17 27 1680
17 28 146
17 29 887
17 30 1728
17 31 194
17 32 935
17 33 1776
17 34 242
17 35 983
17 36 1824
17 37 290
17 38 1031
17 39 1872
17 40 338
17 41 1079
17 42 1920
17 43 386
17 44 1127
17 45 1968
17 46 434
17 47 1175
17 48 2016
17 49 482
17 50 1223
17 51 2064
17 52 530
17 53 1271
17 54 2112
17 55 218
18 0 729
18 1 794
18 2 911
18 3 486
18 4 143
18 5 1119
18 6 880
18 7 1215
18 8 460
18 9 78
18 10 595
18 11 551
18 12 195
18 13 720
18 14 356
18 15 565
18 16 621
18 17 707
18 18 0
18 19 609
18 20 232
18 21 1073
18 22 657
18 23 280
18 24 1121
18 25 705
18 26 328
18 27 1169
18 28 753
18 29 376
18 30 1217
18 31 801
18 32 424
18 33 1265
18 34 849
18 35 472
18 36 1313
18 37 897
18 38 520
18 39 1361
18 40 945
18 41 568
18 42 1409
18 43 993
18 44 616
18 45 1457
18 46 1041
18 47 664
18 48 1505
18 49 1089
18 50 712
18 51 1553
18 52 1137
18 53 760
18 54 1601
18 55 729
19 0 120
19 1 1403
19 2 354
19 3 1095
19 4 752
19 5 1728
19 6 1489
19 7 1824
19 8 1069
19 9 687
19 10 1204
19 11 618
19 12 804
19 13 111
19 14 813
19 15 1174
19 16 1230
19 17 98
19 18 609
19 19 0
19 20 841
19 21 1682
19 22 48
19 23 889
19 24 1730
19 25 96
19 26 937
19 27 1778
19 28 144
19 29 985
19 30 1826
19 31 192
19 32 1033
19 33 1874
19 34 240
19 35 1081
19 36 1922
19 37 288
19 38 1129
19 39 1970
19 40 336
19 41 1177
19 42 2018
19 43 384
19 44 1225
19 45 2066
19 46 432
19 47 1273
19 48 2114
19 49 480
19 50 1321
19 51 2162
19 52 528
19 53 1369
19 54 2210
19 55 120
20 0 961
20 1 562
20 2 679
20 3 254
20 4 89
20 5 887
20 6 648
20 7 983
20 8 228
20 9 154
20 10 363
20 11 319
20 12 37
20 13 826
20 14 124
20 15 333
20 16 389
20 17 839
20 18 232
20 19 841
20 20 0
20 21 841
20 22 889
20 23 48
20 24 889
20 25 937
20 26 96
20 27 937
20 28 985
20 29 144
20 30 985
20 31 1033
20 32 192
20 33 1033
20 34 1081
20 35 240
20 36 1081
20 37 1129
20 38 288
20 39 1129
20 40 1177
20 41 336
20 42 1177
20 43 1225
20 44 384
20 45 1225
20 46 1273
20 47 432
20 48 1273
20 49 1321
20 50 480
20 51 1321
20 52 1369
20 53 528
20 54 1369
20 55 961
21 0 1802
21 1 471
21 2 1520
21 3 683
21 4 930
21 5 146
21 6 193
21 7 242
21 8 709
21 9 995
21 10 766
21 11 1160
21 12 878
21 13 1667
21 14 965
21 15 892
21 16 740
21 17 1680
21 18 1073
21 19 1682
21 20 841
21 21 0
21 22 1730
21 23 889
21 24 48
21 25 1778
21 26 937
21 27 96
21 28 1826
21 29 985
21 30 144
21 31 1874
21 32 1033
21 33 192
21 34 1922
21 35 1081
21 36 240
21 37 1970
21 38 1129
21 39 288
21 40 2018
21 41 1177
21 42 336
21 43 2066
21 44 1225
21 45 384
21 46 2114
21 47 1273
21 48 432
21 49 2162
21 50 1321
21 51 480
21 52 2210
21 53 1369
21 54 528
21 55 1802
22 0 168
22 1 1355
22 2 306
22 3 1047
22 4 800
22 5 1680
22 6 1537
22 7 1776
22 8 1021
22 9 735
22 10 1156
22 11 570
22 12 852
22 13 63
22 14 765
22 15 1126
22 16 1182
22 17 50
22 18 657
22 19 48
22 20 889
22 21 1730
22 22 0
22 23 841
22 24 1682
22 25 48
22 26 889
22 27 1730
22 28 96
22 29 937
22 30 1778
22 31 144
22 32 985
22 33 1826
22 34 192
22 35 1033
22 36 1874
22 37 240
22 38 1081
22 39 1922
22 40 288
22 41 1129
22 42 1970
22 43 336
22 44 1177
22 45 2018
22 46 384
22 47 1225
22 48 2066
22 49 432
22 50 1273
22 51 2114
22 52 480
22 53 1321
22 54 2162
22 55 168
23 0 1009
23 1 514
23 2 631
23 3 206
23 4 137
23 5 839
23 6 696
23 7 935
23 8 180
23 9 202
23 10 315
23 11 271
23 12 85
23 13 778
23 14 76
23 15 285
23 16 341
23 17 791
23 18 280
23 19 889
23 20 48
23 21 889
23 22 841
23 23 0
23 24 841
23 25 889
23 26 48
23 27 889
23 28 937
23 29 96
23 30 937
23 31 985
23 32 144
23 33 985
23 34 1033
23 35 192
23 36 1033
23 37 1081
23 38 240
23 39 1081
23 40 1129
23 41 288
23 42 1129
23 43 1177
23 44 336
23 45 1177
23 46 1225
23 47 384
23 48 1225
23 49 1273
23 50 432
23 51 1273
23 52 1321
23 53 480
23 54 1321
23 55 1009
24 0 1850
24 1 423
24 2 1472
24 3 635
24 4 978
24 5 98
24 6 241
24 7 194
24 8 661
24 9 1043
24 10 718
24 11 1112
24 12 926
24 13 1619
24 14 917
24 15 844
24 16 692
24 17 1632
24 18 1121
24 19 1730
24 20 889
24 21 48
24 22 1682
24 23 841
24 24 0
24 25 1730
24 26 889
24 27 48
24 28 1778
24 29 937
24 30 96
24 31 1826
24 32 985
24 33 144
24 34 1874
24 35 1033
24 36 192
24 37 1922
24 38 1081
24 39 240
24 40 1970
24 41 1129
24 42 288
24 43 2018
24 44 1177
24 45 336
24 46 2066
24 47 1225
24 48 384
24 49 2114
24 50 1273
24 51 432
24 52 2162
24 53 1321
24 54 480
24 55 1850
25 0 216
25 1 1307
25 2 258
25 3 1095
25 4 848
25 5 1632
25 6 1585
25 7 1728
25 8 1069
25 9 783
25 10 1108
25 11 618
25 12 900
25 13 111
25 14 813
25 15 1078
25 16 1134
25 17 98
25 18 705
25 19 96
25 20 937
25 21 1778
25 22 48
25 23 889
25 24 1730
25 25 0
25 26 841
25 27 1682
25 28 48
25 29 889
25 30 1730
25 31 96
25 32 937
25 33 1778
25 34 144
25 35 985
25 36 1826
25 37 192
25 38 1033
25 39 1874
25 40 240
25 41 1081
25 42 1922
25 43 288
25 44 1129
25 45 1970
25 46 336
25 47 1177
25 48 2018
25 49 384
25 50 1225
25 51 2066
25 52 432
25 53 1273
25 54 2114
25 55 216
26 0 1057
26 1 466
26 2 583
26 3 254
26 4 185
26 5 791
26 6 744
26 7 887
26 8 228
26 9 250
26 10 267
26 11 319
26 12 133
26 13 826
26 14 124
26 15 237
26 16 293
26 17 839
26 18 328
26 19 937
26 20 96
26 21 937
26 22 889
26 23 48
26 24 889
26 25 841
26 26 0
26 27 841
26 28 889
26 29 48
26 30 889
26 31 937
26 32 96
26 33 937
26 34 985
26 35 144
26 36 985
26 37 1033
26 38 192
26 39 1033
26 40 1081
26 41 240
26 42 1081
26 43 1129
26 44 288
26 45 1129
26 46 1177
26 47 336
26 48 1177
26 49 1225
26 50 384
26 51 1225
26 52 1273
26 53 432
26 54 1273
26 55 1057
27 0 1898
27 1 375
27 2 1424
27 3 683
27 4 1026
27 5 50
27 6 289
27 7 146
27 8 709
27 9 1091
27 10 670
27 11 1160
27 12 974
27 13 1667
27 14 965
27 15 796
27 16 644
27 17 1680
27 18 1169
27 19 1778
27 20 937
27 21 96
27 22 1730
27 23 889
27 24 48
27 25 1682
27 26 841
27 27 0
27 28 1730
27 29 889
27 30 48
27 31 1778
27 32 937
27 33 96
27 34 1826
27 35 985
27 36 144
27 37 1874
27 38 1033
27 39 192
27 40 1922
27 41 1081
27 42 240
27 43 1970
27 44 1129
27 45 288
27 46 2018
27 47 1177
27 48 336
27 49 2066
27 50 1225
27 51 384
27 52 2114
27 53 1273
27 54 432
27 55 1898
28 0 264
28 1 1355
28 2 306
28 3 1143
28 4 896
28 5 1680
28 6 1633
28 7 1680
28 8 1117
28 9 831
28 10 1060
28 11 666
28 12 948
28 13 159
28 14 861
28 15 1030
28 16 1086
28 17 146
28 18 753
28 19 144
28 20 985
28 21 1826
28 22 96
28 23 937
28 24 1778
28 25 48
28 26 889
28 27 1730
28 28 0
28 29 841
28 30 1682
28 31 48
28 32 889
28 33 1730
28 34 96
28 35 937
28 36 1778
28 37 144
28 38 985
28 39 1826
28 40 192
28 41 1033
28 42 1874
28 43 240
28 44 1081
28 45 1922
28 46 288
28 47 1129
28 48 1970
28 49 336
28 50 1177
28 51 2018
28 52 384
28 53 1225
28 54 2066
28 55 264
29 0 1105
29 1 514
29 2 631
29 3 302
29 4 233
29 5 839
29 6 792
29 7 839
29 8 276
29 9 298
29 10 219
29 11 367
29 12 181
29 13 874
29 14 172
29 15 189
29 16 245
29 17 887
29 18 376
29 19 985
29 20 144
29 21 985
29 22 937
29 23 96
29 24 937
29 25 889
29 26 48
29 27 889
29 28 841
29 29 0
29 30 841
29 31 889
29 32 48
29 33 889
29 34 937
29 35 96
29 36 937
29 37 985
29 38 144
29 39 985
29 40 1033
29 41 192
29 42 1033
29 43 1081
29 44 240
29 45 1081
29 46 1129
29 47 288
29 48 1129
29 49 1177
29 50 336
29 51 1177
29 52 1225
29 53 384
29 54 1225
29 55 1105
30 0 1946
30 1 423
30 2 1472
30 3 731
30 4 1074
30 5 98
30 6 337
30 7 98
30 8 757
30 9 1139
30 10 622
30 11 1208
30 12 1022
30 13 1715
30 14 1013
30 15 748
30 16 596
30 17 1728
30 18 1217
30 19 1826
30 20 985
30 21 144
30 22 1778
30 23 937
30 24 96
30 25 1730
30 26 889
30 27 48
30 28 1682
30 29 841
30 30 0
30 31 1730
30 32 889
30 33 48
30 34 1778
30 35 937
30 36 96
30 37 1826
30 38 985
30 39 144
30 40 1874
30 41 1033
30 42 192
30 43 1922
30 44 1081
30 45 240
30 46 1970
30 47 1129
30 48 288
30 49 2018
30 50 1177
30 51 336
30 52 2066
30 53 1225
30 54 384
30 55 1946
31 0 312
31 1 1403
31 2 354
31 3 1191
31 4 944
31 5 1728
31 6 1681
31 7 1632
31 8 1165
31 9 879
31 10 1108
31 11 714
31 12 996
31 13 207
31 14 909
31 15 982
31 16 1134
31 17 194
31 18 801
31 19 192
31 20 1033
31 21 1874
31 22 144
31 23 985
31 24 1826
31 25 96
31 26 937
31 27 1778
31 28 48
31 29 889
31 30 1730
31 31 0
31 32 841
31 33 1682
31 34 48
31 35 889
31 36 1730
31 37 96
31 38 937
31 39 1778
31 40 144
31 41 985
31 42 1826
31 43 192
31 44 1033
31 45 1874
31 46 240
31 47 1081
31 48 1922
31 49 288
31 50 1129
31 51 1970
31 52 336
31 53 1177
31 54 2018
31 55 312
32 0 1153
32 1 562
32 2 679
32 3 350
32 4 281
32 5 887
32 6 840
32 7 791
32 8 324
32 9 346
32 10 267
32 11 415
32 12 229
32 13 922
32 14 220
32 15 141
32 16 293
32 17 935
32 18 424
32 19 1033
32 20 192
32 21 1033
32 22 985
32 23 144
32 24 985
32 25 937
32 26 96
32 27 937
32 28 889
32 29 48
32 30 889
32 31 841
32 32 0
32 33 841
32 34 889
32 35 48
32 36 889
32 37 937
32 38 96
32 39 937
32 40 985
32 41 144
32 42 985
32 43 1033
32 44 192
32 45 1033
32 46 1081
32 47 240
32 48 1081
32 49 1129
32 50 288
32 51 1129
32 52 1177
32 53 336
32 54 1177
32 55 1153
33 0 1994
33 1 471
33 2 1520
33 3 779
33 4 1122
33 5 146
33 6 385
33 7 50
33 8 805
33 9 1187
33 10 670
33 11 1256
33 12 1070
33 13 1763
33 14 1061
33 15 700
33 16 644
33 17 1776
33 18 1265
33 19 1874
33 20 1033
33 21 192
33 22 1826
33 23 985
33 24 144
33 25 1778
33 26 937
33 27 96
33 28 1730
33 29 889
33 30 48
33 31 1682
33 32 841
33 33 0
33 34 1730
33 35 889
33 36 48
33 37 1778
33 38 937
33 39 96
33 40 1826
33 41 985
33 42 144
33 43 1874
33 44 1033
33 45 192
33 46 1922
33 47 1081
33 48 240
33 49 1970
33 50 1129
33 51 288
33 52 2018
33 53 1177
33 54 336
33 55 1994
34 0 360
34 1 1451
34 2 402
34 3 1239
34 4 992
34 5 1776
34 6 1729
34 7 1680
34 8 1213
34 9 927
34 10 1156
34 11 762
34 12 1044
34 13 255
34 14 957
34 15 1030
34 16 1182
34 17 242
34 18 849
34 19 240
34 20 1081
34 21 1922
34 22 192
34 23 1033
34 24 1874
34 25 144
34 26 985
34 27 1826
34 28 96
34 29 937
34 30 1778
34 31 48
34 32 889
34 33 1730
34 34 0
34 35 841
34 36 1682
34 37 48
34 38 889
34 39 1730
34 40 96
34 41 937
34 42 1778
34 43 144
34 44 985
34 45 1826
34 46 192
34 47 1033
34 48 1874
34 49 240
34 50 1081
34 51 1922
34 52 288
34 53 1129
34 54 1970
34 55 360
35 0 1201
35 1 610
35 2 727
35 3 398
35 4 329
35 5 935
35 6 888
35 7 839
35 8 372
35 9 394
35 10 315
35 11 463
35 12 277
35 13 970
35 14 268
35 15 189
35 16 341
35 17 983
35 18 472
35 19 1081
35 20 240
35 21 1081
35 22 1033
35 23 192
35 24 1033
35 25 985
35 26 144
35 27 985
35 28 937
35 29 96
35 30 937
35 31 889
35 32 48
35 33 889
35 34 841
35 35 0
35 36 841
35 37 889
35 38 48
35 39 889
35 40 937
35 41 96
35 42 937
35 43 985
35 44 144
35 45 985
35 46 1033
35 47 192
35 48 1033
35 49 1081
35 50 240
35 51 1081
35 52 1129
35 53 288
35 54 1129
35 55 1201
36 0 2042
36 1 519
36 2 1568
36 3 827
36 4 1170
36 5 194
36 6 433
36 7 98
36 8 853
36 9 1235
36 10 718
36 11 1304
36 12 1118
36 13 1811
36 14 1109
36 15 748
36 16 692
36 17 1824
36 18 1313
36 19 1922
36 20 1081
36 21 240
36 22 1874
36 23 1033
36 24 192
36 25 1826
36 26 985
36 27 144
36 28 1778
36 29 937
36 30 96
36 31 1730
36 32 889
36 33 48
36 34 1682
36 35 841
36 36 0
36 37 1730
36 38 889
36 39 48
36 40 1778
36 41 937
36 42 96
36 43 1826
36 44 985
36 45 144
36 46 1874
36 47 1033
36 48 192
36 49 1922
36 50 1081
36 51 240
36 52 1970
36 53 1129
36 54 288
36 55 2042
37 0 408
37 1 1499
37 2 450
37 3 1287
37 4 1040
37 5 1824
37 6 1777
37 7 1728
37 8 1261
37 9 975
37 10 1204
37 11 810
37 12 1092
37 13 303
37 14 1005
37 15 1078
37 16 1230
37 17 290
37 18 897
37 19 288
37 20 1129
37 21 1970
37 22 240
37 23 1081
37 24 1922
37 25 192
37 26 1033
37 27 1874
37 28 144
37 29 985
37 30 1826
37 31 96
37 32 937
37 33 1778
37 34 48
37 35 889
37 36 1730
37 37 0
37 38 841
37 39 1682
37 40 48
37 41 889
37 42 1730
37 43 96
37 44 937
37 45 1778
37 46 144
37 47 985
37 48 1826
37 49 192
37 50 1033
37 51 1874
37 52 240
37 53 1081
37 54 1922
37 55 408
38 0 1249
38 1 658
38 2 775
38 3 446
38 4 377
38 5 983
38 6 936
38 7 887
38 8 420
38 9 442
38 10 363
38 11 511
38 12 325
38 13 1018
38 14 316
38 15 237
38 16 389
38 17 1031
38 18 520
38 19 1129
38 20 288
38 21 1129
38 22 1081
38 23 240
38 24 1081
38 25 1033
38 26 192
38 27 1033
38 28 985
38 29 144
38 30 985
38 31 937
38 32 96
38 33 937
38 34 889
38 35 48
38 36 889
38 37 841
38 38 0
38 39 841
38 40 889
38 41 48
38 42 889
38 43 937
38 44 96
38 45 937
38 46 985
38 47 144
38 48 985
38 49 1033
38 50 192
38 51 1033
38 52 1081
38 53 240
38 54 1081
38 55 1249
39 0 2090
39 1 567
39 2 1616
39 3 875
39 4 1218
39 5 242
39 6 481
39 7 146
39 8 901
39 9 1283
39 10 766
39 11 1352
39 12 1166
39 13 1859
39 14 1157
39 15 796
39 16 740
39 17 1872
39 18 1361
39 19 1970
39 20 1129
39 21 288
39 22 1922
39 23 1081
39 24 240
39 25 1874
39 26 1033
39 27 192
39 28 1826
39 29 985
39 30 144
39 31 1778
39 32 937
39 33 96
39 34 1730
39 35 889
39 36 48
39 37 1682
39 38 841
39 39 0
39 40 1730
39 41 889
39 42 48
39 43 1778
39 44 937
39 45 96
39 46 1826
39 47 985
39 48 144
39 49 1874
39 50 1033
39 51 192
39 52 1922
39 53 1081
39 54 240
39 55 2090
40 0 456
40 1 1547
40 2 498
40 3 1335
40 4 1088
40 5 1872
40 6 1825
40 7 1776
40 8 1309
40 9 1023
40 10 1252
40 11 858
40 12 1140
40 13 351
40 14 1053
40 15 1126
40 16 1278
40 17 338
40 18 945
40 19 336
40 20 1177
40 21 2018
40 22 288
40 23 1129
40 24 1970
40 25 240
40 26 1081
40 27 1922
40 28 192
40 29 1033
40 30 1874
40 31 144
40 32 985
40 33 1826
40 34 96
40 35 937
40 36 1778
40 37 48
40 38 889
40 39 1730
40 40 0
40 41 841
40 42 1682
40 43 48
40 44 889
40 45 1730
40 46 96
40 47 937
40 48 1778
40 49 144
40 50 985
40 51 1826
40 52 192
40 53 1033
40 54 1874
40 55 456
41 0 1297
41 1 706
41 2 823
41 3 494
41 4 425
41 5 1031
41 6 984
41 7 935
41 8 468
41 9 490
41 10 411
41 11 559
41 12 373
41 13 1066
41 14 364
41 15 285
41 16 437
41 17 1079
41 18 568
41 19 1177
41 20 336
41 21 1177
41 22 1129
41 23 288
41 24 1129
41 25 1081
41 26 240
41 27 1081
41 28 1033
41 29 192
41 30 1033
41 31 985
41 32 144
41 33 985
41 34 937
41 35 96
41 36 937
41 37 889
41 38 48
41 39 889
41 40 841
41 41 0
41 42 841
41 43 889
41 44 48
41 45 889
41 46 937
41 47 96
41 48 937
41 49 985
41 50 144
41 51 985
41 52 1033
41 53 192
41 54 1033
41 55 1297
42 0 2138
42 1 615
42 2 1664
42 3 923
42 4 1266
42 5 290
42 6 529
42 7 194
42 8 949
42 9 1331
42 10 814
42 11 1400
42 12 1214
42 13 1907
42 14 1205
42 15 844
42 16 788
42 17 1920
42 18 1409
42 19 2018
42 20 1177
42 21 336
42 22 1970
42 23 1129
42 24 288
42 25 1922
42 26 1081
42 27 240
42 28 1874
42 29 1033
42 30 192
42 31 1826
42 32 985
42 33 144
42 34 1778
42 35 937
42 36 96
42 37 1730
42 38 889
42 39 48
42 40 1682
42 41 841
42 42 0
42 43 1730
42 44 889
42 45 48
42 46 1778
42 47 937
42 48 96
42 49 1826
42 50 985
42 51 144
42 52 1874
42 53 1033
42 54 192
42 55 2138
43 0 504
43 1 1595
43 2 546
43 3 1383
43 4 1136
43 5 1920
43 6 1873
43 7 1824
43 8 1357
43 9 1071
43 10 1300
43 11 906
43 12 1188
43 13 399
43 14 1101
43 15 1174
43 16 1326
43 17 386
43 18 993
43 19 384
43 20 1225
43 21 2066
43 22 336
43 23 1177
43 24 2018
43 25 288
43 26 1129
43 27 1970
43 28 240
43 29 1081
43 30 1922
43 31 192
43 32 1033
43 33 1874
43 34 144
43 35 985
43 36 1826
43 37 96
43 38 937
43 39 1778
43 40 48
43 41 889
43 42 1730
43 43 0
43 44 841
43 45 1682
43 46 48
43 47 889
43 48 1730
43 49 96
43 50 937
43 51 1778
43 52 144
43 53 985
43 54 1826
43 55 504
44 0 1345
44 1 754
44 2 871
44 3 542
44 4 473
44 5 1079
44 6 1032
44 7 983
44 8 516
44 9 538
44 10 459
44 11 607
44 12 421
44 13 1114
44 14 412
44 15 333
44 16 485
44 17 1127
44 18 616
44 19 1225
44 20 384
44 21 1225
44 22 1177
44 23 336
44 24 1177
44 25 1129
44 26 288
44 27 1129
44 28 1081
44 29 240
44 30 1081
44 31 1033
44 32 192
44 33 1033
44 34 985
44 35 144
44 36 985
44 37 937
44 38 96
44 39 937
44 40 889
44 41 48
44 42 889
44 43 841
44 44 0
44 45 841
44 46 889
44 47 48
44 48 889
44 49 937
44 50 96
44 51 937
44 52 985
44 53 144
44 54 985
44 55 1345
45 0 2186
45 1 663
45 2 1712
45 3 971
45 4 1314
45 5 338
45 6 577
45 7 242
45 8 997
45 9 1379
45 10 862
45 11 1448
45 12 1262
45 13 1955
45 14 1253
45 15 892
45 16 836
45 17 1968
45 18 1457
45 19 2066
45 20 1225
45 21 384
45 22 2018
45 23 1177
45 24 336
45 25 1970
45 26 1129
45 27 288
45 28 1922
45 29 1081
45 30 240
45 31 1874
45 32 1033
45 33 192
45 34 1826
45 35 985
45 36 144
45 37 1778
45 38 937
45 39 96
45 40 1730
45 41 889
45 42 48
45 43 1682
45 44 841
45 45 0
45 46 1730
45 47 889
45 48 48
45 49 1778
45 50 937
45 51 96
45 52 1826
45 53 985
45 54 144
45 55 2186
46 0 552
46 1 1643
46 2 594
46 3 1431
46 4 1184
46 5 1968
46 6 1921
46 7 1872
46 8 1405
46 9 1119
46 10 1348
46 11 954
46 12 1236
46 13 447
46 14 1149
46 15 1222
46 16 1374
46 17 434
46 18 1041
46 19 432
46 20 1273
46 21 2114
46 22 384
46 23 1225
46 24 2066
46 25 336
46 26 1177
46 27 2018
46 28 288
46 29 1129
46 30 1970
46 31 240
46 32 1081
46 33 1922
46 34 192
46 35 1033
46 36 1874
46 37 144
46 38 985
46 39 1826
46 40 96
46 41 937
46 42 1778
46 43 48
46 44 889
46 45 1730
46 46 0
46 47 841
46 48 1682
46 49 48
46 50 889
46 51 1730
46 52 96
46 53 937
46 54 1778
46 55 552
47 0 1393
47 1 802
47 2 919
47 3 590
47 4 521
47 5 1127
47 6 1080
47 7 1031
47 8 564
47 9 586
47 10 507
47 11 655
47 12 469
47 13 1162
47 14 460
47 15 381
47 16 533
47 17 1175
47 18 664
47 19 1273
47 20 432
47 21 1273
47 22 1225
47 23 384
47 24 1225
47 25 1177
47 26 336
47 27 1177
47 28 1129
47 29 288
47 30 1129
47 31 1081
47 32 240
47 33 1081
47 34 1033
47 35 192
47 36 1033
47 37 985
47 38 144
47 39 985
47 40 937
47 41 96
47 42 937
47 43 889
47 44 48
47 45 889
47 46 841
47 47 0
47 48 841
47 49 889
47 50 48
47 51 889
47 52 937
47 53 96
47 54 937
47 55 1393
48 0 2234
48 1 711
48 2 1760
48 3 1019
48 4 1362
48 5 386
48 6 625
48 7 290
48 8 1045
48 9 1427
48 10 910
48 11 1496
48 12 1310
48 13 2003
48 14 1301
48 15 940
48 16 884
48 17 2016
48 18 1505
48 19 2114
48 20 1273
48 21 432
48 22 2066
48 23 1225
48 24 384
48 25 2018
48 26 1177
48 27 336
48 28 1970
48 29 1129
48 30 288
48 31 1922
48 32 1081
48 33 240
48 34 1874
48 35 1033
48 36 192
48 37 1826
48 38 985
48 39 144
48 40 1778
48 41 937
48 42 96
48 43 1730
48 44 889
48 45 48
48 46 1682
48 47 841
48 48 0
48 49 1730
48 50 889
48 51 48
48 52 1778
48 53 937
48 54 96
48 55 2234
49 0 600
49 1 1691
49 2 642
49 3 1479
49 4 1232
49 5 2016
49 6 1969
49 7 1920
49 8 1453
49 9 1167
49 10 1396
49 11 1002
49 12 1284
49 13 495
49 14 1197
49 15 1270
49 16 1422
49 17 482
49 18 1089
49 19 480
49 20 1321
49 21 2162
49 22 432
49 23 1273
49 24 2114
49 25 384
49 26 1225
49 27 2066
49 28 336
49 29 1177
49 30 2018
49 31 288
49 32 1129
49 33 1970
49 34 240
49 35 1081
49 36 1922
49 37 192
49 38 1033
49 39 1874
49 40 144
49 41 985
49 42 1826
49 43 96
49 44 937
49 45 1778
49 46 48
49 47 889
49 48 1730
49 49 0
49 50 841
49 51 1682
49 52 48
49 53 889
49 54 1730
49 55 600
50 0 1441
50 1 850
50 2 967
50 3 638
50 4 569
50 5 1175
50 6 1128
50 7 1079
50 8 612
50 9 634
50 10 555
50 11 703
50 12 517
50 13 1210
50 14 508
50 15 429
50 16 581
50 17 1223
50 18 712
50 19 1321
50 20 480
50 21 1321
50 22 1273
50 23 432
50 24 1273
50 25 1225
50 26 384
50 27 1225
50 28 1177
50 29 336
50 30 1177
50 31 1129
50 32 288
50 33 1129
50 34 1081
50 35 240
50 36 1081
50 37 1033
50 38 192
50 39 1033
50 40 985
50 41 144
50 42 985
50 43 937
50 44 96
50 45 937
50 46 889
50 47 48
50 48 889
50 49 841
50 50 0
50 51 841
50 52 889
50 53 48
50 54 889
50 55 1441
51 0 2282
51 1 759
51 2 1808
51 3 1067
51 4 1410
51 5 434
51 6 673
51 7 338
51 8 1093
51 9 1475
51 10 958
51 11 1544
51 12 1358
51 13 2051
51 14 1349
51 15 988
51 16 932
51 17 2064
51 18 1553
51 19 2162
51 20 1321
51 21 480
51 22 2114
51 23 1273
51 24 432
51 25 2066
51 26 1225
51 27 384
51 28 2018
51 29 1177
51 30 336
51 31 1970
51 32 1129
51 33 288
51 34 1922
51 35 1081
51 36 240
51 37 1874
51 38 1033
51 39 192
51 40 1826
51 41 985
51 42 144
51 43 1778
51 44 937
51 45 96
51 46 1730
51 47 889
51 48 48
51 49 1682
51 50 841
51 51 0
51 52 1730
51 53 889
51 54 48
51 55 2282
52 0 648
52 1 1739
52 2 690
52 3 1527
52 4 1280
52 5 2064
52 6 2017
52 7 1968
52 8 1501
52 9 1215
52 10 1444
52 11 1050
52 12 1332
52 13 543
52 14 1245
52 15 1318
52 16 1470
52 17 530
52 18 1137
52 19 528
52 20 1369
52 21 2210
52 22 480
52 23 1321
52 24 2162
52 25 432
52 26 1273
52 27 2114
52 28 384
52 29 1225
52 30 2066
52 31 336
52 32 1177
52 33 2018
52 34 288
52 35 1129
52 36 1970
52 37 240
52 38 1081
52 39 1922
52 40 192
52 41 1033
52 42 1874
52 43 144
52 44 985
52 45 1826
52 46 96
52 47 937
52 48 1778
52 49 48
52 50 889
52 51 1730
52 52 0
52 53 841
52 54 1682
52 55 648
53 0 1489
53 1 898
53 2 1015
53 3 686
53 4 617
53 5 1223
53 6 1176
53 7 1127
53 8 660
53 9 682
53 10 603
53 11 751
53 12 565
53 13 1258
53 14 556
53 15 477
53 16 629
53 17 1271
53 18 760
53 19 1369
53 20 528
53 21 1369
53 22 1321
53 23 480
53 24 1321
53 25 1273
53 26 432
53 27 1273
53 28 1225
53 29 384
53 30 1225
53 31 1177
53 32 336
53 33 1177
53 34 1129
53 35 288
53 36 1129
53 37 1081
53 38 240
53 39 1081
53 40 1033
53 41 192
53 42 1033
53 43 985
53 44 144
53 45 985
53 46 937
53 47 96
53 48 937
53 49 889
53 50 48
53 51 889
53 52 841
53 53 0
53 54 841
53 55 1489
54 0 2330
54 1 807
54 2 1856
54 3 1115
54 4 1458
54 5 482
54 6 721
54 7 386
54 8 1141
54 9 1523
54 10 1006
54 11 1592
54 12 1406
54 13 2099
54 14 1397
54 15 1036
54 16 980
54 17 2112
54 18 1601
54 19 2210
54 20 1369
54 21 528
54 22 2162
54 23 1321
54 24 480
54 25 2114
54 26 1273
54 27 432
54 28 2066
54 29 1225
54 30 384
54 31 2018
54 32 1177
54 33 336
54 34 1970
54 35 1129
54 36 288
54 37 1922
54 38 1081
54 39 240
54 40 1874
54 41 1033
54 42 192
54 43 1826
54 44 985
54 45 144
54 46 1778
54 47 937
54 48 96
54 49 1730
54 50 889
54 51 48
54 52 1682
54 53 841
54 54 0
54 55 2330
55 0 0
55 1 1523
55 2 474
55 3 1215
55 4 872
55 5 1848
55 6 1609
55 7 1944
55 8 1189
55 9 807
55 10 1324
55 11 738
55 12 924
55 13 231
55 14 933
55 15 1294
55 16 1350
55 17 218
55 18 729
55 19 120
55 20 961
55 21 1802
55 22 168
55 23 1009
55 24 1850
55 25 216
55 26 1057
55 27 1898
55 28 264
55 29 1105
55 30 1946
55 31 312
55 32 1153
55 33 1994
55 34 360
55 35 1201
55 36 2042
55 37 408
55 38 1249
55 39 2090
55 40 456
55 41 1297
55 42 2138
55 43 504
55 44 1345
55 45 2186
55 46 552
55 47 1393
55 48 2234
55 49 600
55 50 1441
55 51 2282
55 52 648
55 53 1489
55 54 2330
55 55 0
//Location coordinates LocationName
//Loc x y
0 0.0 0.0 "depot"
1 96.0 1427.0 "product aisle 2 bloc 1 rank 67"
2 96.0 378.0 "product aisle 2 bloc 0 rank 35"
3 48.0 1167.0 "product aisle 1 bloc 1 rank 28"
4 0.0 872.0 "product aisle 0 bloc 0 rank 111"
5 96.0 1752.0 "product aisle 2 bloc 1 rank 118"
6 0.0 1609.0 "product aisle 0 bloc 1 rank 96"
7 192.0 1752.0 "product aisle 4 bloc 1 rank 118"
8 48.0 1141.0 "product aisle 1 bloc 1 rank 23"
9 0.0 807.0 "product aisle 0 bloc 0 rank 101"
10 144.0 1180.0 "product aisle 3 bloc 1 rank 30"
11 48.0 690.0 "product aisle 1 bloc 0 rank 83"
12 0.0 924.0 "product aisle 0 bloc 0 rank 120"
13 48.0 183.0 "product aisle 1 bloc 0 rank 5"
14 48.0 885.0 "product aisle 1 bloc 0 rank 113"
15 192.0 1102.0 "product aisle 4 bloc 1 rank 17"
16 144.0 1206.0 "product aisle 3 bloc 1 rank 33"
17 48.0 170.0 "product aisle 1 bloc 0 rank 3"
18 0.0 729.0 "product aisle 0 bloc 0 rank 90"
19 24.0 120.0 "intersection aisle 0 bloc 0 rank 0"
20 24.0 961.0 "intersection aisle 0 bloc 1 rank 1"
21 24.0 1802.0 "intersection aisle 0 bloc 2 rank 2"
22 72.0 120.0 "intersection aisle 1 bloc 0 rank 0"
23 72.0 961.0 "intersection aisle 1 bloc 1 rank 1"
24 72.0 1802.0 "intersection aisle 1 bloc 2 rank 2"
25 120.0 120.0 "intersection aisle 2 bloc 0 rank 0"
26 120.0 961.0 "intersection aisle 2 bloc 1 rank 1"
27 120.0 1802.0 "intersection aisle 2 bloc 2 rank 2"
28 168.0 120.0 "intersection aisle 3 bloc 0 rank 0"
29 168.0 961.0 "intersection aisle 3 bloc 1 rank 1"
30 168.0 1802.0 "intersection aisle 3 bloc 2 rank 2"
31 216.0 120.0 "intersection aisle 4 bloc 0 rank 0"
32 216.0 961.0 "intersection aisle 4 bloc 1 rank 1"
33 216.0 1802.0 "intersection aisle 4 bloc 2 rank 2"
34 264.0 120.0 "intersection aisle 5 bloc 0 rank 0"
35 264.0 961.0 "intersection aisle 5 bloc 1 rank 1"
36 264.0 1802.0 "intersection aisle 5 bloc 2 rank 2"
37 312.0 120.0 "intersection aisle 6 bloc 0 rank 0"
38 312.0 961.0 "intersection aisle 6 bloc 1 rank 1"
39 312.0 1802.0 "intersection aisle 6 bloc 2 rank 2"
40 360.0 120.0 "intersection aisle 7 bloc 0 rank 0"
41 360.0 961.0 "intersection aisle 7 bloc 1 rank 1"
42 360.0 1802.0 "intersection aisle 7 bloc 2 rank 2"
43 408.0 120.0 "intersection aisle 8 bloc 0 rank 0"
44 408.0 961.0 "intersection aisle 8 bloc 1 rank 1"
45 408.0 1802.0 "intersection aisle 8 bloc 2 rank 2"
46 456.0 120.0 "intersection aisle 9 bloc 0 rank 0"
47 456.0 961.0 "intersection aisle 9 bloc 1 rank 1"
48 456.0 1802.0 "intersection aisle 9 bloc 2 rank 2"
49 504.0 120.0 "intersection aisle 10 bloc 0 rank 0"
50 504.0 961.0 "intersection aisle 10 bloc 1 rank 1"
51 504.0 1802.0 "intersection aisle 10 bloc 2 rank 2"
52 552.0 120.0 "intersection aisle 11 bloc 0 rank 0"
53 552.0 961.0 "intersection aisle 11 bloc 1 rank 1"
54 552.0 1802.0 "intersection aisle 11 bloc 2 rank 2"
55 0.0 0.0 "depot"
