//alpha
1
//NbLocations
51
//NbProducts
32
//NbPickers
2
//CapaPicker
12
//TimeToTravelOneDistanceUnit
3
//SetupTime
5400
//PickTime
300
//Products
//Idx Location Size
1 1 1
2 2 1
3 3 1
4 4 1
5 5 1
6 6 1
7 7 1
8 8 1
9 9 1
10 10 1
11 11 1
12 12 1
13 13 1
14 14 1
15 15 1
16 16 1
17 17 1
18 18 1
19 19 1
20 20 1
21 21 1
22 22 1
23 23 1
24 24 1
25 25 1
26 26 1
27 27 1
28 28 1
29 29 1
30 30 1
31 31 1
32 32 1
//Orders
//NbOrders
18
//Idx DueDate TardinessPenalty NbProdInOrder ProdIdx1 Qty1 ProdIdx2 Qty2 ...
1 72000 0 1 1 1
2 36000 0 5 2 1 3 1 4 1 5 1 6 1
3 108000 0 2 7 1 8 1
4 90000 0 2 9 1 10 1
5 54000 0 3 11 1 12 1 13 1
6 90000 0 1 14 1
7 54000 0 2 15 1 16 1
8 90000 0 1 17 1
9 36000 0 1 18 1
10 72000 0 2 19 1 20 1
11 54000 0 2 21 1 22 1
12 72000 0 1 23 1
13 90000 0 1 24 1
14 108000 0 4 25 1 26 1 27 1 28 1
15 72000 0 1 29 1
16 72000 0 1 30 1
17 90000 0 1 31 1
18 90000 0 1 32 1
//Graph (Products are vertices indexed from 1 to NbProducts)
//NbVerticesIntersections
18
//DepartingDepot
0
//ArrivalDepot
51
//Arcs
//Start End Distance
0 33 120
1 24 130
1 26 221
2 6 52
2 38 284
3 14 39
3 48 50
4 17 143
4 47 258
5 19 65
5 45 76
6 2 52
6 37 115
7 20 13
7 35 323
8 32 13
8 39 50
9 10 13
9 23 13
10 9 13
10 16 0
11 18 13
11 40 37
12 30 39
12 37 375
13 15 0
13 43 50
14 3 39
14 21 78
15 13 0
15 44 401
16 10 0
16 33 37
17 4 143
17 46 50
18 11 13
18 24 13
19 5 65
19 46 310
20 7 13
20 27 26
21 14 78
21 49 284
22 32 26
22 40 362
23 9 13
23 28 52
24 1 130
24 18 13
25 30 0
25 36 37
26 1 221
26 41 37
27 20 26
27 34 89
28 23 52
28 31 52
29 49 63
29 50 388
30 12 39
30 25 0
31 28 52
31 34 284
32 8 13
32 22 26
33 16 37
33 36 48
33 51 120
34 27 89
34 31 284
34 37 48
35 7 323
35 38 48
36 25 37
36 33 48
36 39 48
37 6 115
37 12 375
37 34 48
37 40 48
38 2 284
38 35 48
38 41 48
39 8 50
39 36 48
39 42 48
40 11 37
40 22 362
40 37 48
40 43 48
41 26 37
41 38 48
41 44 48
42 39 48
42 43 451
42 45 48
43 13 50
43 40 48
43 42 451
43 46 48
44 15 401
44 41 48
44 47 48
45 5 76
45 42 48
45 48 48
46 17 50
46 19 310
46 43 48
46 49 48
47 4 258
47 44 48
47 50 48
48 3 50
48 45 48
49 21 284
49 29 63
49 46 48
50 29 388
50 47 48
//LocStart LocEnd ShortestPath
0 0 0
0 1 860
0 2 786
0 3 410
0 4 956
0 5 388
0 6 734
0 7 699
0 8 266
0 9 170
0 10 157
0 11 704
0 12 244
0 13 765
0 14 449
0 15 765
0 16 157
0 17 813
0 18 717
0 19 453
0 20 686
0 21 527
0 22 305
0 23 183
0 24 730
0 25 205
0 26 1081
0 27 660
0 28 235
0 29 874
0 30 205
0 31 287
0 32 279
0 33 120
0 34 571
0 35 1022
0 36 168
0 37 619
0 38 1070
0 39 216
0 40 667
0 41 1118
0 42 264
0 43 715
0 44 1166
0 45 312
0 46 763
0 47 1214
0 48 360
0 49 811
0 50 1262
0 51 0
1 0 860
1 1 0
1 2 408
1 3 738
1 4 482
1 5 664
1 6 356
1 7 417
1 8 594
1 9 690
1 10 703
1 11 156
1 12 616
1 13 291
1 14 699
1 15 291
1 16 703
1 17 339
1 18 143
1 19 599
1 20 404
1 21 621
1 22 555
1 23 677
1 24 130
1 25 655
1 26 221
1 27 378
1 28 625
1 29 400
1 30 655
1 31 573
1 32 581
1 33 740
1 34 289
1 35 354
1 36 692
1 37 241
1 38 306
1 39 644
1 40 193
1 41 258
1 42 692
1 43 241
1 44 306
1 45 740
1 46 289
1 47 354
1 48 788
1 49 337
1 50 402
1 51 860
2 0 786
2 1 408
2 2 0
2 3 760
2 4 504
2 5 686
2 6 52
2 7 343
2 8 616
2 9 616
2 10 629
2 11 252
2 12 542
2 13 313
2 14 721
2 15 313
2 16 629
2 17 361
2 18 265
2 19 621
2 20 330
2 21 643
2 22 577
2 23 603
2 24 278
2 25 581
2 26 369
2 27 304
2 28 551
2 29 422
2 30 581
2 31 499
2 32 603
2 33 666
2 34 215
2 35 332
2 36 618
2 37 167
2 38 284
2 39 666
2 40 215
2 41 332
2 42 714
2 43 263
2 44 380
2 45 762
2 46 311
2 47 428
2 48 810
2 49 359
2 50 476
2 51 786
3 0 410
3 1 738
3 2 760
3 3 0
3 4 642
3 5 174
3 6 708
3 7 769
3 8 244
3 9 340
3 10 327
3 11 582
3 12 318
3 13 547
3 14 39
3 15 547
3 16 327
3 17 499
3 18 595
3 19 239
3 20 756
3 21 117
3 22 283
3 23 353
3 24 608
3 25 279
3 26 959
3 27 730
3 28 405
3 29 464
3 30 279
3 31 457
3 32 257
3 33 290
3 34 641
3 35 1092
3 36 242
3 37 593
3 38 1044
3 39 194
3 40 545
3 41 996
3 42 146
3 43 497
3 44 948
3 45 98
3 46 449
3 47 900
3 48 50
3 49 401
3 50 852
3 51 410
4 0 956
4 1 482
4 2 504
4 3 642
4 4 0
4 5 568
4 6 452
4 7 513
4 8 690
4 9 786
4 10 799
4 11 326
4 12 712
4 13 291
4 14 603
4 15 291
4 16 799
4 17 143
4 18 339
4 19 503
4 20 500
4 21 525
4 22 651
4 23 773
4 24 352
4 25 751
4 26 391
4 27 474
4 28 721
4 29 304
4 30 751
4 31 669
4 32 677
4 33 836
4 34 385
4 35 450
4 36 788
4 37 337
4 38 402
4 39 740
4 40 289
4 41 354
4 42 692
4 43 241
4 44 306
4 45 644
4 46 193
4 47 258
4 48 692
4 49 241
4 50 306
4 51 956
5 0 388
5 1 664
5 2 686
5 3 174
5 4 568
5 5 0
5 6 634
5 7 695
5 8 222
5 9 318
5 10 305
5 11 508
5 12 296
5 13 473
5 14 213
5 15 473
5 16 305
5 17 425
5 18 521
5 19 65
5 20 682
5 21 291
5 22 261
5 23 331
5 24 534
5 25 257
5 26 885
5 27 656
5 28 383
5 29 486
5 30 257
5 31 435
5 32 235
5 33 268
5 34 567
5 35 1018
5 36 220
5 37 519
5 38 970
5 39 172
5 40 471
5 41 922
5 42 124
5 43 423
5 44 874
5 45 76
5 46 375
5 47 826
5 48 124
5 49 423
5 50 874
5 51 388
6 0 734
6 1 356
6 2 52
6 3 708
6 4 452
6 5 634
6 6 0
6 7 291
6 8 564
6 9 564
6 10 577
6 11 200
6 12 490
6 13 261
6 14 669
6 15 261
6 16 577
6 17 309
6 18 213
6 19 569
6 20 278
6 21 591
6 22 525
6 23 551
6 24 226
6 25 529
6 26 421
6 27 252
6 28 499
6 29 370
6 30 529
6 31 447
6 32 551
6 33 614
6 34 163
6 35 384
6 36 566
6 37 115
6 38 336
6 39 614
6 40 163
6 41 384
6 42 662
6 43 211
6 44 432
6 45 710
6 46 259
6 47 480
6 48 758
6 49 307
6 50 528
6 51 734
7 0 699
7 1 417
7 2 343
7 3 769
7 4 513
7 5 695
7 6 291
7 7 0
7 8 625
7 9 529
7 10 542
7 11 261
7 12 551
7 13 322
7 14 730
7 15 322
7 16 542
7 17 370
7 18 274
7 19 630
7 20 13
7 21 652
7 22 586
7 23 516
7 24 287
7 25 590
7 26 456
7 27 39
7 28 464
7 29 431
7 30 590
7 31 412
7 32 612
7 33 579
7 34 128
7 35 323
7 36 627
7 37 176
7 38 371
7 39 675
7 40 224
7 41 419
7 42 723
7 43 272
7 44 467
7 45 771
7 46 320
7 47 515
7 48 819
7 49 368
7 50 563
7 51 699
8 0 266
8 1 594
8 2 616
8 3 244
8 4 690
8 5 222
8 6 564
8 7 625
8 8 0
8 9 196
8 10 183
8 11 438
8 12 174
8 13 499
8 14 283
8 15 499
8 16 183
8 17 547
8 18 451
8 19 287
8 20 612
8 21 361
8 22 39
8 23 209
8 24 464
8 25 135
8 26 815
8 27 586
8 28 261
8 29 608
8 30 135
8 31 313
8 32 13
8 33 146
8 34 497
8 35 948
8 36 98
8 37 449
8 38 900
8 39 50
8 40 401
8 41 852
8 42 98
8 43 449
8 44 900
8 45 146
8 46 497
8 47 948
8 48 194
8 49 545
8 50 996
8 51 266
9 0 170
9 1 690
9 2 616
9 3 340
9 4 786
9 5 318
9 6 564
9 7 529
9 8 196
9 9 0
9 10 13
9 11 534
9 12 174
9 13 595
9 14 379
9 15 595
9 16 13
9 17 643
9 18 547
9 19 383
9 20 516
9 21 457
9 22 235
9 23 13
9 24 560
9 25 135
9 26 911
9 27 490
9 28 65
9 29 704
9 30 135
9 31 117
9 32 209
9 33 50
9 34 401
9 35 852
9 36 98
9 37 449
9 38 900
9 39 146
9 40 497
9 41 948
9 42 194
9 43 545
9 44 996
9 45 242
9 46 593
9 47 1044
9 48 290
9 49 641
9 50 1092
9 51 170
10 0 157
10 1 703
10 2 629
10 3 327
10 4 799
10 5 305
10 6 577
10 7 542
10 8 183
10 9 13
10 10 0
10 11 547
10 12 161
10 13 608
10 14 366
10 15 608
10 16 0
10 17 656
10 18 560
10 19 370
10 20 529
10 21 444
10 22 222
10 23 26
10 24 573
10 25 122
10 26 924
10 27 503
10 28 78
10 29 717
10 30 122
10 31 130
10 32 196
10 33 37
10 34 414
10 35 865
10 36 85
10 37 462
10 38 913
10 39 133
10 40 510
10 41 961
10 42 181
10 43 558
10 44 1009
10 45 229
10 46 606
10 47 1057
10 48 277
10 49 654
10 50 1105
10 51 157
11 0 704
11 1 156
11 2 252
11 3 582
11 4 326
11 5 508
11 6 200
11 7 261
11 8 438
11 9 534
11 10 547
11 11 0
11 12 460
11 13 135
11 14 543
11 15 135
11 16 547
11 17 183
11 18 13
11 19 443
11 20 248
11 21 465
11 22 399
11 23 521
11 24 26
11 25 499
11 26 377
11 27 222
11 28 469
11 29 244
11 30 499
11 31 417
11 32 425
11 33 584
11 34 133
11 35 510
11 36 536
11 37 85
11 38 462
11 39 488
11 40 37
11 41 414
11 42 536
11 43 85
11 44 462
11 45 584
11 46 133
11 47 510
11 48 632
11 49 181
11 50 558
11 51 704
12 0 244
12 1 616
12 2 542
12 3 318
12 4 712
12 5 296
12 6 490
12 7 551
12 8 174
12 9 174
12 10 161
12 11 460
12 12 0
12 13 521
12 14 357
12 15 521
12 16 161
12 17 569
12 18 473
12 19 361
12 20 538
12 21 435
12 22 213
12 23 187
12 24 486
12 25 39
12 26 837
12 27 512
12 28 239
12 29 630
12 30 39
12 31 291
12 32 187
12 33 124
12 34 423
12 35 874
12 36 76
12 37 375
12 38 826
12 39 124
12 40 423
12 41 874
12 42 172
12 43 471
12 44 922
12 45 220
12 46 519
12 47 970
12 48 268
12 49 567
12 50 1018
12 51 244
13 0 765
13 1 291
13 2 313
13 3 547
13 4 291
13 5 473
13 6 261
13 7 322
13 8 499
13 9 595
13 10 608
13 11 135
13 12 521
13 13 0
13 14 508
13 15 0
13 16 608
13 17 148
13 18 148
13 19 408
13 20 309
13 21 430
13 22 460
13 23 582
13 24 161
13 25 560
13 26 486
13 27 283
13 28 530
13 29 209
13 30 560
13 31 478
13 32 486
13 33 645
13 34 194
13 35 545
13 36 597
13 37 146
13 38 497
13 39 549
13 40 98
13 41 449
13 42 501
13 43 50
13 44 401
13 45 549
13 46 98
13 47 449
13 48 597
13 49 146
13 50 497
13 51 765
14 0 449
14 1 699
14 2 721
14 3 39
14 4 603
14 5 213
14 6 669
14 7 730
14 8 283
14 9 379
14 10 366
14 11 543
14 12 357
14 13 508
14 14 0
14 15 508
14 16 366
14 17 460
14 18 556
14 19 278
14 20 717
14 21 78
14 22 322
14 23 392
14 24 569
14 25 318
14 26 920
14 27 691
14 28 444
14 29 425
14 30 318
14 31 496
14 32 296
14 33 329
14 34 602
14 35 1053
14 36 281
14 37 554
14 38 1005
14 39 233
14 40 506
14 41 957
14 42 185
14 43 458
14 44 909
14 45 137
14 46 410
14 47 861
14 48 89
14 49 362
14 50 813
14 51 449
15 0 765
15 1 291
15 2 313
15 3 547
15 4 291
15 5 473
15 6 261
15 7 322
15 8 499
15 9 595
15 10 608
15 11 135
15 12 521
15 13 0
15 14 508
15 15 0
15 16 608
15 17 148
15 18 148
15 19 408
15 20 309
15 21 430
15 22 460
15 23 582
15 24 161
15 25 560
15 26 486
15 27 283
15 28 530
15 29 209
15 30 560
15 31 478
15 32 486
15 33 645
15 34 194
15 35 545
15 36 597
15 37 146
15 38 497
15 39 549
15 40 98
15 41 449
15 42 501
15 43 50
15 44 401
15 45 549
15 46 98
15 47 449
15 48 597
15 49 146
15 50 497
15 51 765
16 0 157
16 1 703
16 2 629
16 3 327
16 4 799
16 5 305
16 6 577
16 7 542
16 8 183
16 9 13
16 10 0
16 11 547
16 12 161
16 13 608
16 14 366
16 15 608
16 16 0
16 17 656
16 18 560
16 19 370
16 20 529
16 21 444
16 22 222
16 23 26
16 24 573
16 25 122
16 26 924
16 27 503
16 28 78
16 29 717
16 30 122
16 31 130
16 32 196
16 33 37
16 34 414
16 35 865
16 36 85
16 37 462
16 38 913
16 39 133
16 40 510
16 41 961
16 42 181
16 43 558
16 44 1009
16 45 229
16 46 606
16 47 1057
16 48 277
16 49 654
16 50 1105
16 51 157
17 0 813
17 1 339
17 2 361
17 3 499
17 4 143
17 5 425
17 6 309
17 7 370
17 8 547
17 9 643
17 10 656
17 11 183
17 12 569
17 13 148
17 14 460
17 15 148
17 16 656
17 17 0
17 18 196
17 19 360
17 20 357
17 21 382
17 22 508
17 23 630
17 24 209
17 25 608
17 26 534
17 27 331
17 28 578
17 29 161
17 30 608
17 31 526
17 32 534
17 33 693
17 34 242
17 35 593
17 36 645
17 37 194
17 38 545
17 39 597
17 40 146
17 41 497
17 42 549
17 43 98
17 44 449
17 45 501
17 46 50
17 47 401
17 48 549
17 49 98
17 50 449
17 51 813
18 0 717
18 1 143
18 2 265
18 3 595
18 4 339
18 5 521
18 6 213
18 7 274
18 8 451
18 9 547
18 10 560
18 11 13
18 12 473
18 13 148
18 14 556
18 15 148
18 16 560
18 17 196
18 18 0
18 19 456
18 20 261
18 21 478
18 22 412
18 23 534
18 24 13
18 25 512
18 26 364
18 27 235
18 28 482
18 29 257
18 30 512
18 31 430
18 32 438
18 33 597
18 34 146
18 35 497
18 36 549
18 37 98
18 38 449
18 39 501
18 40 50
18 41 401
18 42 549
18 43 98
18 44 449
18 45 597
18 46 146
18 47 497
18 48 645
18 49 194
18 50 545
18 51 717
19 0 453
19 1 599
19 2 621
19 3 239
19 4 503
19 5 65
19 6 569
19 7 630
19 8 287
19 9 383
19 10 370
19 11 443
19 12 361
19 13 408
19 14 278
19 15 408
19 16 370
19 17 360
19 18 456
19 19 0
19 20 617
19 21 356
19 22 326
19 23 396
19 24 469
19 25 322
19 26 820
19 27 591
19 28 448
19 29 421
19 30 322
19 31 500
19 32 300
19 33 333
19 34 502
19 35 953
19 36 285
19 37 454
19 38 905
19 39 237
19 40 406
19 41 857
19 42 189
19 43 358
19 44 809
19 45 141
19 46 310
19 47 761
19 48 189
19 49 358
19 50 809
19 51 453
20 0 686
20 1 404
20 2 330
20 3 756
20 4 500
20 5 682
20 6 278
20 7 13
20 8 612
20 9 516
20 10 529
20 11 248
20 12 538
20 13 309
20 14 717
20 15 309
20 16 529
20 17 357
20 18 261
20 19 617
20 20 0
20 21 639
20 22 573
20 23 503
20 24 274
20 25 577
20 26 469
20 27 26
20 28 451
20 29 418
20 30 577
20 31 399
20 32 599
20 33 566
20 34 115
20 35 336
20 36 614
20 37 163
20 38 384
20 39 662
20 40 211
20 41 432
20 42 710
20 43 259
20 44 480
20 45 758
20 46 307
20 47 528
20 48 806
20 49 355
20 50 576
20 51 686
21 0 527
21 1 621
21 2 643
21 3 117
21 4 525
21 5 291
21 6 591
21 7 652
21 8 361
21 9 457
21 10 444
21 11 465
21 12 435
21 13 430
21 14 78
21 15 430
21 16 444
21 17 382
21 18 478
21 19 356
21 20 639
21 21 0
21 22 400
21 23 470
21 24 491
21 25 396
21 26 842
21 27 613
21 28 522
21 29 347
21 30 396
21 31 574
21 32 374
21 33 407
21 34 524
21 35 975
21 36 359
21 37 476
21 38 927
21 39 311
21 40 428
21 41 879
21 42 263
21 43 380
21 44 831
21 45 215
21 46 332
21 47 783
21 48 167
21 49 284
21 50 735
21 51 527
22 0 305
22 1 555
22 2 577
22 3 283
22 4 651
22 5 261
22 6 525
22 7 586
22 8 39
22 9 235
22 10 222
22 11 399
22 12 213
22 13 460
22 14 322
22 15 460
22 16 222
22 17 508
22 18 412
22 19 326
22 20 573
22 21 400
22 22 0
22 23 248
22 24 425
22 25 174
22 26 776
22 27 547
22 28 300
22 29 569
22 30 174
22 31 352
22 32 26
22 33 185
22 34 458
22 35 909
22 36 137
22 37 410
22 38 861
22 39 89
22 40 362
22 41 813
22 42 137
22 43 410
22 44 861
22 45 185
22 46 458
22 47 909
22 48 233
22 49 506
22 50 957
22 51 305
23 0 183
23 1 677
23 2 603
23 3 353
23 4 773
23 5 331
23 6 551
23 7 516
23 8 209
23 9 13
23 10 26
23 11 521
23 12 187
23 13 582
23 14 392
23 15 582
23 16 26
23 17 630
23 18 534
23 19 396
23 20 503
23 21 470
23 22 248
23 23 0
23 24 547
23 25 148
23 26 898
23 27 477
23 28 52
23 29 691
23 30 148
23 31 104
23 32 222
23 33 63
23 34 388
23 35 839
23 36 111
23 37 436
23 38 887
23 39 159
23 40 484
23 41 935
23 42 207
23 43 532
23 44 983
23 45 255
23 46 580
23 47 1031
23 48 303
23 49 628
23 50 1079
23 51 183
24 0 730
24 1 130
24 2 278
24 3 608
24 4 352
24 5 534
24 6 226
24 7 287
24 8 464
24 9 560
24 10 573
24 11 26
24 12 486
24 13 161
24 14 569
24 15 161
24 16 573
24 17 209
24 18 13
24 19 469
24 20 274
24 21 491
24 22 425
24 23 547
24 24 0
24 25 525
24 26 351
24 27 248
24 28 495
24 29 270
24 30 525
24 31 443
24 32 451
24 33 610
24 34 159
24 35 484
24 36 562
24 37 111
24 38 436
24 39 514
24 40 63
24 41 388
24 42 562
24 43 111
24 44 436
24 45 610
24 46 159
24 47 484
24 48 658
24 49 207
24 50 532
24 51 730
25 0 205
25 1 655
25 2 581
25 3 279
25 4 751
25 5 257
25 6 529
25 7 590
25 8 135
25 9 135
25 10 122
25 11 499
25 12 39
25 13 560
25 14 318
25 15 560
25 16 122
25 17 608
25 18 512
25 19 322
25 20 577
25 21 396
25 22 174
25 23 148
25 24 525
25 25 0
25 26 876
25 27 551
25 28 200
25 29 669
25 30 0
25 31 252
25 32 148
25 33 85
25 34 462
25 35 913
25 36 37
25 37 414
25 38 865
25 39 85
25 40 462
25 41 913
25 42 133
25 43 510
25 44 961
25 45 181
25 46 558
25 47 1009
25 48 229
25 49 606
25 50 1057
25 51 205
26 0 1081
26 1 221
26 2 369
26 3 959
26 4 391
26 5 885
26 6 421
26 7 456
26 8 815
26 9 911
26 10 924
26 11 377
26 12 837
26 13 486
26 14 920
26 15 486
26 16 924
26 17 534
26 18 364
26 19 820
26 20 469
26 21 842
26 22 776
26 23 898
26 24 351
26 25 876
26 26 0
26 27 495
26 28 846
26 29 569
26 30 876
26 31 794
26 32 802
26 33 961
26 34 510
26 35 133
26 36 913
26 37 462
26 38 85
26 39 865
26 40 414
26 41 37
26 42 913
26 43 462
26 44 85
26 45 961
26 46 510
26 47 133
26 48 1009
26 49 558
26 50 181
26 51 1081
27 0 660
27 1 378
27 2 304
27 3 730
27 4 474
27 5 656
27 6 252
27 7 39
27 8 586
27 9 490
27 10 503
27 11 222
27 12 512
27 13 283
27 14 691
27 15 283
27 16 503
27 17 331
27 18 235
27 19 591
27 20 26
27 21 613
27 22 547
27 23 477
27 24 248
27 25 551
27 26 495
27 27 0
27 28 425
27 29 392
27 30 551
27 31 373
27 32 573
27 33 540
27 34 89
27 35 362
27 36 588
27 37 137
27 38 410
27 39 636
27 40 185
27 41 458
27 42 684
27 43 233
27 44 506
27 45 732
27 46 281
27 47 554
27 48 780
27 49 329
27 50 602
27 51 660
28 0 235
28 1 625
28 2 551
28 3 405
28 4 721
28 5 383
28 6 499
28 7 464
28 8 261
28 9 65
28 10 78
28 11 469
28 12 239
28 13 530
28 14 444
28 15 530
28 16 78
28 17 578
28 18 482
28 19 448
28 20 451
28 21 522
28 22 300
28 23 52
28 24 495
28 25 200
28 26 846
28 27 425
28 28 0
28 29 639
28 30 200
28 31 52
28 32 274
28 33 115
28 34 336
28 35 787
28 36 163
28 37 384
28 38 835
28 39 211
28 40 432
28 41 883
28 42 259
28 43 480
28 44 931
28 45 307
28 46 528
28 47 979
28 48 355
28 49 576
28 50 1027
28 51 235
29 0 874
29 1 400
29 2 422
29 3 464
29 4 304
29 5 486
29 6 370
29 7 431
29 8 608
29 9 704
29 10 717
29 11 244
29 12 630
29 13 209
29 14 425
29 15 209
29 16 717
29 17 161
29 18 257
29 19 421
29 20 418
29 21 347
29 22 569
29 23 691
29 24 270
29 25 669
29 26 569
29 27 392
29 28 639
29 29 0
29 30 669
29 31 587
29 32 595
29 33 754
29 34 303
29 35 628
29 36 706
29 37 255
29 38 580
29 39 658
29 40 207
29 41 532
29 42 610
29 43 159
29 44 484
29 45 562
29 46 111
29 47 436
29 48 514
29 49 63
29 50 388
29 51 874
30 0 205
30 1 655
30 2 581
30 3 279
30 4 751
30 5 257
30 6 529
30 7 590
30 8 135
30 9 135
30 10 122
30 11 499
30 12 39
30 13 560
30 14 318
30 15 560
30 16 122
30 17 608
30 18 512
30 19 322
30 20 577
30 21 396
30 22 174
30 23 148
30 24 525
30 25 0
30 26 876
30 27 551
30 28 200
30 29 669
30 30 0
30 31 252
30 32 148
30 33 85
30 34 462
30 35 913
30 36 37
30 37 414
30 38 865
30 39 85
30 40 462
30 41 913
30 42 133
30 43 510
30 44 961
30 45 181
30 46 558
30 47 1009
30 48 229
30 49 606
30 50 1057
30 51 205
31 0 287
31 1 573
31 2 499
31 3 457
31 4 669
31 5 435
31 6 447
31 7 412
31 8 313
31 9 117
31 10 130
31 11 417
31 12 291
31 13 478
31 14 496
31 15 478
31 16 130
31 17 526
31 18 430
31 19 500
31 20 399
31 21 574
31 22 352
31 23 104
31 24 443
31 25 252
31 26 794
31 27 373
31 28 52
31 29 587
31 30 252
31 31 0
31 32 326
31 33 167
31 34 284
31 35 735
31 36 215
31 37 332
31 38 783
31 39 263
31 40 380
31 41 831
31 42 311
31 43 428
31 44 879
31 45 359
31 46 476
31 47 927
31 48 407
31 49 524
31 50 975
31 51 287
32 0 279
32 1 581
32 2 603
32 3 257
32 4 677
32 5 235
32 6 551
32 7 612
32 8 13
32 9 209
32 10 196
32 11 425
32 12 187
32 13 486
32 14 296
32 15 486
32 16 196
32 17 534
32 18 438
32 19 300
32 20 599
32 21 374
32 22 26
32 23 222
32 24 451
32 25 148
32 26 802
32 27 573
32 28 274
32 29 595
32 30 148
32 31 326
32 32 0
32 33 159
32 34 484
32 35 935
32 36 111
32 37 436
32 38 887
32 39 63
32 40 388
32 41 839
32 42 111
32 43 436
32 44 887
32 45 159
32 46 484
32 47 935
32 48 207
32 49 532
32 50 983
32 51 279
33 0 120
33 1 740
33 2 666
33 3 290
33 4 836
33 5 268
33 6 614
33 7 579
33 8 146
33 9 50
33 10 37
33 11 584
33 12 124
33 13 645
33 14 329
33 15 645
33 16 37
33 17 693
33 18 597
33 19 333
33 20 566
33 21 407
33 22 185
33 23 63
33 24 610
33 25 85
33 26 961
33 27 540
33 28 115
33 29 754
33 30 85
33 31 167
33 32 159
33 33 0
33 34 451
33 35 902
33 36 48
33 37 499
33 38 950
33 39 96
33 40 547
33 41 998
33 42 144
33 43 595
33 44 1046
33 45 192
33 46 643
33 47 1094
33 48 240
33 49 691
33 50 1142
33 51 120
34 0 571
34 1 289
34 2 215
34 3 641
34 4 385
34 5 567
34 6 163
34 7 128
34 8 497
34 9 401
34 10 414
34 11 133
34 12 423
34 13 194
34 14 602
34 15 194
34 16 414
34 17 242
34 18 146
34 19 502
34 20 115
34 21 524
34 22 458
34 23 388
34 24 159
34 25 462
34 26 510
34 27 89
34 28 336
34 29 303
34 30 462
34 31 284
34 32 484
34 33 451
34 34 0
34 35 451
34 36 499
34 37 48
34 38 499
34 39 547
34 40 96
34 41 547
34 42 595
34 43 144
34 44 595
34 45 643
34 46 192
34 47 643
34 48 691
34 49 240
34 50 691
34 51 571
35 0 1022
35 1 354
35 2 332
35 3 1092
35 4 450
35 5 1018
35 6 384
35 7 323
35 8 948
35 9 852
35 10 865
35 11 510
35 12 874
35 13 545
35 14 1053
35 15 545
35 16 865
35 17 593
35 18 497
35 19 953
35 20 336
35 21 975
35 22 909
35 23 839
35 24 484
35 25 913
35 26 133
35 27 362
35 28 787
35 29 628
35 30 913
35 31 735
35 32 935
35 33 902
35 34 451
35 35 0
35 36 950
35 37 499
35 38 48
35 39 998
35 40 547
35 41 96
35 42 1046
35 43 595
35 44 144
35 45 1094
35 46 643
35 47 192
35 48 1142
35 49 691
35 50 240
35 51 1022
36 0 168
36 1 692
36 2 618
36 3 242
36 4 788
36 5 220
36 6 566
36 7 627
36 8 98
36 9 98
36 10 85
36 11 536
36 12 76
36 13 597
36 14 281
36 15 597
36 16 85
36 17 645
36 18 549
36 19 285
36 20 614
36 21 359
36 22 137
36 23 111
36 24 562
36 25 37
36 26 913
36 27 588
36 28 163
36 29 706
36 30 37
36 31 215
36 32 111
36 33 48
36 34 499
36 35 950
36 36 0
36 37 451
36 38 902
36 39 48
36 40 499
36 41 950
36 42 96
36 43 547
36 44 998
36 45 144
36 46 595
36 47 1046
36 48 192
36 49 643
36 50 1094
36 51 168
37 0 619
37 1 241
37 2 167
37 3 593
37 4 337
37 5 519
37 6 115
37 7 176
37 8 449
37 9 449
37 10 462
37 11 85
37 12 375
37 13 146
37 14 554
37 15 146
37 16 462
37 17 194
37 18 98
37 19 454
37 20 163
37 21 476
37 22 410
37 23 436
37 24 111
37 25 414
37 26 462
37 27 137
37 28 384
37 29 255
37 30 414
37 31 332
37 32 436
37 33 499
37 34 48
37 35 499
37 36 451
37 37 0
37 38 451
37 39 499
37 40 48
37 41 499
37 42 547
37 43 96
37 44 547
37 45 595
37 46 144
37 47 595
37 48 643
37 49 192
37 50 643
37 51 619
38 0 1070
38 1 306
38 2 284
38 3 1044
38 4 402
38 5 970
38 6 336
38 7 371
38 8 900
38 9 900
38 10 913
38 11 462
38 12 826
38 13 497
38 14 1005
38 15 497
38 16 913
38 17 545
38 18 449
38 19 905
38 20 384
38 21 927
38 22 861
38 23 887
38 24 436
38 25 865
38 26 85
38 27 410
38 28 835
38 29 580
38 30 865
38 31 783
38 32 887
38 33 950
38 34 499
38 35 48
38 36 902
38 37 451
38 38 0
38 39 950
38 40 499
38 41 48
38 42 998
38 43 547
38 44 96
38 45 1046
38 46 595
38 47 144
38 48 1094
38 49 643
38 50 192
38 51 1070
39 0 216
39 1 644
39 2 666
39 3 194
39 4 740
39 5 172
39 6 614
39 7 675
39 8 50
39 9 146
39 10 133
39 11 488
39 12 124
39 13 549
39 14 233
39 15 549
39 16 133
39 17 597
39 18 501
39 19 237
39 20 662
39 21 311
39 22 89
39 23 159
39 24 514
39 25 85
39 26 865
39 27 636
39 28 211
39 29 658
39 30 85
39 31 263
39 32 63
39 33 96
39 34 547
39 35 998
39 36 48
39 37 499
39 38 950
39 39 0
39 40 451
39 41 902
39 42 48
39 43 499
39 44 950
39 45 96
39 46 547
39 47 998
39 48 144
39 49 595
39 50 1046
39 51 216
40 0 667
40 1 193
40 2 215
40 3 545
40 4 289
40 5 471
40 6 163
40 7 224
40 8 401
40 9 497
40 10 510
40 11 37
40 12 423
40 13 98
40 14 506
40 15 98
40 16 510
40 17 146
40 18 50
40 19 406
40 20 211
40 21 428
40 22 362
40 23 484
40 24 63
40 25 462
40 26 414
40 27 185
40 28 432
40 29 207
40 30 462
40 31 380
40 32 388
40 33 547
40 34 96
40 35 547
40 36 499
40 37 48
40 38 499
40 39 451
40 40 0
40 41 451
40 42 499
40 43 48
40 44 499
40 45 547
40 46 96
40 47 547
40 48 595
40 49 144
40 50 595
40 51 667
41 0 1118
41 1 258
41 2 332
41 3 996
41 4 354
41 5 922
41 6 384
41 7 419
41 8 852
41 9 948
41 10 961
41 11 414
41 12 874
41 13 449
41 14 957
41 15 449
41 16 961
41 17 497
41 18 401
41 19 857
41 20 432
41 21 879
41 22 813
41 23 935
41 24 388
41 25 913
41 26 37
41 27 458
41 28 883
41 29 532
41 30 913
41 31 831
41 32 839
41 33 998
41 34 547
41 35 96
41 36 950
41 37 499
41 38 48
41 39 902
41 40 451
41 41 0
41 42 950
41 43 499
41 44 48
41 45 998
41 46 547
41 47 96
41 48 1046
41 49 595
41 50 144
41 51 1118
42 0 264
42 1 692
42 2 714
42 3 146
42 4 692
42 5 124
42 6 662
42 7 723
42 8 98
42 9 194
42 10 181
42 11 536
42 12 172
42 13 501
42 14 185
42 15 501
42 16 181
42 17 549
42 18 549
42 19 189
42 20 710
42 21 263
42 22 137
42 23 207
42 24 562
42 25 133
42 26 913
42 27 684
42 28 259
42 29 610
42 30 133
42 31 311
42 32 111
42 33 144
42 34 595
42 35 1046
42 36 96
42 37 547
42 38 998
42 39 48
42 40 499
42 41 950
42 42 0
42 43 451
42 44 902
42 45 48
42 46 499
42 47 950
42 48 96
42 49 547
42 50 998
42 51 264
43 0 715
43 1 241
43 2 263
43 3 497
43 4 241
43 5 423
43 6 211
43 7 272
43 8 449
43 9 545
43 10 558
43 11 85
43 12 471
43 13 50
43 14 458
43 15 50
43 16 558
43 17 98
43 18 98
43 19 358
43 20 259
43 21 380
43 22 410
43 23 532
43 24 111
43 25 510
43 26 462
43 27 233
43 28 480
43 29 159
43 30 510
43 31 428
43 32 436
43 33 595
43 34 144
43 35 595
43 36 547
43 37 96
43 38 547
43 39 499
43 40 48
43 41 499
43 42 451
43 43 0
43 44 451
43 45 499
43 46 48
43 47 499
43 48 547
43 49 96
43 50 547
43 51 715
44 0 1166
44 1 306
44 2 380
44 3 948
44 4 306
44 5 874
44 6 432
44 7 467
44 8 900
44 9 996
44 10 1009
44 11 462
44 12 922
44 13 401
44 14 909
44 15 401
44 16 1009
44 17 449
44 18 449
44 19 809
44 20 480
44 21 831
44 22 861
44 23 983
44 24 436
44 25 961
44 26 85
44 27 506
44 28 931
44 29 484
44 30 961
44 31 879
44 32 887
44 33 1046
44 34 595
44 35 144
44 36 998
44 37 547
44 38 96
44 39 950
44 40 499
44 41 48
44 42 902
44 43 451
44 44 0
44 45 950
44 46 499
44 47 48
44 48 998
44 49 547
44 50 96
44 51 1166
45 0 312
45 1 740
45 2 762
45 3 98
45 4 644
45 5 76
45 6 710
45 7 771
45 8 146
45 9 242
45 10 229
45 11 584
45 12 220
45 13 549
45 14 137
45 15 549
45 16 229
45 17 501
45 18 597
45 19 141
45 20 758
45 21 215
45 22 185
45 23 255
45 24 610
45 25 181
45 26 961
45 27 732
45 28 307
45 29 562
45 30 181
45 31 359
45 32 159
45 33 192
45 34 643
45 35 1094
45 36 144
45 37 595
45 38 1046
45 39 96
45 40 547
45 41 998
45 42 48
45 43 499
45 44 950
45 45 0
45 46 451
45 47 902
45 48 48
45 49 499
45 50 950
45 51 312
46 0 763
46 1 289
46 2 311
46 3 449
46 4 193
46 5 375
46 6 259
46 7 320
46 8 497
46 9 593
46 10 606
46 11 133
46 12 519
46 13 98
46 14 410
46 15 98
46 16 606
46 17 50
46 18 146
46 19 310
46 20 307
46 21 332
46 22 458
46 23 580
46 24 159
46 25 558
46 26 510
46 27 281
46 28 528
46 29 111
46 30 558
46 31 476
46 32 484
46 33 643
46 34 192
46 35 643
46 36 595
46 37 144
46 38 595
46 39 547
46 40 96
46 41 547
46 42 499
46 43 48
46 44 499
46 45 451
46 46 0
46 47 451
46 48 499
46 49 48
46 50 499
46 51 763
47 0 1214
47 1 354
47 2 428
47 3 900
47 4 258
47 5 826
47 6 480
47 7 515
47 8 948
47 9 1044
47 10 1057
47 11 510
47 12 970
47 13 449
47 14 861
47 15 449
47 16 1057
47 17 401
47 18 497
47 19 761
47 20 528
47 21 783
47 22 909
47 23 1031
47 24 484
47 25 1009
47 26 133
47 27 554
47 28 979
47 29 436
47 30 1009
47 31 927
47 32 935
47 33 1094
47 34 643
47 35 192
47 36 1046
47 37 595
47 38 144
47 39 998
47 40 547
47 41 96
47 42 950
47 43 499
47 44 48
47 45 902
47 46 451
47 47 0
47 48 950
47 49 499
47 50 48
47 51 1214
48 0 360
48 1 788
48 2 810
48 3 50
48 4 692
48 5 124
48 6 758
48 7 819
48 8 194
48 9 290
48 10 277
48 11 632
48 12 268
48 13 597
48 14 89
48 15 597
48 16 277
48 17 549
48 18 645
48 19 189
48 20 806
48 21 167
48 22 233
48 23 303
48 24 658
48 25 229
48 26 1009
48 27 780
48 28 355
48 29 514
48 30 229
48 31 407
48 32 207
48 33 240
48 34 691
48 35 1142
48 36 192
48 37 643
48 38 1094
48 39 144
48 40 595
48 41 1046
48 42 96
48 43 547
48 44 998
48 45 48
48 46 499
48 47 950
48 48 0
48 49 451
48 50 902
48 51 360
49 0 811
49 1 337
49 2 359
49 3 401
49 4 241
49 5 423
49 6 307
49 7 368
49 8 545
49 9 641
49 10 654
49 11 181
49 12 567
49 13 146
49 14 362
49 15 146
49 16 654
49 17 98
49 18 194
49 19 358
49 20 355
49 21 284
49 22 506
49 23 628
49 24 207
49 25 606
49 26 558
49 27 329
49 28 576
49 29 63
49 30 606
49 31 524
49 32 532
49 33 691
49 34 240
49 35 691
49 36 643
49 37 192
49 38 643
49 39 595
49 40 144
49 41 595
49 42 547
49 43 96
49 44 547
49 45 499
49 46 48
49 47 499
49 48 451
49 49 0
49 50 451
49 51 811
50 0 1262
50 1 402
50 2 476
50 3 852
50 4 306
50 5 874
50 6 528
50 7 563
50 8 996
50 9 1092
50 10 1105
50 11 558
50 12 1018
50 13 497
50 14 813
50 15 497
50 16 1105
50 17 449
50 18 545
50 19 809
50 20 576
50 21 735
50 22 957
50 23 1079
50 24 532
50 25 1057
50 26 181
50 27 602
50 28 1027
50 29 388
50 30 1057
50 31 975
50 32 983
50 33 1142
50 34 691
50 35 240
50 36 1094
50 37 643
50 38 192
50 39 1046
50 40 595
50 41 144
50 42 998
50 43 547
50 44 96
50 45 950
50 46 499
50 47 48
50 48 902
50 49 451
50 50 0
50 51 1262
51 0 0
51 1 860
51 2 786
51 3 410
51 4 956
51 5 388
51 6 734
51 7 699
51 8 266
51 9 170
51 10 157
51 11 704
51 12 244
51 13 765
51 14 449
51 15 765
51 16 157
51 17 813
51 18 717
51 19 453
51 20 686
51 21 527
51 22 305
51 23 183
51 24 730
51 25 205
51 26 1081
51 27 660
51 28 235
51 29 874
51 30 205
51 31 287
51 32 279
51 33 120
51 34 571
51 35 1022
51 36 168
51 37 619
51 38 1070
51 39 216
51 40 667
51 41 1118
51 42 264
51 43 715
51 44 1166
51 45 312
51 46 763
51 47 1214
51 48 360
51 49 811
51 50 1262
51 51 0
//Location coordinates LocationName
//Loc x y
0 0.0 0.0 "depot"
1 96.0 764.0 "product aisle 2 bloc 1 rank 26"
2 48.0 738.0 "product aisle 1 bloc 1 rank 22"
3 240.0 170.0 "product aisle 5 bloc 0 rank 4"
4 192.0 764.0 "product aisle 4 bloc 1 rank 26"
5 192.0 196.0 "product aisle 4 bloc 0 rank 8"
6 48.0 686.0 "product aisle 1 bloc 1 rank 13"
7 0.0 699.0 "product aisle 0 bloc 1 rank 16"
8 96.0 170.0 "product aisle 2 bloc 0 rank 3"
9 0.0 170.0 "product aisle 0 bloc 0 rank 4"
10 0.0 157.0 "product aisle 0 bloc 0 rank 2"
11 96.0 608.0 "product aisle 2 bloc 1 rank 2"
12 48.0 196.0 "product aisle 1 bloc 0 rank 8"
13 144.0 621.0 "product aisle 3 bloc 1 rank 3"
14 240.0 209.0 "product aisle 5 bloc 0 rank 10"
15 144.0 621.0 "product aisle 3 bloc 1 rank 4"
16 0.0 157.0 "product aisle 0 bloc 0 rank 1"
17 192.0 621.0 "product aisle 4 bloc 1 rank 4"
18 96.0 621.0 "product aisle 2 bloc 1 rank 4"
19 192.0 261.0 "product aisle 4 bloc 0 rank 18"
20 0.0 686.0 "product aisle 0 bloc 1 rank 13"
21 240.0 287.0 "product aisle 5 bloc 0 rank 22"
22 96.0 209.0 "product aisle 2 bloc 0 rank 9"
23 0.0 183.0 "product aisle 0 bloc 0 rank 6"
24 96.0 634.0 "product aisle 2 bloc 1 rank 6"
25 48.0 157.0 "product aisle 1 bloc 0 rank 1"
26 96.0 985.0 "product aisle 2 bloc 1 rank 59"
27 0.0 660.0 "product aisle 0 bloc 1 rank 10"
28 0.0 235.0 "product aisle 0 bloc 0 rank 14"
29 240.0 634.0 "product aisle 5 bloc 1 rank 6"
30 48.0 157.0 "product aisle 1 bloc 0 rank 2"
31 0.0 287.0 "product aisle 0 bloc 0 rank 22"
32 96.0 183.0 "product aisle 2 bloc 0 rank 5"
33 24.0 120.0 "intersection aisle 0 bloc 0 rank 0"
34 24.0 571.0 "intersection aisle 0 bloc 1 rank 1"
35 24.0 1022.0 "intersection aisle 0 bloc 2 rank 2"
36 72.0 120.0 "intersection aisle 1 bloc 0 rank 0"
37 72.0 571.0 "intersection aisle 1 bloc 1 rank 1"
38 72.0 1022.0 "intersection aisle 1 bloc 2 rank 2"
39 120.0 120.0 "intersection aisle 2 bloc 0 rank 0"
40 120.0 571.0 "intersection aisle 2 bloc 1 rank 1"
41 120.0 1022.0 "intersection aisle 2 bloc 2 rank 2"
42 168.0 120.0 "intersection aisle 3 bloc 0 rank 0"
43 168.0 571.0 "intersection aisle 3 bloc 1 rank 1"
44 168.0 1022.0 "intersection aisle 3 bloc 2 rank 2"
45 216.0 120.0 "intersection aisle 4 bloc 0 rank 0"
46 216.0 571.0 "intersection aisle 4 bloc 1 rank 1"
47 216.0 1022.0 "intersection aisle 4 bloc 2 rank 2"
48 264.0 120.0 "intersection aisle 5 bloc 0 rank 0"
49 264.0 571.0 "intersection aisle 5 bloc 1 rank 1"
50 264.0 1022.0 "intersection aisle 5 bloc 2 rank 2"
51 0.0 0.0 "depot"
