//alpha
1
//NbLocations
75
//NbProducts
39
//NbPickers
2
//CapaPicker
4
//TimeToTravelOneDistanceUnit
3
//SetupTime
5400
//PickTime
300
//Products
//Idx Location Size
1 1 1
2 2 1
3 3 1
4 4 1
5 5 1
6 6 1
7 7 1
8 8 1
9 9 1
10 10 1
11 11 1
12 12 1
13 13 1
14 14 1
15 15 1
16 16 1
17 17 1
18 18 1
19 19 1
20 20 1
21 21 1
22 22 1
23 23 1
24 24 1
25 25 1
26 26 1
27 27 1
28 28 1
29 29 1
30 30 1
31 31 1
32 32 1
33 33 1
34 34 1
35 35 1
36 29 1
37 36 1
38 37 1
39 38 1
//Orders
//NbOrders
18
//Idx DueDate TardinessPenalty NbProdInOrder ProdIdx1 Qty1 ProdIdx2 Qty2 ...
1 126000 0 3 1 1 2 1 3 1
2 72000 0 2 4 1 5 1
3 36000 0 2 6 1 7 1
4 144000 0 4 8 1 9 1 10 1 11 1
5 144000 0 2 12 1 13 1
6 90000 0 3 14 1 15 1 16 1
7 108000 0 1 17 1
8 126000 0 4 18 1 19 1 20 1 21 1
9 126000 0 2 22 1 23 1
10 108000 0 3 24 1 25 1 26 1
11 108000 0 1 27 1
12 90000 0 3 28 1 29 1 30 1
13 108000 0 2 31 1 32 1
14 90000 0 1 33 1
15 90000 0 1 34 1
16 108000 0 2 35 1 36 1
17 126000 0 2 37 1 38 1
18 72000 0 1 39 1
//Graph (Products are vertices indexed from 1 to NbProducts)
//NbVerticesIntersections
36
//DepartingDepot
0
//ArrivalDepot
75
//Arcs
//Start End Distance
0 39 120
1 30 156
1 70 193
2 22 91
2 49 570
3 66 583
3 67 258
4 70 466
4 71 375
5 6 403
5 72 206
6 5 403
6 73 232
7 31 143
7 54 609
8 39 804
8 40 37
9 10 26
9 36 91
10 9 26
10 34 364
11 15 78
11 35 273
12 52 180
12 53 661
13 27 143
13 73 284
14 49 388
14 50 453
15 11 78
15 63 115
16 60 297
16 61 544
17 24 143
17 67 193
18 61 167
18 62 674
19 25 52
19 65 466
20 35 78
20 64 297
21 33 156
21 64 141
22 2 91
22 48 180
23 32 715
23 57 63
24 17 143
24 68 505
25 19 52
25 33 26
26 27 182
26 74 232
27 13 143
27 26 182
28 36 156
28 38 0
29 42 375
29 43 466
30 1 156
30 69 492
31 7 143
31 55 89
32 23 715
32 58 63
33 21 156
33 25 26
34 10 364
34 59 141
35 11 273
35 20 78
36 9 91
36 28 156
37 45 362
37 46 479
38 28 0
38 58 63
39 8 804
39 42 48
39 75 120
40 8 37
40 41 841
40 43 48
41 40 841
41 44 48
42 29 375
42 39 48
42 45 48
43 29 466
43 40 48
43 44 841
43 46 48
44 41 48
44 43 841
44 47 48
45 37 362
45 42 48
45 48 48
46 37 479
46 43 48
46 47 841
46 49 48
47 44 48
47 46 841
47 50 48
48 22 180
48 45 48
48 51 48
49 2 570
49 14 388
49 46 48
49 52 48
50 14 453
50 47 48
50 53 48
51 48 48
51 52 841
51 54 48
52 12 180
52 49 48
52 51 841
52 55 48
53 12 661
53 50 48
53 56 48
54 7 609
54 51 48
54 57 48
55 31 89
55 52 48
55 56 841
55 58 48
56 53 48
56 55 841
56 59 48
57 23 63
57 54 48
57 60 48
58 32 63
58 38 63
58 55 48
58 61 48
59 34 141
59 56 48
59 62 48
60 16 297
60 57 48
60 63 48
61 16 544
61 18 167
61 58 48
61 64 48
62 18 674
62 59 48
62 65 48
63 15 115
63 60 48
63 66 48
64 20 297
64 21 141
64 61 48
64 67 48
65 19 466
65 62 48
65 68 48
66 3 583
66 63 48
66 69 48
67 3 258
67 17 193
67 64 48
67 70 48
68 24 505
68 65 48
68 71 48
69 30 492
69 66 48
69 72 48
70 1 193
70 4 466
70 67 48
70 73 48
71 4 375
71 68 48
71 74 48
72 5 206
72 69 48
73 6 232
73 13 284
73 70 48
74 26 232
74 71 48
//LocStart LocEnd ShortestPath
0 0 0
0 1 1248
0 2 535
0 3 1135
0 4 1907
0 5 854
0 6 1257
0 7 969
0 8 924
0 9 1559
0 10 1585
0 11 697
0 12 1333
0 13 1773
0 14 1493
0 15 619
0 16 753
0 17 1586
0 18 1464
0 19 1720
0 20 1048
0 21 1486
0 22 444
0 23 471
0 24 1729
0 25 1668
0 26 2098
0 27 1916
0 28 1312
0 29 543
0 30 1092
0 31 1112
0 32 1186
0 33 1642
0 34 1949
0 35 970
0 36 1468
0 37 578
0 38 1312
0 39 120
0 40 961
0 41 1802
0 42 168
0 43 1009
0 44 1850
0 45 216
0 46 1057
0 47 1898
0 48 264
0 49 1105
0 50 1946
0 51 312
0 52 1153
0 53 1994
0 54 360
0 55 1201
0 56 2042
0 57 408
0 58 1249
0 59 2090
0 60 456
0 61 1297
0 62 2138
0 63 504
0 64 1345
0 65 2186
0 66 552
0 67 1393
0 68 2234
0 69 600
0 70 1441
0 71 2282
0 72 648
0 73 1489
0 74 2330
0 75 0
1 0 1248
1 1 0
1 2 1099
1 3 499
1 4 659
1 5 876
1 6 473
1 7 665
1 8 710
1 9 695
1 10 721
1 11 937
1 12 661
1 13 525
1 14 917
1 15 859
1 16 881
1 17 434
1 18 504
1 19 664
1 20 586
1 21 430
1 22 1164
1 23 903
1 24 577
1 25 612
1 26 850
1 27 668
1 28 448
1 29 1091
1 30 156
1 31 522
1 32 448
1 33 586
1 34 1085
1 35 664
1 36 604
1 37 1056
1 38 448
1 39 1128
1 40 673
1 41 1514
1 42 1080
1 43 625
1 44 1466
1 45 1032
1 46 577
1 47 1418
1 48 984
1 49 529
1 50 1370
1 51 936
1 52 481
1 53 1322
1 54 888
1 55 433
1 56 1274
1 57 840
1 58 385
1 59 1226
1 60 792
1 61 337
1 62 1178
1 63 744
1 64 289
1 65 1130
1 66 696
1 67 241
1 68 1082
1 69 648
1 70 193
1 71 1034
1 72 696
1 73 241
1 74 1082
1 75 1248
2 0 535
2 1 1099
2 2 0
2 3 1116
2 4 1372
2 5 861
2 6 1186
2 7 898
2 8 751
2 9 1024
2 10 1050
2 11 704
2 12 798
2 13 1238
2 14 958
2 15 626
2 16 760
2 17 1051
2 18 929
2 19 1185
2 20 1055
2 21 951
2 22 91
2 23 478
2 24 1194
2 25 1133
2 26 1563
2 27 1381
2 28 777
2 29 742
2 30 1099
2 31 755
2 32 777
2 33 1107
2 34 1414
2 35 977
2 36 933
2 37 681
2 38 777
2 39 415
2 40 714
2 41 1555
2 42 367
2 43 666
2 44 1507
2 45 319
2 46 618
2 47 1459
2 48 271
2 49 570
2 50 1411
2 51 319
2 52 618
2 53 1459
2 54 367
2 55 666
2 56 1507
2 57 415
2 58 714
2 59 1555
2 60 463
2 61 762
2 62 1603
2 63 511
2 64 810
2 65 1651
2 66 559
2 67 858
2 68 1699
2 69 607
2 70 906
2 71 1747
2 72 655
2 73 954
2 74 1795
2 75 535
3 0 1135
3 1 499
3 2 1116
3 3 0
3 4 772
3 5 885
3 6 586
3 7 682
3 8 727
3 9 712
3 10 738
3 11 824
3 12 678
3 13 638
3 14 934
3 15 746
3 16 898
3 17 451
3 18 521
3 19 681
3 20 603
3 21 447
3 22 1051
3 23 790
3 24 594
3 25 629
3 26 963
3 27 781
3 28 465
3 29 1108
3 30 655
3 31 539
3 32 465
3 33 603
3 34 1102
3 35 681
3 36 621
3 37 1073
3 38 465
3 39 1015
3 40 690
3 41 1531
3 42 967
3 43 642
3 44 1483
3 45 919
3 46 594
3 47 1435
3 48 871
3 49 546
3 50 1387
3 51 823
3 52 498
3 53 1339
3 54 775
3 55 450
3 56 1291
3 57 727
3 58 402
3 59 1243
3 60 679
3 61 354
3 62 1195
3 63 631
3 64 306
3 65 1147
3 66 583
3 67 258
3 68 1099
3 69 631
3 70 306
3 71 1147
3 72 679
3 73 354
3 74 1195
3 75 1135
4 0 1907
4 1 659
4 2 1372
4 3 772
4 4 0
4 5 1149
4 6 746
4 7 938
4 8 983
4 9 968
4 10 994
4 11 1210
4 12 934
4 13 798
4 14 1164
4 15 1288
4 16 1154
4 17 707
4 18 777
4 19 937
4 20 859
4 21 703
4 22 1463
4 23 1436
4 24 850
4 25 885
4 26 655
4 27 837
4 28 721
4 29 1364
4 30 815
4 31 795
4 32 721
4 33 859
4 34 708
4 35 937
4 36 877
4 37 1329
4 38 721
4 39 1787
4 40 946
4 41 855
4 42 1739
4 43 898
4 44 807
4 45 1691
4 46 850
4 47 759
4 48 1643
4 49 802
4 50 711
4 51 1595
4 52 754
4 53 663
4 54 1547
4 55 706
4 56 615
4 57 1499
4 58 658
4 59 567
4 60 1451
4 61 610
4 62 519
4 63 1403
4 64 562
4 65 471
4 66 1355
4 67 514
4 68 423
4 69 1307
4 70 466
4 71 375
4 72 1355
4 73 514
4 74 423
4 75 1907
5 0 854
5 1 876
5 2 861
5 3 885
5 4 1149
5 5 0
5 6 403
5 7 1103
5 8 1200
5 9 1185
5 10 1211
5 11 543
5 12 1151
5 13 919
5 14 1407
5 15 465
5 16 695
5 17 924
5 18 994
5 19 1154
5 20 894
5 21 920
5 22 770
5 23 509
5 24 1067
5 25 1102
5 26 1244
5 27 1062
5 28 938
5 29 1061
5 30 746
5 31 1012
5 32 938
5 33 1076
5 34 1575
5 35 816
5 36 1094
5 37 1000
5 38 938
5 39 734
5 40 1163
5 41 2004
5 42 686
5 43 1115
5 44 1956
5 45 638
5 46 1067
5 47 1908
5 48 590
5 49 1019
5 50 1860
5 51 542
5 52 971
5 53 1812
5 54 494
5 55 923
5 56 1764
5 57 446
5 58 875
5 59 1716
5 60 398
5 61 827
5 62 1668
5 63 350
5 64 779
5 65 1620
5 66 302
5 67 731
5 68 1572
5 69 254
5 70 683
5 71 1524
5 72 206
5 73 635
5 74 1476
5 75 854
6 0 1257
6 1 473
6 2 1186
6 3 586
6 4 746
6 5 403
6 6 0
6 7 752
6 8 797
6 9 782
6 10 808
6 11 946
6 12 748
6 13 516
6 14 1004
6 15 868
6 16 968
6 17 521
6 18 591
6 19 751
6 20 673
6 21 517
6 22 1173
6 23 912
6 24 664
6 25 699
6 26 841
6 27 659
6 28 535
6 29 1178
6 30 629
6 31 609
6 32 535
6 33 673
6 34 1172
6 35 751
6 36 691
6 37 1143
6 38 535
6 39 1137
6 40 760
6 41 1601
6 42 1089
6 43 712
6 44 1553
6 45 1041
6 46 664
6 47 1505
6 48 993
6 49 616
6 50 1457
6 51 945
6 52 568
6 53 1409
6 54 897
6 55 520
6 56 1361
6 57 849
6 58 472
6 59 1313
6 60 801
6 61 424
6 62 1265
6 63 753
6 64 376
6 65 1217
6 66 705
6 67 328
6 68 1169
6 69 657
6 70 280
6 71 1121
6 72 609
6 73 232
6 74 1073
6 75 1257
7 0 969
7 1 665
7 2 898
7 3 682
7 4 938
7 5 1103
7 6 752
7 7 0
7 8 509
7 9 590
7 10 616
7 11 946
7 12 460
7 13 804
7 14 716
7 15 868
7 16 872
7 17 617
7 18 495
7 19 751
7 20 673
7 21 517
7 22 885
7 23 720
7 24 760
7 25 699
7 26 1129
7 27 947
7 28 343
7 29 890
7 30 821
7 31 143
7 32 343
7 33 673
7 34 980
7 35 751
7 36 499
7 37 855
7 38 343
7 39 849
7 40 472
7 41 1313
7 42 801
7 43 424
7 44 1265
7 45 753
7 46 376
7 47 1217
7 48 705
7 49 328
7 50 1169
7 51 657
7 52 280
7 53 1121
7 54 609
7 55 232
7 56 1073
7 57 657
7 58 280
7 59 1121
7 60 705
7 61 328
7 62 1169
7 63 753
7 64 376
7 65 1217
7 66 801
7 67 424
7 68 1265
7 69 849
7 70 472
7 71 1313
7 72 897
7 73 520
7 74 1361
7 75 969
8 0 924
8 1 710
8 2 751
8 3 727
8 4 983
8 5 1200
8 6 797
8 7 509
8 8 0
8 9 635
8 10 661
8 11 1069
8 12 409
8 13 849
8 14 569
8 15 1147
8 16 917
8 17 662
8 18 540
8 19 796
8 20 718
8 21 562
8 22 842
8 23 1103
8 24 805
8 25 744
8 26 1174
8 27 992
8 28 388
8 29 551
8 30 866
8 31 366
8 32 388
8 33 718
8 34 1025
8 35 796
8 36 544
8 37 612
8 38 388
8 39 804
8 40 37
8 41 878
8 42 852
8 43 85
8 44 926
8 45 900
8 46 133
8 47 974
8 48 948
8 49 181
8 50 1022
8 51 996
8 52 229
8 53 1070
8 54 1044
8 55 277
8 56 1118
8 57 1092
8 58 325
8 59 1166
8 60 1140
8 61 373
8 62 1214
8 63 1188
8 64 421
8 65 1262
8 66 1236
8 67 469
8 68 1310
8 69 1284
8 70 517
8 71 1358
8 72 1332
8 73 565
8 74 1406
8 75 924
9 0 1559
9 1 695
9 2 1024
9 3 712
9 4 968
9 5 1185
9 6 782
9 7 590
9 8 635
9 9 0
9 10 26
9 11 1054
9 12 586
9 13 834
9 14 842
9 15 1132
9 16 902
9 17 647
9 18 525
9 19 781
9 20 703
9 21 547
9 22 1115
9 23 1088
9 24 790
9 25 729
9 26 1003
9 27 977
9 28 247
9 29 1016
9 30 851
9 31 447
9 32 373
9 33 703
9 34 390
9 35 781
9 36 91
9 37 981
9 38 247
9 39 1439
9 40 598
9 41 819
9 42 1391
9 43 550
9 44 771
9 45 1343
9 46 502
9 47 723
9 48 1295
9 49 454
9 50 675
9 51 1247
9 52 406
9 53 627
9 54 1199
9 55 358
9 56 579
9 57 1151
9 58 310
9 59 531
9 60 1199
9 61 358
9 62 579
9 63 1247
9 64 406
9 65 627
9 66 1295
9 67 454
9 68 675
9 69 1343
9 70 502
9 71 723
9 72 1391
9 73 550
9 74 771
9 75 1559
10 0 1585
10 1 721
10 2 1050
10 3 738
10 4 994
10 5 1211
10 6 808
10 7 616
10 8 661
10 9 26
10 10 0
10 11 1080
10 12 612
10 13 860
10 14 868
10 15 1158
10 16 928
10 17 673
10 18 551
10 19 807
10 20 729
10 21 573
10 22 1141
10 23 1114
10 24 816
10 25 755
10 26 977
10 27 1003
10 28 273
10 29 1042
10 30 877
10 31 473
10 32 399
10 33 729
10 34 364
10 35 807
10 36 117
10 37 1007
10 38 273
10 39 1465
10 40 624
10 41 793
10 42 1417
10 43 576
10 44 745
10 45 1369
10 46 528
10 47 697
10 48 1321
10 49 480
10 50 649
10 51 1273
10 52 432
10 53 601
10 54 1225
10 55 384
10 56 553
10 57 1177
10 58 336
10 59 505
10 60 1225
10 61 384
10 62 553
10 63 1273
10 64 432
10 65 601
10 66 1321
10 67 480
10 68 649
10 69 1369
10 70 528
10 71 697
10 72 1417
10 73 576
10 74 745
10 75 1585
11 0 697
11 1 937
11 2 704
11 3 824
11 4 1210
11 5 543
11 6 946
11 7 946
11 8 1069
11 9 1054
11 10 1080
11 11 0
11 12 1020
11 13 1076
11 14 1276
11 15 78
11 16 538
11 17 889
11 18 863
11 19 1023
11 20 351
11 21 789
11 22 613
11 23 352
11 24 1032
11 25 971
11 26 1401
11 27 1219
11 28 807
11 29 904
11 30 781
11 31 881
11 32 807
11 33 945
11 34 1444
11 35 273
11 36 963
11 37 843
11 38 807
11 39 577
11 40 1032
11 41 1873
11 42 529
11 43 984
11 44 1825
11 45 481
11 46 936
11 47 1777
11 48 433
11 49 888
11 50 1729
11 51 385
11 52 840
11 53 1681
11 54 337
11 55 792
11 56 1633
11 57 289
11 58 744
11 59 1585
11 60 241
11 61 696
11 62 1537
11 63 193
11 64 648
11 65 1489
11 66 241
11 67 696
11 68 1537
11 69 289
11 70 744
11 71 1585
11 72 337
11 73 792
11 74 1633
11 75 697
12 0 1333
12 1 661
12 2 798
12 3 678
12 4 934
12 5 1151
12 6 748
12 7 460
12 8 409
12 9 586
12 10 612
12 11 1020
12 12 0
12 13 800
12 14 616
12 15 1098
12 16 868
12 17 613
12 18 491
12 19 747
12 20 669
12 21 513
12 22 889
12 23 1054
12 24 756
12 25 695
12 26 1125
12 27 943
12 28 339
12 29 790
12 30 817
12 31 317
12 32 339
12 33 669
12 34 898
12 35 747
12 36 495
12 37 755
12 38 339
12 39 1213
12 40 372
12 41 853
12 42 1165
12 43 324
12 44 805
12 45 1117
12 46 276
12 47 757
12 48 1069
12 49 228
12 50 709
12 51 1021
12 52 180
12 53 661
12 54 1069
12 55 228
12 56 709
12 57 1117
12 58 276
12 59 757
12 60 1165
12 61 324
12 62 805
12 63 1213
12 64 372
12 65 853
12 66 1261
12 67 420
12 68 901
12 69 1309
12 70 468
12 71 949
12 72 1357
12 73 516
12 74 997
12 75 1333
13 0 1773
13 1 525
13 2 1238
13 3 638
13 4 798
13 5 919
13 6 516
13 7 804
13 8 849
13 9 834
13 10 860
13 11 1076
13 12 800
13 13 0
13 14 1056
13 15 1154
13 16 1020
13 17 573
13 18 643
13 19 803
13 20 725
13 21 569
13 22 1329
13 23 1302
13 24 716
13 25 751
13 26 325
13 27 143
13 28 587
13 29 1230
13 30 681
13 31 661
13 32 587
13 33 725
13 34 938
13 35 803
13 36 743
13 37 1195
13 38 587
13 39 1653
13 40 812
13 41 1085
13 42 1605
13 43 764
13 44 1037
13 45 1557
13 46 716
13 47 989
13 48 1509
13 49 668
13 50 941
13 51 1461
13 52 620
13 53 893
13 54 1413
13 55 572
13 56 845
13 57 1365
13 58 524
13 59 797
13 60 1317
13 61 476
13 62 749
13 63 1269
13 64 428
13 65 701
13 66 1221
13 67 380
13 68 653
13 69 1173
13 70 332
13 71 605
13 72 1125
13 73 284
13 74 557
13 75 1773
14 0 1493
14 1 917
14 2 958
14 3 934
14 4 1164
14 5 1407
14 6 1004
14 7 716
14 8 569
14 9 842
14 10 868
14 11 1276
14 12 616
14 13 1056
14 14 0
14 15 1354
14 16 1124
14 17 869
14 18 747
14 19 1003
14 20 925
14 21 769
14 22 1049
14 23 1310
14 24 1012
14 25 951
14 26 1069
14 27 1199
14 28 595
14 29 950
14 30 1073
14 31 573
14 32 595
14 33 925
14 34 738
14 35 1003
14 36 751
14 37 915
14 38 595
14 39 1373
14 40 532
14 41 597
14 42 1325
14 43 484
14 44 549
14 45 1277
14 46 436
14 47 501
14 48 1229
14 49 388
14 50 453
14 51 1277
14 52 436
14 53 501
14 54 1325
14 55 484
14 56 549
14 57 1373
14 58 532
14 59 597
14 60 1421
14 61 580
14 62 645
14 63 1469
14 64 628
14 65 693
14 66 1517
14 67 676
14 68 741
14 69 1565
14 70 724
14 71 789
14 72 1613
14 73 772
14 74 837
14 75 1493
15 0 619
15 1 859
15 2 626
15 3 746
15 4 1288
15 5 465
15 6 868
15 7 868
15 8 1147
15 9 1132
15 10 1158
15 11 78
15 12 1098
15 13 1154
15 14 1354
15 15 0
15 16 460
15 17 967
15 18 941
15 19 1101
15 20 429
15 21 867
15 22 535
15 23 274
15 24 1110
15 25 1049
15 26 1479
15 27 1297
15 28 885
15 29 826
15 30 703
15 31 959
15 32 885
15 33 1023
15 34 1522
15 35 351
15 36 1041
15 37 765
15 38 885
15 39 499
15 40 1110
15 41 1951
15 42 451
15 43 1062
15 44 1903
15 45 403
15 46 1014
15 47 1855
15 48 355
15 49 966
15 50 1807
15 51 307
15 52 918
15 53 1759
15 54 259
15 55 870
15 56 1711
15 57 211
15 58 822
15 59 1663
15 60 163
15 61 774
15 62 1615
15 63 115
15 64 726
15 65 1567
15 66 163
15 67 774
15 68 1615
15 69 211
15 70 822
15 71 1663
15 72 259
15 73 870
15 74 1711
15 75 619
16 0 753
16 1 881
16 2 760
16 3 898
16 4 1154
16 5 695
16 6 968
16 7 872
16 8 917
16 9 902
16 10 928
16 11 538
16 12 868
16 13 1020
16 14 1124
16 15 460
16 16 0
16 17 833
16 18 711
16 19 967
16 20 889
16 21 733
16 22 669
16 23 408
16 24 976
16 25 915
16 26 1345
16 27 1163
16 28 655
16 29 960
16 30 933
16 31 729
16 32 655
16 33 889
16 34 1292
16 35 811
16 36 811
16 37 899
16 38 655
16 39 633
16 40 880
16 41 1721
16 42 585
16 43 832
16 44 1673
16 45 537
16 46 784
16 47 1625
16 48 489
16 49 736
16 50 1577
16 51 441
16 52 688
16 53 1529
16 54 393
16 55 640
16 56 1481
16 57 345
16 58 592
16 59 1433
16 60 297
16 61 544
16 62 1385
16 63 345
16 64 592
16 65 1433
16 66 393
16 67 640
16 68 1481
16 69 441
16 70 688
16 71 1529
16 72 489
16 73 736
16 74 1577
16 75 753
17 0 1586
17 1 434
17 2 1051
17 3 451
17 4 707
17 5 924
17 6 521
17 7 617
17 8 662
17 9 647
17 10 673
17 11 889
17 12 613
17 13 573
17 14 869
17 15 967
17 16 833
17 17 0
17 18 456
17 19 616
17 20 538
17 21 382
17 22 1142
17 23 1115
17 24 143
17 25 564
17 26 898
17 27 716
17 28 400
17 29 1043
17 30 590
17 31 474
17 32 400
17 33 538
17 34 933
17 35 616
17 36 556
17 37 1008
17 38 400
17 39 1466
17 40 625
17 41 1080
17 42 1418
17 43 577
17 44 1032
17 45 1370
17 46 529
17 47 984
17 48 1322
17 49 481
17 50 936
17 51 1274
17 52 433
17 53 888
17 54 1226
17 55 385
17 56 840
17 57 1178
17 58 337
17 59 792
17 60 1130
17 61 289
17 62 744
17 63 1082
17 64 241
17 65 696
17 66 1034
17 67 193
17 68 648
17 69 1082
17 70 241
17 71 696
17 72 1130
17 73 289
17 74 744
17 75 1586
18 0 1464
18 1 504
18 2 929
18 3 521
18 4 777
18 5 994
18 6 591
18 7 495
18 8 540
18 9 525
18 10 551
18 11 863
18 12 491
18 13 643
18 14 747
18 15 941
18 16 711
18 17 456
18 18 0
18 19 590
18 20 512
18 21 356
18 22 1020
18 23 993
18 24 599
18 25 538
18 26 968
18 27 786
18 28 278
18 29 921
18 30 660
18 31 352
18 32 278
18 33 512
18 34 863
18 35 590
18 36 434
18 37 886
18 38 278
18 39 1344
18 40 503
18 41 1010
18 42 1296
18 43 455
18 44 962
18 45 1248
18 46 407
18 47 914
18 48 1200
18 49 359
18 50 866
18 51 1152
18 52 311
18 53 818
18 54 1104
18 55 263
18 56 770
18 57 1056
18 58 215
18 59 722
18 60 1008
18 61 167
18 62 674
18 63 1056
18 64 215
18 65 722
18 66 1104
18 67 263
18 68 770
18 69 1152
18 70 311
18 71 818
18 72 1200
18 73 359
18 74 866
18 75 1464
19 0 1720
19 1 664
19 2 1185
19 3 681
19 4 937
19 5 1154
19 6 751
19 7 751
19 8 796
19 9 781
19 10 807
19 11 1023
19 12 747
19 13 803
19 14 1003
19 15 1101
19 16 967
19 17 616
19 18 590
19 19 0
19 20 672
19 21 234
19 22 1276
19 23 1249
19 24 759
19 25 52
19 26 842
19 27 946
19 28 534
19 29 1177
19 30 820
19 31 608
19 32 534
19 33 78
19 34 703
19 35 750
19 36 690
19 37 1142
19 38 534
19 39 1600
19 40 759
19 41 850
19 42 1552
19 43 711
19 44 802
19 45 1504
19 46 663
19 47 754
19 48 1456
19 49 615
19 50 706
19 51 1408
19 52 567
19 53 658
19 54 1360
19 55 519
19 56 610
19 57 1312
19 58 471
19 59 562
19 60 1264
19 61 423
19 62 514
19 63 1216
19 64 375
19 65 466
19 66 1264
19 67 423
19 68 514
19 69 1312
19 70 471
19 71 562
19 72 1360
19 73 519
19 74 610
19 75 1720
20 0 1048
20 1 586
20 2 1055
20 3 603
20 4 859
20 5 894
20 6 673
20 7 673
20 8 718
20 9 703
20 10 729
20 11 351
20 12 669
20 13 725
20 14 925
20 15 429
20 16 889
20 17 538
20 18 512
20 19 672
20 20 0
20 21 438
20 22 964
20 23 703
20 24 681
20 25 620
20 26 1050
20 27 868
20 28 456
20 29 1099
20 30 742
20 31 530
20 32 456
20 33 594
20 34 1093
20 35 78
20 36 612
20 37 1064
20 38 456
20 39 928
20 40 681
20 41 1522
20 42 880
20 43 633
20 44 1474
20 45 832
20 46 585
20 47 1426
20 48 784
20 49 537
20 50 1378
20 51 736
20 52 489
20 53 1330
20 54 688
20 55 441
20 56 1282
20 57 640
20 58 393
20 59 1234
20 60 592
20 61 345
20 62 1186
20 63 544
20 64 297
20 65 1138
20 66 592
20 67 345
20 68 1186
20 69 640
20 70 393
20 71 1234
20 72 688
20 73 441
20 74 1282
20 75 1048
21 0 1486
21 1 430
21 2 951
21 3 447
21 4 703
21 5 920
21 6 517
21 7 517
21 8 562
21 9 547
21 10 573
21 11 789
21 12 513
21 13 569
21 14 769
21 15 867
21 16 733
21 17 382
21 18 356
21 19 234
21 20 438
21 21 0
21 22 1042
21 23 1015
21 24 525
21 25 182
21 26 894
21 27 712
21 28 300
21 29 943
21 30 586
21 31 374
21 32 300
21 33 156
21 34 937
21 35 516
21 36 456
21 37 908
21 38 300
21 39 1366
21 40 525
21 41 1084
21 42 1318
21 43 477
21 44 1036
21 45 1270
21 46 429
21 47 988
21 48 1222
21 49 381
21 50 940
21 51 1174
21 52 333
21 53 892
21 54 1126
21 55 285
21 56 844
21 57 1078
21 58 237
21 59 796
21 60 1030
21 61 189
21 62 748
21 63 982
21 64 141
21 65 700
21 66 1030
21 67 189
21 68 748
21 69 1078
21 70 237
21 71 796
21 72 1126
21 73 285
21 74 844
21 75 1486
22 0 444
22 1 1164
22 2 91
22 3 1051
22 4 1463
22 5 770
22 6 1173
22 7 885
22 8 842
22 9 1115
22 10 1141
22 11 613
22 12 889
22 13 1329
22 14 1049
22 15 535
22 16 669
22 17 1142
22 18 1020
22 19 1276
22 20 964
22 21 1042
22 22 0
22 23 387
22 24 1285
22 25 1224
22 26 1654
22 27 1472
22 28 868
22 29 651
22 30 1008
22 31 846
22 32 868
22 33 1198
22 34 1505
22 35 886
22 36 1024
22 37 590
22 38 868
22 39 324
22 40 805
22 41 1646
22 42 276
22 43 757
22 44 1598
22 45 228
22 46 709
22 47 1550
22 48 180
22 49 661
22 50 1502
22 51 228
22 52 709
22 53 1550
22 54 276
22 55 757
22 56 1598
22 57 324
22 58 805
22 59 1646
22 60 372
22 61 853
22 62 1694
22 63 420
22 64 901
22 65 1742
22 66 468
22 67 949
22 68 1790
22 69 516
22 70 997
22 71 1838
22 72 564
22 73 1045
22 74 1886
22 75 444
23 0 471
23 1 903
23 2 478
23 3 790
23 4 1436
23 5 509
23 6 912
23 7 720
23 8 1103
23 9 1088
23 10 1114
23 11 352
23 12 1054
23 13 1302
23 14 1310
23 15 274
23 16 408
23 17 1115
23 18 993
23 19 1249
23 20 703
23 21 1015
23 22 387
23 23 0
23 24 1258
23 25 1197
23 26 1627
23 27 1445
23 28 841
23 29 678
23 30 747
23 31 863
23 32 715
23 33 1171
23 34 1478
23 35 625
23 36 997
23 37 617
23 38 841
23 39 351
23 40 1066
23 41 1907
23 42 303
23 43 1018
23 44 1859
23 45 255
23 46 970
23 47 1811
23 48 207
23 49 922
23 50 1763
23 51 159
23 52 874
23 53 1715
23 54 111
23 55 826
23 56 1667
23 57 63
23 58 778
23 59 1619
23 60 111
23 61 826
23 62 1667
23 63 159
23 64 874
23 65 1715
23 66 207
23 67 922
23 68 1763
23 69 255
23 70 970
23 71 1811
23 72 303
23 73 1018
23 74 1859
23 75 471
24 0 1729
24 1 577
24 2 1194
24 3 594
24 4 850
24 5 1067
24 6 664
24 7 760
24 8 805
24 9 790
24 10 816
24 11 1032
24 12 756
24 13 716
24 14 1012
24 15 1110
24 16 976
24 17 143
24 18 599
24 19 759
24 20 681
24 21 525
24 22 1285
24 23 1258
24 24 0
24 25 707
24 26 833
24 27 859
24 28 543
24 29 1186
24 30 733
24 31 617
24 32 543
24 33 681
24 34 790
24 35 759
24 36 699
24 37 1151
24 38 543
24 39 1609
24 40 768
24 41 937
24 42 1561
24 43 720
24 44 889
24 45 1513
24 46 672
24 47 841
24 48 1465
24 49 624
24 50 793
24 51 1417
24 52 576
24 53 745
24 54 1369
24 55 528
24 56 697
24 57 1321
24 58 480
24 59 649
24 60 1273
24 61 432
24 62 601
24 63 1225
24 64 384
24 65 553
24 66 1177
24 67 336
24 68 505
24 69 1225
24 70 384
24 71 553
24 72 1273
24 73 432
24 74 601
24 75 1729
25 0 1668
25 1 612
25 2 1133
25 3 629
25 4 885
25 5 1102
25 6 699
25 7 699
25 8 744
25 9 729
25 10 755
25 11 971
25 12 695
25 13 751
25 14 951
25 15 1049
25 16 915
25 17 564
25 18 538
25 19 52
25 20 620
25 21 182
25 22 1224
25 23 1197
25 24 707
25 25 0
25 26 894
25 27 894
25 28 482
25 29 1125
25 30 768
25 31 556
25 32 482
25 33 26
25 34 755
25 35 698
25 36 638
25 37 1090
25 38 482
25 39 1548
25 40 707
25 41 902
25 42 1500
25 43 659
25 44 854
25 45 1452
25 46 611
25 47 806
25 48 1404
25 49 563
25 50 758
25 51 1356
25 52 515
25 53 710
25 54 1308
25 55 467
25 56 662
25 57 1260
25 58 419
25 59 614
25 60 1212
25 61 371
25 62 566
25 63 1164
25 64 323
25 65 518
25 66 1212
25 67 371
25 68 566
25 69 1260
25 70 419
25 71 614
25 72 1308
25 73 467
25 74 662
25 75 1668
26 0 2098
26 1 850
26 2 1563
26 3 963
26 4 655
26 5 1244
26 6 841
26 7 1129
26 8 1174
26 9 1003
26 10 977
26 11 1401
26 12 1125
26 13 325
26 14 1069
26 15 1479
26 16 1345
26 17 898
26 18 968
26 19 842
26 20 1050
26 21 894
26 22 1654
26 23 1627
26 24 833
26 25 894
26 26 0
26 27 182
26 28 912
26 29 1555
26 30 1006
26 31 986
26 32 912
26 33 920
26 34 613
26 35 1128
26 36 1068
26 37 1520
26 38 912
26 39 1978
26 40 1137
26 41 760
26 42 1930
26 43 1089
26 44 712
26 45 1882
26 46 1041
26 47 664
26 48 1834
26 49 993
26 50 616
26 51 1786
26 52 945
26 53 568
26 54 1738
26 55 897
26 56 520
26 57 1690
26 58 849
26 59 472
26 60 1642
26 61 801
26 62 424
26 63 1594
26 64 753
26 65 376
26 66 1546
26 67 705
26 68 328
26 69 1498
26 70 657
26 71 280
26 72 1450
26 73 609
26 74 232
26 75 2098
27 0 1916
27 1 668
27 2 1381
27 3 781
27 4 837
27 5 1062
27 6 659
27 7 947
27 8 992
27 9 977
27 10 1003
27 11 1219
27 12 943
27 13 143
27 14 1199
27 15 1297
27 16 1163
27 17 716
27 18 786
27 19 946
27 20 868
27 21 712
27 22 1472
27 23 1445
27 24 859
27 25 894
27 26 182
27 27 0
27 28 730
27 29 1373
27 30 824
27 31 804
27 32 730
27 33 868
27 34 795
27 35 946
27 36 886
27 37 1338
27 38 730
27 39 1796
27 40 955
27 41 942
27 42 1748
27 43 907
27 44 894
27 45 1700
27 46 859
27 47 846
27 48 1652
27 49 811
27 50 798
27 51 1604
27 52 763
27 53 750
27 54 1556
27 55 715
27 56 702
27 57 1508
27 58 667
27 59 654
27 60 1460
27 61 619
27 62 606
27 63 1412
27 64 571
27 65 558
27 66 1364
27 67 523
27 68 510
27 69 1316
27 70 475
27 71 462
27 72 1268
27 73 427
27 74 414
27 75 1916
28 0 1312
28 1 448
28 2 777
28 3 465
28 4 721
28 5 938
28 6 535
28 7 343
28 8 388
28 9 247
28 10 273
28 11 807
28 12 339
28 13 587
28 14 595
28 15 885
28 16 655
28 17 400
28 18 278
28 19 534
28 20 456
28 21 300
28 22 868
28 23 841
28 24 543
28 25 482
28 26 912
28 27 730
28 28 0
28 29 769
28 30 604
28 31 200
28 32 126
28 33 456
28 34 637
28 35 534
28 36 156
28 37 734
28 38 0
28 39 1192
28 40 351
28 41 1066
28 42 1144
28 43 303
28 44 1018
28 45 1096
28 46 255
28 47 970
28 48 1048
28 49 207
28 50 922
28 51 1000
28 52 159
28 53 874
28 54 952
28 55 111
28 56 826
28 57 904
28 58 63
28 59 778
28 60 952
28 61 111
28 62 826
28 63 1000
28 64 159
28 65 874
28 66 1048
28 67 207
28 68 922
28 69 1096
28 70 255
28 71 970
28 72 1144
28 73 303
28 74 1018
28 75 1312
29 0 543
29 1 1091
29 2 742
29 3 1108
29 4 1364
29 5 1061
29 6 1178
29 7 890
29 8 551
29 9 1016
29 10 1042
29 11 904
29 12 790
29 13 1230
29 14 950
29 15 826
29 16 960
29 17 1043
29 18 921
29 19 1177
29 20 1099
29 21 943
29 22 651
29 23 678
29 24 1186
29 25 1125
29 26 1555
29 27 1373
29 28 769
29 29 0
29 30 1247
29 31 747
29 32 769
29 33 1099
29 34 1406
29 35 1177
29 36 925
29 37 785
29 38 769
29 39 423
29 40 514
29 41 1355
29 42 375
29 43 466
29 44 1307
29 45 423
29 46 514
29 47 1355
29 48 471
29 49 562
29 50 1403
29 51 519
29 52 610
29 53 1451
29 54 567
29 55 658
29 56 1499
29 57 615
29 58 706
29 59 1547
29 60 663
29 61 754
29 62 1595
29 63 711
29 64 802
29 65 1643
29 66 759
29 67 850
29 68 1691
29 69 807
29 70 898
29 71 1739
29 72 855
29 73 946
29 74 1787
29 75 543
30 0 1092
30 1 156
30 2 1099
30 3 655
30 4 815
30 5 746
30 6 629
30 7 821
30 8 866
30 9 851
30 10 877
30 11 781
30 12 817
30 13 681
30 14 1073
30 15 703
30 16 933
30 17 590
30 18 660
30 19 820
30 20 742
30 21 586
30 22 1008
30 23 747
30 24 733
30 25 768
30 26 1006
30 27 824
30 28 604
30 29 1247
30 30 0
30 31 678
30 32 604
30 33 742
30 34 1241
30 35 820
30 36 760
30 37 1212
30 38 604
30 39 972
30 40 829
30 41 1670
30 42 924
30 43 781
30 44 1622
30 45 876
30 46 733
30 47 1574
30 48 828
30 49 685
30 50 1526
30 51 780
30 52 637
30 53 1478
30 54 732
30 55 589
30 56 1430
30 57 684
30 58 541
30 59 1382
30 60 636
30 61 493
30 62 1334
30 63 588
30 64 445
30 65 1286
30 66 540
30 67 397
30 68 1238
30 69 492
30 70 349
30 71 1190
30 72 540
30 73 397
30 74 1238
30 75 1092
31 0 1112
31 1 522
31 2 755
31 3 539
31 4 795
31 5 1012
31 6 609
31 7 143
31 8 366
31 9 447
31 10 473
31 11 881
31 12 317
31 13 661
31 14 573
31 15 959
31 16 729
31 17 474
31 18 352
31 19 608
31 20 530
31 21 374
31 22 846
31 23 863
31 24 617
31 25 556
31 26 986
31 27 804
31 28 200
31 29 747
31 30 678
31 31 0
31 32 200
31 33 530
31 34 837
31 35 608
31 36 356
31 37 712
31 38 200
31 39 992
31 40 329
31 41 1170
31 42 944
31 43 281
31 44 1122
31 45 896
31 46 233
31 47 1074
31 48 848
31 49 185
31 50 1026
31 51 800
31 52 137
31 53 978
31 54 752
31 55 89
31 56 930
31 57 800
31 58 137
31 59 978
31 60 848
31 61 185
31 62 1026
31 63 896
31 64 233
31 65 1074
31 66 944
31 67 281
31 68 1122
31 69 992
31 70 329
31 71 1170
31 72 1040
31 73 377
31 74 1218
31 75 1112
32 0 1186
32 1 448
32 2 777
32 3 465
32 4 721
32 5 938
32 6 535
32 7 343
32 8 388
32 9 373
32 10 399
32 11 807
32 12 339
32 13 587
32 14 595
32 15 885
32 16 655
32 17 400
32 18 278
32 19 534
32 20 456
32 21 300
32 22 868
32 23 715
32 24 543
32 25 482
32 26 912
32 27 730
32 28 126
32 29 769
32 30 604
32 31 200
32 32 0
32 33 456
32 34 763
32 35 534
32 36 282
32 37 734
32 38 126
32 39 1066
32 40 351
32 41 1192
32 42 1018
32 43 303
32 44 1144
32 45 970
32 46 255
32 47 1096
32 48 922
32 49 207
32 50 1048
32 51 874
32 52 159
32 53 1000
32 54 826
32 55 111
32 56 952
32 57 778
32 58 63
32 59 904
32 60 826
32 61 111
32 62 952
32 63 874
32 64 159
32 65 1000
32 66 922
32 67 207
32 68 1048
32 69 970
32 70 255
32 71 1096
32 72 1018
32 73 303
32 74 1144
32 75 1186
33 0 1642
33 1 586
33 2 1107
33 3 603
33 4 859
33 5 1076
33 6 673
33 7 673
33 8 718
33 9 703
33 10 729
33 11 945
33 12 669
33 13 725
33 14 925
33 15 1023
33 16 889
33 17 538
33 18 512
33 19 78
33 20 594
33 21 156
33 22 1198
33 23 1171
33 24 681
33 25 26
33 26 920
33 27 868
33 28 456
33 29 1099
33 30 742
33 31 530
33 32 456
33 33 0
33 34 781
33 35 672
33 36 612
33 37 1064
33 38 456
33 39 1522
33 40 681
33 41 928
33 42 1474
33 43 633
33 44 880
33 45 1426
33 46 585
33 47 832
33 48 1378
33 49 537
33 50 784
33 51 1330
33 52 489
33 53 736
33 54 1282
33 55 441
33 56 688
33 57 1234
33 58 393
33 59 640
33 60 1186
33 61 345
33 62 592
33 63 1138
33 64 297
33 65 544
33 66 1186
33 67 345
33 68 592
33 69 1234
33 70 393
33 71 640
33 72 1282
33 73 441
33 74 688
33 75 1642
34 0 1949
34 1 1085
34 2 1414
34 3 1102
34 4 708
34 5 1575
34 6 1172
34 7 980
34 8 1025
34 9 390
34 10 364
34 11 1444
34 12 898
34 13 938
34 14 738
34 15 1522
34 16 1292
34 17 933
34 18 863
34 19 703
34 20 1093
34 21 937
34 22 1505
34 23 1478
34 24 790
34 25 755
34 26 613
34 27 795
34 28 637
34 29 1406
34 30 1241
34 31 837
34 32 763
34 33 781
34 34 0
34 35 1171
34 36 481
34 37 1371
34 38 637
34 39 1829
34 40 988
34 41 429
34 42 1781
34 43 940
34 44 381
34 45 1733
34 46 892
34 47 333
34 48 1685
34 49 844
34 50 285
34 51 1637
34 52 796
34 53 237
34 54 1589
34 55 748
34 56 189
34 57 1541
34 58 700
34 59 141
34 60 1589
34 61 748
34 62 189
34 63 1637
34 64 796
34 65 237
34 66 1685
34 67 844
34 68 285
34 69 1733
34 70 892
34 71 333
34 72 1781
34 73 940
34 74 381
34 75 1949
35 0 970
35 1 664
35 2 977
35 3 681
35 4 937
35 5 816
35 6 751
35 7 751
35 8 796
35 9 781
35 10 807
35 11 273
35 12 747
35 13 803
35 14 1003
35 15 351
35 16 811
35 17 616
35 18 590
35 19 750
35 20 78
35 21 516
35 22 886
35 23 625
35 24 759
35 25 698
35 26 1128
35 27 946
35 28 534
35 29 1177
35 30 820
35 31 608
35 32 534
35 33 672
35 34 1171
35 35 0
35 36 690
35 37 1116
35 38 534
35 39 850
35 40 759
35 41 1600
35 42 802
35 43 711
35 44 1552
35 45 754
35 46 663
35 47 1504
35 48 706
35 49 615
35 50 1456
35 51 658
35 52 567
35 53 1408
35 54 610
35 55 519
35 56 1360
35 57 562
35 58 471
35 59 1312
35 60 514
35 61 423
35 62 1264
35 63 466
35 64 375
35 65 1216
35 66 514
35 67 423
35 68 1264
35 69 562
35 70 471
35 71 1312
35 72 610
35 73 519
35 74 1360
35 75 970
36 0 1468
36 1 604
36 2 933
36 3 621
36 4 877
36 5 1094
36 6 691
36 7 499
36 8 544
36 9 91
36 10 117
36 11 963
36 12 495
36 13 743
36 14 751
36 15 1041
36 16 811
36 17 556
36 18 434
36 19 690
36 20 612
36 21 456
36 22 1024
36 23 997
36 24 699
36 25 638
36 26 1068
36 27 886
36 28 156
36 29 925
36 30 760
36 31 356
36 32 282
36 33 612
36 34 481
36 35 690
36 36 0
36 37 890
36 38 156
36 39 1348
36 40 507
36 41 910
36 42 1300
36 43 459
36 44 862
36 45 1252
36 46 411
36 47 814
36 48 1204
36 49 363
36 50 766
36 51 1156
36 52 315
36 53 718
36 54 1108
36 55 267
36 56 670
36 57 1060
36 58 219
36 59 622
36 60 1108
36 61 267
36 62 670
36 63 1156
36 64 315
36 65 718
36 66 1204
36 67 363
36 68 766
36 69 1252
36 70 411
36 71 814
36 72 1300
36 73 459
36 74 862
36 75 1468
37 0 578
37 1 1056
37 2 681
37 3 1073
37 4 1329
37 5 1000
37 6 1143
37 7 855
37 8 612
37 9 981
37 10 1007
37 11 843
37 12 755
37 13 1195
37 14 915
37 15 765
37 16 899
37 17 1008
37 18 886
37 19 1142
37 20 1064
37 21 908
37 22 590
37 23 617
37 24 1151
37 25 1090
37 26 1520
37 27 1338
37 28 734
37 29 785
37 30 1212
37 31 712
37 32 734
37 33 1064
37 34 1371
37 35 1116
37 36 890
37 37 0
37 38 734
37 39 458
37 40 575
37 41 1416
37 42 410
37 43 527
37 44 1368
37 45 362
37 46 479
37 47 1320
37 48 410
37 49 527
37 50 1368
37 51 458
37 52 575
37 53 1416
37 54 506
37 55 623
37 56 1464
37 57 554
37 58 671
37 59 1512
37 60 602
37 61 719
37 62 1560
37 63 650
37 64 767
37 65 1608
37 66 698
37 67 815
37 68 1656
37 69 746
37 70 863
37 71 1704
37 72 794
37 73 911
37 74 1752
37 75 578
38 0 1312
38 1 448
38 2 777
38 3 465
38 4 721
38 5 938
38 6 535
38 7 343
38 8 388
38 9 247
38 10 273
38 11 807
38 12 339
38 13 587
38 14 595
38 15 885
38 16 655
38 17 400
38 18 278
38 19 534
38 20 456
38 21 300
38 22 868
38 23 841
38 24 543
38 25 482
38 26 912
38 27 730
38 28 0
38 29 769
38 30 604
38 31 200
38 32 126
38 33 456
38 34 637
38 35 534
38 36 156
38 37 734
38 38 0
38 39 1192
38 40 351
38 41 1066
38 42 1144
38 43 303
38 44 1018
38 45 1096
38 46 255
38 47 970
38 48 1048
38 49 207
38 50 922
38 51 1000
38 52 159
38 53 874
38 54 952
38 55 111
38 56 826
38 57 904
38 58 63
38 59 778
38 60 952
38 61 111
38 62 826
38 63 1000
38 64 159
38 65 874
38 66 1048
38 67 207
38 68 922
38 69 1096
38 70 255
38 71 970
38 72 1144
38 73 303
38 74 1018
38 75 1312
39 0 120
39 1 1128
39 2 415
39 3 1015
39 4 1787
39 5 734
39 6 1137
39 7 849
39 8 804
39 9 1439
39 10 1465
39 11 577
39 12 1213
39 13 1653
39 14 1373
39 15 499
39 16 633
39 17 1466
39 18 1344
39 19 1600
39 20 928
39 21 1366
39 22 324
39 23 351
39 24 1609
39 25 1548
39 26 1978
39 27 1796
39 28 1192
39 29 423
39 30 972
39 31 992
39 32 1066
39 33 1522
39 34 1829
39 35 850
39 36 1348
39 37 458
39 38 1192
39 39 0
39 40 841
39 41 1682
39 42 48
39 43 889
39 44 1730
39 45 96
39 46 937
39 47 1778
39 48 144
39 49 985
39 50 1826
39 51 192
39 52 1033
39 53 1874
39 54 240
39 55 1081
39 56 1922
39 57 288
39 58 1129
39 59 1970
39 60 336
39 61 1177
39 62 2018
39 63 384
39 64 1225
39 65 2066
39 66 432
39 67 1273
39 68 2114
39 69 480
39 70 1321
39 71 2162
39 72 528
39 73 1369
39 74 2210
39 75 120
40 0 961
40 1 673
40 2 714
40 3 690
40 4 946
40 5 1163
40 6 760
40 7 472
40 8 37
40 9 598
40 10 624
40 11 1032
40 12 372
40 13 812
40 14 532
40 15 1110
40 16 880
40 17 625
40 18 503
40 19 759
40 20 681
40 21 525
40 22 805
40 23 1066
40 24 768
40 25 707
40 26 1137
40 27 955
40 28 351
40 29 514
40 30 829
40 31 329
40 32 351
40 33 681
40 34 988
40 35 759
40 36 507
40 37 575
40 38 351
40 39 841
40 40 0
40 41 841
40 42 889
40 43 48
40 44 889
40 45 937
40 46 96
40 47 937
40 48 985
40 49 144
40 50 985
40 51 1033
40 52 192
40 53 1033
40 54 1081
40 55 240
40 56 1081
40 57 1129
40 58 288
40 59 1129
40 60 1177
40 61 336
40 62 1177
40 63 1225
40 64 384
40 65 1225
40 66 1273
40 67 432
40 68 1273
40 69 1321
40 70 480
40 71 1321
40 72 1369
40 73 528
40 74 1369
40 75 961
41 0 1802
41 1 1514
41 2 1555
41 3 1531
41 4 855
41 5 2004
41 6 1601
41 7 1313
41 8 878
41 9 819
41 10 793
41 11 1873
41 12 853
41 13 1085
41 14 597
41 15 1951
41 16 1721
41 17 1080
41 18 1010
41 19 850
41 20 1522
41 21 1084
41 22 1646
41 23 1907
41 24 937
41 25 902
41 26 760
41 27 942
41 28 1066
41 29 1355
41 30 1670
41 31 1170
41 32 1192
41 33 928
41 34 429
41 35 1600
41 36 910
41 37 1416
41 38 1066
41 39 1682
41 40 841
41 41 0
41 42 1730
41 43 889
41 44 48
41 45 1778
41 46 937
41 47 96
41 48 1826
41 49 985
41 50 144
41 51 1874
41 52 1033
41 53 192
41 54 1922
41 55 1081
41 56 240
41 57 1970
41 58 1129
41 59 288
41 60 2018
41 61 1177
41 62 336
41 63 2066
41 64 1225
41 65 384
41 66 2114
41 67 1273
41 68 432
41 69 2162
41 70 1321
41 71 480
41 72 2210
41 73 1369
41 74 528
41 75 1802
42 0 168
42 1 1080
42 2 367
42 3 967
42 4 1739
42 5 686
42 6 1089
42 7 801
42 8 852
42 9 1391
42 10 1417
42 11 529
42 12 1165
42 13 1605
42 14 1325
42 15 451
42 16 585
42 17 1418
42 18 1296
42 19 1552
42 20 880
42 21 1318
42 22 276
42 23 303
42 24 1561
42 25 1500
42 26 1930
42 27 1748
42 28 1144
42 29 375
42 30 924
42 31 944
42 32 1018
42 33 1474
42 34 1781
42 35 802
42 36 1300
42 37 410
42 38 1144
42 39 48
42 40 889
42 41 1730
42 42 0
42 43 841
42 44 1682
42 45 48
42 46 889
42 47 1730
42 48 96
42 49 937
42 50 1778
42 51 144
42 52 985
42 53 1826
42 54 192
42 55 1033
42 56 1874
42 57 240
42 58 1081
42 59 1922
42 60 288
42 61 1129
42 62 1970
42 63 336
42 64 1177
42 65 2018
42 66 384
42 67 1225
42 68 2066
42 69 432
42 70 1273
42 71 2114
42 72 480
42 73 1321
42 74 2162
42 75 168
43 0 1009
43 1 625
43 2 666
43 3 642
43 4 898
43 5 1115
43 6 712
43 7 424
43 8 85
43 9 550
43 10 576
43 11 984
43 12 324
43 13 764
43 14 484
43 15 1062
43 16 832
43 17 577
43 18 455
43 19 711
43 20 633
43 21 477
43 22 757
43 23 1018
43 24 720
43 25 659
43 26 1089
43 27 907
43 28 303
43 29 466
43 30 781
43 31 281
43 32 303
43 33 633
43 34 940
43 35 711
43 36 459
43 37 527
43 38 303
43 39 889
43 40 48
43 41 889
43 42 841
43 43 0
43 44 841
43 45 889
43 46 48
43 47 889
43 48 937
43 49 96
43 50 937
43 51 985
43 52 144
43 53 985
43 54 1033
43 55 192
43 56 1033
43 57 1081
43 58 240
43 59 1081
43 60 1129
43 61 288
43 62 1129
43 63 1177
43 64 336
43 65 1177
43 66 1225
43 67 384
43 68 1225
43 69 1273
43 70 432
43 71 1273
43 72 1321
43 73 480
43 74 1321
43 75 1009
44 0 1850
44 1 1466
44 2 1507
44 3 1483
44 4 807
44 5 1956
44 6 1553
44 7 1265
44 8 926
44 9 771
44 10 745
44 11 1825
44 12 805
44 13 1037
44 14 549
44 15 1903
44 16 1673
44 17 1032
44 18 962
44 19 802
44 20 1474
44 21 1036
44 22 1598
44 23 1859
44 24 889
44 25 854
44 26 712
44 27 894
44 28 1018
44 29 1307
44 30 1622
44 31 1122
44 32 1144
44 33 880
44 34 381
44 35 1552
44 36 862
44 37 1368
44 38 1018
44 39 1730
44 40 889
44 41 48
44 42 1682
44 43 841
44 44 0
44 45 1730
44 46 889
44 47 48
44 48 1778
44 49 937
44 50 96
44 51 1826
44 52 985
44 53 144
44 54 1874
44 55 1033
44 56 192
44 57 1922
44 58 1081
44 59 240
44 60 1970
44 61 1129
44 62 288
44 63 2018
44 64 1177
44 65 336
44 66 2066
44 67 1225
44 68 384
44 69 2114
44 70 1273
44 71 432
44 72 2162
44 73 1321
44 74 480
44 75 1850
45 0 216
45 1 1032
45 2 319
45 3 919
45 4 1691
45 5 638
45 6 1041
45 7 753
45 8 900
45 9 1343
45 10 1369
45 11 481
45 12 1117
45 13 1557
45 14 1277
45 15 403
45 16 537
45 17 1370
45 18 1248
45 19 1504
45 20 832
45 21 1270
45 22 228
45 23 255
45 24 1513
45 25 1452
45 26 1882
45 27 1700
45 28 1096
45 29 423
45 30 876
45 31 896
45 32 970
45 33 1426
45 34 1733
45 35 754
45 36 1252
45 37 362
45 38 1096
45 39 96
45 40 937
45 41 1778
45 42 48
45 43 889
45 44 1730
45 45 0
45 46 841
45 47 1682
45 48 48
45 49 889
45 50 1730
45 51 96
45 52 937
45 53 1778
45 54 144
45 55 985
45 56 1826
45 57 192
45 58 1033
45 59 1874
45 60 240
45 61 1081
45 62 1922
45 63 288
45 64 1129
45 65 1970
45 66 336
45 67 1177
45 68 2018
45 69 384
45 70 1225
45 71 2066
45 72 432
45 73 1273
45 74 2114
45 75 216
46 0 1057
46 1 577
46 2 618
46 3 594
46 4 850
46 5 1067
46 6 664
46 7 376
46 8 133
46 9 502
46 10 528
46 11 936
46 12 276
46 13 716
46 14 436
46 15 1014
46 16 784
46 17 529
46 18 407
46 19 663
46 20 585
46 21 429
46 22 709
46 23 970
46 24 672
46 25 611
46 26 1041
46 27 859
46 28 255
46 29 514
46 30 733
46 31 233
46 32 255
46 33 585
46 34 892
46 35 663
46 36 411
46 37 479
46 38 255
46 39 937
46 40 96
46 41 937
46 42 889
46 43 48
46 44 889
46 45 841
46 46 0
46 47 841
46 48 889
46 49 48
46 50 889
46 51 937
46 52 96
46 53 937
46 54 985
46 55 144
46 56 985
46 57 1033
46 58 192
46 59 1033
46 60 1081
46 61 240
46 62 1081
46 63 1129
46 64 288
46 65 1129
46 66 1177
46 67 336
46 68 1177
46 69 1225
46 70 384
46 71 1225
46 72 1273
46 73 432
46 74 1273
46 75 1057
47 0 1898
47 1 1418
47 2 1459
47 3 1435
47 4 759
47 5 1908
47 6 1505
47 7 1217
47 8 974
47 9 723
47 10 697
47 11 1777
47 12 757
47 13 989
47 14 501
47 15 1855
47 16 1625
47 17 984
47 18 914
47 19 754
47 20 1426
47 21 988
47 22 1550
47 23 1811
47 24 841
47 25 806
47 26 664
47 27 846
47 28 970
47 29 1355
47 30 1574
47 31 1074
47 32 1096
47 33 832
47 34 333
47 35 1504
47 36 814
47 37 1320
47 38 970
47 39 1778
47 40 937
47 41 96
47 42 1730
47 43 889
47 44 48
47 45 1682
47 46 841
47 47 0
47 48 1730
47 49 889
47 50 48
47 51 1778
47 52 937
47 53 96
47 54 1826
47 55 985
47 56 144
47 57 1874
47 58 1033
47 59 192
47 60 1922
47 61 1081
47 62 240
47 63 1970
47 64 1129
47 65 288
47 66 2018
47 67 1177
47 68 336
47 69 2066
47 70 1225
47 71 384
47 72 2114
47 73 1273
47 74 432
47 75 1898
48 0 264
48 1 984
48 2 271
48 3 871
48 4 1643
48 5 590
48 6 993
48 7 705
48 8 948
48 9 1295
48 10 1321
48 11 433
48 12 1069
48 13 1509
48 14 1229
48 15 355
48 16 489
48 17 1322
48 18 1200
48 19 1456
48 20 784
48 21 1222
48 22 180
48 23 207
48 24 1465
48 25 1404
48 26 1834
48 27 1652
48 28 1048
48 29 471
48 30 828
48 31 848
48 32 922
48 33 1378
48 34 1685
48 35 706
48 36 1204
48 37 410
48 38 1048
48 39 144
48 40 985
48 41 1826
48 42 96
48 43 937
48 44 1778
48 45 48
48 46 889
48 47 1730
48 48 0
48 49 841
48 50 1682
48 51 48
48 52 889
48 53 1730
48 54 96
48 55 937
48 56 1778
48 57 144
48 58 985
48 59 1826
48 60 192
48 61 1033
48 62 1874
48 63 240
48 64 1081
48 65 1922
48 66 288
48 67 1129
48 68 1970
48 69 336
48 70 1177
