//alpha
1
//NbLocations
42
//NbProducts
24
//NbPickers
2
//CapaPicker
12
//TimeToTravelOneDistanceUnit
3
//SetupTime
5400
//PickTime
300
//Products
//Idx Location Size
1 1 1
2 2 1
3 3 1
4 4 1
5 5 1
6 6 1
7 7 1
8 8 1
9 9 1
10 10 1
11 11 1
12 12 1
13 13 1
14 14 1
15 15 1
16 16 1
17 17 1
18 18 1
19 15 1
20 19 1
21 20 1
22 21 1
23 22 1
24 23 1
//Orders
//NbOrders
12
//Idx DueDate TardinessPenalty NbProdInOrder ProdIdx1 Qty1 ProdIdx2 Qty2 ...
1 90000 0 6 1 1 2 1 3 1 4 1 5 1 6 1
2 108000 0 3 7 1 8 1 9 1
3 72000 0 1 10 1
4 126000 0 1 11 1
5 72000 0 1 12 1
6 72000 0 4 13 1 14 1 15 1 16 1
7 72000 0 1 17 1
8 108000 0 1 18 1
9 126000 0 1 19 1
10 90000 0 1 20 1
11 90000 0 2 21 1 22 1
12 126000 0 2 23 1 24 1
//Graph (Products are vertices indexed from 1 to NbProducts)
//NbVerticesIntersections
18
//DepartingDepot
0
//ArrivalDepot
42
//Arcs
//Start End Distance
0 24 120
1 40 115
1 41 336
2 13 195
2 31 154
3 12 39
3 14 13
4 15 26
4 16 91
5 18 26
5 25 102
6 31 349
6 32 102
7 22 39
7 26 102
8 27 76
8 28 375
9 14 26
9 18 26
10 36 89
10 37 362
11 37 232
11 38 219
12 3 39
12 16 13
13 2 195
13 20 39
14 3 13
14 9 26
15 4 26
15 19 26
16 4 91
16 12 13
17 22 91
17 23 143
18 5 26
18 9 26
19 15 26
19 24 63
20 13 39
20 30 63
21 28 180
21 29 271
22 7 39
22 17 91
23 17 143
23 25 76
24 19 63
24 27 48
24 42 120
25 5 102
25 23 76
25 28 48
26 7 102
26 29 48
27 8 76
27 24 48
27 30 48
28 8 375
28 21 180
28 25 48
28 31 48
29 21 271
29 26 48
29 32 48
30 20 63
30 27 48
30 33 48
31 2 154
31 6 349
31 28 48
31 34 48
32 6 102
32 29 48
32 35 48
33 30 48
33 34 451
33 36 48
34 31 48
34 33 451
34 35 451
34 37 48
35 32 48
35 34 451
35 38 48
36 10 89
36 33 48
36 39 48
37 10 362
37 11 232
37 34 48
37 40 48
38 11 219
38 35 48
38 41 48
39 36 48
39 40 451
40 1 115
40 37 48
40 39 451
41 1 336
41 38 48
//LocStart LocEnd ShortestPath
0 0 0
0 1 926
0 2 513
0 3 378
0 4 235
0 5 469
0 6 1016
0 7 920
0 8 244
0 9 417
0 10 401
0 11 995
0 12 339
0 13 318
0 14 391
0 15 209
0 16 326
0 17 790
0 18 443
0 19 183
0 20 279
0 21 799
0 22 881
0 23 647
0 24 120
0 25 571
0 26 1022
0 27 168
0 28 619
0 29 1070
0 30 216
0 31 667
0 32 1118
0 33 264
0 34 715
0 35 1166
0 36 312
0 37 763
0 38 1214
0 39 360
0 40 811
0 41 1262
0 42 0
1 0 926
1 1 0
1 2 413
1 3 548
1 4 691
1 5 457
1 6 582
1 7 678
1 8 682
1 9 509
1 10 525
1 11 395
1 12 587
1 13 608
1 14 535
1 15 717
1 16 600
1 17 574
1 18 483
1 19 743
1 20 647
1 21 487
1 22 665
1 23 431
1 24 806
1 25 355
1 26 576
1 27 758
1 28 307
1 29 528
1 30 710
1 31 259
1 32 480
1 33 662
1 34 211
1 35 432
1 36 614
1 37 163
1 38 384
1 39 566
1 40 115
1 41 336
1 42 926
2 0 513
2 1 413
2 2 0
2 3 443
2 4 508
2 5 352
2 6 503
2 7 599
2 8 421
2 9 404
2 10 482
2 11 482
2 12 482
2 13 195
2 14 430
2 15 482
2 16 495
2 17 469
2 18 378
2 19 456
2 20 234
2 21 382
2 22 560
2 23 326
2 24 393
2 25 250
2 26 701
2 27 345
2 28 202
2 29 653
2 30 297
2 31 154
2 32 605
2 33 345
2 34 202
2 35 653
2 36 393
2 37 250
2 38 701
2 39 441
2 40 298
2 41 749
2 42 513
3 0 378
3 1 548
3 2 443
3 3 0
3 4 143
3 5 91
3 6 638
3 7 542
3 8 382
3 9 39
3 10 539
3 11 617
3 12 39
3 13 456
3 14 13
3 15 169
3 16 52
3 17 412
3 18 65
3 19 195
3 20 417
3 21 421
3 22 503
3 23 269
3 24 258
3 25 193
3 26 644
3 27 306
3 28 241
3 29 692
3 30 354
3 31 289
3 32 740
3 33 402
3 34 337
3 35 788
3 36 450
3 37 385
3 38 836
3 39 498
3 40 433
3 41 884
3 42 378
4 0 235
4 1 691
4 2 508
4 3 143
4 4 0
4 5 234
4 6 781
4 7 685
4 8 239
4 9 182
4 10 396
4 11 760
4 12 104
4 13 313
4 14 156
4 15 26
4 16 91
4 17 555
4 18 208
4 19 52
4 20 274
4 21 564
4 22 646
4 23 412
4 24 115
4 25 336
4 26 787
4 27 163
4 28 384
4 29 835
4 30 211
4 31 432
4 32 883
4 33 259
4 34 480
4 35 931
4 36 307
4 37 528
4 38 979
4 39 355
4 40 576
4 41 1027
4 42 235
5 0 469
5 1 457
5 2 352
5 3 91
5 4 234
5 5 0
5 6 547
5 7 451
5 8 473
5 9 52
5 10 630
5 11 526
5 12 130
5 13 547
5 14 78
5 15 260
5 16 143
5 17 321
5 18 26
5 19 286
5 20 508
5 21 330
5 22 412
5 23 178
5 24 349
5 25 102
5 26 553
5 27 397
5 28 150
5 29 601
5 30 445
5 31 198
5 32 649
5 33 493
5 34 246
5 35 697
5 36 541
5 37 294
5 38 745
5 39 589
5 40 342
5 41 793
5 42 469
6 0 1016
6 1 582
6 2 503
6 3 638
6 4 781
6 5 547
6 6 0
6 7 300
6 8 772
6 9 599
6 10 807
6 11 417
6 12 677
6 13 698
6 14 625
6 15 807
6 16 690
6 17 430
6 18 573
6 19 833
6 20 737
6 21 421
6 22 339
6 23 521
6 24 896
6 25 445
6 26 198
6 27 848
6 28 397
6 29 150
6 30 800
6 31 349
6 32 102
6 33 848
6 34 397
6 35 150
6 36 896
6 37 445
6 38 198
6 39 944
6 40 493
6 41 246
6 42 1016
7 0 920
7 1 678
7 2 599
7 3 542
7 4 685
7 5 451
7 6 300
7 7 0
7 8 772
7 9 503
7 10 903
7 11 513
7 12 581
7 13 794
7 14 529
7 15 711
7 16 594
7 17 130
7 18 477
7 19 737
7 20 833
7 21 421
7 22 39
7 23 273
7 24 800
7 25 349
7 26 102
7 27 848
7 28 397
7 29 150
7 30 896
7 31 445
7 32 198
7 33 944
7 34 493
7 35 246
7 36 992
7 37 541
7 38 294
7 39 1040
7 40 589
7 41 342
7 42 920
8 0 244
8 1 682
8 2 421
8 3 382
8 4 239
8 5 473
8 6 772
8 7 772
8 8 0
8 9 421
8 10 309
8 11 751
8 12 343
8 13 226
8 14 395
8 15 213
8 16 330
8 17 642
8 18 447
8 19 187
8 20 187
8 21 555
8 22 733
8 23 499
8 24 124
8 25 423
8 26 874
8 27 76
8 28 375
8 29 826
8 30 124
8 31 423
8 32 874
8 33 172
8 34 471
8 35 922
8 36 220
8 37 519
8 38 970
8 39 268
8 40 567
8 41 1018
8 42 244
9 0 417
9 1 509
9 2 404
9 3 39
9 4 182
9 5 52
9 6 599
9 7 503
9 8 421
9 9 0
9 10 578
9 11 578
9 12 78
9 13 495
9 14 26
9 15 208
9 16 91
9 17 373
9 18 26
9 19 234
9 20 456
9 21 382
9 22 464
9 23 230
9 24 297
9 25 154
9 26 605
9 27 345
9 28 202
9 29 653
9 30 393
9 31 250
9 32 701
9 33 441
9 34 298
9 35 749
9 36 489
9 37 346
9 38 797
9 39 537
9 40 394
9 41 845
9 42 417
10 0 401
10 1 525
10 2 482
10 3 539
10 4 396
10 5 630
10 6 807
10 7 903
10 8 309
10 9 578
10 10 0
10 11 594
10 12 500
10 13 287
10 14 552
10 15 370
10 16 487
10 17 773
10 18 604
10 19 344
10 20 248
10 21 686
10 22 864
10 23 630
10 24 281
10 25 554
10 26 1005
10 27 233
10 28 506
10 29 957
10 30 185
10 31 458
10 32 909
10 33 137
10 34 410
10 35 861
10 36 89
10 37 362
10 38 813
10 39 137
10 40 410
10 41 861
10 42 401
11 0 995
11 1 395
11 2 482
11 3 617
11 4 760
11 5 526
11 6 417
11 7 513
11 8 751
11 9 578
11 10 594
11 11 0
11 12 656
11 13 677
11 14 604
11 15 786
11 16 669
11 17 643
11 18 552
11 19 812
11 20 716
11 21 556
11 22 552
11 23 500
11 24 875
11 25 424
11 26 411
11 27 827
11 28 376
11 29 363
11 30 779
11 31 328
11 32 315
11 33 731
11 34 280
11 35 267
11 36 683
11 37 232
11 38 219
11 39 731
11 40 280
11 41 267
11 42 995
12 0 339
12 1 587
12 2 482
12 3 39
12 4 104
12 5 130
12 6 677
12 7 581
12 8 343
12 9 78
12 10 500
12 11 656
12 12 0
12 13 417
12 14 52
12 15 130
12 16 13
12 17 451
12 18 104
12 19 156
12 20 378
12 21 460
12 22 542
12 23 308
12 24 219
12 25 232
12 26 683
12 27 267
12 28 280
12 29 731
12 30 315
12 31 328
12 32 779
12 33 363
12 34 376
12 35 827
12 36 411
12 37 424
12 38 875
12 39 459
12 40 472
12 41 923
12 42 339
13 0 318
13 1 608
13 2 195
13 3 456
13 4 313
13 5 547
13 6 698
13 7 794
13 8 226
13 9 495
13 10 287
13 11 677
13 12 417
13 13 0
13 14 469
13 15 287
13 16 404
13 17 664
13 18 521
13 19 261
13 20 39
13 21 577
13 22 755
13 23 521
13 24 198
13 25 445
13 26 896
13 27 150
13 28 397
13 29 848
13 30 102
13 31 349
13 32 800
13 33 150
13 34 397
13 35 848
13 36 198
13 37 445
13 38 896
13 39 246
13 40 493
13 41 944
13 42 318
14 0 391
14 1 535
14 2 430
14 3 13
14 4 156
14 5 78
14 6 625
14 7 529
14 8 395
14 9 26
14 10 552
14 11 604
14 12 52
14 13 469
14 14 0
14 15 182
14 16 65
14 17 399
14 18 52
14 19 208
14 20 430
14 21 408
14 22 490
14 23 256
14 24 271
14 25 180
14 26 631
14 27 319
14 28 228
14 29 679
14 30 367
14 31 276
14 32 727
14 33 415
14 34 324
14 35 775
14 36 463
14 37 372
14 38 823
14 39 511
14 40 420
14 41 871
14 42 391
15 0 209
15 1 717
15 2 482
15 3 169
15 4 26
15 5 260
15 6 807
15 7 711
15 8 213
15 9 208
15 10 370
15 11 786
15 12 130
15 13 287
15 14 182
15 15 0
15 16 117
15 17 581
15 18 234
15 19 26
15 20 248
15 21 590
15 22 672
15 23 438
15 24 89
15 25 362
15 26 813
15 27 137
15 28 410
15 29 861
15 30 185
15 31 458
15 32 909
15 33 233
15 34 506
15 35 957
15 36 281
15 37 554
15 38 1005
15 39 329
15 40 602
15 41 1053
15 42 209
16 0 326
16 1 600
16 2 495
16 3 52
16 4 91
16 5 143
16 6 690
16 7 594
16 8 330
16 9 91
16 10 487
16 11 669
16 12 13
16 13 404
16 14 65
16 15 117
16 16 0
16 17 464
16 18 117
16 19 143
16 20 365
16 21 473
16 22 555
16 23 321
16 24 206
16 25 245
16 26 696
16 27 254
16 28 293
16 29 744
16 30 302
16 31 341
16 32 792
16 33 350
16 34 389
16 35 840
16 36 398
16 37 437
16 38 888
16 39 446
16 40 485
16 41 936
16 42 326
17 0 790
17 1 574
17 2 469
17 3 412
17 4 555
17 5 321
17 6 430
17 7 130
17 8 642
17 9 373
17 10 773
17 11 643
17 12 451
17 13 664
17 14 399
17 15 581
17 16 464
17 17 0
17 18 347
17 19 607
17 20 703
17 21 447
17 22 91
17 23 143
17 24 670
17 25 219
17 26 232
17 27 718
17 28 267
17 29 280
17 30 766
17 31 315
17 32 328
17 33 814
17 34 363
17 35 376
17 36 862
17 37 411
17 38 424
17 39 910
17 40 459
17 41 472
17 42 790
18 0 443
18 1 483
18 2 378
18 3 65
18 4 208
18 5 26
18 6 573
18 7 477
18 8 447
18 9 26
18 10 604
18 11 552
18 12 104
18 13 521
18 14 52
18 15 234
18 16 117
18 17 347
18 18 0
18 19 260
18 20 482
18 21 356
18 22 438
18 23 204
18 24 323
18 25 128
18 26 579
18 27 371
18 28 176
18 29 627
18 30 419
18 31 224
18 32 675
18 33 467
18 34 272
18 35 723
18 36 515
18 37 320
18 38 771
18 39 563
18 40 368
18 41 819
18 42 443
19 0 183
19 1 743
19 2 456
19 3 195
19 4 52
19 5 286
19 6 833
19 7 737
19 8 187
19 9 234
19 10 344
19 11 812
19 12 156
19 13 261
19 14 208
19 15 26
19 16 143
19 17 607
19 18 260
19 19 0
19 20 222
19 21 616
19 22 698
19 23 464
19 24 63
19 25 388
19 26 839
19 27 111
19 28 436
19 29 887
19 30 159
19 31 484
19 32 935
19 33 207
19 34 532
19 35 983
19 36 255
19 37 580
19 38 1031
19 39 303
19 40 628
19 41 1079
19 42 183
20 0 279
20 1 647
20 2 234
20 3 417
20 4 274
20 5 508
20 6 737
20 7 833
20 8 187
20 9 456
20 10 248
20 11 716
20 12 378
20 13 39
20 14 430
20 15 248
20 16 365
20 17 703
20 18 482
20 19 222
20 20 0
20 21 616
20 22 794
20 23 560
20 24 159
20 25 484
20 26 935
20 27 111
20 28 436
20 29 887
20 30 63
20 31 388
20 32 839
20 33 111
20 34 436
20 35 887
20 36 159
20 37 484
20 38 935
20 39 207
20 40 532
20 41 983
20 42 279
21 0 799
21 1 487
21 2 382
21 3 421
21 4 564
21 5 330
21 6 421
21 7 421
21 8 555
21 9 382
21 10 686
21 11 556
21 12 460
21 13 577
21 14 408
21 15 590
21 16 473
21 17 447
21 18 356
21 19 616
21 20 616
21 21 0
21 22 460
21 23 304
21 24 679
21 25 228
21 26 319
21 27 631
21 28 180
21 29 271
21 30 679
21 31 228
21 32 319
21 33 727
21 34 276
21 35 367
21 36 775
21 37 324
21 38 415
21 39 823
21 40 372
21 41 463
21 42 799
22 0 881
22 1 665
22 2 560
22 3 503
22 4 646
22 5 412
22 6 339
22 7 39
22 8 733
22 9 464
22 10 864
22 11 552
22 12 542
22 13 755
22 14 490
22 15 672
22 16 555
22 17 91
22 18 438
22 19 698
22 20 794
22 21 460
22 22 0
22 23 234
22 24 761
22 25 310
22 26 141
22 27 809
22 28 358
22 29 189
22 30 857
22 31 406
22 32 237
22 33 905
22 34 454
22 35 285
22 36 953
22 37 502
22 38 333
22 39 1001
22 40 550
22 41 381
22 42 881
23 0 647
23 1 431
23 2 326
23 3 269
23 4 412
23 5 178
23 6 521
23 7 273
23 8 499
23 9 230
23 10 630
23 11 500
23 12 308
23 13 521
23 14 256
23 15 438
23 16 321
23 17 143
23 18 204
23 19 464
23 20 560
23 21 304
23 22 234
23 23 0
23 24 527
23 25 76
23 26 375
23 27 575
23 28 124
23 29 423
23 30 623
23 31 172
23 32 471
23 33 671
23 34 220
23 35 519
23 36 719
23 37 268
23 38 567
23 39 767
23 40 316
23 41 615
23 42 647
24 0 120
24 1 806
24 2 393
24 3 258
24 4 115
24 5 349
24 6 896
24 7 800
24 8 124
24 9 297
24 10 281
24 11 875
24 12 219
24 13 198
24 14 271
24 15 89
24 16 206
24 17 670
24 18 323
24 19 63
24 20 159
24 21 679
24 22 761
24 23 527
24 24 0
24 25 451
24 26 902
24 27 48
24 28 499
24 29 950
24 30 96
24 31 547
24 32 998
24 33 144
24 34 595
24 35 1046
24 36 192
24 37 643
24 38 1094
24 39 240
24 40 691
24 41 1142
24 42 120
25 0 571
25 1 355
25 2 250
25 3 193
25 4 336
25 5 102
25 6 445
25 7 349
25 8 423
25 9 154
25 10 554
25 11 424
25 12 232
25 13 445
25 14 180
25 15 362
25 16 245
25 17 219
25 18 128
25 19 388
25 20 484
25 21 228
25 22 310
25 23 76
25 24 451
25 25 0
25 26 451
25 27 499
25 28 48
25 29 499
25 30 547
25 31 96
25 32 547
25 33 595
25 34 144
25 35 595
25 36 643
25 37 192
25 38 643
25 39 691
25 40 240
25 41 691
25 42 571
26 0 1022
26 1 576
26 2 701
26 3 644
26 4 787
26 5 553
26 6 198
26 7 102
26 8 874
26 9 605
26 10 1005
26 11 411
26 12 683
26 13 896
26 14 631
26 15 813
26 16 696
26 17 232
26 18 579
26 19 839
26 20 935
26 21 319
26 22 141
26 23 375
26 24 902
26 25 451
26 26 0
26 27 950
26 28 499
26 29 48
26 30 998
26 31 547
26 32 96
26 33 1046
26 34 595
26 35 144
26 36 1094
26 37 643
26 38 192
26 39 1142
26 40 691
26 41 240
26 42 1022
27 0 168
27 1 758
27 2 345
27 3 306
27 4 163
27 5 397
27 6 848
27 7 848
27 8 76
27 9 345
27 10 233
27 11 827
27 12 267
27 13 150
27 14 319
27 15 137
27 16 254
27 17 718
27 18 371
27 19 111
27 20 111
27 21 631
27 22 809
27 23 575
27 24 48
27 25 499
27 26 950
27 27 0
27 28 451
27 29 902
27 30 48
27 31 499
27 32 950
27 33 96
27 34 547
27 35 998
27 36 144
27 37 595
27 38 1046
27 39 192
27 40 643
27 41 1094
27 42 168
28 0 619
28 1 307
28 2 202
28 3 241
28 4 384
28 5 150
28 6 397
28 7 397
28 8 375
28 9 202
28 10 506
28 11 376
28 12 280
28 13 397
28 14 228
28 15 410
28 16 293
28 17 267
28 18 176
28 19 436
28 20 436
28 21 180
28 22 358
28 23 124
28 24 499
28 25 48
28 26 499
28 27 451
28 28 0
28 29 451
28 30 499
28 31 48
28 32 499
28 33 547
28 34 96
28 35 547
28 36 595
28 37 144
28 38 595
28 39 643
28 40 192
28 41 643
28 42 619
29 0 1070
29 1 528
29 2 653
29 3 692
29 4 835
29 5 601
29 6 150
29 7 150
29 8 826
29 9 653
29 10 957
29 11 363
29 12 731
29 13 848
29 14 679
29 15 861
29 16 744
29 17 280
29 18 627
29 19 887
29 20 887
29 21 271
29 22 189
29 23 423
29 24 950
29 25 499
29 26 48
29 27 902
29 28 451
29 29 0
29 30 950
29 31 499
29 32 48
29 33 998
29 34 547
29 35 96
29 36 1046
29 37 595
29 38 144
29 39 1094
29 40 643
29 41 192
29 42 1070
30 0 216
30 1 710
30 2 297
30 3 354
30 4 211
30 5 445
30 6 800
30 7 896
30 8 124
30 9 393
30 10 185
30 11 779
30 12 315
30 13 102
30 14 367
30 15 185
30 16 302
30 17 766
30 18 419
30 19 159
30 20 63
30 21 679
30 22 857
30 23 623
30 24 96
30 25 547
30 26 998
30 27 48
30 28 499
30 29 950
30 30 0
30 31 451
30 32 902
30 33 48
30 34 499
30 35 950
30 36 96
30 37 547
30 38 998
30 39 144
30 40 595
30 41 1046
30 42 216
31 0 667
31 1 259
31 2 154
31 3 289
31 4 432
31 5 198
31 6 349
31 7 445
31 8 423
31 9 250
31 10 458
31 11 328
31 12 328
31 13 349
31 14 276
31 15 458
31 16 341
31 17 315
31 18 224
31 19 484
31 20 388
31 21 228
31 22 406
31 23 172
31 24 547
31 25 96
31 26 547
31 27 499
31 28 48
31 29 499
31 30 451
31 31 0
31 32 451
31 33 499
31 34 48
31 35 499
31 36 547
31 37 96
31 38 547
31 39 595
31 40 144
31 41 595
31 42 667
32 0 1118
32 1 480
32 2 605
32 3 740
32 4 883
32 5 649
32 6 102
32 7 198
32 8 874
32 9 701
32 10 909
32 11 315
32 12 779
32 13 800
32 14 727
32 15 909
32 16 792
32 17 328
32 18 675
32 19 935
32 20 839
32 21 319
32 22 237
32 23 471
32 24 998
32 25 547
32 26 96
32 27 950
32 28 499
32 29 48
32 30 902
32 31 451
32 32 0
32 33 950
32 34 499
32 35 48
32 36 998
32 37 547
32 38 96
32 39 1046
32 40 595
32 41 144
32 42 1118
33 0 264
33 1 662
33 2 345
33 3 402
33 4 259
33 5 493
33 6 848
33 7 944
33 8 172
33 9 441
33 10 137
33 11 731
33 12 363
33 13 150
33 14 415
33 15 233
33 16 350
33 17 814
33 18 467
33 19 207
33 20 111
33 21 727
33 22 905
33 23 671
33 24 144
33 25 595
33 26 1046
33 27 96
33 28 547
33 29 998
33 30 48
33 31 499
33 32 950
33 33 0
33 34 451
33 35 902
33 36 48
33 37 499
33 38 950
33 39 96
33 40 547
33 41 998
33 42 264
34 0 715
34 1 211
34 2 202
34 3 337
34 4 480
34 5 246
34 6 397
34 7 493
34 8 471
34 9 298
34 10 410
34 11 280
34 12 376
34 13 397
34 14 324
34 15 506
34 16 389
34 17 363
34 18 272
34 19 532
34 20 436
34 21 276
34 22 454
34 23 220
34 24 595
34 25 144
34 26 595
34 27 547
34 28 96
34 29 547
34 30 499
34 31 48
34 32 499
34 33 451
34 34 0
34 35 451
34 36 499
34 37 48
34 38 499
34 39 547
34 40 96
34 41 547
34 42 715
35 0 1166
35 1 432
35 2 653
35 3 788
35 4 931
35 5 697
35 6 150
35 7 246
35 8 922
35 9 749
35 10 861
35 11 267
35 12 827
35 13 848
35 14 775
35 15 957
35 16 840
35 17 376
35 18 723
35 19 983
35 20 887
35 21 367
35 22 285
35 23 519
35 24 1046
35 25 595
35 26 144
35 27 998
35 28 547
35 29 96
35 30 950
35 31 499
35 32 48
35 33 902
35 34 451
35 35 0
35 36 950
35 37 499
35 38 48
35 39 998
35 40 547
35 41 96
35 42 1166
36 0 312
36 1 614
36 2 393
36 3 450
36 4 307
36 5 541
36 6 896
36 7 992
36 8 220
36 9 489
36 10 89
36 11 683
36 12 411
36 13 198
36 14 463
36 15 281
36 16 398
36 17 862
36 18 515
36 19 255
36 20 159
36 21 775
36 22 953
36 23 719
36 24 192
36 25 643
36 26 1094
36 27 144
36 28 595
36 29 1046
36 30 96
36 31 547
36 32 998
36 33 48
36 34 499
36 35 950
36 36 0
36 37 451
36 38 902
36 39 48
36 40 499
36 41 950
36 42 312
37 0 763
37 1 163
37 2 250
37 3 385
37 4 528
37 5 294
37 6 445
37 7 541
37 8 519
37 9 346
37 10 362
37 11 232
37 12 424
37 13 445
37 14 372
37 15 554
37 16 437
37 17 411
37 18 320
37 19 580
37 20 484
37 21 324
37 22 502
37 23 268
37 24 643
37 25 192
37 26 643
37 27 595
37 28 144
37 29 595
37 30 547
37 31 96
37 32 547
37 33 499
37 34 48
37 35 499
37 36 451
37 37 0
37 38 451
37 39 499
37 40 48
37 41 499
37 42 763
38 0 1214
38 1 384
38 2 701
38 3 836
38 4 979
38 5 745
38 6 198
38 7 294
38 8 970
38 9 797
38 10 813
38 11 219
38 12 875
38 13 896
38 14 823
38 15 1005
38 16 888
38 17 424
38 18 771
38 19 1031
38 20 935
38 21 415
38 22 333
38 23 567
38 24 1094
38 25 643
38 26 192
38 27 1046
38 28 595
38 29 144
38 30 998
38 31 547
38 32 96
38 33 950
38 34 499
38 35 48
38 36 902
38 37 451
38 38 0
38 39 950
38 40 499
38 41 48
38 42 1214
39 0 360
39 1 566
39 2 441
39 3 498
39 4 355
39 5 589
39 6 944
39 7 1040
39 8 268
39 9 537
39 10 137
39 11 731
39 12 459
39 13 246
39 14 511
39 15 329
39 16 446
39 17 910
39 18 563
39 19 303
39 20 207
39 21 823
39 22 1001
39 23 767
39 24 240
39 25 691
39 26 1142
39 27 192
39 28 643
39 29 1094
39 30 144
39 31 595
39 32 1046
39 33 96
39 34 547
39 35 998
39 36 48
39 37 499
39 38 950
39 39 0
39 40 451
39 41 902
39 42 360
40 0 811
40 1 115
40 2 298
40 3 433
40 4 576
40 5 342
40 6 493
40 7 589
40 8 567
40 9 394
40 10 410
40 11 280
40 12 472
40 13 493
40 14 420
40 15 602
40 16 485
40 17 459
40 18 368
40 19 628
40 20 532
40 21 372
40 22 550
40 23 316
40 24 691
40 25 240
40 26 691
40 27 643
40 28 192
40 29 643
40 30 595
40 31 144
40 32 595
40 33 547
40 34 96
40 35 547
40 36 499
40 37 48
40 38 499
40 39 451
40 40 0
40 41 451
40 42 811
41 0 1262
41 1 336
41 2 749
41 3 884
41 4 1027
41 5 793
41 6 246
41 7 342
41 8 1018
41 9 845
41 10 861
41 11 267
41 12 923
41 13 944
41 14 871
41 15 1053
41 16 936
41 17 472
41 18 819
41 19 1079
41 20 983
41 21 463
41 22 381
41 23 615
41 24 1142
41 25 691
41 26 240
41 27 1094
41 28 643
41 29 192
41 30 1046
41 31 595
41 32 144
41 33 998
41 34 547
41 35 96
41 36 950
41 37 499
41 38 48
41 39 902
41 40 451
41 41 0
41 42 1262
42 0 0
42 1 926
42 2 513
42 3 378
42 4 235
42 5 469
42 6 1016
42 7 920
42 8 244
42 9 417
42 10 401
42 11 995
42 12 339
42 13 318
42 14 391
42 15 209
42 16 326
42 17 790
42 18 443
42 19 183
42 20 279
42 21 799
42 22 881
42 23 647
42 24 120
42 25 571
42 26 1022
42 27 168
42 28 619
42 29 1070
42 30 216
42 31 667
42 32 1118
42 33 264
42 34 715
42 35 1166
42 36 312
42 37 763
42 38 1214
42 39 360
42 40 811
42 41 1262
42 42 0
//Location coordinates LocationName
//Loc x y
0 0.0 0.0 "depot"
1 240.0 686.0 "product aisle 5 bloc 1 rank 14"
2 96.0 417.0 "product aisle 2 bloc 0 rank 42"
3 0.0 378.0 "product aisle 0 bloc 0 rank 35"
4 0.0 235.0 "product aisle 0 bloc 0 rank 14"
5 0.0 469.0 "product aisle 0 bloc 0 rank 50"
6 96.0 920.0 "product aisle 2 bloc 1 rank 50"
7 0.0 920.0 "product aisle 0 bloc 1 rank 50"
8 48.0 196.0 "product aisle 1 bloc 0 rank 8"
9 0.0 417.0 "product aisle 0 bloc 0 rank 41"
10 192.0 209.0 "product aisle 4 bloc 0 rank 10"
11 192.0 803.0 "product aisle 4 bloc 1 rank 32"
12 0.0 339.0 "product aisle 0 bloc 0 rank 30"
13 96.0 222.0 "product aisle 2 bloc 0 rank 12"
14 0.0 391.0 "product aisle 0 bloc 0 rank 38"
15 0.0 209.0 "product aisle 0 bloc 0 rank 9"
16 0.0 326.0 "product aisle 0 bloc 0 rank 27"
17 0.0 790.0 "product aisle 0 bloc 1 rank 30"
18 0.0 443.0 "product aisle 0 bloc 0 rank 46"
19 0.0 183.0 "product aisle 0 bloc 0 rank 5"
20 96.0 183.0 "product aisle 2 bloc 0 rank 6"
21 48.0 751.0 "product aisle 1 bloc 1 rank 24"
22 0.0 881.0 "product aisle 0 bloc 1 rank 44"
23 0.0 647.0 "product aisle 0 bloc 1 rank 7"
24 24.0 120.0 "intersection aisle 0 bloc 0 rank 0"
25 24.0 571.0 "intersection aisle 0 bloc 1 rank 1"
26 24.0 1022.0 "intersection aisle 0 bloc 2 rank 2"
27 72.0 120.0 "intersection aisle 1 bloc 0 rank 0"
28 72.0 571.0 "intersection aisle 1 bloc 1 rank 1"
29 72.0 1022.0 "intersection aisle 1 bloc 2 rank 2"
30 120.0 120.0 "intersection aisle 2 bloc 0 rank 0"
31 120.0 571.0 "intersection aisle 2 bloc 1 rank 1"
32 120.0 1022.0 "intersection aisle 2 bloc 2 rank 2"
33 168.0 120.0 "intersection aisle 3 bloc 0 rank 0"
34 168.0 571.0 "intersection aisle 3 bloc 1 rank 1"
35 168.0 1022.0 "intersection aisle 3 bloc 2 rank 2"
36 216.0 120.0 "intersection aisle 4 bloc 0 rank 0"
37 216.0 571.0 "intersection aisle 4 bloc 1 rank 1"
38 216.0 1022.0 "intersection aisle 4 bloc 2 rank 2"
39 264.0 120.0 "intersection aisle 5 bloc 0 rank 0"
40 264.0 571.0 "intersection aisle 5 bloc 1 rank 1"
41 264.0 1022.0 "intersection aisle 5 bloc 2 rank 2"
42 0.0 0.0 "depot"
