//alpha
1
//NbLocations
83
//NbProducts
28
//NbPickers
2
//CapaPicker
4
//TimeToTravelOneDistanceUnit
3
//SetupTime
5400
//PickTime
300
//Products
//Idx Location Size
1 1 1
2 2 1
3 3 1
4 4 1
5 5 1
6 6 1
7 7 1
8 8 1
9 9 1
10 10 1
11 11 1
12 12 1
13 13 1
14 14 1
15 15 1
16 16 1
17 17 1
18 18 1
19 19 1
20 20 1
21 21 1
22 22 1
23 23 1
24 24 1
25 25 1
26 26 1
27 27 1
28 28 1
//Orders
//NbOrders
12
//Idx DueDate TardinessPenalty NbProdInOrder ProdIdx1 Qty1 ProdIdx2 Qty2 ...
1 126000 0 3 1 1 2 1 3 1
2 126000 0 4 4 1 5 1 6 1 7 1
3 126000 0 2 8 1 9 1
4 54000 0 1 10 1
5 144000 0 2 11 1 12 1
6 54000 0 1 13 1
7 72000 0 2 14 1 15 1
8 126000 0 2 16 1 17 1
9 144000 0 2 18 1 19 1
10 90000 0 4 20 1 21 1 22 1 23 1
11 90000 0 4 24 1 25 1 26 1 27 1
12 108000 0 1 28 1
//Graph (Products are vertices indexed from 1 to NbProducts)
//NbVerticesIntersections
54
//DepartingDepot
0
//ArrivalDepot
83
//Arcs
//Start End Distance
0 29 120
1 36 258
1 37 973
2 22 52
2 30 687
3 17 208
3 60 557
4 28 442
4 66 76
5 29 102
5 30 1129
6 13 1066
6 72 128
7 45 375
7 46 856
8 23 585
8 51 570
9 35 843
9 36 388
10 39 856
10 40 375
11 26 689
11 76 76
12 47 414
12 48 817
13 6 1066
13 71 37
14 53 362
14 54 869
15 80 50
15 81 1181
16 38 518
16 39 713
17 3 208
17 61 466
18 33 1064
18 34 167
19 57 921
19 58 310
20 77 1194
20 78 37
21 32 726
21 33 505
22 2 52
22 31 492
23 8 585
23 52 76
24 50 687
24 51 544
25 41 765
25 42 466
26 11 689
26 75 466
27 65 1090
27 66 141
28 4 442
28 67 713
29 5 102
29 32 48
29 83 120
30 2 687
30 5 1129
30 33 48
31 22 492
31 34 48
32 21 726
32 29 48
32 35 48
33 18 1064
33 21 505
33 30 48
33 36 48
34 18 167
34 31 48
34 37 48
35 9 843
35 32 48
35 38 48
36 1 258
36 9 388
36 33 48
36 39 48
37 1 973
37 34 48
37 40 48
38 16 518
38 35 48
38 41 48
39 10 856
39 16 713
39 36 48
39 42 48
40 10 375
40 37 48
40 43 48
41 25 765
41 38 48
41 44 48
42 25 466
42 39 48
42 43 1231
42 45 48
43 40 48
43 42 1231
43 46 48
44 41 48
44 45 1231
44 47 48
45 7 375
45 42 48
45 44 1231
45 48 48
46 7 856
46 43 48
46 49 48
47 12 414
47 44 48
47 50 48
48 12 817
48 45 48
48 49 1231
48 51 48
49 46 48
49 48 1231
49 52 48
50 24 687
50 47 48
50 53 48
51 8 570
51 24 544
51 48 48
51 54 48
52 23 76
52 49 48
52 55 48
53 14 362
53 50 48
53 56 48
54 14 869
54 51 48
54 55 1231
54 57 48
55 52 48
55 54 1231
55 58 48
56 53 48
56 57 1231
56 59 48
57 19 921
57 54 48
57 56 1231
57 60 48
58 19 310
58 55 48
58 61 48
59 56 48
59 60 1231
59 62 48
60 3 557
60 57 48
60 59 1231
60 63 48
61 17 466
61 58 48
61 64 48
62 59 48
62 63 1231
62 65 48
63 60 48
63 62 1231
63 64 1231
63 66 48
64 61 48
64 63 1231
64 67 48
65 27 1090
65 62 48
65 68 48
66 4 76
66 27 141
66 63 48
66 69 48
67 28 713
67 64 48
67 70 48
68 65 48
68 69 1231
68 71 48
69 66 48
69 68 1231
69 70 1231
69 72 48
70 67 48
70 69 1231
70 73 48
71 13 37
71 68 48
71 74 48
72 6 128
72 69 48
72 73 1231
72 75 48
73 70 48
73 72 1231
73 76 48
74 71 48
74 75 1231
74 77 48
75 26 466
75 72 48
75 74 1231
75 78 48
76 11 76
76 73 48
76 79 48
77 20 1194
77 74 48
77 80 48
78 20 37
78 75 48
78 79 1231
78 81 48
79 76 48
79 78 1231
79 82 48
80 15 50
80 77 48
81 15 1181
81 78 48
81 82 1231
82 79 48
82 81 1231
//LocStart LocEnd ShortestPath
0 0 0
0 1 1705
0 2 2038
0 3 2388
0 4 2003
0 5 222
0 6 1895
0 7 1966
0 8 2257
0 9 1059
0 10 2351
0 11 3226
0 12 822
0 13 829
0 14 866
0 15 986
0 16 782
0 17 2596
0 18 2463
0 19 2704
0 20 2082
0 21 894
0 22 2090
0 23 2842
0 24 1143
0 25 1077
0 26 2537
0 27 1786
0 28 2445
0 29 120
0 30 1351
0 31 2582
0 32 168
0 33 1399
0 34 2630
0 35 216
0 36 1447
0 37 2678
0 38 264
0 39 1495
0 40 2726
0 41 312
0 42 1543
0 43 2774
0 44 360
0 45 1591
0 46 2822
0 47 408
0 48 1639
0 49 2870
0 50 456
0 51 1687
0 52 2918
0 53 504
0 54 1735
0 55 2966
0 56 552
0 57 1783
0 58 3014
0 59 600
0 60 1831
0 61 3062
0 62 648
0 63 1879
0 64 3110
0 65 696
0 66 1927
0 67 3158
0 68 744
0 69 1975
0 70 3206
0 71 792
0 72 2023
0 73 3254
0 74 840
0 75 2071
0 76 3302
0 77 888
0 78 2119
0 79 3350
0 80 936
0 81 2167
0 82 3398
0 83 0
1 0 1705
1 1 0
1 2 1041
1 3 1199
1 4 814
1 5 1483
1 6 962
1 7 777
1 8 1068
1 9 646
1 10 1162
1 11 1673
1 12 1267
1 13 2028
1 14 1415
1 15 2159
1 16 1019
1 17 1407
1 18 1188
1 19 1515
1 20 967
1 21 811
1 22 1093
1 23 1289
1 24 1042
1 25 820
1 26 1348
1 27 879
1 28 1256
1 29 1585
1 30 354
1 31 1069
1 32 1537
1 33 306
1 34 1021
1 35 1489
1 36 258
1 37 973
1 38 1537
1 39 306
1 40 1021
1 41 1585
1 42 354
1 43 1069
1 44 1633
1 45 402
1 46 1117
1 47 1681
1 48 450
1 49 1165
1 50 1729
1 51 498
1 52 1213
1 53 1777
1 54 546
1 55 1261
1 56 1825
1 57 594
1 58 1309
1 59 1873
1 60 642
1 61 1357
1 62 1921
1 63 690
1 64 1405
1 65 1969
1 66 738
1 67 1453
1 68 2017
1 69 786
1 70 1501
1 71 2065
1 72 834
1 73 1549
1 74 2113
1 75 882
1 76 1597
1 77 2161
1 78 930
1 79 1645
1 80 2209
1 81 978
1 82 1693
1 83 1705
2 0 2038
2 1 1041
2 2 0
2 3 1698
2 4 1339
2 5 1816
2 6 1487
2 7 1302
2 8 1541
2 9 1171
2 10 1063
2 11 1340
2 12 1792
2 13 2553
2 14 1940
2 15 2684
2 16 1544
2 17 1490
2 18 759
2 19 1286
2 20 1492
2 21 1240
2 22 52
2 23 956
2 24 1567
2 25 1345
2 26 1873
2 27 1404
2 28 1781
2 29 1918
2 30 687
2 31 544
2 32 1966
2 33 735
2 34 592
2 35 2014
2 36 783
2 37 640
2 38 2062
2 39 831
2 40 688
2 41 2110
2 42 879
2 43 736
2 44 2158
2 45 927
2 46 784
2 47 2206
2 48 975
2 49 832
2 50 2254
2 51 1023
2 52 880
2 53 2302
2 54 1071
2 55 928
2 56 2350
2 57 1119
2 58 976
2 59 2398
2 60 1167
2 61 1024
2 62 2446
2 63 1215
2 64 1072
2 65 2494
2 66 1263
2 67 1120
2 68 2542
2 69 1311
2 70 1168
2 71 2590
2 72 1359
2 73 1216
2 74 2638
2 75 1407
2 76 1264
2 77 2686
2 78 1455
2 79 1312
2 80 2734
2 81 1503
2 82 1360
2 83 2038
3 0 2388
3 1 1199
3 2 1698
3 3 0
3 4 729
3 5 2166
3 6 877
3 7 1172
3 8 1271
3 9 1329
3 10 1385
3 11 990
3 12 1566
3 13 1943
3 14 1522
3 15 2074
3 16 1606
3 17 208
3 18 1273
3 19 1032
3 20 882
3 21 1494
3 22 1646
3 23 894
3 24 1245
3 25 1311
3 26 1263
3 27 794
3 28 1171
3 29 2268
3 30 1037
3 31 1154
3 32 2220
3 33 989
3 34 1106
3 35 2172
3 36 941
3 37 1058
3 38 2124
3 39 893
3 40 1010
3 41 2076
3 42 845
3 43 962
3 44 2028
3 45 797
3 46 914
3 47 1980
3 48 749
3 49 866
3 50 1932
3 51 701
3 52 818
3 53 1884
3 54 653
3 55 770
3 56 1836
3 57 605
3 58 722
3 59 1788
3 60 557
3 61 674
3 62 1836
3 63 605
3 64 722
3 65 1884
3 66 653
3 67 770
3 68 1932
3 69 701
3 70 818
3 71 1980
3 72 749
3 73 866
3 74 2028
3 75 797
3 76 914
3 77 2076
3 78 845
3 79 962
3 80 2124
3 81 893
3 82 1010
3 83 2388
4 0 2003
4 1 814
4 2 1339
4 3 729
4 4 0
4 5 1781
4 6 300
4 7 787
4 8 886
4 9 944
4 10 1364
4 11 1375
4 12 1181
4 13 1366
4 14 1137
4 15 1497
4 16 1221
4 17 937
4 18 1668
4 19 1141
4 20 305
4 21 1109
4 22 1391
4 23 1471
4 24 860
4 25 926
4 26 686
4 27 217
4 28 442
4 29 1883
4 30 652
4 31 1731
4 32 1835
4 33 604
4 34 1683
4 35 1787
4 36 556
4 37 1635
4 38 1739
4 39 508
4 40 1587
4 41 1691
4 42 460
4 43 1539
4 44 1643
4 45 412
4 46 1491
4 47 1595
4 48 364
4 49 1443
4 50 1547
4 51 316
4 52 1395
4 53 1499
4 54 268
4 55 1347
4 56 1451
4 57 220
4 58 1299
4 59 1403
4 60 172
4 61 1251
4 62 1355
4 63 124
4 64 1203
4 65 1307
4 66 76
4 67 1155
4 68 1355
4 69 124
4 70 1203
4 71 1403
4 72 172
4 73 1251
4 74 1451
4 75 220
4 76 1299
4 77 1499
4 78 268
4 79 1347
4 80 1547
4 81 316
4 82 1395
4 83 2003
5 0 222
5 1 1483
5 2 1816
5 3 2166
5 4 1781
5 5 0
5 6 1877
5 7 1744
5 8 2035
5 9 1041
5 10 2129
5 11 3004
5 12 804
5 13 811
5 14 848
5 15 968
5 16 764
5 17 2374
5 18 2241
5 19 2482
5 20 1934
5 21 876
5 22 1868
5 23 2620
5 24 1125
5 25 1059
5 26 2315
5 27 1768
5 28 2223
5 29 102
5 30 1129
5 31 2360
5 32 150
5 33 1177
5 34 2408
5 35 198
5 36 1225
5 37 2456
5 38 246
5 39 1273
5 40 2504
5 41 294
5 42 1321
5 43 2552
5 44 342
5 45 1369
5 46 2600
5 47 390
5 48 1417
5 49 2648
5 50 438
5 51 1465
5 52 2696
5 53 486
5 54 1513
5 55 2744
5 56 534
5 57 1561
5 58 2792
5 59 582
5 60 1609
5 61 2840
5 62 630
5 63 1657
5 64 2888
5 65 678
5 66 1705
5 67 2936
5 68 726
5 69 1753
5 70 2984
5 71 774
5 72 1801
5 73 3032
5 74 822
5 75 1849
5 76 3080
5 77 870
5 78 1897
5 79 3128
5 80 918
5 81 1945
5 82 3176
5 83 222
6 0 1895
6 1 962
6 2 1487
6 3 877
6 4 300
6 5 1877
6 6 0
6 7 935
6 8 1034
6 9 1092
6 10 1512
6 11 1331
6 12 1329
6 13 1066
6 14 1285
6 15 1297
6 16 1369
6 17 1085
6 18 1816
6 19 1289
6 20 261
6 21 1257
6 22 1539
6 23 1619
6 24 1008
6 25 1074
6 26 642
6 27 365
6 28 742
6 29 1775
6 30 800
6 31 2031
6 32 1727
6 33 752
6 34 1983
6 35 1679
6 36 704
6 37 1935
6 38 1631
6 39 656
6 40 1887
6 41 1583
6 42 608
6 43 1839
6 44 1535
6 45 560
6 46 1791
6 47 1487
6 48 512
6 49 1743
6 50 1439
6 51 464
6 52 1695
6 53 1391
6 54 416
6 55 1647
6 56 1343
6 57 368
6 58 1599
6 59 1295
6 60 320
6 61 1551
6 62 1247
6 63 272
6 64 1503
6 65 1199
6 66 224
6 67 1455
6 68 1151
6 69 176
6 70 1407
6 71 1103
6 72 128
6 73 1359
6 74 1151
6 75 176
6 76 1407
6 77 1199
6 78 224
6 79 1455
6 80 1247
6 81 272
6 82 1503
6 83 1895
7 0 1966
7 1 777
7 2 1302
7 3 1172
7 4 787
7 5 1744
7 6 935
7 7 0
7 8 1041
7 9 907
7 10 1327
7 11 1412
7 12 1240
7 13 2001
7 14 1388
7 15 2132
7 16 1184
7 17 1380
7 18 1215
7 19 1358
7 20 940
7 21 1072
7 22 1354
7 23 1028
7 24 1015
7 25 889
7 26 1321
7 27 852
7 28 1229
7 29 1846
7 30 615
7 31 1096
7 32 1798
7 33 567
7 34 1048
7 35 1750
7 36 519
7 37 1000
7 38 1702
7 39 471
7 40 952
7 41 1654
7 42 423
7 43 904
7 44 1606
7 45 375
7 46 856
7 47 1654
7 48 423
7 49 904
7 50 1702
7 51 471
7 52 952
7 53 1750
7 54 519
7 55 1000
7 56 1798
7 57 567
7 58 1048
7 59 1846
7 60 615
7 61 1096
7 62 1894
7 63 663
7 64 1144
7 65 1942
7 66 711
7 67 1192
7 68 1990
7 69 759
7 70 1240
7 71 2038
7 72 807
7 73 1288
7 74 2086
7 75 855
7 76 1336
7 77 2134
7 78 903
7 79 1384
7 80 2182
7 81 951
7 82 1432
7 83 1966
8 0 2257
8 1 1068
8 2 1541
8 3 1271
8 4 886
8 5 2035
8 6 1034
8 7 1041
8 8 0
8 9 1198
8 10 1228
8 11 1121
8 12 1435
8 13 2100
8 14 1487
8 15 2231
8 16 1475
8 17 1271
8 18 1116
8 19 1067
8 20 1039
8 21 1363
8 22 1489
8 23 585
8 24 1114
8 25 1180
8 26 1420
8 27 951
8 28 1328
8 29 2137
8 30 906
8 31 997
8 32 2089
8 33 858
8 34 949
8 35 2041
8 36 810
8 37 901
8 38 1993
8 39 762
8 40 853
8 41 1945
8 42 714
8 43 805
8 44 1897
8 45 666
8 46 757
8 47 1849
8 48 618
8 49 709
8 50 1801
8 51 570
8 52 661
8 53 1849
8 54 618
8 55 709
8 56 1897
8 57 666
8 58 757
8 59 1945
8 60 714
8 61 805
8 62 1993
8 63 762
8 64 853
8 65 2041
8 66 810
8 67 901
8 68 2089
8 69 858
8 70 949
8 71 2137
8 72 906
8 73 997
8 74 2185
8 75 954
8 76 1045
8 77 2233
8 78 1002
8 79 1093
8 80 2281
8 81 1050
8 82 1141
8 83 2257
9 0 1059
9 1 646
9 2 1171
9 3 1329
9 4 944
9 5 1041
9 6 1092
9 7 907
9 8 1198
9 9 0
9 10 1292
9 11 2167
9 12 1397
9 13 1456
9 14 1493
9 15 1613
9 16 1149
9 17 1537
9 18 1500
9 19 1645
9 20 1097
9 21 941
9 22 1223
9 23 1783
9 24 1172
9 25 950
9 26 1478
9 27 1009
9 28 1386
9 29 939
9 30 484
9 31 1715
9 32 891
9 33 436
9 34 1667
9 35 843
9 36 388
9 37 1619
9 38 891
9 39 436
9 40 1667
9 41 939
9 42 484
9 43 1715
9 44 987
9 45 532
9 46 1763
9 47 1035
9 48 580
9 49 1811
9 50 1083
9 51 628
9 52 1859
9 53 1131
9 54 676
9 55 1907
9 56 1179
9 57 724
9 58 1955
9 59 1227
9 60 772
9 61 2003
9 62 1275
9 63 820
9 64 2051
9 65 1323
9 66 868
9 67 2099
9 68 1371
9 69 916
9 70 2147
9 71 1419
9 72 964
9 73 2195
9 74 1467
9 75 1012
9 76 2243
9 77 1515
9 78 1060
9 79 2291
9 80 1563
9 81 1108
9 82 2339
9 83 1059
10 0 2351
10 1 1162
10 2 1063
10 3 1385
10 4 1364
10 5 2129
10 6 1512
10 7 1327
10 8 1228
10 9 1292
10 10 0
10 11 1027
10 12 1817
10 13 2578
10 14 1965
10 15 2709
10 16 1569
10 17 1177
10 18 638
10 19 973
10 20 1517
10 21 1457
10 22 1011
10 23 643
10 24 1592
10 25 1370
10 26 1716
10 27 1429
10 28 1520
10 29 2231
10 30 1000
10 31 519
10 32 2183
10 33 952
10 34 471
10 35 2135
10 36 904
10 37 423
10 38 2087
10 39 856
10 40 375
10 41 2135
10 42 904
10 43 423
10 44 2183
10 45 952
10 46 471
10 47 2231
10 48 1000
10 49 519
10 50 2279
10 51 1048
10 52 567
10 53 2327
10 54 1096
10 55 615
10 56 2375
10 57 1144
10 58 663
10 59 2423
10 60 1192
10 61 711
10 62 2471
10 63 1240
10 64 759
10 65 2519
10 66 1288
10 67 807
10 68 2567
10 69 1336
10 70 855
10 71 2615
10 72 1384
10 73 903
10 74 2663
10 75 1432
10 76 951
10 77 2711
10 78 1480
10 79 999
10 80 2759
10 81 1528
10 82 1047
10 83 2351
11 0 3226
11 1 1673
11 2 1340
11 3 990
11 4 1375
11 5 3004
11 6 1331
11 7 1412
11 8 1121
11 9 2167
11 10 1027
11 11 0
11 12 2404
11 13 2397
11 14 2360
11 15 2432
11 16 2444
11 17 782
11 18 915
11 19 674
11 20 1240
11 21 2332
11 22 1288
11 23 536
11 24 2083
11 25 2149
11 26 689
11 27 1440
11 28 933
11 29 3106
11 30 1875
11 31 796
11 32 3058
11 33 1827
11 34 748
11 35 3010
11 36 1779
11 37 700
11 38 2962
11 39 1731
11 40 652
11 41 2914
11 42 1683
11 43 604
11 44 2866
11 45 1635
11 46 556
11 47 2818
11 48 1587
11 49 508
11 50 2770
11 51 1539
11 52 460
11 53 2722
11 54 1491
11 55 412
11 56 2674
11 57 1443
11 58 364
11 59 2626
11 60 1395
11 61 316
11 62 2578
11 63 1347
11 64 268
11 65 2530
11 66 1299
11 67 220
11 68 2482
11 69 1251
11 70 172
11 71 2434
11 72 1203
11 73 124
11 74 2386
11 75 1155
11 76 76
11 77 2434
11 78 1203
11 79 124
11 80 2482
11 81 1251
11 82 172
11 83 3226
12 0 822
12 1 1267
12 2 1792
12 3 1566
12 4 1181
12 5 804
12 6 1329
12 7 1240
12 8 1435
12 9 1397
12 10 1817
12 11 2404
12 12 0
12 13 835
12 14 872
12 15 992
12 16 1076
12 17 1774
12 18 2121
12 19 1882
12 20 1334
12 21 1380
12 22 1844
12 23 2020
12 24 1149
12 25 1275
12 26 1715
12 27 1246
12 28 1623
12 29 702
12 30 1105
12 31 2336
12 32 654
12 33 1057
12 34 2288
12 35 606
12 36 1009
12 37 2240
12 38 558
12 39 961
12 40 2192
12 41 510
12 42 913
12 43 2144
12 44 462
12 45 865
12 46 2096
12 47 414
12 48 817
12 49 2048
12 50 462
12 51 865
12 52 2096
12 53 510
12 54 913
12 55 2144
12 56 558
12 57 961
12 58 2192
12 59 606
12 60 1009
12 61 2240
12 62 654
12 63 1057
12 64 2288
12 65 702
12 66 1105
12 67 2336
12 68 750
12 69 1153
12 70 2384
12 71 798
12 72 1201
12 73 2432
12 74 846
12 75 1249
12 76 2480
12 77 894
12 78 1297
12 79 2528
12 80 942
12 81 1345
12 82 2576
12 83 822
13 0 829
13 1 2028
13 2 2553
13 3 1943
13 4 1366
13 5 811
13 6 1066
13 7 2001
13 8 2100
13 9 1456
13 10 2578
13 11 2397
13 12 835
13 13 0
13 14 687
13 15 231
13 16 1083
13 17 2151
13 18 2882
13 19 2355
13 20 1327
13 21 1387
13 22 2605
13 23 2685
13 24 1060
13 25 1282
13 26 1708
13 27 1223
13 28 1808
13 29 709
13 30 1866
13 31 3097
13 32 661
13 33 1818
13 34 3049
13 35 613
13 36 1770
13 37 3001
13 38 565
13 39 1722
13 40 2953
13 41 517
13 42 1674
13 43 2905
13 44 469
13 45 1626
13 46 2857
13 47 421
13 48 1578
13 49 2809
13 50 373
13 51 1530
13 52 2761
13 53 325
13 54 1482
13 55 2713
13 56 277
13 57 1434
13 58 2665
13 59 229
13 60 1386
13 61 2617
13 62 181
13 63 1338
13 64 2569
13 65 133
13 66 1290
13 67 2521
13 68 85
13 69 1242
13 70 2473
13 71 37
13 72 1194
13 73 2425
13 74 85
13 75 1242
13 76 2473
13 77 133
13 78 1290
13 79 2521
13 80 181
13 81 1338
13 82 2569
13 83 829
14 0 866
14 1 1415
14 2 1940
14 3 1522
14 4 1137
14 5 848
14 6 1285
14 7 1388
14 8 1487
14 9 1493
14 10 1965
14 11 2360
14 12 872
14 13 687
14 14 0
14 15 844
14 16 1120
14 17 1730
14 18 2269
14 19 1838
14 20 1290
14 21 1424
14 22 1992
14 23 2072
14 24 1097
14 25 1319
14 26 1671
14 27 1202
14 28 1579
14 29 746
14 30 1253
14 31 2484
14 32 698
14 33 1205
14 34 2436
14 35 650
14 36 1157
14 37 2388
14 38 602
14 39 1109
14 40 2340
14 41 554
14 42 1061
14 43 2292
14 44 506
14 45 1013
14 46 2244
14 47 458
14 48 965
14 49 2196
14 50 410
14 51 917
14 52 2148
14 53 362
14 54 869
14 55 2100
14 56 410
14 57 917
14 58 2148
14 59 458
14 60 965
14 61 2196
14 62 506
14 63 1013
14 64 2244
14 65 554
14 66 1061
14 67 2292
14 68 602
14 69 1109
14 70 2340
14 71 650
14 72 1157
14 73 2388
14 74 698
14 75 1205
14 76 2436
14 77 746
14 78 1253
14 79 2484
14 80 794
14 81 1301
14 82 2532
14 83 866
15 0 986
15 1 2159
15 2 2684
15 3 2074
15 4 1497
15 5 968
15 6 1297
15 7 2132
15 8 2231
15 9 1613
15 10 2709
15 11 2432
15 12 992
15 13 231
15 14 844
15 15 0
15 16 1240
15 17 2282
15 18 3013
15 19 2486
15 20 1266
15 21 1544
15 22 2736
15 23 2816
15 24 1217
15 25 1439
15 26 1743
15 27 1380
15 28 1939
15 29 866
15 30 1997
15 31 3228
15 32 818
15 33 1949
15 34 3180
15 35 770
15 36 1901
15 37 3132
15 38 722
15 39 1853
15 40 3084
15 41 674
15 42 1805
15 43 3036
15 44 626
15 45 1757
15 46 2988
15 47 578
15 48 1709
15 49 2940
15 50 530
15 51 1661
15 52 2892
15 53 482
15 54 1613
15 55 2844
15 56 434
15 57 1565
15 58 2796
15 59 386
15 60 1517
15 61 2748
15 62 338
15 63 1469
15 64 2700
15 65 290
15 66 1421
15 67 2652
15 68 242
15 69 1373
15 70 2604
15 71 194
15 72 1325
15 73 2556
15 74 146
15 75 1277
15 76 2508
15 77 98
15 78 1229
15 79 2460
15 80 50
15 81 1181
15 82 2412
15 83 986
16 0 782
16 1 1019
16 2 1544
16 3 1606
16 4 1221
16 5 764
16 6 1369
16 7 1184
16 8 1475
16 9 1149
16 10 1569
16 11 2444
16 12 1076
16 13 1083
16 14 1120
16 15 1240
16 16 0
16 17 1814
16 18 1873
16 19 1922
16 20 1374
16 21 1314
16 22 1596
16 23 2060
16 24 1397
16 25 1227
16 26 1755
16 27 1286
16 28 1663
16 29 662
16 30 857
16 31 2088
16 32 614
16 33 809
16 34 2040
16 35 566
16 36 761
16 37 1992
16 38 518
16 39 713
16 40 1944
16 41 566
16 42 761
16 43 1992
16 44 614
16 45 809
16 46 2040
16 47 662
16 48 857
16 49 2088
16 50 710
16 51 905
16 52 2136
16 53 758
16 54 953
16 55 2184
16 56 806
16 57 1001
16 58 2232
16 59 854
16 60 1049
16 61 2280
16 62 902
16 63 1097
16 64 2328
16 65 950
16 66 1145
16 67 2376
16 68 998
16 69 1193
16 70 2424
16 71 1046
16 72 1241
16 73 2472
16 74 1094
16 75 1289
16 76 2520
16 77 1142
16 78 1337
16 79 2568
16 80 1190
16 81 1385
16 82 2616
16 83 782
17 0 2596
17 1 1407
17 2 1490
17 3 208
17 4 937
17 5 2374
17 6 1085
17 7 1380
17 8 1271
17 9 1537
17 10 1177
17 11 782
17 12 1774
17 13 2151
17 14 1730
17 15 2282
17 16 1814
17 17 0
17 18 1065
17 19 824
17 20 1090
17 21 1702
17 22 1438
17 23 686
17 24 1453
17 25 1519
17 26 1471
17 27 1002
17 28 1275
17 29 2476
17 30 1245
17 31 946
17 32 2428
17 33 1197
17 34 898
17 35 2380
17 36 1149
17 37 850
17 38 2332
17 39 1101
17 40 802
17 41 2284
17 42 1053
17 43 754
17 44 2236
17 45 1005
17 46 706
17 47 2188
17 48 957
17 49 658
17 50 2140
17 51 909
17 52 610
17 53 2092
17 54 861
17 55 562
17 56 2044
17 57 813
17 58 514
17 59 1996
17 60 765
17 61 466
17 62 2044
17 63 813
17 64 514
17 65 2092
17 66 861
17 67 562
17 68 2140
17 69 909
17 70 610
17 71 2188
17 72 957
17 73 658
17 74 2236
17 75 1005
17 76 706
17 77 2284
17 78 1053
17 79 754
17 80 2332
17 81 1101
17 82 802
17 83 2596
18 0 2463
18 1 1188
18 2 759
18 3 1273
18 4 1668
18 5 2241
18 6 1816
18 7 1215
18 8 1116
18 9 1500
18 10 638
18 11 915
18 12 2121
18 13 2882
18 14 2269
18 15 3013
18 16 1873
18 17 1065
18 18 0
18 19 861
18 20 1821
18 21 1569
18 22 707
18 23 531
18 24 1896
18 25 1674
18 26 1604
18 27 1733
18 28 1408
18 29 2343
18 30 1112
18 31 215
18 32 2295
18 33 1064
18 34 167
18 35 2343
18 36 1112
18 37 215
18 38 2391
18 39 1160
18 40 263
18 41 2439
18 42 1208
18 43 311
18 44 2487
18 45 1256
18 46 359
18 47 2535
18 48 1304
18 49 407
18 50 2583
18 51 1352
18 52 455
18 53 2631
18 54 1400
18 55 503
18 56 2679
18 57 1448
18 58 551
18 59 2727
18 60 1496
18 61 599
18 62 2775
18 63 1544
18 64 647
18 65 2823
18 66 1592
18 67 695
18 68 2871
18 69 1640
18 70 743
18 71 2919
18 72 1688
18 73 791
18 74 2967
18 75 1736
18 76 839
18 77 3015
18 78 1784
18 79 887
18 80 3063
18 81 1832
18 82 935
18 83 2463
19 0 2704
19 1 1515
19 2 1286
19 3 1032
19 4 1141
19 5 2482
19 6 1289
19 7 1358
19 8 1067
19 9 1645
19 10 973
19 11 674
19 12 1882
19 13 2355
19 14 1838
19 15 2486
19 16 1922
19 17 824
19 18 861
19 19 0
19 20 1294
19 21 1810
19 22 1234
19 23 482
19 24 1561
19 25 1627
19 26 1363
19 27 1206
19 28 1167
19 29 2584
19 30 1353
19 31 742
19 32 2536
19 33 1305
19 34 694
19 35 2488
19 36 1257
19 37 646
19 38 2440
19 39 1209
19 40 598
19 41 2392
19 42 1161
19 43 550
19 44 2344
19 45 1113
19 46 502
19 47 2296
19 48 1065
19 49 454
19 50 2248
19 51 1017
19 52 406
19 53 2200
19 54 969
19 55 358
19 56 2152
19 57 921
19 58 310
19 59 2200
19 60 969
19 61 358
19 62 2248
19 63 1017
19 64 406
19 65 2296
19 66 1065
19 67 454
19 68 2344
19 69 1113
19 70 502
19 71 2392
19 72 1161
19 73 550
19 74 2440
19 75 1209
19 76 598
19 77 2488
19 78 1257
19 79 646
19 80 2536
19 81 1305
19 82 694
19 83 2704
20 0 2082
20 1 967
20 2 1492
20 3 882
20 4 305
20 5 1934
20 6 261
20 7 940
20 8 1039
20 9 1097
20 10 1517
20 11 1240
20 12 1334
20 13 1327
20 14 1290
20 15 1266
20 16 1374
20 17 1090
20 18 1821
20 19 1294
20 20 0
20 21 1262
20 22 1544
20 23 1624
20 24 1013
20 25 1079
20 26 551
20 27 370
20 28 747
20 29 1962
20 30 805
20 31 2036
20 32 1914
20 33 757
20 34 1988
20 35 1866
20 36 709
20 37 1940
20 38 1818
20 39 661
20 40 1892
20 41 1770
20 42 613
20 43 1844
20 44 1722
20 45 565
20 46 1796
20 47 1674
20 48 517
20 49 1748
20 50 1626
20 51 469
20 52 1700
20 53 1578
20 54 421
20 55 1652
20 56 1530
20 57 373
20 58 1604
20 59 1482
20 60 325
20 61 1556
20 62 1434
20 63 277
20 64 1508
20 65 1386
20 66 229
20 67 1460
20 68 1338
20 69 181
20 70 1412
20 71 1290
20 72 133
20 73 1364
20 74 1242
20 75 85
20 76 1316
20 77 1194
20 78 37
20 79 1268
20 80 1242
20 81 85
20 82 1316
20 83 2082
21 0 894
21 1 811
21 2 1240
21 3 1494
21 4 1109
21 5 876
21 6 1257
21 7 1072
21 8 1363
21 9 941
21 10 1457
21 11 2332
21 12 1380
21 13 1387
21 14 1424
21 15 1544
21 16 1314
21 17 1702
21 18 1569
21 19 1810
21 20 1262
21 21 0
21 22 1292
21 23 1948
21 24 1337
21 25 1115
21 26 1643
21 27 1174
21 28 1551
21 29 774
21 30 553
21 31 1784
21 32 726
21 33 505
21 34 1736
21 35 774
21 36 553
21 37 1784
21 38 822
21 39 601
21 40 1832
21 41 870
21 42 649
21 43 1880
21 44 918
21 45 697
21 46 1928
21 47 966
21 48 745
21 49 1976
21 50 1014
21 51 793
21 52 2024
21 53 1062
21 54 841
21 55 2072
21 56 1110
21 57 889
21 58 2120
21 59 1158
21 60 937
21 61 2168
21 62 1206
21 63 985
21 64 2216
21 65 1254
21 66 1033
21 67 2264
21 68 1302
21 69 1081
21 70 2312
21 71 1350
21 72 1129
21 73 2360
21 74 1398
21 75 1177
21 76 2408
21 77 1446
21 78 1225
21 79 2456
21 80 1494
21 81 1273
21 82 2504
21 83 894
22 0 2090
22 1 1093
22 2 52
22 3 1646
22 4 1391
22 5 1868
22 6 1539
22 7 1354
22 8 1489
22 9 1223
22 10 1011
22 11 1288
22 12 1844
22 13 2605
22 14 1992
22 15 2736
22 16 1596
22 17 1438
22 18 707
22 19 1234
22 20 1544
22 21 1292
22 22 0
22 23 904
22 24 1619
22 25 1397
22 26 1925
22 27 1456
22 28 1781
22 29 1970
22 30 739
22 31 492
22 32 2018
22 33 787
22 34 540
22 35 2066
22 36 835
22 37 588
22 38 2114
22 39 883
22 40 636
22 41 2162
22 42 931
22 43 684
22 44 2210
22 45 979
22 46 732
22 47 2258
22 48 1027
22 49 780
22 50 2306
22 51 1075
22 52 828
22 53 2354
22 54 1123
22 55 876
22 56 2402
22 57 1171
22 58 924
22 59 2450
22 60 1219
22 61 972
22 62 2498
22 63 1267
22 64 1020
22 65 2546
22 66 1315
22 67 1068
22 68 2594
22 69 1363
22 70 1116
22 71 2642
22 72 1411
22 73 1164
22 74 2690
22 75 1459
22 76 1212
22 77 2738
22 78 1507
22 79 1260
22 80 2786
22 81 1555
22 82 1308
22 83 2090
23 0 2842
23 1 1289
23 2 956
23 3 894
23 4 1471
23 5 2620
23 6 1619
23 7 1028
23 8 585
23 9 1783
23 10 643
23 11 536
23 12 2020
23 13 2685
23 14 2072
23 15 2816
23 16 2060
23 17 686
23 18 531
23 19 482
23 20 1624
23 21 1948
23 22 904
23 23 0
23 24 1699
23 25 1765
23 26 1225
23 27 1536
23 28 1029
23 29 2722
23 30 1491
23 31 412
23 32 2674
23 33 1443
23 34 364
23 35 2626
23 36 1395
23 37 316
23 38 2578
23 39 1347
23 40 268
23 41 2530
23 42 1299
23 43 220
23 44 2482
23 45 1251
23 46 172
23 47 2434
23 48 1203
23 49 124
23 50 2386
23 51 1155
23 52 76
23 53 2434
23 54 1203
23 55 124
23 56 2482
23 57 1251
23 58 172
23 59 2530
23 60 1299
23 61 220
23 62 2578
23 63 1347
23 64 268
23 65 2626
23 66 1395
23 67 316
23 68 2674
23 69 1443
23 70 364
23 71 2722
23 72 1491
23 73 412
23 74 2770
23 75 1539
23 76 460
23 77 2818
23 78 1587
23 79 508
23 80 2866
23 81 1635
23 82 556
23 83 2842
24 0 1143
24 1 1042
24 2 1567
24 3 1245
24 4 860
24 5 1125
24 6 1008
24 7 1015
24 8 1114
24 9 1172
24 10 1592
24 11 2083
24 12 1149
24 13 1060
24 14 1097
24 15 1217
24 16 1397
24 17 1453
24 18 1896
24 19 1561
24 20 1013
24 21 1337
24 22 1619
24 23 1699
24 24 0
24 25 1154
24 26 1394
24 27 925
24 28 1302
24 29 1023
24 30 880
24 31 2111
24 32 975
24 33 832
24 34 2063
24 35 927
24 36 784
24 37 2015
24 38 879
24 39 736
24 40 1967
24 41 831
24 42 688
24 43 1919
24 44 783
24 45 640
24 46 1871
24 47 735
24 48 592
24 49 1823
24 50 687
24 51 544
24 52 1775
24 53 735
24 54 592
24 55 1823
24 56 783
24 57 640
24 58 1871
24 59 831
24 60 688
24 61 1919
24 62 879
24 63 736
24 64 1967
24 65 927
24 66 784
24 67 2015
24 68 975
24 69 832
24 70 2063
24 71 1023
24 72 880
24 73 2111
24 74 1071
24 75 928
24 76 2159
24 77 1119
24 78 976
24 79 2207
24 80 1167
24 81 1024
24 82 2255
24 83 1143
25 0 1077
25 1 820
25 2 1345
25 3 1311
25 4 926
25 5 1059
25 6 1074
25 7 889
25 8 1180
25 9 950
25 10 1370
25 11 2149
25 12 1275
25 13 1282
25 14 1319
25 15 1439
25 16 1227
25 17 1519
25 18 1674
25 19 1627
25 20 1079
25 21 1115
25 22 1397
25 23 1765
25 24 1154
25 25 0
25 26 1460
25 27 991
25 28 1368
25 29 957
25 30 658
25 31 1889
25 32 909
25 33 610
25 34 1841
25 35 861
25 36 562
25 37 1793
25 38 813
25 39 514
25 40 1745
25 41 765
25 42 466
25 43 1697
25 44 813
25 45 514
25 46 1745
25 47 861
25 48 562
25 49 1793
25 50 909
25 51 610
25 52 1841
25 53 957
25 54 658
25 55 1889
25 56 1005
25 57 706
25 58 1937
25 59 1053
25 60 754
25 61 1985
25 62 1101
25 63 802
25 64 2033
25 65 1149
25 66 850
25 67 2081
25 68 1197
25 69 898
25 70 2129
25 71 1245
25 72 946
25 73 2177
25 74 1293
25 75 994
25 76 2225
25 77 1341
25 78 1042
25 79 2273
25 80 1389
25 81 1090
25 82 2321
25 83 1077
26 0 2537
26 1 1348
26 2 1873
26 3 1263
26 4 686
26 5 2315
26 6 642
26 7 1321
26 8 1420
26 9 1478
26 10 1716
26 11 689
26 12 1715
26 13 1708
26 14 1671
26 15 1743
26 16 1755
26 17 1471
26 18 1604
26 19 1363
26 20 551
26 21 1643
26 22 1925
26 23 1225
26 24 1394
26 25 1460
26 26 0
26 27 751
26 28 1128
26 29 2417
26 30 1186
26 31 1485
26 32 2369
26 33 1138
26 34 1437
26 35 2321
26 36 1090
26 37 1389
26 38 2273
26 39 1042
26 40 1341
26 41 2225
26 42 994
26 43 1293
26 44 2177
26 45 946
26 46 1245
26 47 2129
26 48 898
26 49 1197
26 50 2081
26 51 850
26 52 1149
26 53 2033
26 54 802
26 55 1101
26 56 1985
26 57 754
26 58 1053
26 59 1937
26 60 706
26 61 1005
26 62 1889
26 63 658
26 64 957
26 65 1841
26 66 610
26 67 909
26 68 1793
26 69 562
26 70 861
26 71 1745
26 72 514
26 73 813
26 74 1697
26 75 466
26 76 765
26 77 1745
26 78 514
26 79 813
26 80 1793
26 81 562
26 82 861
26 83 2537
27 0 1786
27 1 879
27 2 1404
27 3 794
27 4 217
27 5 1768
27 6 365
27 7 852
27 8 951
27 9 1009
27 10 1429
27 11 1440
27 12 1246
27 13 1223
27 14 1202
27 15 1380
27 16 1286
27 17 1002
27 18 1733
27 19 1206
27 20 370
27 21 1174
27 22 1456
27 23 1536
27 24 925
27 25 991
27 26 751
27 27 0
27 28 659
27 29 1666
27 30 717
27 31 1948
27 32 1618
27 33 669
27 34 1900
27 35 1570
27 36 621
27 37 1852
27 38 1522
27 39 573
27 40 1804
27 41 1474
27 42 525
27 43 1756
27 44 1426
27 45 477
27 46 1708
27 47 1378
27 48 429
27 49 1660
27 50 1330
27 51 381
27 52 1612
27 53 1282
27 54 333
27 55 1564
27 56 1234
27 57 285
27 58 1516
27 59 1186
27 60 237
27 61 1468
27 62 1138
27 63 189
27 64 1420
27 65 1090
27 66 141
27 67 1372
27 68 1138
27 69 189
27 70 1420
27 71 1186
27 72 237
27 73 1468
27 74 1234
27 75 285
27 76 1516
27 77 1282
27 78 333
27 79 1564
27 80 1330
27 81 381
27 82 1612
27 83 1786
28 0 2445
28 1 1256
28 2 1781
28 3 1171
28 4 442
28 5 2223
28 6 742
28 7 1229
28 8 1328
28 9 1386
28 10 1520
28 11 933
28 12 1623
28 13 1808
28 14 1579
28 15 1939
28 16 1663
28 17 1275
28 18 1408
28 19 1167
28 20 747
28 21 1551
28 22 1781
28 23 1029
28 24 1302
28 25 1368
28 26 1128
28 27 659
28 28 0
28 29 2325
28 30 1094
28 31 1289
28 32 2277
28 33 1046
28 34 1241
28 35 2229
28 36 998
28 37 1193
28 38 2181
28 39 950
28 40 1145
28 41 2133
28 42 902
28 43 1097
28 44 2085
28 45 854
28 46 1049
28 47 2037
28 48 806
28 49 1001
28 50 1989
28 51 758
28 52 953
28 53 1941
28 54 710
28 55 905
28 56 1893
28 57 662
28 58 857
28 59 1845
28 60 614
28 61 809
28 62 1797
28 63 566
28 64 761
28 65 1749
28 66 518
28 67 713
28 68 1797
28 69 566
28 70 761
28 71 1845
28 72 614
28 73 809
28 74 1893
28 75 662
28 76 857
28 77 1941
28 78 710
28 79 905
28 80 1989
28 81 758
28 82 953
28 83 2445
29 0 120
29 1 1585
29 2 1918
29 3 2268
29 4 1883
29 5 102
29 6 1775
29 7 1846
29 8 2137
29 9 939
29 10 2231
29 11 3106
29 12 702
29 13 709
29 14 746
29 15 866
29 16 662
29 17 2476
29 18 2343
29 19 2584
29 20 1962
29 21 774
29 22 1970
29 23 2722
29 24 1023
29 25 957
29 26 2417
29 27 1666
29 28 2325
29 29 0
29 30 1231
29 31 2462
29 32 48
29 33 1279
29 34 2510
29 35 96
29 36 1327
29 37 2558
29 38 144
29 39 1375
29 40 2606
29 41 192
29 42 1423
29 43 2654
29 44 240
29 45 1471
29 46 2702
29 47 288
29 48 1519
29 49 2750
29 50 336
29 51 1567
29 52 2798
29 53 384
29 54 1615
29 55 2846
29 56 432
29 57 1663
29 58 2894
29 59 480
29 60 1711
29 61 2942
29 62 528
29 63 1759
29 64 2990
29 65 576
29 66 1807
29 67 3038
29 68 624
29 69 1855
29 70 3086
29 71 672
29 72 1903
29 73 3134
29 74 720
29 75 1951
29 76 3182
29 77 768
29 78 1999
29 79 3230
29 80 816
29 81 2047
29 82 3278
29 83 120
30 0 1351
30 1 354
30 2 687
30 3 1037
30 4 652
30 5 1129
30 6 800
30 7 615
30 8 906
30 9 484
30 10 1000
30 11 1875
30 12 1105
30 13 1866
30 14 1253
30 15 1997
30 16 857
30 17 1245
30 18 1112
30 19 1353
30 20 805
30 21 553
30 22 739
30 23 1491
30 24 880
30 25 658
30 26 1186
30 27 717
30 28 1094
30 29 1231
30 30 0
30 31 1231
30 32 1279
30 33 48
30 34 1279
30 35 1327
30 36 96
30 37 1327
30 38 1375
30 39 144
30 40 1375
30 41 1423
30 42 192
30 43 1423
30 44 1471
30 45 240
30 46 1471
30 47 1519
30 48 288
30 49 1519
30 50 1567
30 51 336
30 52 1567
30 53 1615
30 54 384
30 55 1615
30 56 1663
30 57 432
30 58 1663
30 59 1711
30 60 480
30 61 1711
30 62 1759
30 63 528
30 64 1759
30 65 1807
30 66 576
30 67 1807
30 68 1855
30 69 624
30 70 1855
30 71 1903
30 72 672
30 73 1903
30 74 1951
30 75 720
30 76 1951
30 77 1999
30 78 768
30 79 1999
30 80 2047
30 81 816
30 82 2047
30 83 1351
31 0 2582
31 1 1069
31 2 544
31 3 1154
31 4 1731
31 5 2360
31 6 2031
31 7 1096
31 8 997
31 9 1715
31 10 519
31 11 796
31 12 2336
31 13 3097
31 14 2484
31 15 3228
31 16 2088
31 17 946
31 18 215
31 19 742
31 20 2036
31 21 1784
31 22 492
31 23 412
31 24 2111
31 25 1889
31 26 1485
31 27 1948
31 28 1289
31 29 2462
31 30 1231
31 31 0
31 32 2510
31 33 1279
31 34 48
31 35 2558
31 36 1327
31 37 96
31 38 2606
31 39 1375
31 40 144
31 41 2654
31 42 1423
31 43 192
31 44 2702
31 45 1471
31 46 240
31 47 2750
31 48 1519
31 49 288
31 50 2798
31 51 1567
31 52 336
31 53 2846
31 54 1615
31 55 384
31 56 2894
31 57 1663
31 58 432
31 59 2942
31 60 1711
31 61 480
31 62 2990
31 63 1759
31 64 528
31 65 3038
31 66 1807
31 67 576
31 68 3086
31 69 1855
31 70 624
31 71 3134
31 72 1903
31 73 672
31 74 3182
31 75 1951
31 76 720
31 77 3230
31 78 1999
31 79 768
31 80 3278
31 81 2047
31 82 816
31 83 2582
32 0 168
32 1 1537
32 2 1966
32 3 2220
32 4 1835
32 5 150
32 6 1727
32 7 1798
32 8 2089
32 9 891
32 10 2183
32 11 3058
32 12 654
32 13 661
32 14 698
32 15 818
32 16 614
32 17 2428
32 18 2295
32 19 2536
32 20 1914
32 21 726
32 22 2018
32 23 2674
32 24 975
32 25 909
32 26 2369
32 27 1618
32 28 2277
32 29 48
32 30 1279
32 31 2510
32 32 0
32 33 1231
32 34 2462
32 35 48
32 36 1279
32 37 2510
32 38 96
32 39 1327
32 40 2558
32 41 144
32 42 1375
32 43 2606
32 44 192
32 45 1423
32 46 2654
32 47 240
32 48 1471
32 49 2702
32 50 288
32 51 1519
32 52 2750
32 53 336
32 54 1567
32 55 2798
32 56 384
32 57 1615
32 58 2846
32 59 432
32 60 1663
32 61 2894
32 62 480
32 63 1711
32 64 2942
32 65 528
32 66 1759
32 67 2990
32 68 576
32 69 1807
32 70 3038
32 71 624
32 72 1855
32 73 3086
32 74 672
32 75 1903
32 76 3134
32 77 720
32 78 1951
32 79 3182
32 80 768
32 81 1999
32 82 3230
32 83 168
33 0 1399
33 1 306
33 2 735
33 3 989
33 4 604
33 5 1177
33 6 752
33 7 567
33 8 858
33 9 436
33 10 952
33 11 1827
33 12 1057
33 13 1818
33 14 1205
33 15 1949
33 16 809
33 17 1197
33 18 1064
33 19 1305
33 20 757
33 21 505
33 22 787
33 23 1443
33 24 832
33 25 610
33 26 1138
33 27 669
33 28 1046
33 29 1279
33 30 48
33 31 1279
33 32 1231
33 33 0
33 34 1231
33 35 1279
33 36 48
33 37 1279
33 38 1327
33 39 96
33 40 1327
33 41 1375
33 42 144
33 43 1375
33 44 1423
33 45 192
33 46 1423
33 47 1471
33 48 240
33 49 1471
33 50 1519
33 51 288
33 52 1519
33 53 1567
33 54 336
33 55 1567
33 56 1615
33 57 384
33 58 1615
33 59 1663
33 60 432
33 61 1663
33 62 1711
33 63 480
33 64 1711
33 65 1759
33 66 528
33 67 1759
33 68 1807
33 69 576
33 70 1807
33 71 1855
33 72 624
33 73 1855
33 74 1903
33 75 672
33 76 1903
33 77 1951
33 78 720
33 79 1951
33 80 1999
33 81 768
33 82 1999
33 83 1399
34 0 2630
34 1 1021
34 2 592
34 3 1106
34 4 1683
34 5 2408
34 6 1983
34 7 1048
34 8 949
34 9 1667
34 10 471
34 11 748
34 12 2288
34 13 3049
34 14 2436
34 15 3180
34 16 2040
34 17 898
34 18 167
34 19 694
34 20 1988
34 21 1736
34 22 540
34 23 364
34 24 2063
34 25 1841
34 26 1437
34 27 1900
34 28 1241
34 29 2510
34 30 1279
34 31 48
34 32 2462
34 33 1231
34 34 0
34 35 2510
34 36 1279
34 37 48
34 38 2558
34 39 1327
34 40 96
34 41 2606
34 42 1375
34 43 144
34 44 2654
34 45 1423
34 46 192
34 47 2702
34 48 1471
34 49 240
34 50 2750
34 51 1519
34 52 288
34 53 2798
34 54 1567
34 55 336
34 56 2846
34 57 1615
34 58 384
34 59 2894
34 60 1663
34 61 432
34 62 2942
34 63 1711
34 64 480
34 65 2990
34 66 1759
34 67 528
34 68 3038
34 69 1807
34 70 576
34 71 3086
34 72 1855
34 73 624
34 74 3134
34 75 1903
34 76 672
34 77 3182
34 78 1951
34 79 720
34 80 3230
34 81 1999
34 82 768
34 83 2630
35 0 216
35 1 1489
35 2 2014
35 3 2172
35 4 1787
35 5 198
35 6 1679
35 7 1750
35 8 2041
35 9 843
35 10 2135
35 11 3010
35 12 606
35 13 613
35 14 650
35 15 770
35 16 566
35 17 2380
35 18 2343
35 19 2488
35 20 1866
35 21 774
35 22 2066
35 23 2626
35 24 927
35 25 861
35 26 2321
35 27 1570
35 28 2229
35 29 96
35 30 1327
35 31 2558
35 32 48
35 33 1279
35 34 2510
35 35 0
35 36 1231
35 37 2462
35 38 48
35 39 1279
35 40 2510
35 41 96
35 42 1327
35 43 2558
35 44 144
35 45 1375
35 46 2606
35 47 192
35 48 1423
35 49 2654
35 50 240
35 51 1471
35 52 2702
35 53 288
35 54 1519
35 55 2750
35 56 336
35 57 1567
35 58 2798
35 59 384
35 60 1615
35 61 2846
35 62 432
35 63 1663
35 64 2894
35 65 480
35 66 1711
35 67 2942
35 68 528
35 69 1759
35 70 2990
35 71 576
35 72 1807
35 73 3038
35 74 624
35 75 1855
35 76 3086
35 77 672
35 78 1903
35 79 3134
35 80 720
35 81 1951
35 82 3182
35 83 216
36 0 1447
36 1 258
36 2 783
36 3 941
36 4 556
36 5 1225
36 6 704
36 7 519
36 8 810
36 9 388
36 10 904
36 11 1779
36 12 1009
36 13 1770
36 14 1157
36 15 1901
36 16 761
36 17 1149
36 18 1112
36 19 1257
36 20 709
36 21 553
36 22 835
36 23 1395
36 24 784
36 25 562
36 26 1090
36 27 621
36 28 998
36 29 1327
36 30 96
36 31 1327
36 32 1279
36 33 48
36 34 1279
36 35 1231
36 36 0
36 37 1231
36 38 1279
36 39 48
36 40 1279
36 41 1327
36 42 96
36 43 1327
36 44 1375
36 45 144
36 46 1375
36 47 1423
36 48 192
36 49 1423
36 50 1471
36 51 240
36 52 1471
36 53 1519
36 54 288
36 55 1519
36 56 1567
36 57 336
36 58 1567
36 59 1615
36 60 384
36 61 1615
36 62 1663
36 63 432
36 64 1663
36 65 1711
36 66 480
36 67 1711
36 68 1759
36 69 528
36 70 1759
36 71 1807
36 72 576
36 73 1807
36 74 1855
36 75 624
36 76 1855
36 77 1903
36 78 672
36 79 1903
36 80 1951
36 81 720
36 82 1951
36 83 1447
37 0 2678
37 1 973
37 2 640
37 3 1058
37 4 1635
37 5 2456
37 6 1935
37 7 1000
37 8 901
37 9 1619
37 10 423
37 11 700
37 12 2240
37 13 3001
37 14 2388
37 15 3132
37 16 1992
37 17 850
37 18 215
37 19 646
37 20 1940
37 21 1784
37 22 588
37 23 316
37 24 2015
37 25 1793
37 26 1389
37 27 1852
37 28 1193
37 29 2558
37 30 1327
37 31 96
37 32 2510
37 33 1279
37 34 48
37 35 2462
37 36 1231
37 37 0
37 38 2510
37 39 1279
37 40 48
37 41 2558
37 42 1327
37 43 96
37 44 2606
37 45 1375
37 46 144
37 47 2654
37 48 1423
37 49 192
37 50 2702
37 51 1471
37 52 240
37 53 2750
37 54 1519
37 55 288
37 56 2798
37 57 1567
37 58 336
37 59 2846
37 60 1615
37 61 384
37 62 2894
37 63 1663
37 64 432
37 65 2942
37 66 1711
37 67 480
37 68 2990
37 69 1759
37 70 528
37 71 3038
37 72 1807
37 73 576
37 74 3086
37 75 1855
37 76 624
37 77 3134
37 78 1903
37 79 672
37 80 3182
37 81 1951
37 82 720
37 83 2678
38 0 264
38 1 1537
38 2 2062
38 3 2124
38 4 1739
38 5 246
38 6 1631
38 7 1702
38 8 1993
38 9 891
38 10 2087
38 11 2962
38 12 558
38 13 565
38 14 602
38 15 722
38 16 518
38 17 2332
38 18 2391
38 19 2440
38 20 1818
38 21 822
38 22 2114
38 23 2578
38 24 879
38 25 813
38 26 2273
38 27 1522
38 28 2181
38 29 144
38 30 1375
38 31 2606
38 32 96
38 33 1327
38 34 2558
38 35 48
38 36 1279
38 37 2510
38 38 0
38 39 1231
38 40 2462
38 41 48
38 42 1279
38 43 2510
38 44 96
38 45 1327
38 46 2558
38 47 144
38 48 1375
38 49 2606
38 50 192
38 51 1423
38 52 2654
38 53 240
38 54 1471
38 55 2702
38 56 288
38 57 1519
38 58 2750
38 59 336
38 60 1567
38 61 2798
38 62 384
38 63 1615
38 64 2846
38 65 432
38 66 1663
38 67 2894
38 68 480
38 69 1711
38 70 2942
38 71 528
38 72 1759
38 73 2990
38 74 576
38 75 1807
38 76 3038
38 77 624
38 78 1855
38 79 3086
38 80 672
38 81 1903
38 82 3134
38 83 264
39 0 1495
39 1 306
39 2 831
39 3 893
39 4 508
39 5 1273
39 6 656
39 7 471
39 8 762
39 9 436
39 10 856
39 11 1731
39 12 961
39 13 1722
39 14 1109
39 15 1853
39 16 713
39 17 1101
39 18 1160
39 19 1209
39 20 661
39 21 601
39 22 883
39 23 1347
39 24 736
39 25 514
39 26 1042
39 27 573
39 28 950
39 29 1375
39 30 144
39 31 1375
39 32 1327
39 33 96
39 34 1327
39 35 1279
39 36 48
39 37 1279
39 38 1231
39 39 0
39 40 1231
39 41 1279
39 42 48
39 43 1279
39 44 1327
39 45 96
39 46 1327
39 47 1375
39 48 144
39 49 1375
39 50 1423
39 51 192
39 52 1423
39 53 1471
39 54 240
39 55 1471
39 56 1519
39 57 288
39 58 1519
39 59 1567
39 60 336
39 61 1567
39 62 1615
39 63 384
39 64 1615
39 65 1663
39 66 432
39 67 1663
39 68 1711
39 69 480
39 70 1711
39 71 1759
39 72 528
39 73 1759
39 74 1807
39 75 576
39 76 1807
39 77 1855
39 78 624
39 79 1855
39 80 1903
39 81 672
39 82 1903
39 83 1495
40 0 2726
40 1 1021
40 2 688
40 3 1010
40 4 1587
40 5 2504
40 6 1887
40 7 952
40 8 853
40 9 1667
40 10 375
40 11 652
40 12 2192
40 13 2953
40 14 2340
40 15 3084
40 16 1944
40 17 802
40 18 263
40 19 598
40 20 1892
40 21 1832
40 22 636
40 23 268
40 24 1967
40 25 1745
40 26 1341
40 27 1804
40 28 1145
40 29 2606
40 30 1375
40 31 144
40 32 2558
40 33 1327
40 34 96
40 35 2510
40 36 1279
40 37 48
40 38 2462
40 39 1231
40 40 0
40 41 2510
40 42 1279
40 43 48
40 44 2558
40 45 1327
40 46 96
40 47 2606
40 48 1375
40 49 144
40 50 2654
40 51 1423
40 52 192
40 53 2702
40 54 1471
40 55 240
40 56 2750
40 57 1519
40 58 288
40 59 2798
40 60 1567
40 61 336
40 62 2846
40 63 1615
40 64 384
40 65 2894
40 66 1663
40 67 432
40 68 2942
40 69 1711
40 70 480
40 71 2990
40 72 1759
40 73 528
40 74 3038
40 75 1807
40 76 576
40 77 3086
40 78 1855
40 79 624
40 80 3134
40 81 1903
40 82 672
40 83 2726
41 0 312
41 1 1585
41 2 2110
41 3 2076
41 4 1691
41 5 294
41 6 1583
41 7 1654
41 8 1945
41 9 939
41 10 2135
41 11 2914
41 12 510
41 13 517
41 14 554
41 15 674
41 16 566
41 17 2284
41 18 2439
41 19 2392
41 20 1770
41 21 870
41 22 2162
41 23 2530
41 24 831
41 25 765
41 26 2225
41 27 1474
41 28 2133
41 29 192
41 30 1423
41 31 2654
41 32 144
41 33 1375
41 34 2606
41 35 96
41 36 1327
41 37 2558
41 38 48
41 39 1279
41 40 2510
41 41 0
41 42 1231
41 43 2462
41 44 48
41 45 1279
41 46 2510
41 47 96
41 48 1327
41 49 2558
41 50 144
41 51 1375
41 52 2606
41 53 192
41 54 1423
41 55 2654
41 56 240
41 57 1471
41 58 2702
41 59 288
41 60 1519
41 61 2750
41 62 336
41 63 1567
41 64 2798
41 65 384
41 66 1615
41 67 2846
41 68 432
41 69 1663
41 70 2894
41 71 480
41 72 1711
41 73 2942
41 74 528
41 75 1759
41 76 2990
41 77 576
41 78 1807
41 79 3038
41 80 624
41 81 1855
41 82 3086
41 83 312
42 0 1543
42 1 354
42 2 879
42 3 845
42 4 460
42 5 1321
42 6 608
42 7 423
42 8 714
42 9 484
42 10 904
42 11 1683
42 12 913
42 13 1674
42 14 1061
42 15 1805
42 16 761
42 17 1053
42 18 1208
42 19 1161
42 20 613
42 21 649
42 22 931
42 23 1299
42 24 688
42 25 466
42 26 994
42 27 525
42 28 902
42 29 1423
42 30 192
42 31 1423
42 32 1375
42 33 144
42 34 1375
42 35 1327
42 36 96
42 37 1327
42 38 1279
42 39 48
42 40 1279
42 41 1231
42 42 0
42 43 1231
42 44 1279
42 45 48
42 46 1279
42 47 1327
42 48 96
42 49 1327
42 50 1375
42 51 144
42 52 1375
42 53 1423
42 54 192
42 55 1423
42 56 1471
42 57 240
42 58 1471
42 59 1519
42 60 288
42 61 1519
42 62 1567
42 63 336
