//alpha
1
//NbLocations
47
//NbProducts
29
//NbPickers
2
//CapaPicker
4
//TimeToTravelOneDistanceUnit
3
//SetupTime
5400
//PickTime
300
//Products
//Idx Location Size
1 1 1
2 2 1
3 3 1
4 4 1
5 5 1
6 6 1
7 7 1
8 8 1
9 9 1
10 10 1
11 11 1
12 12 1
13 13 1
14 14 1
15 15 1
16 6 1
17 16 1
18 17 1
19 18 1
20 19 1
21 20 1
22 21 1
23 22 1
24 23 1
25 24 1
26 25 1
27 26 1
28 27 1
29 28 1
//Orders
//NbOrders
12
//Idx DueDate TardinessPenalty NbProdInOrder ProdIdx1 Qty1 ProdIdx2 Qty2 ...
1 90000 0 1 1 1
2 72000 0 2 2 1 3 1
3 108000 0 2 4 1 5 1
4 54000 0 1 6 1
5 90000 0 1 7 1
6 36000 0 4 8 1 9 1 10 1 11 1
7 126000 0 3 12 1 13 1 14 1
8 108000 0 3 15 1 16 1 17 1
9 108000 0 4 18 1 19 1 20 1 21 1
10 90000 0 4 22 1 23 1 24 1 25 1
11 144000 0 3 26 1 27 1 28 1
12 54000 0 1 29 1
//Graph (Products are vertices indexed from 1 to NbProducts)
//NbVerticesIntersections
18
//DepartingDepot
0
//ArrivalDepot
47
//Arcs
//Start End Distance
0 29 120
1 7 39
1 12 260
2 25 78
2 34 310
3 6 156
3 37 167
4 5 0
4 28 39
5 4 0
5 40 323
6 3 156
6 10 52
7 1 39
7 45 37
8 27 52
8 42 141
9 25 13
9 33 50
10 6 52
10 36 76
11 18 91
11 30 167
12 1 260
12 20 78
13 16 130
13 31 154
14 16 91
14 30 76
15 19 299
15 33 115
16 13 130
16 14 91
17 28 52
17 39 37
18 11 91
18 29 193
19 15 299
19 32 37
20 12 78
20 44 37
21 26 26
21 39 362
22 45 37
22 46 414
23 35 50
23 36 401
24 41 37
24 42 414
25 2 78
25 9 13
26 21 26
26 38 63
27 8 52
27 43 258
28 4 39
28 17 52
29 18 193
29 32 48
29 47 120
30 11 167
30 14 76
30 33 48
31 13 154
31 34 48
32 19 37
32 29 48
32 35 48
33 9 50
33 15 115
33 30 48
33 36 48
34 2 310
34 31 48
34 37 48
35 23 50
35 32 48
35 38 48
36 10 76
36 23 401
36 33 48
36 39 48
37 3 167
37 34 48
37 40 48
38 26 63
38 35 48
38 41 48
39 17 37
39 21 362
39 36 48
39 42 48
40 5 323
40 37 48
40 43 48
41 24 37
41 38 48
41 44 48
42 8 141
42 24 414
42 39 48
42 45 48
43 27 258
43 40 48
43 46 48
44 20 37
44 41 48
45 7 37
45 22 37
45 42 48
46 22 414
46 43 48
//LocStart LocEnd ShortestPath
0 0 0
0 1 735
0 2 760
0 3 951
0 4 843
0 5 843
0 6 795
0 7 774
0 8 904
0 9 669
0 10 743
0 11 404
0 12 475
0 13 868
0 14 647
0 15 504
0 16 738
0 17 752
0 18 313
0 19 205
0 20 397
0 21 353
0 22 848
0 23 266
0 24 349
0 25 682
0 26 327
0 27 956
0 28 804
0 29 120
0 30 571
0 31 1022
0 32 168
0 33 619
0 34 1070
0 35 216
0 36 667
0 37 1118
0 38 264
0 39 715
0 40 1166
0 41 312
0 42 763
0 43 1214
0 44 360
0 45 811
0 46 1262
0 47 0
1 0 735
1 1 0
1 2 409
1 3 504
1 4 300
1 5 300
1 6 348
1 7 39
1 8 265
1 9 318
1 10 296
1 11 483
1 12 260
1 13 613
1 14 392
1 15 383
1 16 483
1 17 209
1 18 574
1 19 604
1 20 338
1 21 534
1 22 113
1 23 569
1 24 460
1 25 331
1 26 534
1 27 317
1 28 261
1 29 615
1 30 316
1 31 767
1 32 567
1 33 268
1 34 719
1 35 519
1 36 220
1 37 671
1 38 471
1 39 172
1 40 623
1 41 423
1 42 124
1 43 575
1 44 375
1 45 76
1 46 527
1 47 735
2 0 760
2 1 409
2 2 0
2 3 473
2 4 365
2 5 365
2 6 317
2 7 370
2 8 426
2 9 91
2 10 265
2 11 356
2 12 669
2 13 486
2 14 265
2 15 256
2 16 356
2 17 274
2 18 447
2 19 555
2 20 747
2 21 599
2 22 370
2 23 590
2 24 699
2 25 78
2 26 625
2 27 478
2 28 326
2 29 640
2 30 189
2 31 358
2 32 592
2 33 141
2 34 310
2 35 640
2 36 189
2 37 358
2 38 688
2 39 237
2 40 406
2 41 736
2 42 285
2 43 454
2 44 784
2 45 333
2 46 502
2 47 760
3 0 951
3 1 504
3 2 473
3 3 0
3 4 460
3 5 460
3 6 156
3 7 465
3 8 521
3 9 382
3 10 208
3 11 547
3 12 764
3 13 417
3 14 456
3 15 447
3 16 547
3 17 369
3 18 638
3 19 746
3 20 842
3 21 694
3 22 465
3 23 685
3 24 794
3 25 395
3 26 720
3 27 521
3 28 421
3 29 831
3 30 380
3 31 263
3 32 783
3 33 332
3 34 215
3 35 735
3 36 284
3 37 167
3 38 783
3 39 332
3 40 215
3 41 831
3 42 380
3 43 263
3 44 879
3 45 428
3 46 311
3 47 951
4 0 843
4 1 300
4 2 365
4 3 460
4 4 0
4 5 0
4 6 304
4 7 261
4 8 317
4 9 274
4 10 252
4 11 439
4 12 560
4 13 569
4 14 348
4 15 339
4 16 439
4 17 91
4 18 530
4 19 638
4 20 638
4 21 490
4 22 261
4 23 577
4 24 590
4 25 287
4 26 516
4 27 369
4 28 39
4 29 723
4 30 272
4 31 467
4 32 675
4 33 224
4 34 419
4 35 627
4 36 176
4 37 371
4 38 579
4 39 128
4 40 323
4 41 627
4 42 176
4 43 371
4 44 675
4 45 224
4 46 419
4 47 843
5 0 843
5 1 300
5 2 365
5 3 460
5 4 0
5 5 0
5 6 304
5 7 261
5 8 317
5 9 274
5 10 252
5 11 439
5 12 560
5 13 569
5 14 348
5 15 339
5 16 439
5 17 91
5 18 530
5 19 638
5 20 638
5 21 490
5 22 261
5 23 577
5 24 590
5 25 287
5 26 516
5 27 369
5 28 39
5 29 723
5 30 272
5 31 467
5 32 675
5 33 224
5 34 419
5 35 627
5 36 176
5 37 371
5 38 579
5 39 128
5 40 323
5 41 627
5 42 176
5 43 371
5 44 675
5 45 224
5 46 419
5 47 843
6 0 795
6 1 348
6 2 317
6 3 156
6 4 304
6 5 304
6 6 0
6 7 309
6 8 365
6 9 226
6 10 52
6 11 391
6 12 608
6 13 521
6 14 300
6 15 291
6 16 391
6 17 213
6 18 482
6 19 590
6 20 686
6 21 538
6 22 309
6 23 529
6 24 638
6 25 239
6 26 564
6 27 417
6 28 265
6 29 675
6 30 224
6 31 419
6 32 627
6 33 176
6 34 371
6 35 579
6 36 128
6 37 323
6 38 627
6 39 176
6 40 371
6 41 675
6 42 224
6 43 419
6 44 723
6 45 272
6 46 467
6 47 795
7 0 774
7 1 39
7 2 370
7 3 465
7 4 261
7 5 261
7 6 309
7 7 0
7 8 226
7 9 279
7 10 257
7 11 444
7 12 299
7 13 574
7 14 353
7 15 344
7 16 444
7 17 170
7 18 535
7 19 643
7 20 377
7 21 495
7 22 74
7 23 582
7 24 499
7 25 292
7 26 521
7 27 278
7 28 222
7 29 654
7 30 277
7 31 728
7 32 606
7 33 229
7 34 680
7 35 558
7 36 181
7 37 632
7 38 510
7 39 133
7 40 584
7 41 462
7 42 85
7 43 536
7 44 414
7 45 37
7 46 488
7 47 774
8 0 904
8 1 265
8 2 426
8 3 521
8 4 317
8 5 317
8 6 365
8 7 226
8 8 0
8 9 335
8 10 313
8 11 500
8 12 525
8 13 630
8 14 409
8 15 400
8 16 500
8 17 226
8 18 591
8 19 699
8 20 603
8 21 551
8 22 226
8 23 638
8 24 555
8 25 348
8 26 577
8 27 52
8 28 278
8 29 784
8 30 333
8 31 502
8 32 736
8 33 285
8 34 454
8 35 688
8 36 237
8 37 406
8 38 640
8 39 189
8 40 358
8 41 592
8 42 141
8 43 310
8 44 640
8 45 189
8 46 358
8 47 904
9 0 669
9 1 318
9 2 91
9 3 382
9 4 274
9 5 274
9 6 226
9 7 279
9 8 335
9 9 0
9 10 174
9 11 265
9 12 578
9 13 395
9 14 174
9 15 165
9 16 265
9 17 183
9 18 356
9 19 464
9 20 656
9 21 508
9 22 279
9 23 499
9 24 608
9 25 13
9 26 534
9 27 387
9 28 235
9 29 549
9 30 98
9 31 449
9 32 501
9 33 50
9 34 401
9 35 549
9 36 98
9 37 449
9 38 597
9 39 146
9 40 497
9 41 645
9 42 194
9 43 545
9 44 693
9 45 242
9 46 593
9 47 669
10 0 743
10 1 296
10 2 265
10 3 208
10 4 252
10 5 252
10 6 52
10 7 257
10 8 313
10 9 174
10 10 0
10 11 339
10 12 556
10 13 469
10 14 248
10 15 239
10 16 339
10 17 161
10 18 430
10 19 538
10 20 634
10 21 486
10 22 257
10 23 477
10 24 586
10 25 187
10 26 512
10 27 365
10 28 213
10 29 623
10 30 172
10 31 471
10 32 575
10 33 124
10 34 423
10 35 527
10 36 76
10 37 375
10 38 575
10 39 124
10 40 423
10 41 623
10 42 172
10 43 471
10 44 671
10 45 220
10 46 519
10 47 743
11 0 404
11 1 483
11 2 356
11 3 547
11 4 439
11 5 439
11 6 391
11 7 444
11 8 500
11 9 265
11 10 339
11 11 0
11 12 639
11 13 464
11 14 243
11 15 330
11 16 334
11 17 348
11 18 91
11 19 369
11 20 561
11 21 517
11 22 444
11 23 430
11 24 513
11 25 278
11 26 491
11 27 552
11 28 400
11 29 284
11 30 167
11 31 618
11 32 332
11 33 215
11 34 666
11 35 380
11 36 263
11 37 714
11 38 428
11 39 311
11 40 762
11 41 476
11 42 359
11 43 810
11 44 524
11 45 407
11 46 858
11 47 404
12 0 475
12 1 260
12 2 669
12 3 764
12 4 560
12 5 560
12 6 608
12 7 299
12 8 525
12 9 578
12 10 556
12 11 639
12 12 0
12 13 873
12 14 652
12 15 643
12 16 743
12 17 469
12 18 548
12 19 344
12 20 78
12 21 300
12 22 373
12 23 309
12 24 200
12 25 591
12 26 274
12 27 577
12 28 521
12 29 355
12 30 576
12 31 1027
12 32 307
12 33 528
12 34 979
12 35 259
12 36 480
12 37 931
12 38 211
12 39 432
12 40 883
12 41 163
12 42 384
12 43 835
12 44 115
12 45 336
12 46 787
12 47 475
13 0 868
13 1 613
13 2 486
13 3 417
13 4 569
13 5 569
13 6 521
13 7 574
13 8 630
13 9 395
13 10 469
13 11 464
13 12 873
13 13 0
13 14 221
13 15 460
13 16 130
13 17 478
13 18 555
13 19 759
13 20 951
13 21 803
13 22 574
13 23 794
13 24 903
13 25 408
13 26 829
13 27 604
13 28 530
13 29 748
13 30 297
13 31 154
13 32 796
13 33 345
13 34 202
13 35 844
13 36 393
13 37 250
13 38 892
13 39 441
13 40 298
13 41 940
13 42 489
13 43 346
13 44 988
13 45 537
13 46 394
13 47 868
14 0 647
14 1 392
14 2 265
14 3 456
14 4 348
14 5 348
14 6 300
14 7 353
14 8 409
14 9 174
14 10 248
14 11 243
14 12 652
14 13 221
14 14 0
14 15 239
14 16 91
14 17 257
14 18 334
14 19 538
14 20 730
14 21 582
14 22 353
14 23 573
14 24 682
14 25 187
14 26 608
14 27 461
14 28 309
14 29 527
14 30 76
14 31 375
14 32 575
14 33 124
14 34 423
14 35 623
14 36 172
14 37 471
14 38 671
14 39 220
14 40 519
14 41 719
14 42 268
14 43 567
14 44 767
14 45 316
14 46 615
14 47 647
15 0 504
15 1 383
15 2 256
15 3 447
15 4 339
15 5 339
15 6 291
15 7 344
15 8 400
15 9 165
15 10 239
15 11 330
15 12 643
15 13 460
15 14 239
15 15 0
15 16 330
15 17 248
15 18 421
15 19 299
15 20 565
15 21 521
15 22 344
15 23 434
15 24 517
15 25 178
15 26 495
15 27 452
15 28 300
15 29 384
15 30 163
15 31 614
15 32 336
15 33 115
15 34 566
15 35 384
15 36 163
15 37 614
15 38 432
15 39 211
15 40 662
15 41 480
15 42 259
15 43 710
15 44 528
15 45 307
15 46 758
15 47 504
16 0 738
16 1 483
16 2 356
16 3 547
16 4 439
16 5 439
16 6 391
16 7 444
16 8 500
16 9 265
16 10 339
16 11 334
16 12 743
16 13 130
16 14 91
16 15 330
16 16 0
16 17 348
16 18 425
16 19 629
16 20 821
16 21 673
16 22 444
16 23 664
16 24 773
16 25 278
16 26 699
16 27 552
16 28 400
16 29 618
16 30 167
16 31 284
16 32 666
16 33 215
16 34 332
16 35 714
16 36 263
16 37 380
16 38 762
16 39 311
16 40 428
16 41 810
16 42 359
16 43 476
16 44 858
16 45 407
16 46 524
16 47 738
17 0 752
17 1 209
17 2 274
17 3 369
17 4 91
17 5 91
17 6 213
17 7 170
17 8 226
17 9 183
17 10 161
17 11 348
17 12 469
17 13 478
17 14 257
17 15 248
17 16 348
17 17 0
17 18 439
17 19 547
17 20 547
17 21 399
17 22 170
17 23 486
17 24 499
17 25 196
17 26 425
17 27 278
17 28 52
17 29 632
17 30 181
17 31 558
17 32 584
17 33 133
17 34 510
17 35 536
17 36 85
17 37 462
17 38 488
17 39 37
17 40 414
17 41 536
17 42 85
17 43 462
17 44 584
17 45 133
17 46 510
17 47 752
18 0 313
18 1 574
18 2 447
18 3 638
18 4 530
18 5 530
18 6 482
18 7 535
18 8 591
18 9 356
18 10 430
18 11 91
18 12 548
18 13 555
18 14 334
18 15 421
18 16 425
18 17 439
18 18 0
18 19 278
18 20 470
18 21 426
18 22 535
18 23 339
18 24 422
18 25 369
18 26 400
18 27 643
18 28 491
18 29 193
18 30 258
18 31 709
18 32 241
18 33 306
18 34 757
18 35 289
18 36 354
18 37 805
18 38 337
18 39 402
18 40 853
18 41 385
18 42 450
18 43 901
18 44 433
18 45 498
18 46 949
18 47 313
19 0 205
19 1 604
19 2 555
19 3 746
19 4 638
19 5 638
19 6 590
19 7 643
19 8 699
19 9 464
19 10 538
19 11 369
19 12 344
19 13 759
19 14 538
19 15 299
19 16 629
19 17 547
19 18 278
19 19 0
19 20 266
19 21 222
19 22 643
19 23 135
19 24 218
19 25 477
19 26 196
19 27 751
19 28 599
19 29 85
19 30 462
19 31 913
19 32 37
19 33 414
19 34 865
19 35 85
19 36 462
19 37 913
19 38 133
19 39 510
19 40 961
19 41 181
19 42 558
19 43 1009
19 44 229
19 45 606
19 46 1057
19 47 205
20 0 397
20 1 338
20 2 747
20 3 842
20 4 638
20 5 638
20 6 686
20 7 377
20 8 603
20 9 656
20 10 634
20 11 561
20 12 78
20 13 951
20 14 730
20 15 565
20 16 821
20 17 547
20 18 470
20 19 266
20 20 0
20 21 222
20 22 451
20 23 231
20 24 122
20 25 669
20 26 196
20 27 655
20 28 599
20 29 277
20 30 654
20 31 1105
20 32 229
20 33 606
20 34 1057
20 35 181
20 36 558
20 37 1009
20 38 133
20 39 510
20 40 961
20 41 85
20 42 462
20 43 913
20 44 37
20 45 414
20 46 865
20 47 397
21 0 353
21 1 534
21 2 599
21 3 694
21 4 490
21 5 490
21 6 538
21 7 495
21 8 551
21 9 508
21 10 486
21 11 517
21 12 300
21 13 803
21 14 582
21 15 521
21 16 673
21 17 399
21 18 426
21 19 222
21 20 222
21 21 0
21 22 495
21 23 187
21 24 174
21 25 521
21 26 26
21 27 603
21 28 451
21 29 233
21 30 506
21 31 957
21 32 185
21 33 458
21 34 909
21 35 137
21 36 410
21 37 861
21 38 89
21 39 362
21 40 813
21 41 137
21 42 410
21 43 861
21 44 185
21 45 458
21 46 909
21 47 353
22 0 848
22 1 113
22 2 370
22 3 465
22 4 261
22 5 261
22 6 309
22 7 74
22 8 226
22 9 279
22 10 257
22 11 444
22 12 373
22 13 574
22 14 353
22 15 344
22 16 444
22 17 170
22 18 535
22 19 643
22 20 451
22 21 495
22 22 0
22 23 582
22 24 499
22 25 292
22 26 521
22 27 278
22 28 222
22 29 728
22 30 277
22 31 654
22 32 680
22 33 229
22 34 606
22 35 632
22 36 181
22 37 558
22 38 584
22 39 133
22 40 510
22 41 536
22 42 85
22 43 462
22 44 488
22 45 37
22 46 414
22 47 848
23 0 266
23 1 569
23 2 590
23 3 685
23 4 577
23 5 577
23 6 529
23 7 582
23 8 638
23 9 499
23 10 477
23 11 430
23 12 309
23 13 794
23 14 573
23 15 434
23 16 664
23 17 486
23 18 339
23 19 135
23 20 231
23 21 187
23 22 582
23 23 0
23 24 183
23 25 512
23 26 161
23 27 690
23 28 538
23 29 146
23 30 497
23 31 948
23 32 98
23 33 449
23 34 900
23 35 50
23 36 401
23 37 852
23 38 98
23 39 449
23 40 900
23 41 146
23 42 497
23 43 948
23 44 194
23 45 545
23 46 996
23 47 266
24 0 349
24 1 460
24 2 699
24 3 794
24 4 590
24 5 590
24 6 638
24 7 499
24 8 555
24 9 608
24 10 586
24 11 513
24 12 200
24 13 903
24 14 682
24 15 517
24 16 773
24 17 499
24 18 422
24 19 218
24 20 122
24 21 174
24 22 499
24 23 183
24 24 0
24 25 621
24 26 148
24 27 607
24 28 551
24 29 229
24 30 606
24 31 1057
24 32 181
24 33 558
24 34 1009
24 35 133
24 36 510
24 37 961
24 38 85
24 39 462
24 40 913
24 41 37
24 42 414
24 43 865
24 44 85
24 45 462
24 46 913
24 47 349
25 0 682
25 1 331
25 2 78
25 3 395
25 4 287
25 5 287
25 6 239
25 7 292
25 8 348
25 9 13
25 10 187
25 11 278
25 12 591
25 13 408
25 14 187
25 15 178
25 16 278
25 17 196
25 18 369
25 19 477
25 20 669
25 21 521
25 22 292
25 23 512
25 24 621
25 25 0
25 26 547
25 27 400
25 28 248
25 29 562
25 30 111
25 31 436
25 32 514
25 33 63
25 34 388
25 35 562
25 36 111
25 37 436
25 38 610
25 39 159
25 40 484
25 41 658
25 42 207
25 43 532
25 44 706
25 45 255
25 46 580
25 47 682
26 0 327
26 1 534
26 2 625
26 3 720
26 4 516
26 5 516
26 6 564
26 7 521
26 8 577
26 9 534
26 10 512
26 11 491
26 12 274
26 13 829
26 14 608
26 15 495
26 16 699
26 17 425
26 18 400
26 19 196
26 20 196
26 21 26
26 22 521
26 23 161
26 24 148
26 25 547
26 26 0
26 27 629
26 28 477
26 29 207
26 30 532
26 31 983
26 32 159
26 33 484
26 34 935
26 35 111
26 36 436
26 37 887
26 38 63
26 39 388
26 40 839
26 41 111
26 42 436
26 43 887
26 44 159
26 45 484
26 46 935
26 47 327
27 0 956
27 1 317
27 2 478
27 3 521
27 4 369
27 5 369
27 6 417
27 7 278
27 8 52
27 9 387
27 10 365
27 11 552
27 12 577
27 13 604
27 14 461
27 15 452
27 16 552
27 17 278
27 18 643
27 19 751
27 20 655
27 21 603
27 22 278
27 23 690
27 24 607
27 25 400
27 26 629
27 27 0
27 28 330
27 29 836
27 30 385
27 31 450
27 32 788
27 33 337
27 34 402
27 35 740
27 36 289
27 37 354
27 38 692
27 39 241
27 40 306
27 41 644
27 42 193
27 43 258
27 44 692
27 45 241
27 46 306
27 47 956
28 0 804
28 1 261
28 2 326
28 3 421
28 4 39
28 5 39
28 6 265
28 7 222
28 8 278
28 9 235
28 10 213
28 11 400
28 12 521
28 13 530
28 14 309
28 15 300
28 16 400
28 17 52
28 18 491
28 19 599
28 20 599
28 21 451
28 22 222
28 23 538
28 24 551
28 25 248
28 26 477
28 27 330
28 28 0
28 29 684
28 30 233
28 31 506
28 32 636
28 33 185
28 34 458
28 35 588
28 36 137
28 37 410
28 38 540
28 39 89
28 40 362
28 41 588
28 42 137
28 43 410
28 44 636
28 45 185
28 46 458
28 47 804
29 0 120
29 1 615
29 2 640
29 3 831
29 4 723
29 5 723
29 6 675
29 7 654
29 8 784
29 9 549
29 10 623
29 11 284
29 12 355
29 13 748
29 14 527
29 15 384
29 16 618
29 17 632
29 18 193
29 19 85
29 20 277
29 21 233
29 22 728
29 23 146
29 24 229
29 25 562
29 26 207
29 27 836
29 28 684
29 29 0
29 30 451
29 31 902
29 32 48
29 33 499
29 34 950
29 35 96
29 36 547
29 37 998
29 38 144
29 39 595
29 40 1046
29 41 192
29 42 643
29 43 1094
29 44 240
29 45 691
29 46 1142
29 47 120
30 0 571
30 1 316
30 2 189
30 3 380
30 4 272
30 5 272
30 6 224
30 7 277
30 8 333
30 9 98
30 10 172
30 11 167
30 12 576
30 13 297
30 14 76
30 15 163
30 16 167
30 17 181
30 18 258
30 19 462
30 20 654
30 21 506
30 22 277
30 23 497
30 24 606
30 25 111
30 26 532
30 27 385
30 28 233
30 29 451
30 30 0
30 31 451
30 32 499
30 33 48
30 34 499
30 35 547
30 36 96
30 37 547
30 38 595
30 39 144
30 40 595
30 41 643
30 42 192
30 43 643
30 44 691
30 45 240
30 46 691
30 47 571
31 0 1022
31 1 767
31 2 358
31 3 263
31 4 467
31 5 467
31 6 419
31 7 728
31 8 502
31 9 449
31 10 471
31 11 618
31 12 1027
31 13 154
31 14 375
31 15 614
31 16 284
31 17 558
31 18 709
31 19 913
31 20 1105
31 21 957
31 22 654
31 23 948
31 24 1057
31 25 436
31 26 983
31 27 450
31 28 506
31 29 902
31 30 451
31 31 0
31 32 950
31 33 499
31 34 48
31 35 998
31 36 547
31 37 96
31 38 1046
31 39 595
31 40 144
31 41 1094
31 42 643
31 43 192
31 44 1142
31 45 691
31 46 240
31 47 1022
32 0 168
32 1 567
32 2 592
32 3 783
32 4 675
32 5 675
32 6 627
32 7 606
32 8 736
32 9 501
32 10 575
32 11 332
32 12 307
32 13 796
32 14 575
32 15 336
32 16 666
32 17 584
32 18 241
32 19 37
32 20 229
32 21 185
32 22 680
32 23 98
32 24 181
32 25 514
32 26 159
32 27 788
32 28 636
32 29 48
32 30 499
32 31 950
32 32 0
32 33 451
32 34 902
32 35 48
32 36 499
32 37 950
32 38 96
32 39 547
32 40 998
32 41 144
32 42 595
32 43 1046
32 44 192
32 45 643
32 46 1094
32 47 168
33 0 619
33 1 268
33 2 141
33 3 332
33 4 224
33 5 224
33 6 176
33 7 229
33 8 285
33 9 50
33 10 124
33 11 215
33 12 528
33 13 345
33 14 124
33 15 115
33 16 215
33 17 133
33 18 306
33 19 414
33 20 606
33 21 458
33 22 229
33 23 449
33 24 558
33 25 63
33 26 484
33 27 337
33 28 185
33 29 499
33 30 48
33 31 499
33 32 451
33 33 0
33 34 451
33 35 499
33 36 48
33 37 499
33 38 547
33 39 96
33 40 547
33 41 595
33 42 144
33 43 595
33 44 643
33 45 192
33 46 643
33 47 619
34 0 1070
34 1 719
34 2 310
34 3 215
34 4 419
34 5 419
34 6 371
34 7 680
34 8 454
34 9 401
34 10 423
34 11 666
34 12 979
34 13 202
34 14 423
34 15 566
34 16 332
34 17 510
34 18 757
34 19 865
34 20 1057
34 21 909
34 22 606
34 23 900
34 24 1009
34 25 388
34 26 935
34 27 402
34 28 458
34 29 950
34 30 499
34 31 48
34 32 902
34 33 451
34 34 0
34 35 950
34 36 499
34 37 48
34 38 998
34 39 547
34 40 96
34 41 1046
34 42 595
34 43 144
34 44 1094
34 45 643
34 46 192
34 47 1070
35 0 216
35 1 519
35 2 640
35 3 735
35 4 627
35 5 627
35 6 579
35 7 558
35 8 688
35 9 549
35 10 527
35 11 380
35 12 259
35 13 844
35 14 623
35 15 384
35 16 714
35 17 536
35 18 289
35 19 85
35 20 181
35 21 137
35 22 632
35 23 50
35 24 133
35 25 562
35 26 111
35 27 740
35 28 588
35 29 96
35 30 547
35 31 998
35 32 48
35 33 499
35 34 950
35 35 0
35 36 451
35 37 902
35 38 48
35 39 499
35 40 950
35 41 96
35 42 547
35 43 998
35 44 144
35 45 595
35 46 1046
35 47 216
36 0 667
36 1 220
36 2 189
36 3 284
36 4 176
36 5 176
36 6 128
36 7 181
36 8 237
36 9 98
36 10 76
36 11 263
36 12 480
36 13 393
36 14 172
36 15 163
36 16 263
36 17 85
36 18 354
36 19 462
36 20 558
36 21 410
36 22 181
36 23 401
36 24 510
36 25 111
36 26 436
36 27 289
36 28 137
36 29 547
36 30 96
36 31 547
36 32 499
36 33 48
36 34 499
36 35 451
36 36 0
36 37 451
36 38 499
36 39 48
36 40 499
36 41 547
36 42 96
36 43 547
36 44 595
36 45 144
36 46 595
36 47 667
37 0 1118
37 1 671
37 2 358
37 3 167
37 4 371
37 5 371
37 6 323
37 7 632
37 8 406
37 9 449
37 10 375
37 11 714
37 12 931
37 13 250
37 14 471
37 15 614
37 16 380
37 17 462
37 18 805
37 19 913
37 20 1009
37 21 861
37 22 558
37 23 852
37 24 961
37 25 436
37 26 887
37 27 354
37 28 410
37 29 998
37 30 547
37 31 96
37 32 950
37 33 499
37 34 48
37 35 902
37 36 451
37 37 0
37 38 950
37 39 499
37 40 48
37 41 998
37 42 547
37 43 96
37 44 1046
37 45 595
37 46 144
37 47 1118
38 0 264
38 1 471
38 2 688
38 3 783
38 4 579
38 5 579
38 6 627
38 7 510
38 8 640
38 9 597
38 10 575
38 11 428
38 12 211
38 13 892
38 14 671
38 15 432
38 16 762
38 17 488
38 18 337
38 19 133
38 20 133
38 21 89
38 22 584
38 23 98
38 24 85
38 25 610
38 26 63
38 27 692
38 28 540
38 29 144
38 30 595
38 31 1046
38 32 96
38 33 547
38 34 998
38 35 48
38 36 499
38 37 950
38 38 0
38 39 451
38 40 902
38 41 48
38 42 499
38 43 950
38 44 96
38 45 547
38 46 998
38 47 264
39 0 715
39 1 172
39 2 237
39 3 332
39 4 128
39 5 128
39 6 176
39 7 133
39 8 189
39 9 146
39 10 124
39 11 311
39 12 432
39 13 441
39 14 220
39 15 211
39 16 311
39 17 37
39 18 402
39 19 510
39 20 510
39 21 362
39 22 133
39 23 449
39 24 462
39 25 159
39 26 388
39 27 241
39 28 89
39 29 595
39 30 144
39 31 595
39 32 547
39 33 96
39 34 547
39 35 499
39 36 48
39 37 499
39 38 451
39 39 0
39 40 451
39 41 499
39 42 48
39 43 499
39 44 547
39 45 96
39 46 547
39 47 715
40 0 1166
40 1 623
40 2 406
40 3 215
40 4 323
40 5 323
40 6 371
40 7 584
40 8 358
40 9 497
40 10 423
40 11 762
40 12 883
40 13 298
40 14 519
40 15 662
40 16 428
40 17 414
40 18 853
40 19 961
40 20 961
40 21 813
40 22 510
40 23 900
40 24 913
40 25 484
40 26 839
40 27 306
40 28 362
40 29 1046
40 30 595
40 31 144
40 32 998
40 33 547
40 34 96
40 35 950
40 36 499
40 37 48
40 38 902
40 39 451
40 40 0
40 41 950
40 42 499
40 43 48
40 44 998
40 45 547
40 46 96
40 47 1166
41 0 312
41 1 423
41 2 736
41 3 831
41 4 627
41 5 627
41 6 675
41 7 462
41 8 592
41 9 645
41 10 623
41 11 476
41 12 163
41 13 940
41 14 719
41 15 480
41 16 810
41 17 536
41 18 385
41 19 181
41 20 85
41 21 137
41 22 536
41 23 146
41 24 37
41 25 658
41 26 111
41 27 644
41 28 588
41 29 192
41 30 643
41 31 1094
41 32 144
41 33 595
41 34 1046
41 35 96
41 36 547
41 37 998
41 38 48
41 39 499
41 40 950
41 41 0
41 42 451
41 43 902
41 44 48
41 45 499
41 46 950
41 47 312
42 0 763
42 1 124
42 2 285
42 3 380
42 4 176
42 5 176
42 6 224
42 7 85
42 8 141
42 9 194
42 10 172
42 11 359
42 12 384
42 13 489
42 14 268
42 15 259
42 16 359
42 17 85
42 18 450
42 19 558
42 20 462
42 21 410
42 22 85
42 23 497
42 24 414
42 25 207
42 26 436
42 27 193
42 28 137
42 29 643
42 30 192
42 31 643
42 32 595
42 33 144
42 34 595
42 35 547
42 36 96
42 37 547
42 38 499
42 39 48
42 40 499
42 41 451
42 42 0
42 43 451
42 44 499
42 45 48
42 46 499
42 47 763
43 0 1214
43 1 575
43 2 454
43 3 263
43 4 371
43 5 371
43 6 419
43 7 536
43 8 310
43 9 545
43 10 471
43 11 810
43 12 835
43 13 346
43 14 567
43 15 710
43 16 476
43 17 462
43 18 901
43 19 1009
43 20 913
43 21 861
43 22 462
43 23 948
43 24 865
43 25 532
43 26 887
43 27 258
43 28 410
43 29 1094
43 30 643
43 31 192
43 32 1046
43 33 595
43 34 144
43 35 998
43 36 547
43 37 96
43 38 950
43 39 499
43 40 48
43 41 902
43 42 451
43 43 0
43 44 950
43 45 499
43 46 48
43 47 1214
44 0 360
44 1 375
44 2 784
44 3 879
44 4 675
44 5 675
44 6 723
44 7 414
44 8 640
44 9 693
44 10 671
44 11 524
44 12 115
44 13 988
44 14 767
44 15 528
44 16 858
44 17 584
44 18 433
44 19 229
44 20 37
44 21 185
44 22 488
44 23 194
44 24 85
44 25 706
44 26 159
44 27 692
44 28 636
44 29 240
44 30 691
44 31 1142
44 32 192
44 33 643
44 34 1094
44 35 144
44 36 595
44 37 1046
44 38 96
44 39 547
44 40 998
44 41 48
44 42 499
44 43 950
44 44 0
44 45 451
44 46 902
44 47 360
45 0 811
45 1 76
45 2 333
45 3 428
45 4 224
45 5 224
45 6 272
45 7 37
45 8 189
45 9 242
45 10 220
45 11 407
45 12 336
45 13 537
45 14 316
45 15 307
45 16 407
45 17 133
45 18 498
45 19 606
45 20 414
45 21 458
45 22 37
45 23 545
45 24 462
45 25 255
45 26 484
45 27 241
45 28 185
45 29 691
45 30 240
45 31 691
45 32 643
45 33 192
45 34 643
45 35 595
45 36 144
45 37 595
45 38 547
45 39 96
45 40 547
45 41 499
45 42 48
45 43 499
45 44 451
45 45 0
45 46 451
45 47 811
46 0 1262
46 1 527
46 2 502
46 3 311
46 4 419
46 5 419
46 6 467
46 7 488
46 8 358
46 9 593
46 10 519
46 11 858
46 12 787
46 13 394
46 14 615
46 15 758
46 16 524
46 17 510
46 18 949
46 19 1057
46 20 865
46 21 909
46 22 414
46 23 996
46 24 913
46 25 580
46 26 935
46 27 306
46 28 458
46 29 1142
46 30 691
46 31 240
46 32 1094
46 33 643
46 34 192
46 35 1046
46 36 595
46 37 144
46 38 998
46 39 547
46 40 96
46 41 950
46 42 499
46 43 48
46 44 902
46 45 451
46 46 0
46 47 1262
47 0 0
47 1 735
47 2 760
47 3 951
47 4 843
47 5 843
47 6 795
47 7 774
47 8 904
47 9 669
47 10 743
47 11 404
47 12 475
47 13 868
47 14 647
47 15 504
47 16 738
47 17 752
47 18 313
47 19 205
47 20 397
47 21 353
47 22 848
47 23 266
47 24 349
47 25 682
47 26 327
47 27 956
47 28 804
47 29 120
47 30 571
47 31 1022
47 32 168
47 33 619
47 34 1070
47 35 216
47 36 667
47 37 1118
47 38 264
47 39 715
47 40 1166
47 41 312
47 42 763
47 43 1214
47 44 360
47 45 811
47 46 1262
47 47 0
//Location coordinates LocationName
//Loc x y
0 0.0 0.0 "depot"
1 240.0 495.0 "product aisle 5 bloc 0 rank 53"
2 48.0 712.0 "product aisle 1 bloc 1 rank 17"
3 96.0 855.0 "product aisle 2 bloc 1 rank 40"
4 144.0 699.0 "product aisle 3 bloc 1 rank 15"
5 144.0 699.0 "product aisle 3 bloc 1 rank 16"
6 96.0 699.0 "product aisle 2 bloc 1 rank 15"
7 240.0 534.0 "product aisle 5 bloc 0 rank 60"
8 192.0 712.0 "product aisle 4 bloc 1 rank 18"
9 48.0 621.0 "product aisle 1 bloc 1 rank 3"
10 96.0 647.0 "product aisle 2 bloc 1 rank 8"
11 0.0 404.0 "product aisle 0 bloc 0 rank 39"
12 240.0 235.0 "product aisle 5 bloc 0 rank 14"
13 0.0 868.0 "product aisle 0 bloc 1 rank 41"
14 0.0 647.0 "product aisle 0 bloc 1 rank 7"
15 48.0 456.0 "product aisle 1 bloc 0 rank 47"
16 0.0 738.0 "product aisle 0 bloc 1 rank 21"
17 144.0 608.0 "product aisle 3 bloc 1 rank 2"
18 0.0 313.0 "product aisle 0 bloc 0 rank 25"
19 48.0 157.0 "product aisle 1 bloc 0 rank 1"
20 240.0 157.0 "product aisle 5 bloc 0 rank 2"
21 144.0 209.0 "product aisle 3 bloc 0 rank 9"
22 240.0 608.0 "product aisle 5 bloc 1 rank 1"
23 96.0 170.0 "product aisle 2 bloc 0 rank 4"
24 192.0 157.0 "product aisle 4 bloc 0 rank 2"
25 48.0 634.0 "product aisle 1 bloc 1 rank 5"
26 144.0 183.0 "product aisle 3 bloc 0 rank 5"
27 192.0 764.0 "product aisle 4 bloc 1 rank 26"
28 144.0 660.0 "product aisle 3 bloc 1 rank 9"
29 24.0 120.0 "intersection aisle 0 bloc 0 rank 0"
30 24.0 571.0 "intersection aisle 0 bloc 1 rank 1"
31 24.0 1022.0 "intersection aisle 0 bloc 2 rank 2"
32 72.0 120.0 "intersection aisle 1 bloc 0 rank 0"
33 72.0 571.0 "intersection aisle 1 bloc 1 rank 1"
34 72.0 1022.0 "intersection aisle 1 bloc 2 rank 2"
35 120.0 120.0 "intersection aisle 2 bloc 0 rank 0"
36 120.0 571.0 "intersection aisle 2 bloc 1 rank 1"
37 120.0 1022.0 "intersection aisle 2 bloc 2 rank 2"
38 168.0 120.0 "intersection aisle 3 bloc 0 rank 0"
39 168.0 571.0 "intersection aisle 3 bloc 1 rank 1"
40 168.0 1022.0 "intersection aisle 3 bloc 2 rank 2"
41 216.0 120.0 "intersection aisle 4 bloc 0 rank 0"
42 216.0 571.0 "intersection aisle 4 bloc 1 rank 1"
43 216.0 1022.0 "intersection aisle 4 bloc 2 rank 2"
44 264.0 120.0 "intersection aisle 5 bloc 0 rank 0"
45 264.0 571.0 "intersection aisle 5 bloc 1 rank 1"
46 264.0 1022.0 "intersection aisle 5 bloc 2 rank 2"
47 0.0 0.0 "depot"
