//alpha
1
//NbLocations
78
//NbProducts
23
//NbPickers
2
//CapaPicker
4
//TimeToTravelOneDistanceUnit
3
//SetupTime
5400
//PickTime
300
//Products
//Idx Location Size
1 1 1
2 2 1
3 3 1
4 4 1
5 5 1
6 6 1
7 7 1
8 8 1
9 9 1
10 10 1
11 11 1
12 12 1
13 13 1
14 14 1
15 15 1
16 16 1
17 17 1
18 18 1
19 19 1
20 20 1
21 21 1
22 22 1
23 23 1
//Orders
//NbOrders
12
//Idx DueDate TardinessPenalty NbProdInOrder ProdIdx1 Qty1 ProdIdx2 Qty2 ...
1 108000 0 1 1 1
2 90000 0 1 2 1
3 108000 0 2 3 1 4 1
4 54000 0 2 5 1 6 1
5 126000 0 2 7 1 8 1
6 144000 0 1 9 1
7 108000 0 1 10 1
8 144000 0 1 11 1
9 108000 0 4 12 1 13 1 14 1 15 1
10 126000 0 1 16 1
11 90000 0 4 17 1 18 1 19 1 20 1
12 144000 0 3 21 1 22 1 23 1
//Graph (Products are vertices indexed from 1 to NbProducts)
//NbVerticesIntersections
54
//DepartingDepot
0
//ArrivalDepot
78
//Arcs
//Start End Distance
0 24 120
1 25 180
1 26 1051
2 51 544
2 52 687
3 13 728
3 25 375
4 40 479
4 41 752
5 20 481
5 46 440
6 73 206
6 74 1025
7 18 832
7 59 232
8 23 195
8 31 544
9 48 1090
9 49 141
10 66 37
10 67 1194
11 12 1053
11 63 102
12 11 1053
12 64 76
13 3 728
13 24 128
14 17 481
14 27 102
15 42 687
15 43 544
16 37 1090
16 38 141
17 14 481
17 28 648
18 7 832
18 58 167
19 36 1025
19 37 206
20 5 481
20 45 310
21 67 362
21 68 869
22 33 245
22 34 986
23 8 195
23 30 492
24 13 128
24 27 48
24 78 120
25 1 180
25 3 375
25 28 48
26 1 1051
26 29 48
27 14 102
27 24 48
27 30 48
28 17 648
28 25 48
28 29 1231
28 31 48
29 26 48
29 28 1231
29 32 48
30 23 492
30 27 48
30 33 48
31 8 544
31 28 48
31 32 1231
31 34 48
32 29 48
32 31 1231
32 35 48
33 22 245
33 30 48
33 36 48
34 22 986
34 31 48
34 35 1231
34 37 48
35 32 48
35 34 1231
35 38 48
36 19 1025
36 33 48
36 39 48
37 16 1090
37 19 206
37 34 48
37 40 48
38 16 141
38 35 48
38 41 48
39 36 48
39 40 1231
39 42 48
40 4 479
40 37 48
40 39 1231
40 43 48
41 4 752
41 38 48
41 44 48
42 15 687
42 39 48
42 45 48
43 15 544
43 40 48
43 44 1231
43 46 48
44 41 48
44 43 1231
44 47 48
45 20 310
45 42 48
45 48 48
46 5 440
46 43 48
46 47 1231
46 49 48
47 44 48
47 46 1231
47 50 48
48 9 1090
48 45 48
48 51 48
49 9 141
49 46 48
49 50 1231
49 52 48
50 47 48
50 49 1231
50 53 48
51 2 544
51 48 48
51 54 48
52 2 687
52 49 48
52 53 1231
52 55 48
53 50 48
53 52 1231
53 56 48
54 51 48
54 55 1231
54 57 48
55 52 48
55 54 1231
55 56 1231
55 58 48
56 53 48
56 55 1231
56 59 48
57 54 48
57 58 1231
57 60 48
58 18 167
58 55 48
58 57 1231
58 61 48
59 7 232
59 56 48
59 62 48
60 57 48
60 61 1231
60 63 48
61 58 48
61 60 1231
61 62 1231
61 64 48
62 59 48
62 61 1231
62 65 48
63 11 102
63 60 48
63 66 48
64 12 76
64 61 48
64 65 1231
64 67 48
65 62 48
65 64 1231
65 68 48
66 10 37
66 63 48
66 69 48
67 10 1194
67 21 362
67 64 48
67 70 48
68 21 869
68 65 48
68 71 48
69 66 48
69 70 1231
69 72 48
70 67 48
70 69 1231
70 71 1231
70 73 48
71 68 48
71 70 1231
71 74 48
72 69 48
72 73 1231
72 75 48
73 6 206
73 70 48
73 72 1231
73 76 48
74 6 1025
74 71 48
74 77 48
75 72 48
75 76 1231
76 73 48
76 75 1231
76 77 1231
77 74 48
77 76 1231
//LocStart LocEnd ShortestPath
0 0 0
0 1 1531
0 2 1096
0 3 976
0 4 2070
0 5 1247
0 6 2325
0 7 2878
0 8 903
0 9 1594
0 10 829
0 11 846
0 12 1899
0 13 248
0 14 270
0 15 1095
0 16 2633
0 17 751
0 18 2046
0 19 1337
0 20 766
0 21 2385
0 22 509
0 23 708
0 24 120
0 25 1351
0 26 2582
0 27 168
0 28 1399
0 29 2630
0 30 216
0 31 1447
0 32 2678
0 33 264
0 34 1495
0 35 2726
0 36 312
0 37 1543
0 38 2774
0 39 360
0 40 1591
0 41 2822
0 42 408
0 43 1639
0 44 2870
0 45 456
0 46 1687
0 47 2918
0 48 504
0 49 1735
0 50 2966
0 51 552
0 52 1783
0 53 3014
0 54 600
0 55 1831
0 56 3062
0 57 648
0 58 1879
0 59 3110
0 60 696
0 61 1927
0 62 3158
0 63 744
0 64 1975
0 65 3206
0 66 792
0 67 2023
0 68 3254
0 69 840
0 70 2071
0 71 3302
0 72 888
0 73 2119
0 74 3350
0 75 936
0 76 2167
0 77 3398
0 78 0
1 0 1531
1 1 0
1 2 1299
1 3 555
1 4 899
1 5 956
1 6 1154
1 7 1707
1 8 820
1 9 705
1 10 2046
1 11 1933
1 12 880
1 13 1283
1 14 1357
1 15 1012
1 16 1384
1 17 876
1 18 875
1 19 578
1 20 1437
1 21 1214
1 22 1310
1 23 1015
1 24 1411
1 25 180
1 26 1051
1 27 1459
1 28 228
1 29 1099
1 30 1507
1 31 276
1 32 1147
1 33 1555
1 34 324
1 35 1195
1 36 1603
1 37 372
1 38 1243
1 39 1651
1 40 420
1 41 1291
1 42 1699
1 43 468
1 44 1339
1 45 1747
1 46 516
1 47 1387
1 48 1795
1 49 564
1 50 1435
1 51 1843
1 52 612
1 53 1483
1 54 1891
1 55 660
1 56 1531
1 57 1939
1 58 708
1 59 1579
1 60 1987
1 61 756
1 62 1627
1 63 2035
1 64 804
1 65 1675
1 66 2083
1 67 852
1 68 1723
1 69 2131
1 70 900
1 71 1771
1 72 2179
1 73 948
1 74 1819
1 75 2227
1 76 996
1 77 1867
1 78 1531
2 0 1096
2 1 1299
2 2 0
2 3 1494
2 4 1358
2 5 1223
2 6 1229
2 7 1782
2 8 1567
2 9 876
2 10 821
2 11 838
2 12 955
2 13 1104
2 14 1030
2 15 1375
2 16 2017
2 17 1511
2 18 950
2 19 1133
2 20 950
2 21 1289
2 22 1077
2 23 1372
2 24 976
2 25 1119
2 26 2350
2 27 928
2 28 1071
2 29 2302
2 30 880
2 31 1023
2 32 2254
2 33 832
2 34 975
2 35 2206
2 36 784
2 37 927
2 38 2158
2 39 736
2 40 879
2 41 2110
2 42 688
2 43 831
2 44 2062
2 45 640
2 46 783
2 47 2014
2 48 592
2 49 735
2 50 1966
2 51 544
2 52 687
2 53 1918
2 54 592
2 55 735
2 56 1966
2 57 640
2 58 783
2 59 2014
2 60 688
2 61 831
2 62 2062
2 63 736
2 64 879
2 65 2110
2 66 784
2 67 927
2 68 2158
2 69 832
2 70 975
2 71 2206
2 72 880
2 73 1023
2 74 2254
2 75 928
2 76 1071
2 77 2302
2 78 1096
3 0 976
3 1 555
3 2 1494
3 3 0
3 4 1094
3 5 1151
3 6 1349
3 7 1902
3 8 1015
3 9 900
3 10 1565
3 11 1582
3 12 1075
3 13 728
3 14 1006
3 15 1207
3 16 1657
3 17 1071
3 18 1070
3 19 773
3 20 1502
3 21 1409
3 22 1245
3 23 1210
3 24 856
3 25 375
3 26 1606
3 27 904
3 28 423
3 29 1654
3 30 952
3 31 471
3 32 1702
3 33 1000
3 34 519
3 35 1750
3 36 1048
3 37 567
3 38 1798
3 39 1096
3 40 615
3 41 1846
3 42 1144
3 43 663
3 44 1894
3 45 1192
3 46 711
3 47 1942
3 48 1240
3 49 759
3 50 1990
3 51 1288
3 52 807
3 53 2038
3 54 1336
3 55 855
3 56 2086
3 57 1384
3 58 903
3 59 2134
3 60 1432
3 61 951
3 62 2182
3 63 1480
3 64 999
3 65 2230
3 66 1528
3 67 1047
3 68 2278
3 69 1576
3 70 1095
3 71 2326
3 72 1624
3 73 1143
3 74 2374
3 75 1672
3 76 1191
3 77 2422
3 78 976
4 0 2070
4 1 899
4 2 1358
4 3 1094
4 4 0
4 5 1015
4 6 1213
4 7 1272
4 8 1167
4 9 764
4 10 2105
4 11 1992
4 12 939
4 13 1822
4 14 1800
4 15 1071
4 16 941
4 17 1319
4 18 934
4 19 733
4 20 1496
4 21 1273
4 22 1561
4 23 1362
4 24 1950
4 25 719
4 26 992
4 27 1902
4 28 671
4 29 944
4 30 1854
4 31 623
4 32 896
4 33 1806
4 34 575
4 35 848
4 36 1758
4 37 527
4 38 800
4 39 1710
4 40 479
4 41 752
4 42 1758
4 43 527
4 44 800
4 45 1806
4 46 575
4 47 848
4 48 1854
4 49 623
4 50 896
4 51 1902
4 52 671
4 53 944
4 54 1950
4 55 719
4 56 992
4 57 1998
4 58 767
4 59 1040
4 60 2046
4 61 815
4 62 1088
4 63 2094
4 64 863
4 65 1136
4 66 2142
4 67 911
4 68 1184
4 69 2190
4 70 959
4 71 1232
4 72 2238
4 73 1007
4 74 1280
4 75 2286
4 76 1055
4 77 1328
4 78 2070
5 0 1247
5 1 956
5 2 1223
5 3 1151
5 4 1015
5 5 0
5 6 1078
5 7 1631
5 8 1224
5 9 629
5 10 1164
5 11 1181
5 12 804
5 13 1255
5 14 1181
5 15 1032
5 16 1674
5 17 1376
5 18 799
5 19 790
5 20 481
5 21 1138
5 22 1228
5 23 1419
5 24 1127
5 25 776
5 26 2007
5 27 1079
5 28 728
5 29 1959
5 30 1031
5 31 680
5 32 1911
5 33 983
5 34 632
5 35 1863
5 36 935
5 37 584
5 38 1815
5 39 887
5 40 536
5 41 1767
5 42 839
5 43 488
5 44 1719
5 45 791
5 46 440
5 47 1671
5 48 839
5 49 488
5 50 1719
5 51 887
5 52 536
5 53 1767
5 54 935
5 55 584
5 56 1815
5 57 983
5 58 632
5 59 1863
5 60 1031
5 61 680
5 62 1911
5 63 1079
5 64 728
5 65 1959
5 66 1127
5 67 776
5 68 2007
5 69 1175
5 70 824
5 71 2055
5 72 1223
5 73 872
5 74 2103
5 75 1271
5 76 920
5 77 2151
5 78 1247
6 0 2325
6 1 1154
6 2 1229
6 3 1349
6 4 1213
6 5 1078
6 6 0
6 7 1445
6 8 1422
6 9 731
6 10 1496
6 11 1479
6 12 426
6 13 2077
6 14 2055
6 15 1230
6 16 1742
6 17 1574
6 18 613
6 19 988
6 20 1559
6 21 664
6 22 1816
6 23 1617
6 24 2205
6 25 974
6 26 1793
6 27 2157
6 28 926
6 29 1745
6 30 2109
6 31 878
6 32 1697
6 33 2061
6 34 830
6 35 1649
6 36 2013
6 37 782
6 38 1601
6 39 1965
6 40 734
6 41 1553
6 42 1917
6 43 686
6 44 1505
6 45 1869
6 46 638
6 47 1457
6 48 1821
6 49 590
6 50 1409
6 51 1773
6 52 542
6 53 1361
6 54 1725
6 55 494
6 56 1313
6 57 1677
6 58 446
6 59 1265
6 60 1629
6 61 398
6 62 1217
6 63 1581
6 64 350
6 65 1169
6 66 1533
6 67 302
6 68 1121
6 69 1485
6 70 254
6 71 1073
6 72 1437
6 73 206
6 74 1025
6 75 1485
6 76 254
6 77 1073
6 78 2325
7 0 2878
7 1 1707
7 2 1782
7 3 1902
7 4 1272
7 5 1631
7 6 1445
7 7 0
7 8 1975
7 9 1284
7 10 2337
7 11 2224
7 12 1171
7 13 2630
7 14 2608
7 15 1783
7 16 709
7 17 2127
7 18 832
7 19 1541
7 20 2112
7 21 1245
7 22 2369
7 23 2170
7 24 2758
7 25 1527
7 26 760
7 27 2710
7 28 1479
7 29 712
7 30 2662
7 31 1431
7 32 664
7 33 2614
7 34 1383
7 35 616
7 36 2566
7 37 1335
7 38 568
7 39 2518
7 40 1287
7 41 520
7 42 2470
7 43 1239
7 44 472
7 45 2422
7 46 1191
7 47 424
7 48 2374
7 49 1143
7 50 376
7 51 2326
7 52 1095
7 53 328
7 54 2278
7 55 1047
7 56 280
7 57 2230
7 58 999
7 59 232
7 60 2278
7 61 1047
7 62 280
7 63 2326
7 64 1095
7 65 328
7 66 2374
7 67 1143
7 68 376
7 69 2422
7 70 1191
7 71 424
7 72 2470
7 73 1239
7 74 472
7 75 2518
7 76 1287
7 77 520
7 78 2878
8 0 903
8 1 820
8 2 1567
8 3 1015
8 4 1167
8 5 1224
8 6 1422
8 7 1975
8 8 0
8 9 973
8 10 1300
8 11 1317
8 12 1148
8 13 911
8 14 837
8 15 1280
8 16 1730
8 17 1240
8 18 1143
8 19 846
8 20 1237
8 21 1482
8 22 980
8 23 195
8 24 783
8 25 640
8 26 1871
8 27 735
8 28 592
8 29 1823
8 30 687
8 31 544
8 32 1775
8 33 735
8 34 592
8 35 1823
8 36 783
8 37 640
8 38 1871
8 39 831
8 40 688
8 41 1919
8 42 879
8 43 736
8 44 1967
8 45 927
8 46 784
8 47 2015
8 48 975
8 49 832
8 50 2063
8 51 1023
8 52 880
8 53 2111
8 54 1071
8 55 928
8 56 2159
8 57 1119
8 58 976
8 59 2207
8 60 1167
8 61 1024
8 62 2255
8 63 1215
8 64 1072
8 65 2303
8 66 1263
8 67 1120
8 68 2351
8 69 1311
8 70 1168
8 71 2399
8 72 1359
8 73 1216
8 74 2447
8 75 1407
8 76 1264
8 77 2495
8 78 903
9 0 1594
9 1 705
9 2 876
9 3 900
9 4 764
9 5 629
9 6 731
9 7 1284
9 8 973
9 9 0
9 10 1415
9 11 1432
9 12 457
9 13 1602
9 14 1528
9 15 781
9 16 1423
9 17 1125
9 18 452
9 19 539
9 20 1110
9 21 791
9 22 1367
9 23 1168
9 24 1474
9 25 525
9 26 1756
9 27 1426
9 28 477
9 29 1708
9 30 1378
9 31 429
9 32 1660
9 33 1330
9 34 381
9 35 1612
9 36 1282
9 37 333
9 38 1564
9 39 1234
9 40 285
9 41 1516
9 42 1186
9 43 237
9 44 1468
9 45 1138
9 46 189
9 47 1420
9 48 1090
9 49 141
9 50 1372
9 51 1138
9 52 189
9 53 1420
9 54 1186
9 55 237
9 56 1468
9 57 1234
9 58 285
9 59 1516
9 60 1282
9 61 333
9 62 1564
9 63 1330
9 64 381
9 65 1612
9 66 1378
9 67 429
9 68 1660
9 69 1426
9 70 477
9 71 1708
9 72 1474
9 73 525
9 74 1756
9 75 1522
9 76 573
9 77 1804
9 78 1594
10 0 829
10 1 2046
10 2 821
10 3 1565
10 4 2105
10 5 1164
10 6 1496
10 7 2337
10 8 1300
10 9 1415
10 10 0
10 11 187
10 12 1240
10 13 837
10 14 763
10 15 1108
10 16 2764
10 17 1244
10 18 1505
10 19 1542
10 20 683
10 21 1556
10 22 810
10 23 1105
10 24 709
10 25 1866
10 26 3097
10 27 661
10 28 1818
10 29 3049
10 30 613
10 31 1770
10 32 3001
10 33 565
10 34 1722
10 35 2953
10 36 517
10 37 1674
10 38 2905
10 39 469
10 40 1626
10 41 2857
10 42 421
10 43 1578
10 44 2809
10 45 373
10 46 1530
10 47 2761
10 48 325
10 49 1482
10 50 2713
10 51 277
10 52 1434
10 53 2665
10 54 229
10 55 1386
10 56 2617
10 57 181
10 58 1338
10 59 2569
10 60 133
10 61 1290
10 62 2521
10 63 85
10 64 1242
10 65 2473
10 66 37
10 67 1194
10 68 2425
10 69 85
10 70 1242
10 71 2473
10 72 133
10 73 1290
10 74 2521
10 75 181
10 76 1338
10 77 2569
10 78 829
11 0 846
11 1 1933
11 2 838
11 3 1582
11 4 1992
11 5 1181
11 6 1479
11 7 2224
11 8 1317
11 9 1432
11 10 187
11 11 0
11 12 1053
11 13 854
11 14 780
11 15 1125
11 16 2651
11 17 1261
11 18 1392
11 19 1559
11 20 700
11 21 1539
11 22 827
11 23 1122
11 24 726
11 25 1753
11 26 2984
11 27 678
11 28 1705
11 29 2936
11 30 630
11 31 1657
11 32 2888
11 33 582
11 34 1609
11 35 2840
11 36 534
11 37 1561
11 38 2792
11 39 486
11 40 1513
11 41 2744
11 42 438
11 43 1465
11 44 2696
11 45 390
11 46 1417
11 47 2648
11 48 342
11 49 1369
11 50 2600
11 51 294
11 52 1321
11 53 2552
11 54 246
11 55 1273
11 56 2504
11 57 198
11 58 1225
11 59 2456
11 60 150
11 61 1177
11 62 2408
11 63 102
11 64 1129
11 65 2360
11 66 150
11 67 1177
11 68 2408
11 69 198
11 70 1225
11 71 2456
11 72 246
11 73 1273
11 74 2504
11 75 294
11 76 1321
11 77 2552
11 78 846
12 0 1899
12 1 880
12 2 955
12 3 1075
12 4 939
12 5 804
12 6 426
12 7 1171
12 8 1148
12 9 457
12 10 1240
12 11 1053
12 12 0
12 13 1803
12 14 1781
12 15 956
12 16 1598
12 17 1300
12 18 339
12 19 714
12 20 1285
12 21 486
12 22 1542
12 23 1343
12 24 1779
12 25 700
12 26 1931
12 27 1731
12 28 652
12 29 1883
12 30 1683
12 31 604
12 32 1835
12 33 1635
12 34 556
12 35 1787
12 36 1587
12 37 508
12 38 1739
12 39 1539
12 40 460
12 41 1691
12 42 1491
12 43 412
12 44 1643
12 45 1443
12 46 364
12 47 1595
12 48 1395
12 49 316
12 50 1547
12 51 1347
12 52 268
12 53 1499
12 54 1299
12 55 220
12 56 1451
12 57 1251
12 58 172
12 59 1403
12 60 1203
12 61 124
12 62 1355
12 63 1155
12 64 76
12 65 1307
12 66 1203
12 67 124
12 68 1355
12 69 1251
12 70 172
12 71 1403
12 72 1299
12 73 220
12 74 1451
12 75 1347
12 76 268
12 77 1499
12 78 1899
13 0 248
13 1 1283
13 2 1104
13 3 728
13 4 1822
13 5 1255
13 6 2077
13 7 2630
13 8 911
13 9 1602
13 10 837
13 11 854
13 12 1803
13 13 0
13 14 278
13 15 1103
13 16 2385
13 17 759
13 18 1798
13 19 1345
13 20 774
13 21 2137
13 22 517
13 23 716
13 24 128
13 25 1103
13 26 2334
13 27 176
13 28 1151
13 29 2382
13 30 224
13 31 1199
13 32 2430
13 33 272
13 34 1247
13 35 2478
13 36 320
13 37 1295
13 38 2526
13 39 368
13 40 1343
13 41 2574
13 42 416
13 43 1391
13 44 2622
13 45 464
13 46 1439
13 47 2670
13 48 512
13 49 1487
13 50 2718
13 51 560
13 52 1535
13 53 2766
13 54 608
13 55 1583
13 56 2814
13 57 656
13 58 1631
13 59 2862
13 60 704
13 61 1679
13 62 2910
13 63 752
13 64 1727
13 65 2958
13 66 800
13 67 1775
13 68 3006
13 69 848
13 70 1823
13 71 3054
13 72 896
13 73 1871
13 74 3102
13 75 944
13 76 1919
13 77 3150
13 78 248
14 0 270
14 1 1357
14 2 1030
14 3 1006
14 4 1800
14 5 1181
14 6 2055
14 7 2608
14 8 837
14 9 1528
14 10 763
14 11 780
14 12 1781
14 13 278
14 14 0
14 15 1029
14 16 2363
14 17 481
14 18 1776
14 19 1271
14 20 700
14 21 2115
14 22 443
14 23 642
14 24 150
14 25 1177
14 26 2408
14 27 102
14 28 1129
14 29 2360
14 30 150
14 31 1177
14 32 2408
14 33 198
14 34 1225
14 35 2456
14 36 246
14 37 1273
14 38 2504
14 39 294
14 40 1321
14 41 2552
14 42 342
14 43 1369
14 44 2600
14 45 390
14 46 1417
14 47 2648
14 48 438
14 49 1465
14 50 2696
14 51 486
14 52 1513
14 53 2744
14 54 534
14 55 1561
14 56 2792
14 57 582
14 58 1609
14 59 2840
14 60 630
14 61 1657
14 62 2888
14 63 678
14 64 1705
14 65 2936
14 66 726
14 67 1753
14 68 2984
14 69 774
14 70 1801
14 71 3032
14 72 822
14 73 1849
14 74 3080
14 75 870
14 76 1897
14 77 3128
14 78 270
15 0 1095
15 1 1012
15 2 1375
15 3 1207
15 4 1071
15 5 1032
15 6 1230
15 7 1783
15 8 1280
15 9 781
15 10 1108
15 11 1125
15 12 956
15 13 1103
15 14 1029
15 15 0
15 16 1730
15 17 1432
15 18 951
15 19 846
15 20 1045
15 21 1290
15 22 1076
15 23 1371
15 24 975
15 25 832
15 26 2063
15 27 927
15 28 784
15 29 2015
15 30 879
15 31 736
15 32 1967
15 33 831
15 34 688
15 35 1919
15 36 783
15 37 640
15 38 1871
15 39 735
15 40 592
15 41 1823
15 42 687
15 43 544
15 44 1775
15 45 735
15 46 592
15 47 1823
15 48 783
15 49 640
15 50 1871
15 51 831
15 52 688
15 53 1919
15 54 879
15 55 736
15 56 1967
15 57 927
15 58 784
15 59 2015
15 60 975
15 61 832
15 62 2063
15 63 1023
15 64 880
15 65 2111
15 66 1071
15 67 928
15 68 2159
15 69 1119
15 70 976
15 71 2207
15 72 1167
15 73 1024
15 74 2255
15 75 1215
15 76 1072
15 77 2303
15 78 1095
16 0 2633
16 1 1384
16 2 2017
16 3 1657
16 4 941
16 5 1674
16 6 1742
16 7 709
16 8 1730
16 9 1423
16 10 2764
16 11 2651
16 12 1598
16 13 2385
16 14 2363
16 15 1730
16 16 0
16 17 1882
16 18 1541
16 19 1296
16 20 2155
16 21 1490
16 22 2124
16 23 1925
16 24 2513
16 25 1282
16 26 333
16 27 2465
16 28 1234
16 29 285
16 30 2417
16 31 1186
16 32 237
16 33 2369
16 34 1138
16 35 189
16 36 2321
16 37 1090
16 38 141
16 39 2369
16 40 1138
16 41 189
16 42 2417
16 43 1186
16 44 237
16 45 2465
16 46 1234
16 47 285
16 48 2513
16 49 1282
16 50 333
16 51 2561
16 52 1330
16 53 381
16 54 2609
16 55 1378
16 56 429
16 57 2657
16 58 1426
16 59 477
16 60 2705
16 61 1474
16 62 525
16 63 2753
16 64 1522
16 65 573
16 66 2801
16 67 1570
16 68 621
16 69 2849
16 70 1618
16 71 669
16 72 2897
16 73 1666
16 74 717
16 75 2945
16 76 1714
16 77 765
16 78 2633
17 0 751
17 1 876
17 2 1511
17 3 1071
17 4 1319
17 5 1376
17 6 1574
17 7 2127
17 8 1240
17 9 1125
17 10 1244
17 11 1261
17 12 1300
17 13 759
17 14 481
17 15 1432
17 16 1882
17 17 0
17 18 1295
17 19 998
17 20 1181
17 21 1634
17 22 924
17 23 1123
17 24 631
17 25 696
17 26 1927
17 27 583
17 28 648
17 29 1879
17 30 631
17 31 696
17 32 1927
17 33 679
17 34 744
17 35 1975
17 36 727
17 37 792
17 38 2023
17 39 775
17 40 840
17 41 2071
17 42 823
17 43 888
17 44 2119
17 45 871
17 46 936
17 47 2167
17 48 919
17 49 984
17 50 2215
17 51 967
17 52 1032
17 53 2263
17 54 1015
17 55 1080
17 56 2311
17 57 1063
17 58 1128
17 59 2359
17 60 1111
17 61 1176
17 62 2407
17 63 1159
17 64 1224
17 65 2455
17 66 1207
17 67 1272
17 68 2503
17 69 1255
17 70 1320
17 71 2551
17 72 1303
17 73 1368
17 74 2599
17 75 1351
17 76 1416
17 77 2647
17 78 751
18 0 2046
18 1 875
18 2 950
18 3 1070
18 4 934
18 5 799
18 6 613
18 7 832
18 8 1143
18 9 452
18 10 1505
18 11 1392
18 12 339
18 13 1798
18 14 1776
18 15 951
18 16 1541
18 17 1295
18 18 0
18 19 709
18 20 1280
18 21 673
18 22 1537
18 23 1338
18 24 1926
18 25 695
18 26 1592
18 27 1878
18 28 647
18 29 1544
18 30 1830
18 31 599
18 32 1496
18 33 1782
18 34 551
18 35 1448
18 36 1734
18 37 503
18 38 1400
18 39 1686
18 40 455
18 41 1352
18 42 1638
18 43 407
18 44 1304
18 45 1590
18 46 359
18 47 1256
18 48 1542
18 49 311
18 50 1208
18 51 1494
18 52 263
18 53 1160
18 54 1446
18 55 215
18 56 1112
18 57 1398
18 58 167
18 59 1064
18 60 1446
18 61 215
18 62 1112
18 63 1494
18 64 263
18 65 1160
18 66 1542
18 67 311
18 68 1208
18 69 1590
18 70 359
18 71 1256
18 72 1638
18 73 407
18 74 1304
18 75 1686
18 76 455
18 77 1352
18 78 2046
19 0 1337
19 1 578
19 2 1133
19 3 773
19 4 733
19 5 790
19 6 988
19 7 1541
19 8 846
19 9 539
19 10 1542
19 11 1559
19 12 714
19 13 1345
19 14 1271
19 15 846
19 16 1296
19 17 998
19 18 709
19 19 0
19 20 1271
19 21 1048
19 22 1240
19 23 1041
19 24 1217
19 25 398
19 26 1629
19 27 1169
19 28 350
19 29 1581
19 30 1121
19 31 302
19 32 1533
19 33 1073
19 34 254
19 35 1485
19 36 1025
19 37 206
19 38 1437
19 39 1073
19 40 254
19 41 1485
19 42 1121
19 43 302
19 44 1533
19 45 1169
19 46 350
19 47 1581
19 48 1217
19 49 398
19 50 1629
19 51 1265
19 52 446
19 53 1677
19 54 1313
19 55 494
19 56 1725
19 57 1361
19 58 542
19 59 1773
19 60 1409
19 61 590
19 62 1821
19 63 1457
19 64 638
19 65 1869
19 66 1505
19 67 686
19 68 1917
19 69 1553
19 70 734
19 71 1965
19 72 1601
19 73 782
19 74 2013
19 75 1649
19 76 830
19 77 2061
19 78 1337
20 0 766
20 1 1437
20 2 950
20 3 1502
20 4 1496
20 5 481
20 6 1559
20 7 2112
20 8 1237
20 9 1110
20 10 683
20 11 700
20 12 1285
20 13 774
20 14 700
20 15 1045
20 16 2155
20 17 1181
20 18 1280
20 19 1271
20 20 0
20 21 1619
20 22 747
20 23 1042
20 24 646
20 25 1257
20 26 2488
20 27 598
20 28 1209
20 29 2440
20 30 550
20 31 1161
20 32 2392
20 33 502
20 34 1113
20 35 2344
20 36 454
20 37 1065
20 38 2296
20 39 406
20 40 1017
20 41 2248
20 42 358
20 43 969
20 44 2200
20 45 310
20 46 921
20 47 2152
20 48 358
20 49 969
20 50 2200
20 51 406
20 52 1017
20 53 2248
20 54 454
20 55 1065
20 56 2296
20 57 502
20 58 1113
20 59 2344
20 60 550
20 61 1161
20 62 2392
20 63 598
20 64 1209
20 65 2440
20 66 646
20 67 1257
20 68 2488
20 69 694
20 70 1305
20 71 2536
20 72 742
20 73 1353
20 74 2584
20 75 790
20 76 1401
20 77 2632
20 78 766
21 0 2385
21 1 1214
21 2 1289
21 3 1409
21 4 1273
21 5 1138
21 6 664
21 7 1245
21 8 1482
21 9 791
21 10 1556
21 11 1539
21 12 486
21 13 2137
21 14 2115
21 15 1290
21 16 1490
21 17 1634
21 18 673
21 19 1048
21 20 1619
21 21 0
21 22 1876
21 23 1677
21 24 2265
21 25 1034
21 26 1541
21 27 2217
21 28 986
21 29 1493
21 30 2169
21 31 938
21 32 1445
21 33 2121
21 34 890
21 35 1397
21 36 2073
21 37 842
21 38 1349
21 39 2025
21 40 794
21 41 1301
21 42 1977
21 43 746
21 44 1253
21 45 1929
21 46 698
21 47 1205
21 48 1881
21 49 650
21 50 1157
21 51 1833
21 52 602
21 53 1109
21 54 1785
21 55 554
21 56 1061
21 57 1737
21 58 506
21 59 1013
21 60 1689
21 61 458
21 62 965
21 63 1641
21 64 410
21 65 917
21 66 1593
21 67 362
21 68 869
21 69 1641
21 70 410
21 71 917
21 72 1689
21 73 458
21 74 965
21 75 1737
21 76 506
21 77 1013
21 78 2385
22 0 509
22 1 1310
22 2 1077
22 3 1245
22 4 1561
22 5 1228
22 6 1816
22 7 2369
22 8 980
22 9 1367
22 10 810
22 11 827
22 12 1542
22 13 517
22 14 443
22 15 1076
22 16 2124
22 17 924
22 18 1537
22 19 1240
22 20 747
22 21 1876
22 22 0
22 23 785
22 24 389
22 25 1130
22 26 2361
22 27 341
22 28 1082
22 29 2313
22 30 293
22 31 1034
22 32 2265
22 33 245
22 34 986
22 35 2217
22 36 293
22 37 1034
22 38 2265
22 39 341
22 40 1082
22 41 2313
22 42 389
22 43 1130
22 44 2361
22 45 437
22 46 1178
22 47 2409
22 48 485
22 49 1226
22 50 2457
22 51 533
22 52 1274
22 53 2505
22 54 581
22 55 1322
22 56 2553
22 57 629
22 58 1370
22 59 2601
22 60 677
22 61 1418
22 62 2649
22 63 725
22 64 1466
22 65 2697
22 66 773
22 67 1514
22 68 2745
22 69 821
22 70 1562
22 71 2793
22 72 869
22 73 1610
22 74 2841
22 75 917
22 76 1658
22 77 2889
22 78 509
23 0 708
23 1 1015
23 2 1372
23 3 1210
23 4 1362
23 5 1419
23 6 1617
23 7 2170
23 8 195
23 9 1168
23 10 1105
23 11 1122
23 12 1343
23 13 716
23 14 642
23 15 1371
23 16 1925
23 17 1123
23 18 1338
23 19 1041
23 20 1042
23 21 1677
23 22 785
23 23 0
23 24 588
23 25 835
23 26 2066
23 27 540
23 28 787
23 29 2018
23 30 492
23 31 739
23 32 1970
23 33 540
23 34 787
23 35 2018
23 36 588
23 37 835
23 38 2066
23 39 636
23 40 883
23 41 2114
23 42 684
23 43 931
23 44 2162
23 45 732
23 46 979
23 47 2210
23 48 780
23 49 1027
23 50 2258
23 51 828
23 52 1075
23 53 2306
23 54 876
23 55 1123
23 56 2354
23 57 924
23 58 1171
23 59 2402
23 60 972
23 61 1219
23 62 2450
23 63 1020
23 64 1267
23 65 2498
23 66 1068
23 67 1315
23 68 2546
23 69 1116
23 70 1363
23 71 2594
23 72 1164
23 73 1411
23 74 2642
23 75 1212
23 76 1459
23 77 2690
23 78 708
24 0 120
24 1 1411
24 2 976
24 3 856
24 4 1950
24 5 1127
24 6 2205
24 7 2758
24 8 783
24 9 1474
24 10 709
24 11 726
24 12 1779
24 13 128
24 14 150
24 15 975
24 16 2513
24 17 631
24 18 1926
24 19 1217
24 20 646
24 21 2265
24 22 389
24 23 588
24 24 0
24 25 1231
24 26 2462
24 27 48
24 28 1279
24 29 2510
24 30 96
24 31 1327
24 32 2558
24 33 144
24 34 1375
24 35 2606
24 36 192
24 37 1423
24 38 2654
24 39 240
24 40 1471
24 41 2702
24 42 288
24 43 1519
24 44 2750
24 45 336
24 46 1567
24 47 2798
24 48 384
24 49 1615
24 50 2846
24 51 432
24 52 1663
24 53 2894
24 54 480
24 55 1711
24 56 2942
24 57 528
24 58 1759
24 59 2990
24 60 576
24 61 1807
24 62 3038
24 63 624
24 64 1855
24 65 3086
24 66 672
24 67 1903
24 68 3134
24 69 720
24 70 1951
24 71 3182
24 72 768
24 73 1999
24 74 3230
24 75 816
24 76 2047
24 77 3278
24 78 120
25 0 1351
25 1 180
25 2 1119
25 3 375
25 4 719
25 5 776
25 6 974
25 7 1527
25 8 640
25 9 525
25 10 1866
25 11 1753
25 12 700
25 13 1103
25 14 1177
25 15 832
25 16 1282
25 17 696
25 18 695
25 19 398
25 20 1257
25 21 1034
25 22 1130
25 23 835
25 24 1231
25 25 0
25 26 1231
25 27 1279
25 28 48
25 29 1279
25 30 1327
25 31 96
25 32 1327
25 33 1375
25 34 144
25 35 1375
25 36 1423
25 37 192
25 38 1423
25 39 1471
25 40 240
25 41 1471
25 42 1519
25 43 288
25 44 1519
25 45 1567
25 46 336
25 47 1567
25 48 1615
25 49 384
25 50 1615
25 51 1663
25 52 432
25 53 1663
25 54 1711
25 55 480
25 56 1711
25 57 1759
25 58 528
25 59 1759
25 60 1807
25 61 576
25 62 1807
25 63 1855
25 64 624
25 65 1855
25 66 1903
25 67 672
25 68 1903
25 69 1951
25 70 720
25 71 1951
25 72 1999
25 73 768
25 74 1999
25 75 2047
25 76 816
25 77 2047
25 78 1351
26 0 2582
26 1 1051
26 2 2350
26 3 1606
26 4 992
26 5 2007
26 6 1793
26 7 760
26 8 1871
26 9 1756
26 10 3097
26 11 2984
26 12 1931
26 13 2334
26 14 2408
26 15 2063
26 16 333
26 17 1927
26 18 1592
26 19 1629
26 20 2488
26 21 1541
26 22 2361
26 23 2066
26 24 2462
26 25 1231
26 26 0
26 27 2510
26 28 1279
26 29 48
26 30 2558
26 31 1327
26 32 96
26 33 2606
26 34 1375
26 35 144
26 36 2654
26 37 1423
26 38 192
26 39 2702
26 40 1471
26 41 240
26 42 2750
26 43 1519
26 44 288
26 45 2798
26 46 1567
26 47 336
26 48 2846
26 49 1615
26 50 384
26 51 2894
26 52 1663
26 53 432
26 54 2942
26 55 1711
26 56 480
26 57 2990
26 58 1759
26 59 528
26 60 3038
26 61 1807
26 62 576
26 63 3086
26 64 1855
26 65 624
26 66 3134
26 67 1903
26 68 672
26 69 3182
26 70 1951
26 71 720
26 72 3230
26 73 1999
26 74 768
26 75 3278
26 76 2047
26 77 816
26 78 2582
27 0 168
27 1 1459
27 2 928
27 3 904
27 4 1902
27 5 1079
27 6 2157
27 7 2710
27 8 735
27 9 1426
27 10 661
27 11 678
27 12 1731
27 13 176
27 14 102
27 15 927
27 16 2465
27 17 583
27 18 1878
27 19 1169
27 20 598
27 21 2217
27 22 341
27 23 540
27 24 48
27 25 1279
27 26 2510
27 27 0
27 28 1231
27 29 2462
27 30 48
27 31 1279
27 32 2510
27 33 96
27 34 1327
27 35 2558
27 36 144
27 37 1375
27 38 2606
27 39 192
27 40 1423
27 41 2654
27 42 240
27 43 1471
27 44 2702
27 45 288
27 46 1519
27 47 2750
27 48 336
27 49 1567
27 50 2798
27 51 384
27 52 1615
27 53 2846
27 54 432
27 55 1663
27 56 2894
27 57 480
27 58 1711
27 59 2942
27 60 528
27 61 1759
27 62 2990
27 63 576
27 64 1807
27 65 3038
27 66 624
27 67 1855
27 68 3086
27 69 672
27 70 1903
27 71 3134
27 72 720
27 73 1951
27 74 3182
27 75 768
27 76 1999
27 77 3230
27 78 168
28 0 1399
28 1 228
28 2 1071
28 3 423
28 4 671
28 5 728
28 6 926
28 7 1479
28 8 592
28 9 477
28 10 1818
28 11 1705
28 12 652
28 13 1151
28 14 1129
28 15 784
28 16 1234
28 17 648
28 18 647
28 19 350
28 20 1209
28 21 986
28 22 1082
28 23 787
28 24 1279
28 25 48
28 26 1279
28 27 1231
28 28 0
28 29 1231
28 30 1279
28 31 48
28 32 1279
28 33 1327
28 34 96
28 35 1327
28 36 1375
28 37 144
28 38 1375
28 39 1423
28 40 192
28 41 1423
28 42 1471
28 43 240
28 44 1471
28 45 1519
28 46 288
28 47 1519
28 48 1567
28 49 336
28 50 1567
28 51 1615
28 52 384
28 53 1615
28 54 1663
28 55 432
28 56 1663
28 57 1711
28 58 480
28 59 1711
28 60 1759
28 61 528
28 62 1759
28 63 1807
28 64 576
28 65 1807
28 66 1855
28 67 624
28 68 1855
28 69 1903
28 70 672
28 71 1903
28 72 1951
28 73 720
28 74 1951
28 75 1999
28 76 768
28 77 1999
28 78 1399
29 0 2630
29 1 1099
29 2 2302
29 3 1654
29 4 944
29 5 1959
29 6 1745
29 7 712
29 8 1823
29 9 1708
29 10 3049
29 11 2936
29 12 1883
29 13 2382
29 14 2360
29 15 2015
29 16 285
29 17 1879
29 18 1544
29 19 1581
29 20 2440
29 21 1493
29 22 2313
29 23 2018
29 24 2510
29 25 1279
29 26 48
29 27 2462
29 28 1231
29 29 0
29 30 2510
29 31 1279
29 32 48
29 33 2558
29 34 1327
29 35 96
29 36 2606
29 37 1375
29 38 144
29 39 2654
29 40 1423
29 41 192
29 42 2702
29 43 1471
29 44 240
29 45 2750
29 46 1519
29 47 288
29 48 2798
29 49 1567
29 50 336
29 51 2846
29 52 1615
29 53 384
29 54 2894
29 55 1663
29 56 432
29 57 2942
29 58 1711
29 59 480
29 60 2990
29 61 1759
29 62 528
29 63 3038
29 64 1807
29 65 576
29 66 3086
29 67 1855
29 68 624
29 69 3134
29 70 1903
29 71 672
29 72 3182
29 73 1951
29 74 720
29 75 3230
29 76 1999
29 77 768
29 78 2630
30 0 216
30 1 1507
30 2 880
30 3 952
30 4 1854
30 5 1031
30 6 2109
30 7 2662
30 8 687
30 9 1378
30 10 613
30 11 630
30 12 1683
30 13 224
30 14 150
30 15 879
30 16 2417
30 17 631
30 18 1830
30 19 1121
30 20 550
30 21 2169
30 22 293
30 23 492
30 24 96
30 25 1327
30 26 2558
30 27 48
30 28 1279
30 29 2510
30 30 0
30 31 1231
30 32 2462
30 33 48
30 34 1279
30 35 2510
30 36 96
30 37 1327
30 38 2558
30 39 144
30 40 1375
30 41 2606
30 42 192
30 43 1423
30 44 2654
30 45 240
30 46 1471
30 47 2702
30 48 288
30 49 1519
30 50 2750
30 51 336
30 52 1567
30 53 2798
30 54 384
30 55 1615
30 56 2846
30 57 432
30 58 1663
30 59 2894
30 60 480
30 61 1711
30 62 2942
30 63 528
30 64 1759
30 65 2990
30 66 576
30 67 1807
30 68 3038
30 69 624
30 70 1855
30 71 3086
30 72 672
30 73 1903
30 74 3134
30 75 720
30 76 1951
30 77 3182
30 78 216
31 0 1447
31 1 276
31 2 1023
31 3 471
31 4 623
31 5 680
31 6 878
31 7 1431
31 8 544
31 9 429
31 10 1770
31 11 1657
31 12 604
31 13 1199
31 14 1177
31 15 736
31 16 1186
31 17 696
31 18 599
31 19 302
31 20 1161
31 21 938
31 22 1034
31 23 739
31 24 1327
31 25 96
31 26 1327
31 27 1279
31 28 48
31 29 1279
31 30 1231
31 31 0
31 32 1231
31 33 1279
31 34 48
31 35 1279
31 36 1327
31 37 96
31 38 1327
31 39 1375
31 40 144
31 41 1375
31 42 1423
31 43 192
31 44 1423
31 45 1471
31 46 240
31 47 1471
31 48 1519
31 49 288
31 50 1519
31 51 1567
31 52 336
31 53 1567
31 54 1615
31 55 384
31 56 1615
31 57 1663
31 58 432
31 59 1663
31 60 1711
31 61 480
31 62 1711
31 63 1759
31 64 528
31 65 1759
31 66 1807
31 67 576
31 68 1807
31 69 1855
31 70 624
31 71 1855
31 72 1903
31 73 672
31 74 1903
31 75 1951
31 76 720
31 77 1951
31 78 1447
32 0 2678
32 1 1147
32 2 2254
32 3 1702
32 4 896
32 5 1911
32 6 1697
32 7 664
32 8 1775
32 9 1660
32 10 3001
32 11 2888
32 12 1835
32 13 2430
32 14 2408
32 15 1967
32 16 237
32 17 1927
32 18 1496
32 19 1533
32 20 2392
32 21 1445
32 22 2265
32 23 1970
32 24 2558
32 25 1327
32 26 96
32 27 2510
32 28 1279
32 29 48
32 30 2462
32 31 1231
32 32 0
32 33 2510
32 34 1279
32 35 48
32 36 2558
32 37 1327
32 38 96
32 39 2606
32 40 1375
32 41 144
32 42 2654
32 43 1423
32 44 192
32 45 2702
32 46 1471
32 47 240
32 48 2750
32 49 1519
32 50 288
32 51 2798
32 52 1567
32 53 336
32 54 2846
32 55 1615
32 56 384
32 57 2894
32 58 1663
32 59 432
32 60 2942
32 61 1711
32 62 480
32 63 2990
32 64 1759
32 65 528
32 66 3038
32 67 1807
32 68 576
32 69 3086
32 70 1855
32 71 624
32 72 3134
32 73 1903
32 74 672
32 75 3182
32 76 1951
32 77 720
32 78 2678
33 0 264
33 1 1555
33 2 832
33 3 1000
33 4 1806
33 5 983
33 6 2061
33 7 2614
33 8 735
33 9 1330
33 10 565
33 11 582
33 12 1635
33 13 272
33 14 198
33 15 831
33 16 2369
33 17 679
33 18 1782
33 19 1073
33 20 502
33 21 2121
33 22 245
33 23 540
33 24 144
33 25 1375
33 26 2606
33 27 96
33 28 1327
33 29 2558
33 30 48
33 31 1279
33 32 2510
33 33 0
33 34 1231
33 35 2462
33 36 48
33 37 1279
33 38 2510
33 39 96
33 40 1327
33 41 2558
33 42 144
33 43 1375
33 44 2606
33 45 192
33 46 1423
33 47 2654
33 48 240
33 49 1471
33 50 2702
33 51 288
33 52 1519
33 53 2750
33 54 336
33 55 1567
33 56 2798
33 57 384
33 58 1615
33 59 2846
33 60 432
33 61 1663
33 62 2894
33 63 480
33 64 1711
33 65 2942
33 66 528
33 67 1759
33 68 2990
33 69 576
33 70 1807
33 71 3038
33 72 624
33 73 1855
33 74 3086
33 75 672
33 76 1903
33 77 3134
33 78 264
34 0 1495
34 1 324
34 2 975
34 3 519
34 4 575
34 5 632
34 6 830
34 7 1383
34 8 592
34 9 381
34 10 1722
34 11 1609
34 12 556
34 13 1247
34 14 1225
34 15 688
34 16 1138
34 17 744
34 18 551
34 19 254
34 20 1113
34 21 890
34 22 986
34 23 787
34 24 1375
34 25 144
34 26 1375
34 27 1327
34 28 96
34 29 1327
34 30 1279
34 31 48
34 32 1279
34 33 1231
34 34 0
34 35 1231
34 36 1279
34 37 48
34 38 1279
34 39 1327
34 40 96
34 41 1327
34 42 1375
34 43 144
34 44 1375
34 45 1423
34 46 192
34 47 1423
34 48 1471
34 49 240
34 50 1471
34 51 1519
34 52 288
34 53 1519
34 54 1567
34 55 336
34 56 1567
34 57 1615
34 58 384
34 59 1615
34 60 1663
34 61 432
34 62 1663
34 63 1711
34 64 480
34 65 1711
34 66 1759
34 67 528
34 68 1759
34 69 1807
34 70 576
34 71 1807
34 72 1855
34 73 624
34 74 1855
34 75 1903
34 76 672
34 77 1903
34 78 1495
35 0 2726
35 1 1195
35 2 2206
35 3 1750
35 4 848
35 5 1863
35 6 1649
35 7 616
35 8 1823
35 9 1612
35 10 2953
35 11 2840
35 12 1787
35 13 2478
35 14 2456
35 15 1919
35 16 189
35 17 1975
35 18 1448
35 19 1485
35 20 2344
35 21 1397
35 22 2217
35 23 2018
35 24 2606
35 25 1375
35 26 144
35 27 2558
35 28 1327
35 29 96
35 30 2510
35 31 1279
35 32 48
35 33 2462
35 34 1231
35 35 0
35 36 2510
35 37 1279
35 38 48
35 39 2558
35 40 1327
35 41 96
35 42 2606
35 43 1375
35 44 144
35 45 2654
35 46 1423
35 47 192
35 48 2702
35 49 1471
35 50 240
35 51 2750
35 52 1519
35 53 288
35 54 2798
35 55 1567
35 56 336
35 57 2846
35 58 1615
35 59 384
35 60 2894
35 61 1663
35 62 432
35 63 2942
35 64 1711
35 65 480
35 66 2990
35 67 1759
35 68 528
35 69 3038
35 70 1807
35 71 576
35 72 3086
35 73 1855
35 74 624
35 75 3134
35 76 1903
35 77 672
35 78 2726
36 0 312
36 1 1603
36 2 784
36 3 1048
36 4 1758
36 5 935
36 6 2013
36 7 2566
36 8 783
36 9 1282
36 10 517
36 11 534
36 12 1587
36 13 320
36 14 246
36 15 783
36 16 2321
36 17 727
36 18 1734
36 19 1025
36 20 454
36 21 2073
36 22 293
36 23 588
36 24 192
36 25 1423
36 26 2654
36 27 144
36 28 1375
36 29 2606
36 30 96
36 31 1327
36 32 2558
36 33 48
36 34 1279
36 35 2510
36 36 0
36 37 1231
36 38 2462
36 39 48
36 40 1279
36 41 2510
36 42 96
36 43 1327
36 44 2558
36 45 144
36 46 1375
36 47 2606
36 48 192
36 49 1423
36 50 2654
36 51 240
36 52 1471
36 53 2702
36 54 288
36 55 1519
36 56 2750
36 57 336
36 58 1567
36 59 2798
36 60 384
36 61 1615
36 62 2846
36 63 432
36 64 1663
36 65 2894
36 66 480
36 67 1711
36 68 2942
36 69 528
36 70 1759
36 71 2990
36 72 576
36 73 1807
36 74 3038
36 75 624
36 76 1855
36 77 3086
36 78 312
37 0 1543
37 1 372
37 2 927
37 3 567
37 4 527
37 5 584
37 6 782
37 7 1335
37 8 640
37 9 333
37 10 1674
37 11 1561
37 12 508
37 13 1295
37 14 1273
37 15 640
37 16 1090
37 17 792
37 18 503
37 19 206
37 20 1065
37 21 842
37 22 1034
37 23 835
37 24 1423
37 25 192
37 26 1423
37 27 1375
37 28 144
37 29 1375
37 30 1327
37 31 96
37 32 1327
37 33 1279
37 34 48
37 35 1279
37 36 1231
37 37 0
37 38 1231
37 39 1279
37 40 48
37 41 1279
37 42 1327
37 43 96
37 44 1327
37 45 1375
37 46 144
37 47 1375
37 48 1423
37 49 192
37 50 1423
37 51 1471
37 52 240
37 53 1471
37 54 1519
37 55 288
37 56 1519
37 57 1567
37 58 336
37 59 1567
37 60 1615
37 61 384
37 62 1615
37 63 1663
37 64 432
37 65 1663
37 66 1711
37 67 480
37 68 1711
37 69 1759
37 70 528
37 71 1759
37 72 1807
37 73 576
37 74 1807
37 75 1855
37 76 624
37 77 1855
37 78 1543
38 0 2774
38 1 1243
38 2 2158
38 3 1798
38 4 800
38 5 1815
38 6 1601
38 7 568
38 8 1871
38 9 1564
38 10 2905
38 11 2792
38 12 1739
38 13 2526
38 14 2504
38 15 1871
38 16 141
38 17 2023
38 18 1400
38 19 1437
38 20 2296
38 21 1349
38 22 2265
38 23 2066
38 24 2654
38 25 1423
38 26 192
38 27 2606
38 28 1375
38 29 144
38 30 2558
38 31 1327
38 32 96
38 33 2510
38 34 1279
38 35 48
38 36 2462
38 37 1231
38 38 0
38 39 2510
38 40 1279
38 41 48
38 42 2558
38 43 1327
38 44 96
38 45 2606
38 46 1375
38 47 144
38 48 2654
38 49 1423
38 50 192
38 51 2702
38 52 1471
38 53 240
38 54 2750
38 55 1519
38 56 288
38 57 2798
38 58 1567
38 59 336
38 60 2846
38 61 1615
38 62 384
38 63 2894
38 64 1663
38 65 432
38 66 2942
38 67 1711
38 68 480
38 69 2990
38 70 1759
38 71 528
38 72 3038
38 73 1807
38 74 576
38 75 3086
38 76 1855
38 77 624
38 78 2774
39 0 360
39 1 1651
39 2 736
39 3 1096
39 4 1710
39 5 887
39 6 1965
39 7 2518
39 8 831
39 9 1234
39 10 469
39 11 486
39 12 1539
39 13 368
39 14 294
39 15 735
39 16 2369
39 17 775
39 18 1686
39 19 1073
39 20 406
39 21 2025
39 22 341
39 23 636
39 24 240
39 25 1471
39 26 2702
39 27 192
39 28 1423
39 29 2654
39 30 144
39 31 1375
39 32 2606
39 33 96
39 34 1327
39 35 2558
39 36 48
39 37 1279
39 38 2510
39 39 0
39 40 1231
39 41 2462
39 42 48
39 43 1279
39 44 2510
39 45 96
39 46 1327
39 47 2558
39 48 144
39 49 1375
39 50 2606
39 51 192
39 52 1423
39 53 2654
39 54 240
39 55 1471
39 56 2702
39 57 288
39 58 1519
39 59 2750
39 60 336
39 61 1567
39 62 2798
39 63 384
39 64 1615
39 65 2846
39 66 432
39 67 1663
39 68 2894
39 69 480
39 70 1711
39 71 2942
39 72 528
39 73 1759
39 74 2990
39 75 576
39 76 1807
39 77 3038
39 78 360
40 0 1591
40 1 420
40 2 879
40 3 615
40 4 479
40 5 536
40 6 734
40 7 1287
40 8 688
40 9 285
40 10 1626
40 11 1513
40 12 460
40 13 1343
40 14 1321
40 15 592
40 16 1138
40 17 840
40 18 455
40 19 254
40 20 1017
40 21 794
40 22 1082
40 23 883
40 24 1471
40 25 240
40 26 1471
40 27 1423
40 28 192
40 29 1423
40 30 1375
40 31 144
40 32 1375
40 33 1327
40 34 96
40 35 1327
40 36 1279
40 37 48
40 38 1279
40 39 1231
40 40 0
40 41 1231
40 42 1279
40 43 48
40 44 1279
40 45 1327
40 46 96
40 47 1327
40 48 1375
40 49 144
40 50 1375
40 51 1423
40 52 192
40 53 1423
40 54 1471
40 55 240
40 56 1471
40 57 1519
40 58 288
40 59 1519
40 60 1567
40 61 336
40 62 1567
40 63 1615
40 64 384
40 65 1615
40 66 1663
40 67 432
40 68 1663
40 69 1711
40 70 480
40 71 1711
40 72 1759
40 73 528
40 74 1759
40 75 1807
40 76 576
40 77 1807
40 78 1591
41 0 2822
41 1 1291
41 2 2110
41 3 1846
41 4 752
41 5 1767
41 6 1553
41 7 520
41 8 1919
41 9 1516
41 10 2857
41 11 2744
41 12 1691
41 13 2574
41 14 2552
41 15 1823
41 16 189
41 17 2071
41 18 1352
41 19 1485
41 20 2248
41 21 1301
41 22 2313
41 23 2114
41 24 2702
41 25 1471
41 26 240
41 27 2654
41 28 1423
41 29 192
41 30 2606
41 31 1375
41 32 144
41 33 2558
41 34 1327
41 35 96
41 36 2510
41 37 1279
41 38 48
41 39 2462
41 40 1231
41 41 0
41 42 2510
41 43 1279
41 44 48
41 45 2558
41 46 1327
41 47 96
41 48 2606
41 49 1375
41 50 144
41 51 2654
41 52 1423
41 53 192
41 54 2702
41 55 1471
41 56 240
41 57 2750
41 58 1519
41 59 288
41 60 2798
41 61 1567
41 62 336
41 63 2846
41 64 1615
41 65 384
41 66 2894
41 67 1663
41 68 432
41 69 2942
41 70 1711
41 71 480
41 72 2990
41 73 1759
41 74 528
41 75 3038
41 76 1807
41 77 576
41 78 2822
42 0 408
42 1 1699
42 2 688
42 3 1144
42 4 1758
42 5 839
42 6 1917
42 7 2470
42 8 879
42 9 1186
42 10 421
42 11 438
42 12 1491
42 13 416
42 14 342
42 15 687
42 16 2417
42 17 823
42 18 1638
42 19 1121
42 20 358
42 21 1977
42 22 389
42 23 684
42 24 288
42 25 1519
42 26 2750
42 27 240
42 28 1471
42 29 2702
42 30 192
42 31 1423
42 32 2654
42 33 144
42 34 1375
42 35 2606
42 36 96
42 37 1327
42 38 2558
42 39 48
42 40 1279
42 41 2510
42 42 0
42 43 1231
42 44 2462
42 45 48
42 46 1279
42 47 2510
42 48 96
42 49 1327
42 50 2558
42 51 144
42 52 1375
42 53 2606
42 54 192
42 55 1423
42 56 2654
42 57 240
42 58 1471
42 59 2702
42 60 288
42 61 1519
42 62 2750
42 63 336
42 64 1567
42 65 2798
42 66 384
42 67 1615
42 68 2846
42 69 432
42 70 1663
42 71 2894
42 72 480
42 73 1711
42 74 2942
42 75 528
42 76 1759
42 77 2990
42 78 408
43 0 1639
43 1 468
43 2 831
43 3 663
43 4 527
43 5 488
43 6 686
43 7 1239
43 8 736
43 9 237
43 10 1578
43 11 1465
43 12 412
43 13 1391
43 14 1369
43 15 544
43 16 1186
43 17 888
43 18 407
43 19 302
43 20 969
43 21 746
43 22 1130
43 23 931
43 24 1519
43 25 288
43 26 1519
43 27 1471
43 28 240
43 29 1471
43 30 1423
43 31 192
43 32 1423
43 33 1375
43 34 144
43 35 1375
43 36 1327
43 37 96
43 38 1327
43 39 1279
43 40 48
43 41 1279
43 42 1231
43 43 0
43 44 1231
43 45 1279
43 46 48
43 47 1279
43 48 1327
43 49 96
43 50 1327
43 51 1375
43 52 144
43 53 1375
43 54 1423
43 55 192
43 56 1423
43 57 1471
43 58 240
43 59 1471
43 60 1519
43 61 288
43 62 1519
43 63 1567
43 64 336
43 65 1567
43 66 1615
43 67 384
43 68 1615
43 69 1663
43 70 432
43 71 1663
43 72 1711
43 73 480
43 74 1711
43 75 1759
43 76 528
43 77 1759
43 78 1639
44 0 2870
44 1 1339
44 2 2062
44 3 1894
44 4 800
44 5 1719
44 6 1505
44 7 472
44 8 1967
44 9 1468
44 10 2809
44 11 2696
44 12 1643
44 13 2622
44 14 2600
44 15 1775
44 16 237
44 17 2119
44 18 1304
44 19 1533
44 20 2200
44 21 1253
44 22 2361
44 23 2162
44 24 2750
44 25 1519
44 26 288
44 27 2702
44 28 1471
44 29 240
44 30 2654
44 31 1423
44 32 192
44 33 2606
44 34 1375
44 35 144
44 36 2558
44 37 1327
44 38 96
44 39 2510
44 40 1279
44 41 48
44 42 2462
44 43 1231
44 44 0
44 45 2510
44 46 1279
44 47 48
44 48 2558
44 49 1327
44 50 96
44 51 2606
44 52 1375
44 53 144
44 54 2654
44 55 1423
44 56 192
44 57 2702
44 58 1471
44 59 240
44 60 2750
44 61 1519
44 62 288
44 63 2798
44 64 1567
44 65 336
44 66 2846
44 67 1615
44 68 384
44 69 2894
44 70 1663
44 71 432
44 72 2942
44 73 1711
44 74 480
44 75 2990
44 76 1759
44 77 528
44 78 2870
45 0 456
45 1 1747
45 2 640
45 3 1192
45 4 1806
45 5 791
45 6 1869
45 7 2422
45 8 927
45 9 1138
45 10 373
45 11 390
45 12 1443
45 13 464
45 14 390
45 15 735
45 16 2465
45 17 871
45 18 1590
45 19 1169
45 20 310
45 21 1929
45 22 437
45 23 732
45 24 336
45 25 1567
45 26 2798
45 27 288
45 28 1519
45 29 2750
45 30 240
45 31 1471
45 32 2702
45 33 192
45 34 1423
45 35 2654
45 36 144
45 37 1375
45 38 2606
45 39 96
45 40 1327
45 41 2558
45 42 48
45 43 1279
45 44 2510
45 45 0
45 46 1231
45 47 2462
45 48 48
45 49 1279
45 50 2510
45 51 96
45 52 1327
45 53 2558
45 54 144
45 55 1375
45 56 2606
