//alpha
1
//NbLocations
69
//NbProducts
33
//NbPickers
2
//CapaPicker
4
//TimeToTravelOneDistanceUnit
3
//SetupTime
5400
//PickTime
300
//Products
//Idx Location Size
1 1 1
2 2 1
3 3 1
4 4 1
5 5 1
6 6 1
7 7 1
8 8 1
9 9 1
10 10 1
11 11 1
12 12 1
13 13 1
14 14 1
15 15 1
16 16 1
17 17 1
18 18 1
19 19 1
20 20 1
21 21 1
22 16 1
23 22 1
24 23 1
25 24 1
26 25 1
27 26 1
28 27 1
29 28 1
30 29 1
31 30 1
32 31 1
33 32 1
//Orders
//NbOrders
18
//Idx DueDate TardinessPenalty NbProdInOrder ProdIdx1 Qty1 ProdIdx2 Qty2 ...
1 54000 0 1 1 1
2 108000 0 1 2 1
3 108000 0 4 3 1 4 1 5 1 6 1
4 54000 0 3 7 1 8 1 9 1
5 72000 0 1 10 1
6 126000 0 2 11 1 12 1
7 54000 0 2 13 1 14 1
8 90000 0 3 15 1 16 1 17 1
9 54000 0 2 18 1 19 1
10 54000 0 2 20 1 21 1
11 54000 0 1 22 1
12 54000 0 4 23 1 24 1 25 1 26 1
13 108000 0 1 27 1
14 36000 0 1 28 1
15 72000 0 1 29 1
16 36000 0 1 30 1
17 126000 0 1 31 1
18 108000 0 2 32 1 33 1
//Graph (Products are vertices indexed from 1 to NbProducts)
//NbVerticesIntersections
36
//DepartingDepot
0
//ArrivalDepot
69
//Arcs
//Start End Distance
0 33 120
1 60 245
1 61 596
2 19 52
2 62 739
3 36 76
3 37 765
4 64 141
4 65 700
5 37 440
5 38 401
6 9 52
6 12 117
7 22 416
7 49 141
8 55 791
8 56 50
9 6 52
9 43 76
10 32 13
10 47 765
11 58 63
11 59 778
12 6 117
12 44 596
13 24 325
13 52 453
14 17 65
14 57 128
15 31 208
15 45 50
16 25 52
16 54 63
17 14 65
17 58 648
18 66 193
18 67 648
19 2 52
19 61 50
20 27 117
20 39 141
21 42 102
21 43 739
22 7 416
22 50 284
23 34 102
23 35 739
24 13 325
24 29 13
25 16 52
25 28 364
26 30 442
26 48 245
27 20 117
27 40 583
28 25 364
28 55 362
29 24 13
29 51 50
30 26 442
30 49 154
31 15 208
31 46 583
32 10 13
32 46 63
33 34 841
33 36 48
33 69 120
34 23 102
34 33 841
34 37 48
35 23 739
35 38 48
36 3 76
36 33 48
36 39 48
37 3 765
37 5 440
37 34 48
37 40 48
38 5 401
38 35 48
38 41 48
39 20 141
39 36 48
39 42 48
40 27 583
40 37 48
40 41 841
40 43 48
41 38 48
41 40 841
41 44 48
42 21 102
42 39 48
42 45 48
43 9 76
43 21 739
43 40 48
43 46 48
44 12 596
44 41 48
44 47 48
45 15 50
45 42 48
45 48 48
46 31 583
46 32 63
46 43 48
46 49 48
47 10 765
47 44 48
47 50 48
48 26 245
48 45 48
48 51 48
49 7 141
49 30 154
49 46 48
49 52 48
50 22 284
50 47 48
50 53 48
51 29 50
51 48 48
51 54 48
52 13 453
52 49 48
52 53 841
52 55 48
53 50 48
53 52 841
53 56 48
54 16 63
54 51 48
54 57 48
55 8 791
55 28 362
55 52 48
55 58 48
56 8 50
56 53 48
56 59 48
57 14 128
57 54 48
57 60 48
58 11 63
58 17 648
58 55 48
58 61 48
59 11 778
59 56 48
59 62 48
60 1 245
60 57 48
60 63 48
61 1 596
61 19 50
61 58 48
61 64 48
62 2 739
62 59 48
62 65 48
63 60 48
63 64 841
63 66 48
64 4 141
64 61 48
64 63 841
64 67 48
65 4 700
65 62 48
65 68 48
66 18 193
66 63 48
67 18 648
67 64 48
67 68 841
68 65 48
68 67 841
//LocStart LocEnd ShortestPath
0 0 0
0 1 797
0 2 1495
0 3 244
0 4 1582
0 5 1449
0 6 1233
0 7 1342
0 8 2088
0 9 1181
0 10 1229
0 11 1408
0 12 1350
0 13 796
0 14 632
0 15 362
0 16 519
0 17 697
0 18 841
0 19 1443
0 20 357
0 21 366
0 22 1758
0 23 1063
0 24 471
0 25 571
0 26 605
0 27 474
0 28 935
0 29 458
0 30 1047
0 31 570
0 32 1216
0 33 120
0 34 961
0 35 1802
0 36 168
0 37 1009
0 38 1850
0 39 216
0 40 1057
0 41 1898
0 42 264
0 43 1105
0 44 1946
0 45 312
0 46 1153
0 47 1994
0 48 360
0 49 1201
0 50 2042
0 51 408
0 52 1249
0 53 2090
0 54 456
0 55 1297
0 56 2138
0 57 504
0 58 1345
0 59 2186
0 60 552
0 61 1393
0 62 2234
0 63 600
0 64 1441
0 65 2282
0 66 648
0 67 1489
0 68 2330
0 69 0
1 0 797
1 1 0
1 2 698
1 3 705
1 4 785
1 5 1420
1 6 1012
1 7 929
1 8 1483
1 9 960
1 10 912
1 11 707
1 12 1129
1 13 777
1 14 421
1 15 535
1 16 404
1 17 486
1 18 534
1 19 646
1 20 722
1 21 635
1 22 1345
1 23 1130
1 24 452
1 25 456
1 26 682
1 27 839
1 28 820
1 29 439
1 30 942
1 31 743
1 32 899
1 33 677
1 34 1028
1 35 1869
1 36 629
1 37 980
1 38 1821
1 39 581
1 40 932
1 41 1773
1 42 533
1 43 884
1 44 1725
1 45 485
1 46 836
1 47 1677
1 48 437
1 49 788
1 50 1629
1 51 389
1 52 740
1 53 1581
1 54 341
1 55 692
1 56 1533
1 57 293
1 58 644
1 59 1485
1 60 245
1 61 596
1 62 1437
1 63 293
1 64 644
1 65 1485
1 66 341
1 67 692
1 68 1533
1 69 797
2 0 1495
2 1 698
2 2 0
2 3 1251
2 4 291
2 5 926
2 6 518
2 7 435
2 8 885
2 9 466
2 10 418
2 11 213
2 12 635
2 13 699
2 14 863
2 15 1133
2 16 976
2 17 798
2 18 846
2 19 52
2 20 1138
2 21 1129
2 22 851
2 23 636
2 24 1024
2 25 924
2 26 890
2 27 1021
2 28 560
2 29 1037
2 30 448
2 31 925
2 32 405
2 33 1375
2 34 534
2 35 1171
2 36 1327
2 37 486
2 38 1123
2 39 1279
2 40 438
2 41 1075
2 42 1231
2 43 390
2 44 1027
2 45 1183
2 46 342
2 47 979
2 48 1135
2 49 294
2 50 931
2 51 1087
2 52 246
2 53 883
2 54 1039
2 55 198
2 56 835
2 57 991
2 58 150
2 59 787
2 60 943
2 61 102
2 62 739
2 63 991
2 64 150
2 65 787
2 66 1039
2 67 198
2 68 835
2 69 1495
3 0 244
3 1 705
3 2 1251
3 3 0
3 4 1338
3 5 1205
3 6 989
3 7 1098
3 8 1844
3 9 937
3 10 985
3 11 1164
3 12 1106
3 13 704
3 14 540
3 15 270
3 16 427
3 17 605
3 18 749
3 19 1199
3 20 265
3 21 274
3 22 1514
3 23 915
3 24 379
3 25 479
3 26 513
3 27 382
3 28 843
3 29 366
3 30 955
3 31 478
3 32 972
3 33 124
3 34 813
3 35 1654
3 36 76
3 37 765
3 38 1606
3 39 124
3 40 813
3 41 1654
3 42 172
3 43 861
3 44 1702
3 45 220
3 46 909
3 47 1750
3 48 268
3 49 957
3 50 1798
3 51 316
3 52 1005
3 53 1846
3 54 364
3 55 1053
3 56 1894
3 57 412
3 58 1101
3 59 1942
3 60 460
3 61 1149
3 62 1990
3 63 508
3 64 1197
3 65 2038
3 66 556
3 67 1245
3 68 2086
3 69 244
4 0 1582
4 1 785
4 2 291
4 3 1338
4 4 0
4 5 1013
4 6 605
4 7 522
4 8 894
4 9 553
4 10 505
4 11 300
4 12 722
4 13 786
4 14 950
4 15 1220
4 16 1063
4 17 885
4 18 837
4 19 239
4 20 1225
4 21 1216
4 22 938
4 23 723
4 24 1111
4 25 1011
4 26 977
4 27 1108
4 28 647
4 29 1124
4 30 535
4 31 1012
4 32 492
4 33 1462
4 34 621
4 35 1180
4 36 1414
4 37 573
4 38 1132
4 39 1366
4 40 525
4 41 1084
4 42 1318
4 43 477
4 44 1036
4 45 1270
4 46 429
4 47 988
4 48 1222
4 49 381
4 50 940
4 51 1174
4 52 333
4 53 892
4 54 1126
4 55 285
4 56 844
4 57 1078
4 58 237
4 59 796
4 60 1030
4 61 189
4 62 748
4 63 982
4 64 141
4 65 700
4 66 1030
4 67 189
4 68 748
4 69 1582
5 0 1449
5 1 1420
5 2 926
5 3 1205
5 4 1013
5 5 0
5 6 664
5 7 773
5 8 739
5 9 612
5 10 660
5 11 839
5 12 781
5 13 1133
5 14 1489
5 15 1375
5 16 1506
5 17 1424
5 18 1568
5 19 874
5 20 1188
5 21 1275
5 22 877
5 23 590
5 24 1458
5 25 1454
5 26 1228
5 27 1071
5 28 1090
5 29 1471
5 30 786
5 31 1167
5 32 647
5 33 1329
5 34 488
5 35 449
5 36 1281
5 37 440
5 38 401
5 39 1329
5 40 488
5 41 449
5 42 1377
5 43 536
5 44 497
5 45 1425
5 46 584
5 47 545
5 48 1473
5 49 632
5 50 593
5 51 1521
5 52 680
5 53 641
5 54 1569
5 55 728
5 56 689
5 57 1617
5 58 776
5 59 737
5 60 1665
5 61 824
5 62 785
5 63 1713
5 64 872
5 65 833
5 66 1761
5 67 920
5 68 881
5 69 1449
6 0 1233
6 1 1012
6 2 518
6 3 989
6 4 605
6 5 664
6 6 0
6 7 365
6 8 955
6 9 52
6 10 252
6 11 431
6 12 117
6 13 725
6 14 1081
6 15 967
6 16 1098
6 17 1016
6 18 1160
6 19 466
6 20 876
6 21 867
6 22 781
6 23 374
6 24 1050
6 25 1046
6 26 820
6 27 759
6 28 682
6 29 1063
6 30 378
6 31 759
6 32 239
6 33 1113
6 34 272
6 35 857
6 36 1065
6 37 224
6 38 809
6 39 1017
6 40 176
6 41 761
6 42 969
6 43 128
6 44 713
6 45 1017
6 46 176
6 47 761
6 48 1065
6 49 224
6 50 809
6 51 1113
6 52 272
6 53 857
6 54 1161
6 55 320
6 56 905
6 57 1209
6 58 368
6 59 953
6 60 1257
6 61 416
6 62 1001
6 63 1305
6 64 464
6 65 1049
6 66 1353
6 67 512
6 68 1097
6 69 1233
7 0 1342
7 1 929
7 2 435
7 3 1098
7 4 522
7 5 773
7 6 365
7 7 0
7 8 846
7 9 313
7 10 265
7 11 348
7 12 482
7 13 642
7 14 998
7 15 980
7 16 1015
7 17 933
7 18 1077
7 19 383
7 20 985
7 21 976
7 22 416
7 23 483
7 24 967
7 25 963
7 26 737
7 27 868
7 28 599
7 29 980
7 30 295
7 31 772
7 32 252
7 33 1222
7 34 381
7 35 940
7 36 1174
7 37 333
7 38 892
7 39 1126
7 40 285
7 41 844
7 42 1078
7 43 237
7 44 796
7 45 1030
7 46 189
7 47 748
7 48 982
7 49 141
7 50 700
7 51 1030
7 52 189
7 53 748
7 54 1078
7 55 237
7 56 796
7 57 1126
7 58 285
7 59 844
7 60 1174
7 61 333
7 62 892
7 63 1222
7 64 381
7 65 940
7 66 1270
7 67 429
7 68 988
7 69 1342
8 0 2088
8 1 1483
8 2 885
8 3 1844
8 4 894
8 5 739
8 6 955
8 7 846
8 8 0
8 9 1007
8 10 959
8 11 876
8 12 838
8 13 1292
8 14 1552
8 15 1726
8 16 1569
8 17 1487
8 18 1631
8 19 937
8 20 1731
8 21 1722
8 22 430
8 23 1125
8 24 1617
8 25 1517
8 26 1483
8 27 1614
8 28 1153
8 29 1630
8 30 1041
8 31 1518
8 32 972
8 33 1968
8 34 1127
8 35 386
8 36 1920
8 37 1079
8 38 338
8 39 1872
8 40 1031
8 41 290
8 42 1824
8 43 983
8 44 242
8 45 1776
8 46 935
8 47 194
8 48 1728
8 49 887
8 50 146
8 51 1680
8 52 839
8 53 98
8 54 1632
8 55 791
8 56 50
8 57 1680
8 58 839
8 59 98
8 60 1728
8 61 887
8 62 146
8 63 1776
8 64 935
8 65 194
8 66 1824
8 67 983
8 68 242
8 69 2088
9 0 1181
9 1 960
9 2 466
9 3 937
9 4 553
9 5 612
9 6 52
9 7 313
9 8 1007
9 9 0
9 10 200
9 11 379
9 12 169
9 13 673
9 14 1029
9 15 915
9 16 1046
9 17 964
9 18 1108
9 19 414
9 20 824
9 21 815
9 22 729
9 23 322
9 24 998
9 25 994
9 26 768
9 27 707
9 28 630
9 29 1011
9 30 326
9 31 707
9 32 187
9 33 1061
9 34 220
9 35 909
9 36 1013
9 37 172
9 38 861
9 39 965
9 40 124
9 41 813
9 42 917
9 43 76
9 44 765
9 45 965
9 46 124
9 47 813
9 48 1013
9 49 172
9 50 861
9 51 1061
9 52 220
9 53 909
9 54 1109
9 55 268
9 56 957
9 57 1157
9 58 316
9 59 1005
9 60 1205
9 61 364
9 62 1053
9 63 1253
9 64 412
9 65 1101
9 66 1301
9 67 460
9 68 1149
9 69 1181
10 0 1229
10 1 912
10 2 418
10 3 985
10 4 505
10 5 660
10 6 252
10 7 265
10 8 959
10 9 200
10 10 0
10 11 331
10 12 369
10 13 625
10 14 981
10 15 867
10 16 998
10 17 916
10 18 1060
10 19 366
10 20 872
10 21 863
10 22 681
10 23 370
10 24 950
10 25 946
10 26 720
10 27 755
10 28 582
10 29 963
10 30 278
10 31 659
10 32 13
10 33 1109
10 34 268
10 35 957
10 36 1061
10 37 220
10 38 909
10 39 1013
10 40 172
10 41 861
10 42 965
10 43 124
10 44 813
10 45 917
10 46 76
10 47 765
10 48 965
10 49 124
10 50 813
10 51 1013
10 52 172
10 53 861
10 54 1061
10 55 220
10 56 909
10 57 1109
10 58 268
10 59 957
10 60 1157
10 61 316
10 62 1005
10 63 1205
10 64 364
10 65 1053
10 66 1253
10 67 412
10 68 1101
10 69 1229
11 0 1408
11 1 707
11 2 213
11 3 1164
11 4 300
11 5 839
11 6 431
11 7 348
11 8 876
11 9 379
11 10 331
11 11 0
11 12 548
11 13 612
11 14 776
11 15 1046
11 16 889
11 17 711
11 18 855
11 19 161
11 20 1051
11 21 1042
11 22 764
11 23 549
11 24 937
11 25 837
11 26 803
11 27 934
11 28 473
11 29 950
11 30 361
11 31 838
11 32 318
11 33 1288
11 34 447
11 35 1162
11 36 1240
11 37 399
11 38 1114
11 39 1192
11 40 351
11 41 1066
11 42 1144
11 43 303
11 44 1018
11 45 1096
11 46 255
11 47 970
11 48 1048
11 49 207
11 50 922
11 51 1000
11 52 159
11 53 874
11 54 952
11 55 111
11 56 826
11 57 904
11 58 63
11 59 778
11 60 952
11 61 111
11 62 826
11 63 1000
11 64 159
11 65 874
11 66 1048
11 67 207
11 68 922
11 69 1408
12 0 1350
12 1 1129
12 2 635
12 3 1106
12 4 722
12 5 781
12 6 117
12 7 482
12 8 838
12 9 169
12 10 369
12 11 548
12 12 0
12 13 842
12 14 1198
12 15 1084
12 16 1215
12 17 1133
12 18 1277
12 19 583
12 20 993
12 21 984
12 22 898
12 23 491
12 24 1167
12 25 1163
12 26 937
12 27 876
12 28 799
12 29 1180
12 30 495
12 31 876
12 32 356
12 33 1230
12 34 389
12 35 740
12 36 1182
12 37 341
12 38 692
12 39 1134
12 40 293
12 41 644
12 42 1086
12 43 245
12 44 596
12 45 1134
12 46 293
12 47 644
12 48 1182
12 49 341
12 50 692
12 51 1230
12 52 389
12 53 740
12 54 1278
12 55 437
12 56 788
12 57 1326
12 58 485
12 59 836
12 60 1374
12 61 533
12 62 884
12 63 1422
12 64 581
12 65 932
12 66 1470
12 67 629
12 68 980
12 69 1350
13 0 796
13 1 777
13 2 699
13 3 704
13 4 786
13 5 1133
13 6 725
13 7 642
13 8 1292
13 9 673
13 10 625
13 11 612
13 12 842
13 13 0
13 14 612
13 15 534
13 16 499
13 17 677
13 18 821
13 19 647
13 20 721
13 21 634
13 22 1058
13 23 843
13 24 325
13 25 551
13 26 681
13 27 838
13 28 863
13 29 338
13 30 655
13 31 742
13 32 612
13 33 676
13 34 741
13 35 1582
13 36 628
13 37 693
13 38 1534
13 39 580
13 40 645
13 41 1486
13 42 532
13 43 597
13 44 1438
13 45 484
13 46 549
13 47 1390
13 48 436
13 49 501
13 50 1342
13 51 388
13 52 453
13 53 1294
13 54 436
13 55 501
13 56 1342
13 57 484
13 58 549
13 59 1390
13 60 532
13 61 597
13 62 1438
13 63 580
13 64 645
13 65 1486
13 66 628
13 67 693
13 68 1534
13 69 796
14 0 632
14 1 421
14 2 863
14 3 540
14 4 950
14 5 1489
14 6 1081
14 7 998
14 8 1552
14 9 1029
14 10 981
14 11 776
14 12 1198
14 13 612
14 14 0
14 15 370
14 16 239
14 17 65
14 18 465
14 19 811
14 20 557
14 21 470
14 22 1414
14 23 1199
14 24 287
14 25 291
14 26 517
14 27 674
14 28 655
14 29 274
14 30 959
14 31 578
14 32 968
14 33 512
14 34 1097
14 35 1938
14 36 464
14 37 1049
14 38 1890
14 39 416
14 40 1001
14 41 1842
14 42 368
14 43 953
14 44 1794
14 45 320
14 46 905
14 47 1746
14 48 272
14 49 857
14 50 1698
14 51 224
14 52 809
14 53 1650
14 54 176
14 55 761
14 56 1602
14 57 128
14 58 713
14 59 1554
14 60 176
14 61 761
14 62 1602
14 63 224
14 64 809
14 65 1650
14 66 272
14 67 857
14 68 1698
14 69 632
15 0 362
15 1 535
15 2 1133
15 3 270
15 4 1220
15 5 1375
15 6 967
15 7 980
15 8 1726
15 9 915
15 10 867
15 11 1046
15 12 1084
15 13 534
15 14 370
15 15 0
15 16 257
15 17 435
15 18 579
15 19 1081
15 20 287
15 21 200
15 22 1396
15 23 1085
15 24 209
15 25 309
15 26 343
15 27 404
15 28 673
15 29 196
15 30 785
15 31 208
15 32 854
15 33 242
15 34 983
15 35 1824
15 36 194
15 37 935
15 38 1776
15 39 146
15 40 887
15 41 1728
15 42 98
15 43 839
15 44 1680
15 45 50
15 46 791
15 47 1632
15 48 98
15 49 839
15 50 1680
15 51 146
15 52 887
15 53 1728
15 54 194
15 55 935
15 56 1776
15 57 242
15 58 983
15 59 1824
15 60 290
15 61 1031
15 62 1872
15 63 338
15 64 1079
15 65 1920
15 66 386
15 67 1127
15 68 1968
15 69 362
16 0 519
16 1 404
16 2 976
16 3 427
16 4 1063
16 5 1506
16 6 1098
16 7 1015
16 8 1569
16 9 1046
16 10 998
16 11 889
16 12 1215
16 13 499
16 14 239
16 15 257
16 16 0
16 17 304
16 18 448
16 19 924
16 20 444
16 21 357
16 22 1431
16 23 1216
16 24 174
16 25 52
16 26 404
16 27 561
16 28 416
16 29 161
16 30 846
16 31 465
16 32 985
16 33 399
16 34 1114
16 35 1955
16 36 351
16 37 1066
16 38 1907
16 39 303
16 40 1018
16 41 1859
16 42 255
16 43 970
16 44 1811
16 45 207
16 46 922
16 47 1763
16 48 159
16 49 874
16 50 1715
16 51 111
16 52 826
16 53 1667
16 54 63
16 55 778
16 56 1619
16 57 111
16 58 826
16 59 1667
16 60 159
16 61 874
16 62 1715
16 63 207
16 64 922
16 65 1763
16 66 255
16 67 970
16 68 1811
16 69 519
17 0 697
17 1 486
17 2 798
17 3 605
17 4 885
17 5 1424
17 6 1016
17 7 933
17 8 1487
17 9 964
17 10 916
17 11 711
17 12 1133
17 13 677
17 14 65
17 15 435
17 16 304
17 17 0
17 18 530
17 19 746
17 20 622
17 21 535
17 22 1349
17 23 1134
17 24 352
17 25 356
17 26 582
17 27 739
17 28 720
17 29 339
17 30 946
17 31 643
17 32 903
17 33 577
17 34 1032
17 35 1873
17 36 529
17 37 984
17 38 1825
17 39 481
17 40 936
17 41 1777
17 42 433
17 43 888
17 44 1729
17 45 385
17 46 840
17 47 1681
17 48 337
17 49 792
17 50 1633
17 51 289
17 52 744
17 53 1585
17 54 241
17 55 696
17 56 1537
17 57 193
17 58 648
17 59 1489
17 60 241
17 61 696
17 62 1537
17 63 289
17 64 744
17 65 1585
17 66 337
17 67 792
17 68 1633
17 69 697
18 0 841
18 1 534
18 2 846
18 3 749
18 4 837
18 5 1568
18 6 1160
18 7 1077
18 8 1631
18 9 1108
18 10 1060
18 11 855
18 12 1277
18 13 821
18 14 465
18 15 579
18 16 448
18 17 530
18 18 0
18 19 794
18 20 766
18 21 679
18 22 1493
18 23 1278
18 24 496
18 25 500
18 26 726
18 27 883
18 28 864
18 29 483
18 30 1090
18 31 787
18 32 1047
18 33 721
18 34 1176
18 35 2017
18 36 673
18 37 1128
18 38 1969
18 39 625
18 40 1080
18 41 1921
18 42 577
18 43 1032
18 44 1873
18 45 529
18 46 984
18 47 1825
18 48 481
18 49 936
18 50 1777
18 51 433
18 52 888
18 53 1729
18 54 385
18 55 840
18 56 1681
18 57 337
18 58 792
18 59 1633
18 60 289
18 61 744
18 62 1585
18 63 241
18 64 696
18 65 1537
18 66 193
18 67 648
18 68 1489
18 69 841
19 0 1443
19 1 646
19 2 52
19 3 1199
19 4 239
19 5 874
19 6 466
19 7 383
19 8 937
19 9 414
19 10 366
19 11 161
19 12 583
19 13 647
19 14 811
19 15 1081
19 16 924
19 17 746
19 18 794
19 19 0
19 20 1086
19 21 1077
19 22 799
19 23 584
19 24 972
19 25 872
19 26 838
19 27 969
19 28 508
19 29 985
19 30 396
19 31 873
19 32 353
19 33 1323
19 34 482
19 35 1223
19 36 1275
19 37 434
19 38 1175
19 39 1227
19 40 386
19 41 1127
19 42 1179
19 43 338
19 44 1079
19 45 1131
19 46 290
19 47 1031
19 48 1083
19 49 242
19 50 983
19 51 1035
19 52 194
19 53 935
19 54 987
19 55 146
19 56 887
19 57 939
19 58 98
19 59 839
19 60 891
19 61 50
19 62 791
19 63 939
19 64 98
19 65 839
19 66 987
19 67 146
19 68 887
19 69 1443
20 0 357
20 1 722
20 2 1138
20 3 265
20 4 1225
20 5 1188
20 6 876
20 7 985
20 8 1731
20 9 824
20 10 872
20 11 1051
20 12 993
20 13 721
20 14 557
20 15 287
20 16 444
20 17 622
20 18 766
20 19 1086
20 20 0
20 21 291
20 22 1401
20 23 898
20 24 396
20 25 496
20 26 530
20 27 117
20 28 860
20 29 383
20 30 972
20 31 495
20 32 859
20 33 237
20 34 796
20 35 1637
20 36 189
20 37 748
20 38 1589
20 39 141
20 40 700
20 41 1541
20 42 189
20 43 748
20 44 1589
20 45 237
20 46 796
20 47 1637
20 48 285
20 49 844
20 50 1685
20 51 333
20 52 892
20 53 1733
20 54 381
20 55 940
20 56 1781
20 57 429
20 58 988
20 59 1829
20 60 477
20 61 1036
20 62 1877
20 63 525
20 64 1084
20 65 1925
20 66 573
20 67 1132
20 68 1973
20 69 357
21 0 366
21 1 635
21 2 1129
21 3 274
21 4 1216
21 5 1275
21 6 867
21 7 976
21 8 1722
21 9 815
21 10 863
21 11 1042
21 12 984
21 13 634
21 14 470
21 15 200
21 16 357
21 17 535
21 18 679
21 19 1077
21 20 291
21 21 0
21 22 1392
21 23 985
21 24 309
21 25 409
21 26 443
21 27 408
21 28 773
21 29 296
21 30 885
21 31 408
21 32 850
21 33 246
21 34 883
21 35 1724
21 36 198
21 37 835
21 38 1676
21 39 150
21 40 787
21 41 1628
21 42 102
21 43 739
21 44 1580
21 45 150
21 46 787
21 47 1628
21 48 198
21 49 835
21 50 1676
21 51 246
21 52 883
21 53 1724
21 54 294
21 55 931
21 56 1772
21 57 342
21 58 979
21 59 1820
21 60 390
21 61 1027
21 62 1868
21 63 438
21 64 1075
21 65 1916
21 66 486
21 67 1123
21 68 1964
21 69 366
22 0 1758
22 1 1345
22 2 851
22 3 1514
22 4 938
22 5 877
22 6 781
22 7 416
22 8 430
22 9 729
22 10 681
22 11 764
22 12 898
22 13 1058
22 14 1414
22 15 1396
22 16 1431
22 17 1349
22 18 1493
22 19 799
22 20 1401
22 21 1392
22 22 0
22 23 899
22 24 1383
22 25 1379
22 26 1153
22 27 1284
22 28 1015
22 29 1396
22 30 711
22 31 1188
22 32 668
22 33 1638
22 34 797
22 35 524
22 36 1590
22 37 749
22 38 476
22 39 1542
22 40 701
22 41 428
22 42 1494
22 43 653
22 44 380
22 45 1446
22 46 605
22 47 332
22 48 1398
22 49 557
22 50 284
22 51 1446
22 52 605
22 53 332
22 54 1494
22 55 653
22 56 380
22 57 1542
22 58 701
22 59 428
22 60 1590
22 61 749
22 62 476
22 63 1638
22 64 797
22 65 524
22 66 1686
22 67 845
22 68 572
22 69 1758
23 0 1063
23 1 1130
23 2 636
23 3 915
23 4 723
23 5 590
23 6 374
23 7 483
23 8 1125
23 9 322
23 10 370
23 11 549
23 12 491
23 13 843
23 14 1199
23 15 1085
23 16 1216
23 17 1134
23 18 1278
23 19 584
23 20 898
23 21 985
23 22 899
23 23 0
23 24 1168
23 25 1164
23 26 938
23 27 781
23 28 800
23 29 1181
23 30 496
23 31 877
23 32 357
23 33 943
23 34 102
23 35 739
23 36 991
23 37 150
23 38 787
23 39 1039
23 40 198
23 41 835
23 42 1087
23 43 246
23 44 883
23 45 1135
23 46 294
23 47 931
23 48 1183
23 49 342
23 50 979
23 51 1231
23 52 390
23 53 1027
23 54 1279
23 55 438
23 56 1075
23 57 1327
23 58 486
23 59 1123
23 60 1375
23 61 534
23 62 1171
23 63 1423
23 64 582
23 65 1219
23 66 1471
23 67 630
23 68 1267
23 69 1063
24 0 471
24 1 452
24 2 1024
24 3 379
24 4 1111
24 5 1458
24 6 1050
24 7 967
24 8 1617
24 9 998
24 10 950
24 11 937
24 12 1167
24 13 325
24 14 287
24 15 209
24 16 174
24 17 352
24 18 496
24 19 972
24 20 396
24 21 309
24 22 1383
24 23 1168
24 24 0
24 25 226
24 26 356
24 27 513
24 28 590
24 29 13
24 30 798
24 31 417
24 32 937
24 33 351
24 34 1066
24 35 1907
24 36 303
24 37 1018
24 38 1859
24 39 255
24 40 970
24 41 1811
24 42 207
24 43 922
24 44 1763
24 45 159
24 46 874
24 47 1715
24 48 111
24 49 826
24 50 1667
24 51 63
24 52 778
24 53 1619
24 54 111
24 55 826
24 56 1667
24 57 159
24 58 874
24 59 1715
24 60 207
24 61 922
24 62 1763
24 63 255
24 64 970
24 65 1811
24 66 303
24 67 1018
24 68 1859
24 69 471
25 0 571
25 1 456
25 2 924
25 3 479
25 4 1011
25 5 1454
25 6 1046
25 7 963
25 8 1517
25 9 994
25 10 946
25 11 837
25 12 1163
25 13 551
25 14 291
25 15 309
25 16 52
25 17 356
25 18 500
25 19 872
25 20 496
25 21 409
25 22 1379
25 23 1164
25 24 226
25 25 0
25 26 456
25 27 613
25 28 364
25 29 213
25 30 898
25 31 517
25 32 933
25 33 451
25 34 1062
25 35 1903
25 36 403
25 37 1014
25 38 1855
25 39 355
25 40 966
25 41 1807
25 42 307
25 43 918
25 44 1759
25 45 259
25 46 870
25 47 1711
25 48 211
25 49 822
25 50 1663
25 51 163
25 52 774
25 53 1615
25 54 115
25 55 726
25 56 1567
25 57 163
25 58 774
25 59 1615
25 60 211
25 61 822
25 62 1663
25 63 259
25 64 870
25 65 1711
25 66 307
25 67 918
25 68 1759
25 69 571
26 0 605
26 1 682
26 2 890
26 3 513
26 4 977
26 5 1228
26 6 820
26 7 737
26 8 1483
26 9 768
26 10 720
26 11 803
26 12 937
26 13 681
26 14 517
26 15 343
26 16 404
26 17 582
26 18 726
26 19 838
26 20 530
26 21 443
26 22 1153
26 23 938
26 24 356
26 25 456
26 26 0
26 27 647
26 28 820
26 29 343
26 30 442
26 31 551
26 32 707
26 33 485
26 34 836
26 35 1677
26 36 437
26 37 788
26 38 1629
26 39 389
26 40 740
26 41 1581
26 42 341
26 43 692
26 44 1533
26 45 293
26 46 644
26 47 1485
26 48 245
26 49 596
26 50 1437
26 51 293
26 52 644
26 53 1485
26 54 341
26 55 692
26 56 1533
26 57 389
26 58 740
26 59 1581
26 60 437
26 61 788
26 62 1629
26 63 485
26 64 836
26 65 1677
26 66 533
26 67 884
26 68 1725
26 69 605
27 0 474
27 1 839
27 2 1021
27 3 382
27 4 1108
27 5 1071
27 6 759
27 7 868
27 8 1614
27 9 707
27 10 755
27 11 934
27 12 876
27 13 838
27 14 674
27 15 404
27 16 561
27 17 739
27 18 883
27 19 969
27 20 117
27 21 408
27 22 1284
27 23 781
27 24 513
27 25 613
27 26 647
27 27 0
27 28 977
27 29 500
27 30 881
27 31 612
27 32 742
27 33 354
27 34 679
27 35 1520
27 36 306
27 37 631
27 38 1472
27 39 258
27 40 583
27 41 1424
27 42 306
27 43 631
27 44 1472
27 45 354
27 46 679
27 47 1520
27 48 402
27 49 727
27 50 1568
27 51 450
27 52 775
27 53 1616
27 54 498
27 55 823
27 56 1664
27 57 546
27 58 871
27 59 1712
27 60 594
27 61 919
27 62 1760
27 63 642
27 64 967
27 65 1808
27 66 690
27 67 1015
27 68 1856
27 69 474
28 0 935
28 1 820
28 2 560
28 3 843
28 4 647
28 5 1090
28 6 682
28 7 599
28 8 1153
28 9 630
28 10 582
28 11 473
28 12 799
28 13 863
28 14 655
28 15 673
28 16 416
28 17 720
28 18 864
28 19 508
28 20 860
28 21 773
28 22 1015
28 23 800
28 24 590
28 25 364
28 26 820
28 27 977
28 28 0
28 29 577
28 30 612
28 31 881
28 32 569
28 33 815
28 34 698
28 35 1539
28 36 767
28 37 650
28 38 1491
28 39 719
28 40 602
28 41 1443
28 42 671
28 43 554
28 44 1395
28 45 623
28 46 506
28 47 1347
28 48 575
28 49 458
28 50 1299
28 51 527
28 52 410
28 53 1251
28 54 479
28 55 362
28 56 1203
28 57 527
28 58 410
28 59 1251
28 60 575
28 61 458
28 62 1299
28 63 623
28 64 506
28 65 1347
28 66 671
28 67 554
28 68 1395
28 69 935
29 0 458
29 1 439
29 2 1037
29 3 366
29 4 1124
29 5 1471
29 6 1063
29 7 980
29 8 1630
29 9 1011
29 10 963
29 11 950
29 12 1180
29 13 338
29 14 274
29 15 196
29 16 161
29 17 339
29 18 483
29 19 985
29 20 383
29 21 296
29 22 1396
29 23 1181
29 24 13
29 25 213
29 26 343
29 27 500
29 28 577
29 29 0
29 30 785
29 31 404
29 32 950
29 33 338
29 34 1079
29 35 1920
29 36 290
29 37 1031
29 38 1872
29 39 242
29 40 983
29 41 1824
29 42 194
29 43 935
29 44 1776
29 45 146
29 46 887
29 47 1728
29 48 98
29 49 839
29 50 1680
29 51 50
29 52 791
29 53 1632
29 54 98
29 55 839
29 56 1680
29 57 146
29 58 887
29 59 1728
29 60 194
29 61 935
29 62 1776
29 63 242
29 64 983
29 65 1824
29 66 290
29 67 1031
29 68 1872
29 69 458
30 0 1047
30 1 942
30 2 448
30 3 955
30 4 535
30 5 786
30 6 378
30 7 295
30 8 1041
30 9 326
30 10 278
30 11 361
30 12 495
30 13 655
30 14 959
30 15 785
30 16 846
30 17 946
30 18 1090
30 19 396
30 20 972
30 21 885
30 22 711
30 23 496
30 24 798
30 25 898
30 26 442
30 27 881
30 28 612
30 29 785
30 30 0
30 31 785
30 32 265
30 33 927
30 34 394
30 35 1235
30 36 879
30 37 346
30 38 1187
30 39 831
30 40 298
30 41 1139
30 42 783
30 43 250
30 44 1091
30 45 735
30 46 202
30 47 1043
30 48 687
30 49 154
30 50 995
30 51 735
30 52 202
30 53 1043
30 54 783
30 55 250
30 56 1091
30 57 831
30 58 298
30 59 1139
30 60 879
30 61 346
30 62 1187
30 63 927
30 64 394
30 65 1235
30 66 975
30 67 442
30 68 1283
30 69 1047
31 0 570
31 1 743
31 2 925
31 3 478
31 4 1012
31 5 1167
31 6 759
31 7 772
31 8 1518
31 9 707
31 10 659
31 11 838
31 12 876
31 13 742
31 14 578
31 15 208
31 16 465
31 17 643
31 18 787
31 19 873
31 20 495
31 21 408
31 22 1188
31 23 877
31 24 417
31 25 517
31 26 551
31 27 612
31 28 881
31 29 404
31 30 785
31 31 0
31 32 646
31 33 450
31 34 775
31 35 1616
31 36 402
31 37 727
31 38 1568
31 39 354
31 40 679
31 41 1520
31 42 306
31 43 631
31 44 1472
31 45 258
31 46 583
31 47 1424
31 48 306
31 49 631
31 50 1472
31 51 354
31 52 679
31 53 1520
31 54 402
31 55 727
31 56 1568
31 57 450
31 58 775
31 59 1616
31 60 498
31 61 823
31 62 1664
31 63 546
31 64 871
31 65 1712
31 66 594
31 67 919
31 68 1760
31 69 570
32 0 1216
32 1 899
32 2 405
32 3 972
32 4 492
32 5 647
32 6 239
32 7 252
32 8 972
32 9 187
32 10 13
32 11 318
32 12 356
32 13 612
32 14 968
32 15 854
32 16 985
32 17 903
32 18 1047
32 19 353
32 20 859
32 21 850
32 22 668
32 23 357
32 24 937
32 25 933
32 26 707
32 27 742
32 28 569
32 29 950
32 30 265
32 31 646
32 32 0
32 33 1096
32 34 255
32 35 970
32 36 1048
32 37 207
32 38 922
32 39 1000
32 40 159
32 41 874
32 42 952
32 43 111
32 44 826
32 45 904
32 46 63
32 47 778
32 48 952
32 49 111
32 50 826
32 51 1000
32 52 159
32 53 874
32 54 1048
32 55 207
32 56 922
32 57 1096
32 58 255
32 59 970
32 60 1144
32 61 303
32 62 1018
32 63 1192
32 64 351
32 65 1066
32 66 1240
32 67 399
32 68 1114
32 69 1216
33 0 120
33 1 677
33 2 1375
33 3 124
33 4 1462
33 5 1329
33 6 1113
33 7 1222
33 8 1968
33 9 1061
33 10 1109
33 11 1288
33 12 1230
33 13 676
33 14 512
33 15 242
33 16 399
33 17 577
33 18 721
33 19 1323
33 20 237
33 21 246
33 22 1638
33 23 943
33 24 351
33 25 451
33 26 485
33 27 354
33 28 815
33 29 338
33 30 927
33 31 450
33 32 1096
33 33 0
33 34 841
33 35 1682
33 36 48
33 37 889
33 38 1730
33 39 96
33 40 937
33 41 1778
33 42 144
33 43 985
33 44 1826
33 45 192
33 46 1033
33 47 1874
33 48 240
33 49 1081
33 50 1922
33 51 288
33 52 1129
33 53 1970
33 54 336
33 55 1177
33 56 2018
33 57 384
33 58 1225
33 59 2066
33 60 432
33 61 1273
33 62 2114
33 63 480
33 64 1321
33 65 2162
33 66 528
33 67 1369
33 68 2210
33 69 120
34 0 961
34 1 1028
34 2 534
34 3 813
34 4 621
34 5 488
34 6 272
34 7 381
34 8 1127
34 9 220
34 10 268
34 11 447
34 12 389
34 13 741
34 14 1097
34 15 983
34 16 1114
34 17 1032
34 18 1176
34 19 482
34 20 796
34 21 883
34 22 797
34 23 102
34 24 1066
34 25 1062
34 26 836
34 27 679
34 28 698
34 29 1079
34 30 394
34 31 775
34 32 255
34 33 841
34 34 0
34 35 841
34 36 889
34 37 48
34 38 889
34 39 937
34 40 96
34 41 937
34 42 985
34 43 144
34 44 985
34 45 1033
34 46 192
34 47 1033
34 48 1081
34 49 240
34 50 1081
34 51 1129
34 52 288
34 53 1129
34 54 1177
34 55 336
34 56 1177
34 57 1225
34 58 384
34 59 1225
34 60 1273
34 61 432
34 62 1273
34 63 1321
34 64 480
34 65 1321
34 66 1369
34 67 528
34 68 1369
34 69 961
35 0 1802
35 1 1869
35 2 1171
35 3 1654
35 4 1180
35 5 449
35 6 857
35 7 940
35 8 386
35 9 909
35 10 957
35 11 1162
35 12 740
35 13 1582
35 14 1938
35 15 1824
35 16 1955
35 17 1873
35 18 2017
35 19 1223
35 20 1637
35 21 1724
35 22 524
35 23 739
35 24 1907
35 25 1903
35 26 1677
35 27 1520
35 28 1539
35 29 1920
35 30 1235
35 31 1616
35 32 970
35 33 1682
35 34 841
35 35 0
35 36 1730
35 37 889
35 38 48
35 39 1778
35 40 937
35 41 96
35 42 1826
35 43 985
35 44 144
35 45 1874
35 46 1033
35 47 192
35 48 1922
35 49 1081
35 50 240
35 51 1970
35 52 1129
35 53 288
35 54 2018
35 55 1177
35 56 336
35 57 2066
35 58 1225
35 59 384
35 60 2114
35 61 1273
35 62 432
35 63 2162
35 64 1321
35 65 480
35 66 2210
35 67 1369
35 68 528
35 69 1802
36 0 168
36 1 629
36 2 1327
36 3 76
36 4 1414
36 5 1281
36 6 1065
36 7 1174
36 8 1920
36 9 1013
36 10 1061
36 11 1240
36 12 1182
36 13 628
36 14 464
36 15 194
36 16 351
36 17 529
36 18 673
36 19 1275
36 20 189
36 21 198
36 22 1590
36 23 991
36 24 303
36 25 403
36 26 437
36 27 306
36 28 767
36 29 290
36 30 879
36 31 402
36 32 1048
36 33 48
36 34 889
36 35 1730
36 36 0
36 37 841
36 38 1682
36 39 48
36 40 889
36 41 1730
36 42 96
36 43 937
36 44 1778
36 45 144
36 46 985
36 47 1826
36 48 192
36 49 1033
36 50 1874
36 51 240
36 52 1081
36 53 1922
36 54 288
36 55 1129
36 56 1970
36 57 336
36 58 1177
36 59 2018
36 60 384
36 61 1225
36 62 2066
36 63 432
36 64 1273
36 65 2114
36 66 480
36 67 1321
36 68 2162
36 69 168
37 0 1009
37 1 980
37 2 486
37 3 765
37 4 573
37 5 440
37 6 224
37 7 333
37 8 1079
37 9 172
37 10 220
37 11 399
37 12 341
37 13 693
37 14 1049
37 15 935
37 16 1066
37 17 984
37 18 1128
37 19 434
37 20 748
37 21 835
37 22 749
37 23 150
37 24 1018
37 25 1014
37 26 788
37 27 631
37 28 650
37 29 1031
37 30 346
37 31 727
37 32 207
37 33 889
37 34 48
37 35 889
37 36 841
37 37 0
37 38 841
37 39 889
37 40 48
37 41 889
37 42 937
37 43 96
37 44 937
37 45 985
37 46 144
37 47 985
37 48 1033
37 49 192
37 50 1033
37 51 1081
37 52 240
37 53 1081
37 54 1129
37 55 288
37 56 1129
37 57 1177
37 58 336
37 59 1177
37 60 1225
37 61 384
37 62 1225
37 63 1273
37 64 432
37 65 1273
37 66 1321
37 67 480
37 68 1321
37 69 1009
38 0 1850
38 1 1821
38 2 1123
38 3 1606
38 4 1132
38 5 401
38 6 809
38 7 892
38 8 338
38 9 861
38 10 909
38 11 1114
38 12 692
38 13 1534
38 14 1890
38 15 1776
38 16 1907
38 17 1825
38 18 1969
38 19 1175
38 20 1589
38 21 1676
38 22 476
38 23 787
38 24 1859
38 25 1855
38 26 1629
38 27 1472
38 28 1491
38 29 1872
38 30 1187
38 31 1568
38 32 922
38 33 1730
38 34 889
38 35 48
38 36 1682
38 37 841
38 38 0
38 39 1730
38 40 889
38 41 48
38 42 1778
38 43 937
38 44 96
38 45 1826
38 46 985
38 47 144
38 48 1874
38 49 1033
38 50 192
38 51 1922
38 52 1081
38 53 240
38 54 1970
38 55 1129
38 56 288
38 57 2018
38 58 1177
38 59 336
38 60 2066
38 61 1225
38 62 384
38 63 2114
38 64 1273
38 65 432
38 66 2162
38 67 1321
38 68 480
38 69 1850
39 0 216
39 1 581
39 2 1279
39 3 124
39 4 1366
39 5 1329
39 6 1017
39 7 1126
39 8 1872
39 9 965
39 10 1013
39 11 1192
39 12 1134
39 13 580
39 14 416
39 15 146
39 16 303
39 17 481
39 18 625
39 19 1227
39 20 141
39 21 150
39 22 1542
39 23 1039
39 24 255
39 25 355
39 26 389
39 27 258
39 28 719
39 29 242
39 30 831
39 31 354
39 32 1000
39 33 96
39 34 937
39 35 1778
39 36 48
39 37 889
39 38 1730
39 39 0
39 40 841
39 41 1682
39 42 48
39 43 889
39 44 1730
39 45 96
39 46 937
39 47 1778
39 48 144
39 49 985
39 50 1826
39 51 192
39 52 1033
39 53 1874
39 54 240
39 55 1081
39 56 1922
39 57 288
39 58 1129
39 59 1970
39 60 336
39 61 1177
39 62 2018
39 63 384
39 64 1225
39 65 2066
39 66 432
39 67 1273
39 68 2114
39 69 216
40 0 1057
40 1 932
40 2 438
40 3 813
40 4 525
40 5 488
40 6 176
40 7 285
40 8 1031
40 9 124
40 10 172
40 11 351
40 12 293
40 13 645
40 14 1001
40 15 887
40 16 1018
40 17 936
40 18 1080
40 19 386
40 20 700
40 21 787
40 22 701
40 23 198
40 24 970
40 25 966
40 26 740
40 27 583
40 28 602
40 29 983
40 30 298
40 31 679
40 32 159
40 33 937
40 34 96
40 35 937
40 36 889
40 37 48
40 38 889
40 39 841
40 40 0
40 41 841
40 42 889
40 43 48
40 44 889
40 45 937
40 46 96
40 47 937
40 48 985
40 49 144
40 50 985
40 51 1033
40 52 192
40 53 1033
40 54 1081
40 55 240
40 56 1081
40 57 1129
40 58 288
40 59 1129
40 60 1177
40 61 336
40 62 1177
40 63 1225
40 64 384
40 65 1225
40 66 1273
40 67 432
40 68 1273
40 69 1057
41 0 1898
41 1 1773
41 2 1075
41 3 1654
41 4 1084
41 5 449
41 6 761
41 7 844
41 8 290
41 9 813
41 10 861
41 11 1066
41 12 644
41 13 1486
41 14 1842
41 15 1728
41 16 1859
41 17 1777
41 18 1921
41 19 1127
41 20 1541
41 21 1628
41 22 428
41 23 835
41 24 1811
41 25 1807
41 26 1581
41 27 1424
41 28 1443
41 29 1824
41 30 1139
41 31 1520
41 32 874
41 33 1778
41 34 937
41 35 96
41 36 1730
41 37 889
41 38 48
41 39 1682
41 40 841
41 41 0
41 42 1730
41 43 889
41 44 48
41 45 1778
41 46 937
41 47 96
41 48 1826
41 49 985
41 50 144
41 51 1874
41 52 1033
41 53 192
41 54 1922
41 55 1081
41 56 240
41 57 1970
41 58 1129
41 59 288
41 60 2018
41 61 1177
41 62 336
41 63 2066
41 64 1225
41 65 384
41 66 2114
41 67 1273
41 68 432
41 69 1898
42 0 264
42 1 533
42 2 1231
42 3 172
42 4 1318
42 5 1377
42 6 969
42 7 1078
42 8 1824
42 9 917
42 10 965
42 11 1144
42 12 1086
42 13 532
42 14 368
42 15 98
42 16 255
42 17 433
42 18 577
42 19 1179
42 20 189
42 21 102
42 22 1494
42 23 1087
42 24 207
42 25 307
42 26 341
42 27 306
42 28 671
42 29 194
42 30 783
42 31 306
42 32 952
42 33 144
42 34 985
42 35 1826
42 36 96
42 37 937
42 38 1778
42 39 48
42 40 889
42 41 1730
42 42 0
42 43 841
42 44 1682
42 45 48
42 46 889
42 47 1730
42 48 96
42 49 937
42 50 1778
42 51 144
42 52 985
42 53 1826
42 54 192
42 55 1033
42 56 1874
42 57 240
42 58 1081
42 59 1922
42 60 288
42 61 1129
42 62 1970
42 63 336
42 64 1177
42 65 2018
42 66 384
42 67 1225
42 68 2066
42 69 264
43 0 1105
43 1 884
43 2 390
43 3 861
43 4 477
43 5 536
43 6 128
43 7 237
43 8 983
43 9 76
43 10 124
43 11 303
43 12 245
43 13 597
43 14 953
43 15 839
43 16 970
43 17 888
43 18 1032
43 19 338
43 20 748
43 21 739
43 22 653
43 23 246
43 24 922
43 25 918
43 26 692
43 27 631
43 28 554
43 29 935
43 30 250
43 31 631
43 32 111
43 33 985
43 34 144
43 35 985
43 36 937
43 37 96
43 38 937
43 39 889
43 40 48
43 41 889
43 42 841
43 43 0
43 44 841
43 45 889
43 46 48
43 47 889
43 48 937
43 49 96
43 50 937
43 51 985
43 52 144
43 53 985
43 54 1033
43 55 192
43 56 1033
43 57 1081
43 58 240
43 59 1081
43 60 1129
43 61 288
43 62 1129
43 63 1177
43 64 336
43 65 1177
43 66 1225
43 67 384
43 68 1225
43 69 1105
44 0 1946
44 1 1725
44 2 1027
44 3 1702
44 4 1036
44 5 497
44 6 713
44 7 796
44 8 242
44 9 765
44 10 813
44 11 1018
44 12 596
44 13 1438
44 14 1794
44 15 1680
44 16 1811
44 17 1729
44 18 1873
44 19 1079
44 20 1589
44 21 1580
44 22 380
44 23 883
44 24 1763
44 25 1759
44 26 1533
44 27 1472
44 28 1395
44 29 1776
44 30 1091
44 31 1472
44 32 826
44 33 1826
44 34 985
44 35 144
44 36 1778
44 37 937
44 38 96
44 39 1730
44 40 889
44 41 48
44 42 1682
44 43 841
44 44 0
44 45 1730
44 46 889
44 47 48
44 48 1778
44 49 937
44 50 96
44 51 1826
44 52 985
44 53 144
44 54 1874
44 55 1033
44 56 192
44 57 1922
44 58 1081
44 59 240
44 60 1970
44 61 1129
44 62 288
44 63 2018
44 64 1177
44 65 336
44 66 2066
44 67 1225
44 68 384
44 69 1946
45 0 312
45 1 485
45 2 1183
45 3 220
45 4 1270
45 5 1425
45 6 1017
45 7 1030
45 8 1776
45 9 965
45 10 917
45 11 1096
45 12 1134
45 13 484
45 14 320
45 15 50
45 16 207
45 17 385
45 18 529
45 19 1131
45 20 237
45 21 150
45 22 1446
45 23 1135
45 24 159
45 25 259
45 26 293
45 27 354
45 28 623
45 29 146
45 30 735
45 31 258
45 32 904
45 33 192
45 34 1033
45 35 1874
45 36 144
45 37 985
45 38 1826
45 39 96
45 40 937
45 41 1778
45 42 48
45 43 889
45 44 1730
45 45 0
45 46 841
45 47 1682
45 48 48
45 49 889
45 50 1730
45 51 96
45 52 937
45 53 1778
45 54 144
45 55 985
45 56 1826
45 57 192
45 58 1033
45 59 1874
45 60 240
45 61 1081
45 62 1922
45 63 288
45 64 1129
45 65 1970
45 66 336
45 67 1177
45 68 2018
45 69 312
46 0 1153
46 1 836
46 2 342
46 3 909
46 4 429
46 5 584
46 6 176
46 7 189
46 8 935
46 9 124
46 10 76
46 11 255
46 12 293
46 13 549
46 14 905
46 15 791
46 16 922
46 17 840
46 18 984
46 19 290
46 20 796
46 21 787
46 22 605
46 23 294
46 24 874
46 25 870
46 26 644
46 27 679
46 28 506
46 29 887
46 30 202
46 31 583
46 32 63
46 33 1033
46 34 192
46 35 1033
46 36 985
46 37 144
46 38 985
46 39 937
46 40 96
46 41 937
46 42 889
46 43 48
46 44 889
46 45 841
46 46 0
46 47 841
46 48 889
46 49 48
46 50 889
46 51 937
46 52 96
46 53 937
46 54 985
46 55 144
46 56 985
46 57 1033
46 58 192
46 59 1033
46 60 1081
46 61 240
46 62 1081
46 63 1129
46 64 288
46 65 1129
46 66 1177
46 67 336
46 68 1177
46 69 1153
47 0 1994
47 1 1677
47 2 979
47 3 1750
47 4 988
47 5 545
47 6 761
47 7 748
47 8 194
47 9 813
47 10 765
47 11 970
47 12 644
47 13 1390
47 14 1746
47 15 1632
47 16 1763
47 17 1681
47 18 1825
47 19 1031
47 20 1637
47 21 1628
47 22 332
47 23 931
47 24 1715
47 25 1711
47 26 1485
47 27 1520
47 28 1347
47 29 1728
47 30 1043
47 31 1424
47 32 778
47 33 1874
47 34 1033
47 35 192
47 36 1826
47 37 985
47 38 144
47 39 1778
47 40 937
47 41 96
47 42 1730
47 43 889
47 44 48
47 45 1682
47 46 841
47 47 0
47 48 1730
47 49 889
47 50 48
47 51 1778
47 52 937
47 53 96
47 54 1826
47 55 985
47 56 144
47 57 1874
47 58 1033
47 59 192
47 60 1922
47 61 1081
47 62 240
47 63 1970
47 64 1129
47 65 288
47 66 2018
47 67 1177
47 68 336
47 69 1994
48 0 360
48 1 437
48 2 1135
48 3 268
48 4 1222
48 5 1473
48 6 1065
48 7 982
48 8 1728
48 9 1013
48 10 965
48 11 1048
48 12 1182
48 13 436
48 14 272
48 15 98
48 16 159
48 17 337
48 18 481
48 19 1083
48 20 285
48 21 198
48 22 1398
48 23 1183
48 24 111
48 25 211
48 26 245
48 27 402
48 28 575
48 29 98
48 30 687
48 31 306
48 32 952
48 33 240
48 34 1081
48 35 1922
48 36 192
48 37 1033
48 38 1874
48 39 144
48 40 985
48 41 1826
48 42 96
48 43 937
48 44 1778
48 45 48
48 46 889
48 47 1730
48 48 0
48 49 841
48 50 1682
48 51 48
48 52 889
48 53 1730
48 54 96
48 55 937
48 56 1778
48 57 144
48 58 985
48 59 1826
48 60 192
48 61 1033
48 62 1874
48 63 240
48 64 1081
48 65 1922
48 66 288
48 67 1129
48 68 1970
48 69 360
49 0 1201
49 1 788
49 2 294
49 3 957
49 4 381
49 5 632
49 6 224
49 7 141
49 8 887
49 9 172
49 10 124
49 11 207
49 12 341
49 13 501
49 14 857
49 15 839
49 16 874
49 17 792
49 18 936
49 19 242
49 20 844
49 21 835
49 22 557
49 23 342
49 24 826
49 25 822
49 26 596
49 27 727
49 28 458
49 29 839
49 30 154
49 31 631
49 32 111
49 33 1081
49 34 240
49 35 1081
49 36 1033
49 37 192
49 38 1033
49 39 985
49 40 144
49 41 985
49 42 937
49 43 96
49 44 937
49 45 889
49 46 48
49 47 889
49 48 841
49 49 0
49 50 841
49 51 889
49 52 48
49 53 889
49 54 937
49 55 96
49 56 937
49 57 985
49 58 144
49 59 985
49 60 1033
49 61 192
49 62 1033
49 63 1081
49 64 240
49 65 1081
49 66 1129
49 67 288
49 68 1129
49 69 1201
50 0 2042
50 1 1629
50 2 931
50 3 1798
50 4 940
50 5 593
50 6 809
50 7 700
50 8 146
50 9 861
50 10 813
50 11 922
50 12 692
50 13 1342
50 14 1698
50 15 1680
50 16 1715
50 17 1633
50 18 1777
50 19 983
50 20 1685
50 21 1676
50 22 284
50 23 979
50 24 1667
50 25 1663
50 26 1437
50 27 1568
50 28 1299
50 29 1680
50 30 995
50 31 1472
50 32 826
50 33 1922
50 34 1081
50 35 240
50 36 1874
50 37 1033
50 38 192
50 39 1826
50 40 985
50 41 144
50 42 1778
50 43 937
50 44 96
50 45 1730
50 46 889
50 47 48
50 48 1682
50 49 841
50 50 0
50 51 1730
50 52 889
50 53 48
50 54 1778
50 55 937
50 56 96
50 57 1826
50 58 985
50 59 144
50 60 1874
50 61 1033
50 62 192
50 63 1922
50 64 1081
50 65 240
50 66 1970
50 67 1129
50 68 288
50 69 2042
51 0 408
51 1 389
51 2 1087
51 3 316
51 4 1174
51 5 1521
51 6 1113
51 7 1030
51 8 1680
51 9 1061
51 10 1013
51 11 1000
51 12 1230
51 13 388
51 14 224
51 15 146
51 16 111
51 17 289
51 18 433
51 19 1035
51 20 333
51 21 246
51 22 1446
51 23 1231
51 24 63
51 25 163
51 26 293
51 27 450
51 28 527
51 29 50
51 30 735
51 31 354
51 32 1000
51 33 288
51 34 1129
51 35 1970
51 36 240
51 37 1081
51 38 1922
51 39 192
51 40 1033
51 41 1874
51 42 144
51 43 985
51 44 1826
51 45 96
51 46 937
51 47 1778
51 48 48
51 49 889
51 50 1730
51 51 0
51 52 841
51 53 1682
51 54 48
51 55 889
51 56 1730
51 57 96
51 58 937
51 59 1778
51 60 144
51 61 985
51 62 1826
51 63 192
51 64 1033
51 65 1874
51 66 240
51 67 1081
51 68 1922
51 69 408
52 0 1249
52 1 740
52 2 246
52 3 1005
52 4 333
52 5 680
52 6 272
52 7 189
52 8 839
52 9 220
52 10 172
52 11 159
52 12 389
52 13 453
52 14 809
52 15 887
52 16 826
52 17 744
52 18 888
52 19 194
52 20 892
52 21 883
52 22 605
52 23 390
52 24 778
52 25 774
52 26 644
52 27 775
52 28 410
52 29 791
52 30 202
52 31 679
52 32 159
52 33 1129
52 34 288
52 35 1129
52 36 1081
52 37 240
52 38 1081
52 39 1033
52 40 192
52 41 1033
52 42 985
52 43 144
52 44 985
52 45 937
52 46 96
52 47 937
52 48 889
52 49 48
52 50 889
52 51 841
52 52 0
52 53 841
52 54 889
52 55 48
52 56 889
52 57 937
52 58 96
52 59 937
52 60 985
52 61 144
52 62 985
52 63 1033
52 64 192
52 65 1033
52 66 1081
52 67 240
52 68 1081
52 69 1249
53 0 2090
53 1 1581
53 2 883
53 3 1846
53 4 892
53 5 641
53 6 857
53 7 748
53 8 98
53 9 909
53 10 861
53 11 874
53 12 740
53 13 1294
53 14 1650
53 15 1728
53 16 1667
53 17 1585
53 18 1729
53 19 935
53 20 1733
53 21 1724
53 22 332
53 23 1027
53 24 1619
53 25 1615
53 26 1485
53 27 1616
