//alpha
1
//NbLocations
63
//NbProducts
46
//NbPickers
2
//CapaPicker
12
//TimeToTravelOneDistanceUnit
3
//SetupTime
5400
//PickTime
300
//Products
//Idx Location Size
1 1 1
2 2 1
3 3 1
4 4 1
5 5 1
6 6 1
7 7 1
8 8 1
9 9 1
10 10 1
11 11 1
12 12 1
13 13 1
14 10 1
15 14 1
16 15 1
17 16 1
18 17 1
19 18 1
20 19 1
21 20 1
22 21 1
23 22 1
24 23 1
25 24 1
26 15 1
27 25 1
28 26 1
29 27 1
30 28 1
31 29 1
32 30 1
33 31 1
34 32 1
35 33 1
36 34 1
37 35 1
38 36 1
39 37 1
40 38 1
41 39 1
42 40 1
43 41 1
44 42 1
45 43 1
46 44 1
//Orders
//NbOrders
6
//Idx DueDate TardinessPenalty NbProdInOrder ProdIdx1 Qty1 ProdIdx2 Qty2 ...
1 108000 0 12 1 1 2 1 3 1 4 1 5 1 6 1 7 1 8 1 9 1 10 1 11 1 12 1
2 72000 0 8 13 1 14 1 15 1 16 1 17 1 18 1 19 1 20 1
3 90000 0 3 21 1 22 1 23 1
4 54000 0 7 24 1 25 1 26 1 27 1 28 1 29 1 30 1
5 108000 0 12 31 1 32 1 33 1 34 1 35 1 36 1 37 1 38 1 39 1 40 1 41 1 42 1
6 72000 0 4 43 1 44 1 45 1 46 1
//Graph (Products are vertices indexed from 1 to NbProducts)
//NbVerticesIntersections
18
//DepartingDepot
0
//ArrivalDepot
63
//Arcs
//Start End Distance
0 45 120
1 27 39
1 45 310
2 34 26
2 38 91
3 30 130
3 62 167
4 15 338
4 56 63
5 29 0
5 57 63
6 9 169
6 48 154
7 9 13
7 49 115
8 42 169
8 55 50
9 6 169
9 7 13
10 36 13
10 49 50
11 33 143
11 60 63
12 29 78
12 35 39
13 16 91
13 35 117
14 33 52
14 61 193
15 4 338
15 55 50
16 13 91
16 58 63
17 32 26
17 51 63
18 20 91
18 38 26
19 39 182
19 58 128
20 18 91
20 43 0
21 24 221
21 52 102
22 31 91
22 37 39
23 32 260
23 52 102
24 21 221
24 28 78
25 41 0
25 42 13
26 37 0
26 40 26
27 1 39
27 46 102
28 24 78
28 53 50
29 5 0
29 12 78
30 3 130
30 44 65
31 22 91
31 50 63
32 17 26
32 23 260
33 11 143
33 14 52
34 2 26
34 46 167
35 12 39
35 13 117
36 10 13
36 40 169
37 22 39
37 26 0
38 2 91
38 18 26
39 19 182
39 59 141
40 26 26
40 36 169
41 25 0
41 54 219
42 8 169
42 25 13
43 20 0
43 47 50
44 30 65
44 61 89
45 1 310
45 48 48
45 63 120
46 27 102
46 34 167
46 49 48
47 43 50
47 50 48
48 6 154
48 45 48
48 51 48
49 7 115
49 10 50
49 46 48
49 52 48
50 31 63
50 47 48
50 53 48
51 17 63
51 48 48
51 54 48
52 21 102
52 23 102
52 49 48
52 55 48
53 28 50
53 50 48
53 56 48
54 41 219
54 51 48
54 57 48
55 8 50
55 15 50
55 52 48
55 58 48
56 4 63
56 53 48
56 59 48
57 5 63
57 54 48
57 60 48
58 16 63
58 19 128
58 55 48
58 61 48
59 39 141
59 56 48
59 62 48
60 11 63
60 57 48
61 14 193
61 44 89
61 58 48
62 3 167
62 59 48
//LocStart LocEnd ShortestPath
0 0 0
0 1 430
0 2 764
0 3 1095
0 4 1103
0 5 375
0 6 322
0 7 504
0 8 665
0 9 491
0 10 669
0 11 423
0 12 453
0 13 609
0 14 618
0 15 765
0 16 700
0 17 279
0 18 881
0 19 891
0 20 972
0 21 769
0 22 916
0 23 565
0 24 990
0 25 483
0 26 877
0 27 469
0 28 1068
0 29 375
0 30 965
0 31 1007
0 32 305
0 33 566
0 34 738
0 35 492
0 36 682
0 37 877
0 38 855
0 39 1073
0 40 851
0 41 483
0 42 496
0 43 972
0 44 900
0 45 120
0 46 571
0 47 1022
0 48 168
0 49 619
0 50 1070
0 51 216
0 52 667
0 53 1118
0 54 264
0 55 715
0 56 1166
0 57 312
0 58 763
0 59 1214
0 60 360
0 61 811
0 62 1262
0 63 0
1 0 430
1 1 0
1 2 334
1 3 665
1 4 673
1 5 565
1 6 486
1 7 304
1 8 335
1 9 317
1 10 239
1 11 613
1 12 643
1 13 487
1 14 574
1 15 335
1 16 396
1 17 469
1 18 451
1 19 461
1 20 542
1 21 339
1 22 486
1 23 339
1 24 560
1 25 517
1 26 447
1 27 39
1 28 638
1 29 565
1 30 535
1 31 577
1 32 495
1 33 626
1 34 308
1 35 604
1 36 252
1 37 447
1 38 425
1 39 643
1 40 421
1 41 517
1 42 504
1 43 542
1 44 470
1 45 310
1 46 141
1 47 592
1 48 358
1 49 189
1 50 640
1 51 406
1 52 237
1 53 688
1 54 454
1 55 285
1 56 736
1 57 502
1 58 333
1 59 784
1 60 550
1 61 381
1 62 832
1 63 430
2 0 764
2 1 334
2 2 0
2 3 665
2 4 465
2 5 773
2 6 538
2 7 356
2 8 387
2 9 369
2 10 291
2 11 821
2 12 695
2 13 539
2 14 626
2 15 387
2 16 448
2 17 677
2 18 117
2 19 513
2 20 208
2 21 391
2 22 460
2 23 391
2 24 482
2 25 569
2 26 499
2 27 295
2 28 404
2 29 773
2 30 587
2 31 369
2 32 651
2 33 678
2 34 26
2 35 656
2 36 304
2 37 499
2 38 91
2 39 591
2 40 473
2 41 569
2 42 556
2 43 208
2 44 522
2 45 644
2 46 193
2 47 258
2 48 692
2 49 241
2 50 306
2 51 740
2 52 289
2 53 354
2 54 788
2 55 337
2 56 402
2 57 836
2 58 385
2 59 450
2 60 884
2 61 433
2 62 498
2 63 764
3 0 1095
3 1 665
3 2 665
3 3 0
3 4 326
3 5 720
3 6 773
3 7 591
3 8 430
3 9 604
3 10 526
3 11 672
3 12 642
3 13 486
3 14 477
3 15 430
3 16 395
3 17 816
3 18 548
3 19 460
3 20 457
3 21 530
3 22 513
3 23 530
3 24 439
3 25 612
3 26 552
3 27 626
3 28 361
3 29 720
3 30 130
3 31 422
3 32 790
3 33 529
3 34 691
3 35 603
3 36 539
3 37 552
3 38 574
3 39 356
3 40 578
3 41 612
3 42 599
3 43 457
3 44 195
3 45 975
3 46 524
3 47 407
3 48 927
3 49 476
3 50 359
3 51 879
3 52 428
3 53 311
3 54 831
3 55 380
3 56 263
3 57 783
3 58 332
3 59 215
3 60 735
3 61 284
3 62 167
3 63 1095
4 0 1103
4 1 673
4 2 465
4 3 326
4 4 0
4 5 824
4 6 781
4 7 599
4 8 438
4 9 612
4 10 534
4 11 872
4 12 746
4 13 590
4 14 677
4 15 338
4 16 499
4 17 824
4 18 348
4 19 434
4 20 257
4 21 460
4 22 313
4 23 538
4 24 239
4 25 620
4 26 352
4 27 634
4 28 161
4 29 824
4 30 456
4 31 222
4 32 798
4 33 729
4 34 491
4 35 707
4 36 547
4 37 352
4 38 374
4 39 252
4 40 378
4 41 620
4 42 607
4 43 257
4 44 521
4 45 983
4 46 532
4 47 207
4 48 935
4 49 484
4 50 159
4 51 887
4 52 436
4 53 111
4 54 839
4 55 388
4 56 63
4 57 887
4 58 436
4 59 111
4 60 935
4 61 484
4 62 159
4 63 1103
5 0 375
5 1 565
5 2 773
5 3 720
5 4 824
5 5 0
5 6 361
5 7 543
5 8 486
5 9 530
5 10 582
5 11 174
5 12 78
5 13 234
5 14 369
5 15 486
5 16 325
5 17 222
5 18 890
5 19 516
5 20 981
5 21 586
5 22 829
5 23 508
5 24 807
5 25 330
5 26 790
5 27 604
5 28 885
5 29 0
5 30 590
5 31 920
5 32 248
5 33 317
5 34 747
5 35 117
5 36 595
5 37 790
5 38 864
5 39 698
5 40 764
5 41 330
5 42 343
5 43 981
5 44 525
5 45 255
5 46 580
5 47 1031
5 48 207
5 49 532
5 50 983
5 51 159
5 52 484
5 53 935
5 54 111
5 55 436
5 56 887
5 57 63
5 58 388
5 59 839
5 60 111
5 61 436
5 62 887
5 63 375
6 0 322
6 1 486
6 2 538
6 3 773
6 4 781
6 5 361
6 6 0
6 7 182
6 8 443
6 9 169
6 10 347
6 11 409
6 12 439
6 13 595
6 14 604
6 15 443
6 16 504
6 17 265
6 18 655
6 19 569
6 20 746
6 21 447
6 22 594
6 23 447
6 24 668
6 25 469
6 26 555
6 27 447
6 28 746
6 29 361
6 30 643
6 31 685
6 32 291
6 33 552
6 34 512
6 35 478
6 36 360
6 37 555
6 38 629
6 39 751
6 40 529
6 41 469
6 42 482
6 43 746
6 44 578
6 45 202
6 46 345
6 47 796
6 48 154
6 49 297
6 50 748
6 51 202
6 52 345
6 53 796
6 54 250
6 55 393
6 56 844
6 57 298
6 58 441
6 59 892
6 60 346
6 61 489
6 62 940
6 63 322
7 0 504
7 1 304
7 2 356
7 3 591
7 4 599
7 5 543
7 6 182
7 7 0
7 8 261
7 9 13
7 10 165
7 11 591
7 12 569
7 13 413
7 14 500
7 15 261
7 16 322
7 17 447
7 18 473
7 19 387
7 20 564
7 21 265
7 22 412
7 23 265
7 24 486
7 25 443
7 26 373
7 27 265
7 28 564
7 29 543
7 30 461
7 31 503
7 32 473
7 33 552
7 34 330
7 35 530
7 36 178
7 37 373
7 38 447
7 39 569
7 40 347
7 41 443
7 42 430
7 43 564
7 44 396
7 45 384
7 46 163
7 47 614
7 48 336
7 49 115
7 50 566
7 51 384
7 52 163
7 53 614
7 54 432
7 55 211
7 56 662
7 57 480
7 58 259
7 59 710
7 60 528
7 61 307
7 62 758
7 63 504
8 0 665
8 1 335
8 2 387
8 3 430
8 4 438
8 5 486
8 6 443
8 7 261
8 8 0
8 9 274
8 10 196
8 11 534
8 12 408
8 13 252
8 14 339
8 15 100
8 16 161
8 17 486
8 18 504
8 19 226
8 20 595
8 21 200
8 22 443
8 23 200
8 24 421
8 25 182
8 26 404
8 27 296
8 28 499
8 29 486
8 30 300
8 31 534
8 32 460
8 33 391
8 34 361
8 35 369
8 36 209
8 37 404
8 38 478
8 39 408
8 40 378
8 41 182
8 42 169
8 43 595
8 44 235
8 45 545
8 46 194
8 47 645
8 48 497
8 49 146
8 50 597
8 51 449
8 52 98
8 53 549
8 54 401
8 55 50
8 56 501
8 57 449
8 58 98
8 59 549
8 60 497
8 61 146
8 62 597
8 63 665
9 0 491
9 1 317
9 2 369
9 3 604
9 4 612
9 5 530
9 6 169
9 7 13
9 8 274
9 9 0
9 10 178
9 11 578
9 12 582
9 13 426
9 14 513
9 15 274
9 16 335
9 17 434
9 18 486
9 19 400
9 20 577
9 21 278
9 22 425
9 23 278
9 24 499
9 25 456
9 26 386
9 27 278
9 28 577
9 29 530
9 30 474
9 31 516
9 32 460
9 33 565
9 34 343
9 35 543
9 36 191
9 37 386
9 38 460
9 39 582
9 40 360
9 41 456
9 42 443
9 43 577
9 44 409
9 45 371
9 46 176
9 47 627
9 48 323
9 49 128
9 50 579
9 51 371
9 52 176
9 53 627
9 54 419
9 55 224
9 56 675
9 57 467
9 58 272
9 59 723
9 60 515
9 61 320
9 62 771
9 63 491
10 0 669
10 1 239
10 2 291
10 3 526
10 4 534
10 5 582
10 6 347
10 7 165
10 8 196
10 9 178
10 10 0
10 11 630
10 12 504
10 13 348
10 14 435
10 15 196
10 16 257
10 17 486
10 18 408
10 19 322
10 20 499
10 21 200
10 22 247
10 23 200
10 24 421
10 25 378
10 26 208
10 27 200
10 28 499
10 29 582
10 30 396
10 31 338
10 32 460
10 33 487
10 34 265
10 35 465
10 36 13
10 37 208
10 38 382
10 39 504
10 40 182
10 41 378
10 42 365
10 43 499
10 44 331
10 45 549
10 46 98
10 47 449
10 48 501
10 49 50
10 50 401
10 51 549
10 52 98
10 53 449
10 54 597
10 55 146
10 56 497
10 57 645
10 58 194
10 59 545
10 60 693
10 61 242
10 62 593
10 63 669
11 0 423
11 1 613
11 2 821
11 3 672
11 4 872
11 5 174
11 6 409
11 7 591
11 8 534
11 9 578
11 10 630
11 11 0
11 12 252
11 13 408
11 14 195
11 15 534
11 16 499
11 17 270
11 18 938
11 19 564
11 20 1029
11 21 634
11 22 877
11 23 556
11 24 855
11 25 378
11 26 838
11 27 652
11 28 933
11 29 174
11 30 542
11 31 968
11 32 296
11 33 143
11 34 795
11 35 291
11 36 643
11 37 838
11 38 912
11 39 746
11 40 812
11 41 378
11 42 391
11 43 1029
11 44 477
11 45 303
11 46 628
11 47 1079
11 48 255
11 49 580
11 50 1031
11 51 207
11 52 532
11 53 983
11 54 159
11 55 484
11 56 935
11 57 111
11 58 436
11 59 887
11 60 63
11 61 388
11 62 839
11 63 423
12 0 453
12 1 643
12 2 695
12 3 642
12 4 746
12 5 78
12 6 439
12 7 569
12 8 408
12 9 582
12 10 504
12 11 252
12 12 0
12 13 156
12 14 447
12 15 408
12 16 247
12 17 300
12 18 812
12 19 438
12 20 903
12 21 508
12 22 751
12 23 508
12 24 729
12 25 408
12 26 712
12 27 604
12 28 807
12 29 78
12 30 512
12 31 842
12 32 326
12 33 395
12 34 669
12 35 39
12 36 517
12 37 712
12 38 786
12 39 620
12 40 686
12 41 408
12 42 421
12 43 903
12 44 447
12 45 333
12 46 502
12 47 953
12 48 285
12 49 454
12 50 905
12 51 237
12 52 406
12 53 857
12 54 189
12 55 358
12 56 809
12 57 141
12 58 310
12 59 761
12 60 189
12 61 358
12 62 809
12 63 453
13 0 609
13 1 487
13 2 539
13 3 486
13 4 590
13 5 234
13 6 595
13 7 413
13 8 252
13 9 426
13 10 348
13 11 408
13 12 156
13 13 0
13 14 395
13 15 252
13 16 91
13 17 456
13 18 656
13 19 282
13 20 747
13 21 352
13 22 595
13 23 352
13 24 573
13 25 434
13 26 556
13 27 448
13 28 651
13 29 234
13 30 356
13 31 686
13 32 482
13 33 447
13 34 513
13 35 117
13 36 361
13 37 556
13 38 630
13 39 464
13 40 530
13 41 434
13 42 421
13 43 747
13 44 291
13 45 489
13 46 346
13 47 797
13 48 441
13 49 298
13 50 749
13 51 393
13 52 250
13 53 701
13 54 345
13 55 202
13 56 653
13 57 297
13 58 154
13 59 605
13 60 345
13 61 202
13 62 653
13 63 609
14 0 618
14 1 574
14 2 626
14 3 477
14 4 677
14 5 369
14 6 604
14 7 500
14 8 339
14 9 513
14 10 435
14 11 195
14 12 447
14 13 395
14 14 0
14 15 339
14 16 304
14 17 465
14 18 743
14 19 369
14 20 834
14 21 439
14 22 682
14 23 439
14 24 660
14 25 521
14 26 643
14 27 535
14 28 738
14 29 369
14 30 347
14 31 773
14 32 491
14 33 52
14 34 600
14 35 486
14 36 448
14 37 643
14 38 717
14 39 551
14 40 617
14 41 521
14 42 508
14 43 834
14 44 282
14 45 498
14 46 433
14 47 884
14 48 450
14 49 385
14 50 836
14 51 402
14 52 337
14 53 788
14 54 354
14 55 289
14 56 740
14 57 306
14 58 241
14 59 692
14 60 258
14 61 193
14 62 644
14 63 618
15 0 765
15 1 335
15 2 387
15 3 430
15 4 338
15 5 486
15 6 443
15 7 261
15 8 100
15 9 274
15 10 196
15 11 534
15 12 408
15 13 252
15 14 339
15 15 0
15 16 161
15 17 486
15 18 504
15 19 226
15 20 595
15 21 200
15 22 443
15 23 200
15 24 421
15 25 282
15 26 404
15 27 296
15 28 499
15 29 486
15 30 300
15 31 534
15 32 460
15 33 391
15 34 361
15 35 369
15 36 209
15 37 404
15 38 478
15 39 408
15 40 378
15 41 282
15 42 269
15 43 595
15 44 235
15 45 645
15 46 194
15 47 545
15 48 597
15 49 146
15 50 497
15 51 549
15 52 98
15 53 449
15 54 501
15 55 50
15 56 401
15 57 549
15 58 98
15 59 449
15 60 597
15 61 146
15 62 497
15 63 765
16 0 700
16 1 396
16 2 448
16 3 395
16 4 499
16 5 325
16 6 504
16 7 322
16 8 161
16 9 335
16 10 257
16 11 499
16 12 247
16 13 91
16 14 304
16 15 161
16 16 0
16 17 547
16 18 565
16 19 191
16 20 656
16 21 261
16 22 504
16 23 261
16 24 482
16 25 343
16 26 465
16 27 357
16 28 560
16 29 325
16 30 265
16 31 595
16 32 521
16 33 356
16 34 422
16 35 208
16 36 270
16 37 465
16 38 539
16 39 373
16 40 439
16 41 343
16 42 330
16 43 656
16 44 200
16 45 580
16 46 255
16 47 706
16 48 532
16 49 207
16 50 658
16 51 484
16 52 159
16 53 610
16 54 436
16 55 111
16 56 562
16 57 388
16 58 63
16 59 514
16 60 436
16 61 111
16 62 562
16 63 700
17 0 279
17 1 469
17 2 677
17 3 816
17 4 824
17 5 222
17 6 265
17 7 447
17 8 486
17 9 434
17 10 486
17 11 270
17 12 300
17 13 456
17 14 465
17 15 486
17 16 547
17 17 0
17 18 794
17 19 612
17 20 885
17 21 490
17 22 733
17 23 286
17 24 711
17 25 330
17 26 694
17 27 508
17 28 789
17 29 222
17 30 686
17 31 824
17 32 26
17 33 413
17 34 651
17 35 339
17 36 499
17 37 694
17 38 768
17 39 794
17 40 668
17 41 330
17 42 343
17 43 885
17 44 621
17 45 159
17 46 484
17 47 935
17 48 111
17 49 436
17 50 887
17 51 63
17 52 388
17 53 839
17 54 111
17 55 436
17 56 887
17 57 159
17 58 484
17 59 935
17 60 207
17 61 532
17 62 983
17 63 279
18 0 881
18 1 451
18 2 117
18 3 548
18 4 348
18 5 890
18 6 655
18 7 473
18 8 504
18 9 486
18 10 408
18 11 938
18 12 812
18 13 656
18 14 743
18 15 504
18 16 565
18 17 794
18 18 0
18 19 630
18 20 91
18 21 508
18 22 343
18 23 508
18 24 365
18 25 686
18 26 382
18 27 412
18 28 287
18 29 890
18 30 678
18 31 252
18 32 768
18 33 795
18 34 143
18 35 773
18 36 421
18 37 382
18 38 26
18 39 474
18 40 408
18 41 686
18 42 673
18 43 91
18 44 639
18 45 761
18 46 310
18 47 141
18 48 809
18 49 358
18 50 189
18 51 857
18 52 406
18 53 237
18 54 905
18 55 454
18 56 285
18 57 953
18 58 502
18 59 333
18 60 1001
18 61 550
18 62 381
18 63 881
19 0 891
19 1 461
19 2 513
19 3 460
19 4 434
19 5 516
19 6 569
19 7 387
19 8 226
19 9 400
19 10 322
19 11 564
19 12 438
19 13 282
19 14 369
19 15 226
19 16 191
19 17 612
19 18 630
19 19 0
19 20 565
19 21 326
19 22 569
19 23 326
19 24 547
19 25 408
19 26 530
19 27 422
19 28 469
19 29 516
19 30 330
19 31 530
19 32 586
19 33 421
19 34 487
19 35 399
19 36 335
19 37 530
19 38 604
19 39 182
19 40 504
19 41 408
19 42 395
19 43 565
19 44 265
19 45 771
19 46 320
19 47 515
19 48 723
19 49 272
19 50 467
19 51 675
19 52 224
19 53 419
19 54 627
19 55 176
19 56 371
19 57 579
19 58 128
19 59 323
19 60 627
19 61 176
19 62 371
19 63 891
20 0 972
20 1 542
20 2 208
20 3 457
20 4 257
20 5 981
20 6 746
20 7 564
20 8 595
20 9 577
20 10 499
20 11 1029
20 12 903
20 13 747
20 14 834
20 15 595
20 16 656
20 17 885
20 18 91
20 19 565
20 20 0
20 21 495
20 22 252
20 23 599
20 24 274
20 25 777
20 26 291
20 27 503
20 28 196
20 29 981
20 30 587
20 31 161
20 32 859
20 33 886
20 34 234
20 35 864
20 36 486
20 37 291
20 38 117
20 39 383
20 40 317
20 41 777
20 42 764
20 43 0
20 44 652
20 45 852
20 46 401
20 47 50
20 48 900
20 49 449
20 50 98
20 51 948
20 52 497
20 53 146
20 54 996
20 55 545
20 56 194
20 57 1044
20 58 593
20 59 242
20 60 1092
20 61 641
20 62 290
20 63 972
21 0 769
21 1 339
21 2 391
21 3 530
21 4 460
21 5 586
21 6 447
21 7 265
21 8 200
21 9 278
21 10 200
21 11 634
21 12 508
21 13 352
21 14 439
21 15 200
21 16 261
21 17 490
21 18 508
21 19 326
21 20 495
21 21 0
21 22 447
21 23 204
21 24 221
21 25 382
21 26 408
21 27 300
21 28 299
21 29 586
21 30 400
21 31 460
21 32 464
21 33 491
21 34 365
21 35 469
21 36 213
21 37 408
21 38 482
21 39 508
21 40 382
21 41 382
21 42 369
21 43 495
21 44 335
21 45 649
21 46 198
21 47 445
21 48 601
21 49 150
21 50 397
21 51 553
21 52 102
21 53 349
21 54 601
21 55 150
21 56 397
21 57 649
21 58 198
21 59 445
21 60 697
21 61 246
21 62 493
21 63 769
22 0 916
22 1 486
22 2 460
22 3 513
22 4 313
22 5 829
22 6 594
22 7 412
22 8 443
22 9 425
22 10 247
22 11 877
22 12 751
22 13 595
22 14 682
22 15 443
22 16 504
22 17 733
22 18 343
22 19 569
22 20 252
22 21 447
22 22 0
22 23 447
22 24 330
22 25 625
22 26 39
22 27 447
22 28 252
22 29 829
22 30 643
22 31 91
22 32 707
22 33 734
22 34 486
22 35 712
22 36 234
22 37 39
22 38 369
22 39 439
22 40 65
22 41 625
22 42 612
22 43 252
22 44 578
22 45 796
22 46 345
22 47 202
22 48 748
22 49 297
22 50 154
22 51 796
22 52 345
22 53 202
22 54 844
22 55 393
22 56 250
22 57 892
22 58 441
22 59 298
22 60 940
22 61 489
22 62 346
22 63 916
23 0 565
23 1 339
23 2 391
23 3 530
23 4 538
23 5 508
23 6 447
23 7 265
23 8 200
23 9 278
23 10 200
23 11 556
23 12 508
23 13 352
23 14 439
23 15 200
23 16 261
23 17 286
23 18 508
23 19 326
23 20 599
23 21 204
23 22 447
23 23 0
23 24 425
23 25 382
23 26 408
23 27 300
23 28 503
23 29 508
23 30 400
23 31 538
23 32 260
23 33 491
23 34 365
23 35 469
23 36 213
23 37 408
23 38 482
23 39 508
23 40 382
23 41 382
23 42 369
23 43 599
23 44 335
23 45 445
23 46 198
23 47 649
23 48 397
23 49 150
23 50 601
23 51 349
23 52 102
23 53 553
23 54 397
23 55 150
23 56 601
23 57 445
23 58 198
23 59 649
23 60 493
23 61 246
23 62 697
23 63 565
24 0 990
24 1 560
24 2 482
24 3 439
24 4 239
24 5 807
24 6 668
24 7 486
24 8 421
24 9 499
24 10 421
24 11 855
24 12 729
24 13 573
24 14 660
24 15 421
24 16 482
24 17 711
24 18 365
24 19 547
24 20 274
24 21 221
24 22 330
24 23 425
24 24 0
24 25 603
24 26 369
24 27 521
24 28 78
24 29 807
24 30 569
24 31 239
24 32 685
24 33 712
24 34 508
24 35 690
24 36 434
24 37 369
24 38 391
24 39 365
24 40 395
24 41 603
24 42 590
24 43 274
24 44 556
24 45 870
24 46 419
24 47 224
24 48 822
24 49 371
24 50 176
24 51 774
24 52 323
24 53 128
24 54 822
24 55 371
24 56 176
24 57 870
24 58 419
24 59 224
24 60 918
24 61 467
24 62 272
24 63 990
25 0 483
25 1 517
25 2 569
25 3 612
25 4 620
25 5 330
25 6 469
25 7 443
25 8 182
25 9 456
25 10 378
25 11 378
25 12 408
25 13 434
25 14 521
25 15 282
25 16 343
25 17 330
25 18 686
25 19 408
25 20 777
25 21 382
25 22 625
25 23 382
25 24 603
25 25 0
25 26 586
25 27 478
25 28 681
25 29 330
25 30 482
25 31 716
25 32 356
25 33 521
25 34 543
25 35 447
25 36 391
25 37 586
25 38 660
25 39 590
25 40 560
25 41 0
25 42 13
25 43 777
25 44 417
25 45 363
25 46 376
25 47 827
25 48 315
25 49 328
25 50 779
25 51 267
25 52 280
25 53 731
25 54 219
25 55 232
25 56 683
25 57 267
25 58 280
25 59 731
25 60 315
25 61 328
25 62 779
25 63 483
26 0 877
26 1 447
26 2 499
26 3 552
26 4 352
26 5 790
26 6 555
26 7 373
26 8 404
26 9 386
26 10 208
26 11 838
26 12 712
26 13 556
26 14 643
26 15 404
26 16 465
26 17 694
26 18 382
26 19 530
26 20 291
26 21 408
26 22 39
26 23 408
26 24 369
26 25 586
26 26 0
26 27 408
26 28 291
26 29 790
26 30 604
26 31 130
26 32 668
26 33 695
26 34 473
26 35 673
26 36 195
26 37 0
26 38 408
26 39 478
26 40 26
26 41 586
26 42 573
26 43 291
26 44 539
26 45 757
26 46 306
26 47 241
26 48 709
26 49 258
26 50 193
26 51 757
26 52 306
26 53 241
26 54 805
26 55 354
26 56 289
26 57 853
26 58 402
26 59 337
26 60 901
26 61 450
26 62 385
26 63 877
27 0 469
27 1 39
27 2 295
27 3 626
27 4 634
27 5 604
27 6 447
27 7 265
27 8 296
27 9 278
27 10 200
27 11 652
27 12 604
27 13 448
27 14 535
27 15 296
27 16 357
27 17 508
27 18 412
27 19 422
27 20 503
27 21 300
27 22 447
27 23 300
27 24 521
27 25 478
27 26 408
27 27 0
27 28 599
27 29 604
27 30 496
27 31 538
27 32 534
27 33 587
27 34 269
27 35 565
27 36 213
27 37 408
27 38 386
27 39 604
27 40 382
27 41 478
27 42 465
27 43 503
27 44 431
27 45 349
27 46 102
27 47 553
27 48 397
27 49 150
27 50 601
27 51 445
27 52 198
27 53 649
27 54 493
27 55 246
27 56 697
27 57 541
27 58 294
27 59 745
27 60 589
27 61 342
27 62 793
27 63 469
28 0 1068
28 1 638
28 2 404
28 3 361
28 4 161
28 5 885
28 6 746
28 7 564
28 8 499
28 9 577
28 10 499
28 11 933
28 12 807
28 13 651
28 14 738
28 15 499
28 16 560
28 17 789
28 18 287
28 19 469
28 20 196
28 21 299
28 22 252
28 23 503
28 24 78
28 25 681
28 26 291
28 27 599
28 28 0
28 29 885
28 30 491
28 31 161
28 32 763
28 33 790
28 34 430
28 35 768
28 36 486
28 37 291
28 38 313
28 39 287
28 40 317
28 41 681
28 42 668
28 43 196
28 44 556
28 45 948
28 46 497
28 47 146
28 48 900
28 49 449
28 50 98
28 51 852
28 52 401
28 53 50
28 54 900
28 55 449
28 56 98
28 57 948
28 58 497
28 59 146
28 60 996
28 61 545
28 62 194
28 63 1068
29 0 375
29 1 565
29 2 773
29 3 720
29 4 824
29 5 0
29 6 361
29 7 543
29 8 486
29 9 530
29 10 582
29 11 174
29 12 78
29 13 234
29 14 369
29 15 486
29 16 325
29 17 222
29 18 890
29 19 516
29 20 981
29 21 586
29 22 829
29 23 508
29 24 807
29 25 330
29 26 790
29 27 604
29 28 885
29 29 0
29 30 590
29 31 920
29 32 248
29 33 317
29 34 747
29 35 117
29 36 595
29 37 790
29 38 864
29 39 698
29 40 764
29 41 330
29 42 343
29 43 981
29 44 525
29 45 255
29 46 580
29 47 1031
29 48 207
29 49 532
29 50 983
29 51 159
29 52 484
29 53 935
29 54 111
29 55 436
29 56 887
29 57 63
29 58 388
29 59 839
29 60 111
29 61 436
29 62 887
29 63 375
30 0 965
30 1 535
30 2 587
30 3 130
30 4 456
30 5 590
30 6 643
30 7 461
30 8 300
30 9 474
30 10 396
30 11 542
30 12 512
30 13 356
30 14 347
30 15 300
30 16 265
30 17 686
30 18 678
30 19 330
30 20 587
30 21 400
30 22 643
30 23 400
30 24 569
30 25 482
30 26 604
30 27 496
30 28 491
30 29 590
30 30 0
30 31 552
30 32 660
30 33 399
30 34 561
30 35 473
30 36 409
30 37 604
30 38 678
30 39 486
30 40 578
30 41 482
30 42 469
30 43 587
30 44 65
30 45 845
30 46 394
30 47 537
30 48 797
30 49 346
30 50 489
30 51 749
30 52 298
30 53 441
30 54 701
30 55 250
30 56 393
30 57 653
30 58 202
30 59 345
30 60 605
30 61 154
30 62 297
30 63 965
31 0 1007
31 1 577
31 2 369
31 3 422
31 4 222
31 5 920
31 6 685
31 7 503
31 8 534
31 9 516
31 10 338
31 11 968
31 12 842
31 13 686
31 14 773
31 15 534
31 16 595
31 17 824
31 18 252
31 19 530
31 20 161
31 21 460
31 22 91
31 23 538
31 24 239
31 25 716
31 26 130
31 27 538
31 28 161
31 29 920
31 30 552
31 31 0
31 32 798
31 33 825
31 34 395
31 35 803
31 36 325
31 37 130
31 38 278
31 39 348
31 40 156
31 41 716
31 42 703
31 43 161
31 44 617
31 45 887
31 46 436
31 47 111
31 48 839
31 49 388
31 50 63
31 51 887
31 52 436
31 53 111
31 54 935
31 55 484
31 56 159
31 57 983
31 58 532
31 59 207
31 60 1031
31 61 580
31 62 255
31 63 1007
32 0 305
32 1 495
32 2 651
32 3 790
32 4 798
32 5 248
32 6 291
32 7 473
32 8 460
32 9 460
32 10 460
32 11 296
32 12 326
32 13 482
32 14 491
32 15 460
32 16 521
32 17 26
32 18 768
32 19 586
32 20 859
32 21 464
32 22 707
32 23 260
32 24 685
32 25 356
32 26 668
32 27 534
32 28 763
32 29 248
32 30 660
32 31 798
32 32 0
32 33 439
32 34 625
32 35 365
32 36 473
32 37 668
32 38 742
32 39 768
32 40 642
32 41 356
32 42 369
32 43 859
32 44 595
32 45 185
32 46 458
32 47 909
32 48 137
32 49 410
32 50 861
32 51 89
32 52 362
32 53 813
32 54 137
32 55 410
32 56 861
32 57 185
32 58 458
32 59 909
32 60 233
32 61 506
32 62 957
32 63 305
33 0 566
33 1 626
33 2 678
33 3 529
33 4 729
33 5 317
33 6 552
33 7 552
33 8 391
33 9 565
33 10 487
33 11 143
33 12 395
33 13 447
33 14 52
33 15 391
33 16 356
33 17 413
33 18 795
33 19 421
33 20 886
33 21 491
33 22 734
33 23 491
33 24 712
33 25 521
33 26 695
33 27 587
33 28 790
33 29 317
33 30 399
33 31 825
33 32 439
33 33 0
33 34 652
33 35 434
33 36 500
33 37 695
33 38 769
33 39 603
33 40 669
33 41 521
33 42 534
33 43 886
33 44 334
33 45 446
33 46 485
33 47 936
33 48 398
33 49 437
33 50 888
33 51 350
33 52 389
33 53 840
33 54 302
33 55 341
33 56 792
33 57 254
33 58 293
33 59 744
33 60 206
33 61 245
33 62 696
33 63 566
34 0 738
34 1 308
34 2 26
34 3 691
34 4 491
34 5 747
34 6 512
34 7 330
34 8 361
34 9 343
34 10 265
34 11 795
34 12 669
34 13 513
34 14 600
34 15 361
34 16 422
34 17 651
34 18 143
34 19 487
34 20 234
34 21 365
34 22 486
34 23 365
34 24 508
34 25 543
34 26 473
34 27 269
34 28 430
34 29 747
34 30 561
34 31 395
34 32 625
34 33 652
34 34 0
34 35 630
34 36 278
34 37 473
34 38 117
34 39 617
34 40 447
34 41 543
34 42 530
34 43 234
34 44 496
34 45 618
34 46 167
34 47 284
34 48 666
34 49 215
34 50 332
34 51 714
34 52 263
34 53 380
34 54 762
34 55 311
34 56 428
34 57 810
34 58 359
34 59 476
34 60 858
34 61 407
34 62 524
34 63 738
35 0 492
35 1 604
35 2 656
35 3 603
35 4 707
35 5 117
35 6 478
35 7 530
35 8 369
35 9 543
35 10 465
35 11 291
35 12 39
35 13 117
35 14 486
35 15 369
35 16 208
35 17 339
35 18 773
35 19 399
35 20 864
35 21 469
35 22 712
35 23 469
35 24 690
35 25 447
35 26 673
35 27 565
35 28 768
35 29 117
35 30 473
35 31 803
35 32 365
35 33 434
35 34 630
35 35 0
35 36 478
35 37 673
35 38 747
35 39 581
35 40 647
35 41 447
35 42 460
35 43 864
35 44 408
35 45 372
35 46 463
35 47 914
35 48 324
35 49 415
35 50 866
35 51 276
35 52 367
35 53 818
35 54 228
35 55 319
35 56 770
35 57 180
35 58 271
35 59 722
35 60 228
35 61 319
35 62 770
35 63 492
36 0 682
36 1 252
36 2 304
36 3 539
36 4 547
36 5 595
36 6 360
36 7 178
36 8 209
36 9 191
36 10 13
36 11 643
36 12 517
36 13 361
36 14 448
36 15 209
36 16 270
36 17 499
36 18 421
36 19 335
36 20 486
36 21 213
36 22 234
36 23 213
36 24 434
36 25 391
36 26 195
36 27 213
36 28 486
36 29 595
36 30 409
36 31 325
36 32 473
36 33 500
36 34 278
36 35 478
36 36 0
36 37 195
36 38 395
36 39 517
36 40 169
36 41 391
36 42 378
36 43 486
36 44 344
36 45 562
36 46 111
36 47 436
36 48 514
36 49 63
36 50 388
36 51 562
36 52 111
36 53 436
36 54 610
36 55 159
36 56 484
36 57 658
36 58 207
36 59 532
36 60 706
36 61 255
36 62 580
36 63 682
37 0 877
37 1 447
37 2 499
37 3 552
37 4 352
37 5 790
37 6 555
37 7 373
37 8 404
37 9 386
37 10 208
37 11 838
37 12 712
37 13 556
37 14 643
37 15 404
37 16 465
37 17 694
37 18 382
37 19 530
37 20 291
37 21 408
37 22 39
37 23 408
37 24 369
37 25 586
37 26 0
37 27 408
37 28 291
37 29 790
37 30 604
37 31 130
37 32 668
37 33 695
37 34 473
37 35 673
37 36 195
37 37 0
37 38 408
37 39 478
37 40 26
37 41 586
37 42 573
37 43 291
37 44 539
37 45 757
37 46 306
37 47 241
37 48 709
37 49 258
37 50 193
37 51 757
37 52 306
37 53 241
37 54 805
37 55 354
37 56 289
37 57 853
37 58 402
37 59 337
37 60 901
37 61 450
37 62 385
37 63 877
38 0 855
38 1 425
38 2 91
38 3 574
38 4 374
38 5 864
38 6 629
38 7 447
38 8 478
38 9 460
38 10 382
38 11 912
38 12 786
38 13 630
38 14 717
38 15 478
38 16 539
38 17 768
38 18 26
38 19 604
38 20 117
38 21 482
38 22 369
38 23 482
38 24 391
38 25 660
38 26 408
38 27 386
38 28 313
38 29 864
38 30 678
38 31 278
38 32 742
38 33 769
38 34 117
38 35 747
38 36 395
38 37 408
38 38 0
38 39 500
38 40 434
38 41 660
38 42 647
38 43 117
38 44 613
38 45 735
38 46 284
38 47 167
38 48 783
38 49 332
38 50 215
38 51 831
38 52 380
38 53 263
38 54 879
38 55 428
38 56 311
38 57 927
38 58 476
38 59 359
38 60 975
38 61 524
38 62 407
38 63 855
39 0 1073
39 1 643
39 2 591
39 3 356
39 4 252
39 5 698
39 6 751
39 7 569
39 8 408
39 9 582
39 10 504
39 11 746
39 12 620
39 13 464
39 14 551
39 15 408
39 16 373
39 17 794
39 18 474
39 19 182
39 20 383
39 21 508
39 22 439
39 23 508
39 24 365
39 25 590
39 26 478
39 27 604
39 28 287
39 29 698
39 30 486
39 31 348
39 32 768
39 33 603
39 34 617
39 35 581
39 36 517
39 37 478
39 38 500
39 39 0
39 40 504
39 41 590
39 42 577
39 43 383
39 44 447
39 45 953
39 46 502
39 47 333
39 48 905
39 49 454
39 50 285
39 51 857
39 52 406
39 53 237
39 54 809
39 55 358
39 56 189
39 57 761
39 58 310
39 59 141
39 60 809
39 61 358
39 62 189
39 63 1073
40 0 851
40 1 421
40 2 473
40 3 578
40 4 378
40 5 764
40 6 529
40 7 347
40 8 378
40 9 360
40 10 182
40 11 812
40 12 686
40 13 530
40 14 617
40 15 378
40 16 439
40 17 668
40 18 408
40 19 504
40 20 317
40 21 382
40 22 65
40 23 382
40 24 395
40 25 560
40 26 26
40 27 382
40 28 317
40 29 764
40 30 578
40 31 156
40 32 642
40 33 669
40 34 447
40 35 647
40 36 169
40 37 26
40 38 434
40 39 504
40 40 0
40 41 560
40 42 547
40 43 317
40 44 513
40 45 731
40 46 280
40 47 267
40 48 683
40 49 232
40 50 219
40 51 731
40 52 280
40 53 267
40 54 779
40 55 328
40 56 315
40 57 827
40 58 376
40 59 363
40 60 875
40 61 424
40 62 411
40 63 851
41 0 483
41 1 517
41 2 569
41 3 612
41 4 620
41 5 330
41 6 469
41 7 443
41 8 182
41 9 456
41 10 378
41 11 378
41 12 408
41 13 434
41 14 521
41 15 282
41 16 343
41 17 330
41 18 686
41 19 408
41 20 777
41 21 382
41 22 625
41 23 382
41 24 603
41 25 0
41 26 586
41 27 478
41 28 681
41 29 330
41 30 482
41 31 716
41 32 356
41 33 521
41 34 543
41 35 447
41 36 391
41 37 586
41 38 660
41 39 590
41 40 560
41 41 0
41 42 13
41 43 777
41 44 417
41 45 363
41 46 376
41 47 827
41 48 315
41 49 328
41 50 779
41 51 267
41 52 280
41 53 731
41 54 219
41 55 232
41 56 683
41 57 267
41 58 280
41 59 731
41 60 315
41 61 328
41 62 779
41 63 483
42 0 496
42 1 504
42 2 556
42 3 599
42 4 607
42 5 343
42 6 482
42 7 430
42 8 169
42 9 443
42 10 365
42 11 391
42 12 421
42 13 421
42 14 508
42 15 269
42 16 330
42 17 343
42 18 673
42 19 395
42 20 764
42 21 369
42 22 612
42 23 369
42 24 590
42 25 13
42 26 573
42 27 465
42 28 668
42 29 343
42 30 469
42 31 703
42 32 369
42 33 534
42 34 530
42 35 460
42 36 378
42 37 573
42 38 647
42 39 577
42 40 547
42 41 13
42 42 0
42 43 764
42 44 404
42 45 376
42 46 363
42 47 814
42 48 328
42 49 315
42 50 766
42 51 280
42 52 267
42 53 718
42 54 232
42 55 219
42 56 670
42 57 280
42 58 267
42 59 718
42 60 328
42 61 315
42 62 766
42 63 496
43 0 972
43 1 542
43 2 208
43 3 457
43 4 257
43 5 981
43 6 746
43 7 564
43 8 595
43 9 577
43 10 499
43 11 1029
43 12 903
43 13 747
43 14 834
43 15 595
43 16 656
43 17 885
43 18 91
43 19 565
43 20 0
43 21 495
43 22 252
43 23 599
43 24 274
43 25 777
43 26 291
43 27 503
43 28 196
43 29 981
43 30 587
43 31 161
43 32 859
43 33 886
43 34 234
43 35 864
43 36 486
43 37 291
43 38 117
43 39 383
43 40 317
43 41 777
43 42 764
43 43 0
43 44 652
43 45 852
43 46 401
43 47 50
43 48 900
43 49 449
43 50 98
43 51 948
43 52 497
43 53 146
43 54 996
43 55 545
43 56 194
43 57 1044
43 58 593
43 59 242
43 60 1092
43 61 641
43 62 290
43 63 972
44 0 900
44 1 470
44 2 522
44 3 195
44 4 521
44 5 525
44 6 578
44 7 396
44 8 235
44 9 409
44 10 331
44 11 477
44 12 447
44 13 291
44 14 282
44 15 235
44 16 200
44 17 621
44 18 639
44 19 265
44 20 652
44 21 335
44 22 578
44 23 335
44 24 556
44 25 417
44 26 539
44 27 431
44 28 556
44 29 525
44 30 65
44 31 617
44 32 595
44 33 334
44 34 496
44 35 408
44 36 344
44 37 539
44 38 613
44 39 447
44 40 513
44 41 417
44 42 404
44 43 652
44 44 0
44 45 780
44 46 329
44 47 602
44 48 732
44 49 281
44 50 554
44 51 684
44 52 233
44 53 506
44 54 636
44 55 185
44 56 458
44 57 588
44 58 137
44 59 410
44 60 540
44 61 89
44 62 362
44 63 900
45 0 120
45 1 310
45 2 644
45 3 975
45 4 983
45 5 255
45 6 202
45 7 384
45 8 545
45 9 371
45 10 549
45 11 303
45 12 333
45 13 489
45 14 498
45 15 645
45 16 580
45 17 159
45 18 761
45 19 771
45 20 852
45 21 649
45 22 796
45 23 445
45 24 870
45 25 363
45 26 757
45 27 349
45 28 948
45 29 255
45 30 845
45 31 887
45 32 185
45 33 446
45 34 618
45 35 372
45 36 562
45 37 757
45 38 735
45 39 953
45 40 731
45 41 363
45 42 376
45 43 852
45 44 780
45 45 0
45 46 451
45 47 902
45 48 48
45 49 499
45 50 950
45 51 96
45 52 547
45 53 998
45 54 144
45 55 595
45 56 1046
45 57 192
45 58 643
45 59 1094
45 60 240
45 61 691
45 62 1142
45 63 120
46 0 571
46 1 141
46 2 193
46 3 524
46 4 532
46 5 580
46 6 345
46 7 163
46 8 194
46 9 176
46 10 98
46 11 628
46 12 502
46 13 346
46 14 433
46 15 194
46 16 255
46 17 484
46 18 310
46 19 320
46 20 401
46 21 198
46 22 345
46 23 198
46 24 419
46 25 376
46 26 306
46 27 102
46 28 497
46 29 580
46 30 394
46 31 436
46 32 458
46 33 485
46 34 167
46 35 463
46 36 111
46 37 306
46 38 284
46 39 502
46 40 280
46 41 376
46 42 363
46 43 401
46 44 329
46 45 451
46 46 0
46 47 451
46 48 499
46 49 48
46 50 499
46 51 547
46 52 96
46 53 547
46 54 595
46 55 144
46 56 595
46 57 643
46 58 192
46 59 643
46 60 691
46 61 240
46 62 691
46 63 571
47 0 1022
47 1 592
47 2 258
47 3 407
47 4 207
47 5 1031
47 6 796
47 7 614
47 8 645
47 9 627
47 10 449
47 11 1079
47 12 953
47 13 797
47 14 884
47 15 545
47 16 706
47 17 935
47 18 141
47 19 515
47 20 50
47 21 445
47 22 202
47 23 649
47 24 224
47 25 827
47 26 241
47 27 553
47 28 146
47 29 1031
47 30 537
47 31 111
47 32 909
47 33 936
47 34 284
47 35 914
47 36 436
47 37 241
47 38 167
47 39 333
47 40 267
47 41 827
47 42 814
47 43 50
47 44 602
47 45 902
47 46 451
47 47 0
47 48 950
47 49 499
47 50 48
47 51 998
47 52 547
47 53 96
47 54 1046
47 55 595
47 56 144
47 57 1094
47 58 643
47 59 192
47 60 1142
47 61 691
47 62 240
47 63 1022
48 0 168
48 1 358
48 2 692
48 3 927
48 4 935
48 5 207
48 6 154
48 7 336
48 8 497
48 9 323
48 10 501
48 11 255
48 12 285
48 13 441
48 14 450
48 15 597
48 16 532
48 17 111
48 18 809
48 19 723
48 20 900
48 21 601
48 22 748
48 23 397
48 24 822
48 25 315
48 26 709
48 27 397
48 28 900
48 29 207
48 30 797
48 31 839
48 32 137
48 33 398
48 34 666
48 35 324
48 36 514
48 37 709
48 38 783
48 39 905
48 40 683
48 41 315
48 42 328
48 43 900
48 44 732
48 45 48
48 46 499
48 47 950
48 48 0
48 49 451
48 50 902
48 51 48
48 52 499
48 53 950
48 54 96
48 55 547
48 56 998
48 57 144
48 58 595
48 59 1046
48 60 192
48 61 643
48 62 1094
48 63 168
49 0 619
49 1 189
49 2 241
49 3 476
49 4 484
49 5 532
49 6 297
49 7 115
49 8 146
49 9 128
49 10 50
49 11 580
49 12 454
49 13 298
49 14 385
49 15 146
49 16 207
49 17 436
49 18 358
49 19 272
49 20 449
49 21 150
49 22 297
49 23 150
49 24 371
49 25 328
49 26 258
49 27 150
49 28 449
49 29 532
49 30 346
49 31 388
49 32 410
49 33 437
49 34 215
49 35 415
49 36 63
49 37 258
49 38 332
49 39 454
49 40 232
49 41 328
49 42 315
49 43 449
49 44 281
49 45 499
49 46 48
49 47 499
49 48 451
49 49 0
49 50 451
49 51 499
49 52 48
49 53 499
49 54 547
49 55 96
49 56 547
49 57 595
49 58 144
49 59 595
49 60 643
49 61 192
49 62 643
49 63 619
50 0 1070
50 1 640
50 2 306
50 3 359
50 4 159
50 5 983
50 6 748
50 7 566
50 8 597
50 9 579
50 10 401
50 11 1031
50 12 905
50 13 749
50 14 836
50 15 497
50 16 658
50 17 887
50 18 189
50 19 467
50 20 98
50 21 397
50 22 154
50 23 601
50 24 176
50 25 779
50 26 193
50 27 601
50 28 98
50 29 983
50 30 489
50 31 63
50 32 861
50 33 888
50 34 332
50 35 866
50 36 388
50 37 193
50 38 215
50 39 285
50 40 219
50 41 779
50 42 766
50 43 98
50 44 554
50 45 950
50 46 499
50 47 48
50 48 902
50 49 451
50 50 0
50 51 950
50 52 499
50 53 48
50 54 998
50 55 547
50 56 96
50 57 1046
50 58 595
50 59 144
50 60 1094
50 61 643
50 62 192
50 63 1070
51 0 216
51 1 406
51 2 740
51 3 879
51 4 887
51 5 159
51 6 202
51 7 384
51 8 449
51 9 371
51 10 549
51 11 207
51 12 237
51 13 393
51 14 402
51 15 549
51 16 484
51 17 63
51 18 857
51 19 675
51 20 948
51 21 553
51 22 796
51 23 349
51 24 774
51 25 267
51 26 757
51 27 445
51 28 852
51 29 159
51 30 749
51 31 887
51 32 89
51 33 350
51 34 714
51 35 276
51 36 562
51 37 757
51 38 831
51 39 857
51 40 731
51 41 267
51 42 280
51 43 948
51 44 684
51 45 96
51 46 547
51 47 998
51 48 48
51 49 499
51 50 950
51 51 0
51 52 451
51 53 902
51 54 48
51 55 499
51 56 950
51 57 96
51 58 547
51 59 998
51 60 144
51 61 595
51 62 1046
51 63 216
52 0 667
52 1 237
52 2 289
52 3 428
52 4 436
52 5 484
52 6 345
52 7 163
52 8 98
52 9 176
52 10 98
52 11 532
52 12 406
52 13 250
52 14 337
52 15 98
52 16 159
52 17 388
52 18 406
52 19 224
52 20 497
52 21 102
52 22 345
52 23 102
52 24 323
52 25 280
52 26 306
52 27 198
52 28 401
52 29 484
52 30 298
52 31 436
52 32 362
52 33 389
52 34 263
52 35 367
52 36 111
52 37 306
52 38 380
52 39 406
52 40 280
52 41 280
52 42 267
52 43 497
52 44 233
52 45 547
52 46 96
52 47 547
52 48 499
52 49 48
52 50 499
52 51 451
52 52 0
52 53 451
52 54 499
52 55 48
52 56 499
52 57 547
52 58 96
52 59 547
52 60 595
52 61 144
52 62 595
52 63 667
53 0 1118
53 1 688
53 2 354
53 3 311
53 4 111
53 5 935
53 6 796
53 7 614
53 8 549
53 9 627
53 10 449
53 11 983
53 12 857
53 13 701
53 14 788
53 15 449
53 16 610
53 17 839
53 18 237
53 19 419
53 20 146
53 21 349
53 22 202
53 23 553
53 24 128
53 25 731
53 26 241
53 27 649
53 28 50
53 29 935
53 30 441
53 31 111
53 32 813
53 33 840
53 34 380
53 35 818
53 36 436
53 37 241
53 38 263
53 39 237
53 40 267
53 41 731
53 42 718
53 43 146
53 44 506
53 45 998
53 46 547
53 47 96
53 48 950
53 49 499
53 50 48
53 51 902
53 52 451
53 53 0
53 54 950
53 55 499
53 56 48
53 57 998
53 58 547
53 59 96
53 60 1046
53 61 595
53 62 144
53 63 1118
54 0 264
54 1 454
54 2 788
54 3 831
54 4 839
54 5 111
54 6 250
54 7 432
54 8 401
54 9 419
54 10 597
54 11 159
54 12 189
54 13 345
54 14 354
54 15 501
54 16 436
54 17 111
54 18 905
54 19 627
54 20 996
54 21 601
54 22 844
54 23 397
54 24 822
54 25 219
54 26 805
54 27 493
54 28 900
54 29 111
54 30 701
54 31 935
54 32 137
54 33 302
54 34 762
54 35 228
54 36 610
54 37 805
54 38 879
54 39 809
54 40 779
54 41 219
54 42 232
54 43 996
54 44 636
54 45 144
54 46 595
54 47 1046
54 48 96
54 49 547
54 50 998
54 51 48
54 52 499
54 53 950
54 54 0
54 55 451
54 56 902
54 57 48
54 58 499
54 59 950
54 60 96
54 61 547
54 62 998
54 63 264
55 0 715
55 1 285
55 2 337
55 3 380
55 4 388
55 5 436
55 6 393
55 7 211
55 8 50
55 9 224
55 10 146
55 11 484
55 12 358
55 13 202
55 14 289
55 15 50
55 16 111
55 17 436
55 18 454
55 19 176
55 20 545
55 21 150
55 22 393
55 23 150
55 24 371
55 25 232
55 26 354
55 27 246
55 28 449
55 29 436
55 30 250
55 31 484
55 32 410
55 33 341
55 34 311
55 35 319
55 36 159
55 37 354
55 38 428
55 39 358
55 40 328
55 41 232
55 42 219
55 43 545
55 44 185
55 45 595
55 46 144
55 47 595
55 48 547
55 49 96
55 50 547
55 51 499
55 52 48
55 53 499
55 54 451
55 55 0
55 56 451
55 57 499
55 58 48
55 59 499
55 60 547
55 61 96
55 62 547
55 63 715
56 0 1166
56 1 736
56 2 402
56 3 263
56 4 63
56 5 887
56 6 844
56 7 662
56 8 501
56 9 675
56 10 497
56 11 935
56 12 809
56 13 653
56 14 740
56 15 401
56 16 562
56 17 887
56 18 285
56 19 371
56 20 194
56 21 397
56 22 250
56 23 601
56 24 176
56 25 683
56 26 289
56 27 697
56 28 98
56 29 887
56 30 393
56 31 159
56 32 861
56 33 792
56 34 428
56 35 770
56 36 484
56 37 289
56 38 311
56 39 189
56 40 315
56 41 683
56 42 670
56 43 194
56 44 458
56 45 1046
56 46 595
56 47 144
56 48 998
56 49 547
56 50 96
56 51 950
56 52 499
56 53 48
56 54 902
56 55 451
56 56 0
56 57 950
56 58 499
56 59 48
56 60 998
56 61 547
56 62 96
56 63 1166
57 0 312
57 1 502
57 2 836
57 3 783
57 4 887
57 5 63
57 6 298
57 7 480
57 8 449
57 9 467
57 10 645
57 11 111
57 12 141
57 13 297
57 14 306
57 15 549
57 16 388
57 17 159
57 18 953
57 19 579
57 20 1044
57 21 649
57 22 892
57 23 445
57 24 870
57 25 267
57 26 853
57 27 541
57 28 948
57 29 63
57 30 653
57 31 983
57 32 185
57 33 254
57 34 810
57 35 180
57 36 658
57 37 853
57 38 927
57 39 761
57 40 827
57 41 267
57 42 280
57 43 1044
57 44 588
57 45 192
57 46 643
57 47 1094
57 48 144
57 49 595
57 50 1046
57 51 96
57 52 547
57 53 998
57 54 48
57 55 499
57 56 950
57 57 0
57 58 451
57 59 902
57 60 48
57 61 499
57 62 950
57 63 312
58 0 763
58 1 333
58 2 385
58 3 332
58 4 436
58 5 388
58 6 441
58 7 259
58 8 98
58 9 272
58 10 194
58 11 436
58 12 310
58 13 154
58 14 241
58 15 98
58 16 63
58 17 484
58 18 502
58 19 128
58 20 593
58 21 198
58 22 441
58 23 198
58 24 419
58 25 280
58 26 402
58 27 294
58 28 497
58 29 388
58 30 202
58 31 532
58 32 458
58 33 293
58 34 359
58 35 271
58 36 207
58 37 402
58 38 476
58 39 310
58 40 376
58 41 280
58 42 267
58 43 593
58 44 137
58 45 643
58 46 192
58 47 643
58 48 595
58 49 144
58 50 595
58 51 547
58 52 96
58 53 547
58 54 499
58 55 48
58 56 499
58 57 451
58 58 0
58 59 451
58 60 499
58 61 48
58 62 499
58 63 763
59 0 1214
59 1 784
59 2 450
59 3 215
59 4 111
59 5 839
59 6 892
59 7 710
59 8 549
59 9 723
59 10 545
59 11 887
59 12 761
59 13 605
59 14 692
59 15 449
59 16 514
59 17 935
59 18 333
59 19 323
59 20 242
59 21 445
59 22 298
59 23 649
59 24 224
59 25 731
59 26 337
59 27 745
59 28 146
59 29 839
59 30 345
59 31 207
59 32 909
59 33 744
59 34 476
59 35 722
59 36 532
59 37 337
59 38 359
59 39 141
59 40 363
59 41 731
59 42 718
59 43 242
59 44 410
59 45 1094
59 46 643
59 47 192
59 48 1046
59 49 595
59 50 144
59 51 998
59 52 547
59 53 96
59 54 950
59 55 499
59 56 48
59 57 902
59 58 451
59 59 0
59 60 950
59 61 499
59 62 48
59 63 1214
60 0 360
60 1 550
60 2 884
60 3 735
60 4 935
60 5 111
60 6 346
60 7 528
60 8 497
60 9 515
60 10 693
60 11 63
60 12 189
60 13 345
60 14 258
60 15 597
60 16 436
60 17 207
60 18 1001
60 19 627
60 20 1092
60 21 697
60 22 940
60 23 493
60 24 918
60 25 315
60 26 901
60 27 589
60 28 996
60 29 111
60 30 605
60 31 1031
60 32 233
60 33 206
60 34 858
60 35 228
60 36 706
60 37 901
60 38 975
60 39 809
60 40 875
60 41 315
60 42 328
60 43 1092
60 44 540
60 45 240
60 46 691
60 47 1142
60 48 192
60 49 643
60 50 1094
60 51 144
60 52 595
60 53 1046
60 54 96
60 55 547
60 56 998
60 57 48
60 58 499
60 59 950
60 60 0
60 61 451
60 62 902
60 63 360
61 0 811
61 1 381
