//alpha
1
//NbLocations
66
//NbProducts
30
//NbPickers
2
//CapaPicker
12
//TimeToTravelOneDistanceUnit
3
//SetupTime
5400
//PickTime
300
//Products
//Idx Location Size
1 1 1
2 2 1
3 3 1
4 4 1
5 5 1
6 6 1
7 7 1
8 8 1
9 9 1
10 10 1
11 11 1
12 12 1
13 13 1
14 14 1
15 15 1
16 16 1
17 1 1
18 17 1
19 18 1
20 19 1
21 20 1
22 21 1
23 22 1
24 23 1
25 24 1
26 25 1
27 26 1
28 27 1
29 28 1
30 29 1
//Orders
//NbOrders
18
//Idx DueDate TardinessPenalty NbProdInOrder ProdIdx1 Qty1 ProdIdx2 Qty2 ...
1 126000 0 1 1 1
2 54000 0 2 2 1 3 1
3 36000 0 1 4 1
4 36000 0 1 5 1
5 36000 0 2 6 1 7 1
6 108000 0 1 8 1
7 144000 0 1 9 1
8 72000 0 1 10 1
9 126000 0 1 11 1
10 144000 0 2 12 1 13 1
11 90000 0 2 14 1 15 1
12 54000 0 4 16 1 17 1 18 1 19 1
13 36000 0 1 20 1
14 54000 0 4 21 1 22 1 23 1 24 1
15 126000 0 1 25 1
16 126000 0 2 26 1 27 1
17 90000 0 2 28 1 29 1
18 144000 0 1 30 1
//Graph (Products are vertices indexed from 1 to NbProducts)
//NbVerticesIntersections
36
//DepartingDepot
0
//ArrivalDepot
66
//Arcs
//Start End Distance
0 30 120
1 23 13
1 63 102
2 20 52
2 21 390
3 48 414
3 49 427
4 20 39
4 33 63
5 22 221
5 32 466
6 22 78
6 31 76
7 12 39
7 47 726
8 27 13
8 62 778
9 57 310
9 58 531
10 37 310
10 38 531
11 39 492
11 40 349
12 7 39
12 46 76
13 29 312
13 51 154
14 52 115
14 53 726
15 54 401
15 55 440
16 23 247
16 64 479
17 64 50
17 65 791
18 30 505
18 31 336
19 60 375
19 61 466
20 2 52
20 4 39
21 2 390
21 34 297
22 5 221
22 6 78
23 1 13
23 16 247
24 36 89
24 37 752
25 43 63
25 44 778
26 55 323
26 56 518
27 8 13
27 61 50
28 49 76
28 50 765
29 13 312
29 52 375
30 18 505
30 33 48
30 66 120
31 6 76
31 18 336
31 34 48
32 5 466
32 35 48
33 4 63
33 30 48
33 36 48
34 21 297
34 31 48
34 35 841
34 37 48
35 32 48
35 34 841
35 38 48
36 24 89
36 33 48
36 39 48
37 10 310
37 24 752
37 34 48
37 40 48
38 10 531
38 35 48
38 41 48
39 11 492
39 36 48
39 42 48
40 11 349
40 37 48
40 41 841
40 43 48
41 38 48
41 40 841
41 44 48
42 39 48
42 43 841
42 45 48
43 25 63
43 40 48
43 42 841
43 46 48
44 25 778
44 41 48
44 47 48
45 42 48
45 46 841
45 48 48
46 12 76
46 43 48
46 45 841
46 49 48
47 7 726
47 44 48
47 50 48
48 3 414
48 45 48
48 51 48
49 3 427
49 28 76
49 46 48
49 52 48
50 28 765
50 47 48
50 53 48
51 13 154
51 48 48
51 54 48
52 14 115
52 29 375
52 49 48
52 55 48
53 14 726
53 50 48
53 56 48
54 15 401
54 51 48
54 57 48
55 15 440
55 26 323
55 52 48
55 58 48
56 26 518
56 53 48
56 59 48
57 9 310
57 54 48
57 60 48
58 9 531
58 55 48
58 59 841
58 61 48
59 56 48
59 58 841
59 62 48
60 19 375
60 57 48
60 63 48
61 19 466
61 27 50
61 58 48
61 64 48
62 8 778
62 59 48
62 65 48
63 1 102
63 60 48
64 16 479
64 17 50
64 61 48
65 17 791
65 62 48
//LocStart LocEnd ShortestPath
0 0 0
0 1 750
0 2 322
0 3 822
0 4 231
0 5 1336
0 6 1037
0 7 1316
0 8 1504
0 9 862
0 10 1367
0 11 756
0 12 1277
0 13 610
0 14 1412
0 15 905
0 16 1010
0 17 1539
0 18 625
0 19 975
0 20 270
0 21 712
0 22 1115
0 23 763
0 24 305
0 25 1216
0 26 1668
0 27 1491
0 28 1325
0 29 922
0 30 120
0 31 961
0 32 1802
0 33 168
0 34 1009
0 35 1850
0 36 216
0 37 1057
0 38 1898
0 39 264
0 40 1105
0 41 1946
0 42 312
0 43 1153
0 44 1994
0 45 360
0 46 1201
0 47 2042
0 48 408
0 49 1249
0 50 2090
0 51 456
0 52 1297
0 53 2138
0 54 504
0 55 1345
0 56 2186
0 57 552
0 58 1393
0 59 2234
0 60 600
0 61 1441
0 62 2282
0 63 648
0 64 1489
0 65 2330
0 66 0
1 0 750
1 1 0
1 2 736
1 3 756
1 4 645
1 5 1642
1 6 1343
1 7 1142
1 8 850
1 9 508
1 10 1481
1 11 978
1 12 1103
1 13 448
1 14 1046
1 15 647
1 16 260
1 17 789
1 18 1135
1 19 525
1 20 684
1 21 1126
1 22 1421
1 23 13
1 24 623
1 25 1138
1 26 1206
1 27 837
1 28 1055
1 29 760
1 30 630
1 31 1267
1 32 2108
1 33 582
1 34 1219
1 35 2060
1 36 534
1 37 1171
1 38 2012
1 39 486
1 40 1123
1 41 1964
1 42 438
1 43 1075
1 44 1916
1 45 390
1 46 1027
1 47 1868
1 48 342
1 49 979
1 50 1820
1 51 294
1 52 931
1 53 1772
1 54 246
1 55 883
1 56 1724
1 57 198
1 58 835
1 59 1676
1 60 150
1 61 787
1 62 1628
1 63 102
1 64 739
1 65 1580
1 66 750
2 0 322
2 1 736
2 2 0
2 3 808
2 4 91
2 5 1110
2 6 811
2 7 994
2 8 1182
2 9 848
2 10 1045
2 11 742
2 12 955
2 13 596
2 14 1090
2 15 891
2 16 996
2 17 1217
2 18 707
2 19 961
2 20 52
2 21 390
2 22 889
2 23 749
2 24 291
2 25 894
2 26 1346
2 27 1169
2 28 1003
2 29 908
2 30 202
2 31 735
2 32 1576
2 33 154
2 34 687
2 35 1528
2 36 202
2 37 735
2 38 1576
2 39 250
2 40 783
2 41 1624
2 42 298
2 43 831
2 44 1672
2 45 346
2 46 879
2 47 1720
2 48 394
2 49 927
2 50 1768
2 51 442
2 52 975
2 53 1816
2 54 490
2 55 1023
2 56 1864
2 57 538
2 58 1071
2 59 1912
2 60 586
2 61 1119
2 62 1960
2 63 634
2 64 1167
2 65 2008
2 66 322
3 0 822
3 1 756
3 2 808
3 3 0
3 4 717
3 5 1090
3 6 791
3 7 590
3 8 682
3 9 868
3 10 929
3 11 920
3 12 551
3 13 616
3 14 590
3 15 911
3 16 1016
3 17 717
3 18 1051
3 19 981
3 20 756
3 21 964
3 22 869
3 23 769
3 24 695
3 25 586
3 26 846
3 27 669
3 28 503
3 29 850
3 30 702
3 31 715
3 32 1556
3 33 654
3 34 667
3 35 1508
3 36 606
3 37 619
3 38 1460
3 39 558
3 40 571
3 41 1412
3 42 510
3 43 523
3 44 1364
3 45 462
3 46 475
3 47 1316
3 48 414
3 49 427
3 50 1268
3 51 462
3 52 475
3 53 1316
3 54 510
3 55 523
3 56 1364
3 57 558
3 58 571
3 59 1412
3 60 606
3 61 619
3 62 1460
3 63 654
3 64 667
3 65 1508
3 66 822
4 0 231
4 1 645
4 2 91
4 3 717
4 4 0
4 5 1201
4 6 902
4 7 1085
4 8 1273
4 9 757
4 10 1136
4 11 651
4 12 1046
4 13 505
4 14 1181
4 15 800
4 16 905
4 17 1308
4 18 616
4 19 870
4 20 39
4 21 481
4 22 980
4 23 658
4 24 200
4 25 985
4 26 1437
4 27 1260
4 28 1094
4 29 817
4 30 111
4 31 826
4 32 1667
4 33 63
4 34 778
4 35 1619
4 36 111
4 37 826
4 38 1667
4 39 159
4 40 874
4 41 1715
4 42 207
4 43 922
4 44 1763
4 45 255
4 46 970
4 47 1811
4 48 303
4 49 1018
4 50 1859
4 51 351
4 52 1066
4 53 1907
4 54 399
4 55 1114
4 56 1955
4 57 447
4 58 1162
4 59 2003
4 60 495
4 61 1210
4 62 2051
4 63 543
4 64 1258
4 65 2099
4 66 231
5 0 1336
5 1 1642
5 2 1110
5 3 1090
5 4 1201
5 5 0
5 6 299
5 7 730
5 8 918
5 9 1338
5 10 781
5 11 868
5 12 691
5 13 1398
5 14 826
5 15 1199
5 16 1382
5 17 953
5 18 711
5 19 1321
5 20 1162
5 21 720
5 22 221
5 23 1629
5 24 1223
5 25 630
5 26 1082
5 27 905
5 28 739
5 29 1086
5 30 1216
5 31 375
5 32 466
5 33 1264
5 34 423
5 35 514
5 36 1312
5 37 471
5 38 562
5 39 1360
5 40 519
5 41 610
5 42 1408
5 43 567
5 44 658
5 45 1456
5 46 615
5 47 706
5 48 1504
5 49 663
5 50 754
5 51 1552
5 52 711
5 53 802
5 54 1600
5 55 759
5 56 850
5 57 1648
5 58 807
5 59 898
5 60 1696
5 61 855
5 62 946
5 63 1744
5 64 903
5 65 994
5 66 1336
6 0 1037
6 1 1343
6 2 811
6 3 791
6 4 902
6 5 299
6 6 0
6 7 431
6 8 619
6 9 1039
6 10 482
6 11 569
6 12 392
6 13 1099
6 14 527
6 15 900
6 16 1083
6 17 654
6 18 412
6 19 1022
6 20 863
6 21 421
6 22 78
6 23 1330
6 24 924
6 25 331
6 26 783
6 27 606
6 28 440
6 29 787
6 30 917
6 31 76
6 32 765
6 33 965
6 34 124
6 35 813
6 36 1013
6 37 172
6 38 861
6 39 1061
6 40 220
6 41 909
6 42 1109
6 43 268
6 44 957
6 45 1157
6 46 316
6 47 1005
6 48 1205
6 49 364
6 50 1053
6 51 1253
6 52 412
6 53 1101
6 54 1301
6 55 460
6 56 1149
6 57 1349
6 58 508
6 59 1197
6 60 1397
6 61 556
6 62 1245
6 63 1445
6 64 604
6 65 1293
6 66 1037
7 0 1316
7 1 1142
7 2 994
7 3 590
7 4 1085
7 5 730
7 6 431
7 7 0
7 8 418
7 9 838
7 10 569
7 11 560
7 12 39
7 13 898
7 14 326
7 15 699
7 16 882
7 17 453
7 18 691
7 19 821
7 20 1046
7 21 604
7 22 509
7 23 1129
7 24 1011
7 25 226
7 26 582
7 27 405
7 28 239
7 29 586
7 30 1196
7 31 355
7 32 966
7 33 1148
7 34 307
7 35 918
7 36 1100
7 37 259
7 38 870
7 39 1052
7 40 211
7 41 822
7 42 1004
7 43 163
7 44 774
7 45 956
7 46 115
7 47 726
7 48 1004
7 49 163
7 50 774
7 51 1052
7 52 211
7 53 822
7 54 1100
7 55 259
7 56 870
7 57 1148
7 58 307
7 59 918
7 60 1196
7 61 355
7 62 966
7 63 1244
7 64 403
7 65 1014
7 66 1316
8 0 1504
8 1 850
8 2 1182
8 3 682
8 4 1273
8 5 918
8 6 619
8 7 418
8 8 0
8 9 642
8 10 757
8 11 748
8 12 379
8 13 894
8 14 322
8 15 599
8 16 590
8 17 161
8 18 879
8 19 529
8 20 1234
8 21 792
8 22 697
8 23 837
8 24 1199
8 25 414
8 26 482
8 27 13
8 28 331
8 29 582
8 30 1384
8 31 543
8 32 1258
8 33 1336
8 34 495
8 35 1210
8 36 1288
8 37 447
8 38 1162
8 39 1240
8 40 399
8 41 1114
8 42 1192
8 43 351
8 44 1066
8 45 1144
8 46 303
8 47 1018
8 48 1096
8 49 255
8 50 970
8 51 1048
8 52 207
8 53 922
8 54 1000
8 55 159
8 56 874
8 57 952
8 58 111
8 59 826
8 60 904
8 61 63
8 62 778
8 63 952
8 64 111
8 65 826
8 66 1504
9 0 862
9 1 508
9 2 848
9 3 868
9 4 757
9 5 1338
9 6 1039
9 7 838
9 8 642
9 9 0
9 10 1177
9 11 1090
9 12 799
9 13 560
9 14 742
9 15 759
9 16 768
9 17 677
9 18 1247
9 19 733
9 20 796
9 21 1212
9 22 1117
9 23 521
9 24 735
9 25 834
9 26 902
9 27 629
9 28 751
9 29 872
9 30 742
9 31 963
9 32 1804
9 33 694
9 34 915
9 35 1756
9 36 646
9 37 867
9 38 1708
9 39 598
9 40 819
9 41 1660
9 42 550
9 43 771
9 44 1612
9 45 502
9 46 723
9 47 1564
9 48 454
9 49 675
9 50 1516
9 51 406
9 52 627
9 53 1468
9 54 358
9 55 579
9 56 1420
9 57 310
9 58 531
9 59 1372
9 60 358
9 61 579
9 62 1420
9 63 406
9 64 627
9 65 1468
9 66 862
10 0 1367
10 1 1481
10 2 1045
10 3 929
10 4 1136
10 5 781
10 6 482
10 7 569
10 8 757
10 9 1177
10 10 0
10 11 707
10 12 530
10 13 1237
10 14 665
10 15 1038
10 16 1221
10 17 792
10 18 742
10 19 1160
10 20 1097
10 21 655
10 22 560
10 23 1468
10 24 1062
10 25 469
10 26 921
10 27 744
10 28 578
10 29 925
10 30 1247
10 31 406
10 32 627
10 33 1199
10 34 358
10 35 579
10 36 1151
10 37 310
10 38 531
10 39 1199
10 40 358
10 41 579
10 42 1247
10 43 406
10 44 627
10 45 1295
10 46 454
10 47 675
10 48 1343
10 49 502
10 50 723
10 51 1391
10 52 550
10 53 771
10 54 1439
10 55 598
10 56 819
10 57 1487
10 58 646
10 59 867
10 60 1535
10 61 694
10 62 915
10 63 1583
10 64 742
10 65 963
10 66 1367
11 0 756
11 1 978
11 2 742
11 3 920
11 4 651
11 5 868
11 6 569
11 7 560
11 8 748
11 9 1090
11 10 707
11 11 0
11 12 521
11 13 838
11 14 656
11 15 1029
11 16 1212
11 17 783
11 18 829
11 19 1151
11 20 690
11 21 742
11 22 647
11 23 991
11 24 629
11 25 460
11 26 912
11 27 735
11 28 569
11 29 916
11 30 636
11 31 493
11 32 1334
11 33 588
11 34 445
11 35 1286
11 36 540
11 37 397
11 38 1238
11 39 492
11 40 349
11 41 1190
11 42 540
11 43 397
11 44 1238
11 45 588
11 46 445
11 47 1286
11 48 636
11 49 493
11 50 1334
11 51 684
11 52 541
11 53 1382
11 54 732
11 55 589
11 56 1430
11 57 780
11 58 637
11 59 1478
11 60 828
11 61 685
11 62 1526
11 63 876
11 64 733
11 65 1574
11 66 756
12 0 1277
12 1 1103
12 2 955
12 3 551
12 4 1046
12 5 691
12 6 392
12 7 39
12 8 379
12 9 799
12 10 530
12 11 521
12 12 0
12 13 859
12 14 287
12 15 660
12 16 843
12 17 414
12 18 652
12 19 782
12 20 1007
12 21 565
12 22 470
12 23 1090
12 24 972
12 25 187
12 26 543
12 27 366
12 28 200
12 29 547
12 30 1157
12 31 316
12 32 1005
12 33 1109
12 34 268
12 35 957
12 36 1061
12 37 220
12 38 909
12 39 1013
12 40 172
12 41 861
12 42 965
12 43 124
12 44 813
12 45 917
12 46 76
12 47 765
12 48 965
12 49 124
12 50 813
12 51 1013
12 52 172
12 53 861
12 54 1061
12 55 220
12 56 909
12 57 1109
12 58 268
12 59 957
12 60 1157
12 61 316
12 62 1005
12 63 1205
12 64 364
12 65 1053
12 66 1277
13 0 610
13 1 448
13 2 596
13 3 616
13 4 505
13 5 1398
13 6 1099
13 7 898
13 8 894
13 9 560
13 10 1237
13 11 838
13 12 859
13 13 0
13 14 802
13 15 603
13 16 708
13 17 929
13 18 995
13 19 673
13 20 544
13 21 986
13 22 1177
13 23 461
13 24 483
13 25 894
13 26 1058
13 27 881
13 28 811
13 29 312
13 30 490
13 31 1023
13 32 1864
13 33 442
13 34 975
13 35 1816
13 36 394
13 37 927
13 38 1768
13 39 346
13 40 879
13 41 1720
13 42 298
13 43 831
13 44 1672
13 45 250
13 46 783
13 47 1624
13 48 202
13 49 735
13 50 1576
13 51 154
13 52 687
13 53 1528
13 54 202
13 55 735
13 56 1576
13 57 250
13 58 783
13 59 1624
13 60 298
13 61 831
13 62 1672
13 63 346
13 64 879
13 65 1720
13 66 610
14 0 1412
14 1 1046
14 2 1090
14 3 590
14 4 1181
14 5 826
14 6 527
14 7 326
14 8 322
14 9 742
14 10 665
14 11 656
14 12 287
14 13 802
14 14 0
14 15 603
14 16 786
14 17 357
14 18 787
14 19 725
14 20 1142
14 21 700
14 22 605
14 23 1033
14 24 1107
14 25 322
14 26 486
14 27 309
14 28 239
14 29 490
14 30 1292
14 31 451
14 32 1062
14 33 1244
14 34 403
14 35 1014
14 36 1196
14 37 355
14 38 966
14 39 1148
14 40 307
14 41 918
14 42 1100
14 43 259
14 44 870
14 45 1052
14 46 211
14 47 822
14 48 1004
14 49 163
14 50 774
14 51 956
14 52 115
14 53 726
14 54 1004
14 55 163
14 56 774
14 57 1052
14 58 211
14 59 822
14 60 1100
14 61 259
14 62 870
14 63 1148
14 64 307
14 65 918
14 66 1412
15 0 905
15 1 647
15 2 891
15 3 911
15 4 800
15 5 1199
15 6 900
15 7 699
15 8 599
15 9 759
15 10 1038
15 11 1029
15 12 660
15 13 603
15 14 603
15 15 0
15 16 907
15 17 634
15 18 1160
15 19 872
15 20 839
15 21 1073
15 22 978
15 23 660
15 24 778
15 25 695
15 26 763
15 27 586
15 28 612
15 29 863
15 30 785
15 31 824
15 32 1665
15 33 737
15 34 776
15 35 1617
15 36 689
15 37 728
15 38 1569
15 39 641
15 40 680
15 41 1521
15 42 593
15 43 632
15 44 1473
15 45 545
15 46 584
15 47 1425
15 48 497
15 49 536
15 50 1377
15 51 449
15 52 488
15 53 1329
15 54 401
15 55 440
15 56 1281
15 57 449
15 58 488
15 59 1329
15 60 497
15 61 536
15 62 1377
15 63 545
15 64 584
15 65 1425
15 66 905
16 0 1010
16 1 260
16 2 996
16 3 1016
16 4 905
16 5 1382
16 6 1083
16 7 882
16 8 590
16 9 768
16 10 1221
16 11 1212
16 12 843
16 13 708
16 14 786
16 15 907
16 16 0
16 17 529
16 18 1343
16 19 785
16 20 944
16 21 1256
16 22 1161
16 23 247
16 24 883
16 25 878
16 26 946
16 27 577
16 28 795
16 29 1020
16 30 890
16 31 1007
16 32 1848
16 33 842
16 34 959
16 35 1800
16 36 794
16 37 911
16 38 1752
16 39 746
16 40 863
16 41 1704
16 42 698
16 43 815
16 44 1656
16 45 650
16 46 767
16 47 1608
16 48 602
16 49 719
16 50 1560
16 51 554
16 52 671
16 53 1512
16 54 506
16 55 623
16 56 1464
16 57 458
16 58 575
16 59 1416
16 60 410
16 61 527
16 62 1368
16 63 362
16 64 479
16 65 1320
16 66 1010
17 0 1539
17 1 789
17 2 1217
17 3 717
17 4 1308
17 5 953
17 6 654
17 7 453
17 8 161
17 9 677
17 10 792
17 11 783
17 12 414
17 13 929
17 14 357
17 15 634
17 16 529
17 17 0
17 18 914
17 19 564
17 20 1269
17 21 827
17 22 732
17 23 776
17 24 1234
17 25 449
17 26 517
17 27 148
17 28 366
17 29 617
17 30 1419
17 31 578
17 32 1319
17 33 1371
17 34 530
17 35 1271
17 36 1323
17 37 482
17 38 1223
17 39 1275
17 40 434
17 41 1175
17 42 1227
17 43 386
17 44 1127
17 45 1179
17 46 338
17 47 1079
17 48 1131
17 49 290
17 50 1031
17 51 1083
17 52 242
17 53 983
17 54 1035
17 55 194
17 56 935
17 57 987
17 58 146
17 59 887
17 60 939
17 61 98
17 62 839
17 63 891
17 64 50
17 65 791
17 66 1539
18 0 625
18 1 1135
18 2 707
18 3 1051
18 4 616
18 5 711
18 6 412
18 7 691
18 8 879
18 9 1247
18 10 742
18 11 829
18 12 652
18 13 995
18 14 787
18 15 1160
18 16 1343
18 17 914
18 18 0
18 19 1282
18 20 655
18 21 681
18 22 490
18 23 1148
18 24 690
18 25 591
18 26 1043
18 27 866
18 28 700
18 29 1047
18 30 505
18 31 336
18 32 1177
18 33 553
18 34 384
18 35 1225
18 36 601
18 37 432
18 38 1273
18 39 649
18 40 480
18 41 1321
18 42 697
18 43 528
18 44 1369
18 45 745
18 46 576
18 47 1417
18 48 793
18 49 624
18 50 1465
18 51 841
18 52 672
18 53 1513
18 54 889
18 55 720
18 56 1561
18 57 937
18 58 768
18 59 1609
18 60 985
18 61 816
18 62 1657
18 63 1033
18 64 864
18 65 1705
18 66 625
19 0 975
19 1 525
19 2 961
19 3 981
19 4 870
19 5 1321
19 6 1022
19 7 821
19 8 529
19 9 733
19 10 1160
19 11 1151
19 12 782
19 13 673
19 14 725
19 15 872
19 16 785
19 17 564
19 18 1282
19 19 0
19 20 909
19 21 1195
19 22 1100
19 23 538
19 24 848
19 25 817
19 26 885
19 27 516
19 28 734
19 29 985
19 30 855
19 31 946
19 32 1787
19 33 807
19 34 898
19 35 1739
19 36 759
19 37 850
19 38 1691
19 39 711
19 40 802
19 41 1643
19 42 663
19 43 754
19 44 1595
19 45 615
19 46 706
19 47 1547
19 48 567
19 49 658
19 50 1499
19 51 519
19 52 610
19 53 1451
19 54 471
19 55 562
19 56 1403
19 57 423
19 58 514
19 59 1355
19 60 375
19 61 466
19 62 1307
19 63 423
19 64 514
19 65 1355
19 66 975
20 0 270
20 1 684
20 2 52
20 3 756
20 4 39
20 5 1162
20 6 863
20 7 1046
20 8 1234
20 9 796
20 10 1097
20 11 690
20 12 1007
20 13 544
20 14 1142
20 15 839
20 16 944
20 17 1269
20 18 655
20 19 909
20 20 0
20 21 442
20 22 941
20 23 697
20 24 239
20 25 946
20 26 1398
20 27 1221
20 28 1055
20 29 856
20 30 150
20 31 787
20 32 1628
20 33 102
20 34 739
20 35 1580
20 36 150
20 37 787
20 38 1628
20 39 198
20 40 835
20 41 1676
20 42 246
20 43 883
20 44 1724
20 45 294
20 46 931
20 47 1772
20 48 342
20 49 979
20 50 1820
20 51 390
20 52 1027
20 53 1868
20 54 438
20 55 1075
20 56 1916
20 57 486
20 58 1123
20 59 1964
20 60 534
20 61 1171
20 62 2012
20 63 582
20 64 1219
20 65 2060
20 66 270
21 0 712
21 1 1126
21 2 390
21 3 964
21 4 481
21 5 720
21 6 421
21 7 604
21 8 792
21 9 1212
21 10 655
21 11 742
21 12 565
21 13 986
21 14 700
21 15 1073
21 16 1256
21 17 827
21 18 681
21 19 1195
21 20 442
21 21 0
21 22 499
21 23 1139
21 24 681
21 25 504
21 26 956
21 27 779
21 28 613
21 29 960
21 30 592
21 31 345
21 32 1186
21 33 544
21 34 297
21 35 1138
21 36 592
21 37 345
21 38 1186
21 39 640
21 40 393
21 41 1234
21 42 688
21 43 441
21 44 1282
21 45 736
21 46 489
21 47 1330
21 48 784
21 49 537
21 50 1378
21 51 832
21 52 585
21 53 1426
21 54 880
21 55 633
21 56 1474
21 57 928
21 58 681
21 59 1522
21 60 976
21 61 729
21 62 1570
21 63 1024
21 64 777
21 65 1618
21 66 712
22 0 1115
22 1 1421
22 2 889
22 3 869
22 4 980
22 5 221
22 6 78
22 7 509
22 8 697
22 9 1117
22 10 560
22 11 647
22 12 470
22 13 1177
22 14 605
22 15 978
22 16 1161
22 17 732
22 18 490
22 19 1100
22 20 941
22 21 499
22 22 0
22 23 1408
22 24 1002
22 25 409
22 26 861
22 27 684
22 28 518
22 29 865
22 30 995
22 31 154
22 32 687
22 33 1043
22 34 202
22 35 735
22 36 1091
22 37 250
22 38 783
22 39 1139
22 40 298
22 41 831
22 42 1187
22 43 346
22 44 879
22 45 1235
22 46 394
22 47 927
22 48 1283
22 49 442
22 50 975
22 51 1331
22 52 490
22 53 1023
22 54 1379
22 55 538
22 56 1071
22 57 1427
22 58 586
22 59 1119
22 60 1475
22 61 634
22 62 1167
22 63 1523
22 64 682
22 65 1215
22 66 1115
23 0 763
23 1 13
23 2 749
23 3 769
23 4 658
23 5 1629
23 6 1330
23 7 1129
23 8 837
23 9 521
23 10 1468
23 11 991
23 12 1090
23 13 461
23 14 1033
23 15 660
23 16 247
23 17 776
23 18 1148
23 19 538
23 20 697
23 21 1139
23 22 1408
23 23 0
23 24 636
23 25 1125
23 26 1193
23 27 824
23 28 1042
23 29 773
23 30 643
23 31 1254
23 32 2095
23 33 595
23 34 1206
23 35 2047
23 36 547
23 37 1158
23 38 1999
23 39 499
23 40 1110
23 41 1951
23 42 451
23 43 1062
23 44 1903
23 45 403
23 46 1014
23 47 1855
23 48 355
23 49 966
23 50 1807
23 51 307
23 52 918
23 53 1759
23 54 259
23 55 870
23 56 1711
23 57 211
23 58 822
23 59 1663
23 60 163
23 61 774
23 62 1615
23 63 115
23 64 726
23 65 1567
23 66 763
24 0 305
24 1 623
24 2 291
24 3 695
24 4 200
24 5 1223
24 6 924
24 7 1011
24 8 1199
24 9 735
24 10 1062
24 11 629
24 12 972
24 13 483
24 14 1107
24 15 778
24 16 883
24 17 1234
24 18 690
24 19 848
24 20 239
24 21 681
24 22 1002
24 23 636
24 24 0
24 25 911
24 26 1363
24 27 1186
24 28 1020
24 29 795
24 30 185
24 31 848
24 32 1689
24 33 137
24 34 800
24 35 1641
24 36 89
24 37 752
24 38 1593
24 39 137
24 40 800
24 41 1641
24 42 185
24 43 848
24 44 1689
24 45 233
24 46 896
24 47 1737
24 48 281
24 49 944
24 50 1785
24 51 329
24 52 992
24 53 1833
24 54 377
24 55 1040
24 56 1881
24 57 425
24 58 1088
24 59 1929
24 60 473
24 61 1136
24 62 1977
24 63 521
24 64 1184
24 65 2025
24 66 305
25 0 1216
25 1 1138
25 2 894
25 3 586
25 4 985
25 5 630
25 6 331
25 7 226
25 8 414
25 9 834
25 10 469
25 11 460
25 12 187
25 13 894
25 14 322
25 15 695
25 16 878
25 17 449
25 18 591
25 19 817
25 20 946
25 21 504
25 22 409
25 23 1125
25 24 911
25 25 0
25 26 578
25 27 401
25 28 235
25 29 582
25 30 1096
25 31 255
25 32 970
25 33 1048
25 34 207
25 35 922
25 36 1000
25 37 159
25 38 874
25 39 952
25 40 111
25 41 826
25 42 904
25 43 63
25 44 778
25 45 952
25 46 111
25 47 826
25 48 1000
25 49 159
25 50 874
25 51 1048
25 52 207
25 53 922
25 54 1096
25 55 255
25 56 970
25 57 1144
25 58 303
25 59 1018
25 60 1192
25 61 351
25 62 1066
25 63 1240
25 64 399
25 65 1114
25 66 1216
26 0 1668
26 1 1206
26 2 1346
26 3 846
26 4 1437
26 5 1082
26 6 783
26 7 582
26 8 482
26 9 902
26 10 921
26 11 912
26 12 543
26 13 1058
26 14 486
26 15 763
26 16 946
26 17 517
26 18 1043
26 19 885
26 20 1398
26 21 956
26 22 861
26 23 1193
26 24 1363
26 25 578
26 26 0
26 27 469
26 28 495
26 29 746
26 30 1548
26 31 707
26 32 902
26 33 1500
26 34 659
26 35 854
26 36 1452
26 37 611
26 38 806
26 39 1404
26 40 563
26 41 758
26 42 1356
26 43 515
26 44 710
26 45 1308
26 46 467
26 47 662
26 48 1260
26 49 419
26 50 614
26 51 1212
26 52 371
26 53 566
26 54 1164
26 55 323
26 56 518
26 57 1212
26 58 371
26 59 566
26 60 1260
26 61 419
26 62 614
26 63 1308
26 64 467
26 65 662
26 66 1668
27 0 1491
27 1 837
27 2 1169
27 3 669
27 4 1260
27 5 905
27 6 606
27 7 405
27 8 13
27 9 629
27 10 744
27 11 735
27 12 366
27 13 881
27 14 309
27 15 586
27 16 577
27 17 148
27 18 866
27 19 516
27 20 1221
27 21 779
27 22 684
27 23 824
27 24 1186
27 25 401
27 26 469
27 27 0
27 28 318
27 29 569
27 30 1371
27 31 530
27 32 1271
27 33 1323
27 34 482
27 35 1223
27 36 1275
27 37 434
27 38 1175
27 39 1227
27 40 386
27 41 1127
27 42 1179
27 43 338
27 44 1079
27 45 1131
27 46 290
27 47 1031
27 48 1083
27 49 242
27 50 983
27 51 1035
27 52 194
27 53 935
27 54 987
27 55 146
27 56 887
27 57 939
27 58 98
27 59 839
27 60 891
27 61 50
27 62 791
27 63 939
27 64 98
27 65 839
27 66 1491
28 0 1325
28 1 1055
28 2 1003
28 3 503
28 4 1094
28 5 739
28 6 440
28 7 239
28 8 331
28 9 751
28 10 578
28 11 569
28 12 200
28 13 811
28 14 239
28 15 612
28 16 795
28 17 366
28 18 700
28 19 734
28 20 1055
28 21 613
28 22 518
28 23 1042
28 24 1020
28 25 235
28 26 495
28 27 318
28 28 0
28 29 499
28 30 1205
28 31 364
28 32 1053
28 33 1157
28 34 316
28 35 1005
28 36 1109
28 37 268
28 38 957
28 39 1061
28 40 220
28 41 909
28 42 1013
28 43 172
28 44 861
28 45 965
28 46 124
28 47 813
28 48 917
28 49 76
28 50 765
28 51 965
28 52 124
28 53 813
28 54 1013
28 55 172
28 56 861
28 57 1061
28 58 220
28 59 909
28 60 1109
28 61 268
28 62 957
28 63 1157
28 64 316
28 65 1005
28 66 1325
29 0 922
29 1 760
29 2 908
29 3 850
29 4 817
29 5 1086
29 6 787
29 7 586
29 8 582
29 9 872
29 10 925
29 11 916
29 12 547
29 13 312
29 14 490
29 15 863
29 16 1020
29 17 617
29 18 1047
29 19 985
29 20 856
29 21 960
29 22 865
29 23 773
29 24 795
29 25 582
29 26 746
29 27 569
29 28 499
29 29 0
29 30 802
29 31 711
29 32 1552
29 33 754
29 34 663
29 35 1504
29 36 706
29 37 615
29 38 1456
29 39 658
29 40 567
29 41 1408
29 42 610
29 43 519
29 44 1360
29 45 562
29 46 471
29 47 1312
29 48 514
29 49 423
29 50 1264
29 51 466
29 52 375
29 53 1216
29 54 514
29 55 423
29 56 1264
29 57 562
29 58 471
29 59 1312
29 60 610
29 61 519
29 62 1360
29 63 658
29 64 567
29 65 1408
29 66 922
30 0 120
30 1 630
30 2 202
30 3 702
30 4 111
30 5 1216
30 6 917
30 7 1196
30 8 1384
30 9 742
30 10 1247
30 11 636
30 12 1157
30 13 490
30 14 1292
30 15 785
30 16 890
30 17 1419
30 18 505
30 19 855
30 20 150
30 21 592
30 22 995
30 23 643
30 24 185
30 25 1096
30 26 1548
30 27 1371
30 28 1205
30 29 802
30 30 0
30 31 841
30 32 1682
30 33 48
30 34 889
30 35 1730
30 36 96
30 37 937
30 38 1778
30 39 144
30 40 985
30 41 1826
30 42 192
30 43 1033
30 44 1874
30 45 240
30 46 1081
30 47 1922
30 48 288
30 49 1129
30 50 1970
30 51 336
30 52 1177
30 53 2018
30 54 384
30 55 1225
30 56 2066
30 57 432
30 58 1273
30 59 2114
30 60 480
30 61 1321
30 62 2162
30 63 528
30 64 1369
30 65 2210
30 66 120
31 0 961
31 1 1267
31 2 735
31 3 715
31 4 826
31 5 375
31 6 76
31 7 355
31 8 543
31 9 963
31 10 406
31 11 493
31 12 316
31 13 1023
31 14 451
31 15 824
31 16 1007
31 17 578
31 18 336
31 19 946
31 20 787
31 21 345
31 22 154
31 23 1254
31 24 848
31 25 255
31 26 707
31 27 530
31 28 364
31 29 711
31 30 841
31 31 0
31 32 841
31 33 889
31 34 48
31 35 889
31 36 937
31 37 96
31 38 937
31 39 985
31 40 144
31 41 985
31 42 1033
31 43 192
31 44 1033
31 45 1081
31 46 240
31 47 1081
31 48 1129
31 49 288
31 50 1129
31 51 1177
31 52 336
31 53 1177
31 54 1225
31 55 384
31 56 1225
31 57 1273
31 58 432
31 59 1273
31 60 1321
31 61 480
31 62 1321
31 63 1369
31 64 528
31 65 1369
31 66 961
32 0 1802
32 1 2108
32 2 1576
32 3 1556
32 4 1667
32 5 466
32 6 765
32 7 966
32 8 1258
32 9 1804
32 10 627
32 11 1334
32 12 1005
32 13 1864
32 14 1062
32 15 1665
32 16 1848
32 17 1319
32 18 1177
32 19 1787
32 20 1628
32 21 1186
32 22 687
32 23 2095
32 24 1689
32 25 970
32 26 902
32 27 1271
32 28 1053
32 29 1552
32 30 1682
32 31 841
32 32 0
32 33 1730
32 34 889
32 35 48
32 36 1778
32 37 937
32 38 96
32 39 1826
32 40 985
32 41 144
32 42 1874
32 43 1033
32 44 192
32 45 1922
32 46 1081
32 47 240
32 48 1970
32 49 1129
32 50 288
32 51 2018
32 52 1177
32 53 336
32 54 2066
32 55 1225
32 56 384
32 57 2114
32 58 1273
32 59 432
32 60 2162
32 61 1321
32 62 480
32 63 2210
32 64 1369
32 65 528
32 66 1802
33 0 168
33 1 582
33 2 154
33 3 654
33 4 63
33 5 1264
33 6 965
33 7 1148
33 8 1336
33 9 694
33 10 1199
33 11 588
33 12 1109
33 13 442
33 14 1244
33 15 737
33 16 842
33 17 1371
33 18 553
33 19 807
33 20 102
33 21 544
33 22 1043
33 23 595
33 24 137
33 25 1048
33 26 1500
33 27 1323
33 28 1157
33 29 754
33 30 48
33 31 889
33 32 1730
33 33 0
33 34 841
33 35 1682
33 36 48
33 37 889
33 38 1730
33 39 96
33 40 937
33 41 1778
33 42 144
33 43 985
33 44 1826
33 45 192
33 46 1033
33 47 1874
33 48 240
33 49 1081
33 50 1922
33 51 288
33 52 1129
33 53 1970
33 54 336
33 55 1177
33 56 2018
33 57 384
33 58 1225
33 59 2066
33 60 432
33 61 1273
33 62 2114
33 63 480
33 64 1321
33 65 2162
33 66 168
34 0 1009
34 1 1219
34 2 687
34 3 667
34 4 778
34 5 423
34 6 124
34 7 307
34 8 495
34 9 915
34 10 358
34 11 445
34 12 268
34 13 975
34 14 403
34 15 776
34 16 959
34 17 530
34 18 384
34 19 898
34 20 739
34 21 297
34 22 202
34 23 1206
34 24 800
34 25 207
34 26 659
34 27 482
34 28 316
34 29 663
34 30 889
34 31 48
34 32 889
34 33 841
34 34 0
34 35 841
34 36 889
34 37 48
34 38 889
34 39 937
34 40 96
34 41 937
34 42 985
34 43 144
34 44 985
34 45 1033
34 46 192
34 47 1033
34 48 1081
34 49 240
34 50 1081
34 51 1129
34 52 288
34 53 1129
34 54 1177
34 55 336
34 56 1177
34 57 1225
34 58 384
34 59 1225
34 60 1273
34 61 432
34 62 1273
34 63 1321
34 64 480
34 65 1321
34 66 1009
35 0 1850
35 1 2060
35 2 1528
35 3 1508
35 4 1619
35 5 514
35 6 813
35 7 918
35 8 1210
35 9 1756
35 10 579
35 11 1286
35 12 957
35 13 1816
35 14 1014
35 15 1617
35 16 1800
35 17 1271
35 18 1225
35 19 1739
35 20 1580
35 21 1138
35 22 735
35 23 2047
35 24 1641
35 25 922
35 26 854
35 27 1223
35 28 1005
35 29 1504
35 30 1730
35 31 889
35 32 48
35 33 1682
35 34 841
35 35 0
35 36 1730
35 37 889
35 38 48
35 39 1778
35 40 937
35 41 96
35 42 1826
35 43 985
35 44 144
35 45 1874
35 46 1033
35 47 192
35 48 1922
35 49 1081
35 50 240
35 51 1970
35 52 1129
35 53 288
35 54 2018
35 55 1177
35 56 336
35 57 2066
35 58 1225
35 59 384
35 60 2114
35 61 1273
35 62 432
35 63 2162
35 64 1321
35 65 480
35 66 1850
36 0 216
36 1 534
36 2 202
36 3 606
36 4 111
36 5 1312
36 6 1013
36 7 1100
36 8 1288
36 9 646
36 10 1151
36 11 540
36 12 1061
36 13 394
36 14 1196
36 15 689
36 16 794
36 17 1323
36 18 601
36 19 759
36 20 150
36 21 592
36 22 1091
36 23 547
36 24 89
36 25 1000
36 26 1452
36 27 1275
36 28 1109
36 29 706
36 30 96
36 31 937
36 32 1778
36 33 48
36 34 889
36 35 1730
36 36 0
36 37 841
36 38 1682
36 39 48
36 40 889
36 41 1730
36 42 96
36 43 937
36 44 1778
36 45 144
36 46 985
36 47 1826
36 48 192
36 49 1033
36 50 1874
36 51 240
36 52 1081
36 53 1922
36 54 288
36 55 1129
36 56 1970
36 57 336
36 58 1177
36 59 2018
36 60 384
36 61 1225
36 62 2066
36 63 432
36 64 1273
36 65 2114
36 66 216
37 0 1057
37 1 1171
37 2 735
37 3 619
37 4 826
37 5 471
37 6 172
37 7 259
37 8 447
37 9 867
37 10 310
37 11 397
37 12 220
37 13 927
37 14 355
37 15 728
37 16 911
37 17 482
37 18 432
37 19 850
37 20 787
37 21 345
37 22 250
37 23 1158
37 24 752
37 25 159
37 26 611
37 27 434
37 28 268
37 29 615
37 30 937
37 31 96
37 32 937
37 33 889
37 34 48
37 35 889
37 36 841
37 37 0
37 38 841
37 39 889
37 40 48
37 41 889
37 42 937
37 43 96
37 44 937
37 45 985
37 46 144
37 47 985
37 48 1033
37 49 192
37 50 1033
37 51 1081
37 52 240
37 53 1081
37 54 1129
37 55 288
37 56 1129
37 57 1177
37 58 336
37 59 1177
37 60 1225
37 61 384
37 62 1225
37 63 1273
37 64 432
37 65 1273
37 66 1057
38 0 1898
38 1 2012
38 2 1576
38 3 1460
38 4 1667
38 5 562
38 6 861
38 7 870
38 8 1162
38 9 1708
38 10 531
38 11 1238
38 12 909
38 13 1768
38 14 966
38 15 1569
38 16 1752
38 17 1223
38 18 1273
38 19 1691
38 20 1628
38 21 1186
38 22 783
38 23 1999
38 24 1593
38 25 874
38 26 806
38 27 1175
38 28 957
38 29 1456
38 30 1778
38 31 937
38 32 96
38 33 1730
38 34 889
38 35 48
38 36 1682
38 37 841
38 38 0
38 39 1730
38 40 889
38 41 48
38 42 1778
38 43 937
38 44 96
38 45 1826
38 46 985
38 47 144
38 48 1874
38 49 1033
38 50 192
38 51 1922
38 52 1081
38 53 240
38 54 1970
38 55 1129
38 56 288
38 57 2018
38 58 1177
38 59 336
38 60 2066
38 61 1225
38 62 384
38 63 2114
38 64 1273
38 65 432
38 66 1898
39 0 264
39 1 486
39 2 250
39 3 558
39 4 159
39 5 1360
39 6 1061
39 7 1052
39 8 1240
39 9 598
39 10 1199
39 11 492
39 12 1013
39 13 346
39 14 1148
39 15 641
39 16 746
39 17 1275
39 18 649
39 19 711
39 20 198
39 21 640
39 22 1139
39 23 499
39 24 137
39 25 952
39 26 1404
39 27 1227
39 28 1061
39 29 658
39 30 144
39 31 985
39 32 1826
39 33 96
39 34 937
39 35 1778
39 36 48
39 37 889
39 38 1730
39 39 0
39 40 841
39 41 1682
39 42 48
39 43 889
39 44 1730
39 45 96
39 46 937
39 47 1778
39 48 144
39 49 985
39 50 1826
39 51 192
39 52 1033
39 53 1874
39 54 240
39 55 1081
39 56 1922
39 57 288
39 58 1129
39 59 1970
39 60 336
39 61 1177
39 62 2018
39 63 384
39 64 1225
39 65 2066
39 66 264
40 0 1105
40 1 1123
40 2 783
40 3 571
40 4 874
40 5 519
40 6 220
40 7 211
40 8 399
40 9 819
40 10 358
40 11 349
40 12 172
40 13 879
40 14 307
40 15 680
40 16 863
40 17 434
40 18 480
40 19 802
40 20 835
40 21 393
40 22 298
40 23 1110
40 24 800
40 25 111
40 26 563
40 27 386
40 28 220
40 29 567
40 30 985
40 31 144
40 32 985
40 33 937
40 34 96
40 35 937
40 36 889
40 37 48
40 38 889
40 39 841
40 40 0
40 41 841
40 42 889
40 43 48
40 44 889
40 45 937
40 46 96
40 47 937
40 48 985
40 49 144
40 50 985
40 51 1033
40 52 192
40 53 1033
40 54 1081
40 55 240
40 56 1081
40 57 1129
40 58 288
40 59 1129
40 60 1177
40 61 336
40 62 1177
40 63 1225
40 64 384
40 65 1225
40 66 1105
41 0 1946
41 1 1964
41 2 1624
41 3 1412
41 4 1715
41 5 610
41 6 909
41 7 822
41 8 1114
41 9 1660
41 10 579
41 11 1190
41 12 861
41 13 1720
41 14 918
41 15 1521
41 16 1704
41 17 1175
41 18 1321
41 19 1643
41 20 1676
41 21 1234
41 22 831
41 23 1951
41 24 1641
41 25 826
41 26 758
41 27 1127
41 28 909
41 29 1408
41 30 1826
41 31 985
41 32 144
41 33 1778
41 34 937
41 35 96
41 36 1730
41 37 889
41 38 48
41 39 1682
41 40 841
41 41 0
41 42 1730
41 43 889
41 44 48
41 45 1778
41 46 937
41 47 96
41 48 1826
41 49 985
41 50 144
41 51 1874
41 52 1033
41 53 192
41 54 1922
41 55 1081
41 56 240
41 57 1970
41 58 1129
41 59 288
41 60 2018
41 61 1177
41 62 336
41 63 2066
41 64 1225
41 65 384
41 66 1946
42 0 312
42 1 438
42 2 298
42 3 510
42 4 207
42 5 1408
42 6 1109
42 7 1004
42 8 1192
42 9 550
42 10 1247
42 11 540
42 12 965
42 13 298
42 14 1100
42 15 593
42 16 698
42 17 1227
42 18 697
42 19 663
42 20 246
42 21 688
42 22 1187
42 23 451
42 24 185
42 25 904
42 26 1356
42 27 1179
42 28 1013
42 29 610
42 30 192
42 31 1033
42 32 1874
42 33 144
42 34 985
42 35 1826
42 36 96
42 37 937
42 38 1778
42 39 48
42 40 889
42 41 1730
42 42 0
42 43 841
42 44 1682
42 45 48
42 46 889
42 47 1730
42 48 96
42 49 937
42 50 1778
42 51 144
42 52 985
42 53 1826
42 54 192
42 55 1033
42 56 1874
42 57 240
42 58 1081
42 59 1922
42 60 288
42 61 1129
42 62 1970
42 63 336
42 64 1177
42 65 2018
42 66 312
43 0 1153
43 1 1075
43 2 831
43 3 523
43 4 922
43 5 567
43 6 268
43 7 163
43 8 351
43 9 771
43 10 406
43 11 397
43 12 124
43 13 831
43 14 259
43 15 632
43 16 815
43 17 386
43 18 528
43 19 754
43 20 883
43 21 441
43 22 346
43 23 1062
43 24 848
43 25 63
43 26 515
43 27 338
43 28 172
43 29 519
43 30 1033
43 31 192
43 32 1033
43 33 985
43 34 144
43 35 985
43 36 937
43 37 96
43 38 937
43 39 889
43 40 48
43 41 889
43 42 841
43 43 0
43 44 841
43 45 889
43 46 48
43 47 889
43 48 937
43 49 96
43 50 937
43 51 985
43 52 144
43 53 985
43 54 1033
43 55 192
43 56 1033
43 57 1081
43 58 240
43 59 1081
43 60 1129
43 61 288
43 62 1129
43 63 1177
43 64 336
43 65 1177
43 66 1153
44 0 1994
44 1 1916
44 2 1672
44 3 1364
44 4 1763
44 5 658
44 6 957
44 7 774
44 8 1066
44 9 1612
44 10 627
44 11 1238
44 12 813
44 13 1672
44 14 870
44 15 1473
44 16 1656
44 17 1127
44 18 1369
44 19 1595
44 20 1724
44 21 1282
44 22 879
44 23 1903
44 24 1689
44 25 778
44 26 710
44 27 1079
44 28 861
44 29 1360
44 30 1874
44 31 1033
44 32 192
44 33 1826
44 34 985
44 35 144
44 36 1778
44 37 937
44 38 96
44 39 1730
44 40 889
44 41 48
44 42 1682
44 43 841
44 44 0
44 45 1730
44 46 889
44 47 48
44 48 1778
44 49 937
44 50 96
44 51 1826
44 52 985
44 53 144
44 54 1874
44 55 1033
44 56 192
44 57 1922
44 58 1081
44 59 240
44 60 1970
44 61 1129
44 62 288
44 63 2018
44 64 1177
44 65 336
44 66 1994
45 0 360
45 1 390
45 2 346
45 3 462
45 4 255
45 5 1456
45 6 1157
45 7 956
45 8 1144
45 9 502
45 10 1295
45 11 588
45 12 917
45 13 250
45 14 1052
45 15 545
45 16 650
45 17 1179
45 18 745
45 19 615
45 20 294
45 21 736
45 22 1235
45 23 403
45 24 233
45 25 952
45 26 1308
45 27 1131
45 28 965
45 29 562
45 30 240
45 31 1081
45 32 1922
45 33 192
45 34 1033
45 35 1874
45 36 144
45 37 985
45 38 1826
45 39 96
45 40 937
45 41 1778
45 42 48
45 43 889
45 44 1730
45 45 0
45 46 841
45 47 1682
45 48 48
45 49 889
45 50 1730
45 51 96
45 52 937
45 53 1778
45 54 144
45 55 985
45 56 1826
45 57 192
45 58 1033
45 59 1874
45 60 240
45 61 1081
45 62 1922
45 63 288
45 64 1129
45 65 1970
45 66 360
46 0 1201
46 1 1027
46 2 879
46 3 475
46 4 970
46 5 615
46 6 316
46 7 115
46 8 303
46 9 723
46 10 454
46 11 445
46 12 76
46 13 783
46 14 211
46 15 584
46 16 767
46 17 338
46 18 576
46 19 706
46 20 931
46 21 489
46 22 394
46 23 1014
46 24 896
46 25 111
46 26 467
46 27 290
46 28 124
46 29 471
46 30 1081
46 31 240
46 32 1081
46 33 1033
46 34 192
46 35 1033
46 36 985
46 37 144
46 38 985
46 39 937
46 40 96
46 41 937
46 42 889
46 43 48
46 44 889
46 45 841
46 46 0
46 47 841
46 48 889
46 49 48
46 50 889
46 51 937
46 52 96
46 53 937
46 54 985
46 55 144
46 56 985
46 57 1033
46 58 192
46 59 1033
46 60 1081
46 61 240
46 62 1081
46 63 1129
46 64 288
46 65 1129
46 66 1201
47 0 2042
47 1 1868
47 2 1720
47 3 1316
47 4 1811
47 5 706
47 6 1005
47 7 726
47 8 1018
47 9 1564
47 10 675
47 11 1286
47 12 765
47 13 1624
47 14 822
47 15 1425
47 16 1608
47 17 1079
47 18 1417
47 19 1547
47 20 1772
47 21 1330
47 22 927
47 23 1855
47 24 1737
47 25 826
47 26 662
47 27 1031
47 28 813
47 29 1312
47 30 1922
47 31 1081
47 32 240
47 33 1874
47 34 1033
47 35 192
47 36 1826
47 37 985
47 38 144
47 39 1778
47 40 937
47 41 96
47 42 1730
47 43 889
47 44 48
47 45 1682
47 46 841
47 47 0
47 48 1730
47 49 889
47 50 48
47 51 1778
47 52 937
47 53 96
47 54 1826
47 55 985
47 56 144
47 57 1874
47 58 1033
47 59 192
47 60 1922
47 61 1081
47 62 240
47 63 1970
47 64 1129
47 65 288
47 66 2042
48 0 408
48 1 342
48 2 394
48 3 414
48 4 303
48 5 1504
48 6 1205
48 7 1004
48 8 1096
48 9 454
48 10 1343
48 11 636
48 12 965
48 13 202
48 14 1004
48 15 497
48 16 602
48 17 1131
48 18 793
48 19 567
48 20 342
48 21 784
48 22 1283
48 23 355
48 24 281
48 25 1000
48 26 1260
48 27 1083
48 28 917
48 29 514
48 30 288
48 31 1129
48 32 1970
48 33 240
48 34 1081
48 35 1922
48 36 192
48 37 1033
48 38 1874
48 39 144
48 40 985
48 41 1826
48 42 96
48 43 937
48 44 1778
48 45 48
48 46 889
48 47 1730
48 48 0
48 49 841
48 50 1682
48 51 48
48 52 889
48 53 1730
48 54 96
48 55 937
48 56 1778
48 57 144
48 58 985
48 59 1826
48 60 192
48 61 1033
48 62 1874
48 63 240
48 64 1081
48 65 1922
48 66 408
49 0 1249
49 1 979
49 2 927
49 3 427
49 4 1018
49 5 663
49 6 364
49 7 163
49 8 255
49 9 675
49 10 502
49 11 493
49 12 124
49 13 735
49 14 163
49 15 536
49 16 719
49 17 290
49 18 624
49 19 658
49 20 979
49 21 537
49 22 442
49 23 966
49 24 944
49 25 159
49 26 419
49 27 242
49 28 76
49 29 423
49 30 1129
49 31 288
49 32 1129
49 33 1081
49 34 240
49 35 1081
49 36 1033
49 37 192
49 38 1033
49 39 985
49 40 144
49 41 985
49 42 937
49 43 96
49 44 937
49 45 889
49 46 48
49 47 889
49 48 841
49 49 0
49 50 841
49 51 889
49 52 48
49 53 889
49 54 937
49 55 96
49 56 937
49 57 985
49 58 144
49 59 985
49 60 1033
49 61 192
49 62 1033
49 63 1081
49 64 240
49 65 1081
49 66 1249
50 0 2090
50 1 1820
50 2 1768
50 3 1268
50 4 1859
50 5 754
50 6 1053
50 7 774
50 8 970
50 9 1516
50 10 723
50 11 1334
50 12 813
50 13 1576
50 14 774
50 15 1377
50 16 1560
50 17 1031
50 18 1465
50 19 1499
50 20 1820
50 21 1378
50 22 975
50 23 1807
50 24 1785
50 25 874
50 26 614
50 27 983
50 28 765
50 29 1264
50 30 1970
50 31 1129
50 32 288
50 33 1922
50 34 1081
50 35 240
50 36 1874
50 37 1033
50 38 192
50 39 1826
50 40 985
50 41 144
50 42 1778
50 43 937
50 44 96
50 45 1730
50 46 889
50 47 48
50 48 1682
50 49 841
50 50 0
50 51 1730
50 52 889
50 53 48
50 54 1778
50 55 937
50 56 96
50 57 1826
50 58 985
50 59 144
50 60 1874
50 61 1033
50 62 192
50 63 1922
50 64 1081
50 65 240
50 66 2090
51 0 456
51 1 294
51 2 442
51 3 462
51 4 351
51 5 1552
51 6 1253
51 7 1052
51 8 1048
51 9 406
51 10 1391
51 11 684
51 12 1013
51 13 154
51 14 956
51 15 449
51 16 554
51 17 1083
51 18 841
51 19 519
51 20 390
51 21 832
51 22 1331
51 23 307
51 24 329
51 25 1048
51 26 1212
51 27 1035
51 28 965
51 29 466
51 30 336
51 31 1177
51 32 2018
51 33 288
51 34 1129
51 35 1970
51 36 240
51 37 1081
51 38 1922
51 39 192
51 40 1033
51 41 1874
51 42 144
51 43 985
51 44 1826
51 45 96
51 46 937
51 47 1778
51 48 48
51 49 889
51 50 1730
51 51 0
51 52 841
51 53 1682
51 54 48
51 55 889
51 56 1730
51 57 96
51 58 937
51 59 1778
51 60 144
51 61 985
51 62 1826
51 63 192
51 64 1033
51 65 1874
51 66 456
52 0 1297
52 1 931
52 2 975
52 3 475
52 4 1066
52 5 711
52 6 412
52 7 211
52 8 207
52 9 627
52 10 550
52 11 541
52 12 172
52 13 687
52 14 115
52 15 488
52 16 671
52 17 242
52 18 672
52 19 610
52 20 1027
52 21 585
52 22 490
52 23 918
52 24 992
52 25 207
52 26 371
52 27 194
52 28 124
52 29 375
52 30 1177
52 31 336
52 32 1177
52 33 1129
52 34 288
52 35 1129
52 36 1081
52 37 240
52 38 1081
52 39 1033
52 40 192
52 41 1033
52 42 985
52 43 144
52 44 985
52 45 937
52 46 96
52 47 937
52 48 889
52 49 48
52 50 889
52 51 841
52 52 0
52 53 841
52 54 889
52 55 48
52 56 889
52 57 937
52 58 96
52 59 937
52 60 985
52 61 144
52 62 985
52 63 1033
52 64 192
52 65 1033
52 66 1297
53 0 2138
53 1 1772
53 2 1816
53 3 1316
53 4 1907
53 5 802
53 6 1101
53 7 822
53 8 922
53 9 1468
53 10 771
53 11 1382
53 12 861
53 13 1528
53 14 726
53 15 1329
53 16 1512
53 17 983
53 18 1513
53 19 1451
53 20 1868
53 21 1426
53 22 1023
53 23 1759
53 24 1833
53 25 922
53 26 566
53 27 935
53 28 813
53 29 1216
53 30 2018
53 31 1177
53 32 336
53 33 1970
53 34 1129
53 35 288
53 36 1922
53 37 1081
53 38 240
53 39 1874
53 40 1033
53 41 192
53 42 1826
53 43 985
53 44 144
53 45 1778
53 46 937
53 47 96
53 48 1730
53 49 889
53 50 48
53 51 1682
53 52 841
53 53 0
53 54 1730
53 55 889
53 56 48
53 57 1778
53 58 937
53 59 96
53 60 1826
53 61 985
53 62 144
53 63 1874
53 64 1033
53 65 192
53 66 2138
54 0 504
54 1 246
54 2 490
54 3 510
54 4 399
54 5 1600
54 6 1301
54 7 1100
54 8 1000
54 9 358
54 10 1439
54 11 732
54 12 1061
54 13 202
54 14 1004
54 15 401
54 16 506
54 17 1035
54 18 889
54 19 471
54 20 438
54 21 880
54 22 1379
54 23 259
54 24 377
54 25 1096
54 26 1164
54 27 987
54 28 1013
54 29 514
54 30 384
54 31 1225
54 32 2066
54 33 336
54 34 1177
54 35 2018
54 36 288
54 37 1129
54 38 1970
54 39 240
54 40 1081
54 41 1922
54 42 192
54 43 1033
54 44 1874
54 45 144
54 46 985
54 47 1826
54 48 96
54 49 937
54 50 1778
54 51 48
54 52 889
54 53 1730
54 54 0
54 55 841
54 56 1682
54 57 48
54 58 889
54 59 1730
54 60 96
54 61 937
54 62 1778
54 63 144
54 64 985
54 65 1826
54 66 504
55 0 1345
55 1 883
55 2 1023
55 3 523
55 4 1114
55 5 759
55 6 460
55 7 259
55 8 159
55 9 579
55 10 598
55 11 589
55 12 220
55 13 735
55 14 163
55 15 440
55 16 623
55 17 194
55 18 720
55 19 562
55 20 1075
55 21 633
55 22 538
55 23 870
55 24 1040
55 25 255
55 26 323
55 27 146
55 28 172
55 29 423
55 30 1225
55 31 384
55 32 1225
55 33 1177
55 34 336
55 35 1177
55 36 1129
55 37 288
55 38 1129
55 39 1081
55 40 240
55 41 1081
55 42 1033
55 43 192
55 44 1033
55 45 985
55 46 144
55 47 985
55 48 937
55 49 96
55 50 937
55 51 889
55 52 48
55 53 889
55 54 841
55 55 0
55 56 841
