//alpha
1
//NbLocations
61
//NbProducts
44
//NbPickers
2
//CapaPicker
12
//TimeToTravelOneDistanceUnit
3
//SetupTime
5400
//PickTime
300
//Products
//Idx Location Size
1 1 1
2 2 1
3 3 1
4 4 1
5 5 1
6 6 1
7 7 1
8 8 1
9 9 1
10 10 1
11 11 1
12 12 1
13 13 1
14 14 1
15 15 1
16 16 1
17 17 1
18 18 1
19 19 1
20 20 1
21 21 1
22 13 1
23 22 1
24 23 1
25 24 1
26 25 1
27 26 1
28 27 1
29 28 1
30 29 1
31 8 1
32 30 1
33 31 1
34 32 1
35 33 1
36 34 1
37 35 1
38 36 1
39 37 1
40 38 1
41 39 1
42 40 1
43 41 1
44 42 1
//Orders
//NbOrders
12
//Idx DueDate TardinessPenalty NbProdInOrder ProdIdx1 Qty1 ProdIdx2 Qty2 ...
1 72000 0 4 1 1 2 1 3 1 4 1
2 54000 0 6 5 1 6 1 7 1 8 1 9 1 10 1
3 72000 0 1 11 1
4 36000 0 3 12 1 13 1 14 1
5 90000 0 2 15 1 16 1
6 108000 0 4 17 1 18 1 19 1 20 1
7 90000 0 5 21 1 22 1 23 1 24 1 25 1
8 90000 0 2 26 1 27 1
9 90000 0 2 28 1 29 1
10 36000 0 2 30 1 31 1
11 126000 0 12 32 1 33 1 34 1 35 1 36 1 37 1 38 1 39 1 40 1 41 1 42 1 43 1
12 36000 0 1 44 1
//Graph (Products are vertices indexed from 1 to NbProducts)
//NbVerticesIntersections
18
//DepartingDepot
0
//ArrivalDepot
61
//Arcs
//Start End Distance
0 43 120
1 2 13
1 23 13
2 1 13
2 22 52
3 9 91
3 27 13
4 20 65
4 26 26
5 7 182
5 20 26
6 17 52
6 38 26
7 5 182
7 48 89
8 18 39
8 35 91
9 3 91
9 56 50
10 28 0
10 59 37
11 33 13
11 37 91
12 17 0
12 58 76
13 25 13
13 53 63
14 38 26
14 59 271
15 39 182
15 52 167
16 41 13
16 54 245
17 6 52
17 12 0
18 8 39
18 24 26
19 43 206
19 44 245
20 4 65
20 5 26
21 31 0
21 36 104
22 2 52
22 60 323
23 1 13
23 28 13
24 18 26
24 51 258
25 13 13
25 41 117
26 4 26
26 47 63
27 3 13
27 57 297
28 10 0
28 23 13
29 32 26
29 40 273
30 36 13
30 42 13
31 21 0
31 34 208
32 29 26
32 46 37
33 11 13
33 45 258
34 31 208
34 56 76
35 8 91
35 50 37
36 21 104
36 30 13
37 11 91
37 44 89
38 6 26
38 14 26
39 15 182
39 53 102
40 29 273
40 47 115
41 16 13
41 25 117
42 30 13
42 55 37
43 19 206
43 46 48
43 61 120
44 19 245
44 37 89
44 47 48
45 33 258
45 48 48
46 32 37
46 43 48
46 49 48
47 26 63
47 40 115
47 44 48
47 50 48
48 7 89
48 45 48
48 51 48
49 46 48
49 50 451
49 52 48
50 35 37
50 47 48
50 49 451
50 53 48
51 24 258
51 48 48
51 54 48
52 15 167
52 49 48
52 55 48
53 13 63
53 39 102
53 50 48
53 56 48
54 16 245
54 51 48
54 57 48
55 42 37
55 52 48
55 58 48
56 9 50
56 34 76
56 53 48
56 59 48
57 27 297
57 54 48
57 60 48
58 12 76
58 55 48
59 10 37
59 14 271
59 56 48
60 22 323
60 57 48
//LocStart LocEnd ShortestPath
0 0 0
0 1 874
0 2 887
0 3 904
0 4 708
0 5 799
0 6 488
0 7 981
0 8 795
0 9 813
0 10 848
0 11 751
0 12 436
0 13 778
0 14 540
0 15 431
0 16 921
0 17 436
0 18 834
0 19 326
0 20 773
0 21 479
0 22 939
0 23 861
0 24 860
0 25 791
0 26 682
0 27 917
0 28 848
0 29 231
0 30 362
0 31 479
0 32 205
0 33 764
0 34 687
0 35 704
0 36 375
0 37 660
0 38 514
0 39 613
0 40 504
0 41 908
0 42 349
0 43 120
0 44 571
0 45 1022
0 46 168
0 47 619
0 48 1070
0 49 216
0 50 667
0 51 1118
0 52 264
0 53 715
0 54 1166
0 55 312
0 56 763
0 57 1214
0 58 360
0 59 811
0 60 1262
0 61 0
1 0 874
1 1 0
1 2 13
1 3 252
1 4 344
1 5 435
1 6 386
1 7 617
1 8 335
1 9 161
1 10 26
1 11 483
1 12 438
1 13 222
1 14 334
1 15 443
1 16 365
1 17 438
1 18 374
1 19 548
1 20 409
1 21 395
1 22 65
1 23 13
1 24 400
1 25 235
1 26 318
1 27 265
1 28 26
1 29 643
1 30 512
1 31 395
1 32 669
1 33 496
1 34 187
1 35 244
1 36 499
1 37 392
1 38 360
1 39 261
1 40 370
1 41 352
1 42 525
1 43 754
1 44 303
1 45 628
1 46 706
1 47 255
1 48 580
1 49 658
1 50 207
1 51 532
1 52 610
1 53 159
1 54 484
1 55 562
1 56 111
1 57 436
1 58 514
1 59 63
1 60 388
1 61 874
2 0 887
2 1 13
2 2 0
2 3 265
2 4 357
2 5 448
2 6 399
2 7 630
2 8 348
2 9 174
2 10 39
2 11 496
2 12 451
2 13 235
2 14 347
2 15 456
2 16 378
2 17 451
2 18 387
2 19 561
2 20 422
2 21 408
2 22 52
2 23 26
2 24 413
2 25 248
2 26 331
2 27 278
2 28 39
2 29 656
2 30 525
2 31 408
2 32 682
2 33 509
2 34 200
2 35 257
2 36 512
2 37 405
2 38 373
2 39 274
2 40 383
2 41 365
2 42 538
2 43 767
2 44 316
2 45 615
2 46 719
2 47 268
2 48 567
2 49 671
2 50 220
2 51 519
2 52 623
2 53 172
2 54 471
2 55 575
2 56 124
2 57 423
2 58 527
2 59 76
2 60 375
2 61 887
3 0 904
3 1 252
3 2 265
3 3 0
3 4 374
3 5 465
3 6 512
3 7 543
3 8 365
3 9 91
3 10 226
3 11 513
3 12 564
3 13 252
3 14 460
3 15 473
3 16 395
3 17 564
3 18 404
3 19 578
3 20 439
3 21 425
3 22 317
3 23 239
3 24 430
3 25 265
3 26 348
3 27 13
3 28 226
3 29 673
3 30 542
3 31 425
3 32 699
3 33 526
3 34 217
3 35 274
3 36 529
3 37 422
3 38 486
3 39 291
3 40 400
3 41 382
3 42 555
3 43 784
3 44 333
3 45 502
3 46 736
3 47 285
3 48 454
3 49 688
3 50 237
3 51 406
3 52 640
3 53 189
3 54 358
3 55 592
3 56 141
3 57 310
3 58 640
3 59 189
3 60 358
3 61 904
4 0 708
4 1 344
4 2 357
4 3 374
4 4 0
4 5 91
4 6 604
4 7 273
4 8 265
4 9 283
4 10 318
4 11 317
4 12 656
4 13 248
4 14 552
4 15 469
4 16 391
4 17 656
4 18 304
4 19 382
4 20 65
4 21 517
4 22 409
4 23 331
4 24 330
4 25 261
4 26 26
4 27 387
4 28 318
4 29 477
4 30 634
4 31 517
4 32 503
4 33 330
4 34 309
4 35 174
4 36 621
4 37 226
4 38 578
4 39 287
4 40 204
4 41 378
4 42 647
4 43 588
4 44 137
4 45 410
4 46 540
4 47 89
4 48 362
4 49 588
4 50 137
4 51 410
4 52 636
4 53 185
4 54 458
4 55 684
4 56 233
4 57 506
4 58 732
4 59 281
4 60 554
4 61 708
5 0 799
5 1 435
5 2 448
5 3 465
5 4 91
5 5 0
5 6 695
5 7 182
5 8 356
5 9 374
5 10 409
5 11 408
5 12 747
5 13 339
5 14 643
5 15 560
5 16 482
5 17 747
5 18 395
5 19 473
5 20 26
5 21 608
5 22 500
5 23 422
5 24 421
5 25 352
5 26 117
5 27 478
5 28 409
5 29 568
5 30 725
5 31 608
5 32 594
5 33 421
5 34 400
5 35 265
5 36 712
5 37 317
5 38 669
5 39 378
5 40 295
5 41 469
5 42 738
5 43 679
5 44 228
5 45 319
5 46 631
5 47 180
5 48 271
5 49 679
5 50 228
5 51 319
5 52 727
5 53 276
5 54 367
5 55 775
5 56 324
5 57 415
5 58 823
5 59 372
5 60 463
5 61 799
6 0 488
6 1 386
6 2 399
6 3 512
6 4 604
6 5 695
6 6 0
6 7 877
6 8 595
6 9 421
6 10 360
6 11 743
6 12 52
6 13 482
6 14 52
6 15 391
6 16 625
6 17 52
6 18 634
6 19 574
6 20 669
6 21 343
6 22 451
6 23 373
6 24 660
6 25 495
6 26 578
6 27 525
6 28 360
6 29 383
6 30 226
6 31 343
6 32 357
6 33 756
6 34 447
6 35 504
6 36 239
6 37 652
6 38 26
6 39 521
6 40 630
6 41 612
6 42 213
6 43 368
6 44 563
6 45 1014
6 46 320
6 47 515
6 48 966
6 49 272
6 50 467
6 51 918
6 52 224
6 53 419
6 54 870
6 55 176
6 56 371
6 57 822
6 58 128
6 59 323
6 60 774
6 61 488
7 0 981
7 1 617
7 2 630
7 3 543
7 4 273
7 5 182
7 6 877
7 7 0
7 8 460
7 9 556
7 10 591
7 11 408
7 12 929
7 13 521
7 14 825
7 15 742
7 16 430
7 17 929
7 18 421
7 19 655
7 20 208
7 21 790
7 22 604
7 23 604
7 24 395
7 25 534
7 26 299
7 27 530
7 28 591
7 29 750
7 30 907
7 31 790
7 32 776
7 33 395
7 34 582
7 35 447
7 36 894
7 37 499
7 38 851
7 39 560
7 40 477
7 41 443
7 42 920
7 43 861
7 44 410
7 45 137
7 46 813
7 47 362
7 48 89
7 49 861
7 50 410
7 51 137
7 52 909
7 53 458
7 54 185
7 55 957
7 56 506
7 57 233
7 58 1005
7 59 554
7 60 281
7 61 981
8 0 795
8 1 335
8 2 348
8 3 365
8 4 265
8 5 356
8 6 595
8 7 460
8 8 0
8 9 274
8 10 309
8 11 404
8 12 647
8 13 239
8 14 543
8 15 460
8 16 382
8 17 647
8 18 39
8 19 469
8 20 330
8 21 508
8 22 400
8 23 322
8 24 65
8 25 252
8 26 239
8 27 378
8 28 309
8 29 564
8 30 625
8 31 508
8 32 590
8 33 417
8 34 300
8 35 91
8 36 612
8 37 313
8 38 569
8 39 278
8 40 291
8 41 369
8 42 638
8 43 675
8 44 224
8 45 419
8 46 627
8 47 176
8 48 371
8 49 579
8 50 128
8 51 323
8 52 627
8 53 176
8 54 371
8 55 675
8 56 224
8 57 419
8 58 723
8 59 272
8 60 467
8 61 795
9 0 813
9 1 161
9 2 174
9 3 91
9 4 283
9 5 374
9 6 421
9 7 556
9 8 274
9 9 0
9 10 135
9 11 422
9 12 473
9 13 161
9 14 369
9 15 382
9 16 304
9 17 473
9 18 313
9 19 487
9 20 348
9 21 334
9 22 226
9 23 148
9 24 339
9 25 174
9 26 257
9 27 104
9 28 135
9 29 582
9 30 451
9 31 334
9 32 608
9 33 435
9 34 126
9 35 183
9 36 438
9 37 331
9 38 395
9 39 200
9 40 309
9 41 291
9 42 464
9 43 693
9 44 242
9 45 593
9 46 645
9 47 194
9 48 545
9 49 597
9 50 146
9 51 497
9 52 549
9 53 98
9 54 449
9 55 501
9 56 50
9 57 401
9 58 549
9 59 98
9 60 449
9 61 813
10 0 848
10 1 26
10 2 39
10 3 226
10 4 318
10 5 409
10 6 360
10 7 591
10 8 309
10 9 135
10 10 0
10 11 457
10 12 412
10 13 196
10 14 308
10 15 417
10 16 339
10 17 412
10 18 348
10 19 522
10 20 383
10 21 369
10 22 91
10 23 13
10 24 374
10 25 209
10 26 292
10 27 239
10 28 0
10 29 617
10 30 486
10 31 369
10 32 643
10 33 470
10 34 161
10 35 218
10 36 473
10 37 366
10 38 334
10 39 235
10 40 344
10 41 326
10 42 499
10 43 728
10 44 277
10 45 654
10 46 680
10 47 229
10 48 606
10 49 632
10 50 181
10 51 558
10 52 584
10 53 133
10 54 510
10 55 536
10 56 85
10 57 462
10 58 488
10 59 37
10 60 414
10 61 848
11 0 751
11 1 483
11 2 496
11 3 513
11 4 317
11 5 408
11 6 743
11 7 408
11 8 404
11 9 422
11 10 457
11 11 0
11 12 795
11 13 387
11 14 691
11 15 608
11 16 530
11 17 795
11 18 443
11 19 425
11 20 382
11 21 656
11 22 548
11 23 470
11 24 469
11 25 400
11 26 291
11 27 526
11 28 457
11 29 616
11 30 773
11 31 656
11 32 642
11 33 13
11 34 448
11 35 313
11 36 760
11 37 91
11 38 717
11 39 426
11 40 343
11 41 517
11 42 786
11 43 631
11 44 180
11 45 271
11 46 679
11 47 228
11 48 319
11 49 727
11 50 276
11 51 367
11 52 775
11 53 324
11 54 415
11 55 823
11 56 372
11 57 463
11 58 871
11 59 420
11 60 511
11 61 751
12 0 436
12 1 438
12 2 451
12 3 564
12 4 656
12 5 747
12 6 52
12 7 929
12 8 647
12 9 473
12 10 412
12 11 795
12 12 0
12 13 534
12 14 104
12 15 339
12 16 677
12 17 0
12 18 686
12 19 522
12 20 721
12 21 291
12 22 503
12 23 425
12 24 712
12 25 547
12 26 630
12 27 577
12 28 412
12 29 331
12 30 174
12 31 291
12 32 305
12 33 808
12 34 499
12 35 556
12 36 187
12 37 704
12 38 78
12 39 521
12 40 604
12 41 664
12 42 161
12 43 316
12 44 615
12 45 1066
12 46 268
12 47 567
12 48 1018
12 49 220
12 50 519
12 51 970
12 52 172
12 53 471
12 54 922
12 55 124
12 56 423
12 57 874
12 58 76
12 59 375
12 60 826
12 61 436
13 0 778
13 1 222
13 2 235
13 3 252
13 4 248
13 5 339
13 6 482
13 7 521
13 8 239
13 9 161
13 10 196
13 11 387
13 12 534
13 13 0
13 14 430
13 15 347
13 16 143
13 17 534
13 18 278
13 19 452
13 20 313
13 21 395
13 22 287
13 23 209
13 24 304
13 25 13
13 26 222
13 27 265
13 28 196
13 29 547
13 30 512
13 31 395
13 32 573
13 33 400
13 34 187
13 35 148
13 36 499
13 37 296
13 38 456
13 39 165
13 40 274
13 41 130
13 42 525
13 43 658
13 44 207
13 45 532
13 46 610
13 47 159
13 48 484
13 49 562
13 50 111
13 51 436
13 52 514
13 53 63
13 54 388
13 55 562
13 56 111
13 57 436
13 58 610
13 59 159
13 60 484
13 61 778
14 0 540
14 1 334
14 2 347
14 3 460
14 4 552
14 5 643
14 6 52
14 7 825
14 8 543
14 9 369
14 10 308
14 11 691
14 12 104
14 13 430
14 14 0
14 15 443
14 16 573
14 17 104
14 18 582
14 19 626
14 20 617
14 21 395
14 22 399
14 23 321
14 24 608
14 25 443
14 26 526
14 27 473
14 28 308
14 29 435
14 30 278
14 31 395
14 32 409
14 33 704
14 34 395
14 35 452
14 36 291
14 37 600
14 38 26
14 39 469
14 40 578
14 41 560
14 42 265
14 43 420
14 44 511
14 45 962
14 46 372
14 47 463
14 48 914
14 49 324
14 50 415
14 51 866
14 52 276
14 53 367
14 54 818
14 55 228
14 56 319
14 57 770
14 58 180
14 59 271
14 60 722
14 61 540
15 0 431
15 1 443
15 2 456
15 3 473
15 4 469
15 5 560
15 6 391
15 7 742
15 8 460
15 9 382
15 10 417
15 11 608
15 12 339
15 13 347
15 14 443
15 15 0
15 16 490
15 17 339
15 18 499
15 19 517
15 20 534
15 21 382
15 22 508
15 23 430
15 24 525
15 25 360
15 26 443
15 27 486
15 28 417
15 29 326
15 30 265
15 31 382
15 32 300
15 33 621
15 34 408
15 35 369
15 36 278
15 37 517
15 38 417
15 39 182
15 40 495
15 41 477
15 42 252
15 43 311
15 44 428
15 45 879
15 46 263
15 47 380
15 48 831
15 49 215
15 50 332
15 51 783
15 52 167
15 53 284
15 54 735
15 55 215
15 56 332
15 57 783
15 58 263
15 59 380
15 60 831
15 61 431
16 0 921
16 1 365
16 2 378
16 3 395
16 4 391
16 5 482
16 6 625
16 7 430
16 8 382
16 9 304
16 10 339
16 11 530
16 12 677
16 13 143
16 14 573
16 15 490
16 16 0
16 17 677
16 18 421
16 19 595
16 20 456
16 21 538
16 22 430
16 23 352
16 24 447
16 25 130
16 26 365
16 27 408
16 28 339
16 29 690
16 30 655
16 31 538
16 32 716
16 33 543
16 34 330
16 35 291
16 36 642
16 37 439
16 38 599
16 39 308
16 40 417
16 41 13
16 42 668
16 43 801
16 44 350
16 45 389
16 46 753
16 47 302
16 48 341
16 49 705
16 50 254
16 51 293
16 52 657
16 53 206
16 54 245
16 55 705
16 56 254
16 57 293
16 58 753
16 59 302
16 60 341
16 61 921
17 0 436
17 1 438
17 2 451
17 3 564
17 4 656
17 5 747
17 6 52
17 7 929
17 8 647
17 9 473
17 10 412
17 11 795
17 12 0
17 13 534
17 14 104
17 15 339
17 16 677
17 17 0
17 18 686
17 19 522
17 20 721
17 21 291
17 22 503
17 23 425
17 24 712
17 25 547
17 26 630
17 27 577
17 28 412
17 29 331
17 30 174
17 31 291
17 32 305
17 33 808
17 34 499
17 35 556
17 36 187
17 37 704
17 38 78
17 39 521
17 40 604
17 41 664
17 42 161
17 43 316
17 44 615
17 45 1066
17 46 268
17 47 567
17 48 1018
17 49 220
17 50 519
17 51 970
17 52 172
17 53 471
17 54 922
17 55 124
17 56 423
17 57 874
17 58 76
17 59 375
17 60 826
17 61 436
18 0 834
18 1 374
18 2 387
18 3 404
18 4 304
18 5 395
18 6 634
18 7 421
18 8 39
18 9 313
18 10 348
18 11 443
18 12 686
18 13 278
18 14 582
18 15 499
18 16 421
18 17 686
18 18 0
18 19 508
18 20 369
18 21 547
18 22 439
18 23 361
18 24 26
18 25 291
18 26 278
18 27 417
18 28 348
18 29 603
18 30 664
18 31 547
18 32 629
18 33 456
18 34 339
18 35 130
18 36 651
18 37 352
18 38 608
18 39 317
18 40 330
18 41 408
18 42 677
18 43 714
18 44 263
18 45 380
18 46 666
18 47 215
18 48 332
18 49 618
18 50 167
18 51 284
18 52 666
18 53 215
18 54 332
18 55 714
18 56 263
18 57 380
18 58 762
18 59 311
18 60 428
18 61 834
19 0 326
19 1 548
19 2 561
19 3 578
19 4 382
19 5 473
19 6 574
19 7 655
19 8 469
19 9 487
19 10 522
19 11 425
19 12 522
19 13 452
19 14 626
19 15 517
19 16 595
19 17 522
19 18 508
19 19 0
19 20 447
19 21 565
19 22 613
19 23 535
19 24 534
19 25 465
19 26 356
19 27 591
19 28 522
19 29 317
19 30 448
19 31 565
19 32 291
19 33 438
19 34 513
19 35 378
19 36 461
19 37 334
19 38 600
19 39 491
19 40 408
19 41 582
19 42 435
19 43 206
19 44 245
19 45 696
19 46 254
19 47 293
19 48 744
19 49 302
19 50 341
19 51 792
19 52 350
19 53 389
19 54 840
19 55 398
19 56 437
19 57 888
19 58 446
19 59 485
19 60 936
19 61 326
20 0 773
20 1 409
20 2 422
20 3 439
20 4 65
20 5 26
20 6 669
20 7 208
20 8 330
20 9 348
20 10 383
20 11 382
20 12 721
20 13 313
20 14 617
20 15 534
20 16 456
20 17 721
20 18 369
20 19 447
20 20 0
20 21 582
20 22 474
20 23 396
20 24 395
20 25 326
20 26 91
20 27 452
20 28 383
20 29 542
20 30 699
20 31 582
20 32 568
20 33 395
20 34 374
20 35 239
20 36 686
20 37 291
20 38 643
20 39 352
20 40 269
20 41 443
20 42 712
20 43 653
20 44 202
20 45 345
20 46 605
20 47 154
20 48 297
20 49 653
20 50 202
20 51 345
20 52 701
20 53 250
20 54 393
20 55 749
20 56 298
20 57 441
20 58 797
20 59 346
20 60 489
20 61 773
21 0 479
21 1 395
21 2 408
21 3 425
21 4 517
21 5 608
21 6 343
21 7 790
21 8 508
21 9 334
21 10 369
21 11 656
21 12 291
21 13 395
21 14 395
21 15 382
21 16 538
21 17 291
21 18 547
21 19 565
21 20 582
21 21 0
21 22 460
21 23 382
21 24 573
21 25 408
21 26 491
21 27 438
21 28 369
21 29 374
21 30 117
21 31 0
21 32 348
21 33 669
21 34 208
21 35 417
21 36 104
21 37 565
21 38 369
21 39 434
21 40 543
21 41 525
21 42 130
21 43 359
21 44 476
21 45 927
21 46 311
21 47 428
21 48 879
21 49 263
21 50 380
21 51 831
21 52 215
21 53 332
21 54 783
21 55 167
21 56 284
21 57 735
21 58 215
21 59 332
21 60 783
21 61 479
22 0 939
22 1 65
22 2 52
22 3 317
22 4 409
22 5 500
22 6 451
22 7 604
22 8 400
22 9 226
22 10 91
22 11 548
22 12 503
22 13 287
22 14 399
22 15 508
22 16 430
22 17 503
22 18 439
22 19 613
22 20 474
22 21 460
22 22 0
22 23 78
22 24 465
22 25 300
22 26 383
22 27 330
22 28 91
22 29 708
22 30 577
22 31 460
22 32 734
22 33 561
22 34 252
22 35 309
22 36 564
22 37 457
22 38 425
22 39 326
22 40 435
22 41 417
22 42 590
22 43 819
22 44 368
22 45 563
22 46 771
22 47 320
22 48 515
22 49 723
22 50 272
22 51 467
22 52 675
22 53 224
22 54 419
22 55 627
22 56 176
22 57 371
22 58 579
22 59 128
22 60 323
22 61 939
23 0 861
23 1 13
23 2 26
23 3 239
23 4 331
23 5 422
23 6 373
23 7 604
23 8 322
23 9 148
23 10 13
23 11 470
23 12 425
23 13 209
23 14 321
23 15 430
23 16 352
23 17 425
23 18 361
23 19 535
23 20 396
23 21 382
23 22 78
23 23 0
23 24 387
23 25 222
23 26 305
23 27 252
23 28 13
23 29 630
23 30 499
23 31 382
23 32 656
23 33 483
23 34 174
23 35 231
23 36 486
23 37 379
23 38 347
23 39 248
23 40 357
23 41 339
23 42 512
23 43 741
23 44 290
23 45 641
23 46 693
23 47 242
23 48 593
23 49 645
23 50 194
23 51 545
23 52 597
23 53 146
23 54 497
23 55 549
23 56 98
23 57 449
23 58 501
23 59 50
23 60 401
23 61 861
24 0 860
24 1 400
24 2 413
24 3 430
24 4 330
24 5 421
24 6 660
24 7 395
24 8 65
24 9 339
24 10 374
24 11 469
24 12 712
24 13 304
24 14 608
24 15 525
24 16 447
24 17 712
24 18 26
24 19 534
24 20 395
24 21 573
24 22 465
24 23 387
24 24 0
24 25 317
24 26 304
24 27 443
24 28 374
24 29 629
24 30 690
24 31 573
24 32 655
24 33 482
24 34 365
24 35 156
24 36 677
24 37 378
24 38 634
24 39 343
24 40 356
24 41 434
24 42 703
24 43 740
24 44 289
24 45 354
24 46 692
24 47 241
24 48 306
24 49 644
24 50 193
24 51 258
24 52 692
24 53 241
24 54 306
24 55 740
24 56 289
24 57 354
24 58 788
24 59 337
24 60 402
24 61 860
25 0 791
25 1 235
25 2 248
25 3 265
25 4 261
25 5 352
25 6 495
25 7 534
25 8 252
25 9 174
25 10 209
25 11 400
25 12 547
25 13 13
25 14 443
25 15 360
25 16 130
25 17 547
25 18 291
25 19 465
25 20 326
25 21 408
25 22 300
25 23 222
25 24 317
25 25 0
25 26 235
25 27 278
25 28 209
25 29 560
25 30 525
25 31 408
25 32 586
25 33 413
25 34 200
25 35 161
25 36 512
25 37 309
25 38 469
25 39 178
25 40 287
25 41 117
25 42 538
25 43 671
25 44 220
25 45 519
25 46 623
25 47 172
25 48 471
25 49 575
25 50 124
25 51 423
25 52 527
25 53 76
25 54 375
25 55 575
25 56 124
25 57 423
25 58 623
25 59 172
25 60 471
25 61 791
26 0 682
26 1 318
26 2 331
26 3 348
26 4 26
26 5 117
26 6 578
26 7 299
26 8 239
26 9 257
26 10 292
26 11 291
26 12 630
26 13 222
26 14 526
26 15 443
26 16 365
26 17 630
26 18 278
26 19 356
26 20 91
26 21 491
26 22 383
26 23 305
26 24 304
26 25 235
26 26 0
26 27 361
26 28 292
26 29 451
26 30 608
26 31 491
26 32 477
26 33 304
26 34 283
26 35 148
26 36 595
26 37 200
26 38 552
26 39 261
26 40 178
26 41 352
26 42 621
26 43 562
26 44 111
26 45 436
26 46 514
26 47 63
26 48 388
26 49 562
26 50 111
26 51 436
26 52 610
26 53 159
26 54 484
26 55 658
26 56 207
26 57 532
26 58 706
26 59 255
26 60 580
26 61 682
27 0 917
27 1 265
27 2 278
27 3 13
27 4 387
27 5 478
27 6 525
27 7 530
27 8 378
27 9 104
27 10 239
27 11 526
27 12 577
27 13 265
27 14 473
27 15 486
27 16 408
27 17 577
27 18 417
27 19 591
27 20 452
27 21 438
27 22 330
27 23 252
27 24 443
27 25 278
27 26 361
27 27 0
27 28 239
27 29 686
27 30 555
27 31 438
27 32 712
27 33 539
27 34 230
27 35 287
27 36 542
27 37 435
27 38 499
27 39 304
27 40 413
27 41 395
27 42 568
27 43 797
27 44 346
27 45 489
27 46 749
27 47 298
27 48 441
27 49 701
27 50 250
27 51 393
27 52 653
27 53 202
27 54 345
27 55 605
27 56 154
27 57 297
27 58 653
27 59 202
27 60 345
27 61 917
28 0 848
28 1 26
28 2 39
28 3 226
28 4 318
28 5 409
28 6 360
28 7 591
28 8 309
28 9 135
28 10 0
28 11 457
28 12 412
28 13 196
28 14 308
28 15 417
28 16 339
28 17 412
28 18 348
28 19 522
28 20 383
28 21 369
28 22 91
28 23 13
28 24 374
28 25 209
28 26 292
28 27 239
28 28 0
28 29 617
28 30 486
28 31 369
28 32 643
28 33 470
28 34 161
28 35 218
28 36 473
28 37 366
28 38 334
28 39 235
28 40 344
28 41 326
28 42 499
28 43 728
28 44 277
28 45 654
28 46 680
28 47 229
28 48 606
28 49 632
28 50 181
28 51 558
28 52 584
28 53 133
28 54 510
28 55 536
28 56 85
28 57 462
28 58 488
28 59 37
28 60 414
28 61 848
29 0 231
29 1 643
29 2 656
29 3 673
29 4 477
29 5 568
29 6 383
29 7 750
29 8 564
29 9 582
29 10 617
29 11 616
29 12 331
29 13 547
29 14 435
29 15 326
29 16 690
29 17 331
29 18 603
29 19 317
29 20 542
29 21 374
29 22 708
29 23 630
29 24 629
29 25 560
29 26 451
29 27 686
29 28 617
29 29 0
29 30 257
29 31 374
29 32 26
29 33 629
29 34 582
29 35 473
29 36 270
29 37 525
29 38 409
29 39 508
29 40 273
29 41 677
29 42 244
29 43 111
29 44 436
29 45 887
29 46 63
29 47 388
29 48 839
29 49 111
29 50 436
29 51 887
29 52 159
29 53 484
29 54 935
29 55 207
29 56 532
29 57 983
29 58 255
29 59 580
29 60 1031
29 61 231
30 0 362
30 1 512
30 2 525
30 3 542
30 4 634
30 5 725
30 6 226
30 7 907
30 8 625
30 9 451
30 10 486
30 11 773
30 12 174
30 13 512
30 14 278
30 15 265
30 16 655
30 17 174
30 18 664
30 19 448
30 20 699
30 21 117
30 22 577
30 23 499
30 24 690
30 25 525
30 26 608
30 27 555
30 28 486
30 29 257
30 30 0
30 31 117
30 32 231
30 33 786
30 34 325
30 35 534
30 36 13
30 37 682
30 38 252
30 39 447
30 40 530
30 41 642
30 42 13
30 43 242
30 44 593
30 45 1044
30 46 194
30 47 545
30 48 996
30 49 146
30 50 497
30 51 948
30 52 98
30 53 449
30 54 900
30 55 50
30 56 401
30 57 852
30 58 98
30 59 449
30 60 900
30 61 362
31 0 479
31 1 395
31 2 408
31 3 425
31 4 517
31 5 608
31 6 343
31 7 790
31 8 508
31 9 334
31 10 369
31 11 656
31 12 291
31 13 395
31 14 395
31 15 382
31 16 538
31 17 291
31 18 547
31 19 565
31 20 582
31 21 0
31 22 460
31 23 382
31 24 573
31 25 408
31 26 491
31 27 438
31 28 369
31 29 374
31 30 117
31 31 0
31 32 348
31 33 669
31 34 208
31 35 417
31 36 104
31 37 565
31 38 369
31 39 434
31 40 543
31 41 525
31 42 130
31 43 359
31 44 476
31 45 927
31 46 311
31 47 428
31 48 879
31 49 263
31 50 380
31 51 831
31 52 215
31 53 332
31 54 783
31 55 167
31 56 284
31 57 735
31 58 215
31 59 332
31 60 783
31 61 479
32 0 205
32 1 669
32 2 682
32 3 699
32 4 503
32 5 594
32 6 357
32 7 776
32 8 590
32 9 608
32 10 643
32 11 642
32 12 305
32 13 573
32 14 409
32 15 300
32 16 716
32 17 305
32 18 629
32 19 291
32 20 568
32 21 348
32 22 734
32 23 656
32 24 655
32 25 586
32 26 477
32 27 712
32 28 643
32 29 26
32 30 231
32 31 348
32 32 0
32 33 655
32 34 556
32 35 499
32 36 244
32 37 551
32 38 383
32 39 482
32 40 299
32 41 703
32 42 218
32 43 85
32 44 462
32 45 913
32 46 37
32 47 414
32 48 865
32 49 85
32 50 462
32 51 913
32 52 133
32 53 510
32 54 961
32 55 181
32 56 558
32 57 1009
32 58 229
32 59 606
32 60 1057
32 61 205
33 0 764
33 1 496
33 2 509
33 3 526
33 4 330
33 5 421
33 6 756
33 7 395
33 8 417
33 9 435
33 10 470
33 11 13
33 12 808
33 13 400
33 14 704
33 15 621
33 16 543
33 17 808
33 18 456
33 19 438
33 20 395
33 21 669
33 22 561
33 23 483
33 24 482
33 25 413
33 26 304
33 27 539
33 28 470
33 29 629
33 30 786
33 31 669
33 32 655
33 33 0
33 34 461
33 35 326
33 36 773
33 37 104
33 38 730
33 39 439
33 40 356
33 41 530
33 42 799
33 43 644
33 44 193
33 45 258
33 46 692
33 47 241
33 48 306
33 49 740
33 50 289
33 51 354
33 52 788
33 53 337
33 54 402
33 55 836
33 56 385
33 57 450
33 58 884
33 59 433
33 60 498
33 61 764
34 0 687
34 1 187
34 2 200
34 3 217
34 4 309
34 5 400
34 6 447
34 7 582
34 8 300
34 9 126
34 10 161
34 11 448
34 12 499
34 13 187
34 14 395
34 15 408
34 16 330
34 17 499
34 18 339
34 19 513
34 20 374
34 21 208
34 22 252
34 23 174
34 24 365
34 25 200
34 26 283
34 27 230
34 28 161
34 29 582
34 30 325
34 31 208
34 32 556
34 33 461
34 34 0
34 35 209
34 36 312
34 37 357
34 38 421
34 39 226
34 40 335
34 41 317
34 42 338
34 43 567
34 44 268
34 45 719
34 46 519
34 47 220
34 48 671
34 49 471
34 50 172
34 51 623
34 52 423
34 53 124
34 54 575
34 55 375
34 56 76
34 57 527
34 58 423
34 59 124
34 60 575
34 61 687
35 0 704
35 1 244
35 2 257
35 3 274
35 4 174
35 5 265
35 6 504
35 7 447
35 8 91
35 9 183
35 10 218
35 11 313
35 12 556
35 13 148
35 14 452
35 15 369
35 16 291
35 17 556
35 18 130
35 19 378
35 20 239
35 21 417
35 22 309
35 23 231
35 24 156
35 25 161
35 26 148
35 27 287
35 28 218
35 29 473
35 30 534
35 31 417
35 32 499
35 33 326
35 34 209
35 35 0
35 36 521
35 37 222
35 38 478
35 39 187
35 40 200
35 41 278
35 42 547
35 43 584
35 44 133
35 45 510
35 46 536
35 47 85
35 48 462
35 49 488
35 50 37
35 51 414
35 52 536
35 53 85
35 54 462
35 55 584
35 56 133
35 57 510
35 58 632
35 59 181
35 60 558
35 61 704
36 0 375
36 1 499
36 2 512
36 3 529
36 4 621
36 5 712
36 6 239
36 7 894
36 8 612
36 9 438
36 10 473
36 11 760
36 12 187
36 13 499
36 14 291
36 15 278
36 16 642
36 17 187
36 18 651
36 19 461
36 20 686
36 21 104
36 22 564
36 23 486
36 24 677
36 25 512
36 26 595
36 27 542
36 28 473
36 29 270
36 30 13
36 31 104
36 32 244
36 33 773
36 34 312
36 35 521
36 36 0
36 37 669
36 38 265
36 39 460
36 40 543
36 41 629
36 42 26
36 43 255
36 44 580
36 45 1031
36 46 207
36 47 532
36 48 983
36 49 159
36 50 484
36 51 935
36 52 111
36 53 436
36 54 887
36 55 63
36 56 388
36 57 839
36 58 111
36 59 436
36 60 887
36 61 375
37 0 660
37 1 392
37 2 405
37 3 422
37 4 226
37 5 317
37 6 652
37 7 499
37 8 313
37 9 331
37 10 366
37 11 91
37 12 704
37 13 296
37 14 600
37 15 517
37 16 439
37 17 704
37 18 352
37 19 334
37 20 291
37 21 565
37 22 457
37 23 379
37 24 378
37 25 309
37 26 200
37 27 435
37 28 366
37 29 525
37 30 682
37 31 565
37 32 551
37 33 104
37 34 357
37 35 222
37 36 669
37 37 0
37 38 626
37 39 335
37 40 252
37 41 426
37 42 695
37 43 540
37 44 89
37 45 362
37 46 588
37 47 137
37 48 410
37 49 636
37 50 185
37 51 458
37 52 684
37 53 233
37 54 506
37 55 732
37 56 281
37 57 554
37 58 780
37 59 329
37 60 602
37 61 660
38 0 514
38 1 360
38 2 373
38 3 486
38 4 578
38 5 669
38 6 26
38 7 851
38 8 569
38 9 395
38 10 334
38 11 717
38 12 78
38 13 456
38 14 26
38 15 417
38 16 599
38 17 78
38 18 608
38 19 600
38 20 643
38 21 369
38 22 425
38 23 347
38 24 634
38 25 469
38 26 552
38 27 499
38 28 334
38 29 409
38 30 252
38 31 369
38 32 383
38 33 730
38 34 421
38 35 478
38 36 265
38 37 626
38 38 0
38 39 495
38 40 604
38 41 586
38 42 239
38 43 394
38 44 537
38 45 988
38 46 346
38 47 489
38 48 940
38 49 298
38 50 441
38 51 892
38 52 250
38 53 393
38 54 844
38 55 202
38 56 345
38 57 796
38 58 154
38 59 297
38 60 748
38 61 514
39 0 613
39 1 261
39 2 274
39 3 291
39 4 287
39 5 378
39 6 521
39 7 560
39 8 278
39 9 200
39 10 235
39 11 426
39 12 521
39 13 165
39 14 469
39 15 182
39 16 308
39 17 521
39 18 317
39 19 491
39 20 352
39 21 434
39 22 326
39 23 248
39 24 343
39 25 178
39 26 261
39 27 304
39 28 235
39 29 508
39 30 447
39 31 434
39 32 482
39 33 439
39 34 226
39 35 187
39 36 460
39 37 335
39 38 495
39 39 0
39 40 313
39 41 295
39 42 434
39 43 493
39 44 246
39 45 697
39 46 445
39 47 198
39 48 649
39 49 397
39 50 150
39 51 601
39 52 349
39 53 102
39 54 553
39 55 397
39 56 150
39 57 601
39 58 445
39 59 198
39 60 649
39 61 613
40 0 504
40 1 370
40 2 383
40 3 400
40 4 204
40 5 295
40 6 630
40 7 477
40 8 291
40 9 309
40 10 344
40 11 343
40 12 604
40 13 274
40 14 578
40 15 495
40 16 417
40 17 604
40 18 330
40 19 408
40 20 269
40 21 543
40 22 435
40 23 357
40 24 356
40 25 287
40 26 178
40 27 413
40 28 344
40 29 273
40 30 530
40 31 543
40 32 299
40 33 356
40 34 335
40 35 200
40 36 543
40 37 252
40 38 604
40 39 313
40 40 0
40 41 404
40 42 517
40 43 384
40 44 163
40 45 614
40 46 336
40 47 115
40 48 566
40 49 384
40 50 163
40 51 614
40 52 432
40 53 211
40 54 662
40 55 480
40 56 259
40 57 710
40 58 528
40 59 307
40 60 758
40 61 504
41 0 908
41 1 352
41 2 365
41 3 382
41 4 378
41 5 469
41 6 612
41 7 443
41 8 369
41 9 291
41 10 326
41 11 517
41 12 664
41 13 130
41 14 560
41 15 477
41 16 13
41 17 664
41 18 408
41 19 582
41 20 443
41 21 525
41 22 417
41 23 339
41 24 434
41 25 117
41 26 352
41 27 395
41 28 326
41 29 677
41 30 642
41 31 525
41 32 703
41 33 530
41 34 317
41 35 278
41 36 629
41 37 426
41 38 586
41 39 295
41 40 404
41 41 0
41 42 655
41 43 788
41 44 337
41 45 402
41 46 740
41 47 289
41 48 354
41 49 692
41 50 241
41 51 306
41 52 644
41 53 193
41 54 258
41 55 692
41 56 241
41 57 306
41 58 740
41 59 289
41 60 354
41 61 908
42 0 349
42 1 525
42 2 538
42 3 555
42 4 647
42 5 738
42 6 213
42 7 920
42 8 638
42 9 464
42 10 499
42 11 786
42 12 161
42 13 525
42 14 265
42 15 252
42 16 668
42 17 161
42 18 677
42 19 435
42 20 712
42 21 130
42 22 590
42 23 512
42 24 703
42 25 538
42 26 621
42 27 568
42 28 499
42 29 244
42 30 13
42 31 130
42 32 218
42 33 799
42 34 338
42 35 547
42 36 26
42 37 695
42 38 239
42 39 434
42 40 517
42 41 655
42 42 0
42 43 229
42 44 606
42 45 1057
42 46 181
42 47 558
42 48 1009
42 49 133
42 50 510
42 51 961
42 52 85
42 53 462
42 54 913
42 55 37
42 56 414
42 57 865
42 58 85
42 59 462
42 60 913
42 61 349
43 0 120
43 1 754
43 2 767
43 3 784
43 4 588
43 5 679
43 6 368
43 7 861
43 8 675
43 9 693
43 10 728
43 11 631
43 12 316
43 13 658
43 14 420
43 15 311
43 16 801
43 17 316
43 18 714
43 19 206
43 20 653
43 21 359
43 22 819
43 23 741
43 24 740
43 25 671
43 26 562
43 27 797
43 28 728
43 29 111
43 30 242
43 31 359
43 32 85
43 33 644
43 34 567
43 35 584
43 36 255
43 37 540
43 38 394
43 39 493
43 40 384
43 41 788
43 42 229
43 43 0
43 44 451
43 45 902
43 46 48
43 47 499
43 48 950
43 49 96
43 50 547
43 51 998
43 52 144
43 53 595
43 54 1046
43 55 192
43 56 643
43 57 1094
43 58 240
43 59 691
43 60 1142
43 61 120
44 0 571
44 1 303
44 2 316
44 3 333
44 4 137
44 5 228
44 6 563
44 7 410
44 8 224
44 9 242
44 10 277
44 11 180
44 12 615
44 13 207
44 14 511
44 15 428
44 16 350
44 17 615
44 18 263
44 19 245
44 20 202
44 21 476
44 22 368
44 23 290
44 24 289
44 25 220
44 26 111
44 27 346
44 28 277
44 29 436
44 30 593
44 31 476
44 32 462
44 33 193
44 34 268
44 35 133
44 36 580
44 37 89
44 38 537
44 39 246
44 40 163
44 41 337
44 42 606
44 43 451
44 44 0
44 45 451
44 46 499
44 47 48
44 48 499
44 49 547
44 50 96
44 51 547
44 52 595
44 53 144
44 54 595
44 55 643
44 56 192
44 57 643
44 58 691
44 59 240
44 60 691
44 61 571
45 0 1022
45 1 628
45 2 615
45 3 502
45 4 410
45 5 319
45 6 1014
45 7 137
45 8 419
45 9 593
45 10 654
45 11 271
45 12 1066
45 13 532
45 14 962
45 15 879
45 16 389
45 17 1066
45 18 380
45 19 696
45 20 345
45 21 927
45 22 563
45 23 641
45 24 354
45 25 519
45 26 436
45 27 489
45 28 654
45 29 887
45 30 1044
45 31 927
45 32 913
45 33 258
45 34 719
45 35 510
45 36 1031
45 37 362
45 38 988
45 39 697
45 40 614
45 41 402
45 42 1057
45 43 902
45 44 451
45 45 0
45 46 950
45 47 499
45 48 48
45 49 998
45 50 547
45 51 96
45 52 1046
45 53 595
45 54 144
45 55 1094
45 56 643
45 57 192
45 58 1142
45 59 691
45 60 240
45 61 1022
46 0 168
46 1 706
46 2 719
46 3 736
46 4 540
46 5 631
46 6 320
46 7 813
46 8 627
46 9 645
46 10 680
46 11 679
46 12 268
46 13 610
46 14 372
46 15 263
46 16 753
46 17 268
46 18 666
46 19 254
46 20 605
46 21 311
46 22 771
46 23 693
46 24 692
46 25 623
46 26 514
46 27 749
46 28 680
46 29 63
46 30 194
46 31 311
46 32 37
46 33 692
46 34 519
46 35 536
46 36 207
46 37 588
46 38 346
46 39 445
46 40 336
46 41 740
46 42 181
46 43 48
46 44 499
46 45 950
46 46 0
46 47 451
46 48 902
46 49 48
46 50 499
46 51 950
46 52 96
46 53 547
46 54 998
46 55 144
46 56 595
46 57 1046
46 58 192
46 59 643
46 60 1094
46 61 168
47 0 619
47 1 255
47 2 268
47 3 285
47 4 89
47 5 180
47 6 515
47 7 362
47 8 176
47 9 194
47 10 229
47 11 228
47 12 567
47 13 159
47 14 463
47 15 380
47 16 302
47 17 567
47 18 215
47 19 293
47 20 154
47 21 428
47 22 320
47 23 242
47 24 241
47 25 172
47 26 63
47 27 298
47 28 229
47 29 388
47 30 545
47 31 428
47 32 414
47 33 241
47 34 220
47 35 85
47 36 532
47 37 137
47 38 489
47 39 198
47 40 115
47 41 289
47 42 558
47 43 499
47 44 48
47 45 499
47 46 451
47 47 0
47 48 451
47 49 499
47 50 48
47 51 499
47 52 547
47 53 96
47 54 547
47 55 595
47 56 144
47 57 595
47 58 643
47 59 192
47 60 643
47 61 619
48 0 1070
48 1 580
48 2 567
48 3 454
48 4 362
48 5 271
48 6 966
48 7 89
48 8 371
48 9 545
48 10 606
48 11 319
48 12 1018
48 13 484
48 14 914
48 15 831
48 16 341
48 17 1018
48 18 332
48 19 744
48 20 297
48 21 879
48 22 515
48 23 593
48 24 306
48 25 471
48 26 388
48 27 441
48 28 606
48 29 839
48 30 996
48 31 879
48 32 865
48 33 306
48 34 671
48 35 462
48 36 983
48 37 410
48 38 940
48 39 649
48 40 566
48 41 354
48 42 1009
48 43 950
48 44 499
48 45 48
48 46 902
48 47 451
48 48 0
48 49 950
48 50 499
48 51 48
48 52 998
48 53 547
48 54 96
48 55 1046
48 56 595
48 57 144
48 58 1094
48 59 643
48 60 192
48 61 1070
49 0 216
49 1 658
49 2 671
49 3 688
49 4 588
49 5 679
49 6 272
49 7 861
49 8 579
49 9 597
49 10 632
49 11 727
49 12 220
49 13 562
49 14 324
49 15 215
49 16 705
49 17 220
49 18 618
49 19 302
49 20 653
49 21 263
49 22 723
49 23 645
49 24 644
49 25 575
49 26 562
49 27 701
49 28 632
49 29 111
49 30 146
49 31 263
49 32 85
49 33 740
49 34 471
49 35 488
49 36 159
49 37 636
49 38 298
49 39 397
49 40 384
49 41 692
49 42 133
49 43 96
49 44 547
49 45 998
49 46 48
49 47 499
49 48 950
49 49 0
49 50 451
49 51 902
49 52 48
49 53 499
49 54 950
49 55 96
49 56 547
49 57 998
49 58 144
49 59 595
49 60 1046
49 61 216
50 0 667
50 1 207
50 2 220
50 3 237
50 4 137
50 5 228
50 6 467
50 7 410
50 8 128
50 9 146
50 10 181
50 11 276
50 12 519
50 13 111
50 14 415
50 15 332
50 16 254
50 17 519
50 18 167
50 19 341
50 20 202
50 21 380
50 22 272
50 23 194
50 24 193
50 25 124
50 26 111
50 27 250
50 28 181
50 29 436
50 30 497
50 31 380
50 32 462
50 33 289
50 34 172
50 35 37
50 36 484
50 37 185
50 38 441
50 39 150
50 40 163
50 41 241
50 42 510
50 43 547
50 44 96
50 45 547
50 46 499
50 47 48
50 48 499
50 49 451
50 50 0
50 51 451
50 52 499
50 53 48
50 54 499
50 55 547
50 56 96
50 57 547
50 58 595
50 59 144
50 60 595
50 61 667
51 0 1118
51 1 532
51 2 519
51 3 406
51 4 410
51 5 319
51 6 918
51 7 137
51 8 323
51 9 497
51 10 558
51 11 367
51 12 970
51 13 436
51 14 866
51 15 783
51 16 293
51 17 970
51 18 284
51 19 792
51 20 345
51 21 831
51 22 467
51 23 545
51 24 258
51 25 423
51 26 436
51 27 393
51 28 558
51 29 887
51 30 948
51 31 831
51 32 913
51 33 354
51 34 623
51 35 414
51 36 935
51 37 458
51 38 892
51 39 601
51 40 614
51 41 306
51 42 961
51 43 998
51 44 547
51 45 96
51 46 950
51 47 499
51 48 48
51 49 902
51 50 451
51 51 0
51 52 950
51 53 499
51 54 48
51 55 998
51 56 547
51 57 96
51 58 1046
51 59 595
51 60 144
51 61 1118
52 0 264
52 1 610
52 2 623
52 3 640
52 4 636
52 5 727
52 6 224
52 7 909
52 8 627
52 9 549
52 10 584
52 11 775
52 12 172
52 13 514
52 14 276
52 15 167
52 16 657
52 17 172
52 18 666
52 19 350
52 20 701
52 21 215
52 22 675
52 23 597
52 24 692
52 25 527
52 26 610
52 27 653
52 28 584
52 29 159
52 30 98
52 31 215
52 32 133
52 33 788
52 34 423
52 35 536
52 36 111
52 37 684
52 38 250
52 39 349
52 40 432
52 41 644
52 42 85
52 43 144
52 44 595
52 45 1046
52 46 96
52 47 547
52 48 998
52 49 48
52 50 499
52 51 950
52 52 0
52 53 451
52 54 902
52 55 48
52 56 499
52 57 950
52 58 96
52 59 547
52 60 998
52 61 264
53 0 715
53 1 159
53 2 172
53 3 189
53 4 185
53 5 276
53 6 419
53 7 458
53 8 176
53 9 98
53 10 133
53 11 324
53 12 471
53 13 63
53 14 367
53 15 284
53 16 206
53 17 471
53 18 215
53 19 389
53 20 250
53 21 332
53 22 224
53 23 146
53 24 241
53 25 76
53 26 159
53 27 202
53 28 133
53 29 484
53 30 449
53 31 332
53 32 510
53 33 337
53 34 124
53 35 85
53 36 436
53 37 233
53 38 393
53 39 102
53 40 211
53 41 193
53 42 462
53 43 595
53 44 144
53 45 595
53 46 547
53 47 96
53 48 547
53 49 499
53 50 48
53 51 499
53 52 451
53 53 0
53 54 451
53 55 499
53 56 48
53 57 499
53 58 547
53 59 96
53 60 547
53 61 715
54 0 1166
54 1 484
54 2 471
54 3 358
54 4 458
54 5 367
54 6 870
54 7 185
54 8 371
54 9 449
54 10 510
54 11 415
54 12 922
54 13 388
54 14 818
54 15 735
54 16 245
54 17 922
54 18 332
54 19 840
54 20 393
54 21 783
54 22 419
54 23 497
54 24 306
54 25 375
54 26 484
54 27 345
54 28 510
54 29 935
54 30 900
54 31 783
54 32 961
54 33 402
54 34 575
54 35 462
54 36 887
54 37 506
54 38 844
54 39 553
54 40 662
54 41 258
54 42 913
54 43 1046
54 44 595
54 45 144
54 46 998
54 47 547
54 48 96
54 49 950
54 50 499
54 51 48
54 52 902
54 53 451
54 54 0
54 55 950
54 56 499
54 57 48
54 58 998
54 59 547
54 60 96
54 61 1166
55 0 312
55 1 562
55 2 575
55 3 592
55 4 684
55 5 775
55 6 176
55 7 957
55 8 675
55 9 501
55 10 536
55 11 823
55 12 124
55 13 562
55 14 228
55 15 215
55 16 705
55 17 124
55 18 714
55 19 398
55 20 749
55 21 167
55 22 627
55 23 549
55 24 740
55 25 575
55 26 658
55 27 605
55 28 536
55 29 207
55 30 50
55 31 167
55 32 181
55 33 836
55 34 375
55 35 584
55 36 63
55 37 732
55 38 202
55 39 397
55 40 480
55 41 692
55 42 37
55 43 192
55 44 643
55 45 1094
55 46 144
55 47 595
55 48 1046
55 49 96
55 50 547
55 51 998
55 52 48
55 53 499
55 54 950
55 55 0
55 56 451
55 57 902
55 58 48
55 59 499
55 60 950
55 61 312
56 0 763
56 1 111
56 2 124
56 3 141
56 4 233
56 5 324
56 6 371
56 7 506
56 8 224
56 9 50
56 10 85
56 11 372
56 12 423
56 13 111
56 14 319
56 15 332
56 16 254
56 17 423
56 18 263
56 19 437
56 20 298
56 21 284
56 22 176
56 23 98
56 24 289
56 25 124
56 26 207
56 27 154
56 28 85
56 29 532
56 30 401
56 31 284
56 32 558
56 33 385
56 34 76
56 35 133
56 36 388
56 37 281
56 38 345
56 39 150
56 40 259
56 41 241
56 42 414
56 43 643
56 44 192
56 45 643
56 46 595
56 47 144
56 48 595
56 49 547
56 50 96
56 51 547
56 52 499
56 53 48
56 54 499
56 55 451
56 56 0
56 57 451
56 58 499
56 59 48
56 60 499
56 61 763
57 0 1214
57 1 436
57 2 423
57 3 310
57 4 506
57 5 415
57 6 822
57 7 233
57 8 419
57 9 401
57 10 462
57 11 463
57 12 874
57 13 436
57 14 770
57 15 783
57 16 293
57 17 874
57 18 380
57 19 888
57 20 441
57 21 735
57 22 371
57 23 449
57 24 354
57 25 423
57 26 532
57 27 297
57 28 462
57 29 983
57 30 852
57 31 735
57 32 1009
57 33 450
57 34 527
57 35 510
57 36 839
57 37 554
57 38 796
57 39 601
57 40 710
57 41 306
57 42 865
57 43 1094
57 44 643
57 45 192
57 46 1046
57 47 595
57 48 144
57 49 998
57 50 547
57 51 96
57 52 950
57 53 499
57 54 48
57 55 902
57 56 451
57 57 0
57 58 950
57 59 499
57 60 48
57 61 1214
58 0 360
58 1 514
58 2 527
58 3 640
58 4 732
58 5 823
58 6 128
58 7 1005
58 8 723
58 9 549
58 10 488
58 11 871
58 12 76
58 13 610
58 14 180
58 15 263
58 16 753
58 17 76
58 18 762
58 19 446
58 20 797
58 21 215
58 22 579
58 23 501
58 24 788
58 25 623
58 26 706
58 27 653
58 28 488
58 29 255
58 30 98
58 31 215
58 32 229
58 33 884
58 34 423
58 35 632
58 36 111
58 37 780
58 38 154
58 39 445
58 40 528
58 41 740
58 42 85
58 43 240
58 44 691
58 45 1142
58 46 192
58 47 643
58 48 1094
58 49 144
58 50 595
58 51 1046
58 52 96
58 53 547
58 54 998
58 55 48
58 56 499
58 57 950
58 58 0
58 59 451
58 60 902
58 61 360
59 0 811
59 1 63
59 2 76
59 3 189
59 4 281
59 5 372
59 6 323
59 7 554
59 8 272
59 9 98
59 10 37
59 11 420
59 12 375
59 13 159
59 14 271
59 15 380
59 16 302
59 17 375
59 18 311
59 19 485
59 20 346
59 21 332
59 22 128
59 23 50
59 24 337
59 25 172
59 26 255
59 27 202
59 28 37
59 29 580
59 30 449
59 31 332
59 32 606
59 33 433
59 34 124
59 35 181
59 36 436
59 37 329
59 38 297
59 39 198
59 40 307
59 41 289
59 42 462
59 43 691
59 44 240
59 45 691
59 46 643
59 47 192
59 48 643
59 49 595
59 50 144
59 51 595
59 52 547
59 53 96
59 54 547
59 55 499
59 56 48
59 57 499
59 58 451
59 59 0
59 60 451
59 61 811
60 0 1262
60 1 388
60 2 375
60 3 358
60 4 554
60 5 463
60 6 774
60 7 281
60 8 467
60 9 449
60 10 414
60 11 511
60 12 826
60 13 484
60 14 722
60 15 831
60 16 341
60 17 826
60 18 428
60 19 936
60 20 489
60 21 783
60 22 323
60 23 401
60 24 402
60 25 471
60 26 580
60 27 345
60 28 414
60 29 1031
60 30 900
60 31 783
60 32 1057
60 33 498
60 34 575
60 35 558
60 36 887
60 37 602
60 38 748
60 39 649
60 40 758
60 41 354
60 42 913
60 43 1142
60 44 691
60 45 240
60 46 1094
60 47 643
60 48 192
60 49 1046
60 50 595
60 51 144
60 52 998
60 53 547
60 54 96
60 55 950
60 56 499
60 57 48
60 58 902
60 59 451
60 60 0
60 61 1262
61 0 0
61 1 874
61 2 887
61 3 904
61 4 708
61 5 799
61 6 488
61 7 981
61 8 795
61 9 813
61 10 848
61 11 751
61 12 436
61 13 778
61 14 540
61 15 431
61 16 921
61 17 436
61 18 834
61 19 326
61 20 773
61 21 479
61 22 939
61 23 861
61 24 860
61 25 791
61 26 682
61 27 917
61 28 848
61 29 231
61 30 362
61 31 479
61 32 205
61 33 764
61 34 687
61 35 704
61 36 375
61 37 660
61 38 514
61 39 613
61 40 504
61 41 908
61 42 349
61 43 120
61 44 571
61 45 1022
61 46 168
61 47 619
61 48 1070
61 49 216
61 50 667
61 51 1118
61 52 264
61 53 715
61 54 1166
61 55 312
61 56 763
61 57 1214
61 58 360
61 59 811
61 60 1262
61 61 0
//Location coordinates LocationName
//Loc x y
0 0.0 0.0 "depot"
1 240.0 634.0 "product aisle 5 bloc 1 rank 5"
2 240.0 647.0 "product aisle 5 bloc 1 rank 7"
3 192.0 712.0 "product aisle 4 bloc 1 rank 17"
4 48.0 660.0 "product aisle 1 bloc 1 rank 9"
5 48.0 751.0 "product aisle 1 bloc 1 rank 23"
6 240.0 248.0 "product aisle 5 bloc 0 rank 16"
7 48.0 933.0 "product aisle 1 bloc 1 rank 51"
8 96.0 699.0 "product aisle 2 bloc 1 rank 15"
9 192.0 621.0 "product aisle 4 bloc 1 rank 3"
10 240.0 608.0 "product aisle 5 bloc 1 rank 1"
11 0.0 751.0 "product aisle 0 bloc 1 rank 24"
12 240.0 196.0 "product aisle 5 bloc 0 rank 7"
