//alpha
1
//NbLocations
91
//NbProducts
36
//NbPickers
2
//CapaPicker
12
//TimeToTravelOneDistanceUnit
3
//SetupTime
5400
//PickTime
300
//Products
//Idx Location Size
1 1 1
2 2 1
3 3 1
4 4 1
5 5 1
6 6 1
7 7 1
8 8 1
9 9 1
10 10 1
11 11 1
12 12 1
13 13 1
14 14 1
15 15 1
16 16 1
17 17 1
18 18 1
19 19 1
20 20 1
21 21 1
22 22 1
23 23 1
24 24 1
25 25 1
26 26 1
27 27 1
28 28 1
29 29 1
30 30 1
31 31 1
32 32 1
33 33 1
34 34 1
35 35 1
36 36 1
//Orders
//NbOrders
18
//Idx DueDate TardinessPenalty NbProdInOrder ProdIdx1 Qty1 ProdIdx2 Qty2 ...
1 72000 0 1 1 1
2 144000 0 3 2 1 3 1 4 1
3 126000 0 3 5 1 6 1 7 1
4 144000 0 2 8 1 9 1
5 126000 0 1 10 1
6 90000 0 1 11 1
7 108000 0 5 12 1 13 1 14 1 15 1 16 1
8 126000 0 3 17 1 18 1 19 1
9 90000 0 2 20 1 21 1
10 126000 0 4 22 1 23 1 24 1 25 1
11 144000 0 1 26 1
12 108000 0 1 27 1
13 90000 0 1 28 1
14 108000 0 1 29 1
15 36000 0 1 30 1
16 126000 0 1 31 1
17 72000 0 2 32 1 33 1
18 72000 0 3 34 1 35 1 36 1
//Graph (Products are vertices indexed from 1 to NbProducts)
//NbVerticesIntersections
54
//DepartingDepot
0
//ArrivalDepot
91
//Arcs
//Start End Distance
0 37 120
1 14 910
1 33 91
2 13 117
2 72 1051
3 5 897
3 59 102
4 37 154
4 38 1077
5 3 897
5 60 232
6 13 13
6 71 50
7 15 156
7 73 50
8 29 78
8 41 128
9 89 89
9 90 1142
10 12 39
10 26 130
11 32 585
11 88 128
12 10 39
12 77 986
13 2 117
13 6 13
14 1 910
14 59 167
15 7 156
15 74 1025
16 80 193
16 81 1038
17 56 115
17 57 1116
18 68 50
18 69 1181
19 30 273
19 75 908
20 33 0
20 58 63
21 46 76
21 47 1155
22 62 50
22 63 1181
23 31 936
23 64 180
24 44 219
24 45 1012
25 82 388
25 83 843
26 10 130
26 76 76
27 67 50
27 68 1181
28 83 219
28 84 1012
29 8 78
29 42 1025
30 19 273
30 74 50
31 23 936
31 65 115
32 11 585
32 89 518
33 1 91
33 20 0
34 79 63
34 80 1168
35 36 26
35 70 89
36 35 26
36 71 1116
37 4 154
37 40 48
37 91 120
38 4 1077
38 39 1231
38 41 48
39 38 1231
39 42 48
40 37 48
40 41 1231
40 43 48
41 8 128
41 38 48
41 40 1231
41 44 48
42 29 1025
42 39 48
42 45 48
43 40 48
43 44 1231
43 46 48
44 24 219
44 41 48
44 43 1231
44 47 48
45 24 1012
45 42 48
45 48 48
46 21 76
46 43 48
46 49 48
47 21 1155
47 44 48
47 48 1231
47 50 48
48 45 48
48 47 1231
48 51 48
49 46 48
49 50 1231
49 52 48
50 47 48
50 49 1231
50 51 1231
50 53 48
51 48 48
51 50 1231
51 54 48
52 49 48
52 53 1231
52 55 48
53 50 48
53 52 1231
53 54 1231
53 56 48
54 51 48
54 53 1231
54 57 48
55 52 48
55 56 1231
55 58 48
56 17 115
56 53 48
56 55 1231
56 59 48
57 17 1116
57 54 48
57 60 48
58 20 63
58 55 48
58 61 48
59 3 102
59 14 167
59 56 48
59 62 48
60 5 232
60 57 48
60 63 48
61 58 48
61 62 1231
61 64 48
62 22 50
62 59 48
62 61 1231
62 65 48
63 22 1181
63 60 48
63 66 48
64 23 180
64 61 48
64 67 48
65 31 115
65 62 48
65 66 1231
65 68 48
66 63 48
66 65 1231
66 69 48
67 27 50
67 64 48
67 70 48
68 18 50
68 27 1181
68 65 48
68 71 48
69 18 1181
69 66 48
69 72 48
70 35 89
70 67 48
70 73 48
71 6 50
71 36 1116
71 68 48
71 74 48
72 2 1051
72 69 48
72 75 48
73 7 50
73 70 48
73 76 48
74 15 1025
74 30 50
74 71 48
74 77 48
75 19 908
75 72 48
75 78 48
76 26 76
76 73 48
76 79 48
77 12 986
77 74 48
77 78 1231
77 80 48
78 75 48
78 77 1231
78 81 48
79 34 63
79 76 48
79 82 48
80 16 193
80 34 1168
80 77 48
80 83 48
81 16 1038
81 78 48
81 84 48
82 25 388
82 79 48
82 85 48
83 25 843
83 28 219
83 80 48
83 86 48
84 28 1012
84 81 48
84 87 48
85 82 48
85 86 1231
85 88 48
86 83 48
86 85 1231
86 87 1231
86 89 48
87 84 48
87 86 1231
87 90 48
88 11 128
88 85 48
89 9 89
89 32 518
89 86 48
90 9 1142
90 87 48
//LocStart LocEnd ShortestPath
0 0 0
0 1 610
0 2 2059
0 3 1789
0 4 274
0 5 2686
0 6 1929
0 7 746
0 8 1527
0 9 2256
0 10 950
0 11 1064
0 12 989
0 13 1942
0 14 1520
0 15 902
0 16 2216
0 17 1754
0 18 1881
0 19 2250
0 20 519
0 21 340
0 22 1785
0 23 732
0 24 1666
0 25 1228
0 26 820
0 27 650
0 28 2290
0 29 1605
0 30 1977
0 31 1668
0 32 1649
0 33 519
0 34 855
0 35 737
0 36 763
0 37 120
0 38 1351
0 39 2582
0 40 168
0 41 1399
0 42 2630
0 43 216
0 44 1447
0 45 2678
0 46 264
0 47 1495
0 48 2726
0 49 312
0 50 1543
0 51 2774
0 52 360
0 53 1591
0 54 2822
0 55 408
0 56 1639
0 57 2870
0 58 456
0 59 1687
0 60 2918
0 61 504
0 62 1735
0 63 2966
0 64 552
0 65 1783
0 66 3014
0 67 600
0 68 1831
0 69 3062
0 70 648
0 71 1879
0 72 3110
0 73 696
0 74 1927
0 75 3158
0 76 744
0 77 1975
0 78 3206
0 79 792
0 80 2023
0 81 3254
0 82 840
0 83 2071
0 84 3302
0 85 888
0 86 2119
0 87 3350
0 88 936
0 89 2167
0 90 3398
0 91 0
1 0 610
1 1 0
1 2 1449
1 3 1179
1 4 644
1 5 2076
1 6 1319
1 7 444
1 8 1493
1 9 1646
1 10 648
1 11 762
1 12 687
1 13 1332
1 14 910
1 15 600
1 16 1606
1 17 1240
1 18 1271
1 19 1640
1 20 91
1 21 422
1 22 1175
1 23 430
1 24 1536
1 25 926
1 26 518
1 27 348
1 28 1680
1 29 1571
1 30 1367
1 31 1288
1 32 1347
1 33 91
1 34 553
1 35 435
1 36 461
1 37 490
1 38 1413
1 39 2644
1 40 442
1 41 1365
1 42 2596
1 43 394
1 44 1317
1 45 2548
1 46 346
1 47 1269
1 48 2500
1 49 298
1 50 1221
1 51 2452
1 52 250
1 53 1173
1 54 2404
1 55 202
1 56 1125
1 57 2356
1 58 154
1 59 1077
1 60 2308
1 61 202
1 62 1125
1 63 2356
1 64 250
1 65 1173
1 66 2404
1 67 298
1 68 1221
1 69 2452
1 70 346
1 71 1269
1 72 2500
1 73 394
1 74 1317
1 75 2548
1 76 442
1 77 1365
1 78 2596
1 79 490
1 80 1413
1 81 2644
1 82 538
1 83 1461
1 84 2692
1 85 586
1 86 1509
1 87 2740
1 88 634
1 89 1557
1 90 2788
1 91 610
2 0 2059
2 1 1449
2 2 0
2 3 474
2 4 1785
2 5 1371
2 6 130
2 7 1409
2 8 788
2 9 557
2 10 1301
2 11 1571
2 12 1262
2 13 117
2 14 539
2 15 1253
2 16 517
2 17 535
2 18 278
2 19 551
2 20 1540
2 21 1719
2 22 374
2 23 1327
2 24 831
2 25 1215
2 26 1431
2 27 1409
2 28 591
2 29 866
2 30 278
2 31 391
2 32 986
2 33 1540
2 34 1492
2 35 1322
2 36 1296
2 37 1939
2 38 708
2 39 1579
2 40 1891
2 41 660
2 42 1531
2 43 1843
2 44 612
2 45 1483
2 46 1795
2 47 564
2 48 1435
2 49 1747
2 50 516
2 51 1387
2 52 1699
2 53 468
2 54 1339
2 55 1651
2 56 420
2 57 1291
2 58 1603
2 59 372
2 60 1243
2 61 1555
2 62 324
2 63 1195
2 64 1507
2 65 276
2 66 1147
2 67 1459
2 68 228
2 69 1099
2 70 1411
2 71 180
2 72 1051
2 73 1459
2 74 228
2 75 1099
2 76 1507
2 77 276
2 78 1147
2 79 1555
2 80 324
2 81 1195
2 82 1603
2 83 372
2 84 1243
2 85 1651
2 86 420
2 87 1291
2 88 1699
2 89 468
2 90 1339
2 91 2059
3 0 1789
3 1 1179
3 2 474
3 3 0
3 4 1515
3 5 897
3 6 344
3 7 1523
3 8 518
3 9 671
3 10 1415
3 11 1685
3 12 1376
3 13 357
3 14 269
3 15 1367
3 16 631
3 17 265
3 18 296
3 19 665
3 20 1270
3 21 1449
3 22 200
3 23 1249
3 24 561
3 25 1329
3 26 1545
3 27 1427
3 28 705
3 29 596
3 30 392
3 31 313
3 32 1100
3 33 1270
3 34 1606
3 35 1436
3 36 1410
3 37 1669
3 38 438
3 39 1465
3 40 1621
3 41 390
3 42 1417
3 43 1573
3 44 342
3 45 1369
3 46 1525
3 47 294
3 48 1321
3 49 1477
3 50 246
3 51 1273
3 52 1429
3 53 198
3 54 1225
3 55 1381
3 56 150
3 57 1177
3 58 1333
3 59 102
3 60 1129
3 61 1381
3 62 150
3 63 1177
3 64 1429
3 65 198
3 66 1225
3 67 1477
3 68 246
3 69 1273
3 70 1525
3 71 294
3 72 1321
3 73 1573
3 74 342
3 75 1369
3 76 1621
3 77 390
3 78 1417
3 79 1669
3 80 438
3 81 1465
3 82 1717
3 83 486
3 84 1513
3 85 1765
3 86 534
3 87 1561
3 88 1813
3 89 582
3 90 1609
3 91 1789
4 0 274
4 1 644
4 2 1785
4 3 1515
4 4 0
4 5 2412
4 6 1655
4 7 780
4 8 1253
4 9 1982
4 10 984
4 11 1098
4 12 1023
4 13 1668
4 14 1554
4 15 936
4 16 1942
4 17 1480
4 18 1607
4 19 1976
4 20 553
4 21 374
4 22 1511
4 23 766
4 24 1392
4 25 1262
4 26 854
4 27 684
4 28 2016
4 29 1331
4 30 1703
4 31 1624
4 32 1683
4 33 553
4 34 889
4 35 771
4 36 797
4 37 154
4 38 1077
4 39 2308
4 40 202
4 41 1125
4 42 2356
4 43 250
4 44 1173
4 45 2404
4 46 298
4 47 1221
4 48 2452
4 49 346
4 50 1269
4 51 2500
4 52 394
4 53 1317
4 54 2548
4 55 442
4 56 1365
4 57 2596
4 58 490
4 59 1413
4 60 2644
4 61 538
4 62 1461
4 63 2692
4 64 586
4 65 1509
4 66 2740
4 67 634
4 68 1557
4 69 2788
4 70 682
4 71 1605
4 72 2836
4 73 730
4 74 1653
4 75 2884
4 76 778
4 77 1701
4 78 2932
4 79 826
4 80 1749
4 81 2980
4 82 874
4 83 1797
4 84 3028
4 85 922
4 86 1845
4 87 3076
4 88 970
4 89 1893
4 90 3124
4 91 274
5 0 2686
5 1 2076
5 2 1371
5 3 897
5 4 2412
5 5 0
5 6 1241
5 7 2420
5 8 1415
5 9 1568
5 10 2312
5 11 2582
5 12 2273
5 13 1254
5 14 1166
5 15 2264
5 16 1528
5 17 1162
5 18 1193
5 19 1380
5 20 2167
5 21 2346
5 22 1097
5 23 2146
5 24 1458
5 25 2226
5 26 2442
5 27 2324
5 28 1602
5 29 1493
5 30 1289
5 31 1210
5 32 1997
5 33 2167
5 34 2503
5 35 2333
5 36 2307
5 37 2566
5 38 1335
5 39 568
5 40 2518
5 41 1287
5 42 520
5 43 2470
5 44 1239
5 45 472
5 46 2422
5 47 1191
5 48 424
5 49 2374
5 50 1143
5 51 376
5 52 2326
5 53 1095
5 54 328
5 55 2278
5 56 1047
5 57 280
5 58 2230
5 59 999
5 60 232
5 61 2278
5 62 1047
5 63 280
5 64 2326
5 65 1095
5 66 328
5 67 2374
5 68 1143
5 69 376
5 70 2422
5 71 1191
5 72 424
5 73 2470
5 74 1239
5 75 472
5 76 2518
5 77 1287
5 78 520
5 79 2566
5 80 1335
5 81 568
5 82 2614
5 83 1383
5 84 616
5 85 2662
5 86 1431
5 87 664
5 88 2710
5 89 1479
5 90 712
5 91 2686
6 0 1929
6 1 1319
6 2 130
6 3 344
6 4 1655
6 5 1241
6 6 0
6 7 1279
6 8 658
6 9 427
6 10 1171
6 11 1441
6 12 1132
6 13 13
6 14 409
6 15 1123
6 16 387
6 17 405
6 18 148
6 19 421
6 20 1410
6 21 1589
6 22 244
6 23 1197
6 24 701
6 25 1085
6 26 1301
6 27 1279
6 28 461
6 29 736
6 30 148
6 31 261
6 32 856
6 33 1410
6 34 1362
6 35 1192
6 36 1166
6 37 1809
6 38 578
6 39 1709
6 40 1761
6 41 530
6 42 1661
6 43 1713
6 44 482
6 45 1613
6 46 1665
6 47 434
6 48 1565
6 49 1617
6 50 386
6 51 1517
6 52 1569
6 53 338
6 54 1469
6 55 1521
6 56 290
6 57 1421
6 58 1473
6 59 242
6 60 1373
6 61 1425
6 62 194
6 63 1325
6 64 1377
6 65 146
6 66 1277
6 67 1329
6 68 98
6 69 1229
6 70 1281
6 71 50
6 72 1181
6 73 1329
6 74 98
6 75 1229
6 76 1377
6 77 146
6 78 1277
6 79 1425
6 80 194
6 81 1325
6 82 1473
6 83 242
6 84 1373
6 85 1521
6 86 290
6 87 1421
6 88 1569
6 89 338
6 90 1469
6 91 1929
7 0 746
7 1 444
7 2 1409
7 3 1523
7 4 780
7 5 2420
7 6 1279
7 7 0
7 8 1837
7 9 1510
7 10 304
7 11 418
7 12 343
7 13 1292
7 14 1354
7 15 156
7 16 1470
7 17 1584
7 18 1327
7 19 1504
7 20 353
7 21 558
7 22 1423
7 23 374
7 24 1880
7 25 582
7 26 174
7 27 196
7 28 1544
7 29 1915
7 30 1231
7 31 1310
7 32 1003
7 33 353
7 34 209
7 35 187
7 36 213
7 37 626
7 38 1757
7 39 2988
7 40 578
7 41 1709
7 42 2940
7 43 530
7 44 1661
7 45 2892
7 46 482
7 47 1613
7 48 2844
7 49 434
7 50 1565
7 51 2796
7 52 386
7 53 1517
7 54 2748
7 55 338
7 56 1469
7 57 2700
7 58 290
7 59 1421
7 60 2652
7 61 242
7 62 1373
7 63 2604
7 64 194
7 65 1325
7 66 2556
7 67 146
7 68 1277
7 69 2508
7 70 98
7 71 1229
7 72 2460
7 73 50
7 74 1181
7 75 2412
7 76 98
7 77 1229
7 78 2460
7 79 146
7 80 1277
7 81 2508
7 82 194
7 83 1325
7 84 2556
7 85 242
7 86 1373
7 87 2604
7 88 290
7 89 1421
7 90 2652
7 91 746
8 0 1527
8 1 1493
8 2 788
8 3 518
8 4 1253
8 5 1415
8 6 658
8 7 1837
8 8 0
8 9 985
8 10 1729
8 11 1999
8 12 1690
8 13 671
8 14 583
8 15 1681
8 16 945
8 17 483
8 18 610
8 19 979
8 20 1584
8 21 1379
8 22 514
8 23 1563
8 24 395
8 25 1643
8 26 1859
8 27 1741
8 28 1019
8 29 78
8 30 706
8 31 627
8 32 1414
8 33 1584
8 34 1920
8 35 1750
8 36 1724
8 37 1407
8 38 176
8 39 1151
8 40 1359
8 41 128
8 42 1103
8 43 1407
8 44 176
8 45 1151
8 46 1455
8 47 224
8 48 1199
8 49 1503
8 50 272
8 51 1247
8 52 1551
8 53 320
8 54 1295
8 55 1599
8 56 368
8 57 1343
8 58 1647
8 59 416
8 60 1391
8 61 1695
8 62 464
8 63 1439
8 64 1743
8 65 512
8 66 1487
8 67 1791
8 68 560
8 69 1535
8 70 1839
8 71 608
8 72 1583
8 73 1887
8 74 656
8 75 1631
8 76 1935
8 77 704
8 78 1679
8 79 1983
8 80 752
8 81 1727
8 82 2031
8 83 800
8 84 1775
8 85 2079
8 86 848
8 87 1823
8 88 2127
8 89 896
8 90 1871
8 91 1527
9 0 2256
9 1 1646
9 2 557
9 3 671
9 4 1982
9 5 1568
9 6 427
9 7 1510
9 8 985
9 9 0
9 10 1306
9 11 1192
9 12 1267
9 13 440
9 14 736
9 15 1354
9 16 426
9 17 732
9 18 475
9 19 652
9 20 1737
9 21 1916
9 22 571
9 23 1524
9 24 1028
9 25 1028
9 26 1436
9 27 1606
9 28 404
9 29 1063
9 30 379
9 31 588
9 32 607
9 33 1737
9 34 1401
9 35 1519
9 36 1493
9 37 2136
9 38 905
9 39 1958
9 40 2088
9 41 857
9 42 1910
9 43 2040
9 44 809
9 45 1862
9 46 1992
9 47 761
9 48 1814
9 49 1944
9 50 713
9 51 1766
9 52 1896
9 53 665
9 54 1718
9 55 1848
9 56 617
9 57 1670
9 58 1800
9 59 569
9 60 1622
9 61 1752
9 62 521
9 63 1574
9 64 1704
9 65 473
9 66 1526
9 67 1656
9 68 425
9 69 1478
9 70 1608
9 71 377
9 72 1430
9 73 1560
9 74 329
9 75 1382
9 76 1512
9 77 281
9 78 1334
9 79 1464
9 80 233
9 81 1286
9 82 1416
9 83 185
9 84 1238
9 85 1368
9 86 137
9 87 1190
9 88 1320
9 89 89
9 90 1142
9 91 2256
10 0 950
10 1 648
10 2 1301
10 3 1415
10 4 984
10 5 2312
10 6 1171
10 7 304
10 8 1729
10 9 1306
10 10 0
10 11 526
10 12 39
10 13 1184
10 14 1480
10 15 460
10 16 1266
10 17 1476
10 18 1219
10 19 1396
10 20 557
10 21 762
10 22 1315
10 23 578
10 24 1772
10 25 690
10 26 130
10 27 400
10 28 1340
10 29 1807
10 30 1123
10 31 1332
10 32 1111
10 33 557
10 34 317
10 35 391
10 36 417
10 37 830
10 38 1649
10 39 2880
10 40 782
10 41 1601
10 42 2832
10 43 734
10 44 1553
10 45 2784
10 46 686
10 47 1505
10 48 2736
10 49 638
10 50 1457
10 51 2688
10 52 590
10 53 1409
10 54 2640
10 55 542
10 56 1361
10 57 2592
10 58 494
10 59 1313
10 60 2544
10 61 446
10 62 1265
10 63 2496
10 64 398
10 65 1217
10 66 2448
10 67 350
10 68 1169
10 69 2400
10 70 302
10 71 1121
10 72 2352
10 73 254
10 74 1073
10 75 2304
10 76 206
10 77 1025
10 78 2256
10 79 254
10 80 1073
10 81 2304
10 82 302
10 83 1121
10 84 2352
10 85 350
10 86 1169
10 87 2400
10 88 398
10 89 1217
10 90 2448
10 91 950
11 0 1064
11 1 762
11 2 1571
11 3 1685
11 4 1098
11 5 2582
11 6 1441
11 7 418
11 8 1999
11 9 1192
11 10 526
11 11 0
11 12 565
11 13 1454
11 14 1672
11 15 574
11 16 1440
11 17 1746
11 18 1489
11 19 1666
11 20 671
11 21 876
11 22 1585
11 23 692
11 24 2042
11 25 612
11 26 396
11 27 514
11 28 1418
11 29 2077
11 30 1393
11 31 1602
11 32 585
11 33 671
11 34 335
11 35 505
11 36 531
11 37 944
11 38 1919
11 39 3150
11 40 896
11 41 1871
11 42 3102
11 43 848
11 44 1823
11 45 3054
11 46 800
11 47 1775
11 48 3006
11 49 752
11 50 1727
11 51 2958
11 52 704
11 53 1679
11 54 2910
11 55 656
11 56 1631
11 57 2862
11 58 608
11 59 1583
11 60 2814
11 61 560
11 62 1535
11 63 2766
11 64 512
11 65 1487
11 66 2718
11 67 464
11 68 1439
11 69 2670
11 70 416
11 71 1391
11 72 2622
11 73 368
11 74 1343
11 75 2574
11 76 320
11 77 1295
11 78 2526
11 79 272
11 80 1247
11 81 2478
11 82 224
11 83 1199
11 84 2430
11 85 176
11 86 1151
11 87 2382
11 88 128
11 89 1103
11 90 2334
11 91 1064
12 0 989
12 1 687
12 2 1262
12 3 1376
12 4 1023
12 5 2273
12 6 1132
12 7 343
12 8 1690
12 9 1267
12 10 39
12 11 565
12 12 0
12 13 1145
12 14 1441
12 15 499
12 16 1227
12 17 1437
12 18 1180
12 19 1357
12 20 596
12 21 801
12 22 1276
12 23 617
12 24 1733
12 25 729
12 26 169
12 27 439
12 28 1301
12 29 1768
12 30 1084
12 31 1293
12 32 1150
12 33 596
12 34 356
12 35 430
12 36 456
12 37 869
12 38 1610
12 39 2841
12 40 821
12 41 1562
12 42 2793
12 43 773
12 44 1514
12 45 2745
12 46 725
12 47 1466
12 48 2697
12 49 677
12 50 1418
12 51 2649
12 52 629
12 53 1370
12 54 2601
12 55 581
12 56 1322
12 57 2553
12 58 533
12 59 1274
12 60 2505
12 61 485
12 62 1226
12 63 2457
12 64 437
12 65 1178
12 66 2409
12 67 389
12 68 1130
12 69 2361
12 70 341
12 71 1082
12 72 2313
12 73 293
12 74 1034
12 75 2265
12 76 245
12 77 986
12 78 2217
12 79 293
12 80 1034
12 81 2265
12 82 341
12 83 1082
12 84 2313
12 85 389
12 86 1130
12 87 2361
12 88 437
12 89 1178
12 90 2409
12 91 989
13 0 1942
13 1 1332
13 2 117
13 3 357
13 4 1668
13 5 1254
13 6 13
13 7 1292
13 8 671
13 9 440
13 10 1184
13 11 1454
13 12 1145
13 13 0
13 14 422
13 15 1136
13 16 400
13 17 418
13 18 161
13 19 434
13 20 1423
13 21 1602
13 22 257
13 23 1210
13 24 714
13 25 1098
13 26 1314
13 27 1292
13 28 474
13 29 749
13 30 161
13 31 274
13 32 869
13 33 1423
13 34 1375
13 35 1205
13 36 1179
13 37 1822
13 38 591
13 39 1696
13 40 1774
13 41 543
13 42 1648
13 43 1726
13 44 495
13 45 1600
13 46 1678
13 47 447
13 48 1552
13 49 1630
13 50 399
13 51 1504
13 52 1582
13 53 351
13 54 1456
13 55 1534
13 56 303
13 57 1408
13 58 1486
13 59 255
13 60 1360
13 61 1438
13 62 207
13 63 1312
13 64 1390
13 65 159
13 66 1264
13 67 1342
13 68 111
13 69 1216
13 70 1294
13 71 63
13 72 1168
13 73 1342
13 74 111
13 75 1216
13 76 1390
13 77 159
13 78 1264
13 79 1438
13 80 207
13 81 1312
13 82 1486
13 83 255
13 84 1360
13 85 1534
13 86 303
13 87 1408
13 88 1582
13 89 351
13 90 1456
13 91 1942
14 0 1520
14 1 910
14 2 539
14 3 269
14 4 1554
14 5 1166
14 6 409
14 7 1354
14 8 583
14 9 736
14 10 1480
14 11 1672
14 12 1441
14 13 422
14 14 0
14 15 1432
14 16 696
14 17 330
14 18 361
14 19 730
14 20 1001
14 21 1332
14 22 265
14 23 1314
14 24 626
14 25 1394
14 26 1428
14 27 1258
14 28 770
14 29 661
14 30 457
14 31 378
14 32 1165
14 33 1001
14 34 1463
14 35 1345
14 36 1371
14 37 1400
14 38 503
14 39 1734
14 40 1352
14 41 455
14 42 1686
14 43 1304
14 44 407
14 45 1638
14 46 1256
14 47 359
14 48 1590
14 49 1208
14 50 311
14 51 1542
14 52 1160
14 53 263
14 54 1494
14 55 1112
14 56 215
14 57 1446
14 58 1064
14 59 167
14 60 1398
14 61 1112
14 62 215
14 63 1446
14 64 1160
14 65 263
14 66 1494
14 67 1208
14 68 311
14 69 1542
14 70 1256
14 71 359
14 72 1590
14 73 1304
14 74 407
14 75 1638
14 76 1352
14 77 455
14 78 1686
14 79 1400
14 80 503
14 81 1734
14 82 1448
14 83 551
14 84 1782
14 85 1496
14 86 599
14 87 1830
14 88 1544
14 89 647
14 90 1878
14 91 1520
15 0 902
15 1 600
15 2 1253
15 3 1367
15 4 936
15 5 2264
15 6 1123
15 7 156
15 8 1681
15 9 1354
15 10 460
15 11 574
15 12 499
15 13 1136
15 14 1432
15 15 0
15 16 1314
15 17 1428
15 18 1171
15 19 1348
15 20 509
15 21 714
15 22 1267
15 23 530
15 24 1724
15 25 738
15 26 330
15 27 352
15 28 1388
15 29 1759
15 30 1075
15 31 1284
15 32 1159
15 33 509
15 34 365
15 35 343
15 36 369
15 37 782
15 38 1601
15 39 2832
15 40 734
15 41 1553
15 42 2784
15 43 686
15 44 1505
15 45 2736
15 46 638
15 47 1457
15 48 2688
15 49 590
15 50 1409
15 51 2640
15 52 542
15 53 1361
15 54 2592
15 55 494
15 56 1313
15 57 2544
15 58 446
15 59 1265
15 60 2496
15 61 398
15 62 1217
15 63 2448
15 64 350
15 65 1169
15 66 2400
15 67 302
15 68 1121
15 69 2352
15 70 254
15 71 1073
15 72 2304
15 73 206
15 74 1025
15 75 2256
15 76 254
15 77 1073
15 78 2304
15 79 302
15 80 1121
15 81 2352
15 82 350
15 83 1169
15 84 2400
15 85 398
15 86 1217
15 87 2448
15 88 446
15 89 1265
15 90 2496
15 91 902
16 0 2216
16 1 1606
16 2 517
16 3 631
16 4 1942
16 5 1528
16 6 387
16 7 1470
16 8 945
16 9 426
16 10 1266
16 11 1440
16 12 1227
16 13 400
16 14 696
16 15 1314
16 16 0
16 17 692
16 18 435
16 19 612
16 20 1697
16 21 1876
16 22 531
16 23 1484
16 24 988
16 25 1084
16 26 1396
16 27 1566
16 28 460
16 29 1023
16 30 339
16 31 548
16 32 855
16 33 1697
16 34 1361
16 35 1479
16 36 1453
16 37 2096
16 38 865
16 39 1710
16 40 2048
16 41 817
16 42 1662
16 43 2000
16 44 769
16 45 1614
16 46 1952
16 47 721
16 48 1566
16 49 1904
16 50 673
16 51 1518
16 52 1856
16 53 625
16 54 1470
16 55 1808
16 56 577
16 57 1422
16 58 1760
16 59 529
16 60 1374
16 61 1712
16 62 481
16 63 1326
16 64 1664
16 65 433
16 66 1278
16 67 1616
16 68 385
16 69 1230
16 70 1568
16 71 337
16 72 1182
16 73 1520
16 74 289
16 75 1134
16 76 1472
16 77 241
16 78 1086
16 79 1424
16 80 193
16 81 1038
16 82 1472
16 83 241
16 84 1086
16 85 1520
16 86 289
16 87 1134
16 88 1568
16 89 337
16 90 1182
16 91 2216
17 0 1754
17 1 1240
17 2 535
17 3 265
17 4 1480
17 5 1162
17 6 405
17 7 1584
17 8 483
17 9 732
17 10 1476
17 11 1746
17 12 1437
17 13 418
17 14 330
17 15 1428
17 16 692
17 17 0
17 18 357
17 19 726
17 20 1331
17 21 1414
17 22 261
17 23 1310
17 24 526
17 25 1390
17 26 1606
17 27 1488
17 28 766
17 29 561
17 30 453
17 31 374
17 32 1161
17 33 1331
17 34 1667
17 35 1497
17 36 1471
17 37 1634
17 38 403
17 39 1404
17 40 1586
17 41 355
17 42 1356
17 43 1538
17 44 307
17 45 1308
17 46 1490
17 47 259
17 48 1260
17 49 1442
17 50 211
17 51 1212
17 52 1394
17 53 163
17 54 1164
17 55 1346
17 56 115
17 57 1116
17 58 1394
17 59 163
17 60 1164
17 61 1442
17 62 211
17 63 1212
17 64 1490
17 65 259
17 66 1260
17 67 1538
17 68 307
17 69 1308
17 70 1586
17 71 355
17 72 1356
17 73 1634
17 74 403
17 75 1404
17 76 1682
17 77 451
17 78 1452
17 79 1730
17 80 499
17 81 1500
17 82 1778
17 83 547
17 84 1548
17 85 1826
17 86 595
17 87 1596
17 88 1874
17 89 643
17 90 1644
17 91 1754
18 0 1881
18 1 1271
18 2 278
18 3 296
18 4 1607
18 5 1193
18 6 148
18 7 1327
18 8 610
18 9 475
18 10 1219
18 11 1489
18 12 1180
18 13 161
18 14 361
18 15 1171
18 16 435
18 17 357
18 18 0
18 19 469
18 20 1362
18 21 1541
18 22 196
18 23 1149
18 24 653
18 25 1133
18 26 1349
18 27 1231
18 28 509
18 29 688
18 30 196
18 31 213
18 32 904
18 33 1362
18 34 1410
18 35 1240
18 36 1214
18 37 1761
18 38 530
18 39 1661
18 40 1713
18 41 482
18 42 1613
18 43 1665
18 44 434
18 45 1565
18 46 1617
18 47 386
18 48 1517
18 49 1569
18 50 338
18 51 1469
18 52 1521
18 53 290
18 54 1421
18 55 1473
18 56 242
18 57 1373
18 58 1425
18 59 194
18 60 1325
18 61 1377
18 62 146
18 63 1277
18 64 1329
18 65 98
18 66 1229
18 67 1281
18 68 50
18 69 1181
18 70 1329
18 71 98
18 72 1229
18 73 1377
18 74 146
18 75 1277
18 76 1425
18 77 194
18 78 1325
18 79 1473
18 80 242
18 81 1373
18 82 1521
18 83 290
18 84 1421
18 85 1569
18 86 338
18 87 1469
18 88 1617
18 89 386
18 90 1517
18 91 1881
19 0 2250
19 1 1640
19 2 551
19 3 665
19 4 1976
19 5 1380
19 6 421
19 7 1504
19 8 979
19 9 652
19 10 1396
19 11 1666
19 12 1357
19 13 434
19 14 730
19 15 1348
19 16 612
19 17 726
19 18 469
19 19 0
19 20 1731
19 21 1910
19 22 565
19 23 1518
19 24 1022
19 25 1310
19 26 1526
19 27 1600
19 28 686
19 29 1057
19 30 273
19 31 582
19 32 1081
19 33 1731
19 34 1587
19 35 1513
19 36 1487
19 37 2130
19 38 899
19 39 1484
19 40 2082
19 41 851
19 42 1436
19 43 2034
19 44 803
19 45 1388
19 46 1986
19 47 755
19 48 1340
19 49 1938
19 50 707
19 51 1292
19 52 1890
19 53 659
19 54 1244
19 55 1842
19 56 611
19 57 1196
19 58 1794
19 59 563
19 60 1148
19 61 1746
19 62 515
19 63 1100
19 64 1698
19 65 467
19 66 1052
19 67 1650
19 68 419
19 69 1004
19 70 1602
19 71 371
19 72 956
19 73 1554
19 74 323
19 75 908
19 76 1602
19 77 371
19 78 956
19 79 1650
19 80 419
19 81 1004
19 82 1698
19 83 467
19 84 1052
19 85 1746
19 86 515
19 87 1100
19 88 1794
19 89 563
19 90 1148
19 91 2250
20 0 519
20 1 91
20 2 1540
20 3 1270
20 4 553
20 5 2167
20 6 1410
20 7 353
20 8 1584
20 9 1737
20 10 557
20 11 671
20 12 596
20 13 1423
20 14 1001
20 15 509
20 16 1697
20 17 1331
20 18 1362
20 19 1731
20 20 0
20 21 331
20 22 1266
20 23 339
20 24 1627
20 25 835
20 26 427
20 27 257
20 28 1771
20 29 1662
20 30 1458
20 31 1275
20 32 1256
20 33 0
20 34 462
20 35 344
20 36 370
20 37 399
20 38 1504
20 39 2735
20 40 351
20 41 1456
20 42 2687
20 43 303
20 44 1408
20 45 2639
20 46 255
20 47 1360
20 48 2591
20 49 207
20 50 1312
20 51 2543
20 52 159
20 53 1264
20 54 2495
20 55 111
20 56 1216
20 57 2447
20 58 63
20 59 1168
20 60 2399
20 61 111
20 62 1216
20 63 2447
20 64 159
20 65 1264
20 66 2495
20 67 207
20 68 1312
20 69 2543
20 70 255
20 71 1360
20 72 2591
20 73 303
20 74 1408
20 75 2639
20 76 351
20 77 1456
20 78 2687
20 79 399
20 80 1504
20 81 2735
20 82 447
20 83 1552
20 84 2783
20 85 495
20 86 1600
20 87 2831
20 88 543
20 89 1648
20 90 2879
20 91 519
21 0 340
21 1 422
21 2 1719
21 3 1449
21 4 374
21 5 2346
21 6 1589
21 7 558
21 8 1379
21 9 1916
21 10 762
21 11 876
21 12 801
21 13 1602
21 14 1332
21 15 714
21 16 1876
21 17 1414
21 18 1541
21 19 1910
21 20 331
21 21 0
21 22 1445
21 23 544
21 24 1422
21 25 1040
21 26 632
21 27 462
21 28 1950
21 29 1457
21 30 1637
21 31 1480
21 32 1461
21 33 331
21 34 667
21 35 549
21 36 575
21 37 220
21 38 1299
21 39 2530
21 40 172
21 41 1251
21 42 2482
21 43 124
21 44 1203
21 45 2434
21 46 76
21 47 1155
21 48 2386
21 49 124
21 50 1203
21 51 2434
21 52 172
21 53 1251
21 54 2482
21 55 220
21 56 1299
21 57 2530
21 58 268
21 59 1347
21 60 2578
21 61 316
21 62 1395
21 63 2626
21 64 364
21 65 1443
21 66 2674
21 67 412
21 68 1491
21 69 2722
21 70 460
21 71 1539
21 72 2770
21 73 508
21 74 1587
21 75 2818
21 76 556
21 77 1635
21 78 2866
21 79 604
21 80 1683
21 81 2914
21 82 652
21 83 1731
21 84 2962
21 85 700
21 86 1779
21 87 3010
21 88 748
21 89 1827
21 90 3058
21 91 340
22 0 1785
22 1 1175
22 2 374
22 3 200
22 4 1511
22 5 1097
22 6 244
22 7 1423
22 8 514
22 9 571
22 10 1315
22 11 1585
22 12 1276
22 13 257
22 14 265
22 15 1267
22 16 531
22 17 261
22 18 196
22 19 565
22 20 1266
22 21 1445
22 22 0
22 23 1149
22 24 557
22 25 1229
22 26 1445
22 27 1327
22 28 605
22 29 592
22 30 292
22 31 213
22 32 1000
22 33 1266
22 34 1506
22 35 1336
22 36 1310
22 37 1665
22 38 434
22 39 1565
22 40 1617
22 41 386
22 42 1517
22 43 1569
22 44 338
22 45 1469
22 46 1521
22 47 290
22 48 1421
22 49 1473
22 50 242
22 51 1373
22 52 1425
22 53 194
22 54 1325
22 55 1377
22 56 146
22 57 1277
22 58 1329
22 59 98
22 60 1229
22 61 1281
22 62 50
22 63 1181
22 64 1329
22 65 98
22 66 1229
22 67 1377
22 68 146
22 69 1277
22 70 1425
22 71 194
22 72 1325
22 73 1473
22 74 242
22 75 1373
22 76 1521
22 77 290
22 78 1421
22 79 1569
22 80 338
22 81 1469
22 82 1617
22 83 386
22 84 1517
22 85 1665
22 86 434
22 87 1565
22 88 1713
22 89 482
22 90 1613
22 91 1785
23 0 732
23 1 430
23 2 1327
23 3 1249
23 4 766
23 5 2146
23 6 1197
23 7 374
23 8 1563
23 9 1524
23 10 578
23 11 692
23 12 617
23 13 1210
23 14 1314
23 15 530
23 16 1484
23 17 1310
23 18 1149
23 19 1518
23 20 339
23 21 544
23 22 1149
23 23 0
23 24 1606
23 25 856
23 26 448
23 27 278
23 28 1558
23 29 1641
23 30 1245
23 31 936
23 32 1277
23 33 339
23 34 483
23 35 365
23 36 391
23 37 612
23 38 1483
23 39 2714
23 40 564
23 41 1435
23 42 2666
23 43 516
23 44 1387
23 45 2618
23 46 468
23 47 1339
23 48 2570
23 49 420
23 50 1291
23 51 2522
23 52 372
23 53 1243
23 54 2474
23 55 324
23 56 1195
23 57 2426
23 58 276
23 59 1147
23 60 2378
23 61 228
23 62 1099
23 63 2330
23 64 180
23 65 1051
23 66 2282
23 67 228
23 68 1099
23 69 2330
23 70 276
23 71 1147
23 72 2378
23 73 324
23 74 1195
23 75 2426
23 76 372
23 77 1243
23 78 2474
23 79 420
23 80 1291
23 81 2522
23 82 468
23 83 1339
23 84 2570
23 85 516
23 86 1387
23 87 2618
23 88 564
23 89 1435
23 90 2666
23 91 732
24 0 1666
24 1 1536
24 2 831
24 3 561
24 4 1392
24 5 1458
24 6 701
24 7 1880
24 8 395
24 9 1028
24 10 1772
24 11 2042
24 12 1733
24 13 714
24 14 626
24 15 1724
24 16 988
24 17 526
24 18 653
24 19 1022
24 20 1627
24 21 1422
24 22 557
24 23 1606
24 24 0
24 25 1686
24 26 1902
24 27 1784
24 28 1062
24 29 473
24 30 749
24 31 670
24 32 1457
24 33 1627
24 34 1963
24 35 1793
24 36 1767
24 37 1546
24 38 315
24 39 1108
24 40 1498
24 41 267
24 42 1060
24 43 1450
24 44 219
24 45 1012
24 46 1498
24 47 267
24 48 1060
24 49 1546
24 50 315
24 51 1108
24 52 1594
24 53 363
24 54 1156
24 55 1642
24 56 411
24 57 1204
24 58 1690
24 59 459
24 60 1252
24 61 1738
24 62 507
24 63 1300
24 64 1786
24 65 555
24 66 1348
24 67 1834
24 68 603
24 69 1396
24 70 1882
24 71 651
24 72 1444
24 73 1930
24 74 699
24 75 1492
24 76 1978
24 77 747
24 78 1540
24 79 2026
24 80 795
24 81 1588
24 82 2074
24 83 843
24 84 1636
24 85 2122
24 86 891
24 87 1684
24 88 2170
24 89 939
24 90 1732
24 91 1666
25 0 1228
25 1 926
25 2 1215
25 3 1329
25 4 1262
25 5 2226
25 6 1085
25 7 582
25 8 1643
25 9 1028
25 10 690
25 11 612
25 12 729
25 13 1098
25 14 1394
25 15 738
25 16 1084
25 17 1390
25 18 1133
25 19 1310
25 20 835
25 21 1040
25 22 1229
25 23 856
25 24 1686
25 25 0
25 26 560
25 27 678
25 28 1062
25 29 1721
25 30 1037
25 31 1246
25 32 1197
25 33 835
25 34 499
25 35 669
25 36 695
25 37 1108
25 38 1563
25 39 2794
25 40 1060
25 41 1515
25 42 2746
25 43 1012
25 44 1467
25 45 2698
25 46 964
25 47 1419
25 48 2650
25 49 916
25 50 1371
25 51 2602
25 52 868
25 53 1323
25 54 2554
25 55 820
25 56 1275
25 57 2506
25 58 772
25 59 1227
25 60 2458
25 61 724
25 62 1179
25 63 2410
25 64 676
25 65 1131
25 66 2362
25 67 628
25 68 1083
25 69 2314
25 70 580
25 71 1035
25 72 2266
25 73 532
25 74 987
25 75 2218
25 76 484
25 77 939
25 78 2170
25 79 436
25 80 891
25 81 2122
25 82 388
25 83 843
25 84 2074
25 85 436
25 86 891
25 87 2122
25 88 484
25 89 939
25 90 2170
25 91 1228
26 0 820
26 1 518
26 2 1431
26 3 1545
26 4 854
26 5 2442
26 6 1301
26 7 174
26 8 1859
26 9 1436
26 10 130
26 11 396
26 12 169
26 13 1314
26 14 1428
26 15 330
26 16 1396
26 17 1606
26 18 1349
26 19 1526
26 20 427
26 21 632
26 22 1445
26 23 448
26 24 1902
26 25 560
26 26 0
26 27 270
26 28 1470
26 29 1937
26 30 1253
26 31 1384
26 32 981
26 33 427
26 34 187
26 35 261
26 36 287
26 37 700
26 38 1779
26 39 3010
26 40 652
26 41 1731
26 42 2962
26 43 604
26 44 1683
26 45 2914
26 46 556
26 47 1635
26 48 2866
26 49 508
26 50 1587
26 51 2818
26 52 460
26 53 1539
26 54 2770
26 55 412
26 56 1491
26 57 2722
26 58 364
26 59 1443
26 60 2674
26 61 316
26 62 1395
26 63 2626
26 64 268
26 65 1347
26 66 2578
26 67 220
26 68 1299
26 69 2530
26 70 172
26 71 1251
26 72 2482
26 73 124
26 74 1203
26 75 2434
26 76 76
26 77 1155
26 78 2386
26 79 124
26 80 1203
26 81 2434
26 82 172
26 83 1251
26 84 2482
26 85 220
26 86 1299
26 87 2530
26 88 268
26 89 1347
26 90 2578
26 91 820
27 0 650
27 1 348
27 2 1409
27 3 1427
27 4 684
27 5 2324
27 6 1279
27 7 196
27 8 1741
27 9 1606
27 10 400
27 11 514
27 12 439
27 13 1292
27 14 1258
27 15 352
27 16 1566
27 17 1488
27 18 1231
27 19 1600
27 20 257
27 21 462
27 22 1327
27 23 278
27 24 1784
27 25 678
27 26 270
27 27 0
27 28 1640
27 29 1819
27 30 1327
27 31 1214
27 32 1099
27 33 257
27 34 305
27 35 187
27 36 213
27 37 530
27 38 1661
27 39 2892
27 40 482
27 41 1613
27 42 2844
27 43 434
27 44 1565
27 45 2796
27 46 386
27 47 1517
27 48 2748
27 49 338
27 50 1469
27 51 2700
27 52 290
27 53 1421
27 54 2652
27 55 242
27 56 1373
27 57 2604
27 58 194
27 59 1325
27 60 2556
27 61 146
27 62 1277
27 63 2508
27 64 98
27 65 1229
27 66 2460
27 67 50
27 68 1181
27 69 2412
27 70 98
27 71 1229
27 72 2460
27 73 146
27 74 1277
27 75 2508
27 76 194
27 77 1325
27 78 2556
27 79 242
27 80 1373
27 81 2604
27 82 290
27 83 1421
27 84 2652
27 85 338
27 86 1469
27 87 2700
27 88 386
27 89 1517
27 90 2748
27 91 650
28 0 2290
28 1 1680
28 2 591
28 3 705
28 4 2016
28 5 1602
28 6 461
28 7 1544
28 8 1019
28 9 404
28 10 1340
28 11 1418
28 12 1301
28 13 474
28 14 770
28 15 1388
28 16 460
28 17 766
28 18 509
28 19 686
28 20 1771
28 21 1950
28 22 605
28 23 1558
28 24 1062
28 25 1062
28 26 1470
28 27 1640
28 28 0
28 29 1097
28 30 413
28 31 622
28 32 833
28 33 1771
28 34 1435
28 35 1553
28 36 1527
28 37 2170
28 38 939
28 39 1732
28 40 2122
28 41 891
28 42 1684
28 43 2074
28 44 843
28 45 1636
28 46 2026
28 47 795
28 48 1588
28 49 1978
28 50 747
28 51 1540
28 52 1930
28 53 699
28 54 1492
28 55 1882
28 56 651
28 57 1444
28 58 1834
28 59 603
28 60 1396
28 61 1786
28 62 555
28 63 1348
28 64 1738
28 65 507
28 66 1300
28 67 1690
28 68 459
28 69 1252
28 70 1642
28 71 411
28 72 1204
28 73 1594
28 74 363
28 75 1156
28 76 1546
28 77 315
28 78 1108
28 79 1498
28 80 267
28 81 1060
28 82 1450
28 83 219
28 84 1012
28 85 1498
28 86 267
28 87 1060
28 88 1546
28 89 315
28 90 1108
28 91 2290
29 0 1605
29 1 1571
29 2 866
29 3 596
29 4 1331
29 5 1493
29 6 736
29 7 1915
29 8 78
29 9 1063
29 10 1807
29 11 2077
29 12 1768
29 13 749
29 14 661
29 15 1759
29 16 1023
29 17 561
29 18 688
29 19 1057
29 20 1662
29 21 1457
29 22 592
29 23 1641
29 24 473
29 25 1721
29 26 1937
29 27 1819
29 28 1097
29 29 0
29 30 784
29 31 705
29 32 1492
29 33 1662
29 34 1998
29 35 1828
29 36 1802
29 37 1485
29 38 254
29 39 1073
29 40 1437
29 41 206
29 42 1025
29 43 1485
29 44 254
29 45 1073
29 46 1533
29 47 302
29 48 1121
29 49 1581
29 50 350
29 51 1169
29 52 1629
29 53 398
29 54 1217
29 55 1677
29 56 446
29 57 1265
29 58 1725
29 59 494
29 60 1313
29 61 1773
29 62 542
29 63 1361
29 64 1821
29 65 590
29 66 1409
29 67 1869
29 68 638
29 69 1457
29 70 1917
29 71 686
29 72 1505
29 73 1965
29 74 734
29 75 1553
29 76 2013
29 77 782
29 78 1601
29 79 2061
29 80 830
29 81 1649
29 82 2109
29 83 878
29 84 1697
29 85 2157
29 86 926
29 87 1745
29 88 2205
29 89 974
29 90 1793
29 91 1605
30 0 1977
30 1 1367
30 2 278
30 3 392
30 4 1703
30 5 1289
30 6 148
30 7 1231
30 8 706
30 9 379
30 10 1123
30 11 1393
30 12 1084
30 13 161
30 14 457
30 15 1075
30 16 339
30 17 453
30 18 196
30 19 273
30 20 1458
30 21 1637
30 22 292
30 23 1245
30 24 749
30 25 1037
30 26 1253
30 27 1327
30 28 413
30 29 784
30 30 0
30 31 309
30 32 808
30 33 1458
30 34 1314
30 35 1240
30 36 1214
30 37 1857
30 38 626
30 39 1757
30 40 1809
30 41 578
30 42 1709
30 43 1761
30 44 530
30 45 1661
30 46 1713
30 47 482
30 48 1613
30 49 1665
30 50 434
30 51 1565
30 52 1617
30 53 386
30 54 1517
30 55 1569
30 56 338
30 57 1469
30 58 1521
30 59 290
30 60 1421
30 61 1473
30 62 242
30 63 1373
30 64 1425
30 65 194
30 66 1325
30 67 1377
30 68 146
30 69 1277
30 70 1329
30 71 98
30 72 1229
30 73 1281
30 74 50
30 75 1181
30 76 1329
30 77 98
30 78 1229
30 79 1377
30 80 146
30 81 1277
30 82 1425
30 83 194
30 84 1325
30 85 1473
30 86 242
30 87 1373
30 88 1521
30 89 290
30 90 1421
30 91 1977
31 0 1668
31 1 1288
31 2 391
31 3 313
31 4 1624
31 5 1210
31 6 261
31 7 1310
31 8 627
31 9 588
31 10 1332
31 11 1602
31 12 1293
31 13 274
31 14 378
31 15 1284
31 16 548
31 17 374
31 18 213
31 19 582
31 20 1275
31 21 1480
31 22 213
31 23 936
31 24 670
31 25 1246
31 26 1384
31 27 1214
31 28 622
31 29 705
31 30 309
31 31 0
31 32 1017
31 33 1275
31 34 1419
31 35 1301
31 36 1327
31 37 1548
31 38 547
31 39 1778
31 40 1500
31 41 499
31 42 1730
31 43 1452
31 44 451
31 45 1682
31 46 1404
31 47 403
31 48 1634
31 49 1356
31 50 355
31 51 1586
31 52 1308
31 53 307
31 54 1538
31 55 1260
31 56 259
31 57 1490
31 58 1212
31 59 211
31 60 1442
31 61 1164
31 62 163
31 63 1394
31 64 1116
31 65 115
31 66 1346
31 67 1164
31 68 163
31 69 1394
31 70 1212
31 71 211
31 72 1442
31 73 1260
31 74 259
31 75 1490
31 76 1308
31 77 307
31 78 1538
31 79 1356
31 80 355
31 81 1586
31 82 1404
31 83 403
31 84 1634
31 85 1452
31 86 451
31 87 1682
31 88 1500
31 89 499
31 90 1730
31 91 1668
32 0 1649
32 1 1347
32 2 986
32 3 1100
32 4 1683
32 5 1997
32 6 856
32 7 1003
32 8 1414
32 9 607
32 10 1111
32 11 585
32 12 1150
32 13 869
32 14 1165
32 15 1159
32 16 855
32 17 1161
32 18 904
32 19 1081
32 20 1256
32 21 1461
32 22 1000
32 23 1277
32 24 1457
32 25 1197
32 26 981
32 27 1099
32 28 833
32 29 1492
32 30 808
32 31 1017
32 32 0
32 33 1256
32 34 920
32 35 1090
32 36 1116
32 37 1529
32 38 1334
32 39 2565
32 40 1481
32 41 1286
32 42 2517
32 43 1433
32 44 1238
32 45 2469
32 46 1385
32 47 1190
32 48 2421
32 49 1337
32 50 1142
32 51 2373
32 52 1289
32 53 1094
32 54 2325
32 55 1241
32 56 1046
32 57 2277
32 58 1193
32 59 998
32 60 2229
32 61 1145
32 62 950
32 63 2181
32 64 1097
32 65 902
32 66 2133
32 67 1049
32 68 854
32 69 2085
32 70 1001
32 71 806
32 72 2037
32 73 953
32 74 758
32 75 1989
32 76 905
32 77 710
32 78 1941
32 79 857
32 80 662
32 81 1893
32 82 809
32 83 614
32 84 1845
32 85 761
32 86 566
32 87 1797
32 88 713
32 89 518
32 90 1749
32 91 1649
33 0 519
33 1 91
33 2 1540
33 3 1270
33 4 553
33 5 2167
33 6 1410
33 7 353
33 8 1584
33 9 1737
33 10 557
33 11 671
33 12 596
33 13 1423
33 14 1001
33 15 509
33 16 1697
33 17 1331
33 18 1362
33 19 1731
33 20 0
33 21 331
33 22 1266
33 23 339
33 24 1627
33 25 835
33 26 427
33 27 257
33 28 1771
33 29 1662
33 30 1458
33 31 1275
33 32 1256
33 33 0
33 34 462
33 35 344
33 36 370
33 37 399
33 38 1504
33 39 2735
33 40 351
33 41 1456
33 42 2687
33 43 303
33 44 1408
33 45 2639
33 46 255
33 47 1360
33 48 2591
33 49 207
33 50 1312
33 51 2543
33 52 159
33 53 1264
33 54 2495
33 55 111
33 56 1216
33 57 2447
33 58 63
33 59 1168
33 60 2399
33 61 111
33 62 1216
33 63 2447
33 64 159
33 65 1264
33 66 2495
33 67 207
33 68 1312
33 69 2543
33 70 255
33 71 1360
33 72 2591
33 73 303
33 74 1408
33 75 2639
33 76 351
33 77 1456
33 78 2687
33 79 399
33 80 1504
33 81 2735
33 82 447
33 83 1552
33 84 2783
33 85 495
33 86 1600
33 87 2831
33 88 543
33 89 1648
33 90 2879
33 91 519
34 0 855
34 1 553
34 2 1492
34 3 1606
34 4 889
34 5 2503
34 6 1362
34 7 209
34 8 1920
34 9 1401
34 10 317
34 11 335
34 12 356
34 13 1375
34 14 1463
34 15 365
34 16 1361
34 17 1667
34 18 1410
34 19 1587
34 20 462
34 21 667
34 22 1506
34 23 483
34 24 1963
34 25 499
34 26 187
34 27 305
34 28 1435
34 29 1998
34 30 1314
34 31 1419
34 32 920
34 33 462
34 34 0
34 35 296
34 36 322
34 37 735
34 38 1840
34 39 3071
34 40 687
34 41 1792
34 42 3023
34 43 639
34 44 1744
34 45 2975
34 46 591
34 47 1696
34 48 2927
34 49 543
34 50 1648
34 51 2879
34 52 495
34 53 1600
34 54 2831
34 55 447
34 56 1552
34 57 2783
34 58 399
34 59 1504
34 60 2735
34 61 351
34 62 1456
34 63 2687
34 64 303
34 65 1408
34 66 2639
34 67 255
34 68 1360
34 69 2591
34 70 207
34 71 1312
34 72 2543
34 73 159
34 74 1264
34 75 2495
34 76 111
34 77 1216
34 78 2447
34 79 63
34 80 1168
34 81 2399
34 82 111
34 83 1216
34 84 2447
34 85 159
34 86 1264
34 87 2495
34 88 207
34 89 1312
34 90 2543
34 91 855
35 0 737
35 1 435
35 2 1322
35 3 1436
35 4 771
35 5 2333
35 6 1192
35 7 187
35 8 1750
35 9 1519
35 10 391
35 11 505
35 12 430
35 13 1205
35 14 1345
35 15 343
35 16 1479
35 17 1497
35 18 1240
35 19 1513
35 20 344
35 21 549
35 22 1336
35 23 365
35 24 1793
35 25 669
35 26 261
35 27 187
35 28 1553
35 29 1828
35 30 1240
35 31 1301
35 32 1090
35 33 344
35 34 296
35 35 0
35 36 26
35 37 617
35 38 1670
35 39 2901
35 40 569
35 41 1622
35 42 2853
35 43 521
35 44 1574
35 45 2805
35 46 473
35 47 1526
35 48 2757
35 49 425
35 50 1478
35 51 2709
35 52 377
35 53 1430
35 54 2661
35 55 329
35 56 1382
35 57 2613
35 58 281
35 59 1334
35 60 2565
35 61 233
35 62 1286
35 63 2517
35 64 185
35 65 1238
35 66 2469
35 67 137
35 68 1190
35 69 2421
35 70 89
35 71 1142
35 72 2373
35 73 137
35 74 1190
35 75 2421
35 76 185
35 77 1238
35 78 2469
35 79 233
35 80 1286
35 81 2517
35 82 281
35 83 1334
35 84 2565
35 85 329
35 86 1382
35 87 2613
35 88 377
35 89 1430
35 90 2661
35 91 737
36 0 763
36 1 461
36 2 1296
36 3 1410
36 4 797
36 5 2307
36 6 1166
36 7 213
36 8 1724
36 9 1493
36 10 417
36 11 531
36 12 456
36 13 1179
36 14 1371
36 15 369
36 16 1453
36 17 1471
36 18 1214
36 19 1487
36 20 370
36 21 575
36 22 1310
36 23 391
36 24 1767
36 25 695
36 26 287
36 27 213
36 28 1527
36 29 1802
36 30 1214
36 31 1327
36 32 1116
36 33 370
36 34 322
36 35 26
36 36 0
36 37 643
36 38 1644
36 39 2875
36 40 595
36 41 1596
36 42 2827
36 43 547
36 44 1548
36 45 2779
36 46 499
36 47 1500
36 48 2731
36 49 451
36 50 1452
36 51 2683
36 52 403
36 53 1404
36 54 2635
36 55 355
36 56 1356
36 57 2587
36 58 307
36 59 1308
36 60 2539
36 61 259
36 62 1260
36 63 2491
36 64 211
36 65 1212
36 66 2443
36 67 163
36 68 1164
36 69 2395
36 70 115
36 71 1116
36 72 2347
36 73 163
36 74 1164
36 75 2395
36 76 211
36 77 1212
36 78 2443
36 79 259
36 80 1260
36 81 2491
36 82 307
36 83 1308
36 84 2539
36 85 355
36 86 1356
36 87 2587
36 88 403
36 89 1404
36 90 2635
36 91 763
37 0 120
37 1 490
37 2 1939
37 3 1669
37 4 154
37 5 2566
37 6 1809
37 7 626
37 8 1407
37 9 2136
37 10 830
37 11 944
37 12 869
37 13 1822
37 14 1400
37 15 782
37 16 2096
37 17 1634
37 18 1761
37 19 2130
37 20 399
37 21 220
37 22 1665
37 23 612
37 24 1546
37 25 1108
37 26 700
37 27 530
37 28 2170
37 29 1485
37 30 1857
37 31 1548
37 32 1529
37 33 399
37 34 735
37 35 617
37 36 643
37 37 0
37 38 1231
37 39 2462
37 40 48
37 41 1279
37 42 2510
37 43 96
37 44 1327
37 45 2558
37 46 144
37 47 1375
37 48 2606
37 49 192
37 50 1423
37 51 2654
37 52 240
37 53 1471
37 54 2702
37 55 288
37 56 1519
37 57 2750
37 58 336
37 59 1567
37 60 2798
37 61 384
37 62 1615
37 63 2846
37 64 432
37 65 1663
37 66 2894
37 67 480
37 68 1711
37 69 2942
37 70 528
37 71 1759
37 72 2990
37 73 576
37 74 1807
37 75 3038
37 76 624
37 77 1855
37 78 3086
37 79 672
37 80 1903
37 81 3134
37 82 720
37 83 1951
37 84 3182
37 85 768
37 86 1999
37 87 3230
37 88 816
37 89 2047
37 90 3278
37 91 120
38 0 1351
38 1 1413
38 2 708
38 3 438
38 4 1077
38 5 1335
38 6 578
38 7 1757
38 8 176
38 9 905
38 10 1649
38 11 1919
38 12 1610
38 13 591
38 14 503
38 15 1601
38 16 865
38 17 403
38 18 530
38 19 899
38 20 1504
38 21 1299
38 22 434
38 23 1483
38 24 315
38 25 1563
38 26 1779
38 27 1661
38 28 939
38 29 254
38 30 626
38 31 547
38 32 1334
38 33 1504
38 34 1840
38 35 1670
38 36 1644
38 37 1231
38 38 0
38 39 1231
38 40 1279
38 41 48
38 42 1279
38 43 1327
38 44 96
38 45 1327
38 46 1375
38 47 144
38 48 1375
38 49 1423
38 50 192
38 51 1423
38 52 1471
38 53 240
38 54 1471
38 55 1519
38 56 288
38 57 1519
38 58 1567
38 59 336
38 60 1567
38 61 1615
38 62 384
38 63 1615
38 64 1663
38 65 432
38 66 1663
38 67 1711
38 68 480
38 69 1711
38 70 1759
38 71 528
38 72 1759
38 73 1807
38 74 576
38 75 1807
38 76 1855
38 77 624
