//alpha
1
//NbLocations
97
//NbProducts
42
//NbPickers
2
//CapaPicker
12
//TimeToTravelOneDistanceUnit
3
//SetupTime
5400
//PickTime
300
//Products
//Idx Location Size
1 1 1
2 2 1
3 3 1
4 4 1
5 5 1
6 6 1
7 7 1
8 8 1
9 9 1
10 10 1
11 11 1
12 12 1
13 13 1
14 14 1
15 15 1
16 16 1
17 17 1
18 18 1
19 19 1
20 20 1
21 21 1
22 22 1
23 23 1
24 24 1
25 25 1
26 26 1
27 27 1
28 28 1
29 29 1
30 30 1
31 31 1
32 32 1
33 33 1
34 34 1
35 35 1
36 36 1
37 37 1
38 38 1
39 39 1
40 40 1
41 41 1
42 42 1
//Orders
//NbOrders
18
//Idx DueDate TardinessPenalty NbProdInOrder ProdIdx1 Qty1 ProdIdx2 Qty2 ...
1 126000 0 2 1 1 2 1
2 90000 0 6 3 1 4 1 5 1 6 1 7 1 8 1
3 144000 0 1 9 1
4 72000 0 1 10 1
5 108000 0 1 11 1
6 90000 0 4 12 1 13 1 14 1 15 1
7 36000 0 1 16 1
8 36000 0 2 17 1 18 1
9 108000 0 1 19 1
10 144000 0 4 20 1 21 1 22 1 23 1
11 108000 0 3 24 1 25 1 26 1
12 72000 0 1 27 1
13 72000 0 1 28 1
14 72000 0 5 29 1 30 1 31 1 32 1 33 1
15 90000 0 2 34 1 35 1
16 72000 0 1 36 1
17 144000 0 1 37 1
18 90000 0 5 38 1 39 1 40 1 41 1 42 1
//Graph (Products are vertices indexed from 1 to NbProducts)
//NbVerticesIntersections
54
//DepartingDepot
0
//ArrivalDepot
97
//Arcs
//Start End Distance
0 43 120
1 12 780
1 48 310
2 65 89
2 66 1142
3 26 1105
3 82 50
4 89 50
4 90 1181
5 67 50
5 68 1181
6 9 221
6 68 154
7 58 180
7 59 1051
8 13 130
8 18 91
9 6 221
9 69 856
10 56 63
10 57 1168
11 61 232
11 62 999
12 1 780
12 47 141
13 8 130
13 84 518
14 17 26
14 64 193
15 40 689
15 87 453
16 19 390
16 77 154
17 14 26
17 38 273
18 8 91
18 30 13
19 16 390
19 78 687
20 25 325
20 93 700
21 25 143
21 92 63
22 30 351
22 83 128
23 27 130
23 80 50
24 34 299
24 50 778
25 20 325
25 21 143
26 3 1105
26 83 76
27 23 130
27 81 1051
28 29 221
28 92 882
29 28 221
29 91 128
30 18 13
30 22 351
31 42 130
31 56 986
32 95 76
32 96 1155
33 53 37
33 54 1194
34 24 299
34 49 154
35 71 1194
35 72 37
36 70 141
36 71 1090
37 88 180
37 89 1051
38 17 273
38 65 739
39 85 128
39 86 1103
40 15 689
40 86 89
41 94 973
41 95 258
42 31 130
42 55 115
43 44 1231
43 46 48
43 97 120
44 43 1231
44 45 1231
44 47 48
45 44 1231
45 48 48
46 43 48
46 47 1231
46 49 48
47 12 141
47 44 48
47 46 1231
47 50 48
48 1 310
48 45 48
48 51 48
49 34 154
49 46 48
49 52 48
50 24 778
50 47 48
50 51 1231
50 53 48
51 48 48
51 50 1231
51 54 48
52 49 48
52 53 1231
52 55 48
53 33 37
53 50 48
53 52 1231
53 56 48
54 33 1194
54 51 48
54 57 48
55 42 115
55 52 48
55 58 48
56 10 63
56 31 986
56 53 48
56 59 48
57 10 1168
57 54 48
57 60 48
58 7 180
58 55 48
58 61 48
59 7 1051
59 56 48
59 60 1231
59 62 48
60 57 48
60 59 1231
60 63 48
61 11 232
61 58 48
61 64 48
62 11 999
62 59 48
62 63 1231
62 65 48
63 60 48
63 62 1231
63 66 48
64 14 193
64 61 48
64 67 48
65 2 89
65 38 739
65 62 48
65 68 48
66 2 1142
66 63 48
66 69 48
67 5 50
67 64 48
67 70 48
68 5 1181
68 6 154
68 65 48
68 71 48
69 9 856
69 66 48
69 72 48
70 36 141
70 67 48
70 73 48
71 35 1194
71 36 1090
71 68 48
71 74 48
72 35 37
72 69 48
72 75 48
73 70 48
73 74 1231
73 76 48
74 71 48
74 73 1231
74 75 1231
74 77 48
75 72 48
75 74 1231
75 78 48
76 73 48
76 77 1231
76 79 48
77 16 154
77 74 48
77 76 1231
77 80 48
78 19 687
78 75 48
78 81 48
79 76 48
79 80 1231
79 82 48
80 23 50
80 77 48
80 79 1231
80 83 48
81 27 1051
81 78 48
81 84 48
82 3 50
82 79 48
82 85 48
83 22 128
83 26 76
83 80 48
83 86 48
84 13 518
84 81 48
84 87 48
85 39 128
85 82 48
85 88 48
86 39 1103
86 40 89
86 83 48
86 89 48
87 15 453
87 84 48
87 90 48
88 37 180
88 85 48
88 91 48
89 4 50
89 37 1051
89 86 48
89 92 48
90 4 1181
90 87 48
90 93 48
91 29 128
91 88 48
91 94 48
92 21 63
92 28 882
92 89 48
92 95 48
93 20 700
93 90 48
93 96 48
94 41 973
94 91 48
95 32 76
95 41 258
95 92 48
96 32 1155
96 93 48
//LocStart LocEnd ShortestPath
0 0 0
0 1 2320
0 2 1776
0 3 794
0 4 2121
0 5 554
0 6 1889
0 7 540
0 8 2558
0 9 2110
0 10 1606
0 11 640
0 12 1540
0 13 2688
0 14 649
0 15 2801
0 16 2033
0 17 675
0 18 2467
0 19 2423
0 20 2650
0 21 2182
0 22 2103
0 23 1977
0 24 669
0 25 2325
0 26 1899
0 27 2107
0 28 1237
0 29 1016
0 30 2454
0 31 557
0 32 2243
0 33 1532
0 34 370
0 35 2977
0 36 693
0 37 1020
0 38 948
0 39 920
0 40 2112
0 41 1909
0 42 427
0 43 120
0 44 1351
0 45 2582
0 46 168
0 47 1399
0 48 2630
0 49 216
0 50 1447
0 51 2678
0 52 264
0 53 1495
0 54 2726
0 55 312
0 56 1543
0 57 2774
0 58 360
0 59 1591
0 60 2822
0 61 408
0 62 1639
0 63 2870
0 64 456
0 65 1687
0 66 2918
0 67 504
0 68 1735
0 69 2966
0 70 552
0 71 1783
0 72 3014
0 73 600
0 74 1831
0 75 3062
0 76 648
0 77 1879
0 78 3110
0 79 696
0 80 1927
0 81 3158
0 82 744
0 83 1975
0 84 3206
0 85 792
0 86 2023
0 87 3254
0 88 840
0 89 2071
0 90 3302
0 91 888
0 92 2119
0 93 3350
0 94 936
0 95 2167
0 96 3398
0 97 0
1 0 2320
1 1 0
1 2 1298
1 3 2678
1 4 1643
1 5 2438
1 6 1411
1 7 2164
1 8 1534
1 9 1502
1 10 1128
1 11 2160
1 12 780
1 13 1404
1 14 2247
1 15 1387
1 16 1555
1 17 2221
1 18 1625
1 19 1477
1 20 1730
1 21 1704
1 22 1625
1 23 1499
1 24 1747
1 25 1847
1 26 1573
1 27 1629
1 28 2523
1 29 2744
1 30 1638
1 31 2051
1 32 1765
1 33 1054
1 34 2046
1 35 731
1 36 2395
1 37 2644
1 38 1948
1 39 2648
1 40 1634
1 41 1947
1 42 2181
1 43 2200
1 44 969
1 45 358
1 46 2152
1 47 921
1 48 310
1 49 2200
1 50 969
1 51 358
1 52 2248
1 53 1017
1 54 406
1 55 2296
1 56 1065
1 57 454
1 58 2344
1 59 1113
1 60 502
1 61 2392
1 62 1161
1 63 550
1 64 2440
1 65 1209
1 66 598
1 67 2488
1 68 1257
1 69 646
1 70 2536
1 71 1305
1 72 694
1 73 2584
1 74 1353
1 75 742
1 76 2632
1 77 1401
1 78 790
1 79 2680
1 80 1449
1 81 838
1 82 2728
1 83 1497
1 84 886
1 85 2776
1 86 1545
1 87 934
1 88 2824
1 89 1593
1 90 982
1 91 2872
1 92 1641
1 93 1030
1 94 2920
1 95 1689
1 96 1078
1 97 2320
2 0 1776
2 1 1298
2 2 0
2 3 1558
2 4 523
2 5 1318
2 6 291
2 7 1236
2 8 960
2 9 512
2 10 296
2 11 1136
2 12 518
2 13 1090
2 14 1127
2 15 1203
2 16 435
2 17 1101
2 18 869
2 19 825
2 20 1052
2 21 584
2 22 505
2 23 379
2 24 1107
2 25 727
2 26 453
2 27 509
2 28 1403
2 29 1624
2 30 856
2 31 1219
2 32 645
2 33 318
2 34 1406
2 35 1275
2 36 1275
2 37 1524
2 38 828
2 39 1528
2 40 514
2 41 827
2 42 1349
2 43 1656
2 44 425
2 45 1478
2 46 1608
2 47 377
2 48 1430
2 49 1560
2 50 329
2 51 1382
2 52 1512
2 53 281
2 54 1334
2 55 1464
2 56 233
2 57 1286
2 58 1416
2 59 185
2 60 1238
2 61 1368
2 62 137
2 63 1190
2 64 1320
2 65 89
2 66 1142
2 67 1368
2 68 137
2 69 1190
2 70 1416
2 71 185
2 72 1238
2 73 1464
2 74 233
2 75 1286
2 76 1512
2 77 281
2 78 1334
2 79 1560
2 80 329
2 81 1382
2 82 1608
2 83 377
2 84 1430
2 85 1656
2 86 425
2 87 1478
2 88 1704
2 89 473
2 90 1526
2 91 1752
2 92 521
2 93 1574
2 94 1800
2 95 569
2 96 1622
2 97 1776
3 0 794
3 1 2678
3 2 1558
3 3 0
3 4 1327
3 5 340
3 6 1575
3 7 614
3 8 1764
3 9 1796
3 10 1676
3 11 618
3 12 1898
3 13 1894
3 14 531
3 15 2007
3 16 1431
3 17 557
3 18 1673
3 19 1821
3 20 1856
3 21 1388
3 22 1309
3 23 1279
3 24 1031
3 25 1531
3 26 1105
3 27 1409
3 28 543
3 29 322
3 30 1660
3 31 727
3 32 1449
3 33 1698
3 34 732
3 35 2567
3 36 383
3 37 326
3 38 830
3 39 226
3 40 1318
3 41 1215
3 42 597
3 43 674
3 44 1805
3 45 3036
3 46 626
3 47 1757
3 48 2988
3 49 578
3 50 1709
3 51 2940
3 52 530
3 53 1661
3 54 2892
3 55 482
3 56 1613
3 57 2844
3 58 434
3 59 1565
3 60 2796
3 61 386
3 62 1517
3 63 2748
3 64 338
3 65 1469
3 66 2700
3 67 290
3 68 1421
3 69 2652
3 70 242
3 71 1373
3 72 2604
3 73 194
3 74 1325
3 75 2556
3 76 146
3 77 1277
3 78 2508
3 79 98
3 80 1229
3 81 2460
3 82 50
3 83 1181
3 84 2412
3 85 98
3 86 1229
3 87 2460
3 88 146
3 89 1277
3 90 2508
3 91 194
3 92 1325
3 93 2556
3 94 242
3 95 1373
3 96 2604
3 97 794
4 0 2121
4 1 1643
4 2 523
4 3 1327
4 4 0
4 5 1567
4 6 540
4 7 1581
4 8 729
4 9 761
4 10 641
4 11 1481
4 12 863
4 13 859
4 14 1472
4 15 876
4 16 396
4 17 1446
4 18 638
4 19 786
4 20 629
4 21 161
4 22 274
4 23 244
4 24 1452
4 25 304
4 26 222
4 27 374
4 28 980
4 29 1201
4 30 625
4 31 1564
4 32 222
4 33 663
4 34 1751
4 35 1506
4 36 1428
4 37 1101
4 38 1173
4 39 1201
4 40 187
4 41 404
4 42 1694
4 43 2001
4 44 770
4 45 1901
4 46 1953
4 47 722
4 48 1853
4 49 1905
4 50 674
4 51 1805
4 52 1857
4 53 626
4 54 1757
4 55 1809
4 56 578
4 57 1709
4 58 1761
4 59 530
4 60 1661
4 61 1713
4 62 482
4 63 1613
4 64 1665
4 65 434
4 66 1565
4 67 1617
4 68 386
4 69 1517
4 70 1569
4 71 338
4 72 1469
4 73 1521
4 74 290
4 75 1421
4 76 1473
4 77 242
4 78 1373
4 79 1425
4 80 194
4 81 1325
4 82 1377
4 83 146
4 84 1277
4 85 1329
4 86 98
4 87 1229
4 88 1281
4 89 50
4 90 1181
4 91 1329
4 92 98
4 93 1229
4 94 1377
4 95 146
4 96 1277
4 97 2121
5 0 554
5 1 2438
5 2 1318
5 3 340
5 4 1567
5 5 0
5 6 1335
5 7 374
5 8 2004
5 9 1556
5 10 1436
5 11 378
5 12 1658
5 13 2134
5 14 291
5 15 2247
5 16 1479
5 17 317
5 18 1913
5 19 1869
5 20 2096
5 21 1628
5 22 1549
5 23 1423
5 24 791
5 25 1771
5 26 1445
5 27 1553
5 28 783
5 29 562
5 30 1900
5 31 487
5 32 1689
5 33 1458
5 34 492
5 35 2423
5 36 239
5 37 566
5 38 590
5 39 466
5 40 1558
5 41 1455
5 42 357
5 43 434
5 44 1565
5 45 2796
5 46 386
5 47 1517
5 48 2748
5 49 338
5 50 1469
5 51 2700
5 52 290
5 53 1421
5 54 2652
5 55 242
5 56 1373
5 57 2604
5 58 194
5 59 1325
5 60 2556
5 61 146
5 62 1277
5 63 2508
5 64 98
5 65 1229
5 66 2460
5 67 50
5 68 1181
5 69 2412
5 70 98
5 71 1229
5 72 2460
5 73 146
5 74 1277
5 75 2508
5 76 194
5 77 1325
5 78 2556
5 79 242
5 80 1373
5 81 2604
5 82 290
5 83 1421
5 84 2652
5 85 338
5 86 1469
5 87 2700
5 88 386
5 89 1517
5 90 2748
5 91 434
5 92 1565
5 93 2796
5 94 482
5 95 1613
5 96 2844
5 97 554
6 0 1889
6 1 1411
6 2 291
6 3 1575
6 4 540
6 5 1335
6 6 0
6 7 1349
6 8 977
6 9 221
6 10 409
6 11 1249
6 12 631
6 13 1107
6 14 1240
6 15 1220
6 16 452
6 17 1214
6 18 886
6 19 842
6 20 1069
6 21 601
6 22 522
6 23 396
6 24 1220
6 25 744
6 26 470
6 27 526
6 28 1420
6 29 1641
6 30 873
6 31 1332
6 32 662
6 33 431
6 34 1519
6 35 1162
6 36 1292
6 37 1541
6 38 941
6 39 1545
6 40 531
6 41 844
6 42 1462
6 43 1769
6 44 538
6 45 1461
6 46 1721
6 47 490
6 48 1413
6 49 1673
6 50 442
6 51 1365
6 52 1625
6 53 394
6 54 1317
6 55 1577
6 56 346
6 57 1269
6 58 1529
6 59 298
6 60 1221
6 61 1481
6 62 250
6 63 1173
6 64 1433
6 65 202
6 66 1125
6 67 1385
6 68 154
6 69 1077
6 70 1433
6 71 202
6 72 1125
6 73 1481
6 74 250
6 75 1173
6 76 1529
6 77 298
6 78 1221
6 79 1577
6 80 346
6 81 1269
6 82 1625
6 83 394
6 84 1317
6 85 1673
6 86 442
6 87 1365
6 88 1721
6 89 490
6 90 1413
6 91 1769
6 92 538
6 93 1461
6 94 1817
6 95 586
6 96 1509
6 97 1889
7 0 540
7 1 2164
7 2 1236
7 3 614
7 4 1581
7 5 374
7 6 1349
7 7 0
7 8 2018
7 9 1570
7 10 1162
7 11 460
7 12 1384
7 13 2148
7 14 469
7 15 2261
7 16 1493
7 17 495
7 18 1927
7 19 1883
7 20 2110
7 21 1642
7 22 1563
7 23 1437
7 24 777
7 25 1785
7 26 1511
7 27 1567
7 28 1057
7 29 836
7 30 1914
7 31 473
7 32 1703
7 33 1184
7 34 478
7 35 2437
7 36 513
7 37 840
7 38 768
7 39 740
7 40 1572
7 41 1729
7 42 343
7 43 420
7 44 1291
7 45 2522
7 46 372
7 47 1243
7 48 2474
7 49 324
7 50 1195
7 51 2426
7 52 276
7 53 1147
7 54 2378
7 55 228
7 56 1099
7 57 2330
7 58 180
7 59 1051
7 60 2282
7 61 228
7 62 1099
7 63 2330
7 64 276
7 65 1147
7 66 2378
7 67 324
7 68 1195
7 69 2426
7 70 372
7 71 1243
7 72 2474
7 73 420
7 74 1291
7 75 2522
7 76 468
7 77 1339
7 78 2570
7 79 516
7 80 1387
7 81 2618
7 82 564
7 83 1435
7 84 2666
7 85 612
7 86 1483
7 87 2714
7 88 660
7 89 1531
7 90 2762
7 91 708
7 92 1579
7 93 2810
7 94 756
7 95 1627
7 96 2858
7 97 540
8 0 2558
8 1 1534
8 2 960
8 3 1764
8 4 729
8 5 2004
8 6 977
8 7 2018
8 8 0
8 9 1198
8 10 1078
8 11 1918
8 12 1300
8 13 130
8 14 1909
8 15 1149
8 16 833
8 17 1883
8 18 91
8 19 1223
8 20 1258
8 21 790
8 22 455
8 23 681
8 24 1889
8 25 933
8 26 659
8 27 811
8 28 1609
8 29 1830
8 30 104
8 31 2001
8 32 851
8 33 1100
8 34 2188
8 35 877
8 36 1865
8 37 1730
8 38 1610
8 39 1734
8 40 720
8 41 1033
8 42 2131
8 43 2438
8 44 1207
8 45 1272
8 46 2390
8 47 1159
8 48 1224
8 49 2342
8 50 1111
8 51 1176
8 52 2294
8 53 1063
8 54 1128
8 55 2246
8 56 1015
8 57 1080
8 58 2198
8 59 967
8 60 1032
8 61 2150
8 62 919
8 63 984
8 64 2102
8 65 871
8 66 936
8 67 2054
8 68 823
8 69 888
8 70 2006
8 71 775
8 72 840
8 73 1958
8 74 727
8 75 792
8 76 1910
8 77 679
8 78 744
8 79 1862
8 80 631
8 81 696
8 82 1814
8 83 583
8 84 648
8 85 1862
8 86 631
8 87 696
8 88 1910
8 89 679
8 90 744
8 91 1958
8 92 727
8 93 792
8 94 2006
8 95 775
8 96 840
8 97 2558
9 0 2110
9 1 1502
9 2 512
9 3 1796
9 4 761
9 5 1556
9 6 221
9 7 1570
9 8 1198
9 9 0
9 10 630
9 11 1470
9 12 852
9 13 1328
9 14 1461
9 15 1441
9 16 673
9 17 1435
9 18 1107
9 19 1063
9 20 1290
9 21 822
9 22 743
9 23 617
9 24 1441
9 25 965
9 26 691
9 27 747
9 28 1641
9 29 1862
9 30 1094
9 31 1553
9 32 883
9 33 652
9 34 1740
9 35 941
9 36 1513
9 37 1762
9 38 1162
9 39 1766
9 40 752
9 41 1065
9 42 1683
9 43 1990
9 44 759
9 45 1240
9 46 1942
9 47 711
9 48 1192
9 49 1894
9 50 663
9 51 1144
9 52 1846
9 53 615
9 54 1096
9 55 1798
9 56 567
9 57 1048
9 58 1750
9 59 519
9 60 1000
9 61 1702
9 62 471
9 63 952
9 64 1654
9 65 423
9 66 904
9 67 1606
9 68 375
9 69 856
9 70 1654
9 71 423
9 72 904
9 73 1702
9 74 471
9 75 952
9 76 1750
9 77 519
9 78 1000
9 79 1798
9 80 567
9 81 1048
9 82 1846
9 83 615
9 84 1096
9 85 1894
9 86 663
9 87 1144
9 88 1942
9 89 711
9 90 1192
9 91 1990
9 92 759
9 93 1240
9 94 2038
9 95 807
9 96 1288
9 97 2110
10 0 1606
10 1 1128
10 2 296
10 3 1676
10 4 641
10 5 1436
10 6 409
10 7 1162
10 8 1078
10 9 630
10 10 0
10 11 1158
10 12 348
10 13 1208
10 14 1245
10 15 1321
10 16 553
10 17 1219
10 18 987
10 19 943
10 20 1170
10 21 702
10 22 623
10 23 497
10 24 937
10 25 845
10 26 571
10 27 627
10 28 1521
10 29 1742
10 30 974
10 31 1049
10 32 763
10 33 148
10 34 1236
10 35 1445
10 36 1393
10 37 1642
10 38 946
10 39 1646
10 40 632
10 41 945
10 42 1179
10 43 1486
10 44 255
10 45 1360
10 46 1438
10 47 207
10 48 1312
10 49 1390
10 50 159
10 51 1264
10 52 1342
10 53 111
10 54 1216
10 55 1294
10 56 63
10 57 1168
10 58 1342
10 59 111
10 60 1216
10 61 1390
10 62 159
10 63 1264
10 64 1438
10 65 207
10 66 1312
10 67 1486
10 68 255
10 69 1360
10 70 1534
10 71 303
10 72 1408
10 73 1582
10 74 351
10 75 1456
10 76 1630
10 77 399
10 78 1504
10 79 1678
10 80 447
10 81 1552
10 82 1726
10 83 495
10 84 1600
10 85 1774
10 86 543
10 87 1648
10 88 1822
10 89 591
10 90 1696
10 91 1870
10 92 639
10 93 1744
10 94 1918
10 95 687
10 96 1792
10 97 1606
11 0 640
11 1 2160
11 2 1136
11 3 618
11 4 1481
11 5 378
11 6 1249
11 7 460
11 8 1918
11 9 1470
11 10 1158
11 11 0
11 12 1380
11 13 2048
11 14 473
11 15 2161
11 16 1393
11 17 499
11 18 1827
11 19 1783
11 20 2010
11 21 1542
11 22 1463
11 23 1337
11 24 877
11 25 1685
11 26 1411
11 27 1467
11 28 1061
11 29 840
11 30 1814
11 31 573
11 32 1603
11 33 1180
11 34 578
11 35 2337
11 36 517
11 37 844
11 38 772
11 39 744
11 40 1472
11 41 1733
11 42 443
11 43 520
11 44 1287
11 45 2518
11 46 472
11 47 1239
11 48 2470
11 49 424
11 50 1191
11 51 2422
11 52 376
11 53 1143
11 54 2374
11 55 328
11 56 1095
11 57 2326
11 58 280
11 59 1047
11 60 2278
11 61 232
11 62 999
11 63 2230
11 64 280
11 65 1047
11 66 2278
11 67 328
11 68 1095
11 69 2326
11 70 376
11 71 1143
11 72 2374
11 73 424
11 74 1191
11 75 2422
11 76 472
11 77 1239
11 78 2470
11 79 520
11 80 1287
11 81 2518
11 82 568
11 83 1335
11 84 2566
11 85 616
11 86 1383
11 87 2614
11 88 664
11 89 1431
11 90 2662
11 91 712
11 92 1479
11 93 2710
11 94 760
11 95 1527
11 96 2758
11 97 640
12 0 1540
12 1 780
12 2 518
12 3 1898
12 4 863
12 5 1658
12 6 631
12 7 1384
12 8 1300
12 9 852
12 10 348
12 11 1380
12 12 0
12 13 1430
12 14 1467
12 15 1543
12 16 775
12 17 1441
12 18 1209
12 19 1165
12 20 1392
12 21 924
12 22 845
12 23 719
12 24 967
12 25 1067
12 26 793
12 27 849
12 28 1743
12 29 1964
12 30 1196
12 31 1271
12 32 985
12 33 274
12 34 1266
12 35 1511
12 36 1615
12 37 1864
12 38 1168
12 39 1868
12 40 854
12 41 1167
12 42 1401
12 43 1420
12 44 189
12 45 1138
12 46 1372
12 47 141
12 48 1090
12 49 1420
12 50 189
12 51 1138
12 52 1468
12 53 237
12 54 1186
12 55 1516
12 56 285
12 57 1234
12 58 1564
12 59 333
12 60 1282
12 61 1612
12 62 381
12 63 1330
12 64 1660
12 65 429
12 66 1378
12 67 1708
12 68 477
12 69 1426
12 70 1756
12 71 525
12 72 1474
12 73 1804
12 74 573
12 75 1522
12 76 1852
12 77 621
12 78 1570
12 79 1900
12 80 669
12 81 1618
12 82 1948
12 83 717
12 84 1666
12 85 1996
12 86 765
12 87 1714
12 88 2044
12 89 813
12 90 1762
12 91 2092
12 92 861
12 93 1810
12 94 2140
12 95 909
12 96 1858
12 97 1540
13 0 2688
13 1 1404
13 2 1090
13 3 1894
13 4 859
13 5 2134
13 6 1107
13 7 2148
13 8 130
13 9 1328
13 10 1208
13 11 2048
13 12 1430
13 13 0
13 14 2039
13 15 1019
13 16 963
13 17 2013
13 18 221
13 19 1301
13 20 1362
13 21 920
13 22 585
13 23 811
13 24 2019
13 25 1063
13 26 789
13 27 941
13 28 1739
13 29 1960
13 30 234
13 31 2131
13 32 981
13 33 1230
13 34 2318
13 35 747
13 36 1995
13 37 1860
13 38 1740
13 39 1864
13 40 850
13 41 1163
13 42 2261
13 43 2568
13 44 1337
13 45 1142
13 46 2520
13 47 1289
13 48 1094
13 49 2472
13 50 1241
13 51 1046
13 52 2424
13 53 1193
13 54 998
13 55 2376
13 56 1145
13 57 950
13 58 2328
13 59 1097
13 60 902
13 61 2280
13 62 1049
13 63 854
13 64 2232
13 65 1001
13 66 806
13 67 2184
13 68 953
13 69 758
13 70 2136
13 71 905
13 72 710
13 73 2088
13 74 857
13 75 662
13 76 2040
13 77 809
13 78 614
13 79 1992
13 80 761
13 81 566
13 82 1944
13 83 713
13 84 518
13 85 1992
13 86 761
13 87 566
13 88 2040
13 89 809
13 90 614
13 91 2088
13 92 857
13 93 662
13 94 2136
13 95 905
13 96 710
13 97 2688
14 0 649
14 1 2247
14 2 1127
14 3 531
14 4 1472
14 5 291
14 6 1240
14 7 469
14 8 1909
14 9 1461
14 10 1245
14 11 473
14 12 1467
14 13 2039
14 14 0
14 15 2152
14 16 1384
14 17 26
14 18 1818
14 19 1774
14 20 2001
14 21 1533
14 22 1454
14 23 1328
14 24 886
14 25 1676
14 26 1402
14 27 1458
14 28 974
14 29 753
14 30 1805
14 31 582
14 32 1594
14 33 1267
14 34 587
14 35 2328
14 36 430
14 37 757
14 38 299
14 39 657
14 40 1463
14 41 1646
14 42 452
14 43 529
14 44 1374
14 45 2605
14 46 481
14 47 1326
14 48 2557
14 49 433
14 50 1278
14 51 2509
14 52 385
14 53 1230
14 54 2461
14 55 337
14 56 1182
14 57 2413
14 58 289
14 59 1134
14 60 2365
14 61 241
14 62 1086
14 63 2317
14 64 193
14 65 1038
14 66 2269
14 67 241
14 68 1086
14 69 2317
14 70 289
14 71 1134
14 72 2365
14 73 337
14 74 1182
14 75 2413
14 76 385
14 77 1230
14 78 2461
14 79 433
14 80 1278
14 81 2509
14 82 481
14 83 1326
14 84 2557
14 85 529
14 86 1374
14 87 2605
14 88 577
14 89 1422
14 90 2653
14 91 625
14 92 1470
14 93 2701
14 94 673
14 95 1518
14 96 2749
14 97 649
15 0 2801
15 1 1387
15 2 1203
15 3 2007
15 4 876
15 5 2247
15 6 1220
15 7 2261
15 8 1149
15 9 1441
15 10 1321
15 11 2161
15 12 1543
15 13 1019
15 14 2152
15 15 0
15 16 1076
15 17 2126
15 18 1240
15 19 1284
15 20 1249
15 21 937
15 22 954
15 23 924
15 24 2132
15 25 1080
15 26 902
15 27 1054
15 28 1756
15 29 1977
15 30 1253
15 31 2244
15 32 998
15 33 1343
15 34 2431
15 35 730
15 36 2108
15 37 1877
15 38 1853
15 39 1881
15 40 689
15 41 1180
15 42 2374
15 43 2681
15 44 1450
15 45 1125
15 46 2633
15 47 1402
15 48 1077
15 49 2585
15 50 1354
15 51 1029
15 52 2537
15 53 1306
15 54 981
15 55 2489
15 56 1258
15 57 933
15 58 2441
15 59 1210
15 60 885
15 61 2393
15 62 1162
15 63 837
15 64 2345
15 65 1114
15 66 789
15 67 2297
15 68 1066
15 69 741
15 70 2249
15 71 1018
15 72 693
15 73 2201
15 74 970
15 75 645
15 76 2153
15 77 922
15 78 597
15 79 2105
15 80 874
15 81 549
15 82 2057
15 83 826
15 84 501
15 85 2009
15 86 778
15 87 453
15 88 2057
15 89 826
15 90 501
15 91 2105
15 92 874
15 93 549
15 94 2153
15 95 922
15 96 597
15 97 2801
16 0 2033
16 1 1555
16 2 435
16 3 1431
16 4 396
16 5 1479
16 6 452
16 7 1493
16 8 833
16 9 673
16 10 553
16 11 1393
16 12 775
16 13 963
16 14 1384
16 15 1076
16 16 0
16 17 1358
16 18 742
16 19 390
16 20 925
16 21 457
16 22 378
16 23 252
16 24 1364
16 25 600
16 26 326
16 27 382
16 28 1276
16 29 1497
16 30 729
16 31 1476
16 32 518
16 33 575
16 34 1663
16 35 1210
16 36 1340
16 37 1397
16 38 1085
16 39 1401
16 40 387
16 41 700
16 42 1606
16 43 1913
16 44 682
16 45 1605
16 46 1865
16 47 634
16 48 1557
16 49 1817
16 50 586
16 51 1509
16 52 1769
16 53 538
16 54 1461
16 55 1721
16 56 490
16 57 1413
16 58 1673
16 59 442
16 60 1365
16 61 1625
16 62 394
16 63 1317
16 64 1577
16 65 346
16 66 1269
16 67 1529
16 68 298
16 69 1221
16 70 1481
16 71 250
16 72 1173
16 73 1433
16 74 202
16 75 1125
16 76 1385
16 77 154
16 78 1077
16 79 1433
16 80 202
16 81 1125
16 82 1481
16 83 250
16 84 1173
16 85 1529
16 86 298
16 87 1221
16 88 1577
16 89 346
16 90 1269
16 91 1625
16 92 394
16 93 1317
16 94 1673
16 95 442
16 96 1365
16 97 2033
17 0 675
17 1 2221
17 2 1101
17 3 557
17 4 1446
17 5 317
17 6 1214
17 7 495
17 8 1883
17 9 1435
17 10 1219
17 11 499
17 12 1441
17 13 2013
17 14 26
17 15 2126
17 16 1358
17 17 0
17 18 1792
17 19 1748
17 20 1975
17 21 1507
17 22 1428
17 23 1302
17 24 912
17 25 1650
17 26 1376
17 27 1432
17 28 1000
17 29 779
17 30 1779
17 31 608
17 32 1568
17 33 1241
17 34 613
17 35 2302
17 36 456
17 37 783
17 38 273
17 39 683
17 40 1437
17 41 1672
17 42 478
17 43 555
17 44 1348
17 45 2579
17 46 507
17 47 1300
17 48 2531
17 49 459
17 50 1252
17 51 2483
17 52 411
17 53 1204
17 54 2435
17 55 363
17 56 1156
17 57 2387
17 58 315
17 59 1108
17 60 2339
17 61 267
17 62 1060
17 63 2291
17 64 219
17 65 1012
17 66 2243
17 67 267
17 68 1060
17 69 2291
17 70 315
17 71 1108
17 72 2339
17 73 363
17 74 1156
17 75 2387
17 76 411
17 77 1204
17 78 2435
17 79 459
17 80 1252
17 81 2483
17 82 507
17 83 1300
17 84 2531
17 85 555
17 86 1348
17 87 2579
17 88 603
17 89 1396
17 90 2627
17 91 651
17 92 1444
17 93 2675
17 94 699
17 95 1492
17 96 2723
17 97 675
18 0 2467
18 1 1625
18 2 869
18 3 1673
18 4 638
18 5 1913
18 6 886
18 7 1927
18 8 91
18 9 1107
18 10 987
18 11 1827
18 12 1209
18 13 221
18 14 1818
18 15 1240
18 16 742
18 17 1792
18 18 0
18 19 1132
18 20 1167
18 21 699
18 22 364
18 23 590
18 24 1798
18 25 842
18 26 568
18 27 720
18 28 1518
18 29 1739
18 30 13
18 31 1910
18 32 760
18 33 1009
18 34 2097
18 35 968
18 36 1774
18 37 1639
18 38 1519
18 39 1643
18 40 629
18 41 942
18 42 2040
18 43 2347
18 44 1116
18 45 1363
18 46 2299
18 47 1068
18 48 1315
18 49 2251
18 50 1020
18 51 1267
18 52 2203
18 53 972
18 54 1219
18 55 2155
18 56 924
18 57 1171
18 58 2107
18 59 876
18 60 1123
18 61 2059
18 62 828
18 63 1075
18 64 2011
18 65 780
18 66 1027
18 67 1963
18 68 732
18 69 979
18 70 1915
18 71 684
18 72 931
18 73 1867
18 74 636
18 75 883
18 76 1819
18 77 588
18 78 835
18 79 1771
18 80 540
18 81 787
18 82 1723
18 83 492
18 84 739
18 85 1771
18 86 540
18 87 787
18 88 1819
18 89 588
18 90 835
18 91 1867
18 92 636
18 93 883
18 94 1915
18 95 684
18 96 931
18 97 2467
19 0 2423
19 1 1477
19 2 825
19 3 1821
19 4 786
19 5 1869
19 6 842
19 7 1883
19 8 1223
19 9 1063
19 10 943
19 11 1783
19 12 1165
19 13 1301
19 14 1774
19 15 1284
19 16 390
19 17 1748
19 18 1132
19 19 0
19 20 1315
19 21 847
19 22 768
19 23 642
19 24 1754
19 25 990
19 26 716
19 27 772
19 28 1666
19 29 1887
19 30 1119
19 31 1866
19 32 908
19 33 965
19 34 2053
19 35 820
19 36 1730
19 37 1787
19 38 1475
19 39 1791
19 40 777
19 41 1090
19 42 1996
19 43 2303
19 44 1072
19 45 1215
19 46 2255
19 47 1024
19 48 1167
19 49 2207
19 50 976
19 51 1119
19 52 2159
19 53 928
19 54 1071
19 55 2111
19 56 880
19 57 1023
19 58 2063
19 59 832
19 60 975
19 61 2015
19 62 784
19 63 927
19 64 1967
19 65 736
19 66 879
19 67 1919
19 68 688
19 69 831
19 70 1871
19 71 640
19 72 783
19 73 1823
19 74 592
19 75 735
19 76 1775
19 77 544
19 78 687
19 79 1823
19 80 592
19 81 735
19 82 1871
19 83 640
19 84 783
19 85 1919
19 86 688
19 87 831
19 88 1967
19 89 736
19 90 879
19 91 2015
19 92 784
19 93 927
19 94 2063
19 95 832
19 96 975
19 97 2423
20 0 2650
20 1 1730
20 2 1052
20 3 1856
20 4 629
20 5 2096
20 6 1069
20 7 2110
20 8 1258
20 9 1290
20 10 1170
20 11 2010
20 12 1392
20 13 1362
20 14 2001
20 15 1249
20 16 925
20 17 1975
20 18 1167
20 19 1315
20 20 0
20 21 468
20 22 803
20 23 773
20 24 1981
20 25 325
20 26 751
20 27 903
20 28 1413
20 29 1634
20 30 1154
20 31 2093
20 32 655
20 33 1192
20 34 2280
20 35 1073
20 36 1957
20 37 1630
20 38 1702
20 39 1730
20 40 716
20 41 837
20 42 2223
20 43 2530
20 44 1299
20 45 1468
20 46 2482
20 47 1251
20 48 1420
20 49 2434
20 50 1203
20 51 1372
20 52 2386
20 53 1155
20 54 1324
20 55 2338
20 56 1107
20 57 1276
20 58 2290
20 59 1059
20 60 1228
20 61 2242
20 62 1011
20 63 1180
20 64 2194
20 65 963
20 66 1132
20 67 2146
20 68 915
20 69 1084
20 70 2098
20 71 867
20 72 1036
20 73 2050
20 74 819
20 75 988
20 76 2002
20 77 771
20 78 940
20 79 1954
20 80 723
20 81 892
20 82 1906
20 83 675
20 84 844
20 85 1858
20 86 627
20 87 796
20 88 1810
20 89 579
20 90 748
20 91 1762
20 92 531
20 93 700
20 94 1810
20 95 579
20 96 748
20 97 2650
21 0 2182
21 1 1704
21 2 584
21 3 1388
21 4 161
21 5 1628
21 6 601
21 7 1642
21 8 790
21 9 822
21 10 702
21 11 1542
21 12 924
21 13 920
21 14 1533
21 15 937
21 16 457
21 17 1507
21 18 699
21 19 847
21 20 468
21 21 0
21 22 335
21 23 305
21 24 1513
21 25 143
21 26 283
21 27 435
21 28 945
21 29 1166
21 30 686
21 31 1625
21 32 187
21 33 724
21 34 1812
21 35 1541
21 36 1489
21 37 1162
21 38 1234
21 39 1262
21 40 248
21 41 369
21 42 1755
21 43 2062
21 44 831
21 45 1936
21 46 2014
21 47 783
21 48 1888
21 49 1966
21 50 735
21 51 1840
21 52 1918
21 53 687
21 54 1792
21 55 1870
21 56 639
21 57 1744
21 58 1822
21 59 591
21 60 1696
21 61 1774
21 62 543
21 63 1648
21 64 1726
21 65 495
21 66 1600
21 67 1678
21 68 447
21 69 1552
21 70 1630
21 71 399
21 72 1504
21 73 1582
21 74 351
21 75 1456
21 76 1534
21 77 303
21 78 1408
21 79 1486
21 80 255
21 81 1360
21 82 1438
21 83 207
21 84 1312
21 85 1390
21 86 159
21 87 1264
21 88 1342
21 89 111
21 90 1216
21 91 1294
21 92 63
21 93 1168
21 94 1342
21 95 111
21 96 1216
21 97 2182
22 0 2103
22 1 1625
22 2 505
22 3 1309
22 4 274
22 5 1549
22 6 522
22 7 1563
22 8 455
22 9 743
22 10 623
22 11 1463
22 12 845
22 13 585
22 14 1454
22 15 954
22 16 378
22 17 1428
22 18 364
22 19 768
22 20 803
22 21 335
22 22 0
22 23 226
22 24 1434
22 25 478
22 26 204
22 27 356
22 28 1154
22 29 1375
22 30 351
22 31 1546
22 32 396
22 33 645
22 34 1733
22 35 1332
22 36 1410
22 37 1275
22 38 1155
22 39 1279
22 40 265
22 41 578
22 42 1676
22 43 1983
22 44 752
22 45 1727
22 46 1935
22 47 704
22 48 1679
22 49 1887
22 50 656
22 51 1631
22 52 1839
22 53 608
22 54 1583
22 55 1791
22 56 560
22 57 1535
22 58 1743
22 59 512
22 60 1487
22 61 1695
22 62 464
22 63 1439
22 64 1647
22 65 416
22 66 1391
22 67 1599
22 68 368
22 69 1343
22 70 1551
22 71 320
22 72 1295
22 73 1503
22 74 272
22 75 1247
22 76 1455
22 77 224
22 78 1199
22 79 1407
22 80 176
22 81 1151
22 82 1359
22 83 128
22 84 1103
22 85 1407
22 86 176
22 87 1151
22 88 1455
22 89 224
22 90 1199
22 91 1503
22 92 272
22 93 1247
22 94 1551
22 95 320
22 96 1295
22 97 2103
23 0 1977
23 1 1499
23 2 379
23 3 1279
23 4 244
23 5 1423
23 6 396
23 7 1437
23 8 681
23 9 617
23 10 497
23 11 1337
23 12 719
23 13 811
23 14 1328
23 15 924
23 16 252
23 17 1302
23 18 590
23 19 642
23 20 773
23 21 305
23 22 226
23 23 0
23 24 1308
23 25 448
23 26 174
23 27 130
23 28 1124
23 29 1345
23 30 577
23 31 1420
23 32 366
23 33 519
23 34 1607
23 35 1362
23 36 1284
23 37 1245
23 38 1029
23 39 1249
23 40 235
23 41 548
23 42 1550
23 43 1857
23 44 626
23 45 1757
23 46 1809
23 47 578
23 48 1709
23 49 1761
23 50 530
23 51 1661
23 52 1713
23 53 482
23 54 1613
23 55 1665
23 56 434
23 57 1565
23 58 1617
23 59 386
23 60 1517
23 61 1569
23 62 338
23 63 1469
23 64 1521
23 65 290
23 66 1421
23 67 1473
23 68 242
23 69 1373
23 70 1425
23 71 194
23 72 1325
23 73 1377
23 74 146
23 75 1277
23 76 1329
23 77 98
23 78 1229
23 79 1281
23 80 50
23 81 1181
23 82 1329
23 83 98
23 84 1229
23 85 1377
23 86 146
23 87 1277
23 88 1425
23 89 194
23 90 1325
23 91 1473
23 92 242
23 93 1373
23 94 1521
23 95 290
23 96 1421
23 97 1977
24 0 669
24 1 1747
24 2 1107
24 3 1031
24 4 1452
24 5 791
24 6 1220
24 7 777
24 8 1889
24 9 1441
24 10 937
24 11 877
24 12 967
24 13 2019
24 14 886
24 15 2132
24 16 1364
24 17 912
24 18 1798
24 19 1754
24 20 1981
24 21 1513
24 22 1434
24 23 1308
24 24 0
24 25 1656
24 26 1382
24 27 1438
24 28 1474
24 29 1253
24 30 1785
24 31 794
24 32 1574
24 33 863
24 34 299
24 35 2308
24 36 930
24 37 1257
24 38 1185
24 39 1157
24 40 1443
24 41 1756
24 42 664
24 43 549
24 44 874
24 45 2105
24 46 501
24 47 826
24 48 2057
24 49 453
24 50 778
24 51 2009
24 52 501
24 53 826
24 54 2057
24 55 549
24 56 874
24 57 2105
24 58 597
24 59 922
24 60 2153
24 61 645
24 62 970
24 63 2201
24 64 693
24 65 1018
24 66 2249
24 67 741
24 68 1066
24 69 2297
24 70 789
24 71 1114
24 72 2345
24 73 837
24 74 1162
24 75 2393
24 76 885
24 77 1210
24 78 2441
24 79 933
24 80 1258
24 81 2489
24 82 981
24 83 1306
24 84 2537
24 85 1029
24 86 1354
24 87 2585
24 88 1077
24 89 1402
24 90 2633
24 91 1125
24 92 1450
24 93 2681
24 94 1173
24 95 1498
24 96 2729
24 97 669
25 0 2325
25 1 1847
25 2 727
25 3 1531
25 4 304
25 5 1771
25 6 744
25 7 1785
25 8 933
25 9 965
25 10 845
25 11 1685
25 12 1067
25 13 1063
25 14 1676
25 15 1080
25 16 600
25 17 1650
25 18 842
25 19 990
25 20 325
25 21 143
25 22 478
25 23 448
25 24 1656
25 25 0
25 26 426
25 27 578
25 28 1088
25 29 1309
25 30 829
25 31 1768
25 32 330
25 33 867
25 34 1955
25 35 1398
25 36 1632
25 37 1305
25 38 1377
25 39 1405
25 40 391
25 41 512
25 42 1898
25 43 2205
25 44 974
25 45 1793
25 46 2157
25 47 926
25 48 1745
25 49 2109
25 50 878
25 51 1697
25 52 2061
25 53 830
25 54 1649
25 55 2013
25 56 782
25 57 1601
25 58 1965
25 59 734
25 60 1553
25 61 1917
25 62 686
25 63 1505
25 64 1869
25 65 638
25 66 1457
25 67 1821
25 68 590
25 69 1409
25 70 1773
25 71 542
25 72 1361
25 73 1725
25 74 494
25 75 1313
25 76 1677
25 77 446
25 78 1265
25 79 1629
25 80 398
25 81 1217
25 82 1581
25 83 350
25 84 1169
25 85 1533
25 86 302
25 87 1121
25 88 1485
25 89 254
25 90 1073
25 91 1437
25 92 206
25 93 1025
25 94 1485
25 95 254
25 96 1073
25 97 2325
26 0 1899
26 1 1573
26 2 453
26 3 1105
26 4 222
26 5 1445
26 6 470
26 7 1511
26 8 659
26 9 691
26 10 571
26 11 1411
26 12 793
26 13 789
26 14 1402
26 15 902
26 16 326
26 17 1376
26 18 568
26 19 716
26 20 751
26 21 283
26 22 204
26 23 174
26 24 1382
26 25 426
26 26 0
26 27 304
26 28 1102
26 29 1323
26 30 555
26 31 1494
26 32 344
26 33 593
26 34 1681
26 35 1462
26 36 1358
26 37 1223
26 38 1103
26 39 1227
26 40 213
26 41 526
26 42 1624
26 43 1779
26 44 700
26 45 1931
26 46 1731
26 47 652
26 48 1883
26 49 1683
26 50 604
26 51 1835
26 52 1635
26 53 556
26 54 1787
26 55 1587
26 56 508
26 57 1739
26 58 1539
26 59 460
26 60 1691
26 61 1491
26 62 412
26 63 1643
26 64 1443
26 65 364
26 66 1595
26 67 1395
26 68 316
26 69 1547
26 70 1347
26 71 268
26 72 1499
26 73 1299
26 74 220
26 75 1451
26 76 1251
26 77 172
26 78 1403
26 79 1203
26 80 124
26 81 1355
26 82 1155
26 83 76
26 84 1307
26 85 1203
26 86 124
26 87 1355
26 88 1251
26 89 172
26 90 1403
26 91 1299
26 92 220
26 93 1451
26 94 1347
26 95 268
26 96 1499
26 97 1899
27 0 2107
27 1 1629
27 2 509
27 3 1409
27 4 374
27 5 1553
27 6 526
27 7 1567
27 8 811
27 9 747
27 10 627
27 11 1467
27 12 849
27 13 941
27 14 1458
27 15 1054
27 16 382
27 17 1432
27 18 720
27 19 772
27 20 903
27 21 435
27 22 356
27 23 130
27 24 1438
27 25 578
27 26 304
27 27 0
27 28 1254
27 29 1475
27 30 707
27 31 1550
27 32 496
27 33 649
27 34 1737
27 35 1232
27 36 1414
27 37 1375
27 38 1159
27 39 1379
27 40 365
27 41 678
27 42 1680
27 43 1987
27 44 756
27 45 1627
27 46 1939
27 47 708
27 48 1579
27 49 1891
27 50 660
27 51 1531
27 52 1843
27 53 612
27 54 1483
27 55 1795
27 56 564
27 57 1435
27 58 1747
27 59 516
27 60 1387
27 61 1699
27 62 468
27 63 1339
27 64 1651
27 65 420
27 66 1291
27 67 1603
27 68 372
27 69 1243
27 70 1555
27 71 324
27 72 1195
27 73 1507
27 74 276
27 75 1147
27 76 1459
27 77 228
27 78 1099
27 79 1411
27 80 180
27 81 1051
27 82 1459
27 83 228
27 84 1099
27 85 1507
27 86 276
27 87 1147
27 88 1555
27 89 324
27 90 1195
27 91 1603
27 92 372
27 93 1243
27 94 1651
27 95 420
27 96 1291
27 97 2107
28 0 1237
28 1 2523
28 2 1403
28 3 543
28 4 980
28 5 783
28 6 1420
28 7 1057
28 8 1609
28 9 1641
28 10 1521
28 11 1061
28 12 1743
28 13 1739
28 14 974
28 15 1756
28 16 1276
28 17 1000
28 18 1518
28 19 1666
28 20 1413
28 21 945
28 22 1154
28 23 1124
28 24 1474
28 25 1088
28 26 1102
28 27 1254
28 28 0
28 29 221
28 30 1505
28 31 1170
28 32 1006
28 33 1543
28 34 1175
28 35 2412
28 36 826
28 37 577
28 38 1273
28 39 573
28 40 1067
28 41 1188
28 42 1040
28 43 1117
28 44 1650
28 45 2881
28 46 1069
28 47 1602
28 48 2833
28 49 1021
28 50 1554
28 51 2785
28 52 973
28 53 1506
28 54 2737
28 55 925
28 56 1458
28 57 2689
28 58 877
28 59 1410
28 60 2641
28 61 829
28 62 1362
28 63 2593
28 64 781
28 65 1314
28 66 2545
28 67 733
28 68 1266
28 69 2497
28 70 685
28 71 1218
28 72 2449
28 73 637
28 74 1170
28 75 2401
28 76 589
28 77 1122
28 78 2353
28 79 541
28 80 1074
28 81 2305
28 82 493
28 83 1026
28 84 2257
28 85 445
28 86 978
28 87 2209
28 88 397
28 89 930
28 90 2161
28 91 349
28 92 882
28 93 2113
28 94 397
28 95 930
28 96 2161
28 97 1237
29 0 1016
29 1 2744
29 2 1624
29 3 322
29 4 1201
29 5 562
29 6 1641
29 7 836
29 8 1830
29 9 1862
29 10 1742
29 11 840
29 12 1964
29 13 1960
29 14 753
29 15 1977
29 16 1497
29 17 779
29 18 1739
29 19 1887
29 20 1634
29 21 1166
29 22 1375
29 23 1345
29 24 1253
29 25 1309
29 26 1323
29 27 1475
29 28 221
29 29 0
29 30 1726
29 31 949
29 32 1227
29 33 1764
29 34 954
29 35 2633
29 36 605
29 37 356
29 38 1052
29 39 352
29 40 1288
29 41 1149
29 42 819
29 43 896
29 44 1871
29 45 3102
29 46 848
29 47 1823
29 48 3054
29 49 800
29 50 1775
29 51 3006
29 52 752
29 53 1727
29 54 2958
29 55 704
29 56 1679
29 57 2910
29 58 656
29 59 1631
29 60 2862
29 61 608
29 62 1583
29 63 2814
29 64 560
29 65 1535
29 66 2766
29 67 512
29 68 1487
29 69 2718
29 70 464
29 71 1439
29 72 2670
29 73 416
29 74 1391
29 75 2622
29 76 368
29 77 1343
29 78 2574
29 79 320
29 80 1295
29 81 2526
29 82 272
29 83 1247
29 84 2478
29 85 224
29 86 1199
29 87 2430
29 88 176
29 89 1151
29 90 2382
29 91 128
29 92 1103
29 93 2334
29 94 176
29 95 1151
29 96 2382
29 97 1016
30 0 2454
30 1 1638
30 2 856
30 3 1660
30 4 625
30 5 1900
30 6 873
30 7 1914
30 8 104
30 9 1094
30 10 974
30 11 1814
30 12 1196
30 13 234
30 14 1805
30 15 1253
30 16 729
30 17 1779
30 18 13
30 19 1119
30 20 1154
30 21 686
30 22 351
30 23 577
30 24 1785
30 25 829
30 26 555
30 27 707
30 28 1505
30 29 1726
30 30 0
30 31 1897
30 32 747
30 33 996
30 34 2084
30 35 981
30 36 1761
30 37 1626
30 38 1506
30 39 1630
30 40 616
30 41 929
30 42 2027
30 43 2334
30 44 1103
30 45 1376
30 46 2286
30 47 1055
30 48 1328
30 49 2238
30 50 1007
30 51 1280
30 52 2190
30 53 959
30 54 1232
30 55 2142
30 56 911
30 57 1184
30 58 2094
30 59 863
30 60 1136
30 61 2046
30 62 815
30 63 1088
30 64 1998
30 65 767
30 66 1040
30 67 1950
30 68 719
30 69 992
30 70 1902
30 71 671
30 72 944
30 73 1854
30 74 623
30 75 896
30 76 1806
30 77 575
30 78 848
30 79 1758
30 80 527
30 81 800
30 82 1710
30 83 479
30 84 752
30 85 1758
30 86 527
30 87 800
30 88 1806
30 89 575
30 90 848
30 91 1854
30 92 623
30 93 896
30 94 1902
30 95 671
30 96 944
30 97 2454
31 0 557
31 1 2051
31 2 1219
31 3 727
31 4 1564
31 5 487
31 6 1332
31 7 473
31 8 2001
31 9 1553
31 10 1049
31 11 573
31 12 1271
31 13 2131
31 14 582
31 15 2244
31 16 1476
31 17 608
31 18 1910
31 19 1866
31 20 2093
31 21 1625
31 22 1546
31 23 1420
31 24 794
31 25 1768
31 26 1494
31 27 1550
31 28 1170
31 29 949
31 30 1897
31 31 0
31 32 1686
31 33 1071
31 34 495
31 35 2420
31 36 626
31 37 953
31 38 881
31 39 853
31 40 1555
31 41 1842
31 42 130
31 43 437
31 44 1178
31 45 2409
31 46 389
31 47 1130
31 48 2361
31 49 341
31 50 1082
31 51 2313
31 52 293
31 53 1034
31 54 2265
31 55 245
31 56 986
31 57 2217
31 58 293
31 59 1034
31 60 2265
31 61 341
31 62 1082
31 63 2313
31 64 389
31 65 1130
31 66 2361
31 67 437
31 68 1178
31 69 2409
31 70 485
31 71 1226
31 72 2457
31 73 533
31 74 1274
31 75 2505
31 76 581
31 77 1322
31 78 2553
31 79 629
31 80 1370
31 81 2601
31 82 677
31 83 1418
31 84 2649
31 85 725
31 86 1466
31 87 2697
31 88 773
31 89 1514
31 90 2745
31 91 821
31 92 1562
31 93 2793
31 94 869
31 95 1610
31 96 2841
31 97 557
32 0 2243
32 1 1765
32 2 645
32 3 1449
32 4 222
32 5 1689
32 6 662
32 7 1703
32 8 851
32 9 883
32 10 763
32 11 1603
32 12 985
32 13 981
32 14 1594
32 15 998
32 16 518
32 17 1568
32 18 760
32 19 908
32 20 655
32 21 187
32 22 396
32 23 366
32 24 1574
32 25 330
32 26 344
32 27 496
32 28 1006
32 29 1227
32 30 747
32 31 1686
32 32 0
32 33 785
32 34 1873
32 35 1576
32 36 1550
32 37 1223
32 38 1295
32 39 1323
32 40 309
32 41 334
32 42 1816
32 43 2123
32 44 892
32 45 1971
32 46 2075
32 47 844
32 48 1923
32 49 2027
32 50 796
32 51 1875
32 52 1979
32 53 748
32 54 1827
32 55 1931
32 56 700
32 57 1779
32 58 1883
32 59 652
32 60 1731
32 61 1835
32 62 604
32 63 1683
32 64 1787
32 65 556
32 66 1635
32 67 1739
32 68 508
32 69 1587
32 70 1691
32 71 460
32 72 1539
32 73 1643
32 74 412
32 75 1491
32 76 1595
32 77 364
32 78 1443
32 79 1547
32 80 316
32 81 1395
32 82 1499
32 83 268
32 84 1347
32 85 1451
32 86 220
32 87 1299
32 88 1403
32 89 172
32 90 1251
32 91 1355
32 92 124
32 93 1203
32 94 1307
32 95 76
32 96 1155
32 97 2243
33 0 1532
33 1 1054
33 2 318
33 3 1698
33 4 663
33 5 1458
33 6 431
33 7 1184
33 8 1100
33 9 652
33 10 148
33 11 1180
33 12 274
33 13 1230
33 14 1267
33 15 1343
33 16 575
33 17 1241
33 18 1009
33 19 965
33 20 1192
33 21 724
33 22 645
33 23 519
33 24 863
33 25 867
33 26 593
33 27 649
33 28 1543
33 29 1764
33 30 996
33 31 1071
33 32 785
33 33 0
33 34 1162
33 35 1519
33 36 1415
33 37 1664
33 38 968
33 39 1668
33 40 654
33 41 967
33 42 1201
33 43 1412
33 44 181
33 45 1338
33 46 1364
33 47 133
33 48 1290
33 49 1316
33 50 85
33 51 1242
33 52 1268
33 53 37
33 54 1194
33 55 1316
33 56 85
33 57 1242
33 58 1364
33 59 133
33 60 1290
33 61 1412
33 62 181
33 63 1338
33 64 1460
33 65 229
33 66 1386
33 67 1508
33 68 277
33 69 1434
33 70 1556
33 71 325
33 72 1482
33 73 1604
33 74 373
33 75 1530
33 76 1652
33 77 421
33 78 1578
33 79 1700
33 80 469
33 81 1626
33 82 1748
33 83 517
33 84 1674
33 85 1796
33 86 565
33 87 1722
33 88 1844
33 89 613
33 90 1770
33 91 1892
33 92 661
33 93 1818
33 94 1940
33 95 709
33 96 1866
33 97 1532
34 0 370
34 1 2046
34 2 1406
34 3 732
34 4 1751
34 5 492
34 6 1519
34 7 478
34 8 2188
34 9 1740
34 10 1236
34 11 578
34 12 1266
34 13 2318
34 14 587
34 15 2431
34 16 1663
34 17 613
34 18 2097
34 19 2053
34 20 2280
34 21 1812
34 22 1733
34 23 1607
34 24 299
34 25 1955
34 26 1681
34 27 1737
34 28 1175
34 29 954
34 30 2084
34 31 495
34 32 1873
34 33 1162
34 34 0
34 35 2607
34 36 631
34 37 958
34 38 886
34 39 858
34 40 1742
34 41 1847
34 42 365
34 43 250
34 44 1173
34 45 2404
34 46 202
34 47 1125
34 48 2356
34 49 154
34 50 1077
34 51 2308
34 52 202
34 53 1125
34 54 2356
34 55 250
34 56 1173
34 57 2404
34 58 298
34 59 1221
34 60 2452
34 61 346
34 62 1269
34 63 2500
34 64 394
34 65 1317
34 66 2548
34 67 442
34 68 1365
34 69 2596
34 70 490
34 71 1413
34 72 2644
34 73 538
34 74 1461
34 75 2692
34 76 586
34 77 1509
34 78 2740
34 79 634
34 80 1557
34 81 2788
34 82 682
34 83 1605
34 84 2836
34 85 730
34 86 1653
34 87 2884
34 88 778
34 89 1701
34 90 2932
34 91 826
34 92 1749
34 93 2980
34 94 874
34 95 1797
34 96 3028
34 97 370
35 0 2977
35 1 731
35 2 1275
35 3 2567
35 4 1506
35 5 2423
35 6 1162
35 7 2437
35 8 877
35 9 941
35 10 1445
35 11 2337
35 12 1511
35 13 747
35 14 2328
35 15 730
35 16 1210
35 17 2302
35 18 968
35 19 820
35 20 1073
35 21 1541
35 22 1332
35 23 1362
35 24 2308
35 25 1398
35 26 1462
35 27 1232
35 28 2412
35 29 2633
35 30 981
35 31 2420
35 32 1576
35 33 1519
35 34 2607
35 35 0
35 36 2284
35 37 2533
35 38 2029
35 39 2537
35 40 1419
35 41 1836
35 42 2550
35 43 2857
35 44 1626
35 45 469
35 46 2809
35 47 1578
35 48 421
35 49 2761
35 50 1530
35 51 373
35 52 2713
35 53 1482
35 54 325
35 55 2665
35 56 1434
35 57 277
35 58 2617
35 59 1386
35 60 229
35 61 2569
35 62 1338
35 63 181
35 64 2521
35 65 1290
35 66 133
35 67 2473
35 68 1242
35 69 85
35 70 2425
35 71 1194
35 72 37
35 73 2473
35 74 1242
35 75 85
35 76 2521
35 77 1290
35 78 133
35 79 2569
35 80 1338
35 81 181
35 82 2617
35 83 1386
35 84 229
35 85 2665
35 86 1434
35 87 277
35 88 2713
35 89 1482
35 90 325
35 91 2761
35 92 1530
35 93 373
35 94 2809
35 95 1578
35 96 421
35 97 2977
36 0 693
36 1 2395
36 2 1275
36 3 383
36 4 1428
36 5 239
36 6 1292
36 7 513
36 8 1865
36 9 1513
36 10 1393
36 11 517
36 12 1615
36 13 1995
36 14 430
36 15 2108
36 16 1340
36 17 456
36 18 1774
36 19 1730
36 20 1957
36 21 1489
36 22 1410
36 23 1284
36 24 930
36 25 1632
36 26 1358
36 27 1414
36 28 826
