//alpha
1
//NbLocations
53
//NbProducts
36
//NbPickers
2
//CapaPicker
8
//TimeToTravelOneDistanceUnit
3
//SetupTime
5400
//PickTime
300
//Products
//Idx Location Size
1 1 1
2 2 1
3 3 1
4 4 1
5 5 1
6 6 1
7 7 1
8 8 1
9 9 1
10 10 1
11 11 1
12 12 1
13 1 1
14 13 1
15 14 1
16 15 1
17 16 1
18 17 1
19 18 1
20 19 1
21 20 1
22 21 1
23 22 1
24 23 1
25 24 1
26 25 1
27 26 1
28 13 1
29 27 1
30 28 1
31 29 1
32 30 1
33 31 1
34 32 1
35 33 1
36 34 1
//Orders
//NbOrders
12
//Idx DueDate TardinessPenalty NbProdInOrder ProdIdx1 Qty1 ProdIdx2 Qty2 ...
1 90000 0 2 1 1 2 1
2 36000 0 2 3 1 4 1
3 144000 0 1 5 1
4 72000 0 2 6 1 7 1
5 54000 0 2 8 1 9 1
6 126000 0 4 10 1 11 1 12 1 13 1
7 54000 0 4 14 1 15 1 16 1 17 1
8 144000 0 1 18 1
9 36000 0 2 19 1 20 1
10 72000 0 7 21 1 22 1 23 1 24 1 25 1 26 1 27 1
11 54000 0 1 28 1
12 72000 0 8 29 1 30 1 31 1 32 1 33 1 34 1 35 1 36 1
//Graph (Products are vertices indexed from 1 to NbProducts)
//NbVerticesIntersections
18
//DepartingDepot
0
//ArrivalDepot
53
//Arcs
//Start End Distance
0 35 120
1 12 26
1 32 65
2 7 143
2 36 206
3 16 156
3 36 76
4 20 65
4 24 13
5 17 26
5 28 26
6 13 130
6 38 128
7 2 143
7 37 102
8 33 247
8 40 102
9 26 39
9 31 52
10 15 39
10 41 141
11 26 117
11 44 63
12 1 26
12 43 63
13 6 130
13 23 26
14 22 143
14 29 52
15 10 39
15 34 26
16 3 156
16 35 219
17 5 26
17 47 232
18 19 13
18 50 271
19 18 13
19 51 167
20 4 65
20 45 89
21 24 234
21 46 50
22 14 143
22 51 180
23 13 26
23 27 52
24 4 13
24 21 234
25 30 52
25 42 63
26 9 39
26 11 117
27 23 52
27 39 115
28 5 26
28 48 167
29 14 52
29 52 76
30 25 52
30 34 130
31 9 52
31 45 180
32 1 65
32 42 297
33 8 247
33 39 102
34 15 26
34 30 130
35 16 219
35 38 48
35 53 120
36 2 206
36 3 76
36 39 48
37 7 102
37 40 48
38 6 128
38 35 48
38 41 48
39 27 115
39 33 102
39 36 48
39 42 48
40 8 102
40 37 48
40 43 48
41 10 141
41 38 48
41 44 48
42 25 63
42 32 297
42 39 48
42 45 48
43 12 63
43 40 48
43 46 48
44 11 63
44 41 48
44 47 48
45 20 89
45 31 180
45 42 48
45 48 48
46 21 50
46 43 48
46 49 48
47 17 232
47 44 48
47 50 48
48 28 167
48 45 48
48 49 451
48 51 48
49 46 48
49 48 451
49 52 48
50 18 271
50 47 48
51 19 167
51 22 180
51 48 48
52 29 76
52 49 48
//LocStart LocEnd ShortestPath
0 0 0
0 1 1029
0 2 777
0 3 495
0 4 869
0 5 570
0 6 296
0 7 920
0 8 968
0 9 483
0 10 357
0 11 327
0 12 1055
0 13 426
0 14 1134
0 15 396
0 16 339
0 17 544
0 18 631
0 19 644
0 20 804
0 21 1116
0 22 991
0 23 452
0 24 882
0 25 604
0 26 444
0 27 504
0 28 596
0 29 1186
0 30 552
0 31 535
0 32 964
0 33 721
0 34 422
0 35 120
0 36 571
0 37 1022
0 38 168
0 39 619
0 40 1070
0 41 216
0 42 667
0 43 1118
0 44 264
0 45 715
0 46 1166
0 47 312
0 48 763
0 49 1214
0 50 360
0 51 811
0 52 1262
0 53 0
1 0 1029
1 1 0
1 2 430
1 3 534
1 4 434
1 5 651
1 6 733
1 7 287
1 8 239
1 9 642
1 10 672
1 11 798
1 12 26
1 13 603
1 14 361
1 15 633
1 16 690
1 17 677
1 18 686
1 19 673
1 20 499
1 21 187
1 22 504
1 23 577
1 24 421
1 25 425
1 26 681
1 27 525
1 28 625
1 29 309
1 30 477
1 31 590
1 32 65
1 33 486
1 34 607
1 35 909
1 36 458
1 37 185
1 38 861
1 39 410
1 40 137
1 41 813
1 42 362
1 43 89
1 44 861
1 45 410
1 46 137
1 47 909
1 48 458
1 49 185
1 50 957
1 51 506
1 52 233
1 53 1029
2 0 777
2 1 430
2 2 0
2 3 282
2 4 504
2 5 591
2 6 577
2 7 143
2 8 395
2 9 582
2 10 612
2 11 738
2 12 404
2 13 447
2 14 613
2 15 573
2 16 438
2 17 617
2 18 626
2 19 613
2 20 439
2 21 439
2 22 626
2 23 421
2 24 517
2 25 365
2 26 621
2 27 369
2 28 565
2 29 561
2 30 417
2 31 530
2 32 495
2 33 356
2 34 547
2 35 657
2 36 206
2 37 245
2 38 705
2 39 254
2 40 293
2 41 753
2 42 302
2 43 341
2 44 801
2 45 350
2 46 389
2 47 849
2 48 398
2 49 437
2 50 897
2 51 446
2 52 485
2 53 777
3 0 495
3 1 534
3 2 282
3 3 0
3 4 374
3 5 461
3 6 447
3 7 425
3 8 473
3 9 452
3 10 482
3 11 582
3 12 560
3 13 317
3 14 639
3 15 443
3 16 156
3 17 487
3 18 496
3 19 483
3 20 309
3 21 621
3 22 496
3 23 291
3 24 387
3 25 235
3 26 491
3 27 239
3 28 435
3 29 691
3 30 287
3 31 400
3 32 469
3 33 226
3 34 417
3 35 375
3 36 76
3 37 527
3 38 423
3 39 124
3 40 575
3 41 471
3 42 172
3 43 623
3 44 519
3 45 220
3 46 671
3 47 567
3 48 268
3 49 719
3 50 615
3 51 316
3 52 767
3 53 495
4 0 869
4 1 434
4 2 504
4 3 374
4 4 0
4 5 395
4 6 573
4 7 543
4 8 495
4 9 386
4 10 512
4 11 542
4 12 408
4 13 443
4 14 521
4 15 473
4 16 530
4 17 421
4 18 430
4 19 417
4 20 65
4 21 247
4 22 430
4 23 417
4 24 13
4 25 265
4 26 425
4 27 365
4 28 369
4 29 469
4 30 317
4 31 334
4 32 499
4 33 352
4 34 447
4 35 749
4 36 298
4 37 441
4 38 701
4 39 250
4 40 393
4 41 653
4 42 202
4 43 345
4 44 605
4 45 154
4 46 297
4 47 653
4 48 202
4 49 345
4 50 701
4 51 250
4 52 393
4 53 869
5 0 570
5 1 651
5 2 591
5 3 461
5 4 395
5 5 0
5 6 530
5 7 734
5 8 686
5 9 473
5 10 495
5 11 369
5 12 677
5 13 530
5 14 564
5 15 534
5 16 617
5 17 26
5 18 421
5 19 408
5 20 330
5 21 642
5 22 421
5 23 504
5 24 408
5 25 352
5 26 486
5 27 452
5 28 26
5 29 616
5 30 404
5 31 421
5 32 586
5 33 439
5 34 534
5 35 450
5 36 385
5 37 836
5 38 402
5 39 337
5 40 788
5 41 354
5 42 289
5 43 740
5 44 306
5 45 241
5 46 692
5 47 258
5 48 193
5 49 644
5 50 306
5 51 241
5 52 692
5 53 570
6 0 296
6 1 733
6 2 577
6 3 447
6 4 573
6 5 530
6 6 0
6 7 720
6 8 672
6 9 443
6 10 317
6 11 287
6 12 759
6 13 130
6 14 838
6 15 356
6 16 395
6 17 504
6 18 591
6 19 604
6 20 508
6 21 820
6 22 695
6 23 156
6 24 586
6 25 434
6 26 404
6 27 208
6 28 556
6 29 890
6 30 486
6 31 495
6 32 668
6 33 425
6 34 382
6 35 176
6 36 371
6 37 822
6 38 128
6 39 323
6 40 774
6 41 176
6 42 371
6 43 822
6 44 224
6 45 419
6 46 870
6 47 272
6 48 467
6 49 918
6 50 320
6 51 515
6 52 966
6 53 296
7 0 920
7 1 287
7 2 143
7 3 425
7 4 543
7 5 734
7 6 720
7 7 0
7 8 252
7 9 725
7 10 755
7 11 881
7 12 261
7 13 590
7 14 470
7 15 716
7 16 581
7 17 760
7 18 769
7 19 756
7 20 582
7 21 296
7 22 613
7 23 564
7 24 530
7 25 508
7 26 764
7 27 512
7 28 708
7 29 418
7 30 560
7 31 673
7 32 352
7 33 499
7 34 690
7 35 800
7 36 349
7 37 102
7 38 848
7 39 397
7 40 150
7 41 896
7 42 445
7 43 198
7 44 944
7 45 493
7 46 246
7 47 992
7 48 541
7 49 294
7 50 1040
7 51 589
7 52 342
7 53 920
8 0 968
8 1 239
8 2 395
8 3 473
8 4 495
8 5 686
8 6 672
8 7 252
8 8 0
8 9 677
8 10 707
8 11 833
8 12 213
8 13 542
8 14 422
8 15 668
8 16 629
8 17 712
8 18 721
8 19 708
8 20 534
8 21 248
8 22 565
8 23 516
8 24 482
8 25 460
8 26 716
8 27 464
8 28 660
8 29 370
8 30 512
8 31 625
8 32 304
8 33 247
8 34 642
8 35 848
8 36 397
8 37 150
8 38 800
8 39 349
8 40 102
8 41 848
8 42 397
8 43 150
8 44 896
8 45 445
8 46 198
8 47 944
8 48 493
8 49 246
8 50 992
8 51 541
8 52 294
8 53 968
9 0 483
9 1 642
9 2 582
9 3 452
9 4 386
9 5 473
9 6 443
9 7 725
9 8 677
9 9 0
9 10 408
9 11 156
9 12 668
9 13 521
9 14 651
9 15 447
9 16 582
9 17 499
9 18 508
9 19 495
9 20 321
9 21 633
9 22 508
9 23 495
9 24 399
9 25 343
9 26 39
9 27 443
9 28 447
9 29 703
9 30 395
9 31 52
9 32 577
9 33 430
9 34 473
9 35 363
9 36 376
9 37 827
9 38 315
9 39 328
9 40 779
9 41 267
9 42 280
9 43 731
9 44 219
9 45 232
9 46 683
9 47 267
9 48 280
9 49 731
9 50 315
9 51 328
9 52 779
9 53 483
10 0 357
10 1 672
10 2 612
10 3 482
10 4 512
10 5 495
10 6 317
10 7 755
10 8 707
10 9 408
10 10 0
10 11 252
10 12 698
10 13 447
10 14 777
10 15 39
10 16 456
10 17 469
10 18 556
10 19 569
10 20 447
10 21 759
10 22 634
10 23 473
10 24 525
10 25 247
10 26 369
10 27 473
10 28 521
10 29 829
10 30 195
10 31 460
10 32 607
10 33 460
10 34 65
10 35 237
10 36 406
10 37 857
10 38 189
10 39 358
10 40 809
10 41 141
10 42 310
10 43 761
10 44 189
10 45 358
10 46 809
10 47 237
10 48 406
10 49 857
10 50 285
10 51 454
10 52 905
10 53 357
11 0 327
11 1 798
11 2 738
11 3 582
11 4 542
11 5 369
11 6 287
11 7 881
11 8 833
11 9 156
11 10 252
11 11 0
11 12 824
11 13 417
11 14 807
11 15 291
11 16 426
11 17 343
11 18 430
11 19 443
11 20 477
11 21 789
11 22 664
11 23 443
11 24 555
11 25 499
11 26 117
11 27 495
11 28 395
11 29 859
11 30 447
11 31 208
11 32 733
11 33 586
11 34 317
11 35 207
11 36 532
11 37 983
11 38 159
11 39 484
11 40 935
11 41 111
11 42 436
11 43 887
11 44 63
11 45 388
11 46 839
11 47 111
11 48 436
11 49 887
11 50 159
11 51 484
11 52 935
11 53 327
12 0 1055
12 1 26
12 2 404
12 3 560
12 4 408
12 5 677
12 6 759
12 7 261
12 8 213
12 9 668
12 10 698
12 11 824
12 12 0
12 13 629
12 14 335
12 15 659
12 16 716
12 17 703
12 18 712
12 19 699
12 20 473
12 21 161
12 22 478
12 23 603
12 24 395
12 25 451
12 26 707
12 27 551
12 28 651
12 29 283
12 30 503
12 31 616
12 32 91
12 33 460
12 34 633
12 35 935
12 36 484
12 37 159
12 38 887
12 39 436
12 40 111
12 41 839
12 42 388
12 43 63
12 44 887
12 45 436
12 46 111
12 47 935
12 48 484
12 49 159
12 50 983
12 51 532
12 52 207
12 53 1055
13 0 426
13 1 603
13 2 447
13 3 317
13 4 443
13 5 530
13 6 130
13 7 590
13 8 542
13 9 521
13 10 447
13 11 417
13 12 629
13 13 0
13 14 708
13 15 486
13 16 473
13 17 556
13 18 565
13 19 552
13 20 378
13 21 690
13 22 565
13 23 26
13 24 456
13 25 304
13 26 534
13 27 78
13 28 504
13 29 760
13 30 356
13 31 469
13 32 538
13 33 295
13 34 486
13 35 306
13 36 241
13 37 692
13 38 258
13 39 193
13 40 644
13 41 306
13 42 241
13 43 692
13 44 354
13 45 289
13 46 740
13 47 402
13 48 337
13 49 788
13 50 450
13 51 385
13 52 836
13 53 426
14 0 1134
14 1 361
14 2 613
14 3 639
14 4 521
14 5 564
14 6 838
14 7 470
14 8 422
14 9 651
14 10 777
14 11 807
14 12 335
14 13 708
14 14 0
14 15 738
14 16 795
14 17 590
14 18 503
14 19 490
14 20 508
14 21 274
14 22 143
14 23 682
14 24 508
14 25 530
14 26 690
14 27 630
14 28 538
14 29 52
14 30 582
14 31 599
14 32 426
14 33 617
14 34 712
14 35 1014
14 36 563
14 37 368
14 38 966
14 39 515
14 40 320
14 41 918
14 42 467
14 43 272
14 44 870
14 45 419
14 46 224
14 47 822
14 48 371
14 49 176
14 50 774
14 51 323
14 52 128
14 53 1134
15 0 396
15 1 633
15 2 573
15 3 443
15 4 473
15 5 534
15 6 356
15 7 716
15 8 668
15 9 447
15 10 39
15 11 291
15 12 659
15 13 486
15 14 738
15 15 0
15 16 495
15 17 508
15 18 595
15 19 582
15 20 408
15 21 720
15 22 595
15 23 486
15 24 486
15 25 208
15 26 408
15 27 434
15 28 534
15 29 790
15 30 156
15 31 499
15 32 568
15 33 421
15 34 26
15 35 276
15 36 367
15 37 818
15 38 228
15 39 319
15 40 770
15 41 180
15 42 271
15 43 722
15 44 228
15 45 319
15 46 770
15 47 276
15 48 367
15 49 818
15 50 324
15 51 415
15 52 866
15 53 396
16 0 339
16 1 690
16 2 438
16 3 156
16 4 530
16 5 617
16 6 395
16 7 581
16 8 629
16 9 582
16 10 456
16 11 426
16 12 716
16 13 473
16 14 795
16 15 495
16 16 0
16 17 643
16 18 652
16 19 639
16 20 465
16 21 777
16 22 652
16 23 447
16 24 543
16 25 391
16 26 543
16 27 395
16 28 591
16 29 847
16 30 443
16 31 556
16 32 625
16 33 382
16 34 521
16 35 219
16 36 232
16 37 683
16 38 267
16 39 280
16 40 731
16 41 315
16 42 328
16 43 779
16 44 363
16 45 376
16 46 827
16 47 411
16 48 424
16 49 875
16 50 459
16 51 472
16 52 923
16 53 339
17 0 544
17 1 677
17 2 617
17 3 487
17 4 421
17 5 26
17 6 504
17 7 760
17 8 712
17 9 499
17 10 469
17 11 343
17 12 703
17 13 556
17 14 590
17 15 508
17 16 643
17 17 0
17 18 447
17 19 434
17 20 356
17 21 668
17 22 447
17 23 530
17 24 434
17 25 378
17 26 460
17 27 478
17 28 52
17 29 642
17 30 430
17 31 447
17 32 612
17 33 465
17 34 534
17 35 424
17 36 411
17 37 862
17 38 376
17 39 363
17 40 814
17 41 328
17 42 315
17 43 766
17 44 280
17 45 267
17 46 718
17 47 232
17 48 219
17 49 670
17 50 280
17 51 267
17 52 718
17 53 544
18 0 631
18 1 686
18 2 626
18 3 496
18 4 430
18 5 421
18 6 591
18 7 769
18 8 721
18 9 508
18 10 556
18 11 430
18 12 712
18 13 565
18 14 503
18 15 595
18 16 652
18 17 447
18 18 0
18 19 13
18 20 365
18 21 677
18 22 360
18 23 539
18 24 443
18 25 387
18 26 547
18 27 487
18 28 395
18 29 555
18 30 439
18 31 456
18 32 621
18 33 474
18 34 569
18 35 511
18 36 420
18 37 871
18 38 463
18 39 372
18 40 823
18 41 415
18 42 324
18 43 775
18 44 367
18 45 276
18 46 727
18 47 319
18 48 228
18 49 679
18 50 271
18 51 180
18 52 631
18 53 631
19 0 644
19 1 673
19 2 613
19 3 483
19 4 417
19 5 408
19 6 604
19 7 756
19 8 708
19 9 495
19 10 569
19 11 443
19 12 699
19 13 552
19 14 490
19 15 582
19 16 639
19 17 434
19 18 13
19 19 0
19 20 352
19 21 664
19 22 347
19 23 526
19 24 430
19 25 374
19 26 534
19 27 474
19 28 382
19 29 542
19 30 426
19 31 443
19 32 608
19 33 461
19 34 556
19 35 524
19 36 407
19 37 858
19 38 476
19 39 359
19 40 810
19 41 428
19 42 311
19 43 762
19 44 380
19 45 263
19 46 714
19 47 332
19 48 215
19 49 666
19 50 284
19 51 167
19 52 618
19 53 644
20 0 804
20 1 499
20 2 439
20 3 309
20 4 65
20 5 330
20 6 508
20 7 582
20 8 534
20 9 321
20 10 447
20 11 477
20 12 473
20 13 378
20 14 508
20 15 408
20 16 465
20 17 356
20 18 365
20 19 352
20 20 0
20 21 312
20 22 365
20 23 352
20 24 78
20 25 200
20 26 360
20 27 300
20 28 304
20 29 534
20 30 252
20 31 269
20 32 434
20 33 287
20 34 382
20 35 684
20 36 233
20 37 506
20 38 636
20 39 185
20 40 458
20 41 588
20 42 137
20 43 410
20 44 540
20 45 89
20 46 362
20 47 588
20 48 137
20 49 410
20 50 636
20 51 185
20 52 458
20 53 804
21 0 1116
21 1 187
21 2 439
21 3 621
21 4 247
21 5 642
21 6 820
21 7 296
21 8 248
21 9 633
21 10 759
21 11 789
21 12 161
21 13 690
21 14 274
21 15 720
21 16 777
21 17 668
21 18 677
21 19 664
21 20 312
21 21 0
21 22 417
21 23 664
21 24 234
21 25 512
21 26 672
21 27 612
21 28 616
21 29 222
21 30 564
21 31 581
21 32 252
21 33 495
21 34 694
21 35 996
21 36 545
21 37 194
21 38 948
21 39 497
21 40 146
21 41 900
21 42 449
21 43 98
21 44 852
21 45 401
21 46 50
21 47 900
21 48 449
21 49 98
21 50 948
21 51 497
21 52 146
21 53 1116
22 0 991
22 1 504
22 2 626
22 3 496
22 4 430
22 5 421
22 6 695
22 7 613
22 8 565
22 9 508
22 10 634
22 11 664
22 12 478
22 13 565
22 14 143
22 15 595
22 16 652
22 17 447
22 18 360
22 19 347
22 20 365
22 21 417
22 22 0
22 23 539
22 24 443
22 25 387
22 26 547
22 27 487
22 28 395
22 29 195
22 30 439
22 31 456
22 32 569
22 33 474
22 34 569
22 35 871
22 36 420
22 37 511
22 38 823
22 39 372
22 40 463
22 41 775
22 42 324
22 43 415
22 44 727
22 45 276
22 46 367
22 47 679
22 48 228
22 49 319
22 50 631
22 51 180
22 52 271
22 53 991
23 0 452
23 1 577
23 2 421
23 3 291
23 4 417
23 5 504
23 6 156
23 7 564
23 8 516
23 9 495
23 10 473
23 11 443
23 12 603
23 13 26
23 14 682
23 15 486
23 16 447
23 17 530
23 18 539
23 19 526
23 20 352
23 21 664
23 22 539
23 23 0
23 24 430
23 25 278
23 26 534
23 27 52
23 28 478
23 29 734
23 30 330
23 31 443
23 32 512
23 33 269
23 34 460
23 35 332
23 36 215
23 37 666
23 38 284
23 39 167
23 40 618
23 41 332
23 42 215
23 43 666
23 44 380
23 45 263
23 46 714
23 47 428
23 48 311
23 49 762
23 50 476
23 51 359
23 52 810
23 53 452
24 0 882
24 1 421
24 2 517
24 3 387
24 4 13
24 5 408
24 6 586
24 7 530
24 8 482
24 9 399
24 10 525
24 11 555
24 12 395
24 13 456
24 14 508
24 15 486
24 16 543
24 17 434
24 18 443
24 19 430
24 20 78
24 21 234
24 22 443
24 23 430
24 24 0
24 25 278
24 26 438
24 27 378
24 28 382
24 29 456
24 30 330
24 31 347
24 32 486
24 33 365
24 34 460
24 35 762
24 36 311
24 37 428
24 38 714
24 39 263
24 40 380
24 41 666
24 42 215
24 43 332
24 44 618
24 45 167
24 46 284
24 47 666
24 48 215
24 49 332
24 50 714
24 51 263
24 52 380
24 53 882
25 0 604
25 1 425
25 2 365
25 3 235
25 4 265
25 5 352
25 6 434
25 7 508
25 8 460
25 9 343
25 10 247
25 11 499
25 12 451
25 13 304
25 14 530
25 15 208
25 16 391
25 17 378
25 18 387
25 19 374
25 20 200
25 21 512
25 22 387
25 23 278
25 24 278
25 25 0
25 26 382
25 27 226
25 28 326
25 29 582
25 30 52
25 31 291
25 32 360
25 33 213
25 34 182
25 35 484
25 36 159
25 37 610
25 38 436
25 39 111
25 40 562
25 41 388
25 42 63
25 43 514
25 44 436
25 45 111
25 46 562
25 47 484
25 48 159
25 49 610
25 50 532
25 51 207
25 52 658
25 53 604
26 0 444
26 1 681
26 2 621
26 3 491
26 4 425
26 5 486
26 6 404
26 7 764
26 8 716
26 9 39
26 10 369
26 11 117
26 12 707
26 13 534
26 14 690
26 15 408
26 16 543
26 17 460
26 18 547
26 19 534
26 20 360
26 21 672
26 22 547
26 23 534
26 24 438
26 25 382
26 26 0
26 27 482
26 28 486
26 29 742
26 30 434
26 31 91
26 32 616
26 33 469
26 34 434
26 35 324
26 36 415
26 37 866
26 38 276
26 39 367
26 40 818
26 41 228
26 42 319
26 43 770
26 44 180
26 45 271
26 46 722
26 47 228
26 48 319
26 49 770
26 50 276
26 51 367
26 52 818
26 53 444
27 0 504
27 1 525
27 2 369
27 3 239
27 4 365
27 5 452
27 6 208
27 7 512
27 8 464
27 9 443
27 10 473
27 11 495
27 12 551
27 13 78
27 14 630
27 15 434
27 16 395
27 17 478
27 18 487
27 19 474
27 20 300
27 21 612
27 22 487
27 23 52
27 24 378
27 25 226
27 26 482
27 27 0
27 28 426
27 29 682
27 30 278
27 31 391
27 32 460
27 33 217
27 34 408
27 35 384
27 36 163
27 37 614
27 38 336
27 39 115
27 40 566
27 41 384
27 42 163
27 43 614
27 44 432
27 45 211
27 46 662
27 47 480
27 48 259
27 49 710
27 50 528
27 51 307
27 52 758
27 53 504
28 0 596
28 1 625
28 2 565
28 3 435
28 4 369
28 5 26
28 6 556
28 7 708
28 8 660
28 9 447
28 10 521
28 11 395
28 12 651
28 13 504
28 14 538
28 15 534
28 16 591
28 17 52
28 18 395
28 19 382
28 20 304
28 21 616
28 22 395
28 23 478
28 24 382
28 25 326
28 26 486
28 27 426
28 28 0
28 29 590
28 30 378
28 31 395
28 32 560
28 33 413
28 34 508
28 35 476
28 36 359
28 37 810
28 38 428
28 39 311
28 40 762
28 41 380
28 42 263
28 43 714
28 44 332
28 45 215
28 46 666
28 47 284
28 48 167
28 49 618
28 50 332
28 51 215
28 52 666
28 53 596
29 0 1186
29 1 309
29 2 561
29 3 691
29 4 469
29 5 616
29 6 890
29 7 418
29 8 370
29 9 703
29 10 829
29 11 859
29 12 283
29 13 760
29 14 52
29 15 790
29 16 847
29 17 642
29 18 555
29 19 542
29 20 534
29 21 222
29 22 195
29 23 734
29 24 456
29 25 582
29 26 742
29 27 682
29 28 590
29 29 0
29 30 634
29 31 651
29 32 374
29 33 617
29 34 764
29 35 1066
29 36 615
29 37 316
29 38 1018
29 39 567
29 40 268
29 41 970
29 42 519
29 43 220
29 44 922
29 45 471
29 46 172
29 47 874
29 48 423
29 49 124
29 50 826
29 51 375
29 52 76
29 53 1186
30 0 552
30 1 477
30 2 417
30 3 287
30 4 317
30 5 404
30 6 486
30 7 560
30 8 512
30 9 395
30 10 195
30 11 447
30 12 503
30 13 356
30 14 582
30 15 156
30 16 443
30 17 430
30 18 439
30 19 426
30 20 252
30 21 564
30 22 439
30 23 330
30 24 330
30 25 52
30 26 434
30 27 278
30 28 378
30 29 634
30 30 0
30 31 343
30 32 412
30 33 265
30 34 130
30 35 432
30 36 211
30 37 662
30 38 384
30 39 163
30 40 614
30 41 336
30 42 115
30 43 566
30 44 384
30 45 163
30 46 614
30 47 432
30 48 211
30 49 662
30 50 480
30 51 259
30 52 710
30 53 552
31 0 535
31 1 590
31 2 530
31 3 400
31 4 334
31 5 421
31 6 495
31 7 673
31 8 625
31 9 52
31 10 460
31 11 208
31 12 616
31 13 469
31 14 599
31 15 499
31 16 556
31 17 447
31 18 456
31 19 443
31 20 269
31 21 581
31 22 456
31 23 443
31 24 347
31 25 291
31 26 91
31 27 391
31 28 395
31 29 651
31 30 343
31 31 0
31 32 525
31 33 378
31 34 473
31 35 415
31 36 324
31 37 775
31 38 367
31 39 276
31 40 727
31 41 319
31 42 228
31 43 679
31 44 271
31 45 180
31 46 631
31 47 319
31 48 228
31 49 679
31 50 367
31 51 276
31 52 727
31 53 535
32 0 964
32 1 65
32 2 495
32 3 469
32 4 499
32 5 586
32 6 668
32 7 352
32 8 304
32 9 577
32 10 607
32 11 733
32 12 91
32 13 538
32 14 426
32 15 568
32 16 625
32 17 612
32 18 621
32 19 608
32 20 434
32 21 252
32 22 569
32 23 512
32 24 486
32 25 360
32 26 616
32 27 460
32 28 560
32 29 374
32 30 412
32 31 525
32 32 0
32 33 447
32 34 542
32 35 844
32 36 393
32 37 250
32 38 796
32 39 345
32 40 202
32 41 748
32 42 297
32 43 154
32 44 796
32 45 345
32 46 202
32 47 844
32 48 393
32 49 250
32 50 892
32 51 441
32 52 298
32 53 964
33 0 721
33 1 486
33 2 356
33 3 226
33 4 352
33 5 439
33 6 425
33 7 499
33 8 247
33 9 430
33 10 460
33 11 586
33 12 460
33 13 295
33 14 617
33 15 421
33 16 382
33 17 465
33 18 474
33 19 461
33 20 287
33 21 495
33 22 474
33 23 269
33 24 365
33 25 213
33 26 469
33 27 217
33 28 413
33 29 617
33 30 265
33 31 378
33 32 447
33 33 0
33 34 395
33 35 601
33 36 150
33 37 397
33 38 553
33 39 102
33 40 349
33 41 601
33 42 150
33 43 397
33 44 649
33 45 198
33 46 445
33 47 697
33 48 246
33 49 493
33 50 745
33 51 294
33 52 541
33 53 721
34 0 422
34 1 607
34 2 547
34 3 417
34 4 447
34 5 534
34 6 382
34 7 690
34 8 642
34 9 473
34 10 65
34 11 317
34 12 633
34 13 486
34 14 712
34 15 26
34 16 521
34 17 534
34 18 569
34 19 556
34 20 382
34 21 694
34 22 569
34 23 460
34 24 460
34 25 182
34 26 434
34 27 408
34 28 508
34 29 764
34 30 130
34 31 473
34 32 542
34 33 395
34 34 0
34 35 302
34 36 341
34 37 792
34 38 254
34 39 293
34 40 744
34 41 206
34 42 245
34 43 696
34 44 254
34 45 293
34 46 744
34 47 302
34 48 341
34 49 792
34 50 350
34 51 389
34 52 840
34 53 422
35 0 120
35 1 909
35 2 657
35 3 375
35 4 749
35 5 450
35 6 176
35 7 800
35 8 848
35 9 363
35 10 237
35 11 207
35 12 935
35 13 306
35 14 1014
35 15 276
35 16 219
35 17 424
35 18 511
35 19 524
35 20 684
35 21 996
35 22 871
35 23 332
35 24 762
35 25 484
35 26 324
35 27 384
35 28 476
35 29 1066
35 30 432
35 31 415
35 32 844
35 33 601
35 34 302
35 35 0
35 36 451
35 37 902
35 38 48
35 39 499
35 40 950
35 41 96
35 42 547
35 43 998
35 44 144
35 45 595
35 46 1046
35 47 192
35 48 643
35 49 1094
35 50 240
35 51 691
35 52 1142
35 53 120
36 0 571
36 1 458
36 2 206
36 3 76
36 4 298
36 5 385
36 6 371
36 7 349
36 8 397
36 9 376
36 10 406
36 11 532
36 12 484
36 13 241
36 14 563
36 15 367
36 16 232
36 17 411
36 18 420
36 19 407
36 20 233
36 21 545
36 22 420
36 23 215
36 24 311
36 25 159
36 26 415
36 27 163
36 28 359
36 29 615
36 30 211
36 31 324
36 32 393
36 33 150
36 34 341
36 35 451
36 36 0
36 37 451
36 38 499
36 39 48
36 40 499
36 41 547
36 42 96
36 43 547
36 44 595
36 45 144
36 46 595
36 47 643
36 48 192
36 49 643
36 50 691
36 51 240
36 52 691
36 53 571
37 0 1022
37 1 185
37 2 245
37 3 527
37 4 441
37 5 836
37 6 822
37 7 102
37 8 150
37 9 827
37 10 857
37 11 983
37 12 159
37 13 692
37 14 368
37 15 818
37 16 683
37 17 862
37 18 871
37 19 858
37 20 506
37 21 194
37 22 511
37 23 666
37 24 428
37 25 610
37 26 866
37 27 614
37 28 810
37 29 316
37 30 662
37 31 775
37 32 250
37 33 397
37 34 792
37 35 902
37 36 451
37 37 0
37 38 950
37 39 499
37 40 48
37 41 998
37 42 547
37 43 96
37 44 1046
37 45 595
37 46 144
37 47 1094
37 48 643
37 49 192
37 50 1142
37 51 691
37 52 240
37 53 1022
38 0 168
38 1 861
38 2 705
38 3 423
38 4 701
38 5 402
38 6 128
38 7 848
38 8 800
38 9 315
38 10 189
38 11 159
38 12 887
38 13 258
38 14 966
38 15 228
38 16 267
38 17 376
38 18 463
38 19 476
38 20 636
38 21 948
38 22 823
38 23 284
38 24 714
38 25 436
38 26 276
38 27 336
38 28 428
38 29 1018
38 30 384
38 31 367
38 32 796
38 33 553
38 34 254
38 35 48
38 36 499
38 37 950
38 38 0
38 39 451
38 40 902
38 41 48
38 42 499
38 43 950
38 44 96
38 45 547
38 46 998
38 47 144
38 48 595
38 49 1046
38 50 192
38 51 643
38 52 1094
38 53 168
39 0 619
39 1 410
39 2 254
39 3 124
39 4 250
39 5 337
39 6 323
39 7 397
39 8 349
39 9 328
39 10 358
39 11 484
39 12 436
39 13 193
39 14 515
39 15 319
39 16 280
39 17 363
39 18 372
39 19 359
39 20 185
39 21 497
39 22 372
39 23 167
39 24 263
39 25 111
39 26 367
39 27 115
39 28 311
39 29 567
39 30 163
39 31 276
39 32 345
39 33 102
39 34 293
39 35 499
39 36 48
39 37 499
39 38 451
39 39 0
39 40 451
39 41 499
39 42 48
39 43 499
39 44 547
39 45 96
39 46 547
39 47 595
39 48 144
39 49 595
39 50 643
39 51 192
39 52 643
39 53 619
40 0 1070
40 1 137
40 2 293
40 3 575
40 4 393
40 5 788
40 6 774
40 7 150
40 8 102
40 9 779
40 10 809
40 11 935
40 12 111
40 13 644
40 14 320
40 15 770
40 16 731
40 17 814
40 18 823
40 19 810
40 20 458
40 21 146
40 22 463
40 23 618
40 24 380
40 25 562
40 26 818
40 27 566
40 28 762
40 29 268
40 30 614
40 31 727
40 32 202
40 33 349
40 34 744
40 35 950
40 36 499
40 37 48
40 38 902
40 39 451
40 40 0
40 41 950
40 42 499
40 43 48
40 44 998
40 45 547
40 46 96
40 47 1046
40 48 595
40 49 144
40 50 1094
40 51 643
40 52 192
40 53 1070
41 0 216
41 1 813
41 2 753
41 3 471
41 4 653
41 5 354
41 6 176
41 7 896
41 8 848
41 9 267
41 10 141
41 11 111
41 12 839
41 13 306
41 14 918
41 15 180
41 16 315
41 17 328
41 18 415
41 19 428
41 20 588
41 21 900
41 22 775
41 23 332
41 24 666
41 25 388
41 26 228
41 27 384
41 28 380
41 29 970
41 30 336
41 31 319
41 32 748
41 33 601
41 34 206
41 35 96
41 36 547
41 37 998
41 38 48
41 39 499
41 40 950
41 41 0
41 42 451
41 43 902
41 44 48
41 45 499
41 46 950
41 47 96
41 48 547
41 49 998
41 50 144
41 51 595
41 52 1046
41 53 216
42 0 667
42 1 362
42 2 302
42 3 172
42 4 202
42 5 289
42 6 371
42 7 445
42 8 397
42 9 280
42 10 310
42 11 436
42 12 388
42 13 241
42 14 467
42 15 271
42 16 328
42 17 315
42 18 324
42 19 311
42 20 137
42 21 449
42 22 324
42 23 215
42 24 215
42 25 63
42 26 319
42 27 163
42 28 263
42 29 519
42 30 115
42 31 228
42 32 297
42 33 150
42 34 245
42 35 547
42 36 96
42 37 547
42 38 499
42 39 48
42 40 499
42 41 451
42 42 0
42 43 451
42 44 499
42 45 48
42 46 499
42 47 547
42 48 96
42 49 547
42 50 595
42 51 144
42 52 595
42 53 667
43 0 1118
43 1 89
43 2 341
43 3 623
43 4 345
43 5 740
43 6 822
43 7 198
43 8 150
43 9 731
43 10 761
43 11 887
43 12 63
43 13 692
43 14 272
43 15 722
43 16 779
43 17 766
43 18 775
43 19 762
43 20 410
43 21 98
43 22 415
43 23 666
43 24 332
43 25 514
43 26 770
43 27 614
43 28 714
43 29 220
43 30 566
43 31 679
43 32 154
43 33 397
43 34 696
43 35 998
43 36 547
43 37 96
43 38 950
43 39 499
43 40 48
43 41 902
43 42 451
43 43 0
43 44 950
43 45 499
43 46 48
43 47 998
43 48 547
43 49 96
43 50 1046
43 51 595
43 52 144
43 53 1118
44 0 264
44 1 861
44 2 801
44 3 519
44 4 605
44 5 306
44 6 224
44 7 944
44 8 896
44 9 219
44 10 189
44 11 63
44 12 887
44 13 354
44 14 870
44 15 228
44 16 363
44 17 280
44 18 367
44 19 380
44 20 540
44 21 852
44 22 727
44 23 380
44 24 618
44 25 436
44 26 180
44 27 432
44 28 332
44 29 922
44 30 384
44 31 271
44 32 796
44 33 649
44 34 254
44 35 144
44 36 595
44 37 1046
44 38 96
44 39 547
44 40 998
44 41 48
44 42 499
44 43 950
44 44 0
44 45 451
44 46 902
44 47 48
44 48 499
44 49 950
44 50 96
44 51 547
44 52 998
44 53 264
45 0 715
45 1 410
45 2 350
45 3 220
45 4 154
45 5 241
45 6 419
45 7 493
45 8 445
45 9 232
45 10 358
45 11 388
45 12 436
45 13 289
45 14 419
45 15 319
45 16 376
45 17 267
45 18 276
45 19 263
45 20 89
45 21 401
45 22 276
45 23 263
45 24 167
45 25 111
45 26 271
45 27 211
45 28 215
45 29 471
45 30 163
45 31 180
45 32 345
45 33 198
45 34 293
45 35 595
45 36 144
45 37 595
45 38 547
45 39 96
45 40 547
45 41 499
45 42 48
45 43 499
45 44 451
45 45 0
45 46 451
45 47 499
45 48 48
45 49 499
45 50 547
45 51 96
45 52 547
45 53 715
46 0 1166
46 1 137
46 2 389
46 3 671
46 4 297
46 5 692
46 6 870
46 7 246
46 8 198
46 9 683
46 10 809
46 11 839
46 12 111
46 13 740
46 14 224
46 15 770
46 16 827
46 17 718
46 18 727
46 19 714
46 20 362
46 21 50
46 22 367
46 23 714
46 24 284
46 25 562
46 26 722
46 27 662
46 28 666
46 29 172
46 30 614
46 31 631
46 32 202
46 33 445
46 34 744
46 35 1046
46 36 595
46 37 144
46 38 998
46 39 547
46 40 96
46 41 950
46 42 499
46 43 48
46 44 902
46 45 451
46 46 0
46 47 950
46 48 499
46 49 48
46 50 998
46 51 547
46 52 96
46 53 1166
47 0 312
47 1 909
47 2 849
47 3 567
47 4 653
47 5 258
47 6 272
47 7 992
47 8 944
47 9 267
47 10 237
47 11 111
47 12 935
47 13 402
47 14 822
47 15 276
47 16 411
47 17 232
47 18 319
47 19 332
47 20 588
47 21 900
47 22 679
47 23 428
47 24 666
47 25 484
47 26 228
47 27 480
47 28 284
47 29 874
47 30 432
47 31 319
47 32 844
47 33 697
47 34 302
47 35 192
47 36 643
47 37 1094
47 38 144
47 39 595
47 40 1046
47 41 96
47 42 547
47 43 998
47 44 48
47 45 499
47 46 950
47 47 0
47 48 451
47 49 902
47 50 48
47 51 499
47 52 950
47 53 312
48 0 763
48 1 458
48 2 398
48 3 268
48 4 202
48 5 193
48 6 467
48 7 541
48 8 493
48 9 280
48 10 406
48 11 436
48 12 484
48 13 337
48 14 371
48 15 367
48 16 424
48 17 219
48 18 228
48 19 215
48 20 137
48 21 449
48 22 228
48 23 311
48 24 215
48 25 159
48 26 319
48 27 259
48 28 167
48 29 423
48 30 211
48 31 228
48 32 393
48 33 246
48 34 341
48 35 643
48 36 192
48 37 643
48 38 595
48 39 144
48 40 595
48 41 547
48 42 96
48 43 547
48 44 499
48 45 48
48 46 499
48 47 451
48 48 0
48 49 451
48 50 499
48 51 48
48 52 499
48 53 763
49 0 1214
49 1 185
49 2 437
49 3 719
49 4 345
49 5 644
49 6 918
49 7 294
49 8 246
49 9 731
49 10 857
49 11 887
49 12 159
49 13 788
49 14 176
49 15 818
49 16 875
49 17 670
49 18 679
49 19 666
49 20 410
49 21 98
49 22 319
49 23 762
49 24 332
49 25 610
49 26 770
49 27 710
49 28 618
49 29 124
49 30 662
49 31 679
49 32 250
49 33 493
49 34 792
49 35 1094
49 36 643
49 37 192
49 38 1046
49 39 595
49 40 144
49 41 998
49 42 547
49 43 96
49 44 950
49 45 499
49 46 48
49 47 902
49 48 451
49 49 0
49 50 950
49 51 499
49 52 48
49 53 1214
50 0 360
50 1 957
50 2 897
50 3 615
50 4 701
50 5 306
50 6 320
50 7 1040
50 8 992
50 9 315
50 10 285
50 11 159
50 12 983
50 13 450
50 14 774
50 15 324
50 16 459
50 17 280
50 18 271
50 19 284
50 20 636
50 21 948
50 22 631
50 23 476
50 24 714
50 25 532
50 26 276
50 27 528
50 28 332
50 29 826
50 30 480
50 31 367
50 32 892
50 33 745
50 34 350
50 35 240
50 36 691
50 37 1142
50 38 192
50 39 643
50 40 1094
50 41 144
50 42 595
50 43 1046
50 44 96
50 45 547
50 46 998
50 47 48
50 48 499
50 49 950
50 50 0
50 51 451
50 52 902
50 53 360
51 0 811
51 1 506
51 2 446
51 3 316
51 4 250
51 5 241
51 6 515
51 7 589
51 8 541
51 9 328
51 10 454
51 11 484
51 12 532
51 13 385
51 14 323
51 15 415
51 16 472
51 17 267
51 18 180
51 19 167
51 20 185
51 21 497
51 22 180
51 23 359
51 24 263
51 25 207
51 26 367
51 27 307
51 28 215
51 29 375
51 30 259
51 31 276
51 32 441
51 33 294
51 34 389
51 35 691
51 36 240
51 37 691
51 38 643
51 39 192
51 40 643
51 41 595
51 42 144
51 43 595
51 44 547
51 45 96
51 46 547
51 47 499
51 48 48
51 49 499
51 50 451
51 51 0
51 52 451
51 53 811
52 0 1262
52 1 233
52 2 485
52 3 767
52 4 393
52 5 692
52 6 966
52 7 342
52 8 294
52 9 779
52 10 905
52 11 935
52 12 207
52 13 836
52 14 128
52 15 866
52 16 923
52 17 718
52 18 631
52 19 618
52 20 458
52 21 146
52 22 271
52 23 810
52 24 380
52 25 658
52 26 818
52 27 758
52 28 666
52 29 76
52 30 710
52 31 727
52 32 298
52 33 541
52 34 840
52 35 1142
52 36 691
52 37 240
52 38 1094
52 39 643
52 40 192
52 41 1046
52 42 595
52 43 144
52 44 998
52 45 547
52 46 96
52 47 950
52 48 499
52 49 48
52 50 902
52 51 451
52 52 0
52 53 1262
53 0 0
53 1 1029
53 2 777
53 3 495
53 4 869
53 5 570
53 6 296
53 7 920
53 8 968
53 9 483
53 10 357
53 11 327
53 12 1055
53 13 426
53 14 1134
53 15 396
53 16 339
53 17 544
53 18 631
53 19 644
53 20 804
53 21 1116
53 22 991
53 23 452
53 24 882
53 25 604
53 26 444
53 27 504
53 28 596
53 29 1186
53 30 552
53 31 535
53 32 964
53 33 721
53 34 422
53 35 120
53 36 571
53 37 1022
53 38 168
53 39 619
53 40 1070
53 41 216
53 42 667
53 43 1118
53 44 264
53 45 715
53 46 1166
53 47 312
53 48 763
53 49 1214
53 50 360
53 51 811
53 52 1262
53 53 0
//Location coordinates LocationName
//Loc x y
0 0.0 0.0 "depot"
1 96.0 933.0 "product aisle 2 bloc 1 rank 52"
2 0.0 777.0 "product aisle 0 bloc 1 rank 27"
3 0.0 495.0 "product aisle 0 bloc 0 rank 53"
4 144.0 725.0 "product aisle 3 bloc 1 rank 20"
5 192.0 378.0 "product aisle 4 bloc 0 rank 36"
6 48.0 248.0 "product aisle 1 bloc 0 rank 16"
7 0.0 920.0 "product aisle 0 bloc 1 rank 50"
8 48.0 920.0 "product aisle 1 bloc 1 rank 50"
9 144.0 339.0 "product aisle 3 bloc 0 rank 30"
10 96.0 261.0 "product aisle 2 bloc 0 rank 18"
11 144.0 183.0 "product aisle 3 bloc 0 rank 5"
12 96.0 959.0 "product aisle 2 bloc 1 rank 55"
13 48.0 378.0 "product aisle 1 bloc 0 rank 35"
14 240.0 894.0 "product aisle 5 bloc 1 rank 45"
15 96.0 300.0 "product aisle 2 bloc 0 rank 24"
16 0.0 339.0 "product aisle 0 bloc 0 rank 30"
17 192.0 352.0 "product aisle 4 bloc 0 rank 32"
18 240.0 391.0 "product aisle 5 bloc 0 rank 37"
19 240.0 404.0 "product aisle 5 bloc 0 rank 40"
20 144.0 660.0 "product aisle 3 bloc 1 rank 9"
21 144.0 972.0 "product aisle 3 bloc 1 rank 57"
22 240.0 751.0 "product aisle 5 bloc 1 rank 23"
23 48.0 404.0 "product aisle 1 bloc 0 rank 40"
24 144.0 738.0 "product aisle 3 bloc 1 rank 22"
25 96.0 508.0 "product aisle 2 bloc 0 rank 55"
26 144.0 300.0 "product aisle 3 bloc 0 rank 23"
27 48.0 456.0 "product aisle 1 bloc 0 rank 48"
28 192.0 404.0 "product aisle 4 bloc 0 rank 39"
29 240.0 946.0 "product aisle 5 bloc 1 rank 53"
30 96.0 456.0 "product aisle 2 bloc 0 rank 47"
31 144.0 391.0 "product aisle 3 bloc 0 rank 38"
32 96.0 868.0 "product aisle 2 bloc 1 rank 41"
33 48.0 673.0 "product aisle 1 bloc 1 rank 11"
34 96.0 326.0 "product aisle 2 bloc 0 rank 28"
35 24.0 120.0 "intersection aisle 0 bloc 0 rank 0"
36 24.0 571.0 "intersection aisle 0 bloc 1 rank 1"
37 24.0 1022.0 "intersection aisle 0 bloc 2 rank 2"
38 72.0 120.0 "intersection aisle 1 bloc 0 rank 0"
39 72.0 571.0 "intersection aisle 1 bloc 1 rank 1"
40 72.0 1022.0 "intersection aisle 1 bloc 2 rank 2"
41 120.0 120.0 "intersection aisle 2 bloc 0 rank 0"
42 120.0 571.0 "intersection aisle 2 bloc 1 rank 1"
43 120.0 1022.0 "intersection aisle 2 bloc 2 rank 2"
44 168.0 120.0 "intersection aisle 3 bloc 0 rank 0"
45 168.0 571.0 "intersection aisle 3 bloc 1 rank 1"
46 168.0 1022.0 "intersection aisle 3 bloc 2 rank 2"
47 216.0 120.0 "intersection aisle 4 bloc 0 rank 0"
48 216.0 571.0 "intersection aisle 4 bloc 1 rank 1"
49 216.0 1022.0 "intersection aisle 4 bloc 2 rank 2"
50 264.0 120.0 "intersection aisle 5 bloc 0 rank 0"
51 264.0 571.0 "intersection aisle 5 bloc 1 rank 1"
52 264.0 1022.0 "intersection aisle 5 bloc 2 rank 2"
53 0.0 0.0 "depot"
