//alpha
1
//NbLocations
50
//NbProducts
32
//NbPickers
2
//CapaPicker
4
//TimeToTravelOneDistanceUnit
3
//SetupTime
5400
//PickTime
300
//Products
//Idx Location Size
1 1 1
2 2 1
3 3 1
4 4 1
5 5 1
6 6 1
7 7 1
8 8 1
9 9 1
10 10 1
11 11 1
12 12 1
13 13 1
14 14 1
15 15 1
16 16 1
17 17 1
18 18 1
19 19 1
20 20 1
21 21 1
22 22 1
23 23 1
24 1 1
25 24 1
26 25 1
27 26 1
28 27 1
29 28 1
30 29 1
31 30 1
32 31 1
//Orders
//NbOrders
12
//Idx DueDate TardinessPenalty NbProdInOrder ProdIdx1 Qty1 ProdIdx2 Qty2 ...
1 108000 0 3 1 1 2 1 3 1
2 108000 0 4 4 1 5 1 6 1 7 1
3 108000 0 4 8 1 9 1 10 1 11 1
4 144000 0 1 12 1
5 144000 0 2 13 1 14 1
6 126000 0 1 15 1
7 90000 0 4 16 1 17 1 18 1 19 1
8 108000 0 1 20 1
9 90000 0 4 21 1 22 1 23 1 24 1
10 90000 0 4 25 1 26 1 27 1 28 1
11 126000 0 2 29 1 30 1
12 126000 0 2 31 1 32 1
//Graph (Products are vertices indexed from 1 to NbProducts)
//NbVerticesIntersections
18
//DepartingDepot
0
//ArrivalDepot
50
//Arcs
//Start End Distance
0 32 120
1 19 13
1 26 13
2 16 13
2 29 26
3 22 130
3 28 39
4 25 130
4 38 89
5 8 13
5 30 39
6 13 156
6 20 26
7 45 245
7 46 206
8 5 13
8 22 65
9 21 65
9 23 65
10 15 26
10 30 26
11 16 78
11 19 13
12 25 52
12 39 180
13 6 156
13 36 180
14 20 26
14 35 63
15 10 26
15 34 37
16 2 13
16 11 78
17 29 91
17 31 39
18 48 206
18 49 245
19 1 13
19 11 13
20 6 26
20 14 26
21 9 65
21 37 37
22 3 130
22 8 65
23 9 65
23 36 284
24 39 50
24 40 401
25 4 130
25 12 52
26 1 13
26 33 89
27 42 128
27 43 323
28 3 39
28 33 76
29 2 26
29 17 91
30 5 39
30 10 26
31 17 39
31 32 76
32 31 76
32 35 48
32 50 120
33 26 89
33 28 76
33 36 48
34 15 37
34 37 48
35 14 63
35 32 48
35 38 48
36 13 180
36 23 284
36 33 48
36 39 48
37 21 37
37 34 48
37 40 48
38 4 89
38 35 48
38 41 48
39 12 180
39 24 50
39 36 48
39 42 48
40 24 401
40 37 48
40 43 48
41 38 48
41 42 451
41 44 48
42 27 128
42 39 48
42 41 451
42 45 48
43 27 323
43 40 48
43 46 48
44 41 48
44 45 451
44 47 48
45 7 245
45 42 48
45 44 451
45 48 48
46 7 206
46 43 48
46 49 48
47 44 48
47 48 451
48 18 206
48 45 48
48 47 451
49 18 245
49 46 48
//LocStart LocEnd ShortestPath
0 0 0
0 1 469
0 2 352
0 3 686
0 4 305
0 5 894
0 6 283
0 7 1008
0 8 881
0 9 968
0 10 959
0 11 443
0 12 487
0 13 439
0 14 231
0 15 985
0 16 365
0 17 235
0 18 1017
0 19 456
0 20 257
0 21 1033
0 22 816
0 23 903
0 24 717
0 25 435
0 26 482
0 27 843
0 28 647
0 29 326
0 30 933
0 31 196
0 32 120
0 33 571
0 34 1022
0 35 168
0 36 619
0 37 1070
0 38 216
0 39 667
0 40 1118
0 41 264
0 42 715
0 43 1166
0 44 312
0 45 763
0 46 1214
0 47 360
0 48 811
0 49 1262
0 50 0
1 0 469
1 1 0
1 2 117
1 3 217
1 4 534
1 5 425
1 6 486
1 7 539
1 8 412
1 9 499
1 10 490
1 11 26
1 12 378
1 13 330
1 14 460
1 15 516
1 16 104
1 17 234
1 18 548
1 19 13
1 20 486
1 21 564
1 22 347
1 23 434
1 24 248
1 25 430
1 26 13
1 27 374
1 28 178
1 29 143
1 30 464
1 31 273
1 32 349
1 33 102
1 34 553
1 35 397
1 36 150
1 37 601
1 38 445
1 39 198
1 40 649
1 41 493
1 42 246
1 43 697
1 44 541
1 45 294
1 46 745
1 47 589
1 48 342
1 49 793
1 50 469
2 0 352
2 1 117
2 2 0
2 3 334
2 4 417
2 5 542
2 6 395
2 7 656
2 8 529
2 9 616
2 10 607
2 11 91
2 12 495
2 13 447
2 14 343
2 15 633
2 16 13
2 17 117
2 18 665
2 19 104
2 20 369
2 21 681
2 22 464
2 23 551
2 24 365
2 25 547
2 26 130
2 27 491
2 28 295
2 29 26
2 30 581
2 31 156
2 32 232
2 33 219
2 34 670
2 35 280
2 36 267
2 37 718
2 38 328
2 39 315
2 40 766
2 41 376
2 42 363
2 43 814
2 44 424
2 45 411
2 46 862
2 47 472
2 48 459
2 49 910
2 50 352
3 0 686
3 1 217
3 2 334
3 3 0
3 4 573
3 5 208
3 6 499
3 7 552
3 8 195
3 9 486
3 10 273
3 11 243
3 12 391
3 13 343
3 14 551
3 15 299
3 16 321
3 17 451
3 18 561
3 19 230
3 20 525
3 21 421
3 22 130
3 23 447
3 24 261
3 25 443
3 26 204
3 27 387
3 28 39
3 29 360
3 30 247
3 31 490
3 32 566
3 33 115
3 34 336
3 35 614
3 36 163
3 37 384
3 38 662
3 39 211
3 40 432
3 41 710
3 42 259
3 43 480
3 44 758
3 45 307
3 46 528
3 47 806
3 48 355
3 49 576
3 50 686
4 0 305
4 1 534
4 2 417
4 3 573
4 4 0
4 5 781
4 6 252
4 7 703
4 8 768
4 9 759
4 10 846
4 11 508
4 12 182
4 13 408
4 14 200
4 15 872
4 16 430
4 17 300
4 18 712
4 19 521
4 20 226
4 21 824
4 22 703
4 23 694
4 24 412
4 25 130
4 26 547
4 27 538
4 28 534
4 29 391
4 30 820
4 31 261
4 32 185
4 33 458
4 34 909
4 35 137
4 36 410
4 37 861
4 38 89
4 39 362
4 40 813
4 41 137
4 42 410
4 43 861
4 44 185
4 45 458
4 46 909
4 47 233
4 48 506
4 49 957
4 50 305
5 0 894
5 1 425
5 2 542
5 3 208
5 4 781
5 5 0
5 6 707
5 7 526
5 8 13
5 9 278
5 10 65
5 11 451
5 12 599
5 13 551
5 14 759
5 15 91
5 16 529
5 17 659
5 18 613
5 19 438
5 20 733
5 21 213
5 22 78
5 23 343
5 24 469
5 25 651
5 26 412
5 27 595
5 28 247
5 29 568
5 30 39
5 31 698
5 32 774
5 33 323
5 34 128
5 35 822
5 36 371
5 37 176
5 38 870
5 39 419
5 40 224
5 41 918
5 42 467
5 43 272
5 44 966
5 45 515
5 46 320
5 47 1014
5 48 563
5 49 368
5 50 894
6 0 283
6 1 486
6 2 395
6 3 499
6 4 252
6 5 707
6 6 0
6 7 725
6 8 694
6 9 685
6 10 772
6 11 486
6 12 434
6 13 156
6 14 52
6 15 798
6 16 408
6 17 278
6 18 734
6 19 499
6 20 26
6 21 750
6 22 629
6 23 620
6 24 434
6 25 382
6 26 473
6 27 560
6 28 460
6 29 369
6 30 746
6 31 239
6 32 163
6 33 384
6 34 835
6 35 115
6 36 336
6 37 787
6 38 163
6 39 384
6 40 835
6 41 211
6 42 432
6 43 883
6 44 259
6 45 480
6 46 931
6 47 307
6 48 528
6 49 979
6 50 283
7 0 1008
7 1 539
7 2 656
7 3 552
7 4 703
7 5 526
7 6 725
7 7 0
7 8 539
7 9 452
7 10 461
7 11 565
7 12 521
7 13 569
7 14 777
7 15 435
7 16 643
7 17 773
7 18 499
7 19 552
7 20 751
7 21 387
7 22 604
7 23 517
7 24 391
7 25 573
7 26 526
7 27 421
7 28 513
7 29 682
7 30 487
7 31 812
7 32 888
7 33 437
7 34 398
7 35 840
7 36 389
7 37 350
7 38 792
7 39 341
7 40 302
7 41 744
7 42 293
7 43 254
7 44 696
7 45 245
7 46 206
7 47 744
7 48 293
7 49 254
7 50 1008
8 0 881
8 1 412
8 2 529
8 3 195
8 4 768
8 5 13
8 6 694
8 7 539
8 8 0
8 9 291
8 10 78
8 11 438
8 12 586
8 13 538
8 14 746
8 15 104
8 16 516
8 17 646
8 18 626
8 19 425
8 20 720
8 21 226
8 22 65
8 23 356
8 24 456
8 25 638
8 26 399
8 27 582
8 28 234
8 29 555
8 30 52
8 31 685
8 32 761
8 33 310
8 34 141
8 35 809
8 36 358
8 37 189
8 38 857
8 39 406
8 40 237
8 41 905
8 42 454
8 43 285
8 44 953
8 45 502
8 46 333
8 47 1001
8 48 550
8 49 381
8 50 881
9 0 968
9 1 499
9 2 616
9 3 486
9 4 759
9 5 278
9 6 685
9 7 452
9 8 291
9 9 0
9 10 213
9 11 525
9 12 577
9 13 529
9 14 737
9 15 187
9 16 603
9 17 733
9 18 539
9 19 512
9 20 711
9 21 65
9 22 356
9 23 65
9 24 447
9 25 629
9 26 486
9 27 521
9 28 473
9 29 642
9 30 239
9 31 772
9 32 848
9 33 397
9 34 150
9 35 800
9 36 349
9 37 102
9 38 848
9 39 397
9 40 150
9 41 896
9 42 445
9 43 198
9 44 944
9 45 493
9 46 246
9 47 992
9 48 541
9 49 294
9 50 968
10 0 959
10 1 490
10 2 607
10 3 273
10 4 846
10 5 65
10 6 772
10 7 461
10 8 78
10 9 213
10 10 0
10 11 516
10 12 664
10 13 616
10 14 824
10 15 26
10 16 594
10 17 724
10 18 548
10 19 503
10 20 798
10 21 148
10 22 143
10 23 278
10 24 534
10 25 716
10 26 477
10 27 530
10 28 312
10 29 633
10 30 26
10 31 763
10 32 839
10 33 388
10 34 63
10 35 887
10 36 436
10 37 111
10 38 935
10 39 484
10 40 159
10 41 983
10 42 532
10 43 207
10 44 1031
10 45 580
10 46 255
10 47 1079
10 48 628
10 49 303
10 50 959
11 0 443
11 1 26
11 2 91
11 3 243
11 4 508
11 5 451
11 6 486
11 7 565
11 8 438
11 9 525
11 10 516
11 11 0
11 12 404
11 13 356
11 14 434
11 15 542
11 16 78
11 17 208
11 18 574
11 19 13
11 20 460
11 21 590
11 22 373
11 23 460
11 24 274
11 25 456
11 26 39
11 27 400
11 28 204
11 29 117
11 30 490
11 31 247
11 32 323
11 33 128
11 34 579
11 35 371
11 36 176
11 37 627
11 38 419
11 39 224
11 40 675
11 41 467
11 42 272
11 43 723
11 44 515
11 45 320
11 46 771
11 47 563
11 48 368
11 49 819
11 50 443
12 0 487
12 1 378
12 2 495
12 3 391
12 4 182
12 5 599
12 6 434
12 7 521
12 8 586
12 9 577
12 10 664
12 11 404
12 12 0
12 13 408
12 14 382
12 15 690
12 16 482
12 17 482
12 18 530
12 19 391
12 20 408
12 21 642
12 22 521
12 23 512
12 24 230
12 25 52
12 26 365
12 27 356
12 28 352
12 29 521
12 30 638
12 31 443
12 32 367
12 33 276
12 34 727
12 35 319
12 36 228
12 37 679
12 38 271
12 39 180
12 40 631
12 41 319
12 42 228
12 43 679
12 44 367
12 45 276
12 46 727
12 47 415
12 48 324
12 49 775
12 50 487
13 0 439
13 1 330
13 2 447
13 3 343
13 4 408
13 5 551
13 6 156
13 7 569
13 8 538
13 9 529
13 10 616
13 11 356
13 12 408
13 13 0
13 14 208
13 15 642
13 16 434
13 17 434
13 18 578
13 19 343
13 20 182
13 21 594
13 22 473
13 23 464
13 24 278
13 25 460
13 26 317
13 27 404
13 28 304
13 29 473
13 30 590
13 31 395
13 32 319
13 33 228
13 34 679
13 35 271
13 36 180
13 37 631
13 38 319
13 39 228
13 40 679
13 41 367
13 42 276
13 43 727
13 44 415
13 45 324
13 46 775
13 47 463
13 48 372
13 49 823
13 50 439
14 0 231
14 1 460
14 2 343
14 3 551
14 4 200
14 5 759
14 6 52
14 7 777
14 8 746
14 9 737
14 10 824
14 11 434
14 12 382
14 13 208
14 14 0
14 15 850
14 16 356
14 17 226
14 18 786
14 19 447
14 20 26
14 21 802
14 22 681
14 23 672
14 24 486
14 25 330
14 26 473
14 27 612
14 28 512
14 29 317
14 30 798
14 31 187
14 32 111
14 33 436
14 34 887
14 35 63
14 36 388
14 37 839
14 38 111
14 39 436
14 40 887
14 41 159
14 42 484
14 43 935
14 44 207
14 45 532
14 46 983
14 47 255
14 48 580
14 49 1031
14 50 231
15 0 985
15 1 516
15 2 633
15 3 299
15 4 872
15 5 91
15 6 798
15 7 435
15 8 104
15 9 187
15 10 26
15 11 542
15 12 690
15 13 642
15 14 850
15 15 0
15 16 620
15 17 750
15 18 522
15 19 529
15 20 824
15 21 122
15 22 169
15 23 252
15 24 534
15 25 742
15 26 503
15 27 504
15 28 338
15 29 659
15 30 52
15 31 789
15 32 865
15 33 414
15 34 37
15 35 913
15 36 462
15 37 85
15 38 961
15 39 510
15 40 133
15 41 1009
15 42 558
15 43 181
15 44 1057
15 45 606
15 46 229
15 47 1105
15 48 654
15 49 277
15 50 985
16 0 365
16 1 104
16 2 13
16 3 321
16 4 430
16 5 529
16 6 408
16 7 643
16 8 516
16 9 603
16 10 594
16 11 78
16 12 482
16 13 434
16 14 356
16 15 620
16 16 0
16 17 130
16 18 652
16 19 91
16 20 382
16 21 668
16 22 451
16 23 538
16 24 352
16 25 534
16 26 117
16 27 478
16 28 282
16 29 39
16 30 568
16 31 169
16 32 245
16 33 206
16 34 657
16 35 293
16 36 254
16 37 705
16 38 341
16 39 302
16 40 753
16 41 389
16 42 350
16 43 801
16 44 437
16 45 398
16 46 849
16 47 485
16 48 446
16 49 897
16 50 365
17 0 235
17 1 234
17 2 117
17 3 451
17 4 300
17 5 659
17 6 278
17 7 773
17 8 646
17 9 733
17 10 724
17 11 208
17 12 482
17 13 434
17 14 226
17 15 750
17 16 130
17 17 0
17 18 782
17 19 221
17 20 252
17 21 798
17 22 581
17 23 668
17 24 482
17 25 430
17 26 247
17 27 608
17 28 412
17 29 91
17 30 698
17 31 39
17 32 115
17 33 336
17 34 787
17 35 163
17 36 384
17 37 835
17 38 211
17 39 432
17 40 883
17 41 259
17 42 480
17 43 931
17 44 307
17 45 528
17 46 979
17 47 355
17 48 576
17 49 1027
17 50 235
18 0 1017
18 1 548
18 2 665
18 3 561
18 4 712
18 5 613
18 6 734
18 7 499
18 8 626
18 9 539
18 10 548
18 11 574
18 12 530
18 13 578
18 14 786
18 15 522
18 16 652
18 17 782
18 18 0
18 19 561
18 20 760
18 21 474
18 22 691
18 23 604
18 24 400
18 25 582
18 26 535
18 27 430
18 28 522
18 29 691
18 30 574
18 31 821
18 32 897
18 33 446
18 34 485
18 35 849
18 36 398
18 37 437
18 38 801
18 39 350
18 40 389
18 41 753
18 42 302
18 43 341
18 44 705
18 45 254
18 46 293
18 47 657
18 48 206
18 49 245
18 50 1017
19 0 456
19 1 13
19 2 104
19 3 230
19 4 521
19 5 438
19 6 499
19 7 552
19 8 425
19 9 512
19 10 503
19 11 13
19 12 391
19 13 343
19 14 447
19 15 529
19 16 91
19 17 221
19 18 561
19 19 0
19 20 473
19 21 577
19 22 360
19 23 447
19 24 261
19 25 443
19 26 26
19 27 387
19 28 191
19 29 130
19 30 477
19 31 260
19 32 336
19 33 115
19 34 566
19 35 384
19 36 163
19 37 614
19 38 432
19 39 211
19 40 662
19 41 480
19 42 259
19 43 710
19 44 528
19 45 307
19 46 758
19 47 576
19 48 355
19 49 806
19 50 456
20 0 257
20 1 486
20 2 369
20 3 525
20 4 226
20 5 733
20 6 26
20 7 751
20 8 720
20 9 711
20 10 798
20 11 460
20 12 408
20 13 182
20 14 26
20 15 824
20 16 382
20 17 252
20 18 760
20 19 473
20 20 0
20 21 776
20 22 655
20 23 646
20 24 460
20 25 356
20 26 499
20 27 586
20 28 486
20 29 343
20 30 772
20 31 213
20 32 137
20 33 410
20 34 861
20 35 89
20 36 362
20 37 813
20 38 137
20 39 410
20 40 861
20 41 185
20 42 458
20 43 909
20 44 233
20 45 506
20 46 957
20 47 281
20 48 554
20 49 1005
20 50 257
21 0 1033
21 1 564
21 2 681
21 3 421
21 4 824
21 5 213
21 6 750
21 7 387
21 8 226
21 9 65
21 10 148
21 11 590
21 12 642
21 13 594
21 14 802
21 15 122
21 16 668
21 17 798
21 18 474
21 19 577
21 20 776
21 21 0
21 22 291
21 23 130
21 24 486
21 25 694
21 26 551
21 27 456
21 28 460
21 29 707
21 30 174
21 31 837
21 32 913
21 33 462
21 34 85
21 35 865
21 36 414
21 37 37
21 38 913
21 39 462
21 40 85
21 41 961
21 42 510
21 43 133
21 44 1009
21 45 558
21 46 181
21 47 1057
21 48 606
21 49 229
21 50 1033
22 0 816
22 1 347
22 2 464
22 3 130
22 4 703
22 5 78
22 6 629
22 7 604
22 8 65
22 9 356
22 10 143
22 11 373
22 12 521
22 13 473
22 14 681
22 15 169
22 16 451
22 17 581
22 18 691
22 19 360
22 20 655
22 21 291
22 22 0
22 23 421
22 24 391
22 25 573
22 26 334
22 27 517
22 28 169
22 29 490
22 30 117
22 31 620
22 32 696
22 33 245
22 34 206
22 35 744
22 36 293
22 37 254
22 38 792
22 39 341
22 40 302
22 41 840
22 42 389
22 43 350
22 44 888
22 45 437
22 46 398
22 47 936
22 48 485
22 49 446
22 50 816
23 0 903
23 1 434
23 2 551
23 3 447
23 4 694
23 5 343
23 6 620
23 7 517
23 8 356
23 9 65
23 10 278
23 11 460
23 12 512
23 13 464
23 14 672
23 15 252
23 16 538
23 17 668
23 18 604
23 19 447
23 20 646
23 21 130
23 22 421
23 23 0
23 24 382
23 25 564
23 26 421
23 27 508
23 28 408
23 29 577
23 30 304
23 31 707
23 32 783
23 33 332
23 34 215
23 35 735
23 36 284
23 37 167
23 38 783
23 39 332
23 40 215
23 41 831
23 42 380
23 43 263
23 44 879
23 45 428
23 46 311
23 47 927
23 48 476
23 49 359
23 50 903
24 0 717
24 1 248
24 2 365
24 3 261
24 4 412
24 5 469
24 6 434
24 7 391
24 8 456
24 9 447
24 10 534
24 11 274
24 12 230
24 13 278
24 14 486
24 15 534
24 16 352
24 17 482
24 18 400
24 19 261
24 20 460
24 21 486
24 22 391
24 23 382
24 24 0
24 25 282
24 26 235
24 27 226
24 28 222
24 29 391
24 30 508
24 31 521
24 32 597
24 33 146
24 34 497
24 35 549
24 36 98
24 37 449
24 38 501
24 39 50
24 40 401
24 41 549
24 42 98
24 43 449
24 44 597
24 45 146
24 46 497
24 47 645
24 48 194
24 49 545
24 50 717
25 0 435
25 1 430
25 2 547
25 3 443
25 4 130
25 5 651
25 6 382
25 7 573
25 8 638
25 9 629
25 10 716
25 11 456
25 12 52
25 13 460
25 14 330
25 15 742
25 16 534
25 17 430
25 18 582
25 19 443
25 20 356
25 21 694
25 22 573
25 23 564
25 24 282
25 25 0
25 26 417
25 27 408
25 28 404
25 29 521
25 30 690
25 31 391
25 32 315
25 33 328
25 34 779
25 35 267
25 36 280
25 37 731
25 38 219
25 39 232
25 40 683
25 41 267
25 42 280
25 43 731
25 44 315
25 45 328
25 46 779
25 47 363
25 48 376
25 49 827
25 50 435
26 0 482
26 1 13
26 2 130
26 3 204
26 4 547
26 5 412
26 6 473
26 7 526
26 8 399
26 9 486
26 10 477
26 11 39
26 12 365
26 13 317
26 14 473
26 15 503
26 16 117
26 17 247
26 18 535
26 19 26
26 20 499
26 21 551
26 22 334
26 23 421
26 24 235
26 25 417
26 26 0
26 27 361
26 28 165
26 29 156
26 30 451
26 31 286
26 32 362
26 33 89
26 34 540
26 35 410
26 36 137
26 37 588
26 38 458
26 39 185
26 40 636
26 41 506
26 42 233
26 43 684
26 44 554
26 45 281
26 46 732
26 47 602
26 48 329
26 49 780
26 50 482
27 0 843
27 1 374
27 2 491
27 3 387
27 4 538
27 5 595
27 6 560
27 7 421
27 8 582
27 9 521
27 10 530
27 11 400
27 12 356
27 13 404
27 14 612
27 15 504
27 16 478
27 17 608
27 18 430
27 19 387
27 20 586
27 21 456
27 22 517
27 23 508
27 24 226
27 25 408
27 26 361
27 27 0
27 28 348
27 29 517
27 30 556
27 31 647
27 32 723
27 33 272
27 34 467
27 35 675
27 36 224
27 37 419
27 38 627
27 39 176
27 40 371
27 41 579
27 42 128
27 43 323
27 44 627
27 45 176
27 46 371
27 47 675
27 48 224
27 49 419
27 50 843
28 0 647
28 1 178
28 2 295
28 3 39
28 4 534
28 5 247
28 6 460
28 7 513
28 8 234
28 9 473
28 10 312
28 11 204
28 12 352
28 13 304
28 14 512
28 15 338
28 16 282
28 17 412
28 18 522
28 19 191
28 20 486
28 21 460
28 22 169
28 23 408
28 24 222
28 25 404
28 26 165
28 27 348
28 28 0
28 29 321
28 30 286
28 31 451
28 32 527
28 33 76
28 34 375
28 35 575
28 36 124
28 37 423
28 38 623
28 39 172
28 40 471
28 41 671
28 42 220
28 43 519
28 44 719
28 45 268
28 46 567
28 47 767
28 48 316
28 49 615
28 50 647
29 0 326
29 1 143
29 2 26
29 3 360
29 4 391
29 5 568
29 6 369
29 7 682
29 8 555
29 9 642
29 10 633
29 11 117
29 12 521
29 13 473
29 14 317
29 15 659
29 16 39
29 17 91
29 18 691
29 19 130
29 20 343
29 21 707
29 22 490
29 23 577
29 24 391
29 25 521
29 26 156
29 27 517
29 28 321
29 29 0
29 30 607
29 31 130
29 32 206
29 33 245
29 34 696
29 35 254
29 36 293
29 37 744
29 38 302
29 39 341
29 40 792
29 41 350
29 42 389
29 43 840
29 44 398
29 45 437
29 46 888
29 47 446
29 48 485
29 49 936
29 50 326
30 0 933
30 1 464
30 2 581
30 3 247
30 4 820
30 5 39
30 6 746
30 7 487
30 8 52
30 9 239
30 10 26
30 11 490
30 12 638
30 13 590
30 14 798
30 15 52
30 16 568
30 17 698
30 18 574
30 19 477
30 20 772
30 21 174
30 22 117
30 23 304
30 24 508
30 25 690
30 26 451
30 27 556
30 28 286
30 29 607
30 30 0
30 31 737
30 32 813
30 33 362
30 34 89
30 35 861
30 36 410
30 37 137
30 38 909
30 39 458
30 40 185
30 41 957
30 42 506
30 43 233
30 44 1005
30 45 554
30 46 281
30 47 1053
30 48 602
30 49 329
30 50 933
31 0 196
31 1 273
31 2 156
31 3 490
31 4 261
31 5 698
31 6 239
31 7 812
31 8 685
31 9 772
31 10 763
31 11 247
31 12 443
31 13 395
31 14 187
31 15 789
31 16 169
31 17 39
31 18 821
31 19 260
31 20 213
31 21 837
31 22 620
31 23 707
31 24 521
31 25 391
31 26 286
31 27 647
31 28 451
31 29 130
31 30 737
31 31 0
31 32 76
31 33 375
31 34 826
31 35 124
31 36 423
31 37 874
31 38 172
31 39 471
31 40 922
31 41 220
31 42 519
31 43 970
31 44 268
31 45 567
31 46 1018
31 47 316
31 48 615
31 49 1066
31 50 196
32 0 120
32 1 349
32 2 232
32 3 566
32 4 185
32 5 774
32 6 163
32 7 888
32 8 761
32 9 848
32 10 839
32 11 323
32 12 367
32 13 319
32 14 111
32 15 865
32 16 245
32 17 115
32 18 897
32 19 336
32 20 137
32 21 913
32 22 696
32 23 783
32 24 597
32 25 315
32 26 362
32 27 723
32 28 527
32 29 206
32 30 813
32 31 76
32 32 0
32 33 451
32 34 902
32 35 48
32 36 499
32 37 950
32 38 96
32 39 547
32 40 998
32 41 144
32 42 595
32 43 1046
32 44 192
32 45 643
32 46 1094
32 47 240
32 48 691
32 49 1142
32 50 120
33 0 571
33 1 102
33 2 219
33 3 115
33 4 458
33 5 323
33 6 384
33 7 437
33 8 310
33 9 397
33 10 388
33 11 128
33 12 276
33 13 228
33 14 436
33 15 414
33 16 206
33 17 336
33 18 446
33 19 115
33 20 410
33 21 462
33 22 245
33 23 332
33 24 146
33 25 328
33 26 89
33 27 272
33 28 76
33 29 245
33 30 362
33 31 375
33 32 451
33 33 0
33 34 451
33 35 499
33 36 48
33 37 499
33 38 547
33 39 96
33 40 547
33 41 595
33 42 144
33 43 595
33 44 643
33 45 192
33 46 643
33 47 691
33 48 240
33 49 691
33 50 571
34 0 1022
34 1 553
34 2 670
34 3 336
34 4 909
34 5 128
34 6 835
34 7 398
34 8 141
34 9 150
34 10 63
34 11 579
34 12 727
34 13 679
34 14 887
34 15 37
34 16 657
34 17 787
34 18 485
34 19 566
34 20 861
34 21 85
34 22 206
34 23 215
34 24 497
34 25 779
34 26 540
34 27 467
34 28 375
34 29 696
34 30 89
34 31 826
34 32 902
34 33 451
34 34 0
34 35 950
34 36 499
34 37 48
34 38 998
34 39 547
34 40 96
34 41 1046
34 42 595
34 43 144
34 44 1094
34 45 643
34 46 192
34 47 1142
34 48 691
34 49 240
34 50 1022
35 0 168
35 1 397
35 2 280
35 3 614
35 4 137
35 5 822
35 6 115
35 7 840
35 8 809
35 9 800
35 10 887
35 11 371
35 12 319
35 13 271
35 14 63
35 15 913
35 16 293
35 17 163
35 18 849
35 19 384
35 20 89
35 21 865
35 22 744
35 23 735
35 24 549
35 25 267
35 26 410
35 27 675
35 28 575
35 29 254
35 30 861
35 31 124
35 32 48
35 33 499
35 34 950
35 35 0
35 36 451
35 37 902
35 38 48
35 39 499
35 40 950
35 41 96
35 42 547
35 43 998
35 44 144
35 45 595
35 46 1046
35 47 192
35 48 643
35 49 1094
35 50 168
36 0 619
36 1 150
36 2 267
36 3 163
36 4 410
36 5 371
36 6 336
36 7 389
36 8 358
36 9 349
36 10 436
36 11 176
36 12 228
36 13 180
36 14 388
36 15 462
36 16 254
36 17 384
36 18 398
36 19 163
36 20 362
36 21 414
36 22 293
36 23 284
36 24 98
36 25 280
36 26 137
36 27 224
36 28 124
36 29 293
36 30 410
36 31 423
36 32 499
36 33 48
36 34 499
36 35 451
36 36 0
36 37 451
36 38 499
36 39 48
36 40 499
36 41 547
36 42 96
36 43 547
36 44 595
36 45 144
36 46 595
36 47 643
36 48 192
36 49 643
36 50 619
37 0 1070
37 1 601
37 2 718
37 3 384
37 4 861
37 5 176
37 6 787
37 7 350
37 8 189
37 9 102
37 10 111
37 11 627
37 12 679
37 13 631
37 14 839
37 15 85
37 16 705
37 17 835
37 18 437
37 19 614
37 20 813
37 21 37
37 22 254
37 23 167
37 24 449
37 25 731
37 26 588
37 27 419
37 28 423
37 29 744
37 30 137
37 31 874
37 32 950
37 33 499
37 34 48
37 35 902
37 36 451
37 37 0
37 38 950
37 39 499
37 40 48
37 41 998
37 42 547
37 43 96
37 44 1046
37 45 595
37 46 144
37 47 1094
37 48 643
37 49 192
37 50 1070
38 0 216
38 1 445
38 2 328
38 3 662
38 4 89
38 5 870
38 6 163
38 7 792
38 8 857
38 9 848
38 10 935
38 11 419
38 12 271
38 13 319
38 14 111
38 15 961
38 16 341
38 17 211
38 18 801
38 19 432
38 20 137
38 21 913
38 22 792
38 23 783
38 24 501
38 25 219
38 26 458
38 27 627
38 28 623
38 29 302
38 30 909
38 31 172
38 32 96
38 33 547
38 34 998
38 35 48
38 36 499
38 37 950
38 38 0
38 39 451
38 40 902
38 41 48
38 42 499
38 43 950
38 44 96
38 45 547
38 46 998
38 47 144
38 48 595
38 49 1046
38 50 216
39 0 667
39 1 198
39 2 315
39 3 211
39 4 362
39 5 419
39 6 384
39 7 341
39 8 406
39 9 397
39 10 484
39 11 224
39 12 180
39 13 228
39 14 436
39 15 510
39 16 302
39 17 432
39 18 350
39 19 211
39 20 410
39 21 462
39 22 341
39 23 332
39 24 50
39 25 232
39 26 185
39 27 176
39 28 172
39 29 341
39 30 458
39 31 471
39 32 547
39 33 96
39 34 547
39 35 499
39 36 48
39 37 499
39 38 451
39 39 0
39 40 451
39 41 499
39 42 48
39 43 499
39 44 547
39 45 96
39 46 547
39 47 595
39 48 144
39 49 595
39 50 667
40 0 1118
40 1 649
40 2 766
40 3 432
40 4 813
40 5 224
40 6 835
40 7 302
40 8 237
40 9 150
40 10 159
40 11 675
40 12 631
40 13 679
40 14 887
40 15 133
40 16 753
40 17 883
40 18 389
40 19 662
40 20 861
40 21 85
40 22 302
40 23 215
40 24 401
40 25 683
40 26 636
40 27 371
40 28 471
40 29 792
40 30 185
40 31 922
40 32 998
40 33 547
40 34 96
40 35 950
40 36 499
40 37 48
40 38 902
40 39 451
40 40 0
40 41 950
40 42 499
40 43 48
40 44 998
40 45 547
40 46 96
40 47 1046
40 48 595
40 49 144
40 50 1118
41 0 264
41 1 493
41 2 376
41 3 710
41 4 137
41 5 918
41 6 211
41 7 744
41 8 905
41 9 896
41 10 983
41 11 467
41 12 319
41 13 367
41 14 159
41 15 1009
41 16 389
41 17 259
41 18 753
41 19 480
41 20 185
41 21 961
41 22 840
41 23 831
41 24 549
41 25 267
41 26 506
41 27 579
41 28 671
41 29 350
41 30 957
41 31 220
41 32 144
41 33 595
41 34 1046
41 35 96
41 36 547
41 37 998
41 38 48
41 39 499
41 40 950
41 41 0
41 42 451
41 43 902
41 44 48
41 45 499
41 46 950
41 47 96
41 48 547
41 49 998
41 50 264
42 0 715
42 1 246
42 2 363
42 3 259
42 4 410
42 5 467
42 6 432
42 7 293
42 8 454
42 9 445
42 10 532
42 11 272
42 12 228
42 13 276
42 14 484
42 15 558
42 16 350
42 17 480
42 18 302
42 19 259
42 20 458
42 21 510
42 22 389
42 23 380
42 24 98
42 25 280
42 26 233
42 27 128
42 28 220
42 29 389
42 30 506
42 31 519
42 32 595
42 33 144
42 34 595
42 35 547
42 36 96
42 37 547
42 38 499
42 39 48
42 40 499
42 41 451
42 42 0
42 43 451
42 44 499
42 45 48
42 46 499
42 47 547
42 48 96
42 49 547
42 50 715
43 0 1166
43 1 697
43 2 814
43 3 480
43 4 861
43 5 272
43 6 883
43 7 254
43 8 285
43 9 198
43 10 207
43 11 723
43 12 679
43 13 727
43 14 935
43 15 181
43 16 801
43 17 931
43 18 341
43 19 710
43 20 909
43 21 133
43 22 350
43 23 263
43 24 449
43 25 731
43 26 684
43 27 323
43 28 519
43 29 840
43 30 233
43 31 970
43 32 1046
43 33 595
43 34 144
43 35 998
43 36 547
43 37 96
43 38 950
43 39 499
43 40 48
43 41 902
43 42 451
43 43 0
43 44 950
43 45 499
43 46 48
43 47 998
43 48 547
43 49 96
43 50 1166
44 0 312
44 1 541
44 2 424
44 3 758
44 4 185
44 5 966
44 6 259
44 7 696
44 8 953
44 9 944
44 10 1031
44 11 515
44 12 367
44 13 415
44 14 207
44 15 1057
44 16 437
44 17 307
44 18 705
44 19 528
44 20 233
44 21 1009
44 22 888
44 23 879
44 24 597
44 25 315
44 26 554
44 27 627
44 28 719
44 29 398
44 30 1005
44 31 268
44 32 192
44 33 643
44 34 1094
44 35 144
44 36 595
44 37 1046
44 38 96
44 39 547
44 40 998
44 41 48
44 42 499
44 43 950
44 44 0
44 45 451
44 46 902
44 47 48
44 48 499
44 49 950
44 50 312
45 0 763
45 1 294
45 2 411
45 3 307
45 4 458
45 5 515
45 6 480
45 7 245
45 8 502
45 9 493
45 10 580
45 11 320
45 12 276
45 13 324
45 14 532
45 15 606
45 16 398
45 17 528
45 18 254
45 19 307
45 20 506
45 21 558
45 22 437
45 23 428
45 24 146
45 25 328
45 26 281
45 27 176
45 28 268
45 29 437
45 30 554
45 31 567
45 32 643
45 33 192
45 34 643
45 35 595
45 36 144
45 37 595
45 38 547
45 39 96
45 40 547
45 41 499
45 42 48
45 43 499
45 44 451
45 45 0
45 46 451
45 47 499
45 48 48
45 49 499
45 50 763
46 0 1214
46 1 745
46 2 862
46 3 528
46 4 909
46 5 320
46 6 931
46 7 206
46 8 333
46 9 246
46 10 255
46 11 771
46 12 727
46 13 775
46 14 983
46 15 229
46 16 849
46 17 979
46 18 293
46 19 758
46 20 957
46 21 181
46 22 398
46 23 311
46 24 497
46 25 779
46 26 732
46 27 371
46 28 567
46 29 888
46 30 281
46 31 1018
46 32 1094
46 33 643
46 34 192
46 35 1046
46 36 595
46 37 144
46 38 998
46 39 547
46 40 96
46 41 950
46 42 499
46 43 48
46 44 902
46 45 451
46 46 0
46 47 950
46 48 499
46 49 48
46 50 1214
47 0 360
47 1 589
47 2 472
47 3 806
47 4 233
47 5 1014
47 6 307
47 7 744
47 8 1001
47 9 992
47 10 1079
47 11 563
47 12 415
47 13 463
47 14 255
47 15 1105
47 16 485
47 17 355
47 18 657
47 19 576
47 20 281
47 21 1057
47 22 936
47 23 927
47 24 645
47 25 363
47 26 602
47 27 675
47 28 767
47 29 446
47 30 1053
47 31 316
47 32 240
47 33 691
47 34 1142
47 35 192
47 36 643
47 37 1094
47 38 144
47 39 595
47 40 1046
47 41 96
47 42 547
47 43 998
47 44 48
47 45 499
47 46 950
47 47 0
47 48 451
47 49 902
47 50 360
48 0 811
48 1 342
48 2 459
48 3 355
48 4 506
48 5 563
48 6 528
48 7 293
48 8 550
48 9 541
48 10 628
48 11 368
48 12 324
48 13 372
48 14 580
48 15 654
48 16 446
48 17 576
48 18 206
48 19 355
48 20 554
48 21 606
48 22 485
48 23 476
48 24 194
48 25 376
48 26 329
48 27 224
48 28 316
48 29 485
48 30 602
48 31 615
48 32 691
48 33 240
48 34 691
48 35 643
48 36 192
48 37 643
48 38 595
48 39 144
48 40 595
48 41 547
48 42 96
48 43 547
48 44 499
48 45 48
48 46 499
48 47 451
48 48 0
48 49 451
48 50 811
49 0 1262
49 1 793
49 2 910
49 3 576
49 4 957
49 5 368
49 6 979
49 7 254
49 8 381
49 9 294
49 10 303
49 11 819
49 12 775
49 13 823
49 14 1031
49 15 277
49 16 897
49 17 1027
49 18 245
49 19 806
49 20 1005
49 21 229
49 22 446
49 23 359
49 24 545
49 25 827
49 26 780
49 27 419
49 28 615
49 29 936
49 30 329
49 31 1066
49 32 1142
49 33 691
49 34 240
49 35 1094
49 36 643
49 37 192
49 38 1046
49 39 595
49 40 144
49 41 998
49 42 547
49 43 96
49 44 950
49 45 499
49 46 48
49 47 902
49 48 451
49 49 0
49 50 1262
50 0 0
50 1 469
50 2 352
50 3 686
50 4 305
50 5 894
50 6 283
50 7 1008
50 8 881
50 9 968
50 10 959
50 11 443
50 12 487
50 13 439
50 14 231
50 15 985
50 16 365
50 17 235
50 18 1017
50 19 456
50 20 257
50 21 1033
50 22 816
50 23 903
50 24 717
50 25 435
50 26 482
50 27 843
50 28 647
50 29 326
50 30 933
50 31 196
50 32 120
50 33 571
50 34 1022
50 35 168
50 36 619
50 37 1070
50 38 216
50 39 667
50 40 1118
50 41 264
50 42 715
50 43 1166
50 44 312
50 45 763
50 46 1214
50 47 360
50 48 811
50 49 1262
50 50 0
//Location coordinates LocationName
//Loc x y
0 0.0 0.0 "depot"
1 0.0 469.0 "product aisle 0 bloc 0 rank 50"
2 0.0 352.0 "product aisle 0 bloc 0 rank 31"
3 0.0 686.0 "product aisle 0 bloc 1 rank 14"
4 96.0 209.0 "product aisle 2 bloc 0 rank 9"
5 0.0 894.0 "product aisle 0 bloc 1 rank 45"
6 48.0 235.0 "product aisle 1 bloc 0 rank 13"
7 192.0 816.0 "product aisle 4 bloc 1 rank 33"
8 0.0 881.0 "product aisle 0 bloc 1 rank 43"
9 48.0 920.0 "product aisle 1 bloc 1 rank 50"
10 0.0 959.0 "product aisle 0 bloc 1 rank 56"
11 0.0 443.0 "product aisle 0 bloc 0 rank 46"
12 96.0 391.0 "product aisle 2 bloc 0 rank 38"
13 48.0 391.0 "product aisle 1 bloc 0 rank 38"
14 48.0 183.0 "product aisle 1 bloc 0 rank 6"
15 0.0 985.0 "product aisle 0 bloc 1 rank 60"
16 0.0 365.0 "product aisle 0 bloc 0 rank 33"
17 0.0 235.0 "product aisle 0 bloc 0 rank 14"
18 240.0 777.0 "product aisle 5 bloc 1 rank 27"
19 0.0 456.0 "product aisle 0 bloc 0 rank 47"
20 48.0 209.0 "product aisle 1 bloc 0 rank 9"
21 48.0 985.0 "product aisle 1 bloc 1 rank 59"
22 0.0 816.0 "product aisle 0 bloc 1 rank 33"
23 48.0 855.0 "product aisle 1 bloc 1 rank 39"
24 96.0 621.0 "product aisle 2 bloc 1 rank 4"
25 96.0 339.0 "product aisle 2 bloc 0 rank 29"
26 0.0 482.0 "product aisle 0 bloc 0 rank 51"
27 144.0 699.0 "product aisle 3 bloc 1 rank 16"
28 0.0 647.0 "product aisle 0 bloc 1 rank 8"
29 0.0 326.0 "product aisle 0 bloc 0 rank 28"
30 0.0 933.0 "product aisle 0 bloc 1 rank 51"
31 0.0 196.0 "product aisle 0 bloc 0 rank 7"
32 24.0 120.0 "intersection aisle 0 bloc 0 rank 0"
33 24.0 571.0 "intersection aisle 0 bloc 1 rank 1"
34 24.0 1022.0 "intersection aisle 0 bloc 2 rank 2"
35 72.0 120.0 "intersection aisle 1 bloc 0 rank 0"
36 72.0 571.0 "intersection aisle 1 bloc 1 rank 1"
37 72.0 1022.0 "intersection aisle 1 bloc 2 rank 2"
38 120.0 120.0 "intersection aisle 2 bloc 0 rank 0"
39 120.0 571.0 "intersection aisle 2 bloc 1 rank 1"
40 120.0 1022.0 "intersection aisle 2 bloc 2 rank 2"
41 168.0 120.0 "intersection aisle 3 bloc 0 rank 0"
42 168.0 571.0 "intersection aisle 3 bloc 1 rank 1"
43 168.0 1022.0 "intersection aisle 3 bloc 2 rank 2"
44 216.0 120.0 "intersection aisle 4 bloc 0 rank 0"
45 216.0 571.0 "intersection aisle 4 bloc 1 rank 1"
46 216.0 1022.0 "intersection aisle 4 bloc 2 rank 2"
47 264.0 120.0 "intersection aisle 5 bloc 0 rank 0"
48 264.0 571.0 "intersection aisle 5 bloc 1 rank 1"
49 264.0 1022.0 "intersection aisle 5 bloc 2 rank 2"
50 0.0 0.0 "depot"
