//alpha
1
//NbLocations
88
//NbProducts
33
//NbPickers
2
//CapaPicker
8
//TimeToTravelOneDistanceUnit
3
//SetupTime
5400
//PickTime
300
//Products
//Idx Location Size
1 1 1
2 2 1
3 3 1
4 4 1
5 5 1
6 6 1
7 7 1
8 8 1
9 9 1
10 10 1
11 11 1
12 12 1
13 13 1
14 14 1
15 15 1
16 16 1
17 17 1
18 18 1
19 19 1
20 20 1
21 21 1
22 22 1
23 23 1
24 24 1
25 25 1
26 26 1
27 27 1
28 28 1
29 29 1
30 30 1
31 31 1
32 32 1
33 33 1
//Orders
//NbOrders
18
//Idx DueDate TardinessPenalty NbProdInOrder ProdIdx1 Qty1 ProdIdx2 Qty2 ...
1 90000 0 1 1 1
2 126000 0 2 2 1 3 1
3 144000 0 4 4 1 5 1 6 1 7 1
4 54000 0 4 8 1 9 1 10 1 11 1
5 54000 0 1 12 1
6 126000 0 2 13 1 14 1
7 126000 0 1 15 1
8 108000 0 2 16 1 17 1
9 108000 0 3 18 1 19 1 20 1
10 54000 0 1 21 1
11 72000 0 1 22 1
12 36000 0 1 23 1
13 144000 0 3 24 1 25 1 26 1
14 126000 0 2 27 1 28 1
15 72000 0 2 29 1 30 1
16 126000 0 1 31 1
17 54000 0 1 32 1
18 144000 0 1 33 1
//Graph (Products are vertices indexed from 1 to NbProducts)
//NbVerticesIntersections
54
//DepartingDepot
0
//ArrivalDepot
88
//Arcs
//Start End Distance
0 34 120
1 38 193
1 39 1038
2 9 195
2 79 180
3 16 442
3 73 63
4 24 13
4 55 50
5 34 1064
5 35 167
6 23 65
6 59 102
7 22 65
7 86 1103
8 35 167
8 36 1064
9 2 195
9 80 856
10 21 325
10 56 609
11 15 39
11 40 180
12 31 0
12 45 1116
13 30 416
13 84 648
14 28 26
14 32 143
15 11 39
15 41 1012
16 3 442
16 74 726
17 25 455
17 51 635
18 76 323
18 77 908
19 27 182
19 54 934
20 49 336
20 50 895
21 10 325
21 57 297
22 7 65
22 85 63
23 6 65
23 60 1064
24 4 13
24 56 1168
25 17 455
25 50 141
26 46 154
26 47 1077
27 19 182
27 53 115
28 14 26
28 65 1012
29 37 453
29 38 778
30 13 416
30 83 167
31 12 0
31 44 115
32 14 143
32 64 50
33 47 349
33 48 882
34 5 1064
34 37 48
34 88 120
35 5 167
35 8 167
35 38 48
36 8 1064
36 39 48
37 29 453
37 34 48
37 40 48
38 1 193
38 29 778
38 35 48
38 41 48
39 1 1038
39 36 48
39 42 48
40 11 180
40 37 48
40 43 48
41 15 1012
41 38 48
41 42 1231
41 44 48
42 39 48
42 41 1231
42 45 48
43 40 48
43 44 1231
43 46 48
44 31 115
44 41 48
44 43 1231
44 47 48
45 12 1116
45 42 48
45 48 48
46 26 154
46 43 48
46 49 48
47 26 1077
47 33 349
47 44 48
47 50 48
48 33 882
48 45 48
48 51 48
49 20 336
49 46 48
49 52 48
50 20 895
50 25 141
50 47 48
50 53 48
51 17 635
51 48 48
51 54 48
52 49 48
52 53 1231
52 55 48
53 27 115
53 50 48
53 52 1231
53 56 48
54 19 934
54 51 48
54 57 48
55 4 50
55 52 48
55 58 48
56 10 609
56 24 1168
56 53 48
56 59 48
57 21 297
57 54 48
57 60 48
58 55 48
58 59 1231
58 61 48
59 6 102
59 56 48
59 58 1231
59 62 48
60 23 1064
60 57 48
60 63 48
61 58 48
61 62 1231
61 64 48
62 59 48
62 61 1231
62 63 1231
62 65 48
63 60 48
63 62 1231
63 66 48
64 32 50
64 61 48
64 67 48
65 28 1012
65 62 48
65 66 1231
65 68 48
66 63 48
66 65 1231
66 69 48
67 64 48
67 68 1231
67 70 48
68 65 48
68 67 1231
68 69 1231
68 71 48
69 66 48
69 68 1231
69 72 48
70 67 48
70 71 1231
70 73 48
71 68 48
71 70 1231
71 72 1231
71 74 48
72 69 48
72 71 1231
72 75 48
73 3 63
73 70 48
73 76 48
74 16 726
74 71 48
74 75 1231
74 77 48
75 72 48
75 74 1231
75 78 48
76 18 323
76 73 48
76 79 48
77 18 908
77 74 48
77 78 1231
77 80 48
78 75 48
78 77 1231
78 81 48
79 2 180
79 76 48
79 82 48
80 9 856
80 77 48
80 81 1231
80 83 48
81 78 48
81 80 1231
81 84 48
82 79 48
82 83 1231
82 85 48
83 30 167
83 80 48
83 82 1231
83 86 48
84 13 648
84 81 48
84 87 48
85 22 63
85 82 48
86 7 1103
86 83 48
86 87 1231
87 84 48
87 86 1231
//LocStart LocEnd ShortestPath
0 0 0
0 1 1592
0 2 1020
0 3 807
0 4 506
0 5 1184
0 6 1837
0 7 1064
0 8 1518
0 9 1215
0 10 2296
0 11 396
0 12 1610
0 13 2702
0 14 793
0 15 435
0 16 1249
0 17 2187
0 18 1115
0 19 1936
0 20 696
0 21 2621
0 22 999
0 23 1902
0 24 519
0 25 1732
0 26 466
0 27 1754
0 28 819
0 29 621
0 30 2286
0 31 1610
0 32 650
0 33 1892
0 34 120
0 35 1351
0 36 2582
0 37 168
0 38 1399
0 39 2630
0 40 216
0 41 1447
0 42 2678
0 43 264
0 44 1495
0 45 2726
0 46 312
0 47 1543
0 48 2774
0 49 360
0 50 1591
0 51 2822
0 52 408
0 53 1639
0 54 2870
0 55 456
0 56 1687
0 57 2918
0 58 504
0 59 1735
0 60 2966
0 61 552
0 62 1783
0 63 3014
0 64 600
0 65 1831
0 66 3062
0 67 648
0 68 1879
0 69 3110
0 70 696
0 71 1927
0 72 3158
0 73 744
0 74 1975
0 75 3206
0 76 792
0 77 2023
0 78 3254
0 79 840
0 80 2071
0 81 3302
0 82 888
0 83 2119
0 84 3350
0 85 936
0 86 2167
0 87 3398
0 88 0
1 0 1592
1 1 0
1 2 1916
1 3 1937
1 4 1662
1 5 408
1 6 631
1 7 2064
1 8 408
1 9 1721
1 10 1090
1 11 1292
1 12 404
1 13 1496
1 14 1663
1 15 1253
1 16 1495
1 17 981
1 18 1725
1 19 730
1 20 1280
1 21 1415
1 22 2129
1 23 696
1 24 1649
1 25 526
1 26 1414
1 27 548
1 28 1637
1 29 971
1 30 1080
1 31 404
1 32 1806
1 33 686
1 34 1472
1 35 241
1 36 1086
1 37 1424
1 38 193
1 39 1038
1 40 1472
1 41 241
1 42 1086
1 43 1520
1 44 289
1 45 1134
1 46 1568
1 47 337
1 48 1182
1 49 1616
1 50 385
1 51 1230
1 52 1664
1 53 433
1 54 1278
1 55 1712
1 56 481
1 57 1326
1 58 1760
1 59 529
1 60 1374
1 61 1808
1 62 577
1 63 1422
1 64 1856
1 65 625
1 66 1470
1 67 1904
1 68 673
1 69 1518
1 70 1952
1 71 721
1 72 1566
1 73 2000
1 74 769
1 75 1614
1 76 2048
1 77 817
1 78 1662
1 79 2096
1 80 865
1 81 1710
1 82 2144
1 83 913
1 84 1758
1 85 2192
1 86 961
1 87 1806
1 88 1592
2 0 1020
2 1 1916
2 2 0
2 3 339
2 4 614
2 5 1938
2 6 1489
2 7 404
2 8 1938
2 9 195
2 10 2044
2 11 984
2 12 1742
2 13 1682
2 14 613
2 15 1023
2 16 781
2 17 2127
2 18 551
2 19 1780
2 20 996
2 21 2369
2 22 339
2 23 1554
2 24 627
2 25 1672
2 26 862
2 27 1598
2 28 639
2 29 1305
2 30 1266
2 31 1742
2 32 470
2 33 1928
2 34 900
2 35 1771
2 36 3002
2 37 852
2 38 1723
2 39 2954
2 40 804
2 41 1675
2 42 2906
2 43 756
2 44 1627
2 45 2858
2 46 708
2 47 1579
2 48 2810
2 49 660
2 50 1531
2 51 2762
2 52 612
2 53 1483
2 54 2714
2 55 564
2 56 1435
2 57 2666
2 58 516
2 59 1387
2 60 2618
2 61 468
2 62 1339
2 63 2570
2 64 420
2 65 1291
2 66 2522
2 67 372
2 68 1243
2 69 2474
2 70 324
2 71 1195
2 72 2426
2 73 276
2 74 1147
2 75 2378
2 76 228
2 77 1099
2 78 2330
2 79 180
2 80 1051
2 81 2282
2 82 228
2 83 1099
2 84 2330
2 85 276
2 86 1147
2 87 2378
2 88 1020
3 0 807
3 1 1937
3 2 339
3 3 0
3 4 401
3 5 1751
3 6 1510
3 7 383
3 8 1959
3 9 534
3 10 2065
3 11 771
3 12 1763
3 13 1895
3 14 400
3 15 810
3 16 442
3 17 2148
3 18 434
3 19 1801
3 20 783
3 21 2390
3 22 318
3 23 1575
3 24 414
3 25 1693
3 26 649
3 27 1619
3 28 426
3 29 1092
3 30 1479
3 31 1763
3 32 257
3 33 1949
3 34 687
3 35 1792
3 36 3023
3 37 639
3 38 1744
3 39 2975
3 40 591
3 41 1696
3 42 2927
3 43 543
3 44 1648
3 45 2879
3 46 495
3 47 1600
3 48 2831
3 49 447
3 50 1552
3 51 2783
3 52 399
3 53 1504
3 54 2735
3 55 351
3 56 1456
3 57 2687
3 58 303
3 59 1408
3 60 2639
3 61 255
3 62 1360
3 63 2591
3 64 207
3 65 1312
3 66 2543
3 67 159
3 68 1264
3 69 2495
3 70 111
3 71 1216
3 72 2447
3 73 63
3 74 1168
3 75 2399
3 76 111
3 77 1216
3 78 2447
3 79 159
3 80 1264
3 81 2495
3 82 207
3 83 1312
3 84 2543
3 85 255
3 86 1360
3 87 2591
3 88 807
4 0 506
4 1 1662
4 2 614
4 3 401
4 4 0
4 5 1450
4 6 1331
4 7 658
4 8 1684
4 9 809
4 10 1790
4 11 470
4 12 1488
4 13 2196
4 14 387
4 15 509
4 16 843
4 17 1873
4 18 709
4 19 1526
4 20 482
4 21 2115
4 22 593
4 23 1396
4 24 13
4 25 1418
4 26 348
4 27 1344
4 28 413
4 29 791
4 30 1780
4 31 1488
4 32 244
4 33 1674
4 34 386
4 35 1517
4 36 2748
4 37 338
4 38 1469
4 39 2700
4 40 290
4 41 1421
4 42 2652
4 43 242
4 44 1373
4 45 2604
4 46 194
4 47 1325
4 48 2556
4 49 146
4 50 1277
4 51 2508
4 52 98
4 53 1229
4 54 2460
4 55 50
4 56 1181
4 57 2412
4 58 98
4 59 1229
4 60 2460
4 61 146
4 62 1277
4 63 2508
4 64 194
4 65 1325
4 66 2556
4 67 242
4 68 1373
4 69 2604
4 70 290
4 71 1421
4 72 2652
4 73 338
4 74 1469
4 75 2700
4 76 386
4 77 1517
4 78 2748
4 79 434
4 80 1565
4 81 2796
4 82 482
4 83 1613
4 84 2844
4 85 530
4 86 1661
4 87 2892
4 88 506
5 0 1184
5 1 408
5 2 1938
5 3 1751
5 4 1450
5 5 0
5 6 653
5 7 2008
5 8 334
5 9 1743
5 10 1112
5 11 1314
5 12 426
5 13 1518
5 14 1685
5 15 1275
5 16 1517
5 17 1003
5 18 1747
5 19 752
5 20 1302
5 21 1437
5 22 1943
5 23 718
5 24 1463
5 25 548
5 26 1410
5 27 570
5 28 1659
5 29 993
5 30 1102
5 31 426
5 32 1594
5 33 708
5 34 1064
5 35 167
5 36 1398
5 37 1112
5 38 215
5 39 1446
5 40 1160
5 41 263
5 42 1494
5 43 1208
5 44 311
5 45 1542
5 46 1256
5 47 359
5 48 1590
5 49 1304
5 50 407
5 51 1638
5 52 1352
5 53 455
5 54 1686
5 55 1400
5 56 503
5 57 1734
5 58 1448
5 59 551
5 60 1782
5 61 1496
5 62 599
5 63 1830
5 64 1544
5 65 647
5 66 1878
5 67 1592
5 68 695
5 69 1926
5 70 1640
5 71 743
5 72 1974
5 73 1688
5 74 791
5 75 2022
5 76 1736
5 77 839
5 78 2070
5 79 1784
5 80 887
5 81 2118
5 82 1832
5 83 935
5 84 2166
5 85 1880
5 86 983
5 87 2214
5 88 1184
6 0 1837
6 1 631
6 2 1489
6 3 1510
6 4 1331
6 5 653
6 6 0
6 7 1637
6 8 653
6 9 1294
6 10 759
6 11 1441
6 12 457
6 13 1069
6 14 1236
6 15 1402
6 16 1068
6 17 842
6 18 1298
6 19 495
6 20 1141
6 21 1084
6 22 1702
6 23 65
6 24 1318
6 25 387
6 26 1371
6 27 313
6 28 1210
6 29 1216
6 30 653
6 31 457
6 32 1379
6 33 643
6 34 1717
6 35 486
6 36 1513
6 37 1669
6 38 438
6 39 1465
6 40 1621
6 41 390
6 42 1417
6 43 1573
6 44 342
6 45 1369
6 46 1525
6 47 294
6 48 1321
6 49 1477
6 50 246
6 51 1273
6 52 1429
6 53 198
6 54 1225
6 55 1381
6 56 150
6 57 1177
6 58 1333
6 59 102
6 60 1129
6 61 1381
6 62 150
6 63 1177
6 64 1429
6 65 198
6 66 1225
6 67 1477
6 68 246
6 69 1273
6 70 1525
6 71 294
6 72 1321
6 73 1573
6 74 342
6 75 1369
6 76 1621
6 77 390
6 78 1417
6 79 1669
6 80 438
6 81 1465
6 82 1717
6 83 486
6 84 1513
6 85 1765
6 86 534
6 87 1561
6 88 1837
7 0 1064
7 1 2064
7 2 404
7 3 383
7 4 658
7 5 2008
7 6 1637
7 7 0
7 8 2086
7 9 599
7 10 2192
7 11 1028
7 12 1890
7 13 1734
7 14 657
7 15 1067
7 16 825
7 17 2275
7 18 595
7 19 1928
7 20 1040
7 21 2517
7 22 65
7 23 1702
7 24 671
7 25 1820
7 26 906
7 27 1746
7 28 683
7 29 1349
7 30 1318
7 31 1890
7 32 514
7 33 2076
7 34 944
7 35 1919
7 36 3150
7 37 896
7 38 1871
7 39 3102
7 40 848
7 41 1823
7 42 3054
7 43 800
7 44 1775
7 45 3006
7 46 752
7 47 1727
7 48 2958
7 49 704
7 50 1679
7 51 2910
7 52 656
7 53 1631
7 54 2862
7 55 608
7 56 1583
7 57 2814
7 58 560
7 59 1535
7 60 2766
7 61 512
7 62 1487
7 63 2718
7 64 464
7 65 1439
7 66 2670
7 67 416
7 68 1391
7 69 2622
7 70 368
7 71 1343
7 72 2574
7 73 320
7 74 1295
7 75 2526
7 76 272
7 77 1247
7 78 2478
7 79 224
7 80 1199
7 81 2430
7 82 176
7 83 1151
7 84 2382
7 85 128
7 86 1103
7 87 2334
7 88 1064
8 0 1518
8 1 408
8 2 1938
8 3 1959
8 4 1684
8 5 334
8 6 653
8 7 2086
8 8 0
8 9 1743
8 10 1112
8 11 1314
8 12 426
8 13 1518
8 14 1685
8 15 1275
8 16 1517
8 17 1003
8 18 1747
8 19 752
8 20 1302
8 21 1437
8 22 2151
8 23 718
8 24 1671
8 25 548
8 26 1436
8 27 570
8 28 1659
8 29 993
8 30 1102
8 31 426
8 32 1828
8 33 708
8 34 1398
8 35 167
8 36 1064
8 37 1446
8 38 215
8 39 1112
8 40 1494
8 41 263
8 42 1160
8 43 1542
8 44 311
8 45 1208
8 46 1590
8 47 359
8 48 1256
8 49 1638
8 50 407
8 51 1304
8 52 1686
8 53 455
8 54 1352
8 55 1734
8 56 503
8 57 1400
8 58 1782
8 59 551
8 60 1448
8 61 1830
8 62 599
8 63 1496
8 64 1878
8 65 647
8 66 1544
8 67 1926
8 68 695
8 69 1592
8 70 1974
8 71 743
8 72 1640
8 73 2022
8 74 791
8 75 1688
8 76 2070
8 77 839
8 78 1736
8 79 2118
8 80 887
8 81 1784
8 82 2166
8 83 935
8 84 1832
8 85 2214
8 86 983
8 87 1880
8 88 1518
9 0 1215
9 1 1721
9 2 195
9 3 534
9 4 809
9 5 1743
9 6 1294
9 7 599
9 8 1743
9 9 0
9 10 1849
9 11 1179
9 12 1547
9 13 1487
9 14 808
9 15 1218
9 16 976
9 17 1932
9 18 746
9 19 1585
9 20 1191
9 21 2174
9 22 534
9 23 1359
9 24 822
9 25 1477
9 26 1057
9 27 1403
9 28 834
9 29 1500
9 30 1071
9 31 1547
9 32 665
9 33 1733
9 34 1095
9 35 1576
9 36 2807
9 37 1047
9 38 1528
9 39 2759
9 40 999
9 41 1480
9 42 2711
9 43 951
9 44 1432
9 45 2663
9 46 903
9 47 1384
9 48 2615
9 49 855
9 50 1336
9 51 2567
9 52 807
9 53 1288
9 54 2519
9 55 759
9 56 1240
9 57 2471
9 58 711
9 59 1192
9 60 2423
9 61 663
9 62 1144
9 63 2375
9 64 615
9 65 1096
9 66 2327
9 67 567
9 68 1048
9 69 2279
9 70 519
9 71 1000
9 72 2231
9 73 471
9 74 952
9 75 2183
9 76 423
9 77 904
9 78 2135
9 79 375
9 80 856
9 81 2087
9 82 423
9 83 904
9 84 2135
9 85 471
9 86 952
9 87 2183
9 88 1215
10 0 2296
10 1 1090
10 2 2044
10 3 2065
10 4 1790
10 5 1112
10 6 759
10 7 2192
10 8 1112
10 9 1849
10 10 0
10 11 1900
10 12 916
10 13 1624
10 14 1791
10 15 1861
10 16 1623
10 17 1301
10 18 1853
10 19 954
10 20 1600
10 21 325
10 22 2257
10 23 824
10 24 1777
10 25 846
10 26 1830
10 27 772
10 28 1765
10 29 1675
10 30 1208
10 31 916
10 32 1934
10 33 1102
10 34 2176
10 35 945
10 36 958
10 37 2128
10 38 897
10 39 910
10 40 2080
10 41 849
10 42 862
10 43 2032
10 44 801
10 45 814
10 46 1984
10 47 753
10 48 766
10 49 1936
10 50 705
10 51 718
10 52 1888
10 53 657
10 54 670
10 55 1840
10 56 609
10 57 622
10 58 1888
10 59 657
10 60 670
10 61 1936
10 62 705
10 63 718
10 64 1984
10 65 753
10 66 766
10 67 2032
10 68 801
10 69 814
10 70 2080
10 71 849
10 72 862
10 73 2128
10 74 897
10 75 910
10 76 2176
10 77 945
10 78 958
10 79 2224
10 80 993
10 81 1006
10 82 2272
10 83 1041
10 84 1054
10 85 2320
10 86 1089
10 87 1102
10 88 2296
11 0 396
11 1 1292
11 2 984
11 3 771
11 4 470
11 5 1314
11 6 1441
11 7 1028
11 8 1314
11 9 1179
11 10 1900
11 11 0
11 12 1214
11 13 2306
11 14 757
11 15 39
11 16 1213
11 17 1791
11 18 1079
11 19 1540
11 20 660
11 21 2225
11 22 963
11 23 1506
11 24 483
11 25 1336
11 26 430
11 27 1358
11 28 783
11 29 681
11 30 1890
11 31 1214
11 32 614
11 33 1496
11 34 276
11 35 1147
11 36 2378
11 37 228
11 38 1099
11 39 2330
11 40 180
11 41 1051
11 42 2282
11 43 228
11 44 1099
11 45 2330
11 46 276
11 47 1147
11 48 2378
11 49 324
11 50 1195
11 51 2426
11 52 372
11 53 1243
11 54 2474
11 55 420
11 56 1291
11 57 2522
11 58 468
11 59 1339
11 60 2570
11 61 516
11 62 1387
11 63 2618
11 64 564
11 65 1435
11 66 2666
11 67 612
11 68 1483
11 69 2714
11 70 660
11 71 1531
11 72 2762
11 73 708
11 74 1579
11 75 2810
11 76 756
11 77 1627
11 78 2858
11 79 804
11 80 1675
11 81 2906
11 82 852
11 83 1723
11 84 2954
11 85 900
11 86 1771
11 87 3002
11 88 396
12 0 1610
12 1 404
12 2 1742
12 3 1763
12 4 1488
12 5 426
12 6 457
12 7 1890
12 8 426
12 9 1547
12 10 916
12 11 1214
12 12 0
12 13 1322
12 14 1489
12 15 1175
12 16 1321
12 17 807
12 18 1551
12 19 556
12 20 1106
12 21 1241
12 22 1955
12 23 522
12 24 1475
12 25 352
12 26 1240
12 27 374
12 28 1463
12 29 989
12 30 906
12 31 0
12 32 1632
12 33 512
12 34 1490
12 35 259
12 36 1260
12 37 1442
12 38 211
12 39 1212
12 40 1394
12 41 163
12 42 1164
12 43 1346
12 44 115
12 45 1116
12 46 1394
12 47 163
12 48 1164
12 49 1442
12 50 211
12 51 1212
12 52 1490
12 53 259
12 54 1260
12 55 1538
12 56 307
12 57 1308
12 58 1586
12 59 355
12 60 1356
12 61 1634
12 62 403
12 63 1404
12 64 1682
12 65 451
12 66 1452
12 67 1730
12 68 499
12 69 1500
12 70 1778
12 71 547
12 72 1548
12 73 1826
12 74 595
12 75 1596
12 76 1874
12 77 643
12 78 1644
12 79 1922
12 80 691
12 81 1692
12 82 1970
12 83 739
12 84 1740
12 85 2018
12 86 787
12 87 1788
12 88 1610
13 0 2702
13 1 1496
13 2 1682
13 3 1895
13 4 2196
13 5 1518
13 6 1069
13 7 1734
13 8 1518
13 9 1487
13 10 1624
13 11 2306
13 12 1322
13 13 0
13 14 1909
13 15 2267
13 16 1453
13 17 1707
13 18 1587
13 19 1360
13 20 2006
13 21 1377
13 22 1799
13 23 1134
13 24 2183
13 25 1252
13 26 2236
13 27 1178
13 28 1883
13 29 2081
13 30 416
13 31 1322
13 32 2052
13 33 1508
13 34 2582
13 35 1351
13 36 1416
13 37 2534
13 38 1303
13 39 1368
13 40 2486
13 41 1255
13 42 1320
13 43 2438
13 44 1207
13 45 1272
13 46 2390
13 47 1159
13 48 1224
13 49 2342
13 50 1111
13 51 1176
13 52 2294
13 53 1063
13 54 1128
13 55 2246
13 56 1015
13 57 1080
13 58 2198
13 59 967
13 60 1032
13 61 2150
13 62 919
13 63 984
13 64 2102
13 65 871
13 66 936
13 67 2054
13 68 823
13 69 888
13 70 2006
13 71 775
13 72 840
13 73 1958
13 74 727
13 75 792
13 76 1910
13 77 679
13 78 744
13 79 1862
13 80 631
13 81 696
13 82 1814
13 83 583
13 84 648
13 85 1862
13 86 631
13 87 696
13 88 2702
14 0 793
14 1 1663
14 2 613
14 3 400
14 4 387
14 5 1685
14 6 1236
14 7 657
14 8 1685
14 9 808
14 10 1791
14 11 757
14 12 1489
14 13 1909
14 14 0
14 15 796
14 16 842
14 17 1874
14 18 708
14 19 1527
14 20 769
14 21 2116
14 22 592
14 23 1301
14 24 400
14 25 1419
14 26 635
14 27 1345
14 28 26
14 29 1078
14 30 1493
14 31 1489
14 32 143
14 33 1675
14 34 673
14 35 1518
14 36 2749
14 37 625
14 38 1470
14 39 2701
14 40 577
14 41 1422
14 42 2653
14 43 529
14 44 1374
14 45 2605
14 46 481
14 47 1326
14 48 2557
14 49 433
14 50 1278
14 51 2509
14 52 385
14 53 1230
14 54 2461
14 55 337
14 56 1182
14 57 2413
14 58 289
14 59 1134
14 60 2365
14 61 241
14 62 1086
14 63 2317
14 64 193
14 65 1038
14 66 2269
14 67 241
14 68 1086
14 69 2317
14 70 289
14 71 1134
14 72 2365
14 73 337
14 74 1182
14 75 2413
14 76 385
14 77 1230
14 78 2461
14 79 433
14 80 1278
14 81 2509
14 82 481
14 83 1326
14 84 2557
14 85 529
14 86 1374
14 87 2605
14 88 793
15 0 435
15 1 1253
15 2 1023
15 3 810
15 4 509
15 5 1275
15 6 1402
15 7 1067
15 8 1275
15 9 1218
15 10 1861
15 11 39
15 12 1175
15 13 2267
15 14 796
15 15 0
15 16 1252
15 17 1752
15 18 1118
15 19 1501
15 20 699
15 21 2186
15 22 1002
15 23 1467
15 24 522
15 25 1297
15 26 469
15 27 1319
15 28 822
15 29 720
15 30 1851
15 31 1175
15 32 653
15 33 1457
15 34 315
15 35 1108
15 36 2339
15 37 267
15 38 1060
15 39 2291
15 40 219
15 41 1012
15 42 2243
15 43 267
15 44 1060
15 45 2291
15 46 315
15 47 1108
15 48 2339
15 49 363
15 50 1156
15 51 2387
15 52 411
15 53 1204
15 54 2435
15 55 459
15 56 1252
15 57 2483
15 58 507
15 59 1300
15 60 2531
15 61 555
15 62 1348
15 63 2579
15 64 603
15 65 1396
15 66 2627
15 67 651
15 68 1444
15 69 2675
15 70 699
15 71 1492
15 72 2723
15 73 747
15 74 1540
15 75 2771
15 76 795
15 77 1588
15 78 2819
15 79 843
15 80 1636
15 81 2867
15 82 891
15 83 1684
15 84 2915
15 85 939
15 86 1732
15 87 2963
15 88 435
16 0 1249
16 1 1495
16 2 781
16 3 442
16 4 843
16 5 1517
16 6 1068
16 7 825
16 8 1517
16 9 976
16 10 1623
16 11 1213
16 12 1321
16 13 1453
16 14 842
16 15 1252
16 16 0
16 17 1706
16 18 876
16 19 1359
16 20 1225
16 21 1948
16 22 760
16 23 1133
16 24 856
16 25 1251
16 26 1091
16 27 1177
16 28 868
16 29 1534
16 30 1037
16 31 1321
16 32 699
16 33 1507
16 34 1129
16 35 1350
16 36 2581
16 37 1081
16 38 1302
16 39 2533
16 40 1033
16 41 1254
16 42 2485
16 43 985
16 44 1206
16 45 2437
16 46 937
16 47 1158
16 48 2389
16 49 889
16 50 1110
16 51 2341
16 52 841
16 53 1062
16 54 2293
16 55 793
16 56 1014
16 57 2245
16 58 745
16 59 966
16 60 2197
16 61 697
16 62 918
16 63 2149
16 64 649
16 65 870
16 66 2101
16 67 601
16 68 822
16 69 2053
16 70 553
16 71 774
16 72 2005
16 73 505
16 74 726
16 75 1957
16 76 553
16 77 774
16 78 2005
16 79 601
16 80 822
16 81 2053
16 82 649
16 83 870
16 84 2101
16 85 697
16 86 918
16 87 2149
16 88 1249
17 0 2187
17 1 981
17 2 2127
17 3 2148
17 4 1873
17 5 1003
17 6 842
17 7 2275
17 8 1003
17 9 1932
17 10 1301
17 11 1791
17 12 807
17 13 1707
17 14 1874
17 15 1752
17 16 1706
17 17 0
17 18 1936
17 19 941
17 20 1491
17 21 1028
17 22 2340
17 23 907
17 24 1860
17 25 455
17 26 1721
17 27 759
17 28 1848
17 29 1566
17 30 1291
17 31 807
17 32 2017
17 33 993
17 34 2067
17 35 836
17 36 875
17 37 2019
17 38 788
17 39 827
17 40 1971
17 41 740
17 42 779
17 43 1923
17 44 692
17 45 731
17 46 1875
17 47 644
17 48 683
17 49 1827
17 50 596
17 51 635
17 52 1875
17 53 644
17 54 683
17 55 1923
17 56 692
17 57 731
17 58 1971
17 59 740
17 60 779
17 61 2019
17 62 788
17 63 827
17 64 2067
17 65 836
17 66 875
17 67 2115
17 68 884
17 69 923
17 70 2163
17 71 932
17 72 971
17 73 2211
17 74 980
17 75 1019
17 76 2259
17 77 1028
17 78 1067
17 79 2307
17 80 1076
17 81 1115
17 82 2355
17 83 1124
17 84 1163
17 85 2403
17 86 1172
17 87 1211
17 88 2187
18 0 1115
18 1 1725
18 2 551
18 3 434
18 4 709
18 5 1747
18 6 1298
18 7 595
18 8 1747
18 9 746
18 10 1853
18 11 1079
18 12 1551
18 13 1587
18 14 708
18 15 1118
18 16 876
18 17 1936
18 18 0
18 19 1589
18 20 1091
18 21 2178
18 22 530
18 23 1363
18 24 722
18 25 1481
18 26 957
18 27 1407
18 28 734
18 29 1400
18 30 1171
18 31 1551
18 32 565
18 33 1737
18 34 995
18 35 1580
18 36 2811
18 37 947
18 38 1532
18 39 2763
18 40 899
18 41 1484
18 42 2715
18 43 851
18 44 1436
18 45 2667
18 46 803
18 47 1388
18 48 2619
18 49 755
18 50 1340
18 51 2571
18 52 707
18 53 1292
18 54 2523
18 55 659
18 56 1244
18 57 2475
18 58 611
18 59 1196
18 60 2427
18 61 563
18 62 1148
18 63 2379
18 64 515
18 65 1100
18 66 2331
18 67 467
18 68 1052
18 69 2283
18 70 419
18 71 1004
18 72 2235
18 73 371
18 74 956
18 75 2187
18 76 323
18 77 908
18 78 2139
18 79 371
18 80 956
18 81 2187
18 82 419
18 83 1004
18 84 2235
18 85 467
18 86 1052
18 87 2283
18 88 1115
19 0 1936
19 1 730
19 2 1780
19 3 1801
19 4 1526
19 5 752
19 6 495
19 7 1928
19 8 752
19 9 1585
19 10 954
19 11 1540
19 12 556
19 13 1360
19 14 1527
19 15 1501
19 16 1359
19 17 941
19 18 1589
19 19 0
19 20 1240
19 21 1279
19 22 1993
19 23 560
19 24 1513
19 25 486
19 26 1470
19 27 182
19 28 1501
19 29 1315
19 30 944
19 31 556
19 32 1670
19 33 742
19 34 1816
19 35 585
19 36 1222
19 37 1768
19 38 537
19 39 1174
19 40 1720
19 41 489
19 42 1126
19 43 1672
19 44 441
19 45 1078
19 46 1624
19 47 393
19 48 1030
19 49 1576
19 50 345
19 51 982
19 52 1528
19 53 297
19 54 934
19 55 1576
19 56 345
19 57 982
19 58 1624
19 59 393
19 60 1030
19 61 1672
19 62 441
19 63 1078
19 64 1720
19 65 489
19 66 1126
19 67 1768
19 68 537
19 69 1174
19 70 1816
19 71 585
19 72 1222
19 73 1864
19 74 633
19 75 1270
19 76 1912
19 77 681
19 78 1318
19 79 1960
19 80 729
19 81 1366
19 82 2008
19 83 777
19 84 1414
19 85 2056
19 86 825
19 87 1462
19 88 1936
20 0 696
20 1 1280
20 2 996
20 3 783
20 4 482
20 5 1302
20 6 1141
20 7 1040
20 8 1302
20 9 1191
20 10 1600
20 11 660
20 12 1106
20 13 2006
20 14 769
20 15 699
20 16 1225
20 17 1491
20 18 1091
20 19 1240
20 20 0
20 21 1925
20 22 975
20 23 1206
20 24 495
20 25 1036
20 26 538
20 27 1058
20 28 795
20 29 981
20 30 1590
20 31 1106
20 32 626
20 33 1292
20 34 576
20 35 1135
20 36 2366
20 37 528
20 38 1087
20 39 2318
20 40 480
20 41 1039
20 42 2270
20 43 432
20 44 991
20 45 2222
20 46 384
20 47 943
20 48 2174
20 49 336
20 50 895
20 51 2126
20 52 384
20 53 943
20 54 2174
20 55 432
20 56 991
20 57 2222
20 58 480
20 59 1039
20 60 2270
20 61 528
20 62 1087
20 63 2318
20 64 576
20 65 1135
20 66 2366
20 67 624
20 68 1183
20 69 2414
20 70 672
20 71 1231
20 72 2462
20 73 720
20 74 1279
20 75 2510
20 76 768
20 77 1327
20 78 2558
20 79 816
20 80 1375
20 81 2606
20 82 864
20 83 1423
20 84 2654
20 85 912
20 86 1471
20 87 2702
20 88 696
21 0 2621
21 1 1415
21 2 2369
21 3 2390
21 4 2115
21 5 1437
21 6 1084
21 7 2517
21 8 1437
21 9 2174
21 10 325
21 11 2225
21 12 1241
21 13 1377
21 14 2116
21 15 2186
21 16 1948
21 17 1028
21 18 2178
21 19 1279
21 20 1925
21 21 0
21 22 2582
21 23 1149
21 24 2102
21 25 1171
21 26 2155
21 27 1097
21 28 2090
21 29 2000
21 30 1533
21 31 1241
21 32 2259
21 33 1323
21 34 2501
21 35 1270
21 36 633
21 37 2453
21 38 1222
21 39 585
21 40 2405
21 41 1174
21 42 537
21 43 2357
21 44 1126
21 45 489
21 46 2309
21 47 1078
21 48 441
21 49 2261
21 50 1030
21 51 393
21 52 2213
21 53 982
21 54 345
21 55 2165
21 56 934
21 57 297
21 58 2213
21 59 982
21 60 345
21 61 2261
21 62 1030
21 63 393
21 64 2309
21 65 1078
21 66 441
21 67 2357
21 68 1126
21 69 489
21 70 2405
21 71 1174
21 72 537
21 73 2453
21 74 1222
21 75 585
21 76 2501
21 77 1270
21 78 633
21 79 2549
21 80 1318
21 81 681
21 82 2597
21 83 1366
21 84 729
21 85 2645
21 86 1414
21 87 777
21 88 2621
22 0 999
22 1 2129
22 2 339
22 3 318
22 4 593
22 5 1943
22 6 1702
22 7 65
22 8 2151
22 9 534
22 10 2257
22 11 963
22 12 1955
22 13 1799
22 14 592
22 15 1002
22 16 760
22 17 2340
22 18 530
22 19 1993
22 20 975
22 21 2582
22 22 0
22 23 1767
22 24 606
22 25 1885
22 26 841
22 27 1811
22 28 618
22 29 1284
22 30 1383
22 31 1955
22 32 449
22 33 2141
22 34 879
22 35 1984
22 36 3215
22 37 831
22 38 1936
22 39 3167
22 40 783
22 41 1888
22 42 3119
22 43 735
22 44 1840
22 45 3071
22 46 687
22 47 1792
22 48 3023
22 49 639
22 50 1744
22 51 2975
22 52 591
22 53 1696
22 54 2927
22 55 543
22 56 1648
22 57 2879
22 58 495
22 59 1600
22 60 2831
22 61 447
22 62 1552
22 63 2783
22 64 399
22 65 1504
22 66 2735
22 67 351
22 68 1456
22 69 2687
22 70 303
22 71 1408
22 72 2639
22 73 255
22 74 1360
22 75 2591
22 76 207
22 77 1312
22 78 2543
22 79 159
22 80 1264
22 81 2495
22 82 111
22 83 1216
22 84 2447
22 85 63
22 86 1168
22 87 2399
22 88 999
23 0 1902
23 1 696
23 2 1554
23 3 1575
23 4 1396
23 5 718
23 6 65
23 7 1702
23 8 718
23 9 1359
23 10 824
23 11 1506
23 12 522
23 13 1134
23 14 1301
23 15 1467
23 16 1133
23 17 907
23 18 1363
23 19 560
23 20 1206
23 21 1149
23 22 1767
23 23 0
23 24 1383
23 25 452
23 26 1436
23 27 378
23 28 1275
23 29 1281
23 30 718
23 31 522
23 32 1444
23 33 708
23 34 1782
23 35 551
23 36 1448
23 37 1734
23 38 503
23 39 1400
23 40 1686
23 41 455
23 42 1352
23 43 1638
23 44 407
23 45 1304
23 46 1590
23 47 359
23 48 1256
23 49 1542
23 50 311
23 51 1208
23 52 1494
23 53 263
23 54 1160
23 55 1446
23 56 215
23 57 1112
23 58 1398
23 59 167
23 60 1064
23 61 1446
23 62 215
23 63 1112
23 64 1494
23 65 263
23 66 1160
23 67 1542
23 68 311
23 69 1208
23 70 1590
23 71 359
23 72 1256
23 73 1638
23 74 407
23 75 1304
23 76 1686
23 77 455
23 78 1352
23 79 1734
23 80 503
23 81 1400
23 82 1782
23 83 551
23 84 1448
23 85 1830
23 86 599
23 87 1496
23 88 1902
24 0 519
24 1 1649
24 2 627
24 3 414
24 4 13
24 5 1463
24 6 1318
24 7 671
24 8 1671
24 9 822
24 10 1777
24 11 483
24 12 1475
24 13 2183
24 14 400
24 15 522
24 16 856
24 17 1860
24 18 722
24 19 1513
24 20 495
24 21 2102
24 22 606
24 23 1383
24 24 0
24 25 1405
24 26 361
24 27 1331
24 28 426
24 29 804
24 30 1767
24 31 1475
24 32 257
24 33 1661
24 34 399
24 35 1504
24 36 2735
24 37 351
24 38 1456
24 39 2687
24 40 303
24 41 1408
24 42 2639
24 43 255
24 44 1360
24 45 2591
24 46 207
24 47 1312
24 48 2543
24 49 159
24 50 1264
24 51 2495
24 52 111
24 53 1216
24 54 2447
24 55 63
24 56 1168
24 57 2399
24 58 111
24 59 1216
24 60 2447
24 61 159
24 62 1264
24 63 2495
24 64 207
24 65 1312
24 66 2543
24 67 255
24 68 1360
24 69 2591
24 70 303
24 71 1408
24 72 2639
24 73 351
24 74 1456
24 75 2687
24 76 399
24 77 1504
24 78 2735
24 79 447
24 80 1552
24 81 2783
24 82 495
24 83 1600
24 84 2831
24 85 543
24 86 1648
24 87 2879
24 88 519
25 0 1732
25 1 526
25 2 1672
25 3 1693
25 4 1418
25 5 548
25 6 387
25 7 1820
25 8 548
25 9 1477
25 10 846
25 11 1336
25 12 352
25 13 1252
25 14 1419
25 15 1297
25 16 1251
25 17 455
25 18 1481
25 19 486
25 20 1036
25 21 1171
25 22 1885
25 23 452
25 24 1405
25 25 0
25 26 1266
25 27 304
25 28 1393
25 29 1111
25 30 836
25 31 352
25 32 1562
25 33 538
25 34 1612
25 35 381
25 36 1330
25 37 1564
25 38 333
25 39 1282
25 40 1516
25 41 285
25 42 1234
25 43 1468
25 44 237
25 45 1186
25 46 1420
25 47 189
25 48 1138
25 49 1372
25 50 141
25 51 1090
25 52 1420
25 53 189
25 54 1138
25 55 1468
25 56 237
25 57 1186
25 58 1516
25 59 285
25 60 1234
25 61 1564
25 62 333
25 63 1282
25 64 1612
25 65 381
25 66 1330
25 67 1660
25 68 429
25 69 1378
25 70 1708
25 71 477
25 72 1426
25 73 1756
25 74 525
25 75 1474
25 76 1804
25 77 573
25 78 1522
25 79 1852
25 80 621
25 81 1570
25 82 1900
25 83 669
25 84 1618
25 85 1948
25 86 717
25 87 1666
25 88 1732
26 0 466
26 1 1414
26 2 862
26 3 649
26 4 348
26 5 1410
26 6 1371
26 7 906
26 8 1436
26 9 1057
26 10 1830
26 11 430
26 12 1240
26 13 2236
26 14 635
26 15 469
26 16 1091
26 17 1721
26 18 957
26 19 1470
26 20 538
26 21 2155
26 22 841
26 23 1436
26 24 361
26 25 1266
26 26 0
26 27 1288
26 28 661
26 29 751
26 30 1820
26 31 1240
26 32 492
26 33 1426
26 34 346
26 35 1269
26 36 2500
26 37 298
26 38 1221
26 39 2452
26 40 250
26 41 1173
26 42 2404
26 43 202
26 44 1125
26 45 2356
26 46 154
26 47 1077
26 48 2308
26 49 202
26 50 1125
26 51 2356
26 52 250
26 53 1173
26 54 2404
26 55 298
26 56 1221
26 57 2452
26 58 346
26 59 1269
26 60 2500
26 61 394
26 62 1317
26 63 2548
26 64 442
26 65 1365
26 66 2596
26 67 490
26 68 1413
26 69 2644
26 70 538
26 71 1461
26 72 2692
26 73 586
26 74 1509
26 75 2740
26 76 634
26 77 1557
26 78 2788
26 79 682
26 80 1605
26 81 2836
26 82 730
26 83 1653
26 84 2884
26 85 778
26 86 1701
26 87 2932
26 88 466
27 0 1754
27 1 548
27 2 1598
27 3 1619
27 4 1344
27 5 570
27 6 313
27 7 1746
27 8 570
27 9 1403
27 10 772
27 11 1358
27 12 374
27 13 1178
27 14 1345
27 15 1319
27 16 1177
27 17 759
27 18 1407
27 19 182
27 20 1058
27 21 1097
27 22 1811
27 23 378
27 24 1331
27 25 304
27 26 1288
27 27 0
27 28 1319
27 29 1133
27 30 762
27 31 374
27 32 1488
27 33 560
27 34 1634
27 35 403
27 36 1404
27 37 1586
27 38 355
27 39 1356
27 40 1538
27 41 307
27 42 1308
27 43 1490
27 44 259
27 45 1260
27 46 1442
27 47 211
27 48 1212
27 49 1394
27 50 163
27 51 1164
27 52 1346
27 53 115
27 54 1116
27 55 1394
27 56 163
27 57 1164
27 58 1442
27 59 211
27 60 1212
27 61 1490
27 62 259
27 63 1260
27 64 1538
27 65 307
27 66 1308
27 67 1586
27 68 355
27 69 1356
27 70 1634
27 71 403
27 72 1404
27 73 1682
27 74 451
27 75 1452
27 76 1730
27 77 499
27 78 1500
27 79 1778
27 80 547
27 81 1548
27 82 1826
27 83 595
27 84 1596
27 85 1874
27 86 643
27 87 1644
27 88 1754
28 0 819
28 1 1637
28 2 639
28 3 426
28 4 413
28 5 1659
28 6 1210
28 7 683
28 8 1659
28 9 834
28 10 1765
28 11 783
28 12 1463
28 13 1883
28 14 26
28 15 822
28 16 868
28 17 1848
28 18 734
28 19 1501
28 20 795
28 21 2090
28 22 618
28 23 1275
28 24 426
28 25 1393
28 26 661
28 27 1319
28 28 0
28 29 1104
28 30 1467
28 31 1463
28 32 169
28 33 1649
28 34 699
28 35 1492
28 36 2723
28 37 651
28 38 1444
28 39 2675
28 40 603
28 41 1396
28 42 2627
28 43 555
28 44 1348
28 45 2579
28 46 507
28 47 1300
28 48 2531
28 49 459
28 50 1252
28 51 2483
28 52 411
28 53 1204
28 54 2435
28 55 363
28 56 1156
28 57 2387
28 58 315
28 59 1108
28 60 2339
28 61 267
28 62 1060
28 63 2291
28 64 219
28 65 1012
28 66 2243
28 67 267
28 68 1060
28 69 2291
28 70 315
28 71 1108
28 72 2339
28 73 363
28 74 1156
28 75 2387
28 76 411
28 77 1204
28 78 2435
28 79 459
28 80 1252
28 81 2483
28 82 507
28 83 1300
28 84 2531
28 85 555
28 86 1348
28 87 2579
28 88 819
29 0 621
29 1 971
29 2 1305
29 3 1092
29 4 791
29 5 993
29 6 1216
29 7 1349
29 8 993
29 9 1500
29 10 1675
29 11 681
29 12 989
29 13 2081
29 14 1078
29 15 720
29 16 1534
29 17 1566
29 18 1400
29 19 1315
29 20 981
29 21 2000
29 22 1284
29 23 1281
29 24 804
29 25 1111
29 26 751
29 27 1133
29 28 1104
29 29 0
29 30 1665
29 31 989
29 32 935
29 33 1271
29 34 501
29 35 826
29 36 2057
29 37 453
29 38 778
29 39 2009
29 40 501
29 41 826
29 42 2057
29 43 549
29 44 874
29 45 2105
29 46 597
29 47 922
29 48 2153
29 49 645
29 50 970
29 51 2201
29 52 693
29 53 1018
29 54 2249
29 55 741
29 56 1066
29 57 2297
29 58 789
29 59 1114
29 60 2345
29 61 837
29 62 1162
29 63 2393
29 64 885
29 65 1210
29 66 2441
29 67 933
29 68 1258
29 69 2489
29 70 981
29 71 1306
29 72 2537
29 73 1029
29 74 1354
29 75 2585
29 76 1077
29 77 1402
29 78 2633
29 79 1125
29 80 1450
29 81 2681
29 82 1173
29 83 1498
29 84 2729
29 85 1221
29 86 1546
29 87 2777
29 88 621
30 0 2286
30 1 1080
30 2 1266
30 3 1479
30 4 1780
30 5 1102
30 6 653
30 7 1318
30 8 1102
30 9 1071
30 10 1208
30 11 1890
30 12 906
30 13 416
30 14 1493
30 15 1851
30 16 1037
30 17 1291
30 18 1171
30 19 944
30 20 1590
30 21 1533
30 22 1383
30 23 718
30 24 1767
30 25 836
30 26 1820
30 27 762
30 28 1467
30 29 1665
30 30 0
30 31 906
30 32 1636
30 33 1092
30 34 2166
30 35 935
30 36 1832
30 37 2118
30 38 887
30 39 1784
30 40 2070
30 41 839
30 42 1736
30 43 2022
30 44 791
30 45 1688
30 46 1974
30 47 743
30 48 1640
30 49 1926
30 50 695
30 51 1592
30 52 1878
30 53 647
30 54 1544
30 55 1830
30 56 599
30 57 1496
30 58 1782
30 59 551
30 60 1448
30 61 1734
30 62 503
30 63 1400
30 64 1686
30 65 455
30 66 1352
30 67 1638
30 68 407
30 69 1304
30 70 1590
30 71 359
30 72 1256
30 73 1542
30 74 311
30 75 1208
30 76 1494
30 77 263
30 78 1160
30 79 1446
30 80 215
30 81 1112
30 82 1398
30 83 167
30 84 1064
30 85 1446
30 86 215
30 87 1112
30 88 2286
31 0 1610
31 1 404
31 2 1742
31 3 1763
31 4 1488
31 5 426
31 6 457
31 7 1890
31 8 426
31 9 1547
31 10 916
31 11 1214
31 12 0
31 13 1322
31 14 1489
31 15 1175
31 16 1321
31 17 807
31 18 1551
31 19 556
31 20 1106
31 21 1241
31 22 1955
31 23 522
31 24 1475
31 25 352
31 26 1240
31 27 374
31 28 1463
31 29 989
31 30 906
31 31 0
31 32 1632
31 33 512
31 34 1490
31 35 259
31 36 1260
31 37 1442
31 38 211
31 39 1212
31 40 1394
31 41 163
31 42 1164
31 43 1346
31 44 115
31 45 1116
31 46 1394
31 47 163
31 48 1164
31 49 1442
31 50 211
31 51 1212
31 52 1490
31 53 259
31 54 1260
31 55 1538
31 56 307
31 57 1308
31 58 1586
31 59 355
31 60 1356
31 61 1634
31 62 403
31 63 1404
31 64 1682
31 65 451
31 66 1452
31 67 1730
31 68 499
31 69 1500
31 70 1778
31 71 547
31 72 1548
31 73 1826
31 74 595
31 75 1596
31 76 1874
31 77 643
31 78 1644
31 79 1922
31 80 691
31 81 1692
31 82 1970
31 83 739
31 84 1740
31 85 2018
31 86 787
31 87 1788
31 88 1610
32 0 650
32 1 1806
32 2 470
32 3 257
32 4 244
32 5 1594
32 6 1379
32 7 514
32 8 1828
32 9 665
32 10 1934
32 11 614
32 12 1632
32 13 2052
32 14 143
32 15 653
32 16 699
32 17 2017
32 18 565
32 19 1670
32 20 626
32 21 2259
32 22 449
32 23 1444
32 24 257
32 25 1562
32 26 492
32 27 1488
32 28 169
32 29 935
32 30 1636
32 31 1632
32 32 0
32 33 1818
32 34 530
32 35 1661
32 36 2892
32 37 482
32 38 1613
32 39 2844
32 40 434
32 41 1565
32 42 2796
32 43 386
32 44 1517
32 45 2748
32 46 338
32 47 1469
32 48 2700
32 49 290
32 50 1421
32 51 2652
32 52 242
32 53 1373
32 54 2604
32 55 194
32 56 1325
32 57 2556
32 58 146
32 59 1277
32 60 2508
32 61 98
32 62 1229
32 63 2460
32 64 50
32 65 1181
32 66 2412
32 67 98
32 68 1229
32 69 2460
32 70 146
32 71 1277
32 72 2508
32 73 194
32 74 1325
32 75 2556
32 76 242
32 77 1373
32 78 2604
32 79 290
32 80 1421
32 81 2652
32 82 338
32 83 1469
32 84 2700
32 85 386
32 86 1517
32 87 2748
32 88 650
33 0 1892
33 1 686
33 2 1928
33 3 1949
33 4 1674
33 5 708
33 6 643
33 7 2076
33 8 708
33 9 1733
33 10 1102
33 11 1496
33 12 512
33 13 1508
33 14 1675
33 15 1457
33 16 1507
33 17 993
33 18 1737
33 19 742
33 20 1292
33 21 1323
33 22 2141
33 23 708
33 24 1661
33 25 538
33 26 1426
33 27 560
33 28 1649
33 29 1271
33 30 1092
33 31 512
33 32 1818
33 33 0
33 34 1772
33 35 541
33 36 1074
33 37 1724
33 38 493
33 39 1026
33 40 1676
33 41 445
33 42 978
33 43 1628
33 44 397
33 45 930
33 46 1580
33 47 349
33 48 882
33 49 1628
33 50 397
33 51 930
33 52 1676
33 53 445
33 54 978
33 55 1724
33 56 493
33 57 1026
33 58 1772
33 59 541
33 60 1074
33 61 1820
33 62 589
33 63 1122
33 64 1868
33 65 637
33 66 1170
33 67 1916
33 68 685
33 69 1218
33 70 1964
33 71 733
33 72 1266
33 73 2012
33 74 781
33 75 1314
33 76 2060
33 77 829
33 78 1362
33 79 2108
33 80 877
33 81 1410
33 82 2156
33 83 925
33 84 1458
33 85 2204
33 86 973
33 87 1506
33 88 1892
34 0 120
34 1 1472
34 2 900
34 3 687
34 4 386
34 5 1064
34 6 1717
34 7 944
34 8 1398
34 9 1095
34 10 2176
34 11 276
34 12 1490
34 13 2582
34 14 673
34 15 315
34 16 1129
34 17 2067
34 18 995
34 19 1816
34 20 576
34 21 2501
34 22 879
34 23 1782
34 24 399
34 25 1612
34 26 346
34 27 1634
34 28 699
34 29 501
34 30 2166
34 31 1490
34 32 530
34 33 1772
34 34 0
34 35 1231
34 36 2462
34 37 48
34 38 1279
34 39 2510
34 40 96
34 41 1327
34 42 2558
34 43 144
34 44 1375
34 45 2606
34 46 192
34 47 1423
34 48 2654
34 49 240
34 50 1471
34 51 2702
34 52 288
34 53 1519
34 54 2750
34 55 336
34 56 1567
34 57 2798
34 58 384
34 59 1615
34 60 2846
34 61 432
34 62 1663
34 63 2894
34 64 480
34 65 1711
34 66 2942
34 67 528
34 68 1759
34 69 2990
34 70 576
34 71 1807
34 72 3038
34 73 624
34 74 1855
34 75 3086
34 76 672
34 77 1903
34 78 3134
34 79 720
34 80 1951
34 81 3182
34 82 768
34 83 1999
34 84 3230
34 85 816
34 86 2047
34 87 3278
34 88 120
35 0 1351
35 1 241
35 2 1771
35 3 1792
35 4 1517
35 5 167
35 6 486
35 7 1919
35 8 167
35 9 1576
35 10 945
35 11 1147
35 12 259
35 13 1351
35 14 1518
35 15 1108
35 16 1350
35 17 836
35 18 1580
35 19 585
35 20 1135
35 21 1270
35 22 1984
35 23 551
35 24 1504
35 25 381
35 26 1269
35 27 403
35 28 1492
35 29 826
35 30 935
35 31 259
35 32 1661
35 33 541
35 34 1231
35 35 0
35 36 1231
35 37 1279
35 38 48
35 39 1279
35 40 1327
35 41 96
35 42 1327
35 43 1375
35 44 144
35 45 1375
35 46 1423
35 47 192
35 48 1423
35 49 1471
35 50 240
35 51 1471
35 52 1519
35 53 288
35 54 1519
35 55 1567
35 56 336
35 57 1567
35 58 1615
35 59 384
35 60 1615
35 61 1663
35 62 432
35 63 1663
35 64 1711
35 65 480
35 66 1711
35 67 1759
35 68 528
35 69 1759
35 70 1807
35 71 576
35 72 1807
35 73 1855
35 74 624
35 75 1855
35 76 1903
35 77 672
35 78 1903
35 79 1951
35 80 720
35 81 1951
35 82 1999
35 83 768
35 84 1999
35 85 2047
35 86 816
35 87 2047
35 88 1351
36 0 2582
36 1 1086
36 2 3002
36 3 3023
36 4 2748
36 5 1398
36 6 1513
36 7 3150
36 8 1064
36 9 2807
36 10 958
36 11 2378
36 12 1260
36 13 1416
36 14 2749
36 15 2339
36 16 2581
36 17 875
36 18 2811
36 19 1222
36 20 2366
36 21 633
36 22 3215
36 23 1448
36 24 2735
36 25 1330
36 26 2500
36 27 1404
36 28 2723
36 29 2057
36 30 1832
36 31 1260
36 32 2892
36 33 1074
36 34 2462
36 35 1231
36 36 0
36 37 2510
36 38 1279
36 39 48
36 40 2558
36 41 1327
36 42 96
36 43 2606
36 44 1375
36 45 144
36 46 2654
36 47 1423
36 48 192
36 49 2702
36 50 1471
36 51 240
36 52 2750
36 53 1519
36 54 288
36 55 2798
36 56 1567
36 57 336
36 58 2846
36 59 1615
36 60 384
36 61 2894
36 62 1663
36 63 432
36 64 2942
36 65 1711
36 66 480
36 67 2990
36 68 1759
36 69 528
36 70 3038
36 71 1807
36 72 576
36 73 3086
36 74 1855
36 75 624
36 76 3134
36 77 1903
36 78 672
36 79 3182
36 80 1951
36 81 720
36 82 3230
36 83 1999
36 84 768
36 85 3278
36 86 2047
36 87 816
36 88 2582
37 0 168
37 1 1424
37 2 852
37 3 639
37 4 338
37 5 1112
37 6 1669
37 7 896
37 8 1446
37 9 1047
37 10 2128
37 11 228
37 12 1442
37 13 2534
37 14 625
37 15 267
37 16 1081
37 17 2019
37 18 947
37 19 1768
37 20 528
37 21 2453
37 22 831
37 23 1734
37 24 351
37 25 1564
37 26 298
37 27 1586
37 28 651
37 29 453
37 30 2118
37 31 1442
37 32 482
37 33 1724
37 34 48
37 35 1279
37 36 2510
37 37 0
37 38 1231
37 39 2462
37 40 48
37 41 1279
37 42 2510
37 43 96
37 44 1327
37 45 2558
37 46 144
37 47 1375
37 48 2606
37 49 192
37 50 1423
37 51 2654
37 52 240
37 53 1471
37 54 2702
37 55 288
37 56 1519
37 57 2750
37 58 336
37 59 1567
37 60 2798
37 61 384
37 62 1615
37 63 2846
37 64 432
37 65 1663
37 66 2894
37 67 480
37 68 1711
37 69 2942
37 70 528
37 71 1759
37 72 2990
37 73 576
37 74 1807
37 75 3038
37 76 624
37 77 1855
37 78 3086
37 79 672
37 80 1903
37 81 3134
37 82 720
37 83 1951
37 84 3182
37 85 768
37 86 1999
37 87 3230
37 88 168
38 0 1399
38 1 193
38 2 1723
38 3 1744
38 4 1469
38 5 215
38 6 438
38 7 1871
38 8 215
38 9 1528
38 10 897
38 11 1099
38 12 211
38 13 1303
38 14 1470
38 15 1060
38 16 1302
38 17 788
38 18 1532
38 19 537
38 20 1087
38 21 1222
38 22 1936
38 23 503
38 24 1456
38 25 333
38 26 1221
38 27 355
38 28 1444
38 29 778
38 30 887
38 31 211
38 32 1613
38 33 493
38 34 1279
38 35 48
38 36 1279
38 37 1231
38 38 0
38 39 1231
38 40 1279
38 41 48
38 42 1279
38 43 1327
38 44 96
38 45 1327
38 46 1375
38 47 144
38 48 1375
38 49 1423
38 50 192
38 51 1423
38 52 1471
38 53 240
38 54 1471
38 55 1519
38 56 288
38 57 1519
38 58 1567
38 59 336
38 60 1567
38 61 1615
38 62 384
38 63 1615
38 64 1663
38 65 432
38 66 1663
38 67 1711
38 68 480
38 69 1711
38 70 1759
38 71 528
38 72 1759
38 73 1807
38 74 576
38 75 1807
38 76 1855
38 77 624
38 78 1855
38 79 1903
38 80 672
38 81 1903
38 82 1951
38 83 720
38 84 1951
38 85 1999
38 86 768
38 87 1999
38 88 1399
39 0 2630
39 1 1038
39 2 2954
39 3 2975
39 4 2700
39 5 1446
39 6 1465
39 7 3102
39 8 1112
39 9 2759
39 10 910
39 11 2330
39 12 1212
39 13 1368
39 14 2701
39 15 2291
39 16 2533
39 17 827
39 18 2763
39 19 1174
39 20 2318
39 21 585
39 22 3167
39 23 1400
39 24 2687
39 25 1282
39 26 2452
39 27 1356
39 28 2675
39 29 2009
39 30 1784
39 31 1212
39 32 2844
39 33 1026
39 34 2510
39 35 1279
39 36 48
39 37 2462
39 38 1231
39 39 0
39 40 2510
39 41 1279
39 42 48
39 43 2558
39 44 1327
39 45 96
39 46 2606
39 47 1375
39 48 144
39 49 2654
39 50 1423
39 51 192
39 52 2702
39 53 1471
39 54 240
39 55 2750
39 56 1519
39 57 288
39 58 2798
39 59 1567
39 60 336
39 61 2846
39 62 1615
39 63 384
39 64 2894
39 65 1663
39 66 432
39 67 2942
39 68 1711
39 69 480
39 70 2990
39 71 1759
39 72 528
39 73 3038
39 74 1807
39 75 576
39 76 3086
39 77 1855
39 78 624
39 79 3134
39 80 1903
39 81 672
39 82 3182
39 83 1951
39 84 720
39 85 3230
39 86 1999
39 87 768
39 88 2630
40 0 216
40 1 1472
40 2 804
40 3 591
40 4 290
40 5 1160
40 6 1621
40 7 848
40 8 1494
40 9 999
40 10 2080
40 11 180
40 12 1394
40 13 2486
40 14 577
