//alpha
1
//NbLocations
80
//NbProducts
26
//NbPickers
2
//CapaPicker
8
//TimeToTravelOneDistanceUnit
3
//SetupTime
5400
//PickTime
300
//Products
//Idx Location Size
1 1 1
2 2 1
3 3 1
4 4 1
5 5 1
6 6 1
7 7 1
8 8 1
9 9 1
10 10 1
11 11 1
12 12 1
13 13 1
14 14 1
15 15 1
16 13 1
17 16 1
18 17 1
19 18 1
20 19 1
21 20 1
22 21 1
23 22 1
24 23 1
25 24 1
26 25 1
//Orders
//NbOrders
12
//Idx DueDate TardinessPenalty NbProdInOrder ProdIdx1 Qty1 ProdIdx2 Qty2 ...
1 90000 0 1 1 1
2 108000 0 1 2 1
3 54000 0 2 3 1 4 1
4 90000 0 2 5 1 6 1
5 36000 0 3 7 1 8 1 9 1
6 90000 0 4 10 1 11 1 12 1 13 1
7 126000 0 2 14 1 15 1
8 72000 0 1 16 1
9 72000 0 2 17 1 18 1
10 54000 0 3 19 1 20 1 21 1
11 54000 0 4 22 1 23 1 24 1 25 1
12 90000 0 1 26 1
//Graph (Products are vertices indexed from 1 to NbProducts)
//NbVerticesIntersections
54
//DepartingDepot
0
//ArrivalDepot
80
//Arcs
//Start End Distance
0 26 120
1 6 91
1 28 323
2 5 273
2 7 52
3 22 26
3 31 739
4 25 182
4 26 89
5 2 273
5 32 713
6 1 91
6 9 195
7 2 52
7 33 193
8 12 195
8 18 65
9 6 195
9 16 91
10 14 429
10 25 117
11 29 674
11 30 557
12 8 195
12 15 351
13 20 455
13 38 531
14 10 429
14 27 414
15 12 351
15 48 258
16 9 91
16 19 91
17 33 791
17 34 440
18 8 65
18 49 362
19 16 91
19 23 130
20 13 455
20 39 245
21 24 195
21 44 193
22 3 26
22 30 466
23 19 130
23 27 310
24 21 195
24 45 843
25 4 182
25 10 117
26 4 89
26 29 48
26 80 120
27 14 414
27 23 310
27 30 48
28 1 323
28 31 48
29 11 674
29 26 48
29 32 48
30 11 557
30 22 466
30 27 48
30 33 48
31 3 739
31 28 48
31 34 48
32 5 713
32 29 48
32 35 48
33 7 193
33 17 791
33 30 48
33 36 48
34 17 440
34 31 48
34 37 48
35 32 48
35 36 1231
35 38 48
36 33 48
36 35 1231
36 37 1231
36 39 48
37 34 48
37 36 1231
37 40 48
38 13 531
38 35 48
38 41 48
39 20 245
39 36 48
39 40 1231
39 42 48
40 37 48
40 39 1231
40 43 48
41 38 48
41 42 1231
41 44 48
42 39 48
42 41 1231
42 43 1231
42 45 48
43 40 48
43 42 1231
43 46 48
44 21 193
44 41 48
44 47 48
45 24 843
45 42 48
45 46 1231
45 48 48
46 43 48
46 45 1231
46 49 48
47 44 48
47 48 1231
47 50 48
48 15 258
48 45 48
48 47 1231
48 51 48
49 18 362
49 46 48
49 52 48
50 47 48
50 51 1231
50 53 48
51 48 48
51 50 1231
51 52 1231
51 54 48
52 49 48
52 51 1231
52 55 48
53 50 48
53 54 1231
53 56 48
54 51 48
54 53 1231
54 55 1231
54 57 48
55 52 48
55 54 1231
55 58 48
56 53 48
56 57 1231
56 59 48
57 54 48
57 56 1231
57 58 1231
57 60 48
58 55 48
58 57 1231
58 61 48
59 56 48
59 60 1231
59 62 48
60 57 48
60 59 1231
60 61 1231
60 63 48
61 58 48
61 60 1231
61 64 48
62 59 48
62 63 1231
62 65 48
63 60 48
63 62 1231
63 64 1231
63 66 48
64 61 48
64 63 1231
64 67 48
65 62 48
65 66 1231
65 68 48
66 63 48
66 65 1231
66 67 1231
66 69 48
67 64 48
67 66 1231
67 70 48
68 65 48
68 69 1231
68 71 48
69 66 48
69 68 1231
69 70 1231
69 72 48
70 67 48
70 69 1231
70 73 48
71 68 48
71 72 1231
71 74 48
72 69 48
72 71 1231
72 73 1231
72 75 48
73 70 48
73 72 1231
73 76 48
74 71 48
74 75 1231
74 77 48
75 72 48
75 74 1231
75 76 1231
75 78 48
76 73 48
76 75 1231
76 79 48
77 74 48
77 78 1231
78 75 48
78 77 1231
78 79 1231
79 76 48
79 78 1231
//LocStart LocEnd ShortestPath
0 0 0
0 1 2259
0 2 1202
0 3 1891
0 4 209
0 5 929
0 6 2168
0 7 1254
0 8 2491
0 9 1973
0 10 508
0 11 842
0 12 2296
0 13 843
0 14 937
0 15 1945
0 16 1882
0 17 2238
0 18 2556
0 19 1791
0 20 1298
0 21 601
0 22 1865
0 23 1661
0 24 796
0 25 391
0 26 120
0 27 1351
0 28 2582
0 29 168
0 30 1399
0 31 2630
0 32 216
0 33 1447
0 34 2678
0 35 264
0 36 1495
0 37 2726
0 38 312
0 39 1543
0 40 2774
0 41 360
0 42 1591
0 43 2822
0 44 408
0 45 1639
0 46 2870
0 47 456
0 48 1687
0 49 2918
0 50 504
0 51 1735
0 52 2966
0 53 552
0 54 1783
0 55 3014
0 56 600
0 57 1831
0 58 3062
0 59 648
0 60 1879
0 61 3110
0 62 696
0 63 1927
0 64 3158
0 65 744
0 66 1975
0 67 3206
0 68 792
0 69 2023
0 70 3254
0 71 840
0 72 2071
0 73 3302
0 74 888
0 75 2119
0 76 3350
0 77 936
0 78 2167
0 79 3398
0 80 0
1 0 2259
1 1 0
1 2 1249
1 3 1110
1 4 2050
1 5 1522
1 6 91
1 7 1197
1 8 1086
1 9 286
1 10 1751
1 11 1513
1 12 1281
1 13 1800
1 14 1322
1 15 1502
1 16 377
1 17 859
1 18 1021
1 19 468
1 20 1345
1 21 2234
1 22 1136
1 23 598
1 24 2039
1 25 1868
1 26 2139
1 27 908
1 28 323
1 29 2187
1 30 956
1 31 371
1 32 2235
1 33 1004
1 34 419
1 35 2283
1 36 1052
1 37 467
1 38 2331
1 39 1100
1 40 515
1 41 2379
1 42 1148
1 43 563
1 44 2427
1 45 1196
1 46 611
1 47 2475
1 48 1244
1 49 659
1 50 2523
1 51 1292
1 52 707
1 53 2571
1 54 1340
1 55 755
1 56 2619
1 57 1388
1 58 803
1 59 2667
1 60 1436
1 61 851
1 62 2715
1 63 1484
1 64 899
1 65 2763
1 66 1532
1 67 947
1 68 2811
1 69 1580
1 70 995
1 71 2859
1 72 1628
1 73 1043
1 74 2907
1 75 1676
1 76 1091
1 77 2955
1 78 1724
1 79 1139
1 80 2259
2 0 1202
2 1 1249
2 2 0
2 3 785
2 4 1171
2 5 273
2 6 1158
2 7 52
2 8 1289
2 9 963
2 10 1184
2 11 850
2 12 1094
2 13 1041
2 14 755
2 15 743
2 16 872
2 17 1036
2 18 1354
2 19 781
2 20 586
2 21 1371
2 22 759
2 23 651
2 24 1280
2 25 1301
2 26 1082
2 27 341
2 28 1572
2 29 1034
2 30 293
2 31 1524
2 32 986
2 33 245
2 34 1476
2 35 1034
2 36 293
2 37 1524
2 38 1082
2 39 341
2 40 1572
2 41 1130
2 42 389
2 43 1620
2 44 1178
2 45 437
2 46 1668
2 47 1226
2 48 485
2 49 1716
2 50 1274
2 51 533
2 52 1764
2 53 1322
2 54 581
2 55 1812
2 56 1370
2 57 629
2 58 1860
2 59 1418
2 60 677
2 61 1908
2 62 1466
2 63 725
2 64 1956
2 65 1514
2 66 773
2 67 2004
2 68 1562
2 69 821
2 70 2052
2 71 1610
2 72 869
2 73 2100
2 74 1658
2 75 917
2 76 2148
2 77 1706
2 78 965
2 79 2196
2 80 1202
3 0 1891
3 1 1110
3 2 785
3 3 0
3 4 1682
3 5 1058
3 6 1201
3 7 733
3 8 1454
3 9 1162
3 10 1383
3 11 1049
3 12 1389
3 13 1336
3 14 954
3 15 1038
3 16 1071
3 17 1227
3 18 1389
3 19 980
3 20 881
3 21 1770
3 22 26
3 23 850
3 24 1575
3 25 1500
3 26 1771
3 27 540
3 28 787
3 29 1723
3 30 492
3 31 739
3 32 1771
3 33 540
3 34 787
3 35 1819
3 36 588
3 37 835
3 38 1867
3 39 636
3 40 883
3 41 1915
3 42 684
3 43 931
3 44 1963
3 45 732
3 46 979
3 47 2011
3 48 780
3 49 1027
3 50 2059
3 51 828
3 52 1075
3 53 2107
3 54 876
3 55 1123
3 56 2155
3 57 924
3 58 1171
3 59 2203
3 60 972
3 61 1219
3 62 2251
3 63 1020
3 64 1267
3 65 2299
3 66 1068
3 67 1315
3 68 2347
3 69 1116
3 70 1363
3 71 2395
3 72 1164
3 73 1411
3 74 2443
3 75 1212
3 76 1459
3 77 2491
3 78 1260
3 79 1507
3 80 1891
4 0 209
4 1 2050
4 2 1171
4 3 1682
4 4 0
4 5 898
4 6 1959
4 7 1223
4 8 2282
4 9 1764
4 10 299
4 11 811
4 12 2087
4 13 812
4 14 728
4 15 1736
4 16 1673
4 17 2029
4 18 2347
4 19 1582
4 20 1267
4 21 570
4 22 1656
4 23 1452
4 24 765
4 25 182
4 26 89
4 27 1142
4 28 2373
4 29 137
4 30 1190
4 31 2421
4 32 185
4 33 1238
4 34 2469
4 35 233
4 36 1286
4 37 2517
4 38 281
4 39 1334
4 40 2565
4 41 329
4 42 1382
4 43 2613
4 44 377
4 45 1430
4 46 2661
4 47 425
4 48 1478
4 49 2709
4 50 473
4 51 1526
4 52 2757
4 53 521
4 54 1574
4 55 2805
4 56 569
4 57 1622
4 58 2853
4 59 617
4 60 1670
4 61 2901
4 62 665
4 63 1718
4 64 2949
4 65 713
4 66 1766
4 67 2997
4 68 761
4 69 1814
4 70 3045
4 71 809
4 72 1862
4 73 3093
4 74 857
4 75 1910
4 76 3141
4 77 905
4 78 1958
4 79 3189
4 80 209
5 0 929
5 1 1522
5 2 273
5 3 1058
5 4 898
5 5 0
5 6 1431
5 7 325
5 8 1562
5 9 1236
5 10 1197
5 11 1123
5 12 1367
5 13 1314
5 14 1028
5 15 1016
5 16 1145
5 17 1309
5 18 1627
5 19 1054
5 20 859
5 21 1098
5 22 1032
5 23 924
5 24 1293
5 25 1080
5 26 809
5 27 614
5 28 1845
5 29 761
5 30 566
5 31 1797
5 32 713
5 33 518
5 34 1749
5 35 761
5 36 566
5 37 1797
5 38 809
5 39 614
5 40 1845
5 41 857
5 42 662
5 43 1893
5 44 905
5 45 710
5 46 1941
5 47 953
5 48 758
5 49 1989
5 50 1001
5 51 806
5 52 2037
5 53 1049
5 54 854
5 55 2085
5 56 1097
5 57 902
5 58 2133
5 59 1145
5 60 950
5 61 2181
5 62 1193
5 63 998
5 64 2229
5 65 1241
5 66 1046
5 67 2277
5 68 1289
5 69 1094
5 70 2325
5 71 1337
5 72 1142
5 73 2373
5 74 1385
5 75 1190
5 76 2421
5 77 1433
5 78 1238
5 79 2469
5 80 929
6 0 2168
6 1 91
6 2 1158
6 3 1201
6 4 1959
6 5 1431
6 6 0
6 7 1106
6 8 1177
6 9 195
6 10 1660
6 11 1422
6 12 1372
6 13 1709
6 14 1231
6 15 1411
6 16 286
6 17 950
6 18 1112
6 19 377
6 20 1254
6 21 2143
6 22 1227
6 23 507
6 24 1948
6 25 1777
6 26 2048
6 27 817
6 28 414
6 29 2096
6 30 865
6 31 462
6 32 2144
6 33 913
6 34 510
6 35 2192
6 36 961
6 37 558
6 38 2240
6 39 1009
6 40 606
6 41 2288
6 42 1057
6 43 654
6 44 2336
6 45 1105
6 46 702
6 47 2384
6 48 1153
6 49 750
6 50 2432
6 51 1201
6 52 798
6 53 2480
6 54 1249
6 55 846
6 56 2528
6 57 1297
6 58 894
6 59 2576
6 60 1345
6 61 942
6 62 2624
6 63 1393
6 64 990
6 65 2672
6 66 1441
6 67 1038
6 68 2720
6 69 1489
6 70 1086
6 71 2768
6 72 1537
6 73 1134
6 74 2816
6 75 1585
6 76 1182
6 77 2864
6 78 1633
6 79 1230
6 80 2168
7 0 1254
7 1 1197
7 2 52
7 3 733
7 4 1223
7 5 325
7 6 1106
7 7 0
7 8 1237
7 9 911
7 10 1132
7 11 798
7 12 1042
7 13 989
7 14 703
7 15 691
7 16 820
7 17 984
7 18 1302
7 19 729
7 20 534
7 21 1423
7 22 707
7 23 599
7 24 1228
7 25 1249
7 26 1134
7 27 289
7 28 1520
7 29 1086
7 30 241
7 31 1472
7 32 1038
7 33 193
7 34 1424
7 35 1086
7 36 241
7 37 1472
7 38 1134
7 39 289
7 40 1520
7 41 1182
7 42 337
7 43 1568
7 44 1230
7 45 385
7 46 1616
7 47 1278
7 48 433
7 49 1664
7 50 1326
7 51 481
7 52 1712
7 53 1374
7 54 529
7 55 1760
7 56 1422
7 57 577
7 58 1808
7 59 1470
7 60 625
7 61 1856
7 62 1518
7 63 673
7 64 1904
7 65 1566
7 66 721
7 67 1952
7 68 1614
7 69 769
7 70 2000
7 71 1662
7 72 817
7 73 2048
7 74 1710
7 75 865
7 76 2096
7 77 1758
7 78 913
7 79 2144
7 80 1254
8 0 2491
8 1 1086
8 2 1289
8 3 1454
8 4 2282
8 5 1562
8 6 1177
8 7 1237
8 8 0
8 9 1372
8 10 1983
8 11 1649
8 12 195
8 13 1648
8 14 1554
8 15 546
8 16 1463
8 17 1107
8 18 65
8 19 1554
8 20 1193
8 21 1890
8 22 1480
8 23 1450
8 24 1695
8 25 2100
8 26 2371
8 27 1140
8 28 763
8 29 2323
8 30 1092
8 31 715
8 32 2275
8 33 1044
8 34 667
8 35 2227
8 36 996
8 37 619
8 38 2179
8 39 948
8 40 571
8 41 2131
8 42 900
8 43 523
8 44 2083
8 45 852
8 46 475
8 47 2035
8 48 804
8 49 427
8 50 2083
8 51 852
8 52 475
8 53 2131
8 54 900
8 55 523
8 56 2179
8 57 948
8 58 571
8 59 2227
8 60 996
8 61 619
8 62 2275
8 63 1044
8 64 667
8 65 2323
8 66 1092
8 67 715
8 68 2371
8 69 1140
8 70 763
8 71 2419
8 72 1188
8 73 811
8 74 2467
8 75 1236
8 76 859
8 77 2515
8 78 1284
8 79 907
8 80 2491
9 0 1973
9 1 286
9 2 963
9 3 1162
9 4 1764
9 5 1236
9 6 195
9 7 911
9 8 1372
9 9 0
9 10 1465
9 11 1227
9 12 1567
9 13 1514
9 14 1036
9 15 1216
9 16 91
9 17 1145
9 18 1307
9 19 182
9 20 1059
9 21 1948
9 22 1136
9 23 312
9 24 1753
9 25 1582
9 26 1853
9 27 622
9 28 609
9 29 1901
9 30 670
9 31 657
9 32 1949
9 33 718
9 34 705
9 35 1997
9 36 766
9 37 753
9 38 2045
9 39 814
9 40 801
9 41 2093
9 42 862
9 43 849
9 44 2141
9 45 910
9 46 897
9 47 2189
9 48 958
9 49 945
9 50 2237
9 51 1006
9 52 993
9 53 2285
9 54 1054
9 55 1041
9 56 2333
9 57 1102
9 58 1089
9 59 2381
9 60 1150
9 61 1137
9 62 2429
9 63 1198
9 64 1185
9 65 2477
9 66 1246
9 67 1233
9 68 2525
9 69 1294
9 70 1281
9 71 2573
9 72 1342
9 73 1329
9 74 2621
9 75 1390
9 76 1377
9 77 2669
9 78 1438
9 79 1425
9 80 1973
10 0 508
10 1 1751
10 2 1184
10 3 1383
10 4 299
10 5 1197
10 6 1660
10 7 1132
10 8 1983
10 9 1465
10 10 0
10 11 1110
10 12 1788
10 13 1111
10 14 429
10 15 1437
10 16 1374
10 17 1730
10 18 2048
10 19 1283
10 20 1280
10 21 869
10 22 1357
10 23 1153
10 24 1064
10 25 117
10 26 388
10 27 843
10 28 2074
10 29 436
10 30 891
10 31 2122
10 32 484
10 33 939
10 34 2170
10 35 532
10 36 987
10 37 2218
10 38 580
10 39 1035
10 40 2266
10 41 628
10 42 1083
10 43 2314
10 44 676
10 45 1131
10 46 2362
10 47 724
10 48 1179
10 49 2410
10 50 772
10 51 1227
10 52 2458
10 53 820
10 54 1275
10 55 2506
10 56 868
10 57 1323
10 58 2554
10 59 916
10 60 1371
10 61 2602
10 62 964
10 63 1419
10 64 2650
10 65 1012
10 66 1467
10 67 2698
10 68 1060
10 69 1515
10 70 2746
10 71 1108
10 72 1563
10 73 2794
10 74 1156
10 75 1611
10 76 2842
10 77 1204
10 78 1659
10 79 2890
10 80 508
11 0 842
11 1 1513
11 2 850
11 3 1049
11 4 811
11 5 1123
11 6 1422
11 7 798
11 8 1649
11 9 1227
11 10 1110
11 11 0
11 12 1454
11 13 1349
11 14 1019
11 15 1103
11 16 1136
11 17 1396
11 18 1714
11 19 1045
11 20 946
11 21 1107
11 22 1023
11 23 915
11 24 1302
11 25 993
11 26 722
11 27 605
11 28 1836
11 29 674
11 30 557
11 31 1788
11 32 722
11 33 605
11 34 1836
11 35 770
11 36 653
11 37 1884
11 38 818
11 39 701
11 40 1932
11 41 866
11 42 749
11 43 1980
11 44 914
11 45 797
11 46 2028
11 47 962
11 48 845
11 49 2076
11 50 1010
11 51 893
11 52 2124
11 53 1058
11 54 941
11 55 2172
11 56 1106
11 57 989
11 58 2220
11 59 1154
11 60 1037
11 61 2268
11 62 1202
11 63 1085
11 64 2316
11 65 1250
11 66 1133
11 67 2364
11 68 1298
11 69 1181
11 70 2412
11 71 1346
11 72 1229
11 73 2460
11 74 1394
11 75 1277
11 76 2508
11 77 1442
11 78 1325
11 79 2556
11 80 842
12 0 2296
12 1 1281
12 2 1094
12 3 1389
12 4 2087
12 5 1367
12 6 1372
12 7 1042
12 8 195
12 9 1567
12 10 1788
12 11 1454
12 12 0
12 13 1453
12 14 1359
12 15 351
12 16 1476
12 17 1302
12 18 260
12 19 1385
12 20 998
12 21 1695
12 22 1363
12 23 1255
12 24 1500
12 25 1905
12 26 2176
12 27 945
12 28 958
12 29 2128
12 30 897
12 31 910
12 32 2080
12 33 849
12 34 862
12 35 2032
12 36 801
12 37 814
12 38 1984
12 39 753
12 40 766
12 41 1936
12 42 705
12 43 718
12 44 1888
12 45 657
12 46 670
12 47 1840
12 48 609
12 49 622
12 50 1888
12 51 657
12 52 670
12 53 1936
12 54 705
12 55 718
12 56 1984
12 57 753
12 58 766
12 59 2032
12 60 801
12 61 814
12 62 2080
12 63 849
12 64 862
12 65 2128
12 66 897
12 67 910
12 68 2176
12 69 945
12 70 958
12 71 2224
12 72 993
12 73 1006
12 74 2272
12 75 1041
12 76 1054
12 77 2320
12 78 1089
12 79 1102
12 80 2296
13 0 843
13 1 1800
13 2 1041
13 3 1336
13 4 812
13 5 1314
13 6 1709
13 7 989
13 8 1648
13 9 1514
13 10 1111
13 11 1349
13 12 1453
13 13 0
13 14 1306
13 15 1102
13 16 1423
13 17 1587
13 18 1713
13 19 1332
13 20 455
13 21 820
13 22 1310
13 23 1202
13 24 1015
13 25 994
13 26 723
13 27 892
13 28 2123
13 29 675
13 30 844
13 31 2075
13 32 627
13 33 796
13 34 2027
13 35 579
13 36 748
13 37 1979
13 38 531
13 39 700
13 40 1931
13 41 579
13 42 748
13 43 1979
13 44 627
13 45 796
13 46 2027
13 47 675
13 48 844
13 49 2075
13 50 723
13 51 892
13 52 2123
13 53 771
13 54 940
13 55 2171
13 56 819
13 57 988
13 58 2219
13 59 867
13 60 1036
13 61 2267
13 62 915
13 63 1084
13 64 2315
13 65 963
13 66 1132
13 67 2363
13 68 1011
13 69 1180
13 70 2411
13 71 1059
13 72 1228
13 73 2459
13 74 1107
13 75 1276
13 76 2507
13 77 1155
13 78 1324
13 79 2555
13 80 843
14 0 937
14 1 1322
14 2 755
14 3 954
14 4 728
14 5 1028
14 6 1231
14 7 703
14 8 1554
14 9 1036
14 10 429
14 11 1019
14 12 1359
14 13 1306
14 14 0
14 15 1008
14 16 945
14 17 1301
14 18 1619
14 19 854
14 20 851
14 21 1298
14 22 928
14 23 724
14 24 1493
14 25 546
14 26 817
14 27 414
14 28 1645
14 29 865
14 30 462
14 31 1693
14 32 913
14 33 510
14 34 1741
14 35 961
14 36 558
14 37 1789
14 38 1009
14 39 606
14 40 1837
14 41 1057
14 42 654
14 43 1885
14 44 1105
14 45 702
14 46 1933
14 47 1153
14 48 750
14 49 1981
14 50 1201
14 51 798
14 52 2029
14 53 1249
14 54 846
14 55 2077
14 56 1297
14 57 894
14 58 2125
14 59 1345
14 60 942
14 61 2173
14 62 1393
14 63 990
14 64 2221
14 65 1441
14 66 1038
14 67 2269
14 68 1489
14 69 1086
14 70 2317
14 71 1537
14 72 1134
14 73 2365
14 74 1585
14 75 1182
14 76 2413
14 77 1633
14 78 1230
14 79 2461
14 80 937
15 0 1945
15 1 1502
15 2 743
15 3 1038
15 4 1736
15 5 1016
15 6 1411
15 7 691
15 8 546
15 9 1216
15 10 1437
15 11 1103
15 12 351
15 13 1102
15 14 1008
15 15 0
15 16 1125
15 17 1289
15 18 611
15 19 1034
15 20 647
15 21 1344
15 22 1012
15 23 904
15 24 1149
15 25 1554
15 26 1825
15 27 594
15 28 1309
15 29 1777
15 30 546
15 31 1261
15 32 1729
15 33 498
15 34 1213
15 35 1681
15 36 450
15 37 1165
15 38 1633
15 39 402
15 40 1117
15 41 1585
15 42 354
15 43 1069
15 44 1537
15 45 306
15 46 1021
15 47 1489
15 48 258
15 49 973
15 50 1537
15 51 306
15 52 1021
15 53 1585
15 54 354
15 55 1069
15 56 1633
15 57 402
15 58 1117
15 59 1681
15 60 450
15 61 1165
15 62 1729
15 63 498
15 64 1213
15 65 1777
15 66 546
15 67 1261
15 68 1825
15 69 594
15 70 1309
15 71 1873
15 72 642
15 73 1357
15 74 1921
15 75 690
15 76 1405
15 77 1969
15 78 738
15 79 1453
15 80 1945
16 0 1882
16 1 377
16 2 872
16 3 1071
16 4 1673
16 5 1145
16 6 286
16 7 820
16 8 1463
16 9 91
16 10 1374
16 11 1136
16 12 1476
16 13 1423
16 14 945
16 15 1125
16 16 0
16 17 1236
16 18 1398
16 19 91
16 20 968
16 21 1857
16 22 1045
16 23 221
16 24 1662
16 25 1491
16 26 1762
16 27 531
16 28 700
16 29 1810
16 30 579
16 31 748
16 32 1858
16 33 627
16 34 796
16 35 1906
16 36 675
16 37 844
16 38 1954
16 39 723
16 40 892
16 41 2002
16 42 771
16 43 940
16 44 2050
16 45 819
16 46 988
16 47 2098
16 48 867
16 49 1036
16 50 2146
16 51 915
16 52 1084
16 53 2194
16 54 963
16 55 1132
16 56 2242
16 57 1011
16 58 1180
16 59 2290
16 60 1059
16 61 1228
16 62 2338
16 63 1107
16 64 1276
16 65 2386
16 66 1155
16 67 1324
16 68 2434
16 69 1203
16 70 1372
16 71 2482
16 72 1251
16 73 1420
16 74 2530
16 75 1299
16 76 1468
16 77 2578
16 78 1347
16 79 1516
16 80 1882
17 0 2238
17 1 859
17 2 1036
17 3 1227
17 4 2029
17 5 1309
17 6 950
17 7 984
17 8 1107
17 9 1145
17 10 1730
17 11 1396
17 12 1302
17 13 1587
17 14 1301
17 15 1289
17 16 1236
17 17 0
17 18 1042
17 19 1327
17 20 1132
17 21 2021
17 22 1253
17 23 1197
17 24 1826
17 25 1847
17 26 2118
17 27 887
17 28 536
17 29 2070
17 30 839
17 31 488
17 32 2022
17 33 791
17 34 440
17 35 2070
17 36 839
17 37 488
17 38 2118
17 39 887
17 40 536
17 41 2166
17 42 935
17 43 584
17 44 2214
17 45 983
17 46 632
17 47 2262
17 48 1031
17 49 680
17 50 2310
17 51 1079
17 52 728
17 53 2358
17 54 1127
17 55 776
17 56 2406
17 57 1175
17 58 824
17 59 2454
17 60 1223
17 61 872
17 62 2502
17 63 1271
17 64 920
17 65 2550
17 66 1319
17 67 968
17 68 2598
17 69 1367
17 70 1016
17 71 2646
17 72 1415
17 73 1064
17 74 2694
17 75 1463
17 76 1112
17 77 2742
17 78 1511
17 79 1160
17 80 2238
18 0 2556
18 1 1021
18 2 1354
18 3 1389
18 4 2347
18 5 1627
18 6 1112
18 7 1302
18 8 65
18 9 1307
18 10 2048
18 11 1714
18 12 260
18 13 1713
18 14 1619
18 15 611
18 16 1398
18 17 1042
18 18 0
18 19 1489
18 20 1258
18 21 1955
18 22 1415
18 23 1515
18 24 1760
18 25 2165
18 26 2436
18 27 1205
18 28 698
18 29 2388
18 30 1157
18 31 650
18 32 2340
18 33 1109
18 34 602
18 35 2292
18 36 1061
18 37 554
18 38 2244
18 39 1013
18 40 506
18 41 2196
18 42 965
18 43 458
18 44 2148
18 45 917
18 46 410
18 47 2100
18 48 869
18 49 362
18 50 2148
18 51 917
18 52 410
18 53 2196
18 54 965
18 55 458
18 56 2244
18 57 1013
18 58 506
18 59 2292
18 60 1061
18 61 554
18 62 2340
18 63 1109
18 64 602
18 65 2388
18 66 1157
18 67 650
18 68 2436
18 69 1205
18 70 698
18 71 2484
18 72 1253
18 73 746
18 74 2532
18 75 1301
18 76 794
18 77 2580
18 78 1349
18 79 842
18 80 2556
19 0 1791
19 1 468
19 2 781
19 3 980
19 4 1582
19 5 1054
19 6 377
19 7 729
19 8 1554
19 9 182
19 10 1283
19 11 1045
19 12 1385
19 13 1332
19 14 854
19 15 1034
19 16 91
19 17 1327
19 18 1489
19 19 0
19 20 877
19 21 1766
19 22 954
19 23 130
19 24 1571
19 25 1400
19 26 1671
19 27 440
19 28 791
19 29 1719
19 30 488
19 31 839
19 32 1767
19 33 536
19 34 887
19 35 1815
19 36 584
19 37 935
19 38 1863
19 39 632
19 40 983
19 41 1911
19 42 680
19 43 1031
19 44 1959
19 45 728
19 46 1079
19 47 2007
19 48 776
19 49 1127
19 50 2055
19 51 824
19 52 1175
19 53 2103
19 54 872
19 55 1223
19 56 2151
19 57 920
19 58 1271
19 59 2199
19 60 968
19 61 1319
19 62 2247
19 63 1016
19 64 1367
19 65 2295
19 66 1064
19 67 1415
19 68 2343
19 69 1112
19 70 1463
19 71 2391
19 72 1160
19 73 1511
19 74 2439
19 75 1208
19 76 1559
19 77 2487
19 78 1256
19 79 1607
19 80 1791
20 0 1298
20 1 1345
20 2 586
20 3 881
20 4 1267
20 5 859
20 6 1254
20 7 534
20 8 1193
20 9 1059
20 10 1280
20 11 946
20 12 998
20 13 455
20 14 851
20 15 647
20 16 968
20 17 1132
20 18 1258
20 19 877
20 20 0
20 21 1275
20 22 855
20 23 747
20 24 1184
20 25 1397
20 26 1178
20 27 437
20 28 1668
20 29 1130
20 30 389
20 31 1620
20 32 1082
20 33 341
20 34 1572
20 35 1034
20 36 293
20 37 1524
20 38 986
20 39 245
20 40 1476
20 41 1034
20 42 293
20 43 1524
20 44 1082
20 45 341
20 46 1572
20 47 1130
20 48 389
20 49 1620
20 50 1178
20 51 437
20 52 1668
20 53 1226
20 54 485
20 55 1716
20 56 1274
20 57 533
20 58 1764
20 59 1322
20 60 581
20 61 1812
20 62 1370
20 63 629
20 64 1860
20 65 1418
20 66 677
20 67 1908
20 68 1466
20 69 725
20 70 1956
20 71 1514
20 72 773
20 73 2004
20 74 1562
20 75 821
20 76 2052
20 77 1610
20 78 869
20 79 2100
20 80 1298
21 0 601
21 1 2234
21 2 1371
21 3 1770
21 4 570
21 5 1098
21 6 2143
21 7 1423
21 8 1890
21 9 1948
21 10 869
21 11 1107
21 12 1695
21 13 820
21 14 1298
21 15 1344
21 16 1857
21 17 2021
21 18 1955
21 19 1766
21 20 1275
21 21 0
21 22 1744
21 23 1636
21 24 195
21 25 752
21 26 481
21 27 1326
21 28 2557
21 29 433
21 30 1278
21 31 2509
21 32 385
21 33 1230
21 34 2461
21 35 337
21 36 1182
21 37 2413
21 38 289
21 39 1134
21 40 2365
21 41 241
21 42 1086
21 43 2317
21 44 193
21 45 1038
21 46 2269
21 47 241
21 48 1086
21 49 2317
21 50 289
21 51 1134
21 52 2365
21 53 337
21 54 1182
21 55 2413
21 56 385
21 57 1230
21 58 2461
21 59 433
21 60 1278
21 61 2509
21 62 481
21 63 1326
21 64 2557
21 65 529
21 66 1374
21 67 2605
21 68 577
21 69 1422
21 70 2653
21 71 625
21 72 1470
21 73 2701
21 74 673
21 75 1518
21 76 2749
21 77 721
21 78 1566
21 79 2797
21 80 601
22 0 1865
22 1 1136
22 2 759
22 3 26
22 4 1656
22 5 1032
22 6 1227
22 7 707
22 8 1480
22 9 1136
22 10 1357
22 11 1023
22 12 1363
22 13 1310
22 14 928
22 15 1012
22 16 1045
22 17 1253
22 18 1415
22 19 954
22 20 855
22 21 1744
22 22 0
22 23 824
22 24 1549
22 25 1474
22 26 1745
22 27 514
22 28 813
22 29 1697
22 30 466
22 31 765
22 32 1745
22 33 514
22 34 813
22 35 1793
22 36 562
22 37 861
22 38 1841
22 39 610
22 40 909
22 41 1889
22 42 658
22 43 957
22 44 1937
22 45 706
22 46 1005
22 47 1985
22 48 754
22 49 1053
22 50 2033
22 51 802
22 52 1101
22 53 2081
22 54 850
22 55 1149
22 56 2129
22 57 898
22 58 1197
22 59 2177
22 60 946
22 61 1245
22 62 2225
22 63 994
22 64 1293
22 65 2273
22 66 1042
22 67 1341
22 68 2321
22 69 1090
22 70 1389
22 71 2369
22 72 1138
22 73 1437
22 74 2417
22 75 1186
22 76 1485
22 77 2465
22 78 1234
22 79 1533
22 80 1865
23 0 1661
23 1 598
23 2 651
23 3 850
23 4 1452
23 5 924
23 6 507
23 7 599
23 8 1450
23 9 312
23 10 1153
23 11 915
23 12 1255
23 13 1202
23 14 724
23 15 904
23 16 221
23 17 1197
23 18 1515
23 19 130
23 20 747
23 21 1636
23 22 824
23 23 0
23 24 1441
23 25 1270
23 26 1541
23 27 310
23 28 921
23 29 1589
23 30 358
23 31 969
23 32 1637
23 33 406
23 34 1017
23 35 1685
23 36 454
23 37 1065
23 38 1733
23 39 502
23 40 1113
23 41 1781
23 42 550
23 43 1161
23 44 1829
23 45 598
23 46 1209
23 47 1877
23 48 646
23 49 1257
23 50 1925
23 51 694
23 52 1305
23 53 1973
23 54 742
23 55 1353
23 56 2021
23 57 790
23 58 1401
23 59 2069
23 60 838
23 61 1449
23 62 2117
23 63 886
23 64 1497
23 65 2165
23 66 934
23 67 1545
23 68 2213
23 69 982
23 70 1593
23 71 2261
23 72 1030
23 73 1641
23 74 2309
23 75 1078
23 76 1689
23 77 2357
23 78 1126
23 79 1737
23 80 1661
24 0 796
24 1 2039
24 2 1280
24 3 1575
24 4 765
24 5 1293
24 6 1948
24 7 1228
24 8 1695
24 9 1753
24 10 1064
24 11 1302
24 12 1500
24 13 1015
24 14 1493
24 15 1149
24 16 1662
24 17 1826
24 18 1760
24 19 1571
24 20 1184
24 21 195
24 22 1549
24 23 1441
24 24 0
24 25 947
24 26 676
24 27 1131
24 28 2362
24 29 628
24 30 1083
24 31 2314
24 32 580
24 33 1035
24 34 2266
24 35 532
24 36 987
24 37 2218
24 38 484
24 39 939
24 40 2170
24 41 436
24 42 891
24 43 2122
24 44 388
24 45 843
24 46 2074
24 47 436
24 48 891
24 49 2122
24 50 484
24 51 939
24 52 2170
24 53 532
24 54 987
24 55 2218
24 56 580
24 57 1035
24 58 2266
24 59 628
24 60 1083
24 61 2314
24 62 676
24 63 1131
24 64 2362
24 65 724
24 66 1179
24 67 2410
24 68 772
24 69 1227
24 70 2458
24 71 820
24 72 1275
24 73 2506
24 74 868
24 75 1323
24 76 2554
24 77 916
24 78 1371
24 79 2602
24 80 796
25 0 391
25 1 1868
25 2 1301
25 3 1500
25 4 182
25 5 1080
25 6 1777
25 7 1249
25 8 2100
25 9 1582
25 10 117
25 11 993
25 12 1905
25 13 994
25 14 546
25 15 1554
25 16 1491
25 17 1847
25 18 2165
25 19 1400
25 20 1397
25 21 752
25 22 1474
25 23 1270
25 24 947
25 25 0
25 26 271
25 27 960
25 28 2191
25 29 319
25 30 1008
25 31 2239
25 32 367
25 33 1056
25 34 2287
25 35 415
25 36 1104
25 37 2335
25 38 463
25 39 1152
25 40 2383
25 41 511
25 42 1200
25 43 2431
25 44 559
25 45 1248
25 46 2479
25 47 607
25 48 1296
25 49 2527
25 50 655
25 51 1344
25 52 2575
25 53 703
25 54 1392
25 55 2623
25 56 751
25 57 1440
25 58 2671
25 59 799
25 60 1488
25 61 2719
25 62 847
25 63 1536
25 64 2767
25 65 895
25 66 1584
25 67 2815
25 68 943
25 69 1632
25 70 2863
25 71 991
25 72 1680
25 73 2911
25 74 1039
25 75 1728
25 76 2959
25 77 1087
25 78 1776
25 79 3007
25 80 391
26 0 120
26 1 2139
26 2 1082
26 3 1771
26 4 89
26 5 809
26 6 2048
26 7 1134
26 8 2371
26 9 1853
26 10 388
26 11 722
26 12 2176
26 13 723
26 14 817
26 15 1825
26 16 1762
26 17 2118
26 18 2436
26 19 1671
26 20 1178
26 21 481
26 22 1745
26 23 1541
26 24 676
26 25 271
26 26 0
26 27 1231
26 28 2462
26 29 48
26 30 1279
26 31 2510
26 32 96
26 33 1327
26 34 2558
26 35 144
26 36 1375
26 37 2606
26 38 192
26 39 1423
26 40 2654
26 41 240
26 42 1471
26 43 2702
26 44 288
26 45 1519
26 46 2750
26 47 336
26 48 1567
26 49 2798
26 50 384
26 51 1615
26 52 2846
26 53 432
26 54 1663
26 55 2894
26 56 480
26 57 1711
26 58 2942
26 59 528
26 60 1759
26 61 2990
26 62 576
26 63 1807
26 64 3038
26 65 624
26 66 1855
26 67 3086
26 68 672
26 69 1903
26 70 3134
26 71 720
26 72 1951
26 73 3182
26 74 768
26 75 1999
26 76 3230
26 77 816
26 78 2047
26 79 3278
26 80 120
27 0 1351
27 1 908
27 2 341
27 3 540
27 4 1142
27 5 614
27 6 817
27 7 289
27 8 1140
27 9 622
27 10 843
27 11 605
27 12 945
27 13 892
27 14 414
27 15 594
27 16 531
27 17 887
27 18 1205
27 19 440
27 20 437
27 21 1326
27 22 514
27 23 310
27 24 1131
27 25 960
27 26 1231
27 27 0
27 28 1231
27 29 1279
27 30 48
27 31 1279
27 32 1327
27 33 96
27 34 1327
27 35 1375
27 36 144
27 37 1375
27 38 1423
27 39 192
27 40 1423
27 41 1471
27 42 240
27 43 1471
27 44 1519
27 45 288
27 46 1519
27 47 1567
27 48 336
27 49 1567
27 50 1615
27 51 384
27 52 1615
27 53 1663
27 54 432
27 55 1663
27 56 1711
27 57 480
27 58 1711
27 59 1759
27 60 528
27 61 1759
27 62 1807
27 63 576
27 64 1807
27 65 1855
27 66 624
27 67 1855
27 68 1903
27 69 672
27 70 1903
27 71 1951
27 72 720
27 73 1951
27 74 1999
27 75 768
27 76 1999
27 77 2047
27 78 816
27 79 2047
27 80 1351
28 0 2582
28 1 323
28 2 1572
28 3 787
28 4 2373
28 5 1845
28 6 414
28 7 1520
28 8 763
28 9 609
28 10 2074
28 11 1836
28 12 958
28 13 2123
28 14 1645
28 15 1309
28 16 700
28 17 536
28 18 698
28 19 791
28 20 1668
28 21 2557
28 22 813
28 23 921
28 24 2362
28 25 2191
28 26 2462
28 27 1231
28 28 0
28 29 2510
28 30 1279
28 31 48
28 32 2558
28 33 1327
28 34 96
28 35 2606
28 36 1375
28 37 144
28 38 2654
28 39 1423
28 40 192
28 41 2702
28 42 1471
28 43 240
28 44 2750
28 45 1519
28 46 288
28 47 2798
28 48 1567
28 49 336
28 50 2846
28 51 1615
28 52 384
28 53 2894
28 54 1663
28 55 432
28 56 2942
28 57 1711
28 58 480
28 59 2990
28 60 1759
28 61 528
28 62 3038
28 63 1807
28 64 576
28 65 3086
28 66 1855
28 67 624
28 68 3134
28 69 1903
28 70 672
28 71 3182
28 72 1951
28 73 720
28 74 3230
28 75 1999
28 76 768
28 77 3278
28 78 2047
28 79 816
28 80 2582
29 0 168
29 1 2187
29 2 1034
29 3 1723
29 4 137
29 5 761
29 6 2096
29 7 1086
29 8 2323
29 9 1901
29 10 436
29 11 674
29 12 2128
29 13 675
29 14 865
29 15 1777
29 16 1810
29 17 2070
29 18 2388
29 19 1719
29 20 1130
29 21 433
29 22 1697
29 23 1589
29 24 628
29 25 319
29 26 48
29 27 1279
29 28 2510
29 29 0
29 30 1231
29 31 2462
29 32 48
29 33 1279
29 34 2510
29 35 96
29 36 1327
29 37 2558
29 38 144
29 39 1375
29 40 2606
29 41 192
29 42 1423
29 43 2654
29 44 240
29 45 1471
29 46 2702
29 47 288
29 48 1519
29 49 2750
29 50 336
29 51 1567
29 52 2798
29 53 384
29 54 1615
29 55 2846
29 56 432
29 57 1663
29 58 2894
29 59 480
29 60 1711
29 61 2942
29 62 528
29 63 1759
29 64 2990
29 65 576
29 66 1807
29 67 3038
29 68 624
29 69 1855
29 70 3086
29 71 672
29 72 1903
29 73 3134
29 74 720
29 75 1951
29 76 3182
29 77 768
29 78 1999
29 79 3230
29 80 168
30 0 1399
30 1 956
30 2 293
30 3 492
30 4 1190
30 5 566
30 6 865
30 7 241
30 8 1092
30 9 670
30 10 891
30 11 557
30 12 897
30 13 844
30 14 462
30 15 546
30 16 579
30 17 839
30 18 1157
30 19 488
30 20 389
30 21 1278
30 22 466
30 23 358
30 24 1083
30 25 1008
30 26 1279
30 27 48
30 28 1279
30 29 1231
30 30 0
30 31 1231
30 32 1279
30 33 48
30 34 1279
30 35 1327
30 36 96
30 37 1327
30 38 1375
30 39 144
30 40 1375
30 41 1423
30 42 192
30 43 1423
30 44 1471
30 45 240
30 46 1471
30 47 1519
30 48 288
30 49 1519
30 50 1567
30 51 336
30 52 1567
30 53 1615
30 54 384
30 55 1615
30 56 1663
30 57 432
30 58 1663
30 59 1711
30 60 480
30 61 1711
30 62 1759
30 63 528
30 64 1759
30 65 1807
30 66 576
30 67 1807
30 68 1855
30 69 624
30 70 1855
30 71 1903
30 72 672
30 73 1903
30 74 1951
30 75 720
30 76 1951
30 77 1999
30 78 768
30 79 1999
30 80 1399
31 0 2630
31 1 371
31 2 1524
31 3 739
31 4 2421
31 5 1797
31 6 462
31 7 1472
31 8 715
31 9 657
31 10 2122
31 11 1788
31 12 910
31 13 2075
31 14 1693
31 15 1261
31 16 748
31 17 488
31 18 650
31 19 839
31 20 1620
31 21 2509
31 22 765
31 23 969
31 24 2314
31 25 2239
31 26 2510
31 27 1279
31 28 48
31 29 2462
31 30 1231
31 31 0
31 32 2510
31 33 1279
31 34 48
31 35 2558
31 36 1327
31 37 96
31 38 2606
31 39 1375
31 40 144
31 41 2654
31 42 1423
31 43 192
31 44 2702
31 45 1471
31 46 240
31 47 2750
31 48 1519
31 49 288
31 50 2798
31 51 1567
31 52 336
31 53 2846
31 54 1615
31 55 384
31 56 2894
31 57 1663
31 58 432
31 59 2942
31 60 1711
31 61 480
31 62 2990
31 63 1759
31 64 528
31 65 3038
31 66 1807
31 67 576
31 68 3086
31 69 1855
31 70 624
31 71 3134
31 72 1903
31 73 672
31 74 3182
31 75 1951
31 76 720
31 77 3230
31 78 1999
31 79 768
31 80 2630
32 0 216
32 1 2235
32 2 986
32 3 1771
32 4 185
32 5 713
32 6 2144
32 7 1038
32 8 2275
32 9 1949
32 10 484
32 11 722
32 12 2080
32 13 627
32 14 913
32 15 1729
32 16 1858
32 17 2022
32 18 2340
32 19 1767
32 20 1082
32 21 385
32 22 1745
32 23 1637
32 24 580
32 25 367
32 26 96
32 27 1327
32 28 2558
32 29 48
32 30 1279
32 31 2510
32 32 0
32 33 1231
32 34 2462
32 35 48
32 36 1279
32 37 2510
32 38 96
32 39 1327
32 40 2558
32 41 144
32 42 1375
32 43 2606
32 44 192
32 45 1423
32 46 2654
32 47 240
32 48 1471
32 49 2702
32 50 288
32 51 1519
32 52 2750
32 53 336
32 54 1567
32 55 2798
32 56 384
32 57 1615
32 58 2846
32 59 432
32 60 1663
32 61 2894
32 62 480
32 63 1711
32 64 2942
32 65 528
32 66 1759
32 67 2990
32 68 576
32 69 1807
32 70 3038
32 71 624
32 72 1855
32 73 3086
32 74 672
32 75 1903
32 76 3134
32 77 720
32 78 1951
32 79 3182
32 80 216
33 0 1447
33 1 1004
33 2 245
33 3 540
33 4 1238
33 5 518
33 6 913
33 7 193
33 8 1044
33 9 718
33 10 939
33 11 605
33 12 849
33 13 796
33 14 510
33 15 498
33 16 627
33 17 791
33 18 1109
33 19 536
33 20 341
33 21 1230
33 22 514
33 23 406
33 24 1035
33 25 1056
33 26 1327
33 27 96
33 28 1327
33 29 1279
33 30 48
33 31 1279
33 32 1231
33 33 0
33 34 1231
33 35 1279
33 36 48
33 37 1279
33 38 1327
33 39 96
33 40 1327
33 41 1375
33 42 144
33 43 1375
33 44 1423
33 45 192
33 46 1423
33 47 1471
33 48 240
33 49 1471
33 50 1519
33 51 288
33 52 1519
33 53 1567
33 54 336
33 55 1567
33 56 1615
33 57 384
33 58 1615
33 59 1663
33 60 432
33 61 1663
33 62 1711
33 63 480
33 64 1711
33 65 1759
33 66 528
33 67 1759
33 68 1807
33 69 576
33 70 1807
33 71 1855
33 72 624
33 73 1855
33 74 1903
33 75 672
33 76 1903
33 77 1951
33 78 720
33 79 1951
33 80 1447
34 0 2678
34 1 419
34 2 1476
34 3 787
34 4 2469
34 5 1749
34 6 510
34 7 1424
34 8 667
34 9 705
34 10 2170
34 11 1836
34 12 862
34 13 2027
34 14 1741
34 15 1213
34 16 796
34 17 440
34 18 602
34 19 887
34 20 1572
34 21 2461
34 22 813
34 23 1017
34 24 2266
34 25 2287
34 26 2558
34 27 1327
34 28 96
34 29 2510
34 30 1279
34 31 48
34 32 2462
34 33 1231
34 34 0
34 35 2510
34 36 1279
34 37 48
34 38 2558
34 39 1327
34 40 96
34 41 2606
34 42 1375
34 43 144
34 44 2654
34 45 1423
34 46 192
34 47 2702
34 48 1471
34 49 240
34 50 2750
34 51 1519
34 52 288
34 53 2798
34 54 1567
34 55 336
34 56 2846
34 57 1615
34 58 384
34 59 2894
34 60 1663
34 61 432
34 62 2942
34 63 1711
34 64 480
34 65 2990
34 66 1759
34 67 528
34 68 3038
34 69 1807
34 70 576
34 71 3086
34 72 1855
34 73 624
34 74 3134
34 75 1903
34 76 672
34 77 3182
34 78 1951
34 79 720
34 80 2678
35 0 264
35 1 2283
35 2 1034
35 3 1819
35 4 233
35 5 761
35 6 2192
35 7 1086
35 8 2227
35 9 1997
35 10 532
35 11 770
35 12 2032
35 13 579
35 14 961
35 15 1681
35 16 1906
35 17 2070
35 18 2292
35 19 1815
35 20 1034
35 21 337
35 22 1793
35 23 1685
35 24 532
35 25 415
35 26 144
35 27 1375
35 28 2606
35 29 96
35 30 1327
35 31 2558
35 32 48
35 33 1279
35 34 2510
35 35 0
35 36 1231
35 37 2462
35 38 48
35 39 1279
35 40 2510
35 41 96
35 42 1327
35 43 2558
35 44 144
35 45 1375
35 46 2606
35 47 192
35 48 1423
35 49 2654
35 50 240
35 51 1471
35 52 2702
35 53 288
35 54 1519
35 55 2750
35 56 336
35 57 1567
35 58 2798
35 59 384
35 60 1615
35 61 2846
35 62 432
35 63 1663
35 64 2894
35 65 480
35 66 1711
35 67 2942
35 68 528
35 69 1759
35 70 2990
35 71 576
35 72 1807
35 73 3038
35 74 624
35 75 1855
35 76 3086
35 77 672
35 78 1903
35 79 3134
35 80 264
36 0 1495
36 1 1052
36 2 293
36 3 588
36 4 1286
36 5 566
36 6 961
36 7 241
36 8 996
36 9 766
36 10 987
36 11 653
36 12 801
36 13 748
36 14 558
36 15 450
36 16 675
36 17 839
36 18 1061
36 19 584
36 20 293
36 21 1182
36 22 562
36 23 454
36 24 987
36 25 1104
36 26 1375
36 27 144
36 28 1375
36 29 1327
36 30 96
36 31 1327
36 32 1279
36 33 48
36 34 1279
36 35 1231
36 36 0
36 37 1231
36 38 1279
36 39 48
36 40 1279
36 41 1327
36 42 96
36 43 1327
36 44 1375
36 45 144
36 46 1375
36 47 1423
36 48 192
36 49 1423
36 50 1471
36 51 240
36 52 1471
36 53 1519
36 54 288
36 55 1519
36 56 1567
36 57 336
36 58 1567
36 59 1615
36 60 384
36 61 1615
36 62 1663
36 63 432
36 64 1663
36 65 1711
36 66 480
36 67 1711
36 68 1759
36 69 528
36 70 1759
36 71 1807
36 72 576
36 73 1807
36 74 1855
36 75 624
36 76 1855
36 77 1903
36 78 672
36 79 1903
36 80 1495
37 0 2726
37 1 467
37 2 1524
37 3 835
37 4 2517
37 5 1797
37 6 558
37 7 1472
37 8 619
37 9 753
37 10 2218
37 11 1884
37 12 814
37 13 1979
37 14 1789
37 15 1165
37 16 844
37 17 488
37 18 554
37 19 935
37 20 1524
37 21 2413
37 22 861
37 23 1065
37 24 2218
37 25 2335
37 26 2606
37 27 1375
37 28 144
37 29 2558
37 30 1327
37 31 96
37 32 2510
37 33 1279
37 34 48
37 35 2462
37 36 1231
37 37 0
37 38 2510
37 39 1279
37 40 48
37 41 2558
37 42 1327
37 43 96
37 44 2606
37 45 1375
37 46 144
37 47 2654
37 48 1423
37 49 192
37 50 2702
37 51 1471
37 52 240
37 53 2750
37 54 1519
37 55 288
37 56 2798
37 57 1567
37 58 336
37 59 2846
37 60 1615
37 61 384
37 62 2894
37 63 1663
37 64 432
37 65 2942
37 66 1711
37 67 480
37 68 2990
37 69 1759
37 70 528
37 71 3038
37 72 1807
37 73 576
37 74 3086
37 75 1855
37 76 624
37 77 3134
37 78 1903
37 79 672
37 80 2726
38 0 312
38 1 2331
38 2 1082
38 3 1867
38 4 281
38 5 809
38 6 2240
38 7 1134
38 8 2179
38 9 2045
38 10 580
38 11 818
38 12 1984
38 13 531
38 14 1009
38 15 1633
38 16 1954
38 17 2118
38 18 2244
38 19 1863
38 20 986
38 21 289
38 22 1841
38 23 1733
38 24 484
38 25 463
38 26 192
38 27 1423
38 28 2654
38 29 144
38 30 1375
38 31 2606
38 32 96
38 33 1327
38 34 2558
38 35 48
38 36 1279
38 37 2510
38 38 0
38 39 1231
38 40 2462
38 41 48
38 42 1279
38 43 2510
38 44 96
38 45 1327
38 46 2558
38 47 144
38 48 1375
38 49 2606
38 50 192
38 51 1423
38 52 2654
38 53 240
38 54 1471
38 55 2702
38 56 288
38 57 1519
38 58 2750
38 59 336
38 60 1567
38 61 2798
38 62 384
38 63 1615
38 64 2846
38 65 432
38 66 1663
38 67 2894
38 68 480
38 69 1711
38 70 2942
38 71 528
38 72 1759
38 73 2990
38 74 576
38 75 1807
38 76 3038
38 77 624
38 78 1855
38 79 3086
38 80 312
39 0 1543
39 1 1100
39 2 341
39 3 636
39 4 1334
39 5 614
39 6 1009
39 7 289
39 8 948
39 9 814
39 10 1035
39 11 701
39 12 753
39 13 700
39 14 606
39 15 402
39 16 723
39 17 887
39 18 1013
39 19 632
39 20 245
39 21 1134
39 22 610
39 23 502
39 24 939
39 25 1152
39 26 1423
39 27 192
39 28 1423
39 29 1375
39 30 144
39 31 1375
39 32 1327
39 33 96
39 34 1327
39 35 1279
39 36 48
39 37 1279
39 38 1231
39 39 0
39 40 1231
39 41 1279
39 42 48
39 43 1279
39 44 1327
39 45 96
39 46 1327
39 47 1375
39 48 144
39 49 1375
39 50 1423
39 51 192
39 52 1423
39 53 1471
39 54 240
39 55 1471
39 56 1519
39 57 288
39 58 1519
39 59 1567
39 60 336
39 61 1567
39 62 1615
39 63 384
39 64 1615
39 65 1663
39 66 432
39 67 1663
39 68 1711
39 69 480
39 70 1711
39 71 1759
39 72 528
39 73 1759
39 74 1807
39 75 576
39 76 1807
39 77 1855
39 78 624
39 79 1855
39 80 1543
40 0 2774
40 1 515
40 2 1572
40 3 883
40 4 2565
40 5 1845
40 6 606
40 7 1520
40 8 571
40 9 801
40 10 2266
40 11 1932
40 12 766
40 13 1931
40 14 1837
40 15 1117
40 16 892
40 17 536
40 18 506
40 19 983
40 20 1476
40 21 2365
40 22 909
40 23 1113
40 24 2170
40 25 2383
40 26 2654
40 27 1423
40 28 192
40 29 2606
40 30 1375
40 31 144
40 32 2558
40 33 1327
40 34 96
40 35 2510
40 36 1279
40 37 48
40 38 2462
40 39 1231
40 40 0
40 41 2510
40 42 1279
40 43 48
40 44 2558
40 45 1327
40 46 96
40 47 2606
40 48 1375
40 49 144
40 50 2654
40 51 1423
40 52 192
40 53 2702
40 54 1471
40 55 240
40 56 2750
40 57 1519
40 58 288
40 59 2798
40 60 1567
40 61 336
40 62 2846
40 63 1615
40 64 384
40 65 2894
40 66 1663
40 67 432
40 68 2942
40 69 1711
40 70 480
40 71 2990
40 72 1759
40 73 528
40 74 3038
40 75 1807
40 76 576
40 77 3086
40 78 1855
40 79 624
40 80 2774
41 0 360
41 1 2379
41 2 1130
41 3 1915
41 4 329
41 5 857
41 6 2288
41 7 1182
41 8 2131
41 9 2093
41 10 628
41 11 866
41 12 1936
41 13 579
41 14 1057
41 15 1585
41 16 2002
41 17 2166
41 18 2196
41 19 1911
41 20 1034
41 21 241
41 22 1889
41 23 1781
41 24 436
41 25 511
41 26 240
41 27 1471
41 28 2702
41 29 192
41 30 1423
41 31 2654
41 32 144
41 33 1375
41 34 2606
41 35 96
41 36 1327
41 37 2558
41 38 48
41 39 1279
41 40 2510
41 41 0
41 42 1231
41 43 2462
41 44 48
41 45 1279
41 46 2510
41 47 96
41 48 1327
41 49 2558
41 50 144
41 51 1375
41 52 2606
41 53 192
41 54 1423
41 55 2654
41 56 240
41 57 1471
41 58 2702
41 59 288
41 60 1519
41 61 2750
41 62 336
41 63 1567
41 64 2798
41 65 384
41 66 1615
41 67 2846
41 68 432
41 69 1663
41 70 2894
41 71 480
41 72 1711
41 73 2942
41 74 528
41 75 1759
41 76 2990
41 77 576
41 78 1807
41 79 3038
41 80 360
42 0 1591
42 1 1148
42 2 389
42 3 684
42 4 1382
42 5 662
42 6 1057
42 7 337
42 8 900
42 9 862
42 10 1083
42 11 749
42 12 705
42 13 748
42 14 654
42 15 354
42 16 771
42 17 935
42 18 965
42 19 680
42 20 293
42 21 1086
42 22 658
42 23 550
42 24 891
42 25 1200
42 26 1471
42 27 240
42 28 1471
42 29 1423
42 30 192
42 31 1423
42 32 1375
42 33 144
42 34 1375
42 35 1327
42 36 96
42 37 1327
42 38 1279
42 39 48
42 40 1279
42 41 1231
42 42 0
42 43 1231
42 44 1279
42 45 48
42 46 1279
42 47 1327
42 48 96
42 49 1327
42 50 1375
42 51 144
42 52 1375
42 53 1423
42 54 192
42 55 1423
42 56 1471
42 57 240
42 58 1471
42 59 1519
42 60 288
42 61 1519
42 62 1567
42 63 336
42 64 1567
42 65 1615
42 66 384
42 67 1615
42 68 1663
42 69 432
42 70 1663
42 71 1711
42 72 480
42 73 1711
42 74 1759
42 75 528
42 76 1759
42 77 1807
42 78 576
42 79 1807
42 80 1591
43 0 2822
43 1 563
43 2 1620
43 3 931
43 4 2613
43 5 1893
43 6 654
43 7 1568
43 8 523
43 9 849
43 10 2314
43 11 1980
43 12 718
43 13 1979
43 14 1885
43 15 1069
43 16 940
43 17 584
43 18 458
43 19 1031
43 20 1524
43 21 2317
43 22 957
43 23 1161
43 24 2122
43 25 2431
43 26 2702
43 27 1471
43 28 240
43 29 2654
43 30 1423
43 31 192
43 32 2606
43 33 1375
43 34 144
43 35 2558
43 36 1327
43 37 96
43 38 2510
43 39 1279
43 40 48
43 41 2462
43 42 1231
43 43 0
43 44 2510
43 45 1279
43 46 48
43 47 2558
43 48 1327
43 49 96
43 50 2606
43 51 1375
43 52 144
43 53 2654
43 54 1423
43 55 192
43 56 2702
43 57 1471
43 58 240
43 59 2750
43 60 1519
43 61 288
43 62 2798
43 63 1567
43 64 336
43 65 2846
43 66 1615
43 67 384
43 68 2894
43 69 1663
43 70 432
43 71 2942
43 72 1711
43 73 480
43 74 2990
43 75 1759
43 76 528
43 77 3038
43 78 1807
43 79 576
43 80 2822
44 0 408
44 1 2427
44 2 1178
44 3 1963
44 4 377
44 5 905
44 6 2336
44 7 1230
44 8 2083
44 9 2141
44 10 676
44 11 914
44 12 1888
44 13 627
44 14 1105
44 15 1537
44 16 2050
44 17 2214
44 18 2148
44 19 1959
44 20 1082
44 21 193
44 22 1937
44 23 1829
44 24 388
44 25 559
44 26 288
44 27 1519
44 28 2750
44 29 240
44 30 1471
44 31 2702
44 32 192
44 33 1423
44 34 2654
44 35 144
44 36 1375
44 37 2606
44 38 96
44 39 1327
44 40 2558
44 41 48
44 42 1279
