//alpha
1
//NbLocations
88
//NbProducts
33
//NbPickers
2
//CapaPicker
4
//TimeToTravelOneDistanceUnit
3
//SetupTime
5400
//PickTime
300
//Products
//Idx Location Size
1 1 1
2 2 1
3 3 1
4 4 1
5 5 1
6 6 1
7 7 1
8 8 1
9 9 1
10 10 1
11 11 1
12 12 1
13 13 1
14 14 1
15 15 1
16 16 1
17 17 1
18 18 1
19 19 1
20 20 1
21 21 1
22 22 1
23 23 1
24 24 1
25 25 1
26 26 1
27 27 1
28 28 1
29 29 1
30 30 1
31 31 1
32 32 1
33 33 1
//Orders
//NbOrders
18
//Idx DueDate TardinessPenalty NbProdInOrder ProdIdx1 Qty1 ProdIdx2 Qty2 ...
1 126000 0 1 1 1
2 108000 0 1 2 1
3 54000 0 2 3 1 4 1
4 144000 0 1 5 1
5 144000 0 1 6 1
6 126000 0 1 7 1
7 126000 0 4 8 1 9 1 10 1 11 1
8 72000 0 4 12 1 13 1 14 1 15 1
9 72000 0 1 16 1
10 90000 0 1 17 1
11 126000 0 2 18 1 19 1
12 54000 0 3 20 1 21 1 22 1
13 144000 0 1 23 1
14 36000 0 1 24 1
15 90000 0 3 25 1 26 1 27 1
16 108000 0 4 28 1 29 1 30 1 31 1
17 144000 0 1 32 1
18 108000 0 1 33 1
//Graph (Products are vertices indexed from 1 to NbProducts)
//NbVerticesIntersections
54
//DepartingDepot
0
//ArrivalDepot
88
//Arcs
//Start End Distance
0 34 120
1 15 104
1 38 128
2 17 26
2 35 63
3 53 687
3 54 544
4 5 91
4 38 882
5 4 91
5 39 258
6 17 221
6 28 299
7 11 351
7 48 323
8 67 388
8 68 843
9 62 505
9 63 726
10 30 338
10 35 531
11 7 351
11 47 557
12 15 429
12 31 91
13 31 156
13 37 323
14 55 245
14 56 986
15 1 104
15 12 429
16 19 208
16 20 845
17 2 26
17 6 221
18 32 442
18 44 557
19 16 208
19 41 50
20 16 845
20 40 128
21 46 297
21 47 934
22 26 650
22 52 102
23 25 26
23 58 713
24 28 260
24 33 91
25 23 26
25 59 492
26 22 650
26 53 479
27 56 609
27 57 622
28 6 299
28 24 260
29 82 1168
29 83 63
30 10 338
30 34 362
31 12 91
31 13 156
32 18 442
32 43 232
33 24 91
33 36 271
34 30 362
34 37 48
34 88 120
35 2 63
35 10 531
35 38 48
36 33 271
36 39 48
37 13 323
37 34 48
37 40 48
38 1 128
38 4 882
38 35 48
38 41 48
39 5 258
39 36 48
39 42 48
40 20 128
40 37 48
40 43 48
41 19 50
41 38 48
41 42 1231
41 44 48
42 39 48
42 41 1231
42 45 48
43 32 232
43 40 48
43 46 48
44 18 557
44 41 48
44 45 1231
44 47 48
45 42 48
45 44 1231
45 48 48
46 21 297
46 43 48
46 49 48
47 11 557
47 21 934
47 44 48
47 50 48
48 7 323
48 45 48
48 51 48
49 46 48
49 50 1231
49 52 48
50 47 48
50 49 1231
50 51 1231
50 53 48
51 48 48
51 50 1231
51 54 48
52 22 102
52 49 48
52 55 48
53 3 687
53 26 479
53 50 48
53 56 48
54 3 544
54 51 48
54 57 48
55 14 245
55 52 48
55 58 48
56 14 986
56 27 609
56 53 48
56 59 48
57 27 622
57 54 48
57 60 48
58 23 713
58 55 48
58 61 48
59 25 492
59 56 48
59 60 1231
59 62 48
60 57 48
60 59 1231
60 63 48
61 58 48
61 62 1231
61 64 48
62 9 505
62 59 48
62 61 1231
62 65 48
63 9 726
63 60 48
63 66 48
64 61 48
64 65 1231
64 67 48
65 62 48
65 64 1231
65 66 1231
65 68 48
66 63 48
66 65 1231
66 69 48
67 8 388
67 64 48
67 70 48
68 8 843
68 65 48
68 69 1231
68 71 48
69 66 48
69 68 1231
69 72 48
70 67 48
70 71 1231
70 73 48
71 68 48
71 70 1231
71 72 1231
71 74 48
72 69 48
72 71 1231
72 75 48
73 70 48
73 74 1231
73 76 48
74 71 48
74 73 1231
74 75 1231
74 77 48
75 72 48
75 74 1231
75 78 48
76 73 48
76 77 1231
76 79 48
77 74 48
77 76 1231
77 78 1231
77 80 48
78 75 48
78 77 1231
78 81 48
79 76 48
79 80 1231
79 82 48
80 77 48
80 79 1231
80 81 1231
80 83 48
81 78 48
81 80 1231
81 84 48
82 29 1168
82 79 48
82 85 48
83 29 63
83 80 48
83 84 1231
83 86 48
84 81 48
84 83 1231
84 87 48
85 82 48
85 86 1231
86 83 48
86 85 1231
86 87 1231
87 84 48
87 86 1231
//LocStart LocEnd ShortestPath
0 0 0
0 1 1271
0 2 1414
0 3 2326
0 4 2281
0 5 2372
0 6 1661
0 7 2451
0 8 1036
0 9 2288
0 10 820
0 11 2100
0 12 738
0 13 491
0 14 701
0 15 1167
0 16 1189
0 17 1440
0 18 938
0 19 1397
0 20 344
0 21 609
0 22 510
0 23 1217
0 24 2220
0 25 1243
0 26 1160
0 27 2296
0 28 1960
0 29 2056
0 30 482
0 31 647
0 32 496
0 33 2311
0 34 120
0 35 1351
0 36 2582
0 37 168
0 38 1399
0 39 2630
0 40 216
0 41 1447
0 42 2678
0 43 264
0 44 1495
0 45 2726
0 46 312
0 47 1543
0 48 2774
0 49 360
0 50 1591
0 51 2822
0 52 408
0 53 1639
0 54 2870
0 55 456
0 56 1687
0 57 2918
0 58 504
0 59 1735
0 60 2966
0 61 552
0 62 1783
0 63 3014
0 64 600
0 65 1831
0 66 3062
0 67 648
0 68 1879
0 69 3110
0 70 696
0 71 1927
0 72 3158
0 73 744
0 74 1975
0 75 3206
0 76 792
0 77 2023
0 78 3254
0 79 840
0 80 2071
0 81 3302
0 82 888
0 83 2119
0 84 3350
0 85 936
0 86 2167
0 87 3398
0 88 0
1 0 1271
1 1 0
1 2 239
1 3 1055
1 4 1010
1 5 1101
1 6 486
1 7 1180
1 8 1451
1 9 1017
1 10 707
1 11 829
1 12 533
1 13 780
1 14 1402
1 15 104
1 16 434
1 17 265
1 18 781
1 19 226
1 20 1279
1 21 1206
1 22 1445
1 23 982
1 24 1045
1 25 956
1 26 847
1 27 1025
1 28 785
1 29 911
1 30 1045
1 31 624
1 32 1223
1 33 1136
1 34 1151
1 35 176
1 36 1407
1 37 1103
1 38 128
1 39 1359
1 40 1151
1 41 176
1 42 1407
1 43 1199
1 44 224
1 45 1455
1 46 1247
1 47 272
1 48 1503
1 49 1295
1 50 320
1 51 1551
1 52 1343
1 53 368
1 54 1599
1 55 1391
1 56 416
1 57 1647
1 58 1439
1 59 464
1 60 1695
1 61 1487
1 62 512
1 63 1743
1 64 1535
1 65 560
1 66 1791
1 67 1583
1 68 608
1 69 1839
1 70 1631
1 71 656
1 72 1887
1 73 1679
1 74 704
1 75 1935
1 76 1727
1 77 752
1 78 1983
1 79 1775
1 80 800
1 81 2031
1 82 1823
1 83 848
1 84 2079
1 85 1871
1 86 896
1 87 2127
1 88 1271
2 0 1414
2 1 239
2 2 0
2 3 1038
2 4 993
2 5 1084
2 6 247
2 7 1163
2 8 1434
2 9 1000
2 10 594
2 11 812
2 12 772
2 13 1019
2 14 1385
2 15 343
2 16 417
2 17 26
2 18 764
2 19 209
2 20 1262
2 21 1189
2 22 1480
2 23 965
2 24 806
2 25 939
2 26 830
2 27 1008
2 28 546
2 29 894
2 30 932
2 31 863
2 32 1206
2 33 897
2 34 1294
2 35 63
2 36 1168
2 37 1342
2 38 111
2 39 1216
2 40 1390
2 41 159
2 42 1264
2 43 1438
2 44 207
2 45 1312
2 46 1486
2 47 255
2 48 1360
2 49 1534
2 50 303
2 51 1408
2 52 1582
2 53 351
2 54 1456
2 55 1630
2 56 399
2 57 1504
2 58 1678
2 59 447
2 60 1552
2 61 1726
2 62 495
2 63 1600
2 64 1774
2 65 543
2 66 1648
2 67 1822
2 68 591
2 69 1696
2 70 1870
2 71 639
2 72 1744
2 73 1918
2 74 687
2 75 1792
2 76 1966
2 77 735
2 78 1840
2 79 2014
2 80 783
2 81 1888
2 82 2062
2 83 831
2 84 1936
2 85 2110
2 86 879
2 87 1984
2 88 1414
3 0 2326
3 1 1055
3 2 1038
3 3 0
3 4 1133
3 5 1042
3 6 1285
3 7 963
3 8 1770
3 9 1336
3 10 1506
3 11 1314
3 12 1588
3 13 1835
3 14 1721
3 15 1159
3 16 1137
3 17 1064
3 18 1388
3 19 929
3 20 1982
3 21 1717
3 22 1816
3 23 1301
3 24 1194
3 25 1275
3 26 1166
3 27 1214
3 28 1454
3 29 1230
3 30 1844
3 31 1679
3 32 1830
3 33 1103
3 34 2206
3 35 975
3 36 832
3 37 2158
3 38 927
3 39 784
3 40 2110
3 41 879
3 42 736
3 43 2062
3 44 831
3 45 688
3 46 2014
3 47 783
3 48 640
3 49 1966
3 50 735
3 51 592
3 52 1918
3 53 687
3 54 544
3 55 1966
3 56 735
3 57 592
3 58 2014
3 59 783
3 60 640
3 61 2062
3 62 831
3 63 688
3 64 2110
3 65 879
3 66 736
3 67 2158
3 68 927
3 69 784
3 70 2206
3 71 975
3 72 832
3 73 2254
3 74 1023
3 75 880
3 76 2302
3 77 1071
3 78 928
3 79 2350
3 80 1119
3 81 976
3 82 2398
3 83 1167
3 84 1024
3 85 2446
3 86 1215
3 87 1072
3 88 2326
4 0 2281
4 1 1010
4 2 993
4 3 1133
4 4 0
4 5 91
4 6 1240
4 7 816
4 8 2205
4 9 1459
4 10 1461
4 11 1167
4 12 1543
4 13 1790
4 14 2156
4 15 1114
4 16 1188
4 17 1019
4 18 1535
4 19 980
4 20 2033
4 21 1960
4 22 2251
4 23 1736
4 24 759
4 25 1710
4 26 1601
4 27 1259
4 28 1019
4 29 1665
4 30 1799
4 31 1634
4 32 1977
4 33 668
4 34 2161
4 35 930
4 36 397
4 37 2113
4 38 882
4 39 349
4 40 2161
4 41 930
4 42 397
4 43 2209
4 44 978
4 45 445
4 46 2257
4 47 1026
4 48 493
4 49 2305
4 50 1074
4 51 541
4 52 2353
4 53 1122
4 54 589
4 55 2401
4 56 1170
4 57 637
4 58 2449
4 59 1218
4 60 685
4 61 2497
4 62 1266
4 63 733
4 64 2545
4 65 1314
4 66 781
4 67 2593
4 68 1362
4 69 829
4 70 2641
4 71 1410
4 72 877
4 73 2689
4 74 1458
4 75 925
4 76 2737
4 77 1506
4 78 973
4 79 2785
4 80 1554
4 81 1021
4 82 2833
4 83 1602
4 84 1069
4 85 2881
4 86 1650
4 87 1117
4 88 2281
5 0 2372
5 1 1101
5 2 1084
5 3 1042
5 4 91
5 5 0
5 6 1227
5 7 725
5 8 2296
5 9 1368
5 10 1552
5 11 1076
5 12 1634
5 13 1881
5 14 2247
5 15 1205
5 16 1279
5 17 1110
5 18 1626
5 19 1071
5 20 2124
5 21 2051
5 22 2342
5 23 1827
5 24 668
5 25 1801
5 26 1692
5 27 1168
5 28 928
5 29 1756
5 30 1890
5 31 1725
5 32 2068
5 33 577
5 34 2252
5 35 1021
5 36 306
5 37 2204
5 38 973
5 39 258
5 40 2252
5 41 1021
5 42 306
5 43 2300
5 44 1069
5 45 354
5 46 2348
5 47 1117
5 48 402
5 49 2396
5 50 1165
5 51 450
5 52 2444
5 53 1213
5 54 498
5 55 2492
5 56 1261
5 57 546
5 58 2540
5 59 1309
5 60 594
5 61 2588
5 62 1357
5 63 642
5 64 2636
5 65 1405
5 66 690
5 67 2684
5 68 1453
5 69 738
5 70 2732
5 71 1501
5 72 786
5 73 2780
5 74 1549
5 75 834
5 76 2828
5 77 1597
5 78 882
5 79 2876
5 80 1645
5 81 930
5 82 2924
5 83 1693
5 84 978
5 85 2972
5 86 1741
5 87 1026
5 88 2372
6 0 1661
6 1 486
6 2 247
6 3 1285
6 4 1240
6 5 1227
6 6 0
6 7 1410
6 8 1681
6 9 1247
6 10 841
6 11 1059
6 12 1019
6 13 1266
6 14 1632
6 15 590
6 16 664
6 17 221
6 18 1011
6 19 456
6 20 1509
6 21 1436
6 22 1727
6 23 1212
6 24 559
6 25 1186
6 26 1077
6 27 1255
6 28 299
6 29 1141
6 30 1179
6 31 1110
6 32 1453
6 33 650
6 34 1541
6 35 310
6 36 921
6 37 1589
6 38 358
6 39 969
6 40 1637
6 41 406
6 42 1017
6 43 1685
6 44 454
6 45 1065
6 46 1733
6 47 502
6 48 1113
6 49 1781
6 50 550
6 51 1161
6 52 1829
6 53 598
6 54 1209
6 55 1877
6 56 646
6 57 1257
6 58 1925
6 59 694
6 60 1305
6 61 1973
6 62 742
6 63 1353
6 64 2021
6 65 790
6 66 1401
6 67 2069
6 68 838
6 69 1449
6 70 2117
6 71 886
6 72 1497
6 73 2165
6 74 934
6 75 1545
6 76 2213
6 77 982
6 78 1593
6 79 2261
6 80 1030
6 81 1641
6 82 2309
6 83 1078
6 84 1689
6 85 2357
6 86 1126
6 87 1737
6 88 1661
7 0 2451
7 1 1180
7 2 1163
7 3 963
7 4 816
7 5 725
7 6 1410
7 7 0
7 8 2087
7 9 1289
7 10 1631
7 11 351
7 12 1713
7 13 1960
7 14 2038
7 15 1284
7 16 1262
7 17 1189
7 18 1513
7 19 1054
7 20 2107
7 21 1842
7 22 2133
7 23 1618
7 24 877
7 25 1592
7 26 1483
7 27 1089
7 28 1137
7 29 1547
7 30 1969
7 31 1804
7 32 1955
7 33 786
7 34 2331
7 35 1100
7 36 515
7 37 2283
7 38 1052
7 39 467
7 40 2235
7 41 1004
7 42 419
7 43 2187
7 44 956
7 45 371
7 46 2139
7 47 908
7 48 323
7 49 2187
7 50 956
7 51 371
7 52 2235
7 53 1004
7 54 419
7 55 2283
7 56 1052
7 57 467
7 58 2331
7 59 1100
7 60 515
7 61 2379
7 62 1148
7 63 563
7 64 2427
7 65 1196
7 66 611
7 67 2475
7 68 1244
7 69 659
7 70 2523
7 71 1292
7 72 707
7 73 2571
7 74 1340
7 75 755
7 76 2619
7 77 1388
7 78 803
7 79 2667
7 80 1436
7 81 851
7 82 2715
7 83 1484
7 84 899
7 85 2763
7 86 1532
7 87 947
7 88 2451
8 0 1036
8 1 1451
8 2 1434
8 3 1770
8 4 2205
8 5 2296
8 6 1681
8 7 2087
8 8 0
8 9 1444
8 10 1616
8 11 1736
8 12 1438
8 13 1191
8 14 825
8 15 1555
8 16 1533
8 17 1460
8 18 1446
8 19 1325
8 20 948
8 21 1021
8 22 730
8 23 1245
8 24 2240
8 25 1271
8 26 1380
8 27 1644
8 28 1980
8 29 1146
8 30 1278
8 31 1347
8 32 1004
8 33 2331
8 34 916
8 35 1371
8 36 2602
8 37 868
8 38 1323
8 39 2554
8 40 820
8 41 1275
8 42 2506
8 43 772
8 44 1227
8 45 2458
8 46 724
8 47 1179
8 48 2410
8 49 676
8 50 1131
8 51 2362
8 52 628
8 53 1083
8 54 2314
8 55 580
8 56 1035
8 57 2266
8 58 532
8 59 987
8 60 2218
8 61 484
8 62 939
8 63 2170
8 64 436
8 65 891
8 66 2122
8 67 388
8 68 843
8 69 2074
8 70 436
8 71 891
8 72 2122
8 73 484
8 74 939
8 75 2170
8 76 532
8 77 987
8 78 2218
8 79 580
8 80 1035
8 81 2266
8 82 628
8 83 1083
8 84 2314
8 85 676
8 86 1131
8 87 2362
8 88 1036
9 0 2288
9 1 1017
9 2 1000
9 3 1336
9 4 1459
9 5 1368
9 6 1247
9 7 1289
9 8 1444
9 9 0
9 10 1468
9 11 1302
9 12 1550
9 13 1797
9 14 1587
9 15 1121
9 16 1099
9 17 1026
9 18 1350
9 19 891
9 20 1944
9 21 1679
9 22 1778
9 23 1071
9 24 1520
9 25 1045
9 26 1128
9 27 1210
9 28 1546
9 29 904
9 30 1806
9 31 1641
9 32 1792
9 33 1429
9 34 2168
9 35 937
9 36 1158
9 37 2120
9 38 889
9 39 1110
9 40 2072
9 41 841
9 42 1062
9 43 2024
9 44 793
9 45 1014
9 46 1976
9 47 745
9 48 966
9 49 1928
9 50 697
9 51 918
9 52 1880
9 53 649
9 54 870
9 55 1832
9 56 601
9 57 822
9 58 1784
9 59 553
9 60 774
9 61 1736
9 62 505
9 63 726
9 64 1784
9 65 553
9 66 774
9 67 1832
9 68 601
9 69 822
9 70 1880
9 71 649
9 72 870
9 73 1928
9 74 697
9 75 918
9 76 1976
9 77 745
9 78 966
9 79 2024
9 80 793
9 81 1014
9 82 2072
9 83 841
9 84 1062
9 85 2120
9 86 889
9 87 1110
9 88 2288
10 0 820
10 1 707
10 2 594
10 3 1506
10 4 1461
10 5 1552
10 6 841
10 7 1631
10 8 1616
10 9 1468
10 10 0
10 11 1280
10 12 1240
10 13 1071
10 14 1281
10 15 811
10 16 885
10 17 620
10 18 1232
10 19 677
10 20 924
10 21 1189
10 22 1090
10 23 1433
10 24 1400
10 25 1407
10 26 1298
10 27 1476
10 28 1140
10 29 1362
10 30 338
10 31 1227
10 32 1076
10 33 1491
10 34 700
10 35 531
10 36 1762
10 37 748
10 38 579
10 39 1810
10 40 796
10 41 627
10 42 1858
10 43 844
10 44 675
10 45 1906
10 46 892
10 47 723
10 48 1954
10 49 940
10 50 771
10 51 2002
10 52 988
10 53 819
10 54 2050
10 55 1036
10 56 867
10 57 2098
10 58 1084
10 59 915
10 60 2146
10 61 1132
10 62 963
10 63 2194
10 64 1180
10 65 1011
10 66 2242
10 67 1228
10 68 1059
10 69 2290
10 70 1276
10 71 1107
10 72 2338
10 73 1324
10 74 1155
10 75 2386
10 76 1372
10 77 1203
10 78 2434
10 79 1420
10 80 1251
10 81 2482
10 82 1468
10 83 1299
10 84 2530
10 85 1516
10 86 1347
10 87 2578
10 88 820
11 0 2100
11 1 829
11 2 812
11 3 1314
11 4 1167
11 5 1076
11 6 1059
11 7 351
11 8 1736
11 9 1302
11 10 1280
11 11 0
11 12 1362
11 13 1609
11 14 1687
11 15 933
11 16 911
11 17 838
11 18 1162
11 19 703
11 20 1756
11 21 1491
11 22 1782
11 23 1267
11 24 1228
11 25 1241
11 26 1132
11 27 1310
11 28 1358
11 29 1196
11 30 1618
11 31 1453
11 32 1604
11 33 1137
11 34 1980
11 35 749
11 36 866
11 37 1932
11 38 701
11 39 818
11 40 1884
11 41 653
11 42 770
11 43 1836
11 44 605
11 45 722
11 46 1788
11 47 557
11 48 674
11 49 1836
11 50 605
11 51 722
11 52 1884
11 53 653
11 54 770
11 55 1932
11 56 701
11 57 818
11 58 1980
11 59 749
11 60 866
11 61 2028
11 62 797
11 63 914
11 64 2076
11 65 845
11 66 962
11 67 2124
11 68 893
11 69 1010
11 70 2172
11 71 941
11 72 1058
11 73 2220
11 74 989
11 75 1106
11 76 2268
11 77 1037
11 78 1154
11 79 2316
11 80 1085
11 81 1202
11 82 2364
11 83 1133
11 84 1250
11 85 2412
11 86 1181
11 87 1298
11 88 2100
12 0 738
12 1 533
12 2 772
12 3 1588
12 4 1543
12 5 1634
12 6 1019
12 7 1713
12 8 1438
12 9 1550
12 10 1240
12 11 1362
12 12 0
12 13 247
12 14 1103
12 15 429
12 16 967
12 17 798
12 18 1314
12 19 759
12 20 746
12 21 1011
12 22 912
12 23 1515
12 24 1578
12 25 1489
12 26 1380
12 27 1558
12 28 1318
12 29 1444
12 30 980
12 31 91
12 32 898
12 33 1669
12 34 618
12 35 709
12 36 1940
12 37 570
12 38 661
12 39 1892
12 40 618
12 41 709
12 42 1940
12 43 666
12 44 757
12 45 1988
12 46 714
12 47 805
12 48 2036
12 49 762
12 50 853
12 51 2084
12 52 810
12 53 901
12 54 2132
12 55 858
12 56 949
12 57 2180
12 58 906
12 59 997
12 60 2228
12 61 954
12 62 1045
12 63 2276
12 64 1002
12 65 1093
12 66 2324
12 67 1050
12 68 1141
12 69 2372
12 70 1098
12 71 1189
12 72 2420
12 73 1146
12 74 1237
12 75 2468
12 76 1194
12 77 1285
12 78 2516
12 79 1242
12 80 1333
12 81 2564
12 82 1290
12 83 1381
12 84 2612
12 85 1338
12 86 1429
12 87 2660
12 88 738
13 0 491
13 1 780
13 2 1019
13 3 1835
13 4 1790
13 5 1881
13 6 1266
13 7 1960
13 8 1191
13 9 1797
13 10 1071
13 11 1609
13 12 247
13 13 0
13 14 856
13 15 676
13 16 1214
13 17 1045
13 18 1093
13 19 1006
13 20 499
13 21 764
13 22 665
13 23 1372
13 24 1825
13 25 1398
13 26 1315
13 27 1805
13 28 1565
13 29 1691
13 30 733
13 31 156
13 32 651
13 33 1916
13 34 371
13 35 956
13 36 2187
13 37 323
13 38 908
13 39 2139
13 40 371
13 41 956
13 42 2187
13 43 419
13 44 1004
13 45 2235
13 46 467
13 47 1052
13 48 2283
13 49 515
13 50 1100
13 51 2331
13 52 563
13 53 1148
13 54 2379
13 55 611
13 56 1196
13 57 2427
13 58 659
13 59 1244
13 60 2475
13 61 707
13 62 1292
13 63 2523
13 64 755
13 65 1340
13 66 2571
13 67 803
13 68 1388
13 69 2619
13 70 851
13 71 1436
13 72 2667
13 73 899
13 74 1484
13 75 2715
13 76 947
13 77 1532
13 78 2763
13 79 995
13 80 1580
13 81 2811
13 82 1043
13 83 1628
13 84 2859
13 85 1091
13 86 1676
13 87 2907
13 88 491
14 0 701
14 1 1402
14 2 1385
14 3 1721
14 4 2156
14 5 2247
14 6 1632
14 7 2038
14 8 825
14 9 1587
14 10 1281
14 11 1687
14 12 1103
14 13 856
14 14 0
14 15 1506
14 16 1458
14 17 1411
14 18 1111
14 19 1276
14 20 613
14 21 686
14 22 395
14 23 1006
14 24 2191
14 25 1032
14 26 1045
14 27 1595
14 28 1931
14 29 1481
14 30 943
14 31 1012
14 32 669
14 33 2282
14 34 581
14 35 1322
14 36 2553
14 37 533
14 38 1274
14 39 2505
14 40 485
14 41 1226
14 42 2457
14 43 437
14 44 1178
14 45 2409
14 46 389
14 47 1130
14 48 2361
14 49 341
14 50 1082
14 51 2313
14 52 293
14 53 1034
14 54 2265
14 55 245
14 56 986
14 57 2217
14 58 293
14 59 1034
14 60 2265
14 61 341
14 62 1082
14 63 2313
14 64 389
14 65 1130
14 66 2361
14 67 437
14 68 1178
14 69 2409
14 70 485
14 71 1226
14 72 2457
14 73 533
14 74 1274
14 75 2505
14 76 581
14 77 1322
14 78 2553
14 79 629
14 80 1370
14 81 2601
14 82 677
14 83 1418
14 84 2649
14 85 725
14 86 1466
14 87 2697
14 88 701
15 0 1167
15 1 104
15 2 343
15 3 1159
15 4 1114
15 5 1205
15 6 590
15 7 1284
15 8 1555
15 9 1121
15 10 811
15 11 933
15 12 429
15 13 676
15 14 1506
15 15 0
15 16 538
15 17 369
15 18 885
15 19 330
15 20 1175
15 21 1310
15 22 1341
15 23 1086
15 24 1149
15 25 1060
15 26 951
15 27 1129
15 28 889
15 29 1015
15 30 1149
15 31 520
15 32 1327
15 33 1240
15 34 1047
15 35 280
15 36 1511
15 37 999
15 38 232
15 39 1463
15 40 1047
15 41 280
15 42 1511
15 43 1095
15 44 328
15 45 1559
15 46 1143
15 47 376
15 48 1607
15 49 1191
15 50 424
15 51 1655
15 52 1239
15 53 472
15 54 1703
15 55 1287
15 56 520
15 57 1751
15 58 1335
15 59 568
15 60 1799
15 61 1383
15 62 616
15 63 1847
15 64 1431
15 65 664
15 66 1895
15 67 1479
15 68 712
15 69 1943
15 70 1527
15 71 760
15 72 1991
15 73 1575
15 74 808
15 75 2039
15 76 1623
15 77 856
15 78 2087
15 79 1671
15 80 904
15 81 2135
15 82 1719
15 83 952
15 84 2183
15 85 1767
15 86 1000
15 87 2231
15 88 1167
16 0 1189
16 1 434
16 2 417
16 3 1137
16 4 1188
16 5 1279
16 6 664
16 7 1262
16 8 1533
16 9 1099
16 10 885
16 11 911
16 12 967
16 13 1214
16 14 1458
16 15 538
16 16 0
16 17 443
16 18 863
16 19 208
16 20 845
16 21 1288
16 22 1267
16 23 1064
16 24 1223
16 25 1038
16 26 929
16 27 1107
16 28 963
16 29 993
16 30 1223
16 31 1058
16 32 1253
16 33 1314
16 34 1069
16 35 354
16 36 1585
16 37 1021
16 38 306
16 39 1537
16 40 973
16 41 258
16 42 1489
16 43 1021
16 44 306
16 45 1537
16 46 1069
16 47 354
16 48 1585
16 49 1117
16 50 402
16 51 1633
16 52 1165
16 53 450
16 54 1681
16 55 1213
16 56 498
16 57 1729
16 58 1261
16 59 546
16 60 1777
16 61 1309
16 62 594
16 63 1825
16 64 1357
16 65 642
16 66 1873
16 67 1405
16 68 690
16 69 1921
16 70 1453
16 71 738
16 72 1969
16 73 1501
16 74 786
16 75 2017
16 76 1549
16 77 834
16 78 2065
16 79 1597
16 80 882
16 81 2113
16 82 1645
16 83 930
16 84 2161
16 85 1693
16 86 978
16 87 2209
16 88 1189
17 0 1440
17 1 265
17 2 26
17 3 1064
17 4 1019
17 5 1110
17 6 221
17 7 1189
17 8 1460
17 9 1026
17 10 620
17 11 838
17 12 798
17 13 1045
17 14 1411
17 15 369
17 16 443
17 17 0
17 18 790
17 19 235
17 20 1288
17 21 1215
17 22 1506
17 23 991
17 24 780
17 25 965
17 26 856
17 27 1034
17 28 520
17 29 920
17 30 958
17 31 889
17 32 1232
17 33 871
17 34 1320
17 35 89
17 36 1142
17 37 1368
17 38 137
17 39 1190
17 40 1416
17 41 185
17 42 1238
17 43 1464
17 44 233
17 45 1286
17 46 1512
17 47 281
17 48 1334
17 49 1560
17 50 329
17 51 1382
17 52 1608
17 53 377
17 54 1430
17 55 1656
17 56 425
17 57 1478
17 58 1704
17 59 473
17 60 1526
17 61 1752
17 62 521
17 63 1574
17 64 1800
17 65 569
17 66 1622
17 67 1848
17 68 617
17 69 1670
17 70 1896
17 71 665
17 72 1718
17 73 1944
17 74 713
17 75 1766
17 76 1992
17 77 761
17 78 1814
17 79 2040
17 80 809
17 81 1862
17 82 2088
17 83 857
17 84 1910
17 85 2136
17 86 905
17 87 1958
17 88 1440
18 0 938
18 1 781
18 2 764
18 3 1388
18 4 1535
18 5 1626
18 6 1011
18 7 1513
18 8 1446
18 9 1350
18 10 1232
18 11 1162
18 12 1314
18 13 1093
18 14 1111
18 15 885
18 16 863
18 17 790
18 18 0
18 19 655
18 20 850
18 21 1019
18 22 920
18 23 1315
18 24 1570
18 25 1289
18 26 1180
18 27 1358
18 28 1310
18 29 1244
18 30 1180
18 31 1249
18 32 442
18 33 1661
18 34 818
18 35 701
18 36 1932
18 37 770
18 38 653
18 39 1884
18 40 722
18 41 605
18 42 1836
18 43 674
18 44 557
18 45 1788
18 46 722
18 47 605
18 48 1836
18 49 770
18 50 653
18 51 1884
18 52 818
18 53 701
18 54 1932
18 55 866
18 56 749
18 57 1980
18 58 914
18 59 797
18 60 2028
18 61 962
18 62 845
18 63 2076
18 64 1010
18 65 893
18 66 2124
18 67 1058
18 68 941
18 69 2172
18 70 1106
18 71 989
18 72 2220
18 73 1154
18 74 1037
18 75 2268
18 76 1202
18 77 1085
18 78 2316
18 79 1250
18 80 1133
18 81 2364
18 82 1298
18 83 1181
18 84 2412
18 85 1346
18 86 1229
18 87 2460
18 88 938
19 0 1397
19 1 226
19 2 209
19 3 929
19 4 980
19 5 1071
19 6 456
19 7 1054
19 8 1325
19 9 891
19 10 677
19 11 703
19 12 759
19 13 1006
19 14 1276
19 15 330
19 16 208
19 17 235
19 18 655
19 19 0
19 20 1053
19 21 1080
19 22 1371
19 23 856
19 24 1015
19 25 830
19 26 721
19 27 899
19 28 755
19 29 785
19 30 1015
19 31 850
19 32 1097
19 33 1106
19 34 1277
19 35 146
19 36 1377
19 37 1229
19 38 98
19 39 1329
19 40 1181
19 41 50
19 42 1281
19 43 1229
19 44 98
19 45 1329
19 46 1277
19 47 146
19 48 1377
19 49 1325
19 50 194
19 51 1425
19 52 1373
19 53 242
19 54 1473
19 55 1421
19 56 290
19 57 1521
19 58 1469
19 59 338
19 60 1569
19 61 1517
19 62 386
19 63 1617
19 64 1565
19 65 434
19 66 1665
19 67 1613
19 68 482
19 69 1713
19 70 1661
19 71 530
19 72 1761
19 73 1709
19 74 578
19 75 1809
19 76 1757
19 77 626
19 78 1857
19 79 1805
19 80 674
19 81 1905
19 82 1853
19 83 722
19 84 1953
19 85 1901
19 86 770
19 87 2001
19 88 1397
20 0 344
20 1 1279
20 2 1262
20 3 1982
20 4 2033
20 5 2124
20 6 1509
20 7 2107
20 8 948
20 9 1944
20 10 924
20 11 1756
20 12 746
20 13 499
20 14 613
20 15 1175
20 16 845
20 17 1288
20 18 850
20 19 1053
20 20 0
20 21 521
20 22 422
20 23 1129
20 24 2068
20 25 1155
20 26 1072
20 27 1952
20 28 1808
20 29 1838
20 30 586
20 31 655
20 32 408
20 33 2159
20 34 224
20 35 1199
20 36 2430
20 37 176
20 38 1151
20 39 2382
20 40 128
20 41 1103
20 42 2334
20 43 176
20 44 1151
20 45 2382
20 46 224
20 47 1199
20 48 2430
20 49 272
20 50 1247
20 51 2478
20 52 320
20 53 1295
20 54 2526
20 55 368
20 56 1343
20 57 2574
20 58 416
20 59 1391
20 60 2622
20 61 464
20 62 1439
20 63 2670
20 64 512
20 65 1487
20 66 2718
20 67 560
20 68 1535
20 69 2766
20 70 608
20 71 1583
20 72 2814
20 73 656
20 74 1631
20 75 2862
20 76 704
20 77 1679
20 78 2910
20 79 752
20 80 1727
20 81 2958
20 82 800
20 83 1775
20 84 3006
20 85 848
20 86 1823
20 87 3054
20 88 344
21 0 609
21 1 1206
21 2 1189
21 3 1717
21 4 1960
21 5 2051
21 6 1436
21 7 1842
21 8 1021
21 9 1679
21 10 1189
21 11 1491
21 12 1011
21 13 764
21 14 686
21 15 1310
21 16 1288
21 17 1215
21 18 1019
21 19 1080
21 20 521
21 21 0
21 22 495
21 23 1202
21 24 1995
21 25 1228
21 26 1145
21 27 1687
21 28 1735
21 29 1573
21 30 851
21 31 920
21 32 577
21 33 2086
21 34 489
21 35 1126
21 36 2357
21 37 441
21 38 1078
21 39 2309
21 40 393
21 41 1030
21 42 2261
21 43 345
21 44 982
21 45 2213
21 46 297
21 47 934
21 48 2165
21 49 345
21 50 982
21 51 2213
21 52 393
21 53 1030
21 54 2261
21 55 441
21 56 1078
21 57 2309
21 58 489
21 59 1126
21 60 2357
21 61 537
21 62 1174
21 63 2405
21 64 585
21 65 1222
21 66 2453
21 67 633
21 68 1270
21 69 2501
21 70 681
21 71 1318
21 72 2549
21 73 729
21 74 1366
21 75 2597
21 76 777
21 77 1414
21 78 2645
21 79 825
21 80 1462
21 81 2693
21 82 873
21 83 1510
21 84 2741
21 85 921
21 86 1558
21 87 2789
21 88 609
22 0 510
22 1 1445
22 2 1480
22 3 1816
22 4 2251
22 5 2342
22 6 1727
22 7 2133
22 8 730
22 9 1778
22 10 1090
22 11 1782
22 12 912
22 13 665
22 14 395
22 15 1341
22 16 1267
22 17 1506
22 18 920
22 19 1371
22 20 422
22 21 495
22 22 0
22 23 911
22 24 2286
22 25 937
22 26 650
22 27 1786
22 28 2026
22 29 1672
22 30 752
22 31 821
22 32 478
22 33 2377
22 34 390
22 35 1417
22 36 2648
22 37 342
22 38 1369
22 39 2600
22 40 294
22 41 1321
22 42 2552
22 43 246
22 44 1273
22 45 2504
22 46 198
22 47 1225
22 48 2456
22 49 150
22 50 1177
22 51 2408
22 52 102
22 53 1129
22 54 2360
22 55 150
22 56 1177
22 57 2408
22 58 198
22 59 1225
22 60 2456
22 61 246
22 62 1273
22 63 2504
22 64 294
22 65 1321
22 66 2552
22 67 342
22 68 1369
22 69 2600
22 70 390
22 71 1417
22 72 2648
22 73 438
22 74 1465
22 75 2696
22 76 486
22 77 1513
22 78 2744
22 79 534
22 80 1561
22 81 2792
22 82 582
22 83 1609
22 84 2840
22 85 630
22 86 1657
22 87 2888
22 88 510
23 0 1217
23 1 982
23 2 965
23 3 1301
23 4 1736
23 5 1827
23 6 1212
23 7 1618
23 8 1245
23 9 1071
23 10 1433
23 11 1267
23 12 1515
23 13 1372
23 14 1006
23 15 1086
23 16 1064
23 17 991
23 18 1315
23 19 856
23 20 1129
23 21 1202
23 22 911
23 23 0
23 24 1771
23 25 26
23 26 1093
23 27 1175
23 28 1511
23 29 965
23 30 1459
23 31 1528
23 32 1185
23 33 1862
23 34 1097
23 35 902
23 36 2133
23 37 1049
23 38 854
23 39 2085
23 40 1001
23 41 806
23 42 2037
23 43 953
23 44 758
23 45 1989
23 46 905
23 47 710
23 48 1941
23 49 857
23 50 662
23 51 1893
23 52 809
23 53 614
23 54 1845
23 55 761
23 56 566
23 57 1797
23 58 713
23 59 518
23 60 1749
23 61 761
23 62 566
23 63 1797
23 64 809
23 65 614
23 66 1845
23 67 857
23 68 662
23 69 1893
23 70 905
23 71 710
23 72 1941
23 73 953
23 74 758
23 75 1989
23 76 1001
23 77 806
23 78 2037
23 79 1049
23 80 854
23 81 2085
23 82 1097
23 83 902
23 84 2133
23 85 1145
23 86 950
23 87 2181
23 88 1217
24 0 2220
24 1 1045
24 2 806
24 3 1194
24 4 759
24 5 668
24 6 559
24 7 877
24 8 2240
24 9 1520
24 10 1400
24 11 1228
24 12 1578
24 13 1825
24 14 2191
24 15 1149
24 16 1223
24 17 780
24 18 1570
24 19 1015
24 20 2068
24 21 1995
24 22 2286
24 23 1771
24 24 0
24 25 1745
24 26 1636
24 27 1320
24 28 260
24 29 1700
24 30 1738
24 31 1669
24 32 2012
24 33 91
24 34 2100
24 35 869
24 36 362
24 37 2148
24 38 917
24 39 410
24 40 2196
24 41 965
24 42 458
24 43 2244
24 44 1013
24 45 506
24 46 2292
24 47 1061
24 48 554
24 49 2340
24 50 1109
24 51 602
24 52 2388
24 53 1157
24 54 650
24 55 2436
24 56 1205
24 57 698
24 58 2484
24 59 1253
24 60 746
24 61 2532
24 62 1301
24 63 794
24 64 2580
24 65 1349
24 66 842
24 67 2628
24 68 1397
24 69 890
24 70 2676
24 71 1445
24 72 938
24 73 2724
24 74 1493
24 75 986
24 76 2772
24 77 1541
24 78 1034
24 79 2820
24 80 1589
24 81 1082
24 82 2868
24 83 1637
24 84 1130
24 85 2916
24 86 1685
24 87 1178
24 88 2220
25 0 1243
25 1 956
25 2 939
25 3 1275
25 4 1710
25 5 1801
25 6 1186
25 7 1592
25 8 1271
25 9 1045
25 10 1407
25 11 1241
25 12 1489
25 13 1398
25 14 1032
25 15 1060
25 16 1038
25 17 965
25 18 1289
25 19 830
25 20 1155
25 21 1228
25 22 937
25 23 26
25 24 1745
25 25 0
25 26 1067
25 27 1149
25 28 1485
25 29 939
25 30 1485
25 31 1554
25 32 1211
25 33 1836
25 34 1123
25 35 876
25 36 2107
25 37 1075
25 38 828
25 39 2059
25 40 1027
25 41 780
25 42 2011
25 43 979
25 44 732
25 45 1963
25 46 931
25 47 684
25 48 1915
25 49 883
25 50 636
25 51 1867
25 52 835
25 53 588
25 54 1819
25 55 787
25 56 540
25 57 1771
25 58 739
25 59 492
25 60 1723
25 61 787
25 62 540
25 63 1771
25 64 835
25 65 588
25 66 1819
25 67 883
25 68 636
25 69 1867
25 70 931
25 71 684
25 72 1915
25 73 979
25 74 732
25 75 1963
25 76 1027
25 77 780
25 78 2011
25 79 1075
25 80 828
25 81 2059
25 82 1123
25 83 876
25 84 2107
25 85 1171
25 86 924
25 87 2155
25 88 1243
26 0 1160
26 1 847
26 2 830
26 3 1166
26 4 1601
26 5 1692
26 6 1077
26 7 1483
26 8 1380
26 9 1128
26 10 1298
26 11 1132
26 12 1380
26 13 1315
26 14 1045
26 15 951
26 16 929
26 17 856
26 18 1180
26 19 721
26 20 1072
26 21 1145
26 22 650
26 23 1093
26 24 1636
26 25 1067
26 26 0
26 27 1136
26 28 1376
26 29 1022
26 30 1402
26 31 1471
26 32 1128
26 33 1727
26 34 1040
26 35 767
26 36 1998
26 37 992
26 38 719
26 39 1950
26 40 944
26 41 671
26 42 1902
26 43 896
26 44 623
26 45 1854
26 46 848
26 47 575
26 48 1806
26 49 800
26 50 527
26 51 1758
26 52 752
26 53 479
26 54 1710
26 55 800
26 56 527
26 57 1758
26 58 848
26 59 575
26 60 1806
26 61 896
26 62 623
26 63 1854
26 64 944
26 65 671
26 66 1902
26 67 992
26 68 719
26 69 1950
26 70 1040
26 71 767
26 72 1998
26 73 1088
26 74 815
26 75 2046
26 76 1136
26 77 863
26 78 2094
26 79 1184
26 80 911
26 81 2142
26 82 1232
26 83 959
26 84 2190
26 85 1280
26 86 1007
26 87 2238
26 88 1160
27 0 2296
27 1 1025
27 2 1008
27 3 1214
27 4 1259
27 5 1168
27 6 1255
27 7 1089
27 8 1644
27 9 1210
27 10 1476
27 11 1310
27 12 1558
27 13 1805
27 14 1595
27 15 1129
27 16 1107
27 17 1034
27 18 1358
27 19 899
27 20 1952
27 21 1687
27 22 1786
27 23 1175
27 24 1320
27 25 1149
27 26 1136
27 27 0
27 28 1554
27 29 1104
27 30 1814
27 31 1649
27 32 1800
27 33 1229
27 34 2176
27 35 945
27 36 958
27 37 2128
27 38 897
27 39 910
27 40 2080
27 41 849
27 42 862
27 43 2032
27 44 801
27 45 814
27 46 1984
27 47 753
27 48 766
27 49 1936
27 50 705
27 51 718
27 52 1888
27 53 657
27 54 670
27 55 1840
27 56 609
27 57 622
27 58 1888
27 59 657
27 60 670
27 61 1936
27 62 705
27 63 718
27 64 1984
27 65 753
27 66 766
27 67 2032
27 68 801
27 69 814
27 70 2080
27 71 849
27 72 862
27 73 2128
27 74 897
27 75 910
27 76 2176
27 77 945
27 78 958
27 79 2224
27 80 993
27 81 1006
27 82 2272
27 83 1041
27 84 1054
27 85 2320
27 86 1089
27 87 1102
27 88 2296
28 0 1960
28 1 785
28 2 546
28 3 1454
28 4 1019
28 5 928
28 6 299
28 7 1137
28 8 1980
28 9 1546
28 10 1140
28 11 1358
28 12 1318
28 13 1565
28 14 1931
28 15 889
28 16 963
28 17 520
28 18 1310
28 19 755
28 20 1808
28 21 1735
28 22 2026
28 23 1511
28 24 260
28 25 1485
28 26 1376
28 27 1554
28 28 0
28 29 1440
28 30 1478
28 31 1409
28 32 1752
28 33 351
28 34 1840
28 35 609
28 36 622
28 37 1888
28 38 657
28 39 670
28 40 1936
28 41 705
28 42 718
28 43 1984
28 44 753
28 45 766
28 46 2032
28 47 801
28 48 814
28 49 2080
28 50 849
28 51 862
28 52 2128
28 53 897
28 54 910
28 55 2176
28 56 945
28 57 958
28 58 2224
28 59 993
28 60 1006
28 61 2272
28 62 1041
28 63 1054
28 64 2320
28 65 1089
28 66 1102
28 67 2368
28 68 1137
28 69 1150
28 70 2416
28 71 1185
28 72 1198
28 73 2464
28 74 1233
28 75 1246
28 76 2512
28 77 1281
28 78 1294
28 79 2560
28 80 1329
28 81 1342
28 82 2608
28 83 1377
28 84 1390
28 85 2656
28 86 1425
28 87 1438
28 88 1960
29 0 2056
29 1 911
29 2 894
29 3 1230
29 4 1665
29 5 1756
29 6 1141
29 7 1547
29 8 1146
29 9 904
29 10 1362
29 11 1196
29 12 1444
29 13 1691
29 14 1481
29 15 1015
29 16 993
29 17 920
29 18 1244
29 19 785
29 20 1838
29 21 1573
29 22 1672
29 23 965
29 24 1700
29 25 939
29 26 1022
29 27 1104
29 28 1440
29 29 0
29 30 1700
29 31 1535
29 32 1686
29 33 1791
29 34 1936
29 35 831
29 36 2062
29 37 1888
29 38 783
29 39 2014
29 40 1840
29 41 735
29 42 1966
29 43 1792
29 44 687
29 45 1918
29 46 1744
29 47 639
29 48 1870
29 49 1696
29 50 591
29 51 1822
29 52 1648
29 53 543
29 54 1774
29 55 1600
29 56 495
29 57 1726
29 58 1552
29 59 447
29 60 1678
29 61 1504
29 62 399
29 63 1630
29 64 1456
29 65 351
29 66 1582
29 67 1408
29 68 303
29 69 1534
29 70 1360
29 71 255
29 72 1486
29 73 1312
29 74 207
29 75 1438
29 76 1264
29 77 159
29 78 1390
29 79 1216
29 80 111
29 81 1342
29 82 1168
29 83 63
29 84 1294
29 85 1216
29 86 111
29 87 1342
29 88 2056
30 0 482
30 1 1045
30 2 932
30 3 1844
30 4 1799
30 5 1890
30 6 1179
30 7 1969
30 8 1278
30 9 1806
30 10 338
30 11 1618
30 12 980
30 13 733
30 14 943
30 15 1149
30 16 1223
30 17 958
30 18 1180
30 19 1015
30 20 586
30 21 851
30 22 752
30 23 1459
30 24 1738
30 25 1485
30 26 1402
30 27 1814
30 28 1478
30 29 1700
30 30 0
30 31 889
30 32 738
30 33 1829
30 34 362
30 35 869
30 36 2100
30 37 410
30 38 917
30 39 2148
30 40 458
30 41 965
30 42 2196
30 43 506
30 44 1013
30 45 2244
30 46 554
30 47 1061
30 48 2292
30 49 602
30 50 1109
30 51 2340
30 52 650
30 53 1157
30 54 2388
30 55 698
30 56 1205
30 57 2436
30 58 746
30 59 1253
30 60 2484
30 61 794
30 62 1301
30 63 2532
30 64 842
30 65 1349
30 66 2580
30 67 890
30 68 1397
30 69 2628
30 70 938
30 71 1445
30 72 2676
30 73 986
30 74 1493
30 75 2724
30 76 1034
30 77 1541
30 78 2772
30 79 1082
30 80 1589
30 81 2820
30 82 1130
30 83 1637
30 84 2868
30 85 1178
30 86 1685
30 87 2916
30 88 482
31 0 647
31 1 624
31 2 863
31 3 1679
31 4 1634
31 5 1725
31 6 1110
31 7 1804
31 8 1347
31 9 1641
31 10 1227
31 11 1453
31 12 91
31 13 156
31 14 1012
31 15 520
31 16 1058
31 17 889
31 18 1249
31 19 850
31 20 655
31 21 920
31 22 821
31 23 1528
31 24 1669
31 25 1554
31 26 1471
31 27 1649
31 28 1409
31 29 1535
31 30 889
31 31 0
31 32 807
31 33 1760
31 34 527
31 35 800
31 36 2031
31 37 479
31 38 752
31 39 1983
31 40 527
31 41 800
31 42 2031
31 43 575
31 44 848
31 45 2079
31 46 623
31 47 896
31 48 2127
31 49 671
31 50 944
31 51 2175
31 52 719
31 53 992
31 54 2223
31 55 767
31 56 1040
31 57 2271
31 58 815
31 59 1088
31 60 2319
31 61 863
31 62 1136
31 63 2367
31 64 911
31 65 1184
31 66 2415
31 67 959
31 68 1232
31 69 2463
31 70 1007
31 71 1280
31 72 2511
31 73 1055
31 74 1328
31 75 2559
31 76 1103
31 77 1376
31 78 2607
31 79 1151
31 80 1424
31 81 2655
31 82 1199
31 83 1472
31 84 2703
31 85 1247
31 86 1520
31 87 2751
31 88 647
32 0 496
32 1 1223
32 2 1206
32 3 1830
32 4 1977
32 5 2068
32 6 1453
32 7 1955
32 8 1004
32 9 1792
32 10 1076
32 11 1604
32 12 898
32 13 651
32 14 669
32 15 1327
32 16 1253
32 17 1232
32 18 442
32 19 1097
32 20 408
32 21 577
32 22 478
32 23 1185
32 24 2012
32 25 1211
32 26 1128
32 27 1800
32 28 1752
32 29 1686
32 30 738
32 31 807
32 32 0
32 33 2103
32 34 376
32 35 1143
32 36 2374
32 37 328
32 38 1095
32 39 2326
32 40 280
32 41 1047
32 42 2278
32 43 232
32 44 999
32 45 2230
32 46 280
32 47 1047
32 48 2278
32 49 328
32 50 1095
32 51 2326
32 52 376
32 53 1143
32 54 2374
32 55 424
32 56 1191
32 57 2422
32 58 472
32 59 1239
32 60 2470
32 61 520
32 62 1287
32 63 2518
32 64 568
32 65 1335
32 66 2566
32 67 616
32 68 1383
32 69 2614
32 70 664
32 71 1431
32 72 2662
32 73 712
32 74 1479
32 75 2710
32 76 760
32 77 1527
32 78 2758
32 79 808
32 80 1575
32 81 2806
32 82 856
32 83 1623
32 84 2854
32 85 904
32 86 1671
32 87 2902
32 88 496
33 0 2311
33 1 1136
33 2 897
33 3 1103
33 4 668
33 5 577
33 6 650
33 7 786
33 8 2331
33 9 1429
33 10 1491
33 11 1137
33 12 1669
33 13 1916
33 14 2282
33 15 1240
33 16 1314
33 17 871
33 18 1661
33 19 1106
33 20 2159
33 21 2086
33 22 2377
33 23 1862
33 24 91
33 25 1836
33 26 1727
33 27 1229
33 28 351
33 29 1791
33 30 1829
33 31 1760
33 32 2103
33 33 0
33 34 2191
33 35 960
33 36 271
33 37 2239
33 38 1008
33 39 319
33 40 2287
33 41 1056
33 42 367
33 43 2335
33 44 1104
33 45 415
33 46 2383
33 47 1152
33 48 463
33 49 2431
33 50 1200
33 51 511
33 52 2479
33 53 1248
33 54 559
33 55 2527
33 56 1296
33 57 607
33 58 2575
33 59 1344
33 60 655
33 61 2623
33 62 1392
33 63 703
33 64 2671
33 65 1440
33 66 751
33 67 2719
33 68 1488
33 69 799
33 70 2767
33 71 1536
33 72 847
33 73 2815
33 74 1584
33 75 895
33 76 2863
33 77 1632
33 78 943
33 79 2911
33 80 1680
33 81 991
33 82 2959
33 83 1728
33 84 1039
33 85 3007
33 86 1776
33 87 1087
33 88 2311
34 0 120
34 1 1151
34 2 1294
34 3 2206
34 4 2161
34 5 2252
34 6 1541
34 7 2331
34 8 916
34 9 2168
34 10 700
34 11 1980
34 12 618
34 13 371
34 14 581
34 15 1047
34 16 1069
34 17 1320
34 18 818
34 19 1277
34 20 224
34 21 489
34 22 390
34 23 1097
34 24 2100
34 25 1123
34 26 1040
34 27 2176
34 28 1840
34 29 1936
34 30 362
34 31 527
34 32 376
34 33 2191
34 34 0
34 35 1231
34 36 2462
34 37 48
34 38 1279
34 39 2510
34 40 96
34 41 1327
34 42 2558
34 43 144
34 44 1375
34 45 2606
34 46 192
34 47 1423
34 48 2654
34 49 240
34 50 1471
34 51 2702
34 52 288
34 53 1519
34 54 2750
34 55 336
34 56 1567
34 57 2798
34 58 384
34 59 1615
34 60 2846
34 61 432
34 62 1663
34 63 2894
34 64 480
34 65 1711
34 66 2942
34 67 528
34 68 1759
34 69 2990
34 70 576
34 71 1807
34 72 3038
34 73 624
34 74 1855
34 75 3086
34 76 672
34 77 1903
34 78 3134
34 79 720
34 80 1951
34 81 3182
34 82 768
34 83 1999
34 84 3230
34 85 816
34 86 2047
34 87 3278
34 88 120
35 0 1351
35 1 176
35 2 63
35 3 975
35 4 930
35 5 1021
35 6 310
35 7 1100
35 8 1371
35 9 937
35 10 531
35 11 749
35 12 709
35 13 956
35 14 1322
35 15 280
35 16 354
35 17 89
35 18 701
35 19 146
35 20 1199
35 21 1126
35 22 1417
35 23 902
35 24 869
35 25 876
35 26 767
35 27 945
35 28 609
35 29 831
35 30 869
35 31 800
35 32 1143
35 33 960
35 34 1231
35 35 0
35 36 1231
35 37 1279
35 38 48
35 39 1279
35 40 1327
35 41 96
35 42 1327
35 43 1375
35 44 144
35 45 1375
35 46 1423
35 47 192
35 48 1423
35 49 1471
35 50 240
35 51 1471
35 52 1519
35 53 288
35 54 1519
35 55 1567
35 56 336
35 57 1567
35 58 1615
35 59 384
35 60 1615
35 61 1663
35 62 432
35 63 1663
35 64 1711
35 65 480
35 66 1711
35 67 1759
35 68 528
35 69 1759
35 70 1807
35 71 576
35 72 1807
35 73 1855
35 74 624
35 75 1855
35 76 1903
35 77 672
35 78 1903
35 79 1951
35 80 720
35 81 1951
35 82 1999
35 83 768
35 84 1999
35 85 2047
35 86 816
35 87 2047
35 88 1351
36 0 2582
36 1 1407
36 2 1168
36 3 832
36 4 397
36 5 306
36 6 921
36 7 515
36 8 2602
36 9 1158
36 10 1762
36 11 866
36 12 1940
36 13 2187
36 14 2553
36 15 1511
36 16 1585
36 17 1142
36 18 1932
36 19 1377
36 20 2430
36 21 2357
36 22 2648
36 23 2133
36 24 362
36 25 2107
36 26 1998
36 27 958
36 28 622
36 29 2062
36 30 2100
36 31 2031
36 32 2374
36 33 271
36 34 2462
36 35 1231
36 36 0
36 37 2510
36 38 1279
36 39 48
36 40 2558
36 41 1327
36 42 96
36 43 2606
36 44 1375
36 45 144
36 46 2654
36 47 1423
36 48 192
36 49 2702
36 50 1471
36 51 240
36 52 2750
36 53 1519
36 54 288
36 55 2798
36 56 1567
36 57 336
36 58 2846
36 59 1615
36 60 384
36 61 2894
36 62 1663
36 63 432
36 64 2942
36 65 1711
36 66 480
36 67 2990
36 68 1759
36 69 528
36 70 3038
36 71 1807
36 72 576
36 73 3086
36 74 1855
36 75 624
36 76 3134
36 77 1903
36 78 672
36 79 3182
36 80 1951
36 81 720
36 82 3230
36 83 1999
36 84 768
36 85 3278
36 86 2047
36 87 816
36 88 2582
37 0 168
37 1 1103
37 2 1342
37 3 2158
37 4 2113
37 5 2204
37 6 1589
37 7 2283
37 8 868
37 9 2120
37 10 748
37 11 1932
37 12 570
37 13 323
37 14 533
37 15 999
37 16 1021
37 17 1368
37 18 770
37 19 1229
37 20 176
37 21 441
37 22 342
37 23 1049
37 24 2148
37 25 1075
37 26 992
37 27 2128
37 28 1888
37 29 1888
37 30 410
37 31 479
37 32 328
37 33 2239
37 34 48
37 35 1279
37 36 2510
37 37 0
37 38 1231
37 39 2462
37 40 48
37 41 1279
37 42 2510
37 43 96
37 44 1327
37 45 2558
37 46 144
37 47 1375
37 48 2606
37 49 192
37 50 1423
37 51 2654
37 52 240
37 53 1471
37 54 2702
37 55 288
37 56 1519
37 57 2750
37 58 336
37 59 1567
37 60 2798
37 61 384
37 62 1615
37 63 2846
37 64 432
37 65 1663
37 66 2894
37 67 480
37 68 1711
37 69 2942
37 70 528
37 71 1759
37 72 2990
37 73 576
37 74 1807
37 75 3038
37 76 624
37 77 1855
37 78 3086
37 79 672
37 80 1903
37 81 3134
37 82 720
37 83 1951
37 84 3182
37 85 768
37 86 1999
37 87 3230
37 88 168
38 0 1399
38 1 128
38 2 111
38 3 927
38 4 882
38 5 973
38 6 358
38 7 1052
38 8 1323
38 9 889
38 10 579
38 11 701
38 12 661
38 13 908
38 14 1274
38 15 232
38 16 306
38 17 137
38 18 653
38 19 98
38 20 1151
38 21 1078
38 22 1369
38 23 854
38 24 917
38 25 828
38 26 719
38 27 897
38 28 657
38 29 783
38 30 917
38 31 752
38 32 1095
38 33 1008
38 34 1279
38 35 48
38 36 1279
38 37 1231
38 38 0
38 39 1231
38 40 1279
38 41 48
38 42 1279
38 43 1327
38 44 96
38 45 1327
38 46 1375
38 47 144
38 48 1375
38 49 1423
38 50 192
38 51 1423
38 52 1471
38 53 240
38 54 1471
38 55 1519
38 56 288
38 57 1519
38 58 1567
38 59 336
38 60 1567
38 61 1615
38 62 384
38 63 1615
38 64 1663
38 65 432
38 66 1663
38 67 1711
38 68 480
38 69 1711
38 70 1759
38 71 528
38 72 1759
38 73 1807
38 74 576
38 75 1807
38 76 1855
38 77 624
38 78 1855
38 79 1903
38 80 672
38 81 1903
38 82 1951
38 83 720
38 84 1951
38 85 1999
38 86 768
38 87 1999
38 88 1399
39 0 2630
39 1 1359
39 2 1216
39 3 784
39 4 349
39 5 258
39 6 969
39 7 467
39 8 2554
39 9 1110
39 10 1810
39 11 818
39 12 1892
39 13 2139
39 14 2505
39 15 1463
39 16 1537
39 17 1190
39 18 1884
39 19 1329
39 20 2382
39 21 2309
39 22 2600
39 23 2085
39 24 410
39 25 2059
39 26 1950
39 27 910
39 28 670
39 29 2014
39 30 2148
39 31 1983
39 32 2326
39 33 319
39 34 2510
39 35 1279
39 36 48
39 37 2462
39 38 1231
39 39 0
39 40 2510
39 41 1279
39 42 48
39 43 2558
39 44 1327
39 45 96
39 46 2606
39 47 1375
39 48 144
39 49 2654
39 50 1423
39 51 192
39 52 2702
39 53 1471
39 54 240
39 55 2750
39 56 1519
39 57 288
39 58 2798
39 59 1567
39 60 336
39 61 2846
39 62 1615
39 63 384
39 64 2894
39 65 1663
39 66 432
39 67 2942
39 68 1711
39 69 480
39 70 2990
39 71 1759
39 72 528
39 73 3038
39 74 1807
39 75 576
39 76 3086
39 77 1855
39 78 624
39 79 3134
39 80 1903
39 81 672
39 82 3182
39 83 1951
39 84 720
39 85 3230
39 86 1999
39 87 768
39 88 2630
40 0 216
40 1 1151
40 2 1390
40 3 2110
40 4 2161
40 5 2252
40 6 1637
40 7 2235
40 8 820
40 9 2072
40 10 796
40 11 1884
40 12 618
40 13 371
