//alpha
1
//NbLocations
48
//NbProducts
31
//NbPickers
2
//CapaPicker
8
//TimeToTravelOneDistanceUnit
3
//SetupTime
5400
//PickTime
300
//Products
//Idx Location Size
1 1 1
2 2 1
3 3 1
4 4 1
5 5 1
6 6 1
7 7 1
8 8 1
9 9 1
10 10 1
11 11 1
12 12 1
13 13 1
14 14 1
15 15 1
16 16 1
17 17 1
18 18 1
19 19 1
20 20 1
21 21 1
22 20 1
23 22 1
24 23 1
25 24 1
26 25 1
27 26 1
28 27 1
29 28 1
30 29 1
31 20 1
//Orders
//NbOrders
18
//Idx DueDate TardinessPenalty NbProdInOrder ProdIdx1 Qty1 ProdIdx2 Qty2 ...
1 108000 0 2 1 1 2 1
2 90000 0 6 3 1 4 1 5 1 6 1 7 1 8 1
3 72000 0 1 9 1
4 126000 0 2 10 1 11 1
5 144000 0 2 12 1 13 1
6 36000 0 2 14 1 15 1
7 90000 0 1 16 1
8 144000 0 1 17 1
9 54000 0 1 18 1
10 72000 0 1 19 1
11 54000 0 1 20 1
12 108000 0 2 21 1 22 1
13 90000 0 4 23 1 24 1 25 1 26 1
14 90000 0 1 27 1
15 36000 0 1 28 1
16 144000 0 1 29 1
17 36000 0 1 30 1
18 54000 0 1 31 1
//Graph (Products are vertices indexed from 1 to NbProducts)
//NbVerticesIntersections
18
//DepartingDepot
0
//ArrivalDepot
48
//Arcs
//Start End Distance
0 30 120
1 15 39
1 29 26
2 4 26
2 34 37
3 24 0
3 42 50
4 2 26
4 19 13
5 23 78
5 37 310
6 12 39
6 38 323
7 16 26
7 29 52
8 9 78
8 40 219
9 8 78
9 39 154
10 18 65
10 32 336
11 17 13
11 43 37
12 6 39
12 28 13
13 40 50
13 41 401
14 28 39
14 37 37
15 1 39
15 31 245
16 7 26
16 22 26
17 11 13
17 20 13
18 10 65
18 31 50
19 4 13
19 35 375
20 17 13
20 21 117
21 20 117
21 26 195
22 16 26
22 30 37
23 5 78
23 36 63
24 3 0
24 43 401
25 27 78
25 33 50
26 21 195
26 44 76
27 25 78
27 34 323
28 12 13
28 14 39
29 1 26
29 7 52
30 22 37
30 33 48
30 48 120
31 15 245
31 18 50
31 34 48
32 10 336
32 35 48
33 25 50
33 30 48
33 36 48
34 2 37
34 27 323
34 31 48
34 37 48
35 19 375
35 32 48
35 38 48
36 23 63
36 33 48
36 39 48
37 5 310
37 14 37
37 34 48
37 40 48
38 6 323
38 35 48
38 41 48
39 9 154
39 36 48
39 42 48
40 8 219
40 13 50
40 37 48
40 43 48
41 13 401
41 38 48
41 44 48
42 3 50
42 39 48
42 45 48
43 11 37
43 24 401
43 40 48
43 46 48
44 26 76
44 41 48
44 47 48
45 42 48
45 46 451
46 43 48
46 45 451
46 47 451
47 44 48
47 46 451
//LocStart LocEnd ShortestPath
0 0 0
0 1 287
0 2 656
0 3 362
0 4 682
0 5 357
0 6 795
0 7 209
0 8 496
0 9 418
0 10 686
0 11 800
0 12 756
0 13 765
0 14 704
0 15 326
0 16 183
0 17 813
0 18 621
0 19 695
0 20 826
0 21 943
0 22 157
0 23 279
0 24 362
0 25 218
0 26 1138
0 27 296
0 28 743
0 29 261
0 30 120
0 31 571
0 32 1022
0 33 168
0 34 619
0 35 1070
0 36 216
0 37 667
0 38 1118
0 39 264
0 40 715
0 41 1166
0 42 312
0 43 763
0 44 1214
0 45 360
0 46 811
0 47 1262
0 48 0
1 0 287
1 1 0
1 2 369
1 3 409
1 4 395
1 5 404
1 6 508
1 7 78
1 8 543
1 9 465
1 10 399
1 11 513
1 12 469
1 13 478
1 14 417
1 15 39
1 16 104
1 17 526
1 18 334
1 19 408
1 20 539
1 21 656
1 22 130
1 23 326
1 24 409
1 25 265
1 26 851
1 27 343
1 28 456
1 29 26
1 30 167
1 31 284
1 32 735
1 33 215
1 34 332
1 35 783
1 36 263
1 37 380
1 38 831
1 39 311
1 40 428
1 41 879
1 42 359
1 43 476
1 44 927
1 45 407
1 46 524
1 47 975
1 48 287
2 0 656
2 1 369
2 2 0
2 3 582
2 4 26
2 5 395
2 6 213
2 7 447
2 8 352
2 9 430
2 10 200
2 11 218
2 12 174
2 13 183
2 14 122
2 15 330
2 16 473
2 17 231
2 18 135
2 19 39
2 20 244
2 21 361
2 22 499
2 23 473
2 24 582
2 25 438
2 26 556
2 27 360
2 28 161
2 29 395
2 30 536
2 31 85
2 32 462
2 33 488
2 34 37
2 35 414
2 36 536
2 37 85
2 38 462
2 39 584
2 40 133
2 41 510
2 42 632
2 43 181
2 44 558
2 45 680
2 46 229
2 47 606
2 48 656
3 0 362
3 1 409
3 2 582
3 3 0
3 4 608
3 5 287
3 6 625
3 7 331
3 8 330
3 9 252
3 10 708
3 11 438
3 12 586
3 13 499
3 14 534
3 15 448
3 16 305
3 17 451
3 18 643
3 19 621
3 20 464
3 21 581
3 22 279
3 23 209
3 24 0
3 25 244
3 26 776
3 27 322
3 28 573
3 29 383
3 30 242
3 31 593
3 32 1044
3 33 194
3 34 545
3 35 996
3 36 146
3 37 497
3 38 948
3 39 98
3 40 449
3 41 900
3 42 50
3 43 401
3 44 852
3 45 98
3 46 449
3 47 900
3 48 362
4 0 682
4 1 395
4 2 26
4 3 608
4 4 0
4 5 421
4 6 239
4 7 473
4 8 378
4 9 456
4 10 226
4 11 244
4 12 200
4 13 209
4 14 148
4 15 356
4 16 499
4 17 257
4 18 161
4 19 13
4 20 270
4 21 387
4 22 525
4 23 499
4 24 608
4 25 464
4 26 582
4 27 386
4 28 187
4 29 421
4 30 562
4 31 111
4 32 436
4 33 514
4 34 63
4 35 388
4 36 562
4 37 111
4 38 436
4 39 610
4 40 159
4 41 484
4 42 658
4 43 207
4 44 532
4 45 706
4 46 255
4 47 580
4 48 682
5 0 357
5 1 404
5 2 395
5 3 287
5 4 421
5 5 0
5 6 438
5 7 326
5 8 421
5 9 343
5 10 521
5 11 443
5 12 399
5 13 408
5 14 347
5 15 443
5 16 300
5 17 456
5 18 456
5 19 434
5 20 469
5 21 586
5 22 274
5 23 78
5 24 287
5 25 239
5 26 781
5 27 317
5 28 386
5 29 378
5 30 237
5 31 406
5 32 857
5 33 189
5 34 358
5 35 809
5 36 141
5 37 310
5 38 761
5 39 189
5 40 358
5 41 809
5 42 237
5 43 406
5 44 857
5 45 285
5 46 454
5 47 905
5 48 357
6 0 795
6 1 508
6 2 213
6 3 625
6 4 239
6 5 438
6 6 0
6 7 586
6 8 395
6 9 473
6 10 339
6 11 261
6 12 39
6 13 226
6 14 91
6 15 469
6 16 612
6 17 274
6 18 274
6 19 252
6 20 287
6 21 404
6 22 638
6 23 516
6 24 625
6 25 577
6 26 495
6 27 499
6 28 52
6 29 534
6 30 675
6 31 224
6 32 419
6 33 627
6 34 176
6 35 371
6 36 579
6 37 128
6 38 323
6 39 627
6 40 176
6 41 371
6 42 675
6 43 224
6 44 419
6 45 723
6 46 272
6 47 467
6 48 795
7 0 209
7 1 78
7 2 447
7 3 331
7 4 473
7 5 326
7 6 586
7 7 0
7 8 465
7 9 387
7 10 477
7 11 591
7 12 547
7 13 556
7 14 495
7 15 117
7 16 26
7 17 604
7 18 412
7 19 486
7 20 617
7 21 734
7 22 52
7 23 248
7 24 331
7 25 187
7 26 929
7 27 265
7 28 534
7 29 52
7 30 89
7 31 362
7 32 813
7 33 137
7 34 410
7 35 861
7 36 185
7 37 458
7 38 909
7 39 233
7 40 506
7 41 957
7 42 281
7 43 554
7 44 1005
7 45 329
7 46 602
7 47 1053
7 48 209
8 0 496
8 1 543
8 2 352
8 3 330
8 4 378
8 5 421
8 6 395
8 7 465
8 8 0
8 9 78
8 10 478
8 11 304
8 12 356
8 13 269
8 14 304
8 15 582
8 16 439
8 17 317
8 18 413
8 19 391
8 20 330
8 21 447
8 22 413
8 23 343
8 24 330
8 25 378
8 26 642
8 27 456
8 28 343
8 29 517
8 30 376
8 31 363
8 32 814
8 33 328
8 34 315
8 35 766
8 36 280
8 37 267
8 38 718
8 39 232
8 40 219
8 41 670
8 42 280
8 43 267
8 44 718
8 45 328
8 46 315
8 47 766
8 48 496
9 0 418
9 1 465
9 2 430
9 3 252
9 4 456
9 5 343
9 6 473
9 7 387
9 8 78
9 9 0
9 10 556
9 11 382
9 12 434
9 13 347
9 14 382
9 15 504
9 16 361
9 17 395
9 18 491
9 19 469
9 20 408
9 21 525
9 22 335
9 23 265
9 24 252
9 25 300
9 26 720
9 27 378
9 28 421
9 29 439
9 30 298
9 31 441
9 32 892
9 33 250
9 34 393
9 35 844
9 36 202
9 37 345
9 38 796
9 39 154
9 40 297
9 41 748
9 42 202
9 43 345
9 44 796
9 45 250
9 46 393
9 47 844
9 48 418
10 0 686
10 1 399
10 2 200
10 3 708
10 4 226
10 5 521
10 6 339
10 7 477
10 8 478
10 9 556
10 10 0
10 11 344
10 12 300
10 13 309
10 14 248
10 15 360
10 16 503
10 17 357
10 18 65
10 19 239
10 20 370
10 21 487
10 22 529
10 23 599
10 24 708
10 25 564
10 26 604
10 27 486
10 28 287
10 29 425
10 30 566
10 31 115
10 32 336
10 33 614
10 34 163
10 35 384
10 36 662
10 37 211
10 38 432
10 39 710
10 40 259
10 41 480
10 42 758
10 43 307
10 44 528
10 45 806
10 46 355
10 47 576
10 48 686
11 0 800
11 1 513
11 2 218
11 3 438
11 4 244
11 5 443
11 6 261
11 7 591
11 8 304
11 9 382
11 10 344
11 11 0
11 12 222
11 13 135
11 14 170
11 15 474
11 16 617
11 17 13
11 18 279
11 19 257
11 20 26
11 21 143
11 22 643
11 23 521
11 24 438
11 25 582
11 26 338
11 27 504
11 28 209
11 29 539
11 30 680
11 31 229
11 32 606
11 33 632
11 34 181
11 35 558
11 36 584
11 37 133
11 38 510
11 39 536
11 40 85
11 41 462
11 42 488
11 43 37
11 44 414
11 45 536
11 46 85
11 47 462
11 48 800
12 0 756
12 1 469
12 2 174
12 3 586
12 4 200
12 5 399
12 6 39
12 7 547
12 8 356
12 9 434
12 10 300
12 11 222
12 12 0
12 13 187
12 14 52
12 15 430
12 16 573
12 17 235
12 18 235
12 19 213
12 20 248
12 21 365
12 22 599
12 23 477
12 24 586
12 25 538
12 26 534
12 27 460
12 28 13
12 29 495
12 30 636
12 31 185
12 32 458
12 33 588
12 34 137
12 35 410
12 36 540
12 37 89
12 38 362
12 39 588
12 40 137
12 41 410
12 42 636
12 43 185
12 44 458
12 45 684
12 46 233
12 47 506
12 48 756
13 0 765
13 1 478
13 2 183
13 3 499
13 4 209
13 5 408
13 6 226
13 7 556
13 8 269
13 9 347
13 10 309
13 11 135
13 12 187
13 13 0
13 14 135
13 15 439
13 16 582
13 17 148
13 18 244
13 19 222
13 20 161
13 21 278
13 22 608
13 23 486
13 24 499
13 25 547
13 26 473
13 27 469
13 28 174
13 29 504
13 30 645
13 31 194
13 32 545
13 33 597
13 34 146
13 35 497
13 36 549
13 37 98
13 38 449
13 39 501
13 40 50
13 41 401
13 42 549
13 43 98
13 44 449
13 45 597
13 46 146
13 47 497
13 48 765
14 0 704
14 1 417
14 2 122
14 3 534
14 4 148
14 5 347
14 6 91
14 7 495
14 8 304
14 9 382
14 10 248
14 11 170
14 12 52
14 13 135
14 14 0
14 15 378
14 16 521
14 17 183
14 18 183
14 19 161
14 20 196
14 21 313
14 22 547
14 23 425
14 24 534
14 25 486
14 26 508
14 27 408
14 28 39
14 29 443
14 30 584
14 31 133
14 32 510
14 33 536
14 34 85
14 35 462
14 36 488
14 37 37
14 38 414
14 39 536
14 40 85
14 41 462
14 42 584
14 43 133
14 44 510
14 45 632
14 46 181
14 47 558
14 48 704
15 0 326
15 1 39
15 2 330
15 3 448
15 4 356
15 5 443
15 6 469
15 7 117
15 8 582
15 9 504
15 10 360
15 11 474
15 12 430
15 13 439
15 14 378
15 15 0
15 16 143
15 17 487
15 18 295
15 19 369
15 20 500
15 21 617
15 22 169
15 23 365
15 24 448
15 25 304
15 26 812
15 27 382
15 28 417
15 29 65
15 30 206
15 31 245
15 32 696
15 33 254
15 34 293
15 35 744
15 36 302
15 37 341
15 38 792
15 39 350
15 40 389
15 41 840
15 42 398
15 43 437
15 44 888
15 45 446
15 46 485
15 47 936
15 48 326
16 0 183
16 1 104
16 2 473
16 3 305
16 4 499
16 5 300
16 6 612
16 7 26
16 8 439
16 9 361
16 10 503
16 11 617
16 12 573
16 13 582
16 14 521
16 15 143
16 16 0
16 17 630
16 18 438
16 19 512
16 20 643
16 21 760
16 22 26
16 23 222
16 24 305
16 25 161
16 26 955
16 27 239
16 28 560
16 29 78
16 30 63
16 31 388
16 32 839
16 33 111
16 34 436
16 35 887
16 36 159
16 37 484
16 38 935
16 39 207
16 40 532
16 41 983
16 42 255
16 43 580
16 44 1031
16 45 303
16 46 628
16 47 1079
16 48 183
17 0 813
17 1 526
17 2 231
17 3 451
17 4 257
17 5 456
17 6 274
17 7 604
17 8 317
17 9 395
17 10 357
17 11 13
17 12 235
17 13 148
17 14 183
17 15 487
17 16 630
17 17 0
17 18 292
17 19 270
17 20 13
17 21 130
17 22 656
17 23 534
17 24 451
17 25 595
17 26 325
17 27 517
17 28 222
17 29 552
17 30 693
17 31 242
17 32 593
17 33 645
17 34 194
17 35 545
17 36 597
17 37 146
17 38 497
17 39 549
17 40 98
17 41 449
17 42 501
17 43 50
17 44 401
17 45 549
17 46 98
17 47 449
17 48 813
18 0 621
18 1 334
18 2 135
18 3 643
18 4 161
18 5 456
18 6 274
18 7 412
18 8 413
18 9 491
18 10 65
18 11 279
18 12 235
18 13 244
18 14 183
18 15 295
18 16 438
18 17 292
18 18 0
18 19 174
18 20 305
18 21 422
18 22 464
18 23 534
18 24 643
18 25 499
18 26 617
18 27 421
18 28 222
18 29 360
18 30 501
18 31 50
18 32 401
18 33 549
18 34 98
18 35 449
18 36 597
18 37 146
18 38 497
18 39 645
18 40 194
18 41 545
18 42 693
18 43 242
18 44 593
18 45 741
18 46 290
18 47 641
18 48 621
19 0 695
19 1 408
19 2 39
19 3 621
19 4 13
19 5 434
19 6 252
19 7 486
19 8 391
19 9 469
19 10 239
19 11 257
19 12 213
19 13 222
19 14 161
19 15 369
19 16 512
19 17 270
19 18 174
19 19 0
19 20 283
19 21 400
19 22 538
19 23 512
19 24 621
19 25 477
19 26 595
19 27 399
19 28 200
19 29 434
19 30 575
19 31 124
19 32 423
19 33 527
19 34 76
19 35 375
19 36 575
19 37 124
19 38 423
19 39 623
19 40 172
19 41 471
19 42 671
19 43 220
19 44 519
19 45 719
19 46 268
19 47 567
19 48 695
20 0 826
20 1 539
20 2 244
20 3 464
20 4 270
20 5 469
20 6 287
20 7 617
20 8 330
20 9 408
20 10 370
20 11 26
20 12 248
20 13 161
20 14 196
20 15 500
20 16 643
20 17 13
20 18 305
20 19 283
20 20 0
20 21 117
20 22 669
20 23 547
20 24 464
20 25 608
20 26 312
20 27 530
20 28 235
20 29 565
20 30 706
20 31 255
20 32 580
20 33 658
20 34 207
20 35 532
20 36 610
20 37 159
20 38 484
20 39 562
20 40 111
20 41 436
20 42 514
20 43 63
20 44 388
20 45 562
20 46 111
20 47 436
20 48 826
21 0 943
21 1 656
21 2 361
21 3 581
21 4 387
21 5 586
21 6 404
21 7 734
21 8 447
21 9 525
21 10 487
21 11 143
21 12 365
21 13 278
21 14 313
21 15 617
21 16 760
21 17 130
21 18 422
21 19 400
21 20 117
21 21 0
21 22 786
21 23 664
21 24 581
21 25 725
21 26 195
21 27 647
21 28 352
21 29 682
21 30 823
21 31 372
21 32 463
21 33 775
21 34 324
21 35 415
21 36 727
21 37 276
21 38 367
21 39 679
21 40 228
21 41 319
21 42 631
21 43 180
21 44 271
21 45 679
21 46 228
21 47 319
21 48 943
22 0 157
22 1 130
22 2 499
22 3 279
22 4 525
22 5 274
22 6 638
22 7 52
22 8 413
22 9 335
22 10 529
22 11 643
22 12 599
22 13 608
22 14 547
22 15 169
22 16 26
22 17 656
22 18 464
22 19 538
22 20 669
22 21 786
22 22 0
22 23 196
22 24 279
22 25 135
22 26 981
22 27 213
22 28 586
22 29 104
22 30 37
22 31 414
22 32 865
22 33 85
22 34 462
22 35 913
22 36 133
22 37 510
22 38 961
22 39 181
22 40 558
22 41 1009
22 42 229
22 43 606
22 44 1057
22 45 277
22 46 654
22 47 1105
22 48 157
23 0 279
23 1 326
23 2 473
23 3 209
23 4 499
23 5 78
23 6 516
23 7 248
23 8 343
23 9 265
23 10 599
23 11 521
23 12 477
23 13 486
23 14 425
23 15 365
23 16 222
23 17 534
23 18 534
23 19 512
23 20 547
23 21 664
23 22 196
23 23 0
23 24 209
23 25 161
23 26 859
23 27 239
23 28 464
23 29 300
23 30 159
23 31 484
23 32 935
23 33 111
23 34 436
23 35 887
23 36 63
23 37 388
23 38 839
23 39 111
23 40 436
23 41 887
23 42 159
23 43 484
23 44 935
23 45 207
23 46 532
23 47 983
23 48 279
24 0 362
24 1 409
24 2 582
24 3 0
24 4 608
24 5 287
24 6 625
24 7 331
24 8 330
24 9 252
24 10 708
24 11 438
24 12 586
24 13 499
24 14 534
24 15 448
24 16 305
24 17 451
24 18 643
24 19 621
24 20 464
24 21 581
24 22 279
24 23 209
24 24 0
24 25 244
24 26 776
24 27 322
24 28 573
24 29 383
24 30 242
24 31 593
24 32 1044
24 33 194
24 34 545
24 35 996
24 36 146
24 37 497
24 38 948
24 39 98
24 40 449
24 41 900
24 42 50
24 43 401
24 44 852
24 45 98
24 46 449
24 47 900
24 48 362
25 0 218
25 1 265
25 2 438
25 3 244
25 4 464
25 5 239
25 6 577
25 7 187
25 8 378
25 9 300
25 10 564
25 11 582
25 12 538
25 13 547
25 14 486
25 15 304
25 16 161
25 17 595
25 18 499
25 19 477
25 20 608
25 21 725
25 22 135
25 23 161
25 24 244
25 25 0
25 26 920
25 27 78
25 28 525
25 29 239
25 30 98
25 31 449
25 32 900
25 33 50
25 34 401
25 35 852
25 36 98
25 37 449
25 38 900
25 39 146
25 40 497
25 41 948
25 42 194
25 43 545
25 44 996
25 45 242
25 46 593
25 47 1044
25 48 218
26 0 1138
26 1 851
26 2 556
26 3 776
26 4 582
26 5 781
26 6 495
26 7 929
26 8 642
26 9 720
26 10 604
26 11 338
26 12 534
26 13 473
26 14 508
26 15 812
26 16 955
26 17 325
26 18 617
26 19 595
26 20 312
26 21 195
26 22 981
26 23 859
26 24 776
26 25 920
26 26 0
26 27 842
26 28 547
26 29 877
26 30 1018
26 31 567
26 32 268
26 33 970
26 34 519
26 35 220
26 36 922
26 37 471
26 38 172
26 39 874
26 40 423
26 41 124
26 42 826
26 43 375
26 44 76
26 45 874
26 46 423
26 47 124
26 48 1138
27 0 296
27 1 343
27 2 360
27 3 322
27 4 386
27 5 317
27 6 499
27 7 265
27 8 456
27 9 378
27 10 486
27 11 504
27 12 460
27 13 469
27 14 408
27 15 382
27 16 239
27 17 517
27 18 421
27 19 399
27 20 530
27 21 647
27 22 213
27 23 239
27 24 322
27 25 78
27 26 842
27 27 0
27 28 447
27 29 317
27 30 176
27 31 371
27 32 822
27 33 128
27 34 323
27 35 774
27 36 176
27 37 371
27 38 822
27 39 224
27 40 419
27 41 870
27 42 272
27 43 467
27 44 918
27 45 320
27 46 515
27 47 966
27 48 296
28 0 743
28 1 456
28 2 161
28 3 573
28 4 187
28 5 386
28 6 52
28 7 534
28 8 343
28 9 421
28 10 287
28 11 209
28 12 13
28 13 174
28 14 39
28 15 417
28 16 560
28 17 222
28 18 222
28 19 200
28 20 235
28 21 352
28 22 586
28 23 464
28 24 573
28 25 525
28 26 547
28 27 447
28 28 0
28 29 482
28 30 623
28 31 172
28 32 471
28 33 575
28 34 124
28 35 423
28 36 527
28 37 76
28 38 375
28 39 575
28 40 124
28 41 423
28 42 623
28 43 172
28 44 471
28 45 671
28 46 220
28 47 519
28 48 743
29 0 261
29 1 26
29 2 395
29 3 383
29 4 421
29 5 378
29 6 534
29 7 52
29 8 517
29 9 439
29 10 425
29 11 539
29 12 495
29 13 504
29 14 443
29 15 65
29 16 78
29 17 552
29 18 360
29 19 434
29 20 565
29 21 682
29 22 104
29 23 300
29 24 383
29 25 239
29 26 877
29 27 317
29 28 482
29 29 0
29 30 141
29 31 310
29 32 761
29 33 189
29 34 358
29 35 809
29 36 237
29 37 406
29 38 857
29 39 285
29 40 454
29 41 905
29 42 333
29 43 502
29 44 953
29 45 381
29 46 550
29 47 1001
29 48 261
30 0 120
30 1 167
30 2 536
30 3 242
30 4 562
30 5 237
30 6 675
30 7 89
30 8 376
30 9 298
30 10 566
30 11 680
30 12 636
30 13 645
30 14 584
30 15 206
30 16 63
30 17 693
30 18 501
30 19 575
30 20 706
30 21 823
30 22 37
30 23 159
30 24 242
30 25 98
30 26 1018
30 27 176
30 28 623
30 29 141
30 30 0
30 31 451
30 32 902
30 33 48
30 34 499
30 35 950
30 36 96
30 37 547
30 38 998
30 39 144
30 40 595
30 41 1046
30 42 192
30 43 643
30 44 1094
30 45 240
30 46 691
30 47 1142
30 48 120
31 0 571
31 1 284
31 2 85
31 3 593
31 4 111
31 5 406
31 6 224
31 7 362
31 8 363
31 9 441
31 10 115
31 11 229
31 12 185
31 13 194
31 14 133
31 15 245
31 16 388
31 17 242
31 18 50
31 19 124
31 20 255
31 21 372
31 22 414
31 23 484
31 24 593
31 25 449
31 26 567
31 27 371
31 28 172
31 29 310
31 30 451
31 31 0
31 32 451
31 33 499
31 34 48
31 35 499
31 36 547
31 37 96
31 38 547
31 39 595
31 40 144
31 41 595
31 42 643
31 43 192
31 44 643
31 45 691
31 46 240
31 47 691
31 48 571
32 0 1022
32 1 735
32 2 462
32 3 1044
32 4 436
32 5 857
32 6 419
32 7 813
32 8 814
32 9 892
32 10 336
32 11 606
32 12 458
32 13 545
32 14 510
32 15 696
32 16 839
32 17 593
32 18 401
32 19 423
32 20 580
32 21 463
32 22 865
32 23 935
32 24 1044
32 25 900
32 26 268
32 27 822
32 28 471
32 29 761
32 30 902
32 31 451
32 32 0
32 33 950
32 34 499
32 35 48
32 36 998
32 37 547
32 38 96
32 39 1046
32 40 595
32 41 144
32 42 1094
32 43 643
32 44 192
32 45 1142
32 46 691
32 47 240
32 48 1022
33 0 168
33 1 215
33 2 488
33 3 194
33 4 514
33 5 189
33 6 627
33 7 137
33 8 328
33 9 250
33 10 614
33 11 632
33 12 588
33 13 597
33 14 536
33 15 254
33 16 111
33 17 645
33 18 549
33 19 527
33 20 658
33 21 775
33 22 85
33 23 111
33 24 194
33 25 50
33 26 970
33 27 128
33 28 575
33 29 189
33 30 48
33 31 499
33 32 950
33 33 0
33 34 451
33 35 902
33 36 48
33 37 499
33 38 950
33 39 96
33 40 547
33 41 998
33 42 144
33 43 595
33 44 1046
33 45 192
33 46 643
33 47 1094
33 48 168
34 0 619
34 1 332
34 2 37
34 3 545
34 4 63
34 5 358
34 6 176
34 7 410
34 8 315
34 9 393
34 10 163
34 11 181
34 12 137
34 13 146
34 14 85
34 15 293
34 16 436
34 17 194
34 18 98
34 19 76
34 20 207
34 21 324
34 22 462
34 23 436
34 24 545
34 25 401
34 26 519
34 27 323
34 28 124
34 29 358
34 30 499
34 31 48
34 32 499
34 33 451
34 34 0
34 35 451
34 36 499
34 37 48
34 38 499
34 39 547
34 40 96
34 41 547
34 42 595
34 43 144
34 44 595
34 45 643
34 46 192
34 47 643
34 48 619
35 0 1070
35 1 783
35 2 414
35 3 996
35 4 388
35 5 809
35 6 371
35 7 861
35 8 766
35 9 844
35 10 384
35 11 558
35 12 410
35 13 497
35 14 462
35 15 744
35 16 887
35 17 545
35 18 449
35 19 375
35 20 532
35 21 415
35 22 913
35 23 887
35 24 996
35 25 852
35 26 220
35 27 774
35 28 423
35 29 809
35 30 950
35 31 499
35 32 48
35 33 902
35 34 451
35 35 0
35 36 950
35 37 499
35 38 48
35 39 998
35 40 547
35 41 96
35 42 1046
35 43 595
35 44 144
35 45 1094
35 46 643
35 47 192
35 48 1070
36 0 216
36 1 263
36 2 536
36 3 146
36 4 562
36 5 141
36 6 579
36 7 185
36 8 280
36 9 202
36 10 662
36 11 584
36 12 540
36 13 549
36 14 488
36 15 302
36 16 159
36 17 597
36 18 597
36 19 575
36 20 610
36 21 727
36 22 133
36 23 63
36 24 146
36 25 98
36 26 922
36 27 176
36 28 527
36 29 237
36 30 96
36 31 547
36 32 998
36 33 48
36 34 499
36 35 950
36 36 0
36 37 451
36 38 902
36 39 48
36 40 499
36 41 950
36 42 96
36 43 547
36 44 998
36 45 144
36 46 595
36 47 1046
36 48 216
37 0 667
37 1 380
37 2 85
37 3 497
37 4 111
37 5 310
37 6 128
37 7 458
37 8 267
37 9 345
37 10 211
37 11 133
37 12 89
37 13 98
37 14 37
37 15 341
37 16 484
37 17 146
37 18 146
37 19 124
37 20 159
37 21 276
37 22 510
37 23 388
37 24 497
37 25 449
37 26 471
37 27 371
37 28 76
37 29 406
37 30 547
37 31 96
37 32 547
37 33 499
37 34 48
37 35 499
37 36 451
37 37 0
37 38 451
37 39 499
37 40 48
37 41 499
37 42 547
37 43 96
37 44 547
37 45 595
37 46 144
37 47 595
37 48 667
38 0 1118
38 1 831
38 2 462
38 3 948
38 4 436
38 5 761
38 6 323
38 7 909
38 8 718
38 9 796
38 10 432
38 11 510
38 12 362
38 13 449
38 14 414
38 15 792
38 16 935
38 17 497
38 18 497
38 19 423
38 20 484
38 21 367
38 22 961
38 23 839
38 24 948
38 25 900
38 26 172
38 27 822
38 28 375
38 29 857
38 30 998
38 31 547
38 32 96
38 33 950
38 34 499
38 35 48
38 36 902
38 37 451
38 38 0
38 39 950
38 40 499
38 41 48
38 42 998
38 43 547
38 44 96
38 45 1046
38 46 595
38 47 144
38 48 1118
39 0 264
39 1 311
39 2 584
39 3 98
39 4 610
39 5 189
39 6 627
39 7 233
39 8 232
39 9 154
39 10 710
39 11 536
39 12 588
39 13 501
39 14 536
39 15 350
39 16 207
39 17 549
39 18 645
39 19 623
39 20 562
39 21 679
39 22 181
39 23 111
39 24 98
39 25 146
39 26 874
39 27 224
39 28 575
39 29 285
39 30 144
39 31 595
39 32 1046
39 33 96
39 34 547
39 35 998
39 36 48
39 37 499
39 38 950
39 39 0
39 40 451
39 41 902
39 42 48
39 43 499
39 44 950
39 45 96
39 46 547
39 47 998
39 48 264
40 0 715
40 1 428
40 2 133
40 3 449
40 4 159
40 5 358
40 6 176
40 7 506
40 8 219
40 9 297
40 10 259
40 11 85
40 12 137
40 13 50
40 14 85
40 15 389
40 16 532
40 17 98
40 18 194
40 19 172
40 20 111
40 21 228
40 22 558
40 23 436
40 24 449
40 25 497
40 26 423
40 27 419
40 28 124
40 29 454
40 30 595
40 31 144
40 32 595
40 33 547
40 34 96
40 35 547
40 36 499
40 37 48
40 38 499
40 39 451
40 40 0
40 41 451
40 42 499
40 43 48
40 44 499
40 45 547
40 46 96
40 47 547
40 48 715
41 0 1166
41 1 879
41 2 510
41 3 900
41 4 484
41 5 809
41 6 371
41 7 957
41 8 670
41 9 748
41 10 480
41 11 462
41 12 410
41 13 401
41 14 462
41 15 840
41 16 983
41 17 449
41 18 545
41 19 471
41 20 436
41 21 319
41 22 1009
41 23 887
41 24 900
41 25 948
41 26 124
41 27 870
41 28 423
41 29 905
41 30 1046
41 31 595
41 32 144
41 33 998
41 34 547
41 35 96
41 36 950
41 37 499
41 38 48
41 39 902
41 40 451
41 41 0
41 42 950
41 43 499
41 44 48
41 45 998
41 46 547
41 47 96
41 48 1166
42 0 312
42 1 359
42 2 632
42 3 50
42 4 658
42 5 237
42 6 675
42 7 281
42 8 280
42 9 202
42 10 758
42 11 488
42 12 636
42 13 549
42 14 584
42 15 398
42 16 255
42 17 501
42 18 693
42 19 671
42 20 514
42 21 631
42 22 229
42 23 159
42 24 50
42 25 194
42 26 826
42 27 272
42 28 623
42 29 333
42 30 192
42 31 643
42 32 1094
42 33 144
42 34 595
42 35 1046
42 36 96
42 37 547
42 38 998
42 39 48
42 40 499
42 41 950
42 42 0
42 43 451
42 44 902
42 45 48
42 46 499
42 47 950
42 48 312
43 0 763
43 1 476
43 2 181
43 3 401
43 4 207
43 5 406
43 6 224
43 7 554
43 8 267
43 9 345
43 10 307
43 11 37
43 12 185
43 13 98
43 14 133
43 15 437
43 16 580
43 17 50
43 18 242
43 19 220
43 20 63
43 21 180
43 22 606
43 23 484
43 24 401
43 25 545
43 26 375
43 27 467
43 28 172
43 29 502
43 30 643
43 31 192
43 32 643
43 33 595
43 34 144
43 35 595
43 36 547
43 37 96
43 38 547
43 39 499
43 40 48
43 41 499
43 42 451
43 43 0
43 44 451
43 45 499
43 46 48
43 47 499
43 48 763
44 0 1214
44 1 927
44 2 558
44 3 852
44 4 532
44 5 857
44 6 419
44 7 1005
44 8 718
44 9 796
44 10 528
44 11 414
44 12 458
44 13 449
44 14 510
44 15 888
44 16 1031
44 17 401
44 18 593
44 19 519
44 20 388
44 21 271
44 22 1057
44 23 935
44 24 852
44 25 996
44 26 76
44 27 918
44 28 471
44 29 953
44 30 1094
44 31 643
44 32 192
44 33 1046
44 34 595
44 35 144
44 36 998
44 37 547
44 38 96
44 39 950
44 40 499
44 41 48
44 42 902
44 43 451
44 44 0
44 45 950
44 46 499
44 47 48
44 48 1214
45 0 360
45 1 407
45 2 680
45 3 98
45 4 706
45 5 285
45 6 723
45 7 329
45 8 328
45 9 250
45 10 806
45 11 536
45 12 684
45 13 597
45 14 632
45 15 446
45 16 303
45 17 549
45 18 741
45 19 719
45 20 562
45 21 679
45 22 277
45 23 207
45 24 98
45 25 242
45 26 874
45 27 320
45 28 671
45 29 381
45 30 240
45 31 691
45 32 1142
45 33 192
45 34 643
45 35 1094
45 36 144
45 37 595
45 38 1046
45 39 96
45 40 547
45 41 998
45 42 48
45 43 499
45 44 950
45 45 0
45 46 451
45 47 902
45 48 360
46 0 811
46 1 524
46 2 229
46 3 449
46 4 255
46 5 454
46 6 272
46 7 602
46 8 315
46 9 393
46 10 355
46 11 85
46 12 233
46 13 146
46 14 181
46 15 485
46 16 628
46 17 98
46 18 290
46 19 268
46 20 111
46 21 228
46 22 654
46 23 532
46 24 449
46 25 593
46 26 423
46 27 515
46 28 220
46 29 550
46 30 691
46 31 240
46 32 691
46 33 643
46 34 192
46 35 643
46 36 595
46 37 144
46 38 595
46 39 547
46 40 96
46 41 547
46 42 499
46 43 48
46 44 499
46 45 451
46 46 0
46 47 451
46 48 811
47 0 1262
47 1 975
47 2 606
47 3 900
47 4 580
47 5 905
47 6 467
47 7 1053
47 8 766
47 9 844
47 10 576
47 11 462
47 12 506
47 13 497
47 14 558
47 15 936
47 16 1079
47 17 449
47 18 641
47 19 567
47 20 436
47 21 319
47 22 1105
47 23 983
47 24 900
47 25 1044
47 26 124
47 27 966
47 28 519
47 29 1001
47 30 1142
47 31 691
47 32 240
47 33 1094
47 34 643
47 35 192
47 36 1046
47 37 595
47 38 144
47 39 998
47 40 547
47 41 96
47 42 950
47 43 499
47 44 48
47 45 902
47 46 451
47 47 0
47 48 1262
48 0 0
48 1 287
48 2 656
48 3 362
48 4 682
48 5 357
48 6 795
48 7 209
48 8 496
48 9 418
48 10 686
48 11 800
48 12 756
48 13 765
48 14 704
48 15 326
48 16 183
48 17 813
48 18 621
48 19 695
48 20 826
48 21 943
48 22 157
48 23 279
48 24 362
48 25 218
48 26 1138
48 27 296
48 28 743
48 29 261
48 30 120
48 31 571
48 32 1022
48 33 168
48 34 619
48 35 1070
48 36 216
48 37 667
48 38 1118
48 39 264
48 40 715
48 41 1166
48 42 312
48 43 763
48 44 1214
48 45 360
48 46 811
48 47 1262
48 48 0
//Location coordinates LocationName
//Loc x y
0 0.0 0.0 "depot"
1 0.0 287.0 "product aisle 0 bloc 0 rank 21"
2 48.0 608.0 "product aisle 1 bloc 1 rank 1"
3 192.0 170.0 "product aisle 4 bloc 0 rank 3"
4 48.0 634.0 "product aisle 1 bloc 1 rank 5"
5 96.0 261.0 "product aisle 2 bloc 0 rank 17"
6 96.0 699.0 "product aisle 2 bloc 1 rank 16"
7 0.0 209.0 "product aisle 0 bloc 0 rank 9"
8 144.0 352.0 "product aisle 3 bloc 0 rank 31"
9 144.0 274.0 "product aisle 3 bloc 0 rank 20"
10 0.0 686.0 "product aisle 0 bloc 1 rank 14"
11 192.0 608.0 "product aisle 4 bloc 1 rank 2"
12 96.0 660.0 "product aisle 2 bloc 1 rank 9"
13 144.0 621.0 "product aisle 3 bloc 1 rank 3"
14 96.0 608.0 "product aisle 2 bloc 1 rank 1"
15 0.0 326.0 "product aisle 0 bloc 0 rank 28"
16 0.0 183.0 "product aisle 0 bloc 0 rank 6"
17 192.0 621.0 "product aisle 4 bloc 1 rank 4"
18 0.0 621.0 "product aisle 0 bloc 1 rank 3"
19 48.0 647.0 "product aisle 1 bloc 1 rank 7"
20 192.0 634.0 "product aisle 4 bloc 1 rank 6"
21 192.0 751.0 "product aisle 4 bloc 1 rank 23"
22 0.0 157.0 "product aisle 0 bloc 0 rank 1"
23 96.0 183.0 "product aisle 2 bloc 0 rank 6"
24 192.0 170.0 "product aisle 4 bloc 0 rank 4"
25 48.0 170.0 "product aisle 1 bloc 0 rank 4"
26 192.0 946.0 "product aisle 4 bloc 1 rank 53"
27 48.0 248.0 "product aisle 1 bloc 0 rank 16"
28 96.0 647.0 "product aisle 2 bloc 1 rank 8"
29 0.0 261.0 "product aisle 0 bloc 0 rank 18"
30 24.0 120.0 "intersection aisle 0 bloc 0 rank 0"
31 24.0 571.0 "intersection aisle 0 bloc 1 rank 1"
32 24.0 1022.0 "intersection aisle 0 bloc 2 rank 2"
33 72.0 120.0 "intersection aisle 1 bloc 0 rank 0"
34 72.0 571.0 "intersection aisle 1 bloc 1 rank 1"
35 72.0 1022.0 "intersection aisle 1 bloc 2 rank 2"
36 120.0 120.0 "intersection aisle 2 bloc 0 rank 0"
37 120.0 571.0 "intersection aisle 2 bloc 1 rank 1"
38 120.0 1022.0 "intersection aisle 2 bloc 2 rank 2"
39 168.0 120.0 "intersection aisle 3 bloc 0 rank 0"
40 168.0 571.0 "intersection aisle 3 bloc 1 rank 1"
41 168.0 1022.0 "intersection aisle 3 bloc 2 rank 2"
42 216.0 120.0 "intersection aisle 4 bloc 0 rank 0"
43 216.0 571.0 "intersection aisle 4 bloc 1 rank 1"
44 216.0 1022.0 "intersection aisle 4 bloc 2 rank 2"
45 264.0 120.0 "intersection aisle 5 bloc 0 rank 0"
46 264.0 571.0 "intersection aisle 5 bloc 1 rank 1"
47 264.0 1022.0 "intersection aisle 5 bloc 2 rank 2"
48 0.0 0.0 "depot"
