//alpha
1
//NbLocations
78
//NbProducts
23
//NbPickers
2
//CapaPicker
4
//TimeToTravelOneDistanceUnit
3
//SetupTime
5400
//PickTime
300
//Products
//Idx Location Size
1 1 1
2 2 1
3 3 1
4 4 1
5 5 1
6 6 1
7 7 1
8 8 1
9 9 1
10 10 1
11 11 1
12 12 1
13 13 1
14 14 1
15 15 1
16 16 1
17 17 1
18 18 1
19 19 1
20 20 1
21 21 1
22 22 1
23 23 1
//Orders
//NbOrders
12
//Idx DueDate TardinessPenalty NbProdInOrder ProdIdx1 Qty1 ProdIdx2 Qty2 ...
1 90000 0 1 1 1
2 144000 0 1 2 1
3 126000 0 3 3 1 4 1 5 1
4 36000 0 1 6 1
5 36000 0 4 7 1 8 1 9 1 10 1
6 54000 0 1 11 1
7 126000 0 1 12 1
8 144000 0 4 13 1 14 1 15 1 16 1
9 108000 0 1 17 1
10 108000 0 2 18 1 19 1
11 90000 0 3 20 1 21 1 22 1
12 54000 0 1 23 1
//Graph (Products are vertices indexed from 1 to NbProducts)
//NbVerticesIntersections
54
//DepartingDepot
0
//ArrivalDepot
78
//Arcs
//Start End Distance
0 24 120
1 33 895
1 34 336
2 13 299
2 31 375
3 28 1090
3 29 141
4 6 637
4 25 37
5 39 713
5 40 518
6 4 637
6 9 195
7 22 26
7 47 167
8 13 208
8 30 349
9 6 195
9 26 362
10 48 726
10 49 505
11 19 468
11 20 52
12 17 533
12 49 232
13 2 299
13 8 208
14 67 206
14 68 1025
15 22 325
15 46 713
16 52 219
16 53 1012
17 12 533
17 50 466
18 37 1038
18 38 193
19 11 468
19 25 531
20 11 52
20 24 180
21 31 986
21 32 245
22 7 26
22 15 325
23 76 427
23 77 804
24 20 180
24 27 48
24 78 120
25 4 37
25 19 531
25 28 48
26 9 362
26 29 48
27 24 48
27 28 1231
27 30 48
28 3 1090
28 25 48
28 27 1231
28 31 48
29 3 141
29 26 48
29 32 48
30 8 349
30 27 48
30 33 48
31 2 375
31 21 986
31 28 48
31 34 48
32 21 245
32 29 48
32 35 48
33 1 895
33 30 48
33 36 48
34 1 336
34 31 48
34 35 1231
34 37 48
35 32 48
35 34 1231
35 38 48
36 33 48
36 37 1231
36 39 48
37 18 1038
37 34 48
37 36 1231
37 40 48
38 18 193
38 35 48
38 41 48
39 5 713
39 36 48
39 42 48
40 5 518
40 37 48
40 41 1231
40 43 48
41 38 48
41 40 1231
41 44 48
42 39 48
42 43 1231
42 45 48
43 40 48
43 42 1231
43 44 1231
43 46 48
44 41 48
44 43 1231
44 47 48
45 42 48
45 46 1231
45 48 48
46 15 713
46 43 48
46 45 1231
46 49 48
47 7 167
47 44 48
47 50 48
48 10 726
48 45 48
48 51 48
49 10 505
49 12 232
49 46 48
49 52 48
50 17 466
50 47 48
50 53 48
51 48 48
51 52 1231
51 54 48
52 16 219
52 49 48
52 51 1231
52 55 48
53 16 1012
53 50 48
53 56 48
54 51 48
54 55 1231
54 57 48
55 52 48
55 54 1231
55 56 1231
55 58 48
56 53 48
56 55 1231
56 59 48
57 54 48
57 58 1231
57 60 48
58 55 48
58 57 1231
58 59 1231
58 61 48
59 56 48
59 58 1231
59 62 48
60 57 48
60 61 1231
60 63 48
61 58 48
61 60 1231
61 62 1231
61 64 48
62 59 48
62 61 1231
62 65 48
63 60 48
63 64 1231
63 66 48
64 61 48
64 63 1231
64 65 1231
64 67 48
65 62 48
65 64 1231
65 68 48
66 63 48
66 67 1231
66 69 48
67 14 206
67 64 48
67 66 1231
67 70 48
68 14 1025
68 65 48
68 71 48
69 66 48
69 70 1231
69 72 48
70 67 48
70 69 1231
70 71 1231
70 73 48
71 68 48
71 70 1231
71 74 48
72 69 48
72 73 1231
72 75 48
73 70 48
73 72 1231
73 74 1231
73 76 48
74 71 48
74 73 1231
74 77 48
75 72 48
75 76 1231
76 23 427
76 73 48
76 75 1231
77 23 804
77 74 48
//LocStart LocEnd ShortestPath
0 0 0
0 1 1159
0 2 1072
0 3 2489
0 4 1388
0 5 1073
0 6 2025
0 7 2751
0 8 565
0 9 2220
0 10 1230
0 11 352
0 12 1967
0 13 773
0 14 2229
0 15 2400
0 16 2002
0 17 2500
0 18 2581
0 19 820
0 20 300
0 21 2433
0 22 2725
0 23 2594
0 24 120
0 25 1351
0 26 2582
0 27 168
0 28 1399
0 29 2630
0 30 216
0 31 1447
0 32 2678
0 33 264
0 34 1495
0 35 2726
0 36 312
0 37 1543
0 38 2774
0 39 360
0 40 1591
0 41 2822
0 42 408
0 43 1639
0 44 2870
0 45 456
0 46 1687
0 47 2918
0 48 504
0 49 1735
0 50 2966
0 51 552
0 52 1783
0 53 3014
0 54 600
0 55 1831
0 56 3062
0 57 648
0 58 1879
0 59 3110
0 60 696
0 61 1927
0 62 3158
0 63 744
0 64 1975
0 65 3206
0 66 792
0 67 2023
0 68 3254
0 69 840
0 70 2071
0 71 3302
0 72 888
0 73 2119
0 74 3350
0 75 936
0 76 2167
0 77 3398
0 78 0
1 0 1159
1 1 0
1 2 759
1 3 1522
1 4 517
1 5 950
1 6 1154
1 7 1592
1 8 1266
1 9 1349
1 10 1081
1 11 1271
1 12 808
1 13 1058
1 14 1070
1 15 1241
1 16 843
1 17 1341
1 18 1422
1 19 1011
1 20 1219
1 21 1370
1 22 1566
1 23 1435
1 24 1039
1 25 480
1 26 1711
1 27 991
1 28 432
1 29 1663
1 30 943
1 31 384
1 32 1615
1 33 895
1 34 336
1 35 1567
1 36 943
1 37 384
1 38 1615
1 39 991
1 40 432
1 41 1663
1 42 1039
1 43 480
1 44 1711
1 45 1087
1 46 528
1 47 1759
1 48 1135
1 49 576
1 50 1807
1 51 1183
1 52 624
1 53 1855
1 54 1231
1 55 672
1 56 1903
1 57 1279
1 58 720
1 59 1951
1 60 1327
1 61 768
1 62 1999
1 63 1375
1 64 816
1 65 2047
1 66 1423
1 67 864
1 68 2095
1 69 1471
1 70 912
1 71 2143
1 72 1519
1 73 960
1 74 2191
1 75 1567
1 76 1008
1 77 2239
1 78 1159
2 0 1072
2 1 759
2 2 0
2 3 1513
2 4 508
2 5 1037
2 6 1145
2 7 1679
2 8 507
2 9 1340
2 10 1168
2 11 1184
2 12 895
2 13 299
2 14 1157
2 15 1328
2 16 930
2 17 1428
2 18 1509
2 19 1002
2 20 1132
2 21 1361
2 22 1653
2 23 1522
2 24 952
2 25 471
2 26 1702
2 27 904
2 28 423
2 29 1654
2 30 856
2 31 375
2 32 1606
2 33 904
2 34 423
2 35 1654
2 36 952
2 37 471
2 38 1702
2 39 1000
2 40 519
2 41 1750
2 42 1048
2 43 567
2 44 1798
2 45 1096
2 46 615
2 47 1846
2 48 1144
2 49 663
2 50 1894
2 51 1192
2 52 711
2 53 1942
2 54 1240
2 55 759
2 56 1990
2 57 1288
2 58 807
2 59 2038
2 60 1336
2 61 855
2 62 2086
2 63 1384
2 64 903
2 65 2134
2 66 1432
2 67 951
2 68 2182
2 69 1480
2 70 999
2 71 2230
2 72 1528
2 73 1047
2 74 2278
2 75 1576
2 76 1095
2 77 2326
2 78 1072
3 0 2489
3 1 1522
3 2 1513
3 3 0
3 4 1175
3 5 1800
3 6 746
3 7 596
3 8 2020
3 9 551
3 10 1931
3 11 2137
3 12 1476
3 13 1812
3 14 1790
3 15 947
3 16 1537
3 17 943
3 18 478
3 19 1669
3 20 2189
3 21 434
3 22 622
3 23 1713
3 24 2369
3 25 1138
3 26 189
3 27 2321
3 28 1090
3 29 141
3 30 2369
3 31 1138
3 32 189
3 33 2417
3 34 1186
3 35 237
3 36 2465
3 37 1234
3 38 285
3 39 2513
3 40 1282
3 41 333
3 42 2561
3 43 1330
3 44 381
3 45 2609
3 46 1378
3 47 429
3 48 2657
3 49 1426
3 50 477
3 51 2705
3 52 1474
3 53 525
3 54 2753
3 55 1522
3 56 573
3 57 2801
3 58 1570
3 59 621
3 60 2849
3 61 1618
3 62 669
3 63 2897
3 64 1666
3 65 717
3 66 2945
3 67 1714
3 68 765
3 69 2993
3 70 1762
3 71 813
3 72 3041
3 73 1810
3 74 861
3 75 3089
3 76 1858
3 77 909
3 78 2489
4 0 1388
4 1 517
4 2 508
4 3 1175
4 4 0
4 5 795
4 6 637
4 7 1437
4 8 1015
4 9 832
4 10 926
4 11 1036
4 12 653
4 13 807
4 14 915
4 15 1086
4 16 688
4 17 1186
4 18 1267
4 19 568
4 20 1088
4 21 1119
4 22 1411
4 23 1280
4 24 1268
4 25 37
4 26 1194
4 27 1316
4 28 85
4 29 1242
4 30 1364
4 31 133
4 32 1290
4 33 1412
4 34 181
4 35 1338
4 36 1460
4 37 229
4 38 1386
4 39 1508
4 40 277
4 41 1434
4 42 1556
4 43 325
4 44 1482
4 45 1604
4 46 373
4 47 1530
4 48 1652
4 49 421
4 50 1578
4 51 1700
4 52 469
4 53 1626
4 54 1748
4 55 517
4 56 1674
4 57 1796
4 58 565
4 59 1722
4 60 1844
4 61 613
4 62 1770
4 63 1892
4 64 661
4 65 1818
4 66 1940
4 67 709
4 68 1866
4 69 1988
4 70 757
4 71 1914
4 72 2036
4 73 805
4 74 1962
4 75 2084
4 76 853
4 77 2010
4 78 1388
5 0 1073
5 1 950
5 2 1037
5 3 1800
5 4 795
5 5 0
5 6 1432
5 7 1678
5 8 1206
5 9 1627
5 10 1167
5 11 1185
5 12 894
5 13 1336
5 14 1156
5 15 1327
5 16 929
5 17 1427
5 18 1604
5 19 1289
5 20 1133
5 21 1648
5 22 1652
5 23 1521
5 24 953
5 25 758
5 26 1989
5 27 905
5 28 710
5 29 1941
5 30 857
5 31 662
5 32 1893
5 33 809
5 34 614
5 35 1845
5 36 761
5 37 566
5 38 1797
5 39 713
5 40 518
5 41 1749
5 42 761
5 43 566
5 44 1797
5 45 809
5 46 614
5 47 1845
5 48 857
5 49 662
5 50 1893
5 51 905
5 52 710
5 53 1941
5 54 953
5 55 758
5 56 1989
5 57 1001
5 58 806
5 59 2037
5 60 1049
5 61 854
5 62 2085
5 63 1097
5 64 902
5 65 2133
5 66 1145
5 67 950
5 68 2181
5 69 1193
5 70 998
5 71 2229
5 72 1241
5 73 1046
5 74 2277
5 75 1289
5 76 1094
5 77 2325
5 78 1073
6 0 2025
6 1 1154
6 2 1145
6 3 746
6 4 637
6 5 1432
6 6 0
6 7 1060
6 8 1652
6 9 195
6 10 1563
6 11 1673
6 12 1290
6 13 1444
6 14 1552
6 15 1411
6 16 1325
6 17 1407
6 18 942
6 19 1205
6 20 1725
6 21 898
6 22 1086
6 23 1917
6 24 1905
6 25 674
6 26 557
6 27 1953
6 28 722
6 29 605
6 30 2001
6 31 770
6 32 653
6 33 2049
6 34 818
6 35 701
6 36 2097
6 37 866
6 38 749
6 39 2145
6 40 914
6 41 797
6 42 2193
6 43 962
6 44 845
6 45 2241
6 46 1010
6 47 893
6 48 2289
6 49 1058
6 50 941
6 51 2337
6 52 1106
6 53 989
6 54 2385
6 55 1154
6 56 1037
6 57 2433
6 58 1202
6 59 1085
6 60 2481
6 61 1250
6 62 1133
6 63 2529
6 64 1298
6 65 1181
6 66 2577
6 67 1346
6 68 1229
6 69 2625
6 70 1394
6 71 1277
6 72 2673
6 73 1442
6 74 1325
6 75 2721
6 76 1490
6 77 1373
6 78 2025
7 0 2751
7 1 1592
7 2 1679
7 3 596
7 4 1437
7 5 1678
7 6 1060
7 7 0
7 8 2186
7 9 865
7 10 1617
7 11 2399
7 12 1214
7 13 1978
7 14 1528
7 15 351
7 16 1275
7 17 681
7 18 504
7 19 1931
7 20 2451
7 21 652
7 22 26
7 23 1451
7 24 2631
7 25 1400
7 26 503
7 27 2583
7 28 1352
7 29 455
7 30 2535
7 31 1304
7 32 407
7 33 2487
7 34 1256
7 35 359
7 36 2439
7 37 1208
7 38 311
7 39 2391
7 40 1160
7 41 263
7 42 2343
7 43 1112
7 44 215
7 45 2295
7 46 1064
7 47 167
7 48 2343
7 49 1112
7 50 215
7 51 2391
7 52 1160
7 53 263
7 54 2439
7 55 1208
7 56 311
7 57 2487
7 58 1256
7 59 359
7 60 2535
7 61 1304
7 62 407
7 63 2583
7 64 1352
7 65 455
7 66 2631
7 67 1400
7 68 503
7 69 2679
7 70 1448
7 71 551
7 72 2727
7 73 1496
7 74 599
7 75 2775
7 76 1544
7 77 647
7 78 2751
8 0 565
8 1 1266
8 2 507
8 3 2020
8 4 1015
8 5 1206
8 6 1652
8 7 2186
8 8 0
8 9 1847
8 10 1363
8 11 677
8 12 1402
8 13 208
8 14 1664
8 15 1835
8 16 1437
8 17 1935
8 18 2016
8 19 1145
8 20 625
8 21 1868
8 22 2160
8 23 2029
8 24 445
8 25 978
8 26 2209
8 27 397
8 28 930
8 29 2161
8 30 349
8 31 882
8 32 2113
8 33 397
8 34 930
8 35 2161
8 36 445
8 37 978
8 38 2209
8 39 493
8 40 1026
8 41 2257
8 42 541
8 43 1074
8 44 2305
8 45 589
8 46 1122
8 47 2353
8 48 637
8 49 1170
8 50 2401
8 51 685
8 52 1218
8 53 2449
8 54 733
8 55 1266
8 56 2497
8 57 781
8 58 1314
8 59 2545
8 60 829
8 61 1362
8 62 2593
8 63 877
8 64 1410
8 65 2641
8 66 925
8 67 1458
8 68 2689
8 69 973
8 70 1506
8 71 2737
8 72 1021
8 73 1554
8 74 2785
8 75 1069
8 76 1602
8 77 2833
8 78 565
9 0 2220
9 1 1349
9 2 1340
9 3 551
9 4 832
9 5 1627
9 6 195
9 7 865
9 8 1847
9 9 0
9 10 1758
9 11 1868
9 12 1485
9 13 1639
9 14 1747
9 15 1216
9 16 1520
9 17 1212
9 18 747
9 19 1400
9 20 1920
9 21 703
9 22 891
9 23 1982
9 24 2100
9 25 869
9 26 362
9 27 2148
9 28 917
9 29 410
9 30 2196
9 31 965
9 32 458
9 33 2244
9 34 1013
9 35 506
9 36 2292
9 37 1061
9 38 554
9 39 2340
9 40 1109
9 41 602
9 42 2388
9 43 1157
9 44 650
9 45 2436
9 46 1205
9 47 698
9 48 2484
9 49 1253
9 50 746
9 51 2532
9 52 1301
9 53 794
9 54 2580
9 55 1349
9 56 842
9 57 2628
9 58 1397
9 59 890
9 60 2676
9 61 1445
9 62 938
9 63 2724
9 64 1493
9 65 986
9 66 2772
9 67 1541
9 68 1034
9 69 2820
9 70 1589
9 71 1082
9 72 2868
9 73 1637
9 74 1130
9 75 2916
9 76 1685
9 77 1178
9 78 2220
10 0 1230
10 1 1081
10 2 1168
10 3 1931
10 4 926
10 5 1167
10 6 1563
10 7 1617
10 8 1363
10 9 1758
10 10 0
10 11 1342
10 12 737
10 13 1467
10 14 999
10 15 1266
10 16 772
10 17 1270
10 18 1735
10 19 1420
10 20 1290
10 21 1779
10 22 1591
10 23 1364
10 24 1110
10 25 889
10 26 2120
10 27 1062
10 28 841
10 29 2072
10 30 1014
10 31 793
10 32 2024
10 33 966
10 34 745
10 35 1976
10 36 918
10 37 697
10 38 1928
10 39 870
10 40 649
10 41 1880
10 42 822
10 43 601
10 44 1832
10 45 774
10 46 553
10 47 1784
10 48 726
10 49 505
10 50 1736
10 51 774
10 52 553
10 53 1784
10 54 822
10 55 601
10 56 1832
10 57 870
10 58 649
10 59 1880
10 60 918
10 61 697
10 62 1928
10 63 966
10 64 745
10 65 1976
10 66 1014
10 67 793
10 68 2024
10 69 1062
10 70 841
10 71 2072
10 72 1110
10 73 889
10 74 2120
10 75 1158
10 76 937
10 77 2168
10 78 1230
11 0 352
11 1 1271
11 2 1184
11 3 2137
11 4 1036
11 5 1185
11 6 1673
11 7 2399
11 8 677
11 9 1868
11 10 1342
11 11 0
11 12 1615
11 13 885
11 14 1877
11 15 2048
11 16 1650
11 17 2148
11 18 2229
11 19 468
11 20 52
11 21 2081
11 22 2373
11 23 2242
11 24 232
11 25 999
11 26 2230
11 27 280
11 28 1047
11 29 2278
11 30 328
11 31 1095
11 32 2326
11 33 376
11 34 1143
11 35 2374
11 36 424
11 37 1191
11 38 2422
11 39 472
11 40 1239
11 41 2470
11 42 520
11 43 1287
11 44 2518
11 45 568
11 46 1335
11 47 2566
11 48 616
11 49 1383
11 50 2614
11 51 664
11 52 1431
11 53 2662
11 54 712
11 55 1479
11 56 2710
11 57 760
11 58 1527
11 59 2758
11 60 808
11 61 1575
11 62 2806
11 63 856
11 64 1623
11 65 2854
11 66 904
11 67 1671
11 68 2902
11 69 952
11 70 1719
11 71 2950
11 72 1000
11 73 1767
11 74 2998
11 75 1048
11 76 1815
11 77 3046
11 78 352
12 0 1967
12 1 808
12 2 895
12 3 1476
12 4 653
12 5 894
12 6 1290
12 7 1214
12 8 1402
12 9 1485
12 10 737
12 11 1615
12 12 0
12 13 1194
12 14 726
12 15 993
12 16 499
12 17 533
12 18 1384
12 19 1147
12 20 1667
12 21 1506
12 22 1240
12 23 1091
12 24 1847
12 25 616
12 26 1383
12 27 1799
12 28 568
12 29 1335
12 30 1751
12 31 520
12 32 1287
12 33 1703
12 34 472
12 35 1239
12 36 1655
12 37 424
12 38 1191
12 39 1607
12 40 376
12 41 1143
12 42 1559
12 43 328
12 44 1095
12 45 1511
12 46 280
12 47 1047
12 48 1463
12 49 232
12 50 999
12 51 1511
12 52 280
12 53 1047
12 54 1559
12 55 328
12 56 1095
12 57 1607
12 58 376
12 59 1143
12 60 1655
12 61 424
12 62 1191
12 63 1703
12 64 472
12 65 1239
12 66 1751
12 67 520
12 68 1287
12 69 1799
12 70 568
12 71 1335
12 72 1847
12 73 616
12 74 1383
12 75 1895
12 76 664
12 77 1431
12 78 1967
13 0 773
13 1 1058
13 2 299
13 3 1812
13 4 807
13 5 1336
13 6 1444
13 7 1978
13 8 208
13 9 1639
13 10 1467
13 11 885
13 12 1194
13 13 0
13 14 1456
13 15 1627
13 16 1229
13 17 1727
13 18 1808
13 19 1301
13 20 833
13 21 1660
13 22 1952
13 23 1821
13 24 653
13 25 770
13 26 2001
13 27 605
13 28 722
13 29 1953
13 30 557
13 31 674
13 32 1905
13 33 605
13 34 722
13 35 1953
13 36 653
13 37 770
13 38 2001
13 39 701
13 40 818
13 41 2049
13 42 749
13 43 866
13 44 2097
13 45 797
13 46 914
13 47 2145
13 48 845
13 49 962
13 50 2193
13 51 893
13 52 1010
13 53 2241
13 54 941
13 55 1058
13 56 2289
13 57 989
13 58 1106
13 59 2337
13 60 1037
13 61 1154
13 62 2385
13 63 1085
13 64 1202
13 65 2433
13 66 1133
13 67 1250
13 68 2481
13 69 1181
13 70 1298
13 71 2529
13 72 1229
13 73 1346
13 74 2577
13 75 1277
13 76 1394
13 77 2625
13 78 773
14 0 2229
14 1 1070
14 2 1157
14 3 1790
14 4 915
14 5 1156
14 6 1552
14 7 1528
14 8 1664
14 9 1747
14 10 999
14 11 1877
14 12 726
14 13 1456
14 14 0
14 15 1255
14 16 665
14 17 1259
14 18 1698
14 19 1409
14 20 1929
14 21 1768
14 22 1554
14 23 777
14 24 2109
14 25 878
14 26 1697
14 27 2061
14 28 830
14 29 1649
14 30 2013
14 31 782
14 32 1601
14 33 1965
14 34 734
14 35 1553
14 36 1917
14 37 686
14 38 1505
14 39 1869
14 40 638
14 41 1457
14 42 1821
14 43 590
14 44 1409
14 45 1773
14 46 542
14 47 1361
14 48 1725
14 49 494
14 50 1313
14 51 1677
14 52 446
14 53 1265
14 54 1629
14 55 398
14 56 1217
14 57 1581
14 58 350
14 59 1169
14 60 1533
14 61 302
14 62 1121
14 63 1485
14 64 254
14 65 1073
14 66 1437
14 67 206
14 68 1025
14 69 1485
14 70 254
14 71 1073
14 72 1533
14 73 302
14 74 1121
14 75 1581
14 76 350
14 77 1169
14 78 2229
15 0 2400
15 1 1241
15 2 1328
15 3 947
15 4 1086
15 5 1327
15 6 1411
15 7 351
15 8 1835
15 9 1216
15 10 1266
15 11 2048
15 12 993
15 13 1627
15 14 1255
15 15 0
15 16 1028
15 17 1032
15 18 855
15 19 1580
15 20 2100
15 21 1003
15 22 325
15 23 1620
15 24 2280
15 25 1049
15 26 854
15 27 2232
15 28 1001
15 29 806
15 30 2184
15 31 953
15 32 758
15 33 2136
15 34 905
15 35 710
15 36 2088
15 37 857
15 38 662
15 39 2040
15 40 809
15 41 614
15 42 1992
15 43 761
15 44 566
15 45 1944
15 46 713
15 47 518
15 48 1992
15 49 761
15 50 566
15 51 2040
15 52 809
15 53 614
15 54 2088
15 55 857
15 56 662
15 57 2136
15 58 905
15 59 710
15 60 2184
15 61 953
15 62 758
15 63 2232
15 64 1001
15 65 806
15 66 2280
15 67 1049
15 68 854
15 69 2328
15 70 1097
15 71 902
15 72 2376
15 73 1145
15 74 950
15 75 2424
15 76 1193
15 77 998
15 78 2400
16 0 2002
16 1 843
16 2 930
16 3 1537
16 4 688
16 5 929
16 6 1325
16 7 1275
16 8 1437
16 9 1520
16 10 772
16 11 1650
16 12 499
16 13 1229
16 14 665
16 15 1028
16 16 0
16 17 1032
16 18 1445
16 19 1182
16 20 1702
16 21 1541
16 22 1301
16 23 1030
16 24 1882
16 25 651
16 26 1444
16 27 1834
16 28 603
16 29 1396
16 30 1786
16 31 555
16 32 1348
16 33 1738
16 34 507
16 35 1300
16 36 1690
16 37 459
16 38 1252
16 39 1642
16 40 411
16 41 1204
16 42 1594
16 43 363
16 44 1156
16 45 1546
16 46 315
16 47 1108
16 48 1498
16 49 267
16 50 1060
16 51 1450
16 52 219
16 53 1012
16 54 1498
16 55 267
16 56 1060
16 57 1546
16 58 315
16 59 1108
16 60 1594
16 61 363
16 62 1156
16 63 1642
16 64 411
16 65 1204
16 66 1690
16 67 459
16 68 1252
16 69 1738
16 70 507
16 71 1300
16 72 1786
16 73 555
16 74 1348
16 75 1834
16 76 603
16 77 1396
16 78 2002
17 0 2500
17 1 1341
17 2 1428
17 3 943
17 4 1186
17 5 1427
17 6 1407
17 7 681
17 8 1935
17 9 1212
17 10 1270
17 11 2148
17 12 533
17 13 1727
17 14 1259
17 15 1032
17 16 1032
17 17 0
17 18 851
17 19 1680
17 20 2200
17 21 999
17 22 707
17 23 1624
17 24 2380
17 25 1149
17 26 850
17 27 2332
17 28 1101
17 29 802
17 30 2284
17 31 1053
17 32 754
17 33 2236
17 34 1005
17 35 706
17 36 2188
17 37 957
17 38 658
17 39 2140
17 40 909
17 41 610
17 42 2092
17 43 861
17 44 562
17 45 2044
17 46 813
17 47 514
17 48 1996
17 49 765
17 50 466
17 51 2044
17 52 813
17 53 514
17 54 2092
17 55 861
17 56 562
17 57 2140
17 58 909
17 59 610
17 60 2188
17 61 957
17 62 658
17 63 2236
17 64 1005
17 65 706
17 66 2284
17 67 1053
17 68 754
17 69 2332
17 70 1101
17 71 802
17 72 2380
17 73 1149
17 74 850
17 75 2428
17 76 1197
17 77 898
17 78 2500
18 0 2581
18 1 1422
18 2 1509
18 3 478
18 4 1267
18 5 1604
18 6 942
18 7 504
18 8 2016
18 9 747
18 10 1735
18 11 2229
18 12 1384
18 13 1808
18 14 1698
18 15 855
18 16 1445
18 17 851
18 18 0
18 19 1761
18 20 2281
18 21 534
18 22 530
18 23 1621
18 24 2461
18 25 1230
18 26 385
18 27 2413
18 28 1182
18 29 337
18 30 2365
18 31 1134
18 32 289
18 33 2317
18 34 1086
18 35 241
18 36 2269
18 37 1038
18 38 193
18 39 2317
18 40 1086
18 41 241
18 42 2365
18 43 1134
18 44 289
18 45 2413
18 46 1182
18 47 337
18 48 2461
18 49 1230
18 50 385
18 51 2509
18 52 1278
18 53 433
18 54 2557
18 55 1326
18 56 481
18 57 2605
18 58 1374
18 59 529
18 60 2653
18 61 1422
18 62 577
18 63 2701
18 64 1470
18 65 625
18 66 2749
18 67 1518
18 68 673
18 69 2797
18 70 1566
18 71 721
18 72 2845
18 73 1614
18 74 769
18 75 2893
18 76 1662
18 77 817
18 78 2581
19 0 820
19 1 1011
19 2 1002
19 3 1669
19 4 568
19 5 1289
19 6 1205
19 7 1931
19 8 1145
19 9 1400
19 10 1420
19 11 468
19 12 1147
19 13 1301
19 14 1409
19 15 1580
19 16 1182
19 17 1680
19 18 1761
19 19 0
19 20 520
19 21 1613
19 22 1905
19 23 1774
19 24 700
19 25 531
19 26 1762
19 27 748
19 28 579
19 29 1810
19 30 796
19 31 627
19 32 1858
19 33 844
19 34 675
19 35 1906
19 36 892
19 37 723
19 38 1954
19 39 940
19 40 771
19 41 2002
19 42 988
19 43 819
19 44 2050
19 45 1036
19 46 867
19 47 2098
19 48 1084
19 49 915
19 50 2146
19 51 1132
19 52 963
19 53 2194
19 54 1180
19 55 1011
19 56 2242
19 57 1228
19 58 1059
19 59 2290
19 60 1276
19 61 1107
19 62 2338
19 63 1324
19 64 1155
19 65 2386
19 66 1372
19 67 1203
19 68 2434
19 69 1420
19 70 1251
19 71 2482
19 72 1468
19 73 1299
19 74 2530
19 75 1516
19 76 1347
19 77 2578
19 78 820
20 0 300
20 1 1219
20 2 1132
20 3 2189
20 4 1088
20 5 1133
20 6 1725
20 7 2451
20 8 625
20 9 1920
20 10 1290
20 11 52
20 12 1667
20 13 833
20 14 1929
20 15 2100
20 16 1702
20 17 2200
20 18 2281
20 19 520
20 20 0
20 21 2133
20 22 2425
20 23 2294
20 24 180
20 25 1051
20 26 2282
20 27 228
20 28 1099
20 29 2330
20 30 276
20 31 1147
20 32 2378
20 33 324
20 34 1195
20 35 2426
20 36 372
20 37 1243
20 38 2474
20 39 420
20 40 1291
20 41 2522
20 42 468
20 43 1339
20 44 2570
20 45 516
20 46 1387
20 47 2618
20 48 564
20 49 1435
20 50 2666
20 51 612
20 52 1483
20 53 2714
20 54 660
20 55 1531
20 56 2762
20 57 708
20 58 1579
20 59 2810
20 60 756
20 61 1627
20 62 2858
20 63 804
20 64 1675
20 65 2906
20 66 852
20 67 1723
20 68 2954
20 69 900
20 70 1771
20 71 3002
20 72 948
20 73 1819
20 74 3050
20 75 996
20 76 1867
20 77 3098
20 78 300
21 0 2433
21 1 1370
21 2 1361
21 3 434
21 4 1119
21 5 1648
21 6 898
21 7 652
21 8 1868
21 9 703
21 10 1779
21 11 2081
21 12 1506
21 13 1660
21 14 1768
21 15 1003
21 16 1541
21 17 999
21 18 534
21 19 1613
21 20 2133
21 21 0
21 22 678
21 23 1769
21 24 2313
21 25 1082
21 26 341
21 27 2265
21 28 1034
21 29 293
21 30 2217
21 31 986
21 32 245
21 33 2265
21 34 1034
21 35 293
21 36 2313
21 37 1082
21 38 341
21 39 2361
21 40 1130
21 41 389
21 42 2409
21 43 1178
21 44 437
21 45 2457
21 46 1226
21 47 485
21 48 2505
21 49 1274
21 50 533
21 51 2553
21 52 1322
21 53 581
21 54 2601
21 55 1370
21 56 629
21 57 2649
21 58 1418
21 59 677
21 60 2697
21 61 1466
21 62 725
21 63 2745
21 64 1514
21 65 773
21 66 2793
21 67 1562
21 68 821
21 69 2841
21 70 1610
21 71 869
21 72 2889
21 73 1658
21 74 917
21 75 2937
21 76 1706
21 77 965
21 78 2433
22 0 2725
22 1 1566
22 2 1653
22 3 622
22 4 1411
22 5 1652
22 6 1086
22 7 26
22 8 2160
22 9 891
22 10 1591
22 11 2373
22 12 1240
22 13 1952
22 14 1554
22 15 325
22 16 1301
22 17 707
22 18 530
22 19 1905
22 20 2425
22 21 678
22 22 0
22 23 1477
22 24 2605
22 25 1374
22 26 529
22 27 2557
22 28 1326
22 29 481
22 30 2509
22 31 1278
22 32 433
22 33 2461
22 34 1230
22 35 385
22 36 2413
22 37 1182
22 38 337
22 39 2365
22 40 1134
22 41 289
22 42 2317
22 43 1086
22 44 241
22 45 2269
22 46 1038
22 47 193
22 48 2317
22 49 1086
22 50 241
22 51 2365
22 52 1134
22 53 289
22 54 2413
22 55 1182
22 56 337
22 57 2461
22 58 1230
22 59 385
22 60 2509
22 61 1278
22 62 433
22 63 2557
22 64 1326
22 65 481
22 66 2605
22 67 1374
22 68 529
22 69 2653
22 70 1422
22 71 577
22 72 2701
22 73 1470
22 74 625
22 75 2749
22 76 1518
22 77 673
22 78 2725
23 0 2594
23 1 1435
23 2 1522
23 3 1713
23 4 1280
23 5 1521
23 6 1917
23 7 1451
23 8 2029
23 9 1982
23 10 1364
23 11 2242
23 12 1091
23 13 1821
23 14 777
23 15 1620
23 16 1030
23 17 1624
23 18 1621
23 19 1774
23 20 2294
23 21 1769
23 22 1477
23 23 0
23 24 2474
23 25 1243
23 26 1620
23 27 2426
23 28 1195
23 29 1572
23 30 2378
23 31 1147
23 32 1524
23 33 2330
23 34 1099
23 35 1476
23 36 2282
23 37 1051
23 38 1428
23 39 2234
23 40 1003
23 41 1380
23 42 2186
23 43 955
23 44 1332
23 45 2138
23 46 907
23 47 1284
23 48 2090
23 49 859
23 50 1236
23 51 2042
23 52 811
23 53 1188
23 54 1994
23 55 763
23 56 1140
23 57 1946
23 58 715
23 59 1092
23 60 1898
23 61 667
23 62 1044
23 63 1850
23 64 619
23 65 996
23 66 1802
23 67 571
23 68 948
23 69 1754
23 70 523
23 71 900
23 72 1706
23 73 475
23 74 852
23 75 1658
23 76 427
23 77 804
23 78 2594
24 0 120
24 1 1039
24 2 952
24 3 2369
24 4 1268
24 5 953
24 6 1905
24 7 2631
24 8 445
24 9 2100
24 10 1110
24 11 232
24 12 1847
24 13 653
24 14 2109
24 15 2280
24 16 1882
24 17 2380
24 18 2461
24 19 700
24 20 180
24 21 2313
24 22 2605
24 23 2474
24 24 0
24 25 1231
24 26 2462
24 27 48
24 28 1279
24 29 2510
24 30 96
24 31 1327
24 32 2558
24 33 144
24 34 1375
24 35 2606
24 36 192
24 37 1423
24 38 2654
24 39 240
24 40 1471
24 41 2702
24 42 288
24 43 1519
24 44 2750
24 45 336
24 46 1567
24 47 2798
24 48 384
24 49 1615
24 50 2846
24 51 432
24 52 1663
24 53 2894
24 54 480
24 55 1711
24 56 2942
24 57 528
24 58 1759
24 59 2990
24 60 576
24 61 1807
24 62 3038
24 63 624
24 64 1855
24 65 3086
24 66 672
24 67 1903
24 68 3134
24 69 720
24 70 1951
24 71 3182
24 72 768
24 73 1999
24 74 3230
24 75 816
24 76 2047
24 77 3278
24 78 120
25 0 1351
25 1 480
25 2 471
25 3 1138
25 4 37
25 5 758
25 6 674
25 7 1400
25 8 978
25 9 869
25 10 889
25 11 999
25 12 616
25 13 770
25 14 878
25 15 1049
25 16 651
25 17 1149
25 18 1230
25 19 531
25 20 1051
25 21 1082
25 22 1374
25 23 1243
25 24 1231
25 25 0
25 26 1231
25 27 1279
25 28 48
25 29 1279
25 30 1327
25 31 96
25 32 1327
25 33 1375
25 34 144
25 35 1375
25 36 1423
25 37 192
25 38 1423
25 39 1471
25 40 240
25 41 1471
25 42 1519
25 43 288
25 44 1519
25 45 1567
25 46 336
25 47 1567
25 48 1615
25 49 384
25 50 1615
25 51 1663
25 52 432
25 53 1663
25 54 1711
25 55 480
25 56 1711
25 57 1759
25 58 528
25 59 1759
25 60 1807
25 61 576
25 62 1807
25 63 1855
25 64 624
25 65 1855
25 66 1903
25 67 672
25 68 1903
25 69 1951
25 70 720
25 71 1951
25 72 1999
25 73 768
25 74 1999
25 75 2047
25 76 816
25 77 2047
25 78 1351
26 0 2582
26 1 1711
26 2 1702
26 3 189
26 4 1194
26 5 1989
26 6 557
26 7 503
26 8 2209
26 9 362
26 10 2120
26 11 2230
26 12 1383
26 13 2001
26 14 1697
26 15 854
26 16 1444
26 17 850
26 18 385
26 19 1762
26 20 2282
26 21 341
26 22 529
26 23 1620
26 24 2462
26 25 1231
26 26 0
26 27 2510
26 28 1279
26 29 48
26 30 2558
26 31 1327
26 32 96
26 33 2606
26 34 1375
26 35 144
26 36 2654
26 37 1423
26 38 192
26 39 2702
26 40 1471
26 41 240
26 42 2750
26 43 1519
26 44 288
26 45 2798
26 46 1567
26 47 336
26 48 2846
26 49 1615
26 50 384
26 51 2894
26 52 1663
26 53 432
26 54 2942
26 55 1711
26 56 480
26 57 2990
26 58 1759
26 59 528
26 60 3038
26 61 1807
26 62 576
26 63 3086
26 64 1855
26 65 624
26 66 3134
26 67 1903
26 68 672
26 69 3182
26 70 1951
26 71 720
26 72 3230
26 73 1999
26 74 768
26 75 3278
26 76 2047
26 77 816
26 78 2582
27 0 168
27 1 991
27 2 904
27 3 2321
27 4 1316
27 5 905
27 6 1953
27 7 2583
27 8 397
27 9 2148
27 10 1062
27 11 280
27 12 1799
27 13 605
27 14 2061
27 15 2232
27 16 1834
27 17 2332
27 18 2413
27 19 748
27 20 228
27 21 2265
27 22 2557
27 23 2426
27 24 48
27 25 1279
27 26 2510
27 27 0
27 28 1231
27 29 2462
27 30 48
27 31 1279
27 32 2510
27 33 96
27 34 1327
27 35 2558
27 36 144
27 37 1375
27 38 2606
27 39 192
27 40 1423
27 41 2654
27 42 240
27 43 1471
27 44 2702
27 45 288
27 46 1519
27 47 2750
27 48 336
27 49 1567
27 50 2798
27 51 384
27 52 1615
27 53 2846
27 54 432
27 55 1663
27 56 2894
27 57 480
27 58 1711
27 59 2942
27 60 528
27 61 1759
27 62 2990
27 63 576
27 64 1807
27 65 3038
27 66 624
27 67 1855
27 68 3086
27 69 672
27 70 1903
27 71 3134
27 72 720
27 73 1951
27 74 3182
27 75 768
27 76 1999
27 77 3230
27 78 168
28 0 1399
28 1 432
28 2 423
28 3 1090
28 4 85
28 5 710
28 6 722
28 7 1352
28 8 930
28 9 917
28 10 841
28 11 1047
28 12 568
28 13 722
28 14 830
28 15 1001
28 16 603
28 17 1101
28 18 1182
28 19 579
28 20 1099
28 21 1034
28 22 1326
28 23 1195
28 24 1279
28 25 48
28 26 1279
28 27 1231
28 28 0
28 29 1231
28 30 1279
28 31 48
28 32 1279
28 33 1327
28 34 96
28 35 1327
28 36 1375
28 37 144
28 38 1375
28 39 1423
28 40 192
28 41 1423
28 42 1471
28 43 240
28 44 1471
28 45 1519
28 46 288
28 47 1519
28 48 1567
28 49 336
28 50 1567
28 51 1615
28 52 384
28 53 1615
28 54 1663
28 55 432
28 56 1663
28 57 1711
28 58 480
28 59 1711
28 60 1759
28 61 528
28 62 1759
28 63 1807
28 64 576
28 65 1807
28 66 1855
28 67 624
28 68 1855
28 69 1903
28 70 672
28 71 1903
28 72 1951
28 73 720
28 74 1951
28 75 1999
28 76 768
28 77 1999
28 78 1399
29 0 2630
29 1 1663
29 2 1654
29 3 141
29 4 1242
29 5 1941
29 6 605
29 7 455
29 8 2161
29 9 410
29 10 2072
29 11 2278
29 12 1335
29 13 1953
29 14 1649
29 15 806
29 16 1396
29 17 802
29 18 337
29 19 1810
29 20 2330
29 21 293
29 22 481
29 23 1572
29 24 2510
29 25 1279
29 26 48
29 27 2462
29 28 1231
29 29 0
29 30 2510
29 31 1279
29 32 48
29 33 2558
29 34 1327
29 35 96
29 36 2606
29 37 1375
29 38 144
29 39 2654
29 40 1423
29 41 192
29 42 2702
29 43 1471
29 44 240
29 45 2750
29 46 1519
29 47 288
29 48 2798
29 49 1567
29 50 336
29 51 2846
29 52 1615
29 53 384
29 54 2894
29 55 1663
29 56 432
29 57 2942
29 58 1711
29 59 480
29 60 2990
29 61 1759
29 62 528
29 63 3038
29 64 1807
29 65 576
29 66 3086
29 67 1855
29 68 624
29 69 3134
29 70 1903
29 71 672
29 72 3182
29 73 1951
29 74 720
29 75 3230
29 76 1999
29 77 768
29 78 2630
30 0 216
30 1 943
30 2 856
30 3 2369
30 4 1364
30 5 857
30 6 2001
30 7 2535
30 8 349
30 9 2196
30 10 1014
30 11 328
30 12 1751
30 13 557
30 14 2013
30 15 2184
30 16 1786
30 17 2284
30 18 2365
30 19 796
30 20 276
30 21 2217
30 22 2509
30 23 2378
30 24 96
30 25 1327
30 26 2558
30 27 48
30 28 1279
30 29 2510
30 30 0
30 31 1231
30 32 2462
30 33 48
30 34 1279
30 35 2510
30 36 96
30 37 1327
30 38 2558
30 39 144
30 40 1375
30 41 2606
30 42 192
30 43 1423
30 44 2654
30 45 240
30 46 1471
30 47 2702
30 48 288
30 49 1519
30 50 2750
30 51 336
30 52 1567
30 53 2798
30 54 384
30 55 1615
30 56 2846
30 57 432
30 58 1663
30 59 2894
30 60 480
30 61 1711
30 62 2942
30 63 528
30 64 1759
30 65 2990
30 66 576
30 67 1807
30 68 3038
30 69 624
30 70 1855
30 71 3086
30 72 672
30 73 1903
30 74 3134
30 75 720
30 76 1951
30 77 3182
30 78 216
31 0 1447
31 1 384
31 2 375
31 3 1138
31 4 133
31 5 662
31 6 770
31 7 1304
31 8 882
31 9 965
31 10 793
31 11 1095
31 12 520
31 13 674
31 14 782
31 15 953
31 16 555
31 17 1053
31 18 1134
31 19 627
31 20 1147
31 21 986
31 22 1278
31 23 1147
31 24 1327
31 25 96
31 26 1327
31 27 1279
31 28 48
31 29 1279
31 30 1231
31 31 0
31 32 1231
31 33 1279
31 34 48
31 35 1279
31 36 1327
31 37 96
31 38 1327
31 39 1375
31 40 144
31 41 1375
31 42 1423
31 43 192
31 44 1423
31 45 1471
31 46 240
31 47 1471
31 48 1519
31 49 288
31 50 1519
31 51 1567
31 52 336
31 53 1567
31 54 1615
31 55 384
31 56 1615
31 57 1663
31 58 432
31 59 1663
31 60 1711
31 61 480
31 62 1711
31 63 1759
31 64 528
31 65 1759
31 66 1807
31 67 576
31 68 1807
31 69 1855
31 70 624
31 71 1855
31 72 1903
31 73 672
31 74 1903
31 75 1951
31 76 720
31 77 1951
31 78 1447
32 0 2678
32 1 1615
32 2 1606
32 3 189
32 4 1290
32 5 1893
32 6 653
32 7 407
32 8 2113
32 9 458
32 10 2024
32 11 2326
32 12 1287
32 13 1905
32 14 1601
32 15 758
32 16 1348
32 17 754
32 18 289
32 19 1858
32 20 2378
32 21 245
32 22 433
32 23 1524
32 24 2558
32 25 1327
32 26 96
32 27 2510
32 28 1279
32 29 48
32 30 2462
32 31 1231
32 32 0
32 33 2510
32 34 1279
32 35 48
32 36 2558
32 37 1327
32 38 96
32 39 2606
32 40 1375
32 41 144
32 42 2654
32 43 1423
32 44 192
32 45 2702
32 46 1471
32 47 240
32 48 2750
32 49 1519
32 50 288
32 51 2798
32 52 1567
32 53 336
32 54 2846
32 55 1615
32 56 384
32 57 2894
32 58 1663
32 59 432
32 60 2942
32 61 1711
32 62 480
32 63 2990
32 64 1759
32 65 528
32 66 3038
32 67 1807
32 68 576
32 69 3086
32 70 1855
32 71 624
32 72 3134
32 73 1903
32 74 672
32 75 3182
32 76 1951
32 77 720
32 78 2678
33 0 264
33 1 895
33 2 904
33 3 2417
33 4 1412
33 5 809
33 6 2049
33 7 2487
33 8 397
33 9 2244
33 10 966
33 11 376
33 12 1703
33 13 605
33 14 1965
33 15 2136
33 16 1738
33 17 2236
33 18 2317
33 19 844
33 20 324
33 21 2265
33 22 2461
33 23 2330
33 24 144
33 25 1375
33 26 2606
33 27 96
33 28 1327
33 29 2558
33 30 48
33 31 1279
33 32 2510
33 33 0
33 34 1231
33 35 2462
33 36 48
33 37 1279
33 38 2510
33 39 96
33 40 1327
33 41 2558
33 42 144
33 43 1375
33 44 2606
33 45 192
33 46 1423
33 47 2654
33 48 240
33 49 1471
33 50 2702
33 51 288
33 52 1519
33 53 2750
33 54 336
33 55 1567
33 56 2798
33 57 384
33 58 1615
33 59 2846
33 60 432
33 61 1663
33 62 2894
33 63 480
33 64 1711
33 65 2942
33 66 528
33 67 1759
33 68 2990
33 69 576
33 70 1807
33 71 3038
33 72 624
33 73 1855
33 74 3086
33 75 672
33 76 1903
33 77 3134
33 78 264
34 0 1495
34 1 336
34 2 423
34 3 1186
34 4 181
34 5 614
34 6 818
34 7 1256
34 8 930
34 9 1013
34 10 745
34 11 1143
34 12 472
34 13 722
34 14 734
34 15 905
34 16 507
34 17 1005
34 18 1086
34 19 675
34 20 1195
34 21 1034
34 22 1230
34 23 1099
34 24 1375
34 25 144
34 26 1375
34 27 1327
34 28 96
34 29 1327
34 30 1279
34 31 48
34 32 1279
34 33 1231
34 34 0
34 35 1231
34 36 1279
34 37 48
34 38 1279
34 39 1327
34 40 96
34 41 1327
34 42 1375
34 43 144
34 44 1375
34 45 1423
34 46 192
34 47 1423
34 48 1471
34 49 240
34 50 1471
34 51 1519
34 52 288
34 53 1519
34 54 1567
34 55 336
34 56 1567
34 57 1615
34 58 384
34 59 1615
34 60 1663
34 61 432
34 62 1663
34 63 1711
34 64 480
34 65 1711
34 66 1759
34 67 528
34 68 1759
34 69 1807
34 70 576
34 71 1807
34 72 1855
34 73 624
34 74 1855
34 75 1903
34 76 672
34 77 1903
34 78 1495
35 0 2726
35 1 1567
35 2 1654
35 3 237
35 4 1338
35 5 1845
35 6 701
35 7 359
35 8 2161
35 9 506
35 10 1976
35 11 2374
35 12 1239
35 13 1953
35 14 1553
35 15 710
35 16 1300
35 17 706
35 18 241
35 19 1906
35 20 2426
35 21 293
35 22 385
35 23 1476
35 24 2606
35 25 1375
35 26 144
35 27 2558
35 28 1327
35 29 96
35 30 2510
35 31 1279
35 32 48
35 33 2462
35 34 1231
35 35 0
35 36 2510
35 37 1279
35 38 48
35 39 2558
35 40 1327
35 41 96
35 42 2606
35 43 1375
35 44 144
35 45 2654
35 46 1423
35 47 192
35 48 2702
35 49 1471
35 50 240
35 51 2750
35 52 1519
35 53 288
35 54 2798
35 55 1567
35 56 336
35 57 2846
35 58 1615
35 59 384
35 60 2894
35 61 1663
35 62 432
35 63 2942
35 64 1711
35 65 480
35 66 2990
35 67 1759
35 68 528
35 69 3038
35 70 1807
35 71 576
35 72 3086
35 73 1855
35 74 624
35 75 3134
35 76 1903
35 77 672
35 78 2726
36 0 312
36 1 943
36 2 952
36 3 2465
36 4 1460
36 5 761
36 6 2097
36 7 2439
36 8 445
36 9 2292
36 10 918
36 11 424
36 12 1655
36 13 653
36 14 1917
36 15 2088
36 16 1690
36 17 2188
36 18 2269
36 19 892
36 20 372
36 21 2313
36 22 2413
36 23 2282
36 24 192
36 25 1423
36 26 2654
36 27 144
36 28 1375
36 29 2606
36 30 96
36 31 1327
36 32 2558
36 33 48
36 34 1279
36 35 2510
36 36 0
36 37 1231
36 38 2462
36 39 48
36 40 1279
36 41 2510
36 42 96
36 43 1327
36 44 2558
36 45 144
36 46 1375
36 47 2606
36 48 192
36 49 1423
36 50 2654
36 51 240
36 52 1471
36 53 2702
36 54 288
36 55 1519
36 56 2750
36 57 336
36 58 1567
36 59 2798
36 60 384
36 61 1615
36 62 2846
36 63 432
36 64 1663
36 65 2894
36 66 480
36 67 1711
36 68 2942
36 69 528
36 70 1759
36 71 2990
36 72 576
36 73 1807
36 74 3038
36 75 624
36 76 1855
36 77 3086
36 78 312
37 0 1543
37 1 384
37 2 471
37 3 1234
37 4 229
37 5 566
37 6 866
37 7 1208
37 8 978
37 9 1061
37 10 697
37 11 1191
37 12 424
37 13 770
37 14 686
37 15 857
37 16 459
37 17 957
37 18 1038
37 19 723
37 20 1243
37 21 1082
37 22 1182
37 23 1051
37 24 1423
37 25 192
37 26 1423
37 27 1375
37 28 144
37 29 1375
37 30 1327
37 31 96
37 32 1327
37 33 1279
37 34 48
37 35 1279
37 36 1231
37 37 0
37 38 1231
37 39 1279
37 40 48
37 41 1279
37 42 1327
37 43 96
37 44 1327
37 45 1375
37 46 144
37 47 1375
37 48 1423
37 49 192
37 50 1423
37 51 1471
37 52 240
37 53 1471
37 54 1519
37 55 288
37 56 1519
37 57 1567
37 58 336
37 59 1567
37 60 1615
37 61 384
37 62 1615
37 63 1663
37 64 432
37 65 1663
37 66 1711
37 67 480
37 68 1711
37 69 1759
37 70 528
37 71 1759
37 72 1807
37 73 576
37 74 1807
37 75 1855
37 76 624
37 77 1855
37 78 1543
38 0 2774
38 1 1615
38 2 1702
38 3 285
38 4 1386
38 5 1797
38 6 749
38 7 311
38 8 2209
38 9 554
38 10 1928
38 11 2422
38 12 1191
38 13 2001
38 14 1505
38 15 662
38 16 1252
38 17 658
38 18 193
38 19 1954
38 20 2474
38 21 341
38 22 337
38 23 1428
38 24 2654
38 25 1423
38 26 192
38 27 2606
38 28 1375
38 29 144
38 30 2558
38 31 1327
38 32 96
38 33 2510
38 34 1279
38 35 48
38 36 2462
38 37 1231
38 38 0
38 39 2510
38 40 1279
38 41 48
38 42 2558
38 43 1327
38 44 96
38 45 2606
38 46 1375
38 47 144
38 48 2654
38 49 1423
38 50 192
38 51 2702
38 52 1471
38 53 240
38 54 2750
38 55 1519
38 56 288
38 57 2798
38 58 1567
38 59 336
38 60 2846
38 61 1615
38 62 384
38 63 2894
38 64 1663
38 65 432
38 66 2942
38 67 1711
38 68 480
38 69 2990
38 70 1759
38 71 528
38 72 3038
38 73 1807
38 74 576
38 75 3086
38 76 1855
38 77 624
38 78 2774
39 0 360
39 1 991
39 2 1000
39 3 2513
39 4 1508
39 5 713
39 6 2145
39 7 2391
39 8 493
39 9 2340
39 10 870
39 11 472
39 12 1607
39 13 701
39 14 1869
39 15 2040
39 16 1642
39 17 2140
39 18 2317
39 19 940
39 20 420
39 21 2361
39 22 2365
39 23 2234
39 24 240
39 25 1471
39 26 2702
39 27 192
39 28 1423
39 29 2654
39 30 144
39 31 1375
39 32 2606
39 33 96
39 34 1327
39 35 2558
39 36 48
39 37 1279
39 38 2510
39 39 0
39 40 1231
39 41 2462
39 42 48
39 43 1279
39 44 2510
39 45 96
39 46 1327
39 47 2558
39 48 144
39 49 1375
39 50 2606
39 51 192
39 52 1423
39 53 2654
39 54 240
39 55 1471
39 56 2702
39 57 288
39 58 1519
39 59 2750
39 60 336
39 61 1567
39 62 2798
39 63 384
39 64 1615
39 65 2846
39 66 432
39 67 1663
39 68 2894
39 69 480
39 70 1711
39 71 2942
39 72 528
39 73 1759
39 74 2990
39 75 576
39 76 1807
39 77 3038
39 78 360
40 0 1591
40 1 432
40 2 519
40 3 1282
40 4 277
40 5 518
40 6 914
40 7 1160
40 8 1026
40 9 1109
40 10 649
40 11 1239
40 12 376
40 13 818
40 14 638
40 15 809
40 16 411
40 17 909
40 18 1086
40 19 771
40 20 1291
40 21 1130
40 22 1134
40 23 1003
40 24 1471
40 25 240
40 26 1471
40 27 1423
40 28 192
40 29 1423
40 30 1375
40 31 144
40 32 1375
40 33 1327
40 34 96
40 35 1327
40 36 1279
40 37 48
40 38 1279
40 39 1231
40 40 0
40 41 1231
40 42 1279
40 43 48
40 44 1279
40 45 1327
40 46 96
40 47 1327
40 48 1375
40 49 144
40 50 1375
40 51 1423
40 52 192
40 53 1423
40 54 1471
40 55 240
40 56 1471
40 57 1519
40 58 288
40 59 1519
40 60 1567
40 61 336
40 62 1567
40 63 1615
40 64 384
40 65 1615
40 66 1663
40 67 432
40 68 1663
40 69 1711
40 70 480
40 71 1711
40 72 1759
40 73 528
40 74 1759
40 75 1807
40 76 576
40 77 1807
40 78 1591
41 0 2822
41 1 1663
41 2 1750
41 3 333
41 4 1434
41 5 1749
41 6 797
41 7 263
41 8 2257
41 9 602
41 10 1880
41 11 2470
41 12 1143
41 13 2049
41 14 1457
41 15 614
41 16 1204
41 17 610
41 18 241
41 19 2002
41 20 2522
41 21 389
41 22 289
41 23 1380
41 24 2702
41 25 1471
41 26 240
41 27 2654
41 28 1423
41 29 192
41 30 2606
41 31 1375
41 32 144
41 33 2558
41 34 1327
41 35 96
41 36 2510
41 37 1279
41 38 48
41 39 2462
41 40 1231
41 41 0
41 42 2510
41 43 1279
41 44 48
41 45 2558
41 46 1327
41 47 96
41 48 2606
41 49 1375
41 50 144
41 51 2654
41 52 1423
41 53 192
41 54 2702
41 55 1471
41 56 240
41 57 2750
41 58 1519
41 59 288
41 60 2798
41 61 1567
41 62 336
41 63 2846
41 64 1615
41 65 384
41 66 2894
41 67 1663
41 68 432
41 69 2942
41 70 1711
41 71 480
41 72 2990
41 73 1759
41 74 528
41 75 3038
41 76 1807
41 77 576
41 78 2822
42 0 408
42 1 1039
42 2 1048
42 3 2561
42 4 1556
42 5 761
42 6 2193
42 7 2343
42 8 541
42 9 2388
42 10 822
42 11 520
42 12 1559
42 13 749
42 14 1821
42 15 1992
42 16 1594
42 17 2092
42 18 2365
42 19 988
42 20 468
42 21 2409
42 22 2317
42 23 2186
42 24 288
42 25 1519
42 26 2750
42 27 240
42 28 1471
42 29 2702
42 30 192
42 31 1423
42 32 2654
42 33 144
42 34 1375
42 35 2606
42 36 96
42 37 1327
42 38 2558
42 39 48
42 40 1279
42 41 2510
42 42 0
42 43 1231
42 44 2462
42 45 48
42 46 1279
42 47 2510
42 48 96
42 49 1327
42 50 2558
42 51 144
42 52 1375
42 53 2606
42 54 192
42 55 1423
42 56 2654
42 57 240
42 58 1471
42 59 2702
42 60 288
42 61 1519
42 62 2750
42 63 336
42 64 1567
42 65 2798
42 66 384
42 67 1615
42 68 2846
42 69 432
42 70 1663
42 71 2894
42 72 480
42 73 1711
42 74 2942
42 75 528
42 76 1759
42 77 2990
42 78 408
43 0 1639
43 1 480
43 2 567
43 3 1330
43 4 325
43 5 566
43 6 962
43 7 1112
43 8 1074
43 9 1157
43 10 601
43 11 1287
43 12 328
43 13 866
43 14 590
43 15 761
43 16 363
43 17 861
43 18 1134
43 19 819
43 20 1339
43 21 1178
43 22 1086
43 23 955
43 24 1519
43 25 288
43 26 1519
43 27 1471
43 28 240
43 29 1471
43 30 1423
43 31 192
43 32 1423
43 33 1375
43 34 144
43 35 1375
43 36 1327
43 37 96
43 38 1327
43 39 1279
43 40 48
43 41 1279
43 42 1231
43 43 0
43 44 1231
43 45 1279
43 46 48
43 47 1279
43 48 1327
43 49 96
43 50 1327
43 51 1375
43 52 144
43 53 1375
43 54 1423
43 55 192
43 56 1423
43 57 1471
43 58 240
43 59 1471
43 60 1519
43 61 288
43 62 1519
43 63 1567
43 64 336
43 65 1567
43 66 1615
43 67 384
43 68 1615
43 69 1663
43 70 432
43 71 1663
43 72 1711
43 73 480
43 74 1711
43 75 1759
43 76 528
43 77 1759
43 78 1639
44 0 2870
44 1 1711
44 2 1798
44 3 381
44 4 1482
44 5 1797
44 6 845
44 7 215
44 8 2305
44 9 650
44 10 1832
44 11 2518
44 12 1095
44 13 2097
44 14 1409
44 15 566
44 16 1156
44 17 562
44 18 289
44 19 2050
44 20 2570
44 21 437
44 22 241
44 23 1332
44 24 2750
44 25 1519
44 26 288
44 27 2702
44 28 1471
44 29 240
44 30 2654
44 31 1423
44 32 192
44 33 2606
44 34 1375
44 35 144
44 36 2558
44 37 1327
44 38 96
44 39 2510
44 40 1279
44 41 48
44 42 2462
44 43 1231
44 44 0
44 45 2510
44 46 1279
44 47 48
44 48 2558
44 49 1327
44 50 96
44 51 2606
44 52 1375
44 53 144
44 54 2654
44 55 1423
44 56 192
44 57 2702
44 58 1471
44 59 240
44 60 2750
44 61 1519
44 62 288
44 63 2798
44 64 1567
44 65 336
44 66 2846
44 67 1615
44 68 384
44 69 2894
44 70 1663
44 71 432
44 72 2942
44 73 1711
44 74 480
44 75 2990
44 76 1759
44 77 528
44 78 2870
45 0 456
45 1 1087
45 2 1096
45 3 2609
45 4 1604
45 5 809
45 6 2241
45 7 2295
45 8 589
45 9 2436
45 10 774
45 11 568
45 12 1511
45 13 797
45 14 1773
45 15 1944
45 16 1546
45 17 2044
45 18 2413
45 19 1036
45 20 516
45 21 2457
45 22 2269
45 23 2138
45 24 336
45 25 1567
45 26 2798
45 27 288
45 28 1519
45 29 2750
45 30 240
45 31 1471
45 32 2702
45 33 192
45 34 1423
45 35 2654
45 36 144
45 37 1375
45 38 2606
45 39 96
45 40 1327
45 41 2558
45 42 48
45 43 1279
45 44 2510
45 45 0
45 46 1231
45 47 2462
45 48 48
45 49 1279
45 50 2510
45 51 96
45 52 1327
45 53 2558
