//alpha
1
//NbLocations
79
//NbProducts
24
//NbPickers
2
//CapaPicker
4
//TimeToTravelOneDistanceUnit
3
//SetupTime
5400
//PickTime
300
//Products
//Idx Location Size
1 1 1
2 2 1
3 3 1
4 4 1
5 5 1
6 6 1
7 7 1
8 8 1
9 9 1
10 10 1
11 11 1
12 12 1
13 13 1
14 14 1
15 15 1
16 16 1
17 17 1
18 18 1
19 19 1
20 20 1
21 21 1
22 22 1
23 23 1
24 24 1
//Orders
//NbOrders
12
//Idx DueDate TardinessPenalty NbProdInOrder ProdIdx1 Qty1 ProdIdx2 Qty2 ...
1 126000 0 3 1 1 2 1 3 1
2 90000 0 2 4 1 5 1
3 108000 0 2 6 1 7 1
4 72000 0 1 8 1
5 108000 0 2 9 1 10 1
6 108000 0 1 11 1
7 72000 0 2 12 1 13 1
8 108000 0 3 14 1 15 1 16 1
9 126000 0 1 17 1
10 144000 0 3 18 1 19 1 20 1
11 144000 0 2 21 1 22 1
12 72000 0 2 23 1 24 1
//Graph (Products are vertices indexed from 1 to NbProducts)
//NbVerticesIntersections
54
//DepartingDepot
0
//ArrivalDepot
79
//Arcs
//Start End Distance
0 25 120
1 5 52
1 13 351
2 58 752
2 59 479
3 20 468
3 40 349
4 26 336
4 27 895
5 1 52
5 32 297
6 10 858
6 35 37
7 8 728
7 32 154
8 7 728
8 33 349
9 15 286
9 26 180
10 6 858
10 34 336
11 37 986
11 38 245
12 18 143
12 23 26
13 1 351
13 31 531
14 20 247
14 41 167
15 9 286
15 25 765
16 18 533
16 30 89
17 43 739
17 44 492
18 12 143
18 16 533
19 46 973
19 47 258
20 3 468
20 14 247
21 52 1168
21 53 63
22 38 661
22 39 570
23 12 26
23 29 440
24 77 1025
24 78 206
25 15 765
25 28 48
25 79 120
26 4 336
26 9 180
26 29 48
27 4 895
27 30 48
28 25 48
28 29 1231
28 31 48
29 23 440
29 26 48
29 28 1231
29 32 48
30 16 89
30 27 48
30 33 48
31 13 531
31 28 48
31 34 48
32 5 297
32 7 154
32 29 48
32 35 48
33 8 349
33 30 48
33 36 48
34 10 336
34 31 48
34 37 48
35 6 37
35 32 48
35 36 1231
35 38 48
36 33 48
36 35 1231
36 39 48
37 11 986
37 34 48
37 40 48
38 11 245
38 22 661
38 35 48
38 41 48
39 22 570
39 36 48
39 42 48
40 3 349
40 37 48
40 43 48
41 14 167
41 38 48
41 42 1231
41 44 48
42 39 48
42 41 1231
42 45 48
43 17 739
43 40 48
43 46 48
44 17 492
44 41 48
44 45 1231
44 47 48
45 42 48
45 44 1231
45 48 48
46 19 973
46 43 48
46 49 48
47 19 258
47 44 48
47 48 1231
47 50 48
48 45 48
48 47 1231
48 51 48
49 46 48
49 50 1231
49 52 48
50 47 48
50 49 1231
50 51 1231
50 53 48
51 48 48
51 50 1231
51 54 48
52 21 1168
52 49 48
52 55 48
53 21 63
53 50 48
53 54 1231
53 56 48
54 51 48
54 53 1231
54 57 48
55 52 48
55 56 1231
55 58 48
56 53 48
56 55 1231
56 57 1231
56 59 48
57 54 48
57 56 1231
57 60 48
58 2 752
58 55 48
58 61 48
59 2 479
59 56 48
59 60 1231
59 62 48
60 57 48
60 59 1231
60 63 48
61 58 48
61 62 1231
61 64 48
62 59 48
62 61 1231
62 63 1231
62 65 48
63 60 48
63 62 1231
63 66 48
64 61 48
64 65 1231
64 67 48
65 62 48
65 64 1231
65 66 1231
65 68 48
66 63 48
66 65 1231
66 69 48
67 64 48
67 68 1231
67 70 48
68 65 48
68 67 1231
68 69 1231
68 71 48
69 66 48
69 68 1231
69 72 48
70 67 48
70 71 1231
70 73 48
71 68 48
71 70 1231
71 72 1231
71 74 48
72 69 48
72 71 1231
72 75 48
73 70 48
73 74 1231
73 76 48
74 71 48
74 73 1231
74 75 1231
74 77 48
75 72 48
75 74 1231
75 78 48
76 73 48
76 77 1231
77 24 1025
77 74 48
77 76 1231
78 24 206
78 75 48
//LocStart LocEnd ShortestPath
0 0 0
0 1 1098
0 2 1400
0 3 709
0 4 1687
0 5 1150
0 6 1458
0 7 1601
0 8 2329
0 9 1171
0 10 600
0 11 1298
0 12 1865
0 13 747
0 14 1424
0 15 885
0 16 2541
0 17 1147
0 18 2008
0 19 1429
0 20 1177
0 21 1720
0 22 2204
0 23 1839
0 24 3192
0 25 120
0 26 1351
0 27 2582
0 28 168
0 29 1399
0 30 2630
0 31 216
0 32 1447
0 33 2678
0 34 264
0 35 1495
0 36 2726
0 37 312
0 38 1543
0 39 2774
0 40 360
0 41 1591
0 42 2822
0 43 408
0 44 1639
0 45 2870
0 46 456
0 47 1687
0 48 2918
0 49 504
0 50 1735
0 51 2966
0 52 552
0 53 1783
0 54 3014
0 55 600
0 56 1831
0 57 3062
0 58 648
0 59 1879
0 60 3110
0 61 696
0 62 1927
0 63 3158
0 64 744
0 65 1975
0 66 3206
0 67 792
0 68 2023
0 69 3254
0 70 840
0 71 2071
0 72 3302
0 73 888
0 74 2119
0 75 3350
0 76 936
0 77 2167
0 78 3398
0 79 0
1 0 1098
1 1 0
1 2 1260
1 3 1375
1 4 781
1 5 52
1 6 434
1 7 503
1 8 1231
1 9 625
1 10 1266
1 11 690
1 12 863
1 13 351
1 14 660
1 15 911
1 16 1539
1 17 1033
1 18 1006
1 19 847
1 20 907
1 21 748
1 22 1106
1 23 837
1 24 2094
1 25 978
1 26 445
1 27 1676
1 28 930
1 29 397
1 30 1628
1 31 882
1 32 349
1 33 1580
1 34 930
1 35 397
1 36 1628
1 37 978
1 38 445
1 39 1676
1 40 1026
1 41 493
1 42 1724
1 43 1074
1 44 541
1 45 1772
1 46 1122
1 47 589
1 48 1820
1 49 1170
1 50 637
1 51 1868
1 52 1218
1 53 685
1 54 1916
1 55 1266
1 56 733
1 57 1964
1 58 1314
1 59 781
1 60 2012
1 61 1362
1 62 829
1 63 2060
1 64 1410
1 65 877
1 66 2108
1 67 1458
1 68 925
1 69 2156
1 70 1506
1 71 973
1 72 2204
1 73 1554
1 74 1021
1 75 2252
1 76 1602
1 77 1069
1 78 2300
1 79 1098
2 0 1400
2 1 1260
2 2 0
2 3 1389
2 4 1343
2 5 1208
2 6 900
2 7 1065
2 8 1793
2 9 1187
2 10 1472
2 11 1060
2 12 1425
2 13 1611
2 14 934
2 15 1473
2 16 2101
2 17 1211
2 18 1568
2 19 929
2 20 1181
2 21 638
2 22 1476
2 23 1399
2 24 1792
2 25 1280
2 26 1007
2 27 2238
2 28 1232
2 29 959
2 30 2190
2 31 1184
2 32 911
2 33 2142
2 34 1136
2 35 863
2 36 2094
2 37 1088
2 38 815
2 39 2046
2 40 1040
2 41 767
2 42 1998
2 43 992
2 44 719
2 45 1950
2 46 944
2 47 671
2 48 1902
2 49 896
2 50 623
2 51 1854
2 52 848
2 53 575
2 54 1806
2 55 800
2 56 527
2 57 1758
2 58 752
2 59 479
2 60 1710
2 61 800
2 62 527
2 63 1758
2 64 848
2 65 575
2 66 1806
2 67 896
2 68 623
2 69 1854
2 70 944
2 71 671
2 72 1902
2 73 992
2 74 719
2 75 1950
2 76 1040
2 77 767
2 78 1998
2 79 1400
3 0 709
3 1 1375
3 2 1389
3 3 0
3 4 1458
3 5 1323
3 6 1015
3 7 1180
3 8 1908
3 9 1302
3 10 781
3 11 1175
3 12 1540
3 13 1024
3 14 715
3 15 1354
3 16 2216
3 17 1136
3 18 1683
3 19 1236
3 20 468
3 21 1137
3 22 1591
3 23 1514
3 24 2483
3 25 589
3 26 1122
3 27 2353
3 28 541
3 29 1074
3 30 2305
3 31 493
3 32 1026
3 33 2257
3 34 445
3 35 978
3 36 2209
3 37 397
3 38 930
3 39 2161
3 40 349
3 41 882
3 42 2113
3 43 397
3 44 930
3 45 2161
3 46 445
3 47 978
3 48 2209
3 49 493
3 50 1026
3 51 2257
3 52 541
3 53 1074
3 54 2305
3 55 589
3 56 1122
3 57 2353
3 58 637
3 59 1170
3 60 2401
3 61 685
3 62 1218
3 63 2449
3 64 733
3 65 1266
3 66 2497
3 67 781
3 68 1314
3 69 2545
3 70 829
3 71 1362
3 72 2593
3 73 877
3 74 1410
3 75 2641
3 76 925
3 77 1458
3 78 2689
3 79 709
4 0 1687
4 1 781
4 2 1343
4 3 1458
4 4 0
4 5 729
4 6 517
4 7 586
4 8 1314
4 9 516
4 10 1375
4 11 773
4 12 850
4 13 1132
4 14 743
4 15 802
4 16 1032
4 17 1116
4 18 993
4 19 930
4 20 990
4 21 831
4 22 1189
4 23 824
4 24 1917
4 25 1567
4 26 336
4 27 895
4 28 1615
4 29 384
4 30 943
4 31 1663
4 32 432
4 33 991
4 34 1711
4 35 480
4 36 1039
4 37 1759
4 38 528
4 39 1087
4 40 1807
4 41 576
4 42 1135
4 43 1855
4 44 624
4 45 1183
4 46 1903
4 47 672
4 48 1231
4 49 1951
4 50 720
4 51 1279
4 52 1999
4 53 768
4 54 1327
4 55 2047
4 56 816
4 57 1375
4 58 2095
4 59 864
4 60 1423
4 61 2143
4 62 912
4 63 1471
4 64 2191
4 65 960
4 66 1519
4 67 2239
4 68 1008
4 69 1567
4 70 2287
4 71 1056
4 72 1615
4 73 2335
4 74 1104
4 75 1663
4 76 2383
4 77 1152
4 78 1711
4 79 1687
5 0 1150
5 1 52
5 2 1208
5 3 1323
5 4 729
5 5 0
5 6 382
5 7 451
5 8 1179
5 9 573
5 10 1240
5 11 638
5 12 811
5 13 403
5 14 608
5 15 859
5 16 1487
5 17 981
5 18 954
5 19 795
5 20 855
5 21 696
5 22 1054
5 23 785
5 24 2042
5 25 1030
5 26 393
5 27 1624
5 28 982
5 29 345
5 30 1576
5 31 934
5 32 297
5 33 1528
5 34 982
5 35 345
5 36 1576
5 37 1030
5 38 393
5 39 1624
5 40 1078
5 41 441
5 42 1672
5 43 1126
5 44 489
5 45 1720
5 46 1174
5 47 537
5 48 1768
5 49 1222
5 50 585
5 51 1816
5 52 1270
5 53 633
5 54 1864
5 55 1318
5 56 681
5 57 1912
5 58 1366
5 59 729
5 60 1960
5 61 1414
5 62 777
5 63 2008
5 64 1462
5 65 825
5 66 2056
5 67 1510
5 68 873
5 69 2104
5 70 1558
5 71 921
5 72 2152
5 73 1606
5 74 969
5 75 2200
5 76 1654
5 77 1017
5 78 2248
5 79 1150
6 0 1458
6 1 434
6 2 900
6 3 1015
6 4 517
6 5 382
6 6 0
6 7 239
6 8 967
6 9 361
6 10 858
6 11 330
6 12 599
6 13 785
6 14 300
6 15 647
6 16 1275
6 17 673
6 18 742
6 19 487
6 20 547
6 21 388
6 22 746
6 23 573
6 24 1734
6 25 1338
6 26 181
6 27 1412
6 28 1290
6 29 133
6 30 1364
6 31 1242
6 32 85
6 33 1316
6 34 1194
6 35 37
6 36 1268
6 37 1242
6 38 85
6 39 1316
6 40 1290
6 41 133
6 42 1364
6 43 1338
6 44 181
6 45 1412
6 46 1386
6 47 229
6 48 1460
6 49 1434
6 50 277
6 51 1508
6 52 1482
6 53 325
6 54 1556
6 55 1530
6 56 373
6 57 1604
6 58 1578
6 59 421
6 60 1652
6 61 1626
6 62 469
6 63 1700
6 64 1674
6 65 517
6 66 1748
6 67 1722
6 68 565
6 69 1796
6 70 1770
6 71 613
6 72 1844
6 73 1818
6 74 661
6 75 1892
6 76 1866
6 77 709
6 78 1940
6 79 1458
7 0 1601
7 1 503
7 2 1065
7 3 1180
7 4 586
7 5 451
7 6 239
7 7 0
7 8 728
7 9 430
7 10 1097
7 11 495
7 12 668
7 13 854
7 14 465
7 15 716
7 16 1214
7 17 838
7 18 811
7 19 652
7 20 712
7 21 553
7 22 911
7 23 642
7 24 1899
7 25 1481
7 26 250
7 27 1173
7 28 1433
7 29 202
7 30 1125
7 31 1385
7 32 154
7 33 1077
7 34 1433
7 35 202
7 36 1125
7 37 1481
7 38 250
7 39 1173
7 40 1529
7 41 298
7 42 1221
7 43 1577
7 44 346
7 45 1269
7 46 1625
7 47 394
7 48 1317
7 49 1673
7 50 442
7 51 1365
7 52 1721
7 53 490
7 54 1413
7 55 1769
7 56 538
7 57 1461
7 58 1817
7 59 586
7 60 1509
7 61 1865
7 62 634
7 63 1557
7 64 1913
7 65 682
7 66 1605
7 67 1961
7 68 730
7 69 1653
7 70 2009
7 71 778
7 72 1701
7 73 2057
7 74 826
7 75 1749
7 76 2105
7 77 874
7 78 1797
7 79 1601
8 0 2329
8 1 1231
8 2 1793
8 3 1908
8 4 1314
8 5 1179
8 6 967
8 7 728
8 8 0
8 9 1158
8 10 1825
8 11 1223
8 12 1162
8 13 1582
8 14 1193
8 15 1444
8 16 486
8 17 1566
8 18 1019
8 19 1380
8 20 1440
8 21 1281
8 22 1015
8 23 1188
8 24 1275
8 25 2209
8 26 978
8 27 445
8 28 2161
8 29 930
8 30 397
8 31 2113
8 32 882
8 33 349
8 34 2161
8 35 930
8 36 397
8 37 2209
8 38 978
8 39 445
8 40 2257
8 41 1026
8 42 493
8 43 2305
8 44 1074
8 45 541
8 46 2353
8 47 1122
8 48 589
8 49 2401
8 50 1170
8 51 637
8 52 2449
8 53 1218
8 54 685
8 55 2497
8 56 1266
8 57 733
8 58 2545
8 59 1314
8 60 781
8 61 2593
8 62 1362
8 63 829
8 64 2641
8 65 1410
8 66 877
8 67 2689
8 68 1458
8 69 925
8 70 2737
8 71 1506
8 72 973
8 73 2785
8 74 1554
8 75 1021
8 76 2833
8 77 1602
8 78 1069
8 79 2329
9 0 1171
9 1 625
9 2 1187
9 3 1302
9 4 516
9 5 573
9 6 361
9 7 430
9 8 1158
9 9 0
9 10 1219
9 11 617
9 12 694
9 13 976
9 14 587
9 15 286
9 16 1370
9 17 960
9 18 837
9 19 774
9 20 834
9 21 675
9 22 1033
9 23 668
9 24 2021
9 25 1051
9 26 180
9 27 1411
9 28 1099
9 29 228
9 30 1459
9 31 1147
9 32 276
9 33 1507
9 34 1195
9 35 324
9 36 1555
9 37 1243
9 38 372
9 39 1603
9 40 1291
9 41 420
9 42 1651
9 43 1339
9 44 468
9 45 1699
9 46 1387
9 47 516
9 48 1747
9 49 1435
9 50 564
9 51 1795
9 52 1483
9 53 612
9 54 1843
9 55 1531
9 56 660
9 57 1891
9 58 1579
9 59 708
9 60 1939
9 61 1627
9 62 756
9 63 1987
9 64 1675
9 65 804
9 66 2035
9 67 1723
9 68 852
9 69 2083
9 70 1771
9 71 900
9 72 2131
9 73 1819
9 74 948
9 75 2179
9 76 1867
9 77 996
9 78 2227
9 79 1171
10 0 600
10 1 1266
10 2 1472
10 3 781
10 4 1375
10 5 1240
10 6 858
10 7 1097
10 8 1825
10 9 1219
10 10 0
10 11 1188
10 12 1457
10 13 915
10 14 1158
10 15 1245
10 16 2133
10 17 1219
10 18 1600
10 19 1345
10 20 1249
10 21 1246
10 22 1604
10 23 1431
10 24 2592
10 25 480
10 26 1039
10 27 2270
10 28 432
10 29 991
10 30 2222
10 31 384
10 32 943
10 33 2174
10 34 336
10 35 895
10 36 2126
10 37 384
10 38 943
10 39 2174
10 40 432
10 41 991
10 42 2222
10 43 480
10 44 1039
10 45 2270
10 46 528
10 47 1087
10 48 2318
10 49 576
10 50 1135
10 51 2366
10 52 624
10 53 1183
10 54 2414
10 55 672
10 56 1231
10 57 2462
10 58 720
10 59 1279
10 60 2510
10 61 768
10 62 1327
10 63 2558
10 64 816
10 65 1375
10 66 2606
10 67 864
10 68 1423
10 69 2654
10 70 912
10 71 1471
10 72 2702
10 73 960
10 74 1519
10 75 2750
10 76 1008
10 77 1567
10 78 2798
10 79 600
11 0 1298
11 1 690
11 2 1060
11 3 1175
11 4 773
11 5 638
11 6 330
11 7 495
11 8 1223
11 9 617
11 10 1188
11 11 0
11 12 855
11 13 1041
11 14 460
11 15 903
11 16 1531
11 17 833
11 18 998
11 19 647
11 20 707
11 21 548
11 22 906
11 23 829
11 24 1894
11 25 1178
11 26 437
11 27 1668
11 28 1130
11 29 389
11 30 1620
11 31 1082
11 32 341
11 33 1572
11 34 1034
11 35 293
11 36 1524
11 37 986
11 38 245
11 39 1476
11 40 1034
11 41 293
11 42 1524
11 43 1082
11 44 341
11 45 1572
11 46 1130
11 47 389
11 48 1620
11 49 1178
11 50 437
11 51 1668
11 52 1226
11 53 485
11 54 1716
11 55 1274
11 56 533
11 57 1764
11 58 1322
11 59 581
11 60 1812
11 61 1370
11 62 629
11 63 1860
11 64 1418
11 65 677
11 66 1908
11 67 1466
11 68 725
11 69 1956
11 70 1514
11 71 773
11 72 2004
11 73 1562
11 74 821
11 75 2052
11 76 1610
11 77 869
11 78 2100
11 79 1298
12 0 1865
12 1 863
12 2 1425
12 3 1540
12 4 850
12 5 811
12 6 599
12 7 668
12 8 1162
12 9 694
12 10 1457
12 11 855
12 12 0
12 13 1214
12 14 825
12 15 980
12 16 676
12 17 1198
12 18 143
12 19 1012
12 20 1072
12 21 913
12 22 1271
12 23 26
12 24 1739
12 25 1745
12 26 514
12 27 813
12 28 1697
12 29 466
12 30 765
12 31 1745
12 32 514
12 33 813
12 34 1793
12 35 562
12 36 861
12 37 1841
12 38 610
12 39 909
12 40 1889
12 41 658
12 42 957
12 43 1937
12 44 706
12 45 1005
12 46 1985
12 47 754
12 48 1053
12 49 2033
12 50 802
12 51 1101
12 52 2081
12 53 850
12 54 1149
12 55 2129
12 56 898
12 57 1197
12 58 2177
12 59 946
12 60 1245
12 61 2225
12 62 994
12 63 1293
12 64 2273
12 65 1042
12 66 1341
12 67 2321
12 68 1090
12 69 1389
12 70 2369
12 71 1138
12 72 1437
12 73 2417
12 74 1186
12 75 1485
12 76 2465
12 77 1234
12 78 1533
12 79 1865
13 0 747
13 1 351
13 2 1611
13 3 1024
13 4 1132
13 5 403
13 6 785
13 7 854
13 8 1582
13 9 976
13 10 915
13 11 1041
13 12 1214
13 13 0
13 14 1011
13 15 1262
13 16 1890
13 17 1384
13 18 1357
13 19 1198
13 20 1258
13 21 1099
13 22 1457
13 23 1188
13 24 2445
13 25 627
13 26 796
13 27 2027
13 28 579
13 29 748
13 30 1979
13 31 531
13 32 700
13 33 1931
13 34 579
13 35 748
13 36 1979
13 37 627
13 38 796
13 39 2027
13 40 675
13 41 844
13 42 2075
13 43 723
13 44 892
13 45 2123
13 46 771
13 47 940
13 48 2171
13 49 819
13 50 988
13 51 2219
13 52 867
13 53 1036
13 54 2267
13 55 915
13 56 1084
13 57 2315
13 58 963
13 59 1132
13 60 2363
13 61 1011
13 62 1180
13 63 2411
13 64 1059
13 65 1228
13 66 2459
13 67 1107
13 68 1276
13 69 2507
13 70 1155
13 71 1324
13 72 2555
13 73 1203
13 74 1372
13 75 2603
13 76 1251
13 77 1420
13 78 2651
13 79 747
14 0 1424
14 1 660
14 2 934
14 3 715
14 4 743
14 5 608
14 6 300
14 7 465
14 8 1193
14 9 587
14 10 1158
14 11 460
14 12 825
14 13 1011
14 14 0
14 15 873
14 16 1501
14 17 707
14 18 968
14 19 521
14 20 247
14 21 422
14 22 876
14 23 799
14 24 1768
14 25 1304
14 26 407
14 27 1638
14 28 1256
14 29 359
14 30 1590
14 31 1208
14 32 311
14 33 1542
14 34 1160
14 35 263
14 36 1494
14 37 1112
14 38 215
14 39 1446
14 40 1064
14 41 167
14 42 1398
14 43 1112
14 44 215
14 45 1446
14 46 1160
14 47 263
14 48 1494
14 49 1208
14 50 311
14 51 1542
14 52 1256
14 53 359
14 54 1590
14 55 1304
14 56 407
14 57 1638
14 58 1352
14 59 455
14 60 1686
14 61 1400
14 62 503
14 63 1734
14 64 1448
14 65 551
14 66 1782
14 67 1496
14 68 599
14 69 1830
14 70 1544
14 71 647
14 72 1878
14 73 1592
14 74 695
14 75 1926
14 76 1640
14 77 743
14 78 1974
14 79 1424
15 0 885
15 1 911
15 2 1473
15 3 1354
15 4 802
15 5 859
15 6 647
15 7 716
15 8 1444
15 9 286
15 10 1245
15 11 903
15 12 980
15 13 1262
15 14 873
15 15 0
15 16 1656
15 17 1246
15 18 1123
15 19 1060
15 20 1120
15 21 961
15 22 1319
15 23 954
15 24 2307
15 25 765
15 26 466
15 27 1697
15 28 813
15 29 514
15 30 1745
15 31 861
15 32 562
15 33 1793
15 34 909
15 35 610
15 36 1841
15 37 957
15 38 658
15 39 1889
15 40 1005
15 41 706
15 42 1937
15 43 1053
15 44 754
15 45 1985
15 46 1101
15 47 802
15 48 2033
15 49 1149
15 50 850
15 51 2081
15 52 1197
15 53 898
15 54 2129
15 55 1245
15 56 946
15 57 2177
15 58 1293
15 59 994
15 60 2225
15 61 1341
15 62 1042
15 63 2273
15 64 1389
15 65 1090
15 66 2321
15 67 1437
15 68 1138
15 69 2369
15 70 1485
15 71 1186
15 72 2417
15 73 1533
15 74 1234
15 75 2465
15 76 1581
15 77 1282
15 78 2513
15 79 885
16 0 2541
16 1 1539
16 2 2101
16 3 2216
16 4 1032
16 5 1487
16 6 1275
16 7 1214
16 8 486
16 9 1370
16 10 2133
16 11 1531
16 12 676
16 13 1890
16 14 1501
16 15 1656
16 16 0
16 17 1874
16 18 533
16 19 1688
16 20 1748
16 21 1589
16 22 803
16 23 702
16 24 1063
16 25 2421
16 26 1190
16 27 137
16 28 2373
16 29 1142
16 30 89
16 31 2421
16 32 1190
16 33 137
16 34 2469
16 35 1238
16 36 185
16 37 2517
16 38 1286
16 39 233
16 40 2565
16 41 1334
16 42 281
16 43 2613
16 44 1382
16 45 329
16 46 2661
16 47 1430
16 48 377
16 49 2709
16 50 1478
16 51 425
16 52 2757
16 53 1526
16 54 473
16 55 2805
16 56 1574
16 57 521
16 58 2853
16 59 1622
16 60 569
16 61 2901
16 62 1670
16 63 617
16 64 2949
16 65 1718
16 66 665
16 67 2997
16 68 1766
16 69 713
16 70 3045
16 71 1814
16 72 761
16 73 3093
16 74 1862
16 75 809
16 76 3141
16 77 1910
16 78 857
16 79 2541
17 0 1147
17 1 1033
17 2 1211
17 3 1136
17 4 1116
17 5 981
17 6 673
17 7 838
17 8 1566
17 9 960
17 10 1219
17 11 833
17 12 1198
17 13 1384
17 14 707
17 15 1246
17 16 1874
17 17 0
17 18 1341
17 19 798
17 20 954
17 21 699
17 22 1249
17 23 1172
17 24 2045
17 25 1027
17 26 780
17 27 2011
17 28 979
17 29 732
17 30 1963
17 31 931
17 32 684
17 33 1915
17 34 883
17 35 636
17 36 1867
17 37 835
17 38 588
17 39 1819
17 40 787
17 41 540
17 42 1771
17 43 739
17 44 492
17 45 1723
17 46 787
17 47 540
17 48 1771
17 49 835
17 50 588
17 51 1819
17 52 883
17 53 636
17 54 1867
17 55 931
17 56 684
17 57 1915
17 58 979
17 59 732
17 60 1963
17 61 1027
17 62 780
17 63 2011
17 64 1075
17 65 828
17 66 2059
17 67 1123
17 68 876
17 69 2107
17 70 1171
17 71 924
17 72 2155
17 73 1219
17 74 972
17 75 2203
17 76 1267
17 77 1020
17 78 2251
17 79 1147
18 0 2008
18 1 1006
18 2 1568
18 3 1683
18 4 993
18 5 954
18 6 742
18 7 811
18 8 1019
18 9 837
18 10 1600
18 11 998
18 12 143
18 13 1357
18 14 968
18 15 1123
18 16 533
18 17 1341
18 18 0
18 19 1155
18 20 1215
18 21 1056
18 22 1336
18 23 169
18 24 1596
18 25 1888
18 26 657
18 27 670
18 28 1840
18 29 609
18 30 622
18 31 1888
18 32 657
18 33 670
18 34 1936
18 35 705
18 36 718
18 37 1984
18 38 753
18 39 766
18 40 2032
18 41 801
18 42 814
18 43 2080
18 44 849
18 45 862
18 46 2128
18 47 897
18 48 910
18 49 2176
18 50 945
18 51 958
18 52 2224
18 53 993
18 54 1006
18 55 2272
18 56 1041
18 57 1054
18 58 2320
18 59 1089
18 60 1102
18 61 2368
18 62 1137
18 63 1150
18 64 2416
18 65 1185
18 66 1198
18 67 2464
18 68 1233
18 69 1246
18 70 2512
18 71 1281
18 72 1294
18 73 2560
18 74 1329
18 75 1342
18 76 2608
18 77 1377
18 78 1390
18 79 2008
19 0 1429
19 1 847
19 2 929
19 3 1236
19 4 930
19 5 795
19 6 487
19 7 652
19 8 1380
19 9 774
19 10 1345
19 11 647
19 12 1012
19 13 1198
19 14 521
19 15 1060
19 16 1688
19 17 798
19 18 1155
19 19 0
19 20 768
19 21 417
19 22 1063
19 23 986
19 24 1763
19 25 1309
19 26 594
19 27 1825
19 28 1261
19 29 546
19 30 1777
19 31 1213
19 32 498
19 33 1729
19 34 1165
19 35 450
19 36 1681
19 37 1117
19 38 402
19 39 1633
19 40 1069
19 41 354
19 42 1585
19 43 1021
19 44 306
19 45 1537
19 46 973
19 47 258
19 48 1489
19 49 1021
19 50 306
19 51 1537
19 52 1069
19 53 354
19 54 1585
19 55 1117
19 56 402
19 57 1633
19 58 1165
19 59 450
19 60 1681
19 61 1213
19 62 498
19 63 1729
19 64 1261
19 65 546
19 66 1777
19 67 1309
19 68 594
19 69 1825
19 70 1357
19 71 642
19 72 1873
19 73 1405
19 74 690
19 75 1921
19 76 1453
19 77 738
19 78 1969
19 79 1429
20 0 1177
20 1 907
20 2 1181
20 3 468
20 4 990
20 5 855
20 6 547
20 7 712
20 8 1440
20 9 834
20 10 1249
20 11 707
20 12 1072
20 13 1258
20 14 247
20 15 1120
20 16 1748
20 17 954
20 18 1215
20 19 768
20 20 0
20 21 669
20 22 1123
20 23 1046
20 24 2015
20 25 1057
20 26 654
20 27 1885
20 28 1009
20 29 606
20 30 1837
20 31 961
20 32 558
20 33 1789
20 34 913
20 35 510
20 36 1741
20 37 865
20 38 462
20 39 1693
20 40 817
20 41 414
20 42 1645
20 43 865
20 44 462
20 45 1693
20 46 913
20 47 510
20 48 1741
20 49 961
20 50 558
20 51 1789
20 52 1009
20 53 606
20 54 1837
20 55 1057
20 56 654
20 57 1885
20 58 1105
20 59 702
20 60 1933
20 61 1153
20 62 750
20 63 1981
20 64 1201
20 65 798
20 66 2029
20 67 1249
20 68 846
20 69 2077
20 70 1297
20 71 894
20 72 2125
20 73 1345
20 74 942
20 75 2173
20 76 1393
20 77 990
20 78 2221
20 79 1177
21 0 1720
21 1 748
21 2 638
21 3 1137
21 4 831
21 5 696
21 6 388
21 7 553
21 8 1281
21 9 675
21 10 1246
21 11 548
21 12 913
21 13 1099
21 14 422
21 15 961
21 16 1589
21 17 699
21 18 1056
21 19 417
21 20 669
21 21 0
21 22 964
21 23 887
21 24 1472
21 25 1600
21 26 495
21 27 1726
21 28 1552
21 29 447
21 30 1678
21 31 1504
21 32 399
21 33 1630
21 34 1456
21 35 351
21 36 1582
21 37 1408
21 38 303
21 39 1534
21 40 1360
21 41 255
21 42 1486
21 43 1312
21 44 207
21 45 1438
21 46 1264
21 47 159
21 48 1390
21 49 1216
21 50 111
21 51 1342
21 52 1168
21 53 63
21 54 1294
21 55 1216
21 56 111
21 57 1342
21 58 1264
21 59 159
21 60 1390
21 61 1312
21 62 207
21 63 1438
21 64 1360
21 65 255
21 66 1486
21 67 1408
21 68 303
21 69 1534
21 70 1456
21 71 351
21 72 1582
21 73 1504
21 74 399
21 75 1630
21 76 1552
21 77 447
21 78 1678
21 79 1720
22 0 2204
22 1 1106
22 2 1476
22 3 1591
22 4 1189
22 5 1054
22 6 746
22 7 911
22 8 1015
22 9 1033
22 10 1604
22 11 906
22 12 1271
22 13 1457
22 14 876
22 15 1319
22 16 803
22 17 1249
22 18 1336
22 19 1063
22 20 1123
22 21 964
22 22 0
22 23 1245
22 24 1400
22 25 2084
22 26 853
22 27 762
22 28 2036
22 29 805
22 30 714
22 31 1988
22 32 757
22 33 666
22 34 1940
22 35 709
22 36 618
22 37 1892
22 38 661
22 39 570
22 40 1940
22 41 709
22 42 618
22 43 1988
22 44 757
22 45 666
22 46 2036
22 47 805
22 48 714
22 49 2084
22 50 853
22 51 762
22 52 2132
22 53 901
22 54 810
22 55 2180
22 56 949
22 57 858
22 58 2228
22 59 997
22 60 906
22 61 2276
22 62 1045
22 63 954
22 64 2324
22 65 1093
22 66 1002
22 67 2372
22 68 1141
22 69 1050
22 70 2420
22 71 1189
22 72 1098
22 73 2468
22 74 1237
22 75 1146
22 76 2516
22 77 1285
22 78 1194
22 79 2204
23 0 1839
23 1 837
23 2 1399
23 3 1514
23 4 824
23 5 785
23 6 573
23 7 642
23 8 1188
23 9 668
23 10 1431
23 11 829
23 12 26
23 13 1188
23 14 799
23 15 954
23 16 702
23 17 1172
23 18 169
23 19 986
23 20 1046
23 21 887
23 22 1245
23 23 0
23 24 1765
23 25 1719
23 26 488
23 27 839
23 28 1671
23 29 440
23 30 791
23 31 1719
23 32 488
23 33 839
23 34 1767
23 35 536
23 36 887
23 37 1815
23 38 584
23 39 935
23 40 1863
23 41 632
23 42 983
23 43 1911
23 44 680
23 45 1031
23 46 1959
23 47 728
23 48 1079
23 49 2007
23 50 776
23 51 1127
23 52 2055
23 53 824
23 54 1175
23 55 2103
23 56 872
23 57 1223
23 58 2151
23 59 920
23 60 1271
23 61 2199
23 62 968
23 63 1319
23 64 2247
23 65 1016
23 66 1367
23 67 2295
23 68 1064
23 69 1415
23 70 2343
23 71 1112
23 72 1463
23 73 2391
23 74 1160
23 75 1511
23 76 2439
23 77 1208
23 78 1559
23 79 1839
24 0 3192
24 1 2094
24 2 1792
24 3 2483
24 4 1917
24 5 2042
24 6 1734
24 7 1899
24 8 1275
24 9 2021
24 10 2592
24 11 1894
24 12 1739
24 13 2445
24 14 1768
24 15 2307
24 16 1063
24 17 2045
24 18 1596
24 19 1763
24 20 2015
24 21 1472
24 22 1400
24 23 1765
24 24 0
24 25 3072
24 26 1841
24 27 1022
24 28 3024
24 29 1793
24 30 974
24 31 2976
24 32 1745
24 33 926
24 34 2928
24 35 1697
24 36 878
24 37 2880
24 38 1649
24 39 830
24 40 2832
24 41 1601
24 42 782
24 43 2784
24 44 1553
24 45 734
24 46 2736
24 47 1505
24 48 686
24 49 2688
24 50 1457
24 51 638
24 52 2640
24 53 1409
24 54 590
24 55 2592
24 56 1361
24 57 542
24 58 2544
24 59 1313
24 60 494
24 61 2496
24 62 1265
24 63 446
24 64 2448
24 65 1217
24 66 398
24 67 2400
24 68 1169
24 69 350
24 70 2352
24 71 1121
24 72 302
24 73 2304
24 74 1073
24 75 254
24 76 2256
24 77 1025
24 78 206
24 79 3192
25 0 120
25 1 978
25 2 1280
25 3 589
25 4 1567
25 5 1030
25 6 1338
25 7 1481
25 8 2209
25 9 1051
25 10 480
25 11 1178
25 12 1745
25 13 627
25 14 1304
25 15 765
25 16 2421
25 17 1027
25 18 1888
25 19 1309
25 20 1057
25 21 1600
25 22 2084
25 23 1719
25 24 3072
25 25 0
25 26 1231
25 27 2462
25 28 48
25 29 1279
25 30 2510
25 31 96
25 32 1327
25 33 2558
25 34 144
25 35 1375
25 36 2606
25 37 192
25 38 1423
25 39 2654
25 40 240
25 41 1471
25 42 2702
25 43 288
25 44 1519
25 45 2750
25 46 336
25 47 1567
25 48 2798
25 49 384
25 50 1615
25 51 2846
25 52 432
25 53 1663
25 54 2894
25 55 480
25 56 1711
25 57 2942
25 58 528
25 59 1759
25 60 2990
25 61 576
25 62 1807
25 63 3038
25 64 624
25 65 1855
25 66 3086
25 67 672
25 68 1903
25 69 3134
25 70 720
25 71 1951
25 72 3182
25 73 768
25 74 1999
25 75 3230
25 76 816
25 77 2047
25 78 3278
25 79 120
26 0 1351
26 1 445
26 2 1007
26 3 1122
26 4 336
26 5 393
26 6 181
26 7 250
26 8 978
26 9 180
26 10 1039
26 11 437
26 12 514
26 13 796
26 14 407
26 15 466
26 16 1190
26 17 780
26 18 657
26 19 594
26 20 654
26 21 495
26 22 853
26 23 488
26 24 1841
26 25 1231
26 26 0
26 27 1231
26 28 1279
26 29 48
26 30 1279
26 31 1327
26 32 96
26 33 1327
26 34 1375
26 35 144
26 36 1375
26 37 1423
26 38 192
26 39 1423
26 40 1471
26 41 240
26 42 1471
26 43 1519
26 44 288
26 45 1519
26 46 1567
26 47 336
26 48 1567
26 49 1615
26 50 384
26 51 1615
26 52 1663
26 53 432
26 54 1663
26 55 1711
26 56 480
26 57 1711
26 58 1759
26 59 528
26 60 1759
26 61 1807
26 62 576
26 63 1807
26 64 1855
26 65 624
26 66 1855
26 67 1903
26 68 672
26 69 1903
26 70 1951
26 71 720
26 72 1951
26 73 1999
26 74 768
26 75 1999
26 76 2047
26 77 816
26 78 2047
26 79 1351
27 0 2582
27 1 1676
27 2 2238
27 3 2353
27 4 895
27 5 1624
27 6 1412
27 7 1173
27 8 445
27 9 1411
27 10 2270
27 11 1668
27 12 813
27 13 2027
27 14 1638
27 15 1697
27 16 137
27 17 2011
27 18 670
27 19 1825
27 20 1885
27 21 1726
27 22 762
27 23 839
27 24 1022
27 25 2462
27 26 1231
27 27 0
27 28 2510
27 29 1279
27 30 48
27 31 2558
27 32 1327
27 33 96
27 34 2606
27 35 1375
27 36 144
27 37 2654
27 38 1423
27 39 192
27 40 2702
27 41 1471
27 42 240
27 43 2750
27 44 1519
27 45 288
27 46 2798
27 47 1567
27 48 336
27 49 2846
27 50 1615
27 51 384
27 52 2894
27 53 1663
27 54 432
27 55 2942
27 56 1711
27 57 480
27 58 2990
27 59 1759
27 60 528
27 61 3038
27 62 1807
27 63 576
27 64 3086
27 65 1855
27 66 624
27 67 3134
27 68 1903
27 69 672
27 70 3182
27 71 1951
27 72 720
27 73 3230
27 74 1999
27 75 768
27 76 3278
27 77 2047
27 78 816
27 79 2582
28 0 168
28 1 930
28 2 1232
28 3 541
28 4 1615
28 5 982
28 6 1290
28 7 1433
28 8 2161
28 9 1099
28 10 432
28 11 1130
28 12 1697
28 13 579
28 14 1256
28 15 813
28 16 2373
28 17 979
28 18 1840
28 19 1261
28 20 1009
28 21 1552
28 22 2036
28 23 1671
28 24 3024
28 25 48
28 26 1279
28 27 2510
28 28 0
28 29 1231
28 30 2462
28 31 48
28 32 1279
28 33 2510
28 34 96
28 35 1327
28 36 2558
28 37 144
28 38 1375
28 39 2606
28 40 192
28 41 1423
28 42 2654
28 43 240
28 44 1471
28 45 2702
28 46 288
28 47 1519
28 48 2750
28 49 336
28 50 1567
28 51 2798
28 52 384
28 53 1615
28 54 2846
28 55 432
28 56 1663
28 57 2894
28 58 480
28 59 1711
28 60 2942
28 61 528
28 62 1759
28 63 2990
28 64 576
28 65 1807
28 66 3038
28 67 624
28 68 1855
28 69 3086
28 70 672
28 71 1903
28 72 3134
28 73 720
28 74 1951
28 75 3182
28 76 768
28 77 1999
28 78 3230
28 79 168
29 0 1399
29 1 397
29 2 959
29 3 1074
29 4 384
29 5 345
29 6 133
29 7 202
29 8 930
29 9 228
29 10 991
29 11 389
29 12 466
29 13 748
29 14 359
29 15 514
29 16 1142
29 17 732
29 18 609
29 19 546
29 20 606
29 21 447
29 22 805
29 23 440
29 24 1793
29 25 1279
29 26 48
29 27 1279
29 28 1231
29 29 0
29 30 1231
29 31 1279
29 32 48
29 33 1279
29 34 1327
29 35 96
29 36 1327
29 37 1375
29 38 144
29 39 1375
29 40 1423
29 41 192
29 42 1423
29 43 1471
29 44 240
29 45 1471
29 46 1519
29 47 288
29 48 1519
29 49 1567
29 50 336
29 51 1567
29 52 1615
29 53 384
29 54 1615
29 55 1663
29 56 432
29 57 1663
29 58 1711
29 59 480
29 60 1711
29 61 1759
29 62 528
29 63 1759
29 64 1807
29 65 576
29 66 1807
29 67 1855
29 68 624
29 69 1855
29 70 1903
29 71 672
29 72 1903
29 73 1951
29 74 720
29 75 1951
29 76 1999
29 77 768
29 78 1999
29 79 1399
30 0 2630
30 1 1628
30 2 2190
30 3 2305
30 4 943
30 5 1576
30 6 1364
30 7 1125
30 8 397
30 9 1459
30 10 2222
30 11 1620
30 12 765
30 13 1979
30 14 1590
30 15 1745
30 16 89
30 17 1963
30 18 622
30 19 1777
30 20 1837
30 21 1678
30 22 714
30 23 791
30 24 974
30 25 2510
30 26 1279
30 27 48
30 28 2462
30 29 1231
30 30 0
30 31 2510
30 32 1279
30 33 48
30 34 2558
30 35 1327
30 36 96
30 37 2606
30 38 1375
30 39 144
30 40 2654
30 41 1423
30 42 192
30 43 2702
30 44 1471
30 45 240
30 46 2750
30 47 1519
30 48 288
30 49 2798
30 50 1567
30 51 336
30 52 2846
30 53 1615
30 54 384
30 55 2894
30 56 1663
30 57 432
30 58 2942
30 59 1711
30 60 480
30 61 2990
30 62 1759
30 63 528
30 64 3038
30 65 1807
30 66 576
30 67 3086
30 68 1855
30 69 624
30 70 3134
30 71 1903
30 72 672
30 73 3182
30 74 1951
30 75 720
30 76 3230
30 77 1999
30 78 768
30 79 2630
31 0 216
31 1 882
31 2 1184
31 3 493
31 4 1663
31 5 934
31 6 1242
31 7 1385
31 8 2113
31 9 1147
31 10 384
31 11 1082
31 12 1745
31 13 531
31 14 1208
31 15 861
31 16 2421
31 17 931
31 18 1888
31 19 1213
31 20 961
31 21 1504
31 22 1988
31 23 1719
31 24 2976
31 25 96
31 26 1327
31 27 2558
31 28 48
31 29 1279
31 30 2510
31 31 0
31 32 1231
31 33 2462
31 34 48
31 35 1279
31 36 2510
31 37 96
31 38 1327
31 39 2558
31 40 144
31 41 1375
31 42 2606
31 43 192
31 44 1423
31 45 2654
31 46 240
31 47 1471
31 48 2702
31 49 288
31 50 1519
31 51 2750
31 52 336
31 53 1567
31 54 2798
31 55 384
31 56 1615
31 57 2846
31 58 432
31 59 1663
31 60 2894
31 61 480
31 62 1711
31 63 2942
31 64 528
31 65 1759
31 66 2990
31 67 576
31 68 1807
31 69 3038
31 70 624
31 71 1855
31 72 3086
31 73 672
31 74 1903
31 75 3134
31 76 720
31 77 1951
31 78 3182
31 79 216
32 0 1447
32 1 349
32 2 911
32 3 1026
32 4 432
32 5 297
32 6 85
32 7 154
32 8 882
32 9 276
32 10 943
32 11 341
32 12 514
32 13 700
32 14 311
32 15 562
32 16 1190
32 17 684
32 18 657
32 19 498
32 20 558
32 21 399
32 22 757
32 23 488
32 24 1745
32 25 1327
32 26 96
32 27 1327
32 28 1279
32 29 48
32 30 1279
32 31 1231
32 32 0
32 33 1231
32 34 1279
32 35 48
32 36 1279
32 37 1327
32 38 96
32 39 1327
32 40 1375
32 41 144
32 42 1375
32 43 1423
32 44 192
32 45 1423
32 46 1471
32 47 240
32 48 1471
32 49 1519
32 50 288
32 51 1519
32 52 1567
32 53 336
32 54 1567
32 55 1615
32 56 384
32 57 1615
32 58 1663
32 59 432
32 60 1663
32 61 1711
32 62 480
32 63 1711
32 64 1759
32 65 528
32 66 1759
32 67 1807
32 68 576
32 69 1807
32 70 1855
32 71 624
32 72 1855
32 73 1903
32 74 672
32 75 1903
32 76 1951
32 77 720
32 78 1951
32 79 1447
33 0 2678
33 1 1580
33 2 2142
33 3 2257
33 4 991
33 5 1528
33 6 1316
33 7 1077
33 8 349
33 9 1507
33 10 2174
33 11 1572
33 12 813
33 13 1931
33 14 1542
33 15 1793
33 16 137
33 17 1915
33 18 670
33 19 1729
33 20 1789
33 21 1630
33 22 666
33 23 839
33 24 926
33 25 2558
33 26 1327
33 27 96
33 28 2510
33 29 1279
33 30 48
33 31 2462
33 32 1231
33 33 0
33 34 2510
33 35 1279
33 36 48
33 37 2558
33 38 1327
33 39 96
33 40 2606
33 41 1375
33 42 144
33 43 2654
33 44 1423
33 45 192
33 46 2702
33 47 1471
33 48 240
33 49 2750
33 50 1519
33 51 288
33 52 2798
33 53 1567
33 54 336
33 55 2846
33 56 1615
33 57 384
33 58 2894
33 59 1663
33 60 432
33 61 2942
33 62 1711
33 63 480
33 64 2990
33 65 1759
33 66 528
33 67 3038
33 68 1807
33 69 576
33 70 3086
33 71 1855
33 72 624
33 73 3134
33 74 1903
33 75 672
33 76 3182
33 77 1951
33 78 720
33 79 2678
34 0 264
34 1 930
34 2 1136
34 3 445
34 4 1711
34 5 982
34 6 1194
34 7 1433
34 8 2161
34 9 1195
34 10 336
34 11 1034
34 12 1793
34 13 579
34 14 1160
34 15 909
34 16 2469
34 17 883
34 18 1936
34 19 1165
34 20 913
34 21 1456
34 22 1940
34 23 1767
34 24 2928
34 25 144
34 26 1375
34 27 2606
34 28 96
34 29 1327
34 30 2558
34 31 48
34 32 1279
34 33 2510
34 34 0
34 35 1231
34 36 2462
34 37 48
34 38 1279
34 39 2510
34 40 96
34 41 1327
34 42 2558
34 43 144
34 44 1375
34 45 2606
34 46 192
34 47 1423
34 48 2654
34 49 240
34 50 1471
34 51 2702
34 52 288
34 53 1519
34 54 2750
34 55 336
34 56 1567
34 57 2798
34 58 384
34 59 1615
34 60 2846
34 61 432
34 62 1663
34 63 2894
34 64 480
34 65 1711
34 66 2942
34 67 528
34 68 1759
34 69 2990
34 70 576
34 71 1807
34 72 3038
34 73 624
34 74 1855
34 75 3086
34 76 672
34 77 1903
34 78 3134
34 79 264
35 0 1495
35 1 397
35 2 863
35 3 978
35 4 480
35 5 345
35 6 37
35 7 202
35 8 930
35 9 324
35 10 895
35 11 293
35 12 562
35 13 748
35 14 263
35 15 610
35 16 1238
35 17 636
35 18 705
35 19 450
35 20 510
35 21 351
35 22 709
35 23 536
35 24 1697
35 25 1375
35 26 144
35 27 1375
35 28 1327
35 29 96
35 30 1327
35 31 1279
35 32 48
35 33 1279
35 34 1231
35 35 0
35 36 1231
35 37 1279
35 38 48
35 39 1279
35 40 1327
35 41 96
35 42 1327
35 43 1375
35 44 144
35 45 1375
35 46 1423
35 47 192
35 48 1423
35 49 1471
35 50 240
35 51 1471
35 52 1519
35 53 288
35 54 1519
35 55 1567
35 56 336
35 57 1567
35 58 1615
35 59 384
35 60 1615
35 61 1663
35 62 432
35 63 1663
35 64 1711
35 65 480
35 66 1711
35 67 1759
35 68 528
35 69 1759
35 70 1807
35 71 576
35 72 1807
35 73 1855
35 74 624
35 75 1855
35 76 1903
35 77 672
35 78 1903
35 79 1495
36 0 2726
36 1 1628
36 2 2094
36 3 2209
36 4 1039
36 5 1576
36 6 1268
36 7 1125
36 8 397
36 9 1555
36 10 2126
36 11 1524
36 12 861
36 13 1979
36 14 1494
36 15 1841
36 16 185
36 17 1867
36 18 718
36 19 1681
36 20 1741
36 21 1582
36 22 618
36 23 887
36 24 878
36 25 2606
36 26 1375
36 27 144
36 28 2558
36 29 1327
36 30 96
36 31 2510
36 32 1279
36 33 48
36 34 2462
36 35 1231
36 36 0
36 37 2510
36 38 1279
36 39 48
36 40 2558
36 41 1327
36 42 96
36 43 2606
36 44 1375
36 45 144
36 46 2654
36 47 1423
36 48 192
36 49 2702
36 50 1471
36 51 240
36 52 2750
36 53 1519
36 54 288
36 55 2798
36 56 1567
36 57 336
36 58 2846
36 59 1615
36 60 384
36 61 2894
36 62 1663
36 63 432
36 64 2942
36 65 1711
36 66 480
36 67 2990
36 68 1759
36 69 528
36 70 3038
36 71 1807
36 72 576
36 73 3086
36 74 1855
36 75 624
36 76 3134
36 77 1903
36 78 672
36 79 2726
37 0 312
37 1 978
37 2 1088
37 3 397
37 4 1759
37 5 1030
37 6 1242
37 7 1481
37 8 2209
37 9 1243
37 10 384
37 11 986
37 12 1841
37 13 627
37 14 1112
37 15 957
37 16 2517
37 17 835
37 18 1984
37 19 1117
37 20 865
37 21 1408
37 22 1892
37 23 1815
37 24 2880
37 25 192
37 26 1423
37 27 2654
37 28 144
37 29 1375
37 30 2606
37 31 96
37 32 1327
37 33 2558
37 34 48
37 35 1279
37 36 2510
37 37 0
37 38 1231
37 39 2462
37 40 48
37 41 1279
37 42 2510
37 43 96
37 44 1327
37 45 2558
37 46 144
37 47 1375
37 48 2606
37 49 192
37 50 1423
37 51 2654
37 52 240
37 53 1471
37 54 2702
37 55 288
37 56 1519
37 57 2750
37 58 336
37 59 1567
37 60 2798
37 61 384
37 62 1615
37 63 2846
37 64 432
37 65 1663
37 66 2894
37 67 480
37 68 1711
37 69 2942
37 70 528
37 71 1759
37 72 2990
37 73 576
37 74 1807
37 75 3038
37 76 624
37 77 1855
37 78 3086
37 79 312
38 0 1543
38 1 445
38 2 815
38 3 930
38 4 528
38 5 393
38 6 85
38 7 250
38 8 978
38 9 372
38 10 943
38 11 245
38 12 610
38 13 796
38 14 215
38 15 658
38 16 1286
38 17 588
38 18 753
38 19 402
38 20 462
38 21 303
38 22 661
38 23 584
38 24 1649
38 25 1423
38 26 192
38 27 1423
38 28 1375
38 29 144
38 30 1375
38 31 1327
38 32 96
38 33 1327
38 34 1279
38 35 48
38 36 1279
38 37 1231
38 38 0
38 39 1231
38 40 1279
38 41 48
38 42 1279
38 43 1327
38 44 96
38 45 1327
38 46 1375
38 47 144
38 48 1375
38 49 1423
38 50 192
38 51 1423
38 52 1471
38 53 240
38 54 1471
38 55 1519
38 56 288
38 57 1519
38 58 1567
38 59 336
38 60 1567
38 61 1615
38 62 384
38 63 1615
38 64 1663
38 65 432
38 66 1663
38 67 1711
38 68 480
38 69 1711
38 70 1759
38 71 528
38 72 1759
38 73 1807
38 74 576
38 75 1807
38 76 1855
38 77 624
38 78 1855
38 79 1543
39 0 2774
39 1 1676
39 2 2046
39 3 2161
39 4 1087
39 5 1624
39 6 1316
39 7 1173
39 8 445
39 9 1603
39 10 2174
39 11 1476
39 12 909
39 13 2027
39 14 1446
39 15 1889
39 16 233
39 17 1819
39 18 766
39 19 1633
39 20 1693
39 21 1534
39 22 570
39 23 935
39 24 830
39 25 2654
39 26 1423
39 27 192
39 28 2606
39 29 1375
39 30 144
39 31 2558
39 32 1327
39 33 96
39 34 2510
39 35 1279
39 36 48
39 37 2462
39 38 1231
39 39 0
39 40 2510
39 41 1279
39 42 48
39 43 2558
39 44 1327
39 45 96
39 46 2606
39 47 1375
39 48 144
39 49 2654
39 50 1423
39 51 192
39 52 2702
39 53 1471
39 54 240
39 55 2750
39 56 1519
39 57 288
39 58 2798
39 59 1567
39 60 336
39 61 2846
39 62 1615
39 63 384
39 64 2894
39 65 1663
39 66 432
39 67 2942
39 68 1711
39 69 480
39 70 2990
39 71 1759
39 72 528
39 73 3038
39 74 1807
39 75 576
39 76 3086
39 77 1855
39 78 624
39 79 2774
40 0 360
40 1 1026
40 2 1040
40 3 349
40 4 1807
40 5 1078
40 6 1290
40 7 1529
40 8 2257
40 9 1291
40 10 432
40 11 1034
40 12 1889
40 13 675
40 14 1064
40 15 1005
40 16 2565
40 17 787
40 18 2032
40 19 1069
40 20 817
40 21 1360
40 22 1940
40 23 1863
40 24 2832
40 25 240
40 26 1471
40 27 2702
40 28 192
40 29 1423
40 30 2654
40 31 144
40 32 1375
40 33 2606
40 34 96
40 35 1327
40 36 2558
40 37 48
40 38 1279
40 39 2510
40 40 0
40 41 1231
40 42 2462
40 43 48
40 44 1279
40 45 2510
40 46 96
40 47 1327
40 48 2558
40 49 144
40 50 1375
40 51 2606
40 52 192
40 53 1423
40 54 2654
40 55 240
40 56 1471
40 57 2702
40 58 288
40 59 1519
40 60 2750
40 61 336
40 62 1567
40 63 2798
40 64 384
40 65 1615
40 66 2846
40 67 432
40 68 1663
40 69 2894
40 70 480
40 71 1711
40 72 2942
40 73 528
40 74 1759
40 75 2990
40 76 576
40 77 1807
40 78 3038
40 79 360
41 0 1591
41 1 493
41 2 767
41 3 882
41 4 576
41 5 441
41 6 133
41 7 298
41 8 1026
41 9 420
41 10 991
41 11 293
41 12 658
41 13 844
41 14 167
41 15 706
41 16 1334
41 17 540
41 18 801
41 19 354
41 20 414
41 21 255
41 22 709
41 23 632
41 24 1601
41 25 1471
41 26 240
41 27 1471
41 28 1423
41 29 192
41 30 1423
41 31 1375
41 32 144
41 33 1375
41 34 1327
41 35 96
41 36 1327
41 37 1279
41 38 48
41 39 1279
41 40 1231
41 41 0
41 42 1231
41 43 1279
41 44 48
41 45 1279
41 46 1327
41 47 96
41 48 1327
41 49 1375
41 50 144
41 51 1375
41 52 1423
41 53 192
41 54 1423
41 55 1471
41 56 240
41 57 1471
41 58 1519
41 59 288
41 60 1519
41 61 1567
41 62 336
41 63 1567
41 64 1615
41 65 384
41 66 1615
41 67 1663
41 68 432
41 69 1663
41 70 1711
41 71 480
41 72 1711
41 73 1759
41 74 528
41 75 1759
41 76 1807
41 77 576
41 78 1807
41 79 1591
42 0 2822
42 1 1724
42 2 1998
42 3 2113
42 4 1135
42 5 1672
42 6 1364
42 7 1221
42 8 493
42 9 1651
42 10 2222
42 11 1524
42 12 957
42 13 2075
42 14 1398
42 15 1937
42 16 281
42 17 1771
42 18 814
42 19 1585
42 20 1645
42 21 1486
42 22 618
42 23 983
42 24 782
42 25 2702
42 26 1471
42 27 240
42 28 2654
42 29 1423
42 30 192
42 31 2606
42 32 1375
42 33 144
42 34 2558
42 35 1327
42 36 96
42 37 2510
42 38 1279
42 39 48
42 40 2462
42 41 1231
42 42 0
42 43 2510
42 44 1279
42 45 48
42 46 2558
42 47 1327
42 48 96
42 49 2606
42 50 1375
42 51 144
42 52 2654
42 53 1423
42 54 192
42 55 2702
42 56 1471
42 57 240
42 58 2750
42 59 1519
42 60 288
42 61 2798
42 62 1567
42 63 336
42 64 2846
42 65 1615
42 66 384
42 67 2894
42 68 1663
42 69 432
42 70 2942
42 71 1711
42 72 480
42 73 2990
42 74 1759
42 75 528
42 76 3038
42 77 1807
42 78 576
42 79 2822
43 0 408
43 1 1074
43 2 992
43 3 397
43 4 1855
43 5 1126
43 6 1338
43 7 1577
43 8 2305
43 9 1339
43 10 480
43 11 1082
43 12 1937
43 13 723
43 14 1112
43 15 1053
43 16 2613
43 17 739
43 18 2080
43 19 1021
43 20 865
43 21 1312
43 22 1988
43 23 1911
43 24 2784
43 25 288
43 26 1519
43 27 2750
43 28 240
43 29 1471
43 30 2702
43 31 192
43 32 1423
43 33 2654
43 34 144
43 35 1375
43 36 2606
43 37 96
43 38 1327
43 39 2558
43 40 48
43 41 1279
43 42 2510
43 43 0
43 44 1231
43 45 2462
43 46 48
43 47 1279
43 48 2510
43 49 96
43 50 1327
43 51 2558
43 52 144
43 53 1375
43 54 2606
43 55 192
43 56 1423
43 57 2654
43 58 240
43 59 1471
43 60 2702
43 61 288
43 62 1519
43 63 2750
43 64 336
43 65 1567
43 66 2798
43 67 384
43 68 1615
43 69 2846
43 70 432
43 71 1663
43 72 2894
43 73 480
43 74 1711
43 75 2942
43 76 528
43 77 1759
43 78 2990
43 79 408
44 0 1639
44 1 541
44 2 719
44 3 930
44 4 624
44 5 489
44 6 181
44 7 346
44 8 1074
44 9 468
44 10 1039
44 11 341
44 12 706
44 13 892
44 14 215
44 15 754
44 16 1382
44 17 492
44 18 849
44 19 306
44 20 462
44 21 207
44 22 757
44 23 680
44 24 1553
44 25 1519
44 26 288
44 27 1519
44 28 1471
44 29 240
44 30 1471
44 31 1423
44 32 192
44 33 1423
44 34 1375
44 35 144
44 36 1375
44 37 1327
44 38 96
44 39 1327
44 40 1279
44 41 48
44 42 1279
44 43 1231
44 44 0
44 45 1231
44 46 1279
44 47 48
44 48 1279
44 49 1327
44 50 96
44 51 1327
44 52 1375
44 53 144
44 54 1375
44 55 1423
44 56 192
44 57 1423
44 58 1471
44 59 240
44 60 1471
44 61 1519
44 62 288
44 63 1519
44 64 1567
44 65 336
44 66 1567
44 67 1615
44 68 384
44 69 1615
44 70 1663
44 71 432
44 72 1663
44 73 1711
44 74 480
44 75 1711
44 76 1759
44 77 528
44 78 1759
44 79 1639
45 0 2870
45 1 1772
45 2 1950
45 3 2161
45 4 1183
45 5 1720
45 6 1412
45 7 1269
45 8 541
45 9 1699
45 10 2270
45 11 1572
45 12 1005
45 13 2123
45 14 1446
45 15 1985
45 16 329
45 17 1723
45 18 862
45 19 1537
