//alpha
1
//NbLocations
48
//NbProducts
29
//NbPickers
2
//CapaPicker
4
//TimeToTravelOneDistanceUnit
3
//SetupTime
5400
//PickTime
300
//Products
//Idx Location Size
1 1 1
2 2 1
3 3 1
4 4 1
5 5 1
6 6 1
7 7 1
8 8 1
9 9 1
10 10 1
11 11 1
12 12 1
13 13 1
14 14 1
15 15 1
16 16 1
17 17 1
18 18 1
19 19 1
20 20 1
21 21 1
22 22 1
23 23 1
24 24 1
25 25 1
26 26 1
27 27 1
28 28 1
29 29 1
//Orders
//NbOrders
18
//Idx DueDate TardinessPenalty NbProdInOrder ProdIdx1 Qty1 ProdIdx2 Qty2 ...
1 72000 0 1 1 1
2 90000 0 1 2 1
3 90000 0 2 3 1 4 1
4 90000 0 4 5 1 6 1 7 1 8 1
5 72000 0 1 9 1
6 90000 0 1 10 1
7 108000 0 1 11 1
8 126000 0 1 12 1
9 72000 0 1 13 1
10 90000 0 3 14 1 15 1 16 1
11 90000 0 1 17 1
12 72000 0 1 18 1
13 54000 0 1 19 1
14 36000 0 1 20 1
15 90000 0 4 21 1 22 1 23 1 24 1
16 108000 0 1 25 1
17 54000 0 3 26 1 27 1 28 1
18 36000 0 1 29 1
//Graph (Products are vertices indexed from 1 to NbProducts)
//NbVerticesIntersections
18
//DepartingDepot
0
//ArrivalDepot
48
//Arcs
//Start End Distance
0 30 120
1 23 26
1 31 63
2 29 26
2 43 37
3 16 182
3 40 76
4 13 130
4 26 91
5 15 78
5 19 78
6 14 78
6 22 65
7 13 26
7 42 115
8 20 130
8 38 193
9 26 39
9 43 50
10 24 39
10 39 349
11 21 26
11 31 297
12 20 65
12 37 63
13 4 130
13 7 26
14 6 78
14 35 180
15 5 78
15 28 65
16 3 182
16 41 193
17 28 39
17 34 102
18 46 193
18 47 258
19 5 78
19 33 89
20 8 130
20 12 65
21 11 26
21 30 128
22 6 65
22 34 128
23 1 26
23 32 362
24 10 39
24 40 63
25 29 39
25 44 349
26 4 91
26 9 39
27 45 232
27 46 219
28 15 65
28 17 39
29 2 26
29 25 39
30 21 128
30 33 48
30 48 120
31 1 63
31 11 297
31 34 48
32 23 362
32 35 48
33 19 89
33 30 48
33 36 48
34 17 102
34 22 128
34 31 48
34 37 48
35 14 180
35 32 48
35 38 48
36 33 48
36 37 451
36 39 48
37 12 63
37 34 48
37 36 451
37 40 48
38 8 193
38 35 48
38 41 48
39 10 349
39 36 48
39 42 48
40 3 76
40 24 63
40 37 48
40 43 48
41 16 193
41 38 48
41 44 48
42 7 115
42 39 48
42 45 48
43 2 37
43 9 50
43 40 48
43 46 48
44 25 349
44 41 48
44 47 48
45 27 232
45 42 48
46 18 193
46 27 219
46 43 48
47 18 258
47 44 48
//LocStart LocEnd ShortestPath
0 0 0
0 1 634
0 2 800
0 3 791
0 4 583
0 5 335
0 6 812
0 7 427
0 8 925
0 9 713
0 10 613
0 11 274
0 12 730
0 13 453
0 14 890
0 15 413
0 16 973
0 17 517
0 18 1004
0 19 257
0 20 795
0 21 248
0 22 747
0 23 660
0 24 652
0 25 865
0 26 674
0 27 592
0 28 478
0 29 826
0 30 120
0 31 571
0 32 1022
0 33 168
0 34 619
0 35 1070
0 36 216
0 37 667
0 38 1118
0 39 264
0 40 715
0 41 1166
0 42 312
0 43 763
0 44 1214
0 45 360
0 46 811
0 47 1262
0 48 0
1 0 634
1 1 0
1 2 292
1 3 283
1 4 435
1 5 395
1 6 304
1 7 591
1 8 417
1 9 305
1 10 309
1 11 360
1 12 222
1 13 565
1 14 382
1 15 317
1 16 465
1 17 213
1 18 496
1 19 473
1 20 287
1 21 386
1 22 239
1 23 26
1 24 270
1 25 357
1 26 344
1 27 522
1 28 252
1 29 318
1 30 514
1 31 63
1 32 388
1 33 562
1 34 111
1 35 436
1 36 610
1 37 159
1 38 484
1 39 658
1 40 207
1 41 532
1 42 706
1 43 255
1 44 580
1 45 754
1 46 303
1 47 628
1 48 634
2 0 800
2 1 292
2 2 0
2 3 161
2 4 217
2 5 465
2 6 374
2 7 373
2 8 391
2 9 87
2 10 187
2 11 526
2 12 196
2 13 347
2 14 452
2 15 387
2 16 343
2 17 283
2 18 278
2 19 543
2 20 261
2 21 552
2 22 309
2 23 318
2 24 148
2 25 65
2 26 126
2 27 304
2 28 322
2 29 26
2 30 680
2 31 229
2 32 606
2 33 632
2 34 181
2 35 558
2 36 584
2 37 133
2 38 510
2 39 536
2 40 85
2 41 462
2 42 488
2 43 37
2 44 414
2 45 536
2 46 85
2 47 462
2 48 800
3 0 791
3 1 283
3 2 161
3 3 0
3 4 304
3 5 456
3 6 365
3 7 460
3 8 382
3 9 174
3 10 178
3 11 517
3 12 187
3 13 434
3 14 443
3 15 378
3 16 182
3 17 274
3 18 365
3 19 534
3 20 252
3 21 543
3 22 300
3 23 309
3 24 139
3 25 226
3 26 213
3 27 391
3 28 313
3 29 187
3 30 671
3 31 220
3 32 519
3 33 623
3 34 172
3 35 471
3 36 575
3 37 124
3 38 423
3 39 527
3 40 76
3 41 375
3 42 575
3 43 124
3 44 423
3 45 623
3 46 172
3 47 471
3 48 791
4 0 583
4 1 435
4 2 217
4 3 304
4 4 0
4 5 582
4 6 517
4 7 156
4 8 534
4 9 130
4 10 330
4 11 617
4 12 339
4 13 130
4 14 595
4 15 530
4 16 486
4 17 426
4 18 421
4 19 504
4 20 404
4 21 591
4 22 452
4 23 461
4 24 291
4 25 282
4 26 91
4 27 447
4 28 465
4 29 243
4 30 463
4 31 372
4 32 823
4 33 415
4 34 324
4 35 775
4 36 367
4 37 276
4 38 727
4 39 319
4 40 228
4 41 679
4 42 271
4 43 180
4 44 631
4 45 319
4 46 228
4 47 679
4 48 583
5 0 335
5 1 395
5 2 465
5 3 456
5 4 582
5 5 0
5 6 477
5 7 426
5 8 590
5 9 478
5 10 482
5 11 369
5 12 395
5 13 452
5 14 555
5 15 78
5 16 638
5 17 182
5 18 669
5 19 78
5 20 460
5 21 343
5 22 412
5 23 421
5 24 443
5 25 530
5 26 517
5 27 591
5 28 143
5 29 491
5 30 215
5 31 332
5 32 783
5 33 167
5 34 284
5 35 735
5 36 215
5 37 332
5 38 783
5 39 263
5 40 380
5 41 831
5 42 311
5 43 428
5 44 879
5 45 359
5 46 476
5 47 927
5 48 335
6 0 812
6 1 304
6 2 374
6 3 365
6 4 517
6 5 477
6 6 0
6 7 673
6 8 499
6 9 387
6 10 391
6 11 538
6 12 304
6 13 647
6 14 78
6 15 399
6 16 547
6 17 295
6 18 578
6 19 555
6 20 369
6 21 564
6 22 65
6 23 330
6 24 352
6 25 439
6 26 426
6 27 604
6 28 334
6 29 400
6 30 692
6 31 241
6 32 306
6 33 644
6 34 193
6 35 258
6 36 692
6 37 241
6 38 306
6 39 740
6 40 289
6 41 354
6 42 788
6 43 337
6 44 402
6 45 836
6 46 385
6 47 450
6 48 812
7 0 427
7 1 591
7 2 373
7 3 460
7 4 156
7 5 426
7 6 673
7 7 0
7 8 690
7 9 286
7 10 486
7 11 461
7 12 495
7 13 26
7 14 751
7 15 504
7 16 642
7 17 582
7 18 577
7 19 348
7 20 560
7 21 435
7 22 608
7 23 617
7 24 447
7 25 438
7 26 247
7 27 395
7 28 569
7 29 399
7 30 307
7 31 528
7 32 979
7 33 259
7 34 480
7 35 931
7 36 211
7 37 432
7 38 883
7 39 163
7 40 384
7 41 835
7 42 115
7 43 336
7 44 787
7 45 163
7 46 384
7 47 835
7 48 427
8 0 925
8 1 417
8 2 391
8 3 382
8 4 534
8 5 590
8 6 499
8 7 690
8 8 0
8 9 404
8 10 408
8 11 651
8 12 195
8 13 664
8 14 421
8 15 512
8 16 434
8 17 408
8 18 595
8 19 668
8 20 130
8 21 677
8 22 434
8 23 443
8 24 369
8 25 456
8 26 443
8 27 621
8 28 447
8 29 417
8 30 805
8 31 354
8 32 289
8 33 757
8 34 306
8 35 241
8 36 709
8 37 258
8 38 193
8 39 757
8 40 306
8 41 241
8 42 805
8 43 354
8 44 289
8 45 853
8 46 402
8 47 337
8 48 925
9 0 713
9 1 305
9 2 87
9 3 174
9 4 130
9 5 478
9 6 387
9 7 286
9 8 404
9 9 0
9 10 200
9 11 539
9 12 209
9 13 260
9 14 465
9 15 400
9 16 356
9 17 296
9 18 291
9 19 556
9 20 274
9 21 565
9 22 322
9 23 331
9 24 161
9 25 152
9 26 39
9 27 317
9 28 335
9 29 113
9 30 593
9 31 242
9 32 693
9 33 545
9 34 194
9 35 645
9 36 497
9 37 146
9 38 597
9 39 449
9 40 98
9 41 549
9 42 401
9 43 50
9 44 501
9 45 449
9 46 98
9 47 549
9 48 713
10 0 613
10 1 309
10 2 187
10 3 178
10 4 330
10 5 482
10 6 391
10 7 486
10 8 408
10 9 200
10 10 0
10 11 543
10 12 213
10 13 460
10 14 469
10 15 404
10 16 360
10 17 300
10 18 391
10 19 534
10 20 278
10 21 569
10 22 326
10 23 335
10 24 39
10 25 252
10 26 239
10 27 417
10 28 339
10 29 213
10 30 493
10 31 246
10 32 697
10 33 445
10 34 198
10 35 649
10 36 397
10 37 150
10 38 601
10 39 349
10 40 102
10 41 553
10 42 397
10 43 150
10 44 601
10 45 445
10 46 198
10 47 649
10 48 613
11 0 274
11 1 360
11 2 526
11 3 517
11 4 617
11 5 369
11 6 538
11 7 461
11 8 651
11 9 539
11 10 543
11 11 0
11 12 456
11 13 487
11 14 616
11 15 447
11 16 699
11 17 447
11 18 730
11 19 291
11 20 521
11 21 26
11 22 473
11 23 386
11 24 504
11 25 591
11 26 578
11 27 626
11 28 486
11 29 552
11 30 154
11 31 297
11 32 748
11 33 202
11 34 345
11 35 796
11 36 250
11 37 393
11 38 844
11 39 298
11 40 441
11 41 892
11 42 346
11 43 489
11 44 940
11 45 394
11 46 537
11 47 988
11 48 274
12 0 730
12 1 222
12 2 196
12 3 187
12 4 339
12 5 395
12 6 304
12 7 495
12 8 195
12 9 209
12 10 213
12 11 456
12 12 0
12 13 469
12 14 382
12 15 317
12 16 369
12 17 213
12 18 400
12 19 473
12 20 65
12 21 482
12 22 239
12 23 248
12 24 174
12 25 261
12 26 248
12 27 426
12 28 252
12 29 222
12 30 610
12 31 159
12 32 484
12 33 562
12 34 111
12 35 436
12 36 514
12 37 63
12 38 388
12 39 562
12 40 111
12 41 436
12 42 610
12 43 159
12 44 484
12 45 658
12 46 207
12 47 532
12 48 730
13 0 453
13 1 565
13 2 347
13 3 434
13 4 130
13 5 452
13 6 647
13 7 26
13 8 664
13 9 260
13 10 460
13 11 487
13 12 469
13 13 0
13 14 725
13 15 530
13 16 616
13 17 556
13 18 551
13 19 374
13 20 534
13 21 461
13 22 582
13 23 591
13 24 421
13 25 412
13 26 221
13 27 421
13 28 595
13 29 373
13 30 333
13 31 502
13 32 953
13 33 285
13 34 454
13 35 905
13 36 237
13 37 406
13 38 857
13 39 189
13 40 358
13 41 809
13 42 141
13 43 310
13 44 761
13 45 189
13 46 358
13 47 809
13 48 453
14 0 890
14 1 382
14 2 452
14 3 443
14 4 595
14 5 555
14 6 78
14 7 751
14 8 421
14 9 465
14 10 469
14 11 616
14 12 382
14 13 725
14 14 0
14 15 477
14 16 469
14 17 373
14 18 630
14 19 633
14 20 447
14 21 642
14 22 143
14 23 408
14 24 430
14 25 517
14 26 504
14 27 682
14 28 412
14 29 478
14 30 770
14 31 319
14 32 228
14 33 722
14 34 271
14 35 180
14 36 770
14 37 319
14 38 228
14 39 818
14 40 367
14 41 276
14 42 866
14 43 415
14 44 324
14 45 914
14 46 463
14 47 372
14 48 890
15 0 413
15 1 317
15 2 387
15 3 378
15 4 530
15 5 78
15 6 399
15 7 504
15 8 512
15 9 400
15 10 404
15 11 447
15 12 317
15 13 530
15 14 477
15 15 0
15 16 560
15 17 104
15 18 591
15 19 156
15 20 382
15 21 421
15 22 334
15 23 343
15 24 365
15 25 452
15 26 439
15 27 617
15 28 65
15 29 413
15 30 293
15 31 254
15 32 705
15 33 245
15 34 206
15 35 657
15 36 293
15 37 254
15 38 705
15 39 341
15 40 302
15 41 753
15 42 389
15 43 350
15 44 801
15 45 437
15 46 398
15 47 849
15 48 413
16 0 973
16 1 465
16 2 343
16 3 182
16 4 486
16 5 638
16 6 547
16 7 642
16 8 434
16 9 356
16 10 360
16 11 699
16 12 369
16 13 616
16 14 469
16 15 560
16 16 0
16 17 456
16 18 547
16 19 716
16 20 434
16 21 725
16 22 482
16 23 491
16 24 321
16 25 408
16 26 395
16 27 573
16 28 495
16 29 369
16 30 853
16 31 402
16 32 337
16 33 805
16 34 354
16 35 289
16 36 757
16 37 306
16 38 241
16 39 709
16 40 258
16 41 193
16 42 757
16 43 306
16 44 241
16 45 805
16 46 354
16 47 289
16 48 973
17 0 517
17 1 213
17 2 283
17 3 274
17 4 426
17 5 182
17 6 295
17 7 582
17 8 408
17 9 296
17 10 300
17 11 447
17 12 213
17 13 556
17 14 373
17 15 104
17 16 456
17 17 0
17 18 487
17 19 260
17 20 278
17 21 473
17 22 230
17 23 239
17 24 261
17 25 348
17 26 335
17 27 513
17 28 39
17 29 309
17 30 397
17 31 150
17 32 601
17 33 349
17 34 102
17 35 553
17 36 397
17 37 150
17 38 601
17 39 445
17 40 198
17 41 649
17 42 493
17 43 246
17 44 697
17 45 541
17 46 294
17 47 745
17 48 517
18 0 1004
18 1 496
18 2 278
18 3 365
18 4 421
18 5 669
18 6 578
18 7 577
18 8 595
18 9 291
18 10 391
18 11 730
18 12 400
18 13 551
18 14 630
18 15 591
18 16 547
18 17 487
18 18 0
18 19 747
18 20 465
18 21 756
18 22 513
18 23 522
18 24 352
18 25 343
18 26 330
18 27 412
18 28 526
18 29 304
18 30 884
18 31 433
18 32 498
18 33 836
18 34 385
18 35 450
18 36 788
18 37 337
18 38 402
18 39 740
18 40 289
18 41 354
18 42 692
18 43 241
18 44 306
18 45 644
18 46 193
18 47 258
18 48 1004
19 0 257
19 1 473
19 2 543
19 3 534
19 4 504
19 5 78
19 6 555
19 7 348
19 8 668
19 9 556
19 10 534
19 11 291
19 12 473
19 13 374
19 14 633
19 15 156
19 16 716
19 17 260
19 18 747
19 19 0
19 20 538
19 21 265
19 22 490
19 23 499
19 24 521
19 25 608
19 26 595
19 27 513
19 28 221
19 29 569
19 30 137
19 31 410
19 32 861
19 33 89
19 34 362
19 35 813
19 36 137
19 37 410
19 38 861
19 39 185
19 40 458
19 41 909
19 42 233
19 43 506
19 44 957
19 45 281
19 46 554
19 47 1005
19 48 257
20 0 795
20 1 287
20 2 261
20 3 252
20 4 404
20 5 460
20 6 369
20 7 560
20 8 130
20 9 274
20 10 278
20 11 521
20 12 65
20 13 534
20 14 447
20 15 382
20 16 434
20 17 278
20 18 465
20 19 538
20 20 0
20 21 547
20 22 304
20 23 313
20 24 239
20 25 326
20 26 313
20 27 491
20 28 317
20 29 287
20 30 675
20 31 224
20 32 419
20 33 627
20 34 176
20 35 371
20 36 579
20 37 128
20 38 323
20 39 627
20 40 176
20 41 371
20 42 675
20 43 224
20 44 419
20 45 723
20 46 272
20 47 467
20 48 795
21 0 248
21 1 386
21 2 552
21 3 543
21 4 591
21 5 343
21 6 564
21 7 435
21 8 677
21 9 565
21 10 569
21 11 26
21 12 482
21 13 461
21 14 642
21 15 421
21 16 725
21 17 473
21 18 756
21 19 265
21 20 547
21 21 0
21 22 499
21 23 412
21 24 530
21 25 617
21 26 604
21 27 600
21 28 486
21 29 578
21 30 128
21 31 323
21 32 774
21 33 176
21 34 371
21 35 822
21 36 224
21 37 419
21 38 870
21 39 272
21 40 467
21 41 918
21 42 320
21 43 515
21 44 966
21 45 368
21 46 563
21 47 1014
21 48 248
22 0 747
22 1 239
22 2 309
22 3 300
22 4 452
22 5 412
22 6 65
22 7 608
22 8 434
22 9 322
22 10 326
22 11 473
22 12 239
22 13 582
22 14 143
22 15 334
22 16 482
22 17 230
22 18 513
22 19 490
22 20 304
22 21 499
22 22 0
22 23 265
22 24 287
22 25 374
22 26 361
22 27 539
22 28 269
22 29 335
22 30 627
22 31 176
22 32 371
22 33 579
22 34 128
22 35 323
22 36 627
22 37 176
22 38 371
22 39 675
22 40 224
22 41 419
22 42 723
22 43 272
22 44 467
22 45 771
22 46 320
22 47 515
22 48 747
23 0 660
23 1 26
23 2 318
23 3 309
23 4 461
23 5 421
23 6 330
23 7 617
23 8 443
23 9 331
23 10 335
23 11 386
23 12 248
23 13 591
23 14 408
23 15 343
23 16 491
23 17 239
23 18 522
23 19 499
23 20 313
23 21 412
23 22 265
23 23 0
23 24 296
23 25 383
23 26 370
23 27 548
23 28 278
23 29 344
23 30 540
23 31 89
23 32 362
23 33 588
23 34 137
23 35 410
23 36 636
23 37 185
23 38 458
23 39 684
23 40 233
23 41 506
23 42 732
23 43 281
23 44 554
23 45 780
23 46 329
23 47 602
23 48 660
24 0 652
24 1 270
24 2 148
24 3 139
24 4 291
24 5 443
24 6 352
24 7 447
24 8 369
24 9 161
24 10 39
24 11 504
24 12 174
24 13 421
24 14 430
24 15 365
24 16 321
24 17 261
24 18 352
24 19 521
24 20 239
24 21 530
24 22 287
24 23 296
24 24 0
24 25 213
24 26 200
24 27 378
24 28 300
24 29 174
24 30 532
24 31 207
24 32 658
24 33 484
24 34 159
24 35 610
24 36 436
24 37 111
24 38 562
24 39 388
24 40 63
24 41 514
24 42 436
24 43 111
24 44 562
24 45 484
24 46 159
24 47 610
24 48 652
25 0 865
25 1 357
25 2 65
25 3 226
25 4 282
25 5 530
25 6 439
25 7 438
25 8 456
25 9 152
25 10 252
25 11 591
25 12 261
25 13 412
25 14 517
25 15 452
25 16 408
25 17 348
25 18 343
25 19 608
25 20 326
25 21 617
25 22 374
25 23 383
25 24 213
25 25 0
25 26 191
25 27 369
25 28 387
25 29 39
25 30 745
25 31 294
25 32 541
25 33 697
25 34 246
25 35 493
25 36 649
25 37 198
25 38 445
25 39 601
25 40 150
25 41 397
25 42 553
25 43 102
25 44 349
25 45 601
25 46 150
25 47 397
25 48 865
26 0 674
26 1 344
26 2 126
26 3 213
26 4 91
26 5 517
26 6 426
26 7 247
26 8 443
26 9 39
26 10 239
26 11 578
26 12 248
26 13 221
26 14 504
26 15 439
26 16 395
26 17 335
26 18 330
26 19 595
26 20 313
26 21 604
26 22 361
26 23 370
26 24 200
26 25 191
26 26 0
26 27 356
26 28 374
26 29 152
26 30 554
26 31 281
26 32 732
26 33 506
26 34 233
26 35 684
26 36 458
26 37 185
26 38 636
26 39 410
26 40 137
26 41 588
26 42 362
26 43 89
26 44 540
26 45 410
26 46 137
26 47 588
26 48 674
27 0 592
27 1 522
27 2 304
27 3 391
27 4 447
27 5 591
27 6 604
27 7 395
27 8 621
27 9 317
27 10 417
27 11 626
27 12 426
27 13 421
27 14 682
27 15 617
27 16 573
27 17 513
27 18 412
27 19 513
27 20 491
27 21 600
27 22 539
27 23 548
27 24 378
27 25 369
27 26 356
27 27 0
27 28 552
27 29 330
27 30 472
27 31 459
27 32 910
27 33 424
27 34 411
27 35 862
27 36 376
27 37 363
27 38 814
27 39 328
27 40 315
27 41 766
27 42 280
27 43 267
27 44 718
27 45 232
27 46 219
27 47 670
27 48 592
28 0 478
28 1 252
28 2 322
28 3 313
28 4 465
28 5 143
28 6 334
28 7 569
28 8 447
28 9 335
28 10 339
28 11 486
28 12 252
28 13 595
28 14 412
28 15 65
28 16 495
28 17 39
28 18 526
28 19 221
28 20 317
28 21 486
28 22 269
28 23 278
28 24 300
28 25 387
28 26 374
28 27 552
28 28 0
28 29 348
28 30 358
28 31 189
28 32 640
28 33 310
28 34 141
28 35 592
28 36 358
28 37 189
28 38 640
28 39 406
28 40 237
28 41 688
28 42 454
28 43 285
28 44 736
28 45 502
28 46 333
28 47 784
28 48 478
29 0 826
29 1 318
29 2 26
29 3 187
29 4 243
29 5 491
29 6 400
29 7 399
29 8 417
29 9 113
29 10 213
29 11 552
29 12 222
29 13 373
29 14 478
29 15 413
29 16 369
29 17 309
29 18 304
29 19 569
29 20 287
29 21 578
29 22 335
29 23 344
29 24 174
29 25 39
29 26 152
29 27 330
29 28 348
29 29 0
29 30 706
29 31 255
29 32 580
29 33 658
29 34 207
29 35 532
29 36 610
29 37 159
29 38 484
29 39 562
29 40 111
29 41 436
29 42 514
29 43 63
29 44 388
29 45 562
29 46 111
29 47 436
29 48 826
30 0 120
30 1 514
30 2 680
30 3 671
30 4 463
30 5 215
30 6 692
30 7 307
30 8 805
30 9 593
30 10 493
30 11 154
30 12 610
30 13 333
30 14 770
30 15 293
30 16 853
30 17 397
30 18 884
30 19 137
30 20 675
30 21 128
30 22 627
30 23 540
30 24 532
30 25 745
30 26 554
30 27 472
30 28 358
30 29 706
30 30 0
30 31 451
30 32 902
30 33 48
30 34 499
30 35 950
30 36 96
30 37 547
30 38 998
30 39 144
30 40 595
30 41 1046
30 42 192
30 43 643
30 44 1094
30 45 240
30 46 691
30 47 1142
30 48 120
31 0 571
31 1 63
31 2 229
31 3 220
31 4 372
31 5 332
31 6 241
31 7 528
31 8 354
31 9 242
31 10 246
31 11 297
31 12 159
31 13 502
31 14 319
31 15 254
31 16 402
31 17 150
31 18 433
31 19 410
31 20 224
31 21 323
31 22 176
31 23 89
31 24 207
31 25 294
31 26 281
31 27 459
31 28 189
31 29 255
31 30 451
31 31 0
31 32 451
31 33 499
31 34 48
31 35 499
31 36 547
31 37 96
31 38 547
31 39 595
31 40 144
31 41 595
31 42 643
31 43 192
31 44 643
31 45 691
31 46 240
31 47 691
31 48 571
32 0 1022
32 1 388
32 2 606
32 3 519
32 4 823
32 5 783
32 6 306
32 7 979
32 8 289
32 9 693
32 10 697
32 11 748
32 12 484
32 13 953
32 14 228
32 15 705
32 16 337
32 17 601
32 18 498
32 19 861
32 20 419
32 21 774
32 22 371
32 23 362
32 24 658
32 25 541
32 26 732
32 27 910
32 28 640
32 29 580
32 30 902
32 31 451
32 32 0
32 33 950
32 34 499
32 35 48
32 36 998
32 37 547
32 38 96
32 39 1046
32 40 595
32 41 144
32 42 1094
32 43 643
32 44 192
32 45 1142
32 46 691
32 47 240
32 48 1022
33 0 168
33 1 562
33 2 632
33 3 623
33 4 415
33 5 167
33 6 644
33 7 259
33 8 757
33 9 545
33 10 445
33 11 202
33 12 562
33 13 285
33 14 722
33 15 245
33 16 805
33 17 349
33 18 836
33 19 89
33 20 627
33 21 176
33 22 579
33 23 588
33 24 484
33 25 697
33 26 506
33 27 424
33 28 310
33 29 658
33 30 48
33 31 499
33 32 950
33 33 0
33 34 451
33 35 902
33 36 48
33 37 499
33 38 950
33 39 96
33 40 547
33 41 998
33 42 144
33 43 595
33 44 1046
33 45 192
33 46 643
33 47 1094
33 48 168
34 0 619
34 1 111
34 2 181
34 3 172
34 4 324
34 5 284
34 6 193
34 7 480
34 8 306
34 9 194
34 10 198
34 11 345
34 12 111
34 13 454
34 14 271
34 15 206
34 16 354
34 17 102
34 18 385
34 19 362
34 20 176
34 21 371
34 22 128
34 23 137
34 24 159
34 25 246
34 26 233
34 27 411
34 28 141
34 29 207
34 30 499
34 31 48
34 32 499
34 33 451
34 34 0
34 35 451
34 36 499
34 37 48
34 38 499
34 39 547
34 40 96
34 41 547
34 42 595
34 43 144
34 44 595
34 45 643
34 46 192
34 47 643
34 48 619
35 0 1070
35 1 436
35 2 558
35 3 471
35 4 775
35 5 735
35 6 258
35 7 931
35 8 241
35 9 645
35 10 649
35 11 796
35 12 436
35 13 905
35 14 180
35 15 657
35 16 289
35 17 553
35 18 450
35 19 813
35 20 371
35 21 822
35 22 323
35 23 410
35 24 610
35 25 493
35 26 684
35 27 862
35 28 592
35 29 532
35 30 950
35 31 499
35 32 48
35 33 902
35 34 451
35 35 0
35 36 950
35 37 499
35 38 48
35 39 998
35 40 547
35 41 96
35 42 1046
35 43 595
35 44 144
35 45 1094
35 46 643
35 47 192
35 48 1070
36 0 216
36 1 610
36 2 584
36 3 575
36 4 367
36 5 215
36 6 692
36 7 211
36 8 709
36 9 497
36 10 397
36 11 250
36 12 514
36 13 237
36 14 770
36 15 293
36 16 757
36 17 397
36 18 788
36 19 137
36 20 579
36 21 224
36 22 627
36 23 636
36 24 436
36 25 649
36 26 458
36 27 376
36 28 358
36 29 610
36 30 96
36 31 547
36 32 998
36 33 48
36 34 499
36 35 950
36 36 0
36 37 451
36 38 902
36 39 48
36 40 499
36 41 950
36 42 96
36 43 547
36 44 998
36 45 144
36 46 595
36 47 1046
36 48 216
37 0 667
37 1 159
37 2 133
37 3 124
37 4 276
37 5 332
37 6 241
37 7 432
37 8 258
37 9 146
37 10 150
37 11 393
37 12 63
37 13 406
37 14 319
37 15 254
37 16 306
37 17 150
37 18 337
37 19 410
37 20 128
37 21 419
37 22 176
37 23 185
37 24 111
37 25 198
37 26 185
37 27 363
37 28 189
37 29 159
37 30 547
37 31 96
37 32 547
37 33 499
37 34 48
37 35 499
37 36 451
37 37 0
37 38 451
37 39 499
37 40 48
37 41 499
37 42 547
37 43 96
37 44 547
37 45 595
37 46 144
37 47 595
37 48 667
38 0 1118
38 1 484
38 2 510
38 3 423
38 4 727
38 5 783
38 6 306
38 7 883
38 8 193
38 9 597
38 10 601
38 11 844
38 12 388
38 13 857
38 14 228
38 15 705
38 16 241
38 17 601
38 18 402
38 19 861
38 20 323
38 21 870
38 22 371
38 23 458
38 24 562
38 25 445
38 26 636
38 27 814
38 28 640
38 29 484
38 30 998
38 31 547
38 32 96
38 33 950
38 34 499
38 35 48
38 36 902
38 37 451
38 38 0
38 39 950
38 40 499
38 41 48
38 42 998
38 43 547
38 44 96
38 45 1046
38 46 595
38 47 144
38 48 1118
39 0 264
39 1 658
39 2 536
39 3 527
39 4 319
39 5 263
39 6 740
39 7 163
39 8 757
39 9 449
39 10 349
39 11 298
39 12 562
39 13 189
39 14 818
39 15 341
39 16 709
39 17 445
39 18 740
39 19 185
39 20 627
39 21 272
39 22 675
39 23 684
39 24 388
39 25 601
39 26 410
39 27 328
39 28 406
39 29 562
39 30 144
39 31 595
39 32 1046
39 33 96
39 34 547
39 35 998
39 36 48
39 37 499
39 38 950
39 39 0
39 40 451
39 41 902
39 42 48
39 43 499
39 44 950
39 45 96
39 46 547
39 47 998
39 48 264
40 0 715
40 1 207
40 2 85
40 3 76
40 4 228
40 5 380
40 6 289
40 7 384
40 8 306
40 9 98
40 10 102
40 11 441
40 12 111
40 13 358
40 14 367
40 15 302
40 16 258
40 17 198
40 18 289
40 19 458
40 20 176
40 21 467
40 22 224
40 23 233
40 24 63
40 25 150
40 26 137
40 27 315
40 28 237
40 29 111
40 30 595
40 31 144
40 32 595
40 33 547
40 34 96
40 35 547
40 36 499
40 37 48
40 38 499
40 39 451
40 40 0
40 41 451
40 42 499
40 43 48
40 44 499
40 45 547
40 46 96
40 47 547
40 48 715
41 0 1166
41 1 532
41 2 462
41 3 375
41 4 679
41 5 831
41 6 354
41 7 835
41 8 241
41 9 549
41 10 553
41 11 892
41 12 436
41 13 809
41 14 276
41 15 753
41 16 193
41 17 649
41 18 354
41 19 909
41 20 371
41 21 918
41 22 419
41 23 506
41 24 514
41 25 397
41 26 588
41 27 766
41 28 688
41 29 436
41 30 1046
41 31 595
41 32 144
41 33 998
41 34 547
41 35 96
41 36 950
41 37 499
41 38 48
41 39 902
41 40 451
41 41 0
41 42 950
41 43 499
41 44 48
41 45 998
41 46 547
41 47 96
41 48 1166
42 0 312
42 1 706
42 2 488
42 3 575
42 4 271
42 5 311
42 6 788
42 7 115
42 8 805
42 9 401
42 10 397
42 11 346
42 12 610
42 13 141
42 14 866
42 15 389
42 16 757
42 17 493
42 18 692
42 19 233
42 20 675
42 21 320
42 22 723
42 23 732
42 24 436
42 25 553
42 26 362
42 27 280
42 28 454
42 29 514
42 30 192
42 31 643
42 32 1094
42 33 144
42 34 595
42 35 1046
42 36 96
42 37 547
42 38 998
42 39 48
42 40 499
42 41 950
42 42 0
42 43 451
42 44 902
42 45 48
42 46 499
42 47 950
42 48 312
43 0 763
43 1 255
43 2 37
43 3 124
43 4 180
43 5 428
43 6 337
43 7 336
43 8 354
43 9 50
43 10 150
43 11 489
43 12 159
43 13 310
43 14 415
43 15 350
43 16 306
43 17 246
43 18 241
43 19 506
43 20 224
43 21 515
43 22 272
43 23 281
43 24 111
43 25 102
43 26 89
43 27 267
43 28 285
43 29 63
43 30 643
43 31 192
43 32 643
43 33 595
43 34 144
43 35 595
43 36 547
43 37 96
43 38 547
43 39 499
43 40 48
43 41 499
43 42 451
43 43 0
43 44 451
43 45 499
43 46 48
43 47 499
43 48 763
44 0 1214
44 1 580
44 2 414
44 3 423
44 4 631
44 5 879
44 6 402
44 7 787
44 8 289
44 9 501
44 10 601
44 11 940
44 12 484
44 13 761
44 14 324
44 15 801
44 16 241
44 17 697
44 18 306
44 19 957
44 20 419
44 21 966
44 22 467
44 23 554
44 24 562
44 25 349
44 26 540
44 27 718
44 28 736
44 29 388
44 30 1094
44 31 643
44 32 192
44 33 1046
44 34 595
44 35 144
44 36 998
44 37 547
44 38 96
44 39 950
44 40 499
44 41 48
44 42 902
44 43 451
44 44 0
44 45 950
44 46 499
44 47 48
44 48 1214
45 0 360
45 1 754
45 2 536
45 3 623
45 4 319
45 5 359
45 6 836
45 7 163
45 8 853
45 9 449
45 10 445
45 11 394
45 12 658
45 13 189
45 14 914
45 15 437
45 16 805
45 17 541
45 18 644
45 19 281
45 20 723
45 21 368
45 22 771
45 23 780
45 24 484
45 25 601
45 26 410
45 27 232
45 28 502
45 29 562
45 30 240
45 31 691
45 32 1142
45 33 192
45 34 643
45 35 1094
45 36 144
45 37 595
45 38 1046
45 39 96
45 40 547
45 41 998
45 42 48
45 43 499
45 44 950
45 45 0
45 46 451
45 47 902
45 48 360
46 0 811
46 1 303
46 2 85
46 3 172
46 4 228
46 5 476
46 6 385
46 7 384
46 8 402
46 9 98
46 10 198
46 11 537
46 12 207
46 13 358
46 14 463
46 15 398
46 16 354
46 17 294
46 18 193
46 19 554
46 20 272
46 21 563
46 22 320
46 23 329
46 24 159
46 25 150
46 26 137
46 27 219
46 28 333
46 29 111
46 30 691
46 31 240
46 32 691
46 33 643
46 34 192
46 35 643
46 36 595
46 37 144
46 38 595
46 39 547
46 40 96
46 41 547
46 42 499
46 43 48
46 44 499
46 45 451
46 46 0
46 47 451
46 48 811
47 0 1262
47 1 628
47 2 462
47 3 471
47 4 679
47 5 927
47 6 450
47 7 835
47 8 337
47 9 549
47 10 649
47 11 988
47 12 532
47 13 809
47 14 372
47 15 849
47 16 289
47 17 745
47 18 258
47 19 1005
47 20 467
47 21 1014
47 22 515
47 23 602
47 24 610
47 25 397
47 26 588
47 27 670
47 28 784
47 29 436
47 30 1142
47 31 691
47 32 240
47 33 1094
47 34 643
47 35 192
47 36 1046
47 37 595
47 38 144
47 39 998
47 40 547
47 41 96
47 42 950
47 43 499
47 44 48
47 45 902
47 46 451
47 47 0
47 48 1262
48 0 0
48 1 634
48 2 800
48 3 791
48 4 583
48 5 335
48 6 812
48 7 427
48 8 925
48 9 713
48 10 613
48 11 274
48 12 730
48 13 453
48 14 890
48 15 413
48 16 973
48 17 517
48 18 1004
48 19 257
48 20 795
48 21 248
48 22 747
48 23 660
48 24 652
48 25 865
48 26 674
48 27 592
48 28 478
48 29 826
48 30 120
48 31 571
48 32 1022
48 33 168
48 34 619
48 35 1070
48 36 216
48 37 667
48 38 1118
48 39 264
48 40 715
48 41 1166
48 42 312
48 43 763
48 44 1214
48 45 360
48 46 811
48 47 1262
48 48 0
//Location coordinates LocationName
//Loc x y
0 0.0 0.0 "depot"
1 0.0 634.0 "product aisle 0 bloc 1 rank 5"
2 192.0 608.0 "product aisle 4 bloc 1 rank 2"
3 144.0 647.0 "product aisle 3 bloc 1 rank 7"
4 192.0 391.0 "product aisle 4 bloc 0 rank 37"
5 48.0 287.0 "product aisle 1 bloc 0 rank 21"
6 48.0 764.0 "product aisle 1 bloc 1 rank 25"
7 192.0 235.0 "product aisle 4 bloc 0 rank 14"
8 96.0 829.0 "product aisle 2 bloc 1 rank 35"
9 192.0 521.0 "product aisle 4 bloc 0 rank 58"
10 144.0 469.0 "product aisle 3 bloc 0 rank 50"
11 0.0 274.0 "product aisle 0 bloc 0 rank 19"
12 96.0 634.0 "product aisle 2 bloc 1 rank 6"
13 192.0 261.0 "product aisle 4 bloc 0 rank 17"
14 48.0 842.0 "product aisle 1 bloc 1 rank 37"
15 48.0 365.0 "product aisle 1 bloc 0 rank 33"
16 144.0 829.0 "product aisle 3 bloc 1 rank 35"
17 48.0 469.0 "product aisle 1 bloc 0 rank 50"
18 240.0 764.0 "product aisle 5 bloc 1 rank 26"
19 48.0 209.0 "product aisle 1 bloc 0 rank 9"
20 96.0 699.0 "product aisle 2 bloc 1 rank 16"
21 0.0 248.0 "product aisle 0 bloc 0 rank 15"
22 48.0 699.0 "product aisle 1 bloc 1 rank 16"
23 0.0 660.0 "product aisle 0 bloc 1 rank 10"
24 144.0 508.0 "product aisle 3 bloc 0 rank 56"
25 192.0 673.0 "product aisle 4 bloc 1 rank 12"
26 192.0 482.0 "product aisle 4 bloc 0 rank 52"
27 240.0 352.0 "product aisle 5 bloc 0 rank 31"
28 48.0 430.0 "product aisle 1 bloc 0 rank 44"
29 192.0 634.0 "product aisle 4 bloc 1 rank 5"
30 24.0 120.0 "intersection aisle 0 bloc 0 rank 0"
31 24.0 571.0 "intersection aisle 0 bloc 1 rank 1"
32 24.0 1022.0 "intersection aisle 0 bloc 2 rank 2"
33 72.0 120.0 "intersection aisle 1 bloc 0 rank 0"
34 72.0 571.0 "intersection aisle 1 bloc 1 rank 1"
35 72.0 1022.0 "intersection aisle 1 bloc 2 rank 2"
36 120.0 120.0 "intersection aisle 2 bloc 0 rank 0"
37 120.0 571.0 "intersection aisle 2 bloc 1 rank 1"
38 120.0 1022.0 "intersection aisle 2 bloc 2 rank 2"
39 168.0 120.0 "intersection aisle 3 bloc 0 rank 0"
40 168.0 571.0 "intersection aisle 3 bloc 1 rank 1"
41 168.0 1022.0 "intersection aisle 3 bloc 2 rank 2"
42 216.0 120.0 "intersection aisle 4 bloc 0 rank 0"
43 216.0 571.0 "intersection aisle 4 bloc 1 rank 1"
44 216.0 1022.0 "intersection aisle 4 bloc 2 rank 2"
45 264.0 120.0 "intersection aisle 5 bloc 0 rank 0"
46 264.0 571.0 "intersection aisle 5 bloc 1 rank 1"
47 264.0 1022.0 "intersection aisle 5 bloc 2 rank 2"
48 0.0 0.0 "depot"
