//alpha
1
//NbLocations
62
//NbProducts
25
//NbPickers
2
//CapaPicker
8
//TimeToTravelOneDistanceUnit
3
//SetupTime
5400
//PickTime
300
//Products
//Idx Location Size
1 1 1
2 2 1
3 3 1
4 4 1
5 5 1
6 6 1
7 7 1
8 8 1
9 9 1
10 10 1
11 11 1
12 12 1
13 13 1
14 14 1
15 15 1
16 16 1
17 17 1
18 18 1
19 19 1
20 20 1
21 21 1
22 22 1
23 23 1
24 24 1
25 25 1
//Orders
//NbOrders
6
//Idx DueDate TardinessPenalty NbProdInOrder ProdIdx1 Qty1 ProdIdx2 Qty2 ...
1 72000 0 4 1 1 2 1 3 1 4 1
2 72000 0 4 5 1 6 1 7 1 8 1
3 54000 0 1 9 1
4 36000 0 1 10 1
5 54000 0 8 11 1 12 1 13 1 14 1 15 1 16 1 17 1 18 1
6 54000 0 7 19 1 20 1 21 1 22 1 23 1 24 1 25 1
//Graph (Products are vertices indexed from 1 to NbProducts)
//NbVerticesIntersections
36
//DepartingDepot
0
//ArrivalDepot
62
//Arcs
//Start End Distance
0 26 120
1 4 195
1 27 180
2 15 455
2 46 115
3 21 364
3 22 247
4 1 195
4 10 26
5 16 234
5 43 375
6 48 427
6 49 414
7 25 39
7 44 518
8 14 78
8 24 143
9 57 180
9 58 661
10 4 26
10 26 440
11 35 427
11 36 414
12 24 13
12 39 557
13 53 440
13 54 401
14 8 78
14 38 50
15 2 455
15 45 271
16 5 234
16 42 232
17 56 492
17 57 349
18 25 234
18 45 50
19 41 115
19 42 726
20 47 375
20 48 466
21 3 364
21 51 115
22 3 247
22 52 115
23 33 401
23 34 440
24 8 143
24 12 13
25 7 39
25 18 234
26 10 440
26 29 48
26 62 120
27 1 180
27 28 841
27 30 48
28 27 841
28 31 48
29 26 48
29 30 841
29 32 48
30 27 48
30 29 841
30 31 841
30 33 48
31 28 48
31 30 841
31 34 48
32 29 48
32 33 841
32 35 48
33 23 401
33 30 48
33 32 841
33 36 48
34 23 440
34 31 48
34 37 48
35 11 427
35 32 48
35 38 48
36 11 414
36 33 48
36 37 841
36 39 48
37 34 48
37 36 841
37 40 48
38 14 50
38 35 48
38 41 48
39 12 557
39 36 48
39 40 841
39 42 48
40 37 48
40 39 841
40 43 48
41 19 115
41 38 48
41 44 48
42 16 232
42 19 726
42 39 48
42 45 48
43 5 375
43 40 48
43 46 48
44 7 518
44 41 48
44 47 48
45 15 271
45 18 50
45 42 48
45 48 48
46 2 115
46 43 48
46 49 48
47 20 375
47 44 48
47 50 48
48 6 427
48 20 466
48 45 48
48 51 48
49 6 414
49 46 48
49 52 48
50 47 48
50 51 841
50 53 48
51 21 115
51 48 48
51 50 841
51 54 48
52 22 115
52 49 48
52 55 48
53 13 440
53 50 48
53 56 48
54 13 401
54 51 48
54 55 841
54 57 48
55 52 48
55 54 841
55 58 48
56 17 492
56 53 48
56 59 48
57 9 180
57 17 349
57 54 48
57 60 48
58 9 661
58 55 48
58 61 48
59 56 48
59 60 841
60 57 48
60 59 841
60 61 841
61 58 48
61 60 841
//LocStart LocEnd ShortestPath
0 0 0
0 1 781
0 2 1975
0 3 1824
0 4 586
0 5 1667
0 6 1724
0 7 926
0 8 440
0 9 1621
0 10 560
0 11 691
0 12 596
0 13 992
0 14 362
0 15 1520
0 16 1433
0 17 1092
0 18 1199
0 19 475
0 20 831
0 21 1460
0 22 2071
0 23 1458
0 24 583
0 25 965
0 26 120
0 27 961
0 28 1802
0 29 168
0 30 1009
0 31 1850
0 32 216
0 33 1057
0 34 1898
0 35 264
0 36 1105
0 37 1946
0 38 312
0 39 1153
0 40 1994
0 41 360
0 42 1201
0 43 2042
0 44 408
0 45 1249
0 46 2090
0 47 456
0 48 1297
0 49 2138
0 50 504
0 51 1345
0 52 2186
0 53 552
0 54 1393
0 55 2234
0 56 600
0 57 1441
0 58 2282
0 59 648
0 60 1489
0 61 2330
0 62 0
1 0 781
1 1 0
1 2 1194
1 3 1043
1 4 195
1 5 886
1 6 943
1 7 791
1 8 981
1 9 840
1 10 221
1 11 738
1 12 929
1 13 1013
1 14 903
1 15 739
1 16 652
1 17 1009
1 18 518
1 19 1016
1 20 982
1 21 679
1 22 1290
1 23 677
1 24 942
1 25 752
1 26 661
1 27 180
1 28 1021
1 29 709
1 30 228
1 31 1069
1 32 757
1 33 276
1 34 1117
1 35 805
1 36 324
1 37 1165
1 38 853
1 39 372
1 40 1213
1 41 901
1 42 420
1 43 1261
1 44 949
1 45 468
1 46 1309
1 47 997
1 48 516
1 49 1357
1 50 1045
1 51 564
1 52 1405
1 53 1093
1 54 612
1 55 1453
1 56 1141
1 57 660
1 58 1501
1 59 1189
1 60 708
1 61 1549
1 62 781
2 0 1975
2 1 1194
2 2 0
2 3 573
2 4 1389
2 5 538
2 6 577
2 7 1049
2 8 1535
2 9 968
2 10 1415
2 11 1284
2 12 1379
2 13 1271
2 14 1613
2 15 455
2 16 772
2 17 1267
2 18 776
2 19 1500
2 20 1240
2 21 937
2 22 326
2 23 747
2 24 1392
2 25 1010
2 26 1855
2 27 1014
2 28 403
2 29 1807
2 30 966
2 31 355
2 32 1759
2 33 918
2 34 307
2 35 1711
2 36 870
2 37 259
2 38 1663
2 39 822
2 40 211
2 41 1615
2 42 774
2 43 163
2 44 1567
2 45 726
2 46 115
2 47 1615
2 48 774
2 49 163
2 50 1663
2 51 822
2 52 211
2 53 1711
2 54 870
2 55 259
2 56 1759
2 57 918
2 58 307
2 59 1807
2 60 966
2 61 355
2 62 1975
3 0 1824
3 1 1043
3 2 573
3 3 0
3 4 1238
3 5 881
3 6 824
3 7 898
3 8 1384
3 9 755
3 10 1264
3 11 1133
3 12 1228
3 13 928
3 14 1462
3 15 846
3 16 855
3 17 924
3 18 625
3 19 1349
3 20 993
3 21 364
3 22 247
3 23 1090
3 24 1241
3 25 859
3 26 1704
3 27 863
3 28 746
3 29 1656
3 30 815
3 31 698
3 32 1608
3 33 767
3 34 650
3 35 1560
3 36 719
3 37 602
3 38 1512
3 39 671
3 40 554
3 41 1464
3 42 623
3 43 506
3 44 1416
3 45 575
3 46 458
3 47 1368
3 48 527
3 49 410
3 50 1320
3 51 479
3 52 362
3 53 1368
3 54 527
3 55 410
3 56 1416
3 57 575
3 58 458
3 59 1464
3 60 623
3 61 506
3 62 1824
4 0 586
4 1 195
4 2 1389
4 3 1238
4 4 0
4 5 1081
4 6 1138
4 7 986
4 8 786
4 9 1035
4 10 26
4 11 933
4 12 942
4 13 1208
4 14 708
4 15 934
4 16 847
4 17 1204
4 18 713
4 19 821
4 20 1177
4 21 874
4 22 1485
4 23 872
4 24 929
4 25 947
4 26 466
4 27 375
4 28 1216
4 29 514
4 30 423
4 31 1264
4 32 562
4 33 471
4 34 1312
4 35 610
4 36 519
4 37 1360
4 38 658
4 39 567
4 40 1408
4 41 706
4 42 615
4 43 1456
4 44 754
4 45 663
4 46 1504
4 47 802
4 48 711
4 49 1552
4 50 850
4 51 759
4 52 1600
4 53 898
4 54 807
4 55 1648
4 56 946
4 57 855
4 58 1696
4 59 994
4 60 903
4 61 1744
4 62 586
5 0 1667
5 1 886
5 2 538
5 3 881
5 4 1081
5 5 0
5 6 885
5 7 837
5 8 1227
5 9 886
5 10 1107
5 11 976
5 12 1071
5 13 1059
5 14 1305
5 15 785
5 16 234
5 17 1055
5 18 564
5 19 1192
5 20 1028
5 21 725
5 22 634
5 23 959
5 24 1084
5 25 798
5 26 1547
5 27 706
5 28 615
5 29 1499
5 30 658
5 31 567
5 32 1451
5 33 610
5 34 519
5 35 1403
5 36 562
5 37 471
5 38 1355
5 39 514
5 40 423
5 41 1307
5 42 466
5 43 375
5 44 1355
5 45 514
5 46 423
5 47 1403
5 48 562
5 49 471
5 50 1451
5 51 610
5 52 519
5 53 1499
5 54 658
5 55 567
5 56 1547
5 57 706
5 58 615
5 59 1595
5 60 754
5 61 663
5 62 1667
6 0 1724
6 1 943
6 2 577
6 3 824
6 4 1138
6 5 885
6 6 0
6 7 798
6 8 1284
6 9 751
6 10 1164
6 11 1033
6 12 1128
6 13 924
6 14 1362
6 15 746
6 16 755
6 17 920
6 18 525
6 19 1249
6 20 893
6 21 590
6 22 577
6 23 1068
6 24 1141
6 25 759
6 26 1604
6 27 763
6 28 750
6 29 1556
6 30 715
6 31 702
6 32 1508
6 33 667
6 34 654
6 35 1460
6 36 619
6 37 606
6 38 1412
6 39 571
6 40 558
6 41 1364
6 42 523
6 43 510
6 44 1316
6 45 475
6 46 462
6 47 1268
6 48 427
6 49 414
6 50 1316
6 51 475
6 52 462
6 53 1364
6 54 523
6 55 510
6 56 1412
6 57 571
6 58 558
6 59 1460
6 60 619
6 61 606
6 62 1724
7 0 926
7 1 791
7 2 1049
7 3 898
7 4 986
7 5 837
7 6 798
7 7 0
7 8 742
7 9 695
7 10 1012
7 11 881
7 12 898
7 13 868
7 14 664
7 15 594
7 16 603
7 17 864
7 18 273
7 19 681
7 20 837
7 21 534
7 22 1145
7 23 916
7 24 885
7 25 39
7 26 806
7 27 611
7 28 1452
7 29 758
7 30 563
7 31 1404
7 32 710
7 33 515
7 34 1356
7 35 662
7 36 467
7 37 1308
7 38 614
7 39 419
7 40 1260
7 41 566
7 42 371
7 43 1212
7 44 518
7 45 323
7 46 1164
7 47 566
7 48 371
7 49 1212
7 50 614
7 51 419
7 52 1260
7 53 662
7 54 467
7 55 1308
7 56 710
7 57 515
7 58 1356
7 59 758
7 60 563
7 61 1404
7 62 926
8 0 440
8 1 981
8 2 1535
8 3 1384
8 4 786
8 5 1227
8 6 1284
8 7 742
8 8 0
8 9 1181
8 10 760
8 11 603
8 12 156
8 13 808
8 14 78
8 15 1080
8 16 993
8 17 908
8 18 859
8 19 291
8 20 647
8 21 1020
8 22 1631
8 23 1210
8 24 143
8 25 781
8 26 320
8 27 905
8 28 1746
8 29 272
8 30 857
8 31 1698
8 32 224
8 33 809
8 34 1650
8 35 176
8 36 761
8 37 1602
8 38 128
8 39 713
8 40 1554
8 41 176
8 42 761
8 43 1602
8 44 224
8 45 809
8 46 1650
8 47 272
8 48 857
8 49 1698
8 50 320
8 51 905
8 52 1746
8 53 368
8 54 953
8 55 1794
8 56 416
8 57 1001
8 58 1842
8 59 464
8 60 1049
8 61 1890
8 62 440
9 0 1621
9 1 840
9 2 968
9 3 755
9 4 1035
9 5 886
9 6 751
9 7 695
9 8 1181
9 9 0
9 10 1061
9 11 930
9 12 1025
9 13 629
9 14 1259
9 15 643
9 16 652
9 17 529
9 18 422
9 19 1146
9 20 790
9 21 391
9 22 872
9 23 965
9 24 1038
9 25 656
9 26 1501
9 27 660
9 28 1141
9 29 1453
9 30 612
9 31 1093
9 32 1405
9 33 564
9 34 1045
9 35 1357
9 36 516
9 37 997
9 38 1309
9 39 468
9 40 949
9 41 1261
9 42 420
9 43 901
9 44 1213
9 45 372
9 46 853
9 47 1165
9 48 324
9 49 805
9 50 1117
9 51 276
9 52 757
9 53 1069
9 54 228
9 55 709
9 56 1021
9 57 180
9 58 661
9 59 1069
9 60 228
9 61 709
9 62 1621
10 0 560
10 1 221
10 2 1415
10 3 1264
10 4 26
10 5 1107
10 6 1164
10 7 1012
10 8 760
10 9 1061
10 10 0
10 11 959
10 12 916
10 13 1234
10 14 682
10 15 960
10 16 873
10 17 1230
10 18 739
10 19 795
10 20 1151
10 21 900
10 22 1511
10 23 898
10 24 903
10 25 973
10 26 440
10 27 401
10 28 1242
10 29 488
10 30 449
10 31 1290
10 32 536
10 33 497
10 34 1338
10 35 584
10 36 545
10 37 1386
10 38 632
10 39 593
10 40 1434
10 41 680
10 42 641
10 43 1482
10 44 728
10 45 689
10 46 1530
10 47 776
10 48 737
10 49 1578
10 50 824
10 51 785
10 52 1626
10 53 872
10 54 833
10 55 1674
10 56 920
10 57 881
10 58 1722
10 59 968
10 60 929
10 61 1770
10 62 560
11 0 691
11 1 738
11 2 1284
11 3 1133
11 4 933
11 5 976
11 6 1033
11 7 881
11 8 603
11 9 930
11 10 959
11 11 0
11 12 759
11 13 1103
11 14 525
11 15 829
11 16 742
11 17 1099
11 18 608
11 19 638
11 20 994
11 21 769
11 22 1380
11 23 863
11 24 746
11 25 842
11 26 571
11 27 558
11 28 1399
11 29 523
11 30 510
11 31 1351
11 32 475
11 33 462
11 34 1303
11 35 427
11 36 414
11 37 1255
11 38 475
11 39 462
11 40 1303
11 41 523
11 42 510
11 43 1351
11 44 571
11 45 558
11 46 1399
11 47 619
11 48 606
11 49 1447
11 50 667
11 51 654
11 52 1495
11 53 715
11 54 702
11 55 1543
11 56 763
11 57 750
11 58 1591
11 59 811
11 60 798
11 61 1639
11 62 691
12 0 596
12 1 929
12 2 1379
12 3 1228
12 4 942
12 5 1071
12 6 1128
12 7 898
12 8 156
12 9 1025
12 10 916
12 11 759
12 12 0
12 13 964
12 14 234
12 15 924
12 16 837
12 17 1064
12 18 703
12 19 447
12 20 803
12 21 864
12 22 1475
12 23 1054
12 24 13
12 25 937
12 26 476
12 27 749
12 28 1590
12 29 428
12 30 701
12 31 1542
12 32 380
12 33 653
12 34 1494
12 35 332
12 36 605
12 37 1446
12 38 284
12 39 557
12 40 1398
12 41 332
12 42 605
12 43 1446
12 44 380
12 45 653
12 46 1494
12 47 428
12 48 701
12 49 1542
12 50 476
12 51 749
12 52 1590
12 53 524
12 54 797
12 55 1638
12 56 572
12 57 845
12 58 1686
12 59 620
12 60 893
12 61 1734
12 62 596
13 0 992
13 1 1013
13 2 1271
13 3 928
13 4 1208
13 5 1059
13 6 924
13 7 868
13 8 808
13 9 629
13 10 1234
13 11 1103
13 12 964
13 13 0
13 14 730
13 15 816
13 16 825
13 17 798
13 18 595
13 19 747
13 20 911
13 21 564
13 22 1175
13 23 1138
13 24 951
13 25 829
13 26 872
13 27 833
13 28 1674
13 29 824
13 30 785
13 31 1626
13 32 776
13 33 737
13 34 1578
13 35 728
13 36 689
13 37 1530
13 38 680
13 39 641
13 40 1482
13 41 632
13 42 593
13 43 1434
13 44 584
13 45 545
13 46 1386
13 47 536
13 48 497
13 49 1338
13 50 488
13 51 449
13 52 1290
13 53 440
13 54 401
13 55 1242
13 56 488
13 57 449
13 58 1290
13 59 536
13 60 497
13 61 1338
13 62 992
14 0 362
14 1 903
14 2 1613
14 3 1462
14 4 708
14 5 1305
14 6 1362
14 7 664
14 8 78
14 9 1259
14 10 682
14 11 525
14 12 234
14 13 730
14 14 0
14 15 1158
14 16 1071
14 17 830
14 18 937
14 19 213
14 20 569
14 21 1098
14 22 1709
14 23 1288
14 24 221
14 25 703
14 26 242
14 27 983
14 28 1824
14 29 194
14 30 935
14 31 1776
14 32 146
14 33 887
14 34 1728
14 35 98
14 36 839
14 37 1680
14 38 50
14 39 791
14 40 1632
14 41 98
14 42 839
14 43 1680
14 44 146
14 45 887
14 46 1728
14 47 194
14 48 935
14 49 1776
14 50 242
14 51 983
14 52 1824
14 53 290
14 54 1031
14 55 1872
14 56 338
14 57 1079
14 58 1920
14 59 386
14 60 1127
14 61 1968
14 62 362
15 0 1520
15 1 739
15 2 455
15 3 846
15 4 934
15 5 785
15 6 746
15 7 594
15 8 1080
15 9 643
15 10 960
15 11 829
15 12 924
15 13 816
15 14 1158
15 15 0
15 16 551
15 17 812
15 18 321
15 19 1045
15 20 785
15 21 482
15 22 781
15 23 864
15 24 937
15 25 555
15 26 1400
15 27 559
15 28 858
15 29 1352
15 30 511
15 31 810
15 32 1304
15 33 463
15 34 762
15 35 1256
15 36 415
15 37 714
15 38 1208
15 39 367
15 40 666
15 41 1160
15 42 319
15 43 618
15 44 1112
15 45 271
15 46 570
15 47 1160
15 48 319
15 49 618
15 50 1208
15 51 367
15 52 666
15 53 1256
15 54 415
15 55 714
15 56 1304
15 57 463
15 58 762
15 59 1352
15 60 511
15 61 810
15 62 1520
16 0 1433
16 1 652
16 2 772
16 3 855
16 4 847
16 5 234
16 6 755
16 7 603
16 8 993
16 9 652
16 10 873
16 11 742
16 12 837
16 13 825
16 14 1071
16 15 551
16 16 0
16 17 821
16 18 330
16 19 958
16 20 794
16 21 491
16 22 868
16 23 777
16 24 850
16 25 564
16 26 1313
16 27 472
16 28 849
16 29 1265
16 30 424
16 31 801
16 32 1217
16 33 376
16 34 753
16 35 1169
16 36 328
16 37 705
16 38 1121
16 39 280
16 40 657
16 41 1073
16 42 232
16 43 609
16 44 1121
16 45 280
16 46 657
16 47 1169
16 48 328
16 49 705
16 50 1217
16 51 376
16 52 753
16 53 1265
16 54 424
16 55 801
16 56 1313
16 57 472
16 58 849
16 59 1361
16 60 520
16 61 897
16 62 1433
17 0 1092
17 1 1009
17 2 1267
17 3 924
17 4 1204
17 5 1055
17 6 920
17 7 864
17 8 908
17 9 529
17 10 1230
17 11 1099
17 12 1064
17 13 798
17 14 830
17 15 812
17 16 821
17 17 0
17 18 591
17 19 847
17 20 959
17 21 560
17 22 1171
17 23 1134
17 24 1051
17 25 825
17 26 972
17 27 829
17 28 1670
17 29 924
17 30 781
17 31 1622
17 32 876
17 33 733
17 34 1574
17 35 828
17 36 685
17 37 1526
17 38 780
17 39 637
17 40 1478
17 41 732
17 42 589
17 43 1430
17 44 684
17 45 541
17 46 1382
17 47 636
17 48 493
17 49 1334
17 50 588
17 51 445
17 52 1286
17 53 540
17 54 397
17 55 1238
17 56 492
17 57 349
17 58 1190
17 59 540
17 60 397
17 61 1238
17 62 1092
18 0 1199
18 1 518
18 2 776
18 3 625
18 4 713
18 5 564
18 6 525
18 7 273
18 8 859
18 9 422
18 10 739
18 11 608
18 12 703
18 13 595
18 14 937
18 15 321
18 16 330
18 17 591
18 18 0
18 19 824
18 20 564
18 21 261
18 22 872
18 23 643
18 24 716
18 25 234
18 26 1079
18 27 338
18 28 1179
18 29 1031
18 30 290
18 31 1131
18 32 983
18 33 242
18 34 1083
18 35 935
18 36 194
18 37 1035
18 38 887
18 39 146
18 40 987
18 41 839
18 42 98
18 43 939
18 44 791
18 45 50
18 46 891
18 47 839
18 48 98
18 49 939
18 50 887
18 51 146
18 52 987
18 53 935
18 54 194
18 55 1035
18 56 983
18 57 242
18 58 1083
18 59 1031
18 60 290
18 61 1131
18 62 1199
19 0 475
19 1 1016
19 2 1500
19 3 1349
19 4 821
19 5 1192
19 6 1249
19 7 681
19 8 291
19 9 1146
19 10 795
19 11 638
19 12 447
19 13 747
19 14 213
19 15 1045
19 16 958
19 17 847
19 18 824
19 19 0
19 20 586
19 21 985
19 22 1596
19 23 1271
19 24 434
19 25 720
19 26 355
19 27 966
19 28 1807
19 29 307
19 30 918
19 31 1759
19 32 259
19 33 870
19 34 1711
19 35 211
19 36 822
19 37 1663
19 38 163
19 39 774
19 40 1615
19 41 115
19 42 726
19 43 1567
19 44 163
19 45 774
19 46 1615
19 47 211
19 48 822
19 49 1663
19 50 259
19 51 870
19 52 1711
19 53 307
19 54 918
19 55 1759
19 56 355
19 57 966
19 58 1807
19 59 403
19 60 1014
19 61 1855
19 62 475
20 0 831
20 1 982
20 2 1240
20 3 993
20 4 1177
20 5 1028
20 6 893
20 7 837
20 8 647
20 9 790
20 10 1151
20 11 994
20 12 803
20 13 911
20 14 569
20 15 785
20 16 794
20 17 959
20 18 564
20 19 586
20 20 0
20 21 629
20 22 1240
20 23 1107
20 24 790
20 25 798
20 26 711
20 27 802
20 28 1643
20 29 663
20 30 754
20 31 1595
20 32 615
20 33 706
20 34 1547
20 35 567
20 36 658
20 37 1499
20 38 519
20 39 610
20 40 1451
20 41 471
20 42 562
20 43 1403
20 44 423
20 45 514
20 46 1355
20 47 375
20 48 466
20 49 1307
20 50 423
20 51 514
20 52 1355
20 53 471
20 54 562
20 55 1403
20 56 519
20 57 610
20 58 1451
20 59 567
20 60 658
20 61 1499
20 62 831
21 0 1460
21 1 679
21 2 937
21 3 364
21 4 874
21 5 725
21 6 590
21 7 534
21 8 1020
21 9 391
21 10 900
21 11 769
21 12 864
21 13 564
21 14 1098
21 15 482
21 16 491
21 17 560
21 18 261
21 19 985
21 20 629
21 21 0
21 22 611
21 23 804
21 24 877
21 25 495
21 26 1340
21 27 499
21 28 1110
21 29 1292
21 30 451
21 31 1062
21 32 1244
21 33 403
21 34 1014
21 35 1196
21 36 355
21 37 966
21 38 1148
21 39 307
21 40 918
21 41 1100
21 42 259
21 43 870
21 44 1052
21 45 211
21 46 822
21 47 1004
21 48 163
21 49 774
21 50 956
21 51 115
21 52 726
21 53 1004
21 54 163
21 55 774
21 56 1052
21 57 211
21 58 822
21 59 1100
21 60 259
21 61 870
21 62 1460
22 0 2071
22 1 1290
22 2 326
22 3 247
22 4 1485
22 5 634
22 6 577
22 7 1145
22 8 1631
22 9 872
22 10 1511
22 11 1380
22 12 1475
22 13 1175
22 14 1709
22 15 781
22 16 868
22 17 1171
22 18 872
22 19 1596
22 20 1240
22 21 611
22 22 0
22 23 843
22 24 1488
22 25 1106
22 26 1951
22 27 1110
22 28 499
22 29 1903
22 30 1062
22 31 451
22 32 1855
22 33 1014
22 34 403
22 35 1807
22 36 966
22 37 355
22 38 1759
22 39 918
22 40 307
22 41 1711
22 42 870
22 43 259
22 44 1663
22 45 822
22 46 211
22 47 1615
22 48 774
22 49 163
22 50 1567
22 51 726
22 52 115
22 53 1615
22 54 774
22 55 163
22 56 1663
22 57 822
22 58 211
22 59 1711
22 60 870
22 61 259
22 62 2071
23 0 1458
23 1 677
23 2 747
23 3 1090
23 4 872
23 5 959
23 6 1068
23 7 916
23 8 1210
23 9 965
23 10 898
23 11 863
23 12 1054
23 13 1138
23 14 1288
23 15 864
23 16 777
23 17 1134
23 18 643
23 19 1271
23 20 1107
23 21 804
23 22 843
23 23 0
23 24 1067
23 25 877
23 26 1338
23 27 497
23 28 536
23 29 1290
23 30 449
23 31 488
23 32 1242
23 33 401
23 34 440
23 35 1290
23 36 449
23 37 488
23 38 1338
23 39 497
23 40 536
23 41 1386
23 42 545
23 43 584
23 44 1434
23 45 593
23 46 632
23 47 1482
23 48 641
23 49 680
23 50 1530
23 51 689
23 52 728
23 53 1578
23 54 737
23 55 776
23 56 1626
23 57 785
23 58 824
23 59 1674
23 60 833
23 61 872
23 62 1458
24 0 583
24 1 942
24 2 1392
24 3 1241
24 4 929
24 5 1084
24 6 1141
24 7 885
24 8 143
24 9 1038
24 10 903
24 11 746
24 12 13
24 13 951
24 14 221
24 15 937
24 16 850
24 17 1051
24 18 716
24 19 434
24 20 790
24 21 877
24 22 1488
24 23 1067
24 24 0
24 25 924
24 26 463
24 27 762
24 28 1603
24 29 415
24 30 714
24 31 1555
24 32 367
24 33 666
24 34 1507
24 35 319
24 36 618
24 37 1459
24 38 271
24 39 570
24 40 1411
24 41 319
24 42 618
24 43 1459
24 44 367
24 45 666
24 46 1507
24 47 415
24 48 714
24 49 1555
24 50 463
24 51 762
24 52 1603
24 53 511
24 54 810
24 55 1651
24 56 559
24 57 858
24 58 1699
24 59 607
24 60 906
24 61 1747
24 62 583
25 0 965
25 1 752
25 2 1010
25 3 859
25 4 947
25 5 798
25 6 759
25 7 39
25 8 781
25 9 656
25 10 973
25 11 842
25 12 937
25 13 829
25 14 703
25 15 555
25 16 564
25 17 825
25 18 234
25 19 720
25 20 798
25 21 495
25 22 1106
25 23 877
25 24 924
25 25 0
25 26 845
25 27 572
25 28 1413
25 29 797
25 30 524
25 31 1365
25 32 749
25 33 476
25 34 1317
25 35 701
25 36 428
25 37 1269
25 38 653
25 39 380
25 40 1221
25 41 605
25 42 332
25 43 1173
25 44 557
25 45 284
25 46 1125
25 47 605
25 48 332
25 49 1173
25 50 653
25 51 380
25 52 1221
25 53 701
25 54 428
25 55 1269
25 56 749
25 57 476
25 58 1317
25 59 797
25 60 524
25 61 1365
25 62 965
26 0 120
26 1 661
26 2 1855
26 3 1704
26 4 466
26 5 1547
26 6 1604
26 7 806
26 8 320
26 9 1501
26 10 440
26 11 571
26 12 476
26 13 872
26 14 242
26 15 1400
26 16 1313
26 17 972
26 18 1079
26 19 355
26 20 711
26 21 1340
26 22 1951
26 23 1338
26 24 463
26 25 845
26 26 0
26 27 841
26 28 1682
26 29 48
26 30 889
26 31 1730
26 32 96
26 33 937
26 34 1778
26 35 144
26 36 985
26 37 1826
26 38 192
26 39 1033
26 40 1874
26 41 240
26 42 1081
26 43 1922
26 44 288
26 45 1129
26 46 1970
26 47 336
26 48 1177
26 49 2018
26 50 384
26 51 1225
26 52 2066
26 53 432
26 54 1273
26 55 2114
26 56 480
26 57 1321
26 58 2162
26 59 528
26 60 1369
26 61 2210
26 62 120
27 0 961
27 1 180
27 2 1014
27 3 863
27 4 375
27 5 706
27 6 763
27 7 611
27 8 905
27 9 660
27 10 401
27 11 558
27 12 749
27 13 833
27 14 983
27 15 559
27 16 472
27 17 829
27 18 338
27 19 966
27 20 802
27 21 499
27 22 1110
27 23 497
27 24 762
27 25 572
27 26 841
27 27 0
27 28 841
27 29 889
27 30 48
27 31 889
27 32 937
27 33 96
27 34 937
27 35 985
27 36 144
27 37 985
27 38 1033
27 39 192
27 40 1033
27 41 1081
27 42 240
27 43 1081
27 44 1129
27 45 288
27 46 1129
27 47 1177
27 48 336
27 49 1177
27 50 1225
27 51 384
27 52 1225
27 53 1273
27 54 432
27 55 1273
27 56 1321
27 57 480
27 58 1321
27 59 1369
27 60 528
27 61 1369
27 62 961
28 0 1802
28 1 1021
28 2 403
28 3 746
28 4 1216
28 5 615
28 6 750
28 7 1452
28 8 1746
28 9 1141
28 10 1242
28 11 1399
28 12 1590
28 13 1674
28 14 1824
28 15 858
28 16 849
28 17 1670
28 18 1179
28 19 1807
28 20 1643
28 21 1110
28 22 499
28 23 536
28 24 1603
28 25 1413
28 26 1682
28 27 841
28 28 0
28 29 1730
28 30 889
28 31 48
28 32 1778
28 33 937
28 34 96
28 35 1826
28 36 985
28 37 144
28 38 1874
28 39 1033
28 40 192
28 41 1922
28 42 1081
28 43 240
28 44 1970
28 45 1129
28 46 288
28 47 2018
28 48 1177
28 49 336
28 50 2066
28 51 1225
28 52 384
28 53 2114
28 54 1273
28 55 432
28 56 2162
28 57 1321
28 58 480
28 59 2210
28 60 1369
28 61 528
28 62 1802
29 0 168
29 1 709
29 2 1807
29 3 1656
29 4 514
29 5 1499
29 6 1556
29 7 758
29 8 272
29 9 1453
29 10 488
29 11 523
29 12 428
29 13 824
29 14 194
29 15 1352
29 16 1265
29 17 924
29 18 1031
29 19 307
29 20 663
29 21 1292
29 22 1903
29 23 1290
29 24 415
29 25 797
29 26 48
29 27 889
29 28 1730
29 29 0
29 30 841
29 31 1682
29 32 48
29 33 889
29 34 1730
29 35 96
29 36 937
29 37 1778
29 38 144
29 39 985
29 40 1826
29 41 192
29 42 1033
29 43 1874
29 44 240
29 45 1081
29 46 1922
29 47 288
29 48 1129
29 49 1970
29 50 336
29 51 1177
29 52 2018
29 53 384
29 54 1225
29 55 2066
29 56 432
29 57 1273
29 58 2114
29 59 480
29 60 1321
29 61 2162
29 62 168
30 0 1009
30 1 228
30 2 966
30 3 815
30 4 423
30 5 658
30 6 715
30 7 563
30 8 857
30 9 612
30 10 449
30 11 510
30 12 701
30 13 785
30 14 935
30 15 511
30 16 424
30 17 781
30 18 290
30 19 918
30 20 754
30 21 451
30 22 1062
30 23 449
30 24 714
30 25 524
30 26 889
30 27 48
30 28 889
30 29 841
30 30 0
30 31 841
30 32 889
30 33 48
30 34 889
30 35 937
30 36 96
30 37 937
30 38 985
30 39 144
30 40 985
30 41 1033
30 42 192
30 43 1033
30 44 1081
30 45 240
30 46 1081
30 47 1129
30 48 288
30 49 1129
30 50 1177
30 51 336
30 52 1177
30 53 1225
30 54 384
30 55 1225
30 56 1273
30 57 432
30 58 1273
30 59 1321
30 60 480
30 61 1321
30 62 1009
31 0 1850
31 1 1069
31 2 355
31 3 698
31 4 1264
31 5 567
31 6 702
31 7 1404
31 8 1698
31 9 1093
31 10 1290
31 11 1351
31 12 1542
31 13 1626
31 14 1776
31 15 810
31 16 801
31 17 1622
31 18 1131
31 19 1759
31 20 1595
31 21 1062
31 22 451
31 23 488
31 24 1555
31 25 1365
31 26 1730
31 27 889
31 28 48
31 29 1682
31 30 841
31 31 0
31 32 1730
31 33 889
31 34 48
31 35 1778
31 36 937
31 37 96
31 38 1826
31 39 985
31 40 144
31 41 1874
31 42 1033
31 43 192
31 44 1922
31 45 1081
31 46 240
31 47 1970
31 48 1129
31 49 288
31 50 2018
31 51 1177
31 52 336
31 53 2066
31 54 1225
31 55 384
31 56 2114
31 57 1273
31 58 432
31 59 2162
31 60 1321
31 61 480
31 62 1850
32 0 216
32 1 757
32 2 1759
32 3 1608
32 4 562
32 5 1451
32 6 1508
32 7 710
32 8 224
32 9 1405
32 10 536
32 11 475
32 12 380
32 13 776
32 14 146
32 15 1304
32 16 1217
32 17 876
32 18 983
32 19 259
32 20 615
32 21 1244
32 22 1855
32 23 1242
32 24 367
32 25 749
32 26 96
32 27 937
32 28 1778
32 29 48
32 30 889
32 31 1730
32 32 0
32 33 841
32 34 1682
32 35 48
32 36 889
32 37 1730
32 38 96
32 39 937
32 40 1778
32 41 144
32 42 985
32 43 1826
32 44 192
32 45 1033
32 46 1874
32 47 240
32 48 1081
32 49 1922
32 50 288
32 51 1129
32 52 1970
32 53 336
32 54 1177
32 55 2018
32 56 384
32 57 1225
32 58 2066
32 59 432
32 60 1273
32 61 2114
32 62 216
33 0 1057
33 1 276
33 2 918
33 3 767
33 4 471
33 5 610
33 6 667
33 7 515
33 8 809
33 9 564
33 10 497
33 11 462
33 12 653
33 13 737
33 14 887
33 15 463
33 16 376
33 17 733
33 18 242
33 19 870
33 20 706
33 21 403
33 22 1014
33 23 401
33 24 666
33 25 476
33 26 937
33 27 96
33 28 937
33 29 889
33 30 48
33 31 889
33 32 841
33 33 0
33 34 841
33 35 889
33 36 48
33 37 889
33 38 937
33 39 96
33 40 937
33 41 985
33 42 144
33 43 985
33 44 1033
33 45 192
33 46 1033
33 47 1081
33 48 240
33 49 1081
33 50 1129
33 51 288
33 52 1129
33 53 1177
33 54 336
33 55 1177
33 56 1225
33 57 384
33 58 1225
33 59 1273
33 60 432
33 61 1273
33 62 1057
34 0 1898
34 1 1117
34 2 307
34 3 650
34 4 1312
34 5 519
34 6 654
34 7 1356
34 8 1650
34 9 1045
34 10 1338
34 11 1303
34 12 1494
34 13 1578
34 14 1728
34 15 762
34 16 753
34 17 1574
34 18 1083
34 19 1711
34 20 1547
34 21 1014
34 22 403
34 23 440
34 24 1507
34 25 1317
34 26 1778
34 27 937
34 28 96
34 29 1730
34 30 889
34 31 48
34 32 1682
34 33 841
34 34 0
34 35 1730
34 36 889
34 37 48
34 38 1778
34 39 937
34 40 96
34 41 1826
34 42 985
34 43 144
34 44 1874
34 45 1033
34 46 192
34 47 1922
34 48 1081
34 49 240
34 50 1970
34 51 1129
34 52 288
34 53 2018
34 54 1177
34 55 336
34 56 2066
34 57 1225
34 58 384
34 59 2114
34 60 1273
34 61 432
34 62 1898
35 0 264
35 1 805
35 2 1711
35 3 1560
35 4 610
35 5 1403
35 6 1460
35 7 662
35 8 176
35 9 1357
35 10 584
35 11 427
35 12 332
35 13 728
35 14 98
35 15 1256
35 16 1169
35 17 828
35 18 935
35 19 211
35 20 567
35 21 1196
35 22 1807
35 23 1290
35 24 319
35 25 701
35 26 144
35 27 985
35 28 1826
35 29 96
35 30 937
35 31 1778
35 32 48
35 33 889
35 34 1730
35 35 0
35 36 841
35 37 1682
35 38 48
35 39 889
35 40 1730
35 41 96
35 42 937
35 43 1778
35 44 144
35 45 985
35 46 1826
35 47 192
35 48 1033
35 49 1874
35 50 240
35 51 1081
35 52 1922
35 53 288
35 54 1129
35 55 1970
35 56 336
35 57 1177
35 58 2018
35 59 384
35 60 1225
35 61 2066
35 62 264
36 0 1105
36 1 324
36 2 870
36 3 719
36 4 519
36 5 562
36 6 619
36 7 467
36 8 761
36 9 516
36 10 545
36 11 414
36 12 605
36 13 689
36 14 839
36 15 415
36 16 328
36 17 685
36 18 194
36 19 822
36 20 658
36 21 355
36 22 966
36 23 449
36 24 618
36 25 428
36 26 985
36 27 144
36 28 985
36 29 937
36 30 96
36 31 937
36 32 889
36 33 48
36 34 889
36 35 841
36 36 0
36 37 841
36 38 889
36 39 48
36 40 889
36 41 937
36 42 96
36 43 937
36 44 985
36 45 144
36 46 985
36 47 1033
36 48 192
36 49 1033
36 50 1081
36 51 240
36 52 1081
36 53 1129
36 54 288
36 55 1129
36 56 1177
36 57 336
36 58 1177
36 59 1225
36 60 384
36 61 1225
36 62 1105
37 0 1946
37 1 1165
37 2 259
37 3 602
37 4 1360
37 5 471
37 6 606
37 7 1308
37 8 1602
37 9 997
37 10 1386
37 11 1255
37 12 1446
37 13 1530
37 14 1680
37 15 714
37 16 705
37 17 1526
37 18 1035
37 19 1663
37 20 1499
37 21 966
37 22 355
37 23 488
37 24 1459
37 25 1269
37 26 1826
37 27 985
37 28 144
37 29 1778
37 30 937
37 31 96
37 32 1730
37 33 889
37 34 48
37 35 1682
37 36 841
37 37 0
37 38 1730
37 39 889
37 40 48
37 41 1778
37 42 937
37 43 96
37 44 1826
37 45 985
37 46 144
37 47 1874
37 48 1033
37 49 192
37 50 1922
37 51 1081
37 52 240
37 53 1970
37 54 1129
37 55 288
37 56 2018
37 57 1177
37 58 336
37 59 2066
37 60 1225
37 61 384
37 62 1946
38 0 312
38 1 853
38 2 1663
38 3 1512
38 4 658
38 5 1355
38 6 1412
38 7 614
38 8 128
38 9 1309
38 10 632
38 11 475
38 12 284
38 13 680
38 14 50
38 15 1208
38 16 1121
38 17 780
38 18 887
38 19 163
38 20 519
38 21 1148
38 22 1759
38 23 1338
38 24 271
38 25 653
38 26 192
38 27 1033
38 28 1874
38 29 144
38 30 985
38 31 1826
38 32 96
38 33 937
38 34 1778
38 35 48
38 36 889
38 37 1730
38 38 0
38 39 841
38 40 1682
38 41 48
38 42 889
38 43 1730
38 44 96
38 45 937
38 46 1778
38 47 144
38 48 985
38 49 1826
38 50 192
38 51 1033
38 52 1874
38 53 240
38 54 1081
38 55 1922
38 56 288
38 57 1129
38 58 1970
38 59 336
38 60 1177
38 61 2018
38 62 312
39 0 1153
39 1 372
39 2 822
39 3 671
39 4 567
39 5 514
39 6 571
39 7 419
39 8 713
39 9 468
39 10 593
39 11 462
39 12 557
39 13 641
39 14 791
39 15 367
39 16 280
39 17 637
39 18 146
39 19 774
39 20 610
39 21 307
39 22 918
39 23 497
39 24 570
39 25 380
39 26 1033
39 27 192
39 28 1033
39 29 985
39 30 144
39 31 985
39 32 937
39 33 96
39 34 937
39 35 889
39 36 48
39 37 889
39 38 841
39 39 0
39 40 841
39 41 889
39 42 48
39 43 889
39 44 937
39 45 96
39 46 937
39 47 985
39 48 144
39 49 985
39 50 1033
39 51 192
39 52 1033
39 53 1081
39 54 240
39 55 1081
39 56 1129
39 57 288
39 58 1129
39 59 1177
39 60 336
39 61 1177
39 62 1153
40 0 1994
40 1 1213
40 2 211
40 3 554
40 4 1408
40 5 423
40 6 558
40 7 1260
40 8 1554
40 9 949
40 10 1434
40 11 1303
40 12 1398
40 13 1482
40 14 1632
40 15 666
40 16 657
40 17 1478
40 18 987
40 19 1615
40 20 1451
40 21 918
40 22 307
40 23 536
40 24 1411
40 25 1221
40 26 1874
40 27 1033
40 28 192
40 29 1826
40 30 985
40 31 144
40 32 1778
40 33 937
40 34 96
40 35 1730
40 36 889
40 37 48
40 38 1682
40 39 841
40 40 0
40 41 1730
40 42 889
40 43 48
40 44 1778
40 45 937
40 46 96
40 47 1826
40 48 985
40 49 144
40 50 1874
40 51 1033
40 52 192
40 53 1922
40 54 1081
40 55 240
40 56 1970
40 57 1129
40 58 288
40 59 2018
40 60 1177
40 61 336
40 62 1994
41 0 360
41 1 901
41 2 1615
41 3 1464
41 4 706
41 5 1307
41 6 1364
41 7 566
41 8 176
41 9 1261
41 10 680
41 11 523
41 12 332
41 13 632
41 14 98
41 15 1160
41 16 1073
41 17 732
41 18 839
41 19 115
41 20 471
41 21 1100
41 22 1711
41 23 1386
41 24 319
41 25 605
41 26 240
41 27 1081
41 28 1922
41 29 192
41 30 1033
41 31 1874
41 32 144
41 33 985
41 34 1826
41 35 96
41 36 937
41 37 1778
41 38 48
41 39 889
41 40 1730
41 41 0
41 42 841
41 43 1682
41 44 48
41 45 889
41 46 1730
41 47 96
41 48 937
41 49 1778
41 50 144
41 51 985
41 52 1826
41 53 192
41 54 1033
41 55 1874
41 56 240
41 57 1081
41 58 1922
41 59 288
41 60 1129
41 61 1970
41 62 360
42 0 1201
42 1 420
42 2 774
42 3 623
42 4 615
42 5 466
42 6 523
42 7 371
42 8 761
42 9 420
42 10 641
42 11 510
42 12 605
42 13 593
42 14 839
42 15 319
42 16 232
42 17 589
42 18 98
42 19 726
42 20 562
42 21 259
42 22 870
42 23 545
42 24 618
42 25 332
42 26 1081
42 27 240
42 28 1081
42 29 1033
42 30 192
42 31 1033
42 32 985
42 33 144
42 34 985
42 35 937
42 36 96
42 37 937
42 38 889
42 39 48
42 40 889
42 41 841
42 42 0
42 43 841
42 44 889
42 45 48
42 46 889
42 47 937
42 48 96
42 49 937
42 50 985
42 51 144
42 52 985
42 53 1033
42 54 192
42 55 1033
42 56 1081
42 57 240
42 58 1081
42 59 1129
42 60 288
42 61 1129
42 62 1201
43 0 2042
43 1 1261
43 2 163
43 3 506
43 4 1456
43 5 375
43 6 510
43 7 1212
43 8 1602
43 9 901
43 10 1482
43 11 1351
43 12 1446
43 13 1434
43 14 1680
43 15 618
43 16 609
43 17 1430
43 18 939
43 19 1567
43 20 1403
43 21 870
43 22 259
43 23 584
43 24 1459
43 25 1173
43 26 1922
43 27 1081
43 28 240
43 29 1874
43 30 1033
43 31 192
43 32 1826
43 33 985
43 34 144
43 35 1778
43 36 937
43 37 96
43 38 1730
43 39 889
43 40 48
43 41 1682
43 42 841
43 43 0
43 44 1730
43 45 889
43 46 48
43 47 1778
43 48 937
43 49 96
43 50 1826
43 51 985
43 52 144
43 53 1874
43 54 1033
43 55 192
43 56 1922
43 57 1081
43 58 240
43 59 1970
43 60 1129
43 61 288
43 62 2042
44 0 408
44 1 949
44 2 1567
44 3 1416
44 4 754
44 5 1355
44 6 1316
44 7 518
44 8 224
44 9 1213
44 10 728
44 11 571
44 12 380
44 13 584
44 14 146
44 15 1112
44 16 1121
44 17 684
44 18 791
44 19 163
44 20 423
44 21 1052
44 22 1663
44 23 1434
44 24 367
44 25 557
44 26 288
44 27 1129
44 28 1970
44 29 240
44 30 1081
44 31 1922
44 32 192
44 33 1033
44 34 1874
44 35 144
44 36 985
44 37 1826
44 38 96
44 39 937
44 40 1778
44 41 48
44 42 889
44 43 1730
44 44 0
44 45 841
44 46 1682
44 47 48
44 48 889
44 49 1730
44 50 96
44 51 937
44 52 1778
44 53 144
44 54 985
44 55 1826
44 56 192
44 57 1033
44 58 1874
44 59 240
44 60 1081
44 61 1922
44 62 408
45 0 1249
45 1 468
45 2 726
45 3 575
45 4 663
45 5 514
45 6 475
45 7 323
45 8 809
45 9 372
45 10 689
45 11 558
45 12 653
45 13 545
45 14 887
45 15 271
45 16 280
45 17 541
45 18 50
45 19 774
45 20 514
45 21 211
45 22 822
45 23 593
45 24 666
45 25 284
45 26 1129
45 27 288
45 28 1129
45 29 1081
45 30 240
45 31 1081
45 32 1033
45 33 192
45 34 1033
45 35 985
45 36 144
45 37 985
45 38 937
45 39 96
45 40 937
45 41 889
45 42 48
45 43 889
45 44 841
45 45 0
45 46 841
45 47 889
45 48 48
45 49 889
45 50 937
45 51 96
45 52 937
45 53 985
45 54 144
45 55 985
45 56 1033
45 57 192
45 58 1033
45 59 1081
45 60 240
45 61 1081
45 62 1249
46 0 2090
46 1 1309
46 2 115
46 3 458
46 4 1504
46 5 423
46 6 462
46 7 1164
46 8 1650
46 9 853
46 10 1530
46 11 1399
46 12 1494
46 13 1386
46 14 1728
46 15 570
46 16 657
46 17 1382
46 18 891
46 19 1615
46 20 1355
46 21 822
46 22 211
46 23 632
46 24 1507
46 25 1125
46 26 1970
46 27 1129
46 28 288
46 29 1922
46 30 1081
46 31 240
46 32 1874
46 33 1033
46 34 192
46 35 1826
46 36 985
46 37 144
46 38 1778
46 39 937
46 40 96
46 41 1730
46 42 889
46 43 48
46 44 1682
46 45 841
46 46 0
46 47 1730
46 48 889
46 49 48
46 50 1778
46 51 937
46 52 96
46 53 1826
46 54 985
46 55 144
46 56 1874
46 57 1033
46 58 192
46 59 1922
46 60 1081
46 61 240
46 62 2090
47 0 456
47 1 997
47 2 1615
47 3 1368
47 4 802
47 5 1403
47 6 1268
47 7 566
47 8 272
47 9 1165
47 10 776
47 11 619
47 12 428
47 13 536
47 14 194
47 15 1160
47 16 1169
47 17 636
47 18 839
47 19 211
47 20 375
47 21 1004
47 22 1615
47 23 1482
47 24 415
47 25 605
47 26 336
47 27 1177
47 28 2018
47 29 288
47 30 1129
47 31 1970
47 32 240
47 33 1081
47 34 1922
47 35 192
47 36 1033
47 37 1874
47 38 144
47 39 985
47 40 1826
47 41 96
47 42 937
47 43 1778
47 44 48
47 45 889
47 46 1730
47 47 0
47 48 841
47 49 1682
47 50 48
47 51 889
47 52 1730
47 53 96
47 54 937
47 55 1778
47 56 144
47 57 985
47 58 1826
47 59 192
47 60 1033
47 61 1874
47 62 456
48 0 1297
48 1 516
48 2 774
48 3 527
48 4 711
48 5 562
48 6 427
48 7 371
48 8 857
48 9 324
48 10 737
48 11 606
48 12 701
48 13 497
48 14 935
48 15 319
48 16 328
48 17 493
48 18 98
48 19 822
48 20 466
48 21 163
48 22 774
48 23 641
48 24 714
48 25 332
48 26 1177
48 27 336
48 28 1177
48 29 1129
48 30 288
48 31 1129
48 32 1081
48 33 240
48 34 1081
48 35 1033
48 36 192
48 37 1033
48 38 985
48 39 144
48 40 985
48 41 937
48 42 96
48 43 937
48 44 889
48 45 48
48 46 889
48 47 841
48 48 0
48 49 841
48 50 889
48 51 48
48 52 889
48 53 937
48 54 96
48 55 937
48 56 985
48 57 144
48 58 985
48 59 1033
48 60 192
48 61 1033
48 62 1297
49 0 2138
49 1 1357
49 2 163
49 3 410
49 4 1552
49 5 471
49 6 414
49 7 1212
49 8 1698
49 9 805
49 10 1578
49 11 1447
49 12 1542
49 13 1338
49 14 1776
49 15 618
49 16 705
49 17 1334
49 18 939
49 19 1663
49 20 1307
49 21 774
49 22 163
49 23 680
49 24 1555
49 25 1173
49 26 2018
49 27 1177
49 28 336
49 29 1970
49 30 1129
49 31 288
49 32 1922
49 33 1081
49 34 240
49 35 1874
49 36 1033
49 37 192
49 38 1826
49 39 985
49 40 144
49 41 1778
49 42 937
49 43 96
49 44 1730
49 45 889
49 46 48
49 47 1682
49 48 841
49 49 0
49 50 1730
49 51 889
49 52 48
49 53 1778
49 54 937
49 55 96
49 56 1826
49 57 985
49 58 144
49 59 1874
49 60 1033
49 61 192
49 62 2138
50 0 504
50 1 1045
50 2 1663
50 3 1320
50 4 850
50 5 1451
50 6 1316
50 7 614
50 8 320
50 9 1117
50 10 824
50 11 667
50 12 476
50 13 488
50 14 242
50 15 1208
50 16 1217
50 17 588
50 18 887
50 19 259
50 20 423
50 21 956
50 22 1567
50 23 1530
50 24 463
50 25 653
50 26 384
50 27 1225
50 28 2066
50 29 336
50 30 1177
50 31 2018
50 32 288
50 33 1129
50 34 1970
50 35 240
50 36 1081
50 37 1922
50 38 192
50 39 1033
50 40 1874
50 41 144
50 42 985
50 43 1826
50 44 96
50 45 937
50 46 1778
50 47 48
50 48 889
50 49 1730
50 50 0
50 51 841
50 52 1682
50 53 48
50 54 889
50 55 1730
50 56 96
50 57 937
50 58 1778
50 59 144
50 60 985
50 61 1826
50 62 504
51 0 1345
51 1 564
51 2 822
51 3 479
51 4 759
51 5 610
51 6 475
51 7 419
51 8 905
51 9 276
51 10 785
51 11 654
51 12 749
51 13 449
51 14 983
51 15 367
51 16 376
51 17 445
51 18 146
51 19 870
51 20 514
51 21 115
51 22 726
51 23 689
51 24 762
51 25 380
51 26 1225
51 27 384
51 28 1225
51 29 1177
51 30 336
51 31 1177
51 32 1129
51 33 288
51 34 1129
51 35 1081
51 36 240
51 37 1081
51 38 1033
51 39 192
51 40 1033
51 41 985
51 42 144
51 43 985
51 44 937
51 45 96
51 46 937
51 47 889
51 48 48
51 49 889
51 50 841
51 51 0
51 52 841
51 53 889
51 54 48
51 55 889
51 56 937
51 57 96
51 58 937
51 59 985
51 60 144
51 61 985
51 62 1345
52 0 2186
52 1 1405
52 2 211
52 3 362
52 4 1600
52 5 519
52 6 462
52 7 1260
52 8 1746
52 9 757
52 10 1626
52 11 1495
52 12 1590
52 13 1290
52 14 1824
52 15 666
52 16 753
52 17 1286
52 18 987
52 19 1711
52 20 1355
52 21 726
52 22 115
52 23 728
52 24 1603
52 25 1221
52 26 2066
52 27 1225
52 28 384
52 29 2018
52 30 1177
52 31 336
52 32 1970
52 33 1129
52 34 288
52 35 1922
52 36 1081
52 37 240
52 38 1874
52 39 1033
52 40 192
52 41 1826
52 42 985
52 43 144
52 44 1778
52 45 937
52 46 96
52 47 1730
52 48 889
52 49 48
52 50 1682
52 51 841
52 52 0
52 53 1730
52 54 889
52 55 48
52 56 1778
52 57 937
52 58 96
52 59 1826
52 60 985
52 61 144
52 62 2186
53 0 552
53 1 1093
53 2 1711
53 3 1368
53 4 898
53 5 1499
53 6 1364
53 7 662
53 8 368
53 9 1069
53 10 872
53 11 715
53 12 524
53 13 440
53 14 290
53 15 1256
53 16 1265
53 17 540
53 18 935
53 19 307
53 20 471
53 21 1004
53 22 1615
53 23 1578
53 24 511
53 25 701
53 26 432
53 27 1273
53 28 2114
53 29 384
53 30 1225
53 31 2066
53 32 336
53 33 1177
53 34 2018
53 35 288
53 36 1129
53 37 1970
53 38 240
53 39 1081
53 40 1922
53 41 192
53 42 1033
53 43 1874
53 44 144
53 45 985
53 46 1826
53 47 96
53 48 937
53 49 1778
53 50 48
53 51 889
53 52 1730
53 53 0
53 54 841
53 55 1682
53 56 48
53 57 889
53 58 1730
53 59 96
53 60 937
53 61 1778
53 62 552
54 0 1393
54 1 612
54 2 870
54 3 527
54 4 807
54 5 658
54 6 523
54 7 467
54 8 953
54 9 228
54 10 833
54 11 702
54 12 797
54 13 401
54 14 1031
54 15 415
54 16 424
54 17 397
54 18 194
54 19 918
54 20 562
54 21 163
54 22 774
54 23 737
54 24 810
54 25 428
54 26 1273
54 27 432
54 28 1273
54 29 1225
54 30 384
54 31 1225
54 32 1177
54 33 336
54 34 1177
54 35 1129
54 36 288
54 37 1129
54 38 1081
54 39 240
54 40 1081
54 41 1033
54 42 192
54 43 1033
54 44 985
54 45 144
54 46 985
54 47 937
54 48 96
54 49 937
54 50 889
54 51 48
54 52 889
54 53 841
54 54 0
54 55 841
54 56 889
54 57 48
54 58 889
54 59 937
54 60 96
54 61 937
54 62 1393
55 0 2234
55 1 1453
55 2 259
55 3 410
55 4 1648
55 5 567
55 6 510
55 7 1308
55 8 1794
55 9 709
55 10 1674
55 11 1543
55 12 1638
55 13 1242
55 14 1872
55 15 714
55 16 801
55 17 1238
55 18 1035
55 19 1759
55 20 1403
55 21 774
55 22 163
55 23 776
55 24 1651
55 25 1269
55 26 2114
55 27 1273
55 28 432
55 29 2066
55 30 1225
55 31 384
55 32 2018
55 33 1177
55 34 336
55 35 1970
55 36 1129
55 37 288
55 38 1922
55 39 1081
55 40 240
55 41 1874
55 42 1033
55 43 192
55 44 1826
55 45 985
55 46 144
55 47 1778
55 48 937
55 49 96
55 50 1730
55 51 889
55 52 48
55 53 1682
55 54 841
55 55 0
55 56 1730
55 57 889
55 58 48
55 59 1778
55 60 937
55 61 96
55 62 2234
56 0 600
56 1 1141
56 2 1759
56 3 1416
56 4 946
56 5 1547
56 6 1412
56 7 710
56 8 416
56 9 1021
56 10 920
56 11 763
56 12 572
56 13 488
56 14 338
56 15 1304
56 16 1313
56 17 492
56 18 983
56 19 355
56 20 519
56 21 1052
56 22 1663
56 23 1626
56 24 559
56 25 749
56 26 480
56 27 1321
56 28 2162
56 29 432
56 30 1273
56 31 2114
56 32 384
56 33 1225
56 34 2066
56 35 336
56 36 1177
56 37 2018
56 38 288
56 39 1129
56 40 1970
56 41 240
56 42 1081
56 43 1922
56 44 192
56 45 1033
56 46 1874
56 47 144
56 48 985
56 49 1826
56 50 96
56 51 937
56 52 1778
56 53 48
56 54 889
56 55 1730
56 56 0
56 57 841
56 58 1682
56 59 48
56 60 889
56 61 1730
56 62 600
57 0 1441
57 1 660
57 2 918
57 3 575
57 4 855
57 5 706
57 6 571
57 7 515
57 8 1001
57 9 180
57 10 881
57 11 750
57 12 845
57 13 449
57 14 1079
57 15 463
57 16 472
57 17 349
57 18 242
57 19 966
57 20 610
57 21 211
57 22 822
57 23 785
57 24 858
57 25 476
57 26 1321
57 27 480
57 28 1321
57 29 1273
57 30 432
57 31 1273
57 32 1225
57 33 384
57 34 1225
57 35 1177
57 36 336
57 37 1177
57 38 1129
57 39 288
57 40 1129
57 41 1081
57 42 240
57 43 1081
57 44 1033
57 45 192
57 46 1033
57 47 985
57 48 144
57 49 985
57 50 937
57 51 96
57 52 937
57 53 889
57 54 48
57 55 889
57 56 841
57 57 0
57 58 841
57 59 889
57 60 48
57 61 889
57 62 1441
58 0 2282
58 1 1501
58 2 307
58 3 458
58 4 1696
58 5 615
58 6 558
58 7 1356
58 8 1842
58 9 661
58 10 1722
58 11 1591
58 12 1686
58 13 1290
58 14 1920
58 15 762
58 16 849
58 17 1190
58 18 1083
58 19 1807
58 20 1451
58 21 822
58 22 211
58 23 824
58 24 1699
58 25 1317
58 26 2162
58 27 1321
58 28 480
58 29 2114
58 30 1273
58 31 432
58 32 2066
58 33 1225
58 34 384
58 35 2018
58 36 1177
58 37 336
58 38 1970
58 39 1129
58 40 288
58 41 1922
58 42 1081
58 43 240
58 44 1874
58 45 1033
58 46 192
58 47 1826
58 48 985
58 49 144
58 50 1778
58 51 937
58 52 96
58 53 1730
58 54 889
58 55 48
58 56 1682
58 57 841
58 58 0
58 59 1730
58 60 889
58 61 48
58 62 2282
59 0 648
59 1 1189
59 2 1807
59 3 1464
59 4 994
59 5 1595
59 6 1460
59 7 758
59 8 464
59 9 1069
59 10 968
59 11 811
59 12 620
59 13 536
59 14 386
59 15 1352
59 16 1361
59 17 540
59 18 1031
59 19 403
59 20 567
59 21 1100
59 22 1711
59 23 1674
59 24 607
59 25 797
59 26 528
59 27 1369
59 28 2210
59 29 480
59 30 1321
59 31 2162
59 32 432
59 33 1273
59 34 2114
59 35 384
59 36 1225
59 37 2066
59 38 336
59 39 1177
59 40 2018
59 41 288
59 42 1129
59 43 1970
59 44 240
59 45 1081
59 46 1922
59 47 192
59 48 1033
59 49 1874
59 50 144
