//alpha
1
//NbLocations
79
//NbProducts
24
//NbPickers
2
//CapaPicker
12
//TimeToTravelOneDistanceUnit
3
//SetupTime
5400
//PickTime
300
//Products
//Idx Location Size
1 1 1
2 2 1
3 3 1
4 4 1
5 5 1
6 6 1
7 7 1
8 8 1
9 9 1
10 10 1
11 11 1
12 12 1
13 13 1
14 14 1
15 15 1
16 16 1
17 17 1
18 18 1
19 19 1
20 20 1
21 21 1
22 22 1
23 23 1
24 24 1
//Orders
//NbOrders
12
//Idx DueDate TardinessPenalty NbProdInOrder ProdIdx1 Qty1 ProdIdx2 Qty2 ...
1 90000 0 1 1 1
2 54000 0 3 2 1 3 1 4 1
3 108000 0 1 5 1
4 72000 0 2 6 1 7 1
5 54000 0 1 8 1
6 54000 0 1 9 1
7 54000 0 3 10 1 11 1 12 1
8 54000 0 2 13 1 14 1
9 90000 0 2 15 1 16 1
10 144000 0 1 17 1
11 90000 0 4 18 1 19 1 20 1 21 1
12 72000 0 3 22 1 23 1 24 1
//Graph (Products are vertices indexed from 1 to NbProducts)
//NbVerticesIntersections
54
//DepartingDepot
0
//ArrivalDepot
79
//Arcs
//Start End Distance
0 25 120
1 35 557
1 36 674
2 76 258
2 77 973
3 41 167
3 42 1064
4 11 52
4 16 104
5 14 143
5 56 37
6 28 63
6 29 1168
7 15 143
7 32 1025
8 52 63
8 53 1168
9 68 583
9 69 648
10 44 141
10 45 1090
11 4 52
11 43 167
12 64 440
12 65 791
13 38 245
13 39 986
14 5 143
14 57 1051
15 7 143
15 31 63
16 4 104
16 44 908
17 61 583
17 62 648
18 20 156
18 54 999
19 37 362
19 38 869
20 18 156
20 53 76
21 32 167
21 33 1064
22 50 115
22 51 1116
23 34 362
23 35 869
24 49 37
24 50 1194
25 26 1231
25 28 48
25 79 120
26 25 1231
26 27 1231
26 29 48
27 26 1231
27 30 48
28 6 63
28 25 48
28 31 48
29 6 1168
29 26 48
29 30 1231
29 32 48
30 27 48
30 29 1231
30 33 48
31 15 63
31 28 48
31 34 48
32 7 1025
32 21 167
32 29 48
32 35 48
33 21 1064
33 30 48
33 36 48
34 23 362
34 31 48
34 37 48
35 1 557
35 23 869
35 32 48
35 38 48
36 1 674
36 33 48
36 39 48
37 19 362
37 34 48
37 40 48
38 13 245
38 19 869
38 35 48
38 41 48
39 13 986
39 36 48
39 42 48
40 37 48
40 41 1231
40 43 48
41 3 167
41 38 48
41 40 1231
41 44 48
42 3 1064
42 39 48
42 45 48
43 11 167
43 40 48
43 46 48
44 10 141
44 16 908
44 41 48
44 47 48
45 10 1090
45 42 48
45 48 48
46 43 48
46 47 1231
46 49 48
47 44 48
47 46 1231
47 48 1231
47 50 48
48 45 48
48 47 1231
48 51 48
49 24 37
49 46 48
49 52 48
50 22 115
50 24 1194
50 47 48
50 53 48
51 22 1116
51 48 48
51 54 48
52 8 63
52 49 48
52 55 48
53 8 1168
53 20 76
53 50 48
53 56 48
54 18 999
54 51 48
54 57 48
55 52 48
55 56 1231
55 58 48
56 5 37
56 53 48
56 55 1231
56 59 48
57 14 1051
57 54 48
57 60 48
58 55 48
58 59 1231
58 61 48
59 56 48
59 58 1231
59 60 1231
59 62 48
60 57 48
60 59 1231
60 63 48
61 17 583
61 58 48
61 64 48
62 17 648
62 59 48
62 63 1231
62 65 48
63 60 48
63 62 1231
63 66 48
64 12 440
64 61 48
64 67 48
65 12 791
65 62 48
65 66 1231
65 68 48
66 63 48
66 65 1231
66 69 48
67 64 48
67 68 1231
67 70 48
68 9 583
68 65 48
68 67 1231
68 71 48
69 9 648
69 66 48
69 72 48
70 67 48
70 71 1231
70 73 48
71 68 48
71 70 1231
71 72 1231
71 74 48
72 69 48
72 71 1231
72 75 48
73 70 48
73 74 1231
73 76 48
74 71 48
74 73 1231
74 75 1231
74 77 48
75 72 48
75 74 1231
75 78 48
76 2 258
76 73 48
77 2 973
77 74 48
77 78 1231
78 75 48
78 77 1231
//LocStart LocEnd ShortestPath
0 0 0
0 1 2052
0 2 1194
0 3 1758
0 4 627
0 5 1868
0 6 231
0 7 422
0 8 615
0 9 2606
0 10 1780
0 11 575
0 12 1184
0 13 1788
0 14 2011
0 15 279
0 16 731
0 17 1279
0 18 2015
0 19 674
0 20 1859
0 21 1614
0 22 1850
0 23 626
0 24 541
0 25 120
0 26 1351
0 27 2582
0 28 168
0 29 1399
0 30 2630
0 31 216
0 32 1447
0 33 2678
0 34 264
0 35 1495
0 36 2726
0 37 312
0 38 1543
0 39 2774
0 40 360
0 41 1591
0 42 2822
0 43 408
0 44 1639
0 45 2870
0 46 456
0 47 1687
0 48 2918
0 49 504
0 50 1735
0 51 2966
0 52 552
0 53 1783
0 54 3014
0 55 600
0 56 1831
0 57 3062
0 58 648
0 59 1879
0 60 3110
0 61 696
0 62 1927
0 63 3158
0 64 744
0 65 1975
0 66 3206
0 67 792
0 68 2023
0 69 3254
0 70 840
0 71 2071
0 72 3302
0 73 888
0 74 2119
0 75 3350
0 76 936
0 77 2167
0 78 3398
0 79 0
1 0 2052
1 1 0
1 2 2202
1 3 820
1 4 1713
1 5 930
1 6 1821
1 7 1630
1 8 2013
1 9 1668
1 10 842
1 11 1765
1 12 1828
1 13 850
1 14 1073
1 15 1773
1 16 1609
1 17 1637
1 18 1077
1 19 1474
1 20 921
1 21 772
1 22 912
1 23 1426
1 24 1991
1 25 1932
1 26 701
1 27 818
1 28 1884
1 29 653
1 30 770
1 31 1836
1 32 605
1 33 722
1 34 1788
1 35 557
1 36 674
1 37 1836
1 38 605
1 39 722
1 40 1884
1 41 653
1 42 770
1 43 1932
1 44 701
1 45 818
1 46 1980
1 47 749
1 48 866
1 49 2028
1 50 797
1 51 914
1 52 2076
1 53 845
1 54 962
1 55 2124
1 56 893
1 57 1010
1 58 2172
1 59 941
1 60 1058
1 61 2220
1 62 989
1 63 1106
1 64 2268
1 65 1037
1 66 1154
1 67 2316
1 68 1085
1 69 1202
1 70 2364
1 71 1133
1 72 1250
1 73 2412
1 74 1181
1 75 1298
1 76 2460
1 77 1229
1 78 1346
1 79 2052
2 0 1194
2 1 2202
2 2 0
2 3 1716
2 4 1005
2 5 1346
2 6 1089
2 7 1184
2 8 705
2 9 1700
2 10 1642
2 11 953
2 12 890
2 13 1842
2 14 1489
2 15 1041
2 16 1109
2 17 1081
2 18 1589
2 19 1244
2 20 1433
2 21 1860
2 22 1520
2 23 1292
2 24 727
2 25 1074
2 26 1789
2 27 3020
2 28 1026
2 29 1741
2 30 2972
2 31 978
2 32 1693
2 33 2924
2 34 930
2 35 1645
2 36 2876
2 37 882
2 38 1597
2 39 2828
2 40 834
2 41 1549
2 42 2780
2 43 786
2 44 1501
2 45 2732
2 46 738
2 47 1453
2 48 2684
2 49 690
2 50 1405
2 51 2636
2 52 642
2 53 1357
2 54 2588
2 55 594
2 56 1309
2 57 2540
2 58 546
2 59 1261
2 60 2492
2 61 498
2 62 1213
2 63 2444
2 64 450
2 65 1165
2 66 2396
2 67 402
2 68 1117
2 69 2348
2 70 354
2 71 1069
2 72 2300
2 73 306
2 74 1021
2 75 2252
2 76 258
2 77 973
2 78 2204
2 79 1194
3 0 1758
3 1 820
3 2 1716
3 3 0
3 4 1227
3 5 444
3 6 1527
3 7 1336
3 8 1527
3 9 1182
3 10 356
3 11 1279
3 12 1342
3 13 460
3 14 587
3 15 1479
3 16 1123
3 17 1151
3 18 591
3 19 1084
3 20 435
3 21 478
3 22 426
3 23 1132
3 24 1505
3 25 1638
3 26 407
3 27 1304
3 28 1590
3 29 359
3 30 1256
3 31 1542
3 32 311
3 33 1208
3 34 1494
3 35 263
3 36 1160
3 37 1446
3 38 215
3 39 1112
3 40 1398
3 41 167
3 42 1064
3 43 1446
3 44 215
3 45 1112
3 46 1494
3 47 263
3 48 1160
3 49 1542
3 50 311
3 51 1208
3 52 1590
3 53 359
3 54 1256
3 55 1638
3 56 407
3 57 1304
3 58 1686
3 59 455
3 60 1352
3 61 1734
3 62 503
3 63 1400
3 64 1782
3 65 551
3 66 1448
3 67 1830
3 68 599
3 69 1496
3 70 1878
3 71 647
3 72 1544
3 73 1926
3 74 695
3 75 1592
3 76 1974
3 77 743
3 78 1640
3 79 1758
4 0 627
4 1 1713
4 2 1005
4 3 1227
4 4 0
4 5 1241
4 6 522
4 7 617
4 8 426
4 9 1979
4 10 1153
4 11 52
4 12 995
4 13 1353
4 14 1384
4 15 474
4 16 104
4 17 1090
4 18 1388
4 19 677
4 20 1232
4 21 1371
4 22 1223
4 23 725
4 24 352
4 25 507
4 26 1300
4 27 2531
4 28 459
4 29 1252
4 30 2483
4 31 411
4 32 1204
4 33 2435
4 34 363
4 35 1156
4 36 2387
4 37 315
4 38 1108
4 39 2339
4 40 267
4 41 1060
4 42 2291
4 43 219
4 44 1012
4 45 2243
4 46 267
4 47 1060
4 48 2291
4 49 315
4 50 1108
4 51 2339
4 52 363
4 53 1156
4 54 2387
4 55 411
4 56 1204
4 57 2435
4 58 459
4 59 1252
4 60 2483
4 61 507
4 62 1300
4 63 2531
4 64 555
4 65 1348
4 66 2579
4 67 603
4 68 1396
4 69 2627
4 70 651
4 71 1444
4 72 2675
4 73 699
4 74 1492
4 75 2723
4 76 747
4 77 1540
4 78 2771
4 79 627
5 0 1868
5 1 930
5 2 1346
5 3 444
5 4 1241
5 5 0
5 6 1637
5 7 1446
5 8 1253
5 9 812
5 10 370
5 11 1293
5 12 972
5 13 570
5 14 143
5 15 1589
5 16 1137
5 17 781
5 18 317
5 19 1194
5 20 161
5 21 588
5 22 248
5 23 1242
5 24 1327
5 25 1748
5 26 517
5 27 1674
5 28 1700
5 29 469
5 30 1626
5 31 1652
5 32 421
5 33 1578
5 34 1604
5 35 373
5 36 1530
5 37 1556
5 38 325
5 39 1482
5 40 1508
5 41 277
5 42 1434
5 43 1460
5 44 229
5 45 1386
5 46 1412
5 47 181
5 48 1338
5 49 1364
5 50 133
5 51 1290
5 52 1316
5 53 85
5 54 1242
5 55 1268
5 56 37
5 57 1194
5 58 1316
5 59 85
5 60 1242
5 61 1364
5 62 133
5 63 1290
5 64 1412
5 65 181
5 66 1338
5 67 1460
5 68 229
5 69 1386
5 70 1508
5 71 277
5 72 1434
5 73 1556
5 74 325
5 75 1482
5 76 1604
5 77 373
5 78 1530
5 79 1868
6 0 231
6 1 1821
6 2 1089
6 3 1527
6 4 522
6 5 1637
6 6 0
6 7 317
6 8 510
6 9 2375
6 10 1549
6 11 470
6 12 1079
6 13 1557
6 14 1780
6 15 174
6 16 626
6 17 1174
6 18 1784
6 19 569
6 20 1628
6 21 1383
6 22 1619
6 23 521
6 24 436
6 25 111
6 26 1216
6 27 2447
6 28 63
6 29 1168
6 30 2399
6 31 111
6 32 1216
6 33 2447
6 34 159
6 35 1264
6 36 2495
6 37 207
6 38 1312
6 39 2543
6 40 255
6 41 1360
6 42 2591
6 43 303
6 44 1408
6 45 2639
6 46 351
6 47 1456
6 48 2687
6 49 399
6 50 1504
6 51 2735
6 52 447
6 53 1552
6 54 2783
6 55 495
6 56 1600
6 57 2831
6 58 543
6 59 1648
6 60 2879
6 61 591
6 62 1696
6 63 2927
6 64 639
6 65 1744
6 66 2975
6 67 687
6 68 1792
6 69 3023
6 70 735
6 71 1840
6 72 3071
6 73 783
6 74 1888
6 75 3119
6 76 831
6 77 1936
6 78 3167
6 79 231
7 0 422
7 1 1630
7 2 1184
7 3 1336
7 4 617
7 5 1446
7 6 317
7 7 0
7 8 605
7 9 2184
7 10 1358
7 11 565
7 12 1174
7 13 1366
7 14 1589
7 15 143
7 16 721
7 17 1269
7 18 1593
7 19 664
7 20 1437
7 21 1192
7 22 1428
7 23 616
7 24 531
7 25 302
7 26 1121
7 27 2352
7 28 254
7 29 1073
7 30 2304
7 31 206
7 32 1025
7 33 2256
7 34 254
7 35 1073
7 36 2304
7 37 302
7 38 1121
7 39 2352
7 40 350
7 41 1169
7 42 2400
7 43 398
7 44 1217
7 45 2448
7 46 446
7 47 1265
7 48 2496
7 49 494
7 50 1313
7 51 2544
7 52 542
7 53 1361
7 54 2592
7 55 590
7 56 1409
7 57 2640
7 58 638
7 59 1457
7 60 2688
7 61 686
7 62 1505
7 63 2736
7 64 734
7 65 1553
7 66 2784
7 67 782
7 68 1601
7 69 2832
7 70 830
7 71 1649
7 72 2880
7 73 878
7 74 1697
7 75 2928
7 76 926
7 77 1745
7 78 2976
7 79 422
8 0 615
8 1 2013
8 2 705
8 3 1527
8 4 426
8 5 1253
8 6 510
8 7 605
8 8 0
8 9 1991
8 10 1453
8 11 374
8 12 695
8 13 1653
8 14 1396
8 15 462
8 16 530
8 17 790
8 18 1400
8 19 665
8 20 1244
8 21 1671
8 22 1331
8 23 713
8 24 148
8 25 495
8 26 1600
8 27 2831
8 28 447
8 29 1552
8 30 2783
8 31 399
8 32 1504
8 33 2735
8 34 351
8 35 1456
8 36 2687
8 37 303
8 38 1408
8 39 2639
8 40 255
8 41 1360
8 42 2591
8 43 207
8 44 1312
8 45 2543
8 46 159
8 47 1264
8 48 2495
8 49 111
8 50 1216
8 51 2447
8 52 63
8 53 1168
8 54 2399
8 55 111
8 56 1216
8 57 2447
8 58 159
8 59 1264
8 60 2495
8 61 207
8 62 1312
8 63 2543
8 64 255
8 65 1360
8 66 2591
8 67 303
8 68 1408
8 69 2639
8 70 351
8 71 1456
8 72 2687
8 73 399
8 74 1504
8 75 2735
8 76 447
8 77 1552
8 78 2783
8 79 615
9 0 2606
9 1 1668
9 2 1700
9 3 1182
9 4 1979
9 5 812
9 6 2375
9 7 2184
9 8 1991
9 9 0
9 10 1108
9 11 2031
9 12 1422
9 13 1308
9 14 955
9 15 2327
9 16 1875
9 17 1327
9 18 1055
9 19 1932
9 20 899
9 21 1326
9 22 986
9 23 1980
9 24 2065
9 25 2486
9 26 1255
9 27 1320
9 28 2438
9 29 1207
9 30 1272
9 31 2390
9 32 1159
9 33 1224
9 34 2342
9 35 1111
9 36 1176
9 37 2294
9 38 1063
9 39 1128
9 40 2246
9 41 1015
9 42 1080
9 43 2198
9 44 967
9 45 1032
9 46 2150
9 47 919
9 48 984
9 49 2102
9 50 871
9 51 936
9 52 2054
9 53 823
9 54 888
9 55 2006
9 56 775
9 57 840
9 58 1958
9 59 727
9 60 792
9 61 1910
9 62 679
9 63 744
9 64 1862
9 65 631
9 66 696
9 67 1814
9 68 583
9 69 648
9 70 1862
9 71 631
9 72 696
9 73 1910
9 74 679
9 75 744
9 76 1958
9 77 727
9 78 792
9 79 2606
10 0 1780
10 1 842
10 2 1642
10 3 356
10 4 1153
10 5 370
10 6 1549
10 7 1358
10 8 1453
10 9 1108
10 10 0
10 11 1205
10 12 1268
10 13 482
10 14 513
10 15 1501
10 16 1049
10 17 1077
10 18 517
10 19 1106
10 20 361
10 21 500
10 22 352
10 23 1154
10 24 1431
10 25 1660
10 26 429
10 27 1378
10 28 1612
10 29 381
10 30 1330
10 31 1564
10 32 333
10 33 1282
10 34 1516
10 35 285
10 36 1234
10 37 1468
10 38 237
10 39 1186
10 40 1420
10 41 189
10 42 1138
10 43 1372
10 44 141
10 45 1090
10 46 1420
10 47 189
10 48 1138
10 49 1468
10 50 237
10 51 1186
10 52 1516
10 53 285
10 54 1234
10 55 1564
10 56 333
10 57 1282
10 58 1612
10 59 381
10 60 1330
10 61 1660
10 62 429
10 63 1378
10 64 1708
10 65 477
10 66 1426
10 67 1756
10 68 525
10 69 1474
10 70 1804
10 71 573
10 72 1522
10 73 1852
10 74 621
10 75 1570
10 76 1900
10 77 669
10 78 1618
10 79 1780
11 0 575
11 1 1765
11 2 953
11 3 1279
11 4 52
11 5 1293
11 6 470
11 7 565
11 8 374
11 9 2031
11 10 1205
11 11 0
11 12 943
11 13 1405
11 14 1436
11 15 422
11 16 156
11 17 1038
11 18 1440
11 19 625
11 20 1284
11 21 1423
11 22 1275
11 23 673
11 24 300
11 25 455
11 26 1352
11 27 2583
11 28 407
11 29 1304
11 30 2535
11 31 359
11 32 1256
11 33 2487
11 34 311
11 35 1208
11 36 2439
11 37 263
11 38 1160
11 39 2391
11 40 215
11 41 1112
11 42 2343
11 43 167
11 44 1064
11 45 2295
11 46 215
11 47 1112
11 48 2343
11 49 263
11 50 1160
11 51 2391
11 52 311
11 53 1208
11 54 2439
11 55 359
11 56 1256
11 57 2487
11 58 407
11 59 1304
11 60 2535
11 61 455
11 62 1352
11 63 2583
11 64 503
11 65 1400
11 66 2631
11 67 551
11 68 1448
11 69 2679
11 70 599
11 71 1496
11 72 2727
11 73 647
11 74 1544
11 75 2775
11 76 695
11 77 1592
11 78 2823
11 79 575
12 0 1184
12 1 1828
12 2 890
12 3 1342
12 4 995
12 5 972
12 6 1079
12 7 1174
12 8 695
12 9 1422
12 10 1268
12 11 943
12 12 0
12 13 1468
12 14 1115
12 15 1031
12 16 1099
12 17 1071
12 18 1215
12 19 1234
12 20 1059
12 21 1486
12 22 1146
12 23 1282
12 24 717
12 25 1064
12 26 1415
12 27 2646
12 28 1016
12 29 1367
12 30 2598
12 31 968
12 32 1319
12 33 2550
12 34 920
12 35 1271
12 36 2502
12 37 872
12 38 1223
12 39 2454
12 40 824
12 41 1175
12 42 2406
12 43 776
12 44 1127
12 45 2358
12 46 728
12 47 1079
12 48 2310
12 49 680
12 50 1031
12 51 2262
12 52 632
12 53 983
12 54 2214
12 55 584
12 56 935
12 57 2166
12 58 536
12 59 887
12 60 2118
12 61 488
12 62 839
12 63 2070
12 64 440
12 65 791
12 66 2022
12 67 488
12 68 839
12 69 2070
12 70 536
12 71 887
12 72 2118
12 73 584
12 74 935
12 75 2166
12 76 632
12 77 983
12 78 2214
12 79 1184
13 0 1788
13 1 850
13 2 1842
13 3 460
13 4 1353
13 5 570
13 6 1557
13 7 1366
13 8 1653
13 9 1308
13 10 482
13 11 1405
13 12 1468
13 13 0
13 14 713
13 15 1509
13 16 1249
13 17 1277
13 18 717
13 19 1114
13 20 561
13 21 508
13 22 552
13 23 1162
13 24 1631
13 25 1668
13 26 437
13 27 1178
13 28 1620
13 29 389
13 30 1130
13 31 1572
13 32 341
13 33 1082
13 34 1524
13 35 293
13 36 1034
13 37 1476
13 38 245
13 39 986
13 40 1524
13 41 293
13 42 1034
13 43 1572
13 44 341
13 45 1082
13 46 1620
13 47 389
13 48 1130
13 49 1668
13 50 437
13 51 1178
13 52 1716
13 53 485
13 54 1226
13 55 1764
13 56 533
13 57 1274
13 58 1812
13 59 581
13 60 1322
13 61 1860
13 62 629
13 63 1370
13 64 1908
13 65 677
13 66 1418
13 67 1956
13 68 725
13 69 1466
13 70 2004
13 71 773
13 72 1514
13 73 2052
13 74 821
13 75 1562
13 76 2100
13 77 869
13 78 1610
13 79 1788
14 0 2011
14 1 1073
14 2 1489
14 3 587
14 4 1384
14 5 143
14 6 1780
14 7 1589
14 8 1396
14 9 955
14 10 513
14 11 1436
14 12 1115
14 13 713
14 14 0
14 15 1732
14 16 1280
14 17 924
14 18 460
14 19 1337
14 20 304
14 21 731
14 22 391
14 23 1385
14 24 1470
14 25 1891
14 26 660
14 27 1531
14 28 1843
14 29 612
14 30 1483
14 31 1795
14 32 564
14 33 1435
14 34 1747
14 35 516
14 36 1387
14 37 1699
14 38 468
14 39 1339
14 40 1651
14 41 420
14 42 1291
14 43 1603
14 44 372
14 45 1243
14 46 1555
14 47 324
14 48 1195
14 49 1507
14 50 276
14 51 1147
14 52 1459
14 53 228
14 54 1099
14 55 1411
14 56 180
14 57 1051
14 58 1459
14 59 228
14 60 1099
14 61 1507
14 62 276
14 63 1147
14 64 1555
14 65 324
14 66 1195
14 67 1603
14 68 372
14 69 1243
14 70 1651
14 71 420
14 72 1291
14 73 1699
14 74 468
14 75 1339
14 76 1747
14 77 516
14 78 1387
14 79 2011
15 0 279
15 1 1773
15 2 1041
15 3 1479
15 4 474
15 5 1589
15 6 174
15 7 143
15 8 462
15 9 2327
15 10 1501
15 11 422
15 12 1031
15 13 1509
15 14 1732
15 15 0
15 16 578
15 17 1126
15 18 1736
15 19 521
15 20 1580
15 21 1335
15 22 1571
15 23 473
15 24 388
15 25 159
15 26 1264
15 27 2495
15 28 111
15 29 1216
15 30 2447
15 31 63
15 32 1168
15 33 2399
15 34 111
15 35 1216
15 36 2447
15 37 159
15 38 1264
15 39 2495
15 40 207
15 41 1312
15 42 2543
15 43 255
15 44 1360
15 45 2591
15 46 303
15 47 1408
15 48 2639
15 49 351
15 50 1456
15 51 2687
15 52 399
15 53 1504
15 54 2735
15 55 447
15 56 1552
15 57 2783
15 58 495
15 59 1600
15 60 2831
15 61 543
15 62 1648
15 63 2879
15 64 591
15 65 1696
15 66 2927
15 67 639
15 68 1744
15 69 2975
15 70 687
15 71 1792
15 72 3023
15 73 735
15 74 1840
15 75 3071
15 76 783
15 77 1888
15 78 3119
15 79 279
16 0 731
16 1 1609
16 2 1109
16 3 1123
16 4 104
16 5 1137
16 6 626
16 7 721
16 8 530
16 9 1875
16 10 1049
16 11 156
16 12 1099
16 13 1249
16 14 1280
16 15 578
16 16 0
16 17 1194
16 18 1284
16 19 781
16 20 1128
16 21 1267
16 22 1119
16 23 829
16 24 456
16 25 611
16 26 1196
16 27 2427
16 28 563
16 29 1148
16 30 2379
16 31 515
16 32 1100
16 33 2331
16 34 467
16 35 1052
16 36 2283
16 37 419
16 38 1004
16 39 2235
16 40 371
16 41 956
16 42 2187
16 43 323
16 44 908
16 45 2139
16 46 371
16 47 956
16 48 2187
16 49 419
16 50 1004
16 51 2235
16 52 467
16 53 1052
16 54 2283
16 55 515
16 56 1100
16 57 2331
16 58 563
16 59 1148
16 60 2379
16 61 611
16 62 1196
16 63 2427
16 64 659
16 65 1244
16 66 2475
16 67 707
16 68 1292
16 69 2523
16 70 755
16 71 1340
16 72 2571
16 73 803
16 74 1388
16 75 2619
16 76 851
16 77 1436
16 78 2667
16 79 731
17 0 1279
17 1 1637
17 2 1081
17 3 1151
17 4 1090
17 5 781
17 6 1174
17 7 1269
17 8 790
17 9 1327
17 10 1077
17 11 1038
17 12 1071
17 13 1277
17 14 924
17 15 1126
17 16 1194
17 17 0
17 18 1024
17 19 1329
17 20 868
17 21 1295
17 22 955
17 23 1377
17 24 812
17 25 1159
17 26 1224
17 27 2455
17 28 1111
17 29 1176
17 30 2407
17 31 1063
17 32 1128
17 33 2359
17 34 1015
17 35 1080
17 36 2311
17 37 967
17 38 1032
17 39 2263
17 40 919
17 41 984
17 42 2215
17 43 871
17 44 936
17 45 2167
17 46 823
17 47 888
17 48 2119
17 49 775
17 50 840
17 51 2071
17 52 727
17 53 792
17 54 2023
17 55 679
17 56 744
17 57 1975
17 58 631
17 59 696
17 60 1927
17 61 583
17 62 648
17 63 1879
17 64 631
17 65 696
17 66 1927
17 67 679
17 68 744
17 69 1975
17 70 727
17 71 792
17 72 2023
17 73 775
17 74 840
17 75 2071
17 76 823
17 77 888
17 78 2119
17 79 1279
18 0 2015
18 1 1077
18 2 1589
18 3 591
18 4 1388
18 5 317
18 6 1784
18 7 1593
18 8 1400
18 9 1055
18 10 517
18 11 1440
18 12 1215
18 13 717
18 14 460
18 15 1736
18 16 1284
18 17 1024
18 18 0
18 19 1341
18 20 156
18 21 735
18 22 395
18 23 1389
18 24 1474
18 25 1895
18 26 664
18 27 1431
18 28 1847
18 29 616
18 30 1383
18 31 1799
18 32 568
18 33 1335
18 34 1751
18 35 520
18 36 1287
18 37 1703
18 38 472
18 39 1239
18 40 1655
18 41 424
18 42 1191
18 43 1607
18 44 376
18 45 1143
18 46 1559
18 47 328
18 48 1095
18 49 1511
18 50 280
18 51 1047
18 52 1463
18 53 232
18 54 999
18 55 1511
18 56 280
18 57 1047
18 58 1559
18 59 328
18 60 1095
18 61 1607
18 62 376
18 63 1143
18 64 1655
18 65 424
18 66 1191
18 67 1703
18 68 472
18 69 1239
18 70 1751
18 71 520
18 72 1287
18 73 1799
18 74 568
18 75 1335
18 76 1847
18 77 616
18 78 1383
18 79 2015
19 0 674
19 1 1474
19 2 1244
19 3 1084
19 4 677
19 5 1194
19 6 569
19 7 664
19 8 665
19 9 1932
19 10 1106
19 11 625
19 12 1234
19 13 1114
19 14 1337
19 15 521
19 16 781
19 17 1329
19 18 1341
19 19 0
19 20 1185
19 21 1132
19 22 1176
19 23 772
19 24 591
19 25 554
19 26 1061
19 27 2292
19 28 506
19 29 1013
19 30 2244
19 31 458
19 32 965
19 33 2196
19 34 410
19 35 917
19 36 2148
19 37 362
19 38 869
19 39 2100
19 40 410
19 41 917
19 42 2148
19 43 458
19 44 965
19 45 2196
19 46 506
19 47 1013
19 48 2244
19 49 554
19 50 1061
19 51 2292
19 52 602
19 53 1109
19 54 2340
19 55 650
19 56 1157
19 57 2388
19 58 698
19 59 1205
19 60 2436
19 61 746
19 62 1253
19 63 2484
19 64 794
19 65 1301
19 66 2532
19 67 842
19 68 1349
19 69 2580
19 70 890
19 71 1397
19 72 2628
19 73 938
19 74 1445
19 75 2676
19 76 986
19 77 1493
19 78 2724
19 79 674
20 0 1859
20 1 921
20 2 1433
20 3 435
20 4 1232
20 5 161
20 6 1628
20 7 1437
20 8 1244
20 9 899
20 10 361
20 11 1284
20 12 1059
20 13 561
20 14 304
20 15 1580
20 16 1128
20 17 868
20 18 156
20 19 1185
20 20 0
20 21 579
20 22 239
20 23 1233
20 24 1318
20 25 1739
20 26 508
20 27 1587
20 28 1691
20 29 460
20 30 1539
20 31 1643
20 32 412
20 33 1491
20 34 1595
20 35 364
20 36 1443
20 37 1547
20 38 316
20 39 1395
20 40 1499
20 41 268
20 42 1347
20 43 1451
20 44 220
20 45 1299
20 46 1403
20 47 172
20 48 1251
20 49 1355
20 50 124
20 51 1203
20 52 1307
20 53 76
20 54 1155
20 55 1355
20 56 124
20 57 1203
20 58 1403
20 59 172
20 60 1251
20 61 1451
20 62 220
20 63 1299
20 64 1499
20 65 268
20 66 1347
20 67 1547
20 68 316
20 69 1395
20 70 1595
20 71 364
20 72 1443
20 73 1643
20 74 412
20 75 1491
20 76 1691
20 77 460
20 78 1539
20 79 1859
21 0 1614
21 1 772
21 2 1860
21 3 478
21 4 1371
21 5 588
21 6 1383
21 7 1192
21 8 1671
21 9 1326
21 10 500
21 11 1423
21 12 1486
21 13 508
21 14 731
21 15 1335
21 16 1267
21 17 1295
21 18 735
21 19 1132
21 20 579
21 21 0
21 22 570
21 23 1084
21 24 1649
21 25 1494
21 26 263
21 27 1160
21 28 1446
21 29 215
21 30 1112
21 31 1398
21 32 167
21 33 1064
21 34 1446
21 35 215
21 36 1112
21 37 1494
21 38 263
21 39 1160
21 40 1542
21 41 311
21 42 1208
21 43 1590
21 44 359
21 45 1256
21 46 1638
21 47 407
21 48 1304
21 49 1686
21 50 455
21 51 1352
21 52 1734
21 53 503
21 54 1400
21 55 1782
21 56 551
21 57 1448
21 58 1830
21 59 599
21 60 1496
21 61 1878
21 62 647
21 63 1544
21 64 1926
21 65 695
21 66 1592
21 67 1974
21 68 743
21 69 1640
21 70 2022
21 71 791
21 72 1688
21 73 2070
21 74 839
21 75 1736
21 76 2118
21 77 887
21 78 1784
21 79 1614
22 0 1850
22 1 912
22 2 1520
22 3 426
22 4 1223
22 5 248
22 6 1619
22 7 1428
22 8 1331
22 9 986
22 10 352
22 11 1275
22 12 1146
22 13 552
22 14 391
22 15 1571
22 16 1119
22 17 955
22 18 395
22 19 1176
22 20 239
22 21 570
22 22 0
22 23 1224
22 24 1309
22 25 1730
22 26 499
22 27 1500
22 28 1682
22 29 451
22 30 1452
22 31 1634
22 32 403
22 33 1404
22 34 1586
22 35 355
22 36 1356
22 37 1538
22 38 307
22 39 1308
22 40 1490
22 41 259
22 42 1260
22 43 1442
22 44 211
22 45 1212
22 46 1394
22 47 163
22 48 1164
22 49 1346
22 50 115
22 51 1116
22 52 1394
22 53 163
22 54 1164
22 55 1442
22 56 211
22 57 1212
22 58 1490
22 59 259
22 60 1260
22 61 1538
22 62 307
22 63 1308
22 64 1586
22 65 355
22 66 1356
22 67 1634
22 68 403
22 69 1404
22 70 1682
22 71 451
22 72 1452
22 73 1730
22 74 499
22 75 1500
22 76 1778
22 77 547
22 78 1548
22 79 1850
23 0 626
23 1 1426
23 2 1292
23 3 1132
23 4 725
23 5 1242
23 6 521
23 7 616
23 8 713
23 9 1980
23 10 1154
23 11 673
23 12 1282
23 13 1162
23 14 1385
23 15 473
23 16 829
23 17 1377
23 18 1389
23 19 772
23 20 1233
23 21 1084
23 22 1224
23 23 0
23 24 639
23 25 506
23 26 1013
23 27 2244
23 28 458
23 29 965
23 30 2196
23 31 410
23 32 917
23 33 2148
23 34 362
23 35 869
23 36 2100
23 37 410
23 38 917
23 39 2148
23 40 458
23 41 965
23 42 2196
23 43 506
23 44 1013
23 45 2244
23 46 554
23 47 1061
23 48 2292
23 49 602
23 50 1109
23 51 2340
23 52 650
23 53 1157
23 54 2388
23 55 698
23 56 1205
23 57 2436
23 58 746
23 59 1253
23 60 2484
23 61 794
23 62 1301
23 63 2532
23 64 842
23 65 1349
23 66 2580
23 67 890
23 68 1397
23 69 2628
23 70 938
23 71 1445
23 72 2676
23 73 986
23 74 1493
23 75 2724
23 76 1034
23 77 1541
23 78 2772
23 79 626
24 0 541
24 1 1991
24 2 727
24 3 1505
24 4 352
24 5 1327
24 6 436
24 7 531
24 8 148
24 9 2065
24 10 1431
24 11 300
24 12 717
24 13 1631
24 14 1470
24 15 388
24 16 456
24 17 812
24 18 1474
24 19 591
24 20 1318
24 21 1649
24 22 1309
24 23 639
24 24 0
24 25 421
24 26 1578
24 27 2809
24 28 373
24 29 1530
24 30 2761
24 31 325
24 32 1482
24 33 2713
24 34 277
24 35 1434
24 36 2665
24 37 229
24 38 1386
24 39 2617
24 40 181
24 41 1338
24 42 2569
24 43 133
24 44 1290
24 45 2521
24 46 85
24 47 1242
24 48 2473
24 49 37
24 50 1194
24 51 2425
24 52 85
24 53 1242
24 54 2473
24 55 133
24 56 1290
24 57 2521
24 58 181
24 59 1338
24 60 2569
24 61 229
24 62 1386
24 63 2617
24 64 277
24 65 1434
24 66 2665
24 67 325
24 68 1482
24 69 2713
24 70 373
24 71 1530
24 72 2761
24 73 421
24 74 1578
24 75 2809
24 76 469
24 77 1626
24 78 2857
24 79 541
25 0 120
25 1 1932
25 2 1074
25 3 1638
25 4 507
25 5 1748
25 6 111
25 7 302
25 8 495
25 9 2486
25 10 1660
25 11 455
25 12 1064
25 13 1668
25 14 1891
25 15 159
25 16 611
25 17 1159
25 18 1895
25 19 554
25 20 1739
25 21 1494
25 22 1730
25 23 506
25 24 421
25 25 0
25 26 1231
25 27 2462
25 28 48
25 29 1279
25 30 2510
25 31 96
25 32 1327
25 33 2558
25 34 144
25 35 1375
25 36 2606
25 37 192
25 38 1423
25 39 2654
25 40 240
25 41 1471
25 42 2702
25 43 288
25 44 1519
25 45 2750
25 46 336
25 47 1567
25 48 2798
25 49 384
25 50 1615
25 51 2846
25 52 432
25 53 1663
25 54 2894
25 55 480
25 56 1711
25 57 2942
25 58 528
25 59 1759
25 60 2990
25 61 576
25 62 1807
25 63 3038
25 64 624
25 65 1855
25 66 3086
25 67 672
25 68 1903
25 69 3134
25 70 720
25 71 1951
25 72 3182
25 73 768
25 74 1999
25 75 3230
25 76 816
25 77 2047
25 78 3278
25 79 120
26 0 1351
26 1 701
26 2 1789
26 3 407
26 4 1300
26 5 517
26 6 1216
26 7 1121
26 8 1600
26 9 1255
26 10 429
26 11 1352
26 12 1415
26 13 437
26 14 660
26 15 1264
26 16 1196
26 17 1224
26 18 664
26 19 1061
26 20 508
26 21 263
26 22 499
26 23 1013
26 24 1578
26 25 1231
26 26 0
26 27 1231
26 28 1279
26 29 48
26 30 1279
26 31 1327
26 32 96
26 33 1327
26 34 1375
26 35 144
26 36 1375
26 37 1423
26 38 192
26 39 1423
26 40 1471
26 41 240
26 42 1471
26 43 1519
26 44 288
26 45 1519
26 46 1567
26 47 336
26 48 1567
26 49 1615
26 50 384
26 51 1615
26 52 1663
26 53 432
26 54 1663
26 55 1711
26 56 480
26 57 1711
26 58 1759
26 59 528
26 60 1759
26 61 1807
26 62 576
26 63 1807
26 64 1855
26 65 624
26 66 1855
26 67 1903
26 68 672
26 69 1903
26 70 1951
26 71 720
26 72 1951
26 73 1999
26 74 768
26 75 1999
26 76 2047
26 77 816
26 78 2047
26 79 1351
27 0 2582
27 1 818
27 2 3020
27 3 1304
27 4 2531
27 5 1674
27 6 2447
27 7 2352
27 8 2831
27 9 1320
27 10 1378
27 11 2583
27 12 2646
27 13 1178
27 14 1531
27 15 2495
27 16 2427
27 17 2455
27 18 1431
27 19 2292
27 20 1587
27 21 1160
27 22 1500
27 23 2244
27 24 2809
27 25 2462
27 26 1231
27 27 0
27 28 2510
27 29 1279
27 30 48
27 31 2558
27 32 1327
27 33 96
27 34 2606
27 35 1375
27 36 144
27 37 2654
27 38 1423
27 39 192
27 40 2702
27 41 1471
27 42 240
27 43 2750
27 44 1519
27 45 288
27 46 2798
27 47 1567
27 48 336
27 49 2846
27 50 1615
27 51 384
27 52 2894
27 53 1663
27 54 432
27 55 2942
27 56 1711
27 57 480
27 58 2990
27 59 1759
27 60 528
27 61 3038
27 62 1807
27 63 576
27 64 3086
27 65 1855
27 66 624
27 67 3134
27 68 1903
27 69 672
27 70 3182
27 71 1951
27 72 720
27 73 3230
27 74 1999
27 75 768
27 76 3278
27 77 2047
27 78 816
27 79 2582
28 0 168
28 1 1884
28 2 1026
28 3 1590
28 4 459
28 5 1700
28 6 63
28 7 254
28 8 447
28 9 2438
28 10 1612
28 11 407
28 12 1016
28 13 1620
28 14 1843
28 15 111
28 16 563
28 17 1111
28 18 1847
28 19 506
28 20 1691
28 21 1446
28 22 1682
28 23 458
28 24 373
28 25 48
28 26 1279
28 27 2510
28 28 0
28 29 1231
28 30 2462
28 31 48
28 32 1279
28 33 2510
28 34 96
28 35 1327
28 36 2558
28 37 144
28 38 1375
28 39 2606
28 40 192
28 41 1423
28 42 2654
28 43 240
28 44 1471
28 45 2702
28 46 288
28 47 1519
28 48 2750
28 49 336
28 50 1567
28 51 2798
28 52 384
28 53 1615
28 54 2846
28 55 432
28 56 1663
28 57 2894
28 58 480
28 59 1711
28 60 2942
28 61 528
28 62 1759
28 63 2990
28 64 576
28 65 1807
28 66 3038
28 67 624
28 68 1855
28 69 3086
28 70 672
28 71 1903
28 72 3134
28 73 720
28 74 1951
28 75 3182
28 76 768
28 77 1999
28 78 3230
28 79 168
29 0 1399
29 1 653
29 2 1741
29 3 359
29 4 1252
29 5 469
29 6 1168
29 7 1073
29 8 1552
29 9 1207
29 10 381
29 11 1304
29 12 1367
29 13 389
29 14 612
29 15 1216
29 16 1148
29 17 1176
29 18 616
29 19 1013
29 20 460
29 21 215
29 22 451
29 23 965
29 24 1530
29 25 1279
29 26 48
29 27 1279
29 28 1231
29 29 0
29 30 1231
29 31 1279
29 32 48
29 33 1279
29 34 1327
29 35 96
29 36 1327
29 37 1375
29 38 144
29 39 1375
29 40 1423
29 41 192
29 42 1423
29 43 1471
29 44 240
29 45 1471
29 46 1519
29 47 288
29 48 1519
29 49 1567
29 50 336
29 51 1567
29 52 1615
29 53 384
29 54 1615
29 55 1663
29 56 432
29 57 1663
29 58 1711
29 59 480
29 60 1711
29 61 1759
29 62 528
29 63 1759
29 64 1807
29 65 576
29 66 1807
29 67 1855
29 68 624
29 69 1855
29 70 1903
29 71 672
29 72 1903
29 73 1951
29 74 720
29 75 1951
29 76 1999
29 77 768
29 78 1999
29 79 1399
30 0 2630
30 1 770
30 2 2972
30 3 1256
30 4 2483
30 5 1626
30 6 2399
30 7 2304
30 8 2783
30 9 1272
30 10 1330
30 11 2535
30 12 2598
30 13 1130
30 14 1483
30 15 2447
30 16 2379
30 17 2407
30 18 1383
30 19 2244
30 20 1539
30 21 1112
30 22 1452
30 23 2196
30 24 2761
30 25 2510
30 26 1279
30 27 48
30 28 2462
30 29 1231
30 30 0
30 31 2510
30 32 1279
30 33 48
30 34 2558
30 35 1327
30 36 96
30 37 2606
30 38 1375
30 39 144
30 40 2654
30 41 1423
30 42 192
30 43 2702
30 44 1471
30 45 240
30 46 2750
30 47 1519
30 48 288
30 49 2798
30 50 1567
30 51 336
30 52 2846
30 53 1615
30 54 384
30 55 2894
30 56 1663
30 57 432
30 58 2942
30 59 1711
30 60 480
30 61 2990
30 62 1759
30 63 528
30 64 3038
30 65 1807
30 66 576
30 67 3086
30 68 1855
30 69 624
30 70 3134
30 71 1903
30 72 672
30 73 3182
30 74 1951
30 75 720
30 76 3230
30 77 1999
30 78 768
30 79 2630
31 0 216
31 1 1836
31 2 978
31 3 1542
31 4 411
31 5 1652
31 6 111
31 7 206
31 8 399
31 9 2390
31 10 1564
31 11 359
31 12 968
31 13 1572
31 14 1795
31 15 63
31 16 515
31 17 1063
31 18 1799
31 19 458
31 20 1643
31 21 1398
31 22 1634
31 23 410
31 24 325
31 25 96
31 26 1327
31 27 2558
31 28 48
31 29 1279
31 30 2510
31 31 0
31 32 1231
31 33 2462
31 34 48
31 35 1279
31 36 2510
31 37 96
31 38 1327
31 39 2558
31 40 144
31 41 1375
31 42 2606
31 43 192
31 44 1423
31 45 2654
31 46 240
31 47 1471
31 48 2702
31 49 288
31 50 1519
31 51 2750
31 52 336
31 53 1567
31 54 2798
31 55 384
31 56 1615
31 57 2846
31 58 432
31 59 1663
31 60 2894
31 61 480
31 62 1711
31 63 2942
31 64 528
31 65 1759
31 66 2990
31 67 576
31 68 1807
31 69 3038
31 70 624
31 71 1855
31 72 3086
31 73 672
31 74 1903
31 75 3134
31 76 720
31 77 1951
31 78 3182
31 79 216
32 0 1447
32 1 605
32 2 1693
32 3 311
32 4 1204
32 5 421
32 6 1216
32 7 1025
32 8 1504
32 9 1159
32 10 333
32 11 1256
32 12 1319
32 13 341
32 14 564
32 15 1168
32 16 1100
32 17 1128
32 18 568
32 19 965
32 20 412
32 21 167
32 22 403
32 23 917
32 24 1482
32 25 1327
32 26 96
32 27 1327
32 28 1279
32 29 48
32 30 1279
32 31 1231
32 32 0
32 33 1231
32 34 1279
32 35 48
32 36 1279
32 37 1327
32 38 96
32 39 1327
32 40 1375
32 41 144
32 42 1375
32 43 1423
32 44 192
32 45 1423
32 46 1471
32 47 240
32 48 1471
32 49 1519
32 50 288
32 51 1519
32 52 1567
32 53 336
32 54 1567
32 55 1615
32 56 384
32 57 1615
32 58 1663
32 59 432
32 60 1663
32 61 1711
32 62 480
32 63 1711
32 64 1759
32 65 528
32 66 1759
32 67 1807
32 68 576
32 69 1807
32 70 1855
32 71 624
32 72 1855
32 73 1903
32 74 672
32 75 1903
32 76 1951
32 77 720
32 78 1951
32 79 1447
33 0 2678
33 1 722
33 2 2924
33 3 1208
33 4 2435
33 5 1578
33 6 2447
33 7 2256
33 8 2735
33 9 1224
33 10 1282
33 11 2487
33 12 2550
33 13 1082
33 14 1435
33 15 2399
33 16 2331
33 17 2359
33 18 1335
33 19 2196
33 20 1491
33 21 1064
33 22 1404
33 23 2148
33 24 2713
33 25 2558
33 26 1327
33 27 96
33 28 2510
33 29 1279
33 30 48
33 31 2462
33 32 1231
33 33 0
33 34 2510
33 35 1279
33 36 48
33 37 2558
33 38 1327
33 39 96
33 40 2606
33 41 1375
33 42 144
33 43 2654
33 44 1423
33 45 192
33 46 2702
33 47 1471
33 48 240
33 49 2750
33 50 1519
33 51 288
33 52 2798
33 53 1567
33 54 336
33 55 2846
33 56 1615
33 57 384
33 58 2894
33 59 1663
33 60 432
33 61 2942
33 62 1711
33 63 480
33 64 2990
33 65 1759
33 66 528
33 67 3038
33 68 1807
33 69 576
33 70 3086
33 71 1855
33 72 624
33 73 3134
33 74 1903
33 75 672
33 76 3182
33 77 1951
33 78 720
33 79 2678
34 0 264
34 1 1788
34 2 930
34 3 1494
34 4 363
34 5 1604
34 6 159
34 7 254
34 8 351
34 9 2342
34 10 1516
34 11 311
34 12 920
34 13 1524
34 14 1747
34 15 111
34 16 467
34 17 1015
34 18 1751
34 19 410
34 20 1595
34 21 1446
34 22 1586
34 23 362
34 24 277
34 25 144
34 26 1375
34 27 2606
34 28 96
34 29 1327
34 30 2558
34 31 48
34 32 1279
34 33 2510
34 34 0
34 35 1231
34 36 2462
34 37 48
34 38 1279
34 39 2510
34 40 96
34 41 1327
34 42 2558
34 43 144
34 44 1375
34 45 2606
34 46 192
34 47 1423
34 48 2654
34 49 240
34 50 1471
34 51 2702
34 52 288
34 53 1519
34 54 2750
34 55 336
34 56 1567
34 57 2798
34 58 384
34 59 1615
34 60 2846
34 61 432
34 62 1663
34 63 2894
34 64 480
34 65 1711
34 66 2942
34 67 528
34 68 1759
34 69 2990
34 70 576
34 71 1807
34 72 3038
34 73 624
34 74 1855
34 75 3086
34 76 672
34 77 1903
34 78 3134
34 79 264
35 0 1495
35 1 557
35 2 1645
35 3 263
35 4 1156
35 5 373
35 6 1264
35 7 1073
35 8 1456
35 9 1111
35 10 285
35 11 1208
35 12 1271
35 13 293
35 14 516
35 15 1216
35 16 1052
35 17 1080
35 18 520
35 19 917
35 20 364
35 21 215
35 22 355
35 23 869
35 24 1434
35 25 1375
35 26 144
35 27 1375
35 28 1327
35 29 96
35 30 1327
35 31 1279
35 32 48
35 33 1279
35 34 1231
35 35 0
35 36 1231
35 37 1279
35 38 48
35 39 1279
35 40 1327
35 41 96
35 42 1327
35 43 1375
35 44 144
35 45 1375
35 46 1423
35 47 192
35 48 1423
35 49 1471
35 50 240
35 51 1471
35 52 1519
35 53 288
35 54 1519
35 55 1567
35 56 336
35 57 1567
35 58 1615
35 59 384
35 60 1615
35 61 1663
35 62 432
35 63 1663
35 64 1711
35 65 480
35 66 1711
35 67 1759
35 68 528
35 69 1759
35 70 1807
35 71 576
35 72 1807
35 73 1855
35 74 624
35 75 1855
35 76 1903
35 77 672
35 78 1903
35 79 1495
36 0 2726
36 1 674
36 2 2876
36 3 1160
36 4 2387
36 5 1530
36 6 2495
36 7 2304
36 8 2687
36 9 1176
36 10 1234
36 11 2439
36 12 2502
36 13 1034
36 14 1387
36 15 2447
36 16 2283
36 17 2311
36 18 1287
36 19 2148
36 20 1443
36 21 1112
36 22 1356
36 23 2100
36 24 2665
36 25 2606
36 26 1375
36 27 144
36 28 2558
36 29 1327
36 30 96
36 31 2510
36 32 1279
36 33 48
36 34 2462
36 35 1231
36 36 0
36 37 2510
36 38 1279
36 39 48
36 40 2558
36 41 1327
36 42 96
36 43 2606
36 44 1375
36 45 144
36 46 2654
36 47 1423
36 48 192
36 49 2702
36 50 1471
36 51 240
36 52 2750
36 53 1519
36 54 288
36 55 2798
36 56 1567
36 57 336
36 58 2846
36 59 1615
36 60 384
36 61 2894
36 62 1663
36 63 432
36 64 2942
36 65 1711
36 66 480
36 67 2990
36 68 1759
36 69 528
36 70 3038
36 71 1807
36 72 576
36 73 3086
36 74 1855
36 75 624
36 76 3134
36 77 1903
36 78 672
36 79 2726
37 0 312
37 1 1836
37 2 882
37 3 1446
37 4 315
37 5 1556
37 6 207
37 7 302
37 8 303
37 9 2294
37 10 1468
37 11 263
37 12 872
37 13 1476
37 14 1699
37 15 159
37 16 419
37 17 967
37 18 1703
37 19 362
37 20 1547
37 21 1494
37 22 1538
37 23 410
37 24 229
37 25 192
37 26 1423
37 27 2654
37 28 144
37 29 1375
37 30 2606
37 31 96
37 32 1327
37 33 2558
37 34 48
37 35 1279
37 36 2510
37 37 0
37 38 1231
37 39 2462
37 40 48
37 41 1279
37 42 2510
37 43 96
37 44 1327
37 45 2558
37 46 144
37 47 1375
37 48 2606
37 49 192
37 50 1423
37 51 2654
37 52 240
37 53 1471
37 54 2702
37 55 288
37 56 1519
37 57 2750
37 58 336
37 59 1567
37 60 2798
37 61 384
37 62 1615
37 63 2846
37 64 432
37 65 1663
37 66 2894
37 67 480
37 68 1711
37 69 2942
37 70 528
37 71 1759
37 72 2990
37 73 576
37 74 1807
37 75 3038
37 76 624
37 77 1855
37 78 3086
37 79 312
38 0 1543
38 1 605
38 2 1597
38 3 215
38 4 1108
38 5 325
38 6 1312
38 7 1121
38 8 1408
38 9 1063
38 10 237
38 11 1160
38 12 1223
38 13 245
38 14 468
38 15 1264
38 16 1004
38 17 1032
38 18 472
38 19 869
38 20 316
38 21 263
38 22 307
38 23 917
38 24 1386
38 25 1423
38 26 192
38 27 1423
38 28 1375
38 29 144
38 30 1375
38 31 1327
38 32 96
38 33 1327
38 34 1279
38 35 48
38 36 1279
38 37 1231
38 38 0
38 39 1231
38 40 1279
38 41 48
38 42 1279
38 43 1327
38 44 96
38 45 1327
38 46 1375
38 47 144
38 48 1375
38 49 1423
38 50 192
38 51 1423
38 52 1471
38 53 240
38 54 1471
38 55 1519
38 56 288
38 57 1519
38 58 1567
38 59 336
38 60 1567
38 61 1615
38 62 384
38 63 1615
38 64 1663
38 65 432
38 66 1663
38 67 1711
38 68 480
38 69 1711
38 70 1759
38 71 528
38 72 1759
38 73 1807
38 74 576
38 75 1807
38 76 1855
38 77 624
38 78 1855
38 79 1543
39 0 2774
39 1 722
39 2 2828
39 3 1112
39 4 2339
39 5 1482
39 6 2543
39 7 2352
39 8 2639
39 9 1128
39 10 1186
39 11 2391
39 12 2454
39 13 986
39 14 1339
39 15 2495
39 16 2235
39 17 2263
39 18 1239
39 19 2100
39 20 1395
39 21 1160
39 22 1308
39 23 2148
39 24 2617
39 25 2654
39 26 1423
39 27 192
39 28 2606
39 29 1375
39 30 144
39 31 2558
39 32 1327
39 33 96
39 34 2510
39 35 1279
39 36 48
39 37 2462
39 38 1231
39 39 0
39 40 2510
39 41 1279
39 42 48
39 43 2558
39 44 1327
39 45 96
39 46 2606
39 47 1375
39 48 144
39 49 2654
39 50 1423
39 51 192
39 52 2702
39 53 1471
39 54 240
39 55 2750
39 56 1519
39 57 288
39 58 2798
39 59 1567
39 60 336
39 61 2846
39 62 1615
39 63 384
39 64 2894
39 65 1663
39 66 432
39 67 2942
39 68 1711
39 69 480
39 70 2990
39 71 1759
39 72 528
39 73 3038
39 74 1807
39 75 576
39 76 3086
39 77 1855
39 78 624
39 79 2774
40 0 360
40 1 1884
40 2 834
40 3 1398
40 4 267
40 5 1508
40 6 255
40 7 350
40 8 255
40 9 2246
40 10 1420
40 11 215
40 12 824
40 13 1524
40 14 1651
40 15 207
40 16 371
40 17 919
40 18 1655
40 19 410
40 20 1499
40 21 1542
40 22 1490
40 23 458
40 24 181
40 25 240
40 26 1471
40 27 2702
40 28 192
40 29 1423
40 30 2654
40 31 144
40 32 1375
40 33 2606
40 34 96
40 35 1327
40 36 2558
40 37 48
40 38 1279
40 39 2510
40 40 0
40 41 1231
40 42 2462
40 43 48
40 44 1279
40 45 2510
40 46 96
40 47 1327
40 48 2558
40 49 144
40 50 1375
40 51 2606
40 52 192
40 53 1423
40 54 2654
40 55 240
40 56 1471
40 57 2702
40 58 288
40 59 1519
40 60 2750
40 61 336
40 62 1567
40 63 2798
40 64 384
40 65 1615
40 66 2846
40 67 432
40 68 1663
40 69 2894
40 70 480
40 71 1711
40 72 2942
40 73 528
40 74 1759
40 75 2990
40 76 576
40 77 1807
40 78 3038
40 79 360
41 0 1591
41 1 653
41 2 1549
41 3 167
41 4 1060
41 5 277
41 6 1360
41 7 1169
41 8 1360
41 9 1015
41 10 189
41 11 1112
41 12 1175
41 13 293
41 14 420
41 15 1312
41 16 956
41 17 984
41 18 424
41 19 917
41 20 268
41 21 311
41 22 259
41 23 965
41 24 1338
41 25 1471
41 26 240
41 27 1471
41 28 1423
41 29 192
41 30 1423
41 31 1375
41 32 144
41 33 1375
41 34 1327
41 35 96
41 36 1327
41 37 1279
41 38 48
41 39 1279
41 40 1231
41 41 0
41 42 1231
41 43 1279
41 44 48
41 45 1279
41 46 1327
41 47 96
41 48 1327
41 49 1375
41 50 144
41 51 1375
41 52 1423
41 53 192
41 54 1423
41 55 1471
41 56 240
41 57 1471
41 58 1519
41 59 288
41 60 1519
41 61 1567
41 62 336
41 63 1567
41 64 1615
41 65 384
41 66 1615
41 67 1663
41 68 432
41 69 1663
41 70 1711
41 71 480
41 72 1711
41 73 1759
41 74 528
41 75 1759
41 76 1807
41 77 576
41 78 1807
41 79 1591
42 0 2822
42 1 770
42 2 2780
42 3 1064
42 4 2291
42 5 1434
42 6 2591
42 7 2400
42 8 2591
42 9 1080
42 10 1138
42 11 2343
42 12 2406
42 13 1034
42 14 1291
42 15 2543
42 16 2187
42 17 2215
42 18 1191
42 19 2148
42 20 1347
42 21 1208
42 22 1260
42 23 2196
42 24 2569
42 25 2702
42 26 1471
42 27 240
42 28 2654
42 29 1423
42 30 192
42 31 2606
42 32 1375
42 33 144
42 34 2558
42 35 1327
42 36 96
42 37 2510
42 38 1279
42 39 48
42 40 2462
42 41 1231
42 42 0
42 43 2510
42 44 1279
42 45 48
42 46 2558
42 47 1327
42 48 96
42 49 2606
42 50 1375
42 51 144
42 52 2654
42 53 1423
42 54 192
42 55 2702
42 56 1471
42 57 240
42 58 2750
42 59 1519
42 60 288
42 61 2798
42 62 1567
42 63 336
42 64 2846
42 65 1615
42 66 384
42 67 2894
42 68 1663
42 69 432
42 70 2942
42 71 1711
42 72 480
42 73 2990
42 74 1759
42 75 528
42 76 3038
42 77 1807
42 78 576
42 79 2822
43 0 408
43 1 1932
43 2 786
43 3 1446
43 4 219
43 5 1460
43 6 303
43 7 398
43 8 207
43 9 2198
43 10 1372
43 11 167
43 12 776
43 13 1572
43 14 1603
43 15 255
43 16 323
43 17 871
43 18 1607
43 19 458
43 20 1451
43 21 1590
43 22 1442
43 23 506
43 24 133
43 25 288
43 26 1519
43 27 2750
43 28 240
43 29 1471
43 30 2702
43 31 192
43 32 1423
43 33 2654
43 34 144
43 35 1375
43 36 2606
43 37 96
43 38 1327
43 39 2558
43 40 48
43 41 1279
43 42 2510
43 43 0
43 44 1231
43 45 2462
43 46 48
43 47 1279
43 48 2510
43 49 96
43 50 1327
43 51 2558
43 52 144
43 53 1375
43 54 2606
43 55 192
43 56 1423
43 57 2654
43 58 240
43 59 1471
43 60 2702
43 61 288
43 62 1519
43 63 2750
43 64 336
43 65 1567
43 66 2798
43 67 384
43 68 1615
43 69 2846
43 70 432
43 71 1663
43 72 2894
43 73 480
43 74 1711
43 75 2942
43 76 528
43 77 1759
43 78 2990
43 79 408
44 0 1639
44 1 701
44 2 1501
44 3 215
44 4 1012
44 5 229
44 6 1408
44 7 1217
44 8 1312
44 9 967
44 10 141
44 11 1064
44 12 1127
44 13 341
44 14 372
44 15 1360
44 16 908
44 17 936
44 18 376
44 19 965
44 20 220
44 21 359
44 22 211
44 23 1013
44 24 1290
44 25 1519
44 26 288
44 27 1519
44 28 1471
44 29 240
44 30 1471
44 31 1423
44 32 192
44 33 1423
44 34 1375
44 35 144
44 36 1375
44 37 1327
44 38 96
44 39 1327
44 40 1279
44 41 48
44 42 1279
44 43 1231
44 44 0
44 45 1231
44 46 1279
44 47 48
44 48 1279
44 49 1327
44 50 96
44 51 1327
44 52 1375
44 53 144
44 54 1375
44 55 1423
44 56 192
44 57 1423
44 58 1471
44 59 240
44 60 1471
44 61 1519
44 62 288
44 63 1519
44 64 1567
44 65 336
44 66 1567
44 67 1615
44 68 384
44 69 1615
44 70 1663
44 71 432
44 72 1663
44 73 1711
44 74 480
44 75 1711
44 76 1759
44 77 528
44 78 1759
44 79 1639
45 0 2870
45 1 818
45 2 2732
45 3 1112
45 4 2243
45 5 1386
45 6 2639
45 7 2448
45 8 2543
45 9 1032
