//alpha
1
//NbLocations
67
//NbProducts
30
//NbPickers
2
//CapaPicker
8
//TimeToTravelOneDistanceUnit
3
//SetupTime
5400
//PickTime
300
//Products
//Idx Location Size
1 1 1
2 2 1
3 3 1
4 4 1
5 5 1
6 6 1
7 7 1
8 8 1
9 9 1
10 10 1
11 11 1
12 12 1
13 13 1
14 14 1
15 15 1
16 16 1
17 17 1
18 18 1
19 19 1
20 20 1
21 21 1
22 22 1
23 23 1
24 24 1
25 25 1
26 26 1
27 27 1
28 28 1
29 29 1
30 30 1
//Orders
//NbOrders
12
//Idx DueDate TardinessPenalty NbProdInOrder ProdIdx1 Qty1 ProdIdx2 Qty2 ...
1 54000 0 1 1 1
2 54000 0 8 2 1 3 1 4 1 5 1 6 1 7 1 8 1 9 1
3 108000 0 1 10 1
4 72000 0 5 11 1 12 1 13 1 14 1 15 1
5 108000 0 1 16 1
6 72000 0 3 17 1 18 1 19 1
7 72000 0 2 20 1 21 1
8 36000 0 1 22 1
9 72000 0 4 23 1 24 1 25 1 26 1
10 90000 0 1 27 1
11 108000 0 1 28 1
12 108000 0 2 29 1 30 1
//Graph (Products are vertices indexed from 1 to NbProducts)
//NbVerticesIntersections
36
//DepartingDepot
0
//ArrivalDepot
67
//Arcs
//Start End Distance
0 31 120
1 16 325
1 36 89
2 26 546
2 55 128
3 12 0
3 20 91
4 64 89
4 65 752
5 56 154
5 57 687
6 31 115
6 32 726
7 19 117
7 38 635
8 25 364
8 47 50
9 43 37
9 44 804
10 17 117
10 40 37
11 24 364
11 34 427
12 3 0
12 45 713
13 18 78
13 50 50
14 30 650
14 33 63
15 28 26
15 42 739
16 1 325
16 35 427
17 10 117
17 41 687
18 13 78
18 51 713
19 7 117
19 37 89
20 3 91
20 44 37
21 46 154
21 47 687
22 27 351
22 59 349
23 29 208
23 39 427
24 11 364
24 35 50
25 8 364
25 48 427
26 2 546
26 56 167
27 22 351
27 60 141
28 15 26
28 41 76
29 23 208
29 38 206
30 14 650
30 32 128
31 6 115
31 34 48
31 67 120
32 6 726
32 30 128
32 35 48
33 14 63
33 36 48
34 11 427
34 31 48
34 37 48
35 16 427
35 24 50
35 32 48
35 38 48
36 1 89
36 33 48
36 39 48
37 19 89
37 34 48
37 40 48
38 7 635
38 29 206
38 35 48
38 41 48
39 23 427
39 36 48
39 42 48
40 10 37
40 37 48
40 43 48
41 17 687
41 28 76
41 38 48
41 44 48
42 15 739
42 39 48
42 45 48
43 9 37
43 40 48
43 46 48
44 9 804
44 20 37
44 41 48
44 47 48
45 12 713
45 42 48
45 48 48
46 21 154
46 43 48
46 49 48
47 8 50
47 21 687
47 44 48
47 50 48
48 25 427
48 45 48
48 51 48
49 46 48
49 50 841
49 52 48
50 13 50
50 47 48
50 49 841
50 53 48
51 18 713
51 48 48
51 54 48
52 49 48
52 53 841
52 55 48
53 50 48
53 52 841
53 54 841
53 56 48
54 51 48
54 53 841
54 57 48
55 2 128
55 52 48
55 58 48
56 5 154
56 26 167
56 53 48
56 59 48
57 5 687
57 54 48
57 60 48
58 55 48
58 59 841
58 61 48
59 22 349
59 56 48
59 58 841
59 62 48
60 27 141
60 57 48
60 63 48
61 58 48
61 62 841
61 64 48
62 59 48
62 61 841
62 63 841
62 65 48
63 60 48
63 62 841
63 66 48
64 4 89
64 61 48
65 4 752
65 62 48
65 66 841
66 63 48
66 65 841
//LocStart LocEnd ShortestPath
0 0 0
0 1 1761
0 2 632
0 3 1281
0 4 737
0 5 1499
0 6 235
0 7 422
0 8 1251
0 9 349
0 10 301
0 11 595
0 12 1281
0 13 1299
0 14 1739
0 15 1207
0 16 1436
0 17 418
0 18 1377
0 19 305
0 20 1190
0 21 514
0 22 1742
0 23 1471
0 24 959
0 25 1615
0 26 1178
0 27 2093
0 28 1181
0 29 1263
0 30 1089
0 31 120
0 32 961
0 33 1802
0 34 168
0 35 1009
0 36 1850
0 37 216
0 38 1057
0 39 1898
0 40 264
0 41 1105
0 42 1946
0 43 312
0 44 1153
0 45 1994
0 46 360
0 47 1201
0 48 2042
0 49 408
0 50 1249
0 51 2090
0 52 456
0 53 1297
0 54 2138
0 55 504
0 56 1345
0 57 2186
0 58 552
0 59 1393
0 60 2234
0 61 600
0 62 1441
0 63 2282
0 64 648
0 65 1489
0 66 2330
0 67 0
1 0 1761
1 1 0
1 2 1801
1 3 946
1 4 1984
1 5 1112
1 6 1526
1 7 1435
1 8 994
1 9 1700
1 10 1652
1 11 1166
1 12 946
1 13 1042
1 14 200
1 15 924
1 16 325
1 17 1535
1 18 1042
1 19 1552
1 20 933
1 21 1631
1 22 965
1 23 564
1 24 802
1 25 708
1 26 1255
1 27 614
1 28 924
1 29 772
1 30 850
1 31 1641
1 32 800
1 33 137
1 34 1593
1 35 752
1 36 89
1 37 1641
1 38 800
1 39 137
1 40 1689
1 41 848
1 42 185
1 43 1737
1 44 896
1 45 233
1 46 1785
1 47 944
1 48 281
1 49 1833
1 50 992
1 51 329
1 52 1881
1 53 1040
1 54 377
1 55 1929
1 56 1088
1 57 425
1 58 1977
1 59 1136
1 60 473
1 61 2025
1 62 1184
1 63 521
1 64 2073
1 65 1232
1 66 569
1 67 1761
2 0 632
2 1 1801
2 2 0
2 3 1033
2 4 361
2 5 867
2 6 627
2 7 622
2 8 907
2 9 357
2 10 405
2 11 891
2 12 1033
2 13 859
2 14 1875
2 15 1055
2 16 1476
2 17 522
2 18 937
2 19 505
2 20 942
2 21 426
2 22 1110
2 23 1415
2 24 1099
2 25 1271
2 26 546
2 27 1461
2 28 1029
2 29 1207
2 30 1225
2 31 512
2 32 1097
2 33 1938
2 34 464
2 35 1049
2 36 1890
2 37 416
2 38 1001
2 39 1842
2 40 368
2 41 953
2 42 1794
2 43 320
2 44 905
2 45 1746
2 46 272
2 47 857
2 48 1698
2 49 224
2 50 809
2 51 1650
2 52 176
2 53 761
2 54 1602
2 55 128
2 56 713
2 57 1554
2 58 176
2 59 761
2 60 1602
2 61 224
2 62 809
2 63 1650
2 64 272
2 65 857
2 66 1698
2 67 632
3 0 1281
3 1 946
3 2 1033
3 3 0
3 4 1216
3 5 474
3 6 1046
3 7 859
3 8 226
3 9 932
3 10 980
3 11 686
3 12 0
3 13 274
3 14 968
3 15 278
3 16 699
3 17 863
3 18 352
3 19 976
3 20 91
3 21 863
3 22 717
3 23 638
3 24 322
3 25 590
3 26 487
3 27 1068
3 28 252
3 29 430
3 30 448
3 31 1161
3 32 320
3 33 905
3 34 1113
3 35 272
3 36 857
3 37 1065
3 38 224
3 39 809
3 40 1017
3 41 176
3 42 761
3 43 969
3 44 128
3 45 713
3 46 1017
3 47 176
3 48 761
3 49 1065
3 50 224
3 51 809
3 52 1113
3 53 272
3 54 857
3 55 1161
3 56 320
3 57 905
3 58 1209
3 59 368
3 60 953
3 61 1257
3 62 416
3 63 1001
3 64 1305
3 65 464
3 66 1049
3 67 1281
4 0 737
4 1 1984
4 2 361
4 3 1216
4 4 0
4 5 1050
4 6 732
4 7 727
4 8 1090
4 9 462
4 10 510
4 11 996
4 12 1216
4 13 1042
4 14 2058
4 15 1238
4 16 1659
4 17 627
4 18 1120
4 19 610
4 20 1125
4 21 531
4 22 1197
4 23 1598
4 24 1282
4 25 1454
4 26 907
4 27 1548
4 28 1212
4 29 1390
4 30 1408
4 31 617
4 32 1280
4 33 2121
4 34 569
4 35 1232
4 36 2073
4 37 521
4 38 1184
4 39 2025
4 40 473
4 41 1136
4 42 1977
4 43 425
4 44 1088
4 45 1929
4 46 377
4 47 1040
4 48 1881
4 49 329
4 50 992
4 51 1833
4 52 281
4 53 944
4 54 1785
4 55 233
4 56 896
4 57 1737
4 58 185
4 59 848
4 60 1689
4 61 137
4 62 800
4 63 1641
4 64 89
4 65 752
4 66 1593
4 67 737
5 0 1499
5 1 1112
5 2 867
5 3 474
5 4 1050
5 5 0
5 6 1264
5 7 1077
5 8 348
5 9 1150
5 10 1198
5 11 904
5 12 474
5 13 300
5 14 1134
5 15 496
5 16 917
5 17 1081
5 18 378
5 19 1194
5 20 383
5 21 985
5 22 551
5 23 856
5 24 540
5 25 712
5 26 321
5 27 876
5 28 470
5 29 648
5 30 666
5 31 1379
5 32 538
5 33 1071
5 34 1331
5 35 490
5 36 1023
5 37 1283
5 38 442
5 39 975
5 40 1235
5 41 394
5 42 927
5 43 1187
5 44 346
5 45 879
5 46 1139
5 47 298
5 48 831
5 49 1091
5 50 250
5 51 783
5 52 1043
5 53 202
5 54 735
5 55 995
5 56 154
5 57 687
5 58 1043
5 59 202
5 60 735
5 61 1091
5 62 250
5 63 783
5 64 1139
5 65 298
5 66 831
5 67 1499
6 0 235
6 1 1526
6 2 627
6 3 1046
6 4 732
6 5 1264
6 6 0
6 7 417
6 8 1016
6 9 344
6 10 296
6 11 590
6 12 1046
6 13 1064
6 14 1504
6 15 972
6 16 1201
6 17 413
6 18 1142
6 19 300
6 20 955
6 21 509
6 22 1507
6 23 1236
6 24 824
6 25 1380
6 26 1173
6 27 1858
6 28 946
6 29 1028
6 30 854
6 31 115
6 32 726
6 33 1567
6 34 163
6 35 774
6 36 1615
6 37 211
6 38 822
6 39 1663
6 40 259
6 41 870
6 42 1711
6 43 307
6 44 918
6 45 1759
6 46 355
6 47 966
6 48 1807
6 49 403
6 50 1014
6 51 1855
6 52 451
6 53 1062
6 54 1903
6 55 499
6 56 1110
6 57 1951
6 58 547
6 59 1158
6 60 1999
6 61 595
6 62 1206
6 63 2047
6 64 643
6 65 1254
6 66 2095
6 67 235
7 0 422
7 1 1435
7 2 622
7 3 859
7 4 727
7 5 1077
7 6 417
7 7 0
7 8 829
7 9 339
7 10 291
7 11 681
7 12 859
7 13 877
7 14 1509
7 15 785
7 16 1110
7 17 408
7 18 955
7 19 117
7 20 768
7 21 504
7 22 1320
7 23 1049
7 24 733
7 25 1193
7 26 1090
7 27 1671
7 28 759
7 29 841
7 30 859
7 31 302
7 32 731
7 33 1572
7 34 254
7 35 683
7 36 1524
7 37 206
7 38 635
7 39 1476
7 40 254
7 41 683
7 42 1524
7 43 302
7 44 731
7 45 1572
7 46 350
7 47 779
7 48 1620
7 49 398
7 50 827
7 51 1668
7 52 446
7 53 875
7 54 1716
7 55 494
7 56 923
7 57 1764
7 58 542
7 59 971
7 60 1812
7 61 590
7 62 1019
7 63 1860
7 64 638
7 65 1067
7 66 1908
7 67 422
8 0 1251
8 1 994
8 2 907
8 3 226
8 4 1090
8 5 348
8 6 1016
8 7 829
8 8 0
8 9 902
8 10 950
8 11 656
8 12 226
8 13 148
8 14 1068
8 15 248
8 16 669
8 17 833
8 18 226
8 19 946
8 20 135
8 21 737
8 22 591
8 23 608
8 24 292
8 25 364
8 26 361
8 27 942
8 28 222
8 29 400
8 30 418
8 31 1131
8 32 290
8 33 1031
8 34 1083
8 35 242
8 36 983
8 37 1035
8 38 194
8 39 935
8 40 987
8 41 146
8 42 887
8 43 939
8 44 98
8 45 839
8 46 891
8 47 50
8 48 791
8 49 939
8 50 98
8 51 839
8 52 987
8 53 146
8 54 887
8 55 1035
8 56 194
8 57 935
8 58 1083
8 59 242
8 60 983
8 61 1131
8 62 290
8 63 1031
8 64 1179
8 65 338
8 66 1079
8 67 1251
9 0 349
9 1 1700
9 2 357
9 3 932
9 4 462
9 5 1150
9 6 344
9 7 339
9 8 902
9 9 0
9 10 122
9 11 608
9 12 932
9 13 950
9 14 1774
9 15 954
9 16 1375
9 17 239
9 18 1028
9 19 222
9 20 841
9 21 239
9 22 1393
9 23 1314
9 24 972
9 25 1266
9 26 903
9 27 1744
9 28 928
9 29 1106
9 30 1124
9 31 229
9 32 996
9 33 1837
9 34 181
9 35 948
9 36 1789
9 37 133
9 38 900
9 39 1741
9 40 85
9 41 852
9 42 1693
9 43 37
9 44 804
9 45 1645
9 46 85
9 47 852
9 48 1693
9 49 133
9 50 900
9 51 1741
9 52 181
9 53 948
9 54 1789
9 55 229
9 56 996
9 57 1837
9 58 277
9 59 1044
9 60 1885
9 61 325
9 62 1092
9 63 1933
9 64 373
9 65 1140
9 66 1981
9 67 349
10 0 301
10 1 1652
10 2 405
10 3 980
10 4 510
10 5 1198
10 6 296
10 7 291
10 8 950
10 9 122
10 10 0
10 11 560
10 12 980
10 13 998
10 14 1726
10 15 906
10 16 1327
10 17 117
10 18 1076
10 19 174
10 20 889
10 21 287
10 22 1441
10 23 1266
10 24 924
10 25 1314
10 26 951
10 27 1792
10 28 880
10 29 1058
10 30 1076
10 31 181
10 32 948
10 33 1789
10 34 133
10 35 900
10 36 1741
10 37 85
10 38 852
10 39 1693
10 40 37
10 41 804
10 42 1645
10 43 85
10 44 852
10 45 1693
10 46 133
10 47 900
10 48 1741
10 49 181
10 50 948
10 51 1789
10 52 229
10 53 996
10 54 1837
10 55 277
10 56 1044
10 57 1885
10 58 325
10 59 1092
10 60 1933
10 61 373
10 62 1140
10 63 1981
10 64 421
10 65 1188
10 66 2029
10 67 301
11 0 595
11 1 1166
11 2 891
11 3 686
11 4 996
11 5 904
11 6 590
11 7 681
11 8 656
11 9 608
11 10 560
11 11 0
11 12 686
11 13 704
11 14 1240
11 15 612
11 16 841
11 17 677
11 18 782
11 19 564
11 20 595
11 21 773
11 22 1147
11 23 876
11 24 364
11 25 1020
11 26 917
11 27 1498
11 28 586
11 29 668
11 30 590
11 31 475
11 32 462
11 33 1303
11 34 427
11 35 414
11 36 1255
11 37 475
11 38 462
11 39 1303
11 40 523
11 41 510
11 42 1351
11 43 571
11 44 558
11 45 1399
11 46 619
11 47 606
11 48 1447
11 49 667
11 50 654
11 51 1495
11 52 715
11 53 702
11 54 1543
11 55 763
11 56 750
11 57 1591
11 58 811
11 59 798
11 60 1639
11 61 859
11 62 846
11 63 1687
11 64 907
11 65 894
11 66 1735
11 67 595
12 0 1281
12 1 946
12 2 1033
12 3 0
12 4 1216
12 5 474
12 6 1046
12 7 859
12 8 226
12 9 932
12 10 980
12 11 686
12 12 0
12 13 274
12 14 968
12 15 278
12 16 699
12 17 863
12 18 352
12 19 976
12 20 91
12 21 863
12 22 717
12 23 638
12 24 322
12 25 590
12 26 487
12 27 1068
12 28 252
12 29 430
12 30 448
12 31 1161
12 32 320
12 33 905
12 34 1113
12 35 272
12 36 857
12 37 1065
12 38 224
12 39 809
12 40 1017
12 41 176
12 42 761
12 43 969
12 44 128
12 45 713
12 46 1017
12 47 176
12 48 761
12 49 1065
12 50 224
12 51 809
12 52 1113
12 53 272
12 54 857
12 55 1161
12 56 320
12 57 905
12 58 1209
12 59 368
12 60 953
12 61 1257
12 62 416
12 63 1001
12 64 1305
12 65 464
12 66 1049
12 67 1281
13 0 1299
13 1 1042
13 2 859
13 3 274
13 4 1042
13 5 300
13 6 1064
13 7 877
13 8 148
13 9 950
13 10 998
13 11 704
13 12 274
13 13 0
13 14 1116
13 15 296
13 16 717
13 17 881
13 18 78
13 19 994
13 20 183
13 21 785
13 22 543
13 23 656
13 24 340
13 25 512
13 26 313
13 27 894
13 28 270
13 29 448
13 30 466
13 31 1179
13 32 338
13 33 1079
13 34 1131
13 35 290
13 36 1031
13 37 1083
13 38 242
13 39 983
13 40 1035
13 41 194
13 42 935
13 43 987
13 44 146
13 45 887
13 46 939
13 47 98
13 48 839
13 49 891
13 50 50
13 51 791
13 52 939
13 53 98
13 54 839
13 55 987
13 56 146
13 57 887
13 58 1035
13 59 194
13 60 935
13 61 1083
13 62 242
13 63 983
13 64 1131
13 65 290
13 66 1031
13 67 1299
14 0 1739
14 1 200
14 2 1875
14 3 968
14 4 2058
14 5 1134
14 6 1504
14 7 1509
14 8 1068
14 9 1774
14 10 1726
14 11 1240
14 12 968
14 13 1116
14 14 0
14 15 946
14 16 525
14 17 1609
14 18 1064
14 19 1626
14 20 1007
14 21 1705
14 22 987
14 23 586
14 24 876
14 25 730
14 26 1329
14 27 636
14 28 972
14 29 794
14 30 650
14 31 1619
14 32 778
14 33 63
14 34 1667
14 35 826
14 36 111
14 37 1715
14 38 874
14 39 159
14 40 1763
14 41 922
14 42 207
14 43 1811
14 44 970
14 45 255
14 46 1859
14 47 1018
14 48 303
14 49 1907
14 50 1066
14 51 351
14 52 1955
14 53 1114
14 54 399
14 55 2003
14 56 1162
14 57 447
14 58 2051
14 59 1210
14 60 495
14 61 2099
14 62 1258
14 63 543
14 64 2147
14 65 1306
14 66 591
14 67 1739
15 0 1207
15 1 924
15 2 1055
15 3 278
15 4 1238
15 5 496
15 6 972
15 7 785
15 8 248
15 9 954
15 10 906
15 11 612
15 12 278
15 13 296
15 14 946
15 15 0
15 16 625
15 17 789
15 18 374
15 19 902
15 20 187
15 21 885
15 22 739
15 23 564
15 24 248
15 25 612
15 26 509
15 27 1090
15 28 26
15 29 356
15 30 374
15 31 1087
15 32 246
15 33 883
15 34 1039
15 35 198
15 36 835
15 37 991
15 38 150
15 39 787
15 40 943
15 41 102
15 42 739
15 43 991
15 44 150
15 45 787
15 46 1039
15 47 198
15 48 835
15 49 1087
15 50 246
15 51 883
15 52 1135
15 53 294
15 54 931
15 55 1183
15 56 342
15 57 979
15 58 1231
15 59 390
15 60 1027
15 61 1279
15 62 438
15 63 1075
15 64 1327
15 65 486
15 66 1123
15 67 1207
16 0 1436
16 1 325
16 2 1476
16 3 699
16 4 1659
16 5 917
16 6 1201
16 7 1110
16 8 669
16 9 1375
16 10 1327
16 11 841
16 12 699
16 13 717
16 14 525
16 15 625
16 16 0
16 17 1210
16 18 795
16 19 1227
16 20 608
16 21 1306
16 22 1160
16 23 889
16 24 477
16 25 1033
16 26 930
16 27 939
16 28 599
16 29 681
16 30 603
16 31 1316
16 32 475
16 33 462
16 34 1268
16 35 427
16 36 414
16 37 1316
16 38 475
16 39 462
16 40 1364
16 41 523
16 42 510
16 43 1412
16 44 571
16 45 558
16 46 1460
16 47 619
16 48 606
16 49 1508
16 50 667
16 51 654
16 52 1556
16 53 715
16 54 702
16 55 1604
16 56 763
16 57 750
16 58 1652
16 59 811
16 60 798
16 61 1700
16 62 859
16 63 846
16 64 1748
16 65 907
16 66 894
16 67 1436
17 0 418
17 1 1535
17 2 522
17 3 863
17 4 627
17 5 1081
17 6 413
17 7 408
17 8 833
17 9 239
17 10 117
17 11 677
17 12 863
17 13 881
17 14 1609
17 15 789
17 16 1210
17 17 0
17 18 959
17 19 291
17 20 772
17 21 404
17 22 1324
17 23 1149
17 24 833
17 25 1197
17 26 1068
17 27 1675
17 28 763
17 29 941
17 30 959
17 31 298
17 32 831
17 33 1672
17 34 250
17 35 783
17 36 1624
17 37 202
17 38 735
17 39 1576
17 40 154
17 41 687
17 42 1528
17 43 202
17 44 735
17 45 1576
17 46 250
17 47 783
17 48 1624
17 49 298
17 50 831
17 51 1672
17 52 346
17 53 879
17 54 1720
17 55 394
17 56 927
17 57 1768
17 58 442
17 59 975
17 60 1816
17 61 490
17 62 1023
17 63 1864
17 64 538
17 65 1071
17 66 1912
17 67 418
18 0 1377
18 1 1042
18 2 937
18 3 352
18 4 1120
18 5 378
18 6 1142
18 7 955
18 8 226
18 9 1028
18 10 1076
18 11 782
18 12 352
18 13 78
18 14 1064
18 15 374
18 16 795
18 17 959
18 18 0
18 19 1072
18 20 261
18 21 863
18 22 621
18 23 734
18 24 418
18 25 590
18 26 391
18 27 972
18 28 348
18 29 526
18 30 544
18 31 1257
18 32 416
18 33 1001
18 34 1209
18 35 368
18 36 953
18 37 1161
18 38 320
18 39 905
18 40 1113
18 41 272
18 42 857
18 43 1065
18 44 224
18 45 809
18 46 1017
18 47 176
18 48 761
18 49 969
18 50 128
18 51 713
18 52 1017
18 53 176
18 54 761
18 55 1065
18 56 224
18 57 809
18 58 1113
18 59 272
18 60 857
18 61 1161
18 62 320
18 63 905
18 64 1209
18 65 368
18 66 953
18 67 1377
19 0 305
19 1 1552
19 2 505
19 3 976
19 4 610
19 5 1194
19 6 300
19 7 117
19 8 946
19 9 222
19 10 174
19 11 564
19 12 976
19 13 994
19 14 1626
19 15 902
19 16 1227
19 17 291
19 18 1072
19 19 0
19 20 885
19 21 387
19 22 1437
19 23 1166
19 24 850
19 25 1310
19 26 1051
19 27 1788
19 28 876
19 29 958
19 30 976
19 31 185
19 32 848
19 33 1689
19 34 137
19 35 800
19 36 1641
19 37 89
19 38 752
19 39 1593
19 40 137
19 41 800
19 42 1641
19 43 185
19 44 848
19 45 1689
19 46 233
19 47 896
19 48 1737
19 49 281
19 50 944
19 51 1785
19 52 329
19 53 992
19 54 1833
19 55 377
19 56 1040
19 57 1881
19 58 425
19 59 1088
19 60 1929
19 61 473
19 62 1136
19 63 1977
19 64 521
19 65 1184
19 66 2025
19 67 305
20 0 1190
20 1 933
20 2 942
20 3 91
20 4 1125
20 5 383
20 6 955
20 7 768
20 8 135
20 9 841
20 10 889
20 11 595
20 12 91
20 13 183
20 14 1007
20 15 187
20 16 608
20 17 772
20 18 261
20 19 885
20 20 0
20 21 772
20 22 626
20 23 547
20 24 231
20 25 499
20 26 396
20 27 977
20 28 161
20 29 339
20 30 357
20 31 1070
20 32 229
20 33 996
20 34 1022
20 35 181
20 36 948
20 37 974
20 38 133
20 39 900
20 40 926
20 41 85
20 42 852
20 43 878
20 44 37
20 45 804
20 46 926
20 47 85
20 48 852
20 49 974
20 50 133
20 51 900
20 52 1022
20 53 181
20 54 948
20 55 1070
20 56 229
20 57 996
20 58 1118
20 59 277
20 60 1044
20 61 1166
20 62 325
20 63 1092
20 64 1214
20 65 373
20 66 1140
20 67 1190
21 0 514
21 1 1631
21 2 426
21 3 863
21 4 531
21 5 985
21 6 509
21 7 504
21 8 737
21 9 239
21 10 287
21 11 773
21 12 863
21 13 785
21 14 1705
21 15 885
21 16 1306
21 17 404
21 18 863
21 19 387
21 20 772
21 21 0
21 22 1228
21 23 1245
21 24 929
21 25 1101
21 26 972
21 27 1579
21 28 859
21 29 1037
21 30 1055
21 31 394
21 32 927
21 33 1768
21 34 346
21 35 879
21 36 1720
21 37 298
21 38 831
21 39 1672
21 40 250
21 41 783
21 42 1624
21 43 202
21 44 735
21 45 1576
21 46 154
21 47 687
21 48 1528
21 49 202
21 50 735
21 51 1576
21 52 250
21 53 783
21 54 1624
21 55 298
21 56 831
21 57 1672
21 58 346
21 59 879
21 60 1720
21 61 394
21 62 927
21 63 1768
21 64 442
21 65 975
21 66 1816
21 67 514
22 0 1742
22 1 965
22 2 1110
22 3 717
22 4 1197
22 5 551
22 6 1507
22 7 1320
22 8 591
22 9 1393
22 10 1441
22 11 1147
22 12 717
22 13 543
22 14 987
22 15 739
22 16 1160
22 17 1324
22 18 621
22 19 1437
22 20 626
22 21 1228
22 22 0
22 23 1099
22 24 783
22 25 955
22 26 564
22 27 351
22 28 713
22 29 891
22 30 909
22 31 1622
22 32 781
22 33 924
22 34 1574
22 35 733
22 36 876
22 37 1526
22 38 685
22 39 828
22 40 1478
22 41 637
22 42 780
22 43 1430
22 44 589
22 45 732
22 46 1382
22 47 541
22 48 684
22 49 1334
22 50 493
22 51 636
22 52 1286
22 53 445
22 54 588
22 55 1238
22 56 397
22 57 540
22 58 1190
22 59 349
22 60 492
22 61 1238
22 62 397
22 63 540
22 64 1286
22 65 445
22 66 588
22 67 1742
23 0 1471
23 1 564
23 2 1415
23 3 638
23 4 1598
23 5 856
23 6 1236
23 7 1049
23 8 608
23 9 1314
23 10 1266
23 11 876
23 12 638
23 13 656
23 14 586
23 15 564
23 16 889
23 17 1149
23 18 734
23 19 1166
23 20 547
23 21 1245
23 22 1099
23 23 0
23 24 512
23 25 972
23 26 869
23 27 904
23 28 538
23 29 208
23 30 638
23 31 1351
23 32 510
23 33 523
23 34 1303
23 35 462
23 36 475
23 37 1255
23 38 414
23 39 427
23 40 1303
23 41 462
23 42 475
23 43 1351
23 44 510
23 45 523
23 46 1399
23 47 558
23 48 571
23 49 1447
23 50 606
23 51 619
23 52 1495
23 53 654
23 54 667
23 55 1543
23 56 702
23 57 715
23 58 1591
23 59 750
23 60 763
23 61 1639
23 62 798
23 63 811
23 64 1687
23 65 846
23 66 859
23 67 1471
24 0 959
24 1 802
24 2 1099
24 3 322
24 4 1282
24 5 540
24 6 824
24 7 733
24 8 292
24 9 972
24 10 924
24 11 364
24 12 322
24 13 340
24 14 876
24 15 248
24 16 477
24 17 833
24 18 418
24 19 850
24 20 231
24 21 929
24 22 783
24 23 512
24 24 0
24 25 656
24 26 553
24 27 1134
24 28 222
24 29 304
24 30 226
24 31 839
24 32 98
24 33 939
24 34 791
24 35 50
24 36 891
24 37 839
24 38 98
24 39 939
24 40 887
24 41 146
24 42 987
24 43 935
24 44 194
24 45 1035
24 46 983
24 47 242
24 48 1083
24 49 1031
24 50 290
24 51 1131
24 52 1079
24 53 338
24 54 1179
24 55 1127
24 56 386
24 57 1227
24 58 1175
24 59 434
24 60 1275
24 61 1223
24 62 482
24 63 1323
24 64 1271
24 65 530
24 66 1371
24 67 959
25 0 1615
25 1 708
25 2 1271
25 3 590
25 4 1454
25 5 712
25 6 1380
25 7 1193
25 8 364
25 9 1266
25 10 1314
25 11 1020
25 12 590
25 13 512
25 14 730
25 15 612
25 16 1033
25 17 1197
25 18 590
25 19 1310
25 20 499
25 21 1101
25 22 955
25 23 972
25 24 656
25 25 0
25 26 725
25 27 760
25 28 586
25 29 764
25 30 782
25 31 1495
25 32 654
25 33 667
25 34 1447
25 35 606
25 36 619
25 37 1399
25 38 558
25 39 571
25 40 1351
25 41 510
25 42 523
25 43 1303
25 44 462
25 45 475
25 46 1255
25 47 414
25 48 427
25 49 1303
25 50 462
25 51 475
25 52 1351
25 53 510
25 54 523
25 55 1399
25 56 558
25 57 571
25 58 1447
25 59 606
25 60 619
25 61 1495
25 62 654
25 63 667
25 64 1543
25 65 702
25 66 715
25 67 1615
26 0 1178
26 1 1255
26 2 546
26 3 487
26 4 907
26 5 321
26 6 1173
26 7 1090
26 8 361
26 9 903
26 10 951
26 11 917
26 12 487
26 13 313
26 14 1329
26 15 509
26 16 930
26 17 1068
26 18 391
26 19 1051
26 20 396
26 21 972
26 22 564
26 23 869
26 24 553
26 25 725
26 26 0
26 27 915
26 28 483
26 29 661
26 30 679
26 31 1058
26 32 551
26 33 1392
26 34 1010
26 35 503
26 36 1344
26 37 962
26 38 455
26 39 1296
26 40 914
26 41 407
26 42 1248
26 43 866
26 44 359
26 45 1200
26 46 818
26 47 311
26 48 1152
26 49 770
26 50 263
26 51 1104
26 52 722
26 53 215
26 54 1056
26 55 674
26 56 167
26 57 1008
26 58 722
26 59 215
26 60 1056
26 61 770
26 62 263
26 63 1104
26 64 818
26 65 311
26 66 1152
26 67 1178
27 0 2093
27 1 614
27 2 1461
27 3 1068
27 4 1548
27 5 876
27 6 1858
27 7 1671
27 8 942
27 9 1744
27 10 1792
27 11 1498
27 12 1068
27 13 894
27 14 636
27 15 1090
27 16 939
27 17 1675
27 18 972
27 19 1788
27 20 977
27 21 1579
27 22 351
27 23 904
27 24 1134
27 25 760
27 26 915
27 27 0
27 28 1064
27 29 1112
27 30 1260
27 31 1973
27 32 1132
27 33 573
27 34 1925
27 35 1084
27 36 525
27 37 1877
27 38 1036
27 39 477
27 40 1829
27 41 988
27 42 429
27 43 1781
27 44 940
27 45 381
27 46 1733
27 47 892
27 48 333
27 49 1685
27 50 844
27 51 285
27 52 1637
27 53 796
27 54 237
27 55 1589
27 56 748
27 57 189
27 58 1541
27 59 700
27 60 141
27 61 1589
27 62 748
27 63 189
27 64 1637
27 65 796
27 66 237
27 67 2093
28 0 1181
28 1 924
28 2 1029
28 3 252
28 4 1212
28 5 470
28 6 946
28 7 759
28 8 222
28 9 928
28 10 880
28 11 586
28 12 252
28 13 270
28 14 972
28 15 26
28 16 599
28 17 763
28 18 348
28 19 876
28 20 161
28 21 859
28 22 713
28 23 538
28 24 222
28 25 586
28 26 483
28 27 1064
28 28 0
28 29 330
28 30 348
28 31 1061
28 32 220
28 33 909
28 34 1013
28 35 172
28 36 861
28 37 965
28 38 124
28 39 813
28 40 917
28 41 76
28 42 765
28 43 965
28 44 124
28 45 813
28 46 1013
28 47 172
28 48 861
28 49 1061
28 50 220
28 51 909
28 52 1109
28 53 268
28 54 957
28 55 1157
28 56 316
28 57 1005
28 58 1205
28 59 364
28 60 1053
28 61 1253
28 62 412
28 63 1101
28 64 1301
28 65 460
28 66 1149
28 67 1181
29 0 1263
29 1 772
29 2 1207
29 3 430
29 4 1390
29 5 648
29 6 1028
29 7 841
29 8 400
29 9 1106
29 10 1058
29 11 668
29 12 430
29 13 448
29 14 794
29 15 356
29 16 681
29 17 941
29 18 526
29 19 958
29 20 339
29 21 1037
29 22 891
29 23 208
29 24 304
29 25 764
29 26 661
29 27 1112
29 28 330
29 29 0
29 30 430
29 31 1143
29 32 302
29 33 731
29 34 1095
29 35 254
29 36 683
29 37 1047
29 38 206
29 39 635
29 40 1095
29 41 254
29 42 683
29 43 1143
29 44 302
29 45 731
29 46 1191
29 47 350
29 48 779
29 49 1239
29 50 398
29 51 827
29 52 1287
29 53 446
29 54 875
29 55 1335
29 56 494
29 57 923
29 58 1383
29 59 542
29 60 971
29 61 1431
29 62 590
29 63 1019
29 64 1479
29 65 638
29 66 1067
29 67 1263
30 0 1089
30 1 850
30 2 1225
30 3 448
30 4 1408
30 5 666
30 6 854
30 7 859
30 8 418
30 9 1124
30 10 1076
30 11 590
30 12 448
30 13 466
30 14 650
30 15 374
30 16 603
30 17 959
30 18 544
30 19 976
30 20 357
30 21 1055
30 22 909
30 23 638
30 24 226
30 25 782
30 26 679
30 27 1260
30 28 348
30 29 430
30 30 0
30 31 969
30 32 128
30 33 713
30 34 1017
30 35 176
30 36 761
30 37 1065
30 38 224
30 39 809
30 40 1113
30 41 272
30 42 857
30 43 1161
30 44 320
30 45 905
30 46 1209
30 47 368
30 48 953
30 49 1257
30 50 416
30 51 1001
30 52 1305
30 53 464
30 54 1049
30 55 1353
30 56 512
30 57 1097
30 58 1401
30 59 560
30 60 1145
30 61 1449
30 62 608
30 63 1193
30 64 1497
30 65 656
30 66 1241
30 67 1089
31 0 120
31 1 1641
31 2 512
31 3 1161
31 4 617
31 5 1379
31 6 115
31 7 302
31 8 1131
31 9 229
31 10 181
31 11 475
31 12 1161
31 13 1179
31 14 1619
31 15 1087
31 16 1316
31 17 298
31 18 1257
31 19 185
31 20 1070
31 21 394
31 22 1622
31 23 1351
31 24 839
31 25 1495
31 26 1058
31 27 1973
31 28 1061
31 29 1143
31 30 969
31 31 0
31 32 841
31 33 1682
31 34 48
31 35 889
31 36 1730
31 37 96
31 38 937
31 39 1778
31 40 144
31 41 985
31 42 1826
31 43 192
31 44 1033
31 45 1874
31 46 240
31 47 1081
31 48 1922
31 49 288
31 50 1129
31 51 1970
31 52 336
31 53 1177
31 54 2018
31 55 384
31 56 1225
31 57 2066
31 58 432
31 59 1273
31 60 2114
31 61 480
31 62 1321
31 63 2162
31 64 528
31 65 1369
31 66 2210
31 67 120
32 0 961
32 1 800
32 2 1097
32 3 320
32 4 1280
32 5 538
32 6 726
32 7 731
32 8 290
32 9 996
32 10 948
32 11 462
32 12 320
32 13 338
32 14 778
32 15 246
32 16 475
32 17 831
32 18 416
32 19 848
32 20 229
32 21 927
32 22 781
32 23 510
32 24 98
32 25 654
32 26 551
32 27 1132
32 28 220
32 29 302
32 30 128
32 31 841
32 32 0
32 33 841
32 34 889
32 35 48
32 36 889
32 37 937
32 38 96
32 39 937
32 40 985
32 41 144
32 42 985
32 43 1033
32 44 192
32 45 1033
32 46 1081
32 47 240
32 48 1081
32 49 1129
32 50 288
32 51 1129
32 52 1177
32 53 336
32 54 1177
32 55 1225
32 56 384
32 57 1225
32 58 1273
32 59 432
32 60 1273
32 61 1321
32 62 480
32 63 1321
32 64 1369
32 65 528
32 66 1369
32 67 961
33 0 1802
33 1 137
33 2 1938
33 3 905
33 4 2121
33 5 1071
33 6 1567
33 7 1572
33 8 1031
33 9 1837
33 10 1789
33 11 1303
33 12 905
33 13 1079
33 14 63
33 15 883
33 16 462
33 17 1672
33 18 1001
33 19 1689
33 20 996
33 21 1768
33 22 924
33 23 523
33 24 939
33 25 667
33 26 1392
33 27 573
33 28 909
33 29 731
33 30 713
33 31 1682
33 32 841
33 33 0
33 34 1730
33 35 889
33 36 48
33 37 1778
33 38 937
33 39 96
33 40 1826
33 41 985
33 42 144
33 43 1874
33 44 1033
33 45 192
33 46 1922
33 47 1081
33 48 240
33 49 1970
33 50 1129
33 51 288
33 52 2018
33 53 1177
33 54 336
33 55 2066
33 56 1225
33 57 384
33 58 2114
33 59 1273
33 60 432
33 61 2162
33 62 1321
33 63 480
33 64 2210
33 65 1369
33 66 528
33 67 1802
34 0 168
34 1 1593
34 2 464
34 3 1113
34 4 569
34 5 1331
34 6 163
34 7 254
34 8 1083
34 9 181
34 10 133
34 11 427
34 12 1113
34 13 1131
34 14 1667
34 15 1039
34 16 1268
34 17 250
34 18 1209
34 19 137
34 20 1022
34 21 346
34 22 1574
34 23 1303
34 24 791
34 25 1447
34 26 1010
34 27 1925
34 28 1013
34 29 1095
34 30 1017
34 31 48
34 32 889
34 33 1730
34 34 0
34 35 841
34 36 1682
34 37 48
34 38 889
34 39 1730
34 40 96
34 41 937
34 42 1778
34 43 144
34 44 985
34 45 1826
34 46 192
34 47 1033
34 48 1874
34 49 240
34 50 1081
34 51 1922
34 52 288
34 53 1129
34 54 1970
34 55 336
34 56 1177
34 57 2018
34 58 384
34 59 1225
34 60 2066
34 61 432
34 62 1273
34 63 2114
34 64 480
34 65 1321
34 66 2162
34 67 168
35 0 1009
35 1 752
35 2 1049
35 3 272
35 4 1232
35 5 490
35 6 774
35 7 683
35 8 242
35 9 948
35 10 900
35 11 414
35 12 272
35 13 290
35 14 826
35 15 198
35 16 427
35 17 783
35 18 368
35 19 800
35 20 181
35 21 879
35 22 733
35 23 462
35 24 50
35 25 606
35 26 503
35 27 1084
35 28 172
35 29 254
35 30 176
35 31 889
35 32 48
35 33 889
35 34 841
35 35 0
35 36 841
35 37 889
35 38 48
35 39 889
35 40 937
35 41 96
35 42 937
35 43 985
35 44 144
35 45 985
35 46 1033
35 47 192
35 48 1033
35 49 1081
35 50 240
35 51 1081
35 52 1129
35 53 288
35 54 1129
35 55 1177
35 56 336
35 57 1177
35 58 1225
35 59 384
35 60 1225
35 61 1273
35 62 432
35 63 1273
35 64 1321
35 65 480
35 66 1321
35 67 1009
36 0 1850
36 1 89
36 2 1890
36 3 857
36 4 2073
36 5 1023
36 6 1615
36 7 1524
36 8 983
36 9 1789
36 10 1741
36 11 1255
36 12 857
36 13 1031
36 14 111
36 15 835
36 16 414
36 17 1624
36 18 953
36 19 1641
36 20 948
36 21 1720
36 22 876
36 23 475
36 24 891
36 25 619
36 26 1344
36 27 525
36 28 861
36 29 683
36 30 761
36 31 1730
36 32 889
36 33 48
36 34 1682
36 35 841
36 36 0
36 37 1730
36 38 889
36 39 48
36 40 1778
36 41 937
36 42 96
36 43 1826
36 44 985
36 45 144
36 46 1874
36 47 1033
36 48 192
36 49 1922
36 50 1081
36 51 240
36 52 1970
36 53 1129
36 54 288
36 55 2018
36 56 1177
36 57 336
36 58 2066
36 59 1225
36 60 384
36 61 2114
36 62 1273
36 63 432
36 64 2162
36 65 1321
36 66 480
36 67 1850
37 0 216
37 1 1641
37 2 416
37 3 1065
37 4 521
37 5 1283
37 6 211
37 7 206
37 8 1035
37 9 133
37 10 85
37 11 475
37 12 1065
37 13 1083
37 14 1715
37 15 991
37 16 1316
37 17 202
37 18 1161
37 19 89
37 20 974
37 21 298
37 22 1526
37 23 1255
37 24 839
37 25 1399
37 26 962
37 27 1877
37 28 965
37 29 1047
37 30 1065
37 31 96
37 32 937
37 33 1778
37 34 48
37 35 889
37 36 1730
37 37 0
37 38 841
37 39 1682
37 40 48
37 41 889
37 42 1730
37 43 96
37 44 937
37 45 1778
37 46 144
37 47 985
37 48 1826
37 49 192
37 50 1033
37 51 1874
37 52 240
37 53 1081
37 54 1922
37 55 288
37 56 1129
37 57 1970
37 58 336
37 59 1177
37 60 2018
37 61 384
37 62 1225
37 63 2066
37 64 432
37 65 1273
37 66 2114
37 67 216
38 0 1057
38 1 800
38 2 1001
38 3 224
38 4 1184
38 5 442
38 6 822
38 7 635
38 8 194
38 9 900
38 10 852
38 11 462
38 12 224
38 13 242
38 14 874
38 15 150
38 16 475
38 17 735
38 18 320
38 19 752
38 20 133
38 21 831
38 22 685
38 23 414
38 24 98
38 25 558
38 26 455
38 27 1036
38 28 124
38 29 206
38 30 224
38 31 937
38 32 96
38 33 937
38 34 889
38 35 48
38 36 889
38 37 841
38 38 0
38 39 841
38 40 889
38 41 48
38 42 889
38 43 937
38 44 96
38 45 937
38 46 985
38 47 144
38 48 985
38 49 1033
38 50 192
38 51 1033
38 52 1081
38 53 240
38 54 1081
38 55 1129
38 56 288
38 57 1129
38 58 1177
38 59 336
38 60 1177
38 61 1225
38 62 384
38 63 1225
38 64 1273
38 65 432
38 66 1273
38 67 1057
39 0 1898
39 1 137
39 2 1842
39 3 809
39 4 2025
39 5 975
39 6 1663
39 7 1476
39 8 935
39 9 1741
39 10 1693
39 11 1303
39 12 809
39 13 983
39 14 159
39 15 787
39 16 462
39 17 1576
39 18 905
39 19 1593
39 20 900
39 21 1672
39 22 828
39 23 427
39 24 939
39 25 571
39 26 1296
39 27 477
39 28 813
39 29 635
39 30 809
39 31 1778
39 32 937
39 33 96
39 34 1730
39 35 889
39 36 48
39 37 1682
39 38 841
39 39 0
39 40 1730
39 41 889
39 42 48
39 43 1778
39 44 937
39 45 96
39 46 1826
39 47 985
39 48 144
39 49 1874
39 50 1033
39 51 192
39 52 1922
39 53 1081
39 54 240
39 55 1970
39 56 1129
39 57 288
39 58 2018
39 59 1177
39 60 336
39 61 2066
39 62 1225
39 63 384
39 64 2114
39 65 1273
39 66 432
39 67 1898
40 0 264
40 1 1689
40 2 368
40 3 1017
40 4 473
40 5 1235
40 6 259
40 7 254
40 8 987
40 9 85
40 10 37
40 11 523
40 12 1017
40 13 1035
40 14 1763
40 15 943
40 16 1364
40 17 154
40 18 1113
40 19 137
40 20 926
40 21 250
40 22 1478
40 23 1303
40 24 887
40 25 1351
40 26 914
40 27 1829
40 28 917
40 29 1095
40 30 1113
40 31 144
40 32 985
40 33 1826
40 34 96
40 35 937
40 36 1778
40 37 48
40 38 889
40 39 1730
40 40 0
40 41 841
40 42 1682
40 43 48
40 44 889
40 45 1730
40 46 96
40 47 937
40 48 1778
40 49 144
40 50 985
40 51 1826
40 52 192
40 53 1033
40 54 1874
40 55 240
40 56 1081
40 57 1922
40 58 288
40 59 1129
40 60 1970
40 61 336
40 62 1177
40 63 2018
40 64 384
40 65 1225
40 66 2066
40 67 264
41 0 1105
41 1 848
41 2 953
41 3 176
41 4 1136
41 5 394
41 6 870
41 7 683
41 8 146
41 9 852
41 10 804
41 11 510
41 12 176
41 13 194
41 14 922
41 15 102
41 16 523
41 17 687
41 18 272
41 19 800
41 20 85
41 21 783
41 22 637
41 23 462
41 24 146
41 25 510
41 26 407
41 27 988
41 28 76
41 29 254
41 30 272
41 31 985
41 32 144
41 33 985
41 34 937
41 35 96
41 36 937
41 37 889
41 38 48
41 39 889
41 40 841
41 41 0
41 42 841
41 43 889
41 44 48
41 45 889
41 46 937
41 47 96
41 48 937
41 49 985
41 50 144
41 51 985
41 52 1033
41 53 192
41 54 1033
41 55 1081
41 56 240
41 57 1081
41 58 1129
41 59 288
41 60 1129
41 61 1177
41 62 336
41 63 1177
41 64 1225
41 65 384
41 66 1225
41 67 1105
42 0 1946
42 1 185
42 2 1794
42 3 761
42 4 1977
42 5 927
42 6 1711
42 7 1524
42 8 887
42 9 1693
42 10 1645
42 11 1351
42 12 761
42 13 935
42 14 207
42 15 739
42 16 510
42 17 1528
42 18 857
42 19 1641
42 20 852
42 21 1624
42 22 780
42 23 475
42 24 987
42 25 523
42 26 1248
42 27 429
42 28 765
42 29 683
42 30 857
42 31 1826
42 32 985
42 33 144
42 34 1778
42 35 937
42 36 96
42 37 1730
42 38 889
42 39 48
42 40 1682
42 41 841
42 42 0
42 43 1730
42 44 889
42 45 48
42 46 1778
42 47 937
42 48 96
42 49 1826
42 50 985
42 51 144
42 52 1874
42 53 1033
42 54 192
42 55 1922
42 56 1081
42 57 240
42 58 1970
42 59 1129
42 60 288
42 61 2018
42 62 1177
42 63 336
42 64 2066
42 65 1225
42 66 384
42 67 1946
43 0 312
43 1 1737
43 2 320
43 3 969
43 4 425
43 5 1187
43 6 307
43 7 302
43 8 939
43 9 37
43 10 85
43 11 571
43 12 969
43 13 987
43 14 1811
43 15 991
43 16 1412
43 17 202
43 18 1065
43 19 185
43 20 878
43 21 202
43 22 1430
43 23 1351
43 24 935
43 25 1303
43 26 866
43 27 1781
43 28 965
43 29 1143
43 30 1161
43 31 192
43 32 1033
43 33 1874
43 34 144
43 35 985
43 36 1826
43 37 96
43 38 937
43 39 1778
43 40 48
43 41 889
43 42 1730
43 43 0
43 44 841
43 45 1682
43 46 48
43 47 889
43 48 1730
43 49 96
43 50 937
43 51 1778
43 52 144
43 53 985
43 54 1826
43 55 192
43 56 1033
43 57 1874
43 58 240
43 59 1081
43 60 1922
43 61 288
43 62 1129
43 63 1970
43 64 336
43 65 1177
43 66 2018
43 67 312
44 0 1153
44 1 896
44 2 905
44 3 128
44 4 1088
44 5 346
44 6 918
44 7 731
44 8 98
44 9 804
44 10 852
44 11 558
44 12 128
44 13 146
44 14 970
44 15 150
44 16 571
44 17 735
44 18 224
44 19 848
44 20 37
44 21 735
44 22 589
44 23 510
44 24 194
44 25 462
44 26 359
44 27 940
44 28 124
44 29 302
44 30 320
44 31 1033
44 32 192
44 33 1033
44 34 985
44 35 144
44 36 985
44 37 937
44 38 96
44 39 937
44 40 889
44 41 48
44 42 889
44 43 841
44 44 0
44 45 841
44 46 889
44 47 48
44 48 889
44 49 937
44 50 96
44 51 937
44 52 985
44 53 144
44 54 985
44 55 1033
44 56 192
44 57 1033
44 58 1081
44 59 240
44 60 1081
44 61 1129
44 62 288
44 63 1129
44 64 1177
44 65 336
44 66 1177
44 67 1153
45 0 1994
45 1 233
45 2 1746
45 3 713
45 4 1929
45 5 879
45 6 1759
45 7 1572
45 8 839
45 9 1645
45 10 1693
45 11 1399
45 12 713
45 13 887
45 14 255
45 15 787
45 16 558
45 17 1576
45 18 809
45 19 1689
45 20 804
45 21 1576
45 22 732
45 23 523
45 24 1035
45 25 475
45 26 1200
45 27 381
45 28 813
45 29 731
45 30 905
45 31 1874
45 32 1033
45 33 192
45 34 1826
45 35 985
45 36 144
45 37 1778
45 38 937
45 39 96
45 40 1730
45 41 889
45 42 48
45 43 1682
45 44 841
45 45 0
45 46 1730
45 47 889
45 48 48
45 49 1778
45 50 937
45 51 96
45 52 1826
45 53 985
45 54 144
45 55 1874
45 56 1033
45 57 192
45 58 1922
45 59 1081
45 60 240
45 61 1970
45 62 1129
45 63 288
45 64 2018
45 65 1177
45 66 336
45 67 1994
46 0 360
46 1 1785
46 2 272
46 3 1017
46 4 377
46 5 1139
46 6 355
46 7 350
46 8 891
46 9 85
46 10 133
46 11 619
46 12 1017
46 13 939
46 14 1859
46 15 1039
46 16 1460
46 17 250
46 18 1017
46 19 233
46 20 926
46 21 154
46 22 1382
46 23 1399
46 24 983
46 25 1255
46 26 818
46 27 1733
46 28 1013
46 29 1191
46 30 1209
46 31 240
46 32 1081
46 33 1922
46 34 192
46 35 1033
46 36 1874
46 37 144
46 38 985
46 39 1826
46 40 96
46 41 937
46 42 1778
46 43 48
46 44 889
46 45 1730
46 46 0
46 47 841
46 48 1682
46 49 48
46 50 889
46 51 1730
46 52 96
46 53 937
46 54 1778
46 55 144
46 56 985
46 57 1826
46 58 192
46 59 1033
46 60 1874
46 61 240
46 62 1081
46 63 1922
46 64 288
46 65 1129
46 66 1970
46 67 360
47 0 1201
47 1 944
47 2 857
47 3 176
47 4 1040
47 5 298
47 6 966
47 7 779
47 8 50
47 9 852
47 10 900
47 11 606
47 12 176
47 13 98
47 14 1018
47 15 198
47 16 619
47 17 783
47 18 176
47 19 896
47 20 85
47 21 687
47 22 541
47 23 558
47 24 242
47 25 414
47 26 311
47 27 892
47 28 172
47 29 350
47 30 368
47 31 1081
47 32 240
47 33 1081
47 34 1033
47 35 192
47 36 1033
47 37 985
47 38 144
47 39 985
47 40 937
47 41 96
47 42 937
47 43 889
47 44 48
47 45 889
47 46 841
47 47 0
47 48 841
47 49 889
47 50 48
47 51 889
47 52 937
47 53 96
47 54 937
47 55 985
47 56 144
47 57 985
47 58 1033
47 59 192
47 60 1033
47 61 1081
47 62 240
47 63 1081
47 64 1129
47 65 288
47 66 1129
47 67 1201
48 0 2042
48 1 281
48 2 1698
48 3 761
48 4 1881
48 5 831
48 6 1807
48 7 1620
48 8 791
48 9 1693
48 10 1741
48 11 1447
48 12 761
48 13 839
48 14 303
48 15 835
48 16 606
48 17 1624
48 18 761
48 19 1737
48 20 852
48 21 1528
48 22 684
48 23 571
48 24 1083
48 25 427
48 26 1152
48 27 333
48 28 861
48 29 779
48 30 953
48 31 1922
48 32 1081
48 33 240
48 34 1874
48 35 1033
48 36 192
48 37 1826
48 38 985
48 39 144
48 40 1778
48 41 937
48 42 96
48 43 1730
48 44 889
48 45 48
48 46 1682
48 47 841
48 48 0
48 49 1730
48 50 889
48 51 48
48 52 1778
48 53 937
48 54 96
48 55 1826
48 56 985
48 57 144
48 58 1874
48 59 1033
48 60 192
48 61 1922
48 62 1081
48 63 240
48 64 1970
48 65 1129
48 66 288
48 67 2042
49 0 408
49 1 1833
49 2 224
49 3 1065
49 4 329
49 5 1091
49 6 403
49 7 398
49 8 939
49 9 133
49 10 181
49 11 667
49 12 1065
49 13 891
49 14 1907
49 15 1087
49 16 1508
49 17 298
49 18 969
49 19 281
49 20 974
49 21 202
49 22 1334
49 23 1447
49 24 1031
49 25 1303
49 26 770
49 27 1685
49 28 1061
49 29 1239
49 30 1257
49 31 288
49 32 1129
49 33 1970
49 34 240
49 35 1081
49 36 1922
49 37 192
49 38 1033
49 39 1874
49 40 144
49 41 985
49 42 1826
49 43 96
49 44 937
49 45 1778
49 46 48
49 47 889
49 48 1730
49 49 0
49 50 841
49 51 1682
49 52 48
49 53 889
49 54 1730
49 55 96
49 56 937
49 57 1778
49 58 144
49 59 985
49 60 1826
49 61 192
49 62 1033
49 63 1874
49 64 240
49 65 1081
49 66 1922
49 67 408
50 0 1249
50 1 992
50 2 809
50 3 224
50 4 992
50 5 250
50 6 1014
50 7 827
50 8 98
50 9 900
50 10 948
50 11 654
50 12 224
50 13 50
50 14 1066
50 15 246
50 16 667
50 17 831
50 18 128
50 19 944
50 20 133
50 21 735
50 22 493
50 23 606
50 24 290
50 25 462
50 26 263
50 27 844
50 28 220
50 29 398
50 30 416
50 31 1129
50 32 288
50 33 1129
50 34 1081
50 35 240
50 36 1081
50 37 1033
50 38 192
50 39 1033
50 40 985
50 41 144
50 42 985
50 43 937
50 44 96
50 45 937
50 46 889
50 47 48
50 48 889
50 49 841
50 50 0
50 51 841
50 52 889
50 53 48
50 54 889
50 55 937
50 56 96
50 57 937
50 58 985
50 59 144
50 60 985
50 61 1033
50 62 192
50 63 1033
50 64 1081
50 65 240
50 66 1081
50 67 1249
51 0 2090
51 1 329
51 2 1650
51 3 809
51 4 1833
51 5 783
51 6 1855
51 7 1668
51 8 839
51 9 1741
51 10 1789
51 11 1495
51 12 809
51 13 791
51 14 351
51 15 883
51 16 654
51 17 1672
51 18 713
51 19 1785
51 20 900
51 21 1576
51 22 636
51 23 619
51 24 1131
51 25 475
51 26 1104
51 27 285
51 28 909
51 29 827
51 30 1001
51 31 1970
51 32 1129
51 33 288
51 34 1922
51 35 1081
51 36 240
51 37 1874
51 38 1033
51 39 192
51 40 1826
51 41 985
51 42 144
51 43 1778
51 44 937
51 45 96
51 46 1730
51 47 889
51 48 48
51 49 1682
51 50 841
51 51 0
51 52 1730
51 53 889
51 54 48
51 55 1778
51 56 937
51 57 96
51 58 1826
51 59 985
51 60 144
51 61 1874
51 62 1033
51 63 192
51 64 1922
51 65 1081
51 66 240
51 67 2090
52 0 456
52 1 1881
52 2 176
52 3 1113
52 4 281
52 5 1043
52 6 451
52 7 446
52 8 987
52 9 181
52 10 229
52 11 715
52 12 1113
52 13 939
52 14 1955
52 15 1135
52 16 1556
52 17 346
52 18 1017
52 19 329
52 20 1022
52 21 250
52 22 1286
52 23 1495
52 24 1079
52 25 1351
52 26 722
52 27 1637
52 28 1109
52 29 1287
52 30 1305
52 31 336
52 32 1177
52 33 2018
52 34 288
52 35 1129
52 36 1970
52 37 240
52 38 1081
52 39 1922
52 40 192
52 41 1033
52 42 1874
52 43 144
52 44 985
52 45 1826
52 46 96
52 47 937
52 48 1778
52 49 48
52 50 889
52 51 1730
52 52 0
52 53 841
52 54 1682
52 55 48
52 56 889
52 57 1730
52 58 96
52 59 937
52 60 1778
52 61 144
52 62 985
52 63 1826
52 64 192
52 65 1033
52 66 1874
52 67 456
53 0 1297
53 1 1040
53 2 761
53 3 272
53 4 944
53 5 202
53 6 1062
53 7 875
53 8 146
53 9 948
53 10 996
53 11 702
53 12 272
53 13 98
53 14 1114
53 15 294
53 16 715
53 17 879
53 18 176
53 19 992
53 20 181
53 21 783
53 22 445
53 23 654
53 24 338
53 25 510
53 26 215
53 27 796
53 28 268
53 29 446
53 30 464
53 31 1177
53 32 336
53 33 1177
53 34 1129
53 35 288
53 36 1129
53 37 1081
53 38 240
53 39 1081
53 40 1033
53 41 192
53 42 1033
53 43 985
53 44 144
53 45 985
53 46 937
53 47 96
53 48 937
53 49 889
53 50 48
53 51 889
53 52 841
53 53 0
53 54 841
53 55 889
53 56 48
53 57 889
53 58 937
53 59 96
53 60 937
53 61 985
53 62 144
53 63 985
53 64 1033
53 65 192
53 66 1033
53 67 1297
54 0 2138
54 1 377
54 2 1602
54 3 857
54 4 1785
54 5 735
54 6 1903
54 7 1716
54 8 887
54 9 1789
54 10 1837
54 11 1543
54 12 857
54 13 839
54 14 399
54 15 931
54 16 702
54 17 1720
54 18 761
54 19 1833
54 20 948
54 21 1624
54 22 588
54 23 667
54 24 1179
54 25 523
54 26 1056
54 27 237
54 28 957
54 29 875
54 30 1049
54 31 2018
54 32 1177
54 33 336
54 34 1970
54 35 1129
54 36 288
54 37 1922
54 38 1081
54 39 240
54 40 1874
54 41 1033
54 42 192
54 43 1826
54 44 985
54 45 144
54 46 1778
54 47 937
54 48 96
54 49 1730
54 50 889
54 51 48
54 52 1682
54 53 841
54 54 0
54 55 1730
54 56 889
54 57 48
54 58 1778
54 59 937
54 60 96
54 61 1826
54 62 985
54 63 144
54 64 1874
54 65 1033
54 66 192
54 67 2138
55 0 504
55 1 1929
55 2 128
55 3 1161
55 4 233
55 5 995
55 6 499
55 7 494
55 8 1035
