//alpha
1
//NbLocations
48
//NbProducts
37
//NbPickers
2
//CapaPicker
8
//TimeToTravelOneDistanceUnit
3
//SetupTime
5400
//PickTime
300
//Products
//Idx Location Size
1 1 1
2 2 1
3 3 1
4 4 1
5 5 1
6 6 1
7 7 1
8 8 1
9 9 1
10 10 1
11 11 1
12 12 1
13 13 1
14 12 1
15 10 1
16 14 1
17 10 1
18 15 1
19 16 1
20 17 1
21 18 1
22 19 1
23 20 1
24 8 1
25 21 1
26 22 1
27 23 1
28 24 1
29 25 1
30 26 1
31 27 1
32 28 1
33 23 1
34 10 1
35 16 1
36 17 1
37 29 1
//Orders
//NbOrders
12
//Idx DueDate TardinessPenalty NbProdInOrder ProdIdx1 Qty1 ProdIdx2 Qty2 ...
1 72000 0 5 1 1 2 1 3 1 4 1 5 1
2 126000 0 1 6 1
3 36000 0 4 7 1 8 1 9 1 10 1
4 54000 0 3 11 1 12 1 13 1
5 108000 0 2 14 1 15 1
6 108000 0 7 16 1 17 1 18 1 19 1 20 1 21 1 22 1
7 72000 0 5 23 1 24 1 25 1 26 1 27 1
8 90000 0 5 28 1 29 1 30 1 31 1 32 1
9 108000 0 1 33 1
10 54000 0 1 34 1
11 90000 0 1 35 1
12 90000 0 2 36 1 37 1
//Graph (Products are vertices indexed from 1 to NbProducts)
//NbVerticesIntersections
18
//DepartingDepot
0
//ArrivalDepot
48
//Arcs
//Start End Distance
0 30 120
1 10 286
1 32 102
2 19 13
2 33 89
3 15 52
3 46 37
4 6 13
4 34 50
5 12 0
5 35 375
6 4 13
6 12 13
7 15 26
7 47 336
8 22 13
8 42 76
9 29 260
9 41 50
10 1 286
10 31 63
11 21 0
11 40 375
12 5 0
12 6 13
13 24 104
13 44 258
14 24 13
14 43 76
15 3 52
15 7 26
16 27 221
16 28 39
17 23 13
17 26 65
18 21 26
18 39 50
19 2 13
19 34 349
20 45 167
20 46 284
21 11 0
21 18 26
22 8 13
22 43 362
23 17 13
23 40 37
24 13 104
24 14 13
25 30 89
25 31 362
26 17 65
26 29 26
27 16 221
27 37 141
28 16 39
28 36 50
29 9 260
29 26 26
30 25 89
30 33 48
30 48 120
31 10 63
31 25 362
31 34 48
32 1 102
32 35 48
33 2 89
33 30 48
33 36 48
34 4 50
34 19 349
34 31 48
34 37 48
35 5 375
35 32 48
35 38 48
36 28 50
36 33 48
36 39 48
37 27 141
37 34 48
37 38 451
37 40 48
38 35 48
38 37 451
38 41 48
39 18 50
39 36 48
39 42 48
40 11 375
40 23 37
40 37 48
40 43 48
41 9 50
41 38 48
41 44 48
42 8 76
42 39 48
42 45 48
43 14 76
43 22 362
43 40 48
43 46 48
44 13 258
44 41 48
44 47 48
45 20 167
45 42 48
46 3 37
46 20 284
46 43 48
47 7 336
47 44 48
//LocStart LocEnd ShortestPath
0 0 0
0 1 920
0 2 257
0 3 848
0 4 669
0 5 695
0 6 682
0 7 926
0 8 388
0 9 1116
0 10 634
0 11 340
0 12 695
0 13 956
0 14 839
0 15 900
0 16 305
0 17 765
0 18 314
0 19 270
0 20 527
0 21 340
0 22 401
0 23 752
0 24 852
0 25 209
0 26 830
0 27 526
0 28 266
0 29 856
0 30 120
0 31 571
0 32 1022
0 33 168
0 34 619
0 35 1070
0 36 216
0 37 667
0 38 1118
0 39 264
0 40 715
0 41 1166
0 42 312
0 43 763
0 44 1214
0 45 360
0 46 811
0 47 1262
0 48 0
1 0 920
1 1 0
1 2 759
1 3 626
1 4 447
1 5 473
1 6 460
1 7 678
1 8 916
1 9 296
1 10 286
1 11 868
1 12 473
1 13 552
1 14 617
1 15 678
1 16 807
1 17 543
1 18 894
1 19 746
1 20 873
1 21 868
1 22 903
1 23 530
1 24 630
1 25 711
1 26 582
1 27 586
1 28 846
1 29 556
1 30 800
1 31 349
1 32 102
1 33 848
1 34 397
1 35 150
1 36 896
1 37 445
1 38 198
1 39 944
1 40 493
1 41 246
1 42 992
1 43 541
1 44 294
1 45 1040
1 46 589
1 47 342
1 48 920
2 0 257
2 1 759
2 2 0
2 3 591
2 4 412
2 5 438
2 6 425
2 7 669
2 8 309
2 9 859
2 10 473
2 11 261
2 12 438
2 13 699
2 14 582
2 15 643
2 16 226
2 17 508
2 18 235
2 19 13
2 20 448
2 21 261
2 22 322
2 23 495
2 24 595
2 25 226
2 26 573
2 27 447
2 28 187
2 29 599
2 30 137
2 31 410
2 32 861
2 33 89
2 34 362
2 35 813
2 36 137
2 37 410
2 38 861
2 39 185
2 40 458
2 41 909
2 42 233
2 43 506
2 44 957
2 45 281
2 46 554
2 47 1005
2 48 257
3 0 848
3 1 626
3 2 591
3 3 0
3 4 279
3 5 305
3 6 292
3 7 78
3 8 460
3 9 534
3 10 340
3 11 508
3 12 305
3 13 278
3 14 161
3 15 52
3 16 543
3 17 183
3 18 534
3 19 578
3 20 321
3 21 508
3 22 447
3 23 170
3 24 174
3 25 639
3 26 248
3 27 322
3 28 582
3 29 274
3 30 728
3 31 277
3 32 654
3 33 680
3 34 229
3 35 606
3 36 632
3 37 181
3 38 558
3 39 584
3 40 133
3 41 510
3 42 536
3 43 85
3 44 462
3 45 488
3 46 37
3 47 414
3 48 848
4 0 669
4 1 447
4 2 412
4 3 279
4 4 0
4 5 26
4 6 13
4 7 357
4 8 569
4 9 547
4 10 161
4 11 521
4 12 26
4 13 387
4 14 270
4 15 331
4 16 460
4 17 196
4 18 547
4 19 399
4 20 526
4 21 521
4 22 556
4 23 183
4 24 283
4 25 460
4 26 261
4 27 239
4 28 499
4 29 287
4 30 549
4 31 98
4 32 449
4 33 501
4 34 50
4 35 401
4 36 549
4 37 98
4 38 449
4 39 597
4 40 146
4 41 497
4 42 645
4 43 194
4 44 545
4 45 693
4 46 242
4 47 593
4 48 669
5 0 695
5 1 473
5 2 438
5 3 305
5 4 26
5 5 0
5 6 13
5 7 383
5 8 595
5 9 521
5 10 187
5 11 547
5 12 0
5 13 413
5 14 296
5 15 357
5 16 486
5 17 222
5 18 573
5 19 425
5 20 552
5 21 547
5 22 582
5 23 209
5 24 309
5 25 486
5 26 287
5 27 265
5 28 525
5 29 313
5 30 575
5 31 124
5 32 423
5 33 527
5 34 76
5 35 375
5 36 575
5 37 124
5 38 423
5 39 623
5 40 172
5 41 471
5 42 671
5 43 220
5 44 519
5 45 719
5 46 268
5 47 567
5 48 695
6 0 682
6 1 460
6 2 425
6 3 292
6 4 13
6 5 13
6 6 0
6 7 370
6 8 582
6 9 534
6 10 174
6 11 534
6 12 13
6 13 400
6 14 283
6 15 344
6 16 473
6 17 209
6 18 560
6 19 412
6 20 539
6 21 534
6 22 569
6 23 196
6 24 296
6 25 473
6 26 274
6 27 252
6 28 512
6 29 300
6 30 562
6 31 111
6 32 436
6 33 514
6 34 63
6 35 388
6 36 562
6 37 111
6 38 436
6 39 610
6 40 159
6 41 484
6 42 658
6 43 207
6 44 532
6 45 706
6 46 255
6 47 580
6 48 682
7 0 926
7 1 678
7 2 669
7 3 78
7 4 357
7 5 383
7 6 370
7 7 0
7 8 538
7 9 482
7 10 418
7 11 586
7 12 383
7 13 356
7 14 239
7 15 26
7 16 621
7 17 261
7 18 612
7 19 656
7 20 399
7 21 586
7 22 525
7 23 248
7 24 252
7 25 717
7 26 326
7 27 400
7 28 660
7 29 352
7 30 806
7 31 355
7 32 576
7 33 758
7 34 307
7 35 528
7 36 710
7 37 259
7 38 480
7 39 662
7 40 211
7 41 432
7 42 614
7 43 163
7 44 384
7 45 566
7 46 115
7 47 336
7 48 926
8 0 388
8 1 916
8 2 309
8 3 460
8 4 569
8 5 595
8 6 582
8 7 538
8 8 0
8 9 824
8 10 630
8 11 200
8 12 595
8 13 568
8 14 451
8 15 512
8 16 261
8 17 473
8 18 174
8 19 322
8 20 291
8 21 200
8 22 13
8 23 460
8 24 464
8 25 357
8 26 538
8 27 482
8 28 222
8 29 564
8 30 268
8 31 567
8 32 1018
8 33 220
8 34 519
8 35 970
8 36 172
8 37 471
8 38 922
8 39 124
8 40 423
8 41 874
8 42 76
8 43 375
8 44 826
8 45 124
8 46 423
8 47 874
8 48 388
9 0 1116
9 1 296
9 2 859
9 3 534
9 4 547
9 5 521
9 6 534
9 7 482
9 8 824
9 9 0
9 10 582
9 11 776
9 12 521
9 13 356
9 14 473
9 15 508
9 16 811
9 17 351
9 18 802
9 19 846
9 20 781
9 21 776
9 22 811
9 23 364
9 24 460
9 25 907
9 26 286
9 27 590
9 28 850
9 29 260
9 30 996
9 31 545
9 32 194
9 33 948
9 34 497
9 35 146
9 36 900
9 37 449
9 38 98
9 39 852
9 40 401
9 41 50
9 42 900
9 43 449
9 44 98
9 45 948
9 46 497
9 47 146
9 48 1116
10 0 634
10 1 286
10 2 473
10 3 340
10 4 161
10 5 187
10 6 174
10 7 418
10 8 630
10 9 582
10 10 0
10 11 582
10 12 187
10 13 448
10 14 331
10 15 392
10 16 521
10 17 257
10 18 608
10 19 460
10 20 587
10 21 582
10 22 617
10 23 244
10 24 344
10 25 425
10 26 322
10 27 300
10 28 560
10 29 348
10 30 514
10 31 63
10 32 388
10 33 562
10 34 111
10 35 436
10 36 610
10 37 159
10 38 484
10 39 658
10 40 207
10 41 532
10 42 706
10 43 255
10 44 580
10 45 754
10 46 303
10 47 628
10 48 634
11 0 340
11 1 868
11 2 261
11 3 508
11 4 521
11 5 547
11 6 534
11 7 586
11 8 200
11 9 776
11 10 582
11 11 0
11 12 547
11 13 616
11 14 499
11 15 560
11 16 213
11 17 425
11 18 26
11 19 274
11 20 339
11 21 0
11 22 213
11 23 412
11 24 512
11 25 309
11 26 490
11 27 434
11 28 174
11 29 516
11 30 220
11 31 519
11 32 970
11 33 172
11 34 471
11 35 922
11 36 124
11 37 423
11 38 874
11 39 76
11 40 375
11 41 826
11 42 124
11 43 423
11 44 874
11 45 172
11 46 471
11 47 922
11 48 340
12 0 695
12 1 473
12 2 438
12 3 305
12 4 26
12 5 0
12 6 13
12 7 383
12 8 595
12 9 521
12 10 187
12 11 547
12 12 0
12 13 413
12 14 296
12 15 357
12 16 486
12 17 222
12 18 573
12 19 425
12 20 552
12 21 547
12 22 582
12 23 209
12 24 309
12 25 486
12 26 287
12 27 265
12 28 525
12 29 313
12 30 575
12 31 124
12 32 423
12 33 527
12 34 76
12 35 375
12 36 575
12 37 124
12 38 423
12 39 623
12 40 172
12 41 471
12 42 671
12 43 220
12 44 519
12 45 719
12 46 268
12 47 567
12 48 695
13 0 956
13 1 552
13 2 699
13 3 278
13 4 387
13 5 413
13 6 400
13 7 356
13 8 568
13 9 356
13 10 448
13 11 616
13 12 413
13 13 0
13 14 117
13 15 330
13 16 651
13 17 291
13 18 642
13 19 686
13 20 525
13 21 616
13 22 555
13 23 278
13 24 104
13 25 747
13 26 356
13 27 430
13 28 690
13 29 382
13 30 836
13 31 385
13 32 450
13 33 788
13 34 337
13 35 402
13 36 740
13 37 289
13 38 354
13 39 692
13 40 241
13 41 306
13 42 644
13 43 193
13 44 258
13 45 692
13 46 241
13 47 306
13 48 956
14 0 839
14 1 617
14 2 582
14 3 161
14 4 270
14 5 296
14 6 283
14 7 239
14 8 451
14 9 473
14 10 331
14 11 499
14 12 296
14 13 117
14 14 0
14 15 213
14 16 534
14 17 174
14 18 525
14 19 569
14 20 408
14 21 499
14 22 438
14 23 161
14 24 13
14 25 630
14 26 239
14 27 313
14 28 573
14 29 265
14 30 719
14 31 268
14 32 567
14 33 671
14 34 220
14 35 519
14 36 623
14 37 172
14 38 471
14 39 575
14 40 124
14 41 423
14 42 527
14 43 76
14 44 375
14 45 575
14 46 124
14 47 423
14 48 839
15 0 900
15 1 678
15 2 643
15 3 52
15 4 331
15 5 357
15 6 344
15 7 26
15 8 512
15 9 508
15 10 392
15 11 560
15 12 357
15 13 330
15 14 213
15 15 0
15 16 595
15 17 235
15 18 586
15 19 630
15 20 373
15 21 560
15 22 499
15 23 222
15 24 226
15 25 691
15 26 300
15 27 374
15 28 634
15 29 326
15 30 780
15 31 329
15 32 602
15 33 732
15 34 281
15 35 554
15 36 684
15 37 233
15 38 506
15 39 636
15 40 185
15 41 458
15 42 588
15 43 137
15 44 410
15 45 540
15 46 89
15 47 362
15 48 900
16 0 305
16 1 807
16 2 226
16 3 543
16 4 460
16 5 486
16 6 473
16 7 621
16 8 261
16 9 811
16 10 521
16 11 213
16 12 486
16 13 651
16 14 534
16 15 595
16 16 0
16 17 460
16 18 187
16 19 239
16 20 400
16 21 213
16 22 274
16 23 447
16 24 547
16 25 274
16 26 525
16 27 221
16 28 39
16 29 551
16 30 185
16 31 458
16 32 909
16 33 137
16 34 410
16 35 861
16 36 89
16 37 362
16 38 813
16 39 137
16 40 410
16 41 861
16 42 185
16 43 458
16 44 909
16 45 233
16 46 506
16 47 957
16 48 305
17 0 765
17 1 543
17 2 508
17 3 183
17 4 196
17 5 222
17 6 209
17 7 261
17 8 473
17 9 351
17 10 257
17 11 425
17 12 222
17 13 291
17 14 174
17 15 235
17 16 460
17 17 0
17 18 451
17 19 495
17 20 430
17 21 425
17 22 460
17 23 13
17 24 187
17 25 556
17 26 65
17 27 239
17 28 499
17 29 91
17 30 645
17 31 194
17 32 545
17 33 597
17 34 146
17 35 497
17 36 549
17 37 98
17 38 449
17 39 501
17 40 50
17 41 401
17 42 549
17 43 98
17 44 449
17 45 597
17 46 146
17 47 497
17 48 765
18 0 314
18 1 894
18 2 235
18 3 534
18 4 547
18 5 573
18 6 560
18 7 612
18 8 174
18 9 802
18 10 608
18 11 26
18 12 573
18 13 642
18 14 525
18 15 586
18 16 187
18 17 451
18 18 0
18 19 248
18 20 313
18 21 26
18 22 187
18 23 438
18 24 538
18 25 283
18 26 516
18 27 408
18 28 148
18 29 542
18 30 194
18 31 545
18 32 996
18 33 146
18 34 497
18 35 948
18 36 98
18 37 449
18 38 900
18 39 50
18 40 401
18 41 852
18 42 98
18 43 449
18 44 900
18 45 146
18 46 497
18 47 948
18 48 314
19 0 270
19 1 746
19 2 13
19 3 578
19 4 399
19 5 425
19 6 412
19 7 656
19 8 322
19 9 846
19 10 460
19 11 274
19 12 425
19 13 686
19 14 569
19 15 630
19 16 239
19 17 495
19 18 248
19 19 0
19 20 461
19 21 274
19 22 335
19 23 482
19 24 582
19 25 239
19 26 560
19 27 460
19 28 200
19 29 586
19 30 150
19 31 397
19 32 848
19 33 102
19 34 349
19 35 800
19 36 150
19 37 397
19 38 848
19 39 198
19 40 445
19 41 896
19 42 246
19 43 493
19 44 944
19 45 294
19 46 541
19 47 992
19 48 270
20 0 527
20 1 873
20 2 448
20 3 321
20 4 526
20 5 552
20 6 539
20 7 399
20 8 291
20 9 781
20 10 587
20 11 339
20 12 552
20 13 525
20 14 408
20 15 373
20 16 400
20 17 430
20 18 313
20 19 461
20 20 0
20 21 339
20 22 304
20 23 417
20 24 421
20 25 496
20 26 495
20 27 569
20 28 361
20 29 521
20 30 407
20 31 524
20 32 975
20 33 359
20 34 476
20 35 927
20 36 311
20 37 428
20 38 879
20 39 263
20 40 380
20 41 831
20 42 215
20 43 332
20 44 783
20 45 167
20 46 284
20 47 735
20 48 527
21 0 340
21 1 868
21 2 261
21 3 508
21 4 521
21 5 547
21 6 534
21 7 586
21 8 200
21 9 776
21 10 582
21 11 0
21 12 547
21 13 616
21 14 499
21 15 560
21 16 213
21 17 425
21 18 26
21 19 274
21 20 339
21 21 0
21 22 213
21 23 412
21 24 512
21 25 309
21 26 490
21 27 434
21 28 174
21 29 516
21 30 220
21 31 519
21 32 970
21 33 172
21 34 471
21 35 922
21 36 124
21 37 423
21 38 874
21 39 76
21 40 375
21 41 826
21 42 124
21 43 423
21 44 874
21 45 172
21 46 471
21 47 922
21 48 340
22 0 401
22 1 903
22 2 322
22 3 447
22 4 556
22 5 582
22 6 569
22 7 525
22 8 13
22 9 811
22 10 617
22 11 213
22 12 582
22 13 555
22 14 438
22 15 499
22 16 274
22 17 460
22 18 187
22 19 335
22 20 304
22 21 213
22 22 0
22 23 447
22 24 451
22 25 370
22 26 525
22 27 495
22 28 235
22 29 551
22 30 281
22 31 554
22 32 1005
22 33 233
22 34 506
22 35 957
22 36 185
22 37 458
22 38 909
22 39 137
22 40 410
22 41 861
22 42 89
22 43 362
22 44 813
22 45 137
22 46 410
22 47 861
22 48 401
23 0 752
23 1 530
23 2 495
23 3 170
23 4 183
23 5 209
23 6 196
23 7 248
23 8 460
23 9 364
23 10 244
23 11 412
23 12 209
23 13 278
23 14 161
23 15 222
23 16 447
23 17 13
23 18 438
23 19 482
23 20 417
23 21 412
23 22 447
23 23 0
23 24 174
23 25 543
23 26 78
23 27 226
23 28 486
23 29 104
23 30 632
23 31 181
23 32 558
23 33 584
23 34 133
23 35 510
23 36 536
23 37 85
23 38 462
23 39 488
23 40 37
23 41 414
23 42 536
23 43 85
23 44 462
23 45 584
23 46 133
23 47 510
23 48 752
24 0 852
24 1 630
24 2 595
24 3 174
24 4 283
24 5 309
24 6 296
24 7 252
24 8 464
24 9 460
24 10 344
24 11 512
24 12 309
24 13 104
24 14 13
24 15 226
24 16 547
24 17 187
24 18 538
24 19 582
24 20 421
24 21 512
24 22 451
24 23 174
24 24 0
24 25 643
24 26 252
24 27 326
24 28 586
24 29 278
24 30 732
24 31 281
24 32 554
24 33 684
24 34 233
24 35 506
24 36 636
24 37 185
24 38 458
24 39 588
24 40 137
24 41 410
24 42 540
24 43 89
24 44 362
24 45 588
24 46 137
24 47 410
24 48 852
25 0 209
25 1 711
25 2 226
25 3 639
25 4 460
25 5 486
25 6 473
25 7 717
25 8 357
25 9 907
25 10 425
25 11 309
25 12 486
25 13 747
25 14 630
25 15 691
25 16 274
25 17 556
25 18 283
25 19 239
25 20 496
25 21 309
25 22 370
25 23 543
25 24 643
25 25 0
25 26 621
25 27 495
25 28 235
25 29 647
25 30 89
25 31 362
25 32 813
25 33 137
25 34 410
25 35 861
25 36 185
25 37 458
25 38 909
25 39 233
25 40 506
25 41 957
25 42 281
25 43 554
25 44 1005
25 45 329
25 46 602
25 47 1053
25 48 209
26 0 830
26 1 582
26 2 573
26 3 248
26 4 261
26 5 287
26 6 274
26 7 326
26 8 538
26 9 286
26 10 322
26 11 490
26 12 287
26 13 356
26 14 239
26 15 300
26 16 525
26 17 65
26 18 516
26 19 560
26 20 495
26 21 490
26 22 525
26 23 78
26 24 252
26 25 621
26 26 0
26 27 304
26 28 564
26 29 26
26 30 710
26 31 259
26 32 480
26 33 662
26 34 211
26 35 432
26 36 614
26 37 163
26 38 384
26 39 566
26 40 115
26 41 336
26 42 614
26 43 163
26 44 384
26 45 662
26 46 211
26 47 432
26 48 830
27 0 526
27 1 586
27 2 447
27 3 322
27 4 239
27 5 265
27 6 252
27 7 400
27 8 482
27 9 590
27 10 300
27 11 434
27 12 265
27 13 430
27 14 313
27 15 374
27 16 221
27 17 239
27 18 408
27 19 460
27 20 569
27 21 434
27 22 495
27 23 226
27 24 326
27 25 495
27 26 304
27 27 0
27 28 260
27 29 330
27 30 406
27 31 237
27 32 688
27 33 358
27 34 189
27 35 640
27 36 310
27 37 141
27 38 592
27 39 358
27 40 189
27 41 640
27 42 406
27 43 237
27 44 688
27 45 454
27 46 285
27 47 736
27 48 526
28 0 266
28 1 846
28 2 187
28 3 582
28 4 499
28 5 525
28 6 512
28 7 660
28 8 222
28 9 850
28 10 560
28 11 174
28 12 525
28 13 690
28 14 573
28 15 634
28 16 39
28 17 499
28 18 148
28 19 200
28 20 361
28 21 174
28 22 235
28 23 486
28 24 586
28 25 235
28 26 564
28 27 260
28 28 0
28 29 590
28 30 146
28 31 497
28 32 948
28 33 98
28 34 449
28 35 900
28 36 50
28 37 401
28 38 852
28 39 98
28 40 449
28 41 900
28 42 146
28 43 497
28 44 948
28 45 194
28 46 545
28 47 996
28 48 266
29 0 856
29 1 556
29 2 599
29 3 274
29 4 287
29 5 313
29 6 300
29 7 352
29 8 564
29 9 260
29 10 348
29 11 516
29 12 313
29 13 382
29 14 265
29 15 326
29 16 551
29 17 91
29 18 542
29 19 586
29 20 521
29 21 516
29 22 551
29 23 104
29 24 278
29 25 647
29 26 26
29 27 330
29 28 590
29 29 0
29 30 736
29 31 285
29 32 454
29 33 688
29 34 237
29 35 406
29 36 640
29 37 189
29 38 358
29 39 592
29 40 141
29 41 310
29 42 640
29 43 189
29 44 358
29 45 688
29 46 237
29 47 406
29 48 856
30 0 120
30 1 800
30 2 137
30 3 728
30 4 549
30 5 575
30 6 562
30 7 806
30 8 268
30 9 996
30 10 514
30 11 220
30 12 575
30 13 836
30 14 719
30 15 780
30 16 185
30 17 645
30 18 194
30 19 150
30 20 407
30 21 220
30 22 281
30 23 632
30 24 732
30 25 89
30 26 710
30 27 406
30 28 146
30 29 736
30 30 0
30 31 451
30 32 902
30 33 48
30 34 499
30 35 950
30 36 96
30 37 547
30 38 998
30 39 144
30 40 595
30 41 1046
30 42 192
30 43 643
30 44 1094
30 45 240
30 46 691
30 47 1142
30 48 120
31 0 571
31 1 349
31 2 410
31 3 277
31 4 98
31 5 124
31 6 111
31 7 355
31 8 567
31 9 545
31 10 63
31 11 519
31 12 124
31 13 385
31 14 268
31 15 329
31 16 458
31 17 194
31 18 545
31 19 397
31 20 524
31 21 519
31 22 554
31 23 181
31 24 281
31 25 362
31 26 259
31 27 237
31 28 497
31 29 285
31 30 451
31 31 0
31 32 451
31 33 499
31 34 48
31 35 499
31 36 547
31 37 96
31 38 547
31 39 595
31 40 144
31 41 595
31 42 643
31 43 192
31 44 643
31 45 691
31 46 240
31 47 691
31 48 571
32 0 1022
32 1 102
32 2 861
32 3 654
32 4 449
32 5 423
32 6 436
32 7 576
32 8 1018
32 9 194
32 10 388
32 11 970
32 12 423
32 13 450
32 14 567
32 15 602
32 16 909
32 17 545
32 18 996
32 19 848
32 20 975
32 21 970
32 22 1005
32 23 558
32 24 554
32 25 813
32 26 480
32 27 688
32 28 948
32 29 454
32 30 902
32 31 451
32 32 0
32 33 950
32 34 499
32 35 48
32 36 998
32 37 547
32 38 96
32 39 1046
32 40 595
32 41 144
32 42 1094
32 43 643
32 44 192
32 45 1142
32 46 691
32 47 240
32 48 1022
33 0 168
33 1 848
33 2 89
33 3 680
33 4 501
33 5 527
33 6 514
33 7 758
33 8 220
33 9 948
33 10 562
33 11 172
33 12 527
33 13 788
33 14 671
33 15 732
33 16 137
33 17 597
33 18 146
33 19 102
33 20 359
33 21 172
33 22 233
33 23 584
33 24 684
33 25 137
33 26 662
33 27 358
33 28 98
33 29 688
33 30 48
33 31 499
33 32 950
33 33 0
33 34 451
33 35 902
33 36 48
33 37 499
33 38 950
33 39 96
33 40 547
33 41 998
33 42 144
33 43 595
33 44 1046
33 45 192
33 46 643
33 47 1094
33 48 168
34 0 619
34 1 397
34 2 362
34 3 229
34 4 50
34 5 76
34 6 63
34 7 307
34 8 519
34 9 497
34 10 111
34 11 471
34 12 76
34 13 337
34 14 220
34 15 281
34 16 410
34 17 146
34 18 497
34 19 349
34 20 476
34 21 471
34 22 506
34 23 133
34 24 233
34 25 410
34 26 211
34 27 189
34 28 449
34 29 237
34 30 499
34 31 48
34 32 499
34 33 451
34 34 0
34 35 451
34 36 499
34 37 48
34 38 499
34 39 547
34 40 96
34 41 547
34 42 595
34 43 144
34 44 595
34 45 643
34 46 192
34 47 643
34 48 619
35 0 1070
35 1 150
35 2 813
35 3 606
35 4 401
35 5 375
35 6 388
35 7 528
35 8 970
35 9 146
35 10 436
35 11 922
35 12 375
35 13 402
35 14 519
35 15 554
35 16 861
35 17 497
35 18 948
35 19 800
35 20 927
35 21 922
35 22 957
35 23 510
35 24 506
35 25 861
35 26 432
35 27 640
35 28 900
35 29 406
35 30 950
35 31 499
35 32 48
35 33 902
35 34 451
35 35 0
35 36 950
35 37 499
35 38 48
35 39 998
35 40 547
35 41 96
35 42 1046
35 43 595
35 44 144
35 45 1094
35 46 643
35 47 192
35 48 1070
36 0 216
36 1 896
36 2 137
36 3 632
36 4 549
36 5 575
36 6 562
36 7 710
36 8 172
36 9 900
36 10 610
36 11 124
36 12 575
36 13 740
36 14 623
36 15 684
36 16 89
36 17 549
36 18 98
36 19 150
36 20 311
36 21 124
36 22 185
36 23 536
36 24 636
36 25 185
36 26 614
36 27 310
36 28 50
36 29 640
36 30 96
36 31 547
36 32 998
36 33 48
36 34 499
36 35 950
36 36 0
36 37 451
36 38 902
36 39 48
36 40 499
36 41 950
36 42 96
36 43 547
36 44 998
36 45 144
36 46 595
36 47 1046
36 48 216
37 0 667
37 1 445
37 2 410
37 3 181
37 4 98
37 5 124
37 6 111
37 7 259
37 8 471
37 9 449
37 10 159
37 11 423
37 12 124
37 13 289
37 14 172
37 15 233
37 16 362
37 17 98
37 18 449
37 19 397
37 20 428
37 21 423
37 22 458
37 23 85
37 24 185
37 25 458
37 26 163
37 27 141
37 28 401
37 29 189
37 30 547
37 31 96
37 32 547
37 33 499
37 34 48
37 35 499
37 36 451
37 37 0
37 38 451
37 39 499
37 40 48
37 41 499
37 42 547
37 43 96
37 44 547
37 45 595
37 46 144
37 47 595
37 48 667
38 0 1118
38 1 198
38 2 861
38 3 558
38 4 449
38 5 423
38 6 436
38 7 480
38 8 922
38 9 98
38 10 484
38 11 874
38 12 423
38 13 354
38 14 471
38 15 506
38 16 813
38 17 449
38 18 900
38 19 848
38 20 879
38 21 874
38 22 909
38 23 462
38 24 458
38 25 909
38 26 384
38 27 592
38 28 852
38 29 358
38 30 998
38 31 547
38 32 96
38 33 950
38 34 499
38 35 48
38 36 902
38 37 451
38 38 0
38 39 950
38 40 499
38 41 48
38 42 998
38 43 547
38 44 96
38 45 1046
38 46 595
38 47 144
38 48 1118
39 0 264
39 1 944
39 2 185
39 3 584
39 4 597
39 5 623
39 6 610
39 7 662
39 8 124
39 9 852
39 10 658
39 11 76
39 12 623
39 13 692
39 14 575
39 15 636
39 16 137
39 17 501
39 18 50
39 19 198
39 20 263
39 21 76
39 22 137
39 23 488
39 24 588
39 25 233
39 26 566
39 27 358
39 28 98
39 29 592
39 30 144
39 31 595
39 32 1046
39 33 96
39 34 547
39 35 998
39 36 48
39 37 499
39 38 950
39 39 0
39 40 451
39 41 902
39 42 48
39 43 499
39 44 950
39 45 96
39 46 547
39 47 998
39 48 264
40 0 715
40 1 493
40 2 458
40 3 133
40 4 146
40 5 172
40 6 159
40 7 211
40 8 423
40 9 401
40 10 207
40 11 375
40 12 172
40 13 241
40 14 124
40 15 185
40 16 410
40 17 50
40 18 401
40 19 445
40 20 380
40 21 375
40 22 410
40 23 37
40 24 137
40 25 506
40 26 115
40 27 189
40 28 449
40 29 141
40 30 595
40 31 144
40 32 595
40 33 547
40 34 96
40 35 547
40 36 499
40 37 48
40 38 499
40 39 451
40 40 0
40 41 451
40 42 499
40 43 48
40 44 499
40 45 547
40 46 96
40 47 547
40 48 715
41 0 1166
41 1 246
41 2 909
41 3 510
41 4 497
41 5 471
41 6 484
41 7 432
41 8 874
41 9 50
41 10 532
41 11 826
41 12 471
41 13 306
41 14 423
41 15 458
41 16 861
41 17 401
41 18 852
41 19 896
41 20 831
41 21 826
41 22 861
41 23 414
41 24 410
41 25 957
41 26 336
41 27 640
41 28 900
41 29 310
41 30 1046
41 31 595
41 32 144
41 33 998
41 34 547
41 35 96
41 36 950
41 37 499
41 38 48
41 39 902
41 40 451
41 41 0
41 42 950
41 43 499
41 44 48
41 45 998
41 46 547
41 47 96
41 48 1166
42 0 312
42 1 992
42 2 233
42 3 536
42 4 645
42 5 671
42 6 658
42 7 614
42 8 76
42 9 900
42 10 706
42 11 124
42 12 671
42 13 644
42 14 527
42 15 588
42 16 185
42 17 549
42 18 98
42 19 246
42 20 215
42 21 124
42 22 89
42 23 536
42 24 540
42 25 281
42 26 614
42 27 406
42 28 146
42 29 640
42 30 192
42 31 643
42 32 1094
42 33 144
42 34 595
42 35 1046
42 36 96
42 37 547
42 38 998
42 39 48
42 40 499
42 41 950
42 42 0
42 43 451
42 44 902
42 45 48
42 46 499
42 47 950
42 48 312
43 0 763
43 1 541
43 2 506
43 3 85
43 4 194
43 5 220
43 6 207
43 7 163
43 8 375
43 9 449
43 10 255
43 11 423
43 12 220
43 13 193
43 14 76
43 15 137
43 16 458
43 17 98
43 18 449
43 19 493
43 20 332
43 21 423
43 22 362
43 23 85
43 24 89
43 25 554
43 26 163
43 27 237
43 28 497
43 29 189
43 30 643
43 31 192
43 32 643
43 33 595
43 34 144
43 35 595
43 36 547
43 37 96
43 38 547
43 39 499
43 40 48
43 41 499
43 42 451
43 43 0
43 44 451
43 45 499
43 46 48
43 47 499
43 48 763
44 0 1214
44 1 294
44 2 957
44 3 462
44 4 545
44 5 519
44 6 532
44 7 384
44 8 826
44 9 98
44 10 580
44 11 874
44 12 519
44 13 258
44 14 375
44 15 410
44 16 909
44 17 449
44 18 900
44 19 944
44 20 783
44 21 874
44 22 813
44 23 462
44 24 362
44 25 1005
44 26 384
44 27 688
44 28 948
44 29 358
44 30 1094
44 31 643
44 32 192
44 33 1046
44 34 595
44 35 144
44 36 998
44 37 547
44 38 96
44 39 950
44 40 499
44 41 48
44 42 902
44 43 451
44 44 0
44 45 950
44 46 499
44 47 48
44 48 1214
45 0 360
45 1 1040
45 2 281
45 3 488
45 4 693
45 5 719
45 6 706
45 7 566
45 8 124
45 9 948
45 10 754
45 11 172
45 12 719
45 13 692
45 14 575
45 15 540
45 16 233
45 17 597
45 18 146
45 19 294
45 20 167
45 21 172
45 22 137
45 23 584
45 24 588
45 25 329
45 26 662
45 27 454
45 28 194
45 29 688
45 30 240
45 31 691
45 32 1142
45 33 192
45 34 643
45 35 1094
45 36 144
45 37 595
45 38 1046
45 39 96
45 40 547
45 41 998
45 42 48
45 43 499
45 44 950
45 45 0
45 46 451
45 47 902
45 48 360
46 0 811
46 1 589
46 2 554
46 3 37
46 4 242
46 5 268
46 6 255
46 7 115
46 8 423
46 9 497
46 10 303
46 11 471
46 12 268
46 13 241
46 14 124
46 15 89
46 16 506
46 17 146
46 18 497
46 19 541
46 20 284
46 21 471
46 22 410
46 23 133
46 24 137
46 25 602
46 26 211
46 27 285
46 28 545
46 29 237
46 30 691
46 31 240
46 32 691
46 33 643
46 34 192
46 35 643
46 36 595
46 37 144
46 38 595
46 39 547
46 40 96
46 41 547
46 42 499
46 43 48
46 44 499
46 45 451
46 46 0
46 47 451
46 48 811
47 0 1262
47 1 342
47 2 1005
47 3 414
47 4 593
47 5 567
47 6 580
47 7 336
47 8 874
47 9 146
47 10 628
47 11 922
47 12 567
47 13 306
47 14 423
47 15 362
47 16 957
47 17 497
47 18 948
47 19 992
47 20 735
47 21 922
47 22 861
47 23 510
47 24 410
47 25 1053
47 26 432
47 27 736
47 28 996
47 29 406
47 30 1142
47 31 691
47 32 240
47 33 1094
47 34 643
47 35 192
47 36 1046
47 37 595
47 38 144
47 39 998
47 40 547
47 41 96
47 42 950
47 43 499
47 44 48
47 45 902
47 46 451
47 47 0
47 48 1262
48 0 0
48 1 920
48 2 257
48 3 848
48 4 669
48 5 695
48 6 682
48 7 926
48 8 388
48 9 1116
48 10 634
48 11 340
48 12 695
48 13 956
48 14 839
48 15 900
48 16 305
48 17 765
48 18 314
48 19 270
48 20 527
48 21 340
48 22 401
48 23 752
48 24 852
48 25 209
48 26 830
48 27 526
48 28 266
48 29 856
48 30 120
48 31 571
48 32 1022
48 33 168
48 34 619
48 35 1070
48 36 216
48 37 667
48 38 1118
48 39 264
48 40 715
48 41 1166
48 42 312
48 43 763
48 44 1214
48 45 360
48 46 811
48 47 1262
48 48 0
//Location coordinates LocationName
//Loc x y
0 0.0 0.0 "depot"
1 0.0 920.0 "product aisle 0 bloc 1 rank 49"
2 48.0 209.0 "product aisle 1 bloc 0 rank 9"
3 240.0 608.0 "product aisle 5 bloc 1 rank 2"
4 48.0 621.0 "product aisle 1 bloc 1 rank 4"
5 48.0 647.0 "product aisle 1 bloc 1 rank 8"
6 48.0 634.0 "product aisle 1 bloc 1 rank 6"
7 240.0 686.0 "product aisle 5 bloc 1 rank 14"
8 192.0 196.0 "product aisle 4 bloc 0 rank 8"
9 144.0 972.0 "product aisle 3 bloc 1 rank 57"
10 0.0 634.0 "product aisle 0 bloc 1 rank 5"
11 144.0 196.0 "product aisle 3 bloc 0 rank 8"
12 48.0 647.0 "product aisle 1 bloc 1 rank 7"
13 192.0 764.0 "product aisle 4 bloc 1 rank 25"
14 192.0 647.0 "product aisle 4 bloc 1 rank 8"
15 240.0 660.0 "product aisle 5 bloc 1 rank 9"
16 96.0 209.0 "product aisle 2 bloc 0 rank 10"
17 144.0 621.0 "product aisle 3 bloc 1 rank 3"
18 144.0 170.0 "product aisle 3 bloc 0 rank 4"
19 48.0 222.0 "product aisle 1 bloc 0 rank 11"
20 240.0 287.0 "product aisle 5 bloc 0 rank 22"
21 144.0 196.0 "product aisle 3 bloc 0 rank 7"
22 192.0 209.0 "product aisle 4 bloc 0 rank 9"
23 144.0 608.0 "product aisle 3 bloc 1 rank 2"
24 192.0 660.0 "product aisle 4 bloc 1 rank 10"
25 0.0 209.0 "product aisle 0 bloc 0 rank 10"
26 144.0 686.0 "product aisle 3 bloc 1 rank 14"
27 96.0 430.0 "product aisle 2 bloc 0 rank 44"
28 96.0 170.0 "product aisle 2 bloc 0 rank 3"
29 144.0 712.0 "product aisle 3 bloc 1 rank 17"
30 24.0 120.0 "intersection aisle 0 bloc 0 rank 0"
31 24.0 571.0 "intersection aisle 0 bloc 1 rank 1"
32 24.0 1022.0 "intersection aisle 0 bloc 2 rank 2"
33 72.0 120.0 "intersection aisle 1 bloc 0 rank 0"
34 72.0 571.0 "intersection aisle 1 bloc 1 rank 1"
35 72.0 1022.0 "intersection aisle 1 bloc 2 rank 2"
36 120.0 120.0 "intersection aisle 2 bloc 0 rank 0"
37 120.0 571.0 "intersection aisle 2 bloc 1 rank 1"
38 120.0 1022.0 "intersection aisle 2 bloc 2 rank 2"
39 168.0 120.0 "intersection aisle 3 bloc 0 rank 0"
40 168.0 571.0 "intersection aisle 3 bloc 1 rank 1"
41 168.0 1022.0 "intersection aisle 3 bloc 2 rank 2"
42 216.0 120.0 "intersection aisle 4 bloc 0 rank 0"
43 216.0 571.0 "intersection aisle 4 bloc 1 rank 1"
44 216.0 1022.0 "intersection aisle 4 bloc 2 rank 2"
45 264.0 120.0 "intersection aisle 5 bloc 0 rank 0"
46 264.0 571.0 "intersection aisle 5 bloc 1 rank 1"
47 264.0 1022.0 "intersection aisle 5 bloc 2 rank 2"
48 0.0 0.0 "depot"
