//alpha
1
//NbLocations
63
//NbProducts
26
//NbPickers
2
//CapaPicker
8
//TimeToTravelOneDistanceUnit
3
//SetupTime
5400
//PickTime
300
//Products
//Idx Location Size
1 1 1
2 2 1
3 3 1
4 4 1
5 5 1
6 6 1
7 7 1
8 8 1
9 9 1
10 10 1
11 11 1
12 12 1
13 13 1
14 14 1
15 15 1
16 16 1
17 17 1
18 18 1
19 19 1
20 20 1
21 21 1
22 22 1
23 23 1
24 24 1
25 25 1
26 26 1
//Orders
//NbOrders
6
//Idx DueDate TardinessPenalty NbProdInOrder ProdIdx1 Qty1 ProdIdx2 Qty2 ...
1 126000 0 2 1 1 2 1
2 108000 0 6 3 1 4 1 5 1 6 1 7 1 8 1
3 108000 0 2 9 1 10 1
4 144000 0 2 11 1 12 1
5 108000 0 6 13 1 14 1 15 1 16 1 17 1 18 1
6 90000 0 8 19 1 20 1 21 1 22 1 23 1 24 1 25 1 26 1
//Graph (Products are vertices indexed from 1 to NbProducts)
//NbVerticesIntersections
36
//DepartingDepot
0
//ArrivalDepot
63
//Arcs
//Start End Distance
0 27 120
1 20 104
1 33 141
2 3 104
2 12 65
3 2 104
3 29 466
4 9 78
4 26 195
5 8 559
5 28 89
6 31 89
6 32 752
7 36 505
7 37 336
8 5 559
8 19 117
9 4 78
9 34 284
10 51 232
10 52 609
11 25 13
11 43 765
12 2 65
12 28 206
13 19 0
13 27 76
14 57 258
14 58 583
15 17 546
15 46 115
16 39 154
16 40 687
17 15 546
17 47 180
18 30 505
18 31 336
19 8 117
19 13 0
20 1 104
20 34 596
21 48 141
21 49 700
22 49 89
22 50 752
23 45 50
23 46 791
24 55 76
24 56 765
25 11 13
25 42 63
26 4 195
26 35 284
27 13 76
27 30 48
27 63 120
28 5 89
28 12 206
28 31 48
29 3 466
29 32 48
30 18 505
30 27 48
30 33 48
31 6 89
31 18 336
31 28 48
31 34 48
32 6 752
32 29 48
32 35 48
33 1 141
33 30 48
33 36 48
34 9 284
34 20 596
34 31 48
34 37 48
35 26 284
35 32 48
35 38 48
36 7 505
36 33 48
36 39 48
37 7 336
37 34 48
37 38 841
37 40 48
38 35 48
38 37 841
38 41 48
39 16 154
39 36 48
39 42 48
40 16 687
40 37 48
40 41 841
40 43 48
41 38 48
41 40 841
41 44 48
42 25 63
42 39 48
42 45 48
43 11 765
43 40 48
43 44 841
43 46 48
44 41 48
44 43 841
44 47 48
45 23 50
45 42 48
45 48 48
46 15 115
46 23 791
46 43 48
46 49 48
47 17 180
47 44 48
47 50 48
48 21 141
48 45 48
48 51 48
49 21 700
49 22 89
49 46 48
49 52 48
50 22 752
50 47 48
50 53 48
51 10 232
51 48 48
51 54 48
52 10 609
52 49 48
52 53 841
52 55 48
53 50 48
53 52 841
53 56 48
54 51 48
54 55 841
54 57 48
55 24 76
55 52 48
55 54 841
55 58 48
56 24 765
56 53 48
56 59 48
57 14 258
57 54 48
57 60 48
58 14 583
58 55 48
58 59 841
58 61 48
59 56 48
59 58 841
59 62 48
60 57 48
60 61 841
61 58 48
61 60 841
61 62 841
62 59 48
62 61 841
//LocStart LocEnd ShortestPath
0 0 0
0 1 357
0 2 1232
0 3 1336
0 4 1419
0 5 872
0 6 1098
0 7 769
0 8 313
0 9 1341
0 10 736
0 11 436
0 12 1167
0 13 196
0 14 858
0 15 1364
0 16 466
0 17 1910
0 18 673
0 19 196
0 20 461
0 21 597
0 22 1386
0 23 458
0 24 1469
0 25 423
0 26 1614
0 27 120
0 28 961
0 29 1802
0 30 168
0 31 1009
0 32 1850
0 33 216
0 34 1057
0 35 1898
0 36 264
0 37 1105
0 38 1946
0 39 312
0 40 1153
0 41 1994
0 42 360
0 43 1201
0 44 2042
0 45 408
0 46 1249
0 47 2090
0 48 456
0 49 1297
0 50 2138
0 51 504
0 52 1345
0 53 2186
0 54 552
0 55 1393
0 56 2234
0 57 600
0 58 1441
0 59 2282
0 60 648
0 61 1489
0 62 2330
0 63 0
1 0 357
1 1 0
1 2 1067
1 3 1171
1 4 1062
1 5 885
1 6 837
1 7 694
1 8 430
1 9 984
1 10 661
1 11 361
1 12 1002
1 13 313
1 14 783
1 15 1007
1 16 391
1 17 1553
1 18 694
1 19 313
1 20 104
1 21 522
1 22 1029
1 23 383
1 24 1112
1 25 348
1 26 1257
1 27 237
1 28 796
1 29 1637
1 30 189
1 31 748
1 32 1589
1 33 141
1 34 700
1 35 1541
1 36 189
1 37 748
1 38 1589
1 39 237
1 40 796
1 41 1637
1 42 285
1 43 844
1 44 1685
1 45 333
1 46 892
1 47 1733
1 48 381
1 49 940
1 50 1781
1 51 429
1 52 988
1 53 1829
1 54 477
1 55 1036
1 56 1877
1 57 525
1 58 1084
1 59 1925
1 60 573
1 61 1132
1 62 1973
1 63 357
2 0 1232
2 1 1067
2 2 0
2 3 104
2 4 729
2 5 360
2 6 408
2 7 751
2 8 919
2 9 651
2 10 1264
2 11 1276
2 12 65
2 13 1036
2 14 1334
2 15 674
2 16 1150
2 17 1038
2 18 655
2 19 1036
2 20 963
2 21 1307
2 22 696
2 23 1350
2 24 779
2 25 1289
2 26 924
2 27 1112
2 28 271
2 29 570
2 30 1160
2 31 319
2 32 618
2 33 1208
2 34 367
2 35 666
2 36 1256
2 37 415
2 38 714
2 39 1304
2 40 463
2 41 762
2 42 1352
2 43 511
2 44 810
2 45 1400
2 46 559
2 47 858
2 48 1448
2 49 607
2 50 906
2 51 1496
2 52 655
2 53 954
2 54 1544
2 55 703
2 56 1002
2 57 1592
2 58 751
2 59 1050
2 60 1640
2 61 799
2 62 1098
2 63 1232
3 0 1336
3 1 1171
3 2 104
3 3 0
3 4 833
3 5 464
3 6 512
3 7 855
3 8 1023
3 9 755
3 10 1368
3 11 1380
3 12 169
3 13 1140
3 14 1438
3 15 778
3 16 1254
3 17 934
3 18 759
3 19 1140
3 20 1067
3 21 1411
3 22 800
3 23 1454
3 24 883
3 25 1393
3 26 846
3 27 1216
3 28 375
3 29 466
3 30 1264
3 31 423
3 32 514
3 33 1312
3 34 471
3 35 562
3 36 1360
3 37 519
3 38 610
3 39 1408
3 40 567
3 41 658
3 42 1456
3 43 615
3 44 706
3 45 1504
3 46 663
3 47 754
3 48 1552
3 49 711
3 50 802
3 51 1600
3 52 759
3 53 850
3 54 1648
3 55 807
3 56 898
3 57 1696
3 58 855
3 59 946
3 60 1744
3 61 903
3 62 994
3 63 1336
4 0 1419
4 1 1062
4 2 729
4 3 833
4 4 0
4 5 547
4 6 499
4 7 746
4 8 1106
4 9 78
4 10 1259
4 11 1271
4 12 664
4 13 1223
4 14 1329
4 15 669
4 16 1145
4 17 851
4 18 746
4 19 1223
4 20 958
4 21 1302
4 22 691
4 23 1345
4 24 774
4 25 1284
4 26 195
4 27 1299
4 28 458
4 29 575
4 30 1251
4 31 410
4 32 527
4 33 1203
4 34 362
4 35 479
4 36 1251
4 37 410
4 38 527
4 39 1299
4 40 458
4 41 575
4 42 1347
4 43 506
4 44 623
4 45 1395
4 46 554
4 47 671
4 48 1443
4 49 602
4 50 719
4 51 1491
4 52 650
4 53 767
4 54 1539
4 55 698
4 56 815
4 57 1587
4 58 746
4 59 863
4 60 1635
4 61 794
4 62 911
4 63 1419
5 0 872
5 1 885
5 2 360
5 3 464
5 4 547
5 5 0
5 6 226
5 7 569
5 8 559
5 9 469
5 10 1082
5 11 1068
5 12 295
5 13 676
5 14 1152
5 15 492
5 16 968
5 17 1038
5 18 473
5 19 676
5 20 781
5 21 1125
5 22 514
5 23 1090
5 24 597
5 25 1055
5 26 742
5 27 752
5 28 89
5 29 930
5 30 800
5 31 137
5 32 978
5 33 848
5 34 185
5 35 1026
5 36 896
5 37 233
5 38 1074
5 39 944
5 40 281
5 41 1122
5 42 992
5 43 329
5 44 1170
5 45 1040
5 46 377
5 47 1218
5 48 1088
5 49 425
5 50 1266
5 51 1136
5 52 473
5 53 1314
5 54 1184
5 55 521
5 56 1362
5 57 1232
5 58 569
5 59 1410
5 60 1280
5 61 617
5 62 1458
5 63 872
6 0 1098
6 1 837
6 2 408
6 3 512
6 4 499
6 5 226
6 6 0
6 7 521
6 8 785
6 9 421
6 10 1034
6 11 1046
6 12 343
6 13 902
6 14 1104
6 15 444
6 16 920
6 17 990
6 18 425
6 19 902
6 20 733
6 21 1077
6 22 466
6 23 1120
6 24 549
6 25 1059
6 26 694
6 27 978
6 28 137
6 29 800
6 30 930
6 31 89
6 32 752
6 33 978
6 34 137
6 35 800
6 36 1026
6 37 185
6 38 848
6 39 1074
6 40 233
6 41 896
6 42 1122
6 43 281
6 44 944
6 45 1170
6 46 329
6 47 992
6 48 1218
6 49 377
6 50 1040
6 51 1266
6 52 425
6 53 1088
6 54 1314
6 55 473
6 56 1136
6 57 1362
6 58 521
6 59 1184
6 60 1410
6 61 569
6 62 1232
6 63 1098
7 0 769
7 1 694
7 2 751
7 3 855
7 4 746
7 5 569
7 6 521
7 7 0
7 8 842
7 9 668
7 10 977
7 11 677
7 12 686
7 13 725
7 14 1099
7 15 595
7 16 707
7 17 1141
7 18 768
7 19 725
7 20 798
7 21 838
7 22 617
7 23 699
7 24 700
7 25 664
7 26 941
7 27 649
7 28 480
7 29 1321
7 30 601
7 31 432
7 32 1273
7 33 553
7 34 384
7 35 1225
7 36 505
7 37 336
7 38 1177
7 39 553
7 40 384
7 41 1225
7 42 601
7 43 432
7 44 1273
7 45 649
7 46 480
7 47 1321
7 48 697
7 49 528
7 50 1369
7 51 745
7 52 576
7 53 1417
7 54 793
7 55 624
7 56 1465
7 57 841
7 58 672
7 59 1513
7 60 889
7 61 720
7 62 1561
7 63 769
8 0 313
8 1 430
8 2 919
8 3 1023
8 4 1106
8 5 559
8 6 785
8 7 842
8 8 0
8 9 1028
8 10 809
8 11 509
8 12 854
8 13 117
8 14 931
8 15 1051
8 16 539
8 17 1597
8 18 746
8 19 117
8 20 534
8 21 670
8 22 1073
8 23 531
8 24 1156
8 25 496
8 26 1301
8 27 193
8 28 648
8 29 1489
8 30 241
8 31 696
8 32 1537
8 33 289
8 34 744
8 35 1585
8 36 337
8 37 792
8 38 1633
8 39 385
8 40 840
8 41 1681
8 42 433
8 43 888
8 44 1729
8 45 481
8 46 936
8 47 1777
8 48 529
8 49 984
8 50 1825
8 51 577
8 52 1032
8 53 1873
8 54 625
8 55 1080
8 56 1921
8 57 673
8 58 1128
8 59 1969
8 60 721
8 61 1176
8 62 2017
8 63 313
9 0 1341
9 1 984
9 2 651
9 3 755
9 4 78
9 5 469
9 6 421
9 7 668
9 8 1028
9 9 0
9 10 1181
9 11 1193
9 12 586
9 13 1145
9 14 1251
9 15 591
9 16 1067
9 17 929
9 18 668
9 19 1145
9 20 880
9 21 1224
9 22 613
9 23 1267
9 24 696
9 25 1206
9 26 273
9 27 1221
9 28 380
9 29 653
9 30 1173
9 31 332
9 32 605
9 33 1125
9 34 284
9 35 557
9 36 1173
9 37 332
9 38 605
9 39 1221
9 40 380
9 41 653
9 42 1269
9 43 428
9 44 701
9 45 1317
9 46 476
9 47 749
9 48 1365
9 49 524
9 50 797
9 51 1413
9 52 572
9 53 845
9 54 1461
9 55 620
9 56 893
9 57 1509
9 58 668
9 59 941
9 60 1557
9 61 716
9 62 989
9 63 1341
10 0 736
10 1 661
10 2 1264
10 3 1368
10 4 1259
10 5 1082
10 6 1034
10 7 977
10 8 809
10 9 1181
10 10 0
10 11 452
10 12 1199
10 13 692
10 14 586
10 15 820
10 16 578
10 17 1366
10 18 1073
10 19 692
10 20 765
10 21 421
10 22 746
10 23 378
10 24 733
10 25 439
10 26 1454
10 27 616
10 28 993
10 29 1834
10 30 568
10 31 945
10 32 1786
10 33 520
10 34 897
10 35 1738
10 36 472
10 37 849
10 38 1690
10 39 424
10 40 801
10 41 1642
10 42 376
10 43 753
10 44 1594
10 45 328
10 46 705
10 47 1546
10 48 280
10 49 657
10 50 1498
10 51 232
10 52 609
10 53 1450
10 54 280
10 55 657
10 56 1498
10 57 328
10 58 705
10 59 1546
10 60 376
10 61 753
10 62 1594
10 63 736
11 0 436
11 1 361
11 2 1276
11 3 1380
11 4 1271
11 5 1068
11 6 1046
11 7 677
11 8 509
11 9 1193
11 10 452
11 11 0
11 12 1211
11 13 392
11 14 574
11 15 928
11 16 278
11 17 1474
11 18 773
11 19 392
11 20 465
11 21 313
11 22 950
11 23 174
11 24 1033
11 25 13
11 26 1466
11 27 316
11 28 1005
11 29 1846
11 30 268
11 31 957
11 32 1798
11 33 220
11 34 909
11 35 1750
11 36 172
11 37 861
11 38 1702
11 39 124
11 40 813
11 41 1654
11 42 76
11 43 765
11 44 1606
11 45 124
11 46 813
11 47 1654
11 48 172
11 49 861
11 50 1702
11 51 220
11 52 909
11 53 1750
11 54 268
11 55 957
11 56 1798
11 57 316
11 58 1005
11 59 1846
11 60 364
11 61 1053
11 62 1894
11 63 436
12 0 1167
12 1 1002
12 2 65
12 3 169
12 4 664
12 5 295
12 6 343
12 7 686
12 8 854
12 9 586
12 10 1199
12 11 1211
12 12 0
12 13 971
12 14 1269
12 15 609
12 16 1085
12 17 1103
12 18 590
12 19 971
12 20 898
12 21 1242
12 22 631
12 23 1285
12 24 714
12 25 1224
12 26 859
12 27 1047
12 28 206
12 29 635
12 30 1095
12 31 254
12 32 683
12 33 1143
12 34 302
12 35 731
12 36 1191
12 37 350
12 38 779
12 39 1239
12 40 398
12 41 827
12 42 1287
12 43 446
12 44 875
12 45 1335
12 46 494
12 47 923
12 48 1383
12 49 542
12 50 971
12 51 1431
12 52 590
12 53 1019
12 54 1479
12 55 638
12 56 1067
12 57 1527
12 58 686
12 59 1115
12 60 1575
12 61 734
12 62 1163
12 63 1167
13 0 196
13 1 313
13 2 1036
13 3 1140
13 4 1223
13 5 676
13 6 902
13 7 725
13 8 117
13 9 1145
13 10 692
13 11 392
13 12 971
13 13 0
13 14 814
13 15 1168
13 16 422
13 17 1714
13 18 629
13 19 0
13 20 417
13 21 553
13 22 1190
13 23 414
13 24 1273
13 25 379
13 26 1418
13 27 76
13 28 765
13 29 1606
13 30 124
13 31 813
13 32 1654
13 33 172
13 34 861
13 35 1702
13 36 220
13 37 909
13 38 1750
13 39 268
13 40 957
13 41 1798
13 42 316
13 43 1005
13 44 1846
13 45 364
13 46 1053
13 47 1894
13 48 412
13 49 1101
13 50 1942
13 51 460
13 52 1149
13 53 1990
13 54 508
13 55 1197
13 56 2038
13 57 556
13 58 1245
13 59 2086
13 60 604
13 61 1293
13 62 2134
13 63 196
14 0 858
14 1 783
14 2 1334
14 3 1438
14 4 1329
14 5 1152
14 6 1104
14 7 1099
14 8 931
14 9 1251
14 10 586
14 11 574
14 12 1269
14 13 814
14 14 0
14 15 890
14 16 700
14 17 1436
14 18 1195
14 19 814
14 20 887
14 21 543
14 22 816
14 23 500
14 24 707
14 25 561
14 26 1524
14 27 738
14 28 1063
14 29 1904
14 30 690
14 31 1015
14 32 1856
14 33 642
14 34 967
14 35 1808
14 36 594
14 37 919
14 38 1760
14 39 546
14 40 871
14 41 1712
14 42 498
14 43 823
14 44 1664
14 45 450
14 46 775
14 47 1616
14 48 402
14 49 727
14 50 1568
14 51 354
14 52 679
14 53 1520
14 54 306
14 55 631
14 56 1472
14 57 258
14 58 583
14 59 1424
14 60 306
14 61 631
14 62 1472
14 63 858
15 0 1364
15 1 1007
15 2 674
15 3 778
15 4 669
15 5 492
15 6 444
15 7 595
15 8 1051
15 9 591
15 10 820
15 11 928
15 12 609
15 13 1168
15 14 890
15 15 0
15 16 898
15 17 546
15 18 691
15 19 1168
15 20 903
15 21 863
15 22 252
15 23 906
15 24 335
15 25 941
15 26 864
15 27 1244
15 28 403
15 29 1014
15 30 1196
15 31 355
15 32 966
15 33 1148
15 34 307
15 35 918
15 36 1100
15 37 259
15 38 870
15 39 1052
15 40 211
15 41 822
15 42 1004
15 43 163
15 44 774
15 45 956
15 46 115
15 47 726
15 48 1004
15 49 163
15 50 774
15 51 1052
15 52 211
15 53 822
15 54 1100
15 55 259
15 56 870
15 57 1148
15 58 307
15 59 918
15 60 1196
15 61 355
15 62 966
15 63 1364
16 0 466
16 1 391
16 2 1150
16 3 1254
16 4 1145
16 5 968
16 6 920
16 7 707
16 8 539
16 9 1067
16 10 578
16 11 278
16 12 1085
16 13 422
16 14 700
16 15 898
16 16 0
16 17 1444
16 18 803
16 19 422
16 20 495
16 21 439
16 22 920
16 23 300
16 24 1003
16 25 265
16 26 1340
16 27 346
16 28 879
16 29 1720
16 30 298
16 31 831
16 32 1672
16 33 250
16 34 783
16 35 1624
16 36 202
16 37 735
16 38 1576
16 39 154
16 40 687
16 41 1528
16 42 202
16 43 735
16 44 1576
16 45 250
16 46 783
16 47 1624
16 48 298
16 49 831
16 50 1672
16 51 346
16 52 879
16 53 1720
16 54 394
16 55 927
16 56 1768
16 57 442
16 58 975
16 59 1816
16 60 490
16 61 1023
16 62 1864
16 63 466
17 0 1910
17 1 1553
17 2 1038
17 3 934
17 4 851
17 5 1038
17 6 990
17 7 1141
17 8 1597
17 9 929
17 10 1366
17 11 1474
17 12 1103
17 13 1714
17 14 1436
17 15 546
17 16 1444
17 17 0
17 18 1237
17 19 1714
17 20 1449
17 21 1409
17 22 798
17 23 1452
17 24 881
17 25 1487
17 26 656
17 27 1790
17 28 949
17 29 468
17 30 1742
17 31 901
17 32 420
17 33 1694
17 34 853
17 35 372
17 36 1646
17 37 805
17 38 324
17 39 1598
17 40 757
17 41 276
17 42 1550
17 43 709
17 44 228
17 45 1502
17 46 661
17 47 180
17 48 1550
17 49 709
17 50 228
17 51 1598
17 52 757
17 53 276
17 54 1646
17 55 805
17 56 324
17 57 1694
17 58 853
17 59 372
17 60 1742
17 61 901
17 62 420
17 63 1910
18 0 673
18 1 694
18 2 655
18 3 759
18 4 746
18 5 473
18 6 425
18 7 768
18 8 746
18 9 668
18 10 1073
18 11 773
18 12 590
18 13 629
18 14 1195
18 15 691
18 16 803
18 17 1237
18 18 0
18 19 629
18 20 798
18 21 934
18 22 713
18 23 795
18 24 796
18 25 760
18 26 941
18 27 553
18 28 384
18 29 1225
18 30 505
18 31 336
18 32 1177
18 33 553
18 34 384
18 35 1225
18 36 601
18 37 432
18 38 1273
18 39 649
18 40 480
18 41 1321
18 42 697
18 43 528
18 44 1369
18 45 745
18 46 576
18 47 1417
18 48 793
18 49 624
18 50 1465
18 51 841
18 52 672
18 53 1513
18 54 889
18 55 720
18 56 1561
18 57 937
18 58 768
18 59 1609
18 60 985
18 61 816
18 62 1657
18 63 673
19 0 196
19 1 313
19 2 1036
19 3 1140
19 4 1223
19 5 676
19 6 902
19 7 725
19 8 117
19 9 1145
19 10 692
19 11 392
19 12 971
19 13 0
19 14 814
19 15 1168
19 16 422
19 17 1714
19 18 629
19 19 0
19 20 417
19 21 553
19 22 1190
19 23 414
19 24 1273
19 25 379
19 26 1418
19 27 76
19 28 765
19 29 1606
19 30 124
19 31 813
19 32 1654
19 33 172
19 34 861
19 35 1702
19 36 220
19 37 909
19 38 1750
19 39 268
19 40 957
19 41 1798
19 42 316
19 43 1005
19 44 1846
19 45 364
19 46 1053
19 47 1894
19 48 412
19 49 1101
19 50 1942
19 51 460
19 52 1149
19 53 1990
19 54 508
19 55 1197
19 56 2038
19 57 556
19 58 1245
19 59 2086
19 60 604
19 61 1293
19 62 2134
19 63 196
20 0 461
20 1 104
20 2 963
20 3 1067
20 4 958
20 5 781
20 6 733
20 7 798
20 8 534
20 9 880
20 10 765
20 11 465
20 12 898
20 13 417
20 14 887
20 15 903
20 16 495
20 17 1449
20 18 798
20 19 417
20 20 0
20 21 626
20 22 925
20 23 487
20 24 1008
20 25 452
20 26 1153
20 27 341
20 28 692
20 29 1533
20 30 293
20 31 644
20 32 1485
20 33 245
20 34 596
20 35 1437
20 36 293
20 37 644
20 38 1485
20 39 341
20 40 692
20 41 1533
20 42 389
20 43 740
20 44 1581
20 45 437
20 46 788
20 47 1629
20 48 485
20 49 836
20 50 1677
20 51 533
20 52 884
20 53 1725
20 54 581
20 55 932
20 56 1773
20 57 629
20 58 980
20 59 1821
20 60 677
20 61 1028
20 62 1869
20 63 461
21 0 597
21 1 522
21 2 1307
21 3 1411
21 4 1302
21 5 1125
21 6 1077
21 7 838
21 8 670
21 9 1224
21 10 421
21 11 313
21 12 1242
21 13 553
21 14 543
21 15 863
21 16 439
21 17 1409
21 18 934
21 19 553
21 20 626
21 21 0
21 22 789
21 23 239
21 24 872
21 25 300
21 26 1497
21 27 477
21 28 1036
21 29 1877
21 30 429
21 31 988
21 32 1829
21 33 381
21 34 940
21 35 1781
21 36 333
21 37 892
21 38 1733
21 39 285
21 40 844
21 41 1685
21 42 237
21 43 796
21 44 1637
21 45 189
21 46 748
21 47 1589
21 48 141
21 49 700
21 50 1541
21 51 189
21 52 748
21 53 1589
21 54 237
21 55 796
21 56 1637
21 57 285
21 58 844
21 59 1685
21 60 333
21 61 892
21 62 1733
21 63 597
22 0 1386
22 1 1029
22 2 696
22 3 800
22 4 691
22 5 514
22 6 466
22 7 617
22 8 1073
22 9 613
22 10 746
22 11 950
22 12 631
22 13 1190
22 14 816
22 15 252
22 16 920
22 17 798
22 18 713
22 19 1190
22 20 925
22 21 789
22 22 0
22 23 928
22 24 261
22 25 963
22 26 886
22 27 1266
22 28 425
22 29 1088
22 30 1218
22 31 377
22 32 1040
22 33 1170
22 34 329
22 35 992
22 36 1122
22 37 281
22 38 944
22 39 1074
22 40 233
22 41 896
22 42 1026
22 43 185
22 44 848
22 45 978
22 46 137
22 47 800
22 48 930
22 49 89
22 50 752
22 51 978
22 52 137
22 53 800
22 54 1026
22 55 185
22 56 848
22 57 1074
22 58 233
22 59 896
22 60 1122
22 61 281
22 62 944
22 63 1386
23 0 458
23 1 383
23 2 1350
23 3 1454
23 4 1345
23 5 1090
23 6 1120
23 7 699
23 8 531
23 9 1267
23 10 378
23 11 174
23 12 1285
23 13 414
23 14 500
23 15 906
23 16 300
23 17 1452
23 18 795
23 19 414
23 20 487
23 21 239
23 22 928
23 23 0
23 24 1011
23 25 161
23 26 1540
23 27 338
23 28 1079
23 29 1920
23 30 290
23 31 1031
23 32 1872
23 33 242
23 34 983
23 35 1824
23 36 194
23 37 935
23 38 1776
23 39 146
23 40 887
23 41 1728
23 42 98
23 43 839
23 44 1680
23 45 50
23 46 791
23 47 1632
23 48 98
23 49 839
23 50 1680
23 51 146
23 52 887
23 53 1728
23 54 194
23 55 935
23 56 1776
23 57 242
23 58 983
23 59 1824
23 60 290
23 61 1031
23 62 1872
23 63 458
24 0 1469
24 1 1112
24 2 779
24 3 883
24 4 774
24 5 597
24 6 549
24 7 700
24 8 1156
24 9 696
24 10 733
24 11 1033
24 12 714
24 13 1273
24 14 707
24 15 335
24 16 1003
24 17 881
24 18 796
24 19 1273
24 20 1008
24 21 872
24 22 261
24 23 1011
24 24 0
24 25 1046
24 26 969
24 27 1349
24 28 508
24 29 1197
24 30 1301
24 31 460
24 32 1149
24 33 1253
24 34 412
24 35 1101
24 36 1205
24 37 364
24 38 1053
24 39 1157
24 40 316
24 41 1005
24 42 1109
24 43 268
24 44 957
24 45 1061
24 46 220
24 47 909
24 48 1013
24 49 172
24 50 861
24 51 965
24 52 124
24 53 813
24 54 917
24 55 76
24 56 765
24 57 965
24 58 124
24 59 813
24 60 1013
24 61 172
24 62 861
24 63 1469
25 0 423
25 1 348
25 2 1289
25 3 1393
25 4 1284
25 5 1055
25 6 1059
25 7 664
25 8 496
25 9 1206
25 10 439
25 11 13
25 12 1224
25 13 379
25 14 561
25 15 941
25 16 265
25 17 1487
25 18 760
25 19 379
25 20 452
25 21 300
25 22 963
25 23 161
25 24 1046
25 25 0
25 26 1479
25 27 303
25 28 1018
25 29 1859
25 30 255
25 31 970
25 32 1811
25 33 207
25 34 922
25 35 1763
25 36 159
25 37 874
25 38 1715
25 39 111
25 40 826
25 41 1667
25 42 63
25 43 778
25 44 1619
25 45 111
25 46 826
25 47 1667
25 48 159
25 49 874
25 50 1715
25 51 207
25 52 922
25 53 1763
25 54 255
25 55 970
25 56 1811
25 57 303
25 58 1018
25 59 1859
25 60 351
25 61 1066
25 62 1907
25 63 423
26 0 1614
26 1 1257
26 2 924
26 3 846
26 4 195
26 5 742
26 6 694
26 7 941
26 8 1301
26 9 273
26 10 1454
26 11 1466
26 12 859
26 13 1418
26 14 1524
26 15 864
26 16 1340
26 17 656
26 18 941
26 19 1418
26 20 1153
26 21 1497
26 22 886
26 23 1540
26 24 969
26 25 1479
26 26 0
26 27 1494
26 28 653
26 29 380
26 30 1446
26 31 605
26 32 332
26 33 1398
26 34 557
26 35 284
26 36 1446
26 37 605
26 38 332
26 39 1494
26 40 653
26 41 380
26 42 1542
26 43 701
26 44 428
26 45 1590
26 46 749
26 47 476
26 48 1638
26 49 797
26 50 524
26 51 1686
26 52 845
26 53 572
26 54 1734
26 55 893
26 56 620
26 57 1782
26 58 941
26 59 668
26 60 1830
26 61 989
26 62 716
26 63 1614
27 0 120
27 1 237
27 2 1112
27 3 1216
27 4 1299
27 5 752
27 6 978
27 7 649
27 8 193
27 9 1221
27 10 616
27 11 316
27 12 1047
27 13 76
27 14 738
27 15 1244
27 16 346
27 17 1790
27 18 553
27 19 76
27 20 341
27 21 477
27 22 1266
27 23 338
27 24 1349
27 25 303
27 26 1494
27 27 0
27 28 841
27 29 1682
27 30 48
27 31 889
27 32 1730
27 33 96
27 34 937
27 35 1778
27 36 144
27 37 985
27 38 1826
27 39 192
27 40 1033
27 41 1874
27 42 240
27 43 1081
27 44 1922
27 45 288
27 46 1129
27 47 1970
27 48 336
27 49 1177
27 50 2018
27 51 384
27 52 1225
27 53 2066
27 54 432
27 55 1273
27 56 2114
27 57 480
27 58 1321
27 59 2162
27 60 528
27 61 1369
27 62 2210
27 63 120
28 0 961
28 1 796
28 2 271
28 3 375
28 4 458
28 5 89
28 6 137
28 7 480
28 8 648
28 9 380
28 10 993
28 11 1005
28 12 206
28 13 765
28 14 1063
28 15 403
28 16 879
28 17 949
28 18 384
28 19 765
28 20 692
28 21 1036
28 22 425
28 23 1079
28 24 508
28 25 1018
28 26 653
28 27 841
28 28 0
28 29 841
28 30 889
28 31 48
28 32 889
28 33 937
28 34 96
28 35 937
28 36 985
28 37 144
28 38 985
28 39 1033
28 40 192
28 41 1033
28 42 1081
28 43 240
28 44 1081
28 45 1129
28 46 288
28 47 1129
28 48 1177
28 49 336
28 50 1177
28 51 1225
28 52 384
28 53 1225
28 54 1273
28 55 432
28 56 1273
28 57 1321
28 58 480
28 59 1321
28 60 1369
28 61 528
28 62 1369
28 63 961
29 0 1802
29 1 1637
29 2 570
29 3 466
29 4 575
29 5 930
29 6 800
29 7 1321
29 8 1489
29 9 653
29 10 1834
29 11 1846
29 12 635
29 13 1606
29 14 1904
29 15 1014
29 16 1720
29 17 468
29 18 1225
29 19 1606
29 20 1533
29 21 1877
29 22 1088
29 23 1920
29 24 1197
29 25 1859
29 26 380
29 27 1682
29 28 841
29 29 0
29 30 1730
29 31 889
29 32 48
29 33 1778
29 34 937
29 35 96
29 36 1826
29 37 985
29 38 144
29 39 1874
29 40 1033
29 41 192
29 42 1922
29 43 1081
29 44 240
29 45 1970
29 46 1129
29 47 288
29 48 2018
29 49 1177
29 50 336
29 51 2066
29 52 1225
29 53 384
29 54 2114
29 55 1273
29 56 432
29 57 2162
29 58 1321
29 59 480
29 60 2210
29 61 1369
29 62 528
29 63 1802
30 0 168
30 1 189
30 2 1160
30 3 1264
30 4 1251
30 5 800
30 6 930
30 7 601
30 8 241
30 9 1173
30 10 568
30 11 268
30 12 1095
30 13 124
30 14 690
30 15 1196
30 16 298
30 17 1742
30 18 505
30 19 124
30 20 293
30 21 429
30 22 1218
30 23 290
30 24 1301
30 25 255
30 26 1446
30 27 48
30 28 889
30 29 1730
30 30 0
30 31 841
30 32 1682
30 33 48
30 34 889
30 35 1730
30 36 96
30 37 937
30 38 1778
30 39 144
30 40 985
30 41 1826
30 42 192
30 43 1033
30 44 1874
30 45 240
30 46 1081
30 47 1922
30 48 288
30 49 1129
30 50 1970
30 51 336
30 52 1177
30 53 2018
30 54 384
30 55 1225
30 56 2066
30 57 432
30 58 1273
30 59 2114
30 60 480
30 61 1321
30 62 2162
30 63 168
31 0 1009
31 1 748
31 2 319
31 3 423
31 4 410
31 5 137
31 6 89
31 7 432
31 8 696
31 9 332
31 10 945
31 11 957
31 12 254
31 13 813
31 14 1015
31 15 355
31 16 831
31 17 901
31 18 336
31 19 813
31 20 644
31 21 988
31 22 377
31 23 1031
31 24 460
31 25 970
31 26 605
31 27 889
31 28 48
31 29 889
31 30 841
31 31 0
31 32 841
31 33 889
31 34 48
31 35 889
31 36 937
31 37 96
31 38 937
31 39 985
31 40 144
31 41 985
31 42 1033
31 43 192
31 44 1033
31 45 1081
31 46 240
31 47 1081
31 48 1129
31 49 288
31 50 1129
31 51 1177
31 52 336
31 53 1177
31 54 1225
31 55 384
31 56 1225
31 57 1273
31 58 432
31 59 1273
31 60 1321
31 61 480
31 62 1321
31 63 1009
32 0 1850
32 1 1589
32 2 618
32 3 514
32 4 527
32 5 978
32 6 752
32 7 1273
32 8 1537
32 9 605
32 10 1786
32 11 1798
32 12 683
32 13 1654
32 14 1856
32 15 966
32 16 1672
32 17 420
32 18 1177
32 19 1654
32 20 1485
32 21 1829
32 22 1040
32 23 1872
32 24 1149
32 25 1811
32 26 332
32 27 1730
32 28 889
32 29 48
32 30 1682
32 31 841
32 32 0
32 33 1730
32 34 889
32 35 48
32 36 1778
32 37 937
32 38 96
32 39 1826
32 40 985
32 41 144
32 42 1874
32 43 1033
32 44 192
32 45 1922
32 46 1081
32 47 240
32 48 1970
32 49 1129
32 50 288
32 51 2018
32 52 1177
32 53 336
32 54 2066
32 55 1225
32 56 384
32 57 2114
32 58 1273
32 59 432
32 60 2162
32 61 1321
32 62 480
32 63 1850
33 0 216
33 1 141
33 2 1208
33 3 1312
33 4 1203
33 5 848
33 6 978
33 7 553
33 8 289
33 9 1125
33 10 520
33 11 220
33 12 1143
33 13 172
33 14 642
33 15 1148
33 16 250
33 17 1694
33 18 553
33 19 172
33 20 245
33 21 381
33 22 1170
33 23 242
33 24 1253
33 25 207
33 26 1398
33 27 96
33 28 937
33 29 1778
33 30 48
33 31 889
33 32 1730
33 33 0
33 34 841
33 35 1682
33 36 48
33 37 889
33 38 1730
33 39 96
33 40 937
33 41 1778
33 42 144
33 43 985
33 44 1826
33 45 192
33 46 1033
33 47 1874
33 48 240
33 49 1081
33 50 1922
33 51 288
33 52 1129
33 53 1970
33 54 336
33 55 1177
33 56 2018
33 57 384
33 58 1225
33 59 2066
33 60 432
33 61 1273
33 62 2114
33 63 216
34 0 1057
34 1 700
34 2 367
34 3 471
34 4 362
34 5 185
34 6 137
34 7 384
34 8 744
34 9 284
34 10 897
34 11 909
34 12 302
34 13 861
34 14 967
34 15 307
34 16 783
34 17 853
34 18 384
34 19 861
34 20 596
34 21 940
34 22 329
34 23 983
34 24 412
34 25 922
34 26 557
34 27 937
34 28 96
34 29 937
34 30 889
34 31 48
34 32 889
34 33 841
34 34 0
34 35 841
34 36 889
34 37 48
34 38 889
34 39 937
34 40 96
34 41 937
34 42 985
34 43 144
34 44 985
34 45 1033
34 46 192
34 47 1033
34 48 1081
34 49 240
34 50 1081
34 51 1129
34 52 288
34 53 1129
34 54 1177
34 55 336
34 56 1177
34 57 1225
34 58 384
34 59 1225
34 60 1273
34 61 432
34 62 1273
34 63 1057
35 0 1898
35 1 1541
35 2 666
35 3 562
35 4 479
35 5 1026
35 6 800
35 7 1225
35 8 1585
35 9 557
35 10 1738
35 11 1750
35 12 731
35 13 1702
35 14 1808
35 15 918
35 16 1624
35 17 372
35 18 1225
35 19 1702
35 20 1437
35 21 1781
35 22 992
35 23 1824
35 24 1101
35 25 1763
35 26 284
35 27 1778
35 28 937
35 29 96
35 30 1730
35 31 889
35 32 48
35 33 1682
35 34 841
35 35 0
35 36 1730
35 37 889
35 38 48
35 39 1778
35 40 937
35 41 96
35 42 1826
35 43 985
35 44 144
35 45 1874
35 46 1033
35 47 192
35 48 1922
35 49 1081
35 50 240
35 51 1970
35 52 1129
35 53 288
35 54 2018
35 55 1177
35 56 336
35 57 2066
35 58 1225
35 59 384
35 60 2114
35 61 1273
35 62 432
35 63 1898
36 0 264
36 1 189
36 2 1256
36 3 1360
36 4 1251
36 5 896
36 6 1026
36 7 505
36 8 337
36 9 1173
36 10 472
36 11 172
36 12 1191
36 13 220
36 14 594
36 15 1100
36 16 202
36 17 1646
36 18 601
36 19 220
36 20 293
36 21 333
36 22 1122
36 23 194
36 24 1205
36 25 159
36 26 1446
36 27 144
36 28 985
36 29 1826
36 30 96
36 31 937
36 32 1778
36 33 48
36 34 889
36 35 1730
36 36 0
36 37 841
36 38 1682
36 39 48
36 40 889
36 41 1730
36 42 96
36 43 937
36 44 1778
36 45 144
36 46 985
36 47 1826
36 48 192
36 49 1033
36 50 1874
36 51 240
36 52 1081
36 53 1922
36 54 288
36 55 1129
36 56 1970
36 57 336
36 58 1177
36 59 2018
36 60 384
36 61 1225
36 62 2066
36 63 264
37 0 1105
37 1 748
37 2 415
37 3 519
37 4 410
37 5 233
37 6 185
37 7 336
37 8 792
37 9 332
37 10 849
37 11 861
37 12 350
37 13 909
37 14 919
37 15 259
37 16 735
37 17 805
37 18 432
37 19 909
37 20 644
37 21 892
37 22 281
37 23 935
37 24 364
37 25 874
37 26 605
37 27 985
37 28 144
37 29 985
37 30 937
37 31 96
37 32 937
37 33 889
37 34 48
37 35 889
37 36 841
37 37 0
37 38 841
37 39 889
37 40 48
37 41 889
37 42 937
37 43 96
37 44 937
37 45 985
37 46 144
37 47 985
37 48 1033
37 49 192
37 50 1033
37 51 1081
37 52 240
37 53 1081
37 54 1129
37 55 288
37 56 1129
37 57 1177
37 58 336
37 59 1177
37 60 1225
37 61 384
37 62 1225
37 63 1105
38 0 1946
38 1 1589
38 2 714
38 3 610
38 4 527
38 5 1074
38 6 848
38 7 1177
38 8 1633
38 9 605
38 10 1690
38 11 1702
38 12 779
38 13 1750
38 14 1760
38 15 870
38 16 1576
38 17 324
38 18 1273
38 19 1750
38 20 1485
38 21 1733
38 22 944
38 23 1776
38 24 1053
38 25 1715
38 26 332
38 27 1826
38 28 985
38 29 144
38 30 1778
38 31 937
38 32 96
38 33 1730
38 34 889
38 35 48
38 36 1682
38 37 841
38 38 0
38 39 1730
38 40 889
38 41 48
38 42 1778
38 43 937
38 44 96
38 45 1826
38 46 985
38 47 144
38 48 1874
38 49 1033
38 50 192
38 51 1922
38 52 1081
38 53 240
38 54 1970
38 55 1129
38 56 288
38 57 2018
38 58 1177
38 59 336
38 60 2066
38 61 1225
38 62 384
38 63 1946
39 0 312
39 1 237
39 2 1304
39 3 1408
39 4 1299
39 5 944
39 6 1074
39 7 553
39 8 385
39 9 1221
39 10 424
39 11 124
39 12 1239
39 13 268
39 14 546
39 15 1052
39 16 154
39 17 1598
39 18 649
39 19 268
39 20 341
39 21 285
39 22 1074
39 23 146
39 24 1157
39 25 111
39 26 1494
39 27 192
39 28 1033
39 29 1874
39 30 144
39 31 985
39 32 1826
39 33 96
39 34 937
39 35 1778
39 36 48
39 37 889
39 38 1730
39 39 0
39 40 841
39 41 1682
39 42 48
39 43 889
39 44 1730
39 45 96
39 46 937
39 47 1778
39 48 144
39 49 985
39 50 1826
39 51 192
39 52 1033
39 53 1874
39 54 240
39 55 1081
39 56 1922
39 57 288
39 58 1129
39 59 1970
39 60 336
39 61 1177
39 62 2018
39 63 312
40 0 1153
40 1 796
40 2 463
40 3 567
40 4 458
40 5 281
40 6 233
40 7 384
40 8 840
40 9 380
40 10 801
40 11 813
40 12 398
40 13 957
40 14 871
40 15 211
40 16 687
40 17 757
40 18 480
40 19 957
40 20 692
40 21 844
40 22 233
40 23 887
40 24 316
40 25 826
40 26 653
40 27 1033
40 28 192
40 29 1033
40 30 985
40 31 144
40 32 985
40 33 937
40 34 96
40 35 937
40 36 889
40 37 48
40 38 889
40 39 841
40 40 0
40 41 841
40 42 889
40 43 48
40 44 889
40 45 937
40 46 96
40 47 937
40 48 985
40 49 144
40 50 985
40 51 1033
40 52 192
40 53 1033
40 54 1081
40 55 240
40 56 1081
40 57 1129
40 58 288
40 59 1129
40 60 1177
40 61 336
40 62 1177
40 63 1153
41 0 1994
41 1 1637
41 2 762
41 3 658
41 4 575
41 5 1122
41 6 896
41 7 1225
41 8 1681
41 9 653
41 10 1642
41 11 1654
41 12 827
41 13 1798
41 14 1712
41 15 822
41 16 1528
41 17 276
41 18 1321
41 19 1798
41 20 1533
41 21 1685
41 22 896
41 23 1728
41 24 1005
41 25 1667
41 26 380
41 27 1874
41 28 1033
41 29 192
41 30 1826
41 31 985
41 32 144
41 33 1778
41 34 937
41 35 96
41 36 1730
41 37 889
41 38 48
41 39 1682
41 40 841
41 41 0
41 42 1730
41 43 889
41 44 48
41 45 1778
41 46 937
41 47 96
41 48 1826
41 49 985
41 50 144
41 51 1874
41 52 1033
41 53 192
41 54 1922
41 55 1081
41 56 240
41 57 1970
41 58 1129
41 59 288
41 60 2018
41 61 1177
41 62 336
41 63 1994
42 0 360
42 1 285
42 2 1352
42 3 1456
42 4 1347
42 5 992
42 6 1122
42 7 601
42 8 433
42 9 1269
42 10 376
42 11 76
42 12 1287
42 13 316
42 14 498
42 15 1004
42 16 202
42 17 1550
42 18 697
42 19 316
42 20 389
42 21 237
42 22 1026
42 23 98
42 24 1109
42 25 63
42 26 1542
42 27 240
42 28 1081
42 29 1922
42 30 192
42 31 1033
42 32 1874
42 33 144
42 34 985
42 35 1826
42 36 96
42 37 937
42 38 1778
42 39 48
42 40 889
42 41 1730
42 42 0
42 43 841
42 44 1682
42 45 48
42 46 889
42 47 1730
42 48 96
42 49 937
42 50 1778
42 51 144
42 52 985
42 53 1826
42 54 192
42 55 1033
42 56 1874
42 57 240
42 58 1081
42 59 1922
42 60 288
42 61 1129
42 62 1970
42 63 360
43 0 1201
43 1 844
43 2 511
43 3 615
43 4 506
43 5 329
43 6 281
43 7 432
43 8 888
43 9 428
43 10 753
43 11 765
43 12 446
43 13 1005
43 14 823
43 15 163
43 16 735
43 17 709
43 18 528
43 19 1005
43 20 740
43 21 796
43 22 185
43 23 839
43 24 268
43 25 778
43 26 701
43 27 1081
43 28 240
43 29 1081
43 30 1033
43 31 192
43 32 1033
43 33 985
43 34 144
43 35 985
43 36 937
43 37 96
43 38 937
43 39 889
43 40 48
43 41 889
43 42 841
43 43 0
43 44 841
43 45 889
43 46 48
43 47 889
43 48 937
43 49 96
43 50 937
43 51 985
43 52 144
43 53 985
43 54 1033
43 55 192
43 56 1033
43 57 1081
43 58 240
43 59 1081
43 60 1129
43 61 288
43 62 1129
43 63 1201
44 0 2042
44 1 1685
44 2 810
44 3 706
44 4 623
44 5 1170
44 6 944
44 7 1273
44 8 1729
44 9 701
44 10 1594
44 11 1606
44 12 875
44 13 1846
44 14 1664
44 15 774
44 16 1576
44 17 228
44 18 1369
44 19 1846
44 20 1581
44 21 1637
44 22 848
44 23 1680
44 24 957
44 25 1619
44 26 428
44 27 1922
44 28 1081
44 29 240
44 30 1874
44 31 1033
44 32 192
44 33 1826
44 34 985
44 35 144
44 36 1778
44 37 937
44 38 96
44 39 1730
44 40 889
44 41 48
44 42 1682
44 43 841
44 44 0
44 45 1730
44 46 889
44 47 48
44 48 1778
44 49 937
44 50 96
44 51 1826
44 52 985
44 53 144
44 54 1874
44 55 1033
44 56 192
44 57 1922
44 58 1081
44 59 240
44 60 1970
44 61 1129
44 62 288
44 63 2042
45 0 408
45 1 333
45 2 1400
45 3 1504
45 4 1395
45 5 1040
45 6 1170
45 7 649
45 8 481
45 9 1317
45 10 328
45 11 124
45 12 1335
45 13 364
45 14 450
45 15 956
45 16 250
45 17 1502
45 18 745
45 19 364
45 20 437
45 21 189
45 22 978
45 23 50
45 24 1061
45 25 111
45 26 1590
45 27 288
45 28 1129
45 29 1970
45 30 240
45 31 1081
45 32 1922
45 33 192
45 34 1033
45 35 1874
45 36 144
45 37 985
45 38 1826
45 39 96
45 40 937
45 41 1778
45 42 48
45 43 889
45 44 1730
45 45 0
45 46 841
45 47 1682
45 48 48
45 49 889
45 50 1730
45 51 96
45 52 937
45 53 1778
45 54 144
45 55 985
45 56 1826
45 57 192
45 58 1033
45 59 1874
45 60 240
45 61 1081
45 62 1922
45 63 408
46 0 1249
46 1 892
46 2 559
46 3 663
46 4 554
46 5 377
46 6 329
46 7 480
46 8 936
46 9 476
46 10 705
46 11 813
46 12 494
46 13 1053
46 14 775
46 15 115
46 16 783
46 17 661
46 18 576
46 19 1053
46 20 788
46 21 748
46 22 137
46 23 791
46 24 220
46 25 826
46 26 749
46 27 1129
46 28 288
46 29 1129
46 30 1081
46 31 240
46 32 1081
46 33 1033
46 34 192
46 35 1033
46 36 985
46 37 144
46 38 985
46 39 937
46 40 96
46 41 937
46 42 889
46 43 48
46 44 889
46 45 841
46 46 0
46 47 841
46 48 889
46 49 48
46 50 889
46 51 937
46 52 96
46 53 937
46 54 985
46 55 144
46 56 985
46 57 1033
46 58 192
46 59 1033
46 60 1081
46 61 240
46 62 1081
46 63 1249
47 0 2090
47 1 1733
47 2 858
47 3 754
47 4 671
47 5 1218
47 6 992
47 7 1321
47 8 1777
47 9 749
47 10 1546
47 11 1654
47 12 923
47 13 1894
47 14 1616
47 15 726
47 16 1624
47 17 180
47 18 1417
47 19 1894
47 20 1629
47 21 1589
47 22 800
47 23 1632
47 24 909
47 25 1667
47 26 476
47 27 1970
47 28 1129
47 29 288
47 30 1922
47 31 1081
47 32 240
47 33 1874
47 34 1033
47 35 192
47 36 1826
47 37 985
47 38 144
47 39 1778
47 40 937
47 41 96
47 42 1730
47 43 889
47 44 48
47 45 1682
47 46 841
47 47 0
47 48 1730
47 49 889
47 50 48
47 51 1778
47 52 937
47 53 96
47 54 1826
47 55 985
47 56 144
47 57 1874
47 58 1033
47 59 192
47 60 1922
47 61 1081
47 62 240
47 63 2090
48 0 456
48 1 381
48 2 1448
48 3 1552
48 4 1443
48 5 1088
48 6 1218
48 7 697
48 8 529
48 9 1365
48 10 280
48 11 172
48 12 1383
48 13 412
48 14 402
48 15 1004
48 16 298
48 17 1550
48 18 793
48 19 412
48 20 485
48 21 141
48 22 930
48 23 98
48 24 1013
48 25 159
48 26 1638
48 27 336
48 28 1177
48 29 2018
48 30 288
48 31 1129
48 32 1970
48 33 240
48 34 1081
48 35 1922
48 36 192
48 37 1033
48 38 1874
48 39 144
48 40 985
48 41 1826
48 42 96
48 43 937
48 44 1778
48 45 48
48 46 889
48 47 1730
48 48 0
48 49 841
48 50 1682
48 51 48
48 52 889
48 53 1730
48 54 96
48 55 937
48 56 1778
48 57 144
48 58 985
48 59 1826
48 60 192
48 61 1033
48 62 1874
48 63 456
49 0 1297
49 1 940
49 2 607
49 3 711
49 4 602
49 5 425
49 6 377
49 7 528
49 8 984
49 9 524
49 10 657
49 11 861
49 12 542
49 13 1101
49 14 727
49 15 163
49 16 831
49 17 709
49 18 624
49 19 1101
49 20 836
49 21 700
49 22 89
49 23 839
49 24 172
49 25 874
49 26 797
49 27 1177
49 28 336
49 29 1177
49 30 1129
49 31 288
49 32 1129
49 33 1081
49 34 240
49 35 1081
49 36 1033
49 37 192
49 38 1033
49 39 985
49 40 144
49 41 985
49 42 937
49 43 96
49 44 937
49 45 889
49 46 48
49 47 889
49 48 841
49 49 0
49 50 841
49 51 889
49 52 48
49 53 889
49 54 937
49 55 96
49 56 937
49 57 985
49 58 144
49 59 985
49 60 1033
49 61 192
49 62 1033
49 63 1297
50 0 2138
50 1 1781
50 2 906
50 3 802
50 4 719
50 5 1266
50 6 1040
50 7 1369
50 8 1825
50 9 797
50 10 1498
50 11 1702
50 12 971
50 13 1942
50 14 1568
50 15 774
50 16 1672
50 17 228
50 18 1465
50 19 1942
50 20 1677
50 21 1541
50 22 752
50 23 1680
50 24 861
50 25 1715
50 26 524
50 27 2018
50 28 1177
50 29 336
50 30 1970
50 31 1129
50 32 288
50 33 1922
50 34 1081
50 35 240
50 36 1874
50 37 1033
50 38 192
50 39 1826
50 40 985
50 41 144
50 42 1778
50 43 937
50 44 96
50 45 1730
50 46 889
50 47 48
50 48 1682
50 49 841
50 50 0
50 51 1730
50 52 889
50 53 48
50 54 1778
50 55 937
50 56 96
50 57 1826
50 58 985
50 59 144
50 60 1874
50 61 1033
50 62 192
50 63 2138
51 0 504
51 1 429
51 2 1496
51 3 1600
51 4 1491
51 5 1136
51 6 1266
51 7 745
51 8 577
51 9 1413
51 10 232
51 11 220
51 12 1431
51 13 460
51 14 354
51 15 1052
51 16 346
51 17 1598
51 18 841
51 19 460
51 20 533
51 21 189
51 22 978
51 23 146
51 24 965
51 25 207
51 26 1686
51 27 384
51 28 1225
51 29 2066
51 30 336
51 31 1177
51 32 2018
51 33 288
51 34 1129
51 35 1970
51 36 240
51 37 1081
51 38 1922
51 39 192
51 40 1033
51 41 1874
51 42 144
51 43 985
51 44 1826
51 45 96
51 46 937
51 47 1778
51 48 48
51 49 889
51 50 1730
51 51 0
51 52 841
51 53 1682
51 54 48
51 55 889
51 56 1730
51 57 96
51 58 937
51 59 1778
51 60 144
51 61 985
51 62 1826
51 63 504
52 0 1345
52 1 988
52 2 655
52 3 759
52 4 650
52 5 473
52 6 425
52 7 576
52 8 1032
52 9 572
52 10 609
52 11 909
52 12 590
52 13 1149
52 14 679
52 15 211
52 16 879
52 17 757
52 18 672
52 19 1149
52 20 884
52 21 748
52 22 137
52 23 887
52 24 124
52 25 922
52 26 845
52 27 1225
52 28 384
52 29 1225
52 30 1177
52 31 336
52 32 1177
52 33 1129
52 34 288
52 35 1129
52 36 1081
52 37 240
52 38 1081
52 39 1033
52 40 192
52 41 1033
52 42 985
52 43 144
52 44 985
52 45 937
52 46 96
52 47 937
52 48 889
52 49 48
52 50 889
52 51 841
52 52 0
52 53 841
52 54 889
52 55 48
52 56 889
52 57 937
52 58 96
52 59 937
52 60 985
52 61 144
52 62 985
52 63 1345
53 0 2186
53 1 1829
53 2 954
53 3 850
53 4 767
53 5 1314
53 6 1088
53 7 1417
53 8 1873
53 9 845
53 10 1450
53 11 1750
53 12 1019
53 13 1990
53 14 1520
53 15 822
53 16 1720
53 17 276
53 18 1513
53 19 1990
53 20 1725
53 21 1589
53 22 800
53 23 1728
53 24 813
53 25 1763
53 26 572
53 27 2066
53 28 1225
53 29 384
53 30 2018
53 31 1177
53 32 336
53 33 1970
53 34 1129
53 35 288
53 36 1922
53 37 1081
53 38 240
53 39 1874
53 40 1033
53 41 192
53 42 1826
53 43 985
53 44 144
53 45 1778
53 46 937
53 47 96
53 48 1730
53 49 889
53 50 48
53 51 1682
53 52 841
53 53 0
53 54 1730
53 55 889
53 56 48
53 57 1778
53 58 937
53 59 96
53 60 1826
53 61 985
53 62 144
53 63 2186
54 0 552
54 1 477
54 2 1544
54 3 1648
54 4 1539
54 5 1184
54 6 1314
54 7 793
54 8 625
54 9 1461
54 10 280
54 11 268
54 12 1479
54 13 508
54 14 306
54 15 1100
54 16 394
54 17 1646
54 18 889
54 19 508
54 20 581
54 21 237
54 22 1026
54 23 194
54 24 917
54 25 255
54 26 1734
54 27 432
54 28 1273
54 29 2114
54 30 384
54 31 1225
54 32 2066
54 33 336
54 34 1177
54 35 2018
54 36 288
54 37 1129
54 38 1970
54 39 240
54 40 1081
54 41 1922
54 42 192
54 43 1033
54 44 1874
54 45 144
54 46 985
54 47 1826
54 48 96
54 49 937
54 50 1778
54 51 48
54 52 889
54 53 1730
54 54 0
54 55 841
54 56 1682
54 57 48
54 58 889
54 59 1730
54 60 96
54 61 937
54 62 1778
54 63 552
55 0 1393
55 1 1036
55 2 703
55 3 807
55 4 698
55 5 521
55 6 473
55 7 624
55 8 1080
55 9 620
55 10 657
55 11 957
55 12 638
55 13 1197
55 14 631
55 15 259
55 16 927
55 17 805
55 18 720
55 19 1197
55 20 932
55 21 796
55 22 185
55 23 935
55 24 76
55 25 970
55 26 893
55 27 1273
55 28 432
55 29 1273
55 30 1225
55 31 384
55 32 1225
55 33 1177
55 34 336
55 35 1177
55 36 1129
55 37 288
55 38 1129
55 39 1081
55 40 240
55 41 1081
55 42 1033
55 43 192
55 44 1033
55 45 985
55 46 144
55 47 985
55 48 937
55 49 96
55 50 937
55 51 889
55 52 48
55 53 889
55 54 841
55 55 0
55 56 841
55 57 889
55 58 48
55 59 889
55 60 937
55 61 96
55 62 937
55 63 1393
56 0 2234
56 1 1877
56 2 1002
56 3 898
56 4 815
56 5 1362
56 6 1136
56 7 1465
56 8 1921
56 9 893
56 10 1498
56 11 1798
56 12 1067
56 13 2038
56 14 1472
56 15 870
56 16 1768
56 17 324
56 18 1561
56 19 2038
56 20 1773
56 21 1637
56 22 848
56 23 1776
56 24 765
56 25 1811
56 26 620
56 27 2114
56 28 1273
56 29 432
56 30 2066
56 31 1225
56 32 384
56 33 2018
56 34 1177
56 35 336
56 36 1970
56 37 1129
56 38 288
56 39 1922
56 40 1081
56 41 240
56 42 1874
56 43 1033
56 44 192
56 45 1826
56 46 985
56 47 144
56 48 1778
56 49 937
56 50 96
56 51 1730
56 52 889
56 53 48
56 54 1682
56 55 841
56 56 0
56 57 1730
56 58 889
56 59 48
56 60 1778
56 61 937
56 62 96
56 63 2234
57 0 600
57 1 525
57 2 1592
57 3 1696
57 4 1587
57 5 1232
57 6 1362
57 7 841
57 8 673
57 9 1509
57 10 328
57 11 316
57 12 1527
57 13 556
57 14 258
57 15 1148
57 16 442
57 17 1694
57 18 937
57 19 556
57 20 629
57 21 285
57 22 1074
57 23 242
57 24 965
57 25 303
57 26 1782
57 27 480
57 28 1321
57 29 2162
57 30 432
57 31 1273
57 32 2114
57 33 384
57 34 1225
57 35 2066
57 36 336
57 37 1177
57 38 2018
57 39 288
57 40 1129
57 41 1970
57 42 240
57 43 1081
57 44 1922
57 45 192
57 46 1033
57 47 1874
57 48 144
57 49 985
57 50 1826
57 51 96
57 52 937
57 53 1778
57 54 48
57 55 889
57 56 1730
57 57 0
57 58 841
57 59 1682
57 60 48
57 61 889
57 62 1730
57 63 600
58 0 1441
58 1 1084
58 2 751
58 3 855
58 4 746
58 5 569
58 6 521
58 7 672
58 8 1128
58 9 668
58 10 705
58 11 1005
58 12 686
58 13 1245
58 14 583
58 15 307
58 16 975
58 17 853
58 18 768
58 19 1245
58 20 980
58 21 844
58 22 233
58 23 983
58 24 124
58 25 1018
58 26 941
58 27 1321
58 28 480
58 29 1321
58 30 1273
58 31 432
58 32 1273
58 33 1225
58 34 384
58 35 1225
58 36 1177
58 37 336
58 38 1177
58 39 1129
58 40 288
58 41 1129
58 42 1081
58 43 240
58 44 1081
58 45 1033
58 46 192
58 47 1033
58 48 985
