//alpha
1
//NbLocations
76
//NbProducts
21
//NbPickers
2
//CapaPicker
12
//TimeToTravelOneDistanceUnit
3
//SetupTime
5400
//PickTime
300
//Products
//Idx Location Size
1 1 1
2 2 1
3 3 1
4 4 1
5 5 1
6 6 1
7 7 1
8 8 1
9 9 1
10 10 1
11 11 1
12 12 1
13 13 1
14 14 1
15 15 1
16 16 1
17 17 1
18 18 1
19 19 1
20 20 1
21 21 1
//Orders
//NbOrders
6
//Idx DueDate TardinessPenalty NbProdInOrder ProdIdx1 Qty1 ProdIdx2 Qty2 ...
1 72000 0 9 1 1 2 1 3 1 4 1 5 1 6 1 7 1 8 1 9 1
2 126000 0 3 10 1 11 1 12 1
3 36000 0 1 13 1
4 36000 0 1 14 1
5 144000 0 4 15 1 16 1 17 1 18 1
6 72000 0 3 19 1 20 1 21 1
//Graph (Products are vertices indexed from 1 to NbProducts)
//NbVerticesIntersections
54
//DepartingDepot
0
//ArrivalDepot
76
//Arcs
//Start End Distance
0 22 120
1 34 414
1 35 817
2 64 167
2 65 1064
3 52 726
3 53 505
4 13 91
4 44 1025
5 8 39
5 14 39
6 32 141
6 33 1090
7 26 141
7 27 1090
8 5 39
8 17 39
9 74 206
9 75 1025
10 22 505
10 23 726
11 58 934
11 59 297
12 29 167
12 30 1064
13 4 91
13 21 65
14 5 39
14 70 76
15 44 141
15 45 1090
16 49 193
16 50 1038
17 8 39
17 71 1038
18 35 219
18 36 1012
19 73 986
19 74 245
20 40 115
20 41 1116
21 13 65
21 43 50
22 10 505
22 25 48
22 76 120
23 10 726
23 24 1231
23 26 48
24 23 1231
24 27 48
25 22 48
25 26 1231
25 28 48
26 7 141
26 23 48
26 25 1231
26 29 48
27 7 1090
27 24 48
27 30 48
28 25 48
28 29 1231
28 31 48
29 12 167
29 26 48
29 28 1231
29 32 48
30 12 1064
30 27 48
30 33 48
31 28 48
31 32 1231
31 34 48
32 6 141
32 29 48
32 31 1231
32 35 48
33 6 1090
33 30 48
33 36 48
34 1 414
34 31 48
34 37 48
35 1 817
35 18 219
35 32 48
35 38 48
36 18 1012
36 33 48
36 39 48
37 34 48
37 38 1231
37 40 48
38 35 48
38 37 1231
38 39 1231
38 41 48
39 36 48
39 38 1231
39 42 48
40 20 115
40 37 48
40 43 48
41 20 1116
41 38 48
41 42 1231
41 44 48
42 39 48
42 41 1231
42 45 48
43 21 50
43 40 48
43 46 48
44 4 1025
44 15 141
44 41 48
44 47 48
45 15 1090
45 42 48
45 48 48
46 43 48
46 47 1231
46 49 48
47 44 48
47 46 1231
47 48 1231
47 50 48
48 45 48
48 47 1231
48 51 48
49 16 193
49 46 48
49 52 48
50 16 1038
50 47 48
50 51 1231
50 53 48
51 48 48
51 50 1231
51 54 48
52 3 726
52 49 48
52 55 48
53 3 505
53 50 48
53 54 1231
53 56 48
54 51 48
54 53 1231
54 57 48
55 52 48
55 56 1231
55 58 48
56 53 48
56 55 1231
56 57 1231
56 59 48
57 54 48
57 56 1231
57 60 48
58 11 934
58 55 48
58 61 48
59 11 297
59 56 48
59 60 1231
59 62 48
60 57 48
60 59 1231
60 63 48
61 58 48
61 62 1231
61 64 48
62 59 48
62 61 1231
62 63 1231
62 65 48
63 60 48
63 62 1231
63 66 48
64 2 167
64 61 48
64 67 48
65 2 1064
65 62 48
65 66 1231
65 68 48
66 63 48
66 65 1231
66 69 48
67 64 48
67 68 1231
67 70 48
68 65 48
68 67 1231
68 69 1231
68 71 48
69 66 48
69 68 1231
69 72 48
70 14 76
70 67 48
70 73 48
71 17 1038
71 68 48
71 72 1231
71 74 48
72 69 48
72 71 1231
72 75 48
73 19 986
73 70 48
74 9 206
74 19 245
74 71 48
75 9 1025
75 72 48
//LocStart LocEnd ShortestPath
0 0 0
0 1 726
0 2 959
0 3 1326
0 4 662
0 5 1003
0 6 1636
0 7 1540
0 8 1042
0 9 2373
0 10 625
0 11 1630
0 12 1614
0 13 571
0 14 964
0 15 1828
0 16 745
0 17 1081
0 18 1762
0 19 1922
0 20 523
0 21 506
0 22 120
0 23 1351
0 24 2582
0 25 168
0 26 1399
0 27 2630
0 28 216
0 29 1447
0 30 2678
0 31 264
0 32 1495
0 33 2726
0 34 312
0 35 1543
0 36 2774
0 37 360
0 38 1591
0 39 2822
0 40 408
0 41 1639
0 42 2870
0 43 456
0 44 1687
0 45 2918
0 46 504
0 47 1735
0 48 2966
0 49 552
0 50 1783
0 51 3014
0 52 600
0 53 1831
0 54 3062
0 55 648
0 56 1879
0 57 3110
0 58 696
0 59 1927
0 60 3158
0 61 744
0 62 1975
0 63 3206
0 64 792
0 65 2023
0 66 3254
0 67 840
0 68 2071
0 69 3302
0 70 888
0 71 2119
0 72 3350
0 73 936
0 74 2167
0 75 3398
0 76 0
1 0 726
1 1 0
1 2 1061
1 3 1428
1 4 764
1 5 1105
1 6 1006
1 7 1102
1 8 1144
1 9 1647
1 10 1111
1 11 1498
1 12 1080
1 13 673
1 14 1066
1 15 1102
1 16 847
1 17 1183
1 18 1036
1 19 1686
1 20 625
1 21 608
1 22 606
1 23 1009
1 24 2240
1 25 558
1 26 961
1 27 2192
1 28 510
1 29 913
1 30 2144
1 31 462
1 32 865
1 33 2096
1 34 414
1 35 817
1 36 2048
1 37 462
1 38 865
1 39 2096
1 40 510
1 41 913
1 42 2144
1 43 558
1 44 961
1 45 2192
1 46 606
1 47 1009
1 48 2240
1 49 654
1 50 1057
1 51 2288
1 52 702
1 53 1105
1 54 2336
1 55 750
1 56 1153
1 57 2384
1 58 798
1 59 1201
1 60 2432
1 61 846
1 62 1249
1 63 2480
1 64 894
1 65 1297
1 66 2528
1 67 942
1 68 1345
1 69 2576
1 70 990
1 71 1393
1 72 2624
1 73 1038
1 74 1441
1 75 2672
1 76 726
2 0 959
2 1 1061
2 2 0
2 3 1085
2 4 709
2 5 378
2 6 1733
2 7 1829
2 8 417
2 9 1414
2 10 1344
2 11 1197
2 12 1807
2 13 618
2 14 339
2 15 1541
2 16 600
2 17 456
2 18 1763
2 19 1297
2 20 666
2 21 553
2 22 839
2 23 1736
2 24 2967
2 25 791
2 26 1688
2 27 2919
2 28 743
2 29 1640
2 30 2871
2 31 695
2 32 1592
2 33 2823
2 34 647
2 35 1544
2 36 2775
2 37 599
2 38 1496
2 39 2727
2 40 551
2 41 1448
2 42 2679
2 43 503
2 44 1400
2 45 2631
2 46 455
2 47 1352
2 48 2583
2 49 407
2 50 1304
2 51 2535
2 52 359
2 53 1256
2 54 2487
2 55 311
2 56 1208
2 57 2439
2 58 263
2 59 1160
2 60 2391
2 61 215
2 62 1112
2 63 2343
2 64 167
2 65 1064
2 66 2295
2 67 215
2 68 1112
2 69 2343
2 70 263
2 71 1160
2 72 2391
2 73 311
2 74 1208
2 75 2439
2 76 959
3 0 1326
3 1 1428
3 2 1085
3 3 0
3 4 1076
3 5 1129
3 6 982
3 7 1078
3 8 1168
3 9 1047
3 10 1711
3 11 898
3 12 1056
3 13 985
3 14 1090
3 15 790
3 16 967
3 17 1207
3 18 1012
3 19 1086
3 20 1033
3 21 920
3 22 1206
3 23 985
3 24 2216
3 25 1158
3 26 937
3 27 2168
3 28 1110
3 29 889
3 30 2120
3 31 1062
3 32 841
3 33 2072
3 34 1014
3 35 793
3 36 2024
3 37 966
3 38 745
3 39 1976
3 40 918
3 41 697
3 42 1928
3 43 870
3 44 649
3 45 1880
3 46 822
3 47 601
3 48 1832
3 49 774
3 50 553
3 51 1784
3 52 726
3 53 505
3 54 1736
3 55 774
3 56 553
3 57 1784
3 58 822
3 59 601
3 60 1832
3 61 870
3 62 649
3 63 1880
3 64 918
3 65 697
3 66 1928
3 67 966
3 68 745
3 69 1976
3 70 1014
3 71 793
3 72 2024
3 73 1062
3 74 841
3 75 2072
3 76 1326
4 0 662
4 1 764
4 2 709
4 3 1076
4 4 0
4 5 753
4 6 1358
4 7 1454
4 8 792
4 9 1711
4 10 1047
4 11 1380
4 12 1432
4 13 91
4 14 714
4 15 1166
4 16 495
4 17 831
4 18 1388
4 19 1672
4 20 369
4 21 156
4 22 542
4 23 1361
4 24 2592
4 25 494
4 26 1313
4 27 2544
4 28 446
4 29 1265
4 30 2496
4 31 398
4 32 1217
4 33 2448
4 34 350
4 35 1169
4 36 2400
4 37 302
4 38 1121
4 39 2352
4 40 254
4 41 1073
4 42 2304
4 43 206
4 44 1025
4 45 2256
4 46 254
4 47 1073
4 48 2304
4 49 302
4 50 1121
4 51 2352
4 52 350
4 53 1169
4 54 2400
4 55 398
4 56 1217
4 57 2448
4 58 446
4 59 1265
4 60 2496
4 61 494
4 62 1313
4 63 2544
4 64 542
4 65 1361
4 66 2592
4 67 590
4 68 1409
4 69 2640
4 70 638
4 71 1457
4 72 2688
4 73 686
4 74 1505
4 75 2736
4 76 662
5 0 1003
5 1 1105
5 2 378
5 3 1129
5 4 753
5 5 0
5 6 1881
5 7 1977
5 8 39
5 9 1370
5 10 1388
5 11 1241
5 12 1955
5 13 662
5 14 39
5 15 1689
5 16 644
5 17 78
5 18 1911
5 19 1149
5 20 710
5 21 597
5 22 883
5 23 1884
5 24 3115
5 25 835
5 26 1836
5 27 3067
5 28 787
5 29 1788
5 30 3019
5 31 739
5 32 1740
5 33 2971
5 34 691
5 35 1692
5 36 2923
5 37 643
5 38 1644
5 39 2875
5 40 595
5 41 1596
5 42 2827
5 43 547
5 44 1548
5 45 2779
5 46 499
5 47 1500
5 48 2731
5 49 451
5 50 1452
5 51 2683
5 52 403
5 53 1404
5 54 2635
5 55 355
5 56 1356
5 57 2587
5 58 307
5 59 1308
5 60 2539
5 61 259
5 62 1260
5 63 2491
5 64 211
5 65 1212
5 66 2443
5 67 163
5 68 1164
5 69 2395
5 70 115
5 71 1116
5 72 2347
5 73 163
5 74 1164
5 75 2395
5 76 1003
6 0 1636
6 1 1006
6 2 1733
6 3 982
6 4 1358
6 5 1881
6 6 0
6 7 378
6 8 1842
6 9 1019
6 10 1011
6 11 870
6 12 356
6 13 1449
6 14 1920
6 15 474
6 16 1467
6 17 1803
6 18 408
6 19 1058
6 20 1401
6 21 1514
6 22 1516
6 23 285
6 24 1234
6 25 1468
6 26 237
6 27 1186
6 28 1420
6 29 189
6 30 1138
6 31 1372
6 32 141
6 33 1090
6 34 1420
6 35 189
6 36 1138
6 37 1468
6 38 237
6 39 1186
6 40 1516
6 41 285
6 42 1234
6 43 1564
6 44 333
6 45 1282
6 46 1612
6 47 381
6 48 1330
6 49 1660
6 50 429
6 51 1378
6 52 1708
6 53 477
6 54 1426
6 55 1756
6 56 525
6 57 1474
6 58 1804
6 59 573
6 60 1522
6 61 1852
6 62 621
6 63 1570
6 64 1900
6 65 669
6 66 1618
6 67 1948
6 68 717
6 69 1666
6 70 1996
6 71 765
6 72 1714
6 73 2044
6 74 813
6 75 1762
6 76 1636
7 0 1540
7 1 1102
7 2 1829
7 3 1078
7 4 1454
7 5 1977
7 6 378
7 7 0
7 8 1938
7 9 1115
7 10 915
7 11 966
7 12 356
7 13 1545
7 14 2016
7 15 570
7 16 1563
7 17 1899
7 18 504
7 19 1154
7 20 1497
7 21 1610
7 22 1420
7 23 189
7 24 1138
7 25 1372
7 26 141
7 27 1090
7 28 1420
7 29 189
7 30 1138
7 31 1468
7 32 237
7 33 1186
7 34 1516
7 35 285
7 36 1234
7 37 1564
7 38 333
7 39 1282
7 40 1612
7 41 381
7 42 1330
7 43 1660
7 44 429
7 45 1378
7 46 1708
7 47 477
7 48 1426
7 49 1756
7 50 525
7 51 1474
7 52 1804
7 53 573
7 54 1522
7 55 1852
7 56 621
7 57 1570
7 58 1900
7 59 669
7 60 1618
7 61 1948
7 62 717
7 63 1666
7 64 1996
7 65 765
7 66 1714
7 67 2044
7 68 813
7 69 1762
7 70 2092
7 71 861
7 72 1810
7 73 2140
7 74 909
7 75 1858
7 76 1540
8 0 1042
8 1 1144
8 2 417
8 3 1168
8 4 792
8 5 39
8 6 1842
8 7 1938
8 8 0
8 9 1331
8 10 1427
8 11 1280
8 12 1916
8 13 701
8 14 78
8 15 1650
8 16 683
8 17 39
8 18 1872
8 19 1188
8 20 749
8 21 636
8 22 922
8 23 1845
8 24 3076
8 25 874
8 26 1797
8 27 3028
8 28 826
8 29 1749
8 30 2980
8 31 778
8 32 1701
8 33 2932
8 34 730
8 35 1653
8 36 2884
8 37 682
8 38 1605
8 39 2836
8 40 634
8 41 1557
8 42 2788
8 43 586
8 44 1509
8 45 2740
8 46 538
8 47 1461
8 48 2692
8 49 490
8 50 1413
8 51 2644
8 52 442
8 53 1365
8 54 2596
8 55 394
8 56 1317
8 57 2548
8 58 346
8 59 1269
8 60 2500
8 61 298
8 62 1221
8 63 2452
8 64 250
8 65 1173
8 66 2404
8 67 202
8 68 1125
8 69 2356
8 70 154
8 71 1077
8 72 2308
8 73 202
8 74 1125
8 75 2356
8 76 1042
9 0 2373
9 1 1647
9 2 1414
9 3 1047
9 4 1711
9 5 1370
9 6 1019
9 7 1115
9 8 1331
9 9 0
9 10 1748
9 11 743
9 12 1093
9 13 1802
9 14 1409
9 15 827
9 16 1628
9 17 1292
9 18 1049
9 19 451
9 20 1850
9 21 1867
9 22 2253
9 23 1022
9 24 1841
9 25 2205
9 26 974
9 27 1793
9 28 2157
9 29 926
9 30 1745
9 31 2109
9 32 878
9 33 1697
9 34 2061
9 35 830
9 36 1649
9 37 2013
9 38 782
9 39 1601
9 40 1965
9 41 734
9 42 1553
9 43 1917
9 44 686
9 45 1505
9 46 1869
9 47 638
9 48 1457
9 49 1821
9 50 590
9 51 1409
9 52 1773
9 53 542
9 54 1361
9 55 1725
9 56 494
9 57 1313
9 58 1677
9 59 446
9 60 1265
9 61 1629
9 62 398
9 63 1217
9 64 1581
9 65 350
9 66 1169
9 67 1533
9 68 302
9 69 1121
9 70 1485
9 71 254
9 72 1073
9 73 1437
9 74 206
9 75 1025
9 76 2373
10 0 625
10 1 1111
10 2 1344
10 3 1711
10 4 1047
10 5 1388
10 6 1011
10 7 915
10 8 1427
10 9 1748
10 10 0
10 11 1599
10 12 989
10 13 956
10 14 1349
10 15 1203
10 16 1130
10 17 1466
10 18 1137
10 19 1787
10 20 908
10 21 891
10 22 505
10 23 726
10 24 1957
10 25 553
10 26 774
10 27 2005
10 28 601
10 29 822
10 30 2053
10 31 649
10 32 870
10 33 2101
10 34 697
10 35 918
10 36 2149
10 37 745
10 38 966
10 39 2197
10 40 793
10 41 1014
10 42 2245
10 43 841
10 44 1062
10 45 2293
10 46 889
10 47 1110
10 48 2341
10 49 937
10 50 1158
10 51 2389
10 52 985
10 53 1206
10 54 2437
10 55 1033
10 56 1254
10 57 2485
10 58 1081
10 59 1302
10 60 2533
10 61 1129
10 62 1350
10 63 2581
10 64 1177
10 65 1398
10 66 2629
10 67 1225
10 68 1446
10 69 2677
10 70 1273
10 71 1494
10 72 2725
10 73 1321
10 74 1542
10 75 2773
10 76 625
11 0 1630
11 1 1498
11 2 1197
11 3 898
11 4 1380
11 5 1241
11 6 870
11 7 966
11 8 1280
11 9 743
11 10 1599
11 11 0
11 12 944
11 13 1289
11 14 1202
11 15 678
11 16 1271
11 17 1319
11 18 900
11 19 782
11 20 1337
11 21 1224
11 22 1510
11 23 873
11 24 2104
11 25 1462
11 26 825
11 27 2056
11 28 1414
11 29 777
11 30 2008
11 31 1366
11 32 729
11 33 1960
11 34 1318
11 35 681
11 36 1912
11 37 1270
11 38 633
11 39 1864
11 40 1222
11 41 585
11 42 1816
11 43 1174
11 44 537
11 45 1768
11 46 1126
11 47 489
11 48 1720
11 49 1078
11 50 441
11 51 1672
11 52 1030
11 53 393
11 54 1624
11 55 982
11 56 345
11 57 1576
11 58 934
11 59 297
11 60 1528
11 61 982
11 62 345
11 63 1576
11 64 1030
11 65 393
11 66 1624
11 67 1078
11 68 441
11 69 1672
11 70 1126
11 71 489
11 72 1720
11 73 1174
11 74 537
11 75 1768
11 76 1630
12 0 1614
12 1 1080
12 2 1807
12 3 1056
12 4 1432
12 5 1955
12 6 356
12 7 356
12 8 1916
12 9 1093
12 10 989
12 11 944
12 12 0
12 13 1523
12 14 1994
12 15 548
12 16 1541
12 17 1877
12 18 482
12 19 1132
12 20 1475
12 21 1588
12 22 1494
12 23 263
12 24 1160
12 25 1446
12 26 215
12 27 1112
12 28 1398
12 29 167
12 30 1064
12 31 1446
12 32 215
12 33 1112
12 34 1494
12 35 263
12 36 1160
12 37 1542
12 38 311
12 39 1208
12 40 1590
12 41 359
12 42 1256
12 43 1638
12 44 407
12 45 1304
12 46 1686
12 47 455
12 48 1352
12 49 1734
12 50 503
12 51 1400
12 52 1782
12 53 551
12 54 1448
12 55 1830
12 56 599
12 57 1496
12 58 1878
12 59 647
12 60 1544
12 61 1926
12 62 695
12 63 1592
12 64 1974
12 65 743
12 66 1640
12 67 2022
12 68 791
12 69 1688
12 70 2070
12 71 839
12 72 1736
12 73 2118
12 74 887
12 75 1784
12 76 1614
13 0 571
13 1 673
13 2 618
13 3 985
13 4 91
13 5 662
13 6 1449
13 7 1545
13 8 701
13 9 1802
13 10 956
13 11 1289
13 12 1523
13 13 0
13 14 623
13 15 1257
13 16 404
13 17 740
13 18 1479
13 19 1581
13 20 278
13 21 65
13 22 451
13 23 1452
13 24 2683
13 25 403
13 26 1404
13 27 2635
13 28 355
13 29 1356
13 30 2587
13 31 307
13 32 1308
13 33 2539
13 34 259
13 35 1260
13 36 2491
13 37 211
13 38 1212
13 39 2443
13 40 163
13 41 1164
13 42 2395
13 43 115
13 44 1116
13 45 2347
13 46 163
13 47 1164
13 48 2395
13 49 211
13 50 1212
13 51 2443
13 52 259
13 53 1260
13 54 2491
13 55 307
13 56 1308
13 57 2539
13 58 355
13 59 1356
13 60 2587
13 61 403
13 62 1404
13 63 2635
13 64 451
13 65 1452
13 66 2683
13 67 499
13 68 1500
13 69 2731
13 70 547
13 71 1548
13 72 2779
13 73 595
13 74 1596
13 75 2827
13 76 571
14 0 964
14 1 1066
14 2 339
14 3 1090
14 4 714
14 5 39
14 6 1920
14 7 2016
14 8 78
14 9 1409
14 10 1349
14 11 1202
14 12 1994
14 13 623
14 14 0
14 15 1728
14 16 605
14 17 117
14 18 1950
14 19 1110
14 20 671
14 21 558
14 22 844
14 23 1923
14 24 3154
14 25 796
14 26 1875
14 27 3106
14 28 748
14 29 1827
14 30 3058
14 31 700
14 32 1779
14 33 3010
14 34 652
14 35 1731
14 36 2962
14 37 604
14 38 1683
14 39 2914
14 40 556
14 41 1635
14 42 2866
14 43 508
14 44 1587
14 45 2818
14 46 460
14 47 1539
14 48 2770
14 49 412
14 50 1491
14 51 2722
14 52 364
14 53 1443
14 54 2674
14 55 316
14 56 1395
14 57 2626
14 58 268
14 59 1347
14 60 2578
14 61 220
14 62 1299
14 63 2530
14 64 172
14 65 1251
14 66 2482
14 67 124
14 68 1203
14 69 2434
14 70 76
14 71 1155
14 72 2386
14 73 124
14 74 1203
14 75 2434
14 76 964
15 0 1828
15 1 1102
15 2 1541
15 3 790
15 4 1166
15 5 1689
15 6 474
15 7 570
15 8 1650
15 9 827
15 10 1203
15 11 678
15 12 548
15 13 1257
15 14 1728
15 15 0
15 16 1275
15 17 1611
15 18 504
15 19 866
15 20 1305
15 21 1322
15 22 1708
15 23 477
15 24 1426
15 25 1660
15 26 429
15 27 1378
15 28 1612
15 29 381
15 30 1330
15 31 1564
15 32 333
15 33 1282
15 34 1516
15 35 285
15 36 1234
15 37 1468
15 38 237
15 39 1186
15 40 1420
15 41 189
15 42 1138
15 43 1372
15 44 141
15 45 1090
15 46 1420
15 47 189
15 48 1138
15 49 1468
15 50 237
15 51 1186
15 52 1516
15 53 285
15 54 1234
15 55 1564
15 56 333
15 57 1282
15 58 1612
15 59 381
15 60 1330
15 61 1660
15 62 429
15 63 1378
15 64 1708
15 65 477
15 66 1426
15 67 1756
15 68 525
15 69 1474
15 70 1804
15 71 573
15 72 1522
15 73 1852
15 74 621
15 75 1570
15 76 1828
16 0 745
16 1 847
16 2 600
16 3 967
16 4 495
16 5 644
16 6 1467
16 7 1563
16 8 683
16 9 1628
16 10 1130
16 11 1271
16 12 1541
16 13 404
16 14 605
16 15 1275
16 16 0
16 17 722
16 18 1497
16 19 1563
16 20 452
16 21 339
16 22 625
16 23 1470
16 24 2701
16 25 577
16 26 1422
16 27 2653
16 28 529
16 29 1374
16 30 2605
16 31 481
16 32 1326
16 33 2557
16 34 433
16 35 1278
16 36 2509
16 37 385
16 38 1230
16 39 2461
16 40 337
16 41 1182
16 42 2413
16 43 289
16 44 1134
16 45 2365
16 46 241
16 47 1086
16 48 2317
16 49 193
16 50 1038
16 51 2269
16 52 241
16 53 1086
16 54 2317
16 55 289
16 56 1134
16 57 2365
16 58 337
16 59 1182
16 60 2413
16 61 385
16 62 1230
16 63 2461
16 64 433
16 65 1278
16 66 2509
16 67 481
16 68 1326
16 69 2557
16 70 529
16 71 1374
16 72 2605
16 73 577
16 74 1422
16 75 2653
16 76 745
17 0 1081
17 1 1183
17 2 456
17 3 1207
17 4 831
17 5 78
17 6 1803
17 7 1899
17 8 39
17 9 1292
17 10 1466
17 11 1319
17 12 1877
17 13 740
17 14 117
17 15 1611
17 16 722
17 17 0
17 18 1833
17 19 1227
17 20 788
17 21 675
17 22 961
17 23 1806
17 24 3037
17 25 913
17 26 1758
17 27 2989
17 28 865
17 29 1710
17 30 2941
17 31 817
17 32 1662
17 33 2893
17 34 769
17 35 1614
17 36 2845
17 37 721
17 38 1566
17 39 2797
17 40 673
17 41 1518
17 42 2749
17 43 625
17 44 1470
17 45 2701
17 46 577
17 47 1422
17 48 2653
17 49 529
17 50 1374
17 51 2605
17 52 481
17 53 1326
17 54 2557
17 55 433
17 56 1278
17 57 2509
17 58 385
17 59 1230
17 60 2461
17 61 337
17 62 1182
17 63 2413
17 64 289
17 65 1134
17 66 2365
17 67 241
17 68 1086
17 69 2317
17 70 193
17 71 1038
17 72 2269
17 73 241
17 74 1086
17 75 2317
17 76 1081
18 0 1762
18 1 1036
18 2 1763
18 3 1012
18 4 1388
18 5 1911
18 6 408
18 7 504
18 8 1872
18 9 1049
18 10 1137
18 11 900
18 12 482
18 13 1479
18 14 1950
18 15 504
18 16 1497
18 17 1833
18 18 0
18 19 1088
18 20 1431
18 21 1544
18 22 1642
18 23 411
18 24 1204
18 25 1594
18 26 363
18 27 1156
18 28 1546
18 29 315
18 30 1108
18 31 1498
18 32 267
18 33 1060
18 34 1450
18 35 219
18 36 1012
18 37 1498
18 38 267
18 39 1060
18 40 1546
18 41 315
18 42 1108
18 43 1594
18 44 363
18 45 1156
18 46 1642
18 47 411
18 48 1204
18 49 1690
18 50 459
18 51 1252
18 52 1738
18 53 507
18 54 1300
18 55 1786
18 56 555
18 57 1348
18 58 1834
18 59 603
18 60 1396
18 61 1882
18 62 651
18 63 1444
18 64 1930
18 65 699
18 66 1492
18 67 1978
18 68 747
18 69 1540
18 70 2026
18 71 795
18 72 1588
18 73 2074
18 74 843
18 75 1636
18 76 1762
19 0 1922
19 1 1686
19 2 1297
19 3 1086
19 4 1672
19 5 1149
19 6 1058
19 7 1154
19 8 1188
19 9 451
19 10 1787
19 11 782
19 12 1132
19 13 1581
19 14 1110
19 15 866
19 16 1563
19 17 1227
19 18 1088
19 19 0
19 20 1629
19 21 1516
19 22 1802
19 23 1061
19 24 2292
19 25 1754
19 26 1013
19 27 2244
19 28 1706
19 29 965
19 30 2196
19 31 1658
19 32 917
19 33 2148
19 34 1610
19 35 869
19 36 2100
19 37 1562
19 38 821
19 39 2052
19 40 1514
19 41 773
19 42 2004
19 43 1466
19 44 725
19 45 1956
19 46 1418
19 47 677
19 48 1908
19 49 1370
19 50 629
19 51 1860
19 52 1322
19 53 581
19 54 1812
19 55 1274
19 56 533
19 57 1764
19 58 1226
19 59 485
19 60 1716
19 61 1178
19 62 437
19 63 1668
19 64 1130
19 65 389
19 66 1620
19 67 1082
19 68 341
19 69 1572
19 70 1034
19 71 293
19 72 1524
19 73 986
19 74 245
19 75 1476
19 76 1922
20 0 523
20 1 625
20 2 666
20 3 1033
20 4 369
20 5 710
20 6 1401
20 7 1497
20 8 749
20 9 1850
20 10 908
20 11 1337
20 12 1475
20 13 278
20 14 671
20 15 1305
20 16 452
20 17 788
20 18 1431
20 19 1629
20 20 0
20 21 213
20 22 403
20 23 1404
20 24 2635
20 25 355
20 26 1356
20 27 2587
20 28 307
20 29 1308
20 30 2539
20 31 259
20 32 1260
20 33 2491
20 34 211
20 35 1212
20 36 2443
20 37 163
20 38 1164
20 39 2395
20 40 115
20 41 1116
20 42 2347
20 43 163
20 44 1164
20 45 2395
20 46 211
20 47 1212
20 48 2443
20 49 259
20 50 1260
20 51 2491
20 52 307
20 53 1308
20 54 2539
20 55 355
20 56 1356
20 57 2587
20 58 403
20 59 1404
20 60 2635
20 61 451
20 62 1452
20 63 2683
20 64 499
20 65 1500
20 66 2731
20 67 547
20 68 1548
20 69 2779
20 70 595
20 71 1596
20 72 2827
20 73 643
20 74 1644
20 75 2875
20 76 523
21 0 506
21 1 608
21 2 553
21 3 920
21 4 156
21 5 597
21 6 1514
21 7 1610
21 8 636
21 9 1867
21 10 891
21 11 1224
21 12 1588
21 13 65
21 14 558
21 15 1322
21 16 339
21 17 675
21 18 1544
21 19 1516
21 20 213
21 21 0
21 22 386
21 23 1517
21 24 2748
21 25 338
21 26 1469
21 27 2700
21 28 290
21 29 1421
21 30 2652
21 31 242
21 32 1373
21 33 2604
21 34 194
21 35 1325
21 36 2556
21 37 146
21 38 1277
21 39 2508
21 40 98
21 41 1229
21 42 2460
21 43 50
21 44 1181
21 45 2412
21 46 98
21 47 1229
21 48 2460
21 49 146
21 50 1277
21 51 2508
21 52 194
21 53 1325
21 54 2556
21 55 242
21 56 1373
21 57 2604
21 58 290
21 59 1421
21 60 2652
21 61 338
21 62 1469
21 63 2700
21 64 386
21 65 1517
21 66 2748
21 67 434
21 68 1565
21 69 2796
21 70 482
21 71 1613
21 72 2844
21 73 530
21 74 1661
21 75 2892
21 76 506
22 0 120
22 1 606
22 2 839
22 3 1206
22 4 542
22 5 883
22 6 1516
22 7 1420
22 8 922
22 9 2253
22 10 505
22 11 1510
22 12 1494
22 13 451
22 14 844
22 15 1708
22 16 625
22 17 961
22 18 1642
22 19 1802
22 20 403
22 21 386
22 22 0
22 23 1231
22 24 2462
22 25 48
22 26 1279
22 27 2510
22 28 96
22 29 1327
22 30 2558
22 31 144
22 32 1375
22 33 2606
22 34 192
22 35 1423
22 36 2654
22 37 240
22 38 1471
22 39 2702
22 40 288
22 41 1519
22 42 2750
22 43 336
22 44 1567
22 45 2798
22 46 384
22 47 1615
22 48 2846
22 49 432
22 50 1663
22 51 2894
22 52 480
22 53 1711
22 54 2942
22 55 528
22 56 1759
22 57 2990
22 58 576
22 59 1807
22 60 3038
22 61 624
22 62 1855
22 63 3086
22 64 672
22 65 1903
22 66 3134
22 67 720
22 68 1951
22 69 3182
22 70 768
22 71 1999
22 72 3230
22 73 816
22 74 2047
22 75 3278
22 76 120
23 0 1351
23 1 1009
23 2 1736
23 3 985
23 4 1361
23 5 1884
23 6 285
23 7 189
23 8 1845
23 9 1022
23 10 726
23 11 873
23 12 263
23 13 1452
23 14 1923
23 15 477
23 16 1470
23 17 1806
23 18 411
23 19 1061
23 20 1404
23 21 1517
23 22 1231
23 23 0
23 24 1231
23 25 1279
23 26 48
23 27 1279
23 28 1327
23 29 96
23 30 1327
23 31 1375
23 32 144
23 33 1375
23 34 1423
23 35 192
23 36 1423
23 37 1471
23 38 240
23 39 1471
23 40 1519
23 41 288
23 42 1519
23 43 1567
23 44 336
23 45 1567
23 46 1615
23 47 384
23 48 1615
23 49 1663
23 50 432
23 51 1663
23 52 1711
23 53 480
23 54 1711
23 55 1759
23 56 528
23 57 1759
23 58 1807
23 59 576
23 60 1807
23 61 1855
23 62 624
23 63 1855
23 64 1903
23 65 672
23 66 1903
23 67 1951
23 68 720
23 69 1951
23 70 1999
23 71 768
23 72 1999
23 73 2047
23 74 816
23 75 2047
23 76 1351
24 0 2582
24 1 2240
24 2 2967
24 3 2216
24 4 2592
24 5 3115
24 6 1234
24 7 1138
24 8 3076
24 9 1841
24 10 1957
24 11 2104
24 12 1160
24 13 2683
24 14 3154
24 15 1426
24 16 2701
24 17 3037
24 18 1204
24 19 2292
24 20 2635
24 21 2748
24 22 2462
24 23 1231
24 24 0
24 25 2510
24 26 1279
24 27 48
24 28 2558
24 29 1327
24 30 96
24 31 2606
24 32 1375
24 33 144
24 34 2654
24 35 1423
24 36 192
24 37 2702
24 38 1471
24 39 240
24 40 2750
24 41 1519
24 42 288
24 43 2798
24 44 1567
24 45 336
24 46 2846
24 47 1615
24 48 384
24 49 2894
24 50 1663
24 51 432
24 52 2942
24 53 1711
24 54 480
24 55 2990
24 56 1759
24 57 528
24 58 3038
24 59 1807
24 60 576
24 61 3086
24 62 1855
24 63 624
24 64 3134
24 65 1903
24 66 672
24 67 3182
24 68 1951
24 69 720
24 70 3230
24 71 1999
24 72 768
24 73 3278
24 74 2047
24 75 816
24 76 2582
25 0 168
25 1 558
25 2 791
25 3 1158
25 4 494
25 5 835
25 6 1468
25 7 1372
25 8 874
25 9 2205
25 10 553
25 11 1462
25 12 1446
25 13 403
25 14 796
25 15 1660
25 16 577
25 17 913
25 18 1594
25 19 1754
25 20 355
25 21 338
25 22 48
25 23 1279
25 24 2510
25 25 0
25 26 1231
25 27 2462
25 28 48
25 29 1279
25 30 2510
25 31 96
25 32 1327
25 33 2558
25 34 144
25 35 1375
25 36 2606
25 37 192
25 38 1423
25 39 2654
25 40 240
25 41 1471
25 42 2702
25 43 288
25 44 1519
25 45 2750
25 46 336
25 47 1567
25 48 2798
25 49 384
25 50 1615
25 51 2846
25 52 432
25 53 1663
25 54 2894
25 55 480
25 56 1711
25 57 2942
25 58 528
25 59 1759
25 60 2990
25 61 576
25 62 1807
25 63 3038
25 64 624
25 65 1855
25 66 3086
25 67 672
25 68 1903
25 69 3134
25 70 720
25 71 1951
25 72 3182
25 73 768
25 74 1999
25 75 3230
25 76 168
26 0 1399
26 1 961
26 2 1688
26 3 937
26 4 1313
26 5 1836
26 6 237
26 7 141
26 8 1797
26 9 974
26 10 774
26 11 825
26 12 215
26 13 1404
26 14 1875
26 15 429
26 16 1422
26 17 1758
26 18 363
26 19 1013
26 20 1356
26 21 1469
26 22 1279
26 23 48
26 24 1279
26 25 1231
26 26 0
26 27 1231
26 28 1279
26 29 48
26 30 1279
26 31 1327
26 32 96
26 33 1327
26 34 1375
26 35 144
26 36 1375
26 37 1423
26 38 192
26 39 1423
26 40 1471
26 41 240
26 42 1471
26 43 1519
26 44 288
26 45 1519
26 46 1567
26 47 336
26 48 1567
26 49 1615
26 50 384
26 51 1615
26 52 1663
26 53 432
26 54 1663
26 55 1711
26 56 480
26 57 1711
26 58 1759
26 59 528
26 60 1759
26 61 1807
26 62 576
26 63 1807
26 64 1855
26 65 624
26 66 1855
26 67 1903
26 68 672
26 69 1903
26 70 1951
26 71 720
26 72 1951
26 73 1999
26 74 768
26 75 1999
26 76 1399
27 0 2630
27 1 2192
27 2 2919
27 3 2168
27 4 2544
27 5 3067
27 6 1186
27 7 1090
27 8 3028
27 9 1793
27 10 2005
27 11 2056
27 12 1112
27 13 2635
27 14 3106
27 15 1378
27 16 2653
27 17 2989
27 18 1156
27 19 2244
27 20 2587
27 21 2700
27 22 2510
27 23 1279
27 24 48
27 25 2462
27 26 1231
27 27 0
27 28 2510
27 29 1279
27 30 48
27 31 2558
27 32 1327
27 33 96
27 34 2606
27 35 1375
27 36 144
27 37 2654
27 38 1423
27 39 192
27 40 2702
27 41 1471
27 42 240
27 43 2750
27 44 1519
27 45 288
27 46 2798
27 47 1567
27 48 336
27 49 2846
27 50 1615
27 51 384
27 52 2894
27 53 1663
27 54 432
27 55 2942
27 56 1711
27 57 480
27 58 2990
27 59 1759
27 60 528
27 61 3038
27 62 1807
27 63 576
27 64 3086
27 65 1855
27 66 624
27 67 3134
27 68 1903
27 69 672
27 70 3182
27 71 1951
27 72 720
27 73 3230
27 74 1999
27 75 768
27 76 2630
28 0 216
28 1 510
28 2 743
28 3 1110
28 4 446
28 5 787
28 6 1420
28 7 1420
28 8 826
28 9 2157
28 10 601
28 11 1414
28 12 1398
28 13 355
28 14 748
28 15 1612
28 16 529
28 17 865
28 18 1546
28 19 1706
28 20 307
28 21 290
28 22 96
28 23 1327
28 24 2558
28 25 48
28 26 1279
28 27 2510
28 28 0
28 29 1231
28 30 2462
28 31 48
28 32 1279
28 33 2510
28 34 96
28 35 1327
28 36 2558
28 37 144
28 38 1375
28 39 2606
28 40 192
28 41 1423
28 42 2654
28 43 240
28 44 1471
28 45 2702
28 46 288
28 47 1519
28 48 2750
28 49 336
28 50 1567
28 51 2798
28 52 384
28 53 1615
28 54 2846
28 55 432
28 56 1663
28 57 2894
28 58 480
28 59 1711
28 60 2942
28 61 528
28 62 1759
28 63 2990
28 64 576
28 65 1807
28 66 3038
28 67 624
28 68 1855
28 69 3086
28 70 672
28 71 1903
28 72 3134
28 73 720
28 74 1951
28 75 3182
28 76 216
29 0 1447
29 1 913
29 2 1640
29 3 889
29 4 1265
29 5 1788
29 6 189
29 7 189
29 8 1749
29 9 926
29 10 822
29 11 777
29 12 167
29 13 1356
29 14 1827
29 15 381
29 16 1374
29 17 1710
29 18 315
29 19 965
29 20 1308
29 21 1421
29 22 1327
29 23 96
29 24 1327
29 25 1279
29 26 48
29 27 1279
29 28 1231
29 29 0
29 30 1231
29 31 1279
29 32 48
29 33 1279
29 34 1327
29 35 96
29 36 1327
29 37 1375
29 38 144
29 39 1375
29 40 1423
29 41 192
29 42 1423
29 43 1471
29 44 240
29 45 1471
29 46 1519
29 47 288
29 48 1519
29 49 1567
29 50 336
29 51 1567
29 52 1615
29 53 384
29 54 1615
29 55 1663
29 56 432
29 57 1663
29 58 1711
29 59 480
29 60 1711
29 61 1759
29 62 528
29 63 1759
29 64 1807
29 65 576
29 66 1807
29 67 1855
29 68 624
29 69 1855
29 70 1903
29 71 672
29 72 1903
29 73 1951
29 74 720
29 75 1951
29 76 1447
30 0 2678
30 1 2144
30 2 2871
30 3 2120
30 4 2496
30 5 3019
30 6 1138
30 7 1138
30 8 2980
30 9 1745
30 10 2053
30 11 2008
30 12 1064
30 13 2587
30 14 3058
30 15 1330
30 16 2605
30 17 2941
30 18 1108
30 19 2196
30 20 2539
30 21 2652
30 22 2558
30 23 1327
30 24 96
30 25 2510
30 26 1279
30 27 48
30 28 2462
30 29 1231
30 30 0
30 31 2510
30 32 1279
30 33 48
30 34 2558
30 35 1327
30 36 96
30 37 2606
30 38 1375
30 39 144
30 40 2654
30 41 1423
30 42 192
30 43 2702
30 44 1471
30 45 240
30 46 2750
30 47 1519
30 48 288
30 49 2798
30 50 1567
30 51 336
30 52 2846
30 53 1615
30 54 384
30 55 2894
30 56 1663
30 57 432
30 58 2942
30 59 1711
30 60 480
30 61 2990
30 62 1759
30 63 528
30 64 3038
30 65 1807
30 66 576
30 67 3086
30 68 1855
30 69 624
30 70 3134
30 71 1903
30 72 672
30 73 3182
30 74 1951
30 75 720
30 76 2678
31 0 264
31 1 462
31 2 695
31 3 1062
31 4 398
31 5 739
31 6 1372
31 7 1468
31 8 778
31 9 2109
31 10 649
31 11 1366
31 12 1446
31 13 307
31 14 700
31 15 1564
31 16 481
31 17 817
31 18 1498
31 19 1658
31 20 259
31 21 242
31 22 144
31 23 1375
31 24 2606
31 25 96
31 26 1327
31 27 2558
31 28 48
31 29 1279
31 30 2510
31 31 0
31 32 1231
31 33 2462
31 34 48
31 35 1279
31 36 2510
31 37 96
31 38 1327
31 39 2558
31 40 144
31 41 1375
31 42 2606
31 43 192
31 44 1423
31 45 2654
31 46 240
31 47 1471
31 48 2702
31 49 288
31 50 1519
31 51 2750
31 52 336
31 53 1567
31 54 2798
31 55 384
31 56 1615
31 57 2846
31 58 432
31 59 1663
31 60 2894
31 61 480
31 62 1711
31 63 2942
31 64 528
31 65 1759
31 66 2990
31 67 576
31 68 1807
31 69 3038
31 70 624
31 71 1855
31 72 3086
31 73 672
31 74 1903
31 75 3134
31 76 264
32 0 1495
32 1 865
32 2 1592
32 3 841
32 4 1217
32 5 1740
32 6 141
32 7 237
32 8 1701
32 9 878
32 10 870
32 11 729
32 12 215
32 13 1308
32 14 1779
32 15 333
32 16 1326
32 17 1662
32 18 267
32 19 917
32 20 1260
32 21 1373
32 22 1375
32 23 144
32 24 1375
32 25 1327
32 26 96
32 27 1327
32 28 1279
32 29 48
32 30 1279
32 31 1231
32 32 0
32 33 1231
32 34 1279
32 35 48
32 36 1279
32 37 1327
32 38 96
32 39 1327
32 40 1375
32 41 144
32 42 1375
32 43 1423
32 44 192
32 45 1423
32 46 1471
32 47 240
32 48 1471
32 49 1519
32 50 288
32 51 1519
32 52 1567
32 53 336
32 54 1567
32 55 1615
32 56 384
32 57 1615
32 58 1663
32 59 432
32 60 1663
32 61 1711
32 62 480
32 63 1711
32 64 1759
32 65 528
32 66 1759
32 67 1807
32 68 576
32 69 1807
32 70 1855
32 71 624
32 72 1855
32 73 1903
32 74 672
32 75 1903
32 76 1495
33 0 2726
33 1 2096
33 2 2823
33 3 2072
33 4 2448
33 5 2971
33 6 1090
33 7 1186
33 8 2932
33 9 1697
33 10 2101
33 11 1960
33 12 1112
33 13 2539
33 14 3010
33 15 1282
33 16 2557
33 17 2893
33 18 1060
33 19 2148
33 20 2491
33 21 2604
33 22 2606
33 23 1375
33 24 144
33 25 2558
33 26 1327
33 27 96
33 28 2510
33 29 1279
33 30 48
33 31 2462
33 32 1231
33 33 0
33 34 2510
33 35 1279
33 36 48
33 37 2558
33 38 1327
33 39 96
33 40 2606
33 41 1375
33 42 144
33 43 2654
33 44 1423
33 45 192
33 46 2702
33 47 1471
33 48 240
33 49 2750
33 50 1519
33 51 288
33 52 2798
33 53 1567
33 54 336
33 55 2846
33 56 1615
33 57 384
33 58 2894
33 59 1663
33 60 432
33 61 2942
33 62 1711
33 63 480
33 64 2990
33 65 1759
33 66 528
33 67 3038
33 68 1807
33 69 576
33 70 3086
33 71 1855
33 72 624
33 73 3134
33 74 1903
33 75 672
33 76 2726
34 0 312
34 1 414
34 2 647
34 3 1014
34 4 350
34 5 691
34 6 1420
34 7 1516
34 8 730
34 9 2061
34 10 697
34 11 1318
34 12 1494
34 13 259
34 14 652
34 15 1516
34 16 433
34 17 769
34 18 1450
34 19 1610
34 20 211
34 21 194
34 22 192
34 23 1423
34 24 2654
34 25 144
34 26 1375
34 27 2606
34 28 96
34 29 1327
34 30 2558
34 31 48
34 32 1279
34 33 2510
34 34 0
34 35 1231
34 36 2462
34 37 48
34 38 1279
34 39 2510
34 40 96
34 41 1327
34 42 2558
34 43 144
34 44 1375
34 45 2606
34 46 192
34 47 1423
34 48 2654
34 49 240
34 50 1471
34 51 2702
34 52 288
34 53 1519
34 54 2750
34 55 336
34 56 1567
34 57 2798
34 58 384
34 59 1615
34 60 2846
34 61 432
34 62 1663
34 63 2894
34 64 480
34 65 1711
34 66 2942
34 67 528
34 68 1759
34 69 2990
34 70 576
34 71 1807
34 72 3038
34 73 624
34 74 1855
34 75 3086
34 76 312
35 0 1543
35 1 817
35 2 1544
35 3 793
35 4 1169
35 5 1692
35 6 189
35 7 285
35 8 1653
35 9 830
35 10 918
35 11 681
35 12 263
35 13 1260
35 14 1731
35 15 285
35 16 1278
35 17 1614
35 18 219
35 19 869
35 20 1212
35 21 1325
35 22 1423
35 23 192
35 24 1423
35 25 1375
35 26 144
35 27 1375
35 28 1327
35 29 96
35 30 1327
35 31 1279
35 32 48
35 33 1279
35 34 1231
35 35 0
35 36 1231
35 37 1279
35 38 48
35 39 1279
35 40 1327
35 41 96
35 42 1327
35 43 1375
35 44 144
35 45 1375
35 46 1423
35 47 192
35 48 1423
35 49 1471
35 50 240
35 51 1471
35 52 1519
35 53 288
35 54 1519
35 55 1567
35 56 336
35 57 1567
35 58 1615
35 59 384
35 60 1615
35 61 1663
35 62 432
35 63 1663
35 64 1711
35 65 480
35 66 1711
35 67 1759
35 68 528
35 69 1759
35 70 1807
35 71 576
35 72 1807
35 73 1855
35 74 624
35 75 1855
35 76 1543
36 0 2774
36 1 2048
36 2 2775
36 3 2024
36 4 2400
36 5 2923
36 6 1138
36 7 1234
36 8 2884
36 9 1649
36 10 2149
36 11 1912
36 12 1160
36 13 2491
36 14 2962
36 15 1234
36 16 2509
36 17 2845
36 18 1012
36 19 2100
36 20 2443
36 21 2556
36 22 2654
36 23 1423
36 24 192
36 25 2606
36 26 1375
36 27 144
36 28 2558
36 29 1327
36 30 96
36 31 2510
36 32 1279
36 33 48
36 34 2462
36 35 1231
36 36 0
36 37 2510
36 38 1279
36 39 48
36 40 2558
36 41 1327
36 42 96
36 43 2606
36 44 1375
36 45 144
36 46 2654
36 47 1423
36 48 192
36 49 2702
36 50 1471
36 51 240
36 52 2750
36 53 1519
36 54 288
36 55 2798
36 56 1567
36 57 336
36 58 2846
36 59 1615
36 60 384
36 61 2894
36 62 1663
36 63 432
36 64 2942
36 65 1711
36 66 480
36 67 2990
36 68 1759
36 69 528
36 70 3038
36 71 1807
36 72 576
36 73 3086
36 74 1855
36 75 624
36 76 2774
37 0 360
37 1 462
37 2 599
37 3 966
37 4 302
37 5 643
37 6 1468
37 7 1564
37 8 682
37 9 2013
37 10 745
37 11 1270
37 12 1542
37 13 211
37 14 604
37 15 1468
37 16 385
37 17 721
37 18 1498
37 19 1562
37 20 163
37 21 146
37 22 240
37 23 1471
37 24 2702
37 25 192
37 26 1423
37 27 2654
37 28 144
37 29 1375
37 30 2606
37 31 96
37 32 1327
37 33 2558
37 34 48
37 35 1279
37 36 2510
37 37 0
37 38 1231
37 39 2462
37 40 48
37 41 1279
37 42 2510
37 43 96
37 44 1327
37 45 2558
37 46 144
37 47 1375
37 48 2606
37 49 192
37 50 1423
37 51 2654
37 52 240
37 53 1471
37 54 2702
37 55 288
37 56 1519
37 57 2750
37 58 336
37 59 1567
37 60 2798
37 61 384
37 62 1615
37 63 2846
37 64 432
37 65 1663
37 66 2894
37 67 480
37 68 1711
37 69 2942
37 70 528
37 71 1759
37 72 2990
37 73 576
37 74 1807
37 75 3038
37 76 360
38 0 1591
38 1 865
38 2 1496
38 3 745
38 4 1121
38 5 1644
38 6 237
38 7 333
38 8 1605
38 9 782
38 10 966
38 11 633
38 12 311
38 13 1212
38 14 1683
38 15 237
38 16 1230
38 17 1566
38 18 267
38 19 821
38 20 1164
38 21 1277
38 22 1471
38 23 240
38 24 1471
38 25 1423
38 26 192
38 27 1423
38 28 1375
38 29 144
38 30 1375
38 31 1327
38 32 96
38 33 1327
38 34 1279
38 35 48
38 36 1279
38 37 1231
38 38 0
38 39 1231
38 40 1279
38 41 48
38 42 1279
38 43 1327
38 44 96
38 45 1327
38 46 1375
38 47 144
38 48 1375
38 49 1423
38 50 192
38 51 1423
38 52 1471
38 53 240
38 54 1471
38 55 1519
38 56 288
38 57 1519
38 58 1567
38 59 336
38 60 1567
38 61 1615
38 62 384
38 63 1615
38 64 1663
38 65 432
38 66 1663
38 67 1711
38 68 480
38 69 1711
38 70 1759
38 71 528
38 72 1759
38 73 1807
38 74 576
38 75 1807
38 76 1591
39 0 2822
39 1 2096
39 2 2727
39 3 1976
39 4 2352
39 5 2875
39 6 1186
39 7 1282
39 8 2836
39 9 1601
39 10 2197
39 11 1864
39 12 1208
39 13 2443
39 14 2914
39 15 1186
39 16 2461
39 17 2797
39 18 1060
39 19 2052
39 20 2395
39 21 2508
39 22 2702
39 23 1471
39 24 240
39 25 2654
39 26 1423
39 27 192
39 28 2606
39 29 1375
39 30 144
39 31 2558
39 32 1327
39 33 96
39 34 2510
39 35 1279
39 36 48
39 37 2462
39 38 1231
39 39 0
39 40 2510
39 41 1279
39 42 48
39 43 2558
39 44 1327
39 45 96
39 46 2606
39 47 1375
39 48 144
39 49 2654
39 50 1423
39 51 192
39 52 2702
39 53 1471
39 54 240
39 55 2750
39 56 1519
39 57 288
39 58 2798
39 59 1567
39 60 336
39 61 2846
39 62 1615
39 63 384
39 64 2894
39 65 1663
39 66 432
39 67 2942
39 68 1711
39 69 480
39 70 2990
39 71 1759
39 72 528
39 73 3038
39 74 1807
39 75 576
39 76 2822
40 0 408
40 1 510
40 2 551
40 3 918
40 4 254
40 5 595
40 6 1516
40 7 1612
40 8 634
40 9 1965
40 10 793
40 11 1222
40 12 1590
40 13 163
40 14 556
40 15 1420
40 16 337
40 17 673
40 18 1546
40 19 1514
40 20 115
40 21 98
40 22 288
40 23 1519
40 24 2750
40 25 240
40 26 1471
40 27 2702
40 28 192
40 29 1423
40 30 2654
40 31 144
40 32 1375
40 33 2606
40 34 96
40 35 1327
40 36 2558
40 37 48
40 38 1279
40 39 2510
40 40 0
40 41 1231
40 42 2462
40 43 48
40 44 1279
40 45 2510
40 46 96
40 47 1327
40 48 2558
40 49 144
40 50 1375
40 51 2606
40 52 192
40 53 1423
40 54 2654
40 55 240
40 56 1471
40 57 2702
40 58 288
40 59 1519
40 60 2750
40 61 336
40 62 1567
40 63 2798
40 64 384
40 65 1615
40 66 2846
40 67 432
40 68 1663
40 69 2894
40 70 480
40 71 1711
40 72 2942
40 73 528
40 74 1759
40 75 2990
40 76 408
41 0 1639
41 1 913
41 2 1448
41 3 697
41 4 1073
41 5 1596
41 6 285
41 7 381
41 8 1557
41 9 734
41 10 1014
41 11 585
41 12 359
41 13 1164
41 14 1635
41 15 189
41 16 1182
41 17 1518
41 18 315
41 19 773
41 20 1116
41 21 1229
41 22 1519
41 23 288
41 24 1519
41 25 1471
41 26 240
41 27 1471
41 28 1423
41 29 192
41 30 1423
41 31 1375
41 32 144
41 33 1375
41 34 1327
41 35 96
41 36 1327
41 37 1279
41 38 48
41 39 1279
41 40 1231
41 41 0
41 42 1231
41 43 1279
41 44 48
41 45 1279
41 46 1327
41 47 96
41 48 1327
41 49 1375
41 50 144
41 51 1375
41 52 1423
41 53 192
41 54 1423
41 55 1471
41 56 240
41 57 1471
41 58 1519
41 59 288
41 60 1519
41 61 1567
41 62 336
41 63 1567
41 64 1615
41 65 384
41 66 1615
41 67 1663
41 68 432
41 69 1663
41 70 1711
41 71 480
41 72 1711
41 73 1759
41 74 528
41 75 1759
41 76 1639
42 0 2870
42 1 2144
42 2 2679
42 3 1928
42 4 2304
42 5 2827
42 6 1234
42 7 1330
42 8 2788
42 9 1553
42 10 2245
42 11 1816
42 12 1256
42 13 2395
42 14 2866
42 15 1138
42 16 2413
42 17 2749
42 18 1108
42 19 2004
42 20 2347
42 21 2460
42 22 2750
42 23 1519
42 24 288
42 25 2702
42 26 1471
42 27 240
42 28 2654
42 29 1423
42 30 192
42 31 2606
42 32 1375
42 33 144
42 34 2558
42 35 1327
42 36 96
42 37 2510
42 38 1279
42 39 48
42 40 2462
42 41 1231
42 42 0
42 43 2510
42 44 1279
42 45 48
42 46 2558
42 47 1327
42 48 96
42 49 2606
42 50 1375
42 51 144
42 52 2654
42 53 1423
42 54 192
42 55 2702
42 56 1471
42 57 240
42 58 2750
42 59 1519
42 60 288
42 61 2798
42 62 1567
42 63 336
42 64 2846
42 65 1615
42 66 384
42 67 2894
42 68 1663
42 69 432
42 70 2942
42 71 1711
42 72 480
42 73 2990
42 74 1759
42 75 528
42 76 2870
43 0 456
43 1 558
43 2 503
43 3 870
43 4 206
43 5 547
43 6 1564
43 7 1660
43 8 586
43 9 1917
43 10 841
43 11 1174
43 12 1638
43 13 115
43 14 508
43 15 1372
43 16 289
43 17 625
43 18 1594
43 19 1466
43 20 163
43 21 50
43 22 336
43 23 1567
43 24 2798
43 25 288
43 26 1519
43 27 2750
43 28 240
43 29 1471
43 30 2702
43 31 192
43 32 1423
43 33 2654
43 34 144
43 35 1375
43 36 2606
43 37 96
43 38 1327
43 39 2558
43 40 48
43 41 1279
43 42 2510
43 43 0
43 44 1231
43 45 2462
43 46 48
43 47 1279
43 48 2510
43 49 96
43 50 1327
43 51 2558
43 52 144
43 53 1375
43 54 2606
43 55 192
43 56 1423
43 57 2654
43 58 240
43 59 1471
43 60 2702
43 61 288
43 62 1519
43 63 2750
43 64 336
43 65 1567
43 66 2798
43 67 384
43 68 1615
43 69 2846
43 70 432
43 71 1663
43 72 2894
43 73 480
43 74 1711
43 75 2942
43 76 456
44 0 1687
44 1 961
44 2 1400
44 3 649
44 4 1025
44 5 1548
44 6 333
44 7 429
44 8 1509
44 9 686
44 10 1062
44 11 537
44 12 407
44 13 1116
44 14 1587
44 15 141
44 16 1134
44 17 1470
44 18 363
44 19 725
44 20 1164
44 21 1181
44 22 1567
44 23 336
44 24 1567
44 25 1519
44 26 288
44 27 1519
44 28 1471
44 29 240
44 30 1471
44 31 1423
44 32 192
44 33 1423
44 34 1375
44 35 144
44 36 1375
44 37 1327
44 38 96
44 39 1327
44 40 1279
44 41 48
44 42 1279
44 43 1231
44 44 0
44 45 1231
44 46 1279
44 47 48
44 48 1279
44 49 1327
44 50 96
44 51 1327
44 52 1375
44 53 144
44 54 1375
44 55 1423
44 56 192
44 57 1423
44 58 1471
44 59 240
44 60 1471
44 61 1519
44 62 288
44 63 1519
44 64 1567
44 65 336
44 66 1567
44 67 1615
44 68 384
44 69 1615
44 70 1663
44 71 432
44 72 1663
44 73 1711
44 74 480
44 75 1711
44 76 1687
45 0 2918
45 1 2192
45 2 2631
45 3 1880
45 4 2256
45 5 2779
45 6 1282
45 7 1378
45 8 2740
45 9 1505
45 10 2293
45 11 1768
45 12 1304
45 13 2347
45 14 2818
45 15 1090
45 16 2365
45 17 2701
45 18 1156
45 19 1956
45 20 2395
45 21 2412
45 22 2798
45 23 1567
45 24 336
45 25 2750
45 26 1519
45 27 288
45 28 2702
45 29 1471
45 30 240
45 31 2654
45 32 1423
45 33 192
45 34 2606
45 35 1375
45 36 144
45 37 2558
45 38 1327
45 39 96
45 40 2510
45 41 1279
45 42 48
45 43 2462
45 44 1231
45 45 0
45 46 2510
45 47 1279
45 48 48
45 49 2558
45 50 1327
45 51 96
45 52 2606
45 53 1375
45 54 144
45 55 2654
45 56 1423
45 57 192
45 58 2702
45 59 1471
45 60 240
45 61 2750
45 62 1519
45 63 288
45 64 2798
45 65 1567
45 66 336
45 67 2846
45 68 1615
45 69 384
45 70 2894
45 71 1663
45 72 432
45 73 2942
45 74 1711
45 75 480
45 76 2918
46 0 504
46 1 606
46 2 455
46 3 822
46 4 254
46 5 499
46 6 1612
46 7 1708
46 8 538
46 9 1869
46 10 889
46 11 1126
46 12 1686
46 13 163
46 14 460
46 15 1420
46 16 241
46 17 577
46 18 1642
46 19 1418
46 20 211
46 21 98
46 22 384
46 23 1615
46 24 2846
46 25 336
46 26 1567
46 27 2798
46 28 288
46 29 1519
46 30 2750
46 31 240
46 32 1471
46 33 2702
46 34 192
46 35 1423
46 36 2654
46 37 144
46 38 1375
46 39 2606
46 40 96
46 41 1327
46 42 2558
46 43 48
46 44 1279
46 45 2510
46 46 0
46 47 1231
46 48 2462
46 49 48
46 50 1279
46 51 2510
46 52 96
46 53 1327
46 54 2558
46 55 144
46 56 1375
46 57 2606
46 58 192
46 59 1423
46 60 2654
46 61 240
46 62 1471
46 63 2702
46 64 288
46 65 1519
46 66 2750
46 67 336
46 68 1567
46 69 2798
46 70 384
46 71 1615
46 72 2846
46 73 432
46 74 1663
46 75 2894
46 76 504
47 0 1735
47 1 1009
47 2 1352
47 3 601
47 4 1073
47 5 1500
