//alpha
1
//NbLocations
69
//NbProducts
32
//NbPickers
2
//CapaPicker
12
//TimeToTravelOneDistanceUnit
3
//SetupTime
5400
//PickTime
300
//Products
//Idx Location Size
1 1 1
2 2 1
3 3 1
4 4 1
5 5 1
6 6 1
7 7 1
8 8 1
9 9 1
10 10 1
11 11 1
12 12 1
13 13 1
14 14 1
15 15 1
16 16 1
17 17 1
18 18 1
19 19 1
20 20 1
21 21 1
22 22 1
23 23 1
24 24 1
25 25 1
26 26 1
27 27 1
28 28 1
29 29 1
30 30 1
31 31 1
32 32 1
//Orders
//NbOrders
18
//Idx DueDate TardinessPenalty NbProdInOrder ProdIdx1 Qty1 ProdIdx2 Qty2 ...
1 36000 0 3 1 1 2 1 3 1
2 90000 0 1 4 1
3 90000 0 3 5 1 6 1 7 1
4 72000 0 2 8 1 9 1
5 36000 0 1 10 1
6 54000 0 1 11 1
7 54000 0 1 12 1
8 126000 0 1 13 1
9 126000 0 4 14 1 15 1 16 1 17 1
10 108000 0 1 18 1
11 108000 0 2 19 1 20 1
12 72000 0 1 21 1
13 108000 0 1 22 1
14 90000 0 1 23 1
15 90000 0 3 24 1 25 1 26 1
16 72000 0 2 27 1 28 1
17 72000 0 1 29 1
18 108000 0 3 30 1 31 1 32 1
//Graph (Products are vertices indexed from 1 to NbProducts)
//NbVerticesIntersections
36
//DepartingDepot
0
//ArrivalDepot
69
//Arcs
//Start End Distance
0 33 120
1 13 559
1 21 156
2 19 429
2 46 232
3 12 52
3 40 102
4 26 494
4 52 76
5 66 89
5 67 752
6 60 583
6 61 258
7 28 494
7 37 245
8 51 323
8 52 518
9 42 375
9 43 466
10 63 492
10 64 349
11 31 481
11 61 297
12 3 52
12 24 416
13 1 559
13 47 50
14 48 687
14 49 154
15 27 572
15 68 154
16 23 416
16 37 141
17 58 544
17 59 297
18 33 232
18 34 609
19 2 429
19 22 13
20 30 364
20 50 401
21 1 156
21 46 76
22 19 13
22 45 167
23 16 416
23 36 284
24 12 416
24 32 78
25 40 700
25 41 141
26 4 494
26 53 271
27 15 572
27 67 115
28 7 494
28 38 102
29 43 375
29 44 466
30 20 364
30 49 76
31 11 481
31 62 63
32 24 78
32 39 193
33 18 232
33 36 48
33 69 120
34 18 609
34 35 841
34 37 48
35 34 841
35 38 48
36 23 284
36 33 48
36 39 48
37 7 245
37 16 141
37 34 48
37 40 48
38 28 102
38 35 48
38 41 48
39 32 193
39 36 48
39 42 48
40 3 102
40 25 700
40 37 48
40 43 48
41 25 141
41 38 48
41 44 48
42 9 375
42 39 48
42 45 48
43 9 466
43 29 375
43 40 48
43 46 48
44 29 466
44 41 48
44 47 48
45 22 167
45 42 48
45 48 48
46 2 232
46 21 76
46 43 48
46 49 48
47 13 50
47 44 48
47 50 48
48 14 687
48 45 48
48 51 48
49 14 154
49 30 76
49 46 48
49 52 48
50 20 401
50 47 48
50 53 48
51 8 323
51 48 48
51 54 48
52 4 76
52 8 518
52 49 48
52 55 48
53 26 271
53 50 48
53 56 48
54 51 48
54 55 841
54 57 48
55 52 48
55 54 841
55 56 841
55 58 48
56 53 48
56 55 841
56 59 48
57 54 48
57 58 841
57 60 48
58 17 544
58 55 48
58 57 841
58 61 48
59 17 297
59 56 48
59 62 48
60 6 583
60 57 48
60 63 48
61 6 258
61 11 297
61 58 48
61 64 48
62 31 63
62 59 48
62 65 48
63 10 492
63 60 48
63 66 48
64 10 349
64 61 48
64 65 841
64 67 48
65 62 48
65 64 841
65 68 48
66 5 89
66 63 48
67 5 752
67 27 115
67 64 48
68 15 154
68 65 48
//LocStart LocEnd ShortestPath
0 0 0
0 1 1385
0 2 921
0 3 955
0 4 1325
0 5 737
0 6 1135
0 7 1254
0 8 731
0 9 639
0 10 1092
0 11 1690
0 12 903
0 13 1944
0 14 1047
0 15 2176
0 16 868
0 17 1889
0 18 352
0 19 492
0 20 1641
0 21 1229
0 22 479
0 23 452
0 24 487
0 25 1757
0 26 1819
0 27 1604
0 28 1748
0 29 1480
0 30 1277
0 31 2171
0 32 409
0 33 120
0 34 961
0 35 1802
0 36 168
0 37 1009
0 38 1850
0 39 216
0 40 1057
0 41 1898
0 42 264
0 43 1105
0 44 1946
0 45 312
0 46 1153
0 47 1994
0 48 360
0 49 1201
0 50 2042
0 51 408
0 52 1249
0 53 2090
0 54 456
0 55 1297
0 56 2138
0 57 504
0 58 1345
0 59 2186
0 60 552
0 61 1393
0 62 2234
0 63 600
0 64 1441
0 65 2282
0 66 648
0 67 1489
0 68 2330
0 69 0
1 0 1385
1 1 0
1 2 464
1 3 430
1 4 404
1 5 1320
1 6 730
1 7 621
1 8 846
1 9 746
1 10 869
1 11 769
1 12 482
1 13 559
1 14 434
1 15 1099
1 16 517
1 17 968
1 18 1033
1 19 893
1 20 720
1 21 156
1 22 906
1 23 933
1 24 898
1 25 846
1 26 898
1 27 683
1 28 855
1 29 655
1 30 356
1 31 912
1 32 976
1 33 1265
1 34 424
1 35 801
1 36 1217
1 37 376
1 38 753
1 39 1169
1 40 328
1 41 705
1 42 1121
1 43 280
1 44 657
1 45 1073
1 46 232
1 47 609
1 48 1121
1 49 280
1 50 657
1 51 1169
1 52 328
1 53 705
1 54 1217
1 55 376
1 56 753
1 57 1265
1 58 424
1 59 801
1 60 1313
1 61 472
1 62 849
1 63 1361
1 64 520
1 65 897
1 66 1409
1 67 568
1 68 945
1 69 1385
2 0 921
2 1 464
2 2 0
2 3 430
2 4 404
2 5 1034
2 6 730
2 7 621
2 8 846
2 9 746
2 10 869
2 11 769
2 12 482
2 13 1023
2 14 434
2 15 1255
2 16 517
2 17 968
2 18 1033
2 19 429
2 20 720
2 21 308
2 22 442
2 23 933
2 24 898
2 25 1028
2 26 898
2 27 683
2 28 1115
2 29 655
2 30 356
2 31 1250
2 32 898
2 33 801
2 34 424
2 35 1265
2 36 753
2 37 376
2 38 1217
2 39 705
2 40 328
2 41 1169
2 42 657
2 43 280
2 44 1121
2 45 609
2 46 232
2 47 1073
2 48 657
2 49 280
2 50 1121
2 51 705
2 52 328
2 53 1169
2 54 753
2 55 376
2 56 1217
2 57 801
2 58 424
2 59 1265
2 60 849
2 61 472
2 62 1313
2 63 897
2 64 520
2 65 1361
2 66 945
2 67 568
2 68 1409
2 69 921
3 0 955
3 1 430
3 2 430
3 3 0
3 4 370
3 5 1260
3 6 696
3 7 395
3 8 812
3 9 616
3 10 835
3 11 735
3 12 52
3 13 989
3 14 400
3 15 1221
3 16 291
3 17 934
3 18 807
3 19 859
3 20 686
3 21 274
3 22 872
3 23 707
3 24 468
3 25 802
3 26 864
3 27 649
3 28 889
3 29 525
3 30 322
3 31 1216
3 32 546
3 33 835
3 34 198
3 35 1039
3 36 787
3 37 150
3 38 991
3 39 739
3 40 102
3 41 943
3 42 787
3 43 150
3 44 991
3 45 835
3 46 198
3 47 1039
3 48 883
3 49 246
3 50 1087
3 51 931
3 52 294
3 53 1135
3 54 979
3 55 342
3 56 1183
3 57 1027
3 58 390
3 59 1231
3 60 1075
3 61 438
3 62 1279
3 63 1123
3 64 486
3 65 1327
3 66 1171
3 67 534
3 68 1375
3 69 955
4 0 1325
4 1 404
4 2 404
4 3 370
4 4 0
4 5 1068
4 6 478
4 7 561
4 8 594
4 9 686
4 10 617
4 11 517
4 12 422
4 13 911
4 14 278
4 15 1003
4 16 457
4 17 716
4 18 973
4 19 833
4 20 564
4 21 248
4 22 846
4 23 873
4 24 838
4 25 968
4 26 494
4 27 431
4 28 1055
4 29 595
4 30 200
4 31 972
4 32 916
4 33 1205
4 34 364
4 35 1053
4 36 1157
4 37 316
4 38 1005
4 39 1109
4 40 268
4 41 957
4 42 1061
4 43 220
4 44 909
4 45 1013
4 46 172
4 47 861
4 48 965
4 49 124
4 50 813
4 51 917
4 52 76
4 53 765
4 54 965
4 55 124
4 56 813
4 57 1013
4 58 172
4 59 861
4 60 1061
4 61 220
4 62 909
4 63 1109
4 64 268
4 65 957
4 66 1157
4 67 316
4 68 1005
4 69 1325
5 0 737
5 1 1320
5 2 1034
5 3 1260
5 4 1068
5 5 0
5 6 768
5 7 1477
5 8 652
5 9 848
5 10 629
5 11 1145
5 12 1208
5 13 1879
5 14 1064
5 15 1439
5 16 1269
5 17 1440
5 18 849
5 19 605
5 20 1480
5 21 1164
5 22 592
5 23 853
5 24 792
5 25 1884
5 26 1562
5 27 867
5 28 1971
5 29 1511
5 30 1116
5 31 1626
5 32 714
5 33 617
5 34 1280
5 35 2121
5 36 569
5 37 1232
5 38 2073
5 39 521
5 40 1184
5 41 2025
5 42 473
5 43 1136
5 44 1977
5 45 425
5 46 1088
5 47 1929
5 48 377
5 49 1040
5 50 1881
5 51 329
5 52 992
5 53 1833
5 54 281
5 55 944
5 56 1785
5 57 233
5 58 896
5 59 1737
5 60 185
5 61 848
5 62 1689
5 63 137
5 64 800
5 65 1641
5 66 89
5 67 752
5 68 1593
5 69 737
6 0 1135
6 1 730
6 2 730
6 3 696
6 4 478
6 5 768
6 6 0
6 7 887
6 8 920
6 9 1012
6 10 655
6 11 555
6 12 748
6 13 1289
6 14 604
6 15 1041
6 16 783
6 17 850
6 18 1247
6 19 1003
6 20 890
6 21 574
6 22 990
6 23 1199
6 24 1164
6 25 1294
6 26 972
6 27 469
6 28 1381
6 29 921
6 30 526
6 31 1036
6 32 1112
6 33 1015
6 34 690
6 35 1531
6 36 967
6 37 642
6 38 1483
6 39 919
6 40 594
6 41 1435
6 42 871
6 43 546
6 44 1387
6 45 823
6 46 498
6 47 1339
6 48 775
6 49 450
6 50 1291
6 51 727
6 52 402
6 53 1243
6 54 679
6 55 354
6 56 1195
6 57 631
6 58 306
6 59 1147
6 60 583
6 61 258
6 62 1099
6 63 631
6 64 306
6 65 1147
6 66 679
6 67 354
6 68 1195
6 69 1135
7 0 1254
7 1 621
7 2 621
7 3 395
7 4 561
7 5 1477
7 6 887
7 7 0
7 8 1003
7 9 807
7 10 1026
7 11 926
7 12 447
7 13 790
7 14 591
7 15 1230
7 16 386
7 17 1125
7 18 902
7 19 1050
7 20 877
7 21 465
7 22 1063
7 23 802
7 24 863
7 25 785
7 26 1055
7 27 840
7 28 494
7 29 716
7 30 513
7 31 1043
7 32 941
7 33 1134
7 34 293
7 35 644
7 36 1086
7 37 245
7 38 596
7 39 1134
7 40 293
7 41 644
7 42 1182
7 43 341
7 44 692
7 45 1230
7 46 389
7 47 740
7 48 1278
7 49 437
7 50 788
7 51 1326
7 52 485
7 53 836
7 54 1374
7 55 533
7 56 884
7 57 1422
7 58 581
7 59 932
7 60 1470
7 61 629
7 62 980
7 63 1518
7 64 677
7 65 1028
7 66 1566
7 67 725
7 68 1076
7 69 1254
8 0 731
8 1 846
8 2 846
8 3 812
8 4 594
8 5 652
8 6 920
8 7 1003
8 8 0
8 9 842
8 10 1007
8 11 959
8 12 864
8 13 1405
8 14 720
8 15 1445
8 16 899
8 17 1158
8 18 843
8 19 599
8 20 1006
8 21 690
8 22 586
8 23 847
8 24 786
8 25 1410
8 26 1088
8 27 873
8 28 1497
8 29 1037
8 30 642
8 31 1440
8 32 708
8 33 611
8 34 806
8 35 1647
8 36 563
8 37 758
8 38 1599
8 39 515
8 40 710
8 41 1551
8 42 467
8 43 662
8 44 1503
8 45 419
8 46 614
8 47 1455
8 48 371
8 49 566
8 50 1407
8 51 323
8 52 518
8 53 1359
8 54 371
8 55 566
8 56 1407
8 57 419
8 58 614
8 59 1455
8 60 467
8 61 662
8 62 1503
8 63 515
8 64 710
8 65 1551
8 66 563
8 67 758
8 68 1599
8 69 731
9 0 639
9 1 746
9 2 746
9 3 616
9 4 686
9 5 848
9 6 1012
9 7 807
9 8 842
9 9 0
9 10 1151
9 11 1051
9 12 668
9 13 1305
9 14 716
9 15 1537
9 16 703
9 17 1250
9 18 751
9 19 603
9 20 1002
9 21 590
9 22 590
9 23 755
9 24 694
9 25 1214
9 26 1180
9 27 965
9 28 1301
9 29 841
9 30 638
9 31 1532
9 32 616
9 33 519
9 34 610
9 35 1451
9 36 471
9 37 562
9 38 1403
9 39 423
9 40 514
9 41 1355
9 42 375
9 43 466
9 44 1307
9 45 423
9 46 514
9 47 1355
9 48 471
9 49 562
9 50 1403
9 51 519
9 52 610
9 53 1451
9 54 567
9 55 658
9 56 1499
9 57 615
9 58 706
9 59 1547
9 60 663
9 61 754
9 62 1595
9 63 711
9 64 802
9 65 1643
9 66 759
9 67 850
9 68 1691
9 69 639
10 0 1092
10 1 869
10 2 869
10 3 835
10 4 617
10 5 629
10 6 655
10 7 1026
10 8 1007
10 9 1151
10 10 0
10 11 694
10 12 887
10 13 1428
10 14 743
10 15 1084
10 16 922
10 17 989
10 18 1204
10 19 960
10 20 1029
10 21 713
10 22 947
10 23 1208
10 24 1147
10 25 1433
10 26 1111
10 27 512
10 28 1520
10 29 1060
10 30 665
10 31 1175
10 32 1069
10 33 972
10 34 829
10 35 1670
10 36 924
10 37 781
10 38 1622
10 39 876
10 40 733
10 41 1574
10 42 828
10 43 685
10 44 1526
10 45 780
10 46 637
10 47 1478
10 48 732
10 49 589
10 50 1430
10 51 684
10 52 541
10 53 1382
10 54 636
10 55 493
10 56 1334
10 57 588
10 58 445
10 59 1286
10 60 540
10 61 397
10 62 1238
10 63 492
10 64 349
10 65 1190
10 66 540
10 67 397
10 68 1238
10 69 1092
11 0 1690
11 1 769
11 2 769
11 3 735
11 4 517
11 5 1145
11 6 555
11 7 926
11 8 959
11 9 1051
11 10 694
11 11 0
11 12 787
11 13 834
11 14 643
11 15 794
11 16 822
11 17 889
11 18 1338
11 19 1198
11 20 929
11 21 613
11 22 1211
11 23 1238
11 24 1203
11 25 1021
11 26 959
11 27 508
11 28 1030
11 29 960
11 30 565
11 31 481
11 32 1281
11 33 1570
11 34 729
11 35 976
11 36 1522
11 37 681
11 38 928
11 39 1474
11 40 633
11 41 880
11 42 1426
11 43 585
11 44 832
11 45 1378
11 46 537
11 47 784
11 48 1330
11 49 489
11 50 736
11 51 1282
11 52 441
11 53 688
11 54 1234
11 55 393
11 56 640
11 57 1186
11 58 345
11 59 592
11 60 1138
11 61 297
11 62 544
11 63 1186
11 64 345
11 65 592
11 66 1234
11 67 393
11 68 640
11 69 1690
12 0 903
12 1 482
12 2 482
12 3 52
12 4 422
12 5 1208
12 6 748
12 7 447
12 8 864
12 9 668
12 10 887
12 11 787
12 12 0
12 13 1041
12 14 452
12 15 1273
12 16 343
12 17 986
12 18 859
12 19 911
12 20 738
12 21 326
12 22 924
12 23 759
12 24 416
12 25 854
12 26 916
12 27 701
12 28 941
12 29 577
12 30 374
12 31 1268
12 32 494
12 33 783
12 34 250
12 35 1091
12 36 735
12 37 202
12 38 1043
12 39 687
12 40 154
12 41 995
12 42 735
12 43 202
12 44 1043
12 45 783
12 46 250
12 47 1091
12 48 831
12 49 298
12 50 1139
12 51 879
12 52 346
12 53 1187
12 54 927
12 55 394
12 56 1235
12 57 975
12 58 442
12 59 1283
12 60 1023
12 61 490
12 62 1331
12 63 1071
12 64 538
12 65 1379
12 66 1119
12 67 586
12 68 1427
12 69 903
13 0 1944
13 1 559
13 2 1023
13 3 989
13 4 911
13 5 1879
13 6 1289
13 7 790
13 8 1405
13 9 1305
13 10 1428
13 11 834
13 12 1041
13 13 0
13 14 993
13 15 540
13 16 1076
13 17 539
13 18 1592
13 19 1452
13 20 499
13 21 715
13 22 1465
13 23 1492
13 24 1457
13 25 287
13 26 417
13 27 1112
13 28 296
13 29 564
13 30 863
13 31 353
13 32 1535
13 33 1824
13 34 983
13 35 242
13 36 1776
13 37 935
13 38 194
13 39 1728
13 40 887
13 41 146
13 42 1680
13 43 839
13 44 98
13 45 1632
13 46 791
13 47 50
13 48 1680
13 49 839
13 50 98
13 51 1728
13 52 887
13 53 146
13 54 1776
13 55 935
13 56 194
13 57 1824
13 58 983
13 59 242
13 60 1872
13 61 1031
13 62 290
13 63 1920
13 64 1079
13 65 338
13 66 1968
13 67 1127
13 68 386
13 69 1944
14 0 1047
14 1 434
14 2 434
14 3 400
14 4 278
14 5 1064
14 6 604
14 7 591
14 8 720
14 9 716
14 10 743
14 11 643
14 12 452
14 13 993
14 14 0
14 15 1129
14 16 487
14 17 842
14 18 1003
14 19 863
14 20 594
14 21 278
14 22 876
14 23 903
14 24 868
14 25 998
14 26 772
14 27 557
14 28 1085
14 29 625
14 30 230
14 31 1124
14 32 946
14 33 927
14 34 394
14 35 1235
14 36 879
14 37 346
14 38 1187
14 39 831
14 40 298
14 41 1139
14 42 783
14 43 250
14 44 1091
14 45 735
14 46 202
14 47 1043
14 48 687
14 49 154
14 50 995
14 51 735
14 52 202
14 53 1043
14 54 783
14 55 250
14 56 1091
14 57 831
14 58 298
14 59 1139
14 60 879
14 61 346
14 62 1187
14 63 927
14 64 394
14 65 1235
14 66 975
14 67 442
14 68 1283
14 69 1047
15 0 2176
15 1 1099
15 2 1255
15 3 1221
15 4 1003
15 5 1439
15 6 1041
15 7 1230
15 8 1445
15 9 1537
15 10 1084
15 11 794
15 12 1273
15 13 540
15 14 1129
15 15 0
15 16 1308
15 17 595
15 18 1824
15 19 1684
15 20 843
15 21 1099
15 22 1697
15 23 1724
15 24 1689
15 25 727
15 26 665
15 27 572
15 28 736
15 29 1004
15 30 1051
15 31 313
15 32 1767
15 33 2056
15 34 1215
15 35 682
15 36 2008
15 37 1167
15 38 634
15 39 1960
15 40 1119
15 41 586
15 42 1912
15 43 1071
15 44 538
15 45 1864
15 46 1023
15 47 490
15 48 1816
15 49 975
15 50 442
15 51 1768
15 52 927
15 53 394
15 54 1720
15 55 879
15 56 346
15 57 1672
15 58 831
15 59 298
15 60 1624
15 61 783
15 62 250
15 63 1576
15 64 735
15 65 202
15 66 1528
15 67 687
15 68 154
15 69 2176
16 0 868
16 1 517
16 2 517
16 3 291
16 4 457
16 5 1269
16 6 783
16 7 386
16 8 899
16 9 703
16 10 922
16 11 822
16 12 343
16 13 1076
16 14 487
16 15 1308
16 16 0
16 17 1021
16 18 798
16 19 946
16 20 773
16 21 361
16 22 959
16 23 416
16 24 759
16 25 889
16 26 951
16 27 736
16 28 880
16 29 612
16 30 409
16 31 1303
16 32 837
16 33 748
16 34 189
16 35 1030
16 36 700
16 37 141
16 38 982
16 39 748
16 40 189
16 41 1030
16 42 796
16 43 237
16 44 1078
16 45 844
16 46 285
16 47 1126
16 48 892
16 49 333
16 50 1174
16 51 940
16 52 381
16 53 1222
16 54 988
16 55 429
16 56 1270
16 57 1036
16 58 477
16 59 1318
16 60 1084
16 61 525
16 62 1366
16 63 1132
16 64 573
16 65 1414
16 66 1180
16 67 621
16 68 1462
16 69 868
17 0 1889
17 1 968
17 2 968
17 3 934
17 4 716
17 5 1440
17 6 850
17 7 1125
17 8 1158
17 9 1250
17 10 989
17 11 889
17 12 986
17 13 539
17 14 842
17 15 595
17 16 1021
17 17 0
17 18 1537
17 19 1397
17 20 842
17 21 812
17 22 1410
17 23 1437
17 24 1402
17 25 726
17 26 664
17 27 803
17 28 735
17 29 1003
17 30 764
17 31 408
17 32 1480
17 33 1769
17 34 928
17 35 681
17 36 1721
17 37 880
17 38 633
17 39 1673
17 40 832
17 41 585
17 42 1625
17 43 784
17 44 537
17 45 1577
17 46 736
17 47 489
17 48 1529
17 49 688
17 50 441
17 51 1481
17 52 640
17 53 393
17 54 1433
17 55 592
17 56 345
17 57 1385
17 58 544
17 59 297
17 60 1433
17 61 592
17 62 345
17 63 1481
17 64 640
17 65 393
17 66 1529
17 67 688
17 68 441
17 69 1889
18 0 352
18 1 1033
18 2 1033
18 3 807
18 4 973
18 5 849
18 6 1247
18 7 902
18 8 843
18 9 751
18 10 1204
18 11 1338
18 12 859
18 13 1592
18 14 1003
18 15 1824
18 16 798
18 17 1537
18 18 0
18 19 604
18 20 1289
18 21 877
18 22 591
18 23 564
18 24 599
18 25 1405
18 26 1467
18 27 1252
18 28 1396
18 29 1128
18 30 925
18 31 1819
18 32 521
18 33 232
18 34 609
18 35 1450
18 36 280
18 37 657
18 38 1498
18 39 328
18 40 705
18 41 1546
18 42 376
18 43 753
18 44 1594
18 45 424
18 46 801
18 47 1642
18 48 472
18 49 849
18 50 1690
18 51 520
18 52 897
18 53 1738
18 54 568
18 55 945
18 56 1786
18 57 616
18 58 993
18 59 1834
18 60 664
18 61 1041
18 62 1882
18 63 712
18 64 1089
18 65 1930
18 66 760
18 67 1137
18 68 1978
18 69 352
19 0 492
19 1 893
19 2 429
19 3 859
19 4 833
19 5 605
19 6 1003
19 7 1050
19 8 599
19 9 603
19 10 960
19 11 1198
19 12 911
19 13 1452
19 14 863
19 15 1684
19 16 946
19 17 1397
19 18 604
19 19 0
19 20 1149
19 21 737
19 22 13
19 23 608
19 24 547
19 25 1457
19 26 1327
19 27 1112
19 28 1544
19 29 1084
19 30 785
19 31 1679
19 32 469
19 33 372
19 34 853
19 35 1694
19 36 324
19 37 805
19 38 1646
19 39 276
19 40 757
19 41 1598
19 42 228
19 43 709
19 44 1550
19 45 180
19 46 661
19 47 1502
19 48 228
19 49 709
19 50 1550
19 51 276
19 52 757
19 53 1598
19 54 324
19 55 805
19 56 1646
19 57 372
19 58 853
19 59 1694
19 60 420
19 61 901
19 62 1742
19 63 468
19 64 949
19 65 1790
19 66 516
19 67 997
19 68 1838
19 69 492
20 0 1641
20 1 720
20 2 720
20 3 686
20 4 564
20 5 1480
20 6 890
20 7 877
20 8 1006
20 9 1002
20 10 1029
20 11 929
20 12 738
20 13 499
20 14 594
20 15 843
20 16 773
20 17 842
20 18 1289
20 19 1149
20 20 0
20 21 564
20 22 1162
20 23 1189
20 24 1154
20 25 686
20 26 720
20 27 843
20 28 695
20 29 911
20 30 364
20 31 656
20 32 1232
20 33 1521
20 34 680
20 35 641
20 36 1473
20 37 632
20 38 593
20 39 1425
20 40 584
20 41 545
20 42 1377
20 43 536
20 44 497
20 45 1329
20 46 488
20 47 449
20 48 1281
20 49 440
20 50 401
20 51 1329
20 52 488
20 53 449
20 54 1377
20 55 536
20 56 497
20 57 1425
20 58 584
20 59 545
20 60 1473
20 61 632
20 62 593
20 63 1521
20 64 680
20 65 641
20 66 1569
20 67 728
20 68 689
20 69 1641
21 0 1229
21 1 156
21 2 308
21 3 274
21 4 248
21 5 1164
21 6 574
21 7 465
21 8 690
21 9 590
21 10 713
21 11 613
21 12 326
21 13 715
21 14 278
21 15 1099
21 16 361
21 17 812
21 18 877
21 19 737
21 20 564
21 21 0
21 22 750
21 23 777
21 24 742
21 25 872
21 26 742
21 27 527
21 28 959
21 29 499
21 30 200
21 31 1068
21 32 820
21 33 1109
21 34 268
21 35 957
21 36 1061
21 37 220
21 38 909
21 39 1013
21 40 172
21 41 861
21 42 965
21 43 124
21 44 813
21 45 917
21 46 76
21 47 765
21 48 965
21 49 124
21 50 813
21 51 1013
21 52 172
21 53 861
21 54 1061
21 55 220
21 56 909
21 57 1109
21 58 268
21 59 957
21 60 1157
21 61 316
21 62 1005
21 63 1205
21 64 364
21 65 1053
21 66 1253
21 67 412
21 68 1101
21 69 1229
22 0 479
22 1 906
22 2 442
22 3 872
22 4 846
22 5 592
22 6 990
22 7 1063
22 8 586
22 9 590
22 10 947
22 11 1211
22 12 924
22 13 1465
22 14 876
22 15 1697
22 16 959
22 17 1410
22 18 591
22 19 13
22 20 1162
22 21 750
22 22 0
22 23 595
22 24 534
22 25 1470
22 26 1340
22 27 1125
22 28 1557
22 29 1097
22 30 798
22 31 1692
22 32 456
22 33 359
22 34 866
22 35 1707
22 36 311
22 37 818
22 38 1659
22 39 263
22 40 770
22 41 1611
22 42 215
22 43 722
22 44 1563
22 45 167
22 46 674
22 47 1515
22 48 215
22 49 722
22 50 1563
22 51 263
22 52 770
22 53 1611
22 54 311
22 55 818
22 56 1659
22 57 359
22 58 866
22 59 1707
22 60 407
22 61 914
22 62 1755
22 63 455
22 64 962
22 65 1803
22 66 503
22 67 1010
22 68 1851
22 69 479
23 0 452
23 1 933
23 2 933
23 3 707
23 4 873
23 5 853
23 6 1199
23 7 802
23 8 847
23 9 755
23 10 1208
23 11 1238
23 12 759
23 13 1492
23 14 903
23 15 1724
23 16 416
23 17 1437
23 18 564
23 19 608
23 20 1189
23 21 777
23 22 595
23 23 0
23 24 603
23 25 1305
23 26 1367
23 27 1152
23 28 1296
23 29 1028
23 30 825
23 31 1719
23 32 525
23 33 332
23 34 605
23 35 1446
23 36 284
23 37 557
23 38 1398
23 39 332
23 40 605
23 41 1446
23 42 380
23 43 653
23 44 1494
23 45 428
23 46 701
23 47 1542
23 48 476
23 49 749
23 50 1590
23 51 524
23 52 797
23 53 1638
23 54 572
23 55 845
23 56 1686
23 57 620
23 58 893
23 59 1734
23 60 668
23 61 941
23 62 1782
23 63 716
23 64 989
23 65 1830
23 66 764
23 67 1037
23 68 1878
23 69 452
24 0 487
24 1 898
24 2 898
24 3 468
24 4 838
24 5 792
24 6 1164
24 7 863
24 8 786
24 9 694
24 10 1147
24 11 1203
24 12 416
24 13 1457
24 14 868
24 15 1689
24 16 759
24 17 1402
24 18 599
24 19 547
24 20 1154
24 21 742
24 22 534
24 23 603
24 24 0
24 25 1270
24 26 1332
24 27 1117
24 28 1357
24 29 993
24 30 790
24 31 1684
24 32 78
24 33 367
24 34 666
24 35 1507
24 36 319
24 37 618
24 38 1459
24 39 271
24 40 570
24 41 1411
24 42 319
24 43 618
24 44 1459
24 45 367
24 46 666
24 47 1507
24 48 415
24 49 714
24 50 1555
24 51 463
24 52 762
24 53 1603
24 54 511
24 55 810
24 56 1651
24 57 559
24 58 858
24 59 1699
24 60 607
24 61 906
24 62 1747
24 63 655
24 64 954
24 65 1795
24 66 703
24 67 1002
24 68 1843
24 69 487
25 0 1757
25 1 846
25 2 1028
25 3 802
25 4 968
25 5 1884
25 6 1294
25 7 785
25 8 1410
25 9 1214
25 10 1433
25 11 1021
25 12 854
25 13 287
25 14 998
25 15 727
25 16 889
25 17 726
25 18 1405
25 19 1457
25 20 686
25 21 872
25 22 1470
25 23 1305
25 24 1270
25 25 0
25 26 604
25 27 1247
25 28 291
25 29 655
25 30 920
25 31 540
25 32 1348
25 33 1637
25 34 796
25 35 237
25 36 1589
25 37 748
25 38 189
25 39 1541
25 40 700
25 41 141
25 42 1589
25 43 748
25 44 189
25 45 1637
25 46 796
25 47 237
25 48 1685
25 49 844
25 50 285
25 51 1733
25 52 892
25 53 333
25 54 1781
25 55 940
25 56 381
25 57 1829
25 58 988
25 59 429
25 60 1877
25 61 1036
25 62 477
25 63 1925
25 64 1084
25 65 525
25 66 1973
25 67 1132
25 68 573
25 69 1757
26 0 1819
26 1 898
26 2 898
26 3 864
26 4 494
26 5 1562
26 6 972
26 7 1055
26 8 1088
26 9 1180
26 10 1111
26 11 959
26 12 916
26 13 417
26 14 772
26 15 665
26 16 951
26 17 664
26 18 1467
26 19 1327
26 20 720
26 21 742
26 22 1340
26 23 1367
26 24 1332
26 25 604
26 26 0
26 27 925
26 28 613
26 29 881
26 30 694
26 31 478
26 32 1410
26 33 1699
26 34 858
26 35 559
26 36 1651
26 37 810
26 38 511
26 39 1603
26 40 762
26 41 463
26 42 1555
26 43 714
26 44 415
26 45 1507
26 46 666
26 47 367
26 48 1459
26 49 618
26 50 319
26 51 1411
26 52 570
26 53 271
26 54 1459
26 55 618
26 56 319
26 57 1507
26 58 666
26 59 367
26 60 1555
26 61 714
26 62 415
26 63 1603
26 64 762
26 65 463
26 66 1651
26 67 810
26 68 511
26 69 1819
27 0 1604
27 1 683
27 2 683
27 3 649
27 4 431
27 5 867
27 6 469
27 7 840
27 8 873
27 9 965
27 10 512
27 11 508
27 12 701
27 13 1112
27 14 557
27 15 572
27 16 736
27 17 803
27 18 1252
27 19 1112
27 20 843
27 21 527
27 22 1125
27 23 1152
27 24 1117
27 25 1247
27 26 925
27 27 0
27 28 1308
27 29 874
27 30 479
27 31 885
27 32 1195
27 33 1484
27 34 643
27 35 1254
27 36 1436
27 37 595
27 38 1206
27 39 1388
27 40 547
27 41 1158
27 42 1340
27 43 499
27 44 1110
27 45 1292
27 46 451
27 47 1062
27 48 1244
27 49 403
27 50 1014
27 51 1196
27 52 355
27 53 966
27 54 1148
27 55 307
27 56 918
27 57 1100
27 58 259
27 59 870
27 60 1052
27 61 211
27 62 822
27 63 1004
27 64 163
27 65 774
27 66 956
27 67 115
27 68 726
27 69 1604
28 0 1748
28 1 855
28 2 1115
28 3 889
28 4 1055
28 5 1971
28 6 1381
28 7 494
28 8 1497
28 9 1301
28 10 1520
28 11 1030
28 12 941
28 13 296
28 14 1085
28 15 736
28 16 880
28 17 735
28 18 1396
28 19 1544
28 20 695
28 21 959
28 22 1557
28 23 1296
28 24 1357
28 25 291
28 26 613
28 27 1308
28 28 0
28 29 664
28 30 1007
28 31 549
28 32 1435
28 33 1628
28 34 787
28 35 150
28 36 1580
28 37 739
28 38 102
28 39 1628
28 40 787
28 41 150
28 42 1676
28 43 835
28 44 198
28 45 1724
28 46 883
28 47 246
28 48 1772
28 49 931
28 50 294
28 51 1820
28 52 979
28 53 342
28 54 1868
28 55 1027
28 56 390
28 57 1916
28 58 1075
28 59 438
28 60 1964
28 61 1123
28 62 486
28 63 2012
28 64 1171
28 65 534
28 66 2060
28 67 1219
28 68 582
28 69 1748
29 0 1480
29 1 655
29 2 655
29 3 525
29 4 595
29 5 1511
29 6 921
29 7 716
29 8 1037
29 9 841
29 10 1060
29 11 960
29 12 577
29 13 564
29 14 625
29 15 1004
29 16 612
29 17 1003
29 18 1128
29 19 1084
29 20 911
29 21 499
29 22 1097
29 23 1028
29 24 993
29 25 655
29 26 881
29 27 874
29 28 664
29 29 0
29 30 547
29 31 817
29 32 1071
29 33 1360
29 34 519
29 35 610
29 36 1312
29 37 471
29 38 562
29 39 1264
29 40 423
29 41 514
29 42 1216
29 43 375
29 44 466
29 45 1264
29 46 423
29 47 514
29 48 1312
29 49 471
29 50 562
29 51 1360
29 52 519
29 53 610
29 54 1408
29 55 567
29 56 658
29 57 1456
29 58 615
29 59 706
29 60 1504
29 61 663
29 62 754
29 63 1552
29 64 711
29 65 802
29 66 1600
29 67 759
29 68 850
29 69 1480
30 0 1277
30 1 356
30 2 356
30 3 322
30 4 200
30 5 1116
30 6 526
30 7 513
30 8 642
30 9 638
30 10 665
30 11 565
30 12 374
30 13 863
30 14 230
30 15 1051
30 16 409
30 17 764
30 18 925
30 19 785
30 20 364
30 21 200
30 22 798
30 23 825
30 24 790
30 25 920
30 26 694
30 27 479
30 28 1007
30 29 547
30 30 0
30 31 1020
30 32 868
30 33 1157
30 34 316
30 35 1005
30 36 1109
30 37 268
30 38 957
30 39 1061
30 40 220
30 41 909
30 42 1013
30 43 172
30 44 861
30 45 965
30 46 124
30 47 813
30 48 917
30 49 76
30 50 765
30 51 965
30 52 124
30 53 813
30 54 1013
30 55 172
30 56 861
30 57 1061
30 58 220
30 59 909
30 60 1109
30 61 268
30 62 957
30 63 1157
30 64 316
30 65 1005
30 66 1205
30 67 364
30 68 1053
30 69 1277
31 0 2171
31 1 912
31 2 1250
31 3 1216
31 4 972
31 5 1626
31 6 1036
31 7 1043
31 8 1440
31 9 1532
31 10 1175
31 11 481
31 12 1268
31 13 353
31 14 1124
31 15 313
31 16 1303
31 17 408
31 18 1819
31 19 1679
31 20 656
31 21 1068
31 22 1692
31 23 1719
31 24 1684
31 25 540
31 26 478
31 27 885
31 28 549
31 29 817
31 30 1020
31 31 0
31 32 1762
31 33 2051
31 34 1210
31 35 495
31 36 2003
31 37 1162
31 38 447
31 39 1955
31 40 1114
31 41 399
31 42 1907
31 43 1066
31 44 351
31 45 1859
31 46 1018
31 47 303
31 48 1811
31 49 970
31 50 255
31 51 1763
31 52 922
31 53 207
31 54 1715
31 55 874
31 56 159
31 57 1667
31 58 826
31 59 111
31 60 1619
31 61 778
31 62 63
31 63 1667
31 64 826
31 65 111
31 66 1715
31 67 874
31 68 159
31 69 2171
32 0 409
32 1 976
32 2 898
32 3 546
32 4 916
32 5 714
32 6 1112
32 7 941
32 8 708
32 9 616
32 10 1069
32 11 1281
32 12 494
32 13 1535
32 14 946
32 15 1767
32 16 837
32 17 1480
32 18 521
32 19 469
32 20 1232
32 21 820
32 22 456
32 23 525
32 24 78
32 25 1348
32 26 1410
32 27 1195
32 28 1435
32 29 1071
32 30 868
32 31 1762
32 32 0
32 33 289
32 34 744
32 35 1585
32 36 241
32 37 696
32 38 1537
32 39 193
32 40 648
32 41 1489
32 42 241
32 43 696
32 44 1537
32 45 289
32 46 744
32 47 1585
32 48 337
32 49 792
32 50 1633
32 51 385
32 52 840
32 53 1681
32 54 433
32 55 888
32 56 1729
32 57 481
32 58 936
32 59 1777
32 60 529
32 61 984
32 62 1825
32 63 577
32 64 1032
32 65 1873
32 66 625
32 67 1080
32 68 1921
32 69 409
33 0 120
33 1 1265
33 2 801
33 3 835
33 4 1205
33 5 617
33 6 1015
33 7 1134
33 8 611
33 9 519
33 10 972
33 11 1570
33 12 783
33 13 1824
33 14 927
33 15 2056
33 16 748
33 17 1769
33 18 232
33 19 372
33 20 1521
33 21 1109
33 22 359
33 23 332
33 24 367
33 25 1637
33 26 1699
33 27 1484
33 28 1628
33 29 1360
33 30 1157
33 31 2051
33 32 289
33 33 0
33 34 841
33 35 1682
33 36 48
33 37 889
33 38 1730
33 39 96
33 40 937
33 41 1778
33 42 144
33 43 985
33 44 1826
33 45 192
33 46 1033
33 47 1874
33 48 240
33 49 1081
33 50 1922
33 51 288
33 52 1129
33 53 1970
33 54 336
33 55 1177
33 56 2018
33 57 384
33 58 1225
33 59 2066
33 60 432
33 61 1273
33 62 2114
33 63 480
33 64 1321
33 65 2162
33 66 528
33 67 1369
33 68 2210
33 69 120
34 0 961
34 1 424
34 2 424
34 3 198
34 4 364
34 5 1280
34 6 690
34 7 293
34 8 806
34 9 610
34 10 829
34 11 729
34 12 250
34 13 983
34 14 394
34 15 1215
34 16 189
34 17 928
34 18 609
34 19 853
34 20 680
34 21 268
34 22 866
34 23 605
34 24 666
34 25 796
34 26 858
34 27 643
34 28 787
34 29 519
34 30 316
34 31 1210
34 32 744
34 33 841
34 34 0
34 35 841
34 36 889
34 37 48
34 38 889
34 39 937
34 40 96
34 41 937
34 42 985
34 43 144
34 44 985
34 45 1033
34 46 192
34 47 1033
34 48 1081
34 49 240
34 50 1081
34 51 1129
34 52 288
34 53 1129
34 54 1177
34 55 336
34 56 1177
34 57 1225
34 58 384
34 59 1225
34 60 1273
34 61 432
34 62 1273
34 63 1321
34 64 480
34 65 1321
34 66 1369
34 67 528
34 68 1369
34 69 961
35 0 1802
35 1 801
35 2 1265
35 3 1039
35 4 1053
35 5 2121
35 6 1531
35 7 644
35 8 1647
35 9 1451
35 10 1670
35 11 976
35 12 1091
35 13 242
35 14 1235
35 15 682
35 16 1030
35 17 681
35 18 1450
35 19 1694
35 20 641
35 21 957
35 22 1707
35 23 1446
35 24 1507
35 25 237
35 26 559
35 27 1254
35 28 150
35 29 610
35 30 1005
35 31 495
35 32 1585
35 33 1682
35 34 841
35 35 0
35 36 1730
35 37 889
35 38 48
35 39 1778
35 40 937
35 41 96
35 42 1826
35 43 985
35 44 144
35 45 1874
35 46 1033
35 47 192
35 48 1922
35 49 1081
35 50 240
35 51 1970
35 52 1129
35 53 288
35 54 2018
35 55 1177
35 56 336
35 57 2066
35 58 1225
35 59 384
35 60 2114
35 61 1273
35 62 432
35 63 2162
35 64 1321
35 65 480
35 66 2210
35 67 1369
35 68 528
35 69 1802
36 0 168
36 1 1217
36 2 753
36 3 787
36 4 1157
36 5 569
36 6 967
36 7 1086
36 8 563
36 9 471
36 10 924
36 11 1522
36 12 735
36 13 1776
36 14 879
36 15 2008
36 16 700
36 17 1721
36 18 280
36 19 324
36 20 1473
36 21 1061
36 22 311
36 23 284
36 24 319
36 25 1589
36 26 1651
36 27 1436
36 28 1580
36 29 1312
36 30 1109
36 31 2003
36 32 241
36 33 48
36 34 889
36 35 1730
36 36 0
36 37 841
36 38 1682
36 39 48
36 40 889
36 41 1730
36 42 96
36 43 937
36 44 1778
36 45 144
36 46 985
36 47 1826
36 48 192
36 49 1033
36 50 1874
36 51 240
36 52 1081
36 53 1922
36 54 288
36 55 1129
36 56 1970
36 57 336
36 58 1177
36 59 2018
36 60 384
36 61 1225
36 62 2066
36 63 432
36 64 1273
36 65 2114
36 66 480
36 67 1321
36 68 2162
36 69 168
37 0 1009
37 1 376
37 2 376
37 3 150
37 4 316
37 5 1232
37 6 642
37 7 245
37 8 758
37 9 562
37 10 781
37 11 681
37 12 202
37 13 935
37 14 346
37 15 1167
37 16 141
37 17 880
37 18 657
37 19 805
37 20 632
37 21 220
37 22 818
37 23 557
37 24 618
37 25 748
37 26 810
37 27 595
37 28 739
37 29 471
37 30 268
37 31 1162
37 32 696
37 33 889
37 34 48
37 35 889
37 36 841
37 37 0
37 38 841
37 39 889
37 40 48
37 41 889
37 42 937
37 43 96
37 44 937
37 45 985
37 46 144
37 47 985
37 48 1033
37 49 192
37 50 1033
37 51 1081
37 52 240
37 53 1081
37 54 1129
37 55 288
37 56 1129
37 57 1177
37 58 336
37 59 1177
37 60 1225
37 61 384
37 62 1225
37 63 1273
37 64 432
37 65 1273
37 66 1321
37 67 480
37 68 1321
37 69 1009
38 0 1850
38 1 753
38 2 1217
38 3 991
38 4 1005
38 5 2073
38 6 1483
38 7 596
38 8 1599
38 9 1403
38 10 1622
38 11 928
38 12 1043
38 13 194
38 14 1187
38 15 634
38 16 982
38 17 633
38 18 1498
38 19 1646
38 20 593
38 21 909
38 22 1659
38 23 1398
38 24 1459
38 25 189
38 26 511
38 27 1206
38 28 102
38 29 562
38 30 957
38 31 447
38 32 1537
38 33 1730
38 34 889
38 35 48
38 36 1682
38 37 841
38 38 0
38 39 1730
38 40 889
38 41 48
38 42 1778
38 43 937
38 44 96
38 45 1826
38 46 985
38 47 144
38 48 1874
38 49 1033
38 50 192
38 51 1922
38 52 1081
38 53 240
38 54 1970
38 55 1129
38 56 288
38 57 2018
38 58 1177
38 59 336
38 60 2066
38 61 1225
38 62 384
38 63 2114
38 64 1273
38 65 432
38 66 2162
38 67 1321
38 68 480
38 69 1850
39 0 216
39 1 1169
39 2 705
39 3 739
39 4 1109
39 5 521
39 6 919
39 7 1134
39 8 515
39 9 423
39 10 876
39 11 1474
39 12 687
39 13 1728
39 14 831
39 15 1960
39 16 748
39 17 1673
39 18 328
39 19 276
39 20 1425
39 21 1013
39 22 263
39 23 332
39 24 271
39 25 1541
39 26 1603
39 27 1388
39 28 1628
39 29 1264
39 30 1061
39 31 1955
39 32 193
39 33 96
39 34 937
39 35 1778
39 36 48
39 37 889
39 38 1730
39 39 0
39 40 841
39 41 1682
39 42 48
39 43 889
39 44 1730
39 45 96
39 46 937
39 47 1778
39 48 144
39 49 985
39 50 1826
39 51 192
39 52 1033
39 53 1874
39 54 240
39 55 1081
39 56 1922
39 57 288
39 58 1129
39 59 1970
39 60 336
39 61 1177
39 62 2018
39 63 384
39 64 1225
39 65 2066
39 66 432
39 67 1273
39 68 2114
39 69 216
40 0 1057
40 1 328
40 2 328
40 3 102
40 4 268
40 5 1184
40 6 594
40 7 293
40 8 710
40 9 514
40 10 733
40 11 633
40 12 154
40 13 887
40 14 298
40 15 1119
40 16 189
40 17 832
40 18 705
40 19 757
40 20 584
40 21 172
40 22 770
40 23 605
40 24 570
40 25 700
40 26 762
40 27 547
40 28 787
40 29 423
40 30 220
40 31 1114
40 32 648
40 33 937
40 34 96
40 35 937
40 36 889
40 37 48
40 38 889
40 39 841
40 40 0
40 41 841
40 42 889
40 43 48
40 44 889
40 45 937
40 46 96
40 47 937
40 48 985
40 49 144
40 50 985
40 51 1033
40 52 192
40 53 1033
40 54 1081
40 55 240
40 56 1081
40 57 1129
40 58 288
40 59 1129
40 60 1177
40 61 336
40 62 1177
40 63 1225
40 64 384
40 65 1225
40 66 1273
40 67 432
40 68 1273
40 69 1057
41 0 1898
41 1 705
41 2 1169
41 3 943
41 4 957
41 5 2025
41 6 1435
41 7 644
41 8 1551
41 9 1355
41 10 1574
41 11 880
41 12 995
41 13 146
41 14 1139
41 15 586
41 16 1030
41 17 585
41 18 1546
41 19 1598
41 20 545
41 21 861
41 22 1611
41 23 1446
41 24 1411
41 25 141
41 26 463
41 27 1158
41 28 150
41 29 514
41 30 909
41 31 399
41 32 1489
41 33 1778
41 34 937
41 35 96
41 36 1730
41 37 889
41 38 48
41 39 1682
41 40 841
41 41 0
41 42 1730
41 43 889
41 44 48
41 45 1778
41 46 937
41 47 96
41 48 1826
41 49 985
41 50 144
41 51 1874
41 52 1033
41 53 192
41 54 1922
41 55 1081
41 56 240
41 57 1970
41 58 1129
41 59 288
41 60 2018
41 61 1177
41 62 336
41 63 2066
41 64 1225
41 65 384
41 66 2114
41 67 1273
41 68 432
41 69 1898
42 0 264
42 1 1121
42 2 657
42 3 787
42 4 1061
42 5 473
42 6 871
42 7 1182
42 8 467
42 9 375
42 10 828
42 11 1426
42 12 735
42 13 1680
42 14 783
42 15 1912
42 16 796
42 17 1625
42 18 376
42 19 228
42 20 1377
42 21 965
42 22 215
42 23 380
42 24 319
42 25 1589
42 26 1555
42 27 1340
42 28 1676
42 29 1216
42 30 1013
42 31 1907
42 32 241
42 33 144
42 34 985
42 35 1826
42 36 96
42 37 937
42 38 1778
42 39 48
42 40 889
42 41 1730
42 42 0
42 43 841
42 44 1682
42 45 48
42 46 889
42 47 1730
42 48 96
42 49 937
42 50 1778
42 51 144
42 52 985
42 53 1826
42 54 192
42 55 1033
42 56 1874
42 57 240
42 58 1081
42 59 1922
42 60 288
42 61 1129
42 62 1970
42 63 336
42 64 1177
42 65 2018
42 66 384
42 67 1225
42 68 2066
42 69 264
43 0 1105
43 1 280
43 2 280
43 3 150
43 4 220
43 5 1136
43 6 546
43 7 341
43 8 662
43 9 466
43 10 685
43 11 585
43 12 202
43 13 839
43 14 250
43 15 1071
43 16 237
43 17 784
43 18 753
43 19 709
43 20 536
43 21 124
43 22 722
43 23 653
43 24 618
43 25 748
43 26 714
43 27 499
43 28 835
43 29 375
43 30 172
43 31 1066
43 32 696
43 33 985
43 34 144
43 35 985
43 36 937
43 37 96
43 38 937
43 39 889
43 40 48
43 41 889
43 42 841
43 43 0
43 44 841
43 45 889
43 46 48
43 47 889
43 48 937
43 49 96
43 50 937
43 51 985
43 52 144
43 53 985
43 54 1033
43 55 192
43 56 1033
43 57 1081
43 58 240
43 59 1081
43 60 1129
43 61 288
43 62 1129
43 63 1177
43 64 336
43 65 1177
43 66 1225
43 67 384
43 68 1225
43 69 1105
44 0 1946
44 1 657
44 2 1121
44 3 991
44 4 909
44 5 1977
44 6 1387
44 7 692
44 8 1503
44 9 1307
44 10 1526
44 11 832
44 12 1043
44 13 98
44 14 1091
44 15 538
44 16 1078
44 17 537
44 18 1594
44 19 1550
44 20 497
44 21 813
44 22 1563
44 23 1494
44 24 1459
44 25 189
44 26 415
44 27 1110
44 28 198
44 29 466
44 30 861
44 31 351
44 32 1537
44 33 1826
44 34 985
44 35 144
44 36 1778
44 37 937
44 38 96
44 39 1730
44 40 889
44 41 48
44 42 1682
44 43 841
44 44 0
44 45 1730
44 46 889
44 47 48
44 48 1778
44 49 937
44 50 96
44 51 1826
44 52 985
44 53 144
44 54 1874
44 55 1033
44 56 192
44 57 1922
44 58 1081
44 59 240
44 60 1970
44 61 1129
44 62 288
44 63 2018
44 64 1177
44 65 336
44 66 2066
44 67 1225
44 68 384
44 69 1946
45 0 312
45 1 1073
45 2 609
45 3 835
45 4 1013
45 5 425
45 6 823
45 7 1230
45 8 419
45 9 423
45 10 780
45 11 1378
45 12 783
45 13 1632
45 14 735
45 15 1864
45 16 844
45 17 1577
45 18 424
45 19 180
45 20 1329
45 21 917
45 22 167
45 23 428
45 24 367
45 25 1637
45 26 1507
45 27 1292
45 28 1724
45 29 1264
45 30 965
45 31 1859
45 32 289
45 33 192
45 34 1033
45 35 1874
45 36 144
45 37 985
45 38 1826
45 39 96
45 40 937
45 41 1778
45 42 48
45 43 889
45 44 1730
45 45 0
45 46 841
45 47 1682
45 48 48
45 49 889
45 50 1730
45 51 96
45 52 937
45 53 1778
45 54 144
45 55 985
45 56 1826
45 57 192
45 58 1033
45 59 1874
45 60 240
45 61 1081
45 62 1922
45 63 288
45 64 1129
45 65 1970
45 66 336
45 67 1177
45 68 2018
45 69 312
46 0 1153
46 1 232
46 2 232
46 3 198
46 4 172
46 5 1088
46 6 498
46 7 389
46 8 614
46 9 514
46 10 637
46 11 537
46 12 250
46 13 791
46 14 202
46 15 1023
46 16 285
46 17 736
46 18 801
46 19 661
46 20 488
46 21 76
46 22 674
46 23 701
46 24 666
46 25 796
46 26 666
46 27 451
46 28 883
46 29 423
46 30 124
46 31 1018
46 32 744
46 33 1033
46 34 192
46 35 1033
46 36 985
46 37 144
46 38 985
46 39 937
46 40 96
46 41 937
46 42 889
46 43 48
46 44 889
46 45 841
46 46 0
46 47 841
46 48 889
46 49 48
46 50 889
46 51 937
46 52 96
46 53 937
46 54 985
46 55 144
46 56 985
46 57 1033
46 58 192
46 59 1033
46 60 1081
46 61 240
46 62 1081
46 63 1129
46 64 288
46 65 1129
46 66 1177
46 67 336
46 68 1177
46 69 1153
47 0 1994
47 1 609
47 2 1073
47 3 1039
47 4 861
47 5 1929
47 6 1339
47 7 740
47 8 1455
47 9 1355
47 10 1478
47 11 784
47 12 1091
47 13 50
47 14 1043
47 15 490
47 16 1126
47 17 489
47 18 1642
47 19 1502
47 20 449
47 21 765
47 22 1515
47 23 1542
47 24 1507
47 25 237
47 26 367
47 27 1062
47 28 246
47 29 514
47 30 813
47 31 303
47 32 1585
47 33 1874
47 34 1033
47 35 192
47 36 1826
47 37 985
47 38 144
47 39 1778
47 40 937
47 41 96
47 42 1730
47 43 889
47 44 48
47 45 1682
47 46 841
47 47 0
47 48 1730
47 49 889
47 50 48
47 51 1778
47 52 937
47 53 96
47 54 1826
47 55 985
47 56 144
47 57 1874
47 58 1033
47 59 192
47 60 1922
47 61 1081
47 62 240
47 63 1970
47 64 1129
47 65 288
47 66 2018
47 67 1177
47 68 336
47 69 1994
48 0 360
48 1 1121
48 2 657
48 3 883
48 4 965
48 5 377
48 6 775
48 7 1278
48 8 371
48 9 471
48 10 732
48 11 1330
48 12 831
48 13 1680
48 14 687
48 15 1816
48 16 892
48 17 1529
48 18 472
48 19 228
48 20 1281
48 21 965
48 22 215
48 23 476
48 24 415
48 25 1685
48 26 1459
48 27 1244
48 28 1772
48 29 1312
48 30 917
48 31 1811
48 32 337
48 33 240
48 34 1081
48 35 1922
48 36 192
48 37 1033
48 38 1874
48 39 144
48 40 985
48 41 1826
48 42 96
48 43 937
48 44 1778
48 45 48
48 46 889
48 47 1730
48 48 0
48 49 841
48 50 1682
48 51 48
48 52 889
48 53 1730
48 54 96
48 55 937
48 56 1778
48 57 144
48 58 985
48 59 1826
48 60 192
48 61 1033
48 62 1874
48 63 240
48 64 1081
48 65 1922
48 66 288
48 67 1129
48 68 1970
48 69 360
49 0 1201
49 1 280
49 2 280
49 3 246
49 4 124
49 5 1040
49 6 450
49 7 437
49 8 566
49 9 562
49 10 589
49 11 489
49 12 298
49 13 839
49 14 154
49 15 975
49 16 333
49 17 688
49 18 849
49 19 709
49 20 440
49 21 124
49 22 722
49 23 749
49 24 714
49 25 844
49 26 618
49 27 403
49 28 931
49 29 471
49 30 76
49 31 970
49 32 792
49 33 1081
49 34 240
49 35 1081
49 36 1033
49 37 192
49 38 1033
49 39 985
49 40 144
49 41 985
49 42 937
49 43 96
49 44 937
49 45 889
49 46 48
49 47 889
49 48 841
49 49 0
49 50 841
49 51 889
49 52 48
49 53 889
49 54 937
49 55 96
49 56 937
49 57 985
49 58 144
49 59 985
49 60 1033
49 61 192
49 62 1033
49 63 1081
49 64 240
49 65 1081
49 66 1129
49 67 288
49 68 1129
49 69 1201
50 0 2042
50 1 657
50 2 1121
50 3 1087
50 4 813
50 5 1881
50 6 1291
50 7 788
50 8 1407
50 9 1403
50 10 1430
50 11 736
50 12 1139
50 13 98
50 14 995
50 15 442
50 16 1174
50 17 441
50 18 1690
50 19 1550
50 20 401
50 21 813
50 22 1563
50 23 1590
50 24 1555
50 25 285
50 26 319
50 27 1014
50 28 294
50 29 562
50 30 765
50 31 255
50 32 1633
50 33 1922
50 34 1081
50 35 240
50 36 1874
50 37 1033
50 38 192
50 39 1826
50 40 985
50 41 144
50 42 1778
50 43 937
50 44 96
50 45 1730
50 46 889
50 47 48
50 48 1682
50 49 841
50 50 0
50 51 1730
50 52 889
50 53 48
50 54 1778
50 55 937
50 56 96
50 57 1826
50 58 985
50 59 144
50 60 1874
50 61 1033
50 62 192
50 63 1922
50 64 1081
50 65 240
50 66 1970
50 67 1129
50 68 288
50 69 2042
51 0 408
51 1 1169
51 2 705
51 3 931
51 4 917
51 5 329
51 6 727
51 7 1326
51 8 323
51 9 519
51 10 684
51 11 1282
51 12 879
51 13 1728
51 14 735
51 15 1768
51 16 940
51 17 1481
51 18 520
51 19 276
51 20 1329
51 21 1013
51 22 263
51 23 524
51 24 463
51 25 1733
51 26 1411
51 27 1196
51 28 1820
51 29 1360
51 30 965
51 31 1763
51 32 385
51 33 288
51 34 1129
51 35 1970
51 36 240
51 37 1081
51 38 1922
51 39 192
51 40 1033
51 41 1874
51 42 144
51 43 985
51 44 1826
51 45 96
51 46 937
51 47 1778
51 48 48
51 49 889
51 50 1730
51 51 0
51 52 841
51 53 1682
51 54 48
51 55 889
51 56 1730
51 57 96
51 58 937
51 59 1778
51 60 144
51 61 985
51 62 1826
51 63 192
51 64 1033
51 65 1874
51 66 240
51 67 1081
51 68 1922
51 69 408
52 0 1249
52 1 328
52 2 328
52 3 294
52 4 76
52 5 992
52 6 402
52 7 485
52 8 518
52 9 610
52 10 541
52 11 441
52 12 346
52 13 887
52 14 202
52 15 927
52 16 381
52 17 640
52 18 897
52 19 757
52 20 488
52 21 172
52 22 770
52 23 797
52 24 762
52 25 892
52 26 570
52 27 355
52 28 979
52 29 519
52 30 124
52 31 922
52 32 840
52 33 1129
52 34 288
52 35 1129
52 36 1081
52 37 240
52 38 1081
52 39 1033
52 40 192
52 41 1033
52 42 985
52 43 144
52 44 985
52 45 937
52 46 96
52 47 937
52 48 889
52 49 48
52 50 889
52 51 841
52 52 0
52 53 841
52 54 889
52 55 48
52 56 889
52 57 937
52 58 96
52 59 937
52 60 985
52 61 144
52 62 985
52 63 1033
52 64 192
52 65 1033
52 66 1081
52 67 240
52 68 1081
52 69 1249
53 0 2090
53 1 705
53 2 1169
53 3 1135
53 4 765
53 5 1833
53 6 1243
53 7 836
53 8 1359
53 9 1451
53 10 1382
53 11 688
53 12 1187
53 13 146
53 14 1043
53 15 394
