//alpha
1
//NbLocations
72
//NbProducts
17
//NbPickers
2
//CapaPicker
8
//TimeToTravelOneDistanceUnit
3
//SetupTime
5400
//PickTime
300
//Products
//Idx Location Size
1 1 1
2 2 1
3 3 1
4 4 1
5 5 1
6 6 1
7 7 1
8 8 1
9 9 1
10 10 1
11 11 1
12 12 1
13 13 1
14 14 1
15 15 1
16 16 1
17 17 1
//Orders
//NbOrders
6
//Idx DueDate TardinessPenalty NbProdInOrder ProdIdx1 Qty1 ProdIdx2 Qty2 ...
1 36000 0 1 1 1
2 144000 0 1 2 1
3 108000 0 8 3 1 4 1 5 1 6 1 7 1 8 1 9 1 10 1
4 108000 0 2 11 1 12 1
5 90000 0 1 13 1
6 72000 0 4 14 1 15 1 16 1 17 1
//Graph (Products are vertices indexed from 1 to NbProducts)
//NbVerticesIntersections
54
//DepartingDepot
0
//ArrivalDepot
72
//Arcs
//Start End Distance
0 18 120
1 36 856
1 37 375
2 13 663
2 19 492
3 51 648
3 52 583
4 8 52
4 20 193
5 17 13
5 41 115
6 63 1181
6 64 50
7 16 832
7 19 37
8 4 52
8 16 117
9 15 312
9 22 466
10 22 492
10 23 739
11 34 271
11 35 960
12 37 63
12 38 1168
13 2 663
13 18 76
14 31 1142
14 32 89
15 9 312
15 21 453
16 7 832
16 8 117
17 5 13
17 40 1103
18 13 76
18 21 48
18 72 120
19 2 492
19 7 37
19 22 48
20 4 193
20 23 48
21 15 453
21 18 48
21 24 48
22 9 466
22 10 492
22 19 48
22 25 48
23 10 739
23 20 48
23 26 48
24 21 48
24 25 1231
24 27 48
25 22 48
25 24 1231
25 26 1231
25 28 48
26 23 48
26 25 1231
26 29 48
27 24 48
27 28 1231
27 30 48
28 25 48
28 27 1231
28 29 1231
28 31 48
29 26 48
29 28 1231
29 32 48
30 27 48
30 31 1231
30 33 48
31 14 1142
31 28 48
31 30 1231
31 34 48
32 14 89
32 29 48
32 35 48
33 30 48
33 34 1231
33 36 48
34 11 271
34 31 48
34 33 1231
34 37 48
35 11 960
35 32 48
35 38 48
36 1 856
36 33 48
36 39 48
37 1 375
37 12 63
37 34 48
37 40 48
38 12 1168
38 35 48
38 41 48
39 36 48
39 40 1231
39 42 48
40 17 1103
40 37 48
40 39 1231
40 43 48
41 5 115
41 38 48
41 44 48
42 39 48
42 43 1231
42 45 48
43 40 48
43 42 1231
43 44 1231
43 46 48
44 41 48
44 43 1231
44 47 48
45 42 48
45 46 1231
45 48 48
46 43 48
46 45 1231
46 47 1231
46 49 48
47 44 48
47 46 1231
47 50 48
48 45 48
48 49 1231
48 51 48
49 46 48
49 48 1231
49 50 1231
49 52 48
50 47 48
50 49 1231
50 53 48
51 3 648
51 48 48
51 54 48
52 3 583
52 49 48
52 53 1231
52 55 48
53 50 48
53 52 1231
53 56 48
54 51 48
54 55 1231
54 57 48
55 52 48
55 54 1231
55 56 1231
55 58 48
56 53 48
56 55 1231
56 59 48
57 54 48
57 58 1231
57 60 48
58 55 48
58 57 1231
58 59 1231
58 61 48
59 56 48
59 58 1231
59 62 48
60 57 48
60 61 1231
60 63 48
61 58 48
61 60 1231
61 62 1231
61 64 48
62 59 48
62 61 1231
62 65 48
63 6 1181
63 60 48
63 66 48
64 6 50
64 61 48
64 65 1231
64 67 48
65 62 48
65 64 1231
65 68 48
66 63 48
66 67 1231
66 69 48
67 64 48
67 66 1231
67 68 1231
67 70 48
68 65 48
68 67 1231
68 71 48
69 66 48
69 70 1231
70 67 48
70 69 1231
70 71 1231
71 68 48
71 70 1231
//LocStart LocEnd ShortestPath
0 0 0
0 1 1264
0 2 859
0 3 1296
0 4 2389
0 5 2803
0 6 2021
0 7 1388
0 8 2337
0 9 933
0 10 1891
0 11 1862
0 12 1702
0 13 196
0 14 2685
0 15 621
0 16 2220
0 17 2790
0 18 120
0 19 1351
0 20 2582
0 21 168
0 22 1399
0 23 2630
0 24 216
0 25 1447
0 26 2678
0 27 264
0 28 1495
0 29 2726
0 30 312
0 31 1543
0 32 2774
0 33 360
0 34 1591
0 35 2822
0 36 408
0 37 1639
0 38 2870
0 39 456
0 40 1687
0 41 2918
0 42 504
0 43 1735
0 44 2966
0 45 552
0 46 1783
0 47 3014
0 48 600
0 49 1831
0 50 3062
0 51 648
0 52 1879
0 53 3110
0 54 696
0 55 1927
0 56 3158
0 57 744
0 58 1975
0 59 3206
0 60 792
0 61 2023
0 62 3254
0 63 840
0 64 2071
0 65 3302
0 66 888
0 67 2119
0 68 3350
0 69 936
0 70 2167
0 71 3398
0 72 0
1 0 1264
1 1 0
1 2 1155
1 3 1198
1 4 1701
1 5 1539
1 6 857
1 7 700
1 8 1649
1 9 1081
1 10 1107
1 11 694
1 12 438
1 13 1220
1 14 1613
1 15 1393
1 16 1532
1 17 1526
1 18 1144
1 19 663
1 20 1894
1 21 1096
1 22 615
1 23 1846
1 24 1048
1 25 567
1 26 1798
1 27 1000
1 28 519
1 29 1750
1 30 952
1 31 471
1 32 1702
1 33 904
1 34 423
1 35 1654
1 36 856
1 37 375
1 38 1606
1 39 904
1 40 423
1 41 1654
1 42 952
1 43 471
1 44 1702
1 45 1000
1 46 519
1 47 1750
1 48 1048
1 49 567
1 50 1798
1 51 1096
1 52 615
1 53 1846
1 54 1144
1 55 663
1 56 1894
1 57 1192
1 58 711
1 59 1942
1 60 1240
1 61 759
1 62 1990
1 63 1288
1 64 807
1 65 2038
1 66 1336
1 67 855
1 68 2086
1 69 1384
1 70 903
1 71 2134
1 72 1264
2 0 859
2 1 1155
2 2 0
2 3 1603
2 4 1530
2 5 1944
2 6 1262
2 7 529
2 8 1478
2 9 1006
2 10 1032
2 11 1003
2 12 843
2 13 663
2 14 1826
2 15 1240
2 16 1361
2 17 1931
2 18 739
2 19 492
2 20 1723
2 21 787
2 22 540
2 23 1771
2 24 835
2 25 588
2 26 1819
2 27 883
2 28 636
2 29 1867
2 30 931
2 31 684
2 32 1915
2 33 979
2 34 732
2 35 1963
2 36 1027
2 37 780
2 38 2011
2 39 1075
2 40 828
2 41 2059
2 42 1123
2 43 876
2 44 2107
2 45 1171
2 46 924
2 47 2155
2 48 1219
2 49 972
2 50 2203
2 51 1267
2 52 1020
2 53 2251
2 54 1315
2 55 1068
2 56 2299
2 57 1363
2 58 1116
2 59 2347
2 60 1411
2 61 1164
2 62 2395
2 63 1459
2 64 1212
2 65 2443
2 66 1507
2 67 1260
2 68 2491
2 69 1555
2 70 1308
2 71 2539
2 72 859
3 0 1296
3 1 1198
3 2 1603
3 3 0
3 4 2149
3 5 1891
3 6 825
3 7 1148
3 8 2097
3 9 1529
3 10 1555
3 11 1142
3 12 886
3 13 1252
3 14 2061
3 15 1581
3 16 1980
3 17 1878
3 18 1176
3 19 1111
3 20 2342
3 21 1128
3 22 1063
3 23 2294
3 24 1080
3 25 1015
3 26 2246
3 27 1032
3 28 967
3 29 2198
3 30 984
3 31 919
3 32 2150
3 33 936
3 34 871
3 35 2102
3 36 888
3 37 823
3 38 2054
3 39 840
3 40 775
3 41 2006
3 42 792
3 43 727
3 44 1958
3 45 744
3 46 679
3 47 1910
3 48 696
3 49 631
3 50 1862
3 51 648
3 52 583
3 53 1814
3 54 696
3 55 631
3 56 1862
3 57 744
3 58 679
3 59 1910
3 60 792
3 61 727
3 62 1958
3 63 840
3 64 775
3 65 2006
3 66 888
3 67 823
3 68 2054
3 69 936
3 70 871
3 71 2102
3 72 1296
4 0 2389
4 1 1701
4 2 1530
4 3 2149
4 4 0
4 5 644
4 6 1808
4 7 1001
4 8 52
4 9 1552
4 10 980
4 11 1393
4 12 1389
4 13 2193
4 14 474
4 15 1864
4 16 169
4 17 657
4 18 2269
4 19 1038
4 20 193
4 21 2317
4 22 1086
4 23 241
4 24 2365
4 25 1134
4 26 289
4 27 2413
4 28 1182
4 29 337
4 30 2461
4 31 1230
4 32 385
4 33 2509
4 34 1278
4 35 433
4 36 2557
4 37 1326
4 38 481
4 39 2605
4 40 1374
4 41 529
4 42 2653
4 43 1422
4 44 577
4 45 2701
4 46 1470
4 47 625
4 48 2749
4 49 1518
4 50 673
4 51 2797
4 52 1566
4 53 721
4 54 2845
4 55 1614
4 56 769
4 57 2893
4 58 1662
4 59 817
4 60 2941
4 61 1710
4 62 865
4 63 2989
4 64 1758
4 65 913
4 66 3037
4 67 1806
4 68 961
4 69 3085
4 70 1854
4 71 1009
4 72 2389
5 0 2803
5 1 1539
5 2 1944
5 3 1891
5 4 644
5 5 0
5 6 1550
5 7 1489
5 8 696
5 9 1870
5 10 1142
5 11 1171
5 12 1227
5 13 2607
5 14 348
5 15 2182
5 16 813
5 17 13
5 18 2683
5 19 1452
5 20 451
5 21 2635
5 22 1404
5 23 403
5 24 2587
5 25 1356
5 26 355
5 27 2539
5 28 1308
5 29 307
5 30 2491
5 31 1260
5 32 259
5 33 2443
5 34 1212
5 35 211
5 36 2395
5 37 1164
5 38 163
5 39 2347
5 40 1116
5 41 115
5 42 2395
5 43 1164
5 44 163
5 45 2443
5 46 1212
5 47 211
5 48 2491
5 49 1260
5 50 259
5 51 2539
5 52 1308
5 53 307
5 54 2587
5 55 1356
5 56 355
5 57 2635
5 58 1404
5 59 403
5 60 2683
5 61 1452
5 62 451
5 63 2731
5 64 1500
5 65 499
5 66 2779
5 67 1548
5 68 547
5 69 2827
5 70 1596
5 71 595
5 72 2803
6 0 2021
6 1 857
6 2 1262
6 3 825
6 4 1808
6 5 1550
6 6 0
6 7 807
6 8 1756
6 9 1188
6 10 1214
6 11 801
6 12 545
6 13 1925
6 14 1720
6 15 1500
6 16 1639
6 17 1537
6 18 1901
6 19 770
6 20 2001
6 21 1853
6 22 722
6 23 1953
6 24 1805
6 25 674
6 26 1905
6 27 1757
6 28 626
6 29 1857
6 30 1709
6 31 578
6 32 1809
6 33 1661
6 34 530
6 35 1761
6 36 1613
6 37 482
6 38 1713
6 39 1565
6 40 434
6 41 1665
6 42 1517
6 43 386
6 44 1617
6 45 1469
6 46 338
6 47 1569
6 48 1421
6 49 290
6 50 1521
6 51 1373
6 52 242
6 53 1473
6 54 1325
6 55 194
6 56 1425
6 57 1277
6 58 146
6 59 1377
6 60 1229
6 61 98
6 62 1329
6 63 1181
6 64 50
6 65 1281
6 66 1229
6 67 98
6 68 1329
6 69 1277
6 70 146
6 71 1377
6 72 2021
7 0 1388
7 1 700
7 2 529
7 3 1148
7 4 1001
7 5 1489
7 6 807
7 7 0
7 8 949
7 9 551
7 10 577
7 11 548
7 12 388
7 13 1192
7 14 1371
7 15 863
7 16 832
7 17 1476
7 18 1268
7 19 37
7 20 1194
7 21 1316
7 22 85
7 23 1242
7 24 1364
7 25 133
7 26 1290
7 27 1412
7 28 181
7 29 1338
7 30 1460
7 31 229
7 32 1386
7 33 1508
7 34 277
7 35 1434
7 36 1556
7 37 325
7 38 1482
7 39 1604
7 40 373
7 41 1530
7 42 1652
7 43 421
7 44 1578
7 45 1700
7 46 469
7 47 1626
7 48 1748
7 49 517
7 50 1674
7 51 1796
7 52 565
7 53 1722
7 54 1844
7 55 613
7 56 1770
7 57 1892
7 58 661
7 59 1818
7 60 1940
7 61 709
7 62 1866
7 63 1988
7 64 757
7 65 1914
7 66 2036
7 67 805
7 68 1962
7 69 2084
7 70 853
7 71 2010
7 72 1388
8 0 2337
8 1 1649
8 2 1478
8 3 2097
8 4 52
8 5 696
8 6 1756
8 7 949
8 8 0
8 9 1500
8 10 1032
8 11 1445
8 12 1337
8 13 2141
8 14 526
8 15 1812
8 16 117
8 17 709
8 18 2217
8 19 986
8 20 245
8 21 2265
8 22 1034
8 23 293
8 24 2313
8 25 1082
8 26 341
8 27 2361
8 28 1130
8 29 389
8 30 2409
8 31 1178
8 32 437
8 33 2457
8 34 1226
8 35 485
8 36 2505
8 37 1274
8 38 533
8 39 2553
8 40 1322
8 41 581
8 42 2601
8 43 1370
8 44 629
8 45 2649
8 46 1418
8 47 677
8 48 2697
8 49 1466
8 50 725
8 51 2745
8 52 1514
8 53 773
8 54 2793
8 55 1562
8 56 821
8 57 2841
8 58 1610
8 59 869
8 60 2889
8 61 1658
8 62 917
8 63 2937
8 64 1706
8 65 965
8 66 2985
8 67 1754
8 68 1013
8 69 3033
8 70 1802
8 71 1061
8 72 2337
9 0 933
9 1 1081
9 2 1006
9 3 1529
9 4 1552
9 5 1870
9 6 1188
9 7 551
9 8 1500
9 9 0
9 10 958
9 11 929
9 12 769
9 13 889
9 14 1752
9 15 312
9 16 1383
9 17 1857
9 18 813
9 19 514
9 20 1745
9 21 765
9 22 466
9 23 1697
9 24 813
9 25 514
9 26 1745
9 27 861
9 28 562
9 29 1793
9 30 909
9 31 610
9 32 1841
9 33 957
9 34 658
9 35 1889
9 36 1005
9 37 706
9 38 1937
9 39 1053
9 40 754
9 41 1985
9 42 1101
9 43 802
9 44 2033
9 45 1149
9 46 850
9 47 2081
9 48 1197
9 49 898
9 50 2129
9 51 1245
9 52 946
9 53 2177
9 54 1293
9 55 994
9 56 2225
9 57 1341
9 58 1042
9 59 2273
9 60 1389
9 61 1090
9 62 2321
9 63 1437
9 64 1138
9 65 2369
9 66 1485
9 67 1186
9 68 2417
9 69 1533
9 70 1234
9 71 2465
9 72 933
10 0 1891
10 1 1107
10 2 1032
10 3 1555
10 4 980
10 5 1142
10 6 1214
10 7 577
10 8 1032
10 9 958
10 10 0
10 11 955
10 12 795
10 13 1695
10 14 972
10 15 1270
10 16 1149
10 17 1155
10 18 1771
10 19 540
10 20 787
10 21 1723
10 22 492
10 23 739
10 24 1771
10 25 540
10 26 787
10 27 1819
10 28 588
10 29 835
10 30 1867
10 31 636
10 32 883
10 33 1915
10 34 684
10 35 931
10 36 1963
10 37 732
10 38 979
10 39 2011
10 40 780
10 41 1027
10 42 2059
10 43 828
10 44 1075
10 45 2107
10 46 876
10 47 1123
10 48 2155
10 49 924
10 50 1171
10 51 2203
10 52 972
10 53 1219
10 54 2251
10 55 1020
10 56 1267
10 57 2299
10 58 1068
10 59 1315
10 60 2347
10 61 1116
10 62 1363
10 63 2395
10 64 1164
10 65 1411
10 66 2443
10 67 1212
10 68 1459
10 69 2491
10 70 1260
10 71 1507
10 72 1891
11 0 1862
11 1 694
11 2 1003
11 3 1142
11 4 1393
11 5 1171
11 6 801
11 7 548
11 8 1445
11 9 929
11 10 955
11 11 0
11 12 382
11 13 1666
11 14 1097
11 15 1241
11 16 1380
11 17 1184
11 18 1742
11 19 511
11 20 1200
11 21 1694
11 22 463
11 23 1152
11 24 1646
11 25 415
11 26 1104
11 27 1598
11 28 367
11 29 1056
11 30 1550
11 31 319
11 32 1008
11 33 1502
11 34 271
11 35 960
11 36 1550
11 37 319
11 38 1008
11 39 1598
11 40 367
11 41 1056
11 42 1646
11 43 415
11 44 1104
11 45 1694
11 46 463
11 47 1152
11 48 1742
11 49 511
11 50 1200
11 51 1790
11 52 559
11 53 1248
11 54 1838
11 55 607
11 56 1296
11 57 1886
11 58 655
11 59 1344
11 60 1934
11 61 703
11 62 1392
11 63 1982
11 64 751
11 65 1440
11 66 2030
11 67 799
11 68 1488
11 69 2078
11 70 847
11 71 1536
11 72 1862
12 0 1702
12 1 438
12 2 843
12 3 886
12 4 1389
12 5 1227
12 6 545
12 7 388
12 8 1337
12 9 769
12 10 795
12 11 382
12 12 0
12 13 1506
12 14 1301
12 15 1081
12 16 1220
12 17 1214
12 18 1582
12 19 351
12 20 1456
12 21 1534
12 22 303
12 23 1408
12 24 1486
12 25 255
12 26 1360
12 27 1438
12 28 207
12 29 1312
12 30 1390
12 31 159
12 32 1264
12 33 1342
12 34 111
12 35 1216
12 36 1294
12 37 63
12 38 1168
12 39 1342
12 40 111
12 41 1216
12 42 1390
12 43 159
12 44 1264
12 45 1438
12 46 207
12 47 1312
12 48 1486
12 49 255
12 50 1360
12 51 1534
12 52 303
12 53 1408
12 54 1582
12 55 351
12 56 1456
12 57 1630
12 58 399
12 59 1504
12 60 1678
12 61 447
12 62 1552
12 63 1726
12 64 495
12 65 1600
12 66 1774
12 67 543
12 68 1648
12 69 1822
12 70 591
12 71 1696
12 72 1702
13 0 196
13 1 1220
13 2 663
13 3 1252
13 4 2193
13 5 2607
13 6 1925
13 7 1192
13 8 2141
13 9 889
13 10 1695
13 11 1666
13 12 1506
13 13 0
13 14 2489
13 15 577
13 16 2024
13 17 2594
13 18 76
13 19 1155
13 20 2386
13 21 124
13 22 1203
13 23 2434
13 24 172
13 25 1251
13 26 2482
13 27 220
13 28 1299
13 29 2530
13 30 268
13 31 1347
13 32 2578
13 33 316
13 34 1395
13 35 2626
13 36 364
13 37 1443
13 38 2674
13 39 412
13 40 1491
13 41 2722
13 42 460
13 43 1539
13 44 2770
13 45 508
13 46 1587
13 47 2818
13 48 556
13 49 1635
13 50 2866
13 51 604
13 52 1683
13 53 2914
13 54 652
13 55 1731
13 56 2962
13 57 700
13 58 1779
13 59 3010
13 60 748
13 61 1827
13 62 3058
13 63 796
13 64 1875
13 65 3106
13 66 844
13 67 1923
13 68 3154
13 69 892
13 70 1971
13 71 3202
13 72 196
14 0 2685
14 1 1613
14 2 1826
14 3 2061
14 4 474
14 5 348
14 6 1720
14 7 1371
14 8 526
14 9 1752
14 10 972
14 11 1097
14 12 1301
14 13 2489
14 14 0
14 15 2064
14 16 643
14 17 361
14 18 2565
14 19 1334
14 20 281
14 21 2517
14 22 1286
14 23 233
14 24 2469
14 25 1238
14 26 185
14 27 2421
14 28 1190
14 29 137
14 30 2373
14 31 1142
14 32 89
14 33 2421
14 34 1190
14 35 137
14 36 2469
14 37 1238
14 38 185
14 39 2517
14 40 1286
14 41 233
14 42 2565
14 43 1334
14 44 281
14 45 2613
14 46 1382
14 47 329
14 48 2661
14 49 1430
14 50 377
14 51 2709
14 52 1478
14 53 425
14 54 2757
14 55 1526
14 56 473
14 57 2805
14 58 1574
14 59 521
14 60 2853
14 61 1622
14 62 569
14 63 2901
14 64 1670
14 65 617
14 66 2949
14 67 1718
14 68 665
14 69 2997
14 70 1766
14 71 713
14 72 2685
15 0 621
15 1 1393
15 2 1240
15 3 1581
15 4 1864
15 5 2182
15 6 1500
15 7 863
15 8 1812
15 9 312
15 10 1270
15 11 1241
15 12 1081
15 13 577
15 14 2064
15 15 0
15 16 1695
15 17 2169
15 18 501
15 19 826
15 20 2057
15 21 453
15 22 778
15 23 2009
15 24 501
15 25 826
15 26 2057
15 27 549
15 28 874
15 29 2105
15 30 597
15 31 922
15 32 2153
15 33 645
15 34 970
15 35 2201
15 36 693
15 37 1018
15 38 2249
15 39 741
15 40 1066
15 41 2297
15 42 789
15 43 1114
15 44 2345
15 45 837
15 46 1162
15 47 2393
15 48 885
15 49 1210
15 50 2441
15 51 933
15 52 1258
15 53 2489
15 54 981
15 55 1306
15 56 2537
15 57 1029
15 58 1354
15 59 2585
15 60 1077
15 61 1402
15 62 2633
15 63 1125
15 64 1450
15 65 2681
15 66 1173
15 67 1498
15 68 2729
15 69 1221
15 70 1546
15 71 2777
15 72 621
16 0 2220
16 1 1532
16 2 1361
16 3 1980
16 4 169
16 5 813
16 6 1639
16 7 832
16 8 117
16 9 1383
16 10 1149
16 11 1380
16 12 1220
16 13 2024
16 14 643
16 15 1695
16 16 0
16 17 826
16 18 2100
16 19 869
16 20 362
16 21 2148
16 22 917
16 23 410
16 24 2196
16 25 965
16 26 458
16 27 2244
16 28 1013
16 29 506
16 30 2292
16 31 1061
16 32 554
16 33 2340
16 34 1109
16 35 602
16 36 2388
16 37 1157
16 38 650
16 39 2436
16 40 1205
16 41 698
16 42 2484
16 43 1253
16 44 746
16 45 2532
16 46 1301
16 47 794
16 48 2580
16 49 1349
16 50 842
16 51 2628
16 52 1397
16 53 890
16 54 2676
16 55 1445
16 56 938
16 57 2724
16 58 1493
16 59 986
16 60 2772
16 61 1541
16 62 1034
16 63 2820
16 64 1589
16 65 1082
16 66 2868
16 67 1637
16 68 1130
16 69 2916
16 70 1685
16 71 1178
16 72 2220
17 0 2790
17 1 1526
17 2 1931
17 3 1878
17 4 657
17 5 13
17 6 1537
17 7 1476
17 8 709
17 9 1857
17 10 1155
17 11 1184
17 12 1214
17 13 2594
17 14 361
17 15 2169
17 16 826
17 17 0
17 18 2670
17 19 1439
17 20 464
17 21 2622
17 22 1391
17 23 416
17 24 2574
17 25 1343
17 26 368
17 27 2526
17 28 1295
17 29 320
17 30 2478
17 31 1247
17 32 272
17 33 2430
17 34 1199
17 35 224
17 36 2382
17 37 1151
17 38 176
17 39 2334
17 40 1103
17 41 128
17 42 2382
17 43 1151
17 44 176
17 45 2430
17 46 1199
17 47 224
17 48 2478
17 49 1247
17 50 272
17 51 2526
17 52 1295
17 53 320
17 54 2574
17 55 1343
17 56 368
17 57 2622
17 58 1391
17 59 416
17 60 2670
17 61 1439
17 62 464
17 63 2718
17 64 1487
17 65 512
17 66 2766
17 67 1535
17 68 560
17 69 2814
17 70 1583
17 71 608
17 72 2790
18 0 120
18 1 1144
18 2 739
18 3 1176
18 4 2269
18 5 2683
18 6 1901
18 7 1268
18 8 2217
18 9 813
18 10 1771
18 11 1742
18 12 1582
18 13 76
18 14 2565
18 15 501
18 16 2100
18 17 2670
18 18 0
18 19 1231
18 20 2462
18 21 48
18 22 1279
18 23 2510
18 24 96
18 25 1327
18 26 2558
18 27 144
18 28 1375
18 29 2606
18 30 192
18 31 1423
18 32 2654
18 33 240
18 34 1471
18 35 2702
18 36 288
18 37 1519
18 38 2750
18 39 336
18 40 1567
18 41 2798
18 42 384
18 43 1615
18 44 2846
18 45 432
18 46 1663
18 47 2894
18 48 480
18 49 1711
18 50 2942
18 51 528
18 52 1759
18 53 2990
18 54 576
18 55 1807
18 56 3038
18 57 624
18 58 1855
18 59 3086
18 60 672
18 61 1903
18 62 3134
18 63 720
18 64 1951
18 65 3182
18 66 768
18 67 1999
18 68 3230
18 69 816
18 70 2047
18 71 3278
18 72 120
19 0 1351
19 1 663
19 2 492
19 3 1111
19 4 1038
19 5 1452
19 6 770
19 7 37
19 8 986
19 9 514
19 10 540
19 11 511
19 12 351
19 13 1155
19 14 1334
19 15 826
19 16 869
19 17 1439
19 18 1231
19 19 0
19 20 1231
19 21 1279
19 22 48
19 23 1279
19 24 1327
19 25 96
19 26 1327
19 27 1375
19 28 144
19 29 1375
19 30 1423
19 31 192
19 32 1423
19 33 1471
19 34 240
19 35 1471
19 36 1519
19 37 288
19 38 1519
19 39 1567
19 40 336
19 41 1567
19 42 1615
19 43 384
19 44 1615
19 45 1663
19 46 432
19 47 1663
19 48 1711
19 49 480
19 50 1711
19 51 1759
19 52 528
19 53 1759
19 54 1807
19 55 576
19 56 1807
19 57 1855
19 58 624
19 59 1855
19 60 1903
19 61 672
19 62 1903
19 63 1951
19 64 720
19 65 1951
19 66 1999
19 67 768
19 68 1999
19 69 2047
19 70 816
19 71 2047
19 72 1351
20 0 2582
20 1 1894
20 2 1723
20 3 2342
20 4 193
20 5 451
20 6 2001
20 7 1194
20 8 245
20 9 1745
20 10 787
20 11 1200
20 12 1456
20 13 2386
20 14 281
20 15 2057
20 16 362
20 17 464
20 18 2462
20 19 1231
20 20 0
20 21 2510
20 22 1279
20 23 48
20 24 2558
20 25 1327
20 26 96
20 27 2606
20 28 1375
20 29 144
20 30 2654
20 31 1423
20 32 192
20 33 2702
20 34 1471
20 35 240
20 36 2750
20 37 1519
20 38 288
20 39 2798
20 40 1567
20 41 336
20 42 2846
20 43 1615
20 44 384
20 45 2894
20 46 1663
20 47 432
20 48 2942
20 49 1711
20 50 480
20 51 2990
20 52 1759
20 53 528
20 54 3038
20 55 1807
20 56 576
20 57 3086
20 58 1855
20 59 624
20 60 3134
20 61 1903
20 62 672
20 63 3182
20 64 1951
20 65 720
20 66 3230
20 67 1999
20 68 768
20 69 3278
20 70 2047
20 71 816
20 72 2582
21 0 168
21 1 1096
21 2 787
21 3 1128
21 4 2317
21 5 2635
21 6 1853
21 7 1316
21 8 2265
21 9 765
21 10 1723
21 11 1694
21 12 1534
21 13 124
21 14 2517
21 15 453
21 16 2148
21 17 2622
21 18 48
21 19 1279
21 20 2510
21 21 0
21 22 1231
21 23 2462
21 24 48
21 25 1279
21 26 2510
21 27 96
21 28 1327
21 29 2558
21 30 144
21 31 1375
21 32 2606
21 33 192
21 34 1423
21 35 2654
21 36 240
21 37 1471
21 38 2702
21 39 288
21 40 1519
21 41 2750
21 42 336
21 43 1567
21 44 2798
21 45 384
21 46 1615
21 47 2846
21 48 432
21 49 1663
21 50 2894
21 51 480
21 52 1711
21 53 2942
21 54 528
21 55 1759
21 56 2990
21 57 576
21 58 1807
21 59 3038
21 60 624
21 61 1855
21 62 3086
21 63 672
21 64 1903
21 65 3134
21 66 720
21 67 1951
21 68 3182
21 69 768
21 70 1999
21 71 3230
21 72 168
22 0 1399
22 1 615
22 2 540
22 3 1063
22 4 1086
22 5 1404
22 6 722
22 7 85
22 8 1034
22 9 466
22 10 492
22 11 463
22 12 303
22 13 1203
22 14 1286
22 15 778
22 16 917
22 17 1391
22 18 1279
22 19 48
22 20 1279
22 21 1231
22 22 0
22 23 1231
22 24 1279
22 25 48
22 26 1279
22 27 1327
22 28 96
22 29 1327
22 30 1375
22 31 144
22 32 1375
22 33 1423
22 34 192
22 35 1423
22 36 1471
22 37 240
22 38 1471
22 39 1519
22 40 288
22 41 1519
22 42 1567
22 43 336
22 44 1567
22 45 1615
22 46 384
22 47 1615
22 48 1663
22 49 432
22 50 1663
22 51 1711
22 52 480
22 53 1711
22 54 1759
22 55 528
22 56 1759
22 57 1807
22 58 576
22 59 1807
22 60 1855
22 61 624
22 62 1855
22 63 1903
22 64 672
22 65 1903
22 66 1951
22 67 720
22 68 1951
22 69 1999
22 70 768
22 71 1999
22 72 1399
23 0 2630
23 1 1846
23 2 1771
23 3 2294
23 4 241
23 5 403
23 6 1953
23 7 1242
23 8 293
23 9 1697
23 10 739
23 11 1152
23 12 1408
23 13 2434
23 14 233
23 15 2009
23 16 410
23 17 416
23 18 2510
23 19 1279
23 20 48
23 21 2462
23 22 1231
23 23 0
23 24 2510
23 25 1279
23 26 48
23 27 2558
23 28 1327
23 29 96
23 30 2606
23 31 1375
23 32 144
23 33 2654
23 34 1423
23 35 192
23 36 2702
23 37 1471
23 38 240
23 39 2750
23 40 1519
23 41 288
23 42 2798
23 43 1567
23 44 336
23 45 2846
23 46 1615
23 47 384
23 48 2894
23 49 1663
23 50 432
23 51 2942
23 52 1711
23 53 480
23 54 2990
23 55 1759
23 56 528
23 57 3038
23 58 1807
23 59 576
23 60 3086
23 61 1855
23 62 624
23 63 3134
23 64 1903
23 65 672
23 66 3182
23 67 1951
23 68 720
23 69 3230
23 70 1999
23 71 768
23 72 2630
24 0 216
24 1 1048
24 2 835
24 3 1080
24 4 2365
24 5 2587
24 6 1805
24 7 1364
24 8 2313
24 9 813
24 10 1771
24 11 1646
24 12 1486
24 13 172
24 14 2469
24 15 501
24 16 2196
24 17 2574
24 18 96
24 19 1327
24 20 2558
24 21 48
24 22 1279
24 23 2510
24 24 0
24 25 1231
24 26 2462
24 27 48
24 28 1279
24 29 2510
24 30 96
24 31 1327
24 32 2558
24 33 144
24 34 1375
24 35 2606
24 36 192
24 37 1423
24 38 2654
24 39 240
24 40 1471
24 41 2702
24 42 288
24 43 1519
24 44 2750
24 45 336
24 46 1567
24 47 2798
24 48 384
24 49 1615
24 50 2846
24 51 432
24 52 1663
24 53 2894
24 54 480
24 55 1711
24 56 2942
24 57 528
24 58 1759
24 59 2990
24 60 576
24 61 1807
24 62 3038
24 63 624
24 64 1855
24 65 3086
24 66 672
24 67 1903
24 68 3134
24 69 720
24 70 1951
24 71 3182
24 72 216
25 0 1447
25 1 567
25 2 588
25 3 1015
25 4 1134
25 5 1356
25 6 674
25 7 133
25 8 1082
25 9 514
25 10 540
25 11 415
25 12 255
25 13 1251
25 14 1238
25 15 826
25 16 965
25 17 1343
25 18 1327
25 19 96
25 20 1327
25 21 1279
25 22 48
25 23 1279
25 24 1231
25 25 0
25 26 1231
25 27 1279
25 28 48
25 29 1279
25 30 1327
25 31 96
25 32 1327
25 33 1375
25 34 144
25 35 1375
25 36 1423
25 37 192
25 38 1423
25 39 1471
25 40 240
25 41 1471
25 42 1519
25 43 288
25 44 1519
25 45 1567
25 46 336
25 47 1567
25 48 1615
25 49 384
25 50 1615
25 51 1663
25 52 432
25 53 1663
25 54 1711
25 55 480
25 56 1711
25 57 1759
25 58 528
25 59 1759
25 60 1807
25 61 576
25 62 1807
25 63 1855
25 64 624
25 65 1855
25 66 1903
25 67 672
25 68 1903
25 69 1951
25 70 720
25 71 1951
25 72 1447
26 0 2678
26 1 1798
26 2 1819
26 3 2246
26 4 289
26 5 355
26 6 1905
26 7 1290
26 8 341
26 9 1745
26 10 787
26 11 1104
26 12 1360
26 13 2482
26 14 185
26 15 2057
26 16 458
26 17 368
26 18 2558
26 19 1327
26 20 96
26 21 2510
26 22 1279
26 23 48
26 24 2462
26 25 1231
26 26 0
26 27 2510
26 28 1279
26 29 48
26 30 2558
26 31 1327
26 32 96
26 33 2606
26 34 1375
26 35 144
26 36 2654
26 37 1423
26 38 192
26 39 2702
26 40 1471
26 41 240
26 42 2750
26 43 1519
26 44 288
26 45 2798
26 46 1567
26 47 336
26 48 2846
26 49 1615
26 50 384
26 51 2894
26 52 1663
26 53 432
26 54 2942
26 55 1711
26 56 480
26 57 2990
26 58 1759
26 59 528
26 60 3038
26 61 1807
26 62 576
26 63 3086
26 64 1855
26 65 624
26 66 3134
26 67 1903
26 68 672
26 69 3182
26 70 1951
26 71 720
26 72 2678
27 0 264
27 1 1000
27 2 883
27 3 1032
27 4 2413
27 5 2539
27 6 1757
27 7 1412
27 8 2361
27 9 861
27 10 1819
27 11 1598
27 12 1438
27 13 220
27 14 2421
27 15 549
27 16 2244
27 17 2526
27 18 144
27 19 1375
27 20 2606
27 21 96
27 22 1327
27 23 2558
27 24 48
27 25 1279
27 26 2510
27 27 0
27 28 1231
27 29 2462
27 30 48
27 31 1279
27 32 2510
27 33 96
27 34 1327
27 35 2558
27 36 144
27 37 1375
27 38 2606
27 39 192
27 40 1423
27 41 2654
27 42 240
27 43 1471
27 44 2702
27 45 288
27 46 1519
27 47 2750
27 48 336
27 49 1567
27 50 2798
27 51 384
27 52 1615
27 53 2846
27 54 432
27 55 1663
27 56 2894
27 57 480
27 58 1711
27 59 2942
27 60 528
27 61 1759
27 62 2990
27 63 576
27 64 1807
27 65 3038
27 66 624
27 67 1855
27 68 3086
27 69 672
27 70 1903
27 71 3134
27 72 264
28 0 1495
28 1 519
28 2 636
28 3 967
28 4 1182
28 5 1308
28 6 626
28 7 181
28 8 1130
28 9 562
28 10 588
28 11 367
28 12 207
28 13 1299
28 14 1190
28 15 874
28 16 1013
28 17 1295
28 18 1375
28 19 144
28 20 1375
28 21 1327
28 22 96
28 23 1327
28 24 1279
28 25 48
28 26 1279
28 27 1231
28 28 0
28 29 1231
28 30 1279
28 31 48
28 32 1279
28 33 1327
28 34 96
28 35 1327
28 36 1375
28 37 144
28 38 1375
28 39 1423
28 40 192
28 41 1423
28 42 1471
28 43 240
28 44 1471
28 45 1519
28 46 288
28 47 1519
28 48 1567
28 49 336
28 50 1567
28 51 1615
28 52 384
28 53 1615
28 54 1663
28 55 432
28 56 1663
28 57 1711
28 58 480
28 59 1711
28 60 1759
28 61 528
28 62 1759
28 63 1807
28 64 576
28 65 1807
28 66 1855
28 67 624
28 68 1855
28 69 1903
28 70 672
28 71 1903
28 72 1495
29 0 2726
29 1 1750
29 2 1867
29 3 2198
29 4 337
29 5 307
29 6 1857
29 7 1338
29 8 389
29 9 1793
29 10 835
29 11 1056
29 12 1312
29 13 2530
29 14 137
29 15 2105
29 16 506
29 17 320
29 18 2606
29 19 1375
29 20 144
29 21 2558
29 22 1327
29 23 96
29 24 2510
29 25 1279
29 26 48
29 27 2462
29 28 1231
29 29 0
29 30 2510
29 31 1279
29 32 48
29 33 2558
29 34 1327
29 35 96
29 36 2606
29 37 1375
29 38 144
29 39 2654
29 40 1423
29 41 192
29 42 2702
29 43 1471
29 44 240
29 45 2750
29 46 1519
29 47 288
29 48 2798
29 49 1567
29 50 336
29 51 2846
29 52 1615
29 53 384
29 54 2894
29 55 1663
29 56 432
29 57 2942
29 58 1711
29 59 480
29 60 2990
29 61 1759
29 62 528
29 63 3038
29 64 1807
29 65 576
29 66 3086
29 67 1855
29 68 624
29 69 3134
29 70 1903
29 71 672
29 72 2726
30 0 312
30 1 952
30 2 931
30 3 984
30 4 2461
30 5 2491
30 6 1709
30 7 1460
30 8 2409
30 9 909
30 10 1867
30 11 1550
30 12 1390
30 13 268
30 14 2373
30 15 597
30 16 2292
30 17 2478
30 18 192
30 19 1423
30 20 2654
30 21 144
30 22 1375
30 23 2606
30 24 96
30 25 1327
30 26 2558
30 27 48
30 28 1279
30 29 2510
30 30 0
30 31 1231
30 32 2462
30 33 48
30 34 1279
30 35 2510
30 36 96
30 37 1327
30 38 2558
30 39 144
30 40 1375
30 41 2606
30 42 192
30 43 1423
30 44 2654
30 45 240
30 46 1471
30 47 2702
30 48 288
30 49 1519
30 50 2750
30 51 336
30 52 1567
30 53 2798
30 54 384
30 55 1615
30 56 2846
30 57 432
30 58 1663
30 59 2894
30 60 480
30 61 1711
30 62 2942
30 63 528
30 64 1759
30 65 2990
30 66 576
30 67 1807
30 68 3038
30 69 624
30 70 1855
30 71 3086
30 72 312
31 0 1543
31 1 471
31 2 684
31 3 919
31 4 1230
31 5 1260
31 6 578
31 7 229
31 8 1178
31 9 610
31 10 636
31 11 319
31 12 159
31 13 1347
31 14 1142
31 15 922
31 16 1061
31 17 1247
31 18 1423
31 19 192
31 20 1423
31 21 1375
31 22 144
31 23 1375
31 24 1327
31 25 96
31 26 1327
31 27 1279
31 28 48
31 29 1279
31 30 1231
31 31 0
31 32 1231
31 33 1279
31 34 48
31 35 1279
31 36 1327
31 37 96
31 38 1327
31 39 1375
31 40 144
31 41 1375
31 42 1423
31 43 192
31 44 1423
31 45 1471
31 46 240
31 47 1471
31 48 1519
31 49 288
31 50 1519
31 51 1567
31 52 336
31 53 1567
31 54 1615
31 55 384
31 56 1615
31 57 1663
31 58 432
31 59 1663
31 60 1711
31 61 480
31 62 1711
31 63 1759
31 64 528
31 65 1759
31 66 1807
31 67 576
31 68 1807
31 69 1855
31 70 624
31 71 1855
31 72 1543
32 0 2774
32 1 1702
32 2 1915
32 3 2150
32 4 385
32 5 259
32 6 1809
32 7 1386
32 8 437
32 9 1841
32 10 883
32 11 1008
32 12 1264
32 13 2578
32 14 89
32 15 2153
32 16 554
32 17 272
32 18 2654
32 19 1423
32 20 192
32 21 2606
32 22 1375
32 23 144
32 24 2558
32 25 1327
32 26 96
32 27 2510
32 28 1279
32 29 48
32 30 2462
32 31 1231
32 32 0
32 33 2510
32 34 1279
32 35 48
32 36 2558
32 37 1327
32 38 96
32 39 2606
32 40 1375
32 41 144
32 42 2654
32 43 1423
32 44 192
32 45 2702
32 46 1471
32 47 240
32 48 2750
32 49 1519
32 50 288
32 51 2798
32 52 1567
32 53 336
32 54 2846
32 55 1615
32 56 384
32 57 2894
32 58 1663
32 59 432
32 60 2942
32 61 1711
32 62 480
32 63 2990
32 64 1759
32 65 528
32 66 3038
32 67 1807
32 68 576
32 69 3086
32 70 1855
32 71 624
32 72 2774
33 0 360
33 1 904
33 2 979
33 3 936
33 4 2509
33 5 2443
33 6 1661
33 7 1508
33 8 2457
33 9 957
33 10 1915
33 11 1502
33 12 1342
33 13 316
33 14 2421
33 15 645
33 16 2340
33 17 2430
33 18 240
33 19 1471
33 20 2702
33 21 192
33 22 1423
33 23 2654
33 24 144
33 25 1375
33 26 2606
33 27 96
33 28 1327
33 29 2558
33 30 48
33 31 1279
33 32 2510
33 33 0
33 34 1231
33 35 2462
33 36 48
33 37 1279
33 38 2510
33 39 96
33 40 1327
33 41 2558
33 42 144
33 43 1375
33 44 2606
33 45 192
33 46 1423
33 47 2654
33 48 240
33 49 1471
33 50 2702
33 51 288
33 52 1519
33 53 2750
33 54 336
33 55 1567
33 56 2798
33 57 384
33 58 1615
33 59 2846
33 60 432
33 61 1663
33 62 2894
33 63 480
33 64 1711
33 65 2942
33 66 528
33 67 1759
33 68 2990
33 69 576
33 70 1807
33 71 3038
33 72 360
34 0 1591
34 1 423
34 2 732
34 3 871
34 4 1278
34 5 1212
34 6 530
34 7 277
34 8 1226
34 9 658
34 10 684
34 11 271
34 12 111
34 13 1395
34 14 1190
34 15 970
34 16 1109
34 17 1199
34 18 1471
34 19 240
34 20 1471
34 21 1423
34 22 192
34 23 1423
34 24 1375
34 25 144
34 26 1375
34 27 1327
34 28 96
34 29 1327
34 30 1279
34 31 48
34 32 1279
34 33 1231
34 34 0
34 35 1231
34 36 1279
34 37 48
34 38 1279
34 39 1327
34 40 96
34 41 1327
34 42 1375
34 43 144
34 44 1375
34 45 1423
34 46 192
34 47 1423
34 48 1471
34 49 240
34 50 1471
34 51 1519
34 52 288
34 53 1519
34 54 1567
34 55 336
34 56 1567
34 57 1615
34 58 384
34 59 1615
34 60 1663
34 61 432
34 62 1663
34 63 1711
34 64 480
34 65 1711
34 66 1759
34 67 528
34 68 1759
34 69 1807
34 70 576
34 71 1807
34 72 1591
35 0 2822
35 1 1654
35 2 1963
35 3 2102
35 4 433
35 5 211
35 6 1761
35 7 1434
35 8 485
35 9 1889
35 10 931
35 11 960
35 12 1216
35 13 2626
35 14 137
35 15 2201
35 16 602
35 17 224
35 18 2702
35 19 1471
35 20 240
35 21 2654
35 22 1423
35 23 192
35 24 2606
35 25 1375
35 26 144
35 27 2558
35 28 1327
35 29 96
35 30 2510
35 31 1279
35 32 48
35 33 2462
35 34 1231
35 35 0
35 36 2510
35 37 1279
35 38 48
35 39 2558
35 40 1327
35 41 96
35 42 2606
35 43 1375
35 44 144
35 45 2654
35 46 1423
35 47 192
35 48 2702
35 49 1471
35 50 240
35 51 2750
35 52 1519
35 53 288
35 54 2798
35 55 1567
35 56 336
35 57 2846
35 58 1615
35 59 384
35 60 2894
35 61 1663
35 62 432
35 63 2942
35 64 1711
35 65 480
35 66 2990
35 67 1759
35 68 528
35 69 3038
35 70 1807
35 71 576
35 72 2822
36 0 408
36 1 856
36 2 1027
36 3 888
36 4 2557
36 5 2395
36 6 1613
36 7 1556
36 8 2505
36 9 1005
36 10 1963
36 11 1550
36 12 1294
36 13 364
36 14 2469
36 15 693
36 16 2388
36 17 2382
36 18 288
36 19 1519
36 20 2750
36 21 240
36 22 1471
36 23 2702
36 24 192
36 25 1423
36 26 2654
36 27 144
36 28 1375
36 29 2606
36 30 96
36 31 1327
36 32 2558
36 33 48
36 34 1279
36 35 2510
36 36 0
36 37 1231
36 38 2462
36 39 48
36 40 1279
36 41 2510
36 42 96
36 43 1327
36 44 2558
36 45 144
36 46 1375
36 47 2606
36 48 192
36 49 1423
36 50 2654
36 51 240
36 52 1471
36 53 2702
36 54 288
36 55 1519
36 56 2750
36 57 336
36 58 1567
36 59 2798
36 60 384
36 61 1615
36 62 2846
36 63 432
36 64 1663
36 65 2894
36 66 480
36 67 1711
36 68 2942
36 69 528
36 70 1759
36 71 2990
36 72 408
37 0 1639
37 1 375
37 2 780
37 3 823
37 4 1326
37 5 1164
37 6 482
37 7 325
37 8 1274
37 9 706
37 10 732
37 11 319
37 12 63
37 13 1443
37 14 1238
37 15 1018
37 16 1157
37 17 1151
37 18 1519
37 19 288
37 20 1519
37 21 1471
37 22 240
37 23 1471
37 24 1423
37 25 192
37 26 1423
37 27 1375
37 28 144
37 29 1375
37 30 1327
37 31 96
37 32 1327
37 33 1279
37 34 48
37 35 1279
37 36 1231
37 37 0
37 38 1231
37 39 1279
37 40 48
37 41 1279
37 42 1327
37 43 96
37 44 1327
37 45 1375
37 46 144
37 47 1375
37 48 1423
37 49 192
37 50 1423
37 51 1471
37 52 240
37 53 1471
37 54 1519
37 55 288
37 56 1519
37 57 1567
37 58 336
37 59 1567
37 60 1615
37 61 384
37 62 1615
37 63 1663
37 64 432
37 65 1663
37 66 1711
37 67 480
37 68 1711
37 69 1759
37 70 528
37 71 1759
37 72 1639
38 0 2870
38 1 1606
38 2 2011
38 3 2054
38 4 481
38 5 163
38 6 1713
38 7 1482
38 8 533
38 9 1937
38 10 979
38 11 1008
38 12 1168
38 13 2674
38 14 185
38 15 2249
38 16 650
38 17 176
38 18 2750
38 19 1519
38 20 288
38 21 2702
38 22 1471
38 23 240
38 24 2654
38 25 1423
38 26 192
38 27 2606
38 28 1375
38 29 144
38 30 2558
38 31 1327
38 32 96
38 33 2510
38 34 1279
38 35 48
38 36 2462
38 37 1231
38 38 0
38 39 2510
38 40 1279
38 41 48
38 42 2558
38 43 1327
38 44 96
38 45 2606
38 46 1375
38 47 144
38 48 2654
38 49 1423
38 50 192
38 51 2702
38 52 1471
38 53 240
38 54 2750
38 55 1519
38 56 288
38 57 2798
38 58 1567
38 59 336
38 60 2846
38 61 1615
38 62 384
38 63 2894
38 64 1663
38 65 432
38 66 2942
38 67 1711
38 68 480
38 69 2990
38 70 1759
38 71 528
38 72 2870
39 0 456
39 1 904
39 2 1075
39 3 840
39 4 2605
39 5 2347
39 6 1565
39 7 1604
39 8 2553
39 9 1053
39 10 2011
39 11 1598
39 12 1342
39 13 412
39 14 2517
39 15 741
39 16 2436
39 17 2334
39 18 336
39 19 1567
39 20 2798
39 21 288
39 22 1519
39 23 2750
39 24 240
39 25 1471
39 26 2702
39 27 192
39 28 1423
39 29 2654
39 30 144
39 31 1375
39 32 2606
39 33 96
39 34 1327
39 35 2558
39 36 48
39 37 1279
39 38 2510
39 39 0
39 40 1231
39 41 2462
39 42 48
39 43 1279
39 44 2510
39 45 96
39 46 1327
39 47 2558
39 48 144
39 49 1375
39 50 2606
39 51 192
39 52 1423
39 53 2654
39 54 240
39 55 1471
39 56 2702
39 57 288
39 58 1519
39 59 2750
39 60 336
39 61 1567
39 62 2798
39 63 384
39 64 1615
39 65 2846
39 66 432
39 67 1663
39 68 2894
39 69 480
39 70 1711
39 71 2942
39 72 456
40 0 1687
40 1 423
40 2 828
40 3 775
40 4 1374
40 5 1116
40 6 434
40 7 373
40 8 1322
40 9 754
40 10 780
40 11 367
40 12 111
40 13 1491
40 14 1286
40 15 1066
40 16 1205
40 17 1103
40 18 1567
40 19 336
40 20 1567
40 21 1519
40 22 288
40 23 1519
40 24 1471
40 25 240
40 26 1471
40 27 1423
40 28 192
40 29 1423
40 30 1375
40 31 144
40 32 1375
40 33 1327
40 34 96
40 35 1327
40 36 1279
40 37 48
40 38 1279
40 39 1231
40 40 0
40 41 1231
40 42 1279
40 43 48
40 44 1279
40 45 1327
40 46 96
40 47 1327
40 48 1375
40 49 144
40 50 1375
40 51 1423
40 52 192
40 53 1423
40 54 1471
40 55 240
40 56 1471
40 57 1519
40 58 288
40 59 1519
40 60 1567
40 61 336
40 62 1567
40 63 1615
40 64 384
40 65 1615
40 66 1663
40 67 432
40 68 1663
40 69 1711
40 70 480
40 71 1711
40 72 1687
41 0 2918
41 1 1654
41 2 2059
41 3 2006
41 4 529
41 5 115
41 6 1665
41 7 1530
41 8 581
41 9 1985
41 10 1027
41 11 1056
41 12 1216
41 13 2722
41 14 233
41 15 2297
41 16 698
41 17 128
41 18 2798
41 19 1567
41 20 336
41 21 2750
41 22 1519
41 23 288
41 24 2702
41 25 1471
41 26 240
41 27 2654
41 28 1423
41 29 192
41 30 2606
41 31 1375
41 32 144
41 33 2558
41 34 1327
41 35 96
41 36 2510
41 37 1279
41 38 48
41 39 2462
41 40 1231
41 41 0
41 42 2510
41 43 1279
41 44 48
41 45 2558
41 46 1327
41 47 96
41 48 2606
41 49 1375
41 50 144
41 51 2654
41 52 1423
41 53 192
41 54 2702
41 55 1471
41 56 240
41 57 2750
41 58 1519
41 59 288
41 60 2798
41 61 1567
41 62 336
41 63 2846
41 64 1615
41 65 384
41 66 2894
41 67 1663
41 68 432
41 69 2942
41 70 1711
41 71 480
41 72 2918
42 0 504
42 1 952
42 2 1123
42 3 792
42 4 2653
42 5 2395
42 6 1517
42 7 1652
42 8 2601
42 9 1101
42 10 2059
42 11 1646
42 12 1390
42 13 460
42 14 2565
42 15 789
42 16 2484
42 17 2382
42 18 384
42 19 1615
42 20 2846
42 21 336
42 22 1567
42 23 2798
42 24 288
42 25 1519
42 26 2750
42 27 240
42 28 1471
42 29 2702
42 30 192
42 31 1423
42 32 2654
42 33 144
42 34 1375
42 35 2606
42 36 96
42 37 1327
42 38 2558
42 39 48
42 40 1279
42 41 2510
42 42 0
42 43 1231
42 44 2462
42 45 48
42 46 1279
42 47 2510
42 48 96
42 49 1327
42 50 2558
42 51 144
42 52 1375
42 53 2606
42 54 192
42 55 1423
42 56 2654
42 57 240
42 58 1471
42 59 2702
42 60 288
42 61 1519
42 62 2750
42 63 336
42 64 1567
42 65 2798
42 66 384
42 67 1615
42 68 2846
42 69 432
42 70 1663
42 71 2894
42 72 504
43 0 1735
43 1 471
43 2 876
43 3 727
43 4 1422
43 5 1164
43 6 386
43 7 421
43 8 1370
43 9 802
43 10 828
43 11 415
43 12 159
43 13 1539
43 14 1334
43 15 1114
43 16 1253
43 17 1151
43 18 1615
43 19 384
43 20 1615
43 21 1567
43 22 336
43 23 1567
43 24 1519
43 25 288
43 26 1519
43 27 1471
43 28 240
43 29 1471
43 30 1423
43 31 192
43 32 1423
43 33 1375
43 34 144
43 35 1375
43 36 1327
43 37 96
43 38 1327
43 39 1279
43 40 48
43 41 1279
43 42 1231
43 43 0
43 44 1231
43 45 1279
43 46 48
43 47 1279
43 48 1327
43 49 96
43 50 1327
43 51 1375
43 52 144
43 53 1375
43 54 1423
43 55 192
43 56 1423
43 57 1471
43 58 240
43 59 1471
43 60 1519
43 61 288
43 62 1519
43 63 1567
43 64 336
43 65 1567
43 66 1615
43 67 384
43 68 1615
43 69 1663
43 70 432
43 71 1663
43 72 1735
44 0 2966
44 1 1702
44 2 2107
44 3 1958
44 4 577
44 5 163
44 6 1617
44 7 1578
44 8 629
44 9 2033
44 10 1075
44 11 1104
44 12 1264
44 13 2770
44 14 281
44 15 2345
44 16 746
44 17 176
44 18 2846
44 19 1615
44 20 384
44 21 2798
44 22 1567
44 23 336
44 24 2750
44 25 1519
44 26 288
44 27 2702
44 28 1471
44 29 240
44 30 2654
44 31 1423
44 32 192
44 33 2606
44 34 1375
44 35 144
44 36 2558
44 37 1327
44 38 96
44 39 2510
44 40 1279
44 41 48
44 42 2462
44 43 1231
44 44 0
44 45 2510
44 46 1279
44 47 48
44 48 2558
44 49 1327
44 50 96
44 51 2606
44 52 1375
44 53 144
44 54 2654
44 55 1423
44 56 192
44 57 2702
44 58 1471
44 59 240
44 60 2750
44 61 1519
44 62 288
44 63 2798
44 64 1567
44 65 336
44 66 2846
44 67 1615
44 68 384
44 69 2894
44 70 1663
44 71 432
44 72 2966
45 0 552
45 1 1000
45 2 1171
45 3 744
45 4 2701
45 5 2443
45 6 1469
45 7 1700
45 8 2649
45 9 1149
45 10 2107
45 11 1694
45 12 1438
45 13 508
45 14 2613
45 15 837
45 16 2532
45 17 2430
45 18 432
45 19 1663
45 20 2894
45 21 384
45 22 1615
45 23 2846
45 24 336
45 25 1567
45 26 2798
45 27 288
45 28 1519
45 29 2750
45 30 240
45 31 1471
45 32 2702
45 33 192
45 34 1423
45 35 2654
45 36 144
45 37 1375
45 38 2606
45 39 96
45 40 1327
45 41 2558
45 42 48
45 43 1279
45 44 2510
45 45 0
45 46 1231
45 47 2462
45 48 48
45 49 1279
45 50 2510
45 51 96
45 52 1327
45 53 2558
45 54 144
45 55 1375
45 56 2606
45 57 192
45 58 1423
45 59 2654
45 60 240
45 61 1471
45 62 2702
45 63 288
45 64 1519
45 65 2750
45 66 336
45 67 1567
45 68 2798
45 69 384
45 70 1615
45 71 2846
45 72 552
46 0 1783
46 1 519
46 2 924
46 3 679
46 4 1470
46 5 1212
46 6 338
46 7 469
46 8 1418
46 9 850
46 10 876
46 11 463
46 12 207
46 13 1587
46 14 1382
46 15 1162
46 16 1301
46 17 1199
46 18 1663
46 19 432
46 20 1663
46 21 1615
46 22 384
46 23 1615
46 24 1567
46 25 336
46 26 1567
46 27 1519
46 28 288
46 29 1519
46 30 1471
46 31 240
46 32 1471
46 33 1423
46 34 192
46 35 1423
46 36 1375
46 37 144
46 38 1375
46 39 1327
46 40 96
46 41 1327
46 42 1279
46 43 48
46 44 1279
46 45 1231
46 46 0
46 47 1231
46 48 1279
46 49 48
46 50 1279
46 51 1327
46 52 96
46 53 1327
46 54 1375
46 55 144
46 56 1375
46 57 1423
46 58 192
46 59 1423
46 60 1471
46 61 240
46 62 1471
46 63 1519
46 64 288
46 65 1519
46 66 1567
46 67 336
46 68 1567
46 69 1615
46 70 384
46 71 1615
46 72 1783
47 0 3014
47 1 1750
47 2 2155
47 3 1910
47 4 625
47 5 211
47 6 1569
47 7 1626
47 8 677
47 9 2081
47 10 1123
47 11 1152
47 12 1312
47 13 2818
47 14 329
47 15 2393
47 16 794
47 17 224
47 18 2894
47 19 1663
47 20 432
47 21 2846
47 22 1615
47 23 384
47 24 2798
47 25 1567
47 26 336
47 27 2750
47 28 1519
47 29 288
47 30 2702
47 31 1471
47 32 240
47 33 2654
47 34 1423
47 35 192
47 36 2606
47 37 1375
47 38 144
47 39 2558
47 40 1327
47 41 96
47 42 2510
47 43 1279
47 44 48
47 45 2462
47 46 1231
47 47 0
47 48 2510
47 49 1279
47 50 48
47 51 2558
47 52 1327
47 53 96
47 54 2606
47 55 1375
47 56 144
47 57 2654
47 58 1423
47 59 192
47 60 2702
47 61 1471
47 62 240
47 63 2750
47 64 1519
47 65 288
47 66 2798
47 67 1567
47 68 336
47 69 2846
47 70 1615
47 71 384
47 72 3014
48 0 600
48 1 1048
48 2 1219
48 3 696
48 4 2749
48 5 2491
48 6 1421
48 7 1748
48 8 2697
48 9 1197
48 10 2155
48 11 1742
48 12 1486
48 13 556
48 14 2661
48 15 885
48 16 2580
48 17 2478
48 18 480
48 19 1711
48 20 2942
48 21 432
48 22 1663
48 23 2894
48 24 384
48 25 1615
48 26 2846
48 27 336
48 28 1567
48 29 2798
48 30 288
48 31 1519
48 32 2750
48 33 240
48 34 1471
48 35 2702
48 36 192
48 37 1423
48 38 2654
48 39 144
48 40 1375
48 41 2606
48 42 96
48 43 1327
48 44 2558
48 45 48
48 46 1279
48 47 2510
48 48 0
48 49 1231
48 50 2462
48 51 48
48 52 1279
48 53 2510
48 54 96
48 55 1327
48 56 2558
48 57 144
48 58 1375
48 59 2606
48 60 192
48 61 1423
48 62 2654
48 63 240
48 64 1471
48 65 2702
48 66 288
48 67 1519
48 68 2750
48 69 336
48 70 1567
48 71 2798
48 72 600
49 0 1831
49 1 567
49 2 972
49 3 631
49 4 1518
49 5 1260
49 6 290
49 7 517
49 8 1466
49 9 898
49 10 924
49 11 511
49 12 255
49 13 1635
49 14 1430
49 15 1210
49 16 1349
49 17 1247
49 18 1711
49 19 480
49 20 1711
49 21 1663
49 22 432
49 23 1663
49 24 1615
49 25 384
49 26 1615
49 27 1567
49 28 336
49 29 1567
49 30 1519
49 31 288
49 32 1519
49 33 1471
49 34 240
49 35 1471
49 36 1423
49 37 192
49 38 1423
49 39 1375
49 40 144
49 41 1375
49 42 1327
49 43 96
49 44 1327
49 45 1279
49 46 48
49 47 1279
49 48 1231
49 49 0
49 50 1231
49 51 1279
49 52 48
49 53 1279
49 54 1327
49 55 96
49 56 1327
49 57 1375
49 58 144
49 59 1375
