//alpha
1
//NbLocations
61
//NbProducts
24
//NbPickers
2
//CapaPicker
8
//TimeToTravelOneDistanceUnit
3
//SetupTime
5400
//PickTime
300
//Products
//Idx Location Size
1 1 1
2 2 1
3 3 1
4 4 1
5 5 1
6 6 1
7 7 1
8 8 1
9 9 1
10 10 1
11 11 1
12 12 1
13 13 1
14 14 1
15 15 1
16 16 1
17 17 1
18 18 1
19 19 1
20 20 1
21 21 1
22 22 1
23 23 1
24 24 1
//Orders
//NbOrders
12
//Idx DueDate TardinessPenalty NbProdInOrder ProdIdx1 Qty1 ProdIdx2 Qty2 ...
1 108000 0 1 1 1
2 126000 0 1 2 1
3 54000 0 2 3 1 4 1
4 72000 0 1 5 1
5 72000 0 8 6 1 7 1 8 1 9 1 10 1 11 1 12 1 13 1
6 90000 0 2 14 1 15 1
7 72000 0 1 16 1
8 36000 0 1 17 1
9 90000 0 1 18 1
10 54000 0 3 19 1 20 1 21 1
11 72000 0 2 22 1 23 1
12 108000 0 1 24 1
//Graph (Products are vertices indexed from 1 to NbProducts)
//NbVerticesIntersections
36
//DepartingDepot
0
//ArrivalDepot
61
//Arcs
//Start End Distance
0 25 120
1 17 325
1 51 388
2 4 91
2 47 531
3 25 63
3 26 778
4 2 91
4 46 219
5 47 401
5 48 440
6 40 154
6 41 687
7 9 39
7 17 26
8 41 154
8 42 687
9 7 39
9 50 63
10 26 323
10 27 518
11 38 89
11 39 752
12 22 299
12 23 234
13 21 143
13 49 154
14 53 336
14 54 505
15 44 63
15 45 778
16 18 455
16 30 102
17 1 325
17 7 26
18 16 455
18 29 284
19 58 50
19 59 791
20 59 50
20 60 791
21 13 143
21 50 544
22 12 299
22 33 167
23 12 234
23 32 141
24 55 310
24 56 531
25 3 63
25 28 48
25 61 120
26 3 778
26 10 323
26 29 48
27 10 518
27 30 48
28 25 48
28 29 841
28 31 48
29 18 284
29 26 48
29 28 841
29 32 48
30 16 102
30 27 48
30 33 48
31 28 48
31 32 841
31 34 48
32 23 141
32 29 48
32 31 841
32 35 48
33 22 167
33 30 48
33 36 48
34 31 48
34 35 841
34 37 48
35 32 48
35 34 841
35 36 841
35 38 48
36 33 48
36 35 841
36 39 48
37 34 48
37 38 841
37 40 48
38 11 89
38 35 48
38 37 841
38 41 48
39 11 752
39 36 48
39 42 48
40 6 154
40 37 48
40 43 48
41 6 687
41 8 154
41 38 48
41 44 48
42 8 687
42 39 48
42 45 48
43 40 48
43 44 841
43 46 48
44 15 63
44 41 48
44 43 841
44 47 48
45 15 778
45 42 48
45 48 48
46 4 219
46 43 48
46 49 48
47 2 531
47 5 401
47 44 48
47 50 48
48 5 440
48 45 48
48 51 48
49 13 154
49 46 48
49 52 48
50 9 63
50 21 544
50 47 48
50 53 48
51 1 388
51 48 48
51 54 48
52 49 48
52 53 841
52 55 48
53 14 336
53 50 48
53 52 841
53 56 48
54 14 505
54 51 48
54 57 48
55 24 310
55 52 48
55 58 48
56 24 531
56 53 48
56 57 841
56 59 48
57 54 48
57 56 841
57 60 48
58 19 50
58 55 48
59 19 791
59 20 50
59 56 48
60 20 791
60 57 48
//LocStart LocEnd ShortestPath
0 0 0
0 1 1798
0 2 766
0 3 183
0 4 675
0 5 1698
0 6 514
0 7 1447
0 8 1355
0 9 1408
0 10 1284
0 11 1242
0 12 1432
0 13 658
0 14 1729
0 15 1312
0 16 1748
0 17 1473
0 18 1293
0 19 698
0 20 1539
0 21 801
0 22 1731
0 23 1198
0 24 910
0 25 120
0 26 961
0 27 1802
0 28 168
0 29 1009
0 30 1850
0 31 216
0 32 1057
0 33 1898
0 34 264
0 35 1105
0 36 1946
0 37 312
0 38 1153
0 39 1994
0 40 360
0 41 1201
0 42 2042
0 43 408
0 44 1249
0 45 2090
0 46 456
0 47 1297
0 48 2138
0 49 504
0 50 1345
0 51 2186
0 52 552
0 53 1393
0 54 2234
0 55 600
0 56 1441
0 57 2282
0 58 648
0 59 1489
0 60 2330
0 61 0
1 0 1798
1 1 0
1 2 1032
1 3 1615
1 4 1123
1 5 876
1 6 1284
1 7 351
1 8 751
1 9 390
1 10 1160
1 11 734
1 12 1116
1 13 1140
1 14 837
1 15 612
1 16 826
1 17 325
1 18 1073
1 19 1388
1 20 647
1 21 997
1 22 843
1 23 882
1 24 1080
1 25 1678
1 26 837
1 27 772
1 28 1630
1 29 789
1 30 724
1 31 1582
1 32 741
1 33 676
1 34 1534
1 35 693
1 36 628
1 37 1486
1 38 645
1 39 580
1 40 1438
1 41 597
1 42 532
1 43 1390
1 44 549
1 45 484
1 46 1342
1 47 501
1 48 436
1 49 1294
1 50 453
1 51 388
1 52 1342
1 53 501
1 54 436
1 55 1390
1 56 549
1 57 484
1 58 1438
1 59 597
1 60 532
1 61 1798
2 0 766
2 1 1032
2 2 0
2 3 709
2 4 91
2 5 932
2 6 560
2 7 681
2 8 781
2 9 642
2 10 1190
2 11 764
2 12 1146
2 13 512
2 14 963
2 15 642
2 16 1558
2 17 707
2 18 1103
2 19 552
2 20 773
2 21 655
2 22 1445
2 23 912
2 24 764
2 25 646
2 26 867
2 27 1708
2 28 598
2 29 819
2 30 1660
2 31 550
2 32 771
2 33 1612
2 34 502
2 35 723
2 36 1564
2 37 454
2 38 675
2 39 1516
2 40 406
2 41 627
2 42 1468
2 43 358
2 44 579
2 45 1420
2 46 310
2 47 531
2 48 1372
2 49 358
2 50 579
2 51 1420
2 52 406
2 53 627
2 54 1468
2 55 454
2 56 675
2 57 1516
2 58 502
2 59 723
2 60 1564
2 61 766
3 0 183
3 1 1615
3 2 709
3 3 0
3 4 618
3 5 1515
3 6 457
3 7 1264
3 8 1172
3 9 1225
3 10 1101
3 11 1059
3 12 1249
3 13 601
3 14 1546
3 15 1129
3 16 1565
3 17 1290
3 18 1110
3 19 641
3 20 1356
3 21 744
3 22 1548
3 23 1015
3 24 853
3 25 63
3 26 778
3 27 1619
3 28 111
3 29 826
3 30 1667
3 31 159
3 32 874
3 33 1715
3 34 207
3 35 922
3 36 1763
3 37 255
3 38 970
3 39 1811
3 40 303
3 41 1018
3 42 1859
3 43 351
3 44 1066
3 45 1907
3 46 399
3 47 1114
3 48 1955
3 49 447
3 50 1162
3 51 2003
3 52 495
3 53 1210
3 54 2051
3 55 543
3 56 1258
3 57 2099
3 58 591
3 59 1306
3 60 2147
3 61 183
4 0 675
4 1 1123
4 2 91
4 3 618
4 4 0
4 5 1023
4 6 469
4 7 772
4 8 872
4 9 733
4 10 1281
4 11 855
4 12 1237
4 13 421
4 14 1054
4 15 733
4 16 1649
4 17 798
4 18 1194
4 19 461
4 20 864
4 21 564
4 22 1536
4 23 1003
4 24 673
4 25 555
4 26 958
4 27 1799
4 28 507
4 29 910
4 30 1751
4 31 459
4 32 862
4 33 1703
4 34 411
4 35 814
4 36 1655
4 37 363
4 38 766
4 39 1607
4 40 315
4 41 718
4 42 1559
4 43 267
4 44 670
4 45 1511
4 46 219
4 47 622
4 48 1463
4 49 267
4 50 670
4 51 1511
4 52 315
4 53 718
4 54 1559
4 55 363
4 56 766
4 57 1607
4 58 411
4 59 814
4 60 1655
4 61 675
5 0 1698
5 1 876
5 2 932
5 3 1515
5 4 1023
5 5 0
5 6 1184
5 7 551
5 8 651
5 9 512
5 10 1060
5 11 634
5 12 1016
5 13 1136
5 14 833
5 15 512
5 16 830
5 17 577
5 18 973
5 19 1384
5 20 643
5 21 993
5 22 847
5 23 782
5 24 1076
5 25 1578
5 26 737
5 27 776
5 28 1530
5 29 689
5 30 728
5 31 1482
5 32 641
5 33 680
5 34 1434
5 35 593
5 36 632
5 37 1386
5 38 545
5 39 584
5 40 1338
5 41 497
5 42 536
5 43 1290
5 44 449
5 45 488
5 46 1242
5 47 401
5 48 440
5 49 1290
5 50 449
5 51 488
5 52 1338
5 53 497
5 54 536
5 55 1386
5 56 545
5 57 584
5 58 1434
5 59 593
5 60 632
5 61 1698
6 0 514
6 1 1284
6 2 560
6 3 457
6 4 469
6 5 1184
6 6 0
6 7 933
6 8 841
6 9 894
6 10 1250
6 11 824
6 12 1206
6 13 452
6 14 1215
6 15 798
6 16 1618
6 17 959
6 18 1163
6 19 492
6 20 1025
6 21 595
6 22 1505
6 23 972
6 24 704
6 25 394
6 26 927
6 27 1768
6 28 346
6 29 879
6 30 1720
6 31 298
6 32 831
6 33 1672
6 34 250
6 35 783
6 36 1624
6 37 202
6 38 735
6 39 1576
6 40 154
6 41 687
6 42 1528
6 43 202
6 44 735
6 45 1576
6 46 250
6 47 783
6 48 1624
6 49 298
6 50 831
6 51 1672
6 52 346
6 53 879
6 54 1720
6 55 394
6 56 927
6 57 1768
6 58 442
6 59 975
6 60 1816
6 61 514
7 0 1447
7 1 351
7 2 681
7 3 1264
7 4 772
7 5 551
7 6 933
7 7 0
7 8 400
7 9 39
7 10 809
7 11 383
7 12 765
7 13 789
7 14 486
7 15 261
7 16 1177
7 17 26
7 18 722
7 19 1037
7 20 296
7 21 646
7 22 1064
7 23 531
7 24 729
7 25 1327
7 26 486
7 27 1123
7 28 1279
7 29 438
7 30 1075
7 31 1231
7 32 390
7 33 1027
7 34 1183
7 35 342
7 36 979
7 37 1135
7 38 294
7 39 931
7 40 1087
7 41 246
7 42 883
7 43 1039
7 44 198
7 45 835
7 46 991
7 47 150
7 48 787
7 49 943
7 50 102
7 51 739
7 52 991
7 53 150
7 54 787
7 55 1039
7 56 198
7 57 835
7 58 1087
7 59 246
7 60 883
7 61 1447
8 0 1355
8 1 751
8 2 781
8 3 1172
8 4 872
8 5 651
8 6 841
8 7 400
8 8 0
8 9 361
8 10 717
8 11 291
8 12 673
8 13 985
8 14 682
8 15 265
8 16 981
8 17 426
8 18 630
8 19 1233
8 20 492
8 21 842
8 22 972
8 23 439
8 24 925
8 25 1235
8 26 394
8 27 927
8 28 1187
8 29 346
8 30 879
8 31 1139
8 32 298
8 33 831
8 34 1091
8 35 250
8 36 783
8 37 1043
8 38 202
8 39 735
8 40 995
8 41 154
8 42 687
8 43 1043
8 44 202
8 45 735
8 46 1091
8 47 250
8 48 783
8 49 1139
8 50 298
8 51 831
8 52 1187
8 53 346
8 54 879
8 55 1235
8 56 394
8 57 927
8 58 1283
8 59 442
8 60 975
8 61 1355
9 0 1408
9 1 390
9 2 642
9 3 1225
9 4 733
9 5 512
9 6 894
9 7 39
9 8 361
9 9 0
9 10 770
9 11 344
9 12 726
9 13 750
9 14 447
9 15 222
9 16 1138
9 17 65
9 18 683
9 19 998
9 20 257
9 21 607
9 22 1025
9 23 492
9 24 690
9 25 1288
9 26 447
9 27 1162
9 28 1240
9 29 399
9 30 1114
9 31 1192
9 32 351
9 33 1066
9 34 1144
9 35 303
9 36 1018
9 37 1096
9 38 255
9 39 970
9 40 1048
9 41 207
9 42 922
9 43 1000
9 44 159
9 45 874
9 46 952
9 47 111
9 48 826
9 49 904
9 50 63
9 51 778
9 52 952
9 53 111
9 54 826
9 55 1000
9 56 159
9 57 874
9 58 1048
9 59 207
9 60 922
9 61 1408
10 0 1284
10 1 1160
10 2 1190
10 3 1101
10 4 1281
10 5 1060
10 6 1250
10 7 809
10 8 717
10 9 770
10 10 0
10 11 604
10 12 794
10 13 1394
10 14 1091
10 15 674
10 16 668
10 17 835
10 18 655
10 19 1642
10 20 901
10 21 1251
10 22 781
10 23 560
10 24 1334
10 25 1164
10 26 323
10 27 518
10 28 1212
10 29 371
10 30 566
10 31 1260
10 32 419
10 33 614
10 34 1308
10 35 467
10 36 662
10 37 1356
10 38 515
10 39 710
10 40 1404
10 41 563
10 42 758
10 43 1452
10 44 611
10 45 806
10 46 1500
10 47 659
10 48 854
10 49 1548
10 50 707
10 51 902
10 52 1596
10 53 755
10 54 950
10 55 1644
10 56 803
10 57 998
10 58 1692
10 59 851
10 60 1046
10 61 1284
11 0 1242
11 1 734
11 2 764
11 3 1059
11 4 855
11 5 634
11 6 824
11 7 383
11 8 291
11 9 344
11 10 604
11 11 0
11 12 560
11 13 968
11 14 665
11 15 248
11 16 972
11 17 409
11 18 517
11 19 1216
11 20 475
11 21 825
11 22 859
11 23 326
11 24 908
11 25 1122
11 26 281
11 27 944
11 28 1074
11 29 233
11 30 896
11 31 1026
11 32 185
11 33 848
11 34 978
11 35 137
11 36 800
11 37 930
11 38 89
11 39 752
11 40 978
11 41 137
11 42 800
11 43 1026
11 44 185
11 45 848
11 46 1074
11 47 233
11 48 896
11 49 1122
11 50 281
11 51 944
11 52 1170
11 53 329
11 54 992
11 55 1218
11 56 377
11 57 1040
11 58 1266
11 59 425
11 60 1088
11 61 1242
12 0 1432
12 1 1116
12 2 1146
12 3 1249
12 4 1237
12 5 1016
12 6 1206
12 7 765
12 8 673
12 9 726
12 10 794
12 11 560
12 12 0
12 13 1350
12 14 1047
12 15 630
12 16 616
12 17 791
12 18 707
12 19 1598
12 20 857
12 21 1207
12 22 299
12 23 234
12 24 1290
12 25 1312
12 26 471
12 27 562
12 28 1264
12 29 423
12 30 514
12 31 1216
12 32 375
12 33 466
12 34 1264
12 35 423
12 36 514
12 37 1312
12 38 471
12 39 562
12 40 1360
12 41 519
12 42 610
12 43 1408
12 44 567
12 45 658
12 46 1456
12 47 615
12 48 706
12 49 1504
12 50 663
12 51 754
12 52 1552
12 53 711
12 54 802
12 55 1600
12 56 759
12 57 850
12 58 1648
12 59 807
12 60 898
12 61 1432
13 0 658
13 1 1140
13 2 512
13 3 601
13 4 421
13 5 1136
13 6 452
13 7 789
13 8 985
13 9 750
13 10 1394
13 11 968
13 12 1350
13 13 0
13 14 1071
13 15 846
13 16 1762
13 17 815
13 18 1307
13 19 348
13 20 881
13 21 143
13 22 1649
13 23 1116
13 24 560
13 25 538
13 26 1071
13 27 1912
13 28 490
13 29 1023
13 30 1864
13 31 442
13 32 975
13 33 1816
13 34 394
13 35 927
13 36 1768
13 37 346
13 38 879
13 39 1720
13 40 298
13 41 831
13 42 1672
13 43 250
13 44 783
13 45 1624
13 46 202
13 47 735
13 48 1576
13 49 154
13 50 687
13 51 1528
13 52 202
13 53 735
13 54 1576
13 55 250
13 56 783
13 57 1624
13 58 298
13 59 831
13 60 1672
13 61 658
14 0 1729
14 1 837
14 2 963
14 3 1546
14 4 1054
14 5 833
14 6 1215
14 7 486
14 8 682
14 9 447
14 10 1091
14 11 665
14 12 1047
14 13 1071
14 14 0
14 15 543
14 16 991
14 17 512
14 18 1004
14 19 1223
14 20 482
14 21 928
14 22 1008
14 23 813
14 24 915
14 25 1609
14 26 768
14 27 937
14 28 1561
14 29 720
14 30 889
14 31 1513
14 32 672
14 33 841
14 34 1465
14 35 624
14 36 793
14 37 1417
14 38 576
14 39 745
14 40 1369
14 41 528
14 42 697
14 43 1321
14 44 480
14 45 649
14 46 1273
14 47 432
14 48 601
14 49 1225
14 50 384
14 51 553
14 52 1177
14 53 336
14 54 505
14 55 1225
14 56 384
14 57 553
14 58 1273
14 59 432
14 60 601
14 61 1729
15 0 1312
15 1 612
15 2 642
15 3 1129
15 4 733
15 5 512
15 6 798
15 7 261
15 8 265
15 9 222
15 10 674
15 11 248
15 12 630
15 13 846
15 14 543
15 15 0
15 16 1042
15 17 287
15 18 587
15 19 1094
15 20 353
15 21 703
15 22 929
15 23 396
15 24 786
15 25 1192
15 26 351
15 27 1066
15 28 1144
15 29 303
15 30 1018
15 31 1096
15 32 255
15 33 970
15 34 1048
15 35 207
15 36 922
15 37 1000
15 38 159
15 39 874
15 40 952
15 41 111
15 42 826
15 43 904
15 44 63
15 45 778
15 46 952
15 47 111
15 48 826
15 49 1000
15 50 159
15 51 874
15 52 1048
15 53 207
15 54 922
15 55 1096
15 56 255
15 57 970
15 58 1144
15 59 303
15 60 1018
15 61 1312
16 0 1748
16 1 826
16 2 1558
16 3 1565
16 4 1649
16 5 830
16 6 1618
16 7 1177
16 8 981
16 9 1138
16 10 668
16 11 972
16 12 616
16 13 1762
16 14 991
16 15 1042
16 16 0
16 17 1151
16 18 455
16 19 2010
16 20 1269
16 21 1619
16 22 317
16 23 850
16 24 1702
16 25 1628
16 26 787
16 27 150
16 28 1580
16 29 739
16 30 102
16 31 1628
16 32 787
16 33 150
16 34 1676
16 35 835
16 36 198
16 37 1724
16 38 883
16 39 246
16 40 1772
16 41 931
16 42 294
16 43 1820
16 44 979
16 45 342
16 46 1868
16 47 1027
16 48 390
16 49 1916
16 50 1075
16 51 438
16 52 1964
16 53 1123
16 54 486
16 55 2012
16 56 1171
16 57 534
16 58 2060
16 59 1219
16 60 582
16 61 1748
17 0 1473
17 1 325
17 2 707
17 3 1290
17 4 798
17 5 577
17 6 959
17 7 26
17 8 426
17 9 65
17 10 835
17 11 409
17 12 791
17 13 815
17 14 512
17 15 287
17 16 1151
17 17 0
17 18 748
17 19 1063
17 20 322
17 21 672
17 22 1090
17 23 557
17 24 755
17 25 1353
17 26 512
17 27 1097
17 28 1305
17 29 464
17 30 1049
17 31 1257
17 32 416
17 33 1001
17 34 1209
17 35 368
17 36 953
17 37 1161
17 38 320
17 39 905
17 40 1113
17 41 272
17 42 857
17 43 1065
17 44 224
17 45 809
17 46 1017
17 47 176
17 48 761
17 49 969
17 50 128
17 51 713
17 52 1017
17 53 176
17 54 761
17 55 1065
17 56 224
17 57 809
17 58 1113
17 59 272
17 60 857
17 61 1473
18 0 1293
18 1 1073
18 2 1103
18 3 1110
18 4 1194
18 5 973
18 6 1163
18 7 722
18 8 630
18 9 683
18 10 655
18 11 517
18 12 707
18 13 1307
18 14 1004
18 15 587
18 16 455
18 17 748
18 18 0
18 19 1555
18 20 814
18 21 1164
18 22 772
18 23 473
18 24 1247
18 25 1173
18 26 332
18 27 605
18 28 1125
18 29 284
18 30 557
18 31 1173
18 32 332
18 33 605
18 34 1221
18 35 380
18 36 653
18 37 1269
18 38 428
18 39 701
18 40 1317
18 41 476
18 42 749
18 43 1365
18 44 524
18 45 797
18 46 1413
18 47 572
18 48 845
18 49 1461
18 50 620
18 51 893
18 52 1509
18 53 668
18 54 941
18 55 1557
18 56 716
18 57 989
18 58 1605
18 59 764
18 60 1037
18 61 1293
19 0 698
19 1 1388
19 2 552
19 3 641
19 4 461
19 5 1384
19 6 492
19 7 1037
19 8 1233
19 9 998
19 10 1642
19 11 1216
19 12 1598
19 13 348
19 14 1223
19 15 1094
19 16 2010
19 17 1063
19 18 1555
19 19 0
19 20 841
19 21 491
19 22 1897
19 23 1364
19 24 408
19 25 578
19 26 1319
19 27 2160
19 28 530
19 29 1271
19 30 2112
19 31 482
19 32 1223
19 33 2064
19 34 434
19 35 1175
19 36 2016
19 37 386
19 38 1127
19 39 1968
19 40 338
19 41 1079
19 42 1920
19 43 290
19 44 1031
19 45 1872
19 46 242
19 47 983
19 48 1824
19 49 194
19 50 935
19 51 1776
19 52 146
19 53 887
19 54 1728
19 55 98
19 56 839
19 57 1680
19 58 50
19 59 791
19 60 1632
19 61 698
20 0 1539
20 1 647
20 2 773
20 3 1356
20 4 864
20 5 643
20 6 1025
20 7 296
20 8 492
20 9 257
20 10 901
20 11 475
20 12 857
20 13 881
20 14 482
20 15 353
20 16 1269
20 17 322
20 18 814
20 19 841
20 20 0
20 21 738
20 22 1156
20 23 623
20 24 629
20 25 1419
20 26 578
20 27 1319
20 28 1371
20 29 530
20 30 1271
20 31 1323
20 32 482
20 33 1223
20 34 1275
20 35 434
20 36 1175
20 37 1227
20 38 386
20 39 1127
20 40 1179
20 41 338
20 42 1079
20 43 1131
20 44 290
20 45 1031
20 46 1083
20 47 242
20 48 983
20 49 1035
20 50 194
20 51 935
20 52 987
20 53 146
20 54 887
20 55 939
20 56 98
20 57 839
20 58 891
20 59 50
20 60 791
20 61 1539
21 0 801
21 1 997
21 2 655
21 3 744
21 4 564
21 5 993
21 6 595
21 7 646
21 8 842
21 9 607
21 10 1251
21 11 825
21 12 1207
21 13 143
21 14 928
21 15 703
21 16 1619
21 17 672
21 18 1164
21 19 491
21 20 738
21 21 0
21 22 1506
21 23 973
21 24 703
21 25 681
21 26 928
21 27 1769
21 28 633
21 29 880
21 30 1721
21 31 585
21 32 832
21 33 1673
21 34 537
21 35 784
21 36 1625
21 37 489
21 38 736
21 39 1577
21 40 441
21 41 688
21 42 1529
21 43 393
21 44 640
21 45 1481
21 46 345
21 47 592
21 48 1433
21 49 297
21 50 544
21 51 1385
21 52 345
21 53 592
21 54 1433
21 55 393
21 56 640
21 57 1481
21 58 441
21 59 688
21 60 1529
21 61 801
22 0 1731
22 1 843
22 2 1445
22 3 1548
22 4 1536
22 5 847
22 6 1505
22 7 1064
22 8 972
22 9 1025
22 10 781
22 11 859
22 12 299
22 13 1649
22 14 1008
22 15 929
22 16 317
22 17 1090
22 18 772
22 19 1897
22 20 1156
22 21 1506
22 22 0
22 23 533
22 24 1589
22 25 1611
22 26 770
22 27 263
22 28 1563
22 29 722
22 30 215
22 31 1515
22 32 674
22 33 167
22 34 1563
22 35 722
22 36 215
22 37 1611
22 38 770
22 39 263
22 40 1659
22 41 818
22 42 311
22 43 1707
22 44 866
22 45 359
22 46 1755
22 47 914
22 48 407
22 49 1803
22 50 962
22 51 455
22 52 1851
22 53 1010
22 54 503
22 55 1899
22 56 1058
22 57 551
22 58 1947
22 59 1106
22 60 599
22 61 1731
23 0 1198
23 1 882
23 2 912
23 3 1015
23 4 1003
23 5 782
23 6 972
23 7 531
23 8 439
23 9 492
23 10 560
23 11 326
23 12 234
23 13 1116
23 14 813
23 15 396
23 16 850
23 17 557
23 18 473
23 19 1364
23 20 623
23 21 973
23 22 533
23 23 0
23 24 1056
23 25 1078
23 26 237
23 27 796
23 28 1030
23 29 189
23 30 748
23 31 982
23 32 141
23 33 700
23 34 1030
23 35 189
23 36 748
23 37 1078
23 38 237
23 39 796
23 40 1126
23 41 285
23 42 844
23 43 1174
23 44 333
23 45 892
23 46 1222
23 47 381
23 48 940
23 49 1270
23 50 429
23 51 988
23 52 1318
23 53 477
23 54 1036
23 55 1366
23 56 525
23 57 1084
23 58 1414
23 59 573
23 60 1132
23 61 1198
24 0 910
24 1 1080
24 2 764
24 3 853
24 4 673
24 5 1076
24 6 704
24 7 729
24 8 925
24 9 690
24 10 1334
24 11 908
24 12 1290
24 13 560
24 14 915
24 15 786
24 16 1702
24 17 755
24 18 1247
24 19 408
24 20 629
24 21 703
24 22 1589
24 23 1056
24 24 0
24 25 790
24 26 1011
24 27 1852
24 28 742
24 29 963
24 30 1804
24 31 694
24 32 915
24 33 1756
24 34 646
24 35 867
24 36 1708
24 37 598
24 38 819
24 39 1660
24 40 550
24 41 771
24 42 1612
24 43 502
24 44 723
24 45 1564
24 46 454
24 47 675
24 48 1516
24 49 406
24 50 627
24 51 1468
24 52 358
24 53 579
24 54 1420
24 55 310
24 56 531
24 57 1372
24 58 358
24 59 579
24 60 1420
24 61 910
25 0 120
25 1 1678
25 2 646
25 3 63
25 4 555
25 5 1578
25 6 394
25 7 1327
25 8 1235
25 9 1288
25 10 1164
25 11 1122
25 12 1312
25 13 538
25 14 1609
25 15 1192
25 16 1628
25 17 1353
25 18 1173
25 19 578
25 20 1419
25 21 681
25 22 1611
25 23 1078
25 24 790
25 25 0
25 26 841
25 27 1682
25 28 48
25 29 889
25 30 1730
25 31 96
25 32 937
25 33 1778
25 34 144
25 35 985
25 36 1826
25 37 192
25 38 1033
25 39 1874
25 40 240
25 41 1081
25 42 1922
25 43 288
25 44 1129
25 45 1970
25 46 336
25 47 1177
25 48 2018
25 49 384
25 50 1225
25 51 2066
25 52 432
25 53 1273
25 54 2114
25 55 480
25 56 1321
25 57 2162
25 58 528
25 59 1369
25 60 2210
25 61 120
26 0 961
26 1 837
26 2 867
26 3 778
26 4 958
26 5 737
26 6 927
26 7 486
26 8 394
26 9 447
26 10 323
26 11 281
26 12 471
26 13 1071
26 14 768
26 15 351
26 16 787
26 17 512
26 18 332
26 19 1319
26 20 578
26 21 928
26 22 770
26 23 237
26 24 1011
26 25 841
26 26 0
26 27 841
26 28 889
26 29 48
26 30 889
26 31 937
26 32 96
26 33 937
26 34 985
26 35 144
26 36 985
26 37 1033
26 38 192
26 39 1033
26 40 1081
26 41 240
26 42 1081
26 43 1129
26 44 288
26 45 1129
26 46 1177
26 47 336
26 48 1177
26 49 1225
26 50 384
26 51 1225
26 52 1273
26 53 432
26 54 1273
26 55 1321
26 56 480
26 57 1321
26 58 1369
26 59 528
26 60 1369
26 61 961
27 0 1802
27 1 772
27 2 1708
27 3 1619
27 4 1799
27 5 776
27 6 1768
27 7 1123
27 8 927
27 9 1162
27 10 518
27 11 944
27 12 562
27 13 1912
27 14 937
27 15 1066
27 16 150
27 17 1097
27 18 605
27 19 2160
27 20 1319
27 21 1769
27 22 263
27 23 796
27 24 1852
27 25 1682
27 26 841
27 27 0
27 28 1730
27 29 889
27 30 48
27 31 1778
27 32 937
27 33 96
27 34 1826
27 35 985
27 36 144
27 37 1874
27 38 1033
27 39 192
27 40 1922
27 41 1081
27 42 240
27 43 1970
27 44 1129
27 45 288
27 46 2018
27 47 1177
27 48 336
27 49 2066
27 50 1225
27 51 384
27 52 2114
27 53 1273
27 54 432
27 55 2162
27 56 1321
27 57 480
27 58 2210
27 59 1369
27 60 528
27 61 1802
28 0 168
28 1 1630
28 2 598
28 3 111
28 4 507
28 5 1530
28 6 346
28 7 1279
28 8 1187
28 9 1240
28 10 1212
28 11 1074
28 12 1264
28 13 490
28 14 1561
28 15 1144
28 16 1580
28 17 1305
28 18 1125
28 19 530
28 20 1371
28 21 633
28 22 1563
28 23 1030
28 24 742
28 25 48
28 26 889
28 27 1730
28 28 0
28 29 841
28 30 1682
28 31 48
28 32 889
28 33 1730
28 34 96
28 35 937
28 36 1778
28 37 144
28 38 985
28 39 1826
28 40 192
28 41 1033
28 42 1874
28 43 240
28 44 1081
28 45 1922
28 46 288
28 47 1129
28 48 1970
28 49 336
28 50 1177
28 51 2018
28 52 384
28 53 1225
28 54 2066
28 55 432
28 56 1273
28 57 2114
28 58 480
28 59 1321
28 60 2162
28 61 168
29 0 1009
29 1 789
29 2 819
29 3 826
29 4 910
29 5 689
29 6 879
29 7 438
29 8 346
29 9 399
29 10 371
29 11 233
29 12 423
29 13 1023
29 14 720
29 15 303
29 16 739
29 17 464
29 18 284
29 19 1271
29 20 530
29 21 880
29 22 722
29 23 189
29 24 963
29 25 889
29 26 48
29 27 889
29 28 841
29 29 0
29 30 841
29 31 889
29 32 48
29 33 889
29 34 937
29 35 96
29 36 937
29 37 985
29 38 144
29 39 985
29 40 1033
29 41 192
29 42 1033
29 43 1081
29 44 240
29 45 1081
29 46 1129
29 47 288
29 48 1129
29 49 1177
29 50 336
29 51 1177
29 52 1225
29 53 384
29 54 1225
29 55 1273
29 56 432
29 57 1273
29 58 1321
29 59 480
29 60 1321
29 61 1009
30 0 1850
30 1 724
30 2 1660
30 3 1667
30 4 1751
30 5 728
30 6 1720
30 7 1075
30 8 879
30 9 1114
30 10 566
30 11 896
30 12 514
30 13 1864
30 14 889
30 15 1018
30 16 102
30 17 1049
30 18 557
30 19 2112
30 20 1271
30 21 1721
30 22 215
30 23 748
30 24 1804
30 25 1730
30 26 889
30 27 48
30 28 1682
30 29 841
30 30 0
30 31 1730
30 32 889
30 33 48
30 34 1778
30 35 937
30 36 96
30 37 1826
30 38 985
30 39 144
30 40 1874
30 41 1033
30 42 192
30 43 1922
30 44 1081
30 45 240
30 46 1970
30 47 1129
30 48 288
30 49 2018
30 50 1177
30 51 336
30 52 2066
30 53 1225
30 54 384
30 55 2114
30 56 1273
30 57 432
30 58 2162
30 59 1321
30 60 480
30 61 1850
31 0 216
31 1 1582
31 2 550
31 3 159
31 4 459
31 5 1482
31 6 298
31 7 1231
31 8 1139
31 9 1192
31 10 1260
31 11 1026
31 12 1216
31 13 442
31 14 1513
31 15 1096
31 16 1628
31 17 1257
31 18 1173
31 19 482
31 20 1323
31 21 585
31 22 1515
31 23 982
31 24 694
31 25 96
31 26 937
31 27 1778
31 28 48
31 29 889
31 30 1730
31 31 0
31 32 841
31 33 1682
31 34 48
31 35 889
31 36 1730
31 37 96
31 38 937
31 39 1778
31 40 144
31 41 985
31 42 1826
31 43 192
31 44 1033
31 45 1874
31 46 240
31 47 1081
31 48 1922
31 49 288
31 50 1129
31 51 1970
31 52 336
31 53 1177
31 54 2018
31 55 384
31 56 1225
31 57 2066
31 58 432
31 59 1273
31 60 2114
31 61 216
32 0 1057
32 1 741
32 2 771
32 3 874
32 4 862
32 5 641
32 6 831
32 7 390
32 8 298
32 9 351
32 10 419
32 11 185
32 12 375
32 13 975
32 14 672
32 15 255
32 16 787
32 17 416
32 18 332
32 19 1223
32 20 482
32 21 832
32 22 674
32 23 141
32 24 915
32 25 937
32 26 96
32 27 937
32 28 889
32 29 48
32 30 889
32 31 841
32 32 0
32 33 841
32 34 889
32 35 48
32 36 889
32 37 937
32 38 96
32 39 937
32 40 985
32 41 144
32 42 985
32 43 1033
32 44 192
32 45 1033
32 46 1081
32 47 240
32 48 1081
32 49 1129
32 50 288
32 51 1129
32 52 1177
32 53 336
32 54 1177
32 55 1225
32 56 384
32 57 1225
32 58 1273
32 59 432
32 60 1273
32 61 1057
33 0 1898
33 1 676
33 2 1612
33 3 1715
33 4 1703
33 5 680
33 6 1672
33 7 1027
33 8 831
33 9 1066
33 10 614
33 11 848
33 12 466
33 13 1816
33 14 841
33 15 970
33 16 150
33 17 1001
33 18 605
33 19 2064
33 20 1223
33 21 1673
33 22 167
33 23 700
33 24 1756
33 25 1778
33 26 937
33 27 96
33 28 1730
33 29 889
33 30 48
33 31 1682
33 32 841
33 33 0
33 34 1730
33 35 889
33 36 48
33 37 1778
33 38 937
33 39 96
33 40 1826
33 41 985
33 42 144
33 43 1874
33 44 1033
33 45 192
33 46 1922
33 47 1081
33 48 240
33 49 1970
33 50 1129
33 51 288
33 52 2018
33 53 1177
33 54 336
33 55 2066
33 56 1225
33 57 384
33 58 2114
33 59 1273
33 60 432
33 61 1898
34 0 264
34 1 1534
34 2 502
34 3 207
34 4 411
34 5 1434
34 6 250
34 7 1183
34 8 1091
34 9 1144
34 10 1308
34 11 978
34 12 1264
34 13 394
34 14 1465
34 15 1048
34 16 1676
34 17 1209
34 18 1221
34 19 434
34 20 1275
34 21 537
34 22 1563
34 23 1030
34 24 646
34 25 144
34 26 985
34 27 1826
34 28 96
34 29 937
34 30 1778
34 31 48
34 32 889
34 33 1730
34 34 0
34 35 841
34 36 1682
34 37 48
34 38 889
34 39 1730
34 40 96
34 41 937
34 42 1778
34 43 144
34 44 985
34 45 1826
34 46 192
34 47 1033
34 48 1874
34 49 240
34 50 1081
34 51 1922
34 52 288
34 53 1129
34 54 1970
34 55 336
34 56 1177
34 57 2018
34 58 384
34 59 1225
34 60 2066
34 61 264
35 0 1105
35 1 693
35 2 723
35 3 922
35 4 814
35 5 593
35 6 783
35 7 342
35 8 250
35 9 303
35 10 467
35 11 137
35 12 423
35 13 927
35 14 624
35 15 207
35 16 835
35 17 368
35 18 380
35 19 1175
35 20 434
35 21 784
35 22 722
35 23 189
35 24 867
35 25 985
35 26 144
35 27 985
35 28 937
35 29 96
35 30 937
35 31 889
35 32 48
35 33 889
35 34 841
35 35 0
35 36 841
35 37 889
35 38 48
35 39 889
35 40 937
35 41 96
35 42 937
35 43 985
35 44 144
35 45 985
35 46 1033
35 47 192
35 48 1033
35 49 1081
35 50 240
35 51 1081
35 52 1129
35 53 288
35 54 1129
35 55 1177
35 56 336
35 57 1177
35 58 1225
35 59 384
35 60 1225
35 61 1105
36 0 1946
36 1 628
36 2 1564
36 3 1763
36 4 1655
36 5 632
36 6 1624
36 7 979
36 8 783
36 9 1018
36 10 662
36 11 800
36 12 514
36 13 1768
36 14 793
36 15 922
36 16 198
36 17 953
36 18 653
36 19 2016
36 20 1175
36 21 1625
36 22 215
36 23 748
36 24 1708
36 25 1826
36 26 985
36 27 144
36 28 1778
36 29 937
36 30 96
36 31 1730
36 32 889
36 33 48
36 34 1682
36 35 841
36 36 0
36 37 1730
36 38 889
36 39 48
36 40 1778
36 41 937
36 42 96
36 43 1826
36 44 985
36 45 144
36 46 1874
36 47 1033
36 48 192
36 49 1922
36 50 1081
36 51 240
36 52 1970
36 53 1129
36 54 288
36 55 2018
36 56 1177
36 57 336
36 58 2066
36 59 1225
36 60 384
36 61 1946
37 0 312
37 1 1486
37 2 454
37 3 255
37 4 363
37 5 1386
37 6 202
37 7 1135
37 8 1043
37 9 1096
37 10 1356
37 11 930
37 12 1312
37 13 346
37 14 1417
37 15 1000
37 16 1724
37 17 1161
37 18 1269
37 19 386
37 20 1227
37 21 489
37 22 1611
37 23 1078
37 24 598
37 25 192
37 26 1033
37 27 1874
37 28 144
37 29 985
37 30 1826
37 31 96
37 32 937
37 33 1778
37 34 48
37 35 889
37 36 1730
37 37 0
37 38 841
37 39 1682
37 40 48
37 41 889
37 42 1730
37 43 96
37 44 937
37 45 1778
37 46 144
37 47 985
37 48 1826
37 49 192
37 50 1033
37 51 1874
37 52 240
37 53 1081
37 54 1922
37 55 288
37 56 1129
37 57 1970
37 58 336
37 59 1177
37 60 2018
37 61 312
38 0 1153
38 1 645
38 2 675
38 3 970
38 4 766
38 5 545
38 6 735
38 7 294
38 8 202
38 9 255
38 10 515
38 11 89
38 12 471
38 13 879
38 14 576
38 15 159
38 16 883
38 17 320
38 18 428
38 19 1127
38 20 386
38 21 736
38 22 770
38 23 237
38 24 819
38 25 1033
38 26 192
38 27 1033
38 28 985
38 29 144
38 30 985
38 31 937
38 32 96
38 33 937
38 34 889
38 35 48
38 36 889
38 37 841
38 38 0
38 39 841
38 40 889
38 41 48
38 42 889
38 43 937
38 44 96
38 45 937
38 46 985
38 47 144
38 48 985
38 49 1033
38 50 192
38 51 1033
38 52 1081
38 53 240
38 54 1081
38 55 1129
38 56 288
38 57 1129
38 58 1177
38 59 336
38 60 1177
38 61 1153
39 0 1994
39 1 580
39 2 1516
39 3 1811
39 4 1607
39 5 584
39 6 1576
39 7 931
39 8 735
39 9 970
39 10 710
39 11 752
39 12 562
39 13 1720
39 14 745
39 15 874
39 16 246
39 17 905
39 18 701
39 19 1968
39 20 1127
39 21 1577
39 22 263
39 23 796
39 24 1660
39 25 1874
39 26 1033
39 27 192
39 28 1826
39 29 985
39 30 144
39 31 1778
39 32 937
39 33 96
39 34 1730
39 35 889
39 36 48
39 37 1682
39 38 841
39 39 0
39 40 1730
39 41 889
39 42 48
39 43 1778
39 44 937
39 45 96
39 46 1826
39 47 985
39 48 144
39 49 1874
39 50 1033
39 51 192
39 52 1922
39 53 1081
39 54 240
39 55 1970
39 56 1129
39 57 288
39 58 2018
39 59 1177
39 60 336
39 61 1994
40 0 360
40 1 1438
40 2 406
40 3 303
40 4 315
40 5 1338
40 6 154
40 7 1087
40 8 995
40 9 1048
40 10 1404
40 11 978
40 12 1360
40 13 298
40 14 1369
40 15 952
40 16 1772
40 17 1113
40 18 1317
40 19 338
40 20 1179
40 21 441
40 22 1659
40 23 1126
40 24 550
40 25 240
40 26 1081
40 27 1922
40 28 192
40 29 1033
40 30 1874
40 31 144
40 32 985
40 33 1826
40 34 96
40 35 937
40 36 1778
40 37 48
40 38 889
40 39 1730
40 40 0
40 41 841
40 42 1682
40 43 48
40 44 889
40 45 1730
40 46 96
40 47 937
40 48 1778
40 49 144
40 50 985
40 51 1826
40 52 192
40 53 1033
40 54 1874
40 55 240
40 56 1081
40 57 1922
40 58 288
40 59 1129
40 60 1970
40 61 360
41 0 1201
41 1 597
41 2 627
41 3 1018
41 4 718
41 5 497
41 6 687
41 7 246
41 8 154
41 9 207
41 10 563
41 11 137
41 12 519
41 13 831
41 14 528
41 15 111
41 16 931
41 17 272
41 18 476
41 19 1079
41 20 338
41 21 688
41 22 818
41 23 285
41 24 771
41 25 1081
41 26 240
41 27 1081
41 28 1033
41 29 192
41 30 1033
41 31 985
41 32 144
41 33 985
41 34 937
41 35 96
41 36 937
41 37 889
41 38 48
41 39 889
41 40 841
41 41 0
41 42 841
41 43 889
41 44 48
41 45 889
41 46 937
41 47 96
41 48 937
41 49 985
41 50 144
41 51 985
41 52 1033
41 53 192
41 54 1033
41 55 1081
41 56 240
41 57 1081
41 58 1129
41 59 288
41 60 1129
41 61 1201
42 0 2042
42 1 532
42 2 1468
42 3 1859
42 4 1559
42 5 536
42 6 1528
42 7 883
42 8 687
42 9 922
42 10 758
42 11 800
42 12 610
42 13 1672
42 14 697
42 15 826
42 16 294
42 17 857
42 18 749
42 19 1920
42 20 1079
42 21 1529
42 22 311
42 23 844
42 24 1612
42 25 1922
42 26 1081
42 27 240
42 28 1874
42 29 1033
42 30 192
42 31 1826
42 32 985
42 33 144
42 34 1778
42 35 937
42 36 96
42 37 1730
42 38 889
42 39 48
42 40 1682
42 41 841
42 42 0
42 43 1730
42 44 889
42 45 48
42 46 1778
42 47 937
42 48 96
42 49 1826
42 50 985
42 51 144
42 52 1874
42 53 1033
42 54 192
42 55 1922
42 56 1081
42 57 240
42 58 1970
42 59 1129
42 60 288
42 61 2042
43 0 408
43 1 1390
43 2 358
43 3 351
43 4 267
43 5 1290
43 6 202
43 7 1039
43 8 1043
43 9 1000
43 10 1452
43 11 1026
43 12 1408
43 13 250
43 14 1321
43 15 904
43 16 1820
43 17 1065
43 18 1365
43 19 290
43 20 1131
43 21 393
43 22 1707
43 23 1174
43 24 502
43 25 288
43 26 1129
43 27 1970
43 28 240
43 29 1081
43 30 1922
43 31 192
43 32 1033
43 33 1874
43 34 144
43 35 985
43 36 1826
43 37 96
43 38 937
43 39 1778
43 40 48
43 41 889
43 42 1730
43 43 0
43 44 841
43 45 1682
43 46 48
43 47 889
43 48 1730
43 49 96
43 50 937
43 51 1778
43 52 144
43 53 985
43 54 1826
43 55 192
43 56 1033
43 57 1874
43 58 240
43 59 1081
43 60 1922
43 61 408
44 0 1249
44 1 549
44 2 579
44 3 1066
44 4 670
44 5 449
44 6 735
44 7 198
44 8 202
44 9 159
44 10 611
44 11 185
44 12 567
44 13 783
44 14 480
44 15 63
44 16 979
44 17 224
44 18 524
44 19 1031
44 20 290
44 21 640
44 22 866
44 23 333
44 24 723
44 25 1129
44 26 288
44 27 1129
44 28 1081
44 29 240
44 30 1081
44 31 1033
44 32 192
44 33 1033
44 34 985
44 35 144
44 36 985
44 37 937
44 38 96
44 39 937
44 40 889
44 41 48
44 42 889
44 43 841
44 44 0
44 45 841
44 46 889
44 47 48
44 48 889
44 49 937
44 50 96
44 51 937
44 52 985
44 53 144
44 54 985
44 55 1033
44 56 192
44 57 1033
44 58 1081
44 59 240
44 60 1081
44 61 1249
45 0 2090
45 1 484
45 2 1420
45 3 1907
45 4 1511
45 5 488
45 6 1576
45 7 835
45 8 735
45 9 874
45 10 806
45 11 848
45 12 658
45 13 1624
45 14 649
45 15 778
45 16 342
45 17 809
45 18 797
45 19 1872
45 20 1031
45 21 1481
45 22 359
45 23 892
45 24 1564
45 25 1970
45 26 1129
45 27 288
45 28 1922
45 29 1081
45 30 240
45 31 1874
45 32 1033
45 33 192
45 34 1826
45 35 985
45 36 144
45 37 1778
45 38 937
45 39 96
45 40 1730
45 41 889
45 42 48
45 43 1682
45 44 841
45 45 0
45 46 1730
45 47 889
45 48 48
45 49 1778
45 50 937
45 51 96
45 52 1826
45 53 985
45 54 144
45 55 1874
45 56 1033
45 57 192
45 58 1922
45 59 1081
45 60 240
45 61 2090
46 0 456
46 1 1342
46 2 310
46 3 399
46 4 219
46 5 1242
46 6 250
46 7 991
46 8 1091
46 9 952
46 10 1500
46 11 1074
46 12 1456
46 13 202
46 14 1273
46 15 952
46 16 1868
46 17 1017
46 18 1413
46 19 242
46 20 1083
46 21 345
46 22 1755
46 23 1222
46 24 454
46 25 336
46 26 1177
46 27 2018
46 28 288
46 29 1129
46 30 1970
46 31 240
46 32 1081
46 33 1922
46 34 192
46 35 1033
46 36 1874
46 37 144
46 38 985
46 39 1826
46 40 96
46 41 937
46 42 1778
46 43 48
46 44 889
46 45 1730
46 46 0
46 47 841
46 48 1682
46 49 48
46 50 889
46 51 1730
46 52 96
46 53 937
46 54 1778
46 55 144
46 56 985
46 57 1826
46 58 192
46 59 1033
46 60 1874
46 61 456
47 0 1297
47 1 501
47 2 531
47 3 1114
47 4 622
47 5 401
47 6 783
47 7 150
47 8 250
47 9 111
47 10 659
47 11 233
47 12 615
47 13 735
47 14 432
47 15 111
47 16 1027
47 17 176
47 18 572
47 19 983
47 20 242
47 21 592
47 22 914
47 23 381
47 24 675
47 25 1177
47 26 336
47 27 1177
47 28 1129
47 29 288
47 30 1129
47 31 1081
47 32 240
47 33 1081
47 34 1033
47 35 192
47 36 1033
47 37 985
47 38 144
47 39 985
47 40 937
47 41 96
47 42 937
47 43 889
47 44 48
47 45 889
47 46 841
47 47 0
47 48 841
47 49 889
47 50 48
47 51 889
47 52 937
47 53 96
47 54 937
47 55 985
47 56 144
47 57 985
47 58 1033
47 59 192
47 60 1033
47 61 1297
48 0 2138
48 1 436
48 2 1372
48 3 1955
48 4 1463
48 5 440
48 6 1624
48 7 787
48 8 783
48 9 826
48 10 854
48 11 896
48 12 706
48 13 1576
48 14 601
48 15 826
48 16 390
48 17 761
48 18 845
48 19 1824
48 20 983
48 21 1433
48 22 407
48 23 940
48 24 1516
48 25 2018
48 26 1177
48 27 336
48 28 1970
48 29 1129
48 30 288
48 31 1922
48 32 1081
48 33 240
48 34 1874
48 35 1033
48 36 192
48 37 1826
48 38 985
48 39 144
48 40 1778
48 41 937
48 42 96
48 43 1730
48 44 889
48 45 48
48 46 1682
48 47 841
48 48 0
48 49 1730
48 50 889
48 51 48
48 52 1778
48 53 937
48 54 96
48 55 1826
48 56 985
48 57 144
48 58 1874
48 59 1033
48 60 192
48 61 2138
49 0 504
49 1 1294
49 2 358
49 3 447
49 4 267
49 5 1290
49 6 298
49 7 943
49 8 1139
49 9 904
49 10 1548
49 11 1122
49 12 1504
49 13 154
49 14 1225
49 15 1000
49 16 1916
49 17 969
49 18 1461
49 19 194
49 20 1035
49 21 297
49 22 1803
49 23 1270
49 24 406
49 25 384
49 26 1225
49 27 2066
49 28 336
49 29 1177
49 30 2018
49 31 288
49 32 1129
49 33 1970
49 34 240
49 35 1081
49 36 1922
49 37 192
49 38 1033
49 39 1874
49 40 144
49 41 985
49 42 1826
49 43 96
49 44 937
49 45 1778
49 46 48
49 47 889
49 48 1730
49 49 0
49 50 841
49 51 1682
49 52 48
49 53 889
49 54 1730
49 55 96
49 56 937
49 57 1778
49 58 144
49 59 985
49 60 1826
49 61 504
50 0 1345
50 1 453
50 2 579
50 3 1162
50 4 670
50 5 449
50 6 831
50 7 102
50 8 298
50 9 63
50 10 707
50 11 281
50 12 663
50 13 687
50 14 384
50 15 159
50 16 1075
50 17 128
50 18 620
50 19 935
50 20 194
50 21 544
50 22 962
50 23 429
50 24 627
50 25 1225
50 26 384
50 27 1225
50 28 1177
50 29 336
50 30 1177
50 31 1129
50 32 288
50 33 1129
50 34 1081
50 35 240
50 36 1081
50 37 1033
50 38 192
50 39 1033
50 40 985
50 41 144
50 42 985
50 43 937
50 44 96
50 45 937
50 46 889
50 47 48
50 48 889
50 49 841
50 50 0
50 51 841
50 52 889
50 53 48
50 54 889
50 55 937
50 56 96
50 57 937
50 58 985
50 59 144
50 60 985
50 61 1345
51 0 2186
51 1 388
51 2 1420
51 3 2003
51 4 1511
51 5 488
51 6 1672
51 7 739
51 8 831
51 9 778
51 10 902
51 11 944
51 12 754
51 13 1528
51 14 553
51 15 874
51 16 438
51 17 713
51 18 893
51 19 1776
51 20 935
51 21 1385
51 22 455
51 23 988
51 24 1468
51 25 2066
51 26 1225
51 27 384
51 28 2018
51 29 1177
51 30 336
51 31 1970
51 32 1129
51 33 288
51 34 1922
51 35 1081
51 36 240
51 37 1874
51 38 1033
51 39 192
51 40 1826
51 41 985
51 42 144
51 43 1778
51 44 937
51 45 96
51 46 1730
51 47 889
51 48 48
51 49 1682
51 50 841
51 51 0
51 52 1730
51 53 889
51 54 48
51 55 1778
51 56 937
51 57 96
51 58 1826
51 59 985
51 60 144
51 61 2186
52 0 552
52 1 1342
52 2 406
52 3 495
52 4 315
52 5 1338
52 6 346
52 7 991
52 8 1187
52 9 952
52 10 1596
52 11 1170
52 12 1552
52 13 202
52 14 1177
52 15 1048
52 16 1964
52 17 1017
52 18 1509
52 19 146
52 20 987
52 21 345
52 22 1851
52 23 1318
52 24 358
52 25 432
52 26 1273
52 27 2114
52 28 384
52 29 1225
52 30 2066
52 31 336
52 32 1177
52 33 2018
52 34 288
52 35 1129
52 36 1970
52 37 240
52 38 1081
52 39 1922
52 40 192
52 41 1033
52 42 1874
52 43 144
52 44 985
52 45 1826
52 46 96
52 47 937
52 48 1778
52 49 48
52 50 889
52 51 1730
52 52 0
52 53 841
52 54 1682
52 55 48
52 56 889
52 57 1730
52 58 96
52 59 937
52 60 1778
52 61 552
53 0 1393
53 1 501
53 2 627
53 3 1210
53 4 718
53 5 497
53 6 879
53 7 150
53 8 346
53 9 111
53 10 755
53 11 329
53 12 711
53 13 735
53 14 336
53 15 207
53 16 1123
53 17 176
53 18 668
53 19 887
53 20 146
53 21 592
53 22 1010
53 23 477
53 24 579
53 25 1273
53 26 432
53 27 1273
53 28 1225
53 29 384
53 30 1225
53 31 1177
53 32 336
53 33 1177
53 34 1129
53 35 288
53 36 1129
53 37 1081
53 38 240
53 39 1081
53 40 1033
53 41 192
53 42 1033
53 43 985
53 44 144
53 45 985
53 46 937
53 47 96
53 48 937
53 49 889
53 50 48
53 51 889
53 52 841
53 53 0
53 54 841
53 55 889
53 56 48
53 57 889
53 58 937
53 59 96
53 60 937
53 61 1393
54 0 2234
54 1 436
54 2 1468
54 3 2051
54 4 1559
54 5 536
54 6 1720
54 7 787
54 8 879
54 9 826
54 10 950
54 11 992
54 12 802
54 13 1576
54 14 505
54 15 922
54 16 486
54 17 761
54 18 941
54 19 1728
54 20 887
54 21 1433
54 22 503
54 23 1036
54 24 1420
54 25 2114
54 26 1273
54 27 432
54 28 2066
54 29 1225
54 30 384
54 31 2018
54 32 1177
54 33 336
54 34 1970
54 35 1129
54 36 288
54 37 1922
54 38 1081
54 39 240
54 40 1874
54 41 1033
54 42 192
54 43 1826
54 44 985
54 45 144
54 46 1778
54 47 937
54 48 96
54 49 1730
54 50 889
54 51 48
54 52 1682
54 53 841
54 54 0
54 55 1730
54 56 889
54 57 48
54 58 1778
54 59 937
54 60 96
54 61 2234
55 0 600
55 1 1390
55 2 454
55 3 543
55 4 363
55 5 1386
55 6 394
55 7 1039
55 8 1235
55 9 1000
55 10 1644
55 11 1218
55 12 1600
55 13 250
55 14 1225
55 15 1096
55 16 2012
55 17 1065
55 18 1557
55 19 98
55 20 939
55 21 393
55 22 1899
55 23 1366
55 24 310
55 25 480
55 26 1321
55 27 2162
55 28 432
55 29 1273
55 30 2114
55 31 384
55 32 1225
55 33 2066
55 34 336
55 35 1177
55 36 2018
55 37 288
55 38 1129
55 39 1970
55 40 240
55 41 1081
55 42 1922
55 43 192
55 44 1033
55 45 1874
55 46 144
55 47 985
55 48 1826
55 49 96
55 50 937
55 51 1778
55 52 48
55 53 889
55 54 1730
55 55 0
55 56 841
55 57 1682
55 58 48
55 59 889
55 60 1730
55 61 600
56 0 1441
56 1 549
56 2 675
56 3 1258
56 4 766
56 5 545
56 6 927
56 7 198
56 8 394
56 9 159
56 10 803
56 11 377
56 12 759
56 13 783
56 14 384
56 15 255
56 16 1171
56 17 224
56 18 716
56 19 839
56 20 98
56 21 640
56 22 1058
56 23 525
56 24 531
56 25 1321
56 26 480
56 27 1321
56 28 1273
56 29 432
56 30 1273
56 31 1225
56 32 384
56 33 1225
56 34 1177
56 35 336
56 36 1177
56 37 1129
56 38 288
56 39 1129
56 40 1081
56 41 240
56 42 1081
56 43 1033
56 44 192
56 45 1033
56 46 985
56 47 144
56 48 985
56 49 937
56 50 96
56 51 937
56 52 889
56 53 48
56 54 889
56 55 841
56 56 0
56 57 841
56 58 889
56 59 48
56 60 889
56 61 1441
57 0 2282
57 1 484
57 2 1516
57 3 2099
57 4 1607
57 5 584
57 6 1768
57 7 835
57 8 927
57 9 874
57 10 998
57 11 1040
57 12 850
57 13 1624
57 14 553
57 15 970
57 16 534
57 17 809
57 18 989
57 19 1680
57 20 839
57 21 1481
57 22 551
57 23 1084
57 24 1372
57 25 2162
57 26 1321
57 27 480
57 28 2114
57 29 1273
57 30 432
57 31 2066
57 32 1225
57 33 384
57 34 2018
57 35 1177
57 36 336
57 37 1970
57 38 1129
57 39 288
57 40 1922
57 41 1081
57 42 240
57 43 1874
57 44 1033
57 45 192
57 46 1826
57 47 985
57 48 144
57 49 1778
57 50 937
57 51 96
57 52 1730
57 53 889
57 54 48
57 55 1682
57 56 841
57 57 0
57 58 1730
57 59 889
57 60 48
57 61 2282
58 0 648
58 1 1438
58 2 502
58 3 591
58 4 411
58 5 1434
58 6 442
58 7 1087
58 8 1283
58 9 1048
58 10 1692
58 11 1266
58 12 1648
58 13 298
58 14 1273
58 15 1144
58 16 2060
58 17 1113
58 18 1605
58 19 50
58 20 891
58 21 441
58 22 1947
58 23 1414
58 24 358
58 25 528
58 26 1369
58 27 2210
58 28 480
58 29 1321
58 30 2162
58 31 432
58 32 1273
58 33 2114
58 34 384
58 35 1225
58 36 2066
58 37 336
58 38 1177
58 39 2018
58 40 288
58 41 1129
58 42 1970
58 43 240
58 44 1081
58 45 1922
58 46 192
58 47 1033
58 48 1874
58 49 144
58 50 985
58 51 1826
58 52 96
58 53 937
58 54 1778
58 55 48
58 56 889
58 57 1730
58 58 0
58 59 841
58 60 1682
58 61 648
59 0 1489
59 1 597
59 2 723
59 3 1306
59 4 814
59 5 593
59 6 975
59 7 246
59 8 442
59 9 207
59 10 851
59 11 425
59 12 807
59 13 831
59 14 432
59 15 303
59 16 1219
59 17 272
59 18 764
59 19 791
59 20 50
59 21 688
59 22 1106
59 23 573
59 24 579
59 25 1369
59 26 528
59 27 1369
59 28 1321
59 29 480
59 30 1321
59 31 1273
59 32 432
59 33 1273
59 34 1225
59 35 384
59 36 1225
59 37 1177
59 38 336
59 39 1177
59 40 1129
59 41 288
59 42 1129
59 43 1081
59 44 240
59 45 1081
59 46 1033
59 47 192
59 48 1033
59 49 985
59 50 144
59 51 985
59 52 937
59 53 96
59 54 937
59 55 889
59 56 48
59 57 889
59 58 841
59 59 0
59 60 841
59 61 1489
60 0 2330
60 1 532
60 2 1564
60 3 2147
60 4 1655
60 5 632
60 6 1816
60 7 883
60 8 975
60 9 922
60 10 1046
60 11 1088
60 12 898
60 13 1672
60 14 601
60 15 1018
60 16 582
60 17 857
60 18 1037
60 19 1632
60 20 791
60 21 1529
60 22 599
60 23 1132
60 24 1420
60 25 2210
60 26 1369
60 27 528
60 28 2162
60 29 1321
60 30 480
60 31 2114
60 32 1273
60 33 432
60 34 2066
60 35 1225
60 36 384
60 37 2018
