//alpha
1
//NbLocations
43
//NbProducts
24
//NbPickers
2
//CapaPicker
8
//TimeToTravelOneDistanceUnit
3
//SetupTime
5400
//PickTime
300
//Products
//Idx Location Size
1 1 1
2 2 1
3 3 1
4 4 1
5 5 1
6 6 1
7 7 1
8 8 1
9 9 1
10 10 1
11 11 1
12 12 1
13 13 1
14 14 1
15 15 1
16 16 1
17 17 1
18 18 1
19 19 1
20 20 1
21 21 1
22 22 1
23 23 1
24 24 1
//Orders
//NbOrders
18
//Idx DueDate TardinessPenalty NbProdInOrder ProdIdx1 Qty1 ProdIdx2 Qty2 ...
1 54000 0 3 1 1 2 1 3 1
2 144000 0 1 4 1
3 144000 0 1 5 1
4 72000 0 1 6 1
5 108000 0 1 7 1
6 144000 0 2 8 1 9 1
7 36000 0 1 10 1
8 36000 0 1 11 1
9 126000 0 1 12 1
10 90000 0 2 13 1 14 1
11 144000 0 1 15 1
12 126000 0 1 16 1
13 54000 0 1 17 1
14 90000 0 1 18 1
15 108000 0 1 19 1
16 72000 0 2 20 1 21 1
17 108000 0 1 22 1
18 90000 0 2 23 1 24 1
//Graph (Products are vertices indexed from 1 to NbProducts)
//NbVerticesIntersections
18
//DepartingDepot
0
//ArrivalDepot
43
//Arcs
//Start End Distance
0 25 120
1 11 78
1 23 91
2 22 78
2 34 128
3 24 13
3 28 63
4 31 362
4 32 89
5 20 13
5 33 76
6 35 401
6 36 50
7 12 13
7 26 375
8 16 52
8 30 258
9 13 117
9 15 26
10 14 52
10 27 76
11 1 78
11 37 89
12 7 13
12 25 63
13 9 117
13 20 52
14 10 52
14 17 260
15 9 26
15 32 167
16 8 52
16 29 141
17 14 260
17 26 63
18 24 208
18 29 167
19 41 76
19 42 375
20 5 13
20 13 52
21 40 89
21 41 362
22 2 78
22 35 245
23 1 91
23 38 193
24 3 13
24 18 208
25 12 63
25 28 48
25 43 120
26 7 375
26 17 63
26 29 48
27 10 76
27 30 48
28 3 63
28 25 48
28 31 48
29 16 141
29 18 167
29 26 48
29 32 48
30 8 258
30 27 48
30 33 48
31 4 362
31 28 48
31 34 48
32 4 89
32 15 167
32 29 48
32 35 48
33 5 76
33 30 48
33 36 48
34 2 128
34 31 48
34 37 48
35 6 401
35 22 245
35 32 48
35 38 48
36 6 50
36 33 48
36 39 48
37 11 89
37 34 48
37 40 48
38 23 193
38 35 48
38 39 451
38 41 48
39 36 48
39 38 451
39 42 48
40 21 89
40 37 48
41 19 76
41 21 362
41 38 48
42 19 375
42 39 48
//LocStart LocEnd ShortestPath
0 0 0
0 1 479
0 2 392
0 3 231
0 4 578
0 5 1042
0 6 1116
0 7 196
0 8 812
0 9 860
0 10 946
0 11 401
0 12 183
0 13 977
0 14 894
0 15 834
0 16 760
0 17 634
0 18 452
0 19 887
0 20 1029
0 21 449
0 22 470
0 23 570
0 24 244
0 25 120
0 26 571
0 27 1022
0 28 168
0 29 619
0 30 1070
0 31 216
0 32 667
0 33 1118
0 34 264
0 35 715
0 36 1166
0 37 312
0 38 763
0 39 1214
0 40 360
0 41 811
0 42 1262
0 43 0
1 0 479
1 1 0
1 2 343
1 3 374
1 4 469
1 5 755
1 6 733
1 7 435
1 8 621
1 9 573
1 10 851
1 11 78
1 12 422
1 13 690
1 14 799
1 15 547
1 16 569
1 17 539
1 18 595
1 19 408
1 20 742
1 21 304
1 22 421
1 23 91
1 24 387
1 25 359
1 26 476
1 27 927
1 28 311
1 29 428
1 30 879
1 31 263
1 32 380
1 33 831
1 34 215
1 35 332
1 36 783
1 37 167
1 38 284
1 39 735
1 40 215
1 41 332
1 42 783
1 43 479
2 0 392
2 1 343
2 2 0
2 3 287
2 4 460
2 5 746
2 6 724
2 7 348
2 8 612
2 9 564
2 10 842
2 11 265
2 12 335
2 13 681
2 14 790
2 15 538
2 16 560
2 17 530
2 18 508
2 19 495
2 20 733
2 21 313
2 22 78
2 23 434
2 24 300
2 25 272
2 26 467
2 27 918
2 28 224
2 29 419
2 30 870
2 31 176
2 32 371
2 33 822
2 34 128
2 35 323
2 36 774
2 37 176
2 38 371
2 39 822
2 40 224
2 41 419
2 42 870
2 43 392
3 0 231
3 1 374
3 2 287
3 3 0
3 4 473
3 5 811
3 6 885
3 7 187
3 8 581
3 9 629
3 10 811
3 11 296
3 12 174
3 13 746
3 14 759
3 15 603
3 16 529
3 17 499
3 18 221
3 19 656
3 20 798
3 21 344
3 22 365
3 23 465
3 24 13
3 25 111
3 26 436
3 27 887
3 28 63
3 29 388
3 30 839
3 31 111
3 32 436
3 33 887
3 34 159
3 35 484
3 36 935
3 37 207
3 38 532
3 39 983
3 40 255
3 41 580
3 42 1031
3 43 231
4 0 578
4 1 469
4 2 460
4 3 473
4 4 0
4 5 464
4 6 538
4 7 534
4 8 330
4 9 282
4 10 560
4 11 547
4 12 521
4 13 399
4 14 508
4 15 256
4 16 278
4 17 248
4 18 304
4 19 309
4 20 451
4 21 595
4 22 382
4 23 378
4 24 486
4 25 458
4 26 185
4 27 636
4 28 410
4 29 137
4 30 588
4 31 362
4 32 89
4 33 540
4 34 410
4 35 137
4 36 588
4 37 458
4 38 185
4 39 636
4 40 506
4 41 233
4 42 684
4 43 578
5 0 1042
5 1 755
5 2 746
5 3 811
5 4 464
5 5 0
5 6 174
5 7 846
5 8 382
5 9 182
5 10 248
5 11 833
5 12 859
5 13 65
5 14 300
5 15 208
5 16 434
5 17 534
5 18 590
5 19 595
5 20 13
5 21 881
5 22 668
5 23 664
5 24 798
5 25 922
5 26 471
5 27 172
5 28 874
5 29 423
5 30 124
5 31 826
5 32 375
5 33 76
5 34 874
5 35 423
5 36 124
5 37 922
5 38 471
5 39 172
5 40 970
5 41 519
5 42 220
5 43 1042
6 0 1116
6 1 733
6 2 724
6 3 885
6 4 538
6 5 174
6 6 0
6 7 920
6 8 404
6 9 356
6 10 270
6 11 811
6 12 933
6 13 239
6 14 322
6 15 382
6 16 456
6 17 582
6 18 664
6 19 521
6 20 187
6 21 859
6 22 646
6 23 642
6 24 872
6 25 996
6 26 545
6 27 194
6 28 948
6 29 497
6 30 146
6 31 900
6 32 449
6 33 98
6 34 852
6 35 401
6 36 50
6 37 900
6 38 449
6 39 98
6 40 948
6 41 497
6 42 146
6 43 1116
7 0 196
7 1 435
7 2 348
7 3 187
7 4 534
7 5 846
7 6 920
7 7 0
7 8 616
7 9 664
7 10 750
7 11 357
7 12 13
7 13 781
7 14 698
7 15 638
7 16 564
7 17 438
7 18 408
7 19 691
7 20 833
7 21 405
7 22 426
7 23 526
7 24 200
7 25 76
7 26 375
7 27 826
7 28 124
7 29 423
7 30 874
7 31 172
7 32 471
7 33 922
7 34 220
7 35 519
7 36 970
7 37 268
7 38 567
7 39 1018
7 40 316
7 41 615
7 42 1066
7 43 196
8 0 812
8 1 621
8 2 612
8 3 581
8 4 330
8 5 382
8 6 404
8 7 616
8 8 0
8 9 434
8 10 382
8 11 699
8 12 629
8 13 447
8 14 434
8 15 408
8 16 52
8 17 304
8 18 360
8 19 461
8 20 395
8 21 747
8 22 534
8 23 530
8 24 568
8 25 692
8 26 241
8 27 306
8 28 644
8 29 193
8 30 258
8 31 692
8 32 241
8 33 306
8 34 740
8 35 289
8 36 354
8 37 788
8 38 337
8 39 402
8 40 836
8 41 385
8 42 450
8 43 812
9 0 860
9 1 573
9 2 564
9 3 629
9 4 282
9 5 182
9 6 356
9 7 664
9 8 434
9 9 0
9 10 430
9 11 651
9 12 677
9 13 117
9 14 482
9 15 26
9 16 382
9 17 352
9 18 408
9 19 413
9 20 169
9 21 699
9 22 486
9 23 482
9 24 616
9 25 740
9 26 289
9 27 354
9 28 692
9 29 241
9 30 306
9 31 644
9 32 193
9 33 258
9 34 692
9 35 241
9 36 306
9 37 740
9 38 289
9 39 354
9 40 788
9 41 337
9 42 402
9 43 860
10 0 946
10 1 851
10 2 842
10 3 811
10 4 560
10 5 248
10 6 270
10 7 750
10 8 382
10 9 430
10 10 0
10 11 929
10 12 763
10 13 313
10 14 52
10 15 456
10 16 434
10 17 312
10 18 590
10 19 691
10 20 261
10 21 977
10 22 764
10 23 760
10 24 798
10 25 826
10 26 375
10 27 76
10 28 874
10 29 423
10 30 124
10 31 922
10 32 471
10 33 172
10 34 970
10 35 519
10 36 220
10 37 1018
10 38 567
10 39 268
10 40 1066
10 41 615
10 42 316
10 43 946
11 0 401
11 1 78
11 2 265
11 3 296
11 4 547
11 5 833
11 6 811
11 7 357
11 8 699
11 9 651
11 10 929
11 11 0
11 12 344
11 13 768
11 14 877
11 15 625
11 16 647
11 17 617
11 18 517
11 19 486
11 20 820
11 21 226
11 22 343
11 23 169
11 24 309
11 25 281
11 26 554
11 27 1005
11 28 233
11 29 506
11 30 957
11 31 185
11 32 458
11 33 909
11 34 137
11 35 410
11 36 861
11 37 89
11 38 362
11 39 813
11 40 137
11 41 410
11 42 861
11 43 401
12 0 183
12 1 422
12 2 335
12 3 174
12 4 521
12 5 859
12 6 933
12 7 13
12 8 629
12 9 677
12 10 763
12 11 344
12 12 0
12 13 794
12 14 711
12 15 651
12 16 577
12 17 451
12 18 395
12 19 704
12 20 846
12 21 392
12 22 413
12 23 513
12 24 187
12 25 63
12 26 388
12 27 839
12 28 111
12 29 436
12 30 887
12 31 159
12 32 484
12 33 935
12 34 207
12 35 532
12 36 983
12 37 255
12 38 580
12 39 1031
12 40 303
12 41 628
12 42 1079
12 43 183
13 0 977
13 1 690
13 2 681
13 3 746
13 4 399
13 5 65
13 6 239
13 7 781
13 8 447
13 9 117
13 10 313
13 11 768
13 12 794
13 13 0
13 14 365
13 15 143
13 16 499
13 17 469
13 18 525
13 19 530
13 20 52
13 21 816
13 22 603
13 23 599
13 24 733
13 25 857
13 26 406
13 27 237
13 28 809
13 29 358
13 30 189
13 31 761
13 32 310
13 33 141
13 34 809
13 35 358
13 36 189
13 37 857
13 38 406
13 39 237
13 40 905
13 41 454
13 42 285
13 43 977
14 0 894
14 1 799
14 2 790
14 3 759
14 4 508
14 5 300
14 6 322
14 7 698
14 8 434
14 9 482
14 10 52
14 11 877
14 12 711
14 13 365
14 14 0
14 15 508
14 16 486
14 17 260
14 18 538
14 19 639
14 20 313
14 21 925
14 22 712
14 23 708
14 24 746
14 25 774
14 26 323
14 27 128
14 28 822
14 29 371
14 30 176
14 31 870
14 32 419
14 33 224
14 34 918
14 35 467
14 36 272
14 37 966
14 38 515
14 39 320
14 40 1014
14 41 563
14 42 368
14 43 894
15 0 834
15 1 547
15 2 538
15 3 603
15 4 256
15 5 208
15 6 382
15 7 638
15 8 408
15 9 26
15 10 456
15 11 625
15 12 651
15 13 143
15 14 508
15 15 0
15 16 356
15 17 326
15 18 382
15 19 387
15 20 195
15 21 673
15 22 460
15 23 456
15 24 590
15 25 714
15 26 263
15 27 380
15 28 666
15 29 215
15 30 332
15 31 618
15 32 167
15 33 284
15 34 666
15 35 215
15 36 332
15 37 714
15 38 263
15 39 380
15 40 762
15 41 311
15 42 428
15 43 834
16 0 760
16 1 569
16 2 560
16 3 529
16 4 278
16 5 434
16 6 456
16 7 564
16 8 52
16 9 382
16 10 434
16 11 647
16 12 577
16 13 499
16 14 486
16 15 356
16 16 0
16 17 252
16 18 308
16 19 409
16 20 447
16 21 695
16 22 482
16 23 478
16 24 516
16 25 640
16 26 189
16 27 358
16 28 592
16 29 141
16 30 310
16 31 640
16 32 189
16 33 358
16 34 688
16 35 237
16 36 406
16 37 736
16 38 285
16 39 454
16 40 784
16 41 333
16 42 502
16 43 760
17 0 634
17 1 539
17 2 530
17 3 499
17 4 248
17 5 534
17 6 582
17 7 438
17 8 304
17 9 352
17 10 312
17 11 617
17 12 451
17 13 469
17 14 260
17 15 326
17 16 252
17 17 0
17 18 278
17 19 379
17 20 521
17 21 665
17 22 452
17 23 448
17 24 486
17 25 514
17 26 63
17 27 388
17 28 562
17 29 111
17 30 436
17 31 610
17 32 159
17 33 484
17 34 658
17 35 207
17 36 532
17 37 706
17 38 255
17 39 580
17 40 754
17 41 303
17 42 628
17 43 634
18 0 452
18 1 595
18 2 508
18 3 221
18 4 304
18 5 590
18 6 664
18 7 408
18 8 360
18 9 408
18 10 590
18 11 517
18 12 395
18 13 525
18 14 538
18 15 382
18 16 308
18 17 278
18 18 0
18 19 435
18 20 577
18 21 565
18 22 508
18 23 504
18 24 208
18 25 332
18 26 215
18 27 666
18 28 284
18 29 167
18 30 618
18 31 332
18 32 215
18 33 666
18 34 380
18 35 263
18 36 714
18 37 428
18 38 311
18 39 762
18 40 476
18 41 359
18 42 810
18 43 452
19 0 887
19 1 408
19 2 495
19 3 656
19 4 309
19 5 595
19 6 521
19 7 691
19 8 461
19 9 413
19 10 691
19 11 486
19 12 704
19 13 530
19 14 639
19 15 387
19 16 409
19 17 379
19 18 435
19 19 0
19 20 582
19 21 438
19 22 417
19 23 317
19 24 643
19 25 767
19 26 316
19 27 615
19 28 719
19 29 268
19 30 567
19 31 671
19 32 220
19 33 519
19 34 623
19 35 172
19 36 471
19 37 575
19 38 124
19 39 423
19 40 527
19 41 76
19 42 375
19 43 887
20 0 1029
20 1 742
20 2 733
20 3 798
20 4 451
20 5 13
20 6 187
20 7 833
20 8 395
20 9 169
20 10 261
20 11 820
20 12 846
20 13 52
20 14 313
20 15 195
20 16 447
20 17 521
20 18 577
20 19 582
20 20 0
20 21 868
20 22 655
20 23 651
20 24 785
20 25 909
20 26 458
20 27 185
20 28 861
20 29 410
20 30 137
20 31 813
20 32 362
20 33 89
20 34 861
20 35 410
20 36 137
20 37 909
20 38 458
20 39 185
20 40 957
20 41 506
20 42 233
20 43 1029
21 0 449
21 1 304
21 2 313
21 3 344
21 4 595
21 5 881
21 6 859
21 7 405
21 8 747
21 9 699
21 10 977
21 11 226
21 12 392
21 13 816
21 14 925
21 15 673
21 16 695
21 17 665
21 18 565
21 19 438
21 20 868
21 21 0
21 22 391
21 23 395
21 24 357
21 25 329
21 26 602
21 27 1053
21 28 281
21 29 554
21 30 1005
21 31 233
21 32 506
21 33 957
21 34 185
21 35 458
21 36 909
21 37 137
21 38 410
21 39 861
21 40 89
21 41 362
21 42 813
21 43 449
22 0 470
22 1 421
22 2 78
22 3 365
22 4 382
22 5 668
22 6 646
22 7 426
22 8 534
22 9 486
22 10 764
22 11 343
22 12 413
22 13 603
22 14 712
22 15 460
22 16 482
22 17 452
22 18 508
22 19 417
22 20 655
22 21 391
22 22 0
22 23 486
22 24 378
22 25 350
22 26 389
22 27 840
22 28 302
22 29 341
22 30 792
22 31 254
22 32 293
22 33 744
22 34 206
22 35 245
22 36 696
22 37 254
22 38 293
22 39 744
22 40 302
22 41 341
22 42 792
22 43 470
23 0 570
23 1 91
23 2 434
23 3 465
23 4 378
23 5 664
23 6 642
23 7 526
23 8 530
23 9 482
23 10 760
23 11 169
23 12 513
23 13 599
23 14 708
23 15 456
23 16 478
23 17 448
23 18 504
23 19 317
23 20 651
23 21 395
23 22 486
23 23 0
23 24 478
23 25 450
23 26 385
23 27 836
23 28 402
23 29 337
23 30 788
23 31 354
23 32 289
23 33 740
23 34 306
23 35 241
23 36 692
23 37 258
23 38 193
23 39 644
23 40 306
23 41 241
23 42 692
23 43 570
24 0 244
24 1 387
24 2 300
24 3 13
24 4 486
24 5 798
24 6 872
24 7 200
24 8 568
24 9 616
24 10 798
24 11 309
24 12 187
24 13 733
24 14 746
24 15 590
24 16 516
24 17 486
24 18 208
24 19 643
24 20 785
24 21 357
24 22 378
24 23 478
24 24 0
24 25 124
24 26 423
24 27 874
24 28 76
24 29 375
24 30 826
24 31 124
24 32 423
24 33 874
24 34 172
24 35 471
24 36 922
24 37 220
24 38 519
24 39 970
24 40 268
24 41 567
24 42 1018
24 43 244
25 0 120
25 1 359
25 2 272
25 3 111
25 4 458
25 5 922
25 6 996
25 7 76
25 8 692
25 9 740
25 10 826
25 11 281
25 12 63
25 13 857
25 14 774
25 15 714
25 16 640
25 17 514
25 18 332
25 19 767
25 20 909
25 21 329
25 22 350
25 23 450
25 24 124
25 25 0
25 26 451
25 27 902
25 28 48
25 29 499
25 30 950
25 31 96
25 32 547
25 33 998
25 34 144
25 35 595
25 36 1046
25 37 192
25 38 643
25 39 1094
25 40 240
25 41 691
25 42 1142
25 43 120
26 0 571
26 1 476
26 2 467
26 3 436
26 4 185
26 5 471
26 6 545
26 7 375
26 8 241
26 9 289
26 10 375
26 11 554
26 12 388
26 13 406
26 14 323
26 15 263
26 16 189
26 17 63
26 18 215
26 19 316
26 20 458
26 21 602
26 22 389
26 23 385
26 24 423
26 25 451
26 26 0
26 27 451
26 28 499
26 29 48
26 30 499
26 31 547
26 32 96
26 33 547
26 34 595
26 35 144
26 36 595
26 37 643
26 38 192
26 39 643
26 40 691
26 41 240
26 42 691
26 43 571
27 0 1022
27 1 927
27 2 918
27 3 887
27 4 636
27 5 172
27 6 194
27 7 826
27 8 306
27 9 354
27 10 76
27 11 1005
27 12 839
27 13 237
27 14 128
27 15 380
27 16 358
27 17 388
27 18 666
27 19 615
27 20 185
27 21 1053
27 22 840
27 23 836
27 24 874
27 25 902
27 26 451
27 27 0
27 28 950
27 29 499
27 30 48
27 31 998
27 32 547
27 33 96
27 34 1046
27 35 595
27 36 144
27 37 1094
27 38 643
27 39 192
27 40 1142
27 41 691
27 42 240
27 43 1022
28 0 168
28 1 311
28 2 224
28 3 63
28 4 410
28 5 874
28 6 948
28 7 124
28 8 644
28 9 692
28 10 874
28 11 233
28 12 111
28 13 809
28 14 822
28 15 666
28 16 592
28 17 562
28 18 284
28 19 719
28 20 861
28 21 281
28 22 302
28 23 402
28 24 76
28 25 48
28 26 499
28 27 950
28 28 0
28 29 451
28 30 902
28 31 48
28 32 499
28 33 950
28 34 96
28 35 547
28 36 998
28 37 144
28 38 595
28 39 1046
28 40 192
28 41 643
28 42 1094
28 43 168
29 0 619
29 1 428
29 2 419
29 3 388
29 4 137
29 5 423
29 6 497
29 7 423
29 8 193
29 9 241
29 10 423
29 11 506
29 12 436
29 13 358
29 14 371
29 15 215
29 16 141
29 17 111
29 18 167
29 19 268
29 20 410
29 21 554
29 22 341
29 23 337
29 24 375
29 25 499
29 26 48
29 27 499
29 28 451
29 29 0
29 30 451
29 31 499
29 32 48
29 33 499
29 34 547
29 35 96
29 36 547
29 37 595
29 38 144
29 39 595
29 40 643
29 41 192
29 42 643
29 43 619
30 0 1070
30 1 879
30 2 870
30 3 839
30 4 588
30 5 124
30 6 146
30 7 874
30 8 258
30 9 306
30 10 124
30 11 957
30 12 887
30 13 189
30 14 176
30 15 332
30 16 310
30 17 436
30 18 618
30 19 567
30 20 137
30 21 1005
30 22 792
30 23 788
30 24 826
30 25 950
30 26 499
30 27 48
30 28 902
30 29 451
30 30 0
30 31 950
30 32 499
30 33 48
30 34 998
30 35 547
30 36 96
30 37 1046
30 38 595
30 39 144
30 40 1094
30 41 643
30 42 192
30 43 1070
31 0 216
31 1 263
31 2 176
31 3 111
31 4 362
31 5 826
31 6 900
31 7 172
31 8 692
31 9 644
31 10 922
31 11 185
31 12 159
31 13 761
31 14 870
31 15 618
31 16 640
31 17 610
31 18 332
31 19 671
31 20 813
31 21 233
31 22 254
31 23 354
31 24 124
31 25 96
31 26 547
31 27 998
31 28 48
31 29 499
31 30 950
31 31 0
31 32 451
31 33 902
31 34 48
31 35 499
31 36 950
31 37 96
31 38 547
31 39 998
31 40 144
31 41 595
31 42 1046
31 43 216
32 0 667
32 1 380
32 2 371
32 3 436
32 4 89
32 5 375
32 6 449
32 7 471
32 8 241
32 9 193
32 10 471
32 11 458
32 12 484
32 13 310
32 14 419
32 15 167
32 16 189
32 17 159
32 18 215
32 19 220
32 20 362
32 21 506
32 22 293
32 23 289
32 24 423
32 25 547
32 26 96
32 27 547
32 28 499
32 29 48
32 30 499
32 31 451
32 32 0
32 33 451
32 34 499
32 35 48
32 36 499
32 37 547
32 38 96
32 39 547
32 40 595
32 41 144
32 42 595
32 43 667
33 0 1118
33 1 831
33 2 822
33 3 887
33 4 540
33 5 76
33 6 98
33 7 922
33 8 306
33 9 258
33 10 172
33 11 909
33 12 935
33 13 141
33 14 224
33 15 284
33 16 358
33 17 484
33 18 666
33 19 519
33 20 89
33 21 957
33 22 744
33 23 740
33 24 874
33 25 998
33 26 547
33 27 96
33 28 950
33 29 499
33 30 48
33 31 902
33 32 451
33 33 0
33 34 950
33 35 499
33 36 48
33 37 998
33 38 547
33 39 96
33 40 1046
33 41 595
33 42 144
33 43 1118
34 0 264
34 1 215
34 2 128
34 3 159
34 4 410
34 5 874
34 6 852
34 7 220
34 8 740
34 9 692
34 10 970
34 11 137
34 12 207
34 13 809
34 14 918
34 15 666
34 16 688
34 17 658
34 18 380
34 19 623
34 20 861
34 21 185
34 22 206
34 23 306
34 24 172
34 25 144
34 26 595
34 27 1046
34 28 96
34 29 547
34 30 998
34 31 48
34 32 499
34 33 950
34 34 0
34 35 451
34 36 902
34 37 48
34 38 499
34 39 950
34 40 96
34 41 547
34 42 998
34 43 264
35 0 715
35 1 332
35 2 323
35 3 484
35 4 137
35 5 423
35 6 401
35 7 519
35 8 289
35 9 241
35 10 519
35 11 410
35 12 532
35 13 358
35 14 467
35 15 215
35 16 237
35 17 207
35 18 263
35 19 172
35 20 410
35 21 458
35 22 245
35 23 241
35 24 471
35 25 595
35 26 144
35 27 595
35 28 547
35 29 96
35 30 547
35 31 499
35 32 48
35 33 499
35 34 451
35 35 0
35 36 451
35 37 499
35 38 48
35 39 499
35 40 547
35 41 96
35 42 547
35 43 715
36 0 1166
36 1 783
36 2 774
36 3 935
36 4 588
36 5 124
36 6 50
36 7 970
36 8 354
36 9 306
36 10 220
36 11 861
36 12 983
36 13 189
36 14 272
36 15 332
36 16 406
36 17 532
36 18 714
36 19 471
36 20 137
36 21 909
36 22 696
36 23 692
36 24 922
36 25 1046
36 26 595
36 27 144
36 28 998
36 29 547
36 30 96
36 31 950
36 32 499
36 33 48
36 34 902
36 35 451
36 36 0
36 37 950
36 38 499
36 39 48
36 40 998
36 41 547
36 42 96
36 43 1166
37 0 312
37 1 167
37 2 176
37 3 207
37 4 458
37 5 922
37 6 900
37 7 268
37 8 788
37 9 740
37 10 1018
37 11 89
37 12 255
37 13 857
37 14 966
37 15 714
37 16 736
37 17 706
37 18 428
37 19 575
37 20 909
37 21 137
37 22 254
37 23 258
37 24 220
37 25 192
37 26 643
37 27 1094
37 28 144
37 29 595
37 30 1046
37 31 96
37 32 547
37 33 998
37 34 48
37 35 499
37 36 950
37 37 0
37 38 451
37 39 902
37 40 48
37 41 499
37 42 950
37 43 312
38 0 763
38 1 284
38 2 371
38 3 532
38 4 185
38 5 471
38 6 449
38 7 567
38 8 337
38 9 289
38 10 567
38 11 362
38 12 580
38 13 406
38 14 515
38 15 263
38 16 285
38 17 255
38 18 311
38 19 124
38 20 458
38 21 410
38 22 293
38 23 193
38 24 519
38 25 643
38 26 192
38 27 643
38 28 595
38 29 144
38 30 595
38 31 547
38 32 96
38 33 547
38 34 499
38 35 48
38 36 499
38 37 451
38 38 0
38 39 451
38 40 499
38 41 48
38 42 499
38 43 763
39 0 1214
39 1 735
39 2 822
39 3 983
39 4 636
39 5 172
39 6 98
39 7 1018
39 8 402
39 9 354
39 10 268
39 11 813
39 12 1031
39 13 237
39 14 320
39 15 380
39 16 454
39 17 580
39 18 762
39 19 423
39 20 185
39 21 861
39 22 744
39 23 644
39 24 970
39 25 1094
39 26 643
39 27 192
39 28 1046
39 29 595
39 30 144
39 31 998
39 32 547
39 33 96
39 34 950
39 35 499
39 36 48
39 37 902
39 38 451
39 39 0
39 40 950
39 41 499
39 42 48
39 43 1214
40 0 360
40 1 215
40 2 224
40 3 255
40 4 506
40 5 970
40 6 948
40 7 316
40 8 836
40 9 788
40 10 1066
40 11 137
40 12 303
40 13 905
40 14 1014
40 15 762
40 16 784
40 17 754
40 18 476
40 19 527
40 20 957
40 21 89
40 22 302
40 23 306
40 24 268
40 25 240
40 26 691
40 27 1142
40 28 192
40 29 643
40 30 1094
40 31 144
40 32 595
40 33 1046
40 34 96
40 35 547
40 36 998
40 37 48
40 38 499
40 39 950
40 40 0
40 41 451
40 42 902
40 43 360
41 0 811
41 1 332
41 2 419
41 3 580
41 4 233
41 5 519
41 6 497
41 7 615
41 8 385
41 9 337
41 10 615
41 11 410
41 12 628
41 13 454
41 14 563
41 15 311
41 16 333
41 17 303
41 18 359
41 19 76
41 20 506
41 21 362
41 22 341
41 23 241
41 24 567
41 25 691
41 26 240
41 27 691
41 28 643
41 29 192
41 30 643
41 31 595
41 32 144
41 33 595
41 34 547
41 35 96
41 36 547
41 37 499
41 38 48
41 39 499
41 40 451
41 41 0
41 42 451
41 43 811
42 0 1262
42 1 783
42 2 870
42 3 1031
42 4 684
42 5 220
42 6 146
42 7 1066
42 8 450
42 9 402
42 10 316
42 11 861
42 12 1079
42 13 285
42 14 368
42 15 428
42 16 502
42 17 628
42 18 810
42 19 375
42 20 233
42 21 813
42 22 792
42 23 692
42 24 1018
42 25 1142
42 26 691
42 27 240
42 28 1094
42 29 643
42 30 192
42 31 1046
42 32 595
42 33 144
42 34 998
42 35 547
42 36 96
42 37 950
42 38 499
42 39 48
42 40 902
42 41 451
42 42 0
42 43 1262
43 0 0
43 1 479
43 2 392
43 3 231
43 4 578
43 5 1042
43 6 1116
43 7 196
43 8 812
43 9 860
43 10 946
43 11 401
43 12 183
43 13 977
43 14 894
43 15 834
43 16 760
43 17 634
43 18 452
43 19 887
43 20 1029
43 21 449
43 22 470
43 23 570
43 24 244
43 25 120
43 26 571
43 27 1022
43 28 168
43 29 619
43 30 1070
43 31 216
43 32 667
43 33 1118
43 34 264
43 35 715
43 36 1166
43 37 312
43 38 763
43 39 1214
43 40 360
43 41 811
43 42 1262
43 43 0
//Location coordinates LocationName
//Loc x y
0 0.0 0.0 "depot"
1 192.0 287.0 "product aisle 4 bloc 0 rank 22"
2 144.0 248.0 "product aisle 3 bloc 0 rank 15"
3 48.0 183.0 "product aisle 1 bloc 0 rank 5"
4 96.0 482.0 "product aisle 2 bloc 0 rank 52"
5 96.0 946.0 "product aisle 2 bloc 1 rank 54"
6 144.0 972.0 "product aisle 3 bloc 1 rank 57"
7 0.0 196.0 "product aisle 0 bloc 0 rank 8"
8 48.0 764.0 "product aisle 1 bloc 1 rank 26"
9 96.0 764.0 "product aisle 2 bloc 1 rank 25"
10 0.0 946.0 "product aisle 0 bloc 1 rank 53"
11 192.0 209.0 "product aisle 4 bloc 0 rank 10"
12 0.0 183.0 "product aisle 0 bloc 0 rank 6"
13 96.0 881.0 "product aisle 2 bloc 1 rank 44"
14 0.0 894.0 "product aisle 0 bloc 1 rank 45"
15 96.0 738.0 "product aisle 2 bloc 1 rank 21"
16 48.0 712.0 "product aisle 1 bloc 1 rank 17"
17 0.0 634.0 "product aisle 0 bloc 1 rank 6"
18 48.0 404.0 "product aisle 1 bloc 0 rank 39"
19 240.0 647.0 "product aisle 5 bloc 1 rank 8"
20 96.0 933.0 "product aisle 2 bloc 1 rank 52"
21 240.0 209.0 "product aisle 5 bloc 0 rank 9"
22 144.0 326.0 "product aisle 3 bloc 0 rank 28"
23 192.0 378.0 "product aisle 4 bloc 0 rank 35"
24 48.0 196.0 "product aisle 1 bloc 0 rank 7"
25 24.0 120.0 "intersection aisle 0 bloc 0 rank 0"
26 24.0 571.0 "intersection aisle 0 bloc 1 rank 1"
27 24.0 1022.0 "intersection aisle 0 bloc 2 rank 2"
28 72.0 120.0 "intersection aisle 1 bloc 0 rank 0"
29 72.0 571.0 "intersection aisle 1 bloc 1 rank 1"
30 72.0 1022.0 "intersection aisle 1 bloc 2 rank 2"
31 120.0 120.0 "intersection aisle 2 bloc 0 rank 0"
32 120.0 571.0 "intersection aisle 2 bloc 1 rank 1"
33 120.0 1022.0 "intersection aisle 2 bloc 2 rank 2"
34 168.0 120.0 "intersection aisle 3 bloc 0 rank 0"
35 168.0 571.0 "intersection aisle 3 bloc 1 rank 1"
36 168.0 1022.0 "intersection aisle 3 bloc 2 rank 2"
37 216.0 120.0 "intersection aisle 4 bloc 0 rank 0"
38 216.0 571.0 "intersection aisle 4 bloc 1 rank 1"
39 216.0 1022.0 "intersection aisle 4 bloc 2 rank 2"
40 264.0 120.0 "intersection aisle 5 bloc 0 rank 0"
41 264.0 571.0 "intersection aisle 5 bloc 1 rank 1"
42 264.0 1022.0 "intersection aisle 5 bloc 2 rank 2"
43 0.0 0.0 "depot"
