//alpha
1
//NbLocations
57
//NbProducts
20
//NbPickers
2
//CapaPicker
8
//TimeToTravelOneDistanceUnit
3
//SetupTime
5400
//PickTime
300
//Products
//Idx Location Size
1 1 1
2 2 1
3 3 1
4 4 1
5 5 1
6 6 1
7 7 1
8 8 1
9 9 1
10 10 1
11 11 1
12 12 1
13 13 1
14 14 1
15 15 1
16 16 1
17 17 1
18 18 1
19 19 1
20 20 1
//Orders
//NbOrders
6
//Idx DueDate TardinessPenalty NbProdInOrder ProdIdx1 Qty1 ProdIdx2 Qty2 ...
1 144000 0 1 1 1
2 36000 0 2 2 1 3 1
3 54000 0 2 4 1 5 1
4 72000 0 6 6 1 7 1 8 1 9 1 10 1 11 1
5 72000 0 1 12 1
6 54000 0 8 13 1 14 1 15 1 16 1 17 1 18 1 19 1 20 1
//Graph (Products are vertices indexed from 1 to NbProducts)
//NbVerticesIntersections
36
//DepartingDepot
0
//ArrivalDepot
57
//Arcs
//Start End Distance
0 21 120
1 30 258
1 31 583
2 18 130
2 20 390
3 12 117
3 25 193
4 14 78
4 17 377
5 14 299
5 21 50
6 10 117
6 26 349
7 52 362
7 53 479
8 13 65
8 24 180
9 46 193
9 47 648
10 6 117
10 12 65
11 27 531
11 28 310
12 3 117
12 10 65
13 8 65
13 15 234
14 4 78
14 5 299
15 13 234
15 19 208
16 34 778
16 35 63
17 4 377
17 22 37
18 2 130
18 22 232
19 15 208
19 25 154
20 2 390
20 23 89
21 5 50
21 24 48
21 57 120
22 17 37
22 18 232
22 25 48
23 20 89
23 26 48
24 8 180
24 21 48
24 27 48
25 3 193
25 19 154
25 22 48
25 28 48
26 6 349
26 23 48
26 29 48
27 11 531
27 24 48
27 30 48
28 11 310
28 25 48
28 29 841
28 31 48
29 26 48
29 28 841
29 32 48
30 1 258
30 27 48
30 33 48
31 1 583
31 28 48
31 32 841
31 34 48
32 29 48
32 31 841
32 35 48
33 30 48
33 34 841
33 36 48
34 16 778
34 31 48
34 33 841
34 37 48
35 16 63
35 32 48
35 38 48
36 33 48
36 37 841
36 39 48
37 34 48
37 36 841
37 38 841
37 40 48
38 35 48
38 37 841
38 41 48
39 36 48
39 40 841
39 42 48
40 37 48
40 39 841
40 41 841
40 43 48
41 38 48
41 40 841
41 44 48
42 39 48
42 43 841
42 45 48
43 40 48
43 42 841
43 44 841
43 46 48
44 41 48
44 43 841
44 47 48
45 42 48
45 46 841
45 48 48
46 9 193
46 43 48
46 45 841
46 49 48
47 9 648
47 44 48
47 50 48
48 45 48
48 49 841
48 51 48
49 46 48
49 48 841
49 50 841
49 52 48
50 47 48
50 49 841
50 53 48
51 48 48
51 52 841
51 54 48
52 7 362
52 49 48
52 51 841
52 55 48
53 7 479
53 50 48
53 56 48
54 51 48
54 55 841
55 52 48
55 54 841
55 56 841
56 53 48
56 55 841
//LocStart LocEnd ShortestPath
0 0 0
0 1 522
0 2 1323
0 3 1202
0 4 547
0 5 170
0 6 1501
0 7 1803
0 8 348
0 9 1538
0 10 1384
0 11 747
0 12 1319
0 13 413
0 14 469
0 15 647
0 16 1931
0 17 924
0 18 1193
0 19 855
0 20 1713
0 21 120
0 22 961
0 23 1802
0 24 168
0 25 1009
0 26 1850
0 27 216
0 28 1057
0 29 1898
0 30 264
0 31 1105
0 32 1946
0 33 312
0 34 1153
0 35 1994
0 36 360
0 37 1201
0 38 2042
0 39 408
0 40 1249
0 41 2090
0 42 456
0 43 1297
0 44 2138
0 45 504
0 46 1345
0 47 2186
0 48 552
0 49 1393
0 50 2234
0 51 600
0 52 1441
0 53 2282
0 54 648
0 55 1489
0 56 2330
0 57 0
1 0 522
1 1 0
1 2 1089
1 3 872
1 4 829
1 5 452
1 6 1171
1 7 1281
1 8 534
1 9 1016
1 10 1054
1 11 837
1 12 989
1 13 599
1 14 751
1 15 833
1 16 1409
1 17 764
1 18 959
1 19 833
1 20 1479
1 21 402
1 22 727
1 23 1568
1 24 354
1 25 679
1 26 1520
1 27 306
1 28 631
1 29 1472
1 30 258
1 31 583
1 32 1424
1 33 306
1 34 631
1 35 1472
1 36 354
1 37 679
1 38 1520
1 39 402
1 40 727
1 41 1568
1 42 450
1 43 775
1 44 1616
1 45 498
1 46 823
1 47 1664
1 48 546
1 49 871
1 50 1712
1 51 594
1 52 919
1 53 1760
1 54 642
1 55 967
1 56 1808
1 57 522
2 0 1323
2 1 1089
2 2 0
2 3 603
2 4 776
2 5 1153
2 6 876
2 7 1204
2 8 1071
2 9 939
2 10 785
2 11 768
2 12 720
2 13 1006
2 14 854
2 15 772
2 16 734
2 17 399
2 18 130
2 19 564
2 20 390
2 21 1203
2 22 362
2 23 479
2 24 1251
2 25 410
2 26 527
2 27 1299
2 28 458
2 29 575
2 30 1347
2 31 506
2 32 623
2 33 1395
2 34 554
2 35 671
2 36 1443
2 37 602
2 38 719
2 39 1491
2 40 650
2 41 767
2 42 1539
2 43 698
2 44 815
2 45 1587
2 46 746
2 47 863
2 48 1635
2 49 794
2 50 911
2 51 1683
2 52 842
2 53 959
2 54 1731
2 55 890
2 56 1007
2 57 1323
3 0 1202
3 1 872
3 2 603
3 3 0
3 4 655
3 5 1032
3 6 299
3 7 987
3 8 854
3 9 722
3 10 182
3 11 551
3 12 117
3 13 789
3 14 733
3 15 555
3 16 855
3 17 278
3 18 473
3 19 347
3 20 785
3 21 1082
3 22 241
3 23 696
3 24 1034
3 25 193
3 26 648
3 27 1082
3 28 241
3 29 696
3 30 1130
3 31 289
3 32 744
3 33 1178
3 34 337
3 35 792
3 36 1226
3 37 385
3 38 840
3 39 1274
3 40 433
3 41 888
3 42 1322
3 43 481
3 44 936
3 45 1370
3 46 529
3 47 984
3 48 1418
3 49 577
3 50 1032
3 51 1466
3 52 625
3 53 1080
3 54 1514
3 55 673
3 56 1128
3 57 1202
4 0 547
4 1 829
4 2 776
4 3 655
4 4 0
4 5 377
4 6 954
4 7 1256
4 8 655
4 9 991
4 10 837
4 11 820
4 12 772
4 13 720
4 14 78
4 15 824
4 16 1384
4 17 377
4 18 646
4 19 616
4 20 1166
4 21 427
4 22 414
4 23 1255
4 24 475
4 25 462
4 26 1303
4 27 523
4 28 510
4 29 1351
4 30 571
4 31 558
4 32 1399
4 33 619
4 34 606
4 35 1447
4 36 667
4 37 654
4 38 1495
4 39 715
4 40 702
4 41 1543
4 42 763
4 43 750
4 44 1591
4 45 811
4 46 798
4 47 1639
4 48 859
4 49 846
4 50 1687
4 51 907
4 52 894
4 53 1735
4 54 955
4 55 942
4 56 1783
4 57 547
5 0 170
5 1 452
5 2 1153
5 3 1032
5 4 377
5 5 0
5 6 1331
5 7 1633
5 8 278
5 9 1368
5 10 1214
5 11 677
5 12 1149
5 13 343
5 14 299
5 15 577
5 16 1761
5 17 754
5 18 1023
5 19 785
5 20 1543
5 21 50
5 22 791
5 23 1632
5 24 98
5 25 839
5 26 1680
5 27 146
5 28 887
5 29 1728
5 30 194
5 31 935
5 32 1776
5 33 242
5 34 983
5 35 1824
5 36 290
5 37 1031
5 38 1872
5 39 338
5 40 1079
5 41 1920
5 42 386
5 43 1127
5 44 1968
5 45 434
5 46 1175
5 47 2016
5 48 482
5 49 1223
5 50 2064
5 51 530
5 52 1271
5 53 2112
5 54 578
5 55 1319
5 56 2160
5 57 170
6 0 1501
6 1 1171
6 2 876
6 3 299
6 4 954
6 5 1331
6 6 0
6 7 1260
6 8 1153
6 9 1021
6 10 117
6 11 850
6 12 182
6 13 1088
6 14 1032
6 15 854
6 16 556
6 17 577
6 18 772
6 19 646
6 20 486
6 21 1381
6 22 540
6 23 397
6 24 1333
6 25 492
6 26 349
6 27 1381
6 28 540
6 29 397
6 30 1429
6 31 588
6 32 445
6 33 1477
6 34 636
6 35 493
6 36 1525
6 37 684
6 38 541
6 39 1573
6 40 732
6 41 589
6 42 1621
6 43 780
6 44 637
6 45 1669
6 46 828
6 47 685
6 48 1717
6 49 876
6 50 733
6 51 1765
6 52 924
6 53 781
6 54 1813
6 55 972
6 56 829
6 57 1501
7 0 1803
7 1 1281
7 2 1204
7 3 987
7 4 1256
7 5 1633
7 6 1260
7 7 0
7 8 1455
7 9 651
7 10 1169
7 11 1056
7 12 1104
7 13 1390
7 14 1334
7 15 1156
7 16 830
7 17 879
7 18 1074
7 19 948
7 20 1048
7 21 1683
7 22 842
7 23 959
7 24 1635
7 25 794
7 26 911
7 27 1587
7 28 746
7 29 863
7 30 1539
7 31 698
7 32 815
7 33 1491
7 34 650
7 35 767
7 36 1443
7 37 602
7 38 719
7 39 1395
7 40 554
7 41 671
7 42 1347
7 43 506
7 44 623
7 45 1299
7 46 458
7 47 575
7 48 1251
7 49 410
7 50 527
7 51 1203
7 52 362
7 53 479
7 54 1251
7 55 410
7 56 527
7 57 1803
8 0 348
8 1 534
8 2 1071
8 3 854
8 4 655
8 5 278
8 6 1153
8 7 1455
8 8 0
8 9 1190
8 10 1036
8 11 759
8 12 971
8 13 65
8 14 577
8 15 299
8 16 1583
8 17 746
8 18 941
8 19 507
8 20 1461
8 21 228
8 22 709
8 23 1550
8 24 180
8 25 661
8 26 1502
8 27 228
8 28 709
8 29 1550
8 30 276
8 31 757
8 32 1598
8 33 324
8 34 805
8 35 1646
8 36 372
8 37 853
8 38 1694
8 39 420
8 40 901
8 41 1742
8 42 468
8 43 949
8 44 1790
8 45 516
8 46 997
8 47 1838
8 48 564
8 49 1045
8 50 1886
8 51 612
8 52 1093
8 53 1934
8 54 660
8 55 1141
8 56 1982
8 57 348
9 0 1538
9 1 1016
9 2 939
9 3 722
9 4 991
9 5 1368
9 6 1021
9 7 651
9 8 1190
9 9 0
9 10 904
9 11 791
9 12 839
9 13 1125
9 14 1069
9 15 891
9 16 903
9 17 614
9 18 809
9 19 683
9 20 1121
9 21 1418
9 22 577
9 23 1032
9 24 1370
9 25 529
9 26 984
9 27 1322
9 28 481
9 29 936
9 30 1274
9 31 433
9 32 888
9 33 1226
9 34 385
9 35 840
9 36 1178
9 37 337
9 38 792
9 39 1130
9 40 289
9 41 744
9 42 1082
9 43 241
9 44 696
9 45 1034
9 46 193
9 47 648
9 48 1082
9 49 241
9 50 696
9 51 1130
9 52 289
9 53 744
9 54 1178
9 55 337
9 56 792
9 57 1538
10 0 1384
10 1 1054
10 2 785
10 3 182
10 4 837
10 5 1214
10 6 117
10 7 1169
10 8 1036
10 9 904
10 10 0
10 11 733
10 12 65
10 13 971
10 14 915
10 15 737
10 16 673
10 17 460
10 18 655
10 19 529
10 20 603
10 21 1264
10 22 423
10 23 514
10 24 1216
10 25 375
10 26 466
10 27 1264
10 28 423
10 29 514
10 30 1312
10 31 471
10 32 562
10 33 1360
10 34 519
10 35 610
10 36 1408
10 37 567
10 38 658
10 39 1456
10 40 615
10 41 706
10 42 1504
10 43 663
10 44 754
10 45 1552
10 46 711
10 47 802
10 48 1600
10 49 759
10 50 850
10 51 1648
10 52 807
10 53 898
10 54 1696
10 55 855
10 56 946
10 57 1384
11 0 747
11 1 837
11 2 768
11 3 551
11 4 820
11 5 677
11 6 850
11 7 1056
11 8 759
11 9 791
11 10 733
11 11 0
11 12 668
11 13 824
11 14 898
11 15 720
11 16 1184
11 17 443
11 18 638
11 19 512
11 20 1158
11 21 627
11 22 406
11 23 1247
11 24 579
11 25 358
11 26 1199
11 27 531
11 28 310
11 29 1151
11 30 579
11 31 358
11 32 1199
11 33 627
11 34 406
11 35 1247
11 36 675
11 37 454
11 38 1295
11 39 723
11 40 502
11 41 1343
11 42 771
11 43 550
11 44 1391
11 45 819
11 46 598
11 47 1439
11 48 867
11 49 646
11 50 1487
11 51 915
11 52 694
11 53 1535
11 54 963
11 55 742
11 56 1583
11 57 747
12 0 1319
12 1 989
12 2 720
12 3 117
12 4 772
12 5 1149
12 6 182
12 7 1104
12 8 971
12 9 839
12 10 65
12 11 668
12 12 0
12 13 906
12 14 850
12 15 672
12 16 738
12 17 395
12 18 590
12 19 464
12 20 668
12 21 1199
12 22 358
12 23 579
12 24 1151
12 25 310
12 26 531
12 27 1199
12 28 358
12 29 579
12 30 1247
12 31 406
12 32 627
12 33 1295
12 34 454
12 35 675
12 36 1343
12 37 502
12 38 723
12 39 1391
12 40 550
12 41 771
12 42 1439
12 43 598
12 44 819
12 45 1487
12 46 646
12 47 867
12 48 1535
12 49 694
12 50 915
12 51 1583
12 52 742
12 53 963
12 54 1631
12 55 790
12 56 1011
12 57 1319
13 0 413
13 1 599
13 2 1006
13 3 789
13 4 720
13 5 343
13 6 1088
13 7 1390
13 8 65
13 9 1125
13 10 971
13 11 824
13 12 906
13 13 0
13 14 642
13 15 234
13 16 1518
13 17 681
13 18 876
13 19 442
13 20 1396
13 21 293
13 22 644
13 23 1485
13 24 245
13 25 596
13 26 1437
13 27 293
13 28 644
13 29 1485
13 30 341
13 31 692
13 32 1533
13 33 389
13 34 740
13 35 1581
13 36 437
13 37 788
13 38 1629
13 39 485
13 40 836
13 41 1677
13 42 533
13 43 884
13 44 1725
13 45 581
13 46 932
13 47 1773
13 48 629
13 49 980
13 50 1821
13 51 677
13 52 1028
13 53 1869
13 54 725
13 55 1076
13 56 1917
13 57 413
14 0 469
14 1 751
14 2 854
14 3 733
14 4 78
14 5 299
14 6 1032
14 7 1334
14 8 577
14 9 1069
14 10 915
14 11 898
14 12 850
14 13 642
14 14 0
14 15 876
14 16 1462
14 17 455
14 18 724
14 19 694
14 20 1244
14 21 349
14 22 492
14 23 1333
14 24 397
14 25 540
14 26 1381
14 27 445
14 28 588
14 29 1429
14 30 493
14 31 636
14 32 1477
14 33 541
14 34 684
14 35 1525
14 36 589
14 37 732
14 38 1573
14 39 637
14 40 780
14 41 1621
14 42 685
14 43 828
14 44 1669
14 45 733
14 46 876
14 47 1717
14 48 781
14 49 924
14 50 1765
14 51 829
14 52 972
14 53 1813
14 54 877
14 55 1020
14 56 1861
14 57 469
15 0 647
15 1 833
15 2 772
15 3 555
15 4 824
15 5 577
15 6 854
15 7 1156
15 8 299
15 9 891
15 10 737
15 11 720
15 12 672
15 13 234
15 14 876
15 15 0
15 16 1284
15 17 447
15 18 642
15 19 208
15 20 1162
15 21 527
15 22 410
15 23 1251
15 24 479
15 25 362
15 26 1203
15 27 527
15 28 410
15 29 1251
15 30 575
15 31 458
15 32 1299
15 33 623
15 34 506
15 35 1347
15 36 671
15 37 554
15 38 1395
15 39 719
15 40 602
15 41 1443
15 42 767
15 43 650
15 44 1491
15 45 815
15 46 698
15 47 1539
15 48 863
15 49 746
15 50 1587
15 51 911
15 52 794
15 53 1635
15 54 959
15 55 842
15 56 1683
15 57 647
16 0 1931
16 1 1409
16 2 734
16 3 855
16 4 1384
16 5 1761
16 6 556
16 7 830
16 8 1583
16 9 903
16 10 673
16 11 1184
16 12 738
16 13 1518
16 14 1462
16 15 1284
16 16 0
16 17 1007
16 18 864
16 19 1076
16 20 344
16 21 1811
16 22 970
16 23 255
16 24 1763
16 25 922
16 26 207
16 27 1715
16 28 874
16 29 159
16 30 1667
16 31 826
16 32 111
16 33 1619
16 34 778
16 35 63
16 36 1667
16 37 826
16 38 111
16 39 1715
16 40 874
16 41 159
16 42 1763
16 43 922
16 44 207
16 45 1811
16 46 970
16 47 255
16 48 1859
16 49 1018
16 50 303
16 51 1907
16 52 1066
16 53 351
16 54 1955
16 55 1114
16 56 399
16 57 1931
17 0 924
17 1 764
17 2 399
17 3 278
17 4 377
17 5 754
17 6 577
17 7 879
17 8 746
17 9 614
17 10 460
17 11 443
17 12 395
17 13 681
17 14 455
17 15 447
17 16 1007
17 17 0
17 18 269
17 19 239
17 20 789
17 21 804
17 22 37
17 23 878
17 24 852
17 25 85
17 26 926
17 27 900
17 28 133
17 29 974
17 30 948
17 31 181
17 32 1022
17 33 996
17 34 229
17 35 1070
17 36 1044
17 37 277
17 38 1118
17 39 1092
17 40 325
17 41 1166
17 42 1140
17 43 373
17 44 1214
17 45 1188
17 46 421
17 47 1262
17 48 1236
17 49 469
17 50 1310
17 51 1284
17 52 517
17 53 1358
17 54 1332
17 55 565
17 56 1406
17 57 924
18 0 1193
18 1 959
18 2 130
18 3 473
18 4 646
18 5 1023
18 6 772
18 7 1074
18 8 941
18 9 809
18 10 655
18 11 638
18 12 590
18 13 876
18 14 724
18 15 642
18 16 864
18 17 269
18 18 0
18 19 434
18 20 520
18 21 1073
18 22 232
18 23 609
18 24 1121
18 25 280
18 26 657
18 27 1169
18 28 328
18 29 705
18 30 1217
18 31 376
18 32 753
18 33 1265
18 34 424
18 35 801
18 36 1313
18 37 472
18 38 849
18 39 1361
18 40 520
18 41 897
18 42 1409
18 43 568
18 44 945
18 45 1457
18 46 616
18 47 993
18 48 1505
18 49 664
18 50 1041
18 51 1553
18 52 712
18 53 1089
18 54 1601
18 55 760
18 56 1137
18 57 1193
19 0 855
19 1 833
19 2 564
19 3 347
19 4 616
19 5 785
19 6 646
19 7 948
19 8 507
19 9 683
19 10 529
19 11 512
19 12 464
19 13 442
19 14 694
19 15 208
19 16 1076
19 17 239
19 18 434
19 19 0
19 20 954
19 21 735
19 22 202
19 23 1043
19 24 687
19 25 154
19 26 995
19 27 735
19 28 202
19 29 1043
19 30 783
19 31 250
19 32 1091
19 33 831
19 34 298
19 35 1139
19 36 879
19 37 346
19 38 1187
19 39 927
19 40 394
19 41 1235
19 42 975
19 43 442
19 44 1283
19 45 1023
19 46 490
19 47 1331
19 48 1071
19 49 538
19 50 1379
19 51 1119
19 52 586
19 53 1427
19 54 1167
19 55 634
19 56 1475
19 57 855
20 0 1713
20 1 1479
20 2 390
20 3 785
20 4 1166
20 5 1543
20 6 486
20 7 1048
20 8 1461
20 9 1121
20 10 603
20 11 1158
20 12 668
20 13 1396
20 14 1244
20 15 1162
20 16 344
20 17 789
20 18 520
20 19 954
20 20 0
20 21 1593
20 22 752
20 23 89
20 24 1641
20 25 800
20 26 137
20 27 1689
20 28 848
20 29 185
20 30 1737
20 31 896
20 32 233
20 33 1785
20 34 944
20 35 281
20 36 1833
20 37 992
20 38 329
20 39 1881
20 40 1040
20 41 377
20 42 1929
20 43 1088
20 44 425
20 45 1977
20 46 1136
20 47 473
20 48 2025
20 49 1184
20 50 521
20 51 2073
20 52 1232
20 53 569
20 54 2121
20 55 1280
20 56 617
20 57 1713
21 0 120
21 1 402
21 2 1203
21 3 1082
21 4 427
21 5 50
21 6 1381
21 7 1683
21 8 228
21 9 1418
21 10 1264
21 11 627
21 12 1199
21 13 293
21 14 349
21 15 527
21 16 1811
21 17 804
21 18 1073
21 19 735
21 20 1593
21 21 0
21 22 841
21 23 1682
21 24 48
21 25 889
21 26 1730
21 27 96
21 28 937
21 29 1778
21 30 144
21 31 985
21 32 1826
21 33 192
21 34 1033
21 35 1874
21 36 240
21 37 1081
21 38 1922
21 39 288
21 40 1129
21 41 1970
21 42 336
21 43 1177
21 44 2018
21 45 384
21 46 1225
21 47 2066
21 48 432
21 49 1273
21 50 2114
21 51 480
21 52 1321
21 53 2162
21 54 528
21 55 1369
21 56 2210
21 57 120
22 0 961
22 1 727
22 2 362
22 3 241
22 4 414
22 5 791
22 6 540
22 7 842
22 8 709
22 9 577
22 10 423
22 11 406
22 12 358
22 13 644
22 14 492
22 15 410
22 16 970
22 17 37
22 18 232
22 19 202
22 20 752
22 21 841
22 22 0
22 23 841
22 24 889
22 25 48
22 26 889
22 27 937
22 28 96
22 29 937
22 30 985
22 31 144
22 32 985
22 33 1033
22 34 192
22 35 1033
22 36 1081
22 37 240
22 38 1081
22 39 1129
22 40 288
22 41 1129
22 42 1177
22 43 336
22 44 1177
22 45 1225
22 46 384
22 47 1225
22 48 1273
22 49 432
22 50 1273
22 51 1321
22 52 480
22 53 1321
22 54 1369
22 55 528
22 56 1369
22 57 961
23 0 1802
23 1 1568
23 2 479
23 3 696
23 4 1255
23 5 1632
23 6 397
23 7 959
23 8 1550
23 9 1032
23 10 514
23 11 1247
23 12 579
23 13 1485
23 14 1333
23 15 1251
23 16 255
23 17 878
23 18 609
23 19 1043
23 20 89
23 21 1682
23 22 841
23 23 0
23 24 1730
23 25 889
23 26 48
23 27 1778
23 28 937
23 29 96
23 30 1826
23 31 985
23 32 144
23 33 1874
23 34 1033
23 35 192
23 36 1922
23 37 1081
23 38 240
23 39 1970
23 40 1129
23 41 288
23 42 2018
23 43 1177
23 44 336
23 45 2066
23 46 1225
23 47 384
23 48 2114
23 49 1273
23 50 432
23 51 2162
23 52 1321
23 53 480
23 54 2210
23 55 1369
23 56 528
23 57 1802
24 0 168
24 1 354
24 2 1251
24 3 1034
24 4 475
24 5 98
24 6 1333
24 7 1635
24 8 180
24 9 1370
24 10 1216
24 11 579
24 12 1151
24 13 245
24 14 397
24 15 479
24 16 1763
24 17 852
24 18 1121
24 19 687
24 20 1641
24 21 48
24 22 889
24 23 1730
24 24 0
24 25 841
24 26 1682
24 27 48
24 28 889
24 29 1730
24 30 96
24 31 937
24 32 1778
24 33 144
24 34 985
24 35 1826
24 36 192
24 37 1033
24 38 1874
24 39 240
24 40 1081
24 41 1922
24 42 288
24 43 1129
24 44 1970
24 45 336
24 46 1177
24 47 2018
24 48 384
24 49 1225
24 50 2066
24 51 432
24 52 1273
24 53 2114
24 54 480
24 55 1321
24 56 2162
24 57 168
25 0 1009
25 1 679
25 2 410
25 3 193
25 4 462
25 5 839
25 6 492
25 7 794
25 8 661
25 9 529
25 10 375
25 11 358
25 12 310
25 13 596
25 14 540
25 15 362
25 16 922
25 17 85
25 18 280
25 19 154
25 20 800
25 21 889
25 22 48
25 23 889
25 24 841
25 25 0
25 26 841
25 27 889
25 28 48
25 29 889
25 30 937
25 31 96
25 32 937
25 33 985
25 34 144
25 35 985
25 36 1033
25 37 192
25 38 1033
25 39 1081
25 40 240
25 41 1081
25 42 1129
25 43 288
25 44 1129
25 45 1177
25 46 336
25 47 1177
25 48 1225
25 49 384
25 50 1225
25 51 1273
25 52 432
25 53 1273
25 54 1321
25 55 480
25 56 1321
25 57 1009
26 0 1850
26 1 1520
26 2 527
26 3 648
26 4 1303
26 5 1680
26 6 349
26 7 911
26 8 1502
26 9 984
26 10 466
26 11 1199
26 12 531
26 13 1437
26 14 1381
26 15 1203
26 16 207
26 17 926
26 18 657
26 19 995
26 20 137
26 21 1730
26 22 889
26 23 48
26 24 1682
26 25 841
26 26 0
26 27 1730
26 28 889
26 29 48
26 30 1778
26 31 937
26 32 96
26 33 1826
26 34 985
26 35 144
26 36 1874
26 37 1033
26 38 192
26 39 1922
26 40 1081
26 41 240
26 42 1970
26 43 1129
26 44 288
26 45 2018
26 46 1177
26 47 336
26 48 2066
26 49 1225
26 50 384
26 51 2114
26 52 1273
26 53 432
26 54 2162
26 55 1321
26 56 480
26 57 1850
27 0 216
27 1 306
27 2 1299
27 3 1082
27 4 523
27 5 146
27 6 1381
27 7 1587
27 8 228
27 9 1322
27 10 1264
27 11 531
27 12 1199
27 13 293
27 14 445
27 15 527
27 16 1715
27 17 900
27 18 1169
27 19 735
27 20 1689
27 21 96
27 22 937
27 23 1778
27 24 48
27 25 889
27 26 1730
27 27 0
27 28 841
27 29 1682
27 30 48
27 31 889
27 32 1730
27 33 96
27 34 937
27 35 1778
27 36 144
27 37 985
27 38 1826
27 39 192
27 40 1033
27 41 1874
27 42 240
27 43 1081
27 44 1922
27 45 288
27 46 1129
27 47 1970
27 48 336
27 49 1177
27 50 2018
27 51 384
27 52 1225
27 53 2066
27 54 432
27 55 1273
27 56 2114
27 57 216
28 0 1057
28 1 631
28 2 458
28 3 241
28 4 510
28 5 887
28 6 540
28 7 746
28 8 709
28 9 481
28 10 423
28 11 310
28 12 358
28 13 644
28 14 588
28 15 410
28 16 874
28 17 133
28 18 328
28 19 202
28 20 848
28 21 937
28 22 96
28 23 937
28 24 889
28 25 48
28 26 889
28 27 841
28 28 0
28 29 841
28 30 889
28 31 48
28 32 889
28 33 937
28 34 96
28 35 937
28 36 985
28 37 144
28 38 985
28 39 1033
28 40 192
28 41 1033
28 42 1081
28 43 240
28 44 1081
28 45 1129
28 46 288
28 47 1129
28 48 1177
28 49 336
28 50 1177
28 51 1225
28 52 384
28 53 1225
28 54 1273
28 55 432
28 56 1273
28 57 1057
29 0 1898
29 1 1472
29 2 575
29 3 696
29 4 1351
29 5 1728
29 6 397
29 7 863
29 8 1550
29 9 936
29 10 514
29 11 1151
29 12 579
29 13 1485
29 14 1429
29 15 1251
29 16 159
29 17 974
29 18 705
29 19 1043
29 20 185
29 21 1778
29 22 937
29 23 96
29 24 1730
29 25 889
29 26 48
29 27 1682
29 28 841
29 29 0
29 30 1730
29 31 889
29 32 48
29 33 1778
29 34 937
29 35 96
29 36 1826
29 37 985
29 38 144
29 39 1874
29 40 1033
29 41 192
29 42 1922
29 43 1081
29 44 240
29 45 1970
29 46 1129
29 47 288
29 48 2018
29 49 1177
29 50 336
29 51 2066
29 52 1225
29 53 384
29 54 2114
29 55 1273
29 56 432
29 57 1898
30 0 264
30 1 258
30 2 1347
30 3 1130
30 4 571
30 5 194
30 6 1429
30 7 1539
30 8 276
30 9 1274
30 10 1312
30 11 579
30 12 1247
30 13 341
30 14 493
30 15 575
30 16 1667
30 17 948
30 18 1217
30 19 783
30 20 1737
30 21 144
30 22 985
30 23 1826
30 24 96
30 25 937
30 26 1778
30 27 48
30 28 889
30 29 1730
30 30 0
30 31 841
30 32 1682
30 33 48
30 34 889
30 35 1730
30 36 96
30 37 937
30 38 1778
30 39 144
30 40 985
30 41 1826
30 42 192
30 43 1033
30 44 1874
30 45 240
30 46 1081
30 47 1922
30 48 288
30 49 1129
30 50 1970
30 51 336
30 52 1177
30 53 2018
30 54 384
30 55 1225
30 56 2066
30 57 264
31 0 1105
31 1 583
31 2 506
31 3 289
31 4 558
31 5 935
31 6 588
31 7 698
31 8 757
31 9 433
31 10 471
31 11 358
31 12 406
31 13 692
31 14 636
31 15 458
31 16 826
31 17 181
31 18 376
31 19 250
31 20 896
31 21 985
31 22 144
31 23 985
31 24 937
31 25 96
31 26 937
31 27 889
31 28 48
31 29 889
31 30 841
31 31 0
31 32 841
31 33 889
31 34 48
31 35 889
31 36 937
31 37 96
31 38 937
31 39 985
31 40 144
31 41 985
31 42 1033
31 43 192
31 44 1033
31 45 1081
31 46 240
31 47 1081
31 48 1129
31 49 288
31 50 1129
31 51 1177
31 52 336
31 53 1177
31 54 1225
31 55 384
31 56 1225
31 57 1105
32 0 1946
32 1 1424
32 2 623
32 3 744
32 4 1399
32 5 1776
32 6 445
32 7 815
32 8 1598
32 9 888
32 10 562
32 11 1199
32 12 627
32 13 1533
32 14 1477
32 15 1299
32 16 111
32 17 1022
32 18 753
32 19 1091
32 20 233
32 21 1826
32 22 985
32 23 144
32 24 1778
32 25 937
32 26 96
32 27 1730
32 28 889
32 29 48
32 30 1682
32 31 841
32 32 0
32 33 1730
32 34 889
32 35 48
32 36 1778
32 37 937
32 38 96
32 39 1826
32 40 985
32 41 144
32 42 1874
32 43 1033
32 44 192
32 45 1922
32 46 1081
32 47 240
32 48 1970
32 49 1129
32 50 288
32 51 2018
32 52 1177
32 53 336
32 54 2066
32 55 1225
32 56 384
32 57 1946
33 0 312
33 1 306
33 2 1395
33 3 1178
33 4 619
33 5 242
33 6 1477
33 7 1491
33 8 324
33 9 1226
33 10 1360
33 11 627
33 12 1295
33 13 389
33 14 541
33 15 623
33 16 1619
33 17 996
33 18 1265
33 19 831
33 20 1785
33 21 192
33 22 1033
33 23 1874
33 24 144
33 25 985
33 26 1826
33 27 96
33 28 937
33 29 1778
33 30 48
33 31 889
33 32 1730
33 33 0
33 34 841
33 35 1682
33 36 48
33 37 889
33 38 1730
33 39 96
33 40 937
33 41 1778
33 42 144
33 43 985
33 44 1826
33 45 192
33 46 1033
33 47 1874
33 48 240
33 49 1081
33 50 1922
33 51 288
33 52 1129
33 53 1970
33 54 336
33 55 1177
33 56 2018
33 57 312
34 0 1153
34 1 631
34 2 554
34 3 337
34 4 606
34 5 983
34 6 636
34 7 650
34 8 805
34 9 385
34 10 519
34 11 406
34 12 454
34 13 740
34 14 684
34 15 506
34 16 778
34 17 229
34 18 424
34 19 298
34 20 944
34 21 1033
34 22 192
34 23 1033
34 24 985
34 25 144
34 26 985
34 27 937
34 28 96
34 29 937
34 30 889
34 31 48
34 32 889
34 33 841
34 34 0
34 35 841
34 36 889
34 37 48
34 38 889
34 39 937
34 40 96
34 41 937
34 42 985
34 43 144
34 44 985
34 45 1033
34 46 192
34 47 1033
34 48 1081
34 49 240
34 50 1081
34 51 1129
34 52 288
34 53 1129
34 54 1177
34 55 336
34 56 1177
34 57 1153
35 0 1994
35 1 1472
35 2 671
35 3 792
35 4 1447
35 5 1824
35 6 493
35 7 767
35 8 1646
35 9 840
35 10 610
35 11 1247
35 12 675
35 13 1581
35 14 1525
35 15 1347
35 16 63
35 17 1070
35 18 801
35 19 1139
35 20 281
35 21 1874
35 22 1033
35 23 192
35 24 1826
35 25 985
35 26 144
35 27 1778
35 28 937
35 29 96
35 30 1730
35 31 889
35 32 48
35 33 1682
35 34 841
35 35 0
35 36 1730
35 37 889
35 38 48
35 39 1778
35 40 937
35 41 96
35 42 1826
35 43 985
35 44 144
35 45 1874
35 46 1033
35 47 192
35 48 1922
35 49 1081
35 50 240
35 51 1970
35 52 1129
35 53 288
35 54 2018
35 55 1177
35 56 336
35 57 1994
36 0 360
36 1 354
36 2 1443
36 3 1226
36 4 667
36 5 290
36 6 1525
36 7 1443
36 8 372
36 9 1178
36 10 1408
36 11 675
36 12 1343
36 13 437
36 14 589
36 15 671
36 16 1667
36 17 1044
36 18 1313
36 19 879
36 20 1833
36 21 240
36 22 1081
36 23 1922
36 24 192
36 25 1033
36 26 1874
36 27 144
36 28 985
36 29 1826
36 30 96
36 31 937
36 32 1778
36 33 48
36 34 889
36 35 1730
36 36 0
36 37 841
36 38 1682
36 39 48
36 40 889
36 41 1730
36 42 96
36 43 937
36 44 1778
36 45 144
36 46 985
36 47 1826
36 48 192
36 49 1033
36 50 1874
36 51 240
36 52 1081
36 53 1922
36 54 288
36 55 1129
36 56 1970
36 57 360
37 0 1201
37 1 679
37 2 602
37 3 385
37 4 654
37 5 1031
37 6 684
37 7 602
37 8 853
37 9 337
37 10 567
37 11 454
37 12 502
37 13 788
37 14 732
37 15 554
37 16 826
37 17 277
37 18 472
37 19 346
37 20 992
37 21 1081
37 22 240
37 23 1081
37 24 1033
37 25 192
37 26 1033
37 27 985
37 28 144
37 29 985
37 30 937
37 31 96
37 32 937
37 33 889
37 34 48
37 35 889
37 36 841
37 37 0
37 38 841
37 39 889
37 40 48
37 41 889
37 42 937
37 43 96
37 44 937
37 45 985
37 46 144
37 47 985
37 48 1033
37 49 192
37 50 1033
37 51 1081
37 52 240
37 53 1081
37 54 1129
37 55 288
37 56 1129
37 57 1201
38 0 2042
38 1 1520
38 2 719
38 3 840
38 4 1495
38 5 1872
38 6 541
38 7 719
38 8 1694
38 9 792
38 10 658
38 11 1295
38 12 723
38 13 1629
38 14 1573
38 15 1395
38 16 111
38 17 1118
38 18 849
38 19 1187
38 20 329
38 21 1922
38 22 1081
38 23 240
38 24 1874
38 25 1033
38 26 192
38 27 1826
38 28 985
38 29 144
38 30 1778
38 31 937
38 32 96
38 33 1730
38 34 889
38 35 48
38 36 1682
38 37 841
38 38 0
38 39 1730
38 40 889
38 41 48
38 42 1778
38 43 937
38 44 96
38 45 1826
38 46 985
38 47 144
38 48 1874
38 49 1033
38 50 192
38 51 1922
38 52 1081
38 53 240
38 54 1970
38 55 1129
38 56 288
38 57 2042
39 0 408
39 1 402
39 2 1491
39 3 1274
39 4 715
39 5 338
39 6 1573
39 7 1395
39 8 420
39 9 1130
39 10 1456
39 11 723
39 12 1391
39 13 485
39 14 637
39 15 719
39 16 1715
39 17 1092
39 18 1361
39 19 927
39 20 1881
39 21 288
39 22 1129
39 23 1970
39 24 240
39 25 1081
39 26 1922
39 27 192
39 28 1033
39 29 1874
39 30 144
39 31 985
39 32 1826
39 33 96
39 34 937
39 35 1778
39 36 48
39 37 889
39 38 1730
39 39 0
39 40 841
39 41 1682
39 42 48
39 43 889
39 44 1730
39 45 96
39 46 937
39 47 1778
39 48 144
39 49 985
39 50 1826
39 51 192
39 52 1033
39 53 1874
39 54 240
39 55 1081
39 56 1922
39 57 408
40 0 1249
40 1 727
40 2 650
40 3 433
40 4 702
40 5 1079
40 6 732
40 7 554
40 8 901
40 9 289
40 10 615
40 11 502
40 12 550
40 13 836
40 14 780
40 15 602
40 16 874
40 17 325
40 18 520
40 19 394
40 20 1040
40 21 1129
40 22 288
40 23 1129
40 24 1081
40 25 240
40 26 1081
40 27 1033
40 28 192
40 29 1033
40 30 985
40 31 144
40 32 985
40 33 937
40 34 96
40 35 937
40 36 889
40 37 48
40 38 889
40 39 841
40 40 0
40 41 841
40 42 889
40 43 48
40 44 889
40 45 937
40 46 96
40 47 937
40 48 985
40 49 144
40 50 985
40 51 1033
40 52 192
40 53 1033
40 54 1081
40 55 240
40 56 1081
40 57 1249
41 0 2090
41 1 1568
41 2 767
41 3 888
41 4 1543
41 5 1920
41 6 589
41 7 671
41 8 1742
41 9 744
41 10 706
41 11 1343
41 12 771
41 13 1677
41 14 1621
41 15 1443
41 16 159
41 17 1166
41 18 897
41 19 1235
41 20 377
41 21 1970
41 22 1129
41 23 288
41 24 1922
41 25 1081
41 26 240
41 27 1874
41 28 1033
41 29 192
41 30 1826
41 31 985
41 32 144
41 33 1778
41 34 937
41 35 96
41 36 1730
41 37 889
41 38 48
41 39 1682
41 40 841
41 41 0
41 42 1730
41 43 889
41 44 48
41 45 1778
41 46 937
41 47 96
41 48 1826
41 49 985
41 50 144
41 51 1874
41 52 1033
41 53 192
41 54 1922
41 55 1081
41 56 240
41 57 2090
42 0 456
42 1 450
42 2 1539
42 3 1322
42 4 763
42 5 386
42 6 1621
42 7 1347
42 8 468
42 9 1082
42 10 1504
42 11 771
42 12 1439
42 13 533
42 14 685
42 15 767
42 16 1763
42 17 1140
42 18 1409
42 19 975
42 20 1929
42 21 336
42 22 1177
42 23 2018
42 24 288
42 25 1129
42 26 1970
42 27 240
42 28 1081
42 29 1922
42 30 192
42 31 1033
42 32 1874
42 33 144
42 34 985
42 35 1826
42 36 96
42 37 937
42 38 1778
42 39 48
42 40 889
42 41 1730
42 42 0
42 43 841
42 44 1682
42 45 48
42 46 889
42 47 1730
42 48 96
42 49 937
42 50 1778
42 51 144
42 52 985
42 53 1826
42 54 192
42 55 1033
42 56 1874
42 57 456
43 0 1297
43 1 775
43 2 698
43 3 481
43 4 750
43 5 1127
43 6 780
43 7 506
43 8 949
43 9 241
43 10 663
43 11 550
43 12 598
43 13 884
43 14 828
43 15 650
43 16 922
43 17 373
43 18 568
43 19 442
43 20 1088
43 21 1177
43 22 336
43 23 1177
43 24 1129
43 25 288
43 26 1129
43 27 1081
43 28 240
43 29 1081
43 30 1033
43 31 192
43 32 1033
43 33 985
43 34 144
43 35 985
43 36 937
43 37 96
43 38 937
43 39 889
43 40 48
43 41 889
43 42 841
43 43 0
43 44 841
43 45 889
43 46 48
43 47 889
43 48 937
43 49 96
43 50 937
43 51 985
43 52 144
43 53 985
43 54 1033
43 55 192
43 56 1033
43 57 1297
44 0 2138
44 1 1616
44 2 815
44 3 936
44 4 1591
44 5 1968
44 6 637
44 7 623
44 8 1790
44 9 696
44 10 754
44 11 1391
44 12 819
44 13 1725
44 14 1669
44 15 1491
44 16 207
44 17 1214
44 18 945
44 19 1283
44 20 425
44 21 2018
44 22 1177
44 23 336
44 24 1970
44 25 1129
44 26 288
44 27 1922
44 28 1081
44 29 240
44 30 1874
44 31 1033
44 32 192
44 33 1826
44 34 985
44 35 144
44 36 1778
44 37 937
44 38 96
44 39 1730
44 40 889
44 41 48
44 42 1682
44 43 841
44 44 0
44 45 1730
44 46 889
44 47 48
44 48 1778
44 49 937
44 50 96
44 51 1826
44 52 985
44 53 144
44 54 1874
44 55 1033
44 56 192
44 57 2138
45 0 504
45 1 498
45 2 1587
45 3 1370
45 4 811
45 5 434
45 6 1669
45 7 1299
45 8 516
45 9 1034
45 10 1552
45 11 819
45 12 1487
45 13 581
45 14 733
45 15 815
45 16 1811
45 17 1188
45 18 1457
45 19 1023
45 20 1977
45 21 384
45 22 1225
45 23 2066
45 24 336
45 25 1177
45 26 2018
45 27 288
45 28 1129
45 29 1970
45 30 240
45 31 1081
45 32 1922
45 33 192
45 34 1033
45 35 1874
45 36 144
45 37 985
45 38 1826
45 39 96
45 40 937
45 41 1778
45 42 48
45 43 889
45 44 1730
45 45 0
45 46 841
45 47 1682
45 48 48
45 49 889
45 50 1730
45 51 96
45 52 937
45 53 1778
45 54 144
45 55 985
45 56 1826
45 57 504
46 0 1345
46 1 823
46 2 746
46 3 529
46 4 798
46 5 1175
46 6 828
46 7 458
46 8 997
46 9 193
46 10 711
46 11 598
46 12 646
46 13 932
46 14 876
46 15 698
46 16 970
46 17 421
46 18 616
46 19 490
46 20 1136
46 21 1225
46 22 384
46 23 1225
46 24 1177
46 25 336
46 26 1177
46 27 1129
46 28 288
46 29 1129
46 30 1081
46 31 240
46 32 1081
46 33 1033
46 34 192
46 35 1033
46 36 985
46 37 144
46 38 985
46 39 937
46 40 96
46 41 937
46 42 889
46 43 48
46 44 889
46 45 841
46 46 0
46 47 841
46 48 889
46 49 48
46 50 889
46 51 937
46 52 96
46 53 937
46 54 985
46 55 144
46 56 985
46 57 1345
47 0 2186
47 1 1664
47 2 863
47 3 984
47 4 1639
47 5 2016
47 6 685
47 7 575
47 8 1838
47 9 648
47 10 802
47 11 1439
47 12 867
47 13 1773
47 14 1717
47 15 1539
47 16 255
47 17 1262
47 18 993
47 19 1331
47 20 473
47 21 2066
47 22 1225
47 23 384
47 24 2018
47 25 1177
47 26 336
47 27 1970
47 28 1129
47 29 288
47 30 1922
47 31 1081
47 32 240
47 33 1874
47 34 1033
47 35 192
47 36 1826
47 37 985
47 38 144
47 39 1778
47 40 937
47 41 96
47 42 1730
47 43 889
47 44 48
47 45 1682
47 46 841
47 47 0
47 48 1730
47 49 889
47 50 48
47 51 1778
47 52 937
47 53 96
47 54 1826
47 55 985
47 56 144
47 57 2186
48 0 552
48 1 546
48 2 1635
48 3 1418
48 4 859
48 5 482
48 6 1717
48 7 1251
48 8 564
48 9 1082
48 10 1600
48 11 867
48 12 1535
48 13 629
48 14 781
48 15 863
48 16 1859
48 17 1236
48 18 1505
48 19 1071
48 20 2025
48 21 432
48 22 1273
48 23 2114
48 24 384
48 25 1225
48 26 2066
48 27 336
48 28 1177
48 29 2018
48 30 288
48 31 1129
48 32 1970
48 33 240
48 34 1081
48 35 1922
48 36 192
48 37 1033
48 38 1874
48 39 144
48 40 985
48 41 1826
48 42 96
48 43 937
48 44 1778
48 45 48
48 46 889
48 47 1730
48 48 0
48 49 841
48 50 1682
48 51 48
48 52 889
48 53 1730
48 54 96
48 55 937
48 56 1778
48 57 552
49 0 1393
49 1 871
49 2 794
49 3 577
49 4 846
49 5 1223
49 6 876
49 7 410
49 8 1045
49 9 241
49 10 759
49 11 646
49 12 694
49 13 980
49 14 924
49 15 746
49 16 1018
49 17 469
49 18 664
49 19 538
49 20 1184
49 21 1273
49 22 432
49 23 1273
49 24 1225
49 25 384
49 26 1225
49 27 1177
49 28 336
49 29 1177
49 30 1129
49 31 288
49 32 1129
49 33 1081
49 34 240
49 35 1081
49 36 1033
49 37 192
49 38 1033
49 39 985
49 40 144
49 41 985
49 42 937
49 43 96
49 44 937
49 45 889
49 46 48
49 47 889
49 48 841
49 49 0
49 50 841
49 51 889
49 52 48
49 53 889
49 54 937
49 55 96
49 56 937
49 57 1393
50 0 2234
50 1 1712
50 2 911
50 3 1032
50 4 1687
50 5 2064
50 6 733
50 7 527
50 8 1886
50 9 696
50 10 850
50 11 1487
50 12 915
50 13 1821
50 14 1765
50 15 1587
50 16 303
50 17 1310
50 18 1041
50 19 1379
50 20 521
50 21 2114
50 22 1273
50 23 432
50 24 2066
50 25 1225
50 26 384
50 27 2018
50 28 1177
50 29 336
50 30 1970
50 31 1129
50 32 288
50 33 1922
50 34 1081
50 35 240
50 36 1874
50 37 1033
50 38 192
50 39 1826
50 40 985
50 41 144
50 42 1778
50 43 937
50 44 96
50 45 1730
50 46 889
50 47 48
50 48 1682
50 49 841
50 50 0
50 51 1730
50 52 889
50 53 48
50 54 1778
50 55 937
50 56 96
50 57 2234
51 0 600
51 1 594
51 2 1683
51 3 1466
51 4 907
51 5 530
51 6 1765
51 7 1203
51 8 612
51 9 1130
51 10 1648
51 11 915
51 12 1583
51 13 677
51 14 829
51 15 911
51 16 1907
51 17 1284
51 18 1553
51 19 1119
51 20 2073
51 21 480
51 22 1321
51 23 2162
51 24 432
51 25 1273
51 26 2114
51 27 384
51 28 1225
51 29 2066
51 30 336
51 31 1177
51 32 2018
51 33 288
51 34 1129
51 35 1970
51 36 240
51 37 1081
51 38 1922
51 39 192
51 40 1033
51 41 1874
51 42 144
51 43 985
51 44 1826
51 45 96
51 46 937
51 47 1778
51 48 48
51 49 889
51 50 1730
51 51 0
51 52 841
51 53 1682
51 54 48
51 55 889
51 56 1730
51 57 600
52 0 1441
52 1 919
52 2 842
52 3 625
52 4 894
52 5 1271
52 6 924
52 7 362
52 8 1093
52 9 289
52 10 807
52 11 694
52 12 742
52 13 1028
52 14 972
52 15 794
52 16 1066
52 17 517
52 18 712
52 19 586
52 20 1232
52 21 1321
52 22 480
52 23 1321
52 24 1273
52 25 432
52 26 1273
52 27 1225
52 28 384
52 29 1225
52 30 1177
52 31 336
52 32 1177
52 33 1129
52 34 288
52 35 1129
52 36 1081
52 37 240
52 38 1081
52 39 1033
52 40 192
52 41 1033
52 42 985
52 43 144
52 44 985
52 45 937
52 46 96
52 47 937
52 48 889
52 49 48
52 50 889
52 51 841
52 52 0
52 53 841
52 54 889
52 55 48
52 56 889
52 57 1441
53 0 2282
53 1 1760
53 2 959
53 3 1080
53 4 1735
53 5 2112
53 6 781
53 7 479
53 8 1934
53 9 744
53 10 898
53 11 1535
53 12 963
53 13 1869
53 14 1813
53 15 1635
53 16 351
53 17 1358
53 18 1089
53 19 1427
53 20 569
53 21 2162
53 22 1321
53 23 480
53 24 2114
53 25 1273
53 26 432
53 27 2066
53 28 1225
53 29 384
53 30 2018
53 31 1177
53 32 336
53 33 1970
53 34 1129
53 35 288
53 36 1922
53 37 1081
53 38 240
53 39 1874
53 40 1033
53 41 192
53 42 1826
53 43 985
53 44 144
53 45 1778
53 46 937
53 47 96
53 48 1730
53 49 889
53 50 48
53 51 1682
53 52 841
53 53 0
53 54 1730
53 55 889
53 56 48
53 57 2282
54 0 648
54 1 642
54 2 1731
54 3 1514
54 4 955
54 5 578
54 6 1813
54 7 1251
54 8 660
54 9 1178
54 10 1696
54 11 963
54 12 1631
54 13 725
54 14 877
54 15 959
54 16 1955
54 17 1332
54 18 1601
54 19 1167
54 20 2121
54 21 528
54 22 1369
54 23 2210
54 24 480
54 25 1321
54 26 2162
54 27 432
54 28 1273
54 29 2114
54 30 384
54 31 1225
54 32 2066
54 33 336
54 34 1177
54 35 2018
54 36 288
54 37 1129
54 38 1970
54 39 240
54 40 1081
54 41 1922
54 42 192
54 43 1033
54 44 1874
54 45 144
54 46 985
54 47 1826
54 48 96
54 49 937
54 50 1778
54 51 48
54 52 889
54 53 1730
54 54 0
54 55 841
54 56 1682
54 57 648
55 0 1489
55 1 967
55 2 890
55 3 673
55 4 942
55 5 1319
55 6 972
55 7 410
55 8 1141
55 9 337
55 10 855
55 11 742
55 12 790
55 13 1076
55 14 1020
55 15 842
55 16 1114
55 17 565
55 18 760
55 19 634
55 20 1280
55 21 1369
55 22 528
55 23 1369
55 24 1321
55 25 480
55 26 1321
55 27 1273
55 28 432
55 29 1273
55 30 1225
55 31 384
55 32 1225
55 33 1177
55 34 336
55 35 1177
55 36 1129
55 37 288
55 38 1129
55 39 1081
55 40 240
55 41 1081
55 42 1033
55 43 192
55 44 1033
55 45 985
55 46 144
55 47 985
55 48 937
55 49 96
55 50 937
55 51 889
55 52 48
55 53 889
55 54 841
55 55 0
55 56 841
55 57 1489
56 0 2330
56 1 1808
56 2 1007
56 3 1128
56 4 1783
56 5 2160
56 6 829
56 7 527
56 8 1982
56 9 792
56 10 946
56 11 1583
56 12 1011
56 13 1917
56 14 1861
56 15 1683
56 16 399
56 17 1406
56 18 1137
56 19 1475
56 20 617
56 21 2210
56 22 1369
56 23 528
56 24 2162
56 25 1321
56 26 480
56 27 2114
56 28 1273
56 29 432
56 30 2066
56 31 1225
56 32 384
56 33 2018
56 34 1177
56 35 336
56 36 1970
56 37 1129
56 38 288
56 39 1922
56 40 1081
56 41 240
56 42 1874
56 43 1033
56 44 192
56 45 1826
56 46 985
56 47 144
56 48 1778
56 49 937
56 50 96
56 51 1730
56 52 889
56 53 48
56 54 1682
56 55 841
56 56 0
56 57 2330
57 0 0
57 1 522
57 2 1323
57 3 1202
57 4 547
57 5 170
57 6 1501
57 7 1803
57 8 348
57 9 1538
57 10 1384
57 11 747
57 12 1319
57 13 413
57 14 469
57 15 647
57 16 1931
57 17 924
57 18 1193
57 19 855
57 20 1713
57 21 120
57 22 961
57 23 1802
57 24 168
57 25 1009
57 26 1850
57 27 216
57 28 1057
57 29 1898
57 30 264
57 31 1105
57 32 1946
57 33 312
57 34 1153
57 35 1994
57 36 360
57 37 1201
57 38 2042
57 39 408
57 40 1249
57 41 2090
57 42 456
57 43 1297
57 44 2138
57 45 504
57 46 1345
57 47 2186
57 48 552
57 49 1393
57 50 2234
57 51 600
57 52 1441
57 53 2282
57 54 648
57 55 1489
57 56 2330
57 57 0
//Location coordinates LocationName
//Loc x y
0 0.0 0.0 "depot"
1 144.0 378.0 "product aisle 3 bloc 0 rank 35"
2 0.0 1323.0 "product aisle 0 bloc 1 rank 52"
3 48.0 1154.0 "product aisle 1 bloc 1 rank 26"
4 0.0 547.0 "product aisle 0 bloc 0 rank 61"
5 0.0 170.0 "product aisle 0 bloc 0 rank 4"
6 48.0 1453.0 "product aisle 1 bloc 1 rank 72"
7 480.0 1323.0 "product aisle 10 bloc 1 rank 51"
8 48.0 300.0 "product aisle 1 bloc 0 rank 23"
9 384.0 1154.0 "product aisle 8 bloc 1 rank 26"
10 48.0 1336.0 "product aisle 1 bloc 1 rank 54"
11 96.0 651.0 "product aisle 2 bloc 0 rank 77"
12 48.0 1271.0 "product aisle 1 bloc 1 rank 43"
13 48.0 365.0 "product aisle 1 bloc 0 rank 34"
14 0.0 469.0 "product aisle 0 bloc 0 rank 49"
15 48.0 599.0 "product aisle 1 bloc 0 rank 69"
16 192.0 1739.0 "product aisle 4 bloc 1 rank 116"
17 0.0 924.0 "product aisle 0 bloc 0 rank 120"
18 0.0 1193.0 "product aisle 0 bloc 1 rank 31"
19 48.0 807.0 "product aisle 1 bloc 0 rank 102"
20 0.0 1713.0 "product aisle 0 bloc 1 rank 111"
21 24.0 120.0 "intersection aisle 0 bloc 0 rank 0"
22 24.0 961.0 "intersection aisle 0 bloc 1 rank 1"
23 24.0 1802.0 "intersection aisle 0 bloc 2 rank 2"
24 72.0 120.0 "intersection aisle 1 bloc 0 rank 0"
25 72.0 961.0 "intersection aisle 1 bloc 1 rank 1"
26 72.0 1802.0 "intersection aisle 1 bloc 2 rank 2"
27 120.0 120.0 "intersection aisle 2 bloc 0 rank 0"
28 120.0 961.0 "intersection aisle 2 bloc 1 rank 1"
29 120.0 1802.0 "intersection aisle 2 bloc 2 rank 2"
30 168.0 120.0 "intersection aisle 3 bloc 0 rank 0"
31 168.0 961.0 "intersection aisle 3 bloc 1 rank 1"
32 168.0 1802.0 "intersection aisle 3 bloc 2 rank 2"
33 216.0 120.0 "intersection aisle 4 bloc 0 rank 0"
34 216.0 961.0 "intersection aisle 4 bloc 1 rank 1"
35 216.0 1802.0 "intersection aisle 4 bloc 2 rank 2"
36 264.0 120.0 "intersection aisle 5 bloc 0 rank 0"
37 264.0 961.0 "intersection aisle 5 bloc 1 rank 1"
38 264.0 1802.0 "intersection aisle 5 bloc 2 rank 2"
39 312.0 120.0 "intersection aisle 6 bloc 0 rank 0"
40 312.0 961.0 "intersection aisle 6 bloc 1 rank 1"
41 312.0 1802.0 "intersection aisle 6 bloc 2 rank 2"
42 360.0 120.0 "intersection aisle 7 bloc 0 rank 0"
43 360.0 961.0 "intersection aisle 7 bloc 1 rank 1"
44 360.0 1802.0 "intersection aisle 7 bloc 2 rank 2"
45 408.0 120.0 "intersection aisle 8 bloc 0 rank 0"
46 408.0 961.0 "intersection aisle 8 bloc 1 rank 1"
47 408.0 1802.0 "intersection aisle 8 bloc 2 rank 2"
48 456.0 120.0 "intersection aisle 9 bloc 0 rank 0"
49 456.0 961.0 "intersection aisle 9 bloc 1 rank 1"
50 456.0 1802.0 "intersection aisle 9 bloc 2 rank 2"
51 504.0 120.0 "intersection aisle 10 bloc 0 rank 0"
52 504.0 961.0 "intersection aisle 10 bloc 1 rank 1"
53 504.0 1802.0 "intersection aisle 10 bloc 2 rank 2"
54 552.0 120.0 "intersection aisle 11 bloc 0 rank 0"
55 552.0 961.0 "intersection aisle 11 bloc 1 rank 1"
56 552.0 1802.0 "intersection aisle 11 bloc 2 rank 2"
57 0.0 0.0 "depot"
