//alpha
1
//NbLocations
68
//NbProducts
31
//NbPickers
2
//CapaPicker
4
//TimeToTravelOneDistanceUnit
3
//SetupTime
5400
//PickTime
300
//Products
//Idx Location Size
1 1 1
2 2 1
3 3 1
4 4 1
5 5 1
6 6 1
7 7 1
8 8 1
9 9 1
10 10 1
11 11 1
12 12 1
13 13 1
14 14 1
15 15 1
16 16 1
17 17 1
18 18 1
19 19 1
20 20 1
21 21 1
22 22 1
23 23 1
24 24 1
25 25 1
26 26 1
27 27 1
28 28 1
29 29 1
30 30 1
31 31 1
//Orders
//NbOrders
18
//Idx DueDate TardinessPenalty NbProdInOrder ProdIdx1 Qty1 ProdIdx2 Qty2 ...
1 54000 0 4 1 1 2 1 3 1 4 1
2 144000 0 1 5 1
3 90000 0 1 6 1
4 90000 0 1 7 1
5 126000 0 3 8 1 9 1 10 1
6 108000 0 2 11 1 12 1
7 72000 0 1 13 1
8 126000 0 1 14 1
9 90000 0 2 15 1 16 1
10 108000 0 1 17 1
11 126000 0 1 18 1
12 108000 0 2 19 1 20 1
13 54000 0 3 21 1 22 1 23 1
14 72000 0 1 24 1
15 144000 0 1 25 1
16 126000 0 1 26 1
17 108000 0 3 27 1 28 1 29 1
18 72000 0 2 30 1 31 1
//Graph (Products are vertices indexed from 1 to NbProducts)
//NbVerticesIntersections
36
//DepartingDepot
0
//ArrivalDepot
68
//Arcs
//Start End Distance
0 32 120
1 26 78
1 53 50
2 59 76
2 60 765
3 7 26
3 45 752
4 15 143
4 41 50
5 19 130
5 66 128
6 51 284
6 52 557
7 3 26
7 44 63
8 23 65
8 30 0
9 11 13
9 62 141
10 36 102
10 37 739
11 9 13
11 22 494
12 25 26
12 40 440
13 28 221
13 51 570
14 48 245
14 49 596
15 4 143
15 42 648
16 42 37
16 43 804
17 47 115
17 48 726
18 56 648
18 57 193
19 5 130
19 67 583
20 45 50
20 46 791
21 63 401
21 64 440
22 11 494
22 63 193
23 8 65
23 24 156
24 23 156
24 27 104
25 12 26
25 39 375
26 1 78
26 54 713
27 24 104
27 34 427
28 13 221
28 50 50
29 54 102
29 55 739
30 8 0
30 33 89
31 35 245
31 36 596
32 33 841
32 35 48
32 68 120
33 30 89
33 32 841
33 36 48
34 27 427
34 37 48
35 31 245
35 32 48
35 38 48
36 10 102
36 31 596
36 33 48
36 39 48
37 10 739
37 34 48
37 40 48
38 35 48
38 39 841
38 41 48
39 25 375
39 36 48
39 38 841
39 42 48
40 12 440
40 37 48
40 43 48
41 4 50
41 38 48
41 44 48
42 15 648
42 16 37
42 39 48
42 45 48
43 16 804
43 40 48
43 46 48
44 7 63
44 41 48
44 47 48
45 3 752
45 20 50
45 42 48
45 48 48
46 20 791
46 43 48
46 49 48
47 17 115
47 44 48
47 50 48
48 14 245
48 17 726
48 45 48
48 51 48
49 14 596
49 46 48
49 52 48
50 28 50
50 47 48
50 53 48
51 6 284
51 13 570
51 48 48
51 54 48
52 6 557
52 49 48
52 55 48
53 1 50
53 50 48
53 56 48
54 26 713
54 29 102
54 51 48
54 57 48
55 29 739
55 52 48
55 58 48
56 18 648
56 53 48
56 59 48
57 18 193
57 54 48
57 58 841
57 60 48
58 55 48
58 57 841
58 61 48
59 2 76
59 56 48
59 62 48
60 2 765
60 57 48
60 61 841
60 63 48
61 58 48
61 60 841
61 64 48
62 9 141
62 59 48
62 65 48
63 21 401
63 22 193
63 60 48
63 66 48
64 21 440
64 61 48
64 67 48
65 62 48
65 66 841
66 5 128
66 63 48
66 65 841
67 19 583
67 64 48
//LocStart LocEnd ShortestPath
0 0 0
0 1 506
0 2 628
0 3 401
0 4 314
0 5 1617
0 6 1533
0 7 375
0 8 1050
0 9 741
0 10 1111
0 11 754
0 12 1458
0 13 679
0 14 1446
0 15 457
0 16 1142
0 17 475
0 18 1152
0 19 1747
0 20 1203
0 21 1842
0 22 1248
0 23 1115
0 24 1271
0 25 1432
0 26 584
0 27 1375
0 28 458
0 29 1399
0 30 1050
0 31 413
0 32 120
0 33 961
0 34 1802
0 35 168
0 36 1009
0 37 1850
0 38 216
0 39 1057
0 40 1898
0 41 264
0 42 1105
0 43 1946
0 44 312
0 45 1153
0 46 1994
0 47 360
0 48 1201
0 49 2042
0 50 408
0 51 1249
0 52 2090
0 53 456
0 54 1297
0 55 2138
0 56 504
0 57 1345
0 58 2186
0 59 552
0 60 1393
0 61 2234
0 62 600
0 63 1441
0 64 2282
0 65 648
0 66 1489
0 67 2330
0 68 0
1 0 506
1 1 0
1 2 222
1 3 283
1 4 292
1 5 1111
1 6 1123
1 7 257
1 8 1216
1 9 335
1 10 1181
1 11 348
1 12 1432
1 13 369
1 14 1132
1 15 435
1 16 1020
1 17 261
1 18 746
1 19 1241
1 20 985
1 21 1336
1 22 842
1 23 1281
1 24 1437
1 25 1406
1 26 78
1 27 1541
1 28 148
1 29 893
1 30 1216
1 31 583
1 32 386
1 33 1127
1 34 1968
1 35 338
1 36 1079
1 37 1920
1 38 290
1 39 1031
1 40 1872
1 41 242
1 42 983
1 43 1824
1 44 194
1 45 935
1 46 1776
1 47 146
1 48 887
1 49 1728
1 50 98
1 51 839
1 52 1680
1 53 50
1 54 791
1 55 1632
1 56 98
1 57 839
1 58 1680
1 59 146
1 60 887
1 61 1728
1 62 194
1 63 935
1 64 1776
1 65 242
1 66 983
1 67 1824
1 68 506
2 0 628
2 1 222
2 2 0
2 3 405
2 4 414
2 5 989
2 6 1193
2 7 379
2 8 1286
2 9 265
2 10 1251
2 11 278
2 12 1502
2 13 491
2 14 1202
2 15 557
2 16 1090
2 17 383
2 18 772
2 19 1119
2 20 1055
2 21 1214
2 22 772
2 23 1351
2 24 1507
2 25 1476
2 26 300
2 27 1611
2 28 270
2 29 963
2 30 1286
2 31 705
2 32 508
2 33 1197
2 34 2038
2 35 460
2 36 1149
2 37 1990
2 38 412
2 39 1101
2 40 1942
2 41 364
2 42 1053
2 43 1894
2 44 316
2 45 1005
2 46 1846
2 47 268
2 48 957
2 49 1798
2 50 220
2 51 909
2 52 1750
2 53 172
2 54 861
2 55 1702
2 56 124
2 57 813
2 58 1654
2 59 76
2 60 765
2 61 1606
2 62 124
2 63 813
2 64 1654
2 65 172
2 66 861
2 67 1702
2 68 628
3 0 401
3 1 283
3 2 405
3 3 0
3 4 187
3 5 1216
3 6 1132
3 7 26
3 8 1033
3 9 518
3 10 998
3 11 531
3 12 1249
3 13 456
3 14 1045
3 15 330
3 16 837
3 17 252
3 18 929
3 19 1346
3 20 802
3 21 1441
3 22 1025
3 23 1098
3 24 1254
3 25 1223
3 26 361
3 27 1358
3 28 235
3 29 998
3 30 1033
3 31 478
3 32 281
3 33 944
3 34 1785
3 35 233
3 36 896
3 37 1737
3 38 185
3 39 848
3 40 1689
3 41 137
3 42 800
3 43 1641
3 44 89
3 45 752
3 46 1593
3 47 137
3 48 800
3 49 1641
3 50 185
3 51 848
3 52 1689
3 53 233
3 54 896
3 55 1737
3 56 281
3 57 944
3 58 1785
3 59 329
3 60 992
3 61 1833
3 62 377
3 63 1040
3 64 1881
3 65 425
3 66 1088
3 67 1929
3 68 401
4 0 314
4 1 292
4 2 414
4 3 187
4 4 0
4 5 1303
4 6 1219
4 7 161
4 8 1024
4 9 527
4 10 989
4 11 540
4 12 1240
4 13 465
4 14 1132
4 15 143
4 16 828
4 17 261
4 18 938
4 19 1433
4 20 889
4 21 1528
4 22 1034
4 23 1089
4 24 1245
4 25 1214
4 26 370
4 27 1349
4 28 244
4 29 1085
4 30 1024
4 31 391
4 32 194
4 33 935
4 34 1776
4 35 146
4 36 887
4 37 1728
4 38 98
4 39 839
4 40 1680
4 41 50
4 42 791
4 43 1632
4 44 98
4 45 839
4 46 1680
4 47 146
4 48 887
4 49 1728
4 50 194
4 51 935
4 52 1776
4 53 242
4 54 983
4 55 1824
4 56 290
4 57 1031
4 58 1872
4 59 338
4 60 1079
4 61 1920
4 62 386
4 63 1127
4 64 1968
4 65 434
4 66 1175
4 67 2016
4 68 314
5 0 1617
5 1 1111
5 2 989
5 3 1216
5 4 1303
5 5 0
5 6 652
5 7 1242
5 8 745
5 9 876
5 10 710
5 11 863
5 12 961
5 13 938
5 14 661
5 15 1160
5 16 549
5 17 1142
5 18 465
5 19 130
5 20 514
5 21 577
5 22 369
5 23 810
5 24 966
5 25 935
5 26 1033
5 27 1070
5 28 1159
5 29 422
5 30 745
5 31 1204
5 32 1497
5 33 656
5 34 1241
5 35 1449
5 36 608
5 37 1193
5 38 1401
5 39 560
5 40 1145
5 41 1353
5 42 512
5 43 1097
5 44 1305
5 45 464
5 46 1049
5 47 1257
5 48 416
5 49 1001
5 50 1209
5 51 368
5 52 953
5 53 1161
5 54 320
5 55 905
5 56 1113
5 57 272
5 58 857
5 59 1065
5 60 224
5 61 809
5 62 1017
5 63 176
5 64 761
5 65 969
5 66 128
5 67 713
5 68 1617
6 0 1533
6 1 1123
6 2 1193
6 3 1132
6 4 1219
6 5 652
6 6 0
6 7 1158
6 8 661
6 9 1176
6 10 626
6 11 1163
6 12 877
6 13 854
6 14 577
6 15 1076
6 16 465
6 17 1058
6 18 573
6 19 782
6 20 430
6 21 877
6 22 669
6 23 726
6 24 882
6 25 851
6 26 1045
6 27 986
6 28 1075
6 29 434
6 30 661
6 31 1120
6 32 1413
6 33 572
6 34 845
6 35 1365
6 36 524
6 37 797
6 38 1317
6 39 476
6 40 749
6 41 1269
6 42 428
6 43 701
6 44 1221
6 45 380
6 46 653
6 47 1173
6 48 332
6 49 605
6 50 1125
6 51 284
6 52 557
6 53 1173
6 54 332
6 55 605
6 56 1221
6 57 380
6 58 653
6 59 1269
6 60 428
6 61 701
6 62 1317
6 63 476
6 64 749
6 65 1365
6 66 524
6 67 797
6 68 1533
7 0 375
7 1 257
7 2 379
7 3 26
7 4 161
7 5 1242
7 6 1158
7 7 0
7 8 1059
7 9 492
7 10 1024
7 11 505
7 12 1275
7 13 430
7 14 1071
7 15 304
7 16 863
7 17 226
7 18 903
7 19 1372
7 20 828
7 21 1467
7 22 999
7 23 1124
7 24 1280
7 25 1249
7 26 335
7 27 1384
7 28 209
7 29 1024
7 30 1059
7 31 452
7 32 255
7 33 970
7 34 1811
7 35 207
7 36 922
7 37 1763
7 38 159
7 39 874
7 40 1715
7 41 111
7 42 826
7 43 1667
7 44 63
7 45 778
7 46 1619
7 47 111
7 48 826
7 49 1667
7 50 159
7 51 874
7 52 1715
7 53 207
7 54 922
7 55 1763
7 56 255
7 57 970
7 58 1811
7 59 303
7 60 1018
7 61 1859
7 62 351
7 63 1066
7 64 1907
7 65 399
7 66 1114
7 67 1955
7 68 375
8 0 1050
8 1 1216
8 2 1286
8 3 1033
8 4 1024
8 5 745
8 6 661
8 7 1059
8 8 0
8 9 1269
8 10 239
8 11 1256
8 12 586
8 13 947
8 14 574
8 15 881
8 16 270
8 17 1055
8 18 666
8 19 875
8 20 331
8 21 970
8 22 762
8 23 65
8 24 221
8 25 560
8 26 1138
8 27 325
8 28 1168
8 29 527
8 30 0
8 31 733
8 32 930
8 33 89
8 34 752
8 35 978
8 36 137
8 37 800
8 38 1026
8 39 185
8 40 848
8 41 1074
8 42 233
8 43 896
8 44 1122
8 45 281
8 46 944
8 47 1170
8 48 329
8 49 992
8 50 1218
8 51 377
8 52 1040
8 53 1266
8 54 425
8 55 1088
8 56 1314
8 57 473
8 58 1136
8 59 1362
8 60 521
8 61 1184
8 62 1410
8 63 569
8 64 1232
8 65 1458
8 66 617
8 67 1280
8 68 1050
9 0 741
9 1 335
9 2 265
9 3 518
9 4 527
9 5 876
9 6 1176
9 7 492
9 8 1269
9 9 0
9 10 1234
9 11 13
9 12 1485
9 13 604
9 14 1185
9 15 670
9 16 1073
9 17 496
9 18 885
9 19 1006
9 20 1038
9 21 1101
9 22 507
9 23 1334
9 24 1490
9 25 1459
9 26 413
9 27 1594
9 28 383
9 29 946
9 30 1269
9 31 818
9 32 621
9 33 1180
9 34 2021
9 35 573
9 36 1132
9 37 1973
9 38 525
9 39 1084
9 40 1925
9 41 477
9 42 1036
9 43 1877
9 44 429
9 45 988
9 46 1829
9 47 381
9 48 940
9 49 1781
9 50 333
9 51 892
9 52 1733
9 53 285
9 54 844
9 55 1685
9 56 237
9 57 796
9 58 1637
9 59 189
9 60 748
9 61 1589
9 62 141
9 63 700
9 64 1541
9 65 189
9 66 748
9 67 1589
9 68 741
10 0 1111
10 1 1181
10 2 1251
10 3 998
10 4 989
10 5 710
10 6 626
10 7 1024
10 8 239
10 9 1234
10 10 0
10 11 1221
10 12 551
10 13 912
10 14 539
10 15 846
10 16 235
10 17 1020
10 18 631
10 19 840
10 20 296
10 21 935
10 22 727
10 23 304
10 24 460
10 25 525
10 26 1103
10 27 564
10 28 1133
10 29 492
10 30 239
10 31 698
10 32 991
10 33 150
10 34 787
10 35 943
10 36 102
10 37 739
10 38 991
10 39 150
10 40 787
10 41 1039
10 42 198
10 43 835
10 44 1087
10 45 246
10 46 883
10 47 1135
10 48 294
10 49 931
10 50 1183
10 51 342
10 52 979
10 53 1231
10 54 390
10 55 1027
10 56 1279
10 57 438
10 58 1075
10 59 1327
10 60 486
10 61 1123
10 62 1375
10 63 534
10 64 1171
10 65 1423
10 66 582
10 67 1219
10 68 1111
11 0 754
11 1 348
11 2 278
11 3 531
11 4 540
11 5 863
11 6 1163
11 7 505
11 8 1256
11 9 13
11 10 1221
11 11 0
11 12 1472
11 13 617
11 14 1172
11 15 683
11 16 1060
11 17 509
11 18 898
11 19 993
11 20 1025
11 21 1088
11 22 494
11 23 1321
11 24 1477
11 25 1446
11 26 426
11 27 1581
11 28 396
11 29 933
11 30 1256
11 31 831
11 32 634
11 33 1167
11 34 2008
11 35 586
11 36 1119
11 37 1960
11 38 538
11 39 1071
11 40 1912
11 41 490
11 42 1023
11 43 1864
11 44 442
11 45 975
11 46 1816
11 47 394
11 48 927
11 49 1768
11 50 346
11 51 879
11 52 1720
11 53 298
11 54 831
11 55 1672
11 56 250
11 57 783
11 58 1624
11 59 202
11 60 735
11 61 1576
11 62 154
11 63 687
11 64 1528
11 65 202
11 66 735
11 67 1576
11 68 754
12 0 1458
12 1 1432
12 2 1502
12 3 1249
12 4 1240
12 5 961
12 6 877
12 7 1275
12 8 586
12 9 1485
12 10 551
12 11 1472
12 12 0
12 13 1163
12 14 790
12 15 1097
12 16 486
12 17 1271
12 18 882
12 19 1091
12 20 547
12 21 1186
12 22 978
12 23 651
12 24 807
12 25 26
12 26 1354
12 27 911
12 28 1384
12 29 743
12 30 586
12 31 1045
12 32 1338
12 33 497
12 34 536
12 35 1290
12 36 449
12 37 488
12 38 1242
12 39 401
12 40 440
12 41 1290
12 42 449
12 43 488
12 44 1338
12 45 497
12 46 536
12 47 1386
12 48 545
12 49 584
12 50 1434
12 51 593
12 52 632
12 53 1482
12 54 641
12 55 680
12 56 1530
12 57 689
12 58 728
12 59 1578
12 60 737
12 61 776
12 62 1626
12 63 785
12 64 824
12 65 1674
12 66 833
12 67 872
12 68 1458
13 0 679
13 1 369
13 2 491
13 3 456
13 4 465
13 5 938
13 6 854
13 7 430
13 8 947
13 9 604
13 10 912
13 11 617
13 12 1163
13 13 0
13 14 863
13 15 608
13 16 751
13 17 434
13 18 859
13 19 1068
13 20 716
13 21 1163
13 22 955
13 23 1012
13 24 1168
13 25 1137
13 26 447
13 27 1272
13 28 221
13 29 720
13 30 947
13 31 756
13 32 559
13 33 858
13 34 1699
13 35 511
13 36 810
13 37 1651
13 38 463
13 39 762
13 40 1603
13 41 415
13 42 714
13 43 1555
13 44 367
13 45 666
13 46 1507
13 47 319
13 48 618
13 49 1459
13 50 271
13 51 570
13 52 1411
13 53 319
13 54 618
13 55 1459
13 56 367
13 57 666
13 58 1507
13 59 415
13 60 714
13 61 1555
13 62 463
13 63 762
13 64 1603
13 65 511
13 66 810
13 67 1651
13 68 679
14 0 1446
14 1 1132
14 2 1202
14 3 1045
14 4 1132
14 5 661
14 6 577
14 7 1071
14 8 574
14 9 1185
14 10 539
14 11 1172
14 12 790
14 13 863
14 14 0
14 15 989
14 16 378
14 17 971
14 18 582
14 19 791
14 20 343
14 21 886
14 22 678
14 23 639
14 24 795
14 25 764
14 26 1054
14 27 899
14 28 1084
14 29 443
14 30 574
14 31 1033
14 32 1326
14 33 485
14 34 836
14 35 1278
14 36 437
14 37 788
14 38 1230
14 39 389
14 40 740
14 41 1182
14 42 341
14 43 692
14 44 1134
14 45 293
14 46 644
14 47 1086
14 48 245
14 49 596
14 50 1134
14 51 293
14 52 644
14 53 1182
14 54 341
14 55 692
14 56 1230
14 57 389
14 58 740
14 59 1278
14 60 437
14 61 788
14 62 1326
14 63 485
14 64 836
14 65 1374
14 66 533
14 67 884
14 68 1446
15 0 457
15 1 435
15 2 557
15 3 330
15 4 143
15 5 1160
15 6 1076
15 7 304
15 8 881
15 9 670
15 10 846
15 11 683
15 12 1097
15 13 608
15 14 989
15 15 0
15 16 685
15 17 404
15 18 1081
15 19 1290
15 20 746
15 21 1385
15 22 1177
15 23 946
15 24 1102
15 25 1071
15 26 513
15 27 1206
15 28 387
15 29 942
15 30 881
15 31 534
15 32 337
15 33 792
15 34 1633
15 35 289
15 36 744
15 37 1585
15 38 241
15 39 696
15 40 1537
15 41 193
15 42 648
15 43 1489
15 44 241
15 45 696
15 46 1537
15 47 289
15 48 744
15 49 1585
15 50 337
15 51 792
15 52 1633
15 53 385
15 54 840
15 55 1681
15 56 433
15 57 888
15 58 1729
15 59 481
15 60 936
15 61 1777
15 62 529
15 63 984
15 64 1825
15 65 577
15 66 1032
15 67 1873
15 68 457
16 0 1142
16 1 1020
16 2 1090
16 3 837
16 4 828
16 5 549
16 6 465
16 7 863
16 8 270
16 9 1073
16 10 235
16 11 1060
16 12 486
16 13 751
16 14 378
16 15 685
16 16 0
16 17 859
16 18 470
16 19 679
16 20 135
16 21 774
16 22 566
16 23 335
16 24 491
16 25 460
16 26 942
16 27 595
16 28 972
16 29 331
16 30 270
16 31 729
16 32 1022
16 33 181
16 34 948
16 35 974
16 36 133
16 37 900
16 38 926
16 39 85
16 40 852
16 41 878
16 42 37
16 43 804
16 44 926
16 45 85
16 46 852
16 47 974
16 48 133
16 49 900
16 50 1022
16 51 181
16 52 948
16 53 1070
16 54 229
16 55 996
16 56 1118
16 57 277
16 58 1044
16 59 1166
16 60 325
16 61 1092
16 62 1214
16 63 373
16 64 1140
16 65 1262
16 66 421
16 67 1188
16 68 1142
17 0 475
17 1 261
17 2 383
17 3 252
17 4 261
17 5 1142
17 6 1058
17 7 226
17 8 1055
17 9 496
17 10 1020
17 11 509
17 12 1271
17 13 434
17 14 971
17 15 404
17 16 859
17 17 0
17 18 907
17 19 1272
17 20 824
17 21 1367
17 22 1003
17 23 1120
17 24 1276
17 25 1245
17 26 339
17 27 1380
17 28 213
17 29 924
17 30 1055
17 31 552
17 32 355
17 33 966
17 34 1807
17 35 307
17 36 918
17 37 1759
17 38 259
17 39 870
17 40 1711
17 41 211
17 42 822
17 43 1663
17 44 163
17 45 774
17 46 1615
17 47 115
17 48 726
17 49 1567
17 50 163
17 51 774
17 52 1615
17 53 211
17 54 822
17 55 1663
17 56 259
17 57 870
17 58 1711
17 59 307
17 60 918
17 61 1759
17 62 355
17 63 966
17 64 1807
17 65 403
17 66 1014
17 67 1855
17 68 475
18 0 1152
18 1 746
18 2 772
18 3 929
18 4 938
18 5 465
18 6 573
18 7 903
18 8 666
18 9 885
18 10 631
18 11 898
18 12 882
18 13 859
18 14 582
18 15 1081
18 16 470
18 17 907
18 18 0
18 19 595
18 20 435
18 21 690
18 22 482
18 23 731
18 24 887
18 25 856
18 26 824
18 27 991
18 28 794
18 29 343
18 30 666
18 31 1125
18 32 1032
18 33 577
18 34 1418
18 35 984
18 36 529
18 37 1370
18 38 936
18 39 481
18 40 1322
18 41 888
18 42 433
18 43 1274
18 44 840
18 45 385
18 46 1226
18 47 792
18 48 337
18 49 1178
18 50 744
18 51 289
18 52 1130
18 53 696
18 54 241
18 55 1082
18 56 648
18 57 193
18 58 1034
18 59 696
18 60 241
18 61 1082
18 62 744
18 63 289
18 64 1130
18 65 792
18 66 337
18 67 1178
18 68 1152
19 0 1747
19 1 1241
19 2 1119
19 3 1346
19 4 1433
19 5 130
19 6 782
19 7 1372
19 8 875
19 9 1006
19 10 840
19 11 993
19 12 1091
19 13 1068
19 14 791
19 15 1290
19 16 679
19 17 1272
19 18 595
19 19 0
19 20 644
19 21 707
19 22 499
19 23 940
19 24 1096
19 25 1065
19 26 1163
19 27 1200
19 28 1289
19 29 552
19 30 875
19 31 1334
19 32 1627
19 33 786
19 34 1111
19 35 1579
19 36 738
19 37 1063
19 38 1531
19 39 690
19 40 1015
19 41 1483
19 42 642
19 43 967
19 44 1435
19 45 594
19 46 919
19 47 1387
19 48 546
19 49 871
19 50 1339
19 51 498
19 52 823
19 53 1291
19 54 450
19 55 775
19 56 1243
19 57 402
19 58 727
19 59 1195
19 60 354
19 61 679
19 62 1147
19 63 306
19 64 631
19 65 1099
19 66 258
19 67 583
19 68 1747
20 0 1203
20 1 985
20 2 1055
20 3 802
20 4 889
20 5 514
20 6 430
20 7 828
20 8 331
20 9 1038
20 10 296
20 11 1025
20 12 547
20 13 716
20 14 343
20 15 746
20 16 135
20 17 824
20 18 435
20 19 644
20 20 0
20 21 739
20 22 531
20 23 396
20 24 552
20 25 521
20 26 907
20 27 656
20 28 937
20 29 296
20 30 331
20 31 790
20 32 1083
20 33 242
20 34 983
20 35 1035
20 36 194
20 37 935
20 38 987
20 39 146
20 40 887
20 41 939
20 42 98
20 43 839
20 44 891
20 45 50
20 46 791
20 47 939
20 48 98
20 49 839
20 50 987
20 51 146
20 52 887
20 53 1035
20 54 194
20 55 935
20 56 1083
20 57 242
20 58 983
20 59 1131
20 60 290
20 61 1031
20 62 1179
20 63 338
20 64 1079
20 65 1227
20 66 386
20 67 1127
20 68 1203
21 0 1842
21 1 1336
21 2 1214
21 3 1441
21 4 1528
21 5 577
21 6 877
21 7 1467
21 8 970
21 9 1101
21 10 935
21 11 1088
21 12 1186
21 13 1163
21 14 886
21 15 1385
21 16 774
21 17 1367
21 18 690
21 19 707
21 20 739
21 21 0
21 22 594
21 23 1035
21 24 1191
21 25 1160
21 26 1258
21 27 1295
21 28 1384
21 29 647
21 30 970
21 31 1429
21 32 1722
21 33 881
21 34 920
21 35 1674
21 36 833
21 37 872
21 38 1626
21 39 785
21 40 824
21 41 1578
21 42 737
21 43 776
21 44 1530
21 45 689
21 46 728
21 47 1482
21 48 641
21 49 680
21 50 1434
21 51 593
21 52 632
21 53 1386
21 54 545
21 55 584
21 56 1338
21 57 497
21 58 536
21 59 1290
21 60 449
21 61 488
21 62 1242
21 63 401
21 64 440
21 65 1290
21 66 449
21 67 488
21 68 1842
22 0 1248
22 1 842
22 2 772
22 3 1025
22 4 1034
22 5 369
22 6 669
22 7 999
22 8 762
22 9 507
22 10 727
22 11 494
22 12 978
22 13 955
22 14 678
22 15 1177
22 16 566
22 17 1003
22 18 482
22 19 499
22 20 531
22 21 594
22 22 0
22 23 827
22 24 983
22 25 952
22 26 920
22 27 1087
22 28 890
22 29 439
22 30 762
22 31 1221
22 32 1128
22 33 673
22 34 1514
22 35 1080
22 36 625
22 37 1466
22 38 1032
22 39 577
22 40 1418
22 41 984
22 42 529
22 43 1370
22 44 936
22 45 481
22 46 1322
22 47 888
22 48 433
22 49 1274
22 50 840
22 51 385
22 52 1226
22 53 792
22 54 337
22 55 1178
22 56 744
22 57 289
22 58 1130
22 59 696
22 60 241
22 61 1082
22 62 648
22 63 193
22 64 1034
22 65 696
22 66 241
22 67 1082
22 68 1248
23 0 1115
23 1 1281
23 2 1351
23 3 1098
23 4 1089
23 5 810
23 6 726
23 7 1124
23 8 65
23 9 1334
23 10 304
23 11 1321
23 12 651
23 13 1012
23 14 639
23 15 946
23 16 335
23 17 1120
23 18 731
23 19 940
23 20 396
23 21 1035
23 22 827
23 23 0
23 24 156
23 25 625
23 26 1203
23 27 260
23 28 1233
23 29 592
23 30 65
23 31 798
23 32 995
23 33 154
23 34 687
23 35 1043
23 36 202
23 37 735
23 38 1091
23 39 250
23 40 783
23 41 1139
23 42 298
23 43 831
23 44 1187
23 45 346
23 46 879
23 47 1235
23 48 394
23 49 927
23 50 1283
23 51 442
23 52 975
23 53 1331
23 54 490
23 55 1023
23 56 1379
23 57 538
23 58 1071
23 59 1427
23 60 586
23 61 1119
23 62 1475
23 63 634
23 64 1167
23 65 1523
23 66 682
23 67 1215
23 68 1115
24 0 1271
24 1 1437
24 2 1507
24 3 1254
24 4 1245
24 5 966
24 6 882
24 7 1280
24 8 221
24 9 1490
24 10 460
24 11 1477
24 12 807
24 13 1168
24 14 795
24 15 1102
24 16 491
24 17 1276
24 18 887
24 19 1096
24 20 552
24 21 1191
24 22 983
24 23 156
24 24 0
24 25 781
24 26 1359
24 27 104
24 28 1389
24 29 748
24 30 221
24 31 954
24 32 1151
24 33 310
24 34 531
24 35 1199
24 36 358
24 37 579
24 38 1247
24 39 406
24 40 627
24 41 1295
24 42 454
24 43 675
24 44 1343
24 45 502
24 46 723
24 47 1391
24 48 550
24 49 771
24 50 1439
24 51 598
24 52 819
24 53 1487
24 54 646
24 55 867
24 56 1535
24 57 694
24 58 915
24 59 1583
24 60 742
24 61 963
24 62 1631
24 63 790
24 64 1011
24 65 1679
24 66 838
24 67 1059
24 68 1271
25 0 1432
25 1 1406
25 2 1476
25 3 1223
25 4 1214
25 5 935
25 6 851
25 7 1249
25 8 560
25 9 1459
25 10 525
25 11 1446
25 12 26
25 13 1137
25 14 764
25 15 1071
25 16 460
25 17 1245
25 18 856
25 19 1065
25 20 521
25 21 1160
25 22 952
25 23 625
25 24 781
25 25 0
25 26 1328
25 27 885
25 28 1358
25 29 717
25 30 560
25 31 1019
25 32 1312
25 33 471
25 34 562
25 35 1264
25 36 423
25 37 514
25 38 1216
25 39 375
25 40 466
25 41 1264
25 42 423
25 43 514
25 44 1312
25 45 471
25 46 562
25 47 1360
25 48 519
25 49 610
25 50 1408
25 51 567
25 52 658
25 53 1456
25 54 615
25 55 706
25 56 1504
25 57 663
25 58 754
25 59 1552
25 60 711
25 61 802
25 62 1600
25 63 759
25 64 850
25 65 1648
25 66 807
25 67 898
25 68 1432
26 0 584
26 1 78
26 2 300
26 3 361
26 4 370
26 5 1033
26 6 1045
26 7 335
26 8 1138
26 9 413
26 10 1103
26 11 426
26 12 1354
26 13 447
26 14 1054
26 15 513
26 16 942
26 17 339
26 18 824
26 19 1163
26 20 907
26 21 1258
26 22 920
26 23 1203
26 24 1359
26 25 1328
26 26 0
26 27 1463
26 28 226
26 29 815
26 30 1138
26 31 661
26 32 464
26 33 1049
26 34 1890
26 35 416
26 36 1001
26 37 1842
26 38 368
26 39 953
26 40 1794
26 41 320
26 42 905
26 43 1746
26 44 272
26 45 857
26 46 1698
26 47 224
26 48 809
26 49 1650
26 50 176
26 51 761
26 52 1602
26 53 128
26 54 713
26 55 1554
26 56 176
26 57 761
26 58 1602
26 59 224
26 60 809
26 61 1650
26 62 272
26 63 857
26 64 1698
26 65 320
26 66 905
26 67 1746
26 68 584
27 0 1375
27 1 1541
27 2 1611
27 3 1358
27 4 1349
27 5 1070
27 6 986
27 7 1384
27 8 325
27 9 1594
27 10 564
27 11 1581
27 12 911
27 13 1272
27 14 899
27 15 1206
27 16 595
27 17 1380
27 18 991
27 19 1200
27 20 656
27 21 1295
27 22 1087
27 23 260
27 24 104
27 25 885
27 26 1463
27 27 0
27 28 1493
27 29 852
27 30 325
27 31 1058
27 32 1255
27 33 414
27 34 427
27 35 1303
27 36 462
27 37 475
27 38 1351
27 39 510
27 40 523
27 41 1399
27 42 558
27 43 571
27 44 1447
27 45 606
27 46 619
27 47 1495
27 48 654
27 49 667
27 50 1543
27 51 702
27 52 715
27 53 1591
27 54 750
27 55 763
27 56 1639
27 57 798
27 58 811
27 59 1687
27 60 846
27 61 859
27 62 1735
27 63 894
27 64 907
27 65 1783
27 66 942
27 67 955
27 68 1375
28 0 458
28 1 148
28 2 270
28 3 235
28 4 244
28 5 1159
28 6 1075
28 7 209
28 8 1168
28 9 383
28 10 1133
28 11 396
28 12 1384
28 13 221
28 14 1084
28 15 387
28 16 972
28 17 213
28 18 794
28 19 1289
28 20 937
28 21 1384
28 22 890
28 23 1233
28 24 1389
28 25 1358
28 26 226
28 27 1493
28 28 0
28 29 941
28 30 1168
28 31 535
28 32 338
28 33 1079
28 34 1920
28 35 290
28 36 1031
28 37 1872
28 38 242
28 39 983
28 40 1824
28 41 194
28 42 935
28 43 1776
28 44 146
28 45 887
28 46 1728
28 47 98
28 48 839
28 49 1680
28 50 50
28 51 791
28 52 1632
28 53 98
28 54 839
28 55 1680
28 56 146
28 57 887
28 58 1728
28 59 194
28 60 935
28 61 1776
28 62 242
28 63 983
28 64 1824
28 65 290
28 66 1031
28 67 1872
28 68 458
29 0 1399
29 1 893
29 2 963
29 3 998
29 4 1085
29 5 422
29 6 434
29 7 1024
29 8 527
29 9 946
29 10 492
29 11 933
29 12 743
29 13 720
29 14 443
29 15 942
29 16 331
29 17 924
29 18 343
29 19 552
29 20 296
29 21 647
29 22 439
29 23 592
29 24 748
29 25 717
29 26 815
29 27 852
29 28 941
29 29 0
29 30 527
29 31 986
29 32 1279
29 33 438
29 34 1075
29 35 1231
29 36 390
29 37 1027
29 38 1183
29 39 342
29 40 979
29 41 1135
29 42 294
29 43 931
29 44 1087
29 45 246
29 46 883
29 47 1039
29 48 198
29 49 835
29 50 991
29 51 150
29 52 787
29 53 943
29 54 102
29 55 739
29 56 991
29 57 150
29 58 787
29 59 1039
29 60 198
29 61 835
29 62 1087
29 63 246
29 64 883
29 65 1135
29 66 294
29 67 931
29 68 1399
30 0 1050
30 1 1216
30 2 1286
30 3 1033
30 4 1024
30 5 745
30 6 661
30 7 1059
30 8 0
30 9 1269
30 10 239
30 11 1256
30 12 586
30 13 947
30 14 574
30 15 881
30 16 270
30 17 1055
30 18 666
30 19 875
30 20 331
30 21 970
30 22 762
30 23 65
30 24 221
30 25 560
30 26 1138
30 27 325
30 28 1168
30 29 527
30 30 0
30 31 733
30 32 930
30 33 89
30 34 752
30 35 978
30 36 137
30 37 800
30 38 1026
30 39 185
30 40 848
30 41 1074
30 42 233
30 43 896
30 44 1122
30 45 281
30 46 944
30 47 1170
30 48 329
30 49 992
30 50 1218
30 51 377
30 52 1040
30 53 1266
30 54 425
30 55 1088
30 56 1314
30 57 473
30 58 1136
30 59 1362
30 60 521
30 61 1184
30 62 1410
30 63 569
30 64 1232
30 65 1458
30 66 617
30 67 1280
30 68 1050
31 0 413
31 1 583
31 2 705
31 3 478
31 4 391
31 5 1204
31 6 1120
31 7 452
31 8 733
31 9 818
31 10 698
31 11 831
31 12 1045
31 13 756
31 14 1033
31 15 534
31 16 729
31 17 552
31 18 1125
31 19 1334
31 20 790
31 21 1429
31 22 1221
31 23 798
31 24 954
31 25 1019
31 26 661
31 27 1058
31 28 535
31 29 986
31 30 733
31 31 0
31 32 293
31 33 644
31 34 1485
31 35 245
31 36 596
31 37 1437
31 38 293
31 39 644
31 40 1485
31 41 341
31 42 692
31 43 1533
31 44 389
31 45 740
31 46 1581
31 47 437
31 48 788
31 49 1629
31 50 485
31 51 836
31 52 1677
31 53 533
31 54 884
31 55 1725
31 56 581
31 57 932
31 58 1773
31 59 629
31 60 980
31 61 1821
31 62 677
31 63 1028
31 64 1869
31 65 725
31 66 1076
31 67 1917
31 68 413
32 0 120
32 1 386
32 2 508
32 3 281
32 4 194
32 5 1497
32 6 1413
32 7 255
32 8 930
32 9 621
32 10 991
32 11 634
32 12 1338
32 13 559
32 14 1326
32 15 337
32 16 1022
32 17 355
32 18 1032
32 19 1627
32 20 1083
32 21 1722
32 22 1128
32 23 995
32 24 1151
32 25 1312
32 26 464
32 27 1255
32 28 338
32 29 1279
32 30 930
32 31 293
32 32 0
32 33 841
32 34 1682
32 35 48
32 36 889
32 37 1730
32 38 96
32 39 937
32 40 1778
32 41 144
32 42 985
32 43 1826
32 44 192
32 45 1033
32 46 1874
32 47 240
32 48 1081
32 49 1922
32 50 288
32 51 1129
32 52 1970
32 53 336
32 54 1177
32 55 2018
32 56 384
32 57 1225
32 58 2066
32 59 432
32 60 1273
32 61 2114
32 62 480
32 63 1321
32 64 2162
32 65 528
32 66 1369
32 67 2210
32 68 120
33 0 961
33 1 1127
33 2 1197
33 3 944
33 4 935
33 5 656
33 6 572
33 7 970
33 8 89
33 9 1180
33 10 150
33 11 1167
33 12 497
33 13 858
33 14 485
33 15 792
33 16 181
33 17 966
33 18 577
33 19 786
33 20 242
33 21 881
33 22 673
33 23 154
33 24 310
33 25 471
33 26 1049
33 27 414
33 28 1079
33 29 438
33 30 89
33 31 644
33 32 841
33 33 0
33 34 841
33 35 889
33 36 48
33 37 889
33 38 937
33 39 96
33 40 937
33 41 985
33 42 144
33 43 985
33 44 1033
33 45 192
33 46 1033
33 47 1081
33 48 240
33 49 1081
33 50 1129
33 51 288
33 52 1129
33 53 1177
33 54 336
33 55 1177
33 56 1225
33 57 384
33 58 1225
33 59 1273
33 60 432
33 61 1273
33 62 1321
33 63 480
33 64 1321
33 65 1369
33 66 528
33 67 1369
33 68 961
34 0 1802
34 1 1968
34 2 2038
34 3 1785
34 4 1776
34 5 1241
34 6 845
34 7 1811
34 8 752
34 9 2021
34 10 787
34 11 2008
34 12 536
34 13 1699
34 14 836
34 15 1633
34 16 948
34 17 1807
34 18 1418
34 19 1111
34 20 983
34 21 920
34 22 1514
34 23 687
34 24 531
34 25 562
34 26 1890
34 27 427
34 28 1920
34 29 1075
34 30 752
34 31 1485
34 32 1682
34 33 841
34 34 0
34 35 1730
34 36 889
34 37 48
34 38 1778
34 39 937
34 40 96
34 41 1826
34 42 985
34 43 144
34 44 1874
34 45 1033
34 46 192
34 47 1922
34 48 1081
34 49 240
34 50 1970
34 51 1129
34 52 288
34 53 2018
34 54 1177
34 55 336
34 56 2066
34 57 1225
34 58 384
34 59 2114
34 60 1273
34 61 432
34 62 2162
34 63 1321
34 64 480
34 65 2210
34 66 1369
34 67 528
34 68 1802
35 0 168
35 1 338
35 2 460
35 3 233
35 4 146
35 5 1449
35 6 1365
35 7 207
35 8 978
35 9 573
35 10 943
35 11 586
35 12 1290
35 13 511
35 14 1278
35 15 289
35 16 974
35 17 307
35 18 984
35 19 1579
35 20 1035
35 21 1674
35 22 1080
35 23 1043
35 24 1199
35 25 1264
35 26 416
35 27 1303
35 28 290
35 29 1231
35 30 978
35 31 245
35 32 48
35 33 889
35 34 1730
35 35 0
35 36 841
35 37 1682
35 38 48
35 39 889
35 40 1730
35 41 96
35 42 937
35 43 1778
35 44 144
35 45 985
35 46 1826
35 47 192
35 48 1033
35 49 1874
35 50 240
35 51 1081
35 52 1922
35 53 288
35 54 1129
35 55 1970
35 56 336
35 57 1177
35 58 2018
35 59 384
35 60 1225
35 61 2066
35 62 432
35 63 1273
35 64 2114
35 65 480
35 66 1321
35 67 2162
35 68 168
36 0 1009
36 1 1079
36 2 1149
36 3 896
36 4 887
36 5 608
36 6 524
36 7 922
36 8 137
36 9 1132
36 10 102
36 11 1119
36 12 449
36 13 810
36 14 437
36 15 744
36 16 133
36 17 918
36 18 529
36 19 738
36 20 194
36 21 833
36 22 625
36 23 202
36 24 358
36 25 423
36 26 1001
36 27 462
36 28 1031
36 29 390
36 30 137
36 31 596
36 32 889
36 33 48
36 34 889
36 35 841
36 36 0
36 37 841
36 38 889
36 39 48
36 40 889
36 41 937
36 42 96
36 43 937
36 44 985
36 45 144
36 46 985
36 47 1033
36 48 192
36 49 1033
36 50 1081
36 51 240
36 52 1081
36 53 1129
36 54 288
36 55 1129
36 56 1177
36 57 336
36 58 1177
36 59 1225
36 60 384
36 61 1225
36 62 1273
36 63 432
36 64 1273
36 65 1321
36 66 480
36 67 1321
36 68 1009
37 0 1850
37 1 1920
37 2 1990
37 3 1737
37 4 1728
37 5 1193
37 6 797
37 7 1763
37 8 800
37 9 1973
37 10 739
37 11 1960
37 12 488
37 13 1651
37 14 788
37 15 1585
37 16 900
37 17 1759
37 18 1370
37 19 1063
37 20 935
37 21 872
37 22 1466
37 23 735
37 24 579
37 25 514
37 26 1842
37 27 475
37 28 1872
37 29 1027
37 30 800
37 31 1437
37 32 1730
37 33 889
37 34 48
37 35 1682
37 36 841
37 37 0
37 38 1730
37 39 889
37 40 48
37 41 1778
37 42 937
37 43 96
37 44 1826
37 45 985
37 46 144
37 47 1874
37 48 1033
37 49 192
37 50 1922
37 51 1081
37 52 240
37 53 1970
37 54 1129
37 55 288
37 56 2018
37 57 1177
37 58 336
37 59 2066
37 60 1225
37 61 384
37 62 2114
37 63 1273
37 64 432
37 65 2162
37 66 1321
37 67 480
37 68 1850
38 0 216
38 1 290
38 2 412
38 3 185
38 4 98
38 5 1401
38 6 1317
38 7 159
38 8 1026
38 9 525
38 10 991
38 11 538
38 12 1242
38 13 463
38 14 1230
38 15 241
38 16 926
38 17 259
38 18 936
38 19 1531
38 20 987
38 21 1626
38 22 1032
38 23 1091
38 24 1247
38 25 1216
38 26 368
38 27 1351
38 28 242
38 29 1183
38 30 1026
38 31 293
38 32 96
38 33 937
38 34 1778
38 35 48
38 36 889
38 37 1730
38 38 0
38 39 841
38 40 1682
38 41 48
38 42 889
38 43 1730
38 44 96
38 45 937
38 46 1778
38 47 144
38 48 985
38 49 1826
38 50 192
38 51 1033
38 52 1874
38 53 240
38 54 1081
38 55 1922
38 56 288
38 57 1129
38 58 1970
38 59 336
38 60 1177
38 61 2018
38 62 384
38 63 1225
38 64 2066
38 65 432
38 66 1273
38 67 2114
38 68 216
39 0 1057
39 1 1031
39 2 1101
39 3 848
39 4 839
39 5 560
39 6 476
39 7 874
39 8 185
39 9 1084
39 10 150
39 11 1071
39 12 401
39 13 762
39 14 389
39 15 696
39 16 85
39 17 870
39 18 481
39 19 690
39 20 146
39 21 785
39 22 577
39 23 250
39 24 406
39 25 375
39 26 953
39 27 510
39 28 983
39 29 342
39 30 185
39 31 644
39 32 937
39 33 96
39 34 937
39 35 889
39 36 48
39 37 889
39 38 841
39 39 0
39 40 841
39 41 889
39 42 48
39 43 889
39 44 937
39 45 96
39 46 937
39 47 985
39 48 144
39 49 985
39 50 1033
39 51 192
39 52 1033
39 53 1081
39 54 240
39 55 1081
39 56 1129
39 57 288
39 58 1129
39 59 1177
39 60 336
39 61 1177
39 62 1225
39 63 384
39 64 1225
39 65 1273
39 66 432
39 67 1273
39 68 1057
40 0 1898
40 1 1872
40 2 1942
40 3 1689
40 4 1680
40 5 1145
40 6 749
40 7 1715
40 8 848
40 9 1925
40 10 787
40 11 1912
40 12 440
40 13 1603
40 14 740
40 15 1537
40 16 852
40 17 1711
40 18 1322
40 19 1015
40 20 887
40 21 824
40 22 1418
40 23 783
40 24 627
40 25 466
40 26 1794
40 27 523
40 28 1824
40 29 979
40 30 848
40 31 1485
40 32 1778
40 33 937
40 34 96
40 35 1730
40 36 889
40 37 48
40 38 1682
40 39 841
40 40 0
40 41 1730
40 42 889
40 43 48
40 44 1778
40 45 937
40 46 96
40 47 1826
40 48 985
40 49 144
40 50 1874
40 51 1033
40 52 192
40 53 1922
40 54 1081
40 55 240
40 56 1970
40 57 1129
40 58 288
40 59 2018
40 60 1177
40 61 336
40 62 2066
40 63 1225
40 64 384
40 65 2114
40 66 1273
40 67 432
40 68 1898
41 0 264
41 1 242
41 2 364
41 3 137
41 4 50
41 5 1353
41 6 1269
41 7 111
41 8 1074
41 9 477
41 10 1039
41 11 490
41 12 1290
41 13 415
41 14 1182
41 15 193
41 16 878
41 17 211
41 18 888
41 19 1483
41 20 939
41 21 1578
41 22 984
41 23 1139
41 24 1295
41 25 1264
41 26 320
41 27 1399
41 28 194
41 29 1135
41 30 1074
41 31 341
41 32 144
41 33 985
41 34 1826
41 35 96
41 36 937
41 37 1778
41 38 48
41 39 889
41 40 1730
41 41 0
41 42 841
41 43 1682
41 44 48
41 45 889
41 46 1730
41 47 96
41 48 937
41 49 1778
41 50 144
41 51 985
41 52 1826
41 53 192
41 54 1033
41 55 1874
41 56 240
41 57 1081
41 58 1922
41 59 288
41 60 1129
41 61 1970
41 62 336
41 63 1177
41 64 2018
41 65 384
41 66 1225
41 67 2066
41 68 264
42 0 1105
42 1 983
42 2 1053
42 3 800
42 4 791
42 5 512
42 6 428
42 7 826
42 8 233
42 9 1036
42 10 198
42 11 1023
42 12 449
42 13 714
42 14 341
42 15 648
42 16 37
42 17 822
42 18 433
42 19 642
42 20 98
42 21 737
42 22 529
42 23 298
42 24 454
42 25 423
42 26 905
42 27 558
42 28 935
42 29 294
42 30 233
42 31 692
42 32 985
42 33 144
42 34 985
42 35 937
42 36 96
42 37 937
42 38 889
42 39 48
42 40 889
42 41 841
42 42 0
42 43 841
42 44 889
42 45 48
42 46 889
42 47 937
42 48 96
42 49 937
42 50 985
42 51 144
42 52 985
42 53 1033
42 54 192
42 55 1033
42 56 1081
42 57 240
42 58 1081
42 59 1129
42 60 288
42 61 1129
42 62 1177
42 63 336
42 64 1177
42 65 1225
42 66 384
42 67 1225
42 68 1105
43 0 1946
43 1 1824
43 2 1894
43 3 1641
43 4 1632
43 5 1097
43 6 701
43 7 1667
43 8 896
43 9 1877
43 10 835
43 11 1864
43 12 488
43 13 1555
43 14 692
43 15 1489
43 16 804
43 17 1663
43 18 1274
43 19 967
43 20 839
43 21 776
43 22 1370
43 23 831
43 24 675
43 25 514
43 26 1746
43 27 571
43 28 1776
43 29 931
43 30 896
43 31 1533
43 32 1826
43 33 985
43 34 144
43 35 1778
43 36 937
43 37 96
43 38 1730
43 39 889
43 40 48
43 41 1682
43 42 841
43 43 0
43 44 1730
43 45 889
43 46 48
43 47 1778
43 48 937
43 49 96
43 50 1826
43 51 985
43 52 144
43 53 1874
43 54 1033
43 55 192
43 56 1922
43 57 1081
43 58 240
43 59 1970
43 60 1129
43 61 288
43 62 2018
43 63 1177
43 64 336
43 65 2066
43 66 1225
43 67 384
43 68 1946
44 0 312
44 1 194
44 2 316
44 3 89
44 4 98
44 5 1305
44 6 1221
44 7 63
44 8 1122
44 9 429
44 10 1087
44 11 442
44 12 1338
44 13 367
44 14 1134
44 15 241
44 16 926
44 17 163
44 18 840
44 19 1435
44 20 891
44 21 1530
44 22 936
44 23 1187
44 24 1343
44 25 1312
44 26 272
44 27 1447
44 28 146
44 29 1087
44 30 1122
44 31 389
44 32 192
44 33 1033
44 34 1874
44 35 144
44 36 985
44 37 1826
44 38 96
44 39 937
44 40 1778
44 41 48
44 42 889
44 43 1730
44 44 0
44 45 841
44 46 1682
44 47 48
44 48 889
44 49 1730
44 50 96
44 51 937
44 52 1778
44 53 144
44 54 985
44 55 1826
44 56 192
44 57 1033
44 58 1874
44 59 240
44 60 1081
44 61 1922
44 62 288
44 63 1129
44 64 1970
44 65 336
44 66 1177
44 67 2018
44 68 312
45 0 1153
45 1 935
45 2 1005
45 3 752
45 4 839
45 5 464
45 6 380
45 7 778
45 8 281
45 9 988
45 10 246
45 11 975
45 12 497
45 13 666
45 14 293
45 15 696
45 16 85
45 17 774
45 18 385
45 19 594
45 20 50
45 21 689
45 22 481
45 23 346
45 24 502
45 25 471
45 26 857
45 27 606
45 28 887
45 29 246
45 30 281
45 31 740
45 32 1033
45 33 192
45 34 1033
45 35 985
45 36 144
45 37 985
45 38 937
45 39 96
45 40 937
45 41 889
45 42 48
45 43 889
45 44 841
45 45 0
45 46 841
45 47 889
45 48 48
45 49 889
45 50 937
45 51 96
45 52 937
45 53 985
45 54 144
45 55 985
45 56 1033
45 57 192
45 58 1033
45 59 1081
45 60 240
45 61 1081
45 62 1129
45 63 288
45 64 1129
45 65 1177
45 66 336
45 67 1177
45 68 1153
46 0 1994
46 1 1776
46 2 1846
46 3 1593
46 4 1680
46 5 1049
46 6 653
46 7 1619
46 8 944
46 9 1829
46 10 883
46 11 1816
46 12 536
46 13 1507
46 14 644
46 15 1537
46 16 852
46 17 1615
46 18 1226
46 19 919
46 20 791
46 21 728
46 22 1322
46 23 879
46 24 723
46 25 562
46 26 1698
46 27 619
46 28 1728
46 29 883
46 30 944
46 31 1581
46 32 1874
46 33 1033
46 34 192
46 35 1826
46 36 985
46 37 144
46 38 1778
46 39 937
46 40 96
46 41 1730
46 42 889
46 43 48
46 44 1682
46 45 841
46 46 0
46 47 1730
46 48 889
46 49 48
46 50 1778
46 51 937
46 52 96
46 53 1826
46 54 985
46 55 144
46 56 1874
46 57 1033
46 58 192
46 59 1922
46 60 1081
46 61 240
46 62 1970
46 63 1129
46 64 288
46 65 2018
46 66 1177
46 67 336
46 68 1994
47 0 360
47 1 146
47 2 268
47 3 137
47 4 146
47 5 1257
47 6 1173
47 7 111
47 8 1170
47 9 381
47 10 1135
47 11 394
47 12 1386
47 13 319
47 14 1086
47 15 289
47 16 974
47 17 115
47 18 792
47 19 1387
47 20 939
47 21 1482
47 22 888
47 23 1235
47 24 1391
47 25 1360
47 26 224
47 27 1495
47 28 98
47 29 1039
47 30 1170
47 31 437
47 32 240
47 33 1081
47 34 1922
47 35 192
47 36 1033
47 37 1874
47 38 144
47 39 985
47 40 1826
47 41 96
47 42 937
47 43 1778
47 44 48
47 45 889
47 46 1730
47 47 0
47 48 841
47 49 1682
47 50 48
47 51 889
47 52 1730
47 53 96
47 54 937
47 55 1778
47 56 144
47 57 985
47 58 1826
47 59 192
47 60 1033
47 61 1874
47 62 240
47 63 1081
47 64 1922
47 65 288
47 66 1129
47 67 1970
47 68 360
48 0 1201
48 1 887
48 2 957
48 3 800
48 4 887
48 5 416
48 6 332
48 7 826
48 8 329
48 9 940
48 10 294
48 11 927
48 12 545
48 13 618
48 14 245
48 15 744
48 16 133
48 17 726
48 18 337
48 19 546
48 20 98
48 21 641
48 22 433
48 23 394
48 24 550
48 25 519
48 26 809
48 27 654
48 28 839
48 29 198
48 30 329
48 31 788
48 32 1081
48 33 240
48 34 1081
48 35 1033
48 36 192
48 37 1033
48 38 985
48 39 144
48 40 985
48 41 937
48 42 96
48 43 937
48 44 889
48 45 48
48 46 889
48 47 841
48 48 0
48 49 841
48 50 889
48 51 48
48 52 889
48 53 937
48 54 96
48 55 937
48 56 985
48 57 144
48 58 985
48 59 1033
48 60 192
48 61 1033
48 62 1081
48 63 240
48 64 1081
48 65 1129
48 66 288
48 67 1129
48 68 1201
49 0 2042
49 1 1728
49 2 1798
49 3 1641
49 4 1728
49 5 1001
49 6 605
49 7 1667
49 8 992
49 9 1781
49 10 931
49 11 1768
49 12 584
49 13 1459
49 14 596
49 15 1585
49 16 900
49 17 1567
49 18 1178
49 19 871
49 20 839
49 21 680
49 22 1274
49 23 927
49 24 771
49 25 610
49 26 1650
49 27 667
49 28 1680
49 29 835
49 30 992
49 31 1629
49 32 1922
49 33 1081
49 34 240
49 35 1874
49 36 1033
49 37 192
49 38 1826
49 39 985
49 40 144
49 41 1778
49 42 937
49 43 96
49 44 1730
49 45 889
49 46 48
49 47 1682
49 48 841
49 49 0
49 50 1730
49 51 889
49 52 48
49 53 1778
49 54 937
49 55 96
49 56 1826
49 57 985
49 58 144
49 59 1874
49 60 1033
49 61 192
49 62 1922
49 63 1081
49 64 240
49 65 1970
49 66 1129
49 67 288
49 68 2042
50 0 408
50 1 98
50 2 220
50 3 185
50 4 194
50 5 1209
50 6 1125
50 7 159
50 8 1218
50 9 333
50 10 1183
50 11 346
50 12 1434
50 13 271
50 14 1134
50 15 337
50 16 1022
50 17 163
50 18 744
50 19 1339
50 20 987
50 21 1434
50 22 840
50 23 1283
50 24 1439
50 25 1408
50 26 176
50 27 1543
50 28 50
50 29 991
50 30 1218
50 31 485
50 32 288
50 33 1129
50 34 1970
50 35 240
50 36 1081
50 37 1922
50 38 192
50 39 1033
50 40 1874
50 41 144
50 42 985
50 43 1826
50 44 96
50 45 937
50 46 1778
50 47 48
50 48 889
50 49 1730
50 50 0
50 51 841
50 52 1682
50 53 48
50 54 889
50 55 1730
50 56 96
50 57 937
50 58 1778
50 59 144
50 60 985
50 61 1826
50 62 192
50 63 1033
50 64 1874
50 65 240
50 66 1081
50 67 1922
50 68 408
51 0 1249
51 1 839
51 2 909
51 3 848
51 4 935
51 5 368
51 6 284
51 7 874
51 8 377
51 9 892
51 10 342
51 11 879
51 12 593
51 13 570
51 14 293
51 15 792
51 16 181
51 17 774
51 18 289
51 19 498
51 20 146
51 21 593
51 22 385
51 23 442
51 24 598
51 25 567
51 26 761
51 27 702
51 28 791
51 29 150
51 30 377
51 31 836
51 32 1129
51 33 288
51 34 1129
51 35 1081
51 36 240
51 37 1081
51 38 1033
51 39 192
51 40 1033
51 41 985
51 42 144
51 43 985
51 44 937
51 45 96
51 46 937
51 47 889
51 48 48
51 49 889
51 50 841
51 51 0
51 52 841
51 53 889
51 54 48
51 55 889
51 56 937
51 57 96
51 58 937
51 59 985
51 60 144
51 61 985
51 62 1033
51 63 192
51 64 1033
51 65 1081
51 66 240
51 67 1081
51 68 1249
52 0 2090
52 1 1680
52 2 1750
52 3 1689
52 4 1776
52 5 953
52 6 557
52 7 1715
52 8 1040
52 9 1733
52 10 979
52 11 1720
52 12 632
52 13 1411
52 14 644
52 15 1633
52 16 948
52 17 1615
52 18 1130
52 19 823
52 20 887
52 21 632
52 22 1226
52 23 975
52 24 819
52 25 658
52 26 1602
52 27 715
52 28 1632
52 29 787
52 30 1040
52 31 1677
52 32 1970
52 33 1129
52 34 288
52 35 1922
52 36 1081
52 37 240
52 38 1874
52 39 1033
52 40 192
52 41 1826
52 42 985
52 43 144
52 44 1778
52 45 937
52 46 96
52 47 1730
52 48 889
52 49 48
52 50 1682
52 51 841
52 52 0
52 53 1730
52 54 889
52 55 48
52 56 1778
52 57 937
52 58 96
52 59 1826
52 60 985
52 61 144
52 62 1874
52 63 1033
52 64 192
52 65 1922
52 66 1081
52 67 240
52 68 2090
53 0 456
53 1 50
53 2 172
53 3 233
53 4 242
53 5 1161
53 6 1173
53 7 207
53 8 1266
53 9 285
53 10 1231
53 11 298
53 12 1482
53 13 319
53 14 1182
53 15 385
53 16 1070
53 17 211
53 18 696
53 19 1291
53 20 1035
53 21 1386
53 22 792
53 23 1331
53 24 1487
53 25 1456
53 26 128
53 27 1591
53 28 98
53 29 943
53 30 1266
53 31 533
53 32 336
53 33 1177
53 34 2018
53 35 288
53 36 1129
53 37 1970
53 38 240
53 39 1081
53 40 1922
53 41 192
53 42 1033
53 43 1874
53 44 144
53 45 985
53 46 1826
53 47 96
53 48 937
53 49 1778
53 50 48
53 51 889
53 52 1730
53 53 0
53 54 841
53 55 1682
53 56 48
53 57 889
53 58 1730
53 59 96
53 60 937
53 61 1778
53 62 144
53 63 985
53 64 1826
53 65 192
53 66 1033
53 67 1874
53 68 456
54 0 1297
54 1 791
