//alpha
1
//NbLocations
84
//NbProducts
30
//NbPickers
2
//CapaPicker
8
//TimeToTravelOneDistanceUnit
3
//SetupTime
5400
//PickTime
300
//Products
//Idx Location Size
1 1 1
2 2 1
3 3 1
4 4 1
5 5 1
6 4 1
7 6 1
8 7 1
9 8 1
10 9 1
11 10 1
12 11 1
13 12 1
14 13 1
15 14 1
16 15 1
17 16 1
18 17 1
19 18 1
20 19 1
21 20 1
22 21 1
23 22 1
24 23 1
25 24 1
26 25 1
27 26 1
28 27 1
29 28 1
30 29 1
//Orders
//NbOrders
12
//Idx DueDate TardinessPenalty NbProdInOrder ProdIdx1 Qty1 ProdIdx2 Qty2 ...
1 54000 0 4 1 1 2 1 3 1 4 1
2 90000 0 1 5 1
3 54000 0 5 6 1 7 1 8 1 9 1 10 1
4 90000 0 5 11 1 12 1 13 1 14 1 15 1
5 108000 0 1 16 1
6 144000 0 1 17 1
7 54000 0 1 18 1
8 108000 0 1 19 1
9 54000 0 4 20 1 21 1 22 1 23 1
10 90000 0 2 24 1 25 1
11 126000 0 1 26 1
12 90000 0 4 27 1 28 1 29 1 30 1
//Graph (Products are vertices indexed from 1 to NbProducts)
//NbVerticesIntersections
54
//DepartingDepot
0
//ArrivalDepot
84
//Arcs
//Start End Distance
0 30 120
1 13 104
1 52 245
2 24 39
2 38 622
3 23 260
3 31 258
4 40 622
4 41 609
5 21 962
5 34 50
6 18 78
6 34 310
7 63 310
7 64 921
8 75 1168
8 76 63
9 25 52
9 52 37
10 48 687
10 49 544
11 27 156
11 55 349
12 14 377
12 31 674
13 1 104
13 53 882
14 12 377
14 28 52
15 82 934
15 83 297
16 22 377
16 36 466
17 27 598
17 54 128
18 6 78
18 35 843
19 24 39
19 37 531
20 22 351
20 37 37
21 5 962
21 29 26
22 16 377
22 20 351
23 3 260
23 30 713
24 2 39
24 19 39
25 9 52
25 51 1142
26 64 271
26 65 960
27 11 156
27 17 598
28 14 52
28 32 128
29 21 26
29 33 193
30 23 713
30 33 48
30 84 120
31 3 258
31 12 674
31 34 48
32 28 128
32 35 48
33 29 193
33 30 48
33 36 48
34 5 50
34 6 310
34 31 48
34 37 48
35 18 843
35 32 48
35 38 48
36 16 466
36 33 48
36 39 48
37 19 531
37 20 37
37 34 48
37 40 48
38 2 622
38 35 48
38 41 48
39 36 48
39 40 1231
39 42 48
40 4 622
40 37 48
40 39 1231
40 43 48
41 4 609
41 38 48
41 44 48
42 39 48
42 43 1231
42 45 48
43 40 48
43 42 1231
43 44 1231
43 46 48
44 41 48
44 43 1231
44 47 48
45 42 48
45 46 1231
45 48 48
46 43 48
46 45 1231
46 47 1231
46 49 48
47 44 48
47 46 1231
47 50 48
48 10 687
48 45 48
48 51 48
49 10 544
49 46 48
49 50 1231
49 52 48
50 47 48
50 49 1231
50 53 48
51 25 1142
51 48 48
51 54 48
52 1 245
52 9 37
52 49 48
52 55 48
53 13 882
53 50 48
53 56 48
54 17 128
54 51 48
54 57 48
55 11 349
55 52 48
55 56 1231
55 58 48
56 53 48
56 55 1231
56 59 48
57 54 48
57 58 1231
57 60 48
58 55 48
58 57 1231
58 59 1231
58 61 48
59 56 48
59 58 1231
59 62 48
60 57 48
60 61 1231
60 63 48
61 58 48
61 60 1231
61 62 1231
61 64 48
62 59 48
62 61 1231
62 65 48
63 7 310
63 60 48
63 66 48
64 7 921
64 26 271
64 61 48
64 67 48
65 26 960
65 62 48
65 68 48
66 63 48
66 67 1231
66 69 48
67 64 48
67 66 1231
67 68 1231
67 70 48
68 65 48
68 67 1231
68 71 48
69 66 48
69 70 1231
69 72 48
70 67 48
70 69 1231
70 71 1231
70 73 48
71 68 48
71 70 1231
71 74 48
72 69 48
72 73 1231
72 75 48
73 70 48
73 72 1231
73 74 1231
73 76 48
74 71 48
74 73 1231
74 77 48
75 8 1168
75 72 48
75 78 48
76 8 63
76 73 48
76 77 1231
76 79 48
77 74 48
77 76 1231
77 80 48
78 75 48
78 79 1231
78 81 48
79 76 48
79 78 1231
79 80 1231
79 82 48
80 77 48
80 79 1231
80 83 48
81 78 48
81 82 1231
82 15 934
82 79 48
82 81 1231
83 15 297
83 80 48
//LocStart LocEnd ShortestPath
0 0 0
0 1 1932
0 2 2056
0 3 1093
0 4 2117
0 5 1349
0 6 1709
0 7 958
0 8 2008
0 9 1650
0 10 1095
0 11 1386
0 12 2025
0 13 2036
0 14 2402
0 15 3101
0 16 682
0 17 632
0 18 1787
0 19 1978
0 20 1410
0 21 387
0 22 1059
0 23 833
0 24 2017
0 25 1598
0 26 2150
0 27 1230
0 28 2454
0 29 361
0 30 120
0 31 1351
0 32 2582
0 33 168
0 34 1399
0 35 2630
0 36 216
0 37 1447
0 38 2678
0 39 264
0 40 1495
0 41 2726
0 42 312
0 43 1543
0 44 2774
0 45 360
0 46 1591
0 47 2822
0 48 408
0 49 1639
0 50 2870
0 51 456
0 52 1687
0 53 2918
0 54 504
0 55 1735
0 56 2966
0 57 552
0 58 1783
0 59 3014
0 60 600
0 61 1831
0 62 3062
0 63 648
0 64 1879
0 65 3110
0 66 696
0 67 1927
0 68 3158
0 69 744
0 70 1975
0 71 3206
0 72 792
0 73 2023
0 74 3254
0 75 840
0 76 2071
0 77 3302
0 78 888
0 79 2119
0 80 3350
0 81 936
0 82 2167
0 83 3398
0 84 0
1 0 1932
1 1 0
1 2 1094
1 3 839
1 4 1059
1 5 583
1 6 843
1 7 1358
1 8 692
1 9 282
1 10 837
1 11 642
1 12 1255
1 13 104
1 14 1502
1 15 1659
1 16 1250
1 17 1396
1 18 921
1 19 1016
1 20 522
1 21 1545
1 22 873
1 23 1099
1 24 1055
1 25 334
1 26 708
1 27 798
1 28 1450
1 29 1571
1 30 1812
1 31 581
1 32 1322
1 33 1764
1 34 533
1 35 1274
1 36 1716
1 37 485
1 38 1226
1 39 1668
1 40 437
1 41 1178
1 42 1620
1 43 389
1 44 1130
1 45 1572
1 46 341
1 47 1082
1 48 1524
1 49 293
1 50 1034
1 51 1476
1 52 245
1 53 986
1 54 1524
1 55 293
1 56 1034
1 57 1572
1 58 341
1 59 1082
1 60 1620
1 61 389
1 62 1130
1 63 1668
1 64 437
1 65 1178
1 66 1716
1 67 485
1 68 1226
1 69 1764
1 70 533
1 71 1274
1 72 1812
1 73 581
1 74 1322
1 75 1860
1 76 629
1 77 1370
1 78 1908
1 79 677
1 80 1418
1 81 1956
1 82 725
1 83 1466
1 84 1932
2 0 2056
2 1 1094
2 2 0
2 3 963
2 4 1279
2 5 707
2 6 967
2 7 1962
2 8 1296
2 9 886
2 10 1345
2 11 1246
2 12 1275
2 13 1198
2 14 898
2 15 1639
2 16 1374
2 17 2000
2 18 1045
2 19 78
2 20 646
2 21 1669
2 22 997
2 23 1223
2 24 39
2 25 938
2 26 1312
2 27 1402
2 28 846
2 29 1695
2 30 1936
2 31 705
2 32 718
2 33 1888
2 34 657
2 35 670
2 36 1840
2 37 609
2 38 622
2 39 1888
2 40 657
2 41 670
2 42 1936
2 43 705
2 44 718
2 45 1984
2 46 753
2 47 766
2 48 2032
2 49 801
2 50 814
2 51 2080
2 52 849
2 53 862
2 54 2128
2 55 897
2 56 910
2 57 2176
2 58 945
2 59 958
2 60 2224
2 61 993
2 62 1006
2 63 2272
2 64 1041
2 65 1054
2 66 2320
2 67 1089
2 68 1102
2 69 2368
2 70 1137
2 71 1150
2 72 2416
2 73 1185
2 74 1198
2 75 2464
2 76 1233
2 77 1246
2 78 2512
2 79 1281
2 80 1294
2 81 2560
2 82 1329
2 83 1342
2 84 2056
3 0 1093
3 1 839
3 2 963
3 3 0
3 4 1024
3 5 356
3 6 616
3 7 1707
3 8 1041
3 9 631
3 10 1090
3 11 991
3 12 932
3 13 943
3 14 1309
3 15 2008
3 16 1119
3 17 1485
3 18 694
3 19 885
3 20 391
3 21 1240
3 22 742
3 23 260
3 24 924
3 25 683
3 26 1057
3 27 1147
3 28 1361
3 29 1214
3 30 973
3 31 258
3 32 1489
3 33 1021
3 34 306
3 35 1537
3 36 1069
3 37 354
3 38 1585
3 39 1117
3 40 402
3 41 1633
3 42 1165
3 43 450
3 44 1681
3 45 1213
3 46 498
3 47 1729
3 48 1261
3 49 546
3 50 1777
3 51 1309
3 52 594
3 53 1825
3 54 1357
3 55 642
3 56 1873
3 57 1405
3 58 690
3 59 1921
3 60 1453
3 61 738
3 62 1969
3 63 1501
3 64 786
3 65 2017
3 66 1549
3 67 834
3 68 2065
3 69 1597
3 70 882
3 71 2113
3 72 1645
3 73 930
3 74 2161
3 75 1693
3 76 978
3 77 2209
3 78 1741
3 79 1026
3 80 2257
3 81 1789
3 82 1074
3 83 2305
3 84 1093
4 0 2117
4 1 1059
4 2 1279
4 3 1024
4 4 0
4 5 768
4 6 1028
4 7 1927
4 8 1261
4 9 851
4 10 1310
4 11 1211
4 12 1310
4 13 1163
4 14 933
4 15 1578
4 16 1435
4 17 1965
4 18 1106
4 19 1201
4 20 707
4 21 1730
4 22 1058
4 23 1284
4 24 1240
4 25 903
4 26 1277
4 27 1367
4 28 881
4 29 1756
4 30 1997
4 31 766
4 32 753
4 33 1949
4 34 718
4 35 705
4 36 1901
4 37 670
4 38 657
4 39 1853
4 40 622
4 41 609
4 42 1901
4 43 670
4 44 657
4 45 1949
4 46 718
4 47 705
4 48 1997
4 49 766
4 50 753
4 51 2045
4 52 814
4 53 801
4 54 2093
4 55 862
4 56 849
4 57 2141
4 58 910
4 59 897
4 60 2189
4 61 958
4 62 945
4 63 2237
4 64 1006
4 65 993
4 66 2285
4 67 1054
4 68 1041
4 69 2333
4 70 1102
4 71 1089
4 72 2381
4 73 1150
4 74 1137
4 75 2429
4 76 1198
4 77 1185
4 78 2477
4 79 1246
4 80 1233
4 81 2525
4 82 1294
4 83 1281
4 84 2117
5 0 1349
5 1 583
5 2 707
5 3 356
5 4 768
5 5 0
5 6 360
5 7 1451
5 8 785
5 9 375
5 10 834
5 11 735
5 12 772
5 13 687
5 14 1149
5 15 1752
5 16 863
5 17 1489
5 18 438
5 19 629
5 20 135
5 21 962
5 22 486
5 23 616
5 24 668
5 25 427
5 26 801
5 27 891
5 28 1201
5 29 988
5 30 1229
5 31 98
5 32 1329
5 33 1181
5 34 50
5 35 1281
5 36 1229
5 37 98
5 38 1329
5 39 1277
5 40 146
5 41 1377
5 42 1325
5 43 194
5 44 1425
5 45 1373
5 46 242
5 47 1473
5 48 1421
5 49 290
5 50 1521
5 51 1469
5 52 338
5 53 1569
5 54 1517
5 55 386
5 56 1617
5 57 1565
5 58 434
5 59 1665
5 60 1613
5 61 482
5 62 1713
5 63 1661
5 64 530
5 65 1761
5 66 1709
5 67 578
5 68 1809
5 69 1757
5 70 626
5 71 1857
5 72 1805
5 73 674
5 74 1905
5 75 1853
5 76 722
5 77 1953
5 78 1901
5 79 770
5 80 2001
5 81 1949
5 82 818
5 83 2049
5 84 1349
6 0 1709
6 1 843
6 2 967
6 3 616
6 4 1028
6 5 360
6 6 0
6 7 1711
6 8 1045
6 9 635
6 10 1094
6 11 995
6 12 1032
6 13 947
6 14 1149
6 15 1986
6 16 1123
6 17 1749
6 18 78
6 19 889
6 20 395
6 21 1322
6 22 746
6 23 876
6 24 928
6 25 687
6 26 1061
6 27 1151
6 28 1097
6 29 1348
6 30 1589
6 31 358
6 32 969
6 33 1541
6 34 310
6 35 921
6 36 1589
6 37 358
6 38 969
6 39 1637
6 40 406
6 41 1017
6 42 1685
6 43 454
6 44 1065
6 45 1733
6 46 502
6 47 1113
6 48 1781
6 49 550
6 50 1161
6 51 1829
6 52 598
6 53 1209
6 54 1877
6 55 646
6 56 1257
6 57 1925
6 58 694
6 59 1305
6 60 1973
6 61 742
6 62 1353
6 63 2021
6 64 790
6 65 1401
6 66 2069
6 67 838
6 68 1449
6 69 2117
6 70 886
6 71 1497
6 72 2165
6 73 934
6 74 1545
6 75 2213
6 76 982
6 77 1593
6 78 2261
6 79 1030
6 80 1641
6 81 2309
6 82 1078
6 83 1689
6 84 1709
7 0 958
7 1 1358
7 2 1962
7 3 1707
7 4 1927
7 5 1451
7 6 1711
7 7 0
7 8 1176
7 9 1150
7 10 1237
7 11 1336
7 12 2123
7 13 1462
7 14 2500
7 15 2143
7 16 1208
7 17 582
7 18 1789
7 19 1884
7 20 1390
7 21 1009
7 22 1585
7 23 1551
7 24 1923
7 25 1202
7 26 1192
7 27 1180
7 28 2552
7 29 983
7 30 838
7 31 1449
7 32 2680
7 33 790
7 34 1401
7 35 2632
7 36 742
7 37 1353
7 38 2584
7 39 694
7 40 1305
7 41 2536
7 42 646
7 43 1257
7 44 2488
7 45 598
7 46 1209
7 47 2440
7 48 550
7 49 1161
7 50 2392
7 51 502
7 52 1113
7 53 2344
7 54 454
7 55 1065
7 56 2296
7 57 406
7 58 1017
7 59 2248
7 60 358
7 61 969
7 62 2200
7 63 310
7 64 921
7 65 2152
7 66 358
7 67 969
7 68 2200
7 69 406
7 70 1017
7 71 2248
7 72 454
7 73 1065
7 74 2296
7 75 502
7 76 1113
7 77 2344
7 78 550
7 79 1161
7 80 2392
7 81 598
7 82 1209
7 83 2440
7 84 958
8 0 2008
8 1 692
8 2 1296
8 3 1041
8 4 1261
8 5 785
8 6 1045
8 7 1176
8 8 0
8 9 484
8 10 1039
8 11 748
8 12 1457
8 13 796
8 14 1834
8 15 1093
8 16 1452
8 17 1502
8 18 1123
8 19 1218
8 20 724
8 21 1747
8 22 1075
8 23 1301
8 24 1257
8 25 536
8 26 526
8 27 904
8 28 1886
8 29 1773
8 30 1888
8 31 783
8 32 2014
8 33 1840
8 34 735
8 35 1966
8 36 1792
8 37 687
8 38 1918
8 39 1744
8 40 639
8 41 1870
8 42 1696
8 43 591
8 44 1822
8 45 1648
8 46 543
8 47 1774
8 48 1600
8 49 495
8 50 1726
8 51 1552
8 52 447
8 53 1678
8 54 1504
8 55 399
8 56 1630
8 57 1456
8 58 351
8 59 1582
8 60 1408
8 61 303
8 62 1534
8 63 1360
8 64 255
8 65 1486
8 66 1312
8 67 207
8 68 1438
8 69 1264
8 70 159
8 71 1390
8 72 1216
8 73 111
8 74 1342
8 75 1168
8 76 63
8 77 1294
8 78 1216
8 79 111
8 80 1342
8 81 1264
8 82 159
8 83 1390
8 84 2008
9 0 1650
9 1 282
9 2 886
9 3 631
9 4 851
9 5 375
9 6 635
9 7 1150
9 8 484
9 9 0
9 10 629
9 11 434
9 12 1047
9 13 386
9 14 1424
9 15 1451
9 16 1042
9 17 1188
9 18 713
9 19 808
9 20 314
9 21 1337
9 22 665
9 23 891
9 24 847
9 25 52
9 26 500
9 27 590
9 28 1476
9 29 1363
9 30 1530
9 31 373
9 32 1604
9 33 1482
9 34 325
9 35 1556
9 36 1434
9 37 277
9 38 1508
9 39 1386
9 40 229
9 41 1460
9 42 1338
9 43 181
9 44 1412
9 45 1290
9 46 133
9 47 1364
9 48 1242
9 49 85
9 50 1316
9 51 1194
9 52 37
9 53 1268
9 54 1242
9 55 85
9 56 1316
9 57 1290
9 58 133
9 59 1364
9 60 1338
9 61 181
9 62 1412
9 63 1386
9 64 229
9 65 1460
9 66 1434
9 67 277
9 68 1508
9 69 1482
9 70 325
9 71 1556
9 72 1530
9 73 373
9 74 1604
9 75 1578
9 76 421
9 77 1652
9 78 1626
9 79 469
9 80 1700
9 81 1674
9 82 517
9 83 1748
9 84 1650
10 0 1095
10 1 837
10 2 1345
10 3 1090
10 4 1310
10 5 834
10 6 1094
10 7 1237
10 8 1039
10 9 629
10 10 0
10 11 989
10 12 1506
10 13 941
10 14 1883
10 15 2006
10 16 1345
10 17 911
10 18 1172
10 19 1267
10 20 773
10 21 1146
10 22 1124
10 23 1350
10 24 1306
10 25 681
10 26 1055
10 27 1145
10 28 1935
10 29 1120
10 30 975
10 31 832
10 32 2063
10 33 927
10 34 784
10 35 2015
10 36 879
10 37 736
10 38 1967
10 39 831
10 40 688
10 41 1919
10 42 783
10 43 640
10 44 1871
10 45 735
10 46 592
10 47 1823
10 48 687
10 49 544
10 50 1775
10 51 735
10 52 592
10 53 1823
10 54 783
10 55 640
10 56 1871
10 57 831
10 58 688
10 59 1919
10 60 879
10 61 736
10 62 1967
10 63 927
10 64 784
10 65 2015
10 66 975
10 67 832
10 68 2063
10 69 1023
10 70 880
10 71 2111
10 72 1071
10 73 928
10 74 2159
10 75 1119
10 76 976
10 77 2207
10 78 1167
10 79 1024
10 80 2255
10 81 1215
10 82 1072
10 83 2303
10 84 1095
11 0 1386
11 1 642
11 2 1246
11 3 991
11 4 1211
11 5 735
11 6 995
11 7 1336
11 8 748
11 9 434
11 10 989
11 11 0
11 12 1407
11 13 746
11 14 1784
11 15 1715
11 16 1402
11 17 754
11 18 1073
11 19 1168
11 20 674
11 21 1437
11 22 1025
11 23 1251
11 24 1207
11 25 486
11 26 764
11 27 156
11 28 1836
11 29 1411
11 30 1266
11 31 733
11 32 1964
11 33 1218
11 34 685
11 35 1916
11 36 1170
11 37 637
11 38 1868
11 39 1122
11 40 589
11 41 1820
11 42 1074
11 43 541
11 44 1772
11 45 1026
11 46 493
11 47 1724
11 48 978
11 49 445
11 50 1676
11 51 930
11 52 397
11 53 1628
11 54 882
11 55 349
11 56 1580
11 57 930
11 58 397
11 59 1628
11 60 978
11 61 445
11 62 1676
11 63 1026
11 64 493
11 65 1724
11 66 1074
11 67 541
11 68 1772
11 69 1122
11 70 589
11 71 1820
11 72 1170
11 73 637
11 74 1868
11 75 1218
11 76 685
11 77 1916
11 78 1266
11 79 733
11 80 1964
11 81 1314
11 82 781
11 83 2012
11 84 1386
12 0 2025
12 1 1255
12 2 1275
12 3 932
12 4 1310
12 5 772
12 6 1032
12 7 2123
12 8 1457
12 9 1047
12 10 1506
12 11 1407
12 12 0
12 13 1359
12 14 377
12 15 1670
12 16 1535
12 17 2161
12 18 1110
12 19 1301
12 20 807
12 21 1734
12 22 1158
12 23 1192
12 24 1314
12 25 1099
12 26 1473
12 27 1563
12 28 429
12 29 1760
12 30 1905
12 31 674
12 32 557
12 33 1953
12 34 722
12 35 605
12 36 2001
12 37 770
12 38 653
12 39 2049
12 40 818
12 41 701
12 42 2097
12 43 866
12 44 749
12 45 2145
12 46 914
12 47 797
12 48 2193
12 49 962
12 50 845
12 51 2241
12 52 1010
12 53 893
12 54 2289
12 55 1058
12 56 941
12 57 2337
12 58 1106
12 59 989
12 60 2385
12 61 1154
12 62 1037
12 63 2433
12 64 1202
12 65 1085
12 66 2481
12 67 1250
12 68 1133
12 69 2529
12 70 1298
12 71 1181
12 72 2577
12 73 1346
12 74 1229
12 75 2625
12 76 1394
12 77 1277
12 78 2673
12 79 1442
12 80 1325
12 81 2721
12 82 1490
12 83 1373
12 84 2025
13 0 2036
13 1 104
13 2 1198
13 3 943
13 4 1163
13 5 687
13 6 947
13 7 1462
13 8 796
13 9 386
13 10 941
13 11 746
13 12 1359
13 13 0
13 14 1398
13 15 1659
13 16 1354
13 17 1500
13 18 1025
13 19 1120
13 20 626
13 21 1649
13 22 977
13 23 1203
13 24 1159
13 25 438
13 26 812
13 27 902
13 28 1346
13 29 1675
13 30 1916
13 31 685
13 32 1218
13 33 1868
13 34 637
13 35 1170
13 36 1820
13 37 589
13 38 1122
13 39 1772
13 40 541
13 41 1074
13 42 1724
13 43 493
13 44 1026
13 45 1676
13 46 445
13 47 978
13 48 1628
13 49 397
13 50 930
13 51 1580
13 52 349
13 53 882
13 54 1628
13 55 397
13 56 930
13 57 1676
13 58 445
13 59 978
13 60 1724
13 61 493
13 62 1026
13 63 1772
13 64 541
13 65 1074
13 66 1820
13 67 589
13 68 1122
13 69 1868
13 70 637
13 71 1170
13 72 1916
13 73 685
13 74 1218
13 75 1964
13 76 733
13 77 1266
13 78 2012
13 79 781
13 80 1314
13 81 2060
13 82 829
13 83 1362
13 84 2036
14 0 2402
14 1 1502
14 2 898
14 3 1309
14 4 933
14 5 1149
14 6 1149
14 7 2500
14 8 1834
14 9 1424
14 10 1883
14 11 1784
14 12 377
14 13 1398
14 14 0
14 15 1293
14 16 1912
14 17 2538
14 18 1071
14 19 976
14 20 1184
14 21 2111
14 22 1535
14 23 1569
14 24 937
14 25 1476
14 26 1668
14 27 1940
14 28 52
14 29 2137
14 30 2282
14 31 1051
14 32 180
14 33 2330
14 34 1099
14 35 228
14 36 2378
14 37 1147
14 38 276
14 39 2426
14 40 1195
14 41 324
14 42 2474
14 43 1243
14 44 372
14 45 2522
14 46 1291
14 47 420
14 48 2570
14 49 1339
14 50 468
14 51 2618
14 52 1387
14 53 516
14 54 2666
14 55 1435
14 56 564
14 57 2714
14 58 1483
14 59 612
14 60 2762
14 61 1531
14 62 660
14 63 2810
14 64 1579
14 65 708
14 66 2858
14 67 1627
14 68 756
14 69 2906
14 70 1675
14 71 804
14 72 2954
14 73 1723
14 74 852
14 75 3002
14 76 1771
14 77 900
14 78 3050
14 79 1819
14 80 948
14 81 3098
14 82 1867
14 83 996
14 84 2402
15 0 3101
15 1 1659
15 2 1639
15 3 2008
15 4 1578
15 5 1752
15 6 1986
15 7 2143
15 8 1093
15 9 1451
15 10 2006
15 11 1715
15 12 1670
15 13 1659
15 14 1293
15 15 0
15 16 2419
15 17 2469
15 18 1908
15 19 1717
15 20 1691
15 21 2714
15 22 2042
15 23 2268
15 24 1678
15 25 1503
15 26 1493
15 27 1871
15 28 1241
15 29 2740
15 30 2981
15 31 1750
15 32 1113
15 33 2933
15 34 1702
15 35 1065
15 36 2885
15 37 1654
15 38 1017
15 39 2837
15 40 1606
15 41 969
15 42 2789
15 43 1558
15 44 921
15 45 2741
15 46 1510
15 47 873
15 48 2693
15 49 1462
15 50 825
15 51 2645
15 52 1414
15 53 777
15 54 2597
15 55 1366
15 56 729
15 57 2549
15 58 1318
15 59 681
15 60 2501
15 61 1270
15 62 633
15 63 2453
15 64 1222
15 65 585
15 66 2405
15 67 1174
15 68 537
15 69 2357
15 70 1126
15 71 489
15 72 2309
15 73 1078
15 74 441
15 75 2261
15 76 1030
15 77 393
15 78 2213
15 79 982
15 80 345
15 81 2165
15 82 934
15 83 297
15 84 3101
16 0 682
16 1 1250
16 2 1374
16 3 1119
16 4 1435
16 5 863
16 6 1123
16 7 1208
16 8 1452
16 9 1042
16 10 1345
16 11 1402
16 12 1535
16 13 1354
16 14 1912
16 15 2419
16 16 0
16 17 882
16 18 1201
16 19 1296
16 20 728
16 21 733
16 22 377
16 23 1275
16 24 1335
16 25 1094
16 26 1468
16 27 1480
16 28 1964
16 29 707
16 30 562
16 31 861
16 32 2092
16 33 514
16 34 813
16 35 2044
16 36 466
16 37 765
16 38 1996
16 39 514
16 40 813
16 41 2044
16 42 562
16 43 861
16 44 2092
16 45 610
16 46 909
16 47 2140
16 48 658
16 49 957
16 50 2188
16 51 706
16 52 1005
16 53 2236
16 54 754
16 55 1053
16 56 2284
16 57 802
16 58 1101
16 59 2332
16 60 850
16 61 1149
16 62 2380
16 63 898
16 64 1197
16 65 2428
16 66 946
16 67 1245
16 68 2476
16 69 994
16 70 1293
16 71 2524
16 72 1042
16 73 1341
16 74 2572
16 75 1090
16 76 1389
16 77 2620
16 78 1138
16 79 1437
16 80 2668
16 81 1186
16 82 1485
16 83 2716
16 84 682
17 0 632
17 1 1396
17 2 2000
17 3 1485
17 4 1965
17 5 1489
17 6 1749
17 7 582
17 8 1502
17 9 1188
17 10 911
17 11 754
17 12 2161
17 13 1500
17 14 2538
17 15 2469
17 16 882
17 17 0
17 18 1827
17 19 1922
17 20 1428
17 21 683
17 22 1259
17 23 1225
17 24 1961
17 25 1240
17 26 1518
17 27 598
17 28 2590
17 29 657
17 30 512
17 31 1487
17 32 2718
17 33 464
17 34 1439
17 35 2670
17 36 416
17 37 1391
17 38 2622
17 39 368
17 40 1343
17 41 2574
17 42 320
17 43 1295
17 44 2526
17 45 272
17 46 1247
17 47 2478
17 48 224
17 49 1199
17 50 2430
17 51 176
17 52 1151
17 53 2382
17 54 128
17 55 1103
17 56 2334
17 57 176
17 58 1151
17 59 2382
17 60 224
17 61 1199
17 62 2430
17 63 272
17 64 1247
17 65 2478
17 66 320
17 67 1295
17 68 2526
17 69 368
17 70 1343
17 71 2574
17 72 416
17 73 1391
17 74 2622
17 75 464
17 76 1439
17 77 2670
17 78 512
17 79 1487
17 80 2718
17 81 560
17 82 1535
17 83 2766
17 84 632
18 0 1787
18 1 921
18 2 1045
18 3 694
18 4 1106
18 5 438
18 6 78
18 7 1789
18 8 1123
18 9 713
18 10 1172
18 11 1073
18 12 1110
18 13 1025
18 14 1071
18 15 1908
18 16 1201
18 17 1827
18 18 0
18 19 967
18 20 473
18 21 1400
18 22 824
18 23 954
18 24 1006
18 25 765
18 26 1139
18 27 1229
18 28 1019
18 29 1426
18 30 1667
18 31 436
18 32 891
18 33 1619
18 34 388
18 35 843
18 36 1667
18 37 436
18 38 891
18 39 1715
18 40 484
18 41 939
18 42 1763
18 43 532
18 44 987
18 45 1811
18 46 580
18 47 1035
18 48 1859
18 49 628
18 50 1083
18 51 1907
18 52 676
18 53 1131
18 54 1955
18 55 724
18 56 1179
18 57 2003
18 58 772
18 59 1227
18 60 2051
18 61 820
18 62 1275
18 63 2099
18 64 868
18 65 1323
18 66 2147
18 67 916
18 68 1371
18 69 2195
18 70 964
18 71 1419
18 72 2243
18 73 1012
18 74 1467
18 75 2291
18 76 1060
18 77 1515
18 78 2339
18 79 1108
18 80 1563
18 81 2387
18 82 1156
18 83 1611
18 84 1787
19 0 1978
19 1 1016
19 2 78
19 3 885
19 4 1201
19 5 629
19 6 889
19 7 1884
19 8 1218
19 9 808
19 10 1267
19 11 1168
19 12 1301
19 13 1120
19 14 976
19 15 1717
19 16 1296
19 17 1922
19 18 967
19 19 0
19 20 568
19 21 1591
19 22 919
19 23 1145
19 24 39
19 25 860
19 26 1234
19 27 1324
19 28 924
19 29 1617
19 30 1858
19 31 627
19 32 796
19 33 1810
19 34 579
19 35 748
19 36 1762
19 37 531
19 38 700
19 39 1810
19 40 579
19 41 748
19 42 1858
19 43 627
19 44 796
19 45 1906
19 46 675
19 47 844
19 48 1954
19 49 723
19 50 892
19 51 2002
19 52 771
19 53 940
19 54 2050
19 55 819
19 56 988
19 57 2098
19 58 867
19 59 1036
19 60 2146
19 61 915
19 62 1084
19 63 2194
19 64 963
19 65 1132
19 66 2242
19 67 1011
19 68 1180
19 69 2290
19 70 1059
19 71 1228
19 72 2338
19 73 1107
19 74 1276
19 75 2386
19 76 1155
19 77 1324
19 78 2434
19 79 1203
19 80 1372
19 81 2482
19 82 1251
19 83 1420
19 84 1978
20 0 1410
20 1 522
20 2 646
20 3 391
20 4 707
20 5 135
20 6 395
20 7 1390
20 8 724
20 9 314
20 10 773
20 11 674
20 12 807
20 13 626
20 14 1184
20 15 1691
20 16 728
20 17 1428
20 18 473
20 19 568
20 20 0
20 21 1097
20 22 351
20 23 651
20 24 607
20 25 366
20 26 740
20 27 830
20 28 1236
20 29 1123
20 30 1290
20 31 133
20 32 1364
20 33 1242
20 34 85
20 35 1316
20 36 1194
20 37 37
20 38 1268
20 39 1242
20 40 85
20 41 1316
20 42 1290
20 43 133
20 44 1364
20 45 1338
20 46 181
20 47 1412
20 48 1386
20 49 229
20 50 1460
20 51 1434
20 52 277
20 53 1508
20 54 1482
20 55 325
20 56 1556
20 57 1530
20 58 373
20 59 1604
20 60 1578
20 61 421
20 62 1652
20 63 1626
20 64 469
20 65 1700
20 66 1674
20 67 517
20 68 1748
20 69 1722
20 70 565
20 71 1796
20 72 1770
20 73 613
20 74 1844
20 75 1818
20 76 661
20 77 1892
20 78 1866
20 79 709
20 80 1940
20 81 1914
20 82 757
20 83 1988
20 84 1410
21 0 387
21 1 1545
21 2 1669
21 3 1240
21 4 1730
21 5 962
21 6 1322
21 7 1009
21 8 1747
21 9 1337
21 10 1146
21 11 1437
21 12 1734
21 13 1649
21 14 2111
21 15 2714
21 16 733
21 17 683
21 18 1400
21 19 1591
21 20 1097
21 21 0
21 22 1110
21 23 980
21 24 1630
21 25 1389
21 26 1763
21 27 1281
21 28 2163
21 29 26
21 30 267
21 31 1060
21 32 2291
21 33 219
21 34 1012
21 35 2243
21 36 267
21 37 1060
21 38 2291
21 39 315
21 40 1108
21 41 2339
21 42 363
21 43 1156
21 44 2387
21 45 411
21 46 1204
21 47 2435
21 48 459
21 49 1252
21 50 2483
21 51 507
21 52 1300
21 53 2531
21 54 555
21 55 1348
21 56 2579
21 57 603
21 58 1396
21 59 2627
21 60 651
21 61 1444
21 62 2675
21 63 699
21 64 1492
21 65 2723
21 66 747
21 67 1540
21 68 2771
21 69 795
21 70 1588
21 71 2819
21 72 843
21 73 1636
21 74 2867
21 75 891
21 76 1684
21 77 2915
21 78 939
21 79 1732
21 80 2963
21 81 987
21 82 1780
21 83 3011
21 84 387
22 0 1059
22 1 873
22 2 997
22 3 742
22 4 1058
22 5 486
22 6 746
22 7 1585
22 8 1075
22 9 665
22 10 1124
22 11 1025
22 12 1158
22 13 977
22 14 1535
22 15 2042
22 16 377
22 17 1259
22 18 824
22 19 919
22 20 351
22 21 1110
22 22 0
22 23 1002
22 24 958
22 25 717
22 26 1091
22 27 1181
22 28 1587
22 29 1084
22 30 939
22 31 484
22 32 1715
22 33 891
22 34 436
22 35 1667
22 36 843
22 37 388
22 38 1619
22 39 891
22 40 436
22 41 1667
22 42 939
22 43 484
22 44 1715
22 45 987
22 46 532
22 47 1763
22 48 1035
22 49 580
22 50 1811
22 51 1083
22 52 628
22 53 1859
22 54 1131
22 55 676
22 56 1907
22 57 1179
22 58 724
22 59 1955
22 60 1227
22 61 772
22 62 2003
22 63 1275
22 64 820
22 65 2051
22 66 1323
22 67 868
22 68 2099
22 69 1371
22 70 916
22 71 2147
22 72 1419
22 73 964
22 74 2195
22 75 1467
22 76 1012
22 77 2243
22 78 1515
22 79 1060
22 80 2291
22 81 1563
22 82 1108
22 83 2339
22 84 1059
23 0 833
23 1 1099
23 2 1223
23 3 260
23 4 1284
23 5 616
23 6 876
23 7 1551
23 8 1301
23 9 891
23 10 1350
23 11 1251
23 12 1192
23 13 1203
23 14 1569
23 15 2268
23 16 1275
23 17 1225
23 18 954
23 19 1145
23 20 651
23 21 980
23 22 1002
23 23 0
23 24 1184
23 25 943
23 26 1317
23 27 1407
23 28 1621
23 29 954
23 30 713
23 31 518
23 32 1749
23 33 761
23 34 566
23 35 1797
23 36 809
23 37 614
23 38 1845
23 39 857
23 40 662
23 41 1893
23 42 905
23 43 710
23 44 1941
23 45 953
23 46 758
23 47 1989
23 48 1001
23 49 806
23 50 2037
23 51 1049
23 52 854
23 53 2085
23 54 1097
23 55 902
23 56 2133
23 57 1145
23 58 950
23 59 2181
23 60 1193
23 61 998
23 62 2229
23 63 1241
23 64 1046
23 65 2277
23 66 1289
23 67 1094
23 68 2325
23 69 1337
23 70 1142
23 71 2373
23 72 1385
23 73 1190
23 74 2421
23 75 1433
23 76 1238
23 77 2469
23 78 1481
23 79 1286
23 80 2517
23 81 1529
23 82 1334
23 83 2565
23 84 833
24 0 2017
24 1 1055
24 2 39
24 3 924
24 4 1240
24 5 668
24 6 928
24 7 1923
24 8 1257
24 9 847
24 10 1306
24 11 1207
24 12 1314
24 13 1159
24 14 937
24 15 1678
24 16 1335
24 17 1961
24 18 1006
24 19 39
24 20 607
24 21 1630
24 22 958
24 23 1184
24 24 0
24 25 899
24 26 1273
24 27 1363
24 28 885
24 29 1656
24 30 1897
24 31 666
24 32 757
24 33 1849
24 34 618
24 35 709
24 36 1801
24 37 570
24 38 661
24 39 1849
24 40 618
24 41 709
24 42 1897
24 43 666
24 44 757
24 45 1945
24 46 714
24 47 805
24 48 1993
24 49 762
24 50 853
24 51 2041
24 52 810
24 53 901
24 54 2089
24 55 858
24 56 949
24 57 2137
24 58 906
24 59 997
24 60 2185
24 61 954
24 62 1045
24 63 2233
24 64 1002
24 65 1093
24 66 2281
24 67 1050
24 68 1141
24 69 2329
24 70 1098
24 71 1189
24 72 2377
24 73 1146
24 74 1237
24 75 2425
24 76 1194
24 77 1285
24 78 2473
24 79 1242
24 80 1333
24 81 2521
24 82 1290
24 83 1381
24 84 2017
25 0 1598
25 1 334
25 2 938
25 3 683
25 4 903
25 5 427
25 6 687
25 7 1202
25 8 536
25 9 52
25 10 681
25 11 486
25 12 1099
25 13 438
25 14 1476
25 15 1503
25 16 1094
25 17 1240
25 18 765
25 19 860
25 20 366
25 21 1389
25 22 717
25 23 943
25 24 899
25 25 0
25 26 552
25 27 642
25 28 1528
25 29 1415
25 30 1478
25 31 425
25 32 1656
25 33 1430
25 34 377
25 35 1608
25 36 1382
25 37 329
25 38 1560
25 39 1334
25 40 281
25 41 1512
25 42 1286
25 43 233
25 44 1464
25 45 1238
25 46 185
25 47 1416
25 48 1190
25 49 137
25 50 1368
25 51 1142
25 52 89
25 53 1320
25 54 1190
25 55 137
25 56 1368
25 57 1238
25 58 185
25 59 1416
25 60 1286
25 61 233
25 62 1464
25 63 1334
25 64 281
25 65 1512
25 66 1382
25 67 329
25 68 1560
25 69 1430
25 70 377
25 71 1608
25 72 1478
25 73 425
25 74 1656
25 75 1526
25 76 473
25 77 1704
25 78 1574
25 79 521
25 80 1752
25 81 1622
25 82 569
25 83 1800
25 84 1598
26 0 2150
26 1 708
26 2 1312
26 3 1057
26 4 1277
26 5 801
26 6 1061
26 7 1192
26 8 526
26 9 500
26 10 1055
26 11 764
26 12 1473
26 13 812
26 14 1668
26 15 1493
26 16 1468
26 17 1518
26 18 1139
26 19 1234
26 20 740
26 21 1763
26 22 1091
26 23 1317
26 24 1273
26 25 552
26 26 0
26 27 920
26 28 1616
26 29 1789
26 30 2030
26 31 799
26 32 1488
26 33 1982
26 34 751
26 35 1440
26 36 1934
26 37 703
26 38 1392
26 39 1886
26 40 655
26 41 1344
26 42 1838
26 43 607
26 44 1296
26 45 1790
26 46 559
26 47 1248
26 48 1742
26 49 511
26 50 1200
26 51 1694
26 52 463
26 53 1152
26 54 1646
26 55 415
26 56 1104
26 57 1598
26 58 367
26 59 1056
26 60 1550
26 61 319
26 62 1008
26 63 1502
26 64 271
26 65 960
26 66 1550
26 67 319
26 68 1008
26 69 1598
26 70 367
26 71 1056
26 72 1646
26 73 415
26 74 1104
26 75 1694
26 76 463
26 77 1152
26 78 1742
26 79 511
26 80 1200
26 81 1790
26 82 559
26 83 1248
26 84 2150
27 0 1230
27 1 798
27 2 1402
27 3 1147
27 4 1367
27 5 891
27 6 1151
27 7 1180
27 8 904
27 9 590
27 10 1145
27 11 156
27 12 1563
27 13 902
27 14 1940
27 15 1871
27 16 1480
27 17 598
27 18 1229
27 19 1324
27 20 830
27 21 1281
27 22 1181
27 23 1407
27 24 1363
27 25 642
27 26 920
27 27 0
27 28 1992
27 29 1255
27 30 1110
27 31 889
27 32 2120
27 33 1062
27 34 841
27 35 2072
27 36 1014
27 37 793
27 38 2024
27 39 966
27 40 745
27 41 1976
27 42 918
27 43 697
27 44 1928
27 45 870
27 46 649
27 47 1880
27 48 822
27 49 601
27 50 1832
27 51 774
27 52 553
27 53 1784
27 54 726
27 55 505
27 56 1736
27 57 774
27 58 553
27 59 1784
27 60 822
27 61 601
27 62 1832
27 63 870
27 64 649
27 65 1880
27 66 918
27 67 697
27 68 1928
27 69 966
27 70 745
27 71 1976
27 72 1014
27 73 793
27 74 2024
27 75 1062
27 76 841
27 77 2072
27 78 1110
27 79 889
27 80 2120
27 81 1158
27 82 937
27 83 2168
27 84 1230
28 0 2454
28 1 1450
28 2 846
28 3 1361
28 4 881
28 5 1201
28 6 1097
28 7 2552
28 8 1886
28 9 1476
28 10 1935
28 11 1836
28 12 429
28 13 1346
28 14 52
28 15 1241
28 16 1964
28 17 2590
28 18 1019
28 19 924
28 20 1236
28 21 2163
28 22 1587
28 23 1621
28 24 885
28 25 1528
28 26 1616
28 27 1992
28 28 0
28 29 2189
28 30 2334
28 31 1103
28 32 128
28 33 2382
28 34 1151
28 35 176
28 36 2430
28 37 1199
28 38 224
28 39 2478
28 40 1247
28 41 272
28 42 2526
28 43 1295
28 44 320
28 45 2574
28 46 1343
28 47 368
28 48 2622
28 49 1391
28 50 416
28 51 2670
28 52 1439
28 53 464
28 54 2718
28 55 1487
28 56 512
28 57 2766
28 58 1535
28 59 560
28 60 2814
28 61 1583
28 62 608
28 63 2862
28 64 1631
28 65 656
28 66 2910
28 67 1679
28 68 704
28 69 2958
28 70 1727
28 71 752
28 72 3006
28 73 1775
28 74 800
28 75 3054
28 76 1823
28 77 848
28 78 3102
28 79 1871
28 80 896
28 81 3150
28 82 1919
28 83 944
28 84 2454
29 0 361
29 1 1571
29 2 1695
29 3 1214
29 4 1756
29 5 988
29 6 1348
29 7 983
29 8 1773
29 9 1363
29 10 1120
29 11 1411
29 12 1760
29 13 1675
29 14 2137
29 15 2740
29 16 707
29 17 657
29 18 1426
29 19 1617
29 20 1123
29 21 26
29 22 1084
29 23 954
29 24 1656
29 25 1415
29 26 1789
29 27 1255
29 28 2189
29 29 0
29 30 241
29 31 1086
29 32 2317
29 33 193
29 34 1038
29 35 2269
29 36 241
29 37 1086
29 38 2317
29 39 289
29 40 1134
29 41 2365
29 42 337
29 43 1182
29 44 2413
29 45 385
29 46 1230
29 47 2461
29 48 433
29 49 1278
29 50 2509
29 51 481
29 52 1326
29 53 2557
29 54 529
29 55 1374
29 56 2605
29 57 577
29 58 1422
29 59 2653
29 60 625
29 61 1470
29 62 2701
29 63 673
29 64 1518
29 65 2749
29 66 721
29 67 1566
29 68 2797
29 69 769
29 70 1614
29 71 2845
29 72 817
29 73 1662
29 74 2893
29 75 865
29 76 1710
29 77 2941
29 78 913
29 79 1758
29 80 2989
29 81 961
29 82 1806
29 83 3037
29 84 361
30 0 120
30 1 1812
30 2 1936
30 3 973
30 4 1997
30 5 1229
30 6 1589
30 7 838
30 8 1888
30 9 1530
30 10 975
30 11 1266
30 12 1905
30 13 1916
30 14 2282
30 15 2981
30 16 562
30 17 512
30 18 1667
30 19 1858
30 20 1290
30 21 267
30 22 939
30 23 713
30 24 1897
30 25 1478
30 26 2030
30 27 1110
30 28 2334
30 29 241
30 30 0
30 31 1231
30 32 2462
30 33 48
30 34 1279
30 35 2510
30 36 96
30 37 1327
30 38 2558
30 39 144
30 40 1375
30 41 2606
30 42 192
30 43 1423
30 44 2654
30 45 240
30 46 1471
30 47 2702
30 48 288
30 49 1519
30 50 2750
30 51 336
30 52 1567
30 53 2798
30 54 384
30 55 1615
30 56 2846
30 57 432
30 58 1663
30 59 2894
30 60 480
30 61 1711
30 62 2942
30 63 528
30 64 1759
30 65 2990
30 66 576
30 67 1807
30 68 3038
30 69 624
30 70 1855
30 71 3086
30 72 672
30 73 1903
30 74 3134
30 75 720
30 76 1951
30 77 3182
30 78 768
30 79 1999
30 80 3230
30 81 816
30 82 2047
30 83 3278
30 84 120
31 0 1351
31 1 581
31 2 705
31 3 258
31 4 766
31 5 98
31 6 358
31 7 1449
31 8 783
31 9 373
31 10 832
31 11 733
31 12 674
31 13 685
31 14 1051
31 15 1750
31 16 861
31 17 1487
31 18 436
31 19 627
31 20 133
31 21 1060
31 22 484
31 23 518
31 24 666
31 25 425
31 26 799
31 27 889
31 28 1103
31 29 1086
31 30 1231
31 31 0
31 32 1231
31 33 1279
31 34 48
31 35 1279
31 36 1327
31 37 96
31 38 1327
31 39 1375
31 40 144
31 41 1375
31 42 1423
31 43 192
31 44 1423
31 45 1471
31 46 240
31 47 1471
31 48 1519
31 49 288
31 50 1519
31 51 1567
31 52 336
31 53 1567
31 54 1615
31 55 384
31 56 1615
31 57 1663
31 58 432
31 59 1663
31 60 1711
31 61 480
31 62 1711
31 63 1759
31 64 528
31 65 1759
31 66 1807
31 67 576
31 68 1807
31 69 1855
31 70 624
31 71 1855
31 72 1903
31 73 672
31 74 1903
31 75 1951
31 76 720
31 77 1951
31 78 1999
31 79 768
31 80 1999
31 81 2047
31 82 816
31 83 2047
31 84 1351
32 0 2582
32 1 1322
32 2 718
32 3 1489
32 4 753
32 5 1329
32 6 969
32 7 2680
32 8 2014
32 9 1604
32 10 2063
32 11 1964
32 12 557
32 13 1218
32 14 180
32 15 1113
32 16 2092
32 17 2718
32 18 891
32 19 796
32 20 1364
32 21 2291
32 22 1715
32 23 1749
32 24 757
32 25 1656
32 26 1488
32 27 2120
32 28 128
32 29 2317
32 30 2462
32 31 1231
32 32 0
32 33 2510
32 34 1279
32 35 48
32 36 2558
32 37 1327
32 38 96
32 39 2606
32 40 1375
32 41 144
32 42 2654
32 43 1423
32 44 192
32 45 2702
32 46 1471
32 47 240
32 48 2750
32 49 1519
32 50 288
32 51 2798
32 52 1567
32 53 336
32 54 2846
32 55 1615
32 56 384
32 57 2894
32 58 1663
32 59 432
32 60 2942
32 61 1711
32 62 480
32 63 2990
32 64 1759
32 65 528
32 66 3038
32 67 1807
32 68 576
32 69 3086
32 70 1855
32 71 624
32 72 3134
32 73 1903
32 74 672
32 75 3182
32 76 1951
32 77 720
32 78 3230
32 79 1999
32 80 768
32 81 3278
32 82 2047
32 83 816
32 84 2582
33 0 168
33 1 1764
33 2 1888
33 3 1021
33 4 1949
33 5 1181
33 6 1541
33 7 790
33 8 1840
33 9 1482
33 10 927
33 11 1218
33 12 1953
33 13 1868
33 14 2330
33 15 2933
33 16 514
33 17 464
33 18 1619
33 19 1810
33 20 1242
33 21 219
33 22 891
33 23 761
33 24 1849
33 25 1430
33 26 1982
33 27 1062
33 28 2382
33 29 193
33 30 48
33 31 1279
33 32 2510
33 33 0
33 34 1231
33 35 2462
33 36 48
33 37 1279
33 38 2510
33 39 96
33 40 1327
33 41 2558
33 42 144
33 43 1375
33 44 2606
33 45 192
33 46 1423
33 47 2654
33 48 240
33 49 1471
33 50 2702
33 51 288
33 52 1519
33 53 2750
33 54 336
33 55 1567
33 56 2798
33 57 384
33 58 1615
33 59 2846
33 60 432
33 61 1663
33 62 2894
33 63 480
33 64 1711
33 65 2942
33 66 528
33 67 1759
33 68 2990
33 69 576
33 70 1807
33 71 3038
33 72 624
33 73 1855
33 74 3086
33 75 672
33 76 1903
33 77 3134
33 78 720
33 79 1951
33 80 3182
33 81 768
33 82 1999
33 83 3230
33 84 168
34 0 1399
34 1 533
34 2 657
34 3 306
34 4 718
34 5 50
34 6 310
34 7 1401
34 8 735
34 9 325
34 10 784
34 11 685
34 12 722
34 13 637
34 14 1099
34 15 1702
34 16 813
34 17 1439
34 18 388
34 19 579
34 20 85
34 21 1012
34 22 436
34 23 566
34 24 618
34 25 377
34 26 751
34 27 841
34 28 1151
34 29 1038
34 30 1279
34 31 48
34 32 1279
34 33 1231
34 34 0
34 35 1231
34 36 1279
34 37 48
34 38 1279
34 39 1327
34 40 96
34 41 1327
34 42 1375
34 43 144
34 44 1375
34 45 1423
34 46 192
34 47 1423
34 48 1471
34 49 240
34 50 1471
34 51 1519
34 52 288
34 53 1519
34 54 1567
34 55 336
34 56 1567
34 57 1615
34 58 384
34 59 1615
34 60 1663
34 61 432
34 62 1663
34 63 1711
34 64 480
34 65 1711
34 66 1759
34 67 528
34 68 1759
34 69 1807
34 70 576
34 71 1807
34 72 1855
34 73 624
34 74 1855
34 75 1903
34 76 672
34 77 1903
34 78 1951
34 79 720
34 80 1951
34 81 1999
34 82 768
34 83 1999
34 84 1399
35 0 2630
35 1 1274
35 2 670
35 3 1537
35 4 705
35 5 1281
35 6 921
35 7 2632
35 8 1966
35 9 1556
35 10 2015
35 11 1916
35 12 605
35 13 1170
35 14 228
35 15 1065
35 16 2044
35 17 2670
35 18 843
35 19 748
35 20 1316
35 21 2243
35 22 1667
35 23 1797
35 24 709
35 25 1608
35 26 1440
35 27 2072
35 28 176
35 29 2269
35 30 2510
35 31 1279
35 32 48
35 33 2462
35 34 1231
35 35 0
35 36 2510
35 37 1279
35 38 48
35 39 2558
35 40 1327
35 41 96
35 42 2606
35 43 1375
35 44 144
35 45 2654
35 46 1423
35 47 192
35 48 2702
35 49 1471
35 50 240
35 51 2750
35 52 1519
35 53 288
35 54 2798
35 55 1567
35 56 336
35 57 2846
35 58 1615
35 59 384
35 60 2894
35 61 1663
35 62 432
35 63 2942
35 64 1711
35 65 480
35 66 2990
35 67 1759
35 68 528
35 69 3038
35 70 1807
35 71 576
35 72 3086
35 73 1855
35 74 624
35 75 3134
35 76 1903
35 77 672
35 78 3182
35 79 1951
35 80 720
35 81 3230
35 82 1999
35 83 768
35 84 2630
36 0 216
36 1 1716
36 2 1840
36 3 1069
36 4 1901
36 5 1229
36 6 1589
36 7 742
36 8 1792
36 9 1434
36 10 879
36 11 1170
36 12 2001
36 13 1820
36 14 2378
36 15 2885
36 16 466
36 17 416
36 18 1667
36 19 1762
36 20 1194
36 21 267
36 22 843
36 23 809
36 24 1801
36 25 1382
36 26 1934
36 27 1014
36 28 2430
36 29 241
36 30 96
36 31 1327
36 32 2558
36 33 48
36 34 1279
36 35 2510
36 36 0
36 37 1231
36 38 2462
36 39 48
36 40 1279
36 41 2510
36 42 96
36 43 1327
36 44 2558
36 45 144
36 46 1375
36 47 2606
36 48 192
36 49 1423
36 50 2654
36 51 240
36 52 1471
36 53 2702
36 54 288
36 55 1519
36 56 2750
36 57 336
36 58 1567
36 59 2798
36 60 384
36 61 1615
36 62 2846
36 63 432
36 64 1663
36 65 2894
36 66 480
36 67 1711
36 68 2942
36 69 528
36 70 1759
36 71 2990
36 72 576
36 73 1807
36 74 3038
36 75 624
36 76 1855
36 77 3086
36 78 672
36 79 1903
36 80 3134
36 81 720
36 82 1951
36 83 3182
36 84 216
37 0 1447
37 1 485
37 2 609
37 3 354
37 4 670
37 5 98
37 6 358
37 7 1353
37 8 687
37 9 277
37 10 736
37 11 637
37 12 770
37 13 589
37 14 1147
37 15 1654
37 16 765
37 17 1391
37 18 436
37 19 531
37 20 37
37 21 1060
37 22 388
37 23 614
37 24 570
37 25 329
37 26 703
37 27 793
37 28 1199
37 29 1086
37 30 1327
37 31 96
37 32 1327
37 33 1279
37 34 48
37 35 1279
37 36 1231
37 37 0
37 38 1231
37 39 1279
37 40 48
37 41 1279
37 42 1327
37 43 96
37 44 1327
37 45 1375
37 46 144
37 47 1375
37 48 1423
37 49 192
37 50 1423
37 51 1471
37 52 240
37 53 1471
37 54 1519
37 55 288
37 56 1519
37 57 1567
37 58 336
37 59 1567
37 60 1615
37 61 384
37 62 1615
37 63 1663
37 64 432
37 65 1663
37 66 1711
37 67 480
37 68 1711
37 69 1759
37 70 528
37 71 1759
37 72 1807
37 73 576
37 74 1807
37 75 1855
37 76 624
37 77 1855
37 78 1903
37 79 672
37 80 1903
37 81 1951
37 82 720
37 83 1951
37 84 1447
38 0 2678
38 1 1226
38 2 622
38 3 1585
38 4 657
38 5 1329
38 6 969
38 7 2584
38 8 1918
38 9 1508
38 10 1967
38 11 1868
38 12 653
38 13 1122
38 14 276
38 15 1017
38 16 1996
38 17 2622
38 18 891
38 19 700
38 20 1268
38 21 2291
38 22 1619
38 23 1845
38 24 661
38 25 1560
38 26 1392
38 27 2024
38 28 224
38 29 2317
38 30 2558
38 31 1327
38 32 96
38 33 2510
38 34 1279
38 35 48
38 36 2462
38 37 1231
38 38 0
38 39 2510
38 40 1279
38 41 48
38 42 2558
38 43 1327
38 44 96
38 45 2606
38 46 1375
38 47 144
38 48 2654
38 49 1423
38 50 192
38 51 2702
38 52 1471
38 53 240
38 54 2750
38 55 1519
38 56 288
38 57 2798
38 58 1567
38 59 336
38 60 2846
38 61 1615
38 62 384
38 63 2894
38 64 1663
38 65 432
38 66 2942
38 67 1711
38 68 480
38 69 2990
38 70 1759
38 71 528
38 72 3038
38 73 1807
38 74 576
38 75 3086
38 76 1855
38 77 624
38 78 3134
38 79 1903
38 80 672
38 81 3182
38 82 1951
38 83 720
38 84 2678
39 0 264
39 1 1668
39 2 1888
39 3 1117
39 4 1853
39 5 1277
39 6 1637
39 7 694
39 8 1744
39 9 1386
39 10 831
39 11 1122
39 12 2049
39 13 1772
39 14 2426
39 15 2837
39 16 514
39 17 368
39 18 1715
39 19 1810
39 20 1242
39 21 315
39 22 891
39 23 857
39 24 1849
39 25 1334
39 26 1886
39 27 966
39 28 2478
39 29 289
39 30 144
39 31 1375
39 32 2606
39 33 96
39 34 1327
39 35 2558
39 36 48
39 37 1279
39 38 2510
39 39 0
39 40 1231
39 41 2462
39 42 48
39 43 1279
39 44 2510
39 45 96
39 46 1327
39 47 2558
39 48 144
39 49 1375
39 50 2606
39 51 192
39 52 1423
39 53 2654
39 54 240
39 55 1471
39 56 2702
39 57 288
39 58 1519
39 59 2750
39 60 336
39 61 1567
39 62 2798
39 63 384
39 64 1615
39 65 2846
39 66 432
39 67 1663
39 68 2894
39 69 480
39 70 1711
39 71 2942
39 72 528
39 73 1759
39 74 2990
39 75 576
39 76 1807
39 77 3038
39 78 624
39 79 1855
39 80 3086
39 81 672
39 82 1903
39 83 3134
39 84 264
40 0 1495
40 1 437
40 2 657
40 3 402
40 4 622
40 5 146
40 6 406
40 7 1305
40 8 639
40 9 229
40 10 688
40 11 589
40 12 818
40 13 541
40 14 1195
40 15 1606
40 16 813
40 17 1343
40 18 484
40 19 579
40 20 85
40 21 1108
40 22 436
40 23 662
40 24 618
40 25 281
40 26 655
40 27 745
40 28 1247
40 29 1134
40 30 1375
40 31 144
40 32 1375
40 33 1327
40 34 96
40 35 1327
40 36 1279
40 37 48
40 38 1279
40 39 1231
40 40 0
40 41 1231
40 42 1279
40 43 48
40 44 1279
40 45 1327
40 46 96
40 47 1327
40 48 1375
40 49 144
40 50 1375
40 51 1423
40 52 192
40 53 1423
40 54 1471
40 55 240
40 56 1471
40 57 1519
40 58 288
40 59 1519
40 60 1567
40 61 336
40 62 1567
40 63 1615
40 64 384
40 65 1615
40 66 1663
40 67 432
40 68 1663
40 69 1711
40 70 480
40 71 1711
40 72 1759
40 73 528
40 74 1759
40 75 1807
40 76 576
40 77 1807
40 78 1855
40 79 624
40 80 1855
40 81 1903
40 82 672
40 83 1903
40 84 1495
41 0 2726
41 1 1178
41 2 670
41 3 1633
41 4 609
41 5 1377
41 6 1017
41 7 2536
41 8 1870
41 9 1460
41 10 1919
41 11 1820
41 12 701
41 13 1074
41 14 324
41 15 969
41 16 2044
41 17 2574
41 18 939
41 19 748
41 20 1316
41 21 2339
41 22 1667
41 23 1893
41 24 709
41 25 1512
41 26 1344
41 27 1976
41 28 272
41 29 2365
41 30 2606
41 31 1375
41 32 144
41 33 2558
41 34 1327
41 35 96
41 36 2510
41 37 1279
41 38 48
41 39 2462
41 40 1231
41 41 0
41 42 2510
41 43 1279
41 44 48
41 45 2558
41 46 1327
41 47 96
41 48 2606
41 49 1375
41 50 144
41 51 2654
41 52 1423
41 53 192
41 54 2702
41 55 1471
41 56 240
41 57 2750
41 58 1519
41 59 288
41 60 2798
41 61 1567
41 62 336
41 63 2846
41 64 1615
41 65 384
41 66 2894
41 67 1663
41 68 432
41 69 2942
41 70 1711
41 71 480
41 72 2990
41 73 1759
41 74 528
41 75 3038
41 76 1807
41 77 576
41 78 3086
41 79 1855
41 80 624
41 81 3134
41 82 1903
41 83 672
41 84 2726
42 0 312
42 1 1620
42 2 1936
42 3 1165
42 4 1901
42 5 1325
42 6 1685
42 7 646
42 8 1696
42 9 1338
42 10 783
42 11 1074
42 12 2097
42 13 1724
42 14 2474
42 15 2789
42 16 562
42 17 320
42 18 1763
42 19 1858
42 20 1290
42 21 363
42 22 939
42 23 905
42 24 1897
42 25 1286
42 26 1838
42 27 918
