//alpha
1
//NbLocations
73
//NbProducts
36
//NbPickers
2
//CapaPicker
8
//TimeToTravelOneDistanceUnit
3
//SetupTime
5400
//PickTime
300
//Products
//Idx Location Size
1 1 1
2 2 1
3 3 1
4 4 1
5 5 1
6 6 1
7 7 1
8 8 1
9 9 1
10 10 1
11 11 1
12 12 1
13 13 1
14 14 1
15 15 1
16 16 1
17 17 1
18 18 1
19 19 1
20 20 1
21 21 1
22 22 1
23 23 1
24 24 1
25 25 1
26 26 1
27 27 1
28 28 1
29 29 1
30 30 1
31 31 1
32 32 1
33 33 1
34 34 1
35 35 1
36 36 1
//Orders
//NbOrders
6
//Idx DueDate TardinessPenalty NbProdInOrder ProdIdx1 Qty1 ProdIdx2 Qty2 ...
1 72000 0 1 1 1
2 108000 0 3 2 1 3 1 4 1
3 72000 0 8 5 1 6 1 7 1 8 1 9 1 10 1 11 1 12 1
4 90000 0 8 13 1 14 1 15 1 16 1 17 1 18 1 19 1 20 1
5 72000 0 8 21 1 22 1 23 1 24 1 25 1 26 1 27 1 28 1
6 144000 0 8 29 1 30 1 31 1 32 1 33 1 34 1 35 1 36 1
//Graph (Products are vertices indexed from 1 to NbProducts)
//NbVerticesIntersections
36
//DepartingDepot
0
//ArrivalDepot
73
//Arcs
//Start End Distance
0 37 120
1 49 440
1 50 401
2 32 169
2 66 310
3 13 13
3 56 115
4 30 195
4 71 50
5 35 221
5 44 323
6 27 117
6 72 427
7 29 91
7 38 37
8 50 206
8 51 635
9 55 63
9 56 778
10 58 310
10 59 531
11 35 221
11 43 76
12 34 52
12 67 50
13 3 13
13 57 713
14 59 297
14 60 544
15 17 650
15 36 26
16 28 169
16 29 91
17 15 650
17 65 50
18 53 336
18 54 505
19 34 403
19 68 336
20 70 141
20 71 700
21 44 401
21 45 440
22 33 104
22 69 583
23 41 50
23 42 791
24 26 26
24 61 50
25 33 39
25 68 115
26 24 26
26 62 765
27 6 117
27 30 52
28 16 169
28 39 453
29 7 91
29 16 91
30 4 195
30 27 52
31 52 128
31 53 713
32 2 169
32 65 362
33 22 104
33 25 39
34 12 52
34 19 403
35 5 221
35 11 221
36 15 26
36 64 115
37 38 841
37 40 48
37 73 120
38 7 37
38 37 841
38 41 48
39 28 453
39 42 48
40 37 48
40 41 841
40 43 48
41 23 50
41 38 48
41 40 841
41 44 48
42 23 791
42 39 48
42 45 48
43 11 76
43 40 48
43 46 48
44 5 323
44 21 401
44 41 48
44 47 48
45 21 440
45 42 48
45 48 48
46 43 48
46 47 841
46 49 48
47 44 48
47 46 841
47 48 841
47 50 48
48 45 48
48 47 841
48 51 48
49 1 440
49 46 48
49 52 48
50 1 401
50 8 206
50 47 48
50 53 48
51 8 635
51 48 48
51 54 48
52 31 128
52 49 48
52 55 48
53 18 336
53 31 713
53 50 48
53 56 48
54 18 505
54 51 48
54 57 48
55 9 63
55 52 48
55 58 48
56 3 115
56 9 778
56 53 48
56 59 48
57 13 713
57 54 48
57 60 48
58 10 310
58 55 48
58 61 48
59 10 531
59 14 297
59 56 48
59 62 48
60 14 544
60 57 48
60 63 48
61 24 50
61 58 48
61 64 48
62 26 765
62 59 48
62 63 841
62 65 48
63 60 48
63 62 841
63 66 48
64 36 115
64 61 48
64 67 48
65 17 50
65 32 362
65 62 48
65 68 48
66 2 310
66 63 48
66 69 48
67 12 50
67 64 48
67 70 48
68 19 336
68 25 115
68 65 48
68 71 48
69 22 583
69 66 48
69 72 48
70 20 141
70 67 48
71 4 50
71 20 700
71 68 48
72 6 427
72 69 48
//LocStart LocEnd ShortestPath
0 0 0
0 1 752
0 2 1924
0 3 1364
0 4 1539
0 5 734
0 6 1903
0 7 998
0 8 1359
0 9 471
0 10 766
0 11 292
0 12 650
0 13 1377
0 14 1594
0 15 693
0 16 1180
0 17 1343
0 18 1537
0 19 1105
0 20 789
0 21 1458
0 22 1699
0 23 1059
0 24 554
0 25 1556
0 26 580
0 27 1786
0 28 1349
0 29 1089
0 30 1734
0 31 488
0 32 1755
0 33 1595
0 34 702
0 35 513
0 36 667
0 37 120
0 38 961
0 39 1802
0 40 168
0 41 1009
0 42 1850
0 43 216
0 44 1057
0 45 1898
0 46 264
0 47 1105
0 48 1946
0 49 312
0 50 1153
0 51 1994
0 52 360
0 53 1201
0 54 2042
0 55 408
0 56 1249
0 57 2090
0 58 456
0 59 1297
0 60 2138
0 61 504
0 62 1345
0 63 2186
0 64 552
0 65 1393
0 66 2234
0 67 600
0 68 1441
0 69 2282
0 70 648
0 71 1489
0 72 2330
0 73 0
1 0 752
1 1 0
1 2 1172
1 3 612
1 4 787
1 5 820
1 6 1151
1 7 630
1 8 607
1 9 599
1 10 894
1 11 612
1 12 778
1 13 625
1 14 842
1 15 821
1 16 812
1 17 691
1 18 785
1 19 1025
1 20 917
1 21 898
1 22 947
1 23 595
1 24 682
1 25 804
1 26 708
1 27 1034
1 28 981
1 29 721
1 30 982
1 31 616
1 32 1003
1 33 843
1 34 830
1 35 833
1 36 795
1 37 632
1 38 593
1 39 1434
1 40 584
1 41 545
1 42 1386
1 43 536
1 44 497
1 45 1338
1 46 488
1 47 449
1 48 1290
1 49 440
1 50 401
1 51 1242
1 52 488
1 53 449
1 54 1290
1 55 536
1 56 497
1 57 1338
1 58 584
1 59 545
1 60 1386
1 61 632
1 62 593
1 63 1434
1 64 680
1 65 641
1 66 1482
1 67 728
1 68 689
1 69 1530
1 70 776
1 71 737
1 72 1578
1 73 752
2 0 1924
2 1 1172
2 2 0
2 3 790
2 4 677
2 5 1190
2 6 833
2 7 1000
2 8 977
2 9 1453
2 10 1158
2 11 1632
2 12 1370
2 13 803
2 14 924
2 15 1231
2 16 1182
2 17 581
2 18 1007
2 19 915
2 20 1327
2 21 1086
2 22 837
2 23 965
2 24 1370
2 25 694
2 26 1344
2 27 924
2 28 1195
2 29 1091
2 30 872
2 31 1436
2 32 169
2 33 733
2 34 1318
2 35 1411
2 36 1257
2 37 1804
2 38 963
2 39 742
2 40 1756
2 41 915
2 42 694
2 43 1708
2 44 867
2 45 646
2 46 1660
2 47 819
2 48 598
2 49 1612
2 50 771
2 51 550
2 52 1564
2 53 723
2 54 502
2 55 1516
2 56 675
2 57 454
2 58 1468
2 59 627
2 60 406
2 61 1420
2 62 579
2 63 358
2 64 1372
2 65 531
2 66 310
2 67 1420
2 68 579
2 69 358
2 70 1468
2 71 627
2 72 406
2 73 1924
3 0 1364
3 1 612
3 2 790
3 3 0
3 4 405
3 5 630
3 6 769
3 7 440
3 8 417
3 9 893
3 10 694
3 11 1072
3 12 1098
3 13 13
3 14 460
3 15 959
3 16 622
3 17 309
3 18 499
3 19 643
3 20 1055
3 21 708
3 22 565
3 23 405
3 24 1002
3 25 422
3 26 976
3 27 652
3 28 791
3 29 531
3 30 600
3 31 876
3 32 621
3 33 461
3 34 1046
3 35 851
3 36 985
3 37 1244
3 38 403
3 39 1014
3 40 1196
3 41 355
3 42 966
3 43 1148
3 44 307
3 45 918
3 46 1100
3 47 259
3 48 870
3 49 1052
3 50 211
3 51 822
3 52 1004
3 53 163
3 54 774
3 55 956
3 56 115
3 57 726
3 58 1004
3 59 163
3 60 774
3 61 1052
3 62 211
3 63 822
3 64 1100
3 65 259
3 66 870
3 67 1148
3 68 307
3 69 918
3 70 1196
3 71 355
3 72 966
3 73 1364
4 0 1539
4 1 787
4 2 677
4 3 405
4 4 0
4 5 805
4 6 364
4 7 615
4 8 592
4 9 1068
4 10 773
4 11 1247
4 12 889
4 13 418
4 14 539
4 15 846
4 16 797
4 17 196
4 18 674
4 19 434
4 20 750
4 21 883
4 22 356
4 23 580
4 24 985
4 25 213
4 26 959
4 27 247
4 28 966
4 29 706
4 30 195
4 31 1051
4 32 508
4 33 252
4 34 837
4 35 1026
4 36 872
4 37 1419
4 38 578
4 39 1319
4 40 1371
4 41 530
4 42 1271
4 43 1323
4 44 482
4 45 1223
4 46 1275
4 47 434
4 48 1175
4 49 1227
4 50 386
4 51 1127
4 52 1179
4 53 338
4 54 1079
4 55 1131
4 56 290
4 57 1031
4 58 1083
4 59 242
4 60 983
4 61 1035
4 62 194
4 63 935
4 64 987
4 65 146
4 66 887
4 67 939
4 68 98
4 69 839
4 70 891
4 71 50
4 72 791
4 73 1539
5 0 734
5 1 820
5 2 1190
5 3 630
5 4 805
5 5 0
5 6 1169
5 7 456
5 8 625
5 9 773
5 10 1068
5 11 442
5 12 952
5 13 643
5 14 860
5 15 995
5 16 638
5 17 709
5 18 803
5 19 1043
5 20 1091
5 21 724
5 22 965
5 23 421
5 24 856
5 25 822
5 26 882
5 27 1052
5 28 807
5 29 547
5 30 1000
5 31 790
5 32 1021
5 33 861
5 34 1004
5 35 221
5 36 969
5 37 614
5 38 419
5 39 1260
5 40 566
5 41 371
5 42 1212
5 43 518
5 44 323
5 45 1164
5 46 566
5 47 371
5 48 1212
5 49 614
5 50 419
5 51 1260
5 52 662
5 53 467
5 54 1308
5 55 710
5 56 515
5 57 1356
5 58 758
5 59 563
5 60 1404
5 61 806
5 62 611
5 63 1452
5 64 854
5 65 659
5 66 1500
5 67 902
5 68 707
5 69 1548
5 70 950
5 71 755
5 72 1596
5 73 734
6 0 1903
6 1 1151
6 2 833
6 3 769
6 4 364
6 5 1169
6 6 0
6 7 979
6 8 956
6 9 1432
6 10 1137
6 11 1611
6 12 1253
6 13 782
6 14 903
6 15 1210
6 16 1161
6 17 560
6 18 1038
6 19 798
6 20 1114
6 21 1247
6 22 720
6 23 944
6 24 1349
6 25 577
6 26 1323
6 27 117
6 28 1330
6 29 1070
6 30 169
6 31 1415
6 32 872
6 33 616
6 34 1201
6 35 1390
6 36 1236
6 37 1783
6 38 942
6 39 955
6 40 1735
6 41 894
6 42 907
6 43 1687
6 44 846
6 45 859
6 46 1639
6 47 798
6 48 811
6 49 1591
6 50 750
6 51 763
6 52 1543
6 53 702
6 54 715
6 55 1495
6 56 654
6 57 667
6 58 1447
6 59 606
6 60 619
6 61 1399
6 62 558
6 63 571
6 64 1351
6 65 510
6 66 523
6 67 1303
6 68 462
6 69 475
6 70 1255
6 71 414
6 72 427
6 73 1903
7 0 998
7 1 630
7 2 1000
7 3 440
7 4 615
7 5 456
7 6 979
7 7 0
7 8 435
7 9 1103
7 10 904
7 11 898
7 12 1308
7 13 453
7 14 670
7 15 1169
7 16 182
7 17 519
7 18 613
7 19 853
7 20 1265
7 21 534
7 22 775
7 23 135
7 24 1212
7 25 632
7 26 1186
7 27 862
7 28 351
7 29 91
7 30 810
7 31 990
7 32 831
7 33 671
7 34 1256
7 35 677
7 36 1195
7 37 878
7 38 37
7 39 804
7 40 926
7 41 85
7 42 852
7 43 974
7 44 133
7 45 900
7 46 1022
7 47 181
7 48 948
7 49 1070
7 50 229
7 51 996
7 52 1118
7 53 277
7 54 1044
7 55 1166
7 56 325
7 57 1092
7 58 1214
7 59 373
7 60 1140
7 61 1262
7 62 421
7 63 1188
7 64 1310
7 65 469
7 66 1236
7 67 1358
7 68 517
7 69 1284
7 70 1406
7 71 565
7 72 1332
7 73 998
8 0 1359
8 1 607
8 2 977
8 3 417
8 4 592
8 5 625
8 6 956
8 7 435
8 8 0
8 9 1080
8 10 881
8 11 1067
8 12 1285
8 13 430
8 14 647
8 15 1146
8 16 617
8 17 496
8 18 590
8 19 830
8 20 1242
8 21 703
8 22 752
8 23 400
8 24 1189
8 25 609
8 26 1163
8 27 839
8 28 786
8 29 526
8 30 787
8 31 967
8 32 808
8 33 648
8 34 1233
8 35 846
8 36 1172
8 37 1239
8 38 398
8 39 827
8 40 1191
8 41 350
8 42 779
8 43 1143
8 44 302
8 45 731
8 46 1095
8 47 254
8 48 683
8 49 1047
8 50 206
8 51 635
8 52 1095
8 53 254
8 54 683
8 55 1143
8 56 302
8 57 731
8 58 1191
8 59 350
8 60 779
8 61 1239
8 62 398
8 63 827
8 64 1287
8 65 446
8 66 875
8 67 1335
8 68 494
8 69 923
8 70 1383
8 71 542
8 72 971
8 73 1359
9 0 471
9 1 599
9 2 1453
9 3 893
9 4 1068
9 5 773
9 6 1432
9 7 1103
9 8 1080
9 9 0
9 10 421
9 11 331
9 12 305
9 13 906
9 14 1123
9 15 348
9 16 1285
9 17 972
9 18 1162
9 19 760
9 20 444
9 21 1371
9 22 1228
9 23 1068
9 24 209
9 25 1085
9 26 235
9 27 1315
9 28 1454
9 29 1194
9 30 1263
9 31 239
9 32 1284
9 33 1124
9 34 357
9 35 552
9 36 322
9 37 351
9 38 1066
9 39 1907
9 40 303
9 41 1018
9 42 1859
9 43 255
9 44 970
9 45 1811
9 46 207
9 47 922
9 48 1763
9 49 159
9 50 874
9 51 1715
9 52 111
9 53 826
9 54 1667
9 55 63
9 56 778
9 57 1619
9 58 111
9 59 826
9 60 1667
9 61 159
9 62 874
9 63 1715
9 64 207
9 65 922
9 66 1763
9 67 255
9 68 970
9 69 1811
9 70 303
9 71 1018
9 72 1859
9 73 471
10 0 766
10 1 894
10 2 1158
10 3 694
10 4 773
10 5 1068
10 6 1137
10 7 904
10 8 881
10 9 421
10 10 0
10 11 626
10 12 504
10 13 707
10 14 828
10 15 547
10 16 1086
10 17 677
10 18 963
10 19 959
10 20 643
10 21 1172
10 22 933
10 23 869
10 24 408
10 25 790
10 26 434
10 27 1020
10 28 1255
10 29 995
10 30 968
10 31 534
10 32 989
10 33 829
10 34 556
10 35 847
10 36 521
10 37 646
10 38 867
10 39 1708
10 40 598
10 41 819
10 42 1660
10 43 550
10 44 771
10 45 1612
10 46 502
10 47 723
10 48 1564
10 49 454
10 50 675
10 51 1516
10 52 406
10 53 627
10 54 1468
10 55 358
10 56 579
10 57 1420
10 58 310
10 59 531
10 60 1372
10 61 358
10 62 579
10 63 1420
10 64 406
10 65 627
10 66 1468
10 67 454
10 68 675
10 69 1516
10 70 502
10 71 723
10 72 1564
10 73 766
11 0 292
11 1 612
11 2 1632
11 3 1072
11 4 1247
11 5 442
11 6 1611
11 7 898
11 8 1067
11 9 331
11 10 626
11 11 0
11 12 510
11 13 1085
11 14 1302
11 15 553
11 16 1080
11 17 1151
11 18 1245
11 19 965
11 20 649
11 21 1166
11 22 1407
11 23 863
11 24 414
11 25 1264
11 26 440
11 27 1494
11 28 1249
11 29 989
11 30 1442
11 31 348
11 32 1463
11 33 1303
11 34 562
11 35 221
11 36 527
11 37 172
11 38 861
11 39 1702
11 40 124
11 41 813
11 42 1654
11 43 76
11 44 765
11 45 1606
11 46 124
11 47 813
11 48 1654
11 49 172
11 50 861
11 51 1702
11 52 220
11 53 909
11 54 1750
11 55 268
11 56 957
11 57 1798
11 58 316
11 59 1005
11 60 1846
11 61 364
11 62 1053
11 63 1894
11 64 412
11 65 1101
11 66 1942
11 67 460
11 68 1149
11 69 1990
11 70 508
11 71 1197
11 72 2038
11 73 292
12 0 650
12 1 778
12 2 1370
12 3 1098
12 4 889
12 5 952
12 6 1253
12 7 1308
12 8 1285
12 9 305
12 10 504
12 11 510
12 12 0
12 13 1111
12 14 1232
12 15 239
12 16 1490
12 17 889
12 18 1367
12 19 455
12 20 239
12 21 1576
12 22 1049
12 23 1273
12 24 196
12 25 906
12 26 222
12 27 1136
12 28 1659
12 29 1399
12 30 1084
12 31 418
12 32 1201
12 33 945
12 34 52
12 35 731
12 36 213
12 37 530
12 38 1271
12 39 2112
12 40 482
12 41 1223
12 42 2064
12 43 434
12 44 1175
12 45 2016
12 46 386
12 47 1127
12 48 1968
12 49 338
12 50 1079
12 51 1920
12 52 290
12 53 1031
12 54 1872
12 55 242
12 56 983
12 57 1824
12 58 194
12 59 935
12 60 1776
12 61 146
12 62 887
12 63 1728
12 64 98
12 65 839
12 66 1680
12 67 50
12 68 791
12 69 1632
12 70 98
12 71 839
12 72 1680
12 73 650
13 0 1377
13 1 625
13 2 803
13 3 13
13 4 418
13 5 643
13 6 782
13 7 453
13 8 430
13 9 906
13 10 707
13 11 1085
13 12 1111
13 13 0
13 14 473
13 15 972
13 16 635
13 17 322
13 18 512
13 19 656
13 20 1068
13 21 721
13 22 578
13 23 418
13 24 1015
13 25 435
13 26 989
13 27 665
13 28 804
13 29 544
13 30 613
13 31 889
13 32 634
13 33 474
13 34 1059
13 35 864
13 36 998
13 37 1257
13 38 416
13 39 1001
13 40 1209
13 41 368
13 42 953
13 43 1161
13 44 320
13 45 905
13 46 1113
13 47 272
13 48 857
13 49 1065
13 50 224
13 51 809
13 52 1017
13 53 176
13 54 761
13 55 969
13 56 128
13 57 713
13 58 1017
13 59 176
13 60 761
13 61 1065
13 62 224
13 63 809
13 64 1113
13 65 272
13 66 857
13 67 1161
13 68 320
13 69 905
13 70 1209
13 71 368
13 72 953
13 73 1377
14 0 1594
14 1 842
14 2 924
14 3 460
14 4 539
14 5 860
14 6 903
14 7 670
14 8 647
14 9 1123
14 10 828
14 11 1302
14 12 1232
14 13 473
14 14 0
14 15 1093
14 16 852
14 17 443
14 18 729
14 19 777
14 20 1189
14 21 938
14 22 699
14 23 635
14 24 1136
14 25 556
14 26 1110
14 27 786
14 28 1021
14 29 761
14 30 734
14 31 1106
14 32 755
14 33 595
14 34 1180
14 35 1081
14 36 1119
14 37 1474
14 38 633
14 39 880
14 40 1426
14 41 585
14 42 832
14 43 1378
14 44 537
14 45 784
14 46 1330
14 47 489
14 48 736
14 49 1282
14 50 441
14 51 688
14 52 1234
14 53 393
14 54 640
14 55 1186
14 56 345
14 57 592
14 58 1138
14 59 297
14 60 544
14 61 1186
14 62 345
14 63 592
14 64 1234
14 65 393
14 66 640
14 67 1282
14 68 441
14 69 688
14 70 1330
14 71 489
14 72 736
14 73 1594
15 0 693
15 1 821
15 2 1231
15 3 959
15 4 846
15 5 995
15 6 1210
15 7 1169
15 8 1146
15 9 348
15 10 547
15 11 553
15 12 239
15 13 972
15 14 1093
15 15 0
15 16 1351
15 17 650
15 18 1228
15 19 694
15 20 378
15 21 1437
15 22 1006
15 23 1134
15 24 239
15 25 863
15 26 265
15 27 1093
15 28 1520
15 29 1260
15 30 1041
15 31 461
15 32 1062
15 33 902
15 34 291
15 35 774
15 36 26
15 37 573
15 38 1132
15 39 1973
15 40 525
15 41 1084
15 42 1925
15 43 477
15 44 1036
15 45 1877
15 46 429
15 47 988
15 48 1829
15 49 381
15 50 940
15 51 1781
15 52 333
15 53 892
15 54 1733
15 55 285
15 56 844
15 57 1685
15 58 237
15 59 796
15 60 1637
15 61 189
15 62 748
15 63 1589
15 64 141
15 65 700
15 66 1541
15 67 189
15 68 748
15 69 1589
15 70 237
15 71 796
15 72 1637
15 73 693
16 0 1180
16 1 812
16 2 1182
16 3 622
16 4 797
16 5 638
16 6 1161
16 7 182
16 8 617
16 9 1285
16 10 1086
16 11 1080
16 12 1490
16 13 635
16 14 852
16 15 1351
16 16 0
16 17 701
16 18 795
16 19 1035
16 20 1447
16 21 716
16 22 957
16 23 317
16 24 1394
16 25 814
16 26 1368
16 27 1044
16 28 169
16 29 91
16 30 992
16 31 1172
16 32 1013
16 33 853
16 34 1438
16 35 859
16 36 1377
16 37 1060
16 38 219
16 39 622
16 40 1108
16 41 267
16 42 670
16 43 1156
16 44 315
16 45 718
16 46 1204
16 47 363
16 48 766
16 49 1252
16 50 411
16 51 814
16 52 1300
16 53 459
16 54 862
16 55 1348
16 56 507
16 57 910
16 58 1396
16 59 555
16 60 958
16 61 1444
16 62 603
16 63 1006
16 64 1492
16 65 651
16 66 1054
16 67 1540
16 68 699
16 69 1102
16 70 1588
16 71 747
16 72 1150
16 73 1180
17 0 1343
17 1 691
17 2 581
17 3 309
17 4 196
17 5 709
17 6 560
17 7 519
17 8 496
17 9 972
17 10 677
17 11 1151
17 12 889
17 13 322
17 14 443
17 15 650
17 16 701
17 17 0
17 18 578
17 19 434
17 20 846
17 21 787
17 22 356
17 23 484
17 24 889
17 25 213
17 26 863
17 27 443
17 28 870
17 29 610
17 30 391
17 31 955
17 32 412
17 33 252
17 34 837
17 35 930
17 36 676
17 37 1223
17 38 482
17 39 1323
17 40 1175
17 41 434
17 42 1275
17 43 1127
17 44 386
17 45 1227
17 46 1079
17 47 338
17 48 1179
17 49 1031
17 50 290
17 51 1131
17 52 983
17 53 242
17 54 1083
17 55 935
17 56 194
17 57 1035
17 58 887
17 59 146
17 60 987
17 61 839
17 62 98
17 63 939
17 64 791
17 65 50
17 66 891
17 67 839
17 68 98
17 69 939
17 70 887
17 71 146
17 72 987
17 73 1343
18 0 1537
18 1 785
18 2 1007
18 3 499
18 4 674
18 5 803
18 6 1038
18 7 613
18 8 590
18 9 1162
18 10 963
18 11 1245
18 12 1367
18 13 512
18 14 729
18 15 1228
18 16 795
18 17 578
18 18 0
18 19 912
18 20 1324
18 21 881
18 22 834
18 23 578
18 24 1271
18 25 691
18 26 1245
18 27 921
18 28 964
18 29 704
18 30 869
18 31 1049
18 32 890
18 33 730
18 34 1315
18 35 1024
18 36 1254
18 37 1417
18 38 576
18 39 745
18 40 1369
18 41 528
18 42 697
18 43 1321
18 44 480
18 45 649
18 46 1273
18 47 432
18 48 601
18 49 1225
18 50 384
18 51 553
18 52 1177
18 53 336
18 54 505
18 55 1225
18 56 384
18 57 553
18 58 1273
18 59 432
18 60 601
18 61 1321
18 62 480
18 63 649
18 64 1369
18 65 528
18 66 697
18 67 1417
18 68 576
18 69 745
18 70 1465
18 71 624
18 72 793
18 73 1537
19 0 1105
19 1 1025
19 2 915
19 3 643
19 4 434
19 5 1043
19 6 798
19 7 853
19 8 830
19 9 760
19 10 959
19 11 965
19 12 455
19 13 656
19 14 777
19 15 694
19 16 1035
19 17 434
19 18 912
19 19 0
19 20 694
19 21 1121
19 22 594
19 23 818
19 24 651
19 25 451
19 26 677
19 27 681
19 28 1204
19 29 944
19 30 629
19 31 873
19 32 746
19 33 490
19 34 403
19 35 1186
19 36 668
19 37 985
19 38 816
19 39 1657
19 40 937
19 41 768
19 42 1609
19 43 889
19 44 720
19 45 1561
19 46 841
19 47 672
19 48 1513
19 49 793
19 50 624
19 51 1465
19 52 745
19 53 576
19 54 1417
19 55 697
19 56 528
19 57 1369
19 58 649
19 59 480
19 60 1321
19 61 601
19 62 432
19 63 1273
19 64 553
19 65 384
19 66 1225
19 67 505
19 68 336
19 69 1177
19 70 553
19 71 384
19 72 1225
19 73 1105
20 0 789
20 1 917
20 2 1327
20 3 1055
20 4 750
20 5 1091
20 6 1114
20 7 1265
20 8 1242
20 9 444
20 10 643
20 11 649
20 12 239
20 13 1068
20 14 1189
20 15 378
20 16 1447
20 17 846
20 18 1324
20 19 694
20 20 0
20 21 1533
20 22 1006
20 23 1230
20 24 335
20 25 863
20 26 361
20 27 997
20 28 1616
20 29 1356
20 30 945
20 31 557
20 32 1158
20 33 902
20 34 291
20 35 870
20 36 352
20 37 669
20 38 1228
20 39 2069
20 40 621
20 41 1180
20 42 2021
20 43 573
20 44 1132
20 45 1973
20 46 525
20 47 1084
20 48 1925
20 49 477
20 50 1036
20 51 1877
20 52 429
20 53 988
20 54 1829
20 55 381
20 56 940
20 57 1781
20 58 333
20 59 892
20 60 1733
20 61 285
20 62 844
20 63 1685
20 64 237
20 65 796
20 66 1637
20 67 189
20 68 748
20 69 1589
20 70 141
20 71 700
20 72 1541
20 73 789
21 0 1458
21 1 898
21 2 1086
21 3 708
21 4 883
21 5 724
21 6 1247
21 7 534
21 8 703
21 9 1371
21 10 1172
21 11 1166
21 12 1576
21 13 721
21 14 938
21 15 1437
21 16 716
21 17 787
21 18 881
21 19 1121
21 20 1533
21 21 0
21 22 1043
21 23 499
21 24 1480
21 25 900
21 26 1454
21 27 1130
21 28 885
21 29 625
21 30 1078
21 31 1258
21 32 1099
21 33 939
21 34 1524
21 35 945
21 36 1463
21 37 1338
21 38 497
21 39 536
21 40 1290
21 41 449
21 42 488
21 43 1242
21 44 401
21 45 440
21 46 1290
21 47 449
21 48 488
21 49 1338
21 50 497
21 51 536
21 52 1386
21 53 545
21 54 584
21 55 1434
21 56 593
21 57 632
21 58 1482
21 59 641
21 60 680
21 61 1530
21 62 689
21 63 728
21 64 1578
21 65 737
21 66 776
21 67 1626
21 68 785
21 69 824
21 70 1674
21 71 833
21 72 872
21 73 1458
22 0 1699
22 1 947
22 2 837
22 3 565
22 4 356
22 5 965
22 6 720
22 7 775
22 8 752
22 9 1228
22 10 933
22 11 1407
22 12 1049
22 13 578
22 14 699
22 15 1006
22 16 957
22 17 356
22 18 834
22 19 594
22 20 1006
22 21 1043
22 22 0
22 23 740
22 24 1145
22 25 143
22 26 1119
22 27 603
22 28 1126
22 29 866
22 30 551
22 31 1211
22 32 668
22 33 104
22 34 997
22 35 1186
22 36 1032
22 37 1579
22 38 738
22 39 1063
22 40 1531
22 41 690
22 42 1015
22 43 1483
22 44 642
22 45 967
22 46 1435
22 47 594
22 48 919
22 49 1387
22 50 546
22 51 871
22 52 1339
22 53 498
22 54 823
22 55 1291
22 56 450
22 57 775
22 58 1243
22 59 402
22 60 727
22 61 1195
22 62 354
22 63 679
22 64 1147
22 65 306
22 66 631
22 67 1099
22 68 258
22 69 583
22 70 1147
22 71 306
22 72 631
22 73 1699
23 0 1059
23 1 595
23 2 965
23 3 405
23 4 580
23 5 421
23 6 944
23 7 135
23 8 400
23 9 1068
23 10 869
23 11 863
23 12 1273
23 13 418
23 14 635
23 15 1134
23 16 317
23 17 484
23 18 578
23 19 818
23 20 1230
23 21 499
23 22 740
23 23 0
23 24 1177
23 25 597
23 26 1151
23 27 827
23 28 486
23 29 226
23 30 775
23 31 955
23 32 796
23 33 636
23 34 1221
23 35 642
23 36 1160
23 37 939
23 38 98
23 39 839
23 40 891
23 41 50
23 42 791
23 43 939
23 44 98
23 45 839
23 46 987
23 47 146
23 48 887
23 49 1035
23 50 194
23 51 935
23 52 1083
23 53 242
23 54 983
23 55 1131
23 56 290
23 57 1031
23 58 1179
23 59 338
23 60 1079
23 61 1227
23 62 386
23 63 1127
23 64 1275
23 65 434
23 66 1175
23 67 1323
23 68 482
23 69 1223
23 70 1371
23 71 530
23 72 1271
23 73 1059
24 0 554
24 1 682
24 2 1370
24 3 1002
24 4 985
24 5 856
24 6 1349
24 7 1212
24 8 1189
24 9 209
24 10 408
24 11 414
24 12 196
24 13 1015
24 14 1136
24 15 239
24 16 1394
24 17 889
24 18 1271
24 19 651
24 20 335
24 21 1480
24 22 1145
24 23 1177
24 24 0
24 25 1002
24 26 26
24 27 1232
24 28 1563
24 29 1303
24 30 1180
24 31 322
24 32 1201
24 33 1041
24 34 248
24 35 635
24 36 213
24 37 434
24 38 1175
24 39 2016
24 40 386
24 41 1127
24 42 1968
24 43 338
24 44 1079
24 45 1920
24 46 290
24 47 1031
24 48 1872
24 49 242
24 50 983
24 51 1824
24 52 194
24 53 935
24 54 1776
24 55 146
24 56 887
24 57 1728
24 58 98
24 59 839
24 60 1680
24 61 50
24 62 791
24 63 1632
24 64 98
24 65 839
24 66 1680
24 67 146
24 68 887
24 69 1728
24 70 194
24 71 935
24 72 1776
24 73 554
25 0 1556
25 1 804
25 2 694
25 3 422
25 4 213
25 5 822
25 6 577
25 7 632
25 8 609
25 9 1085
25 10 790
25 11 1264
25 12 906
25 13 435
25 14 556
25 15 863
25 16 814
25 17 213
25 18 691
25 19 451
25 20 863
25 21 900
25 22 143
25 23 597
25 24 1002
25 25 0
25 26 976
25 27 460
25 28 983
25 29 723
25 30 408
25 31 1068
25 32 525
25 33 39
25 34 854
25 35 1043
25 36 889
25 37 1436
25 38 595
25 39 1206
25 40 1388
25 41 547
25 42 1158
25 43 1340
25 44 499
25 45 1110
25 46 1292
25 47 451
25 48 1062
25 49 1244
25 50 403
25 51 1014
25 52 1196
25 53 355
25 54 966
25 55 1148
25 56 307
25 57 918
25 58 1100
25 59 259
25 60 870
25 61 1052
25 62 211
25 63 822
25 64 1004
25 65 163
25 66 774
25 67 956
25 68 115
25 69 726
25 70 1004
25 71 163
25 72 774
25 73 1556
26 0 580
26 1 708
26 2 1344
26 3 976
26 4 959
26 5 882
26 6 1323
26 7 1186
26 8 1163
26 9 235
26 10 434
26 11 440
26 12 222
26 13 989
26 14 1110
26 15 265
26 16 1368
26 17 863
26 18 1245
26 19 677
26 20 361
26 21 1454
26 22 1119
26 23 1151
26 24 26
26 25 976
26 26 0
26 27 1206
26 28 1537
26 29 1277
26 30 1154
26 31 348
26 32 1175
26 33 1015
26 34 274
26 35 661
26 36 239
26 37 460
26 38 1149
26 39 1990
26 40 412
26 41 1101
26 42 1942
26 43 364
26 44 1053
26 45 1894
26 46 316
26 47 1005
26 48 1846
26 49 268
26 50 957
26 51 1798
26 52 220
26 53 909
26 54 1750
26 55 172
26 56 861
26 57 1702
26 58 124
26 59 813
26 60 1654
26 61 76
26 62 765
26 63 1606
26 64 124
26 65 813
26 66 1654
26 67 172
26 68 861
26 69 1702
26 70 220
26 71 909
26 72 1750
26 73 580
27 0 1786
27 1 1034
27 2 924
27 3 652
27 4 247
27 5 1052
27 6 117
27 7 862
27 8 839
27 9 1315
27 10 1020
27 11 1494
27 12 1136
27 13 665
27 14 786
27 15 1093
27 16 1044
27 17 443
27 18 921
27 19 681
27 20 997
27 21 1130
27 22 603
27 23 827
27 24 1232
27 25 460
27 26 1206
27 27 0
27 28 1213
27 29 953
27 30 52
27 31 1298
27 32 755
27 33 499
27 34 1084
27 35 1273
27 36 1119
27 37 1666
27 38 825
27 39 1072
27 40 1618
27 41 777
27 42 1024
27 43 1570
27 44 729
27 45 976
27 46 1522
27 47 681
27 48 928
27 49 1474
27 50 633
27 51 880
27 52 1426
27 53 585
27 54 832
27 55 1378
27 56 537
27 57 784
27 58 1330
27 59 489
27 60 736
27 61 1282
27 62 441
27 63 688
27 64 1234
27 65 393
27 66 640
27 67 1186
27 68 345
27 69 592
27 70 1138
27 71 297
27 72 544
27 73 1786
28 0 1349
28 1 981
28 2 1195
28 3 791
28 4 966
28 5 807
28 6 1330
28 7 351
28 8 786
28 9 1454
28 10 1255
28 11 1249
28 12 1659
28 13 804
28 14 1021
28 15 1520
28 16 169
28 17 870
28 18 964
28 19 1204
28 20 1616
28 21 885
28 22 1126
28 23 486
28 24 1563
28 25 983
28 26 1537
28 27 1213
28 28 0
28 29 260
28 30 1161
28 31 1341
28 32 1182
28 33 1022
28 34 1607
28 35 1028
28 36 1546
28 37 1229
28 38 388
28 39 453
28 40 1277
28 41 436
28 42 501
28 43 1325
28 44 484
28 45 549
28 46 1373
28 47 532
28 48 597
28 49 1421
28 50 580
28 51 645
28 52 1469
28 53 628
28 54 693
28 55 1517
28 56 676
28 57 741
28 58 1565
28 59 724
28 60 789
28 61 1613
28 62 772
28 63 837
28 64 1661
28 65 820
28 66 885
28 67 1709
28 68 868
28 69 933
28 70 1757
28 71 916
28 72 981
28 73 1349
29 0 1089
29 1 721
29 2 1091
29 3 531
29 4 706
29 5 547
29 6 1070
29 7 91
29 8 526
29 9 1194
29 10 995
29 11 989
29 12 1399
29 13 544
29 14 761
29 15 1260
29 16 91
29 17 610
29 18 704
29 19 944
29 20 1356
29 21 625
29 22 866
29 23 226
29 24 1303
29 25 723
29 26 1277
29 27 953
29 28 260
29 29 0
29 30 901
29 31 1081
29 32 922
29 33 762
29 34 1347
29 35 768
29 36 1286
29 37 969
29 38 128
29 39 713
29 40 1017
29 41 176
29 42 761
29 43 1065
29 44 224
29 45 809
29 46 1113
29 47 272
29 48 857
29 49 1161
29 50 320
29 51 905
29 52 1209
29 53 368
29 54 953
29 55 1257
29 56 416
29 57 1001
29 58 1305
29 59 464
29 60 1049
29 61 1353
29 62 512
29 63 1097
29 64 1401
29 65 560
29 66 1145
29 67 1449
29 68 608
29 69 1193
29 70 1497
29 71 656
29 72 1241
29 73 1089
30 0 1734
30 1 982
30 2 872
30 3 600
30 4 195
30 5 1000
30 6 169
30 7 810
30 8 787
30 9 1263
30 10 968
30 11 1442
30 12 1084
30 13 613
30 14 734
30 15 1041
30 16 992
30 17 391
30 18 869
30 19 629
30 20 945
30 21 1078
30 22 551
30 23 775
30 24 1180
30 25 408
30 26 1154
30 27 52
30 28 1161
30 29 901
30 30 0
30 31 1246
30 32 703
30 33 447
30 34 1032
30 35 1221
30 36 1067
30 37 1614
30 38 773
30 39 1124
30 40 1566
30 41 725
30 42 1076
30 43 1518
30 44 677
30 45 1028
30 46 1470
30 47 629
30 48 980
30 49 1422
30 50 581
30 51 932
30 52 1374
30 53 533
30 54 884
30 55 1326
30 56 485
30 57 836
30 58 1278
30 59 437
30 60 788
30 61 1230
30 62 389
30 63 740
30 64 1182
30 65 341
30 66 692
30 67 1134
30 68 293
30 69 644
30 70 1086
30 71 245
30 72 596
30 73 1734
31 0 488
31 1 616
31 2 1436
31 3 876
31 4 1051
31 5 790
31 6 1415
31 7 990
31 8 967
31 9 239
31 10 534
31 11 348
31 12 418
31 13 889
31 14 1106
31 15 461
31 16 1172
31 17 955
31 18 1049
31 19 873
31 20 557
31 21 1258
31 22 1211
31 23 955
31 24 322
31 25 1068
31 26 348
31 27 1298
31 28 1341
31 29 1081
31 30 1246
31 31 0
31 32 1267
31 33 1107
31 34 470
31 35 569
31 36 435
31 37 368
31 38 953
31 39 1794
31 40 320
31 41 905
31 42 1746
31 43 272
31 44 857
31 45 1698
31 46 224
31 47 809
31 48 1650
31 49 176
31 50 761
31 51 1602
31 52 128
31 53 713
31 54 1554
31 55 176
31 56 761
31 57 1602
31 58 224
31 59 809
31 60 1650
31 61 272
31 62 857
31 63 1698
31 64 320
31 65 905
31 66 1746
31 67 368
31 68 953
31 69 1794
31 70 416
31 71 1001
31 72 1842
31 73 488
32 0 1755
32 1 1003
32 2 169
32 3 621
32 4 508
32 5 1021
32 6 872
32 7 831
32 8 808
32 9 1284
32 10 989
32 11 1463
32 12 1201
32 13 634
32 14 755
32 15 1062
32 16 1013
32 17 412
32 18 890
32 19 746
32 20 1158
32 21 1099
32 22 668
32 23 796
32 24 1201
32 25 525
32 26 1175
32 27 755
32 28 1182
32 29 922
32 30 703
32 31 1267
32 32 0
32 33 564
32 34 1149
32 35 1242
32 36 1088
32 37 1635
32 38 794
32 39 911
32 40 1587
32 41 746
32 42 863
32 43 1539
32 44 698
32 45 815
32 46 1491
32 47 650
32 48 767
32 49 1443
32 50 602
32 51 719
32 52 1395
32 53 554
32 54 671
32 55 1347
32 56 506
32 57 623
32 58 1299
32 59 458
32 60 575
32 61 1251
32 62 410
32 63 527
32 64 1203
32 65 362
32 66 479
32 67 1251
32 68 410
32 69 527
32 70 1299
32 71 458
32 72 575
32 73 1755
33 0 1595
33 1 843
33 2 733
33 3 461
33 4 252
33 5 861
33 6 616
33 7 671
33 8 648
33 9 1124
33 10 829
33 11 1303
33 12 945
33 13 474
33 14 595
33 15 902
33 16 853
33 17 252
33 18 730
33 19 490
33 20 902
33 21 939
33 22 104
33 23 636
33 24 1041
33 25 39
33 26 1015
33 27 499
33 28 1022
33 29 762
33 30 447
33 31 1107
33 32 564
33 33 0
33 34 893
33 35 1082
33 36 928
33 37 1475
33 38 634
33 39 1167
33 40 1427
33 41 586
33 42 1119
33 43 1379
33 44 538
33 45 1071
33 46 1331
33 47 490
33 48 1023
33 49 1283
33 50 442
33 51 975
33 52 1235
33 53 394
33 54 927
33 55 1187
33 56 346
33 57 879
33 58 1139
33 59 298
33 60 831
33 61 1091
33 62 250
33 63 783
33 64 1043
33 65 202
33 66 735
33 67 995
33 68 154
33 69 687
33 70 1043
33 71 202
33 72 735
33 73 1595
34 0 702
34 1 830
34 2 1318
34 3 1046
34 4 837
34 5 1004
34 6 1201
34 7 1256
34 8 1233
34 9 357
34 10 556
34 11 562
34 12 52
34 13 1059
34 14 1180
34 15 291
34 16 1438
34 17 837
34 18 1315
34 19 403
34 20 291
34 21 1524
34 22 997
34 23 1221
34 24 248
34 25 854
34 26 274
34 27 1084
34 28 1607
34 29 1347
34 30 1032
34 31 470
34 32 1149
34 33 893
34 34 0
34 35 783
34 36 265
34 37 582
34 38 1219
34 39 2060
34 40 534
34 41 1171
34 42 2012
34 43 486
34 44 1123
34 45 1964
34 46 438
34 47 1075
34 48 1916
34 49 390
34 50 1027
34 51 1868
34 52 342
34 53 979
34 54 1820
34 55 294
34 56 931
34 57 1772
34 58 246
34 59 883
34 60 1724
34 61 198
34 62 835
34 63 1676
34 64 150
34 65 787
34 66 1628
34 67 102
34 68 739
34 69 1580
34 70 150
34 71 787
34 72 1628
34 73 702
35 0 513
35 1 833
35 2 1411
35 3 851
35 4 1026
35 5 221
35 6 1390
35 7 677
35 8 846
35 9 552
35 10 847
35 11 221
35 12 731
35 13 864
35 14 1081
35 15 774
35 16 859
35 17 930
35 18 1024
35 19 1186
35 20 870
35 21 945
35 22 1186
35 23 642
35 24 635
35 25 1043
35 26 661
35 27 1273
35 28 1028
35 29 768
35 30 1221
35 31 569
35 32 1242
35 33 1082
35 34 783
35 35 0
35 36 748
35 37 393
35 38 640
35 39 1481
35 40 345
35 41 592
35 42 1433
35 43 297
35 44 544
35 45 1385
35 46 345
35 47 592
35 48 1433
35 49 393
35 50 640
35 51 1481
35 52 441
35 53 688
35 54 1529
35 55 489
35 56 736
35 57 1577
35 58 537
35 59 784
35 60 1625
35 61 585
35 62 832
35 63 1673
35 64 633
35 65 880
35 66 1721
35 67 681
35 68 928
35 69 1769
35 70 729
35 71 976
35 72 1817
35 73 513
36 0 667
36 1 795
36 2 1257
36 3 985
36 4 872
36 5 969
36 6 1236
36 7 1195
36 8 1172
36 9 322
36 10 521
36 11 527
36 12 213
36 13 998
36 14 1119
36 15 26
36 16 1377
36 17 676
36 18 1254
36 19 668
36 20 352
36 21 1463
36 22 1032
36 23 1160
36 24 213
36 25 889
36 26 239
36 27 1119
36 28 1546
36 29 1286
36 30 1067
36 31 435
36 32 1088
36 33 928
36 34 265
36 35 748
36 36 0
36 37 547
36 38 1158
36 39 1999
36 40 499
36 41 1110
36 42 1951
36 43 451
36 44 1062
36 45 1903
36 46 403
36 47 1014
36 48 1855
36 49 355
36 50 966
36 51 1807
36 52 307
36 53 918
36 54 1759
36 55 259
36 56 870
36 57 1711
36 58 211
36 59 822
36 60 1663
36 61 163
36 62 774
36 63 1615
36 64 115
36 65 726
36 66 1567
36 67 163
36 68 774
36 69 1615
36 70 211
36 71 822
36 72 1663
36 73 667
37 0 120
37 1 632
37 2 1804
37 3 1244
37 4 1419
37 5 614
37 6 1783
37 7 878
37 8 1239
37 9 351
37 10 646
37 11 172
37 12 530
37 13 1257
37 14 1474
37 15 573
37 16 1060
37 17 1223
37 18 1417
37 19 985
37 20 669
37 21 1338
37 22 1579
37 23 939
37 24 434
37 25 1436
37 26 460
37 27 1666
37 28 1229
37 29 969
37 30 1614
37 31 368
37 32 1635
37 33 1475
37 34 582
37 35 393
37 36 547
37 37 0
37 38 841
37 39 1682
37 40 48
37 41 889
37 42 1730
37 43 96
37 44 937
37 45 1778
37 46 144
37 47 985
37 48 1826
37 49 192
37 50 1033
37 51 1874
37 52 240
37 53 1081
37 54 1922
37 55 288
37 56 1129
37 57 1970
37 58 336
37 59 1177
37 60 2018
37 61 384
37 62 1225
37 63 2066
37 64 432
37 65 1273
37 66 2114
37 67 480
37 68 1321
37 69 2162
37 70 528
37 71 1369
37 72 2210
37 73 120
38 0 961
38 1 593
38 2 963
38 3 403
38 4 578
38 5 419
38 6 942
38 7 37
38 8 398
38 9 1066
38 10 867
38 11 861
38 12 1271
38 13 416
38 14 633
38 15 1132
38 16 219
38 17 482
38 18 576
38 19 816
38 20 1228
38 21 497
38 22 738
38 23 98
38 24 1175
38 25 595
38 26 1149
38 27 825
38 28 388
38 29 128
38 30 773
38 31 953
38 32 794
38 33 634
38 34 1219
38 35 640
38 36 1158
38 37 841
38 38 0
38 39 841
38 40 889
38 41 48
38 42 889
38 43 937
38 44 96
38 45 937
38 46 985
38 47 144
38 48 985
38 49 1033
38 50 192
38 51 1033
38 52 1081
38 53 240
38 54 1081
38 55 1129
38 56 288
38 57 1129
38 58 1177
38 59 336
38 60 1177
38 61 1225
38 62 384
38 63 1225
38 64 1273
38 65 432
38 66 1273
38 67 1321
38 68 480
38 69 1321
38 70 1369
38 71 528
38 72 1369
38 73 961
39 0 1802
39 1 1434
39 2 742
39 3 1014
39 4 1319
39 5 1260
39 6 955
39 7 804
39 8 827
39 9 1907
39 10 1708
39 11 1702
39 12 2112
39 13 1001
39 14 880
39 15 1973
39 16 622
39 17 1323
39 18 745
39 19 1657
39 20 2069
39 21 536
39 22 1063
39 23 839
39 24 2016
39 25 1206
39 26 1990
39 27 1072
39 28 453
39 29 713
39 30 1124
39 31 1794
39 32 911
39 33 1167
39 34 2060
39 35 1481
39 36 1999
39 37 1682
39 38 841
39 39 0
39 40 1730
39 41 889
39 42 48
39 43 1778
39 44 937
39 45 96
39 46 1826
39 47 985
39 48 144
39 49 1874
39 50 1033
39 51 192
39 52 1922
39 53 1081
39 54 240
39 55 1970
39 56 1129
39 57 288
39 58 2018
39 59 1177
39 60 336
39 61 2066
39 62 1225
39 63 384
39 64 2114
39 65 1273
39 66 432
39 67 2162
39 68 1321
39 69 480
39 70 2210
39 71 1369
39 72 528
39 73 1802
40 0 168
40 1 584
40 2 1756
40 3 1196
40 4 1371
40 5 566
40 6 1735
40 7 926
40 8 1191
40 9 303
40 10 598
40 11 124
40 12 482
40 13 1209
40 14 1426
40 15 525
40 16 1108
40 17 1175
40 18 1369
40 19 937
40 20 621
40 21 1290
40 22 1531
40 23 891
40 24 386
40 25 1388
40 26 412
40 27 1618
40 28 1277
40 29 1017
40 30 1566
40 31 320
40 32 1587
40 33 1427
40 34 534
40 35 345
40 36 499
40 37 48
40 38 889
40 39 1730
40 40 0
40 41 841
40 42 1682
40 43 48
40 44 889
40 45 1730
40 46 96
40 47 937
40 48 1778
40 49 144
40 50 985
40 51 1826
40 52 192
40 53 1033
40 54 1874
40 55 240
40 56 1081
40 57 1922
40 58 288
40 59 1129
40 60 1970
40 61 336
40 62 1177
40 63 2018
40 64 384
40 65 1225
40 66 2066
40 67 432
40 68 1273
40 69 2114
40 70 480
40 71 1321
40 72 2162
40 73 168
41 0 1009
41 1 545
41 2 915
41 3 355
41 4 530
41 5 371
41 6 894
41 7 85
41 8 350
41 9 1018
41 10 819
41 11 813
41 12 1223
41 13 368
41 14 585
41 15 1084
41 16 267
41 17 434
41 18 528
41 19 768
41 20 1180
41 21 449
41 22 690
41 23 50
41 24 1127
41 25 547
41 26 1101
41 27 777
41 28 436
41 29 176
41 30 725
41 31 905
41 32 746
41 33 586
41 34 1171
41 35 592
41 36 1110
41 37 889
41 38 48
41 39 889
41 40 841
41 41 0
41 42 841
41 43 889
41 44 48
41 45 889
41 46 937
41 47 96
41 48 937
41 49 985
41 50 144
41 51 985
41 52 1033
41 53 192
41 54 1033
41 55 1081
41 56 240
41 57 1081
41 58 1129
41 59 288
41 60 1129
41 61 1177
41 62 336
41 63 1177
41 64 1225
41 65 384
41 66 1225
41 67 1273
41 68 432
41 69 1273
41 70 1321
41 71 480
41 72 1321
41 73 1009
42 0 1850
42 1 1386
42 2 694
42 3 966
42 4 1271
42 5 1212
42 6 907
42 7 852
42 8 779
42 9 1859
42 10 1660
42 11 1654
42 12 2064
42 13 953
42 14 832
42 15 1925
42 16 670
42 17 1275
42 18 697
42 19 1609
42 20 2021
42 21 488
42 22 1015
42 23 791
42 24 1968
42 25 1158
42 26 1942
42 27 1024
42 28 501
42 29 761
42 30 1076
42 31 1746
42 32 863
42 33 1119
42 34 2012
42 35 1433
42 36 1951
42 37 1730
42 38 889
42 39 48
42 40 1682
42 41 841
42 42 0
42 43 1730
42 44 889
42 45 48
42 46 1778
42 47 937
42 48 96
42 49 1826
42 50 985
42 51 144
42 52 1874
42 53 1033
42 54 192
42 55 1922
42 56 1081
42 57 240
42 58 1970
42 59 1129
42 60 288
42 61 2018
42 62 1177
42 63 336
42 64 2066
42 65 1225
42 66 384
42 67 2114
42 68 1273
42 69 432
42 70 2162
42 71 1321
42 72 480
42 73 1850
43 0 216
43 1 536
43 2 1708
43 3 1148
43 4 1323
43 5 518
43 6 1687
43 7 974
43 8 1143
43 9 255
43 10 550
43 11 76
43 12 434
43 13 1161
43 14 1378
43 15 477
43 16 1156
43 17 1127
43 18 1321
43 19 889
43 20 573
43 21 1242
43 22 1483
43 23 939
43 24 338
43 25 1340
43 26 364
43 27 1570
43 28 1325
43 29 1065
43 30 1518
43 31 272
43 32 1539
43 33 1379
43 34 486
43 35 297
43 36 451
43 37 96
43 38 937
43 39 1778
43 40 48
43 41 889
43 42 1730
43 43 0
43 44 841
43 45 1682
43 46 48
43 47 889
43 48 1730
43 49 96
43 50 937
43 51 1778
43 52 144
43 53 985
43 54 1826
43 55 192
43 56 1033
43 57 1874
43 58 240
43 59 1081
43 60 1922
43 61 288
43 62 1129
43 63 1970
43 64 336
43 65 1177
43 66 2018
43 67 384
43 68 1225
43 69 2066
43 70 432
43 71 1273
43 72 2114
43 73 216
44 0 1057
44 1 497
44 2 867
44 3 307
44 4 482
44 5 323
44 6 846
44 7 133
44 8 302
44 9 970
44 10 771
44 11 765
44 12 1175
44 13 320
44 14 537
44 15 1036
44 16 315
44 17 386
44 18 480
44 19 720
44 20 1132
44 21 401
44 22 642
44 23 98
44 24 1079
44 25 499
44 26 1053
44 27 729
44 28 484
44 29 224
44 30 677
44 31 857
44 32 698
44 33 538
44 34 1123
44 35 544
44 36 1062
44 37 937
44 38 96
44 39 937
44 40 889
44 41 48
44 42 889
44 43 841
44 44 0
44 45 841
44 46 889
44 47 48
44 48 889
44 49 937
44 50 96
44 51 937
44 52 985
44 53 144
44 54 985
44 55 1033
44 56 192
44 57 1033
44 58 1081
44 59 240
44 60 1081
44 61 1129
44 62 288
44 63 1129
44 64 1177
44 65 336
44 66 1177
44 67 1225
44 68 384
44 69 1225
44 70 1273
44 71 432
44 72 1273
44 73 1057
45 0 1898
45 1 1338
45 2 646
45 3 918
45 4 1223
45 5 1164
45 6 859
45 7 900
45 8 731
45 9 1811
45 10 1612
45 11 1606
45 12 2016
45 13 905
45 14 784
45 15 1877
45 16 718
45 17 1227
45 18 649
45 19 1561
45 20 1973
45 21 440
45 22 967
45 23 839
45 24 1920
45 25 1110
45 26 1894
45 27 976
45 28 549
45 29 809
45 30 1028
45 31 1698
45 32 815
45 33 1071
45 34 1964
45 35 1385
45 36 1903
45 37 1778
45 38 937
45 39 96
45 40 1730
45 41 889
45 42 48
45 43 1682
45 44 841
45 45 0
45 46 1730
45 47 889
45 48 48
45 49 1778
45 50 937
45 51 96
45 52 1826
45 53 985
45 54 144
45 55 1874
45 56 1033
45 57 192
45 58 1922
45 59 1081
45 60 240
45 61 1970
45 62 1129
45 63 288
45 64 2018
45 65 1177
45 66 336
45 67 2066
45 68 1225
45 69 384
45 70 2114
45 71 1273
45 72 432
45 73 1898
46 0 264
46 1 488
46 2 1660
46 3 1100
46 4 1275
46 5 566
46 6 1639
46 7 1022
46 8 1095
46 9 207
46 10 502
46 11 124
46 12 386
46 13 1113
46 14 1330
46 15 429
46 16 1204
46 17 1079
46 18 1273
46 19 841
46 20 525
46 21 1290
46 22 1435
46 23 987
46 24 290
46 25 1292
46 26 316
46 27 1522
46 28 1373
46 29 1113
46 30 1470
46 31 224
46 32 1491
46 33 1331
46 34 438
46 35 345
46 36 403
46 37 144
46 38 985
46 39 1826
46 40 96
46 41 937
46 42 1778
46 43 48
46 44 889
46 45 1730
46 46 0
46 47 841
46 48 1682
46 49 48
46 50 889
46 51 1730
46 52 96
46 53 937
46 54 1778
46 55 144
46 56 985
46 57 1826
46 58 192
46 59 1033
46 60 1874
46 61 240
46 62 1081
46 63 1922
46 64 288
46 65 1129
46 66 1970
46 67 336
46 68 1177
46 69 2018
46 70 384
46 71 1225
46 72 2066
46 73 264
47 0 1105
47 1 449
47 2 819
47 3 259
47 4 434
47 5 371
47 6 798
47 7 181
47 8 254
47 9 922
47 10 723
47 11 813
47 12 1127
47 13 272
47 14 489
47 15 988
47 16 363
47 17 338
47 18 432
47 19 672
47 20 1084
47 21 449
47 22 594
47 23 146
47 24 1031
47 25 451
47 26 1005
47 27 681
47 28 532
47 29 272
47 30 629
47 31 809
47 32 650
47 33 490
47 34 1075
47 35 592
47 36 1014
47 37 985
47 38 144
47 39 985
47 40 937
47 41 96
47 42 937
47 43 889
47 44 48
47 45 889
47 46 841
47 47 0
47 48 841
47 49 889
47 50 48
47 51 889
47 52 937
47 53 96
47 54 937
47 55 985
47 56 144
47 57 985
47 58 1033
47 59 192
47 60 1033
47 61 1081
47 62 240
47 63 1081
47 64 1129
47 65 288
47 66 1129
47 67 1177
47 68 336
47 69 1177
47 70 1225
47 71 384
47 72 1225
47 73 1105
48 0 1946
48 1 1290
48 2 598
48 3 870
48 4 1175
48 5 1212
48 6 811
48 7 948
48 8 683
48 9 1763
48 10 1564
48 11 1654
48 12 1968
48 13 857
48 14 736
48 15 1829
48 16 766
48 17 1179
48 18 601
48 19 1513
48 20 1925
48 21 488
48 22 919
48 23 887
48 24 1872
48 25 1062
48 26 1846
48 27 928
48 28 597
48 29 857
48 30 980
48 31 1650
48 32 767
48 33 1023
48 34 1916
48 35 1433
48 36 1855
48 37 1826
48 38 985
48 39 144
48 40 1778
48 41 937
48 42 96
48 43 1730
48 44 889
48 45 48
48 46 1682
48 47 841
48 48 0
48 49 1730
48 50 889
48 51 48
48 52 1778
48 53 937
48 54 96
48 55 1826
48 56 985
48 57 144
48 58 1874
48 59 1033
48 60 192
48 61 1922
48 62 1081
48 63 240
48 64 1970
48 65 1129
48 66 288
48 67 2018
48 68 1177
48 69 336
48 70 2066
48 71 1225
48 72 384
48 73 1946
49 0 312
49 1 440
49 2 1612
49 3 1052
49 4 1227
49 5 614
49 6 1591
49 7 1070
49 8 1047
49 9 159
49 10 454
49 11 172
49 12 338
49 13 1065
49 14 1282
49 15 381
49 16 1252
49 17 1031
49 18 1225
49 19 793
49 20 477
49 21 1338
49 22 1387
49 23 1035
49 24 242
49 25 1244
49 26 268
49 27 1474
49 28 1421
49 29 1161
49 30 1422
49 31 176
49 32 1443
49 33 1283
49 34 390
49 35 393
49 36 355
49 37 192
49 38 1033
49 39 1874
49 40 144
49 41 985
49 42 1826
49 43 96
49 44 937
49 45 1778
49 46 48
49 47 889
49 48 1730
49 49 0
49 50 841
49 51 1682
49 52 48
49 53 889
49 54 1730
49 55 96
49 56 937
49 57 1778
49 58 144
49 59 985
49 60 1826
49 61 192
49 62 1033
49 63 1874
49 64 240
49 65 1081
49 66 1922
49 67 288
49 68 1129
49 69 1970
49 70 336
49 71 1177
49 72 2018
49 73 312
50 0 1153
50 1 401
50 2 771
50 3 211
50 4 386
50 5 419
50 6 750
50 7 229
50 8 206
50 9 874
50 10 675
50 11 861
50 12 1079
50 13 224
50 14 441
50 15 940
50 16 411
50 17 290
50 18 384
50 19 624
50 20 1036
50 21 497
50 22 546
50 23 194
