//alpha
1
//NbLocations
80
//NbProducts
25
//NbPickers
2
//CapaPicker
8
//TimeToTravelOneDistanceUnit
3
//SetupTime
5400
//PickTime
300
//Products
//Idx Location Size
1 1 1
2 2 1
3 3 1
4 4 1
5 5 1
6 6 1
7 7 1
8 8 1
9 9 1
10 10 1
11 11 1
12 12 1
13 13 1
14 14 1
15 15 1
16 16 1
17 17 1
18 18 1
19 19 1
20 20 1
21 21 1
22 22 1
23 23 1
24 24 1
25 25 1
//Orders
//NbOrders
18
//Idx DueDate TardinessPenalty NbProdInOrder ProdIdx1 Qty1 ProdIdx2 Qty2 ...
1 90000 0 1 1 1
2 36000 0 1 2 1
3 54000 0 5 3 1 4 1 5 1 6 1 7 1
4 108000 0 1 8 1
5 126000 0 1 9 1
6 90000 0 1 10 1
7 72000 0 1 11 1
8 126000 0 1 12 1
9 54000 0 1 13 1
10 36000 0 2 14 1 15 1
11 72000 0 1 16 1
12 72000 0 1 17 1
13 72000 0 1 18 1
14 72000 0 2 19 1 20 1
15 54000 0 2 21 1 22 1
16 72000 0 1 23 1
17 36000 0 1 24 1
18 108000 0 1 25 1
//Graph (Products are vertices indexed from 1 to NbProducts)
//NbVerticesIntersections
54
//DepartingDepot
0
//ArrivalDepot
80
//Arcs
//Start End Distance
0 26 120
1 9 104
1 12 13
2 71 752
2 72 479
3 7 351
3 9 247
4 5 520
4 27 323
5 4 520
5 26 388
6 17 793
6 31 232
7 3 351
7 21 195
8 33 1038
8 34 193
9 1 104
9 3 247
10 41 349
10 42 882
11 56 362
11 57 869
12 1 13
12 29 63
13 77 76
13 78 1155
14 59 1077
14 60 154
15 19 13
15 33 570
16 35 1038
16 36 193
17 6 793
17 30 206
18 25 546
18 51 479
19 15 13
19 20 312
20 19 312
20 32 336
21 7 195
21 30 258
22 44 1181
22 45 50
23 27 1116
23 28 115
24 66 89
24 67 1142
25 18 546
25 50 206
26 5 388
26 29 48
26 80 120
27 4 323
27 23 1116
27 30 48
28 23 115
28 31 48
29 12 63
29 26 48
29 32 48
30 17 206
30 21 258
30 27 48
30 33 48
31 6 232
31 28 48
31 34 48
32 20 336
32 29 48
32 35 48
33 8 1038
33 15 570
33 30 48
33 36 48
34 8 193
34 31 48
34 37 48
35 16 1038
35 32 48
35 38 48
36 16 193
36 33 48
36 37 1231
36 39 48
37 34 48
37 36 1231
37 40 48
38 35 48
38 39 1231
38 41 48
39 36 48
39 38 1231
39 40 1231
39 42 48
40 37 48
40 39 1231
40 43 48
41 10 349
41 38 48
41 44 48
42 10 882
42 39 48
42 43 1231
42 45 48
43 40 48
43 42 1231
43 46 48
44 22 1181
44 41 48
44 47 48
45 22 50
45 42 48
45 46 1231
45 48 48
46 43 48
46 45 1231
46 49 48
47 44 48
47 48 1231
47 50 48
48 45 48
48 47 1231
48 49 1231
48 51 48
49 46 48
49 48 1231
49 52 48
50 25 206
50 47 48
50 53 48
51 18 479
51 48 48
51 52 1231
51 54 48
52 49 48
52 51 1231
52 55 48
53 50 48
53 54 1231
53 56 48
54 51 48
54 53 1231
54 55 1231
54 57 48
55 52 48
55 54 1231
55 58 48
56 11 362
56 53 48
56 59 48
57 11 869
57 54 48
57 58 1231
57 60 48
58 55 48
58 57 1231
58 61 48
59 14 1077
59 56 48
59 62 48
60 14 154
60 57 48
60 61 1231
60 63 48
61 58 48
61 60 1231
61 64 48
62 59 48
62 63 1231
62 65 48
63 60 48
63 62 1231
63 64 1231
63 66 48
64 61 48
64 63 1231
64 67 48
65 62 48
65 66 1231
65 68 48
66 24 89
66 63 48
66 65 1231
66 69 48
67 24 1142
67 64 48
67 70 48
68 65 48
68 69 1231
68 71 48
69 66 48
69 68 1231
69 70 1231
69 72 48
70 67 48
70 69 1231
70 73 48
71 2 752
71 68 48
71 74 48
72 2 479
72 69 48
72 73 1231
72 75 48
73 70 48
73 72 1231
73 76 48
74 71 48
74 75 1231
74 77 48
75 72 48
75 74 1231
75 76 1231
75 78 48
76 73 48
76 75 1231
76 79 48
77 13 76
77 74 48
78 13 1155
78 75 48
78 79 1231
79 76 48
79 78 1231
//LocStart LocEnd ShortestPath
0 0 0
0 1 244
0 2 1592
0 3 595
0 4 1028
0 5 508
0 6 2398
0 7 946
0 8 2485
0 9 348
0 10 709
0 11 962
0 12 231
0 13 1012
0 14 1725
0 15 877
0 16 1302
0 17 1605
0 18 1256
0 19 864
0 20 552
0 21 1141
0 22 1589
0 23 2467
0 24 2064
0 25 710
0 26 120
0 27 1351
0 28 2582
0 29 168
0 30 1399
0 31 2630
0 32 216
0 33 1447
0 34 2678
0 35 264
0 36 1495
0 37 2726
0 38 312
0 39 1543
0 40 2774
0 41 360
0 42 1591
0 43 2822
0 44 408
0 45 1639
0 46 2870
0 47 456
0 48 1687
0 49 2918
0 50 504
0 51 1735
0 52 2966
0 53 552
0 54 1783
0 55 3014
0 56 600
0 57 1831
0 58 3062
0 59 648
0 60 1879
0 61 3110
0 62 696
0 63 1927
0 64 3158
0 65 744
0 66 1975
0 67 3206
0 68 792
0 69 2023
0 70 3254
0 71 840
0 72 2071
0 73 3302
0 74 888
0 75 2119
0 76 3350
0 77 936
0 78 2167
0 79 3398
0 80 0
1 0 244
1 1 0
1 2 1500
1 3 351
1 4 1032
1 5 512
1 6 2154
1 7 702
1 8 2241
1 9 104
1 10 617
1 11 870
1 12 13
1 13 920
1 14 1633
1 15 785
1 16 1210
1 17 1361
1 18 1164
1 19 772
1 20 460
1 21 897
1 22 1445
1 23 2319
1 24 1820
1 25 618
1 26 124
1 27 1203
1 28 2434
1 29 76
1 30 1155
1 31 2386
1 32 124
1 33 1203
1 34 2434
1 35 172
1 36 1251
1 37 2482
1 38 220
1 39 1299
1 40 2530
1 41 268
1 42 1347
1 43 2578
1 44 316
1 45 1395
1 46 2626
1 47 364
1 48 1443
1 49 2674
1 50 412
1 51 1491
1 52 2722
1 53 460
1 54 1539
1 55 2770
1 56 508
1 57 1587
1 58 2818
1 59 556
1 60 1635
1 61 2866
1 62 604
1 63 1683
1 64 2914
1 65 652
1 66 1731
1 67 2962
1 68 700
1 69 1779
1 70 3010
1 71 748
1 72 1827
1 73 3058
1 74 796
1 75 1875
1 76 3106
1 77 844
1 78 1923
1 79 3154
1 80 244
2 0 1592
2 1 1500
2 2 0
2 3 1851
2 4 1522
2 5 1860
2 6 2150
2 7 1604
2 8 2141
2 9 1604
2 10 1581
2 11 1354
2 12 1487
2 13 924
2 14 825
2 15 1673
2 16 1248
2 17 1357
2 18 1294
2 19 1686
2 20 1712
2 21 1409
2 22 961
2 23 2315
2 24 664
2 25 1294
2 26 1472
2 27 1199
2 28 2430
2 29 1424
2 30 1151
2 31 2382
2 32 1376
2 33 1103
2 34 2334
2 35 1328
2 36 1055
2 37 2286
2 38 1280
2 39 1007
2 40 2238
2 41 1232
2 42 959
2 43 2190
2 44 1184
2 45 911
2 46 2142
2 47 1136
2 48 863
2 49 2094
2 50 1088
2 51 815
2 52 2046
2 53 1040
2 54 767
2 55 1998
2 56 992
2 57 719
2 58 1950
2 59 944
2 60 671
2 61 1902
2 62 896
2 63 623
2 64 1854
2 65 848
2 66 575
2 67 1806
2 68 800
2 69 527
2 70 1758
2 71 752
2 72 479
2 73 1710
2 74 800
2 75 527
2 76 1758
2 77 848
2 78 575
2 79 1806
2 80 1592
3 0 595
3 1 351
3 2 1851
3 3 0
3 4 1175
3 5 863
3 6 1803
3 7 351
3 8 1890
3 9 247
3 10 968
3 11 1221
3 12 364
3 13 1271
3 14 1438
3 15 1136
3 16 1093
3 17 1010
3 18 1515
3 19 1123
3 20 811
3 21 546
3 22 1094
3 23 1968
3 24 1469
3 25 969
3 26 475
3 27 852
3 28 2083
3 29 427
3 30 804
3 31 2035
3 32 475
3 33 852
3 34 2083
3 35 523
3 36 900
3 37 2131
3 38 571
3 39 948
3 40 2179
3 41 619
3 42 996
3 43 2227
3 44 667
3 45 1044
3 46 2275
3 47 715
3 48 1092
3 49 2323
3 50 763
3 51 1140
3 52 2371
3 53 811
3 54 1188
3 55 2419
3 56 859
3 57 1236
3 58 2467
3 59 907
3 60 1284
3 61 2515
3 62 955
3 63 1332
3 64 2563
3 65 1003
3 66 1380
3 67 2611
3 68 1051
3 69 1428
3 70 2659
3 71 1099
3 72 1476
3 73 2707
3 74 1147
3 75 1524
3 76 2755
3 77 1195
3 78 1572
3 79 2803
3 80 595
4 0 1028
4 1 1032
4 2 1522
4 3 1175
4 4 0
4 5 520
4 6 1370
4 7 824
4 8 1457
4 9 1136
4 10 1445
4 11 1672
4 12 1019
4 13 1800
4 14 1005
4 15 989
4 16 660
4 17 577
4 18 1186
4 19 1002
4 20 1314
4 21 629
4 22 661
4 23 1439
4 24 1036
4 25 1498
4 26 908
4 27 323
4 28 1554
4 29 956
4 30 371
4 31 1602
4 32 1004
4 33 419
4 34 1650
4 35 1052
4 36 467
4 37 1698
4 38 1100
4 39 515
4 40 1746
4 41 1148
4 42 563
4 43 1794
4 44 1196
4 45 611
4 46 1842
4 47 1244
4 48 659
4 49 1890
4 50 1292
4 51 707
4 52 1938
4 53 1340
4 54 755
4 55 1986
4 56 1388
4 57 803
4 58 2034
4 59 1436
4 60 851
4 61 2082
4 62 1484
4 63 899
4 64 2130
4 65 1532
4 66 947
4 67 2178
4 68 1580
4 69 995
4 70 2226
4 71 1628
4 72 1043
4 73 2274
4 74 1676
4 75 1091
4 76 2322
4 77 1724
4 78 1139
4 79 2370
4 80 1028
5 0 508
5 1 512
5 2 1860
5 3 863
5 4 520
5 5 0
5 6 1890
5 7 1214
5 8 1977
5 9 616
5 10 977
5 11 1230
5 12 499
5 13 1280
5 14 1525
5 15 1145
5 16 1180
5 17 1097
5 18 1524
5 19 1132
5 20 820
5 21 1149
5 22 1181
5 23 1959
5 24 1556
5 25 978
5 26 388
5 27 843
5 28 2074
5 29 436
5 30 891
5 31 2122
5 32 484
5 33 939
5 34 2170
5 35 532
5 36 987
5 37 2218
5 38 580
5 39 1035
5 40 2266
5 41 628
5 42 1083
5 43 2314
5 44 676
5 45 1131
5 46 2362
5 47 724
5 48 1179
5 49 2410
5 50 772
5 51 1227
5 52 2458
5 53 820
5 54 1275
5 55 2506
5 56 868
5 57 1323
5 58 2554
5 59 916
5 60 1371
5 61 2602
5 62 964
5 63 1419
5 64 2650
5 65 1012
5 66 1467
5 67 2698
5 68 1060
5 69 1515
5 70 2746
5 71 1108
5 72 1563
5 73 2794
5 74 1156
5 75 1611
5 76 2842
5 77 1204
5 78 1659
5 79 2890
5 80 508
6 0 2398
6 1 2154
6 2 2150
6 3 1803
6 4 1370
6 5 1890
6 6 0
6 7 1452
6 8 473
6 9 2050
6 10 2073
6 11 2300
6 12 2167
6 13 2922
6 14 1633
6 15 1617
6 16 1288
6 17 793
6 18 1814
6 19 1630
6 20 1942
6 21 1257
6 22 1289
6 23 395
6 24 1664
6 25 2360
6 26 2278
6 27 1047
6 28 280
6 29 2230
6 30 999
6 31 232
6 32 2278
6 33 1047
6 34 280
6 35 2326
6 36 1095
6 37 328
6 38 2374
6 39 1143
6 40 376
6 41 2422
6 42 1191
6 43 424
6 44 2470
6 45 1239
6 46 472
6 47 2518
6 48 1287
6 49 520
6 50 2566
6 51 1335
6 52 568
6 53 2614
6 54 1383
6 55 616
6 56 2662
6 57 1431
6 58 664
6 59 2710
6 60 1479
6 61 712
6 62 2758
6 63 1527
6 64 760
6 65 2806
6 66 1575
6 67 808
6 68 2854
6 69 1623
6 70 856
6 71 2902
6 72 1671
6 73 904
6 74 2950
6 75 1719
6 76 952
6 77 2998
6 78 1767
6 79 1000
6 80 2398
7 0 946
7 1 702
7 2 1604
7 3 351
7 4 824
7 5 1214
7 6 1452
7 7 0
7 8 1539
7 9 598
7 10 1319
7 11 1572
7 12 715
7 13 1622
7 14 1087
7 15 1071
7 16 742
7 17 659
7 18 1268
7 19 1084
7 20 1162
7 21 195
7 22 743
7 23 1617
7 24 1118
7 25 1320
7 26 826
7 27 501
7 28 1732
7 29 778
7 30 453
7 31 1684
7 32 826
7 33 501
7 34 1732
7 35 874
7 36 549
7 37 1780
7 38 922
7 39 597
7 40 1828
7 41 970
7 42 645
7 43 1876
7 44 1018
7 45 693
7 46 1924
7 47 1066
7 48 741
7 49 1972
7 50 1114
7 51 789
7 52 2020
7 53 1162
7 54 837
7 55 2068
7 56 1210
7 57 885
7 58 2116
7 59 1258
7 60 933
7 61 2164
7 62 1306
7 63 981
7 64 2212
7 65 1354
7 66 1029
7 67 2260
7 68 1402
7 69 1077
7 70 2308
7 71 1450
7 72 1125
7 73 2356
7 74 1498
7 75 1173
7 76 2404
7 77 1546
7 78 1221
7 79 2452
7 80 946
8 0 2485
8 1 2241
8 2 2141
8 3 1890
8 4 1457
8 5 1977
8 6 473
8 7 1539
8 8 0
8 9 2137
8 10 2064
8 11 2291
8 12 2254
8 13 2913
8 14 1624
8 15 1608
8 16 1279
8 17 1266
8 18 1805
8 19 1621
8 20 1933
8 21 1344
8 22 1280
8 23 404
8 24 1655
8 25 2351
8 26 2365
8 27 1134
8 28 289
8 29 2317
8 30 1086
8 31 241
8 32 2269
8 33 1038
8 34 193
8 35 2317
8 36 1086
8 37 241
8 38 2365
8 39 1134
8 40 289
8 41 2413
8 42 1182
8 43 337
8 44 2461
8 45 1230
8 46 385
8 47 2509
8 48 1278
8 49 433
8 50 2557
8 51 1326
8 52 481
8 53 2605
8 54 1374
8 55 529
8 56 2653
8 57 1422
8 58 577
8 59 2701
8 60 1470
8 61 625
8 62 2749
8 63 1518
8 64 673
8 65 2797
8 66 1566
8 67 721
8 68 2845
8 69 1614
8 70 769
8 71 2893
8 72 1662
8 73 817
8 74 2941
8 75 1710
8 76 865
8 77 2989
8 78 1758
8 79 913
8 80 2485
9 0 348
9 1 104
9 2 1604
9 3 247
9 4 1136
9 5 616
9 6 2050
9 7 598
9 8 2137
9 9 0
9 10 721
9 11 974
9 12 117
9 13 1024
9 14 1685
9 15 889
9 16 1314
9 17 1257
9 18 1268
9 19 876
9 20 564
9 21 793
9 22 1341
9 23 2215
9 24 1716
9 25 722
9 26 228
9 27 1099
9 28 2330
9 29 180
9 30 1051
9 31 2282
9 32 228
9 33 1099
9 34 2330
9 35 276
9 36 1147
9 37 2378
9 38 324
9 39 1195
9 40 2426
9 41 372
9 42 1243
9 43 2474
9 44 420
9 45 1291
9 46 2522
9 47 468
9 48 1339
9 49 2570
9 50 516
9 51 1387
9 52 2618
9 53 564
9 54 1435
9 55 2666
9 56 612
9 57 1483
9 58 2714
9 59 660
9 60 1531
9 61 2762
9 62 708
9 63 1579
9 64 2810
9 65 756
9 66 1627
9 67 2858
9 68 804
9 69 1675
9 70 2906
9 71 852
9 72 1723
9 73 2954
9 74 900
9 75 1771
9 76 3002
9 77 948
9 78 1819
9 79 3050
9 80 348
10 0 709
10 1 617
10 2 1581
10 3 968
10 4 1445
10 5 977
10 6 2073
10 7 1319
10 8 2064
10 9 721
10 10 0
10 11 951
10 12 604
10 13 1001
10 14 1324
10 15 1154
10 16 1171
10 17 1280
10 18 1245
10 19 1141
10 20 829
10 21 1332
10 22 980
10 23 2238
10 24 1355
10 25 699
10 26 589
10 27 1122
10 28 2353
10 29 541
10 30 1074
10 31 2305
10 32 493
10 33 1026
10 34 2257
10 35 445
10 36 978
10 37 2209
10 38 397
10 39 930
10 40 2161
10 41 349
10 42 882
10 43 2113
10 44 397
10 45 930
10 46 2161
10 47 445
10 48 978
10 49 2209
10 50 493
10 51 1026
10 52 2257
10 53 541
10 54 1074
10 55 2305
10 56 589
10 57 1122
10 58 2353
10 59 637
10 60 1170
10 61 2401
10 62 685
10 63 1218
10 64 2449
10 65 733
10 66 1266
10 67 2497
10 68 781
10 69 1314
10 70 2545
10 71 829
10 72 1362
10 73 2593
10 74 877
10 75 1410
10 76 2641
10 77 925
10 78 1458
10 79 2689
10 80 709
11 0 962
11 1 870
11 2 1354
11 3 1221
11 4 1672
11 5 1230
11 6 2300
11 7 1572
11 8 2291
11 9 974
11 10 951
11 11 0
11 12 857
11 13 774
11 14 1071
11 15 1407
11 16 1398
11 17 1507
11 18 1210
11 19 1394
11 20 1082
11 21 1559
11 22 1111
11 23 2465
11 24 1102
11 25 664
11 26 842
11 27 1349
11 28 2580
11 29 794
11 30 1301
11 31 2532
11 32 746
11 33 1253
11 34 2484
11 35 698
11 36 1205
11 37 2436
11 38 650
11 39 1157
11 40 2388
11 41 602
11 42 1109
11 43 2340
11 44 554
11 45 1061
11 46 2292
11 47 506
11 48 1013
11 49 2244
11 50 458
11 51 965
11 52 2196
11 53 410
11 54 917
11 55 2148
11 56 362
11 57 869
11 58 2100
11 59 410
11 60 917
11 61 2148
11 62 458
11 63 965
11 64 2196
11 65 506
11 66 1013
11 67 2244
11 68 554
11 69 1061
11 70 2292
11 71 602
11 72 1109
11 73 2340
11 74 650
11 75 1157
11 76 2388
11 77 698
11 78 1205
11 79 2436
11 80 962
12 0 231
12 1 13
12 2 1487
12 3 364
12 4 1019
12 5 499
12 6 2167
12 7 715
12 8 2254
12 9 117
12 10 604
12 11 857
12 12 0
12 13 907
12 14 1620
12 15 772
12 16 1197
12 17 1374
12 18 1151
12 19 759
12 20 447
12 21 910
12 22 1458
12 23 2332
12 24 1833
12 25 605
12 26 111
12 27 1216
12 28 2447
12 29 63
12 30 1168
12 31 2399
12 32 111
12 33 1216
12 34 2447
12 35 159
12 36 1264
12 37 2495
12 38 207
12 39 1312
12 40 2543
12 41 255
12 42 1360
12 43 2591
12 44 303
12 45 1408
12 46 2639
12 47 351
12 48 1456
12 49 2687
12 50 399
12 51 1504
12 52 2735
12 53 447
12 54 1552
12 55 2783
12 56 495
12 57 1600
12 58 2831
12 59 543
12 60 1648
12 61 2879
12 62 591
12 63 1696
12 64 2927
12 65 639
12 66 1744
12 67 2975
12 68 687
12 69 1792
12 70 3023
12 71 735
12 72 1840
12 73 3071
12 74 783
12 75 1888
12 76 3119
12 77 831
12 78 1936
12 79 3167
12 80 231
13 0 1012
13 1 920
13 2 924
13 3 1271
13 4 1800
13 5 1280
13 6 2922
13 7 1622
13 8 2913
13 9 1024
13 10 1001
13 11 774
13 12 907
13 13 0
13 14 1441
13 15 1457
13 16 1786
13 17 2129
13 18 1260
13 19 1444
13 20 1132
13 21 1817
13 22 1733
13 23 3087
13 24 1436
13 25 714
13 26 892
13 27 1971
13 28 3202
13 29 844
13 30 1923
13 31 3154
13 32 796
13 33 1875
13 34 3106
13 35 748
13 36 1827
13 37 3058
13 38 700
13 39 1779
13 40 3010
13 41 652
13 42 1731
13 43 2962
13 44 604
13 45 1683
13 46 2914
13 47 556
13 48 1635
13 49 2866
13 50 508
13 51 1587
13 52 2818
13 53 460
13 54 1539
13 55 2770
13 56 412
13 57 1491
13 58 2722
13 59 364
13 60 1443
13 61 2674
13 62 316
13 63 1395
13 64 2626
13 65 268
13 66 1347
13 67 2578
13 68 220
13 69 1299
13 70 2530
13 71 172
13 72 1251
13 73 2482
13 74 124
13 75 1203
13 76 2434
13 77 76
13 78 1155
13 79 2386
13 80 1012
14 0 1725
14 1 1633
14 2 825
14 3 1438
14 4 1005
14 5 1525
14 6 1633
14 7 1087
14 8 1624
14 9 1685
14 10 1324
14 11 1071
14 12 1620
14 13 1441
14 14 0
14 15 1156
14 16 731
14 17 840
14 18 777
14 19 1169
14 20 1481
14 21 892
14 22 444
14 23 1798
14 24 339
14 25 1323
14 26 1605
14 27 682
14 28 1913
14 29 1557
14 30 634
14 31 1865
14 32 1509
14 33 586
14 34 1817
14 35 1461
14 36 538
14 37 1769
14 38 1413
14 39 490
14 40 1721
14 41 1365
14 42 442
14 43 1673
14 44 1317
14 45 394
14 46 1625
14 47 1269
14 48 346
14 49 1577
14 50 1221
14 51 298
14 52 1529
14 53 1173
14 54 250
14 55 1481
14 56 1125
14 57 202
14 58 1433
14 59 1077
14 60 154
14 61 1385
14 62 1125
14 63 202
14 64 1433
14 65 1173
14 66 250
14 67 1481
14 68 1221
14 69 298
14 70 1529
14 71 1269
14 72 346
14 73 1577
14 74 1317
14 75 394
14 76 1625
14 77 1365
14 78 442
14 79 1673
14 80 1725
15 0 877
15 1 785
15 2 1673
15 3 1136
15 4 989
15 5 1145
15 6 1617
15 7 1071
15 8 1608
15 9 889
15 10 1154
15 11 1407
15 12 772
15 13 1457
15 14 1156
15 15 0
15 16 811
15 17 824
15 18 1337
15 19 13
15 20 325
15 21 876
15 22 812
15 23 1782
15 24 1187
15 25 1155
15 26 757
15 27 666
15 28 1897
15 29 709
15 30 618
15 31 1849
15 32 661
15 33 570
15 34 1801
15 35 709
15 36 618
15 37 1849
15 38 757
15 39 666
15 40 1897
15 41 805
15 42 714
15 43 1945
15 44 853
15 45 762
15 46 1993
15 47 901
15 48 810
15 49 2041
15 50 949
15 51 858
15 52 2089
15 53 997
15 54 906
15 55 2137
15 56 1045
15 57 954
15 58 2185
15 59 1093
15 60 1002
15 61 2233
15 62 1141
15 63 1050
15 64 2281
15 65 1189
15 66 1098
15 67 2329
15 68 1237
15 69 1146
15 70 2377
15 71 1285
15 72 1194
15 73 2425
15 74 1333
15 75 1242
15 76 2473
15 77 1381
15 78 1290
15 79 2521
15 80 877
16 0 1302
16 1 1210
16 2 1248
16 3 1093
16 4 660
16 5 1180
16 6 1288
16 7 742
16 8 1279
16 9 1314
16 10 1171
16 11 1398
16 12 1197
16 13 1786
16 14 731
16 15 811
16 16 0
16 17 495
16 18 912
16 19 824
16 20 1136
16 21 547
16 22 387
16 23 1453
16 24 762
16 25 1458
16 26 1182
16 27 337
16 28 1568
16 29 1134
16 30 289
16 31 1520
16 32 1086
16 33 241
16 34 1472
16 35 1038
16 36 193
16 37 1424
16 38 1086
16 39 241
16 40 1472
16 41 1134
16 42 289
16 43 1520
16 44 1182
16 45 337
16 46 1568
16 47 1230
16 48 385
16 49 1616
16 50 1278
16 51 433
16 52 1664
16 53 1326
16 54 481
16 55 1712
16 56 1374
16 57 529
16 58 1760
16 59 1422
16 60 577
16 61 1808
16 62 1470
16 63 625
16 64 1856
16 65 1518
16 66 673
16 67 1904
16 68 1566
16 69 721
16 70 1952
16 71 1614
16 72 769
16 73 2000
16 74 1662
16 75 817
16 76 2048
16 77 1710
16 78 865
16 79 2096
16 80 1302
17 0 1605
17 1 1361
17 2 1357
17 3 1010
17 4 577
17 5 1097
17 6 793
17 7 659
17 8 1266
17 9 1257
17 10 1280
17 11 1507
17 12 1374
17 13 2129
17 14 840
17 15 824
17 16 495
17 17 0
17 18 1021
17 19 837
17 20 1149
17 21 464
17 22 496
17 23 1188
17 24 871
17 25 1567
17 26 1485
17 27 254
17 28 1073
17 29 1437
17 30 206
17 31 1025
17 32 1485
17 33 254
17 34 1073
17 35 1533
17 36 302
17 37 1121
17 38 1581
17 39 350
17 40 1169
17 41 1629
17 42 398
17 43 1217
17 44 1677
17 45 446
17 46 1265
17 47 1725
17 48 494
17 49 1313
17 50 1773
17 51 542
17 52 1361
17 53 1821
17 54 590
17 55 1409
17 56 1869
17 57 638
17 58 1457
17 59 1917
17 60 686
17 61 1505
17 62 1965
17 63 734
17 64 1553
17 65 2013
17 66 782
17 67 1601
17 68 2061
17 69 830
17 70 1649
17 71 2109
17 72 878
17 73 1697
17 74 2157
17 75 926
17 76 1745
17 77 2205
17 78 974
17 79 1793
17 80 1605
18 0 1256
18 1 1164
18 2 1294
18 3 1515
18 4 1186
18 5 1524
18 6 1814
18 7 1268
18 8 1805
18 9 1268
18 10 1245
18 11 1210
18 12 1151
18 13 1260
18 14 777
18 15 1337
18 16 912
18 17 1021
18 18 0
18 19 1350
18 20 1376
18 21 1073
18 22 625
18 23 1979
18 24 808
18 25 546
18 26 1136
18 27 863
18 28 2094
18 29 1088
18 30 815
18 31 2046
18 32 1040
18 33 767
18 34 1998
18 35 992
18 36 719
18 37 1950
18 38 944
18 39 671
18 40 1902
18 41 896
18 42 623
18 43 1854
18 44 848
18 45 575
18 46 1806
18 47 800
18 48 527
18 49 1758
18 50 752
18 51 479
18 52 1710
18 53 800
18 54 527
18 55 1758
18 56 848
18 57 575
18 58 1806
18 59 896
18 60 623
18 61 1854
18 62 944
18 63 671
18 64 1902
18 65 992
18 66 719
18 67 1950
18 68 1040
18 69 767
18 70 1998
18 71 1088
18 72 815
18 73 2046
18 74 1136
18 75 863
18 76 2094
18 77 1184
18 78 911
18 79 2142
18 80 1256
19 0 864
19 1 772
19 2 1686
19 3 1123
19 4 1002
19 5 1132
19 6 1630
19 7 1084
19 8 1621
19 9 876
19 10 1141
19 11 1394
19 12 759
19 13 1444
19 14 1169
19 15 13
19 16 824
19 17 837
19 18 1350
19 19 0
19 20 312
19 21 889
19 22 825
19 23 1795
19 24 1200
19 25 1142
19 26 744
19 27 679
19 28 1910
19 29 696
19 30 631
19 31 1862
19 32 648
19 33 583
19 34 1814
19 35 696
19 36 631
19 37 1862
19 38 744
19 39 679
19 40 1910
19 41 792
19 42 727
19 43 1958
19 44 840
19 45 775
19 46 2006
19 47 888
19 48 823
19 49 2054
19 50 936
19 51 871
19 52 2102
19 53 984
19 54 919
19 55 2150
19 56 1032
19 57 967
19 58 2198
19 59 1080
19 60 1015
19 61 2246
19 62 1128
19 63 1063
19 64 2294
19 65 1176
19 66 1111
19 67 2342
19 68 1224
19 69 1159
19 70 2390
19 71 1272
19 72 1207
19 73 2438
19 74 1320
19 75 1255
19 76 2486
19 77 1368
19 78 1303
19 79 2534
19 80 864
20 0 552
20 1 460
20 2 1712
20 3 811
20 4 1314
20 5 820
20 6 1942
20 7 1162
20 8 1933
20 9 564
20 10 829
20 11 1082
20 12 447
20 13 1132
20 14 1481
20 15 325
20 16 1136
20 17 1149
20 18 1376
20 19 312
20 20 0
20 21 1201
20 22 1137
20 23 2107
20 24 1512
20 25 830
20 26 432
20 27 991
20 28 2222
20 29 384
20 30 943
20 31 2174
20 32 336
20 33 895
20 34 2126
20 35 384
20 36 943
20 37 2174
20 38 432
20 39 991
20 40 2222
20 41 480
20 42 1039
20 43 2270
20 44 528
20 45 1087
20 46 2318
20 47 576
20 48 1135
20 49 2366
20 50 624
20 51 1183
20 52 2414
20 53 672
20 54 1231
20 55 2462
20 56 720
20 57 1279
20 58 2510
20 59 768
20 60 1327
20 61 2558
20 62 816
20 63 1375
20 64 2606
20 65 864
20 66 1423
20 67 2654
20 68 912
20 69 1471
20 70 2702
20 71 960
20 72 1519
20 73 2750
20 74 1008
20 75 1567
20 76 2798
20 77 1056
20 78 1615
20 79 2846
20 80 552
21 0 1141
21 1 897
21 2 1409
21 3 546
21 4 629
21 5 1149
21 6 1257
21 7 195
21 8 1344
21 9 793
21 10 1332
21 11 1559
21 12 910
21 13 1817
21 14 892
21 15 876
21 16 547
21 17 464
21 18 1073
21 19 889
21 20 1201
21 21 0
21 22 548
21 23 1422
21 24 923
21 25 1515
21 26 1021
21 27 306
21 28 1537
21 29 973
21 30 258
21 31 1489
21 32 1021
21 33 306
21 34 1537
21 35 1069
21 36 354
21 37 1585
21 38 1117
21 39 402
21 40 1633
21 41 1165
21 42 450
21 43 1681
21 44 1213
21 45 498
21 46 1729
21 47 1261
21 48 546
21 49 1777
21 50 1309
21 51 594
21 52 1825
21 53 1357
21 54 642
21 55 1873
21 56 1405
21 57 690
21 58 1921
21 59 1453
21 60 738
21 61 1969
21 62 1501
21 63 786
21 64 2017
21 65 1549
21 66 834
21 67 2065
21 68 1597
21 69 882
21 70 2113
21 71 1645
21 72 930
21 73 2161
21 74 1693
21 75 978
21 76 2209
21 77 1741
21 78 1026
21 79 2257
21 80 1141
22 0 1589
22 1 1445
22 2 961
22 3 1094
22 4 661
22 5 1181
22 6 1289
22 7 743
22 8 1280
22 9 1341
22 10 980
22 11 1111
22 12 1458
22 13 1733
22 14 444
22 15 812
22 16 387
22 17 496
22 18 625
22 19 825
22 20 1137
22 21 548
22 22 0
22 23 1454
22 24 475
22 25 1171
22 26 1469
22 27 338
22 28 1569
22 29 1421
22 30 290
22 31 1521
22 32 1373
22 33 242
22 34 1473
22 35 1325
22 36 194
22 37 1425
22 38 1277
22 39 146
22 40 1377
22 41 1229
22 42 98
22 43 1329
22 44 1181
22 45 50
22 46 1281
22 47 1229
22 48 98
22 49 1329
22 50 1277
22 51 146
22 52 1377
22 53 1325
22 54 194
22 55 1425
22 56 1373
22 57 242
22 58 1473
22 59 1421
22 60 290
22 61 1521
22 62 1469
22 63 338
22 64 1569
22 65 1517
22 66 386
22 67 1617
22 68 1565
22 69 434
22 70 1665
22 71 1613
22 72 482
22 73 1713
22 74 1661
22 75 530
22 76 1761
22 77 1709
22 78 578
22 79 1809
22 80 1589
23 0 2467
23 1 2319
23 2 2315
23 3 1968
23 4 1439
23 5 1959
23 6 395
23 7 1617
23 8 404
23 9 2215
23 10 2238
23 11 2465
23 12 2332
23 13 3087
23 14 1798
23 15 1782
23 16 1453
23 17 1188
23 18 1979
23 19 1795
23 20 2107
23 21 1422
23 22 1454
23 23 0
23 24 1829
23 25 2525
23 26 2347
23 27 1116
23 28 115
23 29 2395
23 30 1164
23 31 163
23 32 2443
23 33 1212
23 34 211
23 35 2491
23 36 1260
23 37 259
23 38 2539
23 39 1308
23 40 307
23 41 2587
23 42 1356
23 43 355
23 44 2635
23 45 1404
23 46 403
23 47 2683
23 48 1452
23 49 451
23 50 2731
23 51 1500
23 52 499
23 53 2779
23 54 1548
23 55 547
23 56 2827
23 57 1596
23 58 595
23 59 2875
23 60 1644
23 61 643
23 62 2923
23 63 1692
23 64 691
23 65 2971
23 66 1740
23 67 739
23 68 3019
23 69 1788
23 70 787
23 71 3067
23 72 1836
23 73 835
23 74 3115
23 75 1884
23 76 883
23 77 3163
23 78 1932
23 79 931
23 80 2467
24 0 2064
24 1 1820
24 2 664
24 3 1469
24 4 1036
24 5 1556
24 6 1664
24 7 1118
24 8 1655
24 9 1716
24 10 1355
24 11 1102
24 12 1833
24 13 1436
24 14 339
24 15 1187
24 16 762
24 17 871
24 18 808
24 19 1200
24 20 1512
24 21 923
24 22 475
24 23 1829
24 24 0
24 25 1354
24 26 1944
24 27 713
24 28 1766
24 29 1896
24 30 665
24 31 1718
24 32 1848
24 33 617
24 34 1670
24 35 1800
24 36 569
24 37 1622
24 38 1752
24 39 521
24 40 1574
24 41 1704
24 42 473
24 43 1526
24 44 1656
24 45 425
24 46 1478
24 47 1608
24 48 377
24 49 1430
24 50 1560
24 51 329
24 52 1382
24 53 1512
24 54 281
24 55 1334
24 56 1464
24 57 233
24 58 1286
24 59 1416
24 60 185
24 61 1238
24 62 1368
24 63 137
24 64 1190
24 65 1320
24 66 89
24 67 1142
24 68 1368
24 69 137
24 70 1190
24 71 1416
24 72 185
24 73 1238
24 74 1464
24 75 233
24 76 1286
24 77 1512
24 78 281
24 79 1334
24 80 2064
25 0 710
25 1 618
25 2 1294
25 3 969
25 4 1498
25 5 978
25 6 2360
25 7 1320
25 8 2351
25 9 722
25 10 699
25 11 664
25 12 605
25 13 714
25 14 1323
25 15 1155
25 16 1458
25 17 1567
25 18 546
25 19 1142
25 20 830
25 21 1515
25 22 1171
25 23 2525
25 24 1354
25 25 0
25 26 590
25 27 1409
25 28 2640
25 29 542
25 30 1361
25 31 2592
25 32 494
25 33 1313
25 34 2544
25 35 446
25 36 1265
25 37 2496
25 38 398
25 39 1217
25 40 2448
25 41 350
25 42 1169
25 43 2400
25 44 302
25 45 1121
25 46 2352
25 47 254
25 48 1073
25 49 2304
25 50 206
25 51 1025
25 52 2256
25 53 254
25 54 1073
25 55 2304
25 56 302
25 57 1121
25 58 2352
25 59 350
25 60 1169
25 61 2400
25 62 398
25 63 1217
25 64 2448
25 65 446
25 66 1265
25 67 2496
25 68 494
25 69 1313
25 70 2544
25 71 542
25 72 1361
25 73 2592
25 74 590
25 75 1409
25 76 2640
25 77 638
25 78 1457
25 79 2688
25 80 710
26 0 120
26 1 124
26 2 1472
26 3 475
26 4 908
26 5 388
26 6 2278
26 7 826
26 8 2365
26 9 228
26 10 589
26 11 842
26 12 111
26 13 892
26 14 1605
26 15 757
26 16 1182
26 17 1485
26 18 1136
26 19 744
26 20 432
26 21 1021
26 22 1469
26 23 2347
26 24 1944
26 25 590
26 26 0
26 27 1231
26 28 2462
26 29 48
26 30 1279
26 31 2510
26 32 96
26 33 1327
26 34 2558
26 35 144
26 36 1375
26 37 2606
26 38 192
26 39 1423
26 40 2654
26 41 240
26 42 1471
26 43 2702
26 44 288
26 45 1519
26 46 2750
26 47 336
26 48 1567
26 49 2798
26 50 384
26 51 1615
26 52 2846
26 53 432
26 54 1663
26 55 2894
26 56 480
26 57 1711
26 58 2942
26 59 528
26 60 1759
26 61 2990
26 62 576
26 63 1807
26 64 3038
26 65 624
26 66 1855
26 67 3086
26 68 672
26 69 1903
26 70 3134
26 71 720
26 72 1951
26 73 3182
26 74 768
26 75 1999
26 76 3230
26 77 816
26 78 2047
26 79 3278
26 80 120
27 0 1351
27 1 1203
27 2 1199
27 3 852
27 4 323
27 5 843
27 6 1047
27 7 501
27 8 1134
27 9 1099
27 10 1122
27 11 1349
27 12 1216
27 13 1971
27 14 682
27 15 666
27 16 337
27 17 254
27 18 863
27 19 679
27 20 991
27 21 306
27 22 338
27 23 1116
27 24 713
27 25 1409
27 26 1231
27 27 0
27 28 1231
27 29 1279
27 30 48
27 31 1279
27 32 1327
27 33 96
27 34 1327
27 35 1375
27 36 144
27 37 1375
27 38 1423
27 39 192
27 40 1423
27 41 1471
27 42 240
27 43 1471
27 44 1519
27 45 288
27 46 1519
27 47 1567
27 48 336
27 49 1567
27 50 1615
27 51 384
27 52 1615
27 53 1663
27 54 432
27 55 1663
27 56 1711
27 57 480
27 58 1711
27 59 1759
27 60 528
27 61 1759
27 62 1807
27 63 576
27 64 1807
27 65 1855
27 66 624
27 67 1855
27 68 1903
27 69 672
27 70 1903
27 71 1951
27 72 720
27 73 1951
27 74 1999
27 75 768
27 76 1999
27 77 2047
27 78 816
27 79 2047
27 80 1351
28 0 2582
28 1 2434
28 2 2430
28 3 2083
28 4 1554
28 5 2074
28 6 280
28 7 1732
28 8 289
28 9 2330
28 10 2353
28 11 2580
28 12 2447
28 13 3202
28 14 1913
28 15 1897
28 16 1568
28 17 1073
28 18 2094
28 19 1910
28 20 2222
28 21 1537
28 22 1569
28 23 115
28 24 1766
28 25 2640
28 26 2462
28 27 1231
28 28 0
28 29 2510
28 30 1279
28 31 48
28 32 2558
28 33 1327
28 34 96
28 35 2606
28 36 1375
28 37 144
28 38 2654
28 39 1423
28 40 192
28 41 2702
28 42 1471
28 43 240
28 44 2750
28 45 1519
28 46 288
28 47 2798
28 48 1567
28 49 336
28 50 2846
28 51 1615
28 52 384
28 53 2894
28 54 1663
28 55 432
28 56 2942
28 57 1711
28 58 480
28 59 2990
28 60 1759
28 61 528
28 62 3038
28 63 1807
28 64 576
28 65 3086
28 66 1855
28 67 624
28 68 3134
28 69 1903
28 70 672
28 71 3182
28 72 1951
28 73 720
28 74 3230
28 75 1999
28 76 768
28 77 3278
28 78 2047
28 79 816
28 80 2582
29 0 168
29 1 76
29 2 1424
29 3 427
29 4 956
29 5 436
29 6 2230
29 7 778
29 8 2317
29 9 180
29 10 541
29 11 794
29 12 63
29 13 844
29 14 1557
29 15 709
29 16 1134
29 17 1437
29 18 1088
29 19 696
29 20 384
29 21 973
29 22 1421
29 23 2395
29 24 1896
29 25 542
29 26 48
29 27 1279
29 28 2510
29 29 0
29 30 1231
29 31 2462
29 32 48
29 33 1279
29 34 2510
29 35 96
29 36 1327
29 37 2558
29 38 144
29 39 1375
29 40 2606
29 41 192
29 42 1423
29 43 2654
29 44 240
29 45 1471
29 46 2702
29 47 288
29 48 1519
29 49 2750
29 50 336
29 51 1567
29 52 2798
29 53 384
29 54 1615
29 55 2846
29 56 432
29 57 1663
29 58 2894
29 59 480
29 60 1711
29 61 2942
29 62 528
29 63 1759
29 64 2990
29 65 576
29 66 1807
29 67 3038
29 68 624
29 69 1855
29 70 3086
29 71 672
29 72 1903
29 73 3134
29 74 720
29 75 1951
29 76 3182
29 77 768
29 78 1999
29 79 3230
29 80 168
30 0 1399
30 1 1155
30 2 1151
30 3 804
30 4 371
30 5 891
30 6 999
30 7 453
30 8 1086
30 9 1051
30 10 1074
30 11 1301
30 12 1168
30 13 1923
30 14 634
30 15 618
30 16 289
30 17 206
30 18 815
30 19 631
30 20 943
30 21 258
30 22 290
30 23 1164
30 24 665
30 25 1361
30 26 1279
30 27 48
30 28 1279
30 29 1231
30 30 0
30 31 1231
30 32 1279
30 33 48
30 34 1279
30 35 1327
30 36 96
30 37 1327
30 38 1375
30 39 144
30 40 1375
30 41 1423
30 42 192
30 43 1423
30 44 1471
30 45 240
30 46 1471
30 47 1519
30 48 288
30 49 1519
30 50 1567
30 51 336
30 52 1567
30 53 1615
30 54 384
30 55 1615
30 56 1663
30 57 432
30 58 1663
30 59 1711
30 60 480
30 61 1711
30 62 1759
30 63 528
30 64 1759
30 65 1807
30 66 576
30 67 1807
30 68 1855
30 69 624
30 70 1855
30 71 1903
30 72 672
30 73 1903
30 74 1951
30 75 720
30 76 1951
30 77 1999
30 78 768
30 79 1999
30 80 1399
31 0 2630
31 1 2386
31 2 2382
31 3 2035
31 4 1602
31 5 2122
31 6 232
31 7 1684
31 8 241
31 9 2282
31 10 2305
31 11 2532
31 12 2399
31 13 3154
31 14 1865
31 15 1849
31 16 1520
31 17 1025
31 18 2046
31 19 1862
31 20 2174
31 21 1489
31 22 1521
31 23 163
31 24 1718
31 25 2592
31 26 2510
31 27 1279
31 28 48
31 29 2462
31 30 1231
31 31 0
31 32 2510
31 33 1279
31 34 48
31 35 2558
31 36 1327
31 37 96
31 38 2606
31 39 1375
31 40 144
31 41 2654
31 42 1423
31 43 192
31 44 2702
31 45 1471
31 46 240
31 47 2750
31 48 1519
31 49 288
31 50 2798
31 51 1567
31 52 336
31 53 2846
31 54 1615
31 55 384
31 56 2894
31 57 1663
31 58 432
31 59 2942
31 60 1711
31 61 480
31 62 2990
31 63 1759
31 64 528
31 65 3038
31 66 1807
31 67 576
31 68 3086
31 69 1855
31 70 624
31 71 3134
31 72 1903
31 73 672
31 74 3182
31 75 1951
31 76 720
31 77 3230
31 78 1999
31 79 768
31 80 2630
32 0 216
32 1 124
32 2 1376
32 3 475
32 4 1004
32 5 484
32 6 2278
32 7 826
32 8 2269
32 9 228
32 10 493
32 11 746
32 12 111
32 13 796
32 14 1509
32 15 661
32 16 1086
32 17 1485
32 18 1040
32 19 648
32 20 336
32 21 1021
32 22 1373
32 23 2443
32 24 1848
32 25 494
32 26 96
32 27 1327
32 28 2558
32 29 48
32 30 1279
32 31 2510
32 32 0
32 33 1231
32 34 2462
32 35 48
32 36 1279
32 37 2510
32 38 96
32 39 1327
32 40 2558
32 41 144
32 42 1375
32 43 2606
32 44 192
32 45 1423
32 46 2654
32 47 240
32 48 1471
32 49 2702
32 50 288
32 51 1519
32 52 2750
32 53 336
32 54 1567
32 55 2798
32 56 384
32 57 1615
32 58 2846
32 59 432
32 60 1663
32 61 2894
32 62 480
32 63 1711
32 64 2942
32 65 528
32 66 1759
32 67 2990
32 68 576
32 69 1807
32 70 3038
32 71 624
32 72 1855
32 73 3086
32 74 672
32 75 1903
32 76 3134
32 77 720
32 78 1951
32 79 3182
32 80 216
33 0 1447
33 1 1203
33 2 1103
33 3 852
33 4 419
33 5 939
33 6 1047
33 7 501
33 8 1038
33 9 1099
33 10 1026
33 11 1253
33 12 1216
33 13 1875
33 14 586
33 15 570
33 16 241
33 17 254
33 18 767
33 19 583
33 20 895
33 21 306
33 22 242
33 23 1212
33 24 617
33 25 1313
33 26 1327
33 27 96
33 28 1327
33 29 1279
33 30 48
33 31 1279
33 32 1231
33 33 0
33 34 1231
33 35 1279
33 36 48
33 37 1279
33 38 1327
33 39 96
33 40 1327
33 41 1375
33 42 144
33 43 1375
33 44 1423
33 45 192
33 46 1423
33 47 1471
33 48 240
33 49 1471
33 50 1519
33 51 288
33 52 1519
33 53 1567
33 54 336
33 55 1567
33 56 1615
33 57 384
33 58 1615
33 59 1663
33 60 432
33 61 1663
33 62 1711
33 63 480
33 64 1711
33 65 1759
33 66 528
33 67 1759
33 68 1807
33 69 576
33 70 1807
33 71 1855
33 72 624
33 73 1855
33 74 1903
33 75 672
33 76 1903
33 77 1951
33 78 720
33 79 1951
33 80 1447
34 0 2678
34 1 2434
34 2 2334
34 3 2083
34 4 1650
34 5 2170
34 6 280
34 7 1732
34 8 193
34 9 2330
34 10 2257
34 11 2484
34 12 2447
34 13 3106
34 14 1817
34 15 1801
34 16 1472
34 17 1073
34 18 1998
34 19 1814
34 20 2126
34 21 1537
34 22 1473
34 23 211
34 24 1670
34 25 2544
34 26 2558
34 27 1327
34 28 96
34 29 2510
34 30 1279
34 31 48
34 32 2462
34 33 1231
34 34 0
34 35 2510
34 36 1279
34 37 48
34 38 2558
34 39 1327
34 40 96
34 41 2606
34 42 1375
34 43 144
34 44 2654
34 45 1423
34 46 192
34 47 2702
34 48 1471
34 49 240
34 50 2750
34 51 1519
34 52 288
34 53 2798
34 54 1567
34 55 336
34 56 2846
34 57 1615
34 58 384
34 59 2894
34 60 1663
34 61 432
34 62 2942
34 63 1711
34 64 480
34 65 2990
34 66 1759
34 67 528
34 68 3038
34 69 1807
34 70 576
34 71 3086
34 72 1855
34 73 624
34 74 3134
34 75 1903
34 76 672
34 77 3182
34 78 1951
34 79 720
34 80 2678
35 0 264
35 1 172
35 2 1328
35 3 523
35 4 1052
35 5 532
35 6 2326
35 7 874
35 8 2317
35 9 276
35 10 445
35 11 698
35 12 159
35 13 748
35 14 1461
35 15 709
35 16 1038
35 17 1533
35 18 992
35 19 696
35 20 384
35 21 1069
35 22 1325
35 23 2491
35 24 1800
35 25 446
35 26 144
35 27 1375
35 28 2606
35 29 96
35 30 1327
35 31 2558
35 32 48
35 33 1279
35 34 2510
35 35 0
35 36 1231
35 37 2462
35 38 48
35 39 1279
35 40 2510
35 41 96
35 42 1327
35 43 2558
35 44 144
35 45 1375
35 46 2606
35 47 192
35 48 1423
35 49 2654
35 50 240
35 51 1471
35 52 2702
35 53 288
35 54 1519
35 55 2750
35 56 336
35 57 1567
35 58 2798
35 59 384
35 60 1615
35 61 2846
35 62 432
35 63 1663
35 64 2894
35 65 480
35 66 1711
35 67 2942
35 68 528
35 69 1759
35 70 2990
35 71 576
35 72 1807
35 73 3038
35 74 624
35 75 1855
35 76 3086
35 77 672
35 78 1903
35 79 3134
35 80 264
36 0 1495
36 1 1251
36 2 1055
36 3 900
36 4 467
36 5 987
36 6 1095
36 7 549
36 8 1086
36 9 1147
36 10 978
36 11 1205
36 12 1264
36 13 1827
36 14 538
36 15 618
36 16 193
36 17 302
36 18 719
36 19 631
36 20 943
36 21 354
36 22 194
36 23 1260
36 24 569
36 25 1265
36 26 1375
36 27 144
36 28 1375
36 29 1327
36 30 96
36 31 1327
36 32 1279
36 33 48
36 34 1279
36 35 1231
36 36 0
36 37 1231
36 38 1279
36 39 48
36 40 1279
36 41 1327
36 42 96
36 43 1327
36 44 1375
36 45 144
36 46 1375
36 47 1423
36 48 192
36 49 1423
36 50 1471
36 51 240
36 52 1471
36 53 1519
36 54 288
36 55 1519
36 56 1567
36 57 336
36 58 1567
36 59 1615
36 60 384
36 61 1615
36 62 1663
36 63 432
36 64 1663
36 65 1711
36 66 480
36 67 1711
36 68 1759
36 69 528
36 70 1759
36 71 1807
36 72 576
36 73 1807
36 74 1855
36 75 624
36 76 1855
36 77 1903
36 78 672
36 79 1903
36 80 1495
37 0 2726
37 1 2482
37 2 2286
37 3 2131
37 4 1698
37 5 2218
37 6 328
37 7 1780
37 8 241
37 9 2378
37 10 2209
37 11 2436
37 12 2495
37 13 3058
37 14 1769
37 15 1849
37 16 1424
37 17 1121
37 18 1950
37 19 1862
37 20 2174
37 21 1585
37 22 1425
37 23 259
37 24 1622
37 25 2496
37 26 2606
37 27 1375
37 28 144
37 29 2558
37 30 1327
37 31 96
37 32 2510
37 33 1279
37 34 48
37 35 2462
37 36 1231
37 37 0
37 38 2510
37 39 1279
37 40 48
37 41 2558
37 42 1327
37 43 96
37 44 2606
37 45 1375
37 46 144
37 47 2654
37 48 1423
37 49 192
37 50 2702
37 51 1471
37 52 240
37 53 2750
37 54 1519
37 55 288
37 56 2798
37 57 1567
37 58 336
37 59 2846
37 60 1615
37 61 384
37 62 2894
37 63 1663
37 64 432
37 65 2942
37 66 1711
37 67 480
37 68 2990
37 69 1759
37 70 528
37 71 3038
37 72 1807
37 73 576
37 74 3086
37 75 1855
37 76 624
37 77 3134
37 78 1903
37 79 672
37 80 2726
38 0 312
38 1 220
38 2 1280
38 3 571
38 4 1100
38 5 580
38 6 2374
38 7 922
38 8 2365
38 9 324
38 10 397
38 11 650
38 12 207
38 13 700
38 14 1413
38 15 757
38 16 1086
38 17 1581
38 18 944
38 19 744
38 20 432
38 21 1117
38 22 1277
38 23 2539
38 24 1752
38 25 398
38 26 192
38 27 1423
38 28 2654
38 29 144
38 30 1375
38 31 2606
38 32 96
38 33 1327
38 34 2558
38 35 48
38 36 1279
38 37 2510
38 38 0
38 39 1231
38 40 2462
38 41 48
38 42 1279
38 43 2510
38 44 96
38 45 1327
38 46 2558
38 47 144
38 48 1375
38 49 2606
38 50 192
38 51 1423
38 52 2654
38 53 240
38 54 1471
38 55 2702
38 56 288
38 57 1519
38 58 2750
38 59 336
38 60 1567
38 61 2798
38 62 384
38 63 1615
38 64 2846
38 65 432
38 66 1663
38 67 2894
38 68 480
38 69 1711
38 70 2942
38 71 528
38 72 1759
38 73 2990
38 74 576
38 75 1807
38 76 3038
38 77 624
38 78 1855
38 79 3086
38 80 312
39 0 1543
39 1 1299
39 2 1007
39 3 948
39 4 515
39 5 1035
39 6 1143
39 7 597
39 8 1134
39 9 1195
39 10 930
39 11 1157
39 12 1312
39 13 1779
39 14 490
39 15 666
39 16 241
39 17 350
39 18 671
39 19 679
39 20 991
39 21 402
39 22 146
39 23 1308
39 24 521
39 25 1217
39 26 1423
39 27 192
39 28 1423
39 29 1375
39 30 144
39 31 1375
39 32 1327
39 33 96
39 34 1327
39 35 1279
39 36 48
39 37 1279
39 38 1231
39 39 0
39 40 1231
39 41 1279
39 42 48
39 43 1279
39 44 1327
39 45 96
39 46 1327
39 47 1375
39 48 144
39 49 1375
39 50 1423
39 51 192
39 52 1423
39 53 1471
39 54 240
39 55 1471
39 56 1519
39 57 288
39 58 1519
39 59 1567
39 60 336
39 61 1567
39 62 1615
39 63 384
39 64 1615
39 65 1663
39 66 432
39 67 1663
39 68 1711
39 69 480
39 70 1711
39 71 1759
39 72 528
39 73 1759
39 74 1807
39 75 576
39 76 1807
39 77 1855
39 78 624
39 79 1855
39 80 1543
40 0 2774
40 1 2530
40 2 2238
40 3 2179
40 4 1746
40 5 2266
40 6 376
40 7 1828
40 8 289
40 9 2426
40 10 2161
40 11 2388
40 12 2543
40 13 3010
40 14 1721
40 15 1897
40 16 1472
40 17 1169
40 18 1902
40 19 1910
40 20 2222
40 21 1633
40 22 1377
40 23 307
40 24 1574
40 25 2448
40 26 2654
40 27 1423
40 28 192
40 29 2606
40 30 1375
40 31 144
40 32 2558
40 33 1327
40 34 96
40 35 2510
40 36 1279
40 37 48
40 38 2462
40 39 1231
40 40 0
40 41 2510
40 42 1279
40 43 48
40 44 2558
40 45 1327
40 46 96
40 47 2606
40 48 1375
40 49 144
40 50 2654
40 51 1423
40 52 192
40 53 2702
40 54 1471
40 55 240
40 56 2750
40 57 1519
40 58 288
40 59 2798
40 60 1567
40 61 336
40 62 2846
40 63 1615
40 64 384
40 65 2894
40 66 1663
40 67 432
40 68 2942
40 69 1711
40 70 480
40 71 2990
40 72 1759
40 73 528
40 74 3038
40 75 1807
40 76 576
40 77 3086
40 78 1855
40 79 624
40 80 2774
41 0 360
41 1 268
41 2 1232
41 3 619
41 4 1148
41 5 628
41 6 2422
41 7 970
41 8 2413
41 9 372
41 10 349
41 11 602
41 12 255
41 13 652
41 14 1365
41 15 805
41 16 1134
41 17 1629
41 18 896
41 19 792
41 20 480
41 21 1165
41 22 1229
41 23 2587
41 24 1704
41 25 350
41 26 240
41 27 1471
41 28 2702
41 29 192
41 30 1423
41 31 2654
41 32 144
41 33 1375
41 34 2606
41 35 96
41 36 1327
41 37 2558
41 38 48
41 39 1279
41 40 2510
41 41 0
41 42 1231
41 43 2462
41 44 48
41 45 1279
41 46 2510
41 47 96
41 48 1327
41 49 2558
41 50 144
41 51 1375
41 52 2606
41 53 192
41 54 1423
41 55 2654
41 56 240
41 57 1471
41 58 2702
41 59 288
41 60 1519
41 61 2750
41 62 336
41 63 1567
41 64 2798
41 65 384
41 66 1615
41 67 2846
41 68 432
41 69 1663
41 70 2894
41 71 480
41 72 1711
41 73 2942
41 74 528
41 75 1759
41 76 2990
41 77 576
41 78 1807
41 79 3038
41 80 360
42 0 1591
42 1 1347
42 2 959
42 3 996
42 4 563
42 5 1083
42 6 1191
42 7 645
42 8 1182
42 9 1243
42 10 882
42 11 1109
42 12 1360
42 13 1731
42 14 442
42 15 714
42 16 289
42 17 398
42 18 623
42 19 727
42 20 1039
42 21 450
42 22 98
42 23 1356
42 24 473
42 25 1169
42 26 1471
42 27 240
42 28 1471
42 29 1423
42 30 192
42 31 1423
42 32 1375
42 33 144
42 34 1375
42 35 1327
42 36 96
42 37 1327
42 38 1279
42 39 48
42 40 1279
42 41 1231
42 42 0
42 43 1231
42 44 1279
42 45 48
42 46 1279
42 47 1327
42 48 96
42 49 1327
42 50 1375
42 51 144
42 52 1375
42 53 1423
42 54 192
42 55 1423
42 56 1471
42 57 240
42 58 1471
42 59 1519
42 60 288
42 61 1519
42 62 1567
42 63 336
42 64 1567
42 65 1615
42 66 384
42 67 1615
42 68 1663
42 69 432
42 70 1663
42 71 1711
42 72 480
42 73 1711
42 74 1759
42 75 528
42 76 1759
42 77 1807
42 78 576
42 79 1807
42 80 1591
43 0 2822
43 1 2578
43 2 2190
43 3 2227
43 4 1794
43 5 2314
43 6 424
43 7 1876
43 8 337
43 9 2474
43 10 2113
43 11 2340
43 12 2591
43 13 2962
43 14 1673
43 15 1945
43 16 1520
43 17 1217
43 18 1854
43 19 1958
43 20 2270
43 21 1681
43 22 1329
43 23 355
43 24 1526
43 25 2400
43 26 2702
43 27 1471
43 28 240
43 29 2654
43 30 1423
43 31 192
43 32 2606
43 33 1375
43 34 144
43 35 2558
43 36 1327
43 37 96
43 38 2510
43 39 1279
43 40 48
43 41 2462
43 42 1231
43 43 0
43 44 2510
43 45 1279
43 46 48
43 47 2558
43 48 1327
43 49 96
43 50 2606
43 51 1375
43 52 144
43 53 2654
43 54 1423
43 55 192
43 56 2702
43 57 1471
43 58 240
43 59 2750
43 60 1519
43 61 288
43 62 2798
43 63 1567
43 64 336
43 65 2846
43 66 1615
43 67 384
43 68 2894
43 69 1663
43 70 432
43 71 2942
43 72 1711
43 73 480
43 74 2990
43 75 1759
43 76 528
43 77 3038
43 78 1807
43 79 576
43 80 2822
44 0 408
44 1 316
44 2 1184
44 3 667
44 4 1196
44 5 676
44 6 2470
44 7 1018
44 8 2461
44 9 420
44 10 397
44 11 554
44 12 303
44 13 604
44 14 1317
44 15 853
44 16 1182
44 17 1677
44 18 848
44 19 840
44 20 528
44 21 1213
44 22 1181
44 23 2635
44 24 1656
44 25 302
44 26 288
44 27 1519
44 28 2750
44 29 240
44 30 1471
44 31 2702
44 32 192
44 33 1423
44 34 2654
