//alpha
1
//NbLocations
91
//NbProducts
36
//NbPickers
2
//CapaPicker
4
//TimeToTravelOneDistanceUnit
3
//SetupTime
5400
//PickTime
300
//Products
//Idx Location Size
1 1 1
2 2 1
3 3 1
4 4 1
5 5 1
6 6 1
7 7 1
8 8 1
9 9 1
10 10 1
11 11 1
12 12 1
13 13 1
14 14 1
15 15 1
16 16 1
17 17 1
18 18 1
19 19 1
20 20 1
21 21 1
22 22 1
23 23 1
24 24 1
25 25 1
26 26 1
27 27 1
28 28 1
29 29 1
30 30 1
31 31 1
32 32 1
33 33 1
34 34 1
35 35 1
36 36 1
//Orders
//NbOrders
18
//Idx DueDate TardinessPenalty NbProdInOrder ProdIdx1 Qty1 ProdIdx2 Qty2 ...
1 126000 0 1 1 1
2 90000 0 2 2 1 3 1
3 126000 0 2 4 1 5 1
4 90000 0 2 6 1 7 1
5 144000 0 1 8 1
6 54000 0 1 9 1
7 72000 0 2 10 1 11 1
8 72000 0 3 12 1 13 1 14 1
9 36000 0 2 15 1 16 1
10 72000 0 4 17 1 18 1 19 1 20 1
11 126000 0 1 21 1
12 108000 0 1 22 1
13 72000 0 3 23 1 24 1 25 1
14 72000 0 2 26 1 27 1
15 126000 0 3 28 1 29 1 30 1
16 72000 0 3 31 1 32 1 33 1
17 108000 0 2 34 1 35 1
18 36000 0 1 36 1
//Graph (Products are vertices indexed from 1 to NbProducts)
//NbVerticesIntersections
54
//DepartingDepot
0
//ArrivalDepot
91
//Arcs
//Start End Distance
0 37 120
1 77 219
1 78 1012
2 61 219
2 62 1012
3 62 1142
3 63 89
4 15 416
4 80 700
5 30 130
5 90 505
6 82 128
6 83 1103
7 56 778
7 57 453
8 30 247
8 89 349
9 43 258
9 44 973
10 46 869
10 47 362
11 13 65
11 33 390
12 28 312
12 69 557
13 11 65
13 83 180
14 29 390
14 59 245
15 4 416
15 81 115
16 27 676
16 51 141
17 35 624
17 37 570
18 34 52
18 74 206
19 38 349
19 39 882
20 26 91
20 59 1064
21 32 13
21 74 1168
22 65 934
22 66 297
23 52 531
23 53 700
24 67 414
24 68 817
25 53 752
25 54 479
26 20 91
26 58 76
27 16 676
27 50 414
28 12 312
28 36 104
29 14 390
29 60 596
30 5 130
30 8 247
31 55 76
31 56 1155
32 21 13
32 73 50
33 11 390
33 84 596
34 18 52
34 75 973
35 17 624
35 38 37
36 28 104
36 68 258
37 17 570
37 40 48
37 91 120
38 19 349
38 35 37
38 41 48
39 19 882
39 42 48
40 37 48
40 41 1231
40 43 48
41 38 48
41 40 1231
41 42 1231
41 44 48
42 39 48
42 41 1231
42 45 48
43 9 258
43 40 48
43 46 48
44 9 973
44 41 48
44 45 1231
44 47 48
45 42 48
45 44 1231
45 48 48
46 10 869
46 43 48
46 49 48
47 10 362
47 44 48
47 48 1231
47 50 48
48 45 48
48 47 1231
48 51 48
49 46 48
49 50 1231
49 52 48
50 27 414
50 47 48
50 49 1231
50 53 48
51 16 141
51 48 48
51 54 48
52 23 531
52 49 48
52 55 48
53 23 700
53 25 752
53 50 48
53 56 48
54 25 479
54 51 48
54 57 48
55 31 76
55 52 48
55 58 48
56 7 778
56 31 1155
56 53 48
56 59 48
57 7 453
57 54 48
57 60 48
58 26 76
58 55 48
58 61 48
59 14 245
59 20 1064
59 56 48
59 62 48
60 29 596
60 57 48
60 63 48
61 2 219
61 58 48
61 64 48
62 2 1012
62 3 1142
62 59 48
62 65 48
63 3 89
63 60 48
63 66 48
64 61 48
64 65 1231
64 67 48
65 22 934
65 62 48
65 64 1231
65 68 48
66 22 297
66 63 48
66 69 48
67 24 414
67 64 48
67 70 48
68 24 817
68 36 258
68 65 48
68 71 48
69 12 557
69 66 48
69 72 48
70 67 48
70 71 1231
70 73 48
71 68 48
71 70 1231
71 72 1231
71 74 48
72 69 48
72 71 1231
72 75 48
73 32 50
73 70 48
73 76 48
74 18 206
74 21 1168
74 71 48
74 77 48
75 34 973
75 72 48
75 78 48
76 73 48
76 77 1231
76 79 48
77 1 219
77 74 48
77 76 1231
77 80 48
78 1 1012
78 75 48
78 81 48
79 76 48
79 80 1231
79 82 48
80 4 700
80 77 48
80 79 1231
80 83 48
81 15 115
81 78 48
81 84 48
82 6 128
82 79 48
82 85 48
83 6 1103
83 13 180
83 80 48
83 86 48
84 33 596
84 81 48
84 87 48
85 82 48
85 86 1231
85 88 48
86 83 48
86 85 1231
86 87 1231
86 89 48
87 84 48
87 86 1231
87 90 48
88 85 48
88 89 1231
89 8 349
89 86 48
89 88 1231
90 5 505
90 87 48
//LocStart LocEnd ShortestPath
0 0 0
0 1 2194
0 2 723
0 3 2877
0 4 2723
0 5 2893
0 6 968
0 7 2417
0 8 2516
0 9 474
0 10 1133
0 11 2316
0 12 2505
0 13 2251
0 14 1932
0 15 3139
0 16 2633
0 17 690
0 18 2133
0 19 1700
0 20 623
0 21 759
0 22 2717
0 23 891
0 24 1014
0 25 2343
0 26 532
0 27 1957
0 28 2193
0 29 2322
0 30 2763
0 31 484
0 32 746
0 33 2706
0 34 2185
0 35 1314
0 36 2089
0 37 120
0 38 1351
0 39 2582
0 40 168
0 41 1399
0 42 2630
0 43 216
0 44 1447
0 45 2678
0 46 264
0 47 1495
0 48 2726
0 49 312
0 50 1543
0 51 2774
0 52 360
0 53 1591
0 54 2822
0 55 408
0 56 1639
0 57 2870
0 58 456
0 59 1687
0 60 2918
0 61 504
0 62 1735
0 63 2966
0 64 552
0 65 1783
0 66 3014
0 67 600
0 68 1831
0 69 3062
0 70 648
0 71 1879
0 72 3110
0 73 696
0 74 1927
0 75 3158
0 76 744
0 77 1975
0 78 3206
0 79 792
0 80 2023
0 81 3254
0 82 840
0 83 2071
0 84 3302
0 85 888
0 86 2119
0 87 3350
0 88 936
0 89 2167
0 90 3398
0 91 0
1 0 2194
1 1 0
1 2 1471
1 3 1341
1 4 967
1 5 1137
1 6 1418
1 7 1333
1 8 760
1 9 1720
1 10 1061
1 11 560
1 12 1037
1 13 495
1 14 752
1 15 1175
1 16 1585
1 17 1504
1 18 473
1 19 1192
1 20 1571
1 21 1435
1 22 1345
1 23 1303
1 24 1180
1 25 1355
1 26 1662
1 27 1065
1 28 725
1 29 1142
1 30 1007
1 31 1710
1 32 1448
1 33 950
1 34 525
1 35 880
1 36 621
1 37 2074
1 38 843
1 39 1636
1 40 2026
1 41 795
1 42 1588
1 43 1978
1 44 747
1 45 1540
1 46 1930
1 47 699
1 48 1492
1 49 1882
1 50 651
1 51 1444
1 52 1834
1 53 603
1 54 1396
1 55 1786
1 56 555
1 57 1348
1 58 1738
1 59 507
1 60 1300
1 61 1690
1 62 459
1 63 1252
1 64 1642
1 65 411
1 66 1204
1 67 1594
1 68 363
1 69 1156
1 70 1546
1 71 315
1 72 1108
1 73 1498
1 74 267
1 75 1060
1 76 1450
1 77 219
1 78 1012
1 79 1498
1 80 267
1 81 1060
1 82 1546
1 83 315
1 84 1108
1 85 1594
1 86 363
1 87 1156
1 88 1642
1 89 411
1 90 1204
1 91 2194
2 0 723
2 1 1471
2 2 0
2 3 2154
2 4 2000
2 5 2170
2 6 683
2 7 1886
2 8 1793
2 9 765
2 10 1328
2 11 1593
2 12 1782
2 13 1528
2 14 1305
2 15 2416
2 16 2294
2 17 1173
2 18 1410
2 19 1745
2 20 434
2 21 474
2 22 1994
2 23 894
2 24 729
2 25 1908
2 26 343
2 27 1618
2 28 1470
2 29 1695
2 30 2040
2 31 391
2 32 461
2 33 1983
2 34 1462
2 35 1433
2 36 1366
2 37 603
2 38 1396
2 39 2627
2 40 555
2 41 1348
2 42 2579
2 43 507
2 44 1300
2 45 2531
2 46 459
2 47 1252
2 48 2483
2 49 411
2 50 1204
2 51 2435
2 52 363
2 53 1156
2 54 2387
2 55 315
2 56 1108
2 57 2339
2 58 267
2 59 1060
2 60 2291
2 61 219
2 62 1012
2 63 2243
2 64 267
2 65 1060
2 66 2291
2 67 315
2 68 1108
2 69 2339
2 70 363
2 71 1156
2 72 2387
2 73 411
2 74 1204
2 75 2435
2 76 459
2 77 1252
2 78 2483
2 79 507
2 80 1300
2 81 2531
2 82 555
2 83 1348
2 84 2579
2 85 603
2 86 1396
2 87 2627
2 88 651
2 89 1444
2 90 2675
2 91 723
3 0 2877
3 1 1341
3 2 2154
3 3 0
3 4 908
3 5 1026
3 6 2581
3 7 638
3 8 1403
3 9 2403
3 10 1744
3 11 1411
3 12 742
3 13 1476
3 14 1123
3 15 492
3 16 422
3 17 2187
3 18 1306
3 19 1355
3 20 2254
3 21 2502
3 22 434
3 23 1986
3 24 2055
3 25 712
3 26 2345
3 27 1098
3 28 1054
3 29 733
3 30 1156
3 31 2393
3 32 2515
3 33 1021
3 34 1254
3 35 1563
3 36 1158
3 37 2757
3 38 1526
3 39 473
3 40 2709
3 41 1478
3 42 425
3 43 2661
3 44 1430
3 45 377
3 46 2613
3 47 1382
3 48 329
3 49 2565
3 50 1334
3 51 281
3 52 2517
3 53 1286
3 54 233
3 55 2469
3 56 1238
3 57 185
3 58 2421
3 59 1190
3 60 137
3 61 2373
3 62 1142
3 63 89
3 64 2421
3 65 1190
3 66 137
3 67 2469
3 68 1238
3 69 185
3 70 2517
3 71 1286
3 72 233
3 73 2565
3 74 1334
3 75 281
3 76 2613
3 77 1382
3 78 329
3 79 2661
3 80 1430
3 81 377
3 82 2709
3 83 1478
3 84 425
3 85 2757
3 86 1526
3 87 473
3 88 2805
3 89 1574
3 90 521
3 91 2877
4 0 2723
4 1 967
4 2 2000
4 3 908
4 4 0
4 5 1180
4 6 1851
4 7 1368
4 8 1193
4 9 2249
4 10 1590
4 11 993
4 12 1280
4 13 928
4 14 1281
4 15 416
4 16 1152
4 17 2033
4 18 1002
4 19 1721
4 20 2100
4 21 1964
4 22 1068
4 23 1832
4 24 1709
4 25 1442
4 26 2191
4 27 1594
4 28 1254
4 29 1463
4 30 1310
4 31 2239
4 32 1977
4 33 1175
4 34 1054
4 35 1409
4 36 1150
4 37 2603
4 38 1372
4 39 1203
4 40 2555
4 41 1324
4 42 1155
4 43 2507
4 44 1276
4 45 1107
4 46 2459
4 47 1228
4 48 1059
4 49 2411
4 50 1180
4 51 1011
4 52 2363
4 53 1132
4 54 963
4 55 2315
4 56 1084
4 57 915
4 58 2267
4 59 1036
4 60 867
4 61 2219
4 62 988
4 63 819
4 64 2171
4 65 940
4 66 771
4 67 2123
4 68 892
4 69 723
4 70 2075
4 71 844
4 72 675
4 73 2027
4 74 796
4 75 627
4 76 1979
4 77 748
4 78 579
4 79 1931
4 80 700
4 81 531
4 82 1979
4 83 748
4 84 579
4 85 2027
4 86 796
4 87 627
4 88 2075
4 89 844
4 90 675
4 91 2723
5 0 2893
5 1 1137
5 2 2170
5 3 1026
5 4 1180
5 5 0
5 6 1925
5 7 1486
5 8 377
5 9 2419
5 10 1760
5 11 1067
5 12 1398
5 13 1002
5 14 1451
5 15 764
5 16 1270
5 17 2203
5 18 1172
5 19 1891
5 20 2270
5 21 2134
5 22 1186
5 23 2002
5 24 1879
5 25 1560
5 26 2361
5 27 1764
5 28 1424
5 29 1581
5 30 130
5 31 2409
5 32 2147
5 33 1197
5 34 1224
5 35 1579
5 36 1320
5 37 2773
5 38 1542
5 39 1321
5 40 2725
5 41 1494
5 42 1273
5 43 2677
5 44 1446
5 45 1225
5 46 2629
5 47 1398
5 48 1177
5 49 2581
5 50 1350
5 51 1129
5 52 2533
5 53 1302
5 54 1081
5 55 2485
5 56 1254
5 57 1033
5 58 2437
5 59 1206
5 60 985
5 61 2389
5 62 1158
5 63 937
5 64 2341
5 65 1110
5 66 889
5 67 2293
5 68 1062
5 69 841
5 70 2245
5 71 1014
5 72 793
5 73 2197
5 74 966
5 75 745
5 76 2149
5 77 918
5 78 697
5 79 2101
5 80 870
5 81 649
5 82 2053
5 83 822
5 84 601
5 85 2005
5 86 774
5 87 553
5 88 1957
5 89 726
5 90 505
5 91 2893
6 0 968
6 1 1418
6 2 683
6 3 2581
6 4 1851
6 5 1925
6 6 0
6 7 2313
6 8 1548
6 9 1010
6 10 1573
6 11 1348
6 12 2017
6 13 1283
6 14 1732
6 15 2267
6 16 2721
6 17 1418
6 18 1453
6 19 2172
6 20 679
6 21 335
6 22 2325
6 23 1139
6 24 782
6 25 2335
6 26 588
6 27 2045
6 28 1705
6 29 2122
6 30 1795
6 31 636
6 32 322
6 33 1738
6 34 1505
6 35 1860
6 36 1601
6 37 848
6 38 1823
6 39 3054
6 40 800
6 41 1775
6 42 3006
6 43 752
6 44 1727
6 45 2958
6 46 704
6 47 1679
6 48 2910
6 49 656
6 50 1631
6 51 2862
6 52 608
6 53 1583
6 54 2814
6 55 560
6 56 1535
6 57 2766
6 58 512
6 59 1487
6 60 2718
6 61 464
6 62 1439
6 63 2670
6 64 416
6 65 1391
6 66 2622
6 67 368
6 68 1343
6 69 2574
6 70 320
6 71 1295
6 72 2526
6 73 272
6 74 1247
6 75 2478
6 76 224
6 77 1199
6 78 2430
6 79 176
6 80 1151
6 81 2382
6 82 128
6 83 1103
6 84 2334
6 85 176
6 86 1151
6 87 2382
6 88 224
6 89 1199
6 90 2430
6 91 968
7 0 2417
7 1 1333
7 2 1886
7 3 638
7 4 1368
7 5 1486
7 6 2313
7 7 0
7 8 1655
7 9 1943
7 10 1284
7 11 1455
7 12 1202
7 13 1390
7 14 1071
7 15 952
7 16 690
7 17 1727
7 18 1272
7 19 1415
7 20 1890
7 21 2234
7 22 894
7 23 1526
7 24 1787
7 25 980
7 26 1981
7 27 1288
7 28 1332
7 29 1097
7 30 1616
7 31 1933
7 32 2247
7 33 1481
7 34 1324
7 35 1103
7 36 1228
7 37 2297
7 38 1066
7 39 741
7 40 2249
7 41 1018
7 42 693
7 43 2201
7 44 970
7 45 645
7 46 2153
7 47 922
7 48 597
7 49 2105
7 50 874
7 51 549
7 52 2057
7 53 826
7 54 501
7 55 2009
7 56 778
7 57 453
7 58 2057
7 59 826
7 60 501
7 61 2105
7 62 874
7 63 549
7 64 2153
7 65 922
7 66 597
7 67 2201
7 68 970
7 69 645
7 70 2249
7 71 1018
7 72 693
7 73 2297
7 74 1066
7 75 741
7 76 2345
7 77 1114
7 78 789
7 79 2393
7 80 1162
7 81 837
7 82 2441
7 83 1210
7 84 885
7 85 2489
7 86 1258
7 87 933
7 88 2537
7 89 1306
7 90 981
7 91 2417
8 0 2516
8 1 760
8 2 1793
8 3 1403
8 4 1193
8 5 377
8 6 1548
8 7 1655
8 8 0
8 9 2042
8 10 1383
8 11 690
8 12 1359
8 13 625
8 14 1074
8 15 1141
8 16 1647
8 17 1826
8 18 795
8 19 1514
8 20 1893
8 21 1757
8 22 1563
8 23 1625
8 24 1502
8 25 1677
8 26 1984
8 27 1387
8 28 1047
8 29 1464
8 30 247
8 31 2032
8 32 1770
8 33 1080
8 34 847
8 35 1202
8 36 943
8 37 2396
8 38 1165
8 39 1698
8 40 2348
8 41 1117
8 42 1650
8 43 2300
8 44 1069
8 45 1602
8 46 2252
8 47 1021
8 48 1554
8 49 2204
8 50 973
8 51 1506
8 52 2156
8 53 925
8 54 1458
8 55 2108
8 56 877
8 57 1410
8 58 2060
8 59 829
8 60 1362
8 61 2012
8 62 781
8 63 1314
8 64 1964
8 65 733
8 66 1266
8 67 1916
8 68 685
8 69 1218
8 70 1868
8 71 637
8 72 1170
8 73 1820
8 74 589
8 75 1122
8 76 1772
8 77 541
8 78 1074
8 79 1724
8 80 493
8 81 1026
8 82 1676
8 83 445
8 84 978
8 85 1628
8 86 397
8 87 930
8 88 1580
8 89 349
8 90 882
8 91 2516
9 0 474
9 1 1720
9 2 765
9 3 2403
9 4 2249
9 5 2419
9 6 1010
9 7 1943
9 8 2042
9 9 0
9 10 1175
9 11 1842
9 12 2031
9 13 1777
9 14 1458
9 15 2665
9 16 2159
9 17 924
9 18 1659
9 19 1418
9 20 665
9 21 801
9 22 2243
9 23 933
9 24 1056
9 25 1869
9 26 574
9 27 1483
9 28 1719
9 29 1848
9 30 2289
9 31 526
9 32 788
9 33 2232
9 34 1711
9 35 1106
9 36 1615
9 37 354
9 38 1069
9 39 2300
9 40 306
9 41 1021
9 42 2252
9 43 258
9 44 973
9 45 2204
9 46 306
9 47 1021
9 48 2252
9 49 354
9 50 1069
9 51 2300
9 52 402
9 53 1117
9 54 2348
9 55 450
9 56 1165
9 57 2396
9 58 498
9 59 1213
9 60 2444
9 61 546
9 62 1261
9 63 2492
9 64 594
9 65 1309
9 66 2540
9 67 642
9 68 1357
9 69 2588
9 70 690
9 71 1405
9 72 2636
9 73 738
9 74 1453
9 75 2684
9 76 786
9 77 1501
9 78 2732
9 79 834
9 80 1549
9 81 2780
9 82 882
9 83 1597
9 84 2828
9 85 930
9 86 1645
9 87 2876
9 88 978
9 89 1693
9 90 2924
9 91 474
10 0 1133
10 1 1061
10 2 1328
10 3 1744
10 4 1590
10 5 1760
10 6 1573
10 7 1284
10 8 1383
10 9 1175
10 10 0
10 11 1183
10 12 1372
10 13 1118
10 14 799
10 15 2006
10 16 1500
10 17 1167
10 18 1000
10 19 855
10 20 1228
10 21 1364
10 22 1584
10 23 1158
10 24 1515
10 25 1210
10 26 1137
10 27 824
10 28 1060
10 29 1189
10 30 1630
10 31 1089
10 32 1351
10 33 1573
10 34 1052
10 35 543
10 36 956
10 37 1013
10 38 506
10 39 1737
10 40 965
10 41 458
10 42 1689
10 43 917
10 44 410
10 45 1641
10 46 869
10 47 362
10 48 1593
10 49 917
10 50 410
10 51 1641
10 52 965
10 53 458
10 54 1689
10 55 1013
10 56 506
10 57 1737
10 58 1061
10 59 554
10 60 1785
10 61 1109
10 62 602
10 63 1833
10 64 1157
10 65 650
10 66 1881
10 67 1205
10 68 698
10 69 1929
10 70 1253
10 71 746
10 72 1977
10 73 1301
10 74 794
10 75 2025
10 76 1349
10 77 842
10 78 2073
10 79 1397
10 80 890
10 81 2121
10 82 1445
10 83 938
10 84 2169
10 85 1493
10 86 986
10 87 2217
10 88 1541
10 89 1034
10 90 2265
10 91 1133
11 0 2316
11 1 560
11 2 1593
11 3 1411
11 4 993
11 5 1067
11 6 1348
11 7 1455
11 8 690
11 9 1842
11 10 1183
11 11 0
11 12 1159
11 13 65
11 14 874
11 15 1149
11 16 1655
11 17 1626
11 18 595
11 19 1314
11 20 1693
11 21 1557
11 22 1467
11 23 1425
11 24 1302
11 25 1477
11 26 1784
11 27 1187
11 28 847
11 29 1264
11 30 937
11 31 1832
11 32 1570
11 33 390
11 34 647
11 35 1002
11 36 743
11 37 2196
11 38 965
11 39 1706
11 40 2148
11 41 917
11 42 1658
11 43 2100
11 44 869
11 45 1610
11 46 2052
11 47 821
11 48 1562
11 49 2004
11 50 773
11 51 1514
11 52 1956
11 53 725
11 54 1466
11 55 1908
11 56 677
11 57 1418
11 58 1860
11 59 629
11 60 1370
11 61 1812
11 62 581
11 63 1322
11 64 1764
11 65 533
11 66 1274
11 67 1716
11 68 485
11 69 1226
11 70 1668
11 71 437
11 72 1178
11 73 1620
11 74 389
11 75 1130
11 76 1572
11 77 341
11 78 1082
11 79 1524
11 80 293
11 81 1034
11 82 1476
11 83 245
11 84 986
11 85 1524
11 86 293
11 87 1034
11 88 1572
11 89 341
11 90 1082
11 91 2316
12 0 2505
12 1 1037
12 2 1782
12 3 742
12 4 1280
12 5 1398
12 6 2017
12 7 1202
12 8 1359
12 9 2031
12 10 1372
12 11 1159
12 12 0
12 13 1094
12 14 1063
12 15 864
12 16 986
12 17 1815
12 18 976
12 19 1503
12 20 1882
12 21 1938
12 22 902
12 23 1614
12 24 1491
12 25 1276
12 26 1973
12 27 1376
12 28 312
12 29 1297
12 30 1528
12 31 2021
12 32 1951
12 33 1393
12 34 1028
12 35 1191
12 36 416
12 37 2385
12 38 1154
12 39 1037
12 40 2337
12 41 1106
12 42 989
12 43 2289
12 44 1058
12 45 941
12 46 2241
12 47 1010
12 48 893
12 49 2193
12 50 962
12 51 845
12 52 2145
12 53 914
12 54 797
12 55 2097
12 56 866
12 57 749
12 58 2049
12 59 818
12 60 701
12 61 2001
12 62 770
12 63 653
12 64 1953
12 65 722
12 66 605
12 67 1905
12 68 674
12 69 557
12 70 1953
12 71 722
12 72 605
12 73 2001
12 74 770
12 75 653
12 76 2049
12 77 818
12 78 701
12 79 2097
12 80 866
12 81 749
12 82 2145
12 83 914
12 84 797
12 85 2193
12 86 962
12 87 845
12 88 2241
12 89 1010
12 90 893
12 91 2505
13 0 2251
13 1 495
13 2 1528
13 3 1476
13 4 928
13 5 1002
13 6 1283
13 7 1390
13 8 625
13 9 1777
13 10 1118
13 11 65
13 12 1094
13 13 0
13 14 809
13 15 1214
13 16 1720
13 17 1561
13 18 530
13 19 1249
13 20 1628
13 21 1492
13 22 1402
13 23 1360
13 24 1237
13 25 1412
13 26 1719
13 27 1122
13 28 782
13 29 1199
13 30 872
13 31 1767
13 32 1505
13 33 455
13 34 582
13 35 937
13 36 678
13 37 2131
13 38 900
13 39 1771
13 40 2083
13 41 852
13 42 1723
13 43 2035
13 44 804
13 45 1675
13 46 1987
13 47 756
13 48 1627
13 49 1939
13 50 708
13 51 1579
13 52 1891
13 53 660
13 54 1531
13 55 1843
13 56 612
13 57 1483
13 58 1795
13 59 564
13 60 1435
13 61 1747
13 62 516
13 63 1387
13 64 1699
13 65 468
13 66 1339
13 67 1651
13 68 420
13 69 1291
13 70 1603
13 71 372
13 72 1243
13 73 1555
13 74 324
13 75 1195
13 76 1507
13 77 276
13 78 1147
13 79 1459
13 80 228
13 81 1099
13 82 1411
13 83 180
13 84 1051
13 85 1459
13 86 228
13 87 1099
13 88 1507
13 89 276
13 90 1147
13 91 2251
14 0 1932
14 1 752
14 2 1305
14 3 1123
14 4 1281
14 5 1451
14 6 1732
14 7 1071
14 8 1074
14 9 1458
14 10 799
14 11 874
14 12 1063
14 13 809
14 14 0
14 15 1437
14 16 1271
14 17 1242
14 18 691
14 19 930
14 20 1309
14 21 1653
14 22 1275
14 23 1041
14 24 1206
14 25 1093
14 26 1400
14 27 803
14 28 751
14 29 390
14 30 1321
14 31 1448
14 32 1666
14 33 1264
14 34 743
14 35 618
14 36 647
14 37 1812
14 38 581
14 39 1322
14 40 1764
14 41 533
14 42 1274
14 43 1716
14 44 485
14 45 1226
14 46 1668
14 47 437
14 48 1178
14 49 1620
14 50 389
14 51 1130
14 52 1572
14 53 341
14 54 1082
14 55 1524
14 56 293
14 57 1034
14 58 1476
14 59 245
14 60 986
14 61 1524
14 62 293
14 63 1034
14 64 1572
14 65 341
14 66 1082
14 67 1620
14 68 389
14 69 1130
14 70 1668
14 71 437
14 72 1178
14 73 1716
14 74 485
14 75 1226
14 76 1764
14 77 533
14 78 1274
14 79 1812
14 80 581
14 81 1322
14 82 1860
14 83 629
14 84 1370
14 85 1908
14 86 677
14 87 1418
14 88 1956
14 89 725
14 90 1466
14 91 1932
15 0 3139
15 1 1175
15 2 2416
15 3 492
15 4 416
15 5 764
15 6 2267
15 7 952
15 8 1141
15 9 2665
15 10 2006
15 11 1149
15 12 864
15 13 1214
15 14 1437
15 15 0
15 16 736
15 17 2449
15 18 1236
15 19 1669
15 20 2516
15 21 2380
15 22 652
15 23 2248
15 24 2125
15 25 1026
15 26 2607
15 27 1412
15 28 1176
15 29 1047
15 30 894
15 31 2655
15 32 2393
15 33 759
15 34 1184
15 35 1825
15 36 1280
15 37 3019
15 38 1788
15 39 787
15 40 2971
15 41 1740
15 42 739
15 43 2923
15 44 1692
15 45 691
15 46 2875
15 47 1644
15 48 643
15 49 2827
15 50 1596
15 51 595
15 52 2779
15 53 1548
15 54 547
15 55 2731
15 56 1500
15 57 499
15 58 2683
15 59 1452
15 60 451
15 61 2635
15 62 1404
15 63 403
15 64 2587
15 65 1356
15 66 355
15 67 2539
15 68 1308
15 69 307
15 70 2491
15 71 1260
15 72 259
15 73 2443
15 74 1212
15 75 211
15 76 2395
15 77 1164
15 78 163
15 79 2347
15 80 1116
15 81 115
15 82 2395
15 83 1164
15 84 163
15 85 2443
15 86 1212
15 87 211
15 88 2491
15 89 1260
15 90 259
15 91 3139
16 0 2633
16 1 1585
16 2 2294
16 3 422
16 4 1152
16 5 1270
16 6 2721
16 7 690
16 8 1647
16 9 2159
16 10 1500
16 11 1655
16 12 986
16 13 1720
16 14 1271
16 15 736
16 16 0
16 17 1943
16 18 1550
16 19 1215
16 20 2298
16 21 2642
16 22 678
16 23 1838
16 24 2195
16 25 668
16 26 2389
16 27 676
16 28 1298
16 29 881
16 30 1400
16 31 2341
16 32 2655
16 33 1265
16 34 1498
16 35 1319
16 36 1402
16 37 2513
16 38 1282
16 39 333
16 40 2465
16 41 1234
16 42 285
16 43 2417
16 44 1186
16 45 237
16 46 2369
16 47 1138
16 48 189
16 49 2321
16 50 1090
16 51 141
16 52 2369
16 53 1138
16 54 189
16 55 2417
16 56 1186
16 57 237
16 58 2465
16 59 1234
16 60 285
16 61 2513
16 62 1282
16 63 333
16 64 2561
16 65 1330
16 66 381
16 67 2609
16 68 1378
16 69 429
16 70 2657
16 71 1426
16 72 477
16 73 2705
16 74 1474
16 75 525
16 76 2753
16 77 1522
16 78 573
16 79 2801
16 80 1570
16 81 621
16 82 2849
16 83 1618
16 84 669
16 85 2897
16 86 1666
16 87 717
16 88 2945
16 89 1714
16 90 765
16 91 2633
17 0 690
17 1 1504
17 2 1173
17 3 2187
17 4 2033
17 5 2203
17 6 1418
17 7 1727
17 8 1826
17 9 924
17 10 1167
17 11 1626
17 12 1815
17 13 1561
17 14 1242
17 15 2449
17 16 1943
17 17 0
17 18 1443
17 19 1010
17 20 1073
17 21 1209
17 22 2027
17 23 1341
17 24 1464
17 25 1653
17 26 982
17 27 1267
17 28 1503
17 29 1632
17 30 2073
17 31 934
17 32 1196
17 33 2016
17 34 1495
17 35 624
17 36 1399
17 37 570
17 38 661
17 39 1892
17 40 618
17 41 709
17 42 1940
17 43 666
17 44 757
17 45 1988
17 46 714
17 47 805
17 48 2036
17 49 762
17 50 853
17 51 2084
17 52 810
17 53 901
17 54 2132
17 55 858
17 56 949
17 57 2180
17 58 906
17 59 997
17 60 2228
17 61 954
17 62 1045
17 63 2276
17 64 1002
17 65 1093
17 66 2324
17 67 1050
17 68 1141
17 69 2372
17 70 1098
17 71 1189
17 72 2420
17 73 1146
17 74 1237
17 75 2468
17 76 1194
17 77 1285
17 78 2516
17 79 1242
17 80 1333
17 81 2564
17 82 1290
17 83 1381
17 84 2612
17 85 1338
17 86 1429
17 87 2660
17 88 1386
17 89 1477
17 90 2708
17 91 690
18 0 2133
18 1 473
18 2 1410
18 3 1306
18 4 1002
18 5 1172
18 6 1453
18 7 1272
18 8 795
18 9 1659
18 10 1000
18 11 595
18 12 976
18 13 530
18 14 691
18 15 1236
18 16 1550
18 17 1443
18 18 0
18 19 1131
18 20 1510
18 21 1374
18 22 1284
18 23 1242
18 24 1119
18 25 1294
18 26 1601
18 27 1004
18 28 664
18 29 1081
18 30 1042
18 31 1649
18 32 1387
18 33 985
18 34 52
18 35 819
18 36 560
18 37 2013
18 38 782
18 39 1601
18 40 1965
18 41 734
18 42 1553
18 43 1917
18 44 686
18 45 1505
18 46 1869
18 47 638
18 48 1457
18 49 1821
18 50 590
18 51 1409
18 52 1773
18 53 542
18 54 1361
18 55 1725
18 56 494
18 57 1313
18 58 1677
18 59 446
18 60 1265
18 61 1629
18 62 398
18 63 1217
18 64 1581
18 65 350
18 66 1169
18 67 1533
18 68 302
18 69 1121
18 70 1485
18 71 254
18 72 1073
18 73 1437
18 74 206
18 75 1025
18 76 1485
18 77 254
18 78 1073
18 79 1533
18 80 302
18 81 1121
18 82 1581
18 83 350
18 84 1169
18 85 1629
18 86 398
18 87 1217
18 88 1677
18 89 446
18 90 1265
18 91 2133
19 0 1700
19 1 1192
19 2 1745
19 3 1355
19 4 1721
19 5 1891
19 6 2172
19 7 1415
19 8 1514
19 9 1418
19 10 855
19 11 1314
19 12 1503
19 13 1249
19 14 930
19 15 1669
19 16 1215
19 17 1010
19 18 1131
19 19 0
19 20 1749
19 21 2093
19 22 1611
19 23 1289
19 24 1646
19 25 1341
19 26 1840
19 27 955
19 28 1191
19 29 1320
19 30 1761
19 31 1792
19 32 2106
19 33 1704
19 34 1183
19 35 386
19 36 1087
19 37 1580
19 38 349
19 39 882
19 40 1628
19 41 397
19 42 930
19 43 1676
19 44 445
19 45 978
19 46 1724
19 47 493
19 48 1026
19 49 1772
19 50 541
19 51 1074
19 52 1820
19 53 589
19 54 1122
19 55 1868
19 56 637
19 57 1170
19 58 1916
19 59 685
19 60 1218
19 61 1964
19 62 733
19 63 1266
19 64 2012
19 65 781
19 66 1314
19 67 2060
19 68 829
19 69 1362
19 70 2108
19 71 877
19 72 1410
19 73 2156
19 74 925
19 75 1458
19 76 2204
19 77 973
19 78 1506
19 79 2252
19 80 1021
19 81 1554
19 82 2300
19 83 1069
19 84 1602
19 85 2348
19 86 1117
19 87 1650
19 88 2396
19 89 1165
19 90 1698
19 91 1700
20 0 623
20 1 1571
20 2 434
20 3 2254
20 4 2100
20 5 2270
20 6 679
20 7 1890
20 8 1893
20 9 665
20 10 1228
20 11 1693
20 12 1882
20 13 1628
20 14 1309
20 15 2516
20 16 2298
20 17 1073
20 18 1510
20 19 1749
20 20 0
20 21 470
20 22 2094
20 23 794
20 24 725
20 25 1912
20 26 91
20 27 1622
20 28 1570
20 29 1699
20 30 2140
20 31 291
20 32 457
20 33 2083
20 34 1562
20 35 1437
20 36 1466
20 37 503
20 38 1400
20 39 2631
20 40 455
20 41 1352
20 42 2583
20 43 407
20 44 1304
20 45 2535
20 46 359
20 47 1256
20 48 2487
20 49 311
20 50 1208
20 51 2439
20 52 263
20 53 1160
20 54 2391
20 55 215
20 56 1112
20 57 2343
20 58 167
20 59 1064
20 60 2295
20 61 215
20 62 1112
20 63 2343
20 64 263
20 65 1160
20 66 2391
20 67 311
20 68 1208
20 69 2439
20 70 359
20 71 1256
20 72 2487
20 73 407
20 74 1304
20 75 2535
20 76 455
20 77 1352
20 78 2583
20 79 503
20 80 1400
20 81 2631
20 82 551
20 83 1448
20 84 2679
20 85 599
20 86 1496
20 87 2727
20 88 647
20 89 1544
20 90 2775
20 91 623
21 0 759
21 1 1435
21 2 474
21 3 2502
21 4 1964
21 5 2134
21 6 335
21 7 2234
21 8 1757
21 9 801
21 10 1364
21 11 1557
21 12 1938
21 13 1492
21 14 1653
21 15 2380
21 16 2642
21 17 1209
21 18 1374
21 19 2093
21 20 470
21 21 0
21 22 2246
21 23 930
21 24 573
21 25 2256
21 26 379
21 27 1966
21 28 1626
21 29 2043
21 30 2004
21 31 427
21 32 13
21 33 1947
21 34 1426
21 35 1781
21 36 1522
21 37 639
21 38 1744
21 39 2975
21 40 591
21 41 1696
21 42 2927
21 43 543
21 44 1648
21 45 2879
21 46 495
21 47 1600
21 48 2831
21 49 447
21 50 1552
21 51 2783
21 52 399
21 53 1504
21 54 2735
21 55 351
21 56 1456
21 57 2687
21 58 303
21 59 1408
21 60 2639
21 61 255
21 62 1360
21 63 2591
21 64 207
21 65 1312
21 66 2543
21 67 159
21 68 1264
21 69 2495
21 70 111
21 71 1216
21 72 2447
21 73 63
21 74 1168
21 75 2399
21 76 111
21 77 1216
21 78 2447
21 79 159
21 80 1264
21 81 2495
21 82 207
21 83 1312
21 84 2543
21 85 255
21 86 1360
21 87 2591
21 88 303
21 89 1408
21 90 2639
21 91 759
22 0 2717
22 1 1345
22 2 1994
22 3 434
22 4 1068
22 5 1186
22 6 2325
22 7 894
22 8 1563
22 9 2243
22 10 1584
22 11 1467
22 12 902
22 13 1402
22 14 1275
22 15 652
22 16 678
22 17 2027
22 18 1284
22 19 1611
22 20 2094
22 21 2246
22 22 0
22 23 1826
22 24 1799
22 25 968
22 26 2185
22 27 1354
22 28 1214
22 29 989
22 30 1316
22 31 2233
22 32 2259
22 33 1181
22 34 1336
22 35 1403
22 36 1240
22 37 2597
22 38 1366
22 39 729
22 40 2549
22 41 1318
22 42 681
22 43 2501
22 44 1270
22 45 633
22 46 2453
22 47 1222
22 48 585
22 49 2405
22 50 1174
22 51 537
22 52 2357
22 53 1126
22 54 489
22 55 2309
22 56 1078
22 57 441
22 58 2261
22 59 1030
22 60 393
22 61 2213
22 62 982
22 63 345
22 64 2165
22 65 934
22 66 297
22 67 2213
22 68 982
22 69 345
22 70 2261
22 71 1030
22 72 393
22 73 2309
22 74 1078
22 75 441
22 76 2357
22 77 1126
22 78 489
22 79 2405
22 80 1174
22 81 537
22 82 2453
22 83 1222
22 84 585
22 85 2501
22 86 1270
22 87 633
22 88 2549
22 89 1318
22 90 681
22 91 2717
23 0 891
23 1 1303
23 2 894
23 3 1986
23 4 1832
23 5 2002
23 6 1139
23 7 1526
23 8 1625
23 9 933
23 10 1158
23 11 1425
23 12 1614
23 13 1360
23 14 1041
23 15 2248
23 16 1838
23 17 1341
23 18 1242
23 19 1289
23 20 794
23 21 930
23 22 1826
23 23 0
23 24 1185
23 25 1452
23 26 703
23 27 1162
23 28 1302
23 29 1431
23 30 1872
23 31 655
23 32 917
23 33 1815
23 34 1294
23 35 977
23 36 1198
23 37 771
23 38 940
23 39 2171
23 40 723
23 41 892
23 42 2123
23 43 675
23 44 844
23 45 2075
23 46 627
23 47 796
23 48 2027
23 49 579
23 50 748
23 51 1979
23 52 531
23 53 700
23 54 1931
23 55 579
23 56 748
23 57 1979
23 58 627
23 59 796
23 60 2027
23 61 675
23 62 844
23 63 2075
23 64 723
23 65 892
23 66 2123
23 67 771
23 68 940
23 69 2171
23 70 819
23 71 988
23 72 2219
23 73 867
23 74 1036
23 75 2267
23 76 915
23 77 1084
23 78 2315
23 79 963
23 80 1132
23 81 2363
23 82 1011
23 83 1180
23 84 2411
23 85 1059
23 86 1228
23 87 2459
23 88 1107
23 89 1276
23 90 2507
23 91 891
24 0 1014
24 1 1180
24 2 729
24 3 2055
24 4 1709
24 5 1879
24 6 782
24 7 1787
24 8 1502
24 9 1056
24 10 1515
24 11 1302
24 12 1491
24 13 1237
24 14 1206
24 15 2125
24 16 2195
24 17 1464
24 18 1119
24 19 1646
24 20 725
24 21 573
24 22 1799
24 23 1185
24 24 0
24 25 1809
24 26 634
24 27 1519
24 28 1179
24 29 1596
24 30 1749
24 31 682
24 32 560
24 33 1692
24 34 1171
24 35 1334
24 36 1075
24 37 894
24 38 1297
24 39 2528
24 40 846
24 41 1249
24 42 2480
24 43 798
24 44 1201
24 45 2432
24 46 750
24 47 1153
24 48 2384
24 49 702
24 50 1105
24 51 2336
24 52 654
24 53 1057
24 54 2288
24 55 606
24 56 1009
24 57 2240
24 58 558
24 59 961
24 60 2192
24 61 510
24 62 913
24 63 2144
24 64 462
24 65 865
24 66 2096
24 67 414
24 68 817
24 69 2048
24 70 462
24 71 865
24 72 2096
24 73 510
24 74 913
24 75 2144
24 76 558
24 77 961
24 78 2192
24 79 606
24 80 1009
24 81 2240
24 82 654
24 83 1057
24 84 2288
24 85 702
24 86 1105
24 87 2336
24 88 750
24 89 1153
24 90 2384
24 91 1014
25 0 2343
25 1 1355
25 2 1908
25 3 712
25 4 1442
25 5 1560
25 6 2335
25 7 980
25 8 1677
25 9 1869
25 10 1210
25 11 1477
25 12 1276
25 13 1412
25 14 1093
25 15 1026
25 16 668
25 17 1653
25 18 1294
25 19 1341
25 20 1912
25 21 2256
25 22 968
25 23 1452
25 24 1809
25 25 0
25 26 2003
25 27 1214
25 28 1354
25 29 1171
25 30 1690
25 31 1955
25 32 2269
25 33 1555
25 34 1346
25 35 1029
25 36 1250
25 37 2223
25 38 992
25 39 719
25 40 2175
25 41 944
25 42 671
25 43 2127
25 44 896
25 45 623
25 46 2079
25 47 848
25 48 575
25 49 2031
25 50 800
25 51 527
25 52 1983
25 53 752
25 54 479
25 55 2031
25 56 800
25 57 527
25 58 2079
25 59 848
25 60 575
25 61 2127
25 62 896
25 63 623
25 64 2175
25 65 944
25 66 671
25 67 2223
25 68 992
25 69 719
25 70 2271
25 71 1040
25 72 767
25 73 2319
25 74 1088
25 75 815
25 76 2367
25 77 1136
25 78 863
25 79 2415
25 80 1184
25 81 911
25 82 2463
25 83 1232
25 84 959
25 85 2511
25 86 1280
25 87 1007
25 88 2559
25 89 1328
25 90 1055
25 91 2343
26 0 532
26 1 1662
26 2 343
26 3 2345
26 4 2191
26 5 2361
26 6 588
26 7 1981
26 8 1984
26 9 574
26 10 1137
26 11 1784
26 12 1973
26 13 1719
26 14 1400
26 15 2607
26 16 2389
26 17 982
26 18 1601
26 19 1840
26 20 91
26 21 379
26 22 2185
26 23 703
26 24 634
26 25 2003
26 26 0
26 27 1713
26 28 1661
26 29 1790
26 30 2231
26 31 200
26 32 366
26 33 2174
26 34 1653
26 35 1528
26 36 1557
26 37 412
26 38 1491
26 39 2722
26 40 364
26 41 1443
26 42 2674
26 43 316
26 44 1395
26 45 2626
26 46 268
26 47 1347
26 48 2578
26 49 220
26 50 1299
26 51 2530
26 52 172
26 53 1251
26 54 2482
26 55 124
26 56 1203
26 57 2434
26 58 76
26 59 1155
26 60 2386
26 61 124
26 62 1203
26 63 2434
26 64 172
26 65 1251
26 66 2482
26 67 220
26 68 1299
26 69 2530
26 70 268
26 71 1347
26 72 2578
26 73 316
26 74 1395
26 75 2626
26 76 364
26 77 1443
26 78 2674
26 79 412
26 80 1491
26 81 2722
26 82 460
26 83 1539
26 84 2770
26 85 508
26 86 1587
26 87 2818
26 88 556
26 89 1635
26 90 2866
26 91 532
27 0 1957
27 1 1065
27 2 1618
27 3 1098
27 4 1594
27 5 1764
27 6 2045
27 7 1288
27 8 1387
27 9 1483
27 10 824
27 11 1187
27 12 1376
27 13 1122
27 14 803
27 15 1412
27 16 676
27 17 1267
27 18 1004
27 19 955
27 20 1622
27 21 1966
27 22 1354
27 23 1162
27 24 1519
27 25 1214
27 26 1713
27 27 0
27 28 1064
27 29 1193
27 30 1634
27 31 1665
27 32 1979
27 33 1577
27 34 1056
27 35 643
27 36 960
27 37 1837
27 38 606
27 39 1009
27 40 1789
27 41 558
27 42 961
27 43 1741
27 44 510
27 45 913
27 46 1693
27 47 462
27 48 865
27 49 1645
27 50 414
27 51 817
27 52 1693
27 53 462
27 54 865
27 55 1741
27 56 510
27 57 913
27 58 1789
27 59 558
27 60 961
27 61 1837
27 62 606
27 63 1009
27 64 1885
27 65 654
27 66 1057
27 67 1933
27 68 702
27 69 1105
27 70 1981
27 71 750
27 72 1153
27 73 2029
27 74 798
27 75 1201
27 76 2077
27 77 846
27 78 1249
27 79 2125
27 80 894
27 81 1297
27 82 2173
27 83 942
27 84 1345
27 85 2221
27 86 990
27 87 1393
27 88 2269
27 89 1038
27 90 1441
27 91 1957
28 0 2193
28 1 725
28 2 1470
28 3 1054
28 4 1254
28 5 1424
28 6 1705
28 7 1332
28 8 1047
28 9 1719
28 10 1060
28 11 847
28 12 312
28 13 782
28 14 751
28 15 1176
28 16 1298
28 17 1503
28 18 664
28 19 1191
28 20 1570
28 21 1626
28 22 1214
28 23 1302
28 24 1179
28 25 1354
28 26 1661
28 27 1064
28 28 0
28 29 1141
28 30 1294
28 31 1709
28 32 1639
28 33 1237
28 34 716
28 35 879
28 36 104
28 37 2073
28 38 842
28 39 1349
28 40 2025
28 41 794
28 42 1301
28 43 1977
28 44 746
28 45 1253
28 46 1929
28 47 698
28 48 1205
28 49 1881
28 50 650
28 51 1157
28 52 1833
28 53 602
28 54 1109
28 55 1785
28 56 554
28 57 1061
28 58 1737
28 59 506
28 60 1013
28 61 1689
28 62 458
28 63 965
28 64 1641
28 65 410
28 66 917
28 67 1593
28 68 362
28 69 869
28 70 1641
28 71 410
28 72 917
28 73 1689
28 74 458
28 75 965
28 76 1737
28 77 506
28 78 1013
28 79 1785
28 80 554
28 81 1061
28 82 1833
28 83 602
28 84 1109
28 85 1881
28 86 650
28 87 1157
28 88 1929
28 89 698
28 90 1205
28 91 2193
29 0 2322
29 1 1142
29 2 1695
29 3 733
29 4 1463
29 5 1581
29 6 2122
29 7 1097
29 8 1464
29 9 1848
29 10 1189
29 11 1264
29 12 1297
29 13 1199
29 14 390
29 15 1047
29 16 881
29 17 1632
29 18 1081
29 19 1320
29 20 1699
29 21 2043
29 22 989
29 23 1431
29 24 1596
29 25 1171
29 26 1790
29 27 1193
29 28 1141
29 29 0
29 30 1711
29 31 1838
29 32 2056
29 33 1576
29 34 1133
29 35 1008
29 36 1037
29 37 2202
29 38 971
29 39 932
29 40 2154
29 41 923
29 42 884
29 43 2106
29 44 875
29 45 836
29 46 2058
29 47 827
29 48 788
29 49 2010
29 50 779
29 51 740
29 52 1962
29 53 731
29 54 692
29 55 1914
29 56 683
29 57 644
29 58 1866
29 59 635
29 60 596
29 61 1914
29 62 683
29 63 644
29 64 1962
29 65 731
29 66 692
29 67 2010
29 68 779
29 69 740
29 70 2058
29 71 827
29 72 788
29 73 2106
29 74 875
29 75 836
29 76 2154
29 77 923
29 78 884
29 79 2202
29 80 971
29 81 932
29 82 2250
29 83 1019
29 84 980
29 85 2298
29 86 1067
29 87 1028
29 88 2346
29 89 1115
29 90 1076
29 91 2322
30 0 2763
30 1 1007
30 2 2040
30 3 1156
30 4 1310
30 5 130
30 6 1795
30 7 1616
30 8 247
30 9 2289
30 10 1630
30 11 937
30 12 1528
30 13 872
30 14 1321
30 15 894
30 16 1400
30 17 2073
30 18 1042
30 19 1761
30 20 2140
30 21 2004
30 22 1316
30 23 1872
30 24 1749
30 25 1690
30 26 2231
30 27 1634
30 28 1294
30 29 1711
30 30 0
30 31 2279
30 32 2017
30 33 1327
30 34 1094
30 35 1449
30 36 1190
30 37 2643
30 38 1412
30 39 1451
30 40 2595
30 41 1364
30 42 1403
30 43 2547
30 44 1316
30 45 1355
30 46 2499
30 47 1268
30 48 1307
30 49 2451
30 50 1220
30 51 1259
30 52 2403
30 53 1172
30 54 1211
30 55 2355
30 56 1124
30 57 1163
30 58 2307
30 59 1076
30 60 1115
30 61 2259
30 62 1028
30 63 1067
30 64 2211
30 65 980
30 66 1019
30 67 2163
30 68 932
30 69 971
30 70 2115
30 71 884
30 72 923
30 73 2067
30 74 836
30 75 875
30 76 2019
30 77 788
30 78 827
30 79 1971
30 80 740
30 81 779
30 82 1923
30 83 692
30 84 731
30 85 1875
30 86 644
30 87 683
30 88 1827
30 89 596
30 90 635
30 91 2763
31 0 484
31 1 1710
31 2 391
31 3 2393
31 4 2239
31 5 2409
31 6 636
31 7 1933
31 8 2032
31 9 526
31 10 1089
31 11 1832
31 12 2021
31 13 1767
31 14 1448
31 15 2655
31 16 2341
31 17 934
31 18 1649
31 19 1792
31 20 291
31 21 427
31 22 2233
31 23 655
31 24 682
31 25 1955
31 26 200
31 27 1665
31 28 1709
31 29 1838
31 30 2279
31 31 0
31 32 414
31 33 2222
31 34 1701
31 35 1480
31 36 1605
31 37 364
31 38 1443
31 39 2674
31 40 316
31 41 1395
31 42 2626
31 43 268
31 44 1347
31 45 2578
31 46 220
31 47 1299
31 48 2530
31 49 172
31 50 1251
31 51 2482
31 52 124
31 53 1203
31 54 2434
31 55 76
31 56 1155
31 57 2386
31 58 124
31 59 1203
31 60 2434
31 61 172
31 62 1251
31 63 2482
31 64 220
31 65 1299
31 66 2530
31 67 268
31 68 1347
31 69 2578
31 70 316
31 71 1395
31 72 2626
31 73 364
31 74 1443
31 75 2674
31 76 412
31 77 1491
31 78 2722
31 79 460
31 80 1539
31 81 2770
31 82 508
31 83 1587
31 84 2818
31 85 556
31 86 1635
31 87 2866
31 88 604
31 89 1683
31 90 2914
31 91 484
32 0 746
32 1 1448
32 2 461
32 3 2515
32 4 1977
32 5 2147
32 6 322
32 7 2247
32 8 1770
32 9 788
32 10 1351
32 11 1570
32 12 1951
32 13 1505
32 14 1666
32 15 2393
32 16 2655
32 17 1196
32 18 1387
32 19 2106
32 20 457
32 21 13
32 22 2259
32 23 917
32 24 560
32 25 2269
32 26 366
32 27 1979
32 28 1639
32 29 2056
32 30 2017
32 31 414
32 32 0
32 33 1960
32 34 1439
32 35 1794
32 36 1535
32 37 626
32 38 1757
32 39 2988
32 40 578
32 41 1709
32 42 2940
32 43 530
32 44 1661
32 45 2892
32 46 482
32 47 1613
32 48 2844
32 49 434
32 50 1565
32 51 2796
32 52 386
32 53 1517
32 54 2748
32 55 338
32 56 1469
32 57 2700
32 58 290
32 59 1421
32 60 2652
32 61 242
32 62 1373
32 63 2604
32 64 194
32 65 1325
32 66 2556
32 67 146
32 68 1277
32 69 2508
32 70 98
32 71 1229
32 72 2460
32 73 50
32 74 1181
32 75 2412
32 76 98
32 77 1229
32 78 2460
32 79 146
32 80 1277
32 81 2508
32 82 194
32 83 1325
32 84 2556
32 85 242
32 86 1373
32 87 2604
32 88 290
32 89 1421
32 90 2652
32 91 746
33 0 2706
33 1 950
33 2 1983
33 3 1021
33 4 1175
33 5 1197
33 6 1738
33 7 1481
33 8 1080
33 9 2232
33 10 1573
33 11 390
33 12 1393
33 13 455
33 14 1264
33 15 759
33 16 1265
33 17 2016
33 18 985
33 19 1704
33 20 2083
33 21 1947
33 22 1181
33 23 1815
33 24 1692
33 25 1555
33 26 2174
33 27 1577
33 28 1237
33 29 1576
33 30 1327
33 31 2222
33 32 1960
33 33 0
33 34 1037
33 35 1392
33 36 1133
33 37 2586
33 38 1355
33 39 1316
33 40 2538
33 41 1307
33 42 1268
33 43 2490
33 44 1259
33 45 1220
33 46 2442
33 47 1211
33 48 1172
33 49 2394
33 50 1163
33 51 1124
33 52 2346
33 53 1115
33 54 1076
33 55 2298
33 56 1067
33 57 1028
33 58 2250
33 59 1019
33 60 980
33 61 2202
33 62 971
33 63 932
33 64 2154
33 65 923
33 66 884
33 67 2106
33 68 875
33 69 836
33 70 2058
33 71 827
33 72 788
33 73 2010
33 74 779
33 75 740
33 76 1962
33 77 731
33 78 692
33 79 1914
33 80 683
33 81 644
33 82 1866
33 83 635
33 84 596
33 85 1914
33 86 683
33 87 644
33 88 1962
33 89 731
33 90 692
33 91 2706
34 0 2185
34 1 525
34 2 1462
34 3 1254
34 4 1054
34 5 1224
34 6 1505
34 7 1324
34 8 847
34 9 1711
34 10 1052
34 11 647
34 12 1028
34 13 582
34 14 743
34 15 1184
34 16 1498
34 17 1495
34 18 52
34 19 1183
34 20 1562
34 21 1426
34 22 1336
34 23 1294
34 24 1171
34 25 1346
34 26 1653
34 27 1056
34 28 716
34 29 1133
34 30 1094
34 31 1701
34 32 1439
34 33 1037
34 34 0
34 35 871
34 36 612
34 37 2065
34 38 834
34 39 1549
34 40 2017
34 41 786
34 42 1501
34 43 1969
34 44 738
34 45 1453
34 46 1921
34 47 690
34 48 1405
34 49 1873
34 50 642
34 51 1357
34 52 1825
34 53 594
34 54 1309
34 55 1777
34 56 546
34 57 1261
34 58 1729
34 59 498
34 60 1213
34 61 1681
34 62 450
34 63 1165
34 64 1633
34 65 402
34 66 1117
34 67 1585
34 68 354
34 69 1069
34 70 1537
34 71 306
34 72 1021
34 73 1489
34 74 258
34 75 973
34 76 1537
34 77 306
34 78 1021
34 79 1585
34 80 354
34 81 1069
34 82 1633
34 83 402
34 84 1117
34 85 1681
34 86 450
34 87 1165
34 88 1729
34 89 498
34 90 1213
34 91 2185
35 0 1314
35 1 880
35 2 1433
35 3 1563
35 4 1409
35 5 1579
35 6 1860
35 7 1103
35 8 1202
35 9 1106
35 10 543
35 11 1002
35 12 1191
35 13 937
35 14 618
35 15 1825
35 16 1319
35 17 624
35 18 819
35 19 386
35 20 1437
35 21 1781
35 22 1403
35 23 977
35 24 1334
35 25 1029
35 26 1528
35 27 643
35 28 879
35 29 1008
35 30 1449
35 31 1480
35 32 1794
35 33 1392
35 34 871
35 35 0
35 36 775
35 37 1194
35 38 37
35 39 1268
35 40 1242
35 41 85
35 42 1316
35 43 1290
35 44 133
35 45 1364
35 46 1338
35 47 181
35 48 1412
35 49 1386
35 50 229
35 51 1460
35 52 1434
35 53 277
35 54 1508
35 55 1482
35 56 325
35 57 1556
35 58 1530
35 59 373
35 60 1604
35 61 1578
35 62 421
35 63 1652
35 64 1626
35 65 469
35 66 1700
35 67 1674
35 68 517
35 69 1748
35 70 1722
35 71 565
35 72 1796
35 73 1770
35 74 613
35 75 1844
35 76 1818
35 77 661
35 78 1892
35 79 1866
35 80 709
35 81 1940
35 82 1914
35 83 757
35 84 1988
35 85 1962
35 86 805
35 87 2036
35 88 2010
35 89 853
35 90 2084
35 91 1314
36 0 2089
36 1 621
36 2 1366
36 3 1158
36 4 1150
36 5 1320
36 6 1601
36 7 1228
36 8 943
36 9 1615
36 10 956
36 11 743
36 12 416
36 13 678
36 14 647
36 15 1280
36 16 1402
36 17 1399
36 18 560
36 19 1087
36 20 1466
36 21 1522
36 22 1240
36 23 1198
36 24 1075
36 25 1250
36 26 1557
36 27 960
36 28 104
36 29 1037
36 30 1190
36 31 1605
36 32 1535
36 33 1133
36 34 612
36 35 775
36 36 0
36 37 1969
36 38 738
36 39 1453
36 40 1921
36 41 690
36 42 1405
36 43 1873
36 44 642
36 45 1357
36 46 1825
36 47 594
36 48 1309
36 49 1777
36 50 546
36 51 1261
36 52 1729
36 53 498
36 54 1213
36 55 1681
36 56 450
36 57 1165
36 58 1633
36 59 402
36 60 1117
36 61 1585
36 62 354
36 63 1069
36 64 1537
36 65 306
36 66 1021
36 67 1489
36 68 258
36 69 973
36 70 1537
36 71 306
36 72 1021
36 73 1585
36 74 354
36 75 1069
36 76 1633
36 77 402
36 78 1117
36 79 1681
36 80 450
36 81 1165
36 82 1729
36 83 498
36 84 1213
36 85 1777
36 86 546
36 87 1261
36 88 1825
36 89 594
36 90 1309
36 91 2089
37 0 120
37 1 2074
37 2 603
37 3 2757
37 4 2603
37 5 2773
37 6 848
37 7 2297
37 8 2396
37 9 354
37 10 1013
37 11 2196
37 12 2385
37 13 2131
37 14 1812
37 15 3019
37 16 2513
37 17 570
37 18 2013
37 19 1580
37 20 503
37 21 639
37 22 2597
37 23 771
37 24 894
37 25 2223
37 26 412
37 27 1837
37 28 2073
37 29 2202
37 30 2643
37 31 364
37 32 626
37 33 2586
37 34 2065
37 35 1194
37 36 1969
37 37 0
37 38 1231
37 39 2462
37 40 48
37 41 1279
37 42 2510
37 43 96
37 44 1327
37 45 2558
37 46 144
37 47 1375
37 48 2606
37 49 192
37 50 1423
37 51 2654
37 52 240
37 53 1471
37 54 2702
37 55 288
37 56 1519
37 57 2750
37 58 336
37 59 1567
37 60 2798
37 61 384
37 62 1615
37 63 2846
37 64 432
37 65 1663
37 66 2894
37 67 480
37 68 1711
37 69 2942
37 70 528
37 71 1759
37 72 2990
37 73 576
37 74 1807
37 75 3038
37 76 624
37 77 1855
37 78 3086
37 79 672
37 80 1903
37 81 3134
37 82 720
37 83 1951
37 84 3182
37 85 768
37 86 1999
37 87 3230
37 88 816
37 89 2047
37 90 3278
37 91 120
38 0 1351
38 1 843
38 2 1396
38 3 1526
38 4 1372
38 5 1542
38 6 1823
38 7 1066
38 8 1165
38 9 1069
38 10 506
38 11 965
38 12 1154
38 13 900
38 14 581
38 15 1788
38 16 1282
38 17 661
38 18 782
38 19 349
38 20 1400
38 21 1744
38 22 1366
38 23 940
38 24 1297
38 25 992
38 26 1491
38 27 606
38 28 842
38 29 971
38 30 1412
38 31 1443
38 32 1757
38 33 1355
38 34 834
38 35 37
38 36 738
38 37 1231
38 38 0
38 39 1231
38 40 1279
38 41 48
38 42 1279
38 43 1327
38 44 96
38 45 1327
38 46 1375
38 47 144
38 48 1375
38 49 1423
38 50 192
38 51 1423
38 52 1471
38 53 240
38 54 1471
38 55 1519
