//alpha
1
//NbLocations
71
//NbProducts
35
//NbPickers
2
//CapaPicker
8
//TimeToTravelOneDistanceUnit
3
//SetupTime
5400
//PickTime
300
//Products
//Idx Location Size
1 1 1
2 2 1
3 3 1
4 4 1
5 5 1
6 6 1
7 7 1
8 8 1
9 9 1
10 10 1
11 11 1
12 12 1
13 13 1
14 14 1
15 6 1
16 15 1
17 16 1
18 17 1
19 18 1
20 19 1
21 20 1
22 21 1
23 22 1
24 23 1
25 24 1
26 25 1
27 26 1
28 27 1
29 28 1
30 29 1
31 30 1
32 31 1
33 32 1
34 33 1
35 34 1
//Orders
//NbOrders
18
//Idx DueDate TardinessPenalty NbProdInOrder ProdIdx1 Qty1 ProdIdx2 Qty2 ...
1 72000 0 1 1 1
2 36000 0 3 2 1 3 1 4 1
3 108000 0 4 5 1 6 1 7 1 8 1
4 36000 0 2 9 1 10 1
5 36000 0 2 11 1 12 1
6 72000 0 1 13 1
7 36000 0 2 14 1 15 1
8 108000 0 3 16 1 17 1 18 1
9 54000 0 1 19 1
10 108000 0 2 20 1 21 1
11 108000 0 1 22 1
12 54000 0 2 23 1 24 1
13 90000 0 2 25 1 26 1
14 54000 0 3 27 1 28 1 29 1
15 72000 0 1 30 1
16 72000 0 1 31 1
17 36000 0 1 32 1
18 54000 0 3 33 1 34 1 35 1
//Graph (Products are vertices indexed from 1 to NbProducts)
//NbVerticesIntersections
36
//DepartingDepot
0
//ArrivalDepot
71
//Arcs
//Start End Distance
0 35 120
1 32 169
1 50 284
2 42 388
2 43 453
3 20 52
3 39 596
4 17 130
4 26 65
5 12 117
5 39 336
6 12 26
6 18 13
7 31 91
7 54 453
8 10 26
8 48 778
9 69 713
9 70 128
10 8 26
10 49 37
11 24 169
11 36 89
12 5 117
12 6 26
13 21 195
13 32 52
14 34 169
14 48 141
15 18 312
15 40 37
16 26 156
16 37 414
17 4 130
17 36 76
18 6 13
18 15 312
19 25 325
19 46 76
20 3 52
20 38 193
21 13 195
21 51 141
22 24 104
22 30 182
23 63 193
23 64 648
24 11 169
24 22 104
25 19 325
25 45 440
26 4 65
26 16 156
27 44 362
27 45 479
28 41 791
28 42 50
29 59 765
29 60 76
30 22 182
30 33 65
31 7 91
31 55 297
32 1 169
32 13 52
33 30 65
33 35 232
34 14 169
34 47 531
35 33 232
35 38 48
35 71 120
36 11 89
36 17 76
36 39 48
37 16 414
37 40 48
38 20 193
38 35 48
38 41 48
39 3 596
39 5 336
39 36 48
39 42 48
40 15 37
40 37 48
40 43 48
41 28 791
41 38 48
41 44 48
42 2 388
42 28 50
42 39 48
42 45 48
43 2 453
43 40 48
43 46 48
44 27 362
44 41 48
44 47 48
45 25 440
45 27 479
45 42 48
45 48 48
46 19 76
46 43 48
46 49 48
47 34 531
47 44 48
47 50 48
48 8 778
48 14 141
48 45 48
48 51 48
49 10 37
49 46 48
49 52 48
50 1 284
50 47 48
50 53 48
51 21 141
51 48 48
51 52 841
51 54 48
52 49 48
52 51 841
52 55 48
53 50 48
53 54 841
53 56 48
54 7 453
54 51 48
54 53 841
54 57 48
55 31 297
55 52 48
55 58 48
56 53 48
56 57 841
56 59 48
57 54 48
57 56 841
57 58 841
57 60 48
58 55 48
58 57 841
58 61 48
59 29 765
59 56 48
59 62 48
60 29 76
60 57 48
60 61 841
60 63 48
61 58 48
61 60 841
61 64 48
62 59 48
62 63 841
62 65 48
63 23 193
63 60 48
63 62 841
63 66 48
64 23 648
64 61 48
64 67 48
65 62 48
65 66 841
65 68 48
66 63 48
66 65 841
66 67 841
66 69 48
67 64 48
67 66 841
67 70 48
68 65 48
68 69 841
69 9 713
69 66 48
69 68 841
70 9 128
70 67 48
//LocStart LocEnd ShortestPath
0 0 0
0 1 644
0 2 1445
0 3 413
0 4 1167
0 5 1345
0 6 1488
0 7 1702
0 8 1931
0 9 2202
0 10 1957
0 11 872
0 12 1462
0 13 865
0 14 1012
0 15 1813
0 16 1388
0 17 1037
0 18 1501
0 19 1870
0 20 361
0 21 1060
0 22 599
0 23 1586
0 24 703
0 25 1545
0 26 1232
0 27 626
0 28 1007
0 29 1269
0 30 417
0 31 1793
0 32 813
0 33 352
0 34 843
0 35 120
0 36 961
0 37 1802
0 38 168
0 39 1009
0 40 1850
0 41 216
0 42 1057
0 43 1898
0 44 264
0 45 1105
0 46 1946
0 47 312
0 48 1153
0 49 1994
0 50 360
0 51 1201
0 52 2042
0 53 408
0 54 1249
0 55 2090
0 56 456
0 57 1297
0 58 2138
0 59 504
0 60 1345
0 61 2186
0 62 552
0 63 1393
0 64 2234
0 65 600
0 66 1441
0 67 2282
0 68 648
0 69 1489
0 70 2330
0 71 0
1 0 644
1 1 0
1 2 1089
1 3 721
1 4 1003
1 5 1085
1 6 1228
1 7 1058
1 8 1383
1 9 1558
1 10 1409
1 11 886
1 12 1202
1 13 221
1 14 746
1 15 1553
1 16 1224
1 17 873
1 18 1241
1 19 1418
1 20 669
1 21 416
1 22 1003
1 23 942
1 24 1055
1 25 1093
1 26 1068
1 27 742
1 28 751
1 29 777
1 30 821
1 31 1149
1 32 169
1 33 756
1 34 863
1 35 524
1 36 797
1 37 1638
1 38 476
1 39 749
1 40 1590
1 41 428
1 42 701
1 43 1542
1 44 380
1 45 653
1 46 1494
1 47 332
1 48 605
1 49 1446
1 50 284
1 51 557
1 52 1398
1 53 332
1 54 605
1 55 1446
1 56 380
1 57 653
1 58 1494
1 59 428
1 60 701
1 61 1542
1 62 476
1 63 749
1 64 1590
1 65 524
1 66 797
1 67 1638
1 68 572
1 69 845
1 70 1686
1 71 644
2 0 1445
2 1 1089
2 2 0
2 3 1032
2 4 690
2 5 772
2 6 863
2 7 1033
2 8 612
2 9 1013
2 10 586
2 11 573
2 12 889
2 13 868
2 14 625
2 15 538
2 16 911
2 17 560
2 18 850
2 19 577
2 20 1084
2 21 673
2 22 846
2 23 917
2 24 742
2 25 876
2 26 755
2 27 915
2 28 438
2 29 752
2 30 1028
2 31 942
2 32 920
2 33 1093
2 34 794
2 35 1325
2 36 484
2 37 549
2 38 1277
2 39 436
2 40 501
2 41 1229
2 42 388
2 43 453
2 44 1277
2 45 436
2 46 501
2 47 1325
2 48 484
2 49 549
2 50 1373
2 51 532
2 52 597
2 53 1421
2 54 580
2 55 645
2 56 1469
2 57 628
2 58 693
2 59 1517
2 60 676
2 61 741
2 62 1565
2 63 724
2 64 789
2 65 1613
2 66 772
2 67 837
2 68 1661
2 69 820
2 70 885
2 71 1445
3 0 413
3 1 721
3 2 1032
3 3 0
3 4 850
3 5 932
3 6 1075
3 7 1289
3 8 1518
3 9 1789
3 10 1544
3 11 733
3 12 1049
3 13 942
3 14 881
3 15 1400
3 16 1071
3 17 720
3 18 1088
3 19 1457
3 20 52
3 21 929
3 22 772
3 23 1173
3 24 876
3 25 1132
3 26 915
3 27 703
3 28 694
3 29 1008
3 30 590
3 31 1380
3 32 890
3 33 525
3 34 920
3 35 293
3 36 644
3 37 1485
3 38 245
3 39 596
3 40 1437
3 41 293
3 42 644
3 43 1485
3 44 341
3 45 692
3 46 1533
3 47 389
3 48 740
3 49 1581
3 50 437
3 51 788
3 52 1629
3 53 485
3 54 836
3 55 1677
3 56 533
3 57 884
3 58 1725
3 59 581
3 60 932
3 61 1773
3 62 629
3 63 980
3 64 1821
3 65 677
3 66 1028
3 67 1869
3 68 725
3 69 1076
3 70 1917
3 71 413
4 0 1167
4 1 1003
4 2 690
4 3 850
4 4 0
4 5 590
4 6 733
4 7 947
4 8 890
4 9 1291
4 10 864
4 11 295
4 12 707
4 13 782
4 14 539
4 15 720
4 16 221
4 17 130
4 18 746
4 19 855
4 20 902
4 21 587
4 22 568
4 23 831
4 24 464
4 25 790
4 26 65
4 27 829
4 28 352
4 29 666
4 30 750
4 31 1038
4 32 834
4 33 815
4 34 708
4 35 1047
4 36 206
4 37 635
4 38 1095
4 39 254
4 40 683
4 41 1143
4 42 302
4 43 731
4 44 1191
4 45 350
4 46 779
4 47 1239
4 48 398
4 49 827
4 50 1287
4 51 446
4 52 875
4 53 1335
4 54 494
4 55 923
4 56 1383
4 57 542
4 58 971
4 59 1431
4 60 590
4 61 1019
4 62 1479
4 63 638
4 64 1067
4 65 1527
4 66 686
4 67 1115
4 68 1575
4 69 734
4 70 1163
4 71 1167
5 0 1345
5 1 1085
5 2 772
5 3 932
5 4 590
5 5 0
5 6 143
5 7 1029
5 8 712
5 9 1113
5 10 686
5 11 473
5 12 117
5 13 864
5 14 621
5 15 468
5 16 811
5 17 460
5 18 156
5 19 677
5 20 984
5 21 669
5 22 746
5 23 913
5 24 642
5 25 872
5 26 655
5 27 911
5 28 434
5 29 748
5 30 928
5 31 1042
5 32 916
5 33 993
5 34 790
5 35 1225
5 36 384
5 37 553
5 38 1177
5 39 336
5 40 505
5 41 1225
5 42 384
5 43 553
5 44 1273
5 45 432
5 46 601
5 47 1321
5 48 480
5 49 649
5 50 1369
5 51 528
5 52 697
5 53 1417
5 54 576
5 55 745
5 56 1465
5 57 624
5 58 793
5 59 1513
5 60 672
5 61 841
5 62 1561
5 63 720
5 64 889
5 65 1609
5 66 768
5 67 937
5 68 1657
5 69 816
5 70 985
5 71 1345
6 0 1488
6 1 1228
6 2 863
6 3 1075
6 4 733
6 5 143
6 6 0
6 7 990
6 8 569
6 9 970
6 10 543
6 11 616
6 12 26
6 13 1007
6 14 764
6 15 325
6 16 824
6 17 603
6 18 13
6 19 534
6 20 1127
6 21 812
6 22 889
6 23 1056
6 24 785
6 25 859
6 26 798
6 27 1054
6 28 577
6 29 891
6 30 1071
6 31 899
6 32 1059
6 33 1136
6 34 933
6 35 1368
6 36 527
6 37 410
6 38 1320
6 39 479
6 40 362
6 41 1368
6 42 527
6 43 410
6 44 1416
6 45 575
6 46 458
6 47 1464
6 48 623
6 49 506
6 50 1512
6 51 671
6 52 554
6 53 1560
6 54 719
6 55 602
6 56 1608
6 57 767
6 58 650
6 59 1656
6 60 815
6 61 698
6 62 1704
6 63 863
6 64 746
6 65 1752
6 66 911
6 67 794
6 68 1800
6 69 959
6 70 842
6 71 1488
7 0 1702
7 1 1058
7 2 1033
7 3 1289
7 4 947
7 5 1029
7 6 990
7 7 0
7 8 547
7 9 756
7 10 521
7 11 830
7 12 1016
7 13 837
7 14 690
7 15 665
7 16 1090
7 17 817
7 18 977
7 19 608
7 20 1341
7 21 642
7 22 1103
7 23 790
7 24 999
7 25 933
7 26 1012
7 27 1076
7 28 695
7 29 625
7 30 1285
7 31 91
7 32 889
7 33 1350
7 34 859
7 35 1582
7 36 741
7 37 676
7 38 1534
7 39 693
7 40 628
7 41 1486
7 42 645
7 43 580
7 44 1438
7 45 597
7 46 532
7 47 1390
7 48 549
7 49 484
7 50 1342
7 51 501
7 52 436
7 53 1294
7 54 453
7 55 388
7 56 1342
7 57 501
7 58 436
7 59 1390
7 60 549
7 61 484
7 62 1438
7 63 597
7 64 532
7 65 1486
7 66 645
7 67 580
7 68 1534
7 69 693
7 70 628
7 71 1702
8 0 1931
8 1 1383
8 2 612
8 3 1518
8 4 890
8 5 712
8 6 569
8 7 547
8 8 0
8 9 527
8 10 26
8 11 1059
8 12 595
8 13 1162
8 14 919
8 15 244
8 16 669
8 17 1020
8 18 556
8 19 187
8 20 1570
8 21 967
8 22 1332
8 23 951
8 24 1228
8 25 512
8 26 825
8 27 1305
8 28 924
8 29 1046
8 30 1514
8 31 456
8 32 1214
8 33 1579
8 34 1088
8 35 1811
8 36 970
8 37 255
8 38 1763
8 39 922
8 40 207
8 41 1715
8 42 874
8 43 159
8 44 1667
8 45 826
8 46 111
8 47 1619
8 48 778
8 49 63
8 50 1667
8 51 826
8 52 111
8 53 1715
8 54 874
8 55 159
8 56 1763
8 57 922
8 58 207
8 59 1811
8 60 970
8 61 255
8 62 1859
8 63 1018
8 64 303
8 65 1907
8 66 1066
8 67 351
8 68 1955
8 69 1114
8 70 399
8 71 1931
9 0 2202
9 1 1558
9 2 1013
9 3 1789
9 4 1291
9 5 1113
9 6 970
9 7 756
9 8 527
9 9 0
9 10 501
9 11 1330
9 12 996
9 13 1337
9 14 1190
9 15 645
9 16 1070
9 17 1317
9 18 957
9 19 588
9 20 1841
9 21 1142
9 22 1603
9 23 872
9 24 1499
9 25 913
9 26 1226
9 27 1576
9 28 1195
9 29 933
9 30 1785
9 31 665
9 32 1389
9 33 1850
9 34 1359
9 35 2082
9 36 1241
9 37 656
9 38 2034
9 39 1193
9 40 608
9 41 1986
9 42 1145
9 43 560
9 44 1938
9 45 1097
9 46 512
9 47 1890
9 48 1049
9 49 464
9 50 1842
9 51 1001
9 52 416
9 53 1794
9 54 953
9 55 368
9 56 1746
9 57 905
9 58 320
9 59 1698
9 60 857
9 61 272
9 62 1650
9 63 809
9 64 224
9 65 1602
9 66 761
9 67 176
9 68 1554
9 69 713
9 70 128
9 71 2202
10 0 1957
10 1 1409
10 2 586
10 3 1544
10 4 864
10 5 686
10 6 543
10 7 521
10 8 26
10 9 501
10 10 0
10 11 1085
10 12 569
10 13 1188
10 14 945
10 15 218
10 16 643
10 17 994
10 18 530
10 19 161
10 20 1596
10 21 993
10 22 1358
10 23 925
10 24 1254
10 25 486
10 26 799
10 27 1331
10 28 950
10 29 1072
10 30 1540
10 31 430
10 32 1240
10 33 1605
10 34 1114
10 35 1837
10 36 996
10 37 229
10 38 1789
10 39 948
10 40 181
10 41 1741
10 42 900
10 43 133
10 44 1693
10 45 852
10 46 85
10 47 1645
10 48 804
10 49 37
10 50 1693
10 51 852
10 52 85
10 53 1741
10 54 900
10 55 133
10 56 1789
10 57 948
10 58 181
10 59 1837
10 60 996
10 61 229
10 62 1885
10 63 1044
10 64 277
10 65 1933
10 66 1092
10 67 325
10 68 1981
10 69 1140
10 70 373
10 71 1957
11 0 872
11 1 886
11 2 573
11 3 733
11 4 295
11 5 473
11 6 616
11 7 830
11 8 1059
11 9 1330
11 10 1085
11 11 0
11 12 590
11 13 665
11 14 422
11 15 941
11 16 516
11 17 165
11 18 629
11 19 998
11 20 785
11 21 470
11 22 273
11 23 714
11 24 169
11 25 673
11 26 360
11 27 712
11 28 235
11 29 549
11 30 455
11 31 921
11 32 717
11 33 520
11 34 591
11 35 752
11 36 89
11 37 930
11 38 800
11 39 137
11 40 978
11 41 848
11 42 185
11 43 1026
11 44 896
11 45 233
11 46 1074
11 47 944
11 48 281
11 49 1122
11 50 992
11 51 329
11 52 1170
11 53 1040
11 54 377
11 55 1218
11 56 1088
11 57 425
11 58 1266
11 59 1136
11 60 473
11 61 1314
11 62 1184
11 63 521
11 64 1362
11 65 1232
11 66 569
11 67 1410
11 68 1280
11 69 617
11 70 1458
11 71 872
12 0 1462
12 1 1202
12 2 889
12 3 1049
12 4 707
12 5 117
12 6 26
12 7 1016
12 8 595
12 9 996
12 10 569
12 11 590
12 12 0
12 13 981
12 14 738
12 15 351
12 16 850
12 17 577
12 18 39
12 19 560
12 20 1101
12 21 786
12 22 863
12 23 1030
12 24 759
12 25 885
12 26 772
12 27 1028
12 28 551
12 29 865
12 30 1045
12 31 925
12 32 1033
12 33 1110
12 34 907
12 35 1342
12 36 501
12 37 436
12 38 1294
12 39 453
12 40 388
12 41 1342
12 42 501
12 43 436
12 44 1390
12 45 549
12 46 484
12 47 1438
12 48 597
12 49 532
12 50 1486
12 51 645
12 52 580
12 53 1534
12 54 693
12 55 628
12 56 1582
12 57 741
12 58 676
12 59 1630
12 60 789
12 61 724
12 62 1678
12 63 837
12 64 772
12 65 1726
12 66 885
12 67 820
12 68 1774
12 69 933
12 70 868
12 71 1462
13 0 865
13 1 221
13 2 868
13 3 942
13 4 782
13 5 864
13 6 1007
13 7 837
13 8 1162
13 9 1337
13 10 1188
13 11 665
13 12 981
13 13 0
13 14 525
13 15 1332
13 16 1003
13 17 652
13 18 1020
13 19 1197
13 20 890
13 21 195
13 22 938
13 23 721
13 24 834
13 25 872
13 26 847
13 27 911
13 28 530
13 29 556
13 30 1042
13 31 928
13 32 52
13 33 977
13 34 694
13 35 745
13 36 576
13 37 1417
13 38 697
13 39 528
13 40 1369
13 41 649
13 42 480
13 43 1321
13 44 601
13 45 432
13 46 1273
13 47 553
13 48 384
13 49 1225
13 50 505
13 51 336
13 52 1177
13 53 553
13 54 384
13 55 1225
13 56 601
13 57 432
13 58 1273
13 59 649
13 60 480
13 61 1321
13 62 697
13 63 528
13 64 1369
13 65 745
13 66 576
13 67 1417
13 68 793
13 69 624
13 70 1465
13 71 865
14 0 1012
14 1 746
14 2 625
14 3 881
14 4 539
14 5 621
14 6 764
14 7 690
14 8 919
14 9 1190
14 10 945
14 11 422
14 12 738
14 13 525
14 14 0
14 15 1089
14 16 760
14 17 409
14 18 777
14 19 954
14 20 933
14 21 330
14 22 695
14 23 574
14 24 591
14 25 629
14 26 604
14 27 668
14 28 287
14 29 409
14 30 877
14 31 781
14 32 577
14 33 942
14 34 169
14 35 892
14 36 333
14 37 1174
14 38 844
14 39 285
14 40 1126
14 41 796
14 42 237
14 43 1078
14 44 748
14 45 189
14 46 1030
14 47 700
14 48 141
14 49 982
14 50 748
14 51 189
14 52 1030
14 53 796
14 54 237
14 55 1078
14 56 844
14 57 285
14 58 1126
14 59 892
14 60 333
14 61 1174
14 62 940
14 63 381
14 64 1222
14 65 988
14 66 429
14 67 1270
14 68 1036
14 69 477
14 70 1318
14 71 1012
15 0 1813
15 1 1553
15 2 538
15 3 1400
15 4 720
15 5 468
15 6 325
15 7 665
15 8 244
15 9 645
15 10 218
15 11 941
15 12 351
15 13 1332
15 14 1089
15 15 0
15 16 499
15 17 850
15 18 312
15 19 209
15 20 1452
15 21 1137
15 22 1214
15 23 1069
15 24 1110
15 25 534
15 26 655
15 27 1379
15 28 902
15 29 1216
15 30 1396
15 31 574
15 32 1384
15 33 1461
15 34 1258
15 35 1693
15 36 852
15 37 85
15 38 1645
15 39 804
15 40 37
15 41 1693
15 42 852
15 43 85
15 44 1741
15 45 900
15 46 133
15 47 1789
15 48 948
15 49 181
15 50 1837
15 51 996
15 52 229
15 53 1885
15 54 1044
15 55 277
15 56 1933
15 57 1092
15 58 325
15 59 1981
15 60 1140
15 61 373
15 62 2029
15 63 1188
15 64 421
15 65 2077
15 66 1236
15 67 469
15 68 2125
15 69 1284
15 70 517
15 71 1813
16 0 1388
16 1 1224
16 2 911
16 3 1071
16 4 221
16 5 811
16 6 824
16 7 1090
16 8 669
16 9 1070
16 10 643
16 11 516
16 12 850
16 13 1003
16 14 760
16 15 499
16 16 0
16 17 351
16 18 811
16 19 634
16 20 1123
16 21 808
16 22 789
16 23 1052
16 24 685
16 25 959
16 26 156
16 27 1050
16 28 573
16 29 887
16 30 971
16 31 999
16 32 1055
16 33 1036
16 34 929
16 35 1268
16 36 427
16 37 414
16 38 1316
16 39 475
16 40 462
16 41 1364
16 42 523
16 43 510
16 44 1412
16 45 571
16 46 558
16 47 1460
16 48 619
16 49 606
16 50 1508
16 51 667
16 52 654
16 53 1556
16 54 715
16 55 702
16 56 1604
16 57 763
16 58 750
16 59 1652
16 60 811
16 61 798
16 62 1700
16 63 859
16 64 846
16 65 1748
16 66 907
16 67 894
16 68 1796
16 69 955
16 70 942
16 71 1388
17 0 1037
17 1 873
17 2 560
17 3 720
17 4 130
17 5 460
17 6 603
17 7 817
17 8 1020
17 9 1317
17 10 994
17 11 165
17 12 577
17 13 652
17 14 409
17 15 850
17 16 351
17 17 0
17 18 616
17 19 985
17 20 772
17 21 457
17 22 438
17 23 701
17 24 334
17 25 660
17 26 195
17 27 699
17 28 222
17 29 536
17 30 620
17 31 908
17 32 704
17 33 685
17 34 578
17 35 917
17 36 76
17 37 765
17 38 965
17 39 124
17 40 813
17 41 1013
17 42 172
17 43 861
17 44 1061
17 45 220
17 46 909
17 47 1109
17 48 268
17 49 957
17 50 1157
17 51 316
17 52 1005
17 53 1205
17 54 364
17 55 1053
17 56 1253
17 57 412
17 58 1101
17 59 1301
17 60 460
17 61 1149
17 62 1349
17 63 508
17 64 1197
17 65 1397
17 66 556
17 67 1245
17 68 1445
17 69 604
17 70 1293
17 71 1037
18 0 1501
18 1 1241
18 2 850
18 3 1088
18 4 746
18 5 156
18 6 13
18 7 977
18 8 556
18 9 957
18 10 530
18 11 629
18 12 39
18 13 1020
18 14 777
18 15 312
18 16 811
18 17 616
18 18 0
18 19 521
18 20 1140
18 21 825
18 22 902
18 23 1069
18 24 798
18 25 846
18 26 811
18 27 1067
18 28 590
18 29 904
18 30 1084
18 31 886
18 32 1072
18 33 1149
18 34 946
18 35 1381
18 36 540
18 37 397
18 38 1333
18 39 492
18 40 349
18 41 1381
18 42 540
18 43 397
18 44 1429
18 45 588
18 46 445
18 47 1477
18 48 636
18 49 493
18 50 1525
18 51 684
18 52 541
18 53 1573
18 54 732
18 55 589
18 56 1621
18 57 780
18 58 637
18 59 1669
18 60 828
18 61 685
18 62 1717
18 63 876
18 64 733
18 65 1765
18 66 924
18 67 781
18 68 1813
18 69 972
18 70 829
18 71 1501
19 0 1870
19 1 1418
19 2 577
19 3 1457
19 4 855
19 5 677
19 6 534
19 7 608
19 8 187
19 9 588
19 10 161
19 11 998
19 12 560
19 13 1197
19 14 954
19 15 209
19 16 634
19 17 985
19 18 521
19 19 0
19 20 1509
19 21 1002
19 22 1271
19 23 1012
19 24 1167
19 25 325
19 26 790
19 27 1244
19 28 863
19 29 1081
19 30 1453
19 31 517
19 32 1249
19 33 1518
19 34 1123
19 35 1750
19 36 909
19 37 220
19 38 1702
19 39 861
19 40 172
19 41 1654
19 42 813
19 43 124
19 44 1606
19 45 765
19 46 76
19 47 1654
19 48 813
19 49 124
19 50 1702
19 51 861
19 52 172
19 53 1750
19 54 909
19 55 220
19 56 1798
19 57 957
19 58 268
19 59 1846
19 60 1005
19 61 316
19 62 1894
19 63 1053
19 64 364
19 65 1942
19 66 1101
19 67 412
19 68 1990
19 69 1149
19 70 460
19 71 1870
20 0 361
20 1 669
20 2 1084
20 3 52
20 4 902
20 5 984
20 6 1127
20 7 1341
20 8 1570
20 9 1841
20 10 1596
20 11 785
20 12 1101
20 13 890
20 14 933
20 15 1452
20 16 1123
20 17 772
20 18 1140
20 19 1509
20 20 0
20 21 981
20 22 720
20 23 1225
20 24 824
20 25 1184
20 26 967
20 27 651
20 28 746
20 29 1060
20 30 538
20 31 1432
20 32 838
20 33 473
20 34 868
20 35 241
20 36 696
20 37 1537
20 38 193
20 39 648
20 40 1489
20 41 241
20 42 696
20 43 1537
20 44 289
20 45 744
20 46 1585
20 47 337
20 48 792
20 49 1633
20 50 385
20 51 840
20 52 1681
20 53 433
20 54 888
20 55 1729
20 56 481
20 57 936
20 58 1777
20 59 529
20 60 984
20 61 1825
20 62 577
20 63 1032
20 64 1873
20 65 625
20 66 1080
20 67 1921
20 68 673
20 69 1128
20 70 1969
20 71 361
21 0 1060
21 1 416
21 2 673
21 3 929
21 4 587
21 5 669
21 6 812
21 7 642
21 8 967
21 9 1142
21 10 993
21 11 470
21 12 786
21 13 195
21 14 330
21 15 1137
21 16 808
21 17 457
21 18 825
21 19 1002
21 20 981
21 21 0
21 22 743
21 23 526
21 24 639
21 25 677
21 26 652
21 27 716
21 28 335
21 29 361
21 30 925
21 31 733
21 32 247
21 33 990
21 34 499
21 35 940
21 36 381
21 37 1222
21 38 892
21 39 333
21 40 1174
21 41 844
21 42 285
21 43 1126
21 44 796
21 45 237
21 46 1078
21 47 748
21 48 189
21 49 1030
21 50 700
21 51 141
21 52 982
21 53 748
21 54 189
21 55 1030
21 56 796
21 57 237
21 58 1078
21 59 844
21 60 285
21 61 1126
21 62 892
21 63 333
21 64 1174
21 65 940
21 66 381
21 67 1222
21 68 988
21 69 429
21 70 1270
21 71 1060
22 0 599
22 1 1003
22 2 846
22 3 772
22 4 568
22 5 746
22 6 889
22 7 1103
22 8 1332
22 9 1603
22 10 1358
22 11 273
22 12 863
22 13 938
22 14 695
22 15 1214
22 16 789
22 17 438
22 18 902
22 19 1271
22 20 720
22 21 743
22 22 0
22 23 987
22 24 104
22 25 946
22 26 633
22 27 985
22 28 508
22 29 822
22 30 182
22 31 1194
22 32 990
22 33 247
22 34 864
22 35 479
22 36 362
22 37 1203
22 38 527
22 39 410
22 40 1251
22 41 575
22 42 458
22 43 1299
22 44 623
22 45 506
22 46 1347
22 47 671
22 48 554
22 49 1395
22 50 719
22 51 602
22 52 1443
22 53 767
22 54 650
22 55 1491
22 56 815
22 57 698
22 58 1539
22 59 863
22 60 746
22 61 1587
22 62 911
22 63 794
22 64 1635
22 65 959
22 66 842
22 67 1683
22 68 1007
22 69 890
22 70 1731
22 71 599
23 0 1586
23 1 942
23 2 917
23 3 1173
23 4 831
23 5 913
23 6 1056
23 7 790
23 8 951
23 9 872
23 10 925
23 11 714
23 12 1030
23 13 721
23 14 574
23 15 1069
23 16 1052
23 17 701
23 18 1069
23 19 1012
23 20 1225
23 21 526
23 22 987
23 23 0
23 24 883
23 25 921
23 26 896
23 27 960
23 28 579
23 29 317
23 30 1169
23 31 881
23 32 773
23 33 1234
23 34 743
23 35 1466
23 36 625
23 37 1080
23 38 1418
23 39 577
23 40 1032
23 41 1370
23 42 529
23 43 984
23 44 1322
23 45 481
23 46 936
23 47 1274
23 48 433
23 49 888
23 50 1226
23 51 385
23 52 840
23 53 1178
23 54 337
23 55 792
23 56 1130
23 57 289
23 58 744
23 59 1082
23 60 241
23 61 696
23 62 1034
23 63 193
23 64 648
23 65 1082
23 66 241
23 67 696
23 68 1130
23 69 289
23 70 744
23 71 1586
24 0 703
24 1 1055
24 2 742
24 3 876
24 4 464
24 5 642
24 6 785
24 7 999
24 8 1228
24 9 1499
24 10 1254
24 11 169
24 12 759
24 13 834
24 14 591
24 15 1110
24 16 685
24 17 334
24 18 798
24 19 1167
24 20 824
24 21 639
24 22 104
24 23 883
24 24 0
24 25 842
24 26 529
24 27 881
24 28 404
24 29 718
24 30 286
24 31 1090
24 32 886
24 33 351
24 34 760
24 35 583
24 36 258
24 37 1099
24 38 631
24 39 306
24 40 1147
24 41 679
24 42 354
24 43 1195
24 44 727
24 45 402
24 46 1243
24 47 775
24 48 450
24 49 1291
24 50 823
24 51 498
24 52 1339
24 53 871
24 54 546
24 55 1387
24 56 919
24 57 594
24 58 1435
24 59 967
24 60 642
24 61 1483
24 62 1015
24 63 690
24 64 1531
24 65 1063
24 66 738
24 67 1579
24 68 1111
24 69 786
24 70 1627
24 71 703
25 0 1545
25 1 1093
25 2 876
25 3 1132
25 4 790
25 5 872
25 6 859
25 7 933
25 8 512
25 9 913
25 10 486
25 11 673
25 12 885
25 13 872
25 14 629
25 15 534
25 16 959
25 17 660
25 18 846
25 19 325
25 20 1184
25 21 677
25 22 946
25 23 921
25 24 842
25 25 0
25 26 855
25 27 919
25 28 538
25 29 756
25 30 1128
25 31 842
25 32 924
25 33 1193
25 34 798
25 35 1425
25 36 584
25 37 545
25 38 1377
25 39 536
25 40 497
25 41 1329
25 42 488
25 43 449
25 44 1281
25 45 440
25 46 401
25 47 1329
25 48 488
25 49 449
25 50 1377
25 51 536
25 52 497
25 53 1425
25 54 584
25 55 545
25 56 1473
25 57 632
25 58 593
25 59 1521
25 60 680
25 61 641
25 62 1569
25 63 728
25 64 689
25 65 1617
25 66 776
25 67 737
25 68 1665
25 69 824
25 70 785
25 71 1545
26 0 1232
26 1 1068
26 2 755
26 3 915
26 4 65
26 5 655
26 6 798
26 7 1012
26 8 825
26 9 1226
26 10 799
26 11 360
26 12 772
26 13 847
26 14 604
26 15 655
26 16 156
26 17 195
26 18 811
26 19 790
26 20 967
26 21 652
26 22 633
26 23 896
26 24 529
26 25 855
26 26 0
26 27 894
26 28 417
26 29 731
26 30 815
26 31 1103
26 32 899
26 33 880
26 34 773
26 35 1112
26 36 271
26 37 570
26 38 1160
26 39 319
26 40 618
26 41 1208
26 42 367
26 43 666
26 44 1256
26 45 415
26 46 714
26 47 1304
26 48 463
26 49 762
26 50 1352
26 51 511
26 52 810
26 53 1400
26 54 559
26 55 858
26 56 1448
26 57 607
26 58 906
26 59 1496
26 60 655
26 61 954
26 62 1544
26 63 703
26 64 1002
26 65 1592
26 66 751
26 67 1050
26 68 1640
26 69 799
26 70 1098
26 71 1232
27 0 626
27 1 742
27 2 915
27 3 703
27 4 829
27 5 911
27 6 1054
27 7 1076
27 8 1305
27 9 1576
27 10 1331
27 11 712
27 12 1028
27 13 911
27 14 668
27 15 1379
27 16 1050
27 17 699
27 18 1067
27 19 1244
27 20 651
27 21 716
27 22 985
27 23 960
27 24 881
27 25 919
27 26 894
27 27 0
27 28 577
27 29 795
27 30 803
27 31 1167
27 32 911
27 33 738
27 34 837
27 35 506
27 36 623
27 37 1464
27 38 458
27 39 575
27 40 1416
27 41 410
27 42 527
27 43 1368
27 44 362
27 45 479
27 46 1320
27 47 410
27 48 527
27 49 1368
27 50 458
27 51 575
27 52 1416
27 53 506
27 54 623
27 55 1464
27 56 554
27 57 671
27 58 1512
27 59 602
27 60 719
27 61 1560
27 62 650
27 63 767
27 64 1608
27 65 698
27 66 815
27 67 1656
27 68 746
27 69 863
27 70 1704
27 71 626
28 0 1007
28 1 751
28 2 438
28 3 694
28 4 352
28 5 434
28 6 577
28 7 695
28 8 924
28 9 1195
28 10 950
28 11 235
28 12 551
28 13 530
28 14 287
28 15 902
28 16 573
28 17 222
28 18 590
28 19 863
28 20 746
28 21 335
28 22 508
28 23 579
28 24 404
28 25 538
28 26 417
28 27 577
28 28 0
28 29 414
28 30 690
28 31 786
28 32 582
28 33 755
28 34 456
28 35 887
28 36 146
28 37 987
28 38 839
28 39 98
28 40 939
28 41 791
28 42 50
28 43 891
28 44 839
28 45 98
28 46 939
28 47 887
28 48 146
28 49 987
28 50 935
28 51 194
28 52 1035
28 53 983
28 54 242
28 55 1083
28 56 1031
28 57 290
28 58 1131
28 59 1079
28 60 338
28 61 1179
28 62 1127
28 63 386
28 64 1227
28 65 1175
28 66 434
28 67 1275
28 68 1223
28 69 482
28 70 1323
28 71 1007
29 0 1269
29 1 777
29 2 752
29 3 1008
29 4 666
29 5 748
29 6 891
29 7 625
29 8 1046
29 9 933
29 10 1072
29 11 549
29 12 865
29 13 556
29 14 409
29 15 1216
29 16 887
29 17 536
29 18 904
29 19 1081
29 20 1060
29 21 361
29 22 822
29 23 317
29 24 718
29 25 756
29 26 731
29 27 795
29 28 414
29 29 0
29 30 1004
29 31 716
29 32 608
29 33 1069
29 34 578
29 35 1149
29 36 460
29 37 1301
29 38 1101
29 39 412
29 40 1253
29 41 1053
29 42 364
29 43 1205
29 44 1005
29 45 316
29 46 1157
29 47 957
29 48 268
29 49 1109
29 50 909
29 51 220
29 52 1061
29 53 861
29 54 172
29 55 1013
29 56 813
29 57 124
29 58 965
29 59 765
29 60 76
29 61 917
29 62 813
29 63 124
29 64 965
29 65 861
29 66 172
29 67 1013
29 68 909
29 69 220
29 70 1061
29 71 1269
30 0 417
30 1 821
30 2 1028
30 3 590
30 4 750
30 5 928
30 6 1071
30 7 1285
30 8 1514
30 9 1785
30 10 1540
30 11 455
30 12 1045
30 13 1042
30 14 877
30 15 1396
30 16 971
30 17 620
30 18 1084
30 19 1453
30 20 538
30 21 925
30 22 182
30 23 1169
30 24 286
30 25 1128
30 26 815
30 27 803
30 28 690
30 29 1004
30 30 0
30 31 1376
30 32 990
30 33 65
30 34 1020
30 35 297
30 36 544
30 37 1385
30 38 345
30 39 592
30 40 1433
30 41 393
30 42 640
30 43 1481
30 44 441
30 45 688
30 46 1529
30 47 489
30 48 736
30 49 1577
30 50 537
30 51 784
30 52 1625
30 53 585
30 54 832
30 55 1673
30 56 633
30 57 880
30 58 1721
30 59 681
30 60 928
30 61 1769
30 62 729
30 63 976
30 64 1817
30 65 777
30 66 1024
30 67 1865
30 68 825
30 69 1072
30 70 1913
30 71 417
31 0 1793
31 1 1149
31 2 942
31 3 1380
31 4 1038
31 5 1042
31 6 899
31 7 91
31 8 456
31 9 665
31 10 430
31 11 921
31 12 925
31 13 928
31 14 781
31 15 574
31 16 999
31 17 908
31 18 886
31 19 517
31 20 1432
31 21 733
31 22 1194
31 23 881
31 24 1090
31 25 842
31 26 1103
31 27 1167
31 28 786
31 29 716
31 30 1376
31 31 0
31 32 980
31 33 1441
31 34 950
31 35 1673
31 36 832
31 37 585
31 38 1625
31 39 784
31 40 537
31 41 1577
31 42 736
31 43 489
31 44 1529
31 45 688
31 46 441
31 47 1481
31 48 640
31 49 393
31 50 1433
31 51 592
31 52 345
31 53 1385
31 54 544
31 55 297
31 56 1433
31 57 592
31 58 345
31 59 1481
31 60 640
31 61 393
31 62 1529
31 63 688
31 64 441
31 65 1577
31 66 736
31 67 489
31 68 1625
31 69 784
31 70 537
31 71 1793
32 0 813
32 1 169
32 2 920
32 3 890
32 4 834
32 5 916
32 6 1059
32 7 889
32 8 1214
32 9 1389
32 10 1240
32 11 717
32 12 1033
32 13 52
32 14 577
32 15 1384
32 16 1055
32 17 704
32 18 1072
32 19 1249
32 20 838
32 21 247
32 22 990
32 23 773
32 24 886
32 25 924
32 26 899
32 27 911
32 28 582
32 29 608
32 30 990
32 31 980
32 32 0
32 33 925
32 34 746
32 35 693
32 36 628
32 37 1469
32 38 645
32 39 580
32 40 1421
32 41 597
32 42 532
32 43 1373
32 44 549
32 45 484
32 46 1325
32 47 501
32 48 436
32 49 1277
32 50 453
32 51 388
32 52 1229
32 53 501
32 54 436
32 55 1277
32 56 549
32 57 484
32 58 1325
32 59 597
32 60 532
32 61 1373
32 62 645
32 63 580
32 64 1421
32 65 693
32 66 628
32 67 1469
32 68 741
32 69 676
32 70 1517
32 71 813
33 0 352
33 1 756
33 2 1093
33 3 525
33 4 815
33 5 993
33 6 1136
33 7 1350
33 8 1579
33 9 1850
33 10 1605
33 11 520
33 12 1110
33 13 977
33 14 942
33 15 1461
33 16 1036
33 17 685
33 18 1149
33 19 1518
33 20 473
33 21 990
33 22 247
33 23 1234
33 24 351
33 25 1193
33 26 880
33 27 738
33 28 755
33 29 1069
33 30 65
33 31 1441
33 32 925
33 33 0
33 34 955
33 35 232
33 36 609
33 37 1450
33 38 280
33 39 657
33 40 1498
33 41 328
33 42 705
33 43 1546
33 44 376
33 45 753
33 46 1594
33 47 424
33 48 801
33 49 1642
33 50 472
33 51 849
33 52 1690
33 53 520
33 54 897
33 55 1738
33 56 568
33 57 945
33 58 1786
33 59 616
33 60 993
33 61 1834
33 62 664
33 63 1041
33 64 1882
33 65 712
33 66 1089
33 67 1930
33 68 760
33 69 1137
33 70 1978
33 71 352
34 0 843
34 1 863
34 2 794
34 3 920
34 4 708
34 5 790
34 6 933
34 7 859
34 8 1088
34 9 1359
34 10 1114
34 11 591
34 12 907
34 13 694
34 14 169
34 15 1258
34 16 929
34 17 578
34 18 946
34 19 1123
34 20 868
34 21 499
34 22 864
34 23 743
34 24 760
34 25 798
34 26 773
34 27 837
34 28 456
34 29 578
34 30 1020
34 31 950
34 32 746
34 33 955
34 34 0
34 35 723
34 36 502
34 37 1343
34 38 675
34 39 454
34 40 1295
34 41 627
34 42 406
34 43 1247
34 44 579
34 45 358
34 46 1199
34 47 531
34 48 310
34 49 1151
34 50 579
34 51 358
34 52 1199
34 53 627
34 54 406
34 55 1247
34 56 675
34 57 454
34 58 1295
34 59 723
34 60 502
34 61 1343
34 62 771
34 63 550
34 64 1391
34 65 819
34 66 598
34 67 1439
34 68 867
34 69 646
34 70 1487
34 71 843
35 0 120
35 1 524
35 2 1325
35 3 293
35 4 1047
35 5 1225
35 6 1368
35 7 1582
35 8 1811
35 9 2082
35 10 1837
35 11 752
35 12 1342
35 13 745
35 14 892
35 15 1693
35 16 1268
35 17 917
35 18 1381
35 19 1750
35 20 241
35 21 940
35 22 479
35 23 1466
35 24 583
35 25 1425
35 26 1112
35 27 506
35 28 887
35 29 1149
35 30 297
35 31 1673
35 32 693
35 33 232
35 34 723
35 35 0
35 36 841
35 37 1682
35 38 48
35 39 889
35 40 1730
35 41 96
35 42 937
35 43 1778
35 44 144
35 45 985
35 46 1826
35 47 192
35 48 1033
35 49 1874
35 50 240
35 51 1081
35 52 1922
35 53 288
35 54 1129
35 55 1970
35 56 336
35 57 1177
35 58 2018
35 59 384
35 60 1225
35 61 2066
35 62 432
35 63 1273
35 64 2114
35 65 480
35 66 1321
35 67 2162
35 68 528
35 69 1369
35 70 2210
35 71 120
36 0 961
36 1 797
36 2 484
36 3 644
36 4 206
36 5 384
36 6 527
36 7 741
36 8 970
36 9 1241
36 10 996
36 11 89
36 12 501
36 13 576
36 14 333
36 15 852
36 16 427
36 17 76
36 18 540
36 19 909
36 20 696
36 21 381
36 22 362
36 23 625
36 24 258
36 25 584
36 26 271
36 27 623
36 28 146
36 29 460
36 30 544
36 31 832
36 32 628
36 33 609
36 34 502
36 35 841
36 36 0
36 37 841
36 38 889
36 39 48
36 40 889
36 41 937
36 42 96
36 43 937
36 44 985
36 45 144
36 46 985
36 47 1033
36 48 192
36 49 1033
36 50 1081
36 51 240
36 52 1081
36 53 1129
36 54 288
36 55 1129
36 56 1177
36 57 336
36 58 1177
36 59 1225
36 60 384
36 61 1225
36 62 1273
36 63 432
36 64 1273
36 65 1321
36 66 480
36 67 1321
36 68 1369
36 69 528
36 70 1369
36 71 961
37 0 1802
37 1 1638
37 2 549
37 3 1485
37 4 635
37 5 553
37 6 410
37 7 676
37 8 255
37 9 656
37 10 229
37 11 930
37 12 436
37 13 1417
37 14 1174
37 15 85
37 16 414
37 17 765
37 18 397
37 19 220
37 20 1537
37 21 1222
37 22 1203
37 23 1080
37 24 1099
37 25 545
37 26 570
37 27 1464
37 28 987
37 29 1301
37 30 1385
37 31 585
37 32 1469
37 33 1450
37 34 1343
37 35 1682
37 36 841
37 37 0
37 38 1730
37 39 889
37 40 48
37 41 1778
37 42 937
37 43 96
37 44 1826
37 45 985
37 46 144
37 47 1874
37 48 1033
37 49 192
37 50 1922
37 51 1081
37 52 240
37 53 1970
37 54 1129
37 55 288
37 56 2018
37 57 1177
37 58 336
37 59 2066
37 60 1225
37 61 384
37 62 2114
37 63 1273
37 64 432
37 65 2162
37 66 1321
37 67 480
37 68 2210
37 69 1369
37 70 528
37 71 1802
38 0 168
38 1 476
38 2 1277
38 3 245
38 4 1095
38 5 1177
38 6 1320
38 7 1534
38 8 1763
38 9 2034
38 10 1789
38 11 800
38 12 1294
38 13 697
38 14 844
38 15 1645
38 16 1316
38 17 965
38 18 1333
38 19 1702
38 20 193
38 21 892
38 22 527
38 23 1418
38 24 631
38 25 1377
38 26 1160
38 27 458
38 28 839
38 29 1101
38 30 345
38 31 1625
38 32 645
38 33 280
38 34 675
38 35 48
38 36 889
38 37 1730
38 38 0
38 39 841
38 40 1682
38 41 48
38 42 889
38 43 1730
38 44 96
38 45 937
38 46 1778
38 47 144
38 48 985
38 49 1826
38 50 192
38 51 1033
38 52 1874
38 53 240
38 54 1081
38 55 1922
38 56 288
38 57 1129
38 58 1970
38 59 336
38 60 1177
38 61 2018
38 62 384
38 63 1225
38 64 2066
38 65 432
38 66 1273
38 67 2114
38 68 480
38 69 1321
38 70 2162
38 71 168
39 0 1009
39 1 749
39 2 436
39 3 596
39 4 254
39 5 336
39 6 479
39 7 693
39 8 922
39 9 1193
39 10 948
39 11 137
39 12 453
39 13 528
39 14 285
39 15 804
39 16 475
39 17 124
39 18 492
39 19 861
39 20 648
39 21 333
39 22 410
39 23 577
39 24 306
39 25 536
39 26 319
39 27 575
39 28 98
39 29 412
39 30 592
39 31 784
39 32 580
39 33 657
39 34 454
39 35 889
39 36 48
39 37 889
39 38 841
39 39 0
39 40 841
39 41 889
39 42 48
39 43 889
39 44 937
39 45 96
39 46 937
39 47 985
39 48 144
39 49 985
39 50 1033
39 51 192
39 52 1033
39 53 1081
39 54 240
39 55 1081
39 56 1129
39 57 288
39 58 1129
39 59 1177
39 60 336
39 61 1177
39 62 1225
39 63 384
39 64 1225
39 65 1273
39 66 432
39 67 1273
39 68 1321
39 69 480
39 70 1321
39 71 1009
40 0 1850
40 1 1590
40 2 501
40 3 1437
40 4 683
40 5 505
40 6 362
40 7 628
40 8 207
40 9 608
40 10 181
40 11 978
40 12 388
40 13 1369
40 14 1126
40 15 37
40 16 462
40 17 813
40 18 349
40 19 172
40 20 1489
40 21 1174
40 22 1251
40 23 1032
40 24 1147
40 25 497
40 26 618
40 27 1416
40 28 939
40 29 1253
40 30 1433
40 31 537
40 32 1421
40 33 1498
40 34 1295
40 35 1730
40 36 889
40 37 48
40 38 1682
40 39 841
40 40 0
40 41 1730
40 42 889
40 43 48
40 44 1778
40 45 937
40 46 96
40 47 1826
40 48 985
40 49 144
40 50 1874
40 51 1033
40 52 192
40 53 1922
40 54 1081
40 55 240
40 56 1970
40 57 1129
40 58 288
40 59 2018
40 60 1177
40 61 336
40 62 2066
40 63 1225
40 64 384
40 65 2114
40 66 1273
40 67 432
40 68 2162
40 69 1321
40 70 480
40 71 1850
41 0 216
41 1 428
41 2 1229
41 3 293
41 4 1143
41 5 1225
41 6 1368
41 7 1486
41 8 1715
41 9 1986
41 10 1741
41 11 848
41 12 1342
41 13 649
41 14 796
41 15 1693
41 16 1364
41 17 1013
41 18 1381
41 19 1654
41 20 241
41 21 844
41 22 575
41 23 1370
41 24 679
41 25 1329
41 26 1208
41 27 410
41 28 791
41 29 1053
41 30 393
41 31 1577
41 32 597
41 33 328
41 34 627
41 35 96
41 36 937
41 37 1778
41 38 48
41 39 889
41 40 1730
41 41 0
41 42 841
41 43 1682
41 44 48
41 45 889
41 46 1730
41 47 96
41 48 937
41 49 1778
41 50 144
41 51 985
41 52 1826
41 53 192
41 54 1033
41 55 1874
41 56 240
41 57 1081
41 58 1922
41 59 288
41 60 1129
41 61 1970
41 62 336
41 63 1177
41 64 2018
41 65 384
41 66 1225
41 67 2066
41 68 432
41 69 1273
41 70 2114
41 71 216
42 0 1057
42 1 701
42 2 388
42 3 644
42 4 302
42 5 384
42 6 527
42 7 645
42 8 874
42 9 1145
42 10 900
42 11 185
42 12 501
42 13 480
42 14 237
42 15 852
42 16 523
42 17 172
42 18 540
42 19 813
42 20 696
42 21 285
42 22 458
42 23 529
42 24 354
42 25 488
42 26 367
42 27 527
42 28 50
42 29 364
42 30 640
42 31 736
42 32 532
42 33 705
42 34 406
42 35 937
42 36 96
42 37 937
42 38 889
42 39 48
42 40 889
42 41 841
42 42 0
42 43 841
42 44 889
42 45 48
42 46 889
42 47 937
42 48 96
42 49 937
42 50 985
42 51 144
42 52 985
42 53 1033
42 54 192
42 55 1033
42 56 1081
42 57 240
42 58 1081
42 59 1129
42 60 288
42 61 1129
42 62 1177
42 63 336
42 64 1177
42 65 1225
42 66 384
42 67 1225
42 68 1273
42 69 432
42 70 1273
42 71 1057
43 0 1898
43 1 1542
43 2 453
43 3 1485
43 4 731
43 5 553
43 6 410
43 7 580
43 8 159
43 9 560
43 10 133
43 11 1026
43 12 436
43 13 1321
43 14 1078
43 15 85
43 16 510
43 17 861
43 18 397
43 19 124
43 20 1537
43 21 1126
43 22 1299
43 23 984
43 24 1195
43 25 449
43 26 666
43 27 1368
43 28 891
43 29 1205
43 30 1481
43 31 489
43 32 1373
43 33 1546
43 34 1247
43 35 1778
43 36 937
43 37 96
43 38 1730
43 39 889
43 40 48
43 41 1682
43 42 841
43 43 0
43 44 1730
43 45 889
43 46 48
43 47 1778
43 48 937
43 49 96
43 50 1826
43 51 985
43 52 144
43 53 1874
43 54 1033
43 55 192
43 56 1922
43 57 1081
43 58 240
43 59 1970
43 60 1129
43 61 288
43 62 2018
43 63 1177
43 64 336
43 65 2066
43 66 1225
43 67 384
43 68 2114
43 69 1273
43 70 432
43 71 1898
44 0 264
44 1 380
44 2 1277
44 3 341
44 4 1191
44 5 1273
44 6 1416
44 7 1438
44 8 1667
44 9 1938
44 10 1693
44 11 896
44 12 1390
44 13 601
44 14 748
44 15 1741
44 16 1412
44 17 1061
44 18 1429
44 19 1606
44 20 289
44 21 796
44 22 623
44 23 1322
44 24 727
44 25 1281
44 26 1256
44 27 362
44 28 839
44 29 1005
44 30 441
44 31 1529
44 32 549
44 33 376
44 34 579
44 35 144
44 36 985
44 37 1826
44 38 96
44 39 937
44 40 1778
44 41 48
44 42 889
44 43 1730
44 44 0
44 45 841
44 46 1682
44 47 48
44 48 889
44 49 1730
44 50 96
44 51 937
44 52 1778
44 53 144
44 54 985
44 55 1826
44 56 192
44 57 1033
44 58 1874
44 59 240
44 60 1081
44 61 1922
44 62 288
44 63 1129
44 64 1970
44 65 336
44 66 1177
44 67 2018
44 68 384
44 69 1225
44 70 2066
44 71 264
45 0 1105
45 1 653
45 2 436
45 3 692
45 4 350
45 5 432
45 6 575
45 7 597
45 8 826
45 9 1097
45 10 852
45 11 233
45 12 549
45 13 432
45 14 189
45 15 900
45 16 571
45 17 220
45 18 588
45 19 765
45 20 744
45 21 237
45 22 506
45 23 481
45 24 402
45 25 440
45 26 415
45 27 479
45 28 98
45 29 316
45 30 688
45 31 688
45 32 484
45 33 753
45 34 358
45 35 985
45 36 144
45 37 985
45 38 937
45 39 96
45 40 937
45 41 889
45 42 48
45 43 889
45 44 841
45 45 0
45 46 841
45 47 889
45 48 48
45 49 889
45 50 937
45 51 96
45 52 937
45 53 985
45 54 144
45 55 985
45 56 1033
45 57 192
45 58 1033
45 59 1081
45 60 240
45 61 1081
45 62 1129
45 63 288
45 64 1129
45 65 1177
45 66 336
45 67 1177
45 68 1225
45 69 384
45 70 1225
45 71 1105
46 0 1946
46 1 1494
46 2 501
46 3 1533
46 4 779
46 5 601
46 6 458
46 7 532
46 8 111
46 9 512
46 10 85
46 11 1074
46 12 484
46 13 1273
46 14 1030
46 15 133
46 16 558
46 17 909
46 18 445
46 19 76
46 20 1585
46 21 1078
46 22 1347
46 23 936
46 24 1243
46 25 401
46 26 714
46 27 1320
46 28 939
46 29 1157
46 30 1529
46 31 441
46 32 1325
46 33 1594
46 34 1199
46 35 1826
46 36 985
46 37 144
46 38 1778
46 39 937
46 40 96
46 41 1730
46 42 889
46 43 48
46 44 1682
46 45 841
46 46 0
46 47 1730
46 48 889
46 49 48
46 50 1778
46 51 937
46 52 96
46 53 1826
46 54 985
46 55 144
46 56 1874
46 57 1033
46 58 192
46 59 1922
46 60 1081
46 61 240
46 62 1970
46 63 1129
46 64 288
46 65 2018
46 66 1177
46 67 336
46 68 2066
46 69 1225
46 70 384
46 71 1946
47 0 312
47 1 332
47 2 1325
47 3 389
47 4 1239
47 5 1321
47 6 1464
47 7 1390
47 8 1619
47 9 1890
47 10 1645
47 11 944
47 12 1438
47 13 553
47 14 700
47 15 1789
47 16 1460
47 17 1109
47 18 1477
47 19 1654
47 20 337
47 21 748
47 22 671
47 23 1274
47 24 775
47 25 1329
47 26 1304
47 27 410
47 28 887
47 29 957
47 30 489
47 31 1481
47 32 501
47 33 424
47 34 531
47 35 192
47 36 1033
47 37 1874
47 38 144
47 39 985
47 40 1826
47 41 96
47 42 937
47 43 1778
47 44 48
47 45 889
47 46 1730
47 47 0
47 48 841
47 49 1682
47 50 48
47 51 889
47 52 1730
47 53 96
47 54 937
47 55 1778
47 56 144
47 57 985
47 58 1826
47 59 192
47 60 1033
47 61 1874
47 62 240
47 63 1081
47 64 1922
47 65 288
47 66 1129
47 67 1970
47 68 336
47 69 1177
47 70 2018
47 71 312
48 0 1153
48 1 605
48 2 484
48 3 740
48 4 398
48 5 480
48 6 623
48 7 549
48 8 778
48 9 1049
48 10 804
48 11 281
48 12 597
48 13 384
48 14 141
48 15 948
48 16 619
48 17 268
48 18 636
48 19 813
48 20 792
48 21 189
48 22 554
48 23 433
48 24 450
48 25 488
48 26 463
48 27 527
48 28 146
48 29 268
48 30 736
48 31 640
48 32 436
48 33 801
48 34 310
48 35 1033
48 36 192
48 37 1033
48 38 985
48 39 144
48 40 985
48 41 937
48 42 96
48 43 937
48 44 889
48 45 48
48 46 889
48 47 841
48 48 0
48 49 841
48 50 889
48 51 48
48 52 889
48 53 937
48 54 96
48 55 937
48 56 985
48 57 144
48 58 985
48 59 1033
48 60 192
48 61 1033
48 62 1081
48 63 240
48 64 1081
48 65 1129
48 66 288
48 67 1129
48 68 1177
48 69 336
48 70 1177
48 71 1153
49 0 1994
49 1 1446
49 2 549
49 3 1581
49 4 827
49 5 649
49 6 506
49 7 484
49 8 63
49 9 464
49 10 37
49 11 1122
49 12 532
49 13 1225
49 14 982
49 15 181
49 16 606
49 17 957
49 18 493
49 19 124
49 20 1633
49 21 1030
49 22 1395
49 23 888
49 24 1291
49 25 449
49 26 762
49 27 1368
49 28 987
49 29 1109
49 30 1577
49 31 393
49 32 1277
49 33 1642
49 34 1151
49 35 1874
49 36 1033
49 37 192
49 38 1826
49 39 985
49 40 144
49 41 1778
49 42 937
49 43 96
49 44 1730
49 45 889
49 46 48
49 47 1682
49 48 841
49 49 0
49 50 1730
49 51 889
49 52 48
49 53 1778
49 54 937
49 55 96
49 56 1826
49 57 985
49 58 144
49 59 1874
49 60 1033
49 61 192
49 62 1922
49 63 1081
49 64 240
49 65 1970
49 66 1129
49 67 288
49 68 2018
49 69 1177
49 70 336
49 71 1994
50 0 360
50 1 284
50 2 1373
50 3 437
50 4 1287
50 5 1369
50 6 1512
50 7 1342
50 8 1667
50 9 1842
50 10 1693
50 11 992
50 12 1486
50 13 505
50 14 748
50 15 1837
50 16 1508
50 17 1157
50 18 1525
50 19 1702
50 20 385
50 21 700
50 22 719
50 23 1226
50 24 823
50 25 1377
50 26 1352
50 27 458
50 28 935
50 29 909
50 30 537
50 31 1433
50 32 453
50 33 472
50 34 579
50 35 240
50 36 1081
50 37 1922
50 38 192
50 39 1033
50 40 1874
50 41 144
50 42 985
50 43 1826
50 44 96
50 45 937
50 46 1778
50 47 48
50 48 889
50 49 1730
50 50 0
50 51 841
50 52 1682
50 53 48
50 54 889
50 55 1730
50 56 96
50 57 937
50 58 1778
50 59 144
50 60 985
50 61 1826
50 62 192
50 63 1033
50 64 1874
50 65 240
50 66 1081
50 67 1922
50 68 288
50 69 1129
50 70 1970
50 71 360
51 0 1201
51 1 557
51 2 532
51 3 788
51 4 446
51 5 528
51 6 671
51 7 501
51 8 826
51 9 1001
51 10 852
51 11 329
51 12 645
51 13 336
51 14 189
51 15 996
51 16 667
51 17 316
51 18 684
51 19 861
51 20 840
51 21 141
51 22 602
51 23 385
51 24 498
51 25 536
51 26 511
51 27 575
51 28 194
51 29 220
51 30 784
51 31 592
51 32 388
51 33 849
51 34 358
51 35 1081
51 36 240
51 37 1081
51 38 1033
51 39 192
51 40 1033
51 41 985
51 42 144
51 43 985
51 44 937
51 45 96
51 46 937
51 47 889
51 48 48
51 49 889
51 50 841
51 51 0
51 52 841
51 53 889
51 54 48
51 55 889
