//alpha
1
//NbLocations
84
//NbProducts
30
//NbPickers
2
//CapaPicker
8
//TimeToTravelOneDistanceUnit
3
//SetupTime
5400
//PickTime
300
//Products
//Idx Location Size
1 1 1
2 2 1
3 3 1
4 4 1
5 5 1
6 6 1
7 7 1
8 8 1
9 9 1
10 10 1
11 11 1
12 12 1
13 13 1
14 14 1
15 15 1
16 16 1
17 17 1
18 18 1
19 19 1
20 20 1
21 21 1
22 22 1
23 23 1
24 24 1
25 25 1
26 26 1
27 27 1
28 28 1
29 29 1
30 10 1
//Orders
//NbOrders
18
//Idx DueDate TardinessPenalty NbProdInOrder ProdIdx1 Qty1 ProdIdx2 Qty2 ...
1 72000 0 1 1 1
2 54000 0 2 2 1 3 1
3 108000 0 3 4 1 5 1 6 1
4 72000 0 3 7 1 8 1 9 1
5 36000 0 3 10 1 11 1 12 1
6 36000 0 2 13 1 14 1
7 54000 0 1 15 1
8 54000 0 1 16 1
9 126000 0 1 17 1
10 72000 0 2 18 1 19 1
11 36000 0 1 20 1
12 72000 0 1 21 1
13 54000 0 2 22 1 23 1
14 72000 0 1 24 1
15 54000 0 1 25 1
16 54000 0 1 26 1
17 126000 0 1 27 1
18 54000 0 3 28 1 29 1 30 1
//Graph (Products are vertices indexed from 1 to NbProducts)
//NbVerticesIntersections
54
//DepartingDepot
0
//ArrivalDepot
84
//Arcs
//Start End Distance
0 30 120
1 13 897
1 65 180
2 3 1066
2 61 89
3 2 1066
3 62 76
4 5 377
4 61 414
5 4 377
5 60 440
6 12 143
6 45 141
7 39 596
7 40 635
8 79 362
8 80 869
9 28 65
9 51 908
10 19 221
10 34 271
11 18 1001
11 43 180
12 6 143
12 27 598
13 1 897
13 64 154
14 78 414
14 79 817
15 16 299
15 83 336
16 15 299
16 82 596
17 69 297
17 70 934
18 11 1001
18 42 50
19 10 221
19 33 739
20 81 141
20 82 1090
21 23 351
21 55 570
22 73 921
22 74 310
23 21 351
23 56 310
24 52 1025
24 53 206
25 57 115
25 58 1116
26 58 453
26 59 778
27 12 598
27 46 349
28 9 65
28 52 258
29 31 232
29 32 999
30 31 1231
30 33 48
30 84 120
31 29 232
31 30 1231
31 34 48
32 29 999
32 35 48
33 19 739
33 30 48
33 36 48
34 10 271
34 31 48
34 35 1231
34 37 48
35 32 48
35 34 1231
35 38 48
36 33 48
36 37 1231
36 39 48
37 34 48
37 36 1231
37 38 1231
37 40 48
38 35 48
38 37 1231
38 41 48
39 7 596
39 36 48
39 42 48
40 7 635
40 37 48
40 41 1231
40 43 48
41 38 48
41 40 1231
41 44 48
42 18 50
42 39 48
42 45 48
43 11 180
43 40 48
43 44 1231
43 46 48
44 41 48
44 43 1231
44 47 48
45 6 141
45 42 48
45 48 48
46 27 349
46 43 48
46 47 1231
46 49 48
47 44 48
47 46 1231
47 50 48
48 45 48
48 49 1231
48 51 48
49 46 48
49 48 1231
49 50 1231
49 52 48
50 47 48
50 49 1231
50 53 48
51 9 908
51 48 48
51 54 48
52 24 1025
52 28 258
52 49 48
52 55 48
53 24 206
53 50 48
53 56 48
54 51 48
54 55 1231
54 57 48
55 21 570
55 52 48
55 54 1231
55 58 48
56 23 310
56 53 48
56 59 48
57 25 115
57 54 48
57 60 48
58 25 1116
58 26 453
58 55 48
58 61 48
59 26 778
59 56 48
59 62 48
60 5 440
60 57 48
60 63 48
61 2 89
61 4 414
61 58 48
61 64 48
62 3 76
62 59 48
62 65 48
63 60 48
63 64 1231
63 66 48
64 13 154
64 61 48
64 63 1231
64 67 48
65 1 180
65 62 48
65 68 48
66 63 48
66 67 1231
66 69 48
67 64 48
67 66 1231
67 68 1231
67 70 48
68 65 48
68 67 1231
68 71 48
69 17 297
69 66 48
69 72 48
70 17 934
70 67 48
70 71 1231
70 73 48
71 68 48
71 70 1231
71 74 48
72 69 48
72 73 1231
72 75 48
73 22 921
73 70 48
73 72 1231
73 76 48
74 22 310
74 71 48
74 77 48
75 72 48
75 76 1231
75 78 48
76 73 48
76 75 1231
76 77 1231
76 79 48
77 74 48
77 76 1231
77 80 48
78 14 414
78 75 48
78 81 48
79 8 362
79 14 817
79 76 48
79 82 48
80 8 869
80 77 48
80 83 48
81 20 141
81 78 48
82 16 596
82 20 1090
82 79 48
83 15 336
83 80 48
//LocStart LocEnd ShortestPath
0 0 0
0 1 2930
0 2 1920
0 3 2986
0 4 1417
0 5 1040
0 6 501
0 7 860
0 8 2481
0 9 1364
0 10 1128
0 11 1363
0 12 644
0 13 2033
0 14 1302
0 15 3062
0 16 2763
0 17 1041
0 18 362
0 19 907
0 20 1077
0 21 2305
0 22 2944
0 23 2656
0 24 2712
0 25 667
0 26 2236
0 27 1242
0 28 1429
0 29 1583
0 30 120
0 31 1351
0 32 2582
0 33 168
0 34 1399
0 35 2630
0 36 216
0 37 1447
0 38 2678
0 39 264
0 40 1495
0 41 2726
0 42 312
0 43 1543
0 44 2774
0 45 360
0 46 1591
0 47 2822
0 48 408
0 49 1639
0 50 2870
0 51 456
0 52 1687
0 53 2918
0 54 504
0 55 1735
0 56 2966
0 57 552
0 58 1783
0 59 3014
0 60 600
0 61 1831
0 62 3062
0 63 648
0 64 1879
0 65 3110
0 66 696
0 67 1927
0 68 3158
0 69 744
0 70 1975
0 71 3206
0 72 792
0 73 2023
0 74 3254
0 75 840
0 76 2071
0 77 3302
0 78 888
0 79 2119
0 80 3350
0 81 936
0 82 2167
0 83 3398
0 84 0
1 0 2930
1 1 0
1 2 1188
1 3 304
1 4 1513
1 5 1890
1 6 2429
1 7 2070
1 8 1289
1 9 1566
1 10 1802
1 11 1567
1 12 2286
1 13 897
1 14 2108
1 15 804
1 16 1103
1 17 2081
1 18 2568
1 19 2023
1 20 2429
1 21 985
1 22 634
1 23 634
1 24 578
1 25 2263
1 26 1054
1 27 1688
1 28 1501
1 29 1707
1 30 2810
1 31 1579
1 32 708
1 33 2762
1 34 1531
1 35 660
1 36 2714
1 37 1483
1 38 612
1 39 2666
1 40 1435
1 41 564
1 42 2618
1 43 1387
1 44 516
1 45 2570
1 46 1339
1 47 468
1 48 2522
1 49 1291
1 50 420
1 51 2474
1 52 1243
1 53 372
1 54 2426
1 55 1195
1 56 324
1 57 2378
1 58 1147
1 59 276
1 60 2330
1 61 1099
1 62 228
1 63 2282
1 64 1051
1 65 180
1 66 2330
1 67 1099
1 68 228
1 69 2378
1 70 1147
1 71 276
1 72 2426
1 73 1195
1 74 324
1 75 2474
1 76 1243
1 77 372
1 78 2522
1 79 1291
1 80 420
1 81 2570
1 82 1339
1 83 468
1 84 2930
2 0 1920
2 1 1188
2 2 0
2 3 1066
2 4 503
2 5 880
2 6 1419
2 7 1060
2 8 739
2 9 556
2 10 792
2 11 557
2 12 1276
2 13 291
2 14 1194
2 15 1320
2 16 1021
2 17 1167
2 18 1558
2 19 1013
2 20 1515
2 21 755
2 22 1202
2 23 1106
2 24 1258
2 25 1253
2 26 590
2 27 678
2 28 491
2 29 801
2 30 1800
2 31 569
2 32 1622
2 33 1752
2 34 521
2 35 1574
2 36 1704
2 37 473
2 38 1526
2 39 1656
2 40 425
2 41 1478
2 42 1608
2 43 377
2 44 1430
2 45 1560
2 46 329
2 47 1382
2 48 1512
2 49 281
2 50 1334
2 51 1464
2 52 233
2 53 1286
2 54 1416
2 55 185
2 56 1238
2 57 1368
2 58 137
2 59 1190
2 60 1320
2 61 89
2 62 1142
2 63 1368
2 64 137
2 65 1190
2 66 1416
2 67 185
2 68 1238
2 69 1464
2 70 233
2 71 1286
2 72 1512
2 73 281
2 74 1334
2 75 1560
2 76 329
2 77 1382
2 78 1608
2 79 377
2 80 1430
2 81 1656
2 82 425
2 83 1478
2 84 1920
3 0 2986
3 1 304
3 2 1066
3 3 0
3 4 1569
3 5 1946
3 6 2485
3 7 2126
3 8 1233
3 9 1622
3 10 1858
3 11 1623
3 12 2342
3 13 1201
3 14 2260
3 15 748
3 16 1047
3 17 2233
3 18 2624
3 19 2079
3 20 2581
3 21 833
3 22 578
3 23 482
3 24 426
3 25 2319
3 26 902
3 27 1744
3 28 1557
3 29 1555
3 30 2866
3 31 1635
3 32 556
3 33 2818
3 34 1587
3 35 508
3 36 2770
3 37 1539
3 38 460
3 39 2722
3 40 1491
3 41 412
3 42 2674
3 43 1443
3 44 364
3 45 2626
3 46 1395
3 47 316
3 48 2578
3 49 1347
3 50 268
3 51 2530
3 52 1299
3 53 220
3 54 2482
3 55 1251
3 56 172
3 57 2434
3 58 1203
3 59 124
3 60 2386
3 61 1155
3 62 76
3 63 2434
3 64 1203
3 65 124
3 66 2482
3 67 1251
3 68 172
3 69 2530
3 70 1299
3 71 220
3 72 2578
3 73 1347
3 74 268
3 75 2626
3 76 1395
3 77 316
3 78 2674
3 79 1443
3 80 364
3 81 2722
3 82 1491
3 83 412
3 84 2986
4 0 1417
4 1 1513
4 2 503
4 3 1569
4 4 0
4 5 377
4 6 1198
4 7 1385
4 8 1064
4 9 881
4 10 1117
4 11 882
4 12 1341
4 13 616
4 14 1519
4 15 1645
4 16 1346
4 17 1258
4 18 1155
4 19 1338
4 20 1294
4 21 1080
4 22 1527
4 23 1431
4 24 1583
4 25 980
4 26 915
4 27 1003
4 28 816
4 29 1126
4 30 1297
4 31 894
4 32 2125
4 33 1249
4 34 846
4 35 2077
4 36 1201
4 37 798
4 38 2029
4 39 1153
4 40 750
4 41 1981
4 42 1105
4 43 702
4 44 1933
4 45 1057
4 46 654
4 47 1885
4 48 1009
4 49 606
4 50 1837
4 51 961
4 52 558
4 53 1789
4 54 913
4 55 510
4 56 1741
4 57 865
4 58 462
4 59 1693
4 60 817
4 61 414
4 62 1645
4 63 865
4 64 462
4 65 1693
4 66 913
4 67 510
4 68 1741
4 69 961
4 70 558
4 71 1789
4 72 1009
4 73 606
4 74 1837
4 75 1057
4 76 654
4 77 1885
4 78 1105
4 79 702
4 80 1933
4 81 1153
4 82 750
4 83 1981
4 84 1417
5 0 1040
5 1 1890
5 2 880
5 3 1946
5 4 377
5 5 0
5 6 821
5 7 1372
5 8 1441
5 9 1258
5 10 1494
5 11 1259
5 12 964
5 13 993
5 14 1142
5 15 2022
5 16 1723
5 17 881
5 18 778
5 19 1611
5 20 917
5 21 1457
5 22 1904
5 23 1808
5 24 1960
5 25 603
5 26 1292
5 27 1380
5 28 1193
5 29 1503
5 30 920
5 31 1271
5 32 2502
5 33 872
5 34 1223
5 35 2454
5 36 824
5 37 1175
5 38 2406
5 39 776
5 40 1127
5 41 2358
5 42 728
5 43 1079
5 44 2310
5 45 680
5 46 1031
5 47 2262
5 48 632
5 49 983
5 50 2214
5 51 584
5 52 935
5 53 2166
5 54 536
5 55 887
5 56 2118
5 57 488
5 58 839
5 59 2070
5 60 440
5 61 791
5 62 2022
5 63 488
5 64 839
5 65 2070
5 66 536
5 67 887
5 68 2118
5 69 584
5 70 935
5 71 2166
5 72 632
5 73 983
5 74 2214
5 75 680
5 76 1031
5 77 2262
5 78 728
5 79 1079
5 80 2310
5 81 776
5 82 1127
5 83 2358
5 84 1040
6 0 501
6 1 2429
6 2 1419
6 3 2485
6 4 1198
6 5 821
6 6 0
6 7 833
6 8 1980
6 9 1145
6 10 1293
6 11 1240
6 12 143
6 13 1532
6 14 1083
6 15 2561
6 16 2262
6 17 822
6 18 239
6 19 1072
6 20 858
6 21 1804
6 22 2443
6 23 2155
6 24 2211
6 25 448
6 26 1735
6 27 741
6 28 1210
6 29 1562
6 30 381
6 31 1330
6 32 2561
6 33 333
6 34 1282
6 35 2513
6 36 285
6 37 1234
6 38 2465
6 39 237
6 40 1186
6 41 2417
6 42 189
6 43 1138
6 44 2369
6 45 141
6 46 1090
6 47 2321
6 48 189
6 49 1138
6 50 2369
6 51 237
6 52 1186
6 53 2417
6 54 285
6 55 1234
6 56 2465
6 57 333
6 58 1282
6 59 2513
6 60 381
6 61 1330
6 62 2561
6 63 429
6 64 1378
6 65 2609
6 66 477
6 67 1426
6 68 2657
6 69 525
6 70 1474
6 71 2705
6 72 573
6 73 1522
6 74 2753
6 75 621
6 76 1570
6 77 2801
6 78 669
6 79 1618
6 80 2849
6 81 717
6 82 1666
6 83 2897
6 84 501
7 0 860
7 1 2070
7 2 1060
7 3 2126
7 4 1385
7 5 1372
7 6 833
7 7 0
7 8 1621
7 9 1150
7 10 1002
7 11 863
7 12 976
7 13 1173
7 14 1634
7 15 2202
7 16 1903
7 17 1373
7 18 694
7 19 1223
7 20 1409
7 21 1445
7 22 2084
7 23 1796
7 24 1852
7 25 999
7 26 1376
7 27 1080
7 28 1085
7 29 1011
7 30 740
7 31 779
7 32 2010
7 33 692
7 34 731
7 35 1962
7 36 644
7 37 683
7 38 1914
7 39 596
7 40 635
7 41 1866
7 42 644
7 43 683
7 44 1914
7 45 692
7 46 731
7 47 1962
7 48 740
7 49 779
7 50 2010
7 51 788
7 52 827
7 53 2058
7 54 836
7 55 875
7 56 2106
7 57 884
7 58 923
7 59 2154
7 60 932
7 61 971
7 62 2202
7 63 980
7 64 1019
7 65 2250
7 66 1028
7 67 1067
7 68 2298
7 69 1076
7 70 1115
7 71 2346
7 72 1124
7 73 1163
7 74 2394
7 75 1172
7 76 1211
7 77 2442
7 78 1220
7 79 1259
7 80 2490
7 81 1268
7 82 1307
7 83 2538
7 84 860
8 0 2481
8 1 1289
8 2 739
8 3 1233
8 4 1064
8 5 1441
8 6 1980
8 7 1621
8 8 0
8 9 1117
8 10 1353
8 11 1118
8 12 1837
8 13 756
8 14 1179
8 15 1253
8 16 1006
8 17 1440
8 18 2119
8 19 1574
8 20 1500
8 21 1316
8 22 1275
8 23 1563
8 24 1507
8 25 1814
8 26 1151
8 27 1239
8 28 1052
8 29 1362
8 30 2361
8 31 1130
8 32 1637
8 33 2313
8 34 1082
8 35 1589
8 36 2265
8 37 1034
8 38 1541
8 39 2217
8 40 986
8 41 1493
8 42 2169
8 43 938
8 44 1445
8 45 2121
8 46 890
8 47 1397
8 48 2073
8 49 842
8 50 1349
8 51 2025
8 52 794
8 53 1301
8 54 1977
8 55 746
8 56 1253
8 57 1929
8 58 698
8 59 1205
8 60 1881
8 61 650
8 62 1157
8 63 1833
8 64 602
8 65 1109
8 66 1785
8 67 554
8 68 1061
8 69 1737
8 70 506
8 71 1013
8 72 1689
8 73 458
8 74 965
8 75 1641
8 76 410
8 77 917
8 78 1593
8 79 362
8 80 869
8 81 1641
8 82 410
8 83 917
8 84 2481
9 0 1364
9 1 1566
9 2 556
9 3 1622
9 4 881
9 5 1258
9 6 1145
9 7 1150
9 8 1117
9 9 0
9 10 882
9 11 647
9 12 1288
9 13 669
9 14 1572
9 15 1698
9 16 1399
9 17 1493
9 18 1102
9 19 1103
9 20 1529
9 21 941
9 22 1580
9 23 1292
9 24 1348
9 25 1119
9 26 872
9 27 768
9 28 65
9 29 891
9 30 1244
9 31 659
9 32 1890
9 33 1196
9 34 611
9 35 1842
9 36 1148
9 37 563
9 38 1794
9 39 1100
9 40 515
9 41 1746
9 42 1052
9 43 467
9 44 1698
9 45 1004
9 46 419
9 47 1650
9 48 956
9 49 371
9 50 1602
9 51 908
9 52 323
9 53 1554
9 54 956
9 55 371
9 56 1602
9 57 1004
9 58 419
9 59 1650
9 60 1052
9 61 467
9 62 1698
9 63 1100
9 64 515
9 65 1746
9 66 1148
9 67 563
9 68 1794
9 69 1196
9 70 611
9 71 1842
9 72 1244
9 73 659
9 74 1890
9 75 1292
9 76 707
9 77 1938
9 78 1340
9 79 755
9 80 1986
9 81 1388
9 82 803
9 83 2034
9 84 1364
10 0 1128
10 1 1802
10 2 792
10 3 1858
10 4 1117
10 5 1494
10 6 1293
10 7 1002
10 8 1353
10 9 882
10 10 0
10 11 595
10 12 1410
10 13 905
10 14 1808
10 15 1934
10 16 1635
10 17 1781
10 18 1154
10 19 221
10 20 1869
10 21 1177
10 22 1816
10 23 1528
10 24 1584
10 25 1459
10 26 1108
10 27 812
10 28 817
10 29 551
10 30 1008
10 31 319
10 32 1550
10 33 960
10 34 271
10 35 1502
10 36 1008
10 37 319
10 38 1550
10 39 1056
10 40 367
10 41 1598
10 42 1104
10 43 415
10 44 1646
10 45 1152
10 46 463
10 47 1694
10 48 1200
10 49 511
10 50 1742
10 51 1248
10 52 559
10 53 1790
10 54 1296
10 55 607
10 56 1838
10 57 1344
10 58 655
10 59 1886
10 60 1392
10 61 703
10 62 1934
10 63 1440
10 64 751
10 65 1982
10 66 1488
10 67 799
10 68 2030
10 69 1536
10 70 847
10 71 2078
10 72 1584
10 73 895
10 74 2126
10 75 1632
10 76 943
10 77 2174
10 78 1680
10 79 991
10 80 2222
10 81 1728
10 82 1039
10 83 2270
10 84 1128
11 0 1363
11 1 1567
11 2 557
11 3 1623
11 4 882
11 5 1259
11 6 1240
11 7 863
11 8 1118
11 9 647
11 10 595
11 11 0
11 12 1175
11 13 670
11 14 1573
11 15 1699
11 16 1400
11 17 1546
11 18 1001
11 19 816
11 20 1816
11 21 942
11 22 1581
11 23 1293
11 24 1349
11 25 1406
11 26 873
11 27 577
11 28 582
11 29 604
11 30 1243
11 31 372
11 32 1603
11 33 1195
11 34 324
11 35 1555
11 36 1147
11 37 276
11 38 1507
11 39 1099
11 40 228
11 41 1459
11 42 1051
11 43 180
11 44 1411
11 45 1099
11 46 228
11 47 1459
11 48 1147
11 49 276
11 50 1507
11 51 1195
11 52 324
11 53 1555
11 54 1243
11 55 372
11 56 1603
11 57 1291
11 58 420
11 59 1651
11 60 1339
11 61 468
11 62 1699
11 63 1387
11 64 516
11 65 1747
11 66 1435
11 67 564
11 68 1795
11 69 1483
11 70 612
11 71 1843
11 72 1531
11 73 660
11 74 1891
11 75 1579
11 76 708
11 77 1939
11 78 1627
11 79 756
11 80 1987
11 81 1675
11 82 804
11 83 2035
11 84 1363
12 0 644
12 1 2286
12 2 1276
12 3 2342
12 4 1341
12 5 964
12 6 143
12 7 976
12 8 1837
12 9 1288
12 10 1410
12 11 1175
12 12 0
12 13 1389
12 14 1226
12 15 2418
12 16 2119
12 17 965
12 18 382
12 19 1215
12 20 1001
12 21 1661
12 22 2300
12 23 2012
12 24 2068
12 25 591
12 26 1592
12 27 598
12 28 1301
12 29 1419
12 30 524
12 31 1187
12 32 2418
12 33 476
12 34 1139
12 35 2370
12 36 428
12 37 1091
12 38 2322
12 39 380
12 40 1043
12 41 2274
12 42 332
12 43 995
12 44 2226
12 45 284
12 46 947
12 47 2178
12 48 332
12 49 995
12 50 2226
12 51 380
12 52 1043
12 53 2274
12 54 428
12 55 1091
12 56 2322
12 57 476
12 58 1139
12 59 2370
12 60 524
12 61 1187
12 62 2418
12 63 572
12 64 1235
12 65 2466
12 66 620
12 67 1283
12 68 2514
12 69 668
12 70 1331
12 71 2562
12 72 716
12 73 1379
12 74 2610
12 75 764
12 76 1427
12 77 2658
12 78 812
12 79 1475
12 80 2706
12 81 860
12 82 1523
12 83 2754
12 84 644
13 0 2033
13 1 897
13 2 291
13 3 1201
13 4 616
13 5 993
13 6 1532
13 7 1173
13 8 756
13 9 669
13 10 905
13 11 670
13 12 1389
13 13 0
13 14 1211
13 15 1337
13 16 1038
13 17 1184
13 18 1671
13 19 1126
13 20 1532
13 21 868
13 22 1219
13 23 1219
13 24 1371
13 25 1366
13 26 703
13 27 791
13 28 604
13 29 914
13 30 1913
13 31 682
13 32 1605
13 33 1865
13 34 634
13 35 1557
13 36 1817
13 37 586
13 38 1509
13 39 1769
13 40 538
13 41 1461
13 42 1721
13 43 490
13 44 1413
13 45 1673
13 46 442
13 47 1365
13 48 1625
13 49 394
13 50 1317
13 51 1577
13 52 346
13 53 1269
13 54 1529
13 55 298
13 56 1221
13 57 1481
13 58 250
13 59 1173
13 60 1433
13 61 202
13 62 1125
13 63 1385
13 64 154
13 65 1077
13 66 1433
13 67 202
13 68 1125
13 69 1481
13 70 250
13 71 1173
13 72 1529
13 73 298
13 74 1221
13 75 1577
13 76 346
13 77 1269
13 78 1625
13 79 394
13 80 1317
13 81 1673
13 82 442
13 83 1365
13 84 2033
14 0 1302
14 1 2108
14 2 1194
14 3 2260
14 4 1519
14 5 1142
14 6 1083
14 7 1634
14 8 1179
14 9 1572
14 10 1808
14 11 1573
14 12 1226
14 13 1211
14 14 0
14 15 1760
14 16 1461
14 17 855
14 18 1040
14 19 1873
14 20 603
14 21 1771
14 22 1834
14 23 2122
14 24 2274
14 25 865
14 26 1606
14 27 1694
14 28 1507
14 29 1817
14 30 1182
14 31 1585
14 32 2816
14 33 1134
14 34 1537
14 35 2768
14 36 1086
14 37 1489
14 38 2720
14 39 1038
14 40 1441
14 41 2672
14 42 990
14 43 1393
14 44 2624
14 45 942
14 46 1345
14 47 2576
14 48 894
14 49 1297
14 50 2528
14 51 846
14 52 1249
14 53 2480
14 54 798
14 55 1201
14 56 2432
14 57 750
14 58 1153
14 59 2384
14 60 702
14 61 1105
14 62 2336
14 63 654
14 64 1057
14 65 2288
14 66 606
14 67 1009
14 68 2240
14 69 558
14 70 961
14 71 2192
14 72 510
14 73 913
14 74 2144
14 75 462
14 76 865
14 77 2096
14 78 414
14 79 817
14 80 2048
14 81 462
14 82 865
14 83 2096
14 84 1302
15 0 3062
15 1 804
15 2 1320
15 3 748
15 4 1645
15 5 2022
15 6 2561
15 7 2202
15 8 1253
15 9 1698
15 10 1934
15 11 1699
15 12 2418
15 13 1337
15 14 1760
15 15 0
15 16 299
15 17 2021
15 18 2700
15 19 2155
15 20 1985
15 21 1429
15 22 790
15 23 1078
15 24 1022
15 25 2395
15 26 1498
15 27 1820
15 28 1633
15 29 1943
15 30 2942
15 31 1711
15 32 1152
15 33 2894
15 34 1663
15 35 1104
15 36 2846
15 37 1615
15 38 1056
15 39 2798
15 40 1567
15 41 1008
15 42 2750
15 43 1519
15 44 960
15 45 2702
15 46 1471
15 47 912
15 48 2654
15 49 1423
15 50 864
15 51 2606
15 52 1375
15 53 816
15 54 2558
15 55 1327
15 56 768
15 57 2510
15 58 1279
15 59 720
15 60 2462
15 61 1231
15 62 672
15 63 2414
15 64 1183
15 65 624
15 66 2366
15 67 1135
15 68 576
15 69 2318
15 70 1087
15 71 528
15 72 2270
15 73 1039
15 74 480
15 75 2222
15 76 991
15 77 432
15 78 2174
15 79 943
15 80 384
15 81 2126
15 82 895
15 83 336
15 84 3062
16 0 2763
16 1 1103
16 2 1021
16 3 1047
16 4 1346
16 5 1723
16 6 2262
16 7 1903
16 8 1006
16 9 1399
16 10 1635
16 11 1400
16 12 2119
16 13 1038
16 14 1461
16 15 299
16 16 0
16 17 1722
16 18 2401
16 19 1856
16 20 1686
16 21 1598
16 22 1089
16 23 1377
16 24 1321
16 25 2096
16 26 1433
16 27 1521
16 28 1334
16 29 1644
16 30 2643
16 31 1412
16 32 1451
16 33 2595
16 34 1364
16 35 1403
16 36 2547
16 37 1316
16 38 1355
16 39 2499
16 40 1268
16 41 1307
16 42 2451
16 43 1220
16 44 1259
16 45 2403
16 46 1172
16 47 1211
16 48 2355
16 49 1124
16 50 1163
16 51 2307
16 52 1076
16 53 1115
16 54 2259
16 55 1028
16 56 1067
16 57 2211
16 58 980
16 59 1019
16 60 2163
16 61 932
16 62 971
16 63 2115
16 64 884
16 65 923
16 66 2067
16 67 836
16 68 875
16 69 2019
16 70 788
16 71 827
16 72 1971
16 73 740
16 74 779
16 75 1923
16 76 692
16 77 731
16 78 1875
16 79 644
16 80 683
16 81 1827
16 82 596
16 83 635
16 84 2763
17 0 1041
17 1 2081
17 2 1167
17 3 2233
17 4 1258
17 5 881
17 6 822
17 7 1373
17 8 1440
17 9 1493
17 10 1781
17 11 1546
17 12 965
17 13 1184
17 14 855
17 15 2021
17 16 1722
17 17 0
17 18 779
17 19 1612
17 20 630
17 21 1744
17 22 1903
17 23 2095
17 24 2247
17 25 604
17 26 1579
17 27 1563
17 28 1480
17 29 1790
17 30 921
17 31 1558
17 32 2789
17 33 873
17 34 1510
17 35 2741
17 36 825
17 37 1462
17 38 2693
17 39 777
17 40 1414
17 41 2645
17 42 729
17 43 1366
17 44 2597
17 45 681
17 46 1318
17 47 2549
17 48 633
17 49 1270
17 50 2501
17 51 585
17 52 1222
17 53 2453
17 54 537
17 55 1174
17 56 2405
17 57 489
17 58 1126
17 59 2357
17 60 441
17 61 1078
17 62 2309
17 63 393
17 64 1030
17 65 2261
17 66 345
17 67 982
17 68 2213
17 69 297
17 70 934
17 71 2165
17 72 345
17 73 982
17 74 2213
17 75 393
17 76 1030
17 77 2261
17 78 441
17 79 1078
17 80 2309
17 81 489
17 82 1126
17 83 2357
17 84 1041
18 0 362
18 1 2568
18 2 1558
18 3 2624
18 4 1155
18 5 778
18 6 239
18 7 694
18 8 2119
18 9 1102
18 10 1154
18 11 1001
18 12 382
18 13 1671
18 14 1040
18 15 2700
18 16 2401
18 17 779
18 18 0
18 19 933
18 20 815
18 21 1943
18 22 2582
18 23 2294
18 24 2350
18 25 405
18 26 1874
18 27 980
18 28 1167
18 29 1605
18 30 242
18 31 1373
18 32 2604
18 33 194
18 34 1325
18 35 2556
18 36 146
18 37 1277
18 38 2508
18 39 98
18 40 1229
18 41 2460
18 42 50
18 43 1181
18 44 2412
18 45 98
18 46 1229
18 47 2460
18 48 146
18 49 1277
18 50 2508
18 51 194
18 52 1325
18 53 2556
18 54 242
18 55 1373
18 56 2604
18 57 290
18 58 1421
18 59 2652
18 60 338
18 61 1469
18 62 2700
18 63 386
18 64 1517
18 65 2748
18 66 434
18 67 1565
18 68 2796
18 69 482
18 70 1613
18 71 2844
18 72 530
18 73 1661
18 74 2892
18 75 578
18 76 1709
18 77 2940
18 78 626
18 79 1757
18 80 2988
18 81 674
18 82 1805
18 83 3036
18 84 362
19 0 907
19 1 2023
19 2 1013
19 3 2079
19 4 1338
19 5 1611
19 6 1072
19 7 1223
19 8 1574
19 9 1103
19 10 221
19 11 816
19 12 1215
19 13 1126
19 14 1873
19 15 2155
19 16 1856
19 17 1612
19 18 933
19 19 0
19 20 1648
19 21 1398
19 22 2037
19 23 1749
19 24 1805
19 25 1238
19 26 1329
19 27 1033
19 28 1038
19 29 772
19 30 787
19 31 540
19 32 1771
19 33 739
19 34 492
19 35 1723
19 36 787
19 37 540
19 38 1771
19 39 835
19 40 588
19 41 1819
19 42 883
19 43 636
19 44 1867
19 45 931
19 46 684
19 47 1915
19 48 979
19 49 732
19 50 1963
19 51 1027
19 52 780
19 53 2011
19 54 1075
19 55 828
19 56 2059
19 57 1123
19 58 876
19 59 2107
19 60 1171
19 61 924
19 62 2155
19 63 1219
19 64 972
19 65 2203
19 66 1267
19 67 1020
19 68 2251
19 69 1315
19 70 1068
19 71 2299
19 72 1363
19 73 1116
19 74 2347
19 75 1411
19 76 1164
19 77 2395
19 78 1459
19 79 1212
19 80 2443
19 81 1507
19 82 1260
19 83 2491
19 84 907
20 0 1077
20 1 2429
20 2 1515
20 3 2581
20 4 1294
20 5 917
20 6 858
20 7 1409
20 8 1500
20 9 1529
20 10 1869
20 11 1816
20 12 1001
20 13 1532
20 14 603
20 15 1985
20 16 1686
20 17 630
20 18 815
20 19 1648
20 20 0
20 21 2092
20 22 2155
20 23 2443
20 24 2595
20 25 640
20 26 1927
20 27 1599
20 28 1594
20 29 2138
20 30 957
20 31 1906
20 32 3137
20 33 909
20 34 1858
20 35 3089
20 36 861
20 37 1810
20 38 3041
20 39 813
20 40 1762
20 41 2993
20 42 765
20 43 1714
20 44 2945
20 45 717
20 46 1666
20 47 2897
20 48 669
20 49 1618
20 50 2849
20 51 621
20 52 1570
20 53 2801
20 54 573
20 55 1522
20 56 2753
20 57 525
20 58 1474
20 59 2705
20 60 477
20 61 1426
20 62 2657
20 63 429
20 64 1378
20 65 2609
20 66 381
20 67 1330
20 68 2561
20 69 333
20 70 1282
20 71 2513
20 72 285
20 73 1234
20 74 2465
20 75 237
20 76 1186
20 77 2417
20 78 189
20 79 1138
20 80 2369
20 81 141
20 82 1090
20 83 2321
20 84 1077
21 0 2305
21 1 985
21 2 755
21 3 833
21 4 1080
21 5 1457
21 6 1804
21 7 1445
21 8 1316
21 9 941
21 10 1177
21 11 942
21 12 1661
21 13 868
21 14 1771
21 15 1429
21 16 1598
21 17 1744
21 18 1943
21 19 1398
21 20 2092
21 21 0
21 22 1259
21 23 351
21 24 915
21 25 1734
21 26 1071
21 27 1063
21 28 876
21 29 1186
21 30 2185
21 31 954
21 32 1045
21 33 2137
21 34 906
21 35 997
21 36 2089
21 37 858
21 38 949
21 39 2041
21 40 810
21 41 901
21 42 1993
21 43 762
21 44 853
21 45 1945
21 46 714
21 47 805
21 48 1897
21 49 666
21 50 757
21 51 1849
21 52 618
21 53 709
21 54 1801
21 55 570
21 56 661
21 57 1849
21 58 618
21 59 709
21 60 1897
21 61 666
21 62 757
21 63 1945
21 64 714
21 65 805
21 66 1993
21 67 762
21 68 853
21 69 2041
21 70 810
21 71 901
21 72 2089
21 73 858
21 74 949
21 75 2137
21 76 906
21 77 997
21 78 2185
21 79 954
21 80 1045
21 81 2233
21 82 1002
21 83 1093
21 84 2305
22 0 2944
22 1 634
22 2 1202
22 3 578
22 4 1527
22 5 1904
22 6 2443
22 7 2084
22 8 1275
22 9 1580
22 10 1816
22 11 1581
22 12 2300
22 13 1219
22 14 1834
22 15 790
22 16 1089
22 17 1903
22 18 2582
22 19 2037
22 20 2155
22 21 1259
22 22 0
22 23 908
22 24 852
22 25 2277
22 26 1328
22 27 1702
22 28 1515
22 29 1825
22 30 2824
22 31 1593
22 32 982
22 33 2776
22 34 1545
22 35 934
22 36 2728
22 37 1497
22 38 886
22 39 2680
22 40 1449
22 41 838
22 42 2632
22 43 1401
22 44 790
22 45 2584
22 46 1353
22 47 742
22 48 2536
22 49 1305
22 50 694
22 51 2488
22 52 1257
22 53 646
22 54 2440
22 55 1209
22 56 598
22 57 2392
22 58 1161
22 59 550
22 60 2344
22 61 1113
22 62 502
22 63 2296
22 64 1065
22 65 454
22 66 2248
22 67 1017
22 68 406
22 69 2200
22 70 969
22 71 358
22 72 2152
22 73 921
22 74 310
22 75 2200
22 76 969
22 77 358
22 78 2248
22 79 1017
22 80 406
22 81 2296
22 82 1065
22 83 454
22 84 2944
23 0 2656
23 1 634
23 2 1106
23 3 482
23 4 1431
23 5 1808
23 6 2155
23 7 1796
23 8 1563
23 9 1292
23 10 1528
23 11 1293
23 12 2012
23 13 1219
23 14 2122
23 15 1078
23 16 1377
23 17 2095
23 18 2294
23 19 1749
23 20 2443
23 21 351
23 22 908
23 23 0
23 24 564
23 25 2085
23 26 1136
23 27 1414
23 28 1227
23 29 1537
23 30 2536
23 31 1305
23 32 694
23 33 2488
23 34 1257
23 35 646
23 36 2440
23 37 1209
23 38 598
23 39 2392
23 40 1161
23 41 550
23 42 2344
23 43 1113
23 44 502
23 45 2296
23 46 1065
23 47 454
23 48 2248
23 49 1017
23 50 406
23 51 2200
23 52 969
23 53 358
23 54 2152
23 55 921
23 56 310
23 57 2200
23 58 969
23 59 358
23 60 2248
23 61 1017
23 62 406
23 63 2296
23 64 1065
23 65 454
23 66 2344
23 67 1113
23 68 502
23 69 2392
23 70 1161
23 71 550
23 72 2440
23 73 1209
23 74 598
23 75 2488
23 76 1257
23 77 646
23 78 2536
23 79 1305
23 80 694
23 81 2584
23 82 1353
23 83 742
23 84 2656
24 0 2712
24 1 578
24 2 1258
24 3 426
24 4 1583
24 5 1960
24 6 2211
24 7 1852
24 8 1507
24 9 1348
24 10 1584
24 11 1349
24 12 2068
24 13 1371
24 14 2274
24 15 1022
24 16 1321
24 17 2247
24 18 2350
24 19 1805
24 20 2595
24 21 915
24 22 852
24 23 564
24 24 0
24 25 2237
24 26 1080
24 27 1470
24 28 1283
24 29 1541
24 30 2592
24 31 1361
24 32 542
24 33 2544
24 34 1313
24 35 494
24 36 2496
24 37 1265
24 38 446
24 39 2448
24 40 1217
24 41 398
24 42 2400
24 43 1169
24 44 350
24 45 2352
24 46 1121
24 47 302
24 48 2304
24 49 1073
24 50 254
24 51 2256
24 52 1025
24 53 206
24 54 2304
24 55 1073
24 56 254
24 57 2352
24 58 1121
24 59 302
24 60 2400
24 61 1169
24 62 350
24 63 2448
24 64 1217
24 65 398
24 66 2496
24 67 1265
24 68 446
24 69 2544
24 70 1313
24 71 494
24 72 2592
24 73 1361
24 74 542
24 75 2640
24 76 1409
24 77 590
24 78 2688
24 79 1457
24 80 638
24 81 2736
24 82 1505
24 83 686
24 84 2712
25 0 667
25 1 2263
25 2 1253
25 3 2319
25 4 980
25 5 603
25 6 448
25 7 999
25 8 1814
25 9 1119
25 10 1459
25 11 1406
25 12 591
25 13 1366
25 14 865
25 15 2395
25 16 2096
25 17 604
25 18 405
25 19 1238
25 20 640
25 21 1734
25 22 2277
25 23 2085
25 24 2237
25 25 0
25 26 1569
25 27 1189
25 28 1184
25 29 1780
25 30 547
25 31 1548
25 32 2779
25 33 499
25 34 1500
25 35 2731
25 36 451
25 37 1452
25 38 2683
25 39 403
25 40 1404
25 41 2635
25 42 355
25 43 1356
25 44 2587
25 45 307
25 46 1308
25 47 2539
25 48 259
25 49 1260
25 50 2491
25 51 211
25 52 1212
25 53 2443
25 54 163
25 55 1164
25 56 2395
25 57 115
25 58 1116
25 59 2347
25 60 163
25 61 1164
25 62 2395
25 63 211
25 64 1212
25 65 2443
25 66 259
25 67 1260
25 68 2491
25 69 307
25 70 1308
25 71 2539
25 72 355
25 73 1356
25 74 2587
25 75 403
25 76 1404
25 77 2635
25 78 451
25 79 1452
25 80 2683
25 81 499
25 82 1500
25 83 2731
25 84 667
26 0 2236
26 1 1054
26 2 590
26 3 902
26 4 915
26 5 1292
26 6 1735
26 7 1376
26 8 1151
26 9 872
26 10 1108
26 11 873
26 12 1592
26 13 703
26 14 1606
26 15 1498
26 16 1433
26 17 1579
26 18 1874
26 19 1329
26 20 1927
26 21 1071
26 22 1328
26 23 1136
26 24 1080
26 25 1569
26 26 0
26 27 994
26 28 807
26 29 1117
26 30 2116
26 31 885
26 32 1210
26 33 2068
26 34 837
26 35 1162
26 36 2020
26 37 789
26 38 1114
26 39 1972
26 40 741
26 41 1066
26 42 1924
26 43 693
26 44 1018
26 45 1876
26 46 645
26 47 970
26 48 1828
26 49 597
26 50 922
26 51 1780
26 52 549
26 53 874
26 54 1732
26 55 501
26 56 826
26 57 1684
26 58 453
26 59 778
26 60 1732
26 61 501
26 62 826
26 63 1780
26 64 549
26 65 874
26 66 1828
26 67 597
26 68 922
26 69 1876
26 70 645
26 71 970
26 72 1924
26 73 693
26 74 1018
26 75 1972
26 76 741
26 77 1066
26 78 2020
26 79 789
26 80 1114
26 81 2068
26 82 837
26 83 1162
26 84 2236
27 0 1242
27 1 1688
27 2 678
27 3 1744
27 4 1003
27 5 1380
27 6 741
27 7 1080
27 8 1239
27 9 768
27 10 812
27 11 577
27 12 598
27 13 791
27 14 1694
27 15 1820
27 16 1521
27 17 1563
27 18 980
27 19 1033
27 20 1599
27 21 1063
27 22 1702
27 23 1414
27 24 1470
27 25 1189
27 26 994
27 27 0
27 28 703
27 29 821
27 30 1122
27 31 589
27 32 1820
27 33 1074
27 34 541
27 35 1772
27 36 1026
27 37 493
27 38 1724
27 39 978
27 40 445
27 41 1676
27 42 930
27 43 397
27 44 1628
27 45 882
27 46 349
27 47 1580
27 48 930
27 49 397
27 50 1628
27 51 978
27 52 445
27 53 1676
27 54 1026
27 55 493
27 56 1724
27 57 1074
27 58 541
27 59 1772
27 60 1122
27 61 589
27 62 1820
27 63 1170
27 64 637
27 65 1868
27 66 1218
27 67 685
27 68 1916
27 69 1266
27 70 733
27 71 1964
27 72 1314
27 73 781
27 74 2012
27 75 1362
27 76 829
27 77 2060
27 78 1410
27 79 877
27 80 2108
27 81 1458
27 82 925
27 83 2156
27 84 1242
28 0 1429
28 1 1501
28 2 491
28 3 1557
28 4 816
28 5 1193
28 6 1210
28 7 1085
28 8 1052
28 9 65
28 10 817
28 11 582
28 12 1301
28 13 604
28 14 1507
28 15 1633
28 16 1334
28 17 1480
28 18 1167
28 19 1038
28 20 1594
28 21 876
28 22 1515
28 23 1227
28 24 1283
28 25 1184
28 26 807
28 27 703
28 28 0
28 29 826
28 30 1309
28 31 594
28 32 1825
28 33 1261
28 34 546
28 35 1777
28 36 1213
28 37 498
28 38 1729
28 39 1165
28 40 450
28 41 1681
28 42 1117
28 43 402
28 44 1633
28 45 1069
28 46 354
28 47 1585
28 48 1021
28 49 306
28 50 1537
28 51 973
28 52 258
28 53 1489
28 54 1021
28 55 306
28 56 1537
28 57 1069
28 58 354
28 59 1585
28 60 1117
28 61 402
28 62 1633
28 63 1165
28 64 450
28 65 1681
28 66 1213
28 67 498
28 68 1729
28 69 1261
28 70 546
28 71 1777
28 72 1309
28 73 594
28 74 1825
28 75 1357
28 76 642
28 77 1873
28 78 1405
28 79 690
28 80 1921
28 81 1453
28 82 738
28 83 1969
28 84 1429
29 0 1583
29 1 1707
29 2 801
29 3 1555
29 4 1126
29 5 1503
29 6 1562
29 7 1011
29 8 1362
29 9 891
29 10 551
29 11 604
29 12 1419
29 13 914
29 14 1817
29 15 1943
29 16 1644
29 17 1790
29 18 1605
29 19 772
29 20 2138
29 21 1186
29 22 1825
29 23 1537
29 24 1541
29 25 1780
29 26 1117
29 27 821
29 28 826
29 29 0
29 30 1463
29 31 232
29 32 999
29 33 1511
29 34 280
29 35 1047
29 36 1559
29 37 328
29 38 1095
29 39 1607
29 40 376
29 41 1143
29 42 1655
29 43 424
29 44 1191
29 45 1703
29 46 472
29 47 1239
29 48 1751
29 49 520
29 50 1287
29 51 1799
29 52 568
29 53 1335
29 54 1847
29 55 616
29 56 1383
29 57 1895
29 58 664
29 59 1431
29 60 1943
29 61 712
29 62 1479
29 63 1991
29 64 760
29 65 1527
29 66 2039
29 67 808
29 68 1575
29 69 2087
29 70 856
29 71 1623
29 72 2135
29 73 904
29 74 1671
29 75 2183
29 76 952
29 77 1719
29 78 2231
29 79 1000
29 80 1767
29 81 2279
29 82 1048
29 83 1815
29 84 1583
30 0 120
30 1 2810
30 2 1800
30 3 2866
30 4 1297
30 5 920
30 6 381
30 7 740
30 8 2361
30 9 1244
30 10 1008
30 11 1243
30 12 524
30 13 1913
30 14 1182
30 15 2942
30 16 2643
30 17 921
30 18 242
30 19 787
30 20 957
30 21 2185
30 22 2824
30 23 2536
30 24 2592
30 25 547
30 26 2116
30 27 1122
30 28 1309
30 29 1463
30 30 0
30 31 1231
30 32 2462
30 33 48
30 34 1279
30 35 2510
30 36 96
30 37 1327
30 38 2558
30 39 144
30 40 1375
30 41 2606
30 42 192
30 43 1423
30 44 2654
30 45 240
30 46 1471
30 47 2702
30 48 288
30 49 1519
30 50 2750
30 51 336
30 52 1567
30 53 2798
30 54 384
30 55 1615
30 56 2846
30 57 432
30 58 1663
30 59 2894
30 60 480
30 61 1711
30 62 2942
30 63 528
30 64 1759
30 65 2990
30 66 576
30 67 1807
30 68 3038
30 69 624
30 70 1855
30 71 3086
30 72 672
30 73 1903
30 74 3134
30 75 720
30 76 1951
30 77 3182
30 78 768
30 79 1999
30 80 3230
30 81 816
30 82 2047
30 83 3278
30 84 120
31 0 1351
31 1 1579
31 2 569
31 3 1635
31 4 894
31 5 1271
31 6 1330
31 7 779
31 8 1130
31 9 659
31 10 319
31 11 372
31 12 1187
31 13 682
31 14 1585
31 15 1711
31 16 1412
31 17 1558
31 18 1373
31 19 540
31 20 1906
31 21 954
31 22 1593
31 23 1305
31 24 1361
31 25 1548
31 26 885
31 27 589
31 28 594
31 29 232
31 30 1231
31 31 0
31 32 1231
31 33 1279
31 34 48
31 35 1279
31 36 1327
31 37 96
31 38 1327
31 39 1375
31 40 144
31 41 1375
31 42 1423
31 43 192
31 44 1423
31 45 1471
31 46 240
31 47 1471
31 48 1519
31 49 288
31 50 1519
31 51 1567
31 52 336
31 53 1567
31 54 1615
31 55 384
31 56 1615
31 57 1663
31 58 432
31 59 1663
31 60 1711
31 61 480
31 62 1711
31 63 1759
31 64 528
31 65 1759
31 66 1807
31 67 576
31 68 1807
31 69 1855
31 70 624
31 71 1855
31 72 1903
31 73 672
31 74 1903
31 75 1951
31 76 720
31 77 1951
31 78 1999
31 79 768
31 80 1999
31 81 2047
31 82 816
31 83 2047
31 84 1351
32 0 2582
32 1 708
32 2 1622
32 3 556
32 4 2125
32 5 2502
32 6 2561
32 7 2010
32 8 1637
32 9 1890
32 10 1550
32 11 1603
32 12 2418
32 13 1605
32 14 2816
32 15 1152
32 16 1451
32 17 2789
32 18 2604
32 19 1771
32 20 3137
32 21 1045
32 22 982
32 23 694
32 24 542
32 25 2779
32 26 1210
32 27 1820
32 28 1825
32 29 999
32 30 2462
32 31 1231
32 32 0
32 33 2510
32 34 1279
32 35 48
32 36 2558
32 37 1327
32 38 96
32 39 2606
32 40 1375
32 41 144
32 42 2654
32 43 1423
32 44 192
32 45 2702
32 46 1471
32 47 240
32 48 2750
32 49 1519
32 50 288
32 51 2798
32 52 1567
32 53 336
32 54 2846
32 55 1615
32 56 384
32 57 2894
32 58 1663
32 59 432
32 60 2942
32 61 1711
32 62 480
32 63 2990
32 64 1759
32 65 528
32 66 3038
32 67 1807
32 68 576
32 69 3086
32 70 1855
32 71 624
32 72 3134
32 73 1903
32 74 672
32 75 3182
32 76 1951
32 77 720
32 78 3230
32 79 1999
32 80 768
32 81 3278
32 82 2047
32 83 816
32 84 2582
33 0 168
33 1 2762
33 2 1752
33 3 2818
33 4 1249
33 5 872
33 6 333
33 7 692
33 8 2313
33 9 1196
33 10 960
33 11 1195
33 12 476
33 13 1865
33 14 1134
33 15 2894
33 16 2595
33 17 873
33 18 194
33 19 739
33 20 909
33 21 2137
33 22 2776
33 23 2488
33 24 2544
33 25 499
33 26 2068
33 27 1074
33 28 1261
33 29 1511
33 30 48
33 31 1279
33 32 2510
33 33 0
33 34 1231
33 35 2462
33 36 48
33 37 1279
33 38 2510
33 39 96
33 40 1327
33 41 2558
33 42 144
33 43 1375
33 44 2606
33 45 192
33 46 1423
33 47 2654
33 48 240
33 49 1471
33 50 2702
33 51 288
33 52 1519
33 53 2750
33 54 336
33 55 1567
33 56 2798
33 57 384
33 58 1615
33 59 2846
33 60 432
33 61 1663
33 62 2894
33 63 480
33 64 1711
33 65 2942
33 66 528
33 67 1759
33 68 2990
33 69 576
33 70 1807
33 71 3038
33 72 624
33 73 1855
33 74 3086
33 75 672
33 76 1903
33 77 3134
33 78 720
33 79 1951
33 80 3182
33 81 768
33 82 1999
33 83 3230
33 84 168
34 0 1399
34 1 1531
34 2 521
34 3 1587
34 4 846
34 5 1223
34 6 1282
34 7 731
34 8 1082
34 9 611
34 10 271
34 11 324
34 12 1139
34 13 634
34 14 1537
34 15 1663
34 16 1364
34 17 1510
34 18 1325
34 19 492
34 20 1858
34 21 906
34 22 1545
34 23 1257
34 24 1313
34 25 1500
34 26 837
34 27 541
34 28 546
34 29 280
34 30 1279
34 31 48
34 32 1279
34 33 1231
34 34 0
34 35 1231
34 36 1279
34 37 48
34 38 1279
34 39 1327
34 40 96
34 41 1327
34 42 1375
34 43 144
34 44 1375
34 45 1423
34 46 192
34 47 1423
34 48 1471
34 49 240
34 50 1471
34 51 1519
34 52 288
34 53 1519
34 54 1567
34 55 336
34 56 1567
34 57 1615
34 58 384
34 59 1615
34 60 1663
34 61 432
34 62 1663
34 63 1711
34 64 480
34 65 1711
34 66 1759
34 67 528
34 68 1759
34 69 1807
34 70 576
34 71 1807
34 72 1855
34 73 624
34 74 1855
34 75 1903
34 76 672
34 77 1903
34 78 1951
34 79 720
34 80 1951
34 81 1999
34 82 768
34 83 1999
34 84 1399
35 0 2630
35 1 660
35 2 1574
35 3 508
35 4 2077
35 5 2454
35 6 2513
35 7 1962
35 8 1589
35 9 1842
35 10 1502
35 11 1555
35 12 2370
35 13 1557
35 14 2768
35 15 1104
35 16 1403
35 17 2741
35 18 2556
35 19 1723
35 20 3089
35 21 997
35 22 934
35 23 646
35 24 494
35 25 2731
35 26 1162
35 27 1772
35 28 1777
35 29 1047
35 30 2510
35 31 1279
35 32 48
35 33 2462
35 34 1231
35 35 0
35 36 2510
35 37 1279
35 38 48
35 39 2558
35 40 1327
35 41 96
35 42 2606
35 43 1375
35 44 144
35 45 2654
35 46 1423
35 47 192
35 48 2702
35 49 1471
35 50 240
35 51 2750
35 52 1519
35 53 288
35 54 2798
35 55 1567
35 56 336
35 57 2846
35 58 1615
35 59 384
35 60 2894
35 61 1663
35 62 432
35 63 2942
35 64 1711
35 65 480
35 66 2990
35 67 1759
35 68 528
35 69 3038
35 70 1807
35 71 576
35 72 3086
35 73 1855
35 74 624
35 75 3134
35 76 1903
35 77 672
35 78 3182
35 79 1951
35 80 720
35 81 3230
35 82 1999
35 83 768
35 84 2630
36 0 216
36 1 2714
36 2 1704
36 3 2770
36 4 1201
36 5 824
36 6 285
36 7 644
36 8 2265
36 9 1148
36 10 1008
36 11 1147
36 12 428
36 13 1817
36 14 1086
36 15 2846
36 16 2547
36 17 825
36 18 146
36 19 787
36 20 861
36 21 2089
36 22 2728
36 23 2440
36 24 2496
36 25 451
36 26 2020
36 27 1026
36 28 1213
36 29 1559
36 30 96
36 31 1327
36 32 2558
36 33 48
36 34 1279
36 35 2510
36 36 0
36 37 1231
36 38 2462
36 39 48
36 40 1279
36 41 2510
36 42 96
36 43 1327
36 44 2558
36 45 144
36 46 1375
36 47 2606
36 48 192
36 49 1423
36 50 2654
36 51 240
36 52 1471
36 53 2702
36 54 288
36 55 1519
36 56 2750
36 57 336
36 58 1567
36 59 2798
36 60 384
36 61 1615
36 62 2846
36 63 432
36 64 1663
36 65 2894
36 66 480
36 67 1711
36 68 2942
36 69 528
36 70 1759
36 71 2990
36 72 576
36 73 1807
36 74 3038
36 75 624
36 76 1855
36 77 3086
36 78 672
36 79 1903
36 80 3134
36 81 720
36 82 1951
36 83 3182
36 84 216
37 0 1447
37 1 1483
37 2 473
37 3 1539
37 4 798
37 5 1175
37 6 1234
37 7 683
37 8 1034
37 9 563
37 10 319
37 11 276
37 12 1091
37 13 586
37 14 1489
37 15 1615
37 16 1316
37 17 1462
37 18 1277
37 19 540
37 20 1810
37 21 858
37 22 1497
37 23 1209
37 24 1265
37 25 1452
37 26 789
37 27 493
37 28 498
37 29 328
37 30 1327
37 31 96
37 32 1327
37 33 1279
37 34 48
37 35 1279
37 36 1231
37 37 0
37 38 1231
37 39 1279
37 40 48
37 41 1279
37 42 1327
37 43 96
37 44 1327
37 45 1375
37 46 144
37 47 1375
37 48 1423
37 49 192
37 50 1423
37 51 1471
37 52 240
37 53 1471
37 54 1519
37 55 288
37 56 1519
37 57 1567
37 58 336
37 59 1567
37 60 1615
37 61 384
37 62 1615
37 63 1663
37 64 432
37 65 1663
37 66 1711
37 67 480
37 68 1711
37 69 1759
37 70 528
37 71 1759
37 72 1807
37 73 576
37 74 1807
37 75 1855
37 76 624
37 77 1855
37 78 1903
37 79 672
37 80 1903
37 81 1951
37 82 720
37 83 1951
37 84 1447
38 0 2678
38 1 612
38 2 1526
38 3 460
38 4 2029
38 5 2406
38 6 2465
38 7 1914
38 8 1541
38 9 1794
38 10 1550
38 11 1507
38 12 2322
38 13 1509
38 14 2720
38 15 1056
38 16 1355
38 17 2693
38 18 2508
38 19 1771
38 20 3041
38 21 949
38 22 886
38 23 598
38 24 446
38 25 2683
38 26 1114
38 27 1724
38 28 1729
38 29 1095
38 30 2558
38 31 1327
38 32 96
38 33 2510
38 34 1279
38 35 48
38 36 2462
38 37 1231
38 38 0
38 39 2510
38 40 1279
38 41 48
38 42 2558
38 43 1327
38 44 96
38 45 2606
38 46 1375
38 47 144
38 48 2654
38 49 1423
38 50 192
38 51 2702
38 52 1471
38 53 240
38 54 2750
38 55 1519
38 56 288
38 57 2798
38 58 1567
38 59 336
38 60 2846
38 61 1615
38 62 384
38 63 2894
38 64 1663
38 65 432
38 66 2942
38 67 1711
38 68 480
38 69 2990
38 70 1759
38 71 528
38 72 3038
38 73 1807
38 74 576
38 75 3086
38 76 1855
38 77 624
38 78 3134
38 79 1903
38 80 672
38 81 3182
38 82 1951
38 83 720
38 84 2678
39 0 264
39 1 2666
39 2 1656
39 3 2722
39 4 1153
39 5 776
39 6 237
39 7 596
39 8 2217
39 9 1100
39 10 1056
39 11 1099
39 12 380
39 13 1769
39 14 1038
39 15 2798
39 16 2499
39 17 777
39 18 98
39 19 835
39 20 813
39 21 2041
39 22 2680
39 23 2392
39 24 2448
39 25 403
39 26 1972
39 27 978
39 28 1165
39 29 1607
39 30 144
39 31 1375
39 32 2606
39 33 96
39 34 1327
39 35 2558
39 36 48
39 37 1279
39 38 2510
39 39 0
39 40 1231
39 41 2462
39 42 48
39 43 1279
39 44 2510
39 45 96
39 46 1327
39 47 2558
39 48 144
39 49 1375
39 50 2606
39 51 192
39 52 1423
39 53 2654
39 54 240
39 55 1471
39 56 2702
39 57 288
39 58 1519
39 59 2750
39 60 336
39 61 1567
39 62 2798
39 63 384
39 64 1615
39 65 2846
39 66 432
39 67 1663
39 68 2894
39 69 480
39 70 1711
39 71 2942
39 72 528
39 73 1759
39 74 2990
39 75 576
39 76 1807
39 77 3038
39 78 624
39 79 1855
39 80 3086
39 81 672
39 82 1903
39 83 3134
39 84 264
40 0 1495
40 1 1435
40 2 425
40 3 1491
40 4 750
40 5 1127
40 6 1186
40 7 635
40 8 986
40 9 515
40 10 367
40 11 228
40 12 1043
40 13 538
40 14 1441
40 15 1567
40 16 1268
40 17 1414
40 18 1229
40 19 588
40 20 1762
40 21 810
40 22 1449
40 23 1161
40 24 1217
40 25 1404
40 26 741
40 27 445
40 28 450
40 29 376
40 30 1375
40 31 144
40 32 1375
40 33 1327
40 34 96
40 35 1327
40 36 1279
40 37 48
40 38 1279
40 39 1231
40 40 0
40 41 1231
40 42 1279
40 43 48
40 44 1279
40 45 1327
40 46 96
40 47 1327
40 48 1375
40 49 144
40 50 1375
40 51 1423
40 52 192
40 53 1423
40 54 1471
40 55 240
40 56 1471
40 57 1519
40 58 288
40 59 1519
40 60 1567
40 61 336
40 62 1567
40 63 1615
40 64 384
40 65 1615
40 66 1663
40 67 432
40 68 1663
40 69 1711
40 70 480
40 71 1711
40 72 1759
40 73 528
40 74 1759
40 75 1807
40 76 576
40 77 1807
40 78 1855
40 79 624
40 80 1855
40 81 1903
40 82 672
40 83 1903
40 84 1495
41 0 2726
41 1 564
41 2 1478
41 3 412
41 4 1981
41 5 2358
41 6 2417
41 7 1866
41 8 1493
41 9 1746
41 10 1598
41 11 1459
41 12 2274
41 13 1461
41 14 2672
41 15 1008
41 16 1307
41 17 2645
41 18 2460
41 19 1819
41 20 2993
41 21 901
41 22 838
41 23 550
41 24 398
41 25 2635
41 26 1066
41 27 1676
41 28 1681
41 29 1143
41 30 2606
41 31 1375
41 32 144
41 33 2558
41 34 1327
41 35 96
41 36 2510
41 37 1279
41 38 48
41 39 2462
41 40 1231
41 41 0
41 42 2510
41 43 1279
41 44 48
41 45 2558
41 46 1327
41 47 96
41 48 2606
41 49 1375
41 50 144
41 51 2654
41 52 1423
41 53 192
41 54 2702
41 55 1471
41 56 240
41 57 2750
41 58 1519
41 59 288
41 60 2798
41 61 1567
41 62 336
41 63 2846
41 64 1615
41 65 384
41 66 2894
41 67 1663
41 68 432
41 69 2942
41 70 1711
41 71 480
41 72 2990
41 73 1759
41 74 528
41 75 3038
41 76 1807
41 77 576
41 78 3086
41 79 1855
41 80 624
41 81 3134
41 82 1903
41 83 672
41 84 2726
42 0 312
42 1 2618
42 2 1608
42 3 2674
42 4 1105
