//alpha
1
//NbLocations
80
//NbProducts
26
//NbPickers
2
//CapaPicker
4
//TimeToTravelOneDistanceUnit
3
//SetupTime
5400
//PickTime
300
//Products
//Idx Location Size
1 1 1
2 2 1
3 3 1
4 4 1
5 5 1
6 6 1
7 7 1
8 8 1
9 9 1
10 10 1
11 11 1
12 12 1
13 13 1
14 14 1
15 15 1
16 16 1
17 17 1
18 18 1
19 19 1
20 20 1
21 21 1
22 22 1
23 11 1
24 23 1
25 24 1
26 25 1
//Orders
//NbOrders
12
//Idx DueDate TardinessPenalty NbProdInOrder ProdIdx1 Qty1 ProdIdx2 Qty2 ...
1 54000 0 3 1 1 2 1 3 1
2 90000 0 1 4 1
3 144000 0 1 5 1
4 108000 0 1 6 1
5 54000 0 3 7 1 8 1 9 1
6 126000 0 1 10 1
7 126000 0 1 11 1
8 126000 0 2 12 1 13 1
9 72000 0 1 14 1
10 108000 0 4 15 1 16 1 17 1 18 1
11 126000 0 4 19 1 20 1 21 1 22 1
12 108000 0 4 23 1 24 1 25 1 26 1
//Graph (Products are vertices indexed from 1 to NbProducts)
//NbVerticesIntersections
54
//DepartingDepot
0
//ArrivalDepot
80
//Arcs
//Start End Distance
0 26 120
1 18 78
1 79 1103
2 51 518
2 52 713
3 15 637
3 21 156
4 32 505
4 33 726
5 6 91
5 25 13
6 5 91
6 68 76
7 20 39
7 44 115
8 26 63
8 27 1168
9 25 52
9 69 999
10 47 180
10 48 1051
11 75 154
11 76 1077
12 17 65
12 38 102
13 42 375
13 43 856
14 16 559
14 30 206
15 3 637
15 78 401
16 14 559
16 31 466
17 12 65
17 39 1064
18 1 78
18 78 50
19 27 167
19 28 1064
20 7 39
20 24 65
21 3 156
21 77 37
22 54 154
22 55 1077
23 66 63
23 67 1168
24 20 65
24 45 1012
25 5 13
25 9 52
26 8 63
26 29 48
26 80 120
27 8 1168
27 19 167
27 30 48
28 19 1064
28 31 48
29 26 48
29 30 1231
29 32 48
30 14 206
30 27 48
30 29 1231
30 33 48
31 16 466
31 28 48
31 34 48
32 4 505
32 29 48
32 35 48
33 4 726
33 30 48
33 34 1231
33 36 48
34 31 48
34 33 1231
34 37 48
35 32 48
35 36 1231
35 38 48
36 33 48
36 35 1231
36 37 1231
36 39 48
37 34 48
37 36 1231
37 40 48
38 12 102
38 35 48
38 41 48
39 17 1064
39 36 48
39 40 1231
39 42 48
40 37 48
40 39 1231
40 43 48
41 38 48
41 42 1231
41 44 48
42 13 375
42 39 48
42 41 1231
42 45 48
43 13 856
43 40 48
43 46 48
44 7 115
44 41 48
44 47 48
45 24 1012
45 42 48
45 46 1231
45 48 48
46 43 48
46 45 1231
46 49 48
47 10 180
47 44 48
47 50 48
48 10 1051
48 45 48
48 49 1231
48 51 48
49 46 48
49 48 1231
49 52 48
50 47 48
50 51 1231
50 53 48
51 2 518
51 48 48
51 50 1231
51 54 48
52 2 713
52 49 48
52 55 48
53 50 48
53 54 1231
53 56 48
54 22 154
54 51 48
54 53 1231
54 57 48
55 22 1077
55 52 48
55 58 48
56 53 48
56 57 1231
56 59 48
57 54 48
57 56 1231
57 58 1231
57 60 48
58 55 48
58 57 1231
58 61 48
59 56 48
59 60 1231
59 62 48
60 57 48
60 59 1231
60 61 1231
60 63 48
61 58 48
61 60 1231
61 64 48
62 59 48
62 63 1231
62 65 48
63 60 48
63 62 1231
63 64 1231
63 66 48
64 61 48
64 63 1231
64 67 48
65 62 48
65 66 1231
65 68 48
66 23 63
66 63 48
66 65 1231
66 69 48
67 23 1168
67 64 48
67 70 48
68 6 76
68 65 48
68 71 48
69 9 999
69 66 48
69 70 1231
69 72 48
70 67 48
70 69 1231
70 73 48
71 68 48
71 72 1231
71 74 48
72 69 48
72 71 1231
72 73 1231
72 75 48
73 70 48
73 72 1231
73 76 48
74 71 48
74 75 1231
74 77 48
75 11 154
75 72 48
75 74 1231
75 78 48
76 11 1077
76 73 48
76 79 48
77 21 37
77 74 48
78 15 401
78 18 50
78 75 48
79 1 1103
79 76 48
//LocStart LocEnd ShortestPath
0 0 0
0 1 2295
0 2 2253
0 3 1129
0 4 721
0 5 959
0 6 868
0 7 523
0 8 183
0 9 1024
0 10 636
0 11 2273
0 12 414
0 13 1966
0 14 1605
0 15 1766
0 16 2164
0 17 479
0 18 2217
0 19 1518
0 20 562
0 21 973
0 22 1937
0 23 2038
0 24 627
0 25 972
0 26 120
0 27 1351
0 28 2582
0 29 168
0 30 1399
0 31 2630
0 32 216
0 33 1447
0 34 2678
0 35 264
0 36 1495
0 37 2726
0 38 312
0 39 1543
0 40 2774
0 41 360
0 42 1591
0 43 2822
0 44 408
0 45 1639
0 46 2870
0 47 456
0 48 1687
0 49 2918
0 50 504
0 51 1735
0 52 2966
0 53 552
0 54 1783
0 55 3014
0 56 600
0 57 1831
0 58 3062
0 59 648
0 60 1879
0 61 3110
0 62 696
0 63 1927
0 64 3158
0 65 744
0 66 1975
0 67 3206
0 68 792
0 69 2023
0 70 3254
0 71 840
0 72 2071
0 73 3302
0 74 888
0 75 2119
0 76 3350
0 77 936
0 78 2167
0 79 3398
0 80 0
1 0 2295
1 1 0
1 2 1078
1 3 1166
1 4 1574
1 5 1336
1 6 1427
1 7 1772
1 8 2112
1 9 1271
1 10 1659
1 11 330
1 12 1881
1 13 1079
1 14 1102
1 15 529
1 16 1661
1 17 1816
1 18 78
1 19 1111
1 20 1733
1 21 1322
1 22 666
1 23 383
1 24 1668
1 25 1323
1 26 2175
1 27 944
1 28 1919
1 29 2127
1 30 896
1 31 1871
1 32 2079
1 33 848
1 34 1823
1 35 2031
1 36 800
1 37 1775
1 38 1983
1 39 752
1 40 1727
1 41 1935
1 42 704
1 43 1679
1 44 1887
1 45 656
1 46 1631
1 47 1839
1 48 608
1 49 1583
1 50 1791
1 51 560
1 52 1535
1 53 1743
1 54 512
1 55 1487
1 56 1695
1 57 464
1 58 1439
1 59 1647
1 60 416
1 61 1391
1 62 1599
1 63 368
1 64 1343
1 65 1551
1 66 320
1 67 1295
1 68 1503
1 69 272
1 70 1247
1 71 1455
1 72 224
1 73 1199
1 74 1407
1 75 176
1 76 1151
1 77 1359
1 78 128
1 79 1103
1 80 2295
2 0 2253
2 1 1078
2 2 0
2 3 1988
2 4 1532
2 5 1870
2 6 1961
2 7 1730
2 8 2070
2 9 1805
2 10 1617
2 11 1056
2 12 1839
2 13 1037
2 14 1060
2 15 1351
2 16 1515
2 17 1774
2 18 1000
2 19 1069
2 20 1691
2 21 2144
2 22 720
2 23 821
2 24 1626
2 25 1857
2 26 2133
2 27 902
2 28 1097
2 29 2085
2 30 854
2 31 1049
2 32 2037
2 33 806
2 34 1001
2 35 1989
2 36 758
2 37 953
2 38 1941
2 39 710
2 40 905
2 41 1893
2 42 662
2 43 857
2 44 1845
2 45 614
2 46 809
2 47 1797
2 48 566
2 49 761
2 50 1749
2 51 518
2 52 713
2 53 1797
2 54 566
2 55 761
2 56 1845
2 57 614
2 58 809
2 59 1893
2 60 662
2 61 857
2 62 1941
2 63 710
2 64 905
2 65 1989
2 66 758
2 67 953
2 68 2037
2 69 806
2 70 1001
2 71 2085
2 72 854
2 73 1049
2 74 2133
2 75 902
2 76 1097
2 77 2181
2 78 950
2 79 1145
2 80 2253
3 0 1129
3 1 1166
3 2 1988
3 3 0
3 4 1418
3 5 504
3 6 413
3 7 836
3 8 1072
3 9 569
3 10 853
3 11 1240
3 12 919
3 13 1989
3 14 2012
3 15 637
3 16 2571
3 17 984
3 18 1088
3 19 2021
3 20 875
3 21 156
3 22 1576
3 23 1293
3 24 940
3 25 517
3 26 1009
3 27 1854
3 28 3085
3 29 961
3 30 1806
3 31 3037
3 32 913
3 33 1758
3 34 2989
3 35 865
3 36 1710
3 37 2941
3 38 817
3 39 1662
3 40 2893
3 41 769
3 42 1614
3 43 2845
3 44 721
3 45 1566
3 46 2797
3 47 673
3 48 1518
3 49 2749
3 50 625
3 51 1470
3 52 2701
3 53 577
3 54 1422
3 55 2653
3 56 529
3 57 1374
3 58 2605
3 59 481
3 60 1326
3 61 2557
3 62 433
3 63 1278
3 64 2509
3 65 385
3 66 1230
3 67 2461
3 68 337
3 69 1182
3 70 2413
3 71 289
3 72 1134
3 73 2365
3 74 241
3 75 1086
3 76 2317
3 77 193
3 78 1038
3 79 2269
3 80 1129
4 0 721
4 1 1574
4 2 1532
4 3 1418
4 4 0
4 5 1248
4 6 1157
4 7 812
4 8 664
4 9 1313
4 10 925
4 11 1552
4 12 703
4 13 1245
4 14 980
4 15 1847
4 16 1539
4 17 768
4 18 1496
4 19 989
4 20 851
4 21 1262
4 22 1216
4 23 1317
4 24 916
4 25 1261
4 26 601
4 27 822
4 28 2053
4 29 553
4 30 774
4 31 2005
4 32 505
4 33 726
4 34 1957
4 35 553
4 36 774
4 37 2005
4 38 601
4 39 822
4 40 2053
4 41 649
4 42 870
4 43 2101
4 44 697
4 45 918
4 46 2149
4 47 745
4 48 966
4 49 2197
4 50 793
4 51 1014
4 52 2245
4 53 841
4 54 1062
4 55 2293
4 56 889
4 57 1110
4 58 2341
4 59 937
4 60 1158
4 61 2389
4 62 985
4 63 1206
4 64 2437
4 65 1033
4 66 1254
4 67 2485
4 68 1081
4 69 1302
4 70 2533
4 71 1129
4 72 1350
4 73 2581
4 74 1177
4 75 1398
4 76 2629
4 77 1225
4 78 1446
4 79 2677
4 80 721
5 0 959
5 1 1336
5 2 1870
5 3 504
5 4 1248
5 5 0
5 6 91
5 7 666
5 8 902
5 9 65
5 10 683
5 11 1314
5 12 749
5 13 1871
5 14 1894
5 15 1141
5 16 2453
5 17 814
5 18 1258
5 19 1903
5 20 705
5 21 348
5 22 1458
5 23 1175
5 24 770
5 25 13
5 26 839
5 27 1736
5 28 2967
5 29 791
5 30 1688
5 31 2919
5 32 743
5 33 1640
5 34 2871
5 35 695
5 36 1592
5 37 2823
5 38 647
5 39 1544
5 40 2775
5 41 599
5 42 1496
5 43 2727
5 44 551
5 45 1448
5 46 2679
5 47 503
5 48 1400
5 49 2631
5 50 455
5 51 1352
5 52 2583
5 53 407
5 54 1304
5 55 2535
5 56 359
5 57 1256
5 58 2487
5 59 311
5 60 1208
5 61 2439
5 62 263
5 63 1160
5 64 2391
5 65 215
5 66 1112
5 67 2343
5 68 167
5 69 1064
5 70 2295
5 71 215
5 72 1112
5 73 2343
5 74 263
5 75 1160
5 76 2391
5 77 311
5 78 1208
5 79 2439
5 80 959
6 0 868
6 1 1427
6 2 1961
6 3 413
6 4 1157
6 5 91
6 6 0
6 7 575
6 8 811
6 9 156
6 10 592
6 11 1405
6 12 658
6 13 1962
6 14 1985
6 15 1050
6 16 2544
6 17 723
6 18 1349
6 19 1994
6 20 614
6 21 257
6 22 1549
6 23 1266
6 24 679
6 25 104
6 26 748
6 27 1827
6 28 3058
6 29 700
6 30 1779
6 31 3010
6 32 652
6 33 1731
6 34 2962
6 35 604
6 36 1683
6 37 2914
6 38 556
6 39 1635
6 40 2866
6 41 508
6 42 1587
6 43 2818
6 44 460
6 45 1539
6 46 2770
6 47 412
6 48 1491
6 49 2722
6 50 364
6 51 1443
6 52 2674
6 53 316
6 54 1395
6 55 2626
6 56 268
6 57 1347
6 58 2578
6 59 220
6 60 1299
6 61 2530
6 62 172
6 63 1251
6 64 2482
6 65 124
6 66 1203
6 67 2434
6 68 76
6 69 1155
6 70 2386
6 71 124
6 72 1203
6 73 2434
6 74 172
6 75 1251
6 76 2482
6 77 220
6 78 1299
6 79 2530
6 80 868
7 0 523
7 1 1772
7 2 1730
7 3 836
7 4 812
7 5 666
7 6 575
7 7 0
7 8 466
7 9 731
7 10 343
7 11 1750
7 12 313
7 13 1539
7 14 1562
7 15 1473
7 16 2121
7 17 378
7 18 1694
7 19 1571
7 20 39
7 21 680
7 22 1414
7 23 1515
7 24 104
7 25 679
7 26 403
7 27 1404
7 28 2635
7 29 355
7 30 1356
7 31 2587
7 32 307
7 33 1308
7 34 2539
7 35 259
7 36 1260
7 37 2491
7 38 211
7 39 1212
7 40 2443
7 41 163
7 42 1164
7 43 2395
7 44 115
7 45 1116
7 46 2347
7 47 163
7 48 1164
7 49 2395
7 50 211
7 51 1212
7 52 2443
7 53 259
7 54 1260
7 55 2491
7 56 307
7 57 1308
7 58 2539
7 59 355
7 60 1356
7 61 2587
7 62 403
7 63 1404
7 64 2635
7 65 451
7 66 1452
7 67 2683
7 68 499
7 69 1500
7 70 2731
7 71 547
7 72 1548
7 73 2779
7 74 595
7 75 1596
7 76 2827
7 77 643
7 78 1644
7 79 2875
7 80 523
8 0 183
8 1 2112
8 2 2070
8 3 1072
8 4 664
8 5 902
8 6 811
8 7 466
8 8 0
8 9 967
8 10 579
8 11 2090
8 12 357
8 13 1783
8 14 1422
8 15 1709
8 16 1981
8 17 422
8 18 2034
8 19 1335
8 20 505
8 21 916
8 22 1754
8 23 1855
8 24 570
8 25 915
8 26 63
8 27 1168
8 28 2399
8 29 111
8 30 1216
8 31 2447
8 32 159
8 33 1264
8 34 2495
8 35 207
8 36 1312
8 37 2543
8 38 255
8 39 1360
8 40 2591
8 41 303
8 42 1408
8 43 2639
8 44 351
8 45 1456
8 46 2687
8 47 399
8 48 1504
8 49 2735
8 50 447
8 51 1552
8 52 2783
8 53 495
8 54 1600
8 55 2831
8 56 543
8 57 1648
8 58 2879
8 59 591
8 60 1696
8 61 2927
8 62 639
8 63 1744
8 64 2975
8 65 687
8 66 1792
8 67 3023
8 68 735
8 69 1840
8 70 3071
8 71 783
8 72 1888
8 73 3119
8 74 831
8 75 1936
8 76 3167
8 77 879
8 78 1984
8 79 3215
8 80 183
9 0 1024
9 1 1271
9 2 1805
9 3 569
9 4 1313
9 5 65
9 6 156
9 7 731
9 8 967
9 9 0
9 10 748
9 11 1249
9 12 814
9 13 1806
9 14 1829
9 15 1206
9 16 2388
9 17 879
9 18 1193
9 19 1838
9 20 770
9 21 413
9 22 1393
9 23 1110
9 24 835
9 25 52
9 26 904
9 27 1671
9 28 2902
9 29 856
9 30 1623
9 31 2854
9 32 808
9 33 1575
9 34 2806
9 35 760
9 36 1527
9 37 2758
9 38 712
9 39 1479
9 40 2710
9 41 664
9 42 1431
9 43 2662
9 44 616
9 45 1383
9 46 2614
9 47 568
9 48 1335
9 49 2566
9 50 520
9 51 1287
9 52 2518
9 53 472
9 54 1239
9 55 2470
9 56 424
9 57 1191
9 58 2422
9 59 376
9 60 1143
9 61 2374
9 62 328
9 63 1095
9 64 2326
9 65 280
9 66 1047
9 67 2278
9 68 232
9 69 999
9 70 2230
9 71 280
9 72 1047
9 73 2278
9 74 328
9 75 1095
9 76 2326
9 77 376
9 78 1143
9 79 2374
9 80 1024
10 0 636
10 1 1659
10 2 1617
10 3 853
10 4 925
10 5 683
10 6 592
10 7 343
10 8 579
10 9 748
10 10 0
10 11 1637
10 12 426
10 13 1522
10 14 1545
10 15 1490
10 16 2104
10 17 491
10 18 1581
10 19 1554
10 20 382
10 21 697
10 22 1301
10 23 1402
10 24 447
10 25 696
10 26 516
10 27 1387
10 28 2618
10 29 468
10 30 1339
10 31 2570
10 32 420
10 33 1291
10 34 2522
10 35 372
10 36 1243
10 37 2474
10 38 324
10 39 1195
10 40 2426
10 41 276
10 42 1147
10 43 2378
10 44 228
10 45 1099
10 46 2330
10 47 180
10 48 1051
10 49 2282
10 50 228
10 51 1099
10 52 2330
10 53 276
10 54 1147
10 55 2378
10 56 324
10 57 1195
10 58 2426
10 59 372
10 60 1243
10 61 2474
10 62 420
10 63 1291
10 64 2522
10 65 468
10 66 1339
10 67 2570
10 68 516
10 69 1387
10 70 2618
10 71 564
10 72 1435
10 73 2666
10 74 612
10 75 1483
10 76 2714
10 77 660
10 78 1531
10 79 2762
10 80 636
11 0 2273
11 1 330
11 2 1056
11 3 1240
11 4 1552
11 5 1314
11 6 1405
11 7 1750
11 8 2090
11 9 1249
11 10 1637
11 11 0
11 12 1859
11 13 1057
11 14 1080
11 15 603
11 16 1639
11 17 1794
11 18 252
11 19 1089
11 20 1711
11 21 1396
11 22 644
11 23 361
11 24 1646
11 25 1301
11 26 2153
11 27 922
11 28 1845
11 29 2105
11 30 874
11 31 1797
11 32 2057
11 33 826
11 34 1749
11 35 2009
11 36 778
11 37 1701
11 38 1961
11 39 730
11 40 1653
11 41 1913
11 42 682
11 43 1605
11 44 1865
11 45 634
11 46 1557
11 47 1817
11 48 586
11 49 1509
11 50 1769
11 51 538
11 52 1461
11 53 1721
11 54 490
11 55 1413
11 56 1673
11 57 442
11 58 1365
11 59 1625
11 60 394
11 61 1317
11 62 1577
11 63 346
11 64 1269
11 65 1529
11 66 298
11 67 1221
11 68 1481
11 69 250
11 70 1173
11 71 1433
11 72 202
11 73 1125
11 74 1385
11 75 154
11 76 1077
11 77 1433
11 78 202
11 79 1125
11 80 2273
12 0 414
12 1 1881
12 2 1839
12 3 919
12 4 703
12 5 749
12 6 658
12 7 313
12 8 357
12 9 814
12 10 426
12 11 1859
12 12 0
12 13 1552
12 14 1479
12 15 1556
12 16 2038
12 17 65
12 18 1803
12 19 1488
12 20 352
12 21 763
12 22 1523
12 23 1624
12 24 417
12 25 762
12 26 294
12 27 1321
12 28 2552
12 29 246
12 30 1273
12 31 2504
12 32 198
12 33 1225
12 34 2456
12 35 150
12 36 1177
12 37 2408
12 38 102
12 39 1129
12 40 2360
12 41 150
12 42 1177
12 43 2408
12 44 198
12 45 1225
12 46 2456
12 47 246
12 48 1273
12 49 2504
12 50 294
12 51 1321
12 52 2552
12 53 342
12 54 1369
12 55 2600
12 56 390
12 57 1417
12 58 2648
12 59 438
12 60 1465
12 61 2696
12 62 486
12 63 1513
12 64 2744
12 65 534
12 66 1561
12 67 2792
12 68 582
12 69 1609
12 70 2840
12 71 630
12 72 1657
12 73 2888
12 74 678
12 75 1705
12 76 2936
12 77 726
12 78 1753
12 79 2984
12 80 414
13 0 1966
13 1 1079
13 2 1037
13 3 1989
13 4 1245
13 5 1871
13 6 1962
13 7 1539
13 8 1783
13 9 1806
13 10 1522
13 11 1057
13 12 1552
13 13 0
13 14 773
13 15 1352
13 16 1332
13 17 1487
13 18 1001
13 19 782
13 20 1500
13 21 2145
13 22 721
13 23 822
13 24 1435
13 25 1858
13 26 1846
13 27 615
13 28 1096
13 29 1798
13 30 567
13 31 1048
13 32 1750
13 33 519
13 34 1000
13 35 1702
13 36 471
13 37 952
13 38 1654
13 39 423
13 40 904
13 41 1606
13 42 375
13 43 856
13 44 1654
13 45 423
13 46 904
13 47 1702
13 48 471
13 49 952
13 50 1750
13 51 519
13 52 1000
13 53 1798
13 54 567
13 55 1048
13 56 1846
13 57 615
13 58 1096
13 59 1894
13 60 663
13 61 1144
13 62 1942
13 63 711
13 64 1192
13 65 1990
13 66 759
13 67 1240
13 68 2038
13 69 807
13 70 1288
13 71 2086
13 72 855
13 73 1336
13 74 2134
13 75 903
13 76 1384
13 77 2182
13 78 951
13 79 1432
13 80 1966
14 0 1605
14 1 1102
14 2 1060
14 3 2012
14 4 980
14 5 1894
14 6 1985
14 7 1562
14 8 1422
14 9 1829
14 10 1545
14 11 1080
14 12 1479
14 13 773
14 14 0
14 15 1375
14 16 559
14 17 1414
14 18 1024
14 19 421
14 20 1523
14 21 2168
14 22 744
14 23 845
14 24 1458
14 25 1881
14 26 1485
14 27 254
14 28 1073
14 29 1437
14 30 206
14 31 1025
14 32 1485
14 33 254
14 34 1073
14 35 1533
14 36 302
14 37 1121
14 38 1581
14 39 350
14 40 1169
14 41 1629
14 42 398
14 43 1217
14 44 1677
14 45 446
14 46 1265
14 47 1725
14 48 494
14 49 1313
14 50 1773
14 51 542
14 52 1361
14 53 1821
14 54 590
14 55 1409
14 56 1869
14 57 638
14 58 1457
14 59 1917
14 60 686
14 61 1505
14 62 1965
14 63 734
14 64 1553
14 65 2013
14 66 782
14 67 1601
14 68 2061
14 69 830
14 70 1649
14 71 2109
14 72 878
14 73 1697
14 74 2157
14 75 926
14 76 1745
14 77 2205
14 78 974
14 79 1793
14 80 1605
15 0 1766
15 1 529
15 2 1351
15 3 637
15 4 1847
15 5 1141
15 6 1050
15 7 1473
15 8 1709
15 9 1206
15 10 1490
15 11 603
15 12 1556
15 13 1352
15 14 1375
15 15 0
15 16 1934
15 17 1621
15 18 451
15 19 1384
15 20 1512
15 21 793
15 22 939
15 23 656
15 24 1577
15 25 1154
15 26 1646
15 27 1217
15 28 2448
15 29 1598
15 30 1169
15 31 2400
15 32 1550
15 33 1121
15 34 2352
15 35 1502
15 36 1073
15 37 2304
15 38 1454
15 39 1025
15 40 2256
15 41 1406
15 42 977
15 43 2208
15 44 1358
15 45 929
15 46 2160
15 47 1310
15 48 881
15 49 2112
15 50 1262
15 51 833
15 52 2064
15 53 1214
15 54 785
15 55 2016
15 56 1166
15 57 737
15 58 1968
15 59 1118
15 60 689
15 61 1920
15 62 1070
15 63 641
15 64 1872
15 65 1022
15 66 593
15 67 1824
15 68 974
15 69 545
15 70 1776
15 71 926
15 72 497
15 73 1728
15 74 878
15 75 449
15 76 1680
15 77 830
15 78 401
15 79 1632
15 80 1766
16 0 2164
16 1 1661
16 2 1515
16 3 2571
16 4 1539
16 5 2453
16 6 2544
16 7 2121
16 8 1981
16 9 2388
16 10 2104
16 11 1639
16 12 2038
16 13 1332
16 14 559
16 15 1934
16 16 0
16 17 1973
16 18 1583
16 19 980
16 20 2082
16 21 2727
16 22 1303
16 23 1404
16 24 2017
16 25 2440
16 26 2044
16 27 813
16 28 514
16 29 1996
16 30 765
16 31 466
16 32 2044
16 33 813
16 34 514
16 35 2092
16 36 861
16 37 562
16 38 2140
16 39 909
16 40 610
16 41 2188
16 42 957
16 43 658
16 44 2236
16 45 1005
16 46 706
16 47 2284
16 48 1053
16 49 754
16 50 2332
16 51 1101
16 52 802
16 53 2380
16 54 1149
16 55 850
16 56 2428
16 57 1197
16 58 898
16 59 2476
16 60 1245
16 61 946
16 62 2524
16 63 1293
16 64 994
16 65 2572
16 66 1341
16 67 1042
16 68 2620
16 69 1389
16 70 1090
16 71 2668
16 72 1437
16 73 1138
16 74 2716
16 75 1485
16 76 1186
16 77 2764
16 78 1533
16 79 1234
16 80 2164
17 0 479
17 1 1816
17 2 1774
17 3 984
17 4 768
17 5 814
17 6 723
17 7 378
17 8 422
17 9 879
17 10 491
17 11 1794
17 12 65
17 13 1487
17 14 1414
17 15 1621
17 16 1973
17 17 0
17 18 1738
17 19 1423
17 20 417
17 21 828
17 22 1458
17 23 1559
17 24 482
17 25 827
17 26 359
17 27 1256
17 28 2487
17 29 311
17 30 1208
17 31 2439
17 32 263
17 33 1160
17 34 2391
17 35 215
17 36 1112
17 37 2343
17 38 167
17 39 1064
17 40 2295
17 41 215
17 42 1112
17 43 2343
17 44 263
17 45 1160
17 46 2391
17 47 311
17 48 1208
17 49 2439
17 50 359
17 51 1256
17 52 2487
17 53 407
17 54 1304
17 55 2535
17 56 455
17 57 1352
17 58 2583
17 59 503
17 60 1400
17 61 2631
17 62 551
17 63 1448
17 64 2679
17 65 599
17 66 1496
17 67 2727
17 68 647
17 69 1544
17 70 2775
17 71 695
17 72 1592
17 73 2823
17 74 743
17 75 1640
17 76 2871
17 77 791
17 78 1688
17 79 2919
17 80 479
18 0 2217
18 1 78
18 2 1000
18 3 1088
18 4 1496
18 5 1258
18 6 1349
18 7 1694
18 8 2034
18 9 1193
18 10 1581
18 11 252
18 12 1803
18 13 1001
18 14 1024
18 15 451
18 16 1583
18 17 1738
18 18 0
18 19 1033
18 20 1655
18 21 1244
18 22 588
18 23 305
18 24 1590
18 25 1245
18 26 2097
18 27 866
18 28 1997
18 29 2049
18 30 818
18 31 1949
18 32 2001
18 33 770
18 34 1901
18 35 1953
18 36 722
18 37 1853
18 38 1905
18 39 674
18 40 1805
18 41 1857
18 42 626
18 43 1757
18 44 1809
18 45 578
18 46 1709
18 47 1761
18 48 530
18 49 1661
18 50 1713
18 51 482
18 52 1613
18 53 1665
18 54 434
18 55 1565
18 56 1617
18 57 386
18 58 1517
18 59 1569
18 60 338
18 61 1469
18 62 1521
18 63 290
18 64 1421
18 65 1473
18 66 242
18 67 1373
18 68 1425
18 69 194
18 70 1325
18 71 1377
18 72 146
18 73 1277
18 74 1329
18 75 98
18 76 1229
18 77 1281
18 78 50
18 79 1181
18 80 2217
19 0 1518
19 1 1111
19 2 1069
19 3 2021
19 4 989
19 5 1903
19 6 1994
19 7 1571
19 8 1335
19 9 1838
19 10 1554
19 11 1089
19 12 1488
19 13 782
19 14 421
19 15 1384
19 16 980
19 17 1423
19 18 1033
19 19 0
19 20 1532
19 21 2177
19 22 753
19 23 854
19 24 1467
19 25 1890
19 26 1398
19 27 167
19 28 1064
19 29 1446
19 30 215
19 31 1112
19 32 1494
19 33 263
19 34 1160
19 35 1542
19 36 311
19 37 1208
19 38 1590
19 39 359
19 40 1256
19 41 1638
19 42 407
19 43 1304
19 44 1686
19 45 455
19 46 1352
19 47 1734
19 48 503
19 49 1400
19 50 1782
19 51 551
19 52 1448
19 53 1830
19 54 599
19 55 1496
19 56 1878
19 57 647
19 58 1544
19 59 1926
19 60 695
19 61 1592
19 62 1974
19 63 743
19 64 1640
19 65 2022
19 66 791
19 67 1688
19 68 2070
19 69 839
19 70 1736
19 71 2118
19 72 887
19 73 1784
19 74 2166
19 75 935
19 76 1832
19 77 2214
19 78 983
19 79 1880
19 80 1518
20 0 562
20 1 1733
20 2 1691
20 3 875
20 4 851
20 5 705
20 6 614
20 7 39
20 8 505
20 9 770
20 10 382
20 11 1711
20 12 352
20 13 1500
20 14 1523
20 15 1512
20 16 2082
20 17 417
20 18 1655
20 19 1532
20 20 0
20 21 719
20 22 1375
20 23 1476
20 24 65
20 25 718
20 26 442
20 27 1365
20 28 2596
20 29 394
20 30 1317
20 31 2548
20 32 346
20 33 1269
20 34 2500
20 35 298
20 36 1221
20 37 2452
20 38 250
20 39 1173
20 40 2404
20 41 202
20 42 1125
20 43 2356
20 44 154
20 45 1077
20 46 2308
20 47 202
20 48 1125
20 49 2356
20 50 250
20 51 1173
20 52 2404
20 53 298
20 54 1221
20 55 2452
20 56 346
20 57 1269
20 58 2500
20 59 394
20 60 1317
20 61 2548
20 62 442
20 63 1365
20 64 2596
20 65 490
20 66 1413
20 67 2644
20 68 538
20 69 1461
20 70 2692
20 71 586
20 72 1509
20 73 2740
20 74 634
20 75 1557
20 76 2788
20 77 682
20 78 1605
20 79 2836
20 80 562
21 0 973
21 1 1322
21 2 2144
21 3 156
21 4 1262
21 5 348
21 6 257
21 7 680
21 8 916
21 9 413
21 10 697
21 11 1396
21 12 763
21 13 2145
21 14 2168
21 15 793
21 16 2727
21 17 828
21 18 1244
21 19 2177
21 20 719
21 21 0
21 22 1732
21 23 1449
21 24 784
21 25 361
21 26 853
21 27 2010
21 28 3241
21 29 805
21 30 1962
21 31 3193
21 32 757
21 33 1914
21 34 3145
21 35 709
21 36 1866
21 37 3097
21 38 661
21 39 1818
21 40 3049
21 41 613
21 42 1770
21 43 3001
21 44 565
21 45 1722
21 46 2953
21 47 517
21 48 1674
21 49 2905
21 50 469
21 51 1626
21 52 2857
21 53 421
21 54 1578
21 55 2809
21 56 373
21 57 1530
21 58 2761
21 59 325
21 60 1482
21 61 2713
21 62 277
21 63 1434
21 64 2665
21 65 229
21 66 1386
21 67 2617
21 68 181
21 69 1338
21 70 2569
21 71 133
21 72 1290
21 73 2521
21 74 85
21 75 1242
21 76 2473
21 77 37
21 78 1194
21 79 2425
21 80 973
22 0 1937
22 1 666
22 2 720
22 3 1576
22 4 1216
22 5 1458
22 6 1549
22 7 1414
22 8 1754
22 9 1393
22 10 1301
22 11 644
22 12 1523
22 13 721
22 14 744
22 15 939
22 16 1303
22 17 1458
22 18 588
22 19 753
22 20 1375
22 21 1732
22 22 0
22 23 409
22 24 1310
22 25 1445
22 26 1817
22 27 586
22 28 1509
22 29 1769
22 30 538
22 31 1461
22 32 1721
22 33 490
22 34 1413
22 35 1673
22 36 442
22 37 1365
22 38 1625
22 39 394
22 40 1317
22 41 1577
22 42 346
22 43 1269
22 44 1529
22 45 298
22 46 1221
22 47 1481
22 48 250
22 49 1173
22 50 1433
22 51 202
22 52 1125
22 53 1385
22 54 154
22 55 1077
22 56 1433
22 57 202
22 58 1125
22 59 1481
22 60 250
22 61 1173
22 62 1529
22 63 298
22 64 1221
22 65 1577
22 66 346
22 67 1269
22 68 1625
22 69 394
22 70 1317
22 71 1673
22 72 442
22 73 1365
22 74 1721
22 75 490
22 76 1413
22 77 1769
22 78 538
22 79 1461
22 80 1937
23 0 2038
23 1 383
23 2 821
23 3 1293
23 4 1317
23 5 1175
23 6 1266
23 7 1515
23 8 1855
23 9 1110
23 10 1402
23 11 361
23 12 1624
23 13 822
23 14 845
23 15 656
23 16 1404
23 17 1559
23 18 305
23 19 854
23 20 1476
23 21 1449
23 22 409
23 23 0
23 24 1411
23 25 1162
23 26 1918
23 27 687
23 28 1792
23 29 1870
23 30 639
23 31 1744
23 32 1822
23 33 591
23 34 1696
23 35 1774
23 36 543
23 37 1648
23 38 1726
23 39 495
23 40 1600
23 41 1678
23 42 447
23 43 1552
23 44 1630
23 45 399
23 46 1504
23 47 1582
23 48 351
23 49 1456
23 50 1534
23 51 303
23 52 1408
23 53 1486
23 54 255
23 55 1360
23 56 1438
23 57 207
23 58 1312
23 59 1390
23 60 159
23 61 1264
23 62 1342
23 63 111
23 64 1216
23 65 1294
23 66 63
23 67 1168
23 68 1342
23 69 111
23 70 1216
23 71 1390
23 72 159
23 73 1264
23 74 1438
23 75 207
23 76 1312
23 77 1486
23 78 255
23 79 1360
23 80 2038
24 0 627
24 1 1668
24 2 1626
24 3 940
24 4 916
24 5 770
24 6 679
24 7 104
24 8 570
24 9 835
24 10 447
24 11 1646
24 12 417
24 13 1435
24 14 1458
24 15 1577
24 16 2017
24 17 482
24 18 1590
24 19 1467
24 20 65
24 21 784
24 22 1310
24 23 1411
24 24 0
24 25 783
24 26 507
24 27 1300
24 28 2531
24 29 459
24 30 1252
24 31 2483
24 32 411
24 33 1204
24 34 2435
24 35 363
24 36 1156
24 37 2387
24 38 315
24 39 1108
24 40 2339
24 41 267
24 42 1060
24 43 2291
24 44 219
24 45 1012
24 46 2243
24 47 267
24 48 1060
24 49 2291
24 50 315
24 51 1108
24 52 2339
24 53 363
24 54 1156
24 55 2387
24 56 411
24 57 1204
24 58 2435
24 59 459
24 60 1252
24 61 2483
24 62 507
24 63 1300
24 64 2531
24 65 555
24 66 1348
24 67 2579
24 68 603
24 69 1396
24 70 2627
24 71 651
24 72 1444
24 73 2675
24 74 699
24 75 1492
24 76 2723
24 77 747
24 78 1540
24 79 2771
24 80 627
25 0 972
25 1 1323
25 2 1857
25 3 517
25 4 1261
25 5 13
25 6 104
25 7 679
25 8 915
25 9 52
25 10 696
25 11 1301
25 12 762
25 13 1858
25 14 1881
25 15 1154
25 16 2440
25 17 827
25 18 1245
25 19 1890
25 20 718
25 21 361
25 22 1445
25 23 1162
25 24 783
25 25 0
25 26 852
25 27 1723
25 28 2954
25 29 804
25 30 1675
25 31 2906
25 32 756
25 33 1627
25 34 2858
25 35 708
25 36 1579
25 37 2810
25 38 660
25 39 1531
25 40 2762
25 41 612
25 42 1483
25 43 2714
25 44 564
25 45 1435
25 46 2666
25 47 516
25 48 1387
25 49 2618
25 50 468
25 51 1339
25 52 2570
25 53 420
25 54 1291
25 55 2522
25 56 372
25 57 1243
25 58 2474
25 59 324
25 60 1195
25 61 2426
25 62 276
25 63 1147
25 64 2378
25 65 228
25 66 1099
25 67 2330
25 68 180
25 69 1051
25 70 2282
25 71 228
25 72 1099
25 73 2330
25 74 276
25 75 1147
25 76 2378
25 77 324
25 78 1195
25 79 2426
25 80 972
26 0 120
26 1 2175
26 2 2133
26 3 1009
26 4 601
26 5 839
26 6 748
26 7 403
26 8 63
26 9 904
26 10 516
26 11 2153
26 12 294
26 13 1846
26 14 1485
26 15 1646
26 16 2044
26 17 359
26 18 2097
26 19 1398
26 20 442
26 21 853
26 22 1817
26 23 1918
26 24 507
26 25 852
26 26 0
26 27 1231
26 28 2462
26 29 48
26 30 1279
26 31 2510
26 32 96
26 33 1327
26 34 2558
26 35 144
26 36 1375
26 37 2606
26 38 192
26 39 1423
26 40 2654
26 41 240
26 42 1471
26 43 2702
26 44 288
26 45 1519
26 46 2750
26 47 336
26 48 1567
26 49 2798
26 50 384
26 51 1615
26 52 2846
26 53 432
26 54 1663
26 55 2894
26 56 480
26 57 1711
26 58 2942
26 59 528
26 60 1759
26 61 2990
26 62 576
26 63 1807
26 64 3038
26 65 624
26 66 1855
26 67 3086
26 68 672
26 69 1903
26 70 3134
26 71 720
26 72 1951
26 73 3182
26 74 768
26 75 1999
26 76 3230
26 77 816
26 78 2047
26 79 3278
26 80 120
27 0 1351
27 1 944
27 2 902
27 3 1854
27 4 822
27 5 1736
27 6 1827
27 7 1404
27 8 1168
27 9 1671
27 10 1387
27 11 922
27 12 1321
27 13 615
27 14 254
27 15 1217
27 16 813
27 17 1256
27 18 866
27 19 167
27 20 1365
27 21 2010
27 22 586
27 23 687
27 24 1300
27 25 1723
27 26 1231
27 27 0
27 28 1231
27 29 1279
27 30 48
27 31 1279
27 32 1327
27 33 96
27 34 1327
27 35 1375
27 36 144
27 37 1375
27 38 1423
27 39 192
27 40 1423
27 41 1471
27 42 240
27 43 1471
27 44 1519
27 45 288
27 46 1519
27 47 1567
27 48 336
27 49 1567
27 50 1615
27 51 384
27 52 1615
27 53 1663
27 54 432
27 55 1663
27 56 1711
27 57 480
27 58 1711
27 59 1759
27 60 528
27 61 1759
27 62 1807
27 63 576
27 64 1807
27 65 1855
27 66 624
27 67 1855
27 68 1903
27 69 672
27 70 1903
27 71 1951
27 72 720
27 73 1951
27 74 1999
27 75 768
27 76 1999
27 77 2047
27 78 816
27 79 2047
27 80 1351
28 0 2582
28 1 1919
28 2 1097
28 3 3085
28 4 2053
28 5 2967
28 6 3058
28 7 2635
28 8 2399
28 9 2902
28 10 2618
28 11 1845
28 12 2552
28 13 1096
28 14 1073
28 15 2448
28 16 514
28 17 2487
28 18 1997
28 19 1064
28 20 2596
28 21 3241
28 22 1509
28 23 1792
28 24 2531
28 25 2954
28 26 2462
28 27 1231
28 28 0
28 29 2510
28 30 1279
28 31 48
28 32 2558
28 33 1327
28 34 96
28 35 2606
28 36 1375
28 37 144
28 38 2654
28 39 1423
28 40 192
28 41 2702
28 42 1471
28 43 240
28 44 2750
28 45 1519
28 46 288
28 47 2798
28 48 1567
28 49 336
28 50 2846
28 51 1615
28 52 384
28 53 2894
28 54 1663
28 55 432
28 56 2942
28 57 1711
28 58 480
28 59 2990
28 60 1759
28 61 528
28 62 3038
28 63 1807
28 64 576
28 65 3086
28 66 1855
28 67 624
28 68 3134
28 69 1903
28 70 672
28 71 3182
28 72 1951
28 73 720
28 74 3230
28 75 1999
28 76 768
28 77 3278
28 78 2047
28 79 816
28 80 2582
29 0 168
29 1 2127
29 2 2085
29 3 961
29 4 553
29 5 791
29 6 700
29 7 355
29 8 111
29 9 856
29 10 468
29 11 2105
29 12 246
29 13 1798
29 14 1437
29 15 1598
29 16 1996
29 17 311
29 18 2049
29 19 1446
29 20 394
29 21 805
29 22 1769
29 23 1870
29 24 459
29 25 804
29 26 48
29 27 1279
29 28 2510
29 29 0
29 30 1231
29 31 2462
29 32 48
29 33 1279
29 34 2510
29 35 96
29 36 1327
29 37 2558
29 38 144
29 39 1375
29 40 2606
29 41 192
29 42 1423
29 43 2654
29 44 240
29 45 1471
29 46 2702
29 47 288
29 48 1519
29 49 2750
29 50 336
29 51 1567
29 52 2798
29 53 384
29 54 1615
29 55 2846
29 56 432
29 57 1663
29 58 2894
29 59 480
29 60 1711
29 61 2942
29 62 528
29 63 1759
29 64 2990
29 65 576
29 66 1807
29 67 3038
29 68 624
29 69 1855
29 70 3086
29 71 672
29 72 1903
29 73 3134
29 74 720
29 75 1951
29 76 3182
29 77 768
29 78 1999
29 79 3230
29 80 168
30 0 1399
30 1 896
30 2 854
30 3 1806
30 4 774
30 5 1688
30 6 1779
30 7 1356
30 8 1216
30 9 1623
30 10 1339
30 11 874
30 12 1273
30 13 567
30 14 206
30 15 1169
30 16 765
30 17 1208
30 18 818
30 19 215
30 20 1317
30 21 1962
30 22 538
30 23 639
30 24 1252
30 25 1675
30 26 1279
30 27 48
30 28 1279
30 29 1231
30 30 0
30 31 1231
30 32 1279
30 33 48
30 34 1279
30 35 1327
30 36 96
30 37 1327
30 38 1375
30 39 144
30 40 1375
30 41 1423
30 42 192
30 43 1423
30 44 1471
30 45 240
30 46 1471
30 47 1519
30 48 288
30 49 1519
30 50 1567
30 51 336
30 52 1567
30 53 1615
30 54 384
30 55 1615
30 56 1663
30 57 432
30 58 1663
30 59 1711
30 60 480
30 61 1711
30 62 1759
30 63 528
30 64 1759
30 65 1807
30 66 576
30 67 1807
30 68 1855
30 69 624
30 70 1855
30 71 1903
30 72 672
30 73 1903
30 74 1951
30 75 720
30 76 1951
30 77 1999
30 78 768
30 79 1999
30 80 1399
31 0 2630
31 1 1871
31 2 1049
31 3 3037
31 4 2005
31 5 2919
31 6 3010
31 7 2587
31 8 2447
31 9 2854
31 10 2570
31 11 1797
31 12 2504
31 13 1048
31 14 1025
31 15 2400
31 16 466
31 17 2439
31 18 1949
31 19 1112
31 20 2548
31 21 3193
31 22 1461
31 23 1744
31 24 2483
31 25 2906
31 26 2510
31 27 1279
31 28 48
31 29 2462
31 30 1231
31 31 0
31 32 2510
31 33 1279
31 34 48
31 35 2558
31 36 1327
31 37 96
31 38 2606
31 39 1375
31 40 144
31 41 2654
31 42 1423
31 43 192
31 44 2702
31 45 1471
31 46 240
31 47 2750
31 48 1519
31 49 288
31 50 2798
31 51 1567
31 52 336
31 53 2846
31 54 1615
31 55 384
31 56 2894
31 57 1663
31 58 432
31 59 2942
31 60 1711
31 61 480
31 62 2990
31 63 1759
31 64 528
31 65 3038
31 66 1807
31 67 576
31 68 3086
31 69 1855
31 70 624
31 71 3134
31 72 1903
31 73 672
31 74 3182
31 75 1951
31 76 720
31 77 3230
31 78 1999
31 79 768
31 80 2630
32 0 216
32 1 2079
32 2 2037
32 3 913
32 4 505
32 5 743
32 6 652
32 7 307
32 8 159
32 9 808
32 10 420
32 11 2057
32 12 198
32 13 1750
32 14 1485
32 15 1550
32 16 2044
32 17 263
32 18 2001
32 19 1494
32 20 346
32 21 757
32 22 1721
32 23 1822
32 24 411
32 25 756
32 26 96
32 27 1327
32 28 2558
32 29 48
32 30 1279
32 31 2510
32 32 0
32 33 1231
32 34 2462
32 35 48
32 36 1279
32 37 2510
32 38 96
32 39 1327
32 40 2558
32 41 144
32 42 1375
32 43 2606
32 44 192
32 45 1423
32 46 2654
32 47 240
32 48 1471
32 49 2702
32 50 288
32 51 1519
32 52 2750
32 53 336
32 54 1567
32 55 2798
32 56 384
32 57 1615
32 58 2846
32 59 432
32 60 1663
32 61 2894
32 62 480
32 63 1711
32 64 2942
32 65 528
32 66 1759
32 67 2990
32 68 576
32 69 1807
32 70 3038
32 71 624
32 72 1855
32 73 3086
32 74 672
32 75 1903
32 76 3134
32 77 720
32 78 1951
32 79 3182
32 80 216
33 0 1447
33 1 848
33 2 806
33 3 1758
33 4 726
33 5 1640
33 6 1731
33 7 1308
33 8 1264
33 9 1575
33 10 1291
33 11 826
33 12 1225
33 13 519
33 14 254
33 15 1121
33 16 813
33 17 1160
33 18 770
33 19 263
33 20 1269
33 21 1914
33 22 490
33 23 591
33 24 1204
33 25 1627
33 26 1327
33 27 96
33 28 1327
33 29 1279
33 30 48
33 31 1279
33 32 1231
33 33 0
33 34 1231
33 35 1279
33 36 48
33 37 1279
33 38 1327
33 39 96
33 40 1327
33 41 1375
33 42 144
33 43 1375
33 44 1423
33 45 192
33 46 1423
33 47 1471
33 48 240
33 49 1471
33 50 1519
33 51 288
33 52 1519
33 53 1567
33 54 336
33 55 1567
33 56 1615
33 57 384
33 58 1615
33 59 1663
33 60 432
33 61 1663
33 62 1711
33 63 480
33 64 1711
33 65 1759
33 66 528
33 67 1759
33 68 1807
33 69 576
33 70 1807
33 71 1855
33 72 624
33 73 1855
33 74 1903
33 75 672
33 76 1903
33 77 1951
33 78 720
33 79 1951
33 80 1447
34 0 2678
34 1 1823
34 2 1001
34 3 2989
34 4 1957
34 5 2871
34 6 2962
34 7 2539
34 8 2495
34 9 2806
34 10 2522
34 11 1749
34 12 2456
34 13 1000
34 14 1073
34 15 2352
34 16 514
34 17 2391
34 18 1901
34 19 1160
34 20 2500
34 21 3145
34 22 1413
34 23 1696
34 24 2435
34 25 2858
34 26 2558
34 27 1327
34 28 96
34 29 2510
34 30 1279
34 31 48
34 32 2462
34 33 1231
34 34 0
34 35 2510
34 36 1279
34 37 48
34 38 2558
34 39 1327
34 40 96
34 41 2606
34 42 1375
34 43 144
34 44 2654
34 45 1423
34 46 192
34 47 2702
34 48 1471
34 49 240
34 50 2750
34 51 1519
34 52 288
34 53 2798
34 54 1567
34 55 336
34 56 2846
34 57 1615
34 58 384
34 59 2894
34 60 1663
34 61 432
34 62 2942
34 63 1711
34 64 480
34 65 2990
34 66 1759
34 67 528
34 68 3038
34 69 1807
34 70 576
34 71 3086
34 72 1855
34 73 624
34 74 3134
34 75 1903
34 76 672
34 77 3182
34 78 1951
34 79 720
34 80 2678
35 0 264
35 1 2031
35 2 1989
35 3 865
35 4 553
35 5 695
35 6 604
35 7 259
35 8 207
35 9 760
35 10 372
35 11 2009
35 12 150
35 13 1702
35 14 1533
35 15 1502
35 16 2092
35 17 215
35 18 1953
35 19 1542
35 20 298
35 21 709
35 22 1673
35 23 1774
35 24 363
35 25 708
35 26 144
35 27 1375
35 28 2606
35 29 96
35 30 1327
35 31 2558
35 32 48
35 33 1279
35 34 2510
35 35 0
35 36 1231
35 37 2462
35 38 48
35 39 1279
35 40 2510
35 41 96
35 42 1327
35 43 2558
35 44 144
35 45 1375
35 46 2606
35 47 192
35 48 1423
35 49 2654
35 50 240
35 51 1471
35 52 2702
35 53 288
35 54 1519
35 55 2750
35 56 336
35 57 1567
35 58 2798
35 59 384
35 60 1615
35 61 2846
35 62 432
35 63 1663
35 64 2894
35 65 480
35 66 1711
35 67 2942
35 68 528
35 69 1759
35 70 2990
35 71 576
35 72 1807
35 73 3038
35 74 624
35 75 1855
35 76 3086
35 77 672
35 78 1903
35 79 3134
35 80 264
36 0 1495
36 1 800
36 2 758
36 3 1710
36 4 774
36 5 1592
36 6 1683
36 7 1260
36 8 1312
36 9 1527
36 10 1243
36 11 778
36 12 1177
36 13 471
36 14 302
36 15 1073
36 16 861
36 17 1112
36 18 722
36 19 311
36 20 1221
36 21 1866
36 22 442
36 23 543
36 24 1156
36 25 1579
36 26 1375
36 27 144
36 28 1375
36 29 1327
36 30 96
36 31 1327
36 32 1279
36 33 48
36 34 1279
36 35 1231
36 36 0
36 37 1231
36 38 1279
36 39 48
36 40 1279
36 41 1327
36 42 96
36 43 1327
36 44 1375
36 45 144
36 46 1375
36 47 1423
36 48 192
36 49 1423
36 50 1471
36 51 240
36 52 1471
36 53 1519
36 54 288
36 55 1519
36 56 1567
36 57 336
36 58 1567
36 59 1615
36 60 384
36 61 1615
36 62 1663
36 63 432
36 64 1663
36 65 1711
36 66 480
36 67 1711
36 68 1759
36 69 528
36 70 1759
36 71 1807
36 72 576
36 73 1807
36 74 1855
36 75 624
36 76 1855
36 77 1903
36 78 672
36 79 1903
36 80 1495
37 0 2726
37 1 1775
37 2 953
37 3 2941
37 4 2005
37 5 2823
37 6 2914
37 7 2491
37 8 2543
37 9 2758
37 10 2474
37 11 1701
37 12 2408
37 13 952
37 14 1121
37 15 2304
37 16 562
37 17 2343
37 18 1853
37 19 1208
37 20 2452
37 21 3097
37 22 1365
37 23 1648
37 24 2387
37 25 2810
37 26 2606
37 27 1375
37 28 144
37 29 2558
37 30 1327
37 31 96
37 32 2510
37 33 1279
37 34 48
37 35 2462
37 36 1231
37 37 0
37 38 2510
37 39 1279
37 40 48
37 41 2558
37 42 1327
37 43 96
37 44 2606
37 45 1375
37 46 144
37 47 2654
37 48 1423
37 49 192
37 50 2702
37 51 1471
37 52 240
37 53 2750
37 54 1519
37 55 288
37 56 2798
37 57 1567
37 58 336
37 59 2846
37 60 1615
37 61 384
37 62 2894
37 63 1663
37 64 432
37 65 2942
37 66 1711
37 67 480
37 68 2990
37 69 1759
37 70 528
37 71 3038
37 72 1807
37 73 576
37 74 3086
37 75 1855
37 76 624
37 77 3134
37 78 1903
37 79 672
37 80 2726
38 0 312
38 1 1983
38 2 1941
38 3 817
38 4 601
38 5 647
38 6 556
38 7 211
38 8 255
38 9 712
38 10 324
38 11 1961
38 12 102
38 13 1654
38 14 1581
38 15 1454
38 16 2140
38 17 167
38 18 1905
38 19 1590
38 20 250
38 21 661
38 22 1625
38 23 1726
38 24 315
38 25 660
38 26 192
38 27 1423
38 28 2654
38 29 144
38 30 1375
38 31 2606
38 32 96
38 33 1327
38 34 2558
38 35 48
38 36 1279
38 37 2510
38 38 0
38 39 1231
38 40 2462
38 41 48
38 42 1279
38 43 2510
38 44 96
38 45 1327
38 46 2558
38 47 144
38 48 1375
38 49 2606
38 50 192
38 51 1423
38 52 2654
38 53 240
38 54 1471
38 55 2702
38 56 288
38 57 1519
38 58 2750
38 59 336
38 60 1567
38 61 2798
38 62 384
38 63 1615
38 64 2846
38 65 432
38 66 1663
38 67 2894
38 68 480
38 69 1711
38 70 2942
38 71 528
38 72 1759
38 73 2990
38 74 576
38 75 1807
38 76 3038
38 77 624
38 78 1855
38 79 3086
38 80 312
39 0 1543
39 1 752
39 2 710
39 3 1662
39 4 822
39 5 1544
39 6 1635
39 7 1212
39 8 1360
39 9 1479
39 10 1195
39 11 730
39 12 1129
39 13 423
39 14 350
39 15 1025
39 16 909
39 17 1064
39 18 674
39 19 359
39 20 1173
39 21 1818
39 22 394
39 23 495
39 24 1108
39 25 1531
39 26 1423
39 27 192
39 28 1423
39 29 1375
39 30 144
39 31 1375
39 32 1327
39 33 96
39 34 1327
39 35 1279
39 36 48
39 37 1279
39 38 1231
39 39 0
39 40 1231
39 41 1279
39 42 48
39 43 1279
39 44 1327
39 45 96
39 46 1327
39 47 1375
39 48 144
39 49 1375
39 50 1423
39 51 192
39 52 1423
39 53 1471
39 54 240
39 55 1471
39 56 1519
39 57 288
39 58 1519
39 59 1567
39 60 336
39 61 1567
39 62 1615
39 63 384
39 64 1615
39 65 1663
39 66 432
39 67 1663
39 68 1711
39 69 480
39 70 1711
39 71 1759
39 72 528
39 73 1759
39 74 1807
39 75 576
39 76 1807
39 77 1855
39 78 624
39 79 1855
39 80 1543
40 0 2774
40 1 1727
40 2 905
40 3 2893
40 4 2053
40 5 2775
40 6 2866
40 7 2443
40 8 2591
40 9 2710
40 10 2426
40 11 1653
40 12 2360
40 13 904
40 14 1169
40 15 2256
40 16 610
40 17 2295
40 18 1805
40 19 1256
40 20 2404
40 21 3049
40 22 1317
40 23 1600
40 24 2339
40 25 2762
40 26 2654
40 27 1423
40 28 192
40 29 2606
40 30 1375
40 31 144
40 32 2558
40 33 1327
40 34 96
40 35 2510
40 36 1279
40 37 48
40 38 2462
40 39 1231
40 40 0
40 41 2510
40 42 1279
40 43 48
40 44 2558
40 45 1327
40 46 96
40 47 2606
40 48 1375
40 49 144
40 50 2654
40 51 1423
40 52 192
40 53 2702
40 54 1471
40 55 240
40 56 2750
40 57 1519
40 58 288
40 59 2798
40 60 1567
40 61 336
40 62 2846
40 63 1615
40 64 384
40 65 2894
40 66 1663
40 67 432
40 68 2942
40 69 1711
40 70 480
40 71 2990
40 72 1759
40 73 528
40 74 3038
40 75 1807
40 76 576
40 77 3086
40 78 1855
40 79 624
40 80 2774
41 0 360
41 1 1935
41 2 1893
41 3 769
41 4 649
41 5 599
41 6 508
41 7 163
41 8 303
41 9 664
41 10 276
41 11 1913
41 12 150
41 13 1606
41 14 1629
41 15 1406
41 16 2188
41 17 215
41 18 1857
41 19 1638
41 20 202
41 21 613
41 22 1577
41 23 1678
41 24 267
41 25 612
41 26 240
41 27 1471
41 28 2702
41 29 192
41 30 1423
41 31 2654
41 32 144
41 33 1375
41 34 2606
41 35 96
41 36 1327
41 37 2558
41 38 48
41 39 1279
41 40 2510
41 41 0
41 42 1231
41 43 2462
41 44 48
41 45 1279
41 46 2510
41 47 96
41 48 1327
41 49 2558
41 50 144
41 51 1375
41 52 2606
41 53 192
41 54 1423
41 55 2654
41 56 240
41 57 1471
41 58 2702
41 59 288
41 60 1519
41 61 2750
41 62 336
41 63 1567
41 64 2798
41 65 384
41 66 1615
41 67 2846
41 68 432
41 69 1663
41 70 2894
41 71 480
41 72 1711
41 73 2942
41 74 528
41 75 1759
41 76 2990
41 77 576
41 78 1807
41 79 3038
41 80 360
42 0 1591
42 1 704
42 2 662
42 3 1614
42 4 870
42 5 1496
42 6 1587
42 7 1164
42 8 1408
42 9 1431
42 10 1147
42 11 682
42 12 1177
42 13 375
42 14 398
42 15 977
42 16 957
42 17 1112
42 18 626
42 19 407
42 20 1125
42 21 1770
42 22 346
42 23 447
42 24 1060
42 25 1483
42 26 1471
42 27 240
42 28 1471
42 29 1423
42 30 192
42 31 1423
42 32 1375
42 33 144
42 34 1375
42 35 1327
42 36 96
42 37 1327
42 38 1279
42 39 48
42 40 1279
42 41 1231
42 42 0
42 43 1231
42 44 1279
42 45 48
42 46 1279
42 47 1327
42 48 96
42 49 1327
42 50 1375
42 51 144
42 52 1375
42 53 1423
42 54 192
42 55 1423
42 56 1471
42 57 240
42 58 1471
42 59 1519
42 60 288
42 61 1519
42 62 1567
42 63 336
42 64 1567
42 65 1615
42 66 384
42 67 1615
42 68 1663
42 69 432
42 70 1663
42 71 1711
42 72 480
42 73 1711
42 74 1759
42 75 528
42 76 1759
42 77 1807
42 78 576
42 79 1807
42 80 1591
43 0 2822
43 1 1679
43 2 857
43 3 2845
43 4 2101
43 5 2727
43 6 2818
43 7 2395
43 8 2639
43 9 2662
43 10 2378
43 11 1605
43 12 2408
43 13 856
43 14 1217
43 15 2208
43 16 658
43 17 2343
43 18 1757
43 19 1304
43 20 2356
43 21 3001
43 22 1269
43 23 1552
43 24 2291
43 25 2714
43 26 2702
43 27 1471
43 28 240
43 29 2654
43 30 1423
43 31 192
43 32 2606
43 33 1375
43 34 144
43 35 2558
43 36 1327
43 37 96
43 38 2510
43 39 1279
43 40 48
43 41 2462
43 42 1231
43 43 0
43 44 2510
43 45 1279
43 46 48
43 47 2558
43 48 1327
43 49 96
43 50 2606
43 51 1375
43 52 144
43 53 2654
43 54 1423
43 55 192
43 56 2702
43 57 1471
43 58 240
43 59 2750
43 60 1519
43 61 288
43 62 2798
43 63 1567
43 64 336
43 65 2846
43 66 1615
43 67 384
43 68 2894
43 69 1663
43 70 432
43 71 2942
43 72 1711
43 73 480
43 74 2990
43 75 1759
43 76 528
43 77 3038
43 78 1807
43 79 576
43 80 2822
44 0 408
44 1 1887
44 2 1845
44 3 721
44 4 697
44 5 551
44 6 460
44 7 115
44 8 351
44 9 616
44 10 228
44 11 1865
44 12 198
44 13 1654
44 14 1677
44 15 1358
44 16 2236
44 17 263
44 18 1809
44 19 1686
44 20 154
44 21 565
44 22 1529
44 23 1630
44 24 219
44 25 564
44 26 288
44 27 1519
44 28 2750
44 29 240
44 30 1471
44 31 2702
44 32 192
44 33 1423
44 34 2654
44 35 144
44 36 1375
44 37 2606
44 38 96
44 39 1327
44 40 2558
