//alpha
1
//NbLocations
64
//NbProducts
27
//NbPickers
2
//CapaPicker
12
//TimeToTravelOneDistanceUnit
3
//SetupTime
5400
//PickTime
300
//Products
//Idx Location Size
1 1 1
2 2 1
3 3 1
4 4 1
5 5 1
6 6 1
7 7 1
8 8 1
9 9 1
10 10 1
11 11 1
12 12 1
13 13 1
14 14 1
15 15 1
16 16 1
17 17 1
18 18 1
19 19 1
20 20 1
21 21 1
22 22 1
23 23 1
24 24 1
25 25 1
26 26 1
27 27 1
//Orders
//NbOrders
6
//Idx DueDate TardinessPenalty NbProdInOrder ProdIdx1 Qty1 ProdIdx2 Qty2 ...
1 108000 0 5 1 1 2 1 3 1 4 1 5 1
2 108000 0 1 6 1
3 126000 0 8 7 1 8 1 9 1 10 1 11 1 12 1 13 1 14 1
4 108000 0 6 15 1 16 1 17 1 18 1 19 1 20 1
5 144000 0 2 21 1 22 1
6 90000 0 5 23 1 24 1 25 1 26 1 27 1
//Graph (Products are vertices indexed from 1 to NbProducts)
//NbVerticesIntersections
36
//DepartingDepot
0
//ArrivalDepot
64
//Arcs
//Start End Distance
0 28 120
1 29 115
1 30 726
2 22 26
2 56 115
3 46 37
3 47 804
4 41 674
4 42 167
5 13 52
5 44 700
6 18 0
6 37 128
7 17 247
7 53 427
8 32 89
8 33 752
9 28 115
9 29 726
10 49 141
10 50 700
11 44 76
11 45 765
12 18 26
12 38 687
13 5 52
13 23 13
14 34 232
14 35 609
15 16 208
15 51 596
16 15 208
16 50 37
17 7 247
17 52 167
18 6 0
18 12 26
19 20 91
19 62 63
20 19 91
20 21 247
21 20 247
21 63 440
22 2 26
22 26 13
23 13 13
23 43 76
24 58 115
24 59 726
25 55 336
25 56 505
26 22 13
26 57 687
27 35 297
27 36 544
28 9 115
28 31 48
28 64 120
29 1 115
29 9 726
29 32 48
30 1 726
30 33 48
31 28 48
31 32 841
31 34 48
32 8 89
32 29 48
32 31 841
32 35 48
33 8 752
33 30 48
33 36 48
34 14 232
34 31 48
34 37 48
35 14 609
35 27 297
35 32 48
35 38 48
36 27 544
36 33 48
36 39 48
37 6 128
37 34 48
37 40 48
38 12 687
38 35 48
38 39 841
38 41 48
39 36 48
39 38 841
39 42 48
40 37 48
40 41 841
40 43 48
41 4 674
41 38 48
41 40 841
41 44 48
42 4 167
42 39 48
42 45 48
43 23 76
43 40 48
43 46 48
44 5 700
44 11 76
44 41 48
44 47 48
45 11 765
45 42 48
45 48 48
46 3 37
46 43 48
46 49 48
47 3 804
47 44 48
47 48 841
47 50 48
48 45 48
48 47 841
48 51 48
49 10 141
49 46 48
49 52 48
50 10 700
50 16 37
50 47 48
50 53 48
51 15 596
51 48 48
51 54 48
52 17 167
52 49 48
52 55 48
53 7 427
53 50 48
53 54 841
53 56 48
54 51 48
54 53 841
54 57 48
55 25 336
55 52 48
55 58 48
56 2 115
56 25 505
56 53 48
56 59 48
57 26 687
57 54 48
57 60 48
58 24 115
58 55 48
58 61 48
59 24 726
59 56 48
59 60 841
59 62 48
60 57 48
60 59 841
60 63 48
61 58 48
61 62 841
62 19 63
62 59 48
62 61 841
63 21 440
63 60 48
//LocStart LocEnd ShortestPath
0 0 0
0 1 1076
0 2 1508
0 3 445
0 4 1827
0 5 501
0 6 392
0 7 918
0 8 1098
0 9 235
0 10 597
0 11 1277
0 12 418
0 13 449
0 14 448
0 15 1542
0 16 1334
0 17 671
0 18 392
0 19 1552
0 20 1643
0 21 1890
0 22 1534
0 23 436
0 24 715
0 25 888
0 26 1547
0 27 1354
0 28 120
0 29 961
0 30 1802
0 31 168
0 32 1009
0 33 1850
0 34 216
0 35 1057
0 36 1898
0 37 264
0 38 1105
0 39 1946
0 40 312
0 41 1153
0 42 1994
0 43 360
0 44 1201
0 45 2042
0 46 408
0 47 1249
0 48 2090
0 49 456
0 50 1297
0 51 2138
0 52 504
0 53 1345
0 54 2186
0 55 552
0 56 1393
0 57 2234
0 58 600
0 59 1441
0 60 2282
0 61 648
0 62 1489
0 63 2330
0 64 0
1 0 1076
1 1 0
1 2 662
1 3 1207
1 4 981
1 5 1055
1 6 972
1 7 926
1 8 252
1 9 841
1 10 1151
1 11 431
1 12 946
1 13 1107
1 14 820
1 15 696
1 16 488
1 17 1173
1 18 972
1 19 706
1 20 797
1 21 1044
1 22 688
1 23 1120
1 24 1321
1 25 1052
1 26 701
1 27 508
1 28 956
1 29 115
1 30 726
1 31 1004
1 32 163
1 33 774
1 34 1052
1 35 211
1 36 822
1 37 1100
1 38 259
1 39 870
1 40 1148
1 41 307
1 42 918
1 43 1196
1 44 355
1 45 966
1 46 1244
1 47 403
1 48 1014
1 49 1292
1 50 451
1 51 1062
1 52 1340
1 53 499
1 54 1110
1 55 1388
1 56 547
1 57 1158
1 58 1436
1 59 595
1 60 1206
1 61 1484
1 62 643
1 63 1254
1 64 1076
2 0 1508
2 1 662
2 2 0
2 3 1063
2 4 1029
2 5 1007
2 6 1116
2 7 590
2 8 588
2 9 1273
2 10 911
2 11 383
2 12 1090
2 13 1059
2 14 1060
2 15 456
2 16 248
2 17 837
2 18 1116
2 19 274
2 20 365
2 21 612
2 22 26
2 23 1072
2 24 889
2 25 620
2 26 39
2 27 748
2 28 1388
2 29 547
2 30 1158
2 31 1340
2 32 499
2 33 1110
2 34 1292
2 35 451
2 36 1062
2 37 1244
2 38 403
2 39 1014
2 40 1196
2 41 355
2 42 966
2 43 1148
2 44 307
2 45 918
2 46 1100
2 47 259
2 48 870
2 49 1052
2 50 211
2 51 822
2 52 1004
2 53 163
2 54 774
2 55 956
2 56 115
2 57 726
2 58 1004
2 59 163
2 60 774
2 61 1052
2 62 211
2 63 822
2 64 1508
3 0 445
3 1 1207
3 2 1063
3 3 0
3 4 1574
3 5 226
3 6 309
3 7 547
3 8 1133
3 9 440
3 10 226
3 11 928
3 12 335
3 13 174
3 14 461
3 15 1097
3 16 889
3 17 300
3 18 309
3 19 1107
3 20 1198
3 21 1445
3 22 1089
3 23 161
3 24 344
3 25 517
3 26 1102
3 27 1293
3 28 325
3 29 1092
3 30 1933
3 31 277
3 32 1044
3 33 1885
3 34 229
3 35 996
3 36 1837
3 37 181
3 38 948
3 39 1789
3 40 133
3 41 900
3 42 1741
3 43 85
3 44 852
3 45 1693
3 46 37
3 47 804
3 48 1645
3 49 85
3 50 852
3 51 1693
3 52 133
3 53 900
3 54 1741
3 55 181
3 56 948
3 57 1789
3 58 229
3 59 996
3 60 1837
3 61 277
3 62 1044
3 63 1885
3 64 445
4 0 1827
4 1 981
4 2 1029
4 3 1574
4 4 0
4 5 1422
4 6 1435
4 7 1293
4 8 907
4 9 1592
4 10 1518
4 11 798
4 12 1409
4 13 1474
4 14 1379
4 15 907
4 16 855
4 17 1540
4 18 1435
4 19 1073
4 20 1164
4 21 943
4 22 1055
4 23 1487
4 24 1688
4 25 1419
4 26 1068
4 27 807
4 28 1707
4 29 866
4 30 359
4 31 1659
4 32 818
4 33 311
4 34 1611
4 35 770
4 36 263
4 37 1563
4 38 722
4 39 215
4 40 1515
4 41 674
4 42 167
4 43 1563
4 44 722
4 45 215
4 46 1611
4 47 770
4 48 263
4 49 1659
4 50 818
4 51 311
4 52 1707
4 53 866
4 54 359
4 55 1755
4 56 914
4 57 407
4 58 1803
4 59 962
4 60 455
4 61 1851
4 62 1010
4 63 503
4 64 1827
5 0 501
5 1 1055
5 2 1007
5 3 226
5 4 1422
5 5 0
5 6 365
5 7 699
5 8 981
5 9 496
5 10 378
5 11 776
5 12 391
5 13 52
5 14 517
5 15 1041
5 16 833
5 17 452
5 18 365
5 19 1051
5 20 1142
5 21 1389
5 22 1033
5 23 65
5 24 496
5 25 669
5 26 1046
5 27 1141
5 28 381
5 29 940
5 30 1781
5 31 333
5 32 892
5 33 1733
5 34 285
5 35 844
5 36 1685
5 37 237
5 38 796
5 39 1637
5 40 189
5 41 748
5 42 1589
5 43 141
5 44 700
5 45 1541
5 46 189
5 47 748
5 48 1589
5 49 237
5 50 796
5 51 1637
5 52 285
5 53 844
5 54 1685
5 55 333
5 56 892
5 57 1733
5 58 381
5 59 940
5 60 1781
5 61 429
5 62 988
5 63 1829
5 64 501
6 0 392
6 1 972
6 2 1116
6 3 309
6 4 1435
6 5 365
6 6 0
6 7 782
6 8 898
6 9 387
6 10 461
6 11 885
6 12 26
6 13 313
6 14 408
6 15 1150
6 16 942
6 17 535
6 18 0
6 19 1160
6 20 1251
6 21 1498
6 22 1142
6 23 300
6 24 579
6 25 752
6 26 1155
6 27 1058
6 28 272
6 29 857
6 30 1698
6 31 224
6 32 809
6 33 1650
6 34 176
6 35 761
6 36 1602
6 37 128
6 38 713
6 39 1554
6 40 176
6 41 761
6 42 1602
6 43 224
6 44 809
6 45 1650
6 46 272
6 47 857
6 48 1698
6 49 320
6 50 905
6 51 1746
6 52 368
6 53 953
6 54 1794
6 55 416
6 56 1001
6 57 1842
6 58 464
6 59 1049
6 60 1890
6 61 512
6 62 1097
6 63 1938
6 64 392
7 0 918
7 1 926
7 2 590
7 3 547
7 4 1293
7 5 699
7 6 782
7 7 0
7 8 852
7 9 913
7 10 603
7 11 647
7 12 808
7 13 647
7 14 934
7 15 720
7 16 512
7 17 247
7 18 782
7 19 634
7 20 725
7 21 972
7 22 616
7 23 634
7 24 625
7 25 798
7 26 629
7 27 1012
7 28 798
7 29 811
7 30 1652
7 31 750
7 32 763
7 33 1604
7 34 702
7 35 715
7 36 1556
7 37 654
7 38 667
7 39 1508
7 40 606
7 41 619
7 42 1460
7 43 558
7 44 571
7 45 1412
7 46 510
7 47 523
7 48 1364
7 49 462
7 50 475
7 51 1316
7 52 414
7 53 427
7 54 1268
7 55 462
7 56 475
7 57 1316
7 58 510
7 59 523
7 60 1364
7 61 558
7 62 571
7 63 1412
7 64 918
8 0 1098
8 1 252
8 2 588
8 3 1133
8 4 907
8 5 981
8 6 898
8 7 852
8 8 0
8 9 863
8 10 1077
8 11 357
8 12 872
8 13 1033
8 14 746
8 15 622
8 16 414
8 17 1099
8 18 898
8 19 632
8 20 723
8 21 970
8 22 614
8 23 1046
8 24 1247
8 25 978
8 26 627
8 27 434
8 28 978
8 29 137
8 30 800
8 31 930
8 32 89
8 33 752
8 34 978
8 35 137
8 36 800
8 37 1026
8 38 185
8 39 848
8 40 1074
8 41 233
8 42 896
8 43 1122
8 44 281
8 45 944
8 46 1170
8 47 329
8 48 992
8 49 1218
8 50 377
8 51 1040
8 52 1266
8 53 425
8 54 1088
8 55 1314
8 56 473
8 57 1136
8 58 1362
8 59 521
8 60 1184
8 61 1410
8 62 569
8 63 1232
8 64 1098
9 0 235
9 1 841
9 2 1273
9 3 440
9 4 1592
9 5 496
9 6 387
9 7 913
9 8 863
9 9 0
9 10 592
9 11 1042
9 12 413
9 13 444
9 14 443
9 15 1307
9 16 1099
9 17 666
9 18 387
9 19 1317
9 20 1408
9 21 1655
9 22 1299
9 23 431
9 24 710
9 25 883
9 26 1312
9 27 1119
9 28 115
9 29 726
9 30 1567
9 31 163
9 32 774
9 33 1615
9 34 211
9 35 822
9 36 1663
9 37 259
9 38 870
9 39 1711
9 40 307
9 41 918
9 42 1759
9 43 355
9 44 966
9 45 1807
9 46 403
9 47 1014
9 48 1855
9 49 451
9 50 1062
9 51 1903
9 52 499
9 53 1110
9 54 1951
9 55 547
9 56 1158
9 57 1999
9 58 595
9 59 1206
9 60 2047
9 61 643
9 62 1254
9 63 2095
9 64 235
10 0 597
10 1 1151
10 2 911
10 3 226
10 4 1518
10 5 378
10 6 461
10 7 603
10 8 1077
10 9 592
10 10 0
10 11 872
10 12 487
10 13 326
10 14 613
10 15 945
10 16 737
10 17 356
10 18 461
10 19 955
10 20 1046
10 21 1293
10 22 937
10 23 313
10 24 400
10 25 573
10 26 950
10 27 1237
10 28 477
10 29 1036
10 30 1877
10 31 429
10 32 988
10 33 1829
10 34 381
10 35 940
10 36 1781
10 37 333
10 38 892
10 39 1733
10 40 285
10 41 844
10 42 1685
10 43 237
10 44 796
10 45 1637
10 46 189
10 47 748
10 48 1589
10 49 141
10 50 700
10 51 1541
10 52 189
10 53 748
10 54 1589
10 55 237
10 56 796
10 57 1637
10 58 285
10 59 844
10 60 1685
10 61 333
10 62 892
10 63 1733
10 64 597
11 0 1277
11 1 431
11 2 383
11 3 928
11 4 798
11 5 776
11 6 885
11 7 647
11 8 357
11 9 1042
11 10 872
11 11 0
11 12 859
11 13 828
11 14 829
11 15 417
11 16 209
11 17 894
11 18 885
11 19 427
11 20 518
11 21 765
11 22 409
11 23 841
11 24 1042
11 25 773
11 26 422
11 27 517
11 28 1157
11 29 316
11 30 1005
11 31 1109
11 32 268
11 33 957
11 34 1061
11 35 220
11 36 909
11 37 1013
11 38 172
11 39 861
11 40 965
11 41 124
11 42 813
11 43 917
11 44 76
11 45 765
11 46 965
11 47 124
11 48 813
11 49 1013
11 50 172
11 51 861
11 52 1061
11 53 220
11 54 909
11 55 1109
11 56 268
11 57 957
11 58 1157
11 59 316
11 60 1005
11 61 1205
11 62 364
11 63 1053
11 64 1277
12 0 418
12 1 946
12 2 1090
12 3 335
12 4 1409
12 5 391
12 6 26
12 7 808
12 8 872
12 9 413
12 10 487
12 11 859
12 12 0
12 13 339
12 14 434
12 15 1124
12 16 916
12 17 561
12 18 26
12 19 1134
12 20 1225
12 21 1472
12 22 1116
12 23 326
12 24 605
12 25 778
12 26 1129
12 27 1032
12 28 298
12 29 831
12 30 1672
12 31 250
12 32 783
12 33 1624
12 34 202
12 35 735
12 36 1576
12 37 154
12 38 687
12 39 1528
12 40 202
12 41 735
12 42 1576
12 43 250
12 44 783
12 45 1624
12 46 298
12 47 831
12 48 1672
12 49 346
12 50 879
12 51 1720
12 52 394
12 53 927
12 54 1768
12 55 442
12 56 975
12 57 1816
12 58 490
12 59 1023
12 60 1864
12 61 538
12 62 1071
12 63 1912
12 64 418
13 0 449
13 1 1107
13 2 1059
13 3 174
13 4 1474
13 5 52
13 6 313
13 7 647
13 8 1033
13 9 444
13 10 326
13 11 828
13 12 339
13 13 0
13 14 465
13 15 1093
13 16 885
13 17 400
13 18 313
13 19 1103
13 20 1194
13 21 1441
13 22 1085
13 23 13
13 24 444
13 25 617
13 26 1098
13 27 1193
13 28 329
13 29 992
13 30 1833
13 31 281
13 32 944
13 33 1785
13 34 233
13 35 896
13 36 1737
13 37 185
13 38 848
13 39 1689
13 40 137
13 41 800
13 42 1641
13 43 89
13 44 752
13 45 1593
13 46 137
13 47 800
13 48 1641
13 49 185
13 50 848
13 51 1689
13 52 233
13 53 896
13 54 1737
13 55 281
13 56 944
13 57 1785
13 58 329
13 59 992
13 60 1833
13 61 377
13 62 1040
13 63 1881
13 64 449
14 0 448
14 1 820
14 2 1060
14 3 461
14 4 1379
14 5 517
14 6 408
14 7 934
14 8 746
14 9 443
14 10 613
14 11 829
14 12 434
14 13 465
14 14 0
14 15 1094
14 16 886
14 17 687
14 18 408
14 19 1104
14 20 1195
14 21 1442
14 22 1086
14 23 452
14 24 731
14 25 904
14 26 1099
14 27 906
14 28 328
14 29 705
14 30 1546
14 31 280
14 32 657
14 33 1498
14 34 232
14 35 609
14 36 1450
14 37 280
14 38 657
14 39 1498
14 40 328
14 41 705
14 42 1546
14 43 376
14 44 753
14 45 1594
14 46 424
14 47 801
14 48 1642
14 49 472
14 50 849
14 51 1690
14 52 520
14 53 897
14 54 1738
14 55 568
14 56 945
14 57 1786
14 58 616
14 59 993
14 60 1834
14 61 664
14 62 1041
14 63 1882
14 64 448
15 0 1542
15 1 696
15 2 456
15 3 1097
15 4 907
15 5 1041
15 6 1150
15 7 720
15 8 622
15 9 1307
15 10 945
15 11 417
15 12 1124
15 13 1093
15 14 1094
15 15 0
15 16 208
15 17 967
15 18 1150
15 19 500
15 20 591
15 21 838
15 22 482
15 23 1106
15 24 1115
15 25 846
15 26 495
15 27 782
15 28 1422
15 29 581
15 30 932
15 31 1374
15 32 533
15 33 884
15 34 1326
15 35 485
15 36 836
15 37 1278
15 38 437
15 39 788
15 40 1230
15 41 389
15 42 740
15 43 1182
15 44 341
15 45 692
15 46 1134
15 47 293
15 48 644
15 49 1086
15 50 245
15 51 596
15 52 1134
15 53 293
15 54 644
15 55 1182
15 56 341
15 57 692
15 58 1230
15 59 389
15 60 740
15 61 1278
15 62 437
15 63 788
15 64 1542
16 0 1334
16 1 488
16 2 248
16 3 889
16 4 855
16 5 833
16 6 942
16 7 512
16 8 414
16 9 1099
16 10 737
16 11 209
16 12 916
16 13 885
16 14 886
16 15 208
16 16 0
16 17 759
16 18 942
16 19 292
16 20 383
16 21 630
16 22 274
16 23 898
16 24 907
16 25 638
16 26 287
16 27 574
16 28 1214
16 29 373
16 30 1140
16 31 1166
16 32 325
16 33 1092
16 34 1118
16 35 277
16 36 1044
16 37 1070
16 38 229
16 39 996
16 40 1022
16 41 181
16 42 948
16 43 974
16 44 133
16 45 900
16 46 926
16 47 85
16 48 852
16 49 878
16 50 37
16 51 804
16 52 926
16 53 85
16 54 852
16 55 974
16 56 133
16 57 900
16 58 1022
16 59 181
16 60 948
16 61 1070
16 62 229
16 63 996
16 64 1334
17 0 671
17 1 1173
17 2 837
17 3 300
17 4 1540
17 5 452
17 6 535
17 7 247
17 8 1099
17 9 666
17 10 356
17 11 894
17 12 561
17 13 400
17 14 687
17 15 967
17 16 759
17 17 0
17 18 535
17 19 881
17 20 972
17 21 1219
17 22 863
17 23 387
17 24 378
17 25 551
17 26 876
17 27 1259
17 28 551
17 29 1058
17 30 1899
17 31 503
17 32 1010
17 33 1851
17 34 455
17 35 962
17 36 1803
17 37 407
17 38 914
17 39 1755
17 40 359
17 41 866
17 42 1707
17 43 311
17 44 818
17 45 1659
17 46 263
17 47 770
17 48 1611
17 49 215
17 50 722
17 51 1563
17 52 167
17 53 674
17 54 1515
17 55 215
17 56 722
17 57 1563
17 58 263
17 59 770
17 60 1611
17 61 311
17 62 818
17 63 1659
17 64 671
18 0 392
18 1 972
18 2 1116
18 3 309
18 4 1435
18 5 365
18 6 0
18 7 782
18 8 898
18 9 387
18 10 461
18 11 885
18 12 26
18 13 313
18 14 408
18 15 1150
18 16 942
18 17 535
18 18 0
18 19 1160
18 20 1251
18 21 1498
18 22 1142
18 23 300
18 24 579
18 25 752
18 26 1155
18 27 1058
18 28 272
18 29 857
18 30 1698
18 31 224
18 32 809
18 33 1650
18 34 176
18 35 761
18 36 1602
18 37 128
18 38 713
18 39 1554
18 40 176
18 41 761
18 42 1602
18 43 224
18 44 809
18 45 1650
18 46 272
18 47 857
18 48 1698
18 49 320
18 50 905
18 51 1746
18 52 368
18 53 953
18 54 1794
18 55 416
18 56 1001
18 57 1842
18 58 464
18 59 1049
18 60 1890
18 61 512
18 62 1097
18 63 1938
18 64 392
19 0 1552
19 1 706
19 2 274
19 3 1107
19 4 1073
19 5 1051
19 6 1160
19 7 634
19 8 632
19 9 1317
19 10 955
19 11 427
19 12 1134
19 13 1103
19 14 1104
19 15 500
19 16 292
19 17 881
19 18 1160
19 19 0
19 20 91
19 21 338
19 22 300
19 23 1116
19 24 837
19 25 664
19 26 313
19 27 792
19 28 1432
19 29 591
19 30 1306
19 31 1384
19 32 543
19 33 1258
19 34 1336
19 35 495
19 36 1210
19 37 1288
19 38 447
19 39 1162
19 40 1240
19 41 399
19 42 1114
19 43 1192
19 44 351
19 45 1066
19 46 1144
19 47 303
19 48 1018
19 49 1096
19 50 255
19 51 970
19 52 1048
19 53 207
19 54 922
19 55 1000
19 56 159
19 57 874
19 58 952
19 59 111
19 60 826
19 61 904
19 62 63
19 63 778
19 64 1552
20 0 1643
20 1 797
20 2 365
20 3 1198
20 4 1164
20 5 1142
20 6 1251
20 7 725
20 8 723
20 9 1408
20 10 1046
20 11 518
20 12 1225
20 13 1194
20 14 1195
20 15 591
20 16 383
20 17 972
20 18 1251
20 19 91
20 20 0
20 21 247
20 22 391
20 23 1207
20 24 928
20 25 755
20 26 404
20 27 883
20 28 1523
20 29 682
20 30 1215
20 31 1475
20 32 634
20 33 1167
20 34 1427
20 35 586
20 36 1119
20 37 1379
20 38 538
20 39 1071
20 40 1331
20 41 490
20 42 1023
20 43 1283
20 44 442
20 45 975
20 46 1235
20 47 394
20 48 927
20 49 1187
20 50 346
20 51 879
20 52 1139
20 53 298
20 54 831
20 55 1091
20 56 250
20 57 783
20 58 1043
20 59 202
20 60 735
20 61 995
20 62 154
20 63 687
20 64 1643
21 0 1890
21 1 1044
21 2 612
21 3 1445
21 4 943
21 5 1389
21 6 1498
21 7 972
21 8 970
21 9 1655
21 10 1293
21 11 765
21 12 1472
21 13 1441
21 14 1442
21 15 838
21 16 630
21 17 1219
21 18 1498
21 19 338
21 20 247
21 21 0
21 22 638
21 23 1454
21 24 1175
21 25 1002
21 26 651
21 27 1130
21 28 1770
21 29 929
21 30 968
21 31 1722
21 32 881
21 33 920
21 34 1674
21 35 833
21 36 872
21 37 1626
21 38 785
21 39 824
21 40 1578
21 41 737
21 42 776
21 43 1530
21 44 689
21 45 728
21 46 1482
21 47 641
21 48 680
21 49 1434
21 50 593
21 51 632
21 52 1386
21 53 545
21 54 584
21 55 1338
21 56 497
21 57 536
21 58 1290
21 59 449
21 60 488
21 61 1242
21 62 401
21 63 440
21 64 1890
22 0 1534
22 1 688
22 2 26
22 3 1089
22 4 1055
22 5 1033
22 6 1142
22 7 616
22 8 614
22 9 1299
22 10 937
22 11 409
22 12 1116
22 13 1085
22 14 1086
22 15 482
22 16 274
22 17 863
22 18 1142
22 19 300
22 20 391
22 21 638
22 22 0
22 23 1098
22 24 915
22 25 646
22 26 13
22 27 774
22 28 1414
22 29 573
22 30 1132
22 31 1366
22 32 525
22 33 1084
22 34 1318
22 35 477
22 36 1036
22 37 1270
22 38 429
22 39 988
22 40 1222
22 41 381
22 42 940
22 43 1174
22 44 333
22 45 892
22 46 1126
22 47 285
22 48 844
22 49 1078
22 50 237
22 51 796
22 52 1030
22 53 189
22 54 748
22 55 982
22 56 141
22 57 700
22 58 1030
22 59 189
22 60 748
22 61 1078
22 62 237
22 63 796
22 64 1534
23 0 436
23 1 1120
23 2 1072
23 3 161
23 4 1487
23 5 65
23 6 300
23 7 634
23 8 1046
23 9 431
23 10 313
23 11 841
23 12 326
23 13 13
23 14 452
23 15 1106
23 16 898
23 17 387
23 18 300
23 19 1116
23 20 1207
23 21 1454
23 22 1098
23 23 0
23 24 431
23 25 604
23 26 1111
23 27 1206
23 28 316
23 29 1005
23 30 1846
23 31 268
23 32 957
23 33 1798
23 34 220
23 35 909
23 36 1750
23 37 172
23 38 861
23 39 1702
23 40 124
23 41 813
23 42 1654
23 43 76
23 44 765
23 45 1606
23 46 124
23 47 813
23 48 1654
23 49 172
23 50 861
23 51 1702
23 52 220
23 53 909
23 54 1750
23 55 268
23 56 957
23 57 1798
23 58 316
23 59 1005
23 60 1846
23 61 364
23 62 1053
23 63 1894
23 64 436
24 0 715
24 1 1321
24 2 889
24 3 344
24 4 1688
24 5 496
24 6 579
24 7 625
24 8 1247
24 9 710
24 10 400
24 11 1042
24 12 605
24 13 444
24 14 731
24 15 1115
24 16 907
24 17 378
24 18 579
24 19 837
24 20 928
24 21 1175
24 22 915
24 23 431
24 24 0
24 25 499
24 26 928
24 27 1407
24 28 595
24 29 1206
24 30 2047
24 31 547
24 32 1158
24 33 1999
24 34 499
24 35 1110
24 36 1951
24 37 451
24 38 1062
24 39 1903
24 40 403
24 41 1014
24 42 1855
24 43 355
24 44 966
24 45 1807
24 46 307
24 47 918
24 48 1759
24 49 259
24 50 870
24 51 1711
24 52 211
24 53 822
24 54 1663
24 55 163
24 56 774
24 57 1615
24 58 115
24 59 726
24 60 1567
24 61 163
24 62 774
24 63 1615
24 64 715
25 0 888
25 1 1052
25 2 620
25 3 517
25 4 1419
25 5 669
25 6 752
25 7 798
25 8 978
25 9 883
25 10 573
25 11 773
25 12 778
25 13 617
25 14 904
25 15 846
25 16 638
25 17 551
25 18 752
25 19 664
25 20 755
25 21 1002
25 22 646
25 23 604
25 24 499
25 25 0
25 26 659
25 27 1138
25 28 768
25 29 937
25 30 1778
25 31 720
25 32 889
25 33 1730
25 34 672
25 35 841
25 36 1682
25 37 624
25 38 793
25 39 1634
25 40 576
25 41 745
25 42 1586
25 43 528
25 44 697
25 45 1538
25 46 480
25 47 649
25 48 1490
25 49 432
25 50 601
25 51 1442
25 52 384
25 53 553
25 54 1394
25 55 336
25 56 505
25 57 1346
25 58 384
25 59 553
25 60 1394
25 61 432
25 62 601
25 63 1442
25 64 888
26 0 1547
26 1 701
26 2 39
26 3 1102
26 4 1068
26 5 1046
26 6 1155
26 7 629
26 8 627
26 9 1312
26 10 950
26 11 422
26 12 1129
26 13 1098
26 14 1099
26 15 495
26 16 287
26 17 876
26 18 1155
26 19 313
26 20 404
26 21 651
26 22 13
26 23 1111
26 24 928
26 25 659
26 26 0
26 27 787
26 28 1427
26 29 586
26 30 1119
26 31 1379
26 32 538
26 33 1071
26 34 1331
26 35 490
26 36 1023
26 37 1283
26 38 442
26 39 975
26 40 1235
26 41 394
26 42 927
26 43 1187
26 44 346
26 45 879
26 46 1139
26 47 298
26 48 831
26 49 1091
26 50 250
26 51 783
26 52 1043
26 53 202
26 54 735
26 55 995
26 56 154
26 57 687
26 58 1043
26 59 202
26 60 735
26 61 1091
26 62 250
26 63 783
26 64 1547
27 0 1354
27 1 508
27 2 748
27 3 1293
27 4 807
27 5 1141
27 6 1058
27 7 1012
27 8 434
27 9 1119
27 10 1237
27 11 517
27 12 1032
27 13 1193
27 14 906
27 15 782
27 16 574
27 17 1259
27 18 1058
27 19 792
27 20 883
27 21 1130
27 22 774
27 23 1206
27 24 1407
27 25 1138
27 26 787
27 27 0
27 28 1234
27 29 393
27 30 640
27 31 1186
27 32 345
27 33 592
27 34 1138
27 35 297
27 36 544
27 37 1186
27 38 345
27 39 592
27 40 1234
27 41 393
27 42 640
27 43 1282
27 44 441
27 45 688
27 46 1330
27 47 489
27 48 736
27 49 1378
27 50 537
27 51 784
27 52 1426
27 53 585
27 54 832
27 55 1474
27 56 633
27 57 880
27 58 1522
27 59 681
27 60 928
27 61 1570
27 62 729
27 63 976
27 64 1354
28 0 120
28 1 956
28 2 1388
28 3 325
28 4 1707
28 5 381
28 6 272
28 7 798
28 8 978
28 9 115
28 10 477
28 11 1157
28 12 298
28 13 329
28 14 328
28 15 1422
28 16 1214
28 17 551
28 18 272
28 19 1432
28 20 1523
28 21 1770
28 22 1414
28 23 316
28 24 595
28 25 768
28 26 1427
28 27 1234
28 28 0
28 29 841
28 30 1682
28 31 48
28 32 889
28 33 1730
28 34 96
28 35 937
28 36 1778
28 37 144
28 38 985
28 39 1826
28 40 192
28 41 1033
28 42 1874
28 43 240
28 44 1081
28 45 1922
28 46 288
28 47 1129
28 48 1970
28 49 336
28 50 1177
28 51 2018
28 52 384
28 53 1225
28 54 2066
28 55 432
28 56 1273
28 57 2114
28 58 480
28 59 1321
28 60 2162
28 61 528
28 62 1369
28 63 2210
28 64 120
29 0 961
29 1 115
29 2 547
29 3 1092
29 4 866
29 5 940
29 6 857
29 7 811
29 8 137
29 9 726
29 10 1036
29 11 316
29 12 831
29 13 992
29 14 705
29 15 581
29 16 373
29 17 1058
29 18 857
29 19 591
29 20 682
29 21 929
29 22 573
29 23 1005
29 24 1206
29 25 937
29 26 586
29 27 393
29 28 841
29 29 0
29 30 841
29 31 889
29 32 48
29 33 889
29 34 937
29 35 96
29 36 937
29 37 985
29 38 144
29 39 985
29 40 1033
29 41 192
29 42 1033
29 43 1081
29 44 240
29 45 1081
29 46 1129
29 47 288
29 48 1129
29 49 1177
29 50 336
29 51 1177
29 52 1225
29 53 384
29 54 1225
29 55 1273
29 56 432
29 57 1273
29 58 1321
29 59 480
29 60 1321
29 61 1369
29 62 528
29 63 1369
29 64 961
30 0 1802
30 1 726
30 2 1158
30 3 1933
30 4 359
30 5 1781
30 6 1698
30 7 1652
30 8 800
30 9 1567
30 10 1877
30 11 1005
30 12 1672
30 13 1833
30 14 1546
30 15 932
30 16 1140
30 17 1899
30 18 1698
30 19 1306
30 20 1215
30 21 968
30 22 1132
30 23 1846
30 24 2047
30 25 1778
30 26 1119
30 27 640
30 28 1682
30 29 841
30 30 0
30 31 1730
30 32 889
30 33 48
30 34 1778
30 35 937
30 36 96
30 37 1826
30 38 985
30 39 144
30 40 1874
30 41 1033
30 42 192
30 43 1922
30 44 1081
30 45 240
30 46 1970
30 47 1129
30 48 288
30 49 2018
30 50 1177
30 51 336
30 52 2066
30 53 1225
30 54 384
30 55 2114
30 56 1273
30 57 432
30 58 2162
30 59 1321
30 60 480
30 61 2210
30 62 1369
30 63 528
30 64 1802
31 0 168
31 1 1004
31 2 1340
31 3 277
31 4 1659
31 5 333
31 6 224
31 7 750
31 8 930
31 9 163
31 10 429
31 11 1109
31 12 250
31 13 281
31 14 280
31 15 1374
31 16 1166
31 17 503
31 18 224
31 19 1384
31 20 1475
31 21 1722
31 22 1366
31 23 268
31 24 547
31 25 720
31 26 1379
31 27 1186
31 28 48
31 29 889
31 30 1730
31 31 0
31 32 841
31 33 1682
31 34 48
31 35 889
31 36 1730
31 37 96
31 38 937
31 39 1778
31 40 144
31 41 985
31 42 1826
31 43 192
31 44 1033
31 45 1874
31 46 240
31 47 1081
31 48 1922
31 49 288
31 50 1129
31 51 1970
31 52 336
31 53 1177
31 54 2018
31 55 384
31 56 1225
31 57 2066
31 58 432
31 59 1273
31 60 2114
31 61 480
31 62 1321
31 63 2162
31 64 168
32 0 1009
32 1 163
32 2 499
32 3 1044
32 4 818
32 5 892
32 6 809
32 7 763
32 8 89
32 9 774
32 10 988
32 11 268
32 12 783
32 13 944
32 14 657
32 15 533
32 16 325
32 17 1010
32 18 809
32 19 543
32 20 634
32 21 881
32 22 525
32 23 957
32 24 1158
32 25 889
32 26 538
32 27 345
32 28 889
32 29 48
32 30 889
32 31 841
32 32 0
32 33 841
32 34 889
32 35 48
32 36 889
32 37 937
32 38 96
32 39 937
32 40 985
32 41 144
32 42 985
32 43 1033
32 44 192
32 45 1033
32 46 1081
32 47 240
32 48 1081
32 49 1129
32 50 288
32 51 1129
32 52 1177
32 53 336
32 54 1177
32 55 1225
32 56 384
32 57 1225
32 58 1273
32 59 432
32 60 1273
32 61 1321
32 62 480
32 63 1321
32 64 1009
33 0 1850
33 1 774
33 2 1110
33 3 1885
33 4 311
33 5 1733
33 6 1650
33 7 1604
33 8 752
33 9 1615
33 10 1829
33 11 957
33 12 1624
33 13 1785
33 14 1498
33 15 884
33 16 1092
33 17 1851
33 18 1650
33 19 1258
33 20 1167
33 21 920
33 22 1084
33 23 1798
33 24 1999
33 25 1730
33 26 1071
33 27 592
33 28 1730
33 29 889
33 30 48
33 31 1682
33 32 841
33 33 0
33 34 1730
33 35 889
33 36 48
33 37 1778
33 38 937
33 39 96
33 40 1826
33 41 985
33 42 144
33 43 1874
33 44 1033
33 45 192
33 46 1922
33 47 1081
33 48 240
33 49 1970
33 50 1129
33 51 288
33 52 2018
33 53 1177
33 54 336
33 55 2066
33 56 1225
33 57 384
33 58 2114
33 59 1273
33 60 432
33 61 2162
33 62 1321
33 63 480
33 64 1850
34 0 216
34 1 1052
34 2 1292
34 3 229
34 4 1611
34 5 285
34 6 176
34 7 702
34 8 978
34 9 211
34 10 381
34 11 1061
34 12 202
34 13 233
34 14 232
34 15 1326
34 16 1118
34 17 455
34 18 176
34 19 1336
34 20 1427
34 21 1674
34 22 1318
34 23 220
34 24 499
34 25 672
34 26 1331
34 27 1138
34 28 96
34 29 937
34 30 1778
34 31 48
34 32 889
34 33 1730
34 34 0
34 35 841
34 36 1682
34 37 48
34 38 889
34 39 1730
34 40 96
34 41 937
34 42 1778
34 43 144
34 44 985
34 45 1826
34 46 192
34 47 1033
34 48 1874
34 49 240
34 50 1081
34 51 1922
34 52 288
34 53 1129
34 54 1970
34 55 336
34 56 1177
34 57 2018
34 58 384
34 59 1225
34 60 2066
34 61 432
34 62 1273
34 63 2114
34 64 216
35 0 1057
35 1 211
35 2 451
35 3 996
35 4 770
35 5 844
35 6 761
35 7 715
35 8 137
35 9 822
35 10 940
35 11 220
35 12 735
35 13 896
35 14 609
35 15 485
35 16 277
35 17 962
35 18 761
35 19 495
35 20 586
35 21 833
35 22 477
35 23 909
35 24 1110
35 25 841
35 26 490
35 27 297
35 28 937
35 29 96
35 30 937
35 31 889
35 32 48
35 33 889
35 34 841
35 35 0
35 36 841
35 37 889
35 38 48
35 39 889
35 40 937
35 41 96
35 42 937
35 43 985
35 44 144
35 45 985
35 46 1033
35 47 192
35 48 1033
35 49 1081
35 50 240
35 51 1081
35 52 1129
35 53 288
35 54 1129
35 55 1177
35 56 336
35 57 1177
35 58 1225
35 59 384
35 60 1225
35 61 1273
35 62 432
35 63 1273
35 64 1057
36 0 1898
36 1 822
36 2 1062
36 3 1837
36 4 263
36 5 1685
36 6 1602
36 7 1556
36 8 800
36 9 1663
36 10 1781
36 11 909
36 12 1576
36 13 1737
36 14 1450
36 15 836
36 16 1044
36 17 1803
36 18 1602
36 19 1210
36 20 1119
36 21 872
36 22 1036
36 23 1750
36 24 1951
36 25 1682
36 26 1023
36 27 544
36 28 1778
36 29 937
36 30 96
36 31 1730
36 32 889
36 33 48
36 34 1682
36 35 841
36 36 0
36 37 1730
36 38 889
36 39 48
36 40 1778
36 41 937
36 42 96
36 43 1826
36 44 985
36 45 144
36 46 1874
36 47 1033
36 48 192
36 49 1922
36 50 1081
36 51 240
36 52 1970
36 53 1129
36 54 288
36 55 2018
36 56 1177
36 57 336
36 58 2066
36 59 1225
36 60 384
36 61 2114
36 62 1273
36 63 432
36 64 1898
37 0 264
37 1 1100
37 2 1244
37 3 181
37 4 1563
37 5 237
37 6 128
37 7 654
37 8 1026
37 9 259
37 10 333
37 11 1013
37 12 154
37 13 185
37 14 280
37 15 1278
37 16 1070
37 17 407
37 18 128
37 19 1288
37 20 1379
37 21 1626
37 22 1270
37 23 172
37 24 451
37 25 624
37 26 1283
37 27 1186
37 28 144
37 29 985
37 30 1826
37 31 96
37 32 937
37 33 1778
37 34 48
37 35 889
37 36 1730
37 37 0
37 38 841
37 39 1682
37 40 48
37 41 889
37 42 1730
37 43 96
37 44 937
37 45 1778
37 46 144
37 47 985
37 48 1826
37 49 192
37 50 1033
37 51 1874
37 52 240
37 53 1081
37 54 1922
37 55 288
37 56 1129
37 57 1970
37 58 336
37 59 1177
37 60 2018
37 61 384
37 62 1225
37 63 2066
37 64 264
38 0 1105
38 1 259
38 2 403
38 3 948
38 4 722
38 5 796
38 6 713
38 7 667
38 8 185
38 9 870
38 10 892
38 11 172
38 12 687
38 13 848
38 14 657
38 15 437
38 16 229
38 17 914
38 18 713
38 19 447
38 20 538
38 21 785
38 22 429
38 23 861
38 24 1062
38 25 793
38 26 442
38 27 345
38 28 985
38 29 144
38 30 985
38 31 937
38 32 96
38 33 937
38 34 889
38 35 48
38 36 889
38 37 841
38 38 0
38 39 841
38 40 889
38 41 48
38 42 889
38 43 937
38 44 96
38 45 937
38 46 985
38 47 144
38 48 985
38 49 1033
38 50 192
38 51 1033
38 52 1081
38 53 240
38 54 1081
38 55 1129
38 56 288
38 57 1129
38 58 1177
38 59 336
38 60 1177
38 61 1225
38 62 384
38 63 1225
38 64 1105
39 0 1946
39 1 870
39 2 1014
39 3 1789
39 4 215
39 5 1637
39 6 1554
39 7 1508
39 8 848
39 9 1711
39 10 1733
39 11 861
39 12 1528
39 13 1689
39 14 1498
39 15 788
39 16 996
39 17 1755
39 18 1554
39 19 1162
39 20 1071
39 21 824
39 22 988
39 23 1702
39 24 1903
39 25 1634
39 26 975
39 27 592
39 28 1826
39 29 985
39 30 144
39 31 1778
39 32 937
39 33 96
39 34 1730
39 35 889
39 36 48
39 37 1682
39 38 841
39 39 0
39 40 1730
39 41 889
39 42 48
39 43 1778
39 44 937
39 45 96
39 46 1826
39 47 985
39 48 144
39 49 1874
39 50 1033
39 51 192
39 52 1922
39 53 1081
39 54 240
39 55 1970
39 56 1129
39 57 288
39 58 2018
39 59 1177
39 60 336
39 61 2066
39 62 1225
39 63 384
39 64 1946
40 0 312
40 1 1148
40 2 1196
40 3 133
40 4 1515
40 5 189
40 6 176
40 7 606
40 8 1074
40 9 307
40 10 285
40 11 965
40 12 202
40 13 137
40 14 328
40 15 1230
40 16 1022
40 17 359
40 18 176
40 19 1240
40 20 1331
40 21 1578
40 22 1222
40 23 124
40 24 403
40 25 576
40 26 1235
40 27 1234
40 28 192
40 29 1033
40 30 1874
40 31 144
40 32 985
40 33 1826
40 34 96
40 35 937
40 36 1778
40 37 48
40 38 889
40 39 1730
40 40 0
40 41 841
40 42 1682
40 43 48
40 44 889
40 45 1730
40 46 96
40 47 937
40 48 1778
40 49 144
40 50 985
40 51 1826
40 52 192
40 53 1033
40 54 1874
40 55 240
40 56 1081
40 57 1922
40 58 288
40 59 1129
40 60 1970
40 61 336
40 62 1177
40 63 2018
40 64 312
41 0 1153
41 1 307
41 2 355
41 3 900
41 4 674
41 5 748
41 6 761
41 7 619
41 8 233
41 9 918
41 10 844
41 11 124
41 12 735
41 13 800
41 14 705
41 15 389
41 16 181
41 17 866
41 18 761
41 19 399
41 20 490
41 21 737
41 22 381
41 23 813
41 24 1014
41 25 745
41 26 394
41 27 393
41 28 1033
41 29 192
41 30 1033
41 31 985
41 32 144
41 33 985
41 34 937
41 35 96
41 36 937
41 37 889
41 38 48
41 39 889
41 40 841
41 41 0
41 42 841
41 43 889
41 44 48
41 45 889
41 46 937
41 47 96
41 48 937
41 49 985
41 50 144
41 51 985
41 52 1033
41 53 192
41 54 1033
41 55 1081
41 56 240
41 57 1081
41 58 1129
41 59 288
41 60 1129
41 61 1177
41 62 336
41 63 1177
41 64 1153
42 0 1994
42 1 918
42 2 966
42 3 1741
42 4 167
42 5 1589
42 6 1602
42 7 1460
42 8 896
42 9 1759
42 10 1685
42 11 813
42 12 1576
42 13 1641
42 14 1546
42 15 740
42 16 948
42 17 1707
42 18 1602
42 19 1114
42 20 1023
42 21 776
42 22 940
42 23 1654
42 24 1855
42 25 1586
42 26 927
42 27 640
42 28 1874
42 29 1033
42 30 192
42 31 1826
42 32 985
42 33 144
42 34 1778
42 35 937
42 36 96
42 37 1730
42 38 889
42 39 48
42 40 1682
42 41 841
42 42 0
42 43 1730
42 44 889
42 45 48
42 46 1778
42 47 937
42 48 96
42 49 1826
42 50 985
42 51 144
42 52 1874
42 53 1033
42 54 192
42 55 1922
42 56 1081
42 57 240
42 58 1970
42 59 1129
42 60 288
42 61 2018
42 62 1177
42 63 336
42 64 1994
43 0 360
43 1 1196
43 2 1148
43 3 85
43 4 1563
43 5 141
43 6 224
43 7 558
43 8 1122
43 9 355
43 10 237
43 11 917
43 12 250
43 13 89
43 14 376
43 15 1182
43 16 974
43 17 311
43 18 224
43 19 1192
43 20 1283
43 21 1530
43 22 1174
43 23 76
43 24 355
43 25 528
43 26 1187
43 27 1282
43 28 240
43 29 1081
43 30 1922
43 31 192
43 32 1033
43 33 1874
43 34 144
43 35 985
43 36 1826
43 37 96
43 38 937
43 39 1778
43 40 48
43 41 889
43 42 1730
43 43 0
43 44 841
43 45 1682
43 46 48
43 47 889
43 48 1730
43 49 96
43 50 937
43 51 1778
43 52 144
43 53 985
43 54 1826
43 55 192
43 56 1033
43 57 1874
43 58 240
43 59 1081
43 60 1922
43 61 288
43 62 1129
43 63 1970
43 64 360
44 0 1201
44 1 355
44 2 307
44 3 852
44 4 722
44 5 700
44 6 809
44 7 571
44 8 281
44 9 966
44 10 796
44 11 76
44 12 783
44 13 752
44 14 753
44 15 341
44 16 133
44 17 818
44 18 809
44 19 351
44 20 442
44 21 689
44 22 333
44 23 765
44 24 966
44 25 697
44 26 346
44 27 441
44 28 1081
44 29 240
44 30 1081
44 31 1033
44 32 192
44 33 1033
44 34 985
44 35 144
44 36 985
44 37 937
44 38 96
44 39 937
44 40 889
44 41 48
44 42 889
44 43 841
44 44 0
44 45 841
44 46 889
44 47 48
44 48 889
44 49 937
44 50 96
44 51 937
44 52 985
44 53 144
44 54 985
44 55 1033
44 56 192
44 57 1033
44 58 1081
44 59 240
44 60 1081
44 61 1129
44 62 288
44 63 1129
44 64 1201
45 0 2042
45 1 966
45 2 918
45 3 1693
45 4 215
45 5 1541
45 6 1650
45 7 1412
45 8 944
45 9 1807
45 10 1637
45 11 765
45 12 1624
45 13 1593
45 14 1594
45 15 692
45 16 900
45 17 1659
45 18 1650
45 19 1066
45 20 975
45 21 728
45 22 892
45 23 1606
45 24 1807
45 25 1538
45 26 879
45 27 688
45 28 1922
45 29 1081
45 30 240
45 31 1874
45 32 1033
45 33 192
45 34 1826
45 35 985
45 36 144
45 37 1778
45 38 937
45 39 96
45 40 1730
45 41 889
45 42 48
45 43 1682
45 44 841
45 45 0
45 46 1730
45 47 889
45 48 48
45 49 1778
45 50 937
45 51 96
45 52 1826
45 53 985
45 54 144
45 55 1874
45 56 1033
45 57 192
45 58 1922
45 59 1081
45 60 240
45 61 1970
45 62 1129
45 63 288
45 64 2042
46 0 408
46 1 1244
46 2 1100
46 3 37
46 4 1611
46 5 189
46 6 272
46 7 510
46 8 1170
46 9 403
46 10 189
46 11 965
46 12 298
46 13 137
46 14 424
46 15 1134
46 16 926
46 17 263
46 18 272
46 19 1144
46 20 1235
46 21 1482
46 22 1126
46 23 124
46 24 307
46 25 480
46 26 1139
46 27 1330
46 28 288
46 29 1129
46 30 1970
46 31 240
46 32 1081
46 33 1922
46 34 192
46 35 1033
46 36 1874
46 37 144
46 38 985
46 39 1826
46 40 96
46 41 937
46 42 1778
46 43 48
46 44 889
46 45 1730
46 46 0
46 47 841
46 48 1682
46 49 48
46 50 889
46 51 1730
46 52 96
46 53 937
46 54 1778
46 55 144
46 56 985
46 57 1826
46 58 192
46 59 1033
46 60 1874
46 61 240
46 62 1081
46 63 1922
46 64 408
47 0 1249
47 1 403
47 2 259
47 3 804
47 4 770
47 5 748
47 6 857
47 7 523
47 8 329
47 9 1014
47 10 748
47 11 124
47 12 831
47 13 800
47 14 801
47 15 293
47 16 85
47 17 770
47 18 857
47 19 303
47 20 394
47 21 641
47 22 285
47 23 813
47 24 918
47 25 649
47 26 298
47 27 489
47 28 1129
47 29 288
47 30 1129
47 31 1081
47 32 240
47 33 1081
47 34 1033
47 35 192
47 36 1033
47 37 985
47 38 144
47 39 985
47 40 937
47 41 96
47 42 937
47 43 889
47 44 48
47 45 889
47 46 841
47 47 0
47 48 841
47 49 889
47 50 48
47 51 889
47 52 937
47 53 96
47 54 937
47 55 985
47 56 144
47 57 985
47 58 1033
47 59 192
47 60 1033
47 61 1081
47 62 240
47 63 1081
47 64 1249
48 0 2090
48 1 1014
48 2 870
48 3 1645
48 4 263
48 5 1589
48 6 1698
48 7 1364
48 8 992
48 9 1855
48 10 1589
48 11 813
48 12 1672
48 13 1641
48 14 1642
48 15 644
48 16 852
48 17 1611
48 18 1698
48 19 1018
48 20 927
48 21 680
48 22 844
48 23 1654
48 24 1759
48 25 1490
48 26 831
48 27 736
48 28 1970
48 29 1129
48 30 288
48 31 1922
48 32 1081
48 33 240
48 34 1874
48 35 1033
48 36 192
48 37 1826
48 38 985
48 39 144
48 40 1778
48 41 937
48 42 96
48 43 1730
48 44 889
48 45 48
48 46 1682
48 47 841
48 48 0
48 49 1730
48 50 889
48 51 48
48 52 1778
48 53 937
48 54 96
48 55 1826
48 56 985
48 57 144
48 58 1874
48 59 1033
48 60 192
48 61 1922
48 62 1081
48 63 240
48 64 2090
49 0 456
49 1 1292
49 2 1052
49 3 85
49 4 1659
49 5 237
49 6 320
49 7 462
49 8 1218
49 9 451
49 10 141
49 11 1013
49 12 346
49 13 185
49 14 472
49 15 1086
49 16 878
49 17 215
49 18 320
49 19 1096
49 20 1187
49 21 1434
49 22 1078
49 23 172
49 24 259
49 25 432
49 26 1091
49 27 1378
49 28 336
49 29 1177
49 30 2018
49 31 288
49 32 1129
49 33 1970
49 34 240
49 35 1081
49 36 1922
49 37 192
49 38 1033
49 39 1874
49 40 144
49 41 985
49 42 1826
49 43 96
49 44 937
49 45 1778
49 46 48
49 47 889
49 48 1730
49 49 0
49 50 841
49 51 1682
49 52 48
49 53 889
49 54 1730
49 55 96
49 56 937
49 57 1778
49 58 144
49 59 985
49 60 1826
49 61 192
49 62 1033
49 63 1874
49 64 456
50 0 1297
50 1 451
50 2 211
50 3 852
50 4 818
50 5 796
50 6 905
50 7 475
50 8 377
50 9 1062
50 10 700
50 11 172
50 12 879
50 13 848
50 14 849
50 15 245
50 16 37
50 17 722
50 18 905
50 19 255
50 20 346
50 21 593
50 22 237
50 23 861
50 24 870
50 25 601
50 26 250
50 27 537
50 28 1177
50 29 336
50 30 1177
50 31 1129
50 32 288
50 33 1129
50 34 1081
50 35 240
50 36 1081
50 37 1033
50 38 192
50 39 1033
50 40 985
50 41 144
50 42 985
50 43 937
50 44 96
50 45 937
50 46 889
50 47 48
50 48 889
50 49 841
50 50 0
50 51 841
50 52 889
50 53 48
50 54 889
50 55 937
50 56 96
50 57 937
50 58 985
50 59 144
50 60 985
50 61 1033
50 62 192
50 63 1033
50 64 1297
51 0 2138
51 1 1062
51 2 822
51 3 1693
51 4 311
51 5 1637
51 6 1746
51 7 1316
51 8 1040
51 9 1903
51 10 1541
51 11 861
51 12 1720
51 13 1689
51 14 1690
51 15 596
51 16 804
51 17 1563
51 18 1746
51 19 970
51 20 879
51 21 632
51 22 796
51 23 1702
51 24 1711
51 25 1442
51 26 783
51 27 784
51 28 2018
51 29 1177
51 30 336
51 31 1970
51 32 1129
51 33 288
51 34 1922
51 35 1081
51 36 240
51 37 1874
51 38 1033
51 39 192
51 40 1826
51 41 985
51 42 144
51 43 1778
51 44 937
51 45 96
51 46 1730
51 47 889
51 48 48
51 49 1682
51 50 841
51 51 0
51 52 1730
51 53 889
51 54 48
51 55 1778
51 56 937
51 57 96
51 58 1826
51 59 985
51 60 144
51 61 1874
51 62 1033
51 63 192
51 64 2138
52 0 504
52 1 1340
52 2 1004
52 3 133
52 4 1707
52 5 285
52 6 368
52 7 414
52 8 1266
52 9 499
52 10 189
52 11 1061
52 12 394
52 13 233
52 14 520
52 15 1134
52 16 926
52 17 167
52 18 368
52 19 1048
52 20 1139
52 21 1386
52 22 1030
52 23 220
52 24 211
52 25 384
52 26 1043
52 27 1426
52 28 384
52 29 1225
52 30 2066
52 31 336
52 32 1177
52 33 2018
52 34 288
52 35 1129
52 36 1970
52 37 240
52 38 1081
52 39 1922
52 40 192
52 41 1033
52 42 1874
52 43 144
52 44 985
52 45 1826
52 46 96
52 47 937
52 48 1778
52 49 48
52 50 889
52 51 1730
52 52 0
52 53 841
52 54 1682
52 55 48
52 56 889
52 57 1730
52 58 96
52 59 937
52 60 1778
52 61 144
52 62 985
52 63 1826
52 64 504
53 0 1345
53 1 499
53 2 163
53 3 900
53 4 866
53 5 844
53 6 953
53 7 427
53 8 425
53 9 1110
53 10 748
53 11 220
53 12 927
53 13 896
53 14 897
53 15 293
53 16 85
53 17 674
53 18 953
53 19 207
53 20 298
53 21 545
53 22 189
53 23 909
53 24 822
53 25 553
53 26 202
53 27 585
53 28 1225
53 29 384
53 30 1225
53 31 1177
53 32 336
53 33 1177
53 34 1129
53 35 288
53 36 1129
53 37 1081
53 38 240
53 39 1081
53 40 1033
53 41 192
53 42 1033
53 43 985
53 44 144
53 45 985
53 46 937
53 47 96
53 48 937
53 49 889
53 50 48
53 51 889
53 52 841
53 53 0
53 54 841
53 55 889
53 56 48
53 57 889
53 58 937
53 59 96
53 60 937
53 61 985
53 62 144
53 63 985
53 64 1345
54 0 2186
54 1 1110
54 2 774
54 3 1741
54 4 359
54 5 1685
54 6 1794
54 7 1268
54 8 1088
54 9 1951
54 10 1589
54 11 909
54 12 1768
54 13 1737
54 14 1738
54 15 644
54 16 852
54 17 1515
54 18 1794
54 19 922
54 20 831
54 21 584
54 22 748
54 23 1750
54 24 1663
54 25 1394
54 26 735
54 27 832
54 28 2066
54 29 1225
54 30 384
54 31 2018
54 32 1177
54 33 336
54 34 1970
54 35 1129
54 36 288
54 37 1922
54 38 1081
54 39 240
54 40 1874
54 41 1033
54 42 192
54 43 1826
54 44 985
54 45 144
54 46 1778
54 47 937
54 48 96
54 49 1730
54 50 889
54 51 48
54 52 1682
54 53 841
54 54 0
54 55 1730
54 56 889
54 57 48
54 58 1778
54 59 937
54 60 96
54 61 1826
54 62 985
54 63 144
54 64 2186
55 0 552
55 1 1388
55 2 956
55 3 181
55 4 1755
55 5 333
55 6 416
55 7 462
55 8 1314
55 9 547
55 10 237
55 11 1109
55 12 442
55 13 281
55 14 568
55 15 1182
55 16 974
55 17 215
55 18 416
55 19 1000
55 20 1091
55 21 1338
55 22 982
55 23 268
55 24 163
55 25 336
55 26 995
55 27 1474
55 28 432
55 29 1273
55 30 2114
55 31 384
55 32 1225
55 33 2066
55 34 336
55 35 1177
55 36 2018
55 37 288
55 38 1129
55 39 1970
55 40 240
55 41 1081
55 42 1922
55 43 192
55 44 1033
55 45 1874
55 46 144
55 47 985
55 48 1826
55 49 96
55 50 937
55 51 1778
55 52 48
55 53 889
55 54 1730
55 55 0
55 56 841
55 57 1682
55 58 48
55 59 889
55 60 1730
55 61 96
55 62 937
55 63 1778
55 64 552
56 0 1393
56 1 547
56 2 115
56 3 948
56 4 914
56 5 892
56 6 1001
56 7 475
56 8 473
56 9 1158
56 10 796
56 11 268
56 12 975
56 13 944
56 14 945
56 15 341
56 16 133
56 17 722
56 18 1001
56 19 159
56 20 250
56 21 497
56 22 141
56 23 957
56 24 774
56 25 505
56 26 154
56 27 633
56 28 1273
56 29 432
56 30 1273
56 31 1225
56 32 384
56 33 1225
56 34 1177
56 35 336
56 36 1177
56 37 1129
56 38 288
56 39 1129
56 40 1081
56 41 240
56 42 1081
56 43 1033
56 44 192
56 45 1033
56 46 985
56 47 144
56 48 985
56 49 937
56 50 96
56 51 937
56 52 889
56 53 48
56 54 889
56 55 841
56 56 0
56 57 841
56 58 889
56 59 48
56 60 889
56 61 937
56 62 96
56 63 937
56 64 1393
57 0 2234
57 1 1158
57 2 726
57 3 1789
57 4 407
57 5 1733
57 6 1842
57 7 1316
57 8 1136
57 9 1999
57 10 1637
57 11 957
57 12 1816
57 13 1785
57 14 1786
57 15 692
57 16 900
57 17 1563
57 18 1842
57 19 874
57 20 783
57 21 536
57 22 700
57 23 1798
57 24 1615
57 25 1346
57 26 687
57 27 880
57 28 2114
57 29 1273
57 30 432
57 31 2066
57 32 1225
57 33 384
57 34 2018
57 35 1177
57 36 336
57 37 1970
57 38 1129
57 39 288
57 40 1922
57 41 1081
57 42 240
57 43 1874
57 44 1033
57 45 192
57 46 1826
57 47 985
57 48 144
57 49 1778
57 50 937
57 51 96
57 52 1730
