//alpha
1
//NbLocations
92
//NbProducts
37
//NbPickers
2
//CapaPicker
12
//TimeToTravelOneDistanceUnit
3
//SetupTime
5400
//PickTime
300
//Products
//Idx Location Size
1 1 1
2 2 1
3 3 1
4 4 1
5 5 1
6 6 1
7 7 1
8 8 1
9 9 1
10 10 1
11 11 1
12 12 1
13 13 1
14 14 1
15 15 1
16 16 1
17 17 1
18 18 1
19 19 1
20 20 1
21 21 1
22 22 1
23 23 1
24 24 1
25 25 1
26 26 1
27 27 1
28 28 1
29 29 1
30 30 1
31 31 1
32 32 1
33 33 1
34 34 1
35 35 1
36 36 1
37 37 1
//Orders
//NbOrders
18
//Idx DueDate TardinessPenalty NbProdInOrder ProdIdx1 Qty1 ProdIdx2 Qty2 ...
1 72000 0 1 1 1
2 90000 0 1 2 1
3 72000 0 1 3 1
4 126000 0 1 4 1
5 90000 0 2 5 1 6 1
6 126000 0 1 7 1
7 126000 0 1 8 1
8 72000 0 1 9 1
9 36000 0 2 10 1 11 1
10 36000 0 1 12 1
11 36000 0 1 13 1
12 90000 0 2 14 1 15 1
13 108000 0 3 16 1 17 1 18 1
14 108000 0 5 19 1 20 1 21 1 22 1 23 1
15 144000 0 3 24 1 25 1 26 1
16 108000 0 1 27 1
17 72000 0 1 28 1
18 108000 0 9 29 1 30 1 31 1 32 1 33 1 34 1 35 1 36 1 37 1
//Graph (Products are vertices indexed from 1 to NbProducts)
//NbVerticesIntersections
54
//DepartingDepot
0
//ArrivalDepot
92
//Arcs
//Start End Distance
0 38 120
1 15 65
1 85 726
2 25 65
2 45 583
3 37 416
3 60 245
4 53 193
4 54 1038
5 86 310
5 87 921
6 21 39
6 40 102
7 71 63
7 72 1168
8 17 299
8 39 336
9 23 169
9 39 76
10 31 117
10 33 78
11 54 180
11 55 1051
12 29 702
12 43 427
13 56 687
13 57 544
14 24 364
14 38 609
15 1 65
15 84 440
16 20 13
16 26 195
17 8 299
17 21 455
18 48 1116
18 49 115
19 27 338
19 32 52
20 16 13
20 30 286
21 6 39
21 17 455
22 63 518
22 64 713
23 9 169
23 24 13
24 14 364
24 23 13
25 2 65
25 46 583
26 16 195
26 42 128
27 19 338
27 45 349
28 62 284
28 63 947
29 12 702
29 42 102
30 20 286
30 31 247
31 10 117
31 30 247
32 19 52
32 36 325
33 10 78
33 41 167
34 47 622
34 48 609
35 89 804
35 90 427
36 32 325
36 44 167
37 3 416
37 59 570
38 14 609
38 41 48
38 92 120
39 8 336
39 9 76
39 42 48
40 6 102
40 43 48
41 33 167
41 38 48
41 44 48
42 26 128
42 29 102
42 39 48
42 45 48
43 12 427
43 40 48
43 46 48
44 36 167
44 41 48
44 47 48
45 2 583
45 27 349
45 42 48
45 48 48
46 25 583
46 43 48
46 49 48
47 34 622
47 44 48
47 50 48
48 18 1116
48 34 609
48 45 48
48 51 48
49 18 115
49 46 48
49 52 48
50 47 48
50 51 1231
50 53 48
51 48 48
51 50 1231
51 52 1231
51 54 48
52 49 48
52 51 1231
52 55 48
53 4 193
53 50 48
53 56 48
54 4 1038
54 11 180
54 51 48
54 57 48
55 11 1051
55 52 48
55 58 48
56 13 687
56 53 48
56 59 48
57 13 544
57 54 48
57 58 1231
57 60 48
58 55 48
58 57 1231
58 61 48
59 37 570
59 56 48
59 62 48
60 3 245
60 57 48
60 61 1231
60 63 48
61 58 48
61 60 1231
61 64 48
62 28 284
62 59 48
62 65 48
63 22 518
63 28 947
63 60 48
63 66 48
64 22 713
64 61 48
64 67 48
65 62 48
65 66 1231
65 68 48
66 63 48
66 65 1231
66 67 1231
66 69 48
67 64 48
67 66 1231
67 70 48
68 65 48
68 69 1231
68 71 48
69 66 48
69 68 1231
69 70 1231
69 72 48
70 67 48
70 69 1231
70 73 48
71 7 63
71 68 48
71 74 48
72 7 1168
72 69 48
72 73 1231
72 75 48
73 70 48
73 72 1231
73 76 48
74 71 48
74 75 1231
74 77 48
75 72 48
75 74 1231
75 76 1231
75 78 48
76 73 48
76 75 1231
76 79 48
77 74 48
77 78 1231
77 80 48
78 75 48
78 77 1231
78 79 1231
78 81 48
79 76 48
79 78 1231
79 82 48
80 77 48
80 81 1231
80 83 48
81 78 48
81 80 1231
81 82 1231
81 84 48
82 79 48
82 81 1231
82 85 48
83 80 48
83 84 1231
83 86 48
84 15 440
84 81 48
84 83 1231
84 87 48
85 1 726
85 82 48
85 88 48
86 5 310
86 83 48
86 89 48
87 5 921
87 84 48
87 88 1231
87 90 48
88 85 48
88 87 1231
88 91 48
89 35 804
89 86 48
90 35 427
90 87 48
90 91 1231
91 88 48
91 90 1231
//LocStart LocEnd ShortestPath
0 0 0
0 1 2576
0 2 2030
0 3 1442
0 4 553
0 5 1198
0 6 2480
0 7 711
0 8 1687
0 9 1275
0 10 413
0 11 1771
0 12 2203
0 13 1095
0 14 729
0 15 2511
0 16 1076
0 17 1986
0 18 2611
0 19 760
0 20 1063
0 21 2441
0 22 2253
0 23 1106
0 24 1093
0 25 2095
0 26 1271
0 27 1098
0 28 788
0 29 1501
0 30 777
0 31 530
0 32 708
0 33 335
0 34 886
0 35 1740
0 36 383
0 37 1026
0 38 120
0 39 1351
0 40 2582
0 41 168
0 42 1399
0 43 2630
0 44 216
0 45 1447
0 46 2678
0 47 264
0 48 1495
0 49 2726
0 50 312
0 51 1543
0 52 2774
0 53 360
0 54 1591
0 55 2822
0 56 408
0 57 1639
0 58 2870
0 59 456
0 60 1687
0 61 2918
0 62 504
0 63 1735
0 64 2966
0 65 552
0 66 1783
0 67 3014
0 68 600
0 69 1831
0 70 3062
0 71 648
0 72 1879
0 73 3110
0 74 696
0 75 1927
0 76 3158
0 77 744
0 78 1975
0 79 3206
0 80 792
0 81 2023
0 82 3254
0 83 840
0 84 2071
0 85 3302
0 86 888
0 87 2119
0 88 3350
0 89 936
0 90 2167
0 91 3398
0 92 0
1 0 2576
1 1 0
1 2 1712
1 3 1134
1 4 2023
1 5 1474
1 6 1548
1 7 1865
1 8 1561
1 9 1301
1 10 2163
1 11 1165
1 12 1825
1 13 1481
1 14 1847
1 15 65
1 16 1500
1 17 1860
1 18 1417
1 19 1816
1 20 1513
1 21 1587
1 22 1359
1 23 1470
1 24 1483
1 25 1777
1 26 1305
1 27 1478
1 28 1788
1 29 1279
1 30 1799
1 31 2046
1 32 1868
1 33 2241
1 34 1690
1 35 1028
1 36 2193
1 37 1550
1 38 2456
1 39 1225
1 40 1446
1 41 2408
1 42 1177
1 43 1398
1 44 2360
1 45 1129
1 46 1350
1 47 2312
1 48 1081
1 49 1302
1 50 2264
1 51 1033
1 52 1254
1 53 2216
1 54 985
1 55 1206
1 56 2168
1 57 937
1 58 1158
1 59 2120
1 60 889
1 61 1110
1 62 2072
1 63 841
1 64 1062
1 65 2024
1 66 793
1 67 1014
1 68 1976
1 69 745
1 70 966
1 71 1928
1 72 697
1 73 918
1 74 1880
1 75 649
1 76 870
1 77 1832
1 78 601
1 79 822
1 80 1784
1 81 553
1 82 774
1 83 1736
1 84 505
1 85 726
1 86 1784
1 87 553
1 88 774
1 89 1832
1 90 601
1 91 822
1 92 2576
2 0 2030
2 1 1712
2 2 0
2 3 1068
2 4 1765
2 5 2176
2 6 846
2 7 2183
2 8 1015
2 9 755
2 10 1617
2 11 907
2 12 1123
2 13 1319
2 14 1301
2 15 1647
2 16 954
2 17 1314
2 18 811
2 19 1270
2 20 967
2 21 885
2 22 1389
2 23 924
2 24 937
2 25 65
2 26 759
2 27 932
2 28 1818
2 29 733
2 30 1253
2 31 1500
2 32 1322
2 33 1695
2 34 1240
2 35 1730
2 36 1647
2 37 1484
2 38 1910
2 39 679
2 40 744
2 41 1862
2 42 631
2 43 696
2 44 1814
2 45 583
2 46 648
2 47 1862
2 48 631
2 49 696
2 50 1910
2 51 679
2 52 744
2 53 1958
2 54 727
2 55 792
2 56 2006
2 57 775
2 58 840
2 59 2054
2 60 823
2 61 888
2 62 2102
2 63 871
2 64 936
2 65 2150
2 66 919
2 67 984
2 68 2198
2 69 967
2 70 1032
2 71 2246
2 72 1015
2 73 1080
2 74 2294
2 75 1063
2 76 1128
2 77 2342
2 78 1111
2 79 1176
2 80 2390
2 81 1159
2 82 1224
2 83 2438
2 84 1207
2 85 1272
2 86 2486
2 87 1255
2 88 1320
2 89 2534
2 90 1303
2 91 1368
2 92 2030
3 0 1442
3 1 1134
3 2 1068
3 3 0
3 4 1275
3 5 1598
3 6 1710
3 7 1241
3 8 917
3 9 657
3 10 1519
3 11 521
3 12 1337
3 13 837
3 14 1203
3 15 1069
3 16 856
3 17 1216
3 18 1553
3 19 1172
3 20 869
3 21 1671
3 22 811
3 23 826
3 24 839
3 25 1133
3 26 661
3 27 834
3 28 1240
3 29 635
3 30 1155
3 31 1402
3 32 1224
3 33 1441
3 34 1046
3 35 1152
3 36 1393
3 37 416
3 38 1322
3 39 581
3 40 1812
3 41 1274
3 42 533
3 43 1764
3 44 1226
3 45 485
3 46 1716
3 47 1178
3 48 437
3 49 1668
3 50 1130
3 51 389
3 52 1620
3 53 1082
3 54 341
3 55 1572
3 56 1034
3 57 293
3 58 1524
3 59 986
3 60 245
3 61 1476
3 62 1034
3 63 293
3 64 1524
3 65 1082
3 66 341
3 67 1572
3 68 1130
3 69 389
3 70 1620
3 71 1178
3 72 437
3 73 1668
3 74 1226
3 75 485
3 76 1716
3 77 1274
3 78 533
3 79 1764
3 80 1322
3 81 581
3 82 1812
3 83 1370
3 84 629
3 85 1860
3 86 1418
3 87 677
3 88 1908
3 89 1466
3 90 725
3 91 1956
3 92 1442
4 0 553
4 1 2023
4 2 1765
4 3 1275
4 4 0
4 5 1031
4 6 2407
4 7 544
4 8 1614
4 9 1354
4 10 630
4 11 1218
4 12 2034
4 13 928
4 14 1042
4 15 1958
4 16 1293
4 17 1913
4 18 2250
4 19 881
4 20 1280
4 21 2368
4 22 1700
4 23 1419
4 24 1406
4 25 1830
4 26 1358
4 27 1219
4 28 621
4 29 1332
4 30 994
4 31 747
4 32 829
4 33 552
4 34 911
4 35 1573
4 36 504
4 37 859
4 38 433
4 39 1278
4 40 2509
4 41 385
4 42 1230
4 43 2461
4 44 337
4 45 1182
4 46 2413
4 47 289
4 48 1134
4 49 2365
4 50 241
4 51 1086
4 52 2317
4 53 193
4 54 1038
4 55 2269
4 56 241
4 57 1086
4 58 2317
4 59 289
4 60 1134
4 61 2365
4 62 337
4 63 1182
4 64 2413
4 65 385
4 66 1230
4 67 2461
4 68 433
4 69 1278
4 70 2509
4 71 481
4 72 1326
4 73 2557
4 74 529
4 75 1374
4 76 2605
4 77 577
4 78 1422
4 79 2653
4 80 625
4 81 1470
4 82 2701
4 83 673
4 84 1518
4 85 2749
4 86 721
4 87 1566
4 88 2797
4 89 769
4 90 1614
4 91 2845
4 92 553
5 0 1198
5 1 1474
5 2 2176
5 3 1598
5 4 1031
5 5 0
5 6 2818
5 7 613
5 8 2025
5 9 1765
5 10 1275
5 11 1629
5 12 2445
5 13 1477
5 14 1687
5 15 1409
5 16 1938
5 17 2324
5 18 2661
5 19 1526
5 20 1925
5 21 2779
5 22 1823
5 23 1934
5 24 1947
5 25 2241
5 26 1769
5 27 1864
5 28 978
5 29 1743
5 30 1639
5 31 1392
5 32 1474
5 33 1197
5 34 1556
5 35 1162
5 36 1149
5 37 1312
5 38 1078
5 39 1689
5 40 2920
5 41 1030
5 42 1641
5 43 2872
5 44 982
5 45 1593
5 46 2824
5 47 934
5 48 1545
5 49 2776
5 50 886
5 51 1497
5 52 2728
5 53 838
5 54 1449
5 55 2680
5 56 790
5 57 1401
5 58 2632
5 59 742
5 60 1353
5 61 2584
5 62 694
5 63 1305
5 64 2536
5 65 646
5 66 1257
5 67 2488
5 68 598
5 69 1209
5 70 2440
5 71 550
5 72 1161
5 73 2392
5 74 502
5 75 1113
5 76 2344
5 77 454
5 78 1065
5 79 2296
5 80 406
5 81 1017
5 82 2248
5 83 358
5 84 969
5 85 2200
5 86 310
5 87 921
5 88 2152
5 89 358
5 90 969
5 91 2200
5 92 1198
6 0 2480
6 1 1548
6 2 846
6 3 1710
6 4 2407
6 5 2818
6 6 0
6 7 2825
6 8 793
6 9 1205
6 10 2163
6 11 1393
6 12 577
6 13 1961
6 14 1751
6 15 1613
6 16 1500
6 17 494
6 18 361
6 19 1912
6 20 1513
6 21 39
6 22 1199
6 23 1374
6 24 1387
6 25 781
6 26 1305
6 27 1574
6 28 2460
6 29 1279
6 30 1799
6 31 2046
6 32 1964
6 33 2241
6 34 1882
6 35 2372
6 36 2289
6 37 2126
6 38 2360
6 39 1129
6 40 102
6 41 2408
6 42 1177
6 43 150
6 44 2456
6 45 1225
6 46 198
6 47 2504
6 48 1273
6 49 246
6 50 2552
6 51 1321
6 52 294
6 53 2600
6 54 1369
6 55 342
6 56 2648
6 57 1417
6 58 390
6 59 2696
6 60 1465
6 61 438
6 62 2744
6 63 1513
6 64 486
6 65 2792
6 66 1561
6 67 534
6 68 2840
6 69 1609
6 70 582
6 71 2888
6 72 1657
6 73 630
6 74 2936
6 75 1705
6 76 678
6 77 2984
6 78 1753
6 79 726
6 80 3032
6 81 1801
6 82 774
6 83 3080
6 84 1849
6 85 822
6 86 3128
6 87 1897
6 88 870
6 89 3176
6 90 1945
6 91 918
6 92 2480
7 0 711
7 1 1865
7 2 2183
7 3 1241
7 4 544
7 5 613
7 6 2825
7 7 0
7 8 2032
7 9 1746
7 10 788
7 11 1636
7 12 2452
7 13 990
7 14 1200
7 15 1800
7 16 1451
7 17 2331
7 18 2668
7 19 1039
7 20 1438
7 21 2786
7 22 1830
7 23 1577
7 24 1564
7 25 2248
7 26 1646
7 27 1377
7 28 491
7 29 1750
7 30 1152
7 31 905
7 32 987
7 33 710
7 34 1069
7 35 1155
7 36 662
7 37 825
7 38 591
7 39 1696
7 40 2927
7 41 543
7 42 1648
7 43 2879
7 44 495
7 45 1600
7 46 2831
7 47 447
7 48 1552
7 49 2783
7 50 399
7 51 1504
7 52 2735
7 53 351
7 54 1456
7 55 2687
7 56 303
7 57 1408
7 58 2639
7 59 255
7 60 1360
7 61 2591
7 62 207
7 63 1312
7 64 2543
7 65 159
7 66 1264
7 67 2495
7 68 111
7 69 1216
7 70 2447
7 71 63
7 72 1168
7 73 2399
7 74 111
7 75 1216
7 76 2447
7 77 159
7 78 1264
7 79 2495
7 80 207
7 81 1312
7 82 2543
7 83 255
7 84 1360
7 85 2591
7 86 303
7 87 1408
7 88 2639
7 89 351
7 90 1456
7 91 2687
7 92 711
8 0 1687
8 1 1561
8 2 1015
8 3 917
8 4 1614
8 5 2025
8 6 793
8 7 2032
8 8 0
8 9 412
8 10 1370
8 11 756
8 12 1188
8 13 1168
8 14 958
8 15 1496
8 16 707
8 17 299
8 18 1154
8 19 1119
8 20 720
8 21 754
8 22 1238
8 23 581
8 24 594
8 25 1080
8 26 512
8 27 781
8 28 1667
8 29 486
8 30 1006
8 31 1253
8 32 1171
8 33 1448
8 34 1089
8 35 1579
8 36 1496
8 37 1333
8 38 1567
8 39 336
8 40 895
8 41 1615
8 42 384
8 43 943
8 44 1663
8 45 432
8 46 991
8 47 1711
8 48 480
8 49 1039
8 50 1759
8 51 528
8 52 1087
8 53 1807
8 54 576
8 55 1135
8 56 1855
8 57 624
8 58 1183
8 59 1903
8 60 672
8 61 1231
8 62 1951
8 63 720
8 64 1279
8 65 1999
8 66 768
8 67 1327
8 68 2047
8 69 816
8 70 1375
8 71 2095
8 72 864
8 73 1423
8 74 2143
8 75 912
8 76 1471
8 77 2191
8 78 960
8 79 1519
8 80 2239
8 81 1008
8 82 1567
8 83 2287
8 84 1056
8 85 1615
8 86 2335
8 87 1104
8 88 1663
8 89 2383
8 90 1152
8 91 1711
8 92 1687
9 0 1275
9 1 1301
9 2 755
9 3 657
9 4 1354
9 5 1765
9 6 1205
9 7 1746
9 8 412
9 9 0
9 10 1110
9 11 496
9 12 928
9 13 908
9 14 546
9 15 1236
9 16 447
9 17 711
9 18 1336
9 19 859
9 20 460
9 21 1166
9 22 978
9 23 169
9 24 182
9 25 820
9 26 252
9 27 521
9 28 1407
9 29 226
9 30 746
9 31 993
9 32 911
9 33 1188
9 34 829
9 35 1319
9 36 1236
9 37 1073
9 38 1155
9 39 76
9 40 1307
9 41 1203
9 42 124
9 43 1355
9 44 1251
9 45 172
9 46 1403
9 47 1299
9 48 220
9 49 1451
9 50 1347
9 51 268
9 52 1499
9 53 1395
9 54 316
9 55 1547
9 56 1443
9 57 364
9 58 1595
9 59 1491
9 60 412
9 61 1643
9 62 1539
9 63 460
9 64 1691
9 65 1587
9 66 508
9 67 1739
9 68 1635
9 69 556
9 70 1787
9 71 1683
9 72 604
9 73 1835
9 74 1731
9 75 652
9 76 1883
9 77 1779
9 78 700
9 79 1931
9 80 1827
9 81 748
9 82 1979
9 83 1875
9 84 796
9 85 2027
9 86 1923
9 87 844
9 88 2075
9 89 1971
9 90 892
9 91 2123
9 92 1275
10 0 413
10 1 2163
10 2 1617
10 3 1519
10 4 630
10 5 1275
10 6 2163
10 7 788
10 8 1370
10 9 1110
10 10 0
10 11 1358
10 12 1790
10 13 1172
10 14 902
10 15 2098
10 16 663
10 17 1669
10 18 2198
10 19 837
10 20 650
10 21 2124
10 22 1840
10 23 1279
10 24 1266
10 25 1682
10 26 858
10 27 1175
10 28 865
10 29 1088
10 30 364
10 31 117
10 32 785
10 33 78
10 34 963
10 35 1817
10 36 460
10 37 1103
10 38 293
10 39 1034
10 40 2265
10 41 245
10 42 986
10 43 2217
10 44 293
10 45 1034
10 46 2265
10 47 341
10 48 1082
10 49 2313
10 50 389
10 51 1130
10 52 2361
10 53 437
10 54 1178
10 55 2409
10 56 485
10 57 1226
10 58 2457
10 59 533
10 60 1274
10 61 2505
10 62 581
10 63 1322
10 64 2553
10 65 629
10 66 1370
10 67 2601
10 68 677
10 69 1418
10 70 2649
10 71 725
10 72 1466
10 73 2697
10 74 773
10 75 1514
10 76 2745
10 77 821
10 78 1562
10 79 2793
10 80 869
10 81 1610
10 82 2841
10 83 917
10 84 1658
10 85 2889
10 86 965
10 87 1706
10 88 2937
10 89 1013
10 90 1754
10 91 2985
10 92 413
11 0 1771
11 1 1165
11 2 907
11 3 521
11 4 1218
11 5 1629
11 6 1393
11 7 1636
11 8 756
11 9 496
11 10 1358
11 11 0
11 12 1176
11 13 772
11 14 1042
11 15 1100
11 16 695
11 17 1055
11 18 1262
11 19 1011
11 20 708
11 21 1432
11 22 842
11 23 665
11 24 678
11 25 972
11 26 500
11 27 673
11 28 1271
11 29 474
11 30 994
11 31 1241
11 32 1063
11 33 1436
11 34 885
11 35 1183
11 36 1388
11 37 937
11 38 1651
11 39 420
11 40 1291
11 41 1603
11 42 372
11 43 1243
11 44 1555
11 45 324
11 46 1195
11 47 1507
11 48 276
11 49 1147
11 50 1459
11 51 228
11 52 1099
11 53 1411
11 54 180
11 55 1051
11 56 1459
11 57 228
11 58 1099
11 59 1507
11 60 276
11 61 1147
11 62 1555
11 63 324
11 64 1195
11 65 1603
11 66 372
11 67 1243
11 68 1651
11 69 420
11 70 1291
11 71 1699
11 72 468
11 73 1339
11 74 1747
11 75 516
11 76 1387
11 77 1795
11 78 564
11 79 1435
11 80 1843
11 81 612
11 82 1483
11 83 1891
11 84 660
11 85 1531
11 86 1939
11 87 708
11 88 1579
11 89 1987
11 90 756
11 91 1627
11 92 1771
12 0 2203
12 1 1825
12 2 1123
12 3 1337
12 4 2034
12 5 2445
12 6 577
12 7 2452
12 8 1188
12 9 928
12 10 1790
12 11 1176
12 12 0
12 13 1588
12 14 1474
12 15 1890
12 16 1127
12 17 1071
12 18 638
12 19 1539
12 20 1140
12 21 616
12 22 1476
12 23 1097
12 24 1110
12 25 1058
12 26 932
12 27 1201
12 28 2087
12 29 702
12 30 1426
12 31 1673
12 32 1591
12 33 1868
12 34 1509
12 35 1999
12 36 1916
12 37 1753
12 38 2083
12 39 852
12 40 475
12 41 2035
12 42 804
12 43 427
12 44 2083
12 45 852
12 46 475
12 47 2131
12 48 900
12 49 523
12 50 2179
12 51 948
12 52 571
12 53 2227
12 54 996
12 55 619
12 56 2275
12 57 1044
12 58 667
12 59 2323
12 60 1092
12 61 715
12 62 2371
12 63 1140
12 64 763
12 65 2419
12 66 1188
12 67 811
12 68 2467
12 69 1236
12 70 859
12 71 2515
12 72 1284
12 73 907
12 74 2563
12 75 1332
12 76 955
12 77 2611
12 78 1380
12 79 1003
12 80 2659
12 81 1428
12 82 1051
12 83 2707
12 84 1476
12 85 1099
12 86 2755
12 87 1524
12 88 1147
12 89 2803
12 90 1572
12 91 1195
12 92 2203
13 0 1095
13 1 1481
13 2 1319
13 3 837
13 4 928
13 5 1477
13 6 1961
13 7 990
13 8 1168
13 9 908
13 10 1172
13 11 772
13 12 1588
13 13 0
13 14 1454
13 15 1416
13 16 1107
13 17 1467
13 18 1804
13 19 1423
13 20 1120
13 21 1922
13 22 1158
13 23 1077
13 24 1090
13 25 1384
13 26 912
13 27 1085
13 28 1067
13 29 886
13 30 1406
13 31 1289
13 32 1371
13 33 1094
13 34 1297
13 35 1499
13 36 1046
13 37 1253
13 38 975
13 39 832
13 40 2063
13 41 927
13 42 784
13 43 2015
13 44 879
13 45 736
13 46 1967
13 47 831
13 48 688
13 49 1919
13 50 783
13 51 640
13 52 1871
13 53 735
13 54 592
13 55 1823
13 56 687
13 57 544
13 58 1775
13 59 735
13 60 592
13 61 1823
13 62 783
13 63 640
13 64 1871
13 65 831
13 66 688
13 67 1919
13 68 879
13 69 736
13 70 1967
13 71 927
13 72 784
13 73 2015
13 74 975
13 75 832
13 76 2063
13 77 1023
13 78 880
13 79 2111
13 80 1071
13 81 928
13 82 2159
13 83 1119
13 84 976
13 85 2207
13 86 1167
13 87 1024
13 88 2255
13 89 1215
13 90 1072
13 91 2303
13 92 1095
14 0 729
14 1 1847
14 2 1301
14 3 1203
14 4 1042
14 5 1687
14 6 1751
14 7 1200
14 8 958
14 9 546
14 10 902
14 11 1042
14 12 1474
14 13 1454
14 14 0
14 15 1782
14 16 993
14 17 1257
14 18 1882
14 19 1249
14 20 1006
14 21 1712
14 22 1524
14 23 377
14 24 364
14 25 1366
14 26 798
14 27 1067
14 28 1277
14 29 772
14 30 1266
14 31 1019
14 32 1197
14 33 824
14 34 1375
14 35 1865
14 36 872
14 37 1515
14 38 609
14 39 622
14 40 1853
14 41 657
14 42 670
14 43 1901
14 44 705
14 45 718
14 46 1949
14 47 753
14 48 766
14 49 1997
14 50 801
14 51 814
14 52 2045
14 53 849
14 54 862
14 55 2093
14 56 897
14 57 910
14 58 2141
14 59 945
14 60 958
14 61 2189
14 62 993
14 63 1006
14 64 2237
14 65 1041
14 66 1054
14 67 2285
14 68 1089
14 69 1102
14 70 2333
14 71 1137
14 72 1150
14 73 2381
14 74 1185
14 75 1198
14 76 2429
14 77 1233
14 78 1246
14 79 2477
14 80 1281
14 81 1294
14 82 2525
14 83 1329
14 84 1342
14 85 2573
14 86 1377
14 87 1390
14 88 2621
14 89 1425
14 90 1438
14 91 2669
14 92 729
15 0 2511
15 1 65
15 2 1647
15 3 1069
15 4 1958
15 5 1409
15 6 1613
15 7 1800
15 8 1496
15 9 1236
15 10 2098
15 11 1100
15 12 1890
15 13 1416
15 14 1782
15 15 0
15 16 1435
15 17 1795
15 18 1482
15 19 1751
15 20 1448
15 21 1652
15 22 1294
15 23 1405
15 24 1418
15 25 1712
15 26 1240
15 27 1413
15 28 1723
15 29 1214
15 30 1734
15 31 1981
15 32 1803
15 33 2176
15 34 1625
15 35 963
15 36 2128
15 37 1485
15 38 2391
15 39 1160
15 40 1511
15 41 2343
15 42 1112
15 43 1463
15 44 2295
15 45 1064
15 46 1415
15 47 2247
15 48 1016
15 49 1367
15 50 2199
15 51 968
15 52 1319
15 53 2151
15 54 920
15 55 1271
15 56 2103
15 57 872
15 58 1223
15 59 2055
15 60 824
15 61 1175
15 62 2007
15 63 776
15 64 1127
15 65 1959
15 66 728
15 67 1079
15 68 1911
15 69 680
15 70 1031
15 71 1863
15 72 632
15 73 983
15 74 1815
15 75 584
15 76 935
15 77 1767
15 78 536
15 79 887
15 80 1719
15 81 488
15 82 839
15 83 1671
15 84 440
15 85 791
15 86 1719
15 87 488
15 88 839
15 89 1767
15 90 536
15 91 887
15 92 2511
16 0 1076
16 1 1500
16 2 954
16 3 856
16 4 1293
16 5 1938
16 6 1500
16 7 1451
16 8 707
16 9 447
16 10 663
16 11 695
16 12 1127
16 13 1107
16 14 993
16 15 1435
16 16 0
16 17 1006
16 18 1535
16 19 1058
16 20 13
16 21 1461
16 22 1177
16 23 616
16 24 629
16 25 1019
16 26 195
16 27 720
16 28 1528
16 29 425
16 30 299
16 31 546
16 32 1110
16 33 741
16 34 1028
16 35 1518
16 36 1123
16 37 1272
16 38 956
16 39 371
16 40 1602
16 41 908
16 42 323
16 43 1554
16 44 956
16 45 371
16 46 1602
16 47 1004
16 48 419
16 49 1650
16 50 1052
16 51 467
16 52 1698
16 53 1100
16 54 515
16 55 1746
16 56 1148
16 57 563
16 58 1794
16 59 1196
16 60 611
16 61 1842
16 62 1244
16 63 659
16 64 1890
16 65 1292
16 66 707
16 67 1938
16 68 1340
16 69 755
16 70 1986
16 71 1388
16 72 803
16 73 2034
16 74 1436
16 75 851
16 76 2082
16 77 1484
16 78 899
16 79 2130
16 80 1532
16 81 947
16 82 2178
16 83 1580
16 84 995
16 85 2226
16 86 1628
16 87 1043
16 88 2274
16 89 1676
16 90 1091
16 91 2322
16 92 1076
17 0 1986
17 1 1860
17 2 1314
17 3 1216
17 4 1913
17 5 2324
17 6 494
17 7 2331
17 8 299
17 9 711
17 10 1669
17 11 1055
17 12 1071
17 13 1467
17 14 1257
17 15 1795
17 16 1006
17 17 0
17 18 855
17 19 1418
17 20 1019
17 21 455
17 22 1537
17 23 880
17 24 893
17 25 1275
17 26 811
17 27 1080
17 28 1966
17 29 785
17 30 1305
17 31 1552
17 32 1470
17 33 1747
17 34 1388
17 35 1878
17 36 1795
17 37 1632
17 38 1866
17 39 635
17 40 596
17 41 1914
17 42 683
17 43 644
17 44 1962
17 45 731
17 46 692
17 47 2010
17 48 779
17 49 740
17 50 2058
17 51 827
17 52 788
17 53 2106
17 54 875
17 55 836
17 56 2154
17 57 923
17 58 884
17 59 2202
17 60 971
17 61 932
17 62 2250
17 63 1019
17 64 980
17 65 2298
17 66 1067
17 67 1028
17 68 2346
17 69 1115
17 70 1076
17 71 2394
17 72 1163
17 73 1124
17 74 2442
17 75 1211
17 76 1172
17 77 2490
17 78 1259
17 79 1220
17 80 2538
17 81 1307
17 82 1268
17 83 2586
17 84 1355
17 85 1316
17 86 2634
17 87 1403
17 88 1364
17 89 2682
17 90 1451
17 91 1412
17 92 1986
18 0 2611
18 1 1417
18 2 811
18 3 1553
18 4 2250
18 5 2661
18 6 361
18 7 2668
18 8 1154
18 9 1336
18 10 2198
18 11 1262
18 12 638
18 13 1804
18 14 1882
18 15 1482
18 16 1535
18 17 855
18 18 0
18 19 1851
18 20 1548
18 21 400
18 22 1068
18 23 1505
18 24 1518
18 25 746
18 26 1340
18 27 1513
18 28 2303
18 29 1314
18 30 1834
18 31 2081
18 32 1903
18 33 2276
18 34 1725
18 35 2215
18 36 2228
18 37 1969
18 38 2491
18 39 1260
18 40 259
18 41 2443
18 42 1212
18 43 211
18 44 2395
18 45 1164
18 46 163
18 47 2347
18 48 1116
18 49 115
18 50 2395
18 51 1164
18 52 163
18 53 2443
18 54 1212
18 55 211
18 56 2491
18 57 1260
18 58 259
18 59 2539
18 60 1308
18 61 307
18 62 2587
18 63 1356
18 64 355
18 65 2635
18 66 1404
18 67 403
18 68 2683
18 69 1452
18 70 451
18 71 2731
18 72 1500
18 73 499
18 74 2779
18 75 1548
18 76 547
18 77 2827
18 78 1596
18 79 595
18 80 2875
18 81 1644
18 82 643
18 83 2923
18 84 1692
18 85 691
18 86 2971
18 87 1740
18 88 739
18 89 3019
18 90 1788
18 91 787
18 92 2611
19 0 760
19 1 1816
19 2 1270
19 3 1172
19 4 881
19 5 1526
19 6 1912
19 7 1039
19 8 1119
19 9 859
19 10 837
19 11 1011
19 12 1539
19 13 1423
19 14 1249
19 15 1751
19 16 1058
19 17 1418
19 18 1851
19 19 0
19 20 1071
19 21 1873
19 22 1493
19 23 1028
19 24 1041
19 25 1335
19 26 863
19 27 338
19 28 1116
19 29 837
19 30 1201
19 31 954
19 32 52
19 33 759
19 34 1214
19 35 1834
19 36 377
19 37 1354
19 38 640
19 39 783
19 40 2014
19 41 592
19 42 735
19 43 1966
19 44 544
19 45 687
19 46 1918
19 47 592
19 48 735
19 49 1966
19 50 640
19 51 783
19 52 2014
19 53 688
19 54 831
19 55 2062
19 56 736
19 57 879
19 58 2110
19 59 784
19 60 927
19 61 2158
19 62 832
19 63 975
19 64 2206
19 65 880
19 66 1023
19 67 2254
19 68 928
19 69 1071
19 70 2302
19 71 976
19 72 1119
19 73 2350
19 74 1024
19 75 1167
19 76 2398
19 77 1072
19 78 1215
19 79 2446
19 80 1120
19 81 1263
19 82 2494
19 83 1168
19 84 1311
19 85 2542
19 86 1216
19 87 1359
19 88 2590
19 89 1264
19 90 1407
19 91 2638
19 92 760
20 0 1063
20 1 1513
20 2 967
20 3 869
20 4 1280
20 5 1925
20 6 1513
20 7 1438
20 8 720
20 9 460
20 10 650
20 11 708
20 12 1140
20 13 1120
20 14 1006
20 15 1448
20 16 13
20 17 1019
20 18 1548
20 19 1071
20 20 0
20 21 1474
20 22 1190
20 23 629
20 24 642
20 25 1032
20 26 208
20 27 733
20 28 1515
20 29 438
20 30 286
20 31 533
20 32 1123
20 33 728
20 34 1041
20 35 1531
20 36 1110
20 37 1285
20 38 943
20 39 384
20 40 1615
20 41 895
20 42 336
20 43 1567
20 44 943
20 45 384
20 46 1615
20 47 991
20 48 432
20 49 1663
20 50 1039
20 51 480
20 52 1711
20 53 1087
20 54 528
20 55 1759
20 56 1135
20 57 576
20 58 1807
20 59 1183
20 60 624
20 61 1855
20 62 1231
20 63 672
20 64 1903
20 65 1279
20 66 720
20 67 1951
20 68 1327
20 69 768
20 70 1999
20 71 1375
20 72 816
20 73 2047
20 74 1423
20 75 864
20 76 2095
20 77 1471
20 78 912
20 79 2143
20 80 1519
20 81 960
20 82 2191
20 83 1567
20 84 1008
20 85 2239
20 86 1615
20 87 1056
20 88 2287
20 89 1663
20 90 1104
20 91 2335
20 92 1063
21 0 2441
21 1 1587
21 2 885
21 3 1671
21 4 2368
21 5 2779
21 6 39
21 7 2786
21 8 754
21 9 1166
21 10 2124
21 11 1432
21 12 616
21 13 1922
21 14 1712
21 15 1652
21 16 1461
21 17 455
21 18 400
21 19 1873
21 20 1474
21 21 0
21 22 1238
21 23 1335
21 24 1348
21 25 820
21 26 1266
21 27 1535
21 28 2421
21 29 1240
21 30 1760
21 31 2007
21 32 1925
21 33 2202
21 34 1843
21 35 2333
21 36 2250
21 37 2087
21 38 2321
21 39 1090
21 40 141
21 41 2369
21 42 1138
21 43 189
21 44 2417
21 45 1186
21 46 237
21 47 2465
21 48 1234
21 49 285
21 50 2513
21 51 1282
21 52 333
21 53 2561
21 54 1330
21 55 381
21 56 2609
21 57 1378
21 58 429
21 59 2657
21 60 1426
21 61 477
21 62 2705
21 63 1474
21 64 525
21 65 2753
21 66 1522
21 67 573
21 68 2801
21 69 1570
21 70 621
21 71 2849
21 72 1618
21 73 669
21 74 2897
21 75 1666
21 76 717
21 77 2945
21 78 1714
21 79 765
21 80 2993
21 81 1762
21 82 813
21 83 3041
21 84 1810
21 85 861
21 86 3089
21 87 1858
21 88 909
21 89 3137
21 90 1906
21 91 957
21 92 2441
22 0 2253
22 1 1359
22 2 1389
22 3 811
22 4 1700
22 5 1823
22 6 1199
22 7 1830
22 8 1238
22 9 978
22 10 1840
22 11 842
22 12 1476
22 13 1158
22 14 1524
22 15 1294
22 16 1177
22 17 1537
22 18 1068
22 19 1493
22 20 1190
22 21 1238
22 22 0
22 23 1147
22 24 1160
22 25 1454
22 26 982
22 27 1155
22 28 1465
22 29 956
22 30 1476
22 31 1723
22 32 1545
22 33 1918
22 34 1367
22 35 1377
22 36 1870
22 37 1227
22 38 2133
22 39 902
22 40 1097
22 41 2085
22 42 854
22 43 1049
22 44 2037
22 45 806
22 46 1001
22 47 1989
22 48 758
22 49 953
22 50 1941
22 51 710
22 52 905
22 53 1893
22 54 662
22 55 857
22 56 1845
22 57 614
22 58 809
22 59 1797
22 60 566
22 61 761
22 62 1749
22 63 518
22 64 713
22 65 1797
22 66 566
22 67 761
22 68 1845
22 69 614
22 70 809
22 71 1893
22 72 662
22 73 857
22 74 1941
22 75 710
22 76 905
22 77 1989
22 78 758
22 79 953
22 80 2037
22 81 806
22 82 1001
22 83 2085
22 84 854
22 85 1049
22 86 2133
22 87 902
22 88 1097
22 89 2181
22 90 950
22 91 1145
22 92 2253
23 0 1106
23 1 1470
23 2 924
23 3 826
23 4 1419
23 5 1934
23 6 1374
23 7 1577
23 8 581
23 9 169
23 10 1279
23 11 665
23 12 1097
23 13 1077
23 14 377
23 15 1405
23 16 616
23 17 880
23 18 1505
23 19 1028
23 20 629
23 21 1335
23 22 1147
23 23 0
23 24 13
23 25 989
23 26 421
23 27 690
23 28 1576
23 29 395
23 30 915
23 31 1162
23 32 1080
23 33 1201
23 34 998
23 35 1488
23 36 1249
23 37 1242
23 38 986
23 39 245
23 40 1476
23 41 1034
23 42 293
23 43 1524
23 44 1082
23 45 341
23 46 1572
23 47 1130
23 48 389
23 49 1620
23 50 1178
23 51 437
23 52 1668
23 53 1226
23 54 485
23 55 1716
23 56 1274
23 57 533
23 58 1764
23 59 1322
23 60 581
23 61 1812
23 62 1370
23 63 629
23 64 1860
23 65 1418
23 66 677
23 67 1908
23 68 1466
23 69 725
23 70 1956
23 71 1514
23 72 773
23 73 2004
23 74 1562
23 75 821
23 76 2052
23 77 1610
23 78 869
23 79 2100
23 80 1658
23 81 917
23 82 2148
23 83 1706
23 84 965
23 85 2196
23 86 1754
23 87 1013
23 88 2244
23 89 1802
23 90 1061
23 91 2292
23 92 1106
24 0 1093
24 1 1483
24 2 937
24 3 839
24 4 1406
24 5 1947
24 6 1387
24 7 1564
24 8 594
24 9 182
24 10 1266
24 11 678
24 12 1110
24 13 1090
24 14 364
24 15 1418
24 16 629
24 17 893
24 18 1518
24 19 1041
24 20 642
24 21 1348
24 22 1160
24 23 13
24 24 0
24 25 1002
24 26 434
24 27 703
24 28 1589
24 29 408
24 30 928
24 31 1175
24 32 1093
24 33 1188
24 34 1011
24 35 1501
24 36 1236
24 37 1255
24 38 973
24 39 258
24 40 1489
24 41 1021
24 42 306
24 43 1537
24 44 1069
24 45 354
24 46 1585
24 47 1117
24 48 402
24 49 1633
24 50 1165
24 51 450
24 52 1681
24 53 1213
24 54 498
24 55 1729
24 56 1261
24 57 546
24 58 1777
24 59 1309
24 60 594
24 61 1825
24 62 1357
24 63 642
24 64 1873
24 65 1405
24 66 690
24 67 1921
24 68 1453
24 69 738
24 70 1969
24 71 1501
24 72 786
24 73 2017
24 74 1549
24 75 834
24 76 2065
24 77 1597
24 78 882
24 79 2113
24 80 1645
24 81 930
24 82 2161
24 83 1693
24 84 978
24 85 2209
24 86 1741
24 87 1026
24 88 2257
24 89 1789
24 90 1074
24 91 2305
24 92 1093
25 0 2095
25 1 1777
25 2 65
25 3 1133
25 4 1830
25 5 2241
25 6 781
25 7 2248
25 8 1080
25 9 820
25 10 1682
25 11 972
25 12 1058
25 13 1384
25 14 1366
25 15 1712
25 16 1019
25 17 1275
25 18 746
25 19 1335
25 20 1032
25 21 820
25 22 1454
25 23 989
25 24 1002
25 25 0
25 26 824
25 27 997
25 28 1883
25 29 798
25 30 1318
25 31 1565
25 32 1387
25 33 1760
25 34 1305
25 35 1795
25 36 1712
25 37 1549
25 38 1975
25 39 744
25 40 679
25 41 1927
25 42 696
25 43 631
25 44 1879
25 45 648
25 46 583
25 47 1927
25 48 696
25 49 631
25 50 1975
25 51 744
25 52 679
25 53 2023
25 54 792
25 55 727
25 56 2071
25 57 840
25 58 775
25 59 2119
25 60 888
25 61 823
25 62 2167
25 63 936
25 64 871
25 65 2215
25 66 984
25 67 919
25 68 2263
25 69 1032
25 70 967
25 71 2311
25 72 1080
25 73 1015
25 74 2359
25 75 1128
25 76 1063
25 77 2407
25 78 1176
25 79 1111
25 80 2455
25 81 1224
25 82 1159
25 83 2503
25 84 1272
25 85 1207
25 86 2551
25 87 1320
25 88 1255
25 89 2599
25 90 1368
25 91 1303
25 92 2095
26 0 1271
26 1 1305
26 2 759
26 3 661
26 4 1358
26 5 1769
26 6 1305
26 7 1646
26 8 512
26 9 252
26 10 858
26 11 500
26 12 932
26 13 912
26 14 798
26 15 1240
26 16 195
26 17 811
26 18 1340
26 19 863
26 20 208
26 21 1266
26 22 982
26 23 421
26 24 434
26 25 824
26 26 0
26 27 525
26 28 1411
26 29 230
26 30 494
26 31 741
26 32 915
26 33 936
26 34 833
26 35 1323
26 36 1240
26 37 1077
26 38 1151
26 39 176
26 40 1407
26 41 1103
26 42 128
26 43 1359
26 44 1151
26 45 176
26 46 1407
26 47 1199
26 48 224
26 49 1455
26 50 1247
26 51 272
26 52 1503
26 53 1295
26 54 320
26 55 1551
26 56 1343
26 57 368
26 58 1599
26 59 1391
26 60 416
26 61 1647
26 62 1439
26 63 464
26 64 1695
26 65 1487
26 66 512
26 67 1743
26 68 1535
26 69 560
26 70 1791
26 71 1583
26 72 608
26 73 1839
26 74 1631
26 75 656
26 76 1887
26 77 1679
26 78 704
26 79 1935
26 80 1727
26 81 752
26 82 1983
26 83 1775
26 84 800
26 85 2031
26 86 1823
26 87 848
26 88 2079
26 89 1871
26 90 896
26 91 2127
26 92 1271
27 0 1098
27 1 1478
27 2 932
27 3 834
27 4 1219
27 5 1864
27 6 1574
27 7 1377
27 8 781
27 9 521
27 10 1175
27 11 673
27 12 1201
27 13 1085
27 14 1067
27 15 1413
27 16 720
27 17 1080
27 18 1513
27 19 338
27 20 733
27 21 1535
27 22 1155
27 23 690
27 24 703
27 25 997
27 26 525
27 27 0
27 28 1454
27 29 499
27 30 1019
27 31 1266
27 32 390
27 33 1097
27 34 1006
27 35 1496
27 36 715
27 37 1250
27 38 978
27 39 445
27 40 1676
27 41 930
27 42 397
27 43 1628
27 44 882
27 45 349
27 46 1580
27 47 930
27 48 397
27 49 1628
27 50 978
27 51 445
27 52 1676
27 53 1026
27 54 493
27 55 1724
27 56 1074
27 57 541
27 58 1772
27 59 1122
27 60 589
27 61 1820
27 62 1170
27 63 637
27 64 1868
27 65 1218
27 66 685
27 67 1916
27 68 1266
27 69 733
27 70 1964
27 71 1314
27 72 781
27 73 2012
27 74 1362
27 75 829
27 76 2060
27 77 1410
27 78 877
27 79 2108
27 80 1458
27 81 925
27 82 2156
27 83 1506
27 84 973
27 85 2204
27 86 1554
27 87 1021
27 88 2252
27 89 1602
27 90 1069
27 91 2300
27 92 1098
28 0 788
28 1 1788
28 2 1818
28 3 1240
28 4 621
28 5 978
28 6 2460
28 7 491
28 8 1667
28 9 1407
28 10 865
28 11 1271
28 12 2087
28 13 1067
28 14 1277
28 15 1723
28 16 1528
28 17 1966
28 18 2303
28 19 1116
28 20 1515
28 21 2421
28 22 1465
28 23 1576
28 24 1589
28 25 1883
28 26 1411
28 27 1454
28 28 0
28 29 1385
28 30 1229
28 31 982
28 32 1064
28 33 787
28 34 1146
28 35 1520
28 36 739
28 37 902
28 38 668
28 39 1331
28 40 2562
28 41 620
28 42 1283
28 43 2514
28 44 572
28 45 1235
28 46 2466
28 47 524
28 48 1187
28 49 2418
28 50 476
28 51 1139
28 52 2370
28 53 428
28 54 1091
28 55 2322
28 56 380
28 57 1043
28 58 2274
28 59 332
28 60 995
28 61 2226
28 62 284
28 63 947
28 64 2178
28 65 332
28 66 995
28 67 2226
28 68 380
28 69 1043
28 70 2274
28 71 428
28 72 1091
28 73 2322
28 74 476
28 75 1139
28 76 2370
28 77 524
28 78 1187
28 79 2418
28 80 572
28 81 1235
28 82 2466
28 83 620
28 84 1283
28 85 2514
28 86 668
28 87 1331
28 88 2562
28 89 716
28 90 1379
28 91 2610
28 92 788
29 0 1501
29 1 1279
29 2 733
29 3 635
29 4 1332
29 5 1743
29 6 1279
29 7 1750
29 8 486
29 9 226
29 10 1088
29 11 474
29 12 702
29 13 886
29 14 772
29 15 1214
29 16 425
29 17 785
29 18 1314
29 19 837
29 20 438
29 21 1240
29 22 956
29 23 395
29 24 408
29 25 798
29 26 230
29 27 499
29 28 1385
29 29 0
29 30 724
29 31 971
29 32 889
29 33 1166
29 34 807
29 35 1297
29 36 1214
29 37 1051
29 38 1381
29 39 150
29 40 1177
29 41 1333
29 42 102
29 43 1129
29 44 1381
29 45 150
29 46 1177
29 47 1429
29 48 198
29 49 1225
29 50 1477
29 51 246
29 52 1273
29 53 1525
29 54 294
29 55 1321
29 56 1573
29 57 342
29 58 1369
29 59 1621
29 60 390
29 61 1417
29 62 1669
29 63 438
29 64 1465
29 65 1717
29 66 486
29 67 1513
29 68 1765
29 69 534
29 70 1561
29 71 1813
29 72 582
29 73 1609
29 74 1861
29 75 630
29 76 1657
29 77 1909
29 78 678
29 79 1705
29 80 1957
29 81 726
29 82 1753
29 83 2005
29 84 774
29 85 1801
29 86 2053
29 87 822
29 88 1849
29 89 2101
29 90 870
29 91 1897
29 92 1501
30 0 777
30 1 1799
30 2 1253
30 3 1155
30 4 994
30 5 1639
30 6 1799
30 7 1152
30 8 1006
30 9 746
30 10 364
30 11 994
30 12 1426
30 13 1406
30 14 1266
30 15 1734
30 16 299
30 17 1305
30 18 1834
30 19 1201
30 20 286
30 21 1760
30 22 1476
30 23 915
30 24 928
30 25 1318
30 26 494
30 27 1019
30 28 1229
30 29 724
30 30 0
30 31 247
30 32 1149
30 33 442
30 34 1327
30 35 1817
30 36 824
30 37 1467
30 38 657
30 39 670
30 40 1901
30 41 609
30 42 622
30 43 1853
30 44 657
30 45 670
30 46 1901
30 47 705
30 48 718
30 49 1949
30 50 753
30 51 766
30 52 1997
30 53 801
30 54 814
30 55 2045
30 56 849
30 57 862
30 58 2093
30 59 897
30 60 910
30 61 2141
30 62 945
30 63 958
30 64 2189
30 65 993
30 66 1006
30 67 2237
30 68 1041
30 69 1054
30 70 2285
30 71 1089
30 72 1102
30 73 2333
30 74 1137
30 75 1150
30 76 2381
30 77 1185
30 78 1198
30 79 2429
30 80 1233
30 81 1246
30 82 2477
30 83 1281
30 84 1294
30 85 2525
30 86 1329
30 87 1342
30 88 2573
30 89 1377
30 90 1390
30 91 2621
30 92 777
31 0 530
31 1 2046
31 2 1500
31 3 1402
31 4 747
31 5 1392
31 6 2046
31 7 905
31 8 1253
31 9 993
31 10 117
31 11 1241
31 12 1673
31 13 1289
31 14 1019
31 15 1981
31 16 546
31 17 1552
31 18 2081
31 19 954
31 20 533
31 21 2007
31 22 1723
31 23 1162
31 24 1175
31 25 1565
31 26 741
31 27 1266
31 28 982
31 29 971
31 30 247
31 31 0
31 32 902
31 33 195
31 34 1080
31 35 1934
31 36 577
31 37 1220
31 38 410
31 39 917
31 40 2148
31 41 362
31 42 869
31 43 2100
31 44 410
31 45 917
31 46 2148
31 47 458
31 48 965
31 49 2196
31 50 506
31 51 1013
31 52 2244
31 53 554
31 54 1061
31 55 2292
31 56 602
31 57 1109
31 58 2340
31 59 650
31 60 1157
31 61 2388
31 62 698
31 63 1205
31 64 2436
31 65 746
31 66 1253
31 67 2484
31 68 794
31 69 1301
31 70 2532
31 71 842
31 72 1349
31 73 2580
31 74 890
31 75 1397
31 76 2628
31 77 938
31 78 1445
31 79 2676
31 80 986
31 81 1493
31 82 2724
31 83 1034
31 84 1541
31 85 2772
31 86 1082
31 87 1589
31 88 2820
31 89 1130
31 90 1637
31 91 2868
31 92 530
32 0 708
32 1 1868
32 2 1322
32 3 1224
32 4 829
32 5 1474
32 6 1964
32 7 987
32 8 1171
32 9 911
32 10 785
32 11 1063
32 12 1591
32 13 1371
32 14 1197
32 15 1803
32 16 1110
32 17 1470
32 18 1903
32 19 52
32 20 1123
32 21 1925
32 22 1545
32 23 1080
32 24 1093
32 25 1387
32 26 915
32 27 390
32 28 1064
32 29 889
32 30 1149
32 31 902
32 32 0
32 33 707
32 34 1162
32 35 1886
32 36 325
32 37 1302
32 38 588
32 39 835
32 40 2066
32 41 540
32 42 787
32 43 2018
32 44 492
32 45 739
32 46 1970
32 47 540
32 48 787
32 49 2018
32 50 588
32 51 835
32 52 2066
32 53 636
32 54 883
32 55 2114
32 56 684
32 57 931
32 58 2162
32 59 732
32 60 979
32 61 2210
32 62 780
32 63 1027
32 64 2258
32 65 828
32 66 1075
32 67 2306
32 68 876
32 69 1123
32 70 2354
32 71 924
32 72 1171
32 73 2402
32 74 972
32 75 1219
32 76 2450
32 77 1020
32 78 1267
32 79 2498
32 80 1068
32 81 1315
32 82 2546
32 83 1116
32 84 1363
32 85 2594
32 86 1164
32 87 1411
32 88 2642
32 89 1212
32 90 1459
32 91 2690
32 92 708
33 0 335
33 1 2241
33 2 1695
33 3 1441
33 4 552
33 5 1197
33 6 2241
33 7 710
33 8 1448
33 9 1188
33 10 78
33 11 1436
33 12 1868
33 13 1094
33 14 824
33 15 2176
33 16 741
33 17 1747
33 18 2276
33 19 759
33 20 728
33 21 2202
33 22 1918
33 23 1201
33 24 1188
33 25 1760
33 26 936
33 27 1097
33 28 787
33 29 1166
33 30 442
33 31 195
33 32 707
33 33 0
33 34 885
33 35 1739
33 36 382
33 37 1025
33 38 215
33 39 1112
33 40 2343
33 41 167
33 42 1064
33 43 2295
33 44 215
33 45 1112
33 46 2343
33 47 263
33 48 1160
33 49 2391
33 50 311
33 51 1208
33 52 2439
33 53 359
33 54 1256
33 55 2487
33 56 407
33 57 1304
33 58 2535
33 59 455
33 60 1352
33 61 2583
33 62 503
33 63 1400
33 64 2631
33 65 551
33 66 1448
33 67 2679
33 68 599
33 69 1496
33 70 2727
33 71 647
33 72 1544
33 73 2775
33 74 695
33 75 1592
33 76 2823
33 77 743
33 78 1640
33 79 2871
33 80 791
33 81 1688
33 82 2919
33 83 839
33 84 1736
33 85 2967
33 86 887
33 87 1784
33 88 3015
33 89 935
33 90 1832
33 91 3063
33 92 335
34 0 886
34 1 1690
34 2 1240
34 3 1046
34 4 911
34 5 1556
34 6 1882
34 7 1069
34 8 1089
34 9 829
34 10 963
34 11 885
34 12 1509
34 13 1297
34 14 1375
34 15 1625
34 16 1028
34 17 1388
34 18 1725
34 19 1214
34 20 1041
34 21 1843
34 22 1367
34 23 998
34 24 1011
34 25 1305
34 26 833
34 27 1006
34 28 1146
34 29 807
34 30 1327
34 31 1080
34 32 1162
34 33 885
34 34 0
34 35 1708
34 36 837
34 37 1384
34 38 766
34 39 753
34 40 1984
34 41 718
34 42 705
34 43 1936
34 44 670
34 45 657
34 46 1888
34 47 622
34 48 609
34 49 1840
34 50 670
34 51 657
34 52 1888
34 53 718
34 54 705
34 55 1936
34 56 766
34 57 753
34 58 1984
34 59 814
34 60 801
34 61 2032
34 62 862
34 63 849
34 64 2080
34 65 910
34 66 897
34 67 2128
34 68 958
34 69 945
34 70 2176
34 71 1006
34 72 993
34 73 2224
34 74 1054
34 75 1041
34 76 2272
34 77 1102
34 78 1089
34 79 2320
34 80 1150
34 81 1137
34 82 2368
34 83 1198
34 84 1185
34 85 2416
34 86 1246
34 87 1233
34 88 2464
34 89 1294
34 90 1281
34 91 2512
34 92 886
35 0 1740
35 1 1028
35 2 1730
35 3 1152
35 4 1573
35 5 1162
35 6 2372
35 7 1155
35 8 1579
35 9 1319
35 10 1817
35 11 1183
35 12 1999
35 13 1499
35 14 1865
35 15 963
35 16 1518
35 17 1878
35 18 2215
35 19 1834
35 20 1531
35 21 2333
35 22 1377
35 23 1488
35 24 1501
35 25 1795
35 26 1323
35 27 1496
35 28 1520
35 29 1297
35 30 1817
35 31 1934
35 32 1886
35 33 1739
35 34 1708
35 35 0
35 36 1691
35 37 1568
35 38 1620
35 39 1243
35 40 2474
35 41 1572
35 42 1195
35 43 2426
35 44 1524
35 45 1147
35 46 2378
35 47 1476
35 48 1099
35 49 2330
35 50 1428
35 51 1051
35 52 2282
35 53 1380
35 54 1003
35 55 2234
35 56 1332
35 57 955
35 58 2186
35 59 1284
35 60 907
35 61 2138
35 62 1236
35 63 859
35 64 2090
35 65 1188
35 66 811
35 67 2042
35 68 1140
35 69 763
35 70 1994
35 71 1092
35 72 715
35 73 1946
35 74 1044
35 75 667
35 76 1898
35 77 996
35 78 619
35 79 1850
35 80 948
35 81 571
35 82 1802
35 83 900
35 84 523
35 85 1754
35 86 852
35 87 475
35 88 1706
35 89 804
35 90 427
35 91 1658
35 92 1740
36 0 383
36 1 2193
36 2 1647
36 3 1393
36 4 504
36 5 1149
36 6 2289
36 7 662
36 8 1496
36 9 1236
36 10 460
36 11 1388
36 12 1916
36 13 1046
36 14 872
36 15 2128
36 16 1123
36 17 1795
36 18 2228
36 19 377
36 20 1110
36 21 2250
36 22 1870
36 23 1249
36 24 1236
36 25 1712
36 26 1240
36 27 715
36 28 739
36 29 1214
36 30 824
36 31 577
36 32 325
36 33 382
36 34 837
36 35 1691
36 36 0
36 37 977
36 38 263
36 39 1160
36 40 2391
36 41 215
36 42 1112
36 43 2343
36 44 167
36 45 1064
36 46 2295
36 47 215
36 48 1112
36 49 2343
36 50 263
36 51 1160
36 52 2391
36 53 311
36 54 1208
36 55 2439
36 56 359
36 57 1256
36 58 2487
36 59 407
36 60 1304
36 61 2535
36 62 455
36 63 1352
36 64 2583
36 65 503
36 66 1400
36 67 2631
36 68 551
36 69 1448
36 70 2679
36 71 599
36 72 1496
36 73 2727
36 74 647
36 75 1544
36 76 2775
36 77 695
36 78 1592
36 79 2823
36 80 743
36 81 1640
36 82 2871
36 83 791
36 84 1688
36 85 2919
36 86 839
36 87 1736
36 88 2967
36 89 887
36 90 1784
36 91 3015
36 92 383
37 0 1026
37 1 1550
37 2 1484
37 3 416
37 4 859
37 5 1312
37 6 2126
37 7 825
37 8 1333
37 9 1073
37 10 1103
37 11 937
37 12 1753
37 13 1253
37 14 1515
37 15 1485
37 16 1272
37 17 1632
37 18 1969
37 19 1354
37 20 1285
37 21 2087
37 22 1227
37 23 1242
37 24 1255
37 25 1549
37 26 1077
37 27 1250
37 28 902
37 29 1051
37 30 1467
37 31 1220
37 32 1302
37 33 1025
37 34 1384
37 35 1568
37 36 977
37 37 0
37 38 906
37 39 997
37 40 2228
37 41 858
37 42 949
37 43 2180
37 44 810
37 45 901
37 46 2132
37 47 762
37 48 853
37 49 2084
37 50 714
37 51 805
37 52 2036
37 53 666
37 54 757
37 55 1988
37 56 618
37 57 709
37 58 1940
37 59 570
37 60 661
37 61 1892
37 62 618
37 63 709
37 64 1940
37 65 666
37 66 757
37 67 1988
37 68 714
37 69 805
37 70 2036
37 71 762
37 72 853
37 73 2084
37 74 810
37 75 901
37 76 2132
37 77 858
37 78 949
37 79 2180
37 80 906
37 81 997
37 82 2228
37 83 954
37 84 1045
37 85 2276
37 86 1002
37 87 1093
37 88 2324
37 89 1050
37 90 1141
37 91 2372
37 92 1026
38 0 120
38 1 2456
38 2 1910
38 3 1322
38 4 433
38 5 1078
38 6 2360
38 7 591
38 8 1567
38 9 1155
38 10 293
38 11 1651
38 12 2083
38 13 975
38 14 609
38 15 2391
38 16 956
38 17 1866
38 18 2491
38 19 640
38 20 943
38 21 2321
38 22 2133
