//alpha
1
//NbLocations
50
//NbProducts
33
//NbPickers
2
//CapaPicker
4
//TimeToTravelOneDistanceUnit
3
//SetupTime
5400
//PickTime
300
//Products
//Idx Location Size
1 1 1
2 2 1
3 3 1
4 4 1
5 5 1
6 6 1
7 7 1
8 8 1
9 9 1
10 10 1
11 11 1
12 12 1
13 13 1
14 14 1
15 15 1
16 16 1
17 17 1
18 18 1
19 19 1
20 20 1
21 21 1
22 22 1
23 18 1
24 23 1
25 24 1
26 25 1
27 26 1
28 19 1
29 27 1
30 28 1
31 29 1
32 30 1
33 31 1
//Orders
//NbOrders
12
//Idx DueDate TardinessPenalty NbProdInOrder ProdIdx1 Qty1 ProdIdx2 Qty2 ...
1 108000 0 2 1 1 2 1
2 126000 0 4 3 1 4 1 5 1 6 1
3 36000 0 1 7 1
4 54000 0 3 8 1 9 1 10 1
5 72000 0 4 11 1 12 1 13 1 14 1
6 108000 0 4 15 1 16 1 17 1 18 1
7 144000 0 4 19 1 20 1 21 1 22 1
8 90000 0 3 23 1 24 1 25 1
9 72000 0 4 26 1 27 1 28 1 29 1
10 90000 0 1 30 1
11 54000 0 2 31 1 32 1
12 36000 0 1 33 1
//Graph (Products are vertices indexed from 1 to NbProducts)
//NbVerticesIntersections
18
//DepartingDepot
0
//ArrivalDepot
50
//Arcs
//Start End Distance
0 32 120
1 11 182
1 17 13
2 4 13
2 8 0
3 6 13
3 13 52
4 2 13
4 28 52
5 41 128
5 42 323
6 3 13
6 8 26
7 14 208
7 29 0
8 2 0
8 6 26
9 22 26
9 26 195
10 17 0
10 19 13
11 1 182
11 34 37
12 19 52
12 21 104
13 3 52
13 18 26
14 7 208
14 39 206
15 18 65
15 32 154
16 20 39
16 26 26
17 1 13
17 10 0
18 13 26
18 15 65
19 10 13
19 12 52
20 16 39
20 39 115
21 12 104
21 33 50
22 9 26
22 40 50
23 24 247
23 35 128
24 23 247
24 31 26
25 42 414
25 43 37
26 9 195
26 16 26
27 28 13
27 33 37
28 4 52
28 27 13
29 7 0
29 38 37
30 36 401
30 37 50
31 24 26
31 36 50
32 15 154
32 35 48
32 50 120
33 21 50
33 27 37
33 36 48
34 11 37
34 37 48
35 23 128
35 32 48
35 38 48
36 30 401
36 31 50
36 33 48
36 39 48
37 30 50
37 34 48
37 40 48
38 29 37
38 35 48
38 41 48
39 14 206
39 20 115
39 36 48
39 42 48
40 22 50
40 37 48
40 43 48
41 5 128
41 38 48
41 44 48
42 5 323
42 25 414
42 39 48
42 45 48
43 25 37
43 40 48
43 46 48
44 41 48
44 45 451
44 47 48
45 42 48
45 44 451
45 46 451
45 48 48
46 43 48
46 45 451
46 49 48
47 44 48
47 48 451
48 45 48
48 47 451
48 49 451
49 46 48
49 48 451
//LocStart LocEnd ShortestPath
0 0 0
0 1 803
0 2 456
0 3 417
0 4 469
0 5 392
0 6 430
0 7 253
0 8 456
0 9 1042
0 10 790
0 11 985
0 12 725
0 13 365
0 14 461
0 15 274
0 16 821
0 17 790
0 18 339
0 19 777
0 20 782
0 21 621
0 22 1068
0 23 296
0 24 543
0 25 1129
0 26 847
0 27 534
0 28 521
0 29 253
0 30 1020
0 31 569
0 32 120
0 33 571
0 34 1022
0 35 168
0 36 619
0 37 1070
0 38 216
0 39 667
0 40 1118
0 41 264
0 42 715
0 43 1166
0 44 312
0 45 763
0 46 1214
0 47 360
0 48 811
0 49 1262
0 50 0
1 0 803
1 1 0
1 2 347
1 3 386
1 4 334
1 5 699
1 6 373
1 7 742
1 8 347
1 9 391
1 10 13
1 11 182
1 12 78
1 13 438
1 14 534
1 15 529
1 16 482
1 17 13
1 18 464
1 19 26
1 20 443
1 21 182
1 22 365
1 23 603
1 24 356
1 25 400
1 26 508
1 27 269
1 28 282
1 29 742
1 30 317
1 31 330
1 32 683
1 33 232
1 34 219
1 35 731
1 36 280
1 37 267
1 38 779
1 39 328
1 40 315
1 41 827
1 42 376
1 43 363
1 44 875
1 45 424
1 46 411
1 47 923
1 48 472
1 49 459
1 50 803
2 0 456
2 1 347
2 2 0
2 3 39
2 4 13
2 5 582
2 6 26
2 7 469
2 8 0
2 9 586
2 10 334
2 11 529
2 12 269
2 13 91
2 14 417
2 15 182
2 16 365
2 17 334
2 18 117
2 19 321
2 20 326
2 21 165
2 22 612
2 23 486
2 24 239
2 25 673
2 26 391
2 27 78
2 28 65
2 29 469
2 30 564
2 31 213
2 32 336
2 33 115
2 34 566
2 35 384
2 36 163
2 37 614
2 38 432
2 39 211
2 40 662
2 41 480
2 42 259
2 43 710
2 44 528
2 45 307
2 46 758
2 47 576
2 48 355
2 49 806
2 50 456
3 0 417
3 1 386
3 2 39
3 3 0
3 4 52
3 5 569
3 6 13
3 7 430
3 8 39
3 9 625
3 10 373
3 11 568
3 12 308
3 13 52
3 14 456
3 15 143
3 16 404
3 17 373
3 18 78
3 19 360
3 20 365
3 21 204
3 22 651
3 23 473
3 24 278
3 25 712
3 26 430
3 27 117
3 28 104
3 29 430
3 30 603
3 31 252
3 32 297
3 33 154
3 34 605
3 35 345
3 36 202
3 37 653
3 38 393
3 39 250
3 40 701
3 41 441
3 42 298
3 43 749
3 44 489
3 45 346
3 46 797
3 47 537
3 48 394
3 49 845
3 50 417
4 0 469
4 1 334
4 2 13
4 3 52
4 4 0
4 5 569
4 6 39
4 7 482
4 8 13
4 9 573
4 10 321
4 11 516
4 12 256
4 13 104
4 14 404
4 15 195
4 16 352
4 17 321
4 18 130
4 19 308
4 20 313
4 21 152
4 22 599
4 23 473
4 24 226
4 25 660
4 26 378
4 27 65
4 28 52
4 29 482
4 30 551
4 31 200
4 32 349
4 33 102
4 34 553
4 35 397
4 36 150
4 37 601
4 38 445
4 39 198
4 40 649
4 41 493
4 42 246
4 43 697
4 44 541
4 45 294
4 46 745
4 47 589
4 48 342
4 49 793
4 50 469
5 0 392
5 1 699
5 2 582
5 3 569
5 4 569
5 5 0
5 6 582
5 7 213
5 8 582
5 9 746
5 10 686
5 11 881
5 12 621
5 13 517
5 14 421
5 15 426
5 16 525
5 17 686
5 18 491
5 19 673
5 20 486
5 21 517
5 22 772
5 23 352
5 24 495
5 25 737
5 26 551
5 27 504
5 28 517
5 29 213
5 30 820
5 31 469
5 32 272
5 33 467
5 34 918
5 35 224
5 36 419
5 37 870
5 38 176
5 39 371
5 40 822
5 41 128
5 42 323
5 43 774
5 44 176
5 45 371
5 46 822
5 47 224
5 48 419
5 49 870
5 50 392
6 0 430
6 1 373
6 2 26
6 3 13
6 4 39
6 5 582
6 6 0
6 7 443
6 8 26
6 9 612
6 10 360
6 11 555
6 12 295
6 13 65
6 14 443
6 15 156
6 16 391
6 17 360
6 18 91
6 19 347
6 20 352
6 21 191
6 22 638
6 23 486
6 24 265
6 25 699
6 26 417
6 27 104
6 28 91
6 29 443
6 30 590
6 31 239
6 32 310
6 33 141
6 34 592
6 35 358
6 36 189
6 37 640
6 38 406
6 39 237
6 40 688
6 41 454
6 42 285
6 43 736
6 44 502
6 45 333
6 46 784
6 47 550
6 48 381
6 49 832
6 50 430
7 0 253
7 1 742
7 2 469
7 3 430
7 4 482
7 5 213
7 6 443
7 7 0
7 8 469
7 9 789
7 10 729
7 11 924
7 12 664
7 13 378
7 14 208
7 15 287
7 16 568
7 17 729
7 18 352
7 19 716
7 20 529
7 21 560
7 22 815
7 23 213
7 24 460
7 25 876
7 26 594
7 27 547
7 28 534
7 29 0
7 30 863
7 31 486
7 32 133
7 33 510
7 34 961
7 35 85
7 36 462
7 37 913
7 38 37
7 39 414
7 40 865
7 41 85
7 42 462
7 43 913
7 44 133
7 45 510
7 46 961
7 47 181
7 48 558
7 49 1009
7 50 253
8 0 456
8 1 347
8 2 0
8 3 39
8 4 13
8 5 582
8 6 26
8 7 469
8 8 0
8 9 586
8 10 334
8 11 529
8 12 269
8 13 91
8 14 417
8 15 182
8 16 365
8 17 334
8 18 117
8 19 321
8 20 326
8 21 165
8 22 612
8 23 486
8 24 239
8 25 673
8 26 391
8 27 78
8 28 65
8 29 469
8 30 564
8 31 213
8 32 336
8 33 115
8 34 566
8 35 384
8 36 163
8 37 614
8 38 432
8 39 211
8 40 662
8 41 480
8 42 259
8 43 710
8 44 528
8 45 307
8 46 758
8 47 576
8 48 355
8 49 806
8 50 456
9 0 1042
9 1 391
9 2 586
9 3 625
9 4 573
9 5 746
9 6 612
9 7 789
9 8 586
9 9 0
9 10 404
9 11 209
9 12 469
9 13 677
9 14 581
9 15 768
9 16 221
9 17 404
9 18 703
9 19 417
9 20 260
9 21 521
9 22 26
9 23 746
9 24 499
9 25 161
9 26 195
9 27 508
9 28 521
9 29 789
9 30 174
9 31 473
9 32 922
9 33 471
9 34 172
9 35 874
9 36 423
9 37 124
9 38 826
9 39 375
9 40 76
9 41 874
9 42 423
9 43 124
9 44 922
9 45 471
9 46 172
9 47 970
9 48 519
9 49 220
9 50 1042
10 0 790
10 1 13
10 2 334
10 3 373
10 4 321
10 5 686
10 6 360
10 7 729
10 8 334
10 9 404
10 10 0
10 11 195
10 12 65
10 13 425
10 14 521
10 15 516
10 16 469
10 17 0
10 18 451
10 19 13
10 20 430
10 21 169
10 22 378
10 23 590
10 24 343
10 25 413
10 26 495
10 27 256
10 28 269
10 29 729
10 30 330
10 31 317
10 32 670
10 33 219
10 34 232
10 35 718
10 36 267
10 37 280
10 38 766
10 39 315
10 40 328
10 41 814
10 42 363
10 43 376
10 44 862
10 45 411
10 46 424
10 47 910
10 48 459
10 49 472
10 50 790
11 0 985
11 1 182
11 2 529
11 3 568
11 4 516
11 5 881
11 6 555
11 7 924
11 8 529
11 9 209
11 10 195
11 11 0
11 12 260
11 13 620
11 14 716
11 15 711
11 16 430
11 17 195
11 18 646
11 19 208
11 20 469
11 21 364
11 22 183
11 23 785
11 24 538
11 25 218
11 26 404
11 27 451
11 28 464
11 29 924
11 30 135
11 31 512
11 32 865
11 33 414
11 34 37
11 35 913
11 36 462
11 37 85
11 38 961
11 39 510
11 40 133
11 41 1009
11 42 558
11 43 181
11 44 1057
11 45 606
11 46 229
11 47 1105
11 48 654
11 49 277
11 50 985
12 0 725
12 1 78
12 2 269
12 3 308
12 4 256
12 5 621
12 6 295
12 7 664
12 8 269
12 9 469
12 10 65
12 11 260
12 12 0
12 13 360
12 14 456
12 15 451
12 16 404
12 17 65
12 18 386
12 19 52
12 20 365
12 21 104
12 22 443
12 23 525
12 24 278
12 25 478
12 26 430
12 27 191
12 28 204
12 29 664
12 30 395
12 31 252
12 32 605
12 33 154
12 34 297
12 35 653
12 36 202
12 37 345
12 38 701
12 39 250
12 40 393
12 41 749
12 42 298
12 43 441
12 44 797
12 45 346
12 46 489
12 47 845
12 48 394
12 49 537
12 50 725
13 0 365
13 1 438
13 2 91
13 3 52
13 4 104
13 5 517
13 6 65
13 7 378
13 8 91
13 9 677
13 10 425
13 11 620
13 12 360
13 13 0
13 14 508
13 15 91
13 16 456
13 17 425
13 18 26
13 19 412
13 20 417
13 21 256
13 22 703
13 23 421
13 24 330
13 25 764
13 26 482
13 27 169
13 28 156
13 29 378
13 30 655
13 31 304
13 32 245
13 33 206
13 34 657
13 35 293
13 36 254
13 37 705
13 38 341
13 39 302
13 40 753
13 41 389
13 42 350
13 43 801
13 44 437
13 45 398
13 46 849
13 47 485
13 48 446
13 49 897
13 50 365
14 0 461
14 1 534
14 2 417
14 3 456
14 4 404
14 5 421
14 6 443
14 7 208
14 8 417
14 9 581
14 10 521
14 11 716
14 12 456
14 13 508
14 14 0
14 15 495
14 16 360
14 17 521
14 18 534
14 19 508
14 20 321
14 21 352
14 22 607
14 23 421
14 24 330
14 25 668
14 26 386
14 27 339
14 28 352
14 29 208
14 30 655
14 31 304
14 32 341
14 33 302
14 34 753
14 35 293
14 36 254
14 37 705
14 38 245
14 39 206
14 40 657
14 41 293
14 42 254
14 43 705
14 44 341
14 45 302
14 46 753
14 47 389
14 48 350
14 49 801
14 50 461
15 0 274
15 1 529
15 2 182
15 3 143
15 4 195
15 5 426
15 6 156
15 7 287
15 8 182
15 9 768
15 10 516
15 11 711
15 12 451
15 13 91
15 14 495
15 15 0
15 16 547
15 17 516
15 18 65
15 19 503
15 20 508
15 21 347
15 22 794
15 23 330
15 24 421
15 25 855
15 26 573
15 27 260
15 28 247
15 29 287
15 30 746
15 31 395
15 32 154
15 33 297
15 34 748
15 35 202
15 36 345
15 37 796
15 38 250
15 39 393
15 40 844
15 41 298
15 42 441
15 43 892
15 44 346
15 45 489
15 46 940
15 47 394
15 48 537
15 49 988
15 50 274
16 0 821
16 1 482
16 2 365
16 3 404
16 4 352
16 5 525
16 6 391
16 7 568
16 8 365
16 9 221
16 10 469
16 11 430
16 12 404
16 13 456
16 14 360
16 15 547
16 16 0
16 17 469
16 18 482
16 19 456
16 20 39
16 21 300
16 22 247
16 23 525
16 24 278
16 25 382
16 26 26
16 27 287
16 28 300
16 29 568
16 30 395
16 31 252
16 32 701
16 33 250
16 34 393
16 35 653
16 36 202
16 37 345
16 38 605
16 39 154
16 40 297
16 41 653
16 42 202
16 43 345
16 44 701
16 45 250
16 46 393
16 47 749
16 48 298
16 49 441
16 50 821
17 0 790
17 1 13
17 2 334
17 3 373
17 4 321
17 5 686
17 6 360
17 7 729
17 8 334
17 9 404
17 10 0
17 11 195
17 12 65
17 13 425
17 14 521
17 15 516
17 16 469
17 17 0
17 18 451
17 19 13
17 20 430
17 21 169
17 22 378
17 23 590
17 24 343
17 25 413
17 26 495
17 27 256
17 28 269
17 29 729
17 30 330
17 31 317
17 32 670
17 33 219
17 34 232
17 35 718
17 36 267
17 37 280
17 38 766
17 39 315
17 40 328
17 41 814
17 42 363
17 43 376
17 44 862
17 45 411
17 46 424
17 47 910
17 48 459
17 49 472
17 50 790
18 0 339
18 1 464
18 2 117
18 3 78
18 4 130
18 5 491
18 6 91
18 7 352
18 8 117
18 9 703
18 10 451
18 11 646
18 12 386
18 13 26
18 14 534
18 15 65
18 16 482
18 17 451
18 18 0
18 19 438
18 20 443
18 21 282
18 22 729
18 23 395
18 24 356
18 25 790
18 26 508
18 27 195
18 28 182
18 29 352
18 30 681
18 31 330
18 32 219
18 33 232
18 34 683
18 35 267
18 36 280
18 37 731
18 38 315
18 39 328
18 40 779
18 41 363
18 42 376
18 43 827
18 44 411
18 45 424
18 46 875
18 47 459
18 48 472
18 49 923
18 50 339
19 0 777
19 1 26
19 2 321
19 3 360
19 4 308
19 5 673
19 6 347
19 7 716
19 8 321
19 9 417
19 10 13
19 11 208
19 12 52
19 13 412
19 14 508
19 15 503
19 16 456
19 17 13
19 18 438
19 19 0
19 20 417
19 21 156
19 22 391
19 23 577
19 24 330
19 25 426
19 26 482
19 27 243
19 28 256
19 29 716
19 30 343
19 31 304
19 32 657
19 33 206
19 34 245
19 35 705
19 36 254
19 37 293
19 38 753
19 39 302
19 40 341
19 41 801
19 42 350
19 43 389
19 44 849
19 45 398
19 46 437
19 47 897
19 48 446
19 49 485
19 50 777
20 0 782
20 1 443
20 2 326
20 3 365
20 4 313
20 5 486
20 6 352
20 7 529
20 8 326
20 9 260
20 10 430
20 11 469
20 12 365
20 13 417
20 14 321
20 15 508
20 16 39
20 17 430
20 18 443
20 19 417
20 20 0
20 21 261
20 22 286
20 23 486
20 24 239
20 25 421
20 26 65
20 27 248
20 28 261
20 29 529
20 30 434
20 31 213
20 32 662
20 33 211
20 34 432
20 35 614
20 36 163
20 37 384
20 38 566
20 39 115
20 40 336
20 41 614
20 42 163
20 43 384
20 44 662
20 45 211
20 46 432
20 47 710
20 48 259
20 49 480
20 50 782
21 0 621
21 1 182
21 2 165
21 3 204
21 4 152
21 5 517
21 6 191
21 7 560
21 8 165
21 9 521
21 10 169
21 11 364
21 12 104
21 13 256
21 14 352
21 15 347
21 16 300
21 17 169
21 18 282
21 19 156
21 20 261
21 21 0
21 22 547
21 23 421
21 24 174
21 25 582
21 26 326
21 27 87
21 28 100
21 29 560
21 30 499
21 31 148
21 32 501
21 33 50
21 34 401
21 35 549
21 36 98
21 37 449
21 38 597
21 39 146
21 40 497
21 41 645
21 42 194
21 43 545
21 44 693
21 45 242
21 46 593
21 47 741
21 48 290
21 49 641
21 50 621
22 0 1068
22 1 365
22 2 612
22 3 651
22 4 599
22 5 772
22 6 638
22 7 815
22 8 612
22 9 26
22 10 378
22 11 183
22 12 443
22 13 703
22 14 607
22 15 794
22 16 247
22 17 378
22 18 729
22 19 391
22 20 286
22 21 547
22 22 0
22 23 772
22 24 525
22 25 135
22 26 221
22 27 534
22 28 547
22 29 815
22 30 148
22 31 499
22 32 948
22 33 497
22 34 146
22 35 900
22 36 449
22 37 98
22 38 852
22 39 401
22 40 50
22 41 900
22 42 449
22 43 98
22 44 948
22 45 497
22 46 146
22 47 996
22 48 545
22 49 194
22 50 1068
23 0 296
23 1 603
23 2 486
23 3 473
23 4 473
23 5 352
23 6 486
23 7 213
23 8 486
23 9 746
23 10 590
23 11 785
23 12 525
23 13 421
23 14 421
23 15 330
23 16 525
23 17 590
23 18 395
23 19 577
23 20 486
23 21 421
23 22 772
23 23 0
23 24 247
23 25 833
23 26 551
23 27 408
23 28 421
23 29 213
23 30 724
23 31 273
23 32 176
23 33 371
23 34 822
23 35 128
23 36 323
23 37 774
23 38 176
23 39 371
23 40 822
23 41 224
23 42 419
23 43 870
23 44 272
23 45 467
23 46 918
23 47 320
23 48 515
23 49 966
23 50 296
24 0 543
24 1 356
24 2 239
24 3 278
24 4 226
24 5 495
24 6 265
24 7 460
24 8 239
24 9 499
24 10 343
24 11 538
24 12 278
24 13 330
24 14 330
24 15 421
24 16 278
24 17 343
24 18 356
24 19 330
24 20 239
24 21 174
24 22 525
24 23 247
24 24 0
24 25 586
24 26 304
24 27 161
24 28 174
24 29 460
24 30 477
24 31 26
24 32 423
24 33 124
24 34 575
24 35 375
24 36 76
24 37 527
24 38 423
24 39 124
24 40 575
24 41 471
24 42 172
24 43 623
24 44 519
24 45 220
24 46 671
24 47 567
24 48 268
24 49 719
24 50 543
25 0 1129
25 1 400
25 2 673
25 3 712
25 4 660
25 5 737
25 6 699
25 7 876
25 8 673
25 9 161
25 10 413
25 11 218
25 12 478
25 13 764
25 14 668
25 15 855
25 16 382
25 17 413
25 18 790
25 19 426
25 20 421
25 21 582
25 22 135
25 23 833
25 24 586
25 25 0
25 26 356
25 27 595
25 28 608
25 29 876
25 30 183
25 31 560
25 32 1009
25 33 558
25 34 181
25 35 961
25 36 510
25 37 133
25 38 913
25 39 462
25 40 85
25 41 865
25 42 414
25 43 37
25 44 913
25 45 462
25 46 85
25 47 961
25 48 510
25 49 133
25 50 1129
26 0 847
26 1 508
26 2 391
26 3 430
26 4 378
26 5 551
26 6 417
26 7 594
26 8 391
26 9 195
26 10 495
26 11 404
26 12 430
26 13 482
26 14 386
26 15 573
26 16 26
26 17 495
26 18 508
26 19 482
26 20 65
26 21 326
26 22 221
26 23 551
26 24 304
26 25 356
26 26 0
26 27 313
26 28 326
26 29 594
26 30 369
26 31 278
26 32 727
26 33 276
26 34 367
26 35 679
26 36 228
26 37 319
26 38 631
26 39 180
26 40 271
26 41 679
26 42 228
26 43 319
26 44 727
26 45 276
26 46 367
26 47 775
26 48 324
26 49 415
26 50 847
27 0 534
27 1 269
27 2 78
27 3 117
27 4 65
27 5 504
27 6 104
27 7 547
27 8 78
27 9 508
27 10 256
27 11 451
27 12 191
27 13 169
27 14 339
27 15 260
27 16 287
27 17 256
27 18 195
27 19 243
27 20 248
27 21 87
27 22 534
27 23 408
27 24 161
27 25 595
27 26 313
27 27 0
27 28 13
27 29 547
27 30 486
27 31 135
27 32 414
27 33 37
27 34 488
27 35 462
27 36 85
27 37 536
27 38 510
27 39 133
27 40 584
27 41 558
27 42 181
27 43 632
27 44 606
27 45 229
27 46 680
27 47 654
27 48 277
27 49 728
27 50 534
28 0 521
28 1 282
28 2 65
28 3 104
28 4 52
28 5 517
28 6 91
28 7 534
28 8 65
28 9 521
28 10 269
28 11 464
28 12 204
28 13 156
28 14 352
28 15 247
28 16 300
28 17 269
28 18 182
28 19 256
28 20 261
28 21 100
28 22 547
28 23 421
28 24 174
28 25 608
28 26 326
28 27 13
28 28 0
28 29 534
28 30 499
28 31 148
28 32 401
28 33 50
28 34 501
28 35 449
28 36 98
28 37 549
28 38 497
28 39 146
28 40 597
28 41 545
28 42 194
28 43 645
28 44 593
28 45 242
28 46 693
28 47 641
28 48 290
28 49 741
28 50 521
29 0 253
29 1 742
29 2 469
29 3 430
29 4 482
29 5 213
29 6 443
29 7 0
29 8 469
29 9 789
29 10 729
29 11 924
29 12 664
29 13 378
29 14 208
29 15 287
29 16 568
29 17 729
29 18 352
29 19 716
29 20 529
29 21 560
29 22 815
29 23 213
29 24 460
29 25 876
29 26 594
29 27 547
29 28 534
29 29 0
29 30 863
29 31 486
29 32 133
29 33 510
29 34 961
29 35 85
29 36 462
29 37 913
29 38 37
29 39 414
29 40 865
29 41 85
29 42 462
29 43 913
29 44 133
29 45 510
29 46 961
29 47 181
29 48 558
29 49 1009
29 50 253
30 0 1020
30 1 317
30 2 564
30 3 603
30 4 551
30 5 820
30 6 590
30 7 863
30 8 564
30 9 174
30 10 330
30 11 135
30 12 395
30 13 655
30 14 655
30 15 746
30 16 395
30 17 330
30 18 681
30 19 343
30 20 434
30 21 499
30 22 148
30 23 724
30 24 477
30 25 183
30 26 369
30 27 486
30 28 499
30 29 863
30 30 0
30 31 451
30 32 900
30 33 449
30 34 98
30 35 852
30 36 401
30 37 50
30 38 900
30 39 449
30 40 98
30 41 948
30 42 497
30 43 146
30 44 996
30 45 545
30 46 194
30 47 1044
30 48 593
30 49 242
30 50 1020
31 0 569
31 1 330
31 2 213
31 3 252
31 4 200
31 5 469
31 6 239
31 7 486
31 8 213
31 9 473
31 10 317
31 11 512
31 12 252
31 13 304
31 14 304
31 15 395
31 16 252
31 17 317
31 18 330
31 19 304
31 20 213
31 21 148
31 22 499
31 23 273
31 24 26
31 25 560
31 26 278
31 27 135
31 28 148
31 29 486
31 30 451
31 31 0
31 32 449
31 33 98
31 34 549
31 35 401
31 36 50
31 37 501
31 38 449
31 39 98
31 40 549
31 41 497
31 42 146
31 43 597
31 44 545
31 45 194
31 46 645
31 47 593
31 48 242
31 49 693
31 50 569
32 0 120
32 1 683
32 2 336
32 3 297
32 4 349
32 5 272
32 6 310
32 7 133
32 8 336
32 9 922
32 10 670
32 11 865
32 12 605
32 13 245
32 14 341
32 15 154
32 16 701
32 17 670
32 18 219
32 19 657
32 20 662
32 21 501
32 22 948
32 23 176
32 24 423
32 25 1009
32 26 727
32 27 414
32 28 401
32 29 133
32 30 900
32 31 449
32 32 0
32 33 451
32 34 902
32 35 48
32 36 499
32 37 950
32 38 96
32 39 547
32 40 998
32 41 144
32 42 595
32 43 1046
32 44 192
32 45 643
32 46 1094
32 47 240
32 48 691
32 49 1142
32 50 120
33 0 571
33 1 232
33 2 115
33 3 154
33 4 102
33 5 467
33 6 141
33 7 510
33 8 115
33 9 471
33 10 219
33 11 414
33 12 154
33 13 206
33 14 302
33 15 297
33 16 250
33 17 219
33 18 232
33 19 206
33 20 211
33 21 50
33 22 497
33 23 371
33 24 124
33 25 558
33 26 276
33 27 37
33 28 50
33 29 510
33 30 449
33 31 98
33 32 451
33 33 0
33 34 451
33 35 499
33 36 48
33 37 499
33 38 547
33 39 96
33 40 547
33 41 595
33 42 144
33 43 595
33 44 643
33 45 192
33 46 643
33 47 691
33 48 240
33 49 691
33 50 571
34 0 1022
34 1 219
34 2 566
34 3 605
34 4 553
34 5 918
34 6 592
34 7 961
34 8 566
34 9 172
34 10 232
34 11 37
34 12 297
34 13 657
34 14 753
34 15 748
34 16 393
34 17 232
34 18 683
34 19 245
34 20 432
34 21 401
34 22 146
34 23 822
34 24 575
34 25 181
34 26 367
34 27 488
34 28 501
34 29 961
34 30 98
34 31 549
34 32 902
34 33 451
34 34 0
34 35 950
34 36 499
34 37 48
34 38 998
34 39 547
34 40 96
34 41 1046
34 42 595
34 43 144
34 44 1094
34 45 643
34 46 192
34 47 1142
34 48 691
34 49 240
34 50 1022
35 0 168
35 1 731
35 2 384
35 3 345
35 4 397
35 5 224
35 6 358
35 7 85
35 8 384
35 9 874
35 10 718
35 11 913
35 12 653
35 13 293
35 14 293
35 15 202
35 16 653
35 17 718
35 18 267
35 19 705
35 20 614
35 21 549
35 22 900
35 23 128
35 24 375
35 25 961
35 26 679
35 27 462
35 28 449
35 29 85
35 30 852
35 31 401
35 32 48
35 33 499
35 34 950
35 35 0
35 36 451
35 37 902
35 38 48
35 39 499
35 40 950
35 41 96
35 42 547
35 43 998
35 44 144
35 45 595
35 46 1046
35 47 192
35 48 643
35 49 1094
35 50 168
36 0 619
36 1 280
36 2 163
36 3 202
36 4 150
36 5 419
36 6 189
36 7 462
36 8 163
36 9 423
36 10 267
36 11 462
36 12 202
36 13 254
36 14 254
36 15 345
36 16 202
36 17 267
36 18 280
36 19 254
36 20 163
36 21 98
36 22 449
36 23 323
36 24 76
36 25 510
36 26 228
36 27 85
36 28 98
36 29 462
36 30 401
36 31 50
36 32 499
36 33 48
36 34 499
36 35 451
36 36 0
36 37 451
36 38 499
36 39 48
36 40 499
36 41 547
36 42 96
36 43 547
36 44 595
36 45 144
36 46 595
36 47 643
36 48 192
36 49 643
36 50 619
37 0 1070
37 1 267
37 2 614
37 3 653
37 4 601
37 5 870
37 6 640
37 7 913
37 8 614
37 9 124
37 10 280
37 11 85
37 12 345
37 13 705
37 14 705
37 15 796
37 16 345
37 17 280
37 18 731
37 19 293
37 20 384
37 21 449
37 22 98
37 23 774
37 24 527
37 25 133
37 26 319
37 27 536
37 28 549
37 29 913
37 30 50
37 31 501
37 32 950
37 33 499
37 34 48
37 35 902
37 36 451
37 37 0
37 38 950
37 39 499
37 40 48
37 41 998
37 42 547
37 43 96
37 44 1046
37 45 595
37 46 144
37 47 1094
37 48 643
37 49 192
37 50 1070
38 0 216
38 1 779
38 2 432
38 3 393
38 4 445
38 5 176
38 6 406
38 7 37
38 8 432
38 9 826
38 10 766
38 11 961
38 12 701
38 13 341
38 14 245
38 15 250
38 16 605
38 17 766
38 18 315
38 19 753
38 20 566
38 21 597
38 22 852
38 23 176
38 24 423
38 25 913
38 26 631
38 27 510
38 28 497
38 29 37
38 30 900
38 31 449
38 32 96
38 33 547
38 34 998
38 35 48
38 36 499
38 37 950
38 38 0
38 39 451
38 40 902
38 41 48
38 42 499
38 43 950
38 44 96
38 45 547
38 46 998
38 47 144
38 48 595
38 49 1046
38 50 216
39 0 667
39 1 328
39 2 211
39 3 250
39 4 198
39 5 371
39 6 237
39 7 414
39 8 211
39 9 375
39 10 315
39 11 510
39 12 250
39 13 302
39 14 206
39 15 393
39 16 154
39 17 315
39 18 328
39 19 302
39 20 115
39 21 146
39 22 401
39 23 371
39 24 124
39 25 462
39 26 180
39 27 133
39 28 146
39 29 414
39 30 449
39 31 98
39 32 547
39 33 96
39 34 547
39 35 499
39 36 48
39 37 499
39 38 451
39 39 0
39 40 451
39 41 499
39 42 48
39 43 499
39 44 547
39 45 96
39 46 547
39 47 595
39 48 144
39 49 595
39 50 667
40 0 1118
40 1 315
40 2 662
40 3 701
40 4 649
40 5 822
40 6 688
40 7 865
40 8 662
40 9 76
40 10 328
40 11 133
40 12 393
40 13 753
40 14 657
40 15 844
40 16 297
40 17 328
40 18 779
40 19 341
40 20 336
40 21 497
40 22 50
40 23 822
40 24 575
40 25 85
40 26 271
40 27 584
40 28 597
40 29 865
40 30 98
40 31 549
40 32 998
40 33 547
40 34 96
40 35 950
40 36 499
40 37 48
40 38 902
40 39 451
40 40 0
40 41 950
40 42 499
40 43 48
40 44 998
40 45 547
40 46 96
40 47 1046
40 48 595
40 49 144
40 50 1118
41 0 264
41 1 827
41 2 480
41 3 441
41 4 493
41 5 128
41 6 454
41 7 85
41 8 480
41 9 874
41 10 814
41 11 1009
41 12 749
41 13 389
41 14 293
41 15 298
41 16 653
41 17 814
41 18 363
41 19 801
41 20 614
41 21 645
41 22 900
41 23 224
41 24 471
41 25 865
41 26 679
41 27 558
41 28 545
41 29 85
41 30 948
41 31 497
41 32 144
41 33 595
41 34 1046
41 35 96
41 36 547
41 37 998
41 38 48
41 39 499
41 40 950
41 41 0
41 42 451
41 43 902
41 44 48
41 45 499
41 46 950
41 47 96
41 48 547
41 49 998
41 50 264
42 0 715
42 1 376
42 2 259
42 3 298
42 4 246
42 5 323
42 6 285
42 7 462
42 8 259
42 9 423
42 10 363
42 11 558
42 12 298
42 13 350
42 14 254
42 15 441
42 16 202
42 17 363
42 18 376
42 19 350
42 20 163
42 21 194
42 22 449
42 23 419
42 24 172
42 25 414
42 26 228
42 27 181
42 28 194
42 29 462
42 30 497
42 31 146
42 32 595
42 33 144
42 34 595
42 35 547
42 36 96
42 37 547
42 38 499
42 39 48
42 40 499
42 41 451
42 42 0
42 43 451
42 44 499
42 45 48
42 46 499
42 47 547
42 48 96
42 49 547
42 50 715
43 0 1166
43 1 363
43 2 710
43 3 749
43 4 697
43 5 774
43 6 736
43 7 913
43 8 710
43 9 124
43 10 376
43 11 181
43 12 441
43 13 801
43 14 705
43 15 892
43 16 345
43 17 376
43 18 827
43 19 389
43 20 384
43 21 545
43 22 98
43 23 870
43 24 623
43 25 37
43 26 319
43 27 632
43 28 645
43 29 913
43 30 146
43 31 597
43 32 1046
43 33 595
43 34 144
43 35 998
43 36 547
43 37 96
43 38 950
43 39 499
43 40 48
43 41 902
43 42 451
43 43 0
43 44 950
43 45 499
43 46 48
43 47 998
43 48 547
43 49 96
43 50 1166
44 0 312
44 1 875
44 2 528
44 3 489
44 4 541
44 5 176
44 6 502
44 7 133
44 8 528
44 9 922
44 10 862
44 11 1057
44 12 797
44 13 437
44 14 341
44 15 346
44 16 701
44 17 862
44 18 411
44 19 849
44 20 662
44 21 693
44 22 948
44 23 272
44 24 519
44 25 913
44 26 727
44 27 606
44 28 593
44 29 133
44 30 996
44 31 545
44 32 192
44 33 643
44 34 1094
44 35 144
44 36 595
44 37 1046
44 38 96
44 39 547
44 40 998
44 41 48
44 42 499
44 43 950
44 44 0
44 45 451
44 46 902
44 47 48
44 48 499
44 49 950
44 50 312
45 0 763
45 1 424
45 2 307
45 3 346
45 4 294
45 5 371
45 6 333
45 7 510
45 8 307
45 9 471
45 10 411
45 11 606
45 12 346
45 13 398
45 14 302
45 15 489
45 16 250
45 17 411
45 18 424
45 19 398
45 20 211
45 21 242
45 22 497
45 23 467
45 24 220
45 25 462
45 26 276
45 27 229
45 28 242
45 29 510
45 30 545
45 31 194
45 32 643
45 33 192
45 34 643
45 35 595
45 36 144
45 37 595
45 38 547
45 39 96
45 40 547
45 41 499
45 42 48
45 43 499
45 44 451
45 45 0
45 46 451
45 47 499
45 48 48
45 49 499
45 50 763
46 0 1214
46 1 411
46 2 758
46 3 797
46 4 745
46 5 822
46 6 784
46 7 961
46 8 758
46 9 172
46 10 424
46 11 229
46 12 489
46 13 849
46 14 753
46 15 940
46 16 393
46 17 424
46 18 875
46 19 437
46 20 432
46 21 593
46 22 146
46 23 918
46 24 671
46 25 85
46 26 367
46 27 680
46 28 693
46 29 961
46 30 194
46 31 645
46 32 1094
46 33 643
46 34 192
46 35 1046
46 36 595
46 37 144
46 38 998
46 39 547
46 40 96
46 41 950
46 42 499
46 43 48
46 44 902
46 45 451
46 46 0
46 47 950
46 48 499
46 49 48
46 50 1214
47 0 360
47 1 923
47 2 576
47 3 537
47 4 589
47 5 224
47 6 550
47 7 181
47 8 576
47 9 970
47 10 910
47 11 1105
47 12 845
47 13 485
47 14 389
47 15 394
47 16 749
47 17 910
47 18 459
47 19 897
47 20 710
47 21 741
47 22 996
47 23 320
47 24 567
47 25 961
47 26 775
47 27 654
47 28 641
47 29 181
47 30 1044
47 31 593
47 32 240
47 33 691
47 34 1142
47 35 192
47 36 643
47 37 1094
47 38 144
47 39 595
47 40 1046
47 41 96
47 42 547
47 43 998
47 44 48
47 45 499
47 46 950
47 47 0
47 48 451
47 49 902
47 50 360
48 0 811
48 1 472
48 2 355
48 3 394
48 4 342
48 5 419
48 6 381
48 7 558
48 8 355
48 9 519
48 10 459
48 11 654
48 12 394
48 13 446
48 14 350
48 15 537
48 16 298
48 17 459
48 18 472
48 19 446
48 20 259
48 21 290
48 22 545
48 23 515
48 24 268
48 25 510
48 26 324
48 27 277
48 28 290
48 29 558
48 30 593
48 31 242
48 32 691
48 33 240
48 34 691
48 35 643
48 36 192
48 37 643
48 38 595
48 39 144
48 40 595
48 41 547
48 42 96
48 43 547
48 44 499
48 45 48
48 46 499
48 47 451
48 48 0
48 49 451
48 50 811
49 0 1262
49 1 459
49 2 806
49 3 845
49 4 793
49 5 870
49 6 832
49 7 1009
49 8 806
49 9 220
49 10 472
49 11 277
49 12 537
49 13 897
49 14 801
49 15 988
49 16 441
49 17 472
49 18 923
49 19 485
49 20 480
49 21 641
49 22 194
49 23 966
49 24 719
49 25 133
49 26 415
49 27 728
49 28 741
49 29 1009
49 30 242
49 31 693
49 32 1142
49 33 691
49 34 240
49 35 1094
49 36 643
49 37 192
49 38 1046
49 39 595
49 40 144
49 41 998
49 42 547
49 43 96
49 44 950
49 45 499
49 46 48
49 47 902
49 48 451
49 49 0
49 50 1262
50 0 0
50 1 803
50 2 456
50 3 417
50 4 469
50 5 392
50 6 430
50 7 253
50 8 456
50 9 1042
50 10 790
50 11 985
50 12 725
50 13 365
50 14 461
50 15 274
50 16 821
50 17 790
50 18 339
50 19 777
50 20 782
50 21 621
50 22 1068
50 23 296
50 24 543
50 25 1129
50 26 847
50 27 534
50 28 521
50 29 253
50 30 1020
50 31 569
50 32 120
50 33 571
50 34 1022
50 35 168
50 36 619
50 37 1070
50 38 216
50 39 667
50 40 1118
50 41 264
50 42 715
50 43 1166
50 44 312
50 45 763
50 46 1214
50 47 360
50 48 811
50 49 1262
50 50 0
//Location coordinates LocationName
//Loc x y
0 0.0 0.0 "depot"
1 0.0 803.0 "product aisle 0 bloc 1 rank 31"
2 0.0 456.0 "product aisle 0 bloc 0 rank 48"
3 0.0 417.0 "product aisle 0 bloc 0 rank 41"
4 0.0 469.0 "product aisle 0 bloc 0 rank 49"
5 144.0 248.0 "product aisle 3 bloc 0 rank 16"
6 0.0 430.0 "product aisle 0 bloc 0 rank 43"
7 96.0 157.0 "product aisle 2 bloc 0 rank 2"
8 0.0 456.0 "product aisle 0 bloc 0 rank 47"
9 96.0 946.0 "product aisle 2 bloc 1 rank 53"
10 0.0 790.0 "product aisle 0 bloc 1 rank 29"
11 0.0 985.0 "product aisle 0 bloc 1 rank 59"
12 0.0 725.0 "product aisle 0 bloc 1 rank 20"
13 0.0 365.0 "product aisle 0 bloc 0 rank 34"
14 96.0 365.0 "product aisle 2 bloc 0 rank 34"
15 0.0 274.0 "product aisle 0 bloc 0 rank 20"
16 96.0 725.0 "product aisle 2 bloc 1 rank 20"
17 0.0 790.0 "product aisle 0 bloc 1 rank 30"
18 0.0 339.0 "product aisle 0 bloc 0 rank 30"
19 0.0 777.0 "product aisle 0 bloc 1 rank 28"
20 96.0 686.0 "product aisle 2 bloc 1 rank 14"
21 0.0 621.0 "product aisle 0 bloc 1 rank 4"
22 96.0 972.0 "product aisle 2 bloc 1 rank 58"
23 48.0 248.0 "product aisle 1 bloc 0 rank 15"
24 48.0 495.0 "product aisle 1 bloc 0 rank 53"
25 144.0 985.0 "product aisle 3 bloc 1 rank 59"
26 96.0 751.0 "product aisle 2 bloc 1 rank 23"
27 0.0 534.0 "product aisle 0 bloc 0 rank 60"
28 0.0 521.0 "product aisle 0 bloc 0 rank 58"
29 96.0 157.0 "product aisle 2 bloc 0 rank 1"
30 48.0 972.0 "product aisle 1 bloc 1 rank 57"
31 48.0 521.0 "product aisle 1 bloc 0 rank 58"
32 24.0 120.0 "intersection aisle 0 bloc 0 rank 0"
33 24.0 571.0 "intersection aisle 0 bloc 1 rank 1"
34 24.0 1022.0 "intersection aisle 0 bloc 2 rank 2"
35 72.0 120.0 "intersection aisle 1 bloc 0 rank 0"
36 72.0 571.0 "intersection aisle 1 bloc 1 rank 1"
37 72.0 1022.0 "intersection aisle 1 bloc 2 rank 2"
38 120.0 120.0 "intersection aisle 2 bloc 0 rank 0"
39 120.0 571.0 "intersection aisle 2 bloc 1 rank 1"
40 120.0 1022.0 "intersection aisle 2 bloc 2 rank 2"
41 168.0 120.0 "intersection aisle 3 bloc 0 rank 0"
42 168.0 571.0 "intersection aisle 3 bloc 1 rank 1"
43 168.0 1022.0 "intersection aisle 3 bloc 2 rank 2"
44 216.0 120.0 "intersection aisle 4 bloc 0 rank 0"
45 216.0 571.0 "intersection aisle 4 bloc 1 rank 1"
46 216.0 1022.0 "intersection aisle 4 bloc 2 rank 2"
47 264.0 120.0 "intersection aisle 5 bloc 0 rank 0"
48 264.0 571.0 "intersection aisle 5 bloc 1 rank 1"
49 264.0 1022.0 "intersection aisle 5 bloc 2 rank 2"
50 0.0 0.0 "depot"
