//alpha
1
//NbLocations
61
//NbProducts
24
//NbPickers
2
//CapaPicker
8
//TimeToTravelOneDistanceUnit
3
//SetupTime
5400
//PickTime
300
//Products
//Idx Location Size
1 1 1
2 2 1
3 3 1
4 4 1
5 5 1
6 6 1
7 7 1
8 8 1
9 9 1
10 10 1
11 11 1
12 12 1
13 13 1
14 14 1
15 15 1
16 16 1
17 17 1
18 18 1
19 19 1
20 20 1
21 21 1
22 22 1
23 23 1
24 24 1
//Orders
//NbOrders
6
//Idx DueDate TardinessPenalty NbProdInOrder ProdIdx1 Qty1 ProdIdx2 Qty2 ...
1 54000 0 6 1 1 2 1 3 1 4 1 5 1 6 1
2 72000 0 4 7 1 8 1 9 1 10 1
3 126000 0 7 11 1 12 1 13 1 14 1 15 1 16 1 17 1
4 54000 0 4 18 1 19 1 20 1 21 1
5 72000 0 1 22 1
6 54000 0 2 23 1 24 1
//Graph (Products are vertices indexed from 1 to NbProducts)
//NbVerticesIntersections
36
//DepartingDepot
0
//ArrivalDepot
61
//Arcs
//Start End Distance
0 25 120
1 9 143
1 44 609
2 47 557
2 48 284
3 16 91
3 36 648
4 28 63
4 29 778
5 58 258
5 59 583
6 31 128
6 32 713
7 13 52
7 50 271
8 18 130
8 22 117
9 1 143
9 43 89
10 24 26
10 56 50
11 12 26
11 19 13
12 11 26
12 37 102
13 7 52
13 20 390
14 44 349
14 45 492
15 32 271
15 33 570
16 3 91
16 35 102
17 41 102
17 42 739
18 8 130
18 39 557
19 11 13
19 38 700
20 13 390
20 51 128
21 40 89
21 41 752
22 8 117
22 38 37
23 26 362
23 27 479
24 10 26
24 57 765
25 26 841
25 28 48
25 61 120
26 23 362
26 25 841
26 29 48
27 23 479
27 30 48
28 4 63
28 25 48
28 31 48
29 4 778
29 26 48
29 30 841
29 32 48
30 27 48
30 29 841
30 33 48
31 6 128
31 28 48
31 34 48
32 6 713
32 15 271
32 29 48
32 35 48
33 15 570
33 30 48
33 36 48
34 31 48
34 35 841
34 37 48
35 16 102
35 32 48
35 34 841
35 38 48
36 3 648
36 33 48
36 39 48
37 12 102
37 34 48
37 40 48
38 19 700
38 22 37
38 35 48
38 41 48
39 18 557
39 36 48
39 42 48
40 21 89
40 37 48
40 43 48
41 17 102
41 21 752
41 38 48
41 44 48
42 17 739
42 39 48
42 45 48
43 9 89
43 40 48
43 46 48
44 1 609
44 14 349
44 41 48
44 47 48
45 14 492
45 42 48
45 48 48
46 43 48
46 47 841
46 49 48
47 2 557
47 44 48
47 46 841
47 50 48
48 2 284
48 45 48
48 51 48
49 46 48
49 50 841
49 52 48
50 7 271
50 47 48
50 49 841
50 53 48
51 20 128
51 48 48
51 54 48
52 49 48
52 53 841
52 55 48
53 50 48
53 52 841
53 54 841
53 56 48
54 51 48
54 53 841
54 57 48
55 52 48
55 56 841
55 58 48
56 10 50
56 53 48
56 55 841
56 59 48
57 24 765
57 54 48
57 60 48
58 5 258
58 55 48
59 5 583
59 56 48
59 60 841
60 57 48
60 59 841
//LocStart LocEnd ShortestPath
0 0 0
0 1 640
0 2 1854
0 3 1298
0 4 231
0 5 906
0 6 344
0 7 1616
0 8 1307
0 9 497
0 10 1491
0 11 440
0 12 414
0 13 1668
0 14 1598
0 15 1328
0 16 1207
0 17 1303
0 18 1437
0 19 453
0 20 2058
0 21 449
0 22 1190
0 23 1323
0 24 1517
0 25 120
0 26 961
0 27 1802
0 28 168
0 29 1009
0 30 1850
0 31 216
0 32 1057
0 33 1898
0 34 264
0 35 1105
0 36 1946
0 37 312
0 38 1153
0 39 1994
0 40 360
0 41 1201
0 42 2042
0 43 408
0 44 1249
0 45 2090
0 46 456
0 47 1297
0 48 2138
0 49 504
0 50 1345
0 51 2186
0 52 552
0 53 1393
0 54 2234
0 55 600
0 56 1441
0 57 2282
0 58 648
0 59 1489
0 60 2330
0 61 0
1 0 640
1 1 0
1 2 1214
1 3 946
1 4 535
1 5 730
1 6 552
1 7 976
1 8 859
1 9 143
1 10 851
1 11 456
1 12 430
1 13 1028
1 14 958
1 15 1072
1 16 855
1 17 759
1 18 989
1 19 469
1 20 1418
1 21 369
1 22 742
1 23 1259
1 24 877
1 25 520
1 26 897
1 27 1738
1 28 472
1 29 849
1 30 1690
1 31 424
1 32 801
1 33 1642
1 34 376
1 35 753
1 36 1594
1 37 328
1 38 705
1 39 1546
1 40 280
1 41 657
1 42 1498
1 43 232
1 44 609
1 45 1450
1 46 280
1 47 657
1 48 1498
1 49 328
1 50 705
1 51 1546
1 52 376
1 53 753
1 54 1594
1 55 424
1 56 801
1 57 1642
1 58 472
1 59 849
1 60 1690
1 61 640
2 0 1854
2 1 1214
2 2 0
2 3 942
2 4 1623
2 5 1332
2 6 1510
2 7 876
2 8 855
2 9 1357
2 10 751
2 11 1414
2 12 1440
2 13 850
2 14 824
2 15 1068
2 16 851
2 17 755
2 18 985
2 19 1401
2 20 460
2 21 1405
2 22 738
2 23 1099
2 24 777
2 25 1734
2 26 893
2 27 620
2 28 1686
2 29 845
2 30 572
2 31 1638
2 32 797
2 33 524
2 34 1590
2 35 749
2 36 476
2 37 1542
2 38 701
2 39 428
2 40 1494
2 41 653
2 42 380
2 43 1446
2 44 605
2 45 332
2 46 1398
2 47 557
2 48 284
2 49 1446
2 50 605
2 51 332
2 52 1494
2 53 653
2 54 380
2 55 1542
2 56 701
2 57 428
2 58 1590
2 59 749
2 60 476
2 61 1854
3 0 1298
3 1 946
3 2 942
3 3 0
3 4 1067
3 5 1160
3 6 954
3 7 704
3 8 395
3 9 1089
3 10 579
3 11 954
3 12 980
3 13 756
3 14 686
3 15 512
3 16 91
3 17 391
3 18 525
3 19 941
3 20 1016
3 21 1041
3 22 278
3 23 699
3 24 605
3 25 1178
3 26 337
3 27 792
3 28 1130
3 29 289
3 30 744
3 31 1082
3 32 241
3 33 696
3 34 1034
3 35 193
3 36 648
3 37 1082
3 38 241
3 39 696
3 40 1130
3 41 289
3 42 744
3 43 1178
3 44 337
3 45 792
3 46 1226
3 47 385
3 48 840
3 49 1274
3 50 433
3 51 888
3 52 1322
3 53 481
3 54 936
3 55 1370
3 56 529
3 57 984
3 58 1418
3 59 577
3 60 1032
3 61 1298
4 0 231
4 1 535
4 2 1623
4 3 1067
4 4 0
4 5 801
4 6 239
4 7 1385
4 8 1076
4 9 392
4 10 1260
4 11 335
4 12 309
4 13 1437
4 14 1367
4 15 1097
4 16 976
4 17 1072
4 18 1206
4 19 348
4 20 1827
4 21 344
4 22 959
4 23 1188
4 24 1286
4 25 111
4 26 826
4 27 1667
4 28 63
4 29 778
4 30 1619
4 31 111
4 32 826
4 33 1667
4 34 159
4 35 874
4 36 1715
4 37 207
4 38 922
4 39 1763
4 40 255
4 41 970
4 42 1811
4 43 303
4 44 1018
4 45 1859
4 46 351
4 47 1066
4 48 1907
4 49 399
4 50 1114
4 51 1955
4 52 447
4 53 1162
4 54 2003
4 55 495
4 56 1210
4 57 2051
4 58 543
4 59 1258
4 60 2099
4 61 231
5 0 906
5 1 730
5 2 1332
5 3 1160
5 4 801
5 5 0
5 6 818
5 7 998
5 8 1073
5 9 587
5 10 681
5 11 722
5 12 696
5 13 1050
5 14 1172
5 15 1286
5 16 1069
5 17 973
5 18 1203
5 19 735
5 20 1440
5 21 635
5 22 956
5 23 1473
5 24 707
5 25 786
5 26 1111
5 27 1952
5 28 738
5 29 1063
5 30 1904
5 31 690
5 32 1015
5 33 1856
5 34 642
5 35 967
5 36 1808
5 37 594
5 38 919
5 39 1760
5 40 546
5 41 871
5 42 1712
5 43 498
5 44 823
5 45 1664
5 46 450
5 47 775
5 48 1616
5 49 402
5 50 727
5 51 1568
5 52 354
5 53 679
5 54 1520
5 55 306
5 56 631
5 57 1472
5 58 258
5 59 583
5 60 1424
5 61 906
6 0 344
6 1 552
6 2 1510
6 3 954
6 4 239
6 5 818
6 6 0
6 7 1272
6 8 963
6 9 409
6 10 1147
6 11 352
6 12 326
6 13 1324
6 14 1254
6 15 984
6 16 863
6 17 959
6 18 1093
6 19 365
6 20 1714
6 21 361
6 22 846
6 23 1171
6 24 1173
6 25 224
6 26 809
6 27 1650
6 28 176
6 29 761
6 30 1602
6 31 128
6 32 713
6 33 1554
6 34 176
6 35 761
6 36 1602
6 37 224
6 38 809
6 39 1650
6 40 272
6 41 857
6 42 1698
6 43 320
6 44 905
6 45 1746
6 46 368
6 47 953
6 48 1794
6 49 416
6 50 1001
6 51 1842
6 52 464
6 53 1049
6 54 1890
6 55 512
6 56 1097
6 57 1938
6 58 560
6 59 1145
6 60 1986
6 61 344
7 0 1616
7 1 976
7 2 876
7 3 704
7 4 1385
7 5 998
7 6 1272
7 7 0
7 8 617
7 9 1119
7 10 417
7 11 1176
7 12 1202
7 13 52
7 14 716
7 15 830
7 16 613
7 17 517
7 18 747
7 19 1163
7 20 442
7 21 1167
7 22 500
7 23 1017
7 24 443
7 25 1496
7 26 655
7 27 954
7 28 1448
7 29 607
7 30 906
7 31 1400
7 32 559
7 33 858
7 34 1352
7 35 511
7 36 810
7 37 1304
7 38 463
7 39 762
7 40 1256
7 41 415
7 42 714
7 43 1208
7 44 367
7 45 666
7 46 1160
7 47 319
7 48 618
7 49 1112
7 50 271
7 51 570
7 52 1160
7 53 319
7 54 618
7 55 1208
7 56 367
7 57 666
7 58 1256
7 59 415
7 60 714
7 61 1616
8 0 1307
8 1 859
8 2 855
8 3 395
8 4 1076
8 5 1073
8 6 963
8 7 617
8 8 0
8 9 1002
8 10 492
8 11 867
8 12 893
8 13 669
8 14 599
8 15 521
8 16 304
8 17 304
8 18 130
8 19 854
8 20 1007
8 21 954
8 22 117
8 23 708
8 24 518
8 25 1187
8 26 346
8 27 879
8 28 1139
8 29 298
8 30 831
8 31 1091
8 32 250
8 33 783
8 34 1043
8 35 202
8 36 735
8 37 995
8 38 154
8 39 687
8 40 1043
8 41 202
8 42 735
8 43 1091
8 44 250
8 45 783
8 46 1139
8 47 298
8 48 831
8 49 1187
8 50 346
8 51 879
8 52 1235
8 53 394
8 54 927
8 55 1283
8 56 442
8 57 975
8 58 1331
8 59 490
8 60 1023
8 61 1307
9 0 497
9 1 143
9 2 1357
9 3 1089
9 4 392
9 5 587
9 6 409
9 7 1119
9 8 1002
9 9 0
9 10 994
9 11 313
9 12 287
9 13 1171
9 14 1101
9 15 1215
9 16 998
9 17 902
9 18 1132
9 19 326
9 20 1561
9 21 226
9 22 885
9 23 1402
9 24 1020
9 25 377
9 26 1040
9 27 1881
9 28 329
9 29 992
9 30 1833
9 31 281
9 32 944
9 33 1785
9 34 233
9 35 896
9 36 1737
9 37 185
9 38 848
9 39 1689
9 40 137
9 41 800
9 42 1641
9 43 89
9 44 752
9 45 1593
9 46 137
9 47 800
9 48 1641
9 49 185
9 50 848
9 51 1689
9 52 233
9 53 896
9 54 1737
9 55 281
9 56 944
9 57 1785
9 58 329
9 59 992
9 60 1833
9 61 497
10 0 1491
10 1 851
10 2 751
10 3 579
10 4 1260
10 5 681
10 6 1147
10 7 417
10 8 492
10 9 994
10 10 0
10 11 1051
10 12 1077
10 13 469
10 14 591
10 15 705
10 16 488
10 17 392
10 18 622
10 19 1038
10 20 859
10 21 1042
10 22 375
10 23 892
10 24 26
10 25 1371
10 26 530
10 27 1271
10 28 1323
10 29 482
10 30 1223
10 31 1275
10 32 434
10 33 1175
10 34 1227
10 35 386
10 36 1127
10 37 1179
10 38 338
10 39 1079
10 40 1131
10 41 290
10 42 1031
10 43 1083
10 44 242
10 45 983
10 46 1035
10 47 194
10 48 935
10 49 987
10 50 146
10 51 887
10 52 939
10 53 98
10 54 839
10 55 891
10 56 50
10 57 791
10 58 939
10 59 98
10 60 839
10 61 1491
11 0 440
11 1 456
11 2 1414
11 3 954
11 4 335
11 5 722
11 6 352
11 7 1176
11 8 867
11 9 313
11 10 1051
11 11 0
11 12 26
11 13 1228
11 14 1158
11 15 1080
11 16 863
11 17 863
11 18 997
11 19 13
11 20 1618
11 21 265
11 22 750
11 23 1267
11 24 1077
11 25 320
11 26 905
11 27 1746
11 28 272
11 29 857
11 30 1698
11 31 224
11 32 809
11 33 1650
11 34 176
11 35 761
11 36 1602
11 37 128
11 38 713
11 39 1554
11 40 176
11 41 761
11 42 1602
11 43 224
11 44 809
11 45 1650
11 46 272
11 47 857
11 48 1698
11 49 320
11 50 905
11 51 1746
11 52 368
11 53 953
11 54 1794
11 55 416
11 56 1001
11 57 1842
11 58 464
11 59 1049
11 60 1890
11 61 440
12 0 414
12 1 430
12 2 1440
12 3 980
12 4 309
12 5 696
12 6 326
12 7 1202
12 8 893
12 9 287
12 10 1077
12 11 26
12 12 0
12 13 1254
12 14 1184
12 15 1106
12 16 889
12 17 889
12 18 1023
12 19 39
12 20 1644
12 21 239
12 22 776
12 23 1293
12 24 1103
12 25 294
12 26 931
12 27 1772
12 28 246
12 29 883
12 30 1724
12 31 198
12 32 835
12 33 1676
12 34 150
12 35 787
12 36 1628
12 37 102
12 38 739
12 39 1580
12 40 150
12 41 787
12 42 1628
12 43 198
12 44 835
12 45 1676
12 46 246
12 47 883
12 48 1724
12 49 294
12 50 931
12 51 1772
12 52 342
12 53 979
12 54 1820
12 55 390
12 56 1027
12 57 1868
12 58 438
12 59 1075
12 60 1916
12 61 414
13 0 1668
13 1 1028
13 2 850
13 3 756
13 4 1437
13 5 1050
13 6 1324
13 7 52
13 8 669
13 9 1171
13 10 469
13 11 1228
13 12 1254
13 13 0
13 14 768
13 15 882
13 16 665
13 17 569
13 18 799
13 19 1215
13 20 390
13 21 1219
13 22 552
13 23 1069
13 24 495
13 25 1548
13 26 707
13 27 902
13 28 1500
13 29 659
13 30 854
13 31 1452
13 32 611
13 33 806
13 34 1404
13 35 563
13 36 758
13 37 1356
13 38 515
13 39 710
13 40 1308
13 41 467
13 42 662
13 43 1260
13 44 419
13 45 614
13 46 1212
13 47 371
13 48 566
13 49 1164
13 50 323
13 51 518
13 52 1212
13 53 371
13 54 566
13 55 1260
13 56 419
13 57 614
13 58 1308
13 59 467
13 60 662
13 61 1668
14 0 1598
14 1 958
14 2 824
14 3 686
14 4 1367
14 5 1172
14 6 1254
14 7 716
14 8 599
14 9 1101
14 10 591
14 11 1158
14 12 1184
14 13 768
14 14 0
14 15 812
14 16 595
14 17 499
14 18 729
14 19 1145
14 20 716
14 21 1149
14 22 482
14 23 999
14 24 617
14 25 1478
14 26 637
14 27 780
14 28 1430
14 29 589
14 30 732
14 31 1382
14 32 541
14 33 684
14 34 1334
14 35 493
14 36 636
14 37 1286
14 38 445
14 39 588
14 40 1238
14 41 397
14 42 540
14 43 1190
14 44 349
14 45 492
14 46 1238
14 47 397
14 48 540
14 49 1286
14 50 445
14 51 588
14 52 1334
14 53 493
14 54 636
14 55 1382
14 56 541
14 57 684
14 58 1430
14 59 589
14 60 732
14 61 1598
15 0 1328
15 1 1072
15 2 1068
15 3 512
15 4 1097
15 5 1286
15 6 984
15 7 830
15 8 521
15 9 1215
15 10 705
15 11 1080
15 12 1106
15 13 882
15 14 812
15 15 0
15 16 421
15 17 517
15 18 651
15 19 1067
15 20 986
15 21 1167
15 22 404
15 23 729
15 24 731
15 25 1208
15 26 367
15 27 666
15 28 1160
15 29 319
15 30 618
15 31 1112
15 32 271
15 33 570
15 34 1160
15 35 319
15 36 618
15 37 1208
15 38 367
15 39 666
15 40 1256
15 41 415
15 42 714
15 43 1304
15 44 463
15 45 762
15 46 1352
15 47 511
15 48 810
15 49 1400
15 50 559
15 51 858
15 52 1448
15 53 607
15 54 906
15 55 1496
15 56 655
15 57 954
15 58 1544
15 59 703
15 60 1002
15 61 1328
16 0 1207
16 1 855
16 2 851
16 3 91
16 4 976
16 5 1069
16 6 863
16 7 613
16 8 304
16 9 998
16 10 488
16 11 863
16 12 889
16 13 665
16 14 595
16 15 421
16 16 0
16 17 300
16 18 434
16 19 850
16 20 1055
16 21 950
16 22 187
16 23 608
16 24 514
16 25 1087
16 26 246
16 27 883
16 28 1039
16 29 198
16 30 835
16 31 991
16 32 150
16 33 787
16 34 943
16 35 102
16 36 739
16 37 991
16 38 150
16 39 787
16 40 1039
16 41 198
16 42 835
16 43 1087
16 44 246
16 45 883
16 46 1135
16 47 294
16 48 931
16 49 1183
16 50 342
16 51 979
16 52 1231
16 53 390
16 54 1027
16 55 1279
16 56 438
16 57 1075
16 58 1327
16 59 486
16 60 1123
16 61 1207
17 0 1303
17 1 759
17 2 755
17 3 391
17 4 1072
17 5 973
17 6 959
17 7 517
17 8 304
17 9 902
17 10 392
17 11 863
17 12 889
17 13 569
17 14 499
17 15 517
17 16 300
17 17 0
17 18 434
17 19 850
17 20 959
17 21 854
17 22 187
17 23 704
17 24 418
17 25 1183
17 26 342
17 27 979
17 28 1135
17 29 294
17 30 931
17 31 1087
17 32 246
17 33 883
17 34 1039
17 35 198
17 36 835
17 37 991
17 38 150
17 39 787
17 40 943
17 41 102
17 42 739
17 43 991
17 44 150
17 45 787
17 46 1039
17 47 198
17 48 835
17 49 1087
17 50 246
17 51 883
17 52 1135
17 53 294
17 54 931
17 55 1183
17 56 342
17 57 979
17 58 1231
17 59 390
17 60 1027
17 61 1303
18 0 1437
18 1 989
18 2 985
18 3 525
18 4 1206
18 5 1203
18 6 1093
18 7 747
18 8 130
18 9 1132
18 10 622
18 11 997
18 12 1023
18 13 799
18 14 729
18 15 651
18 16 434
18 17 434
18 18 0
18 19 984
18 20 877
18 21 1084
18 22 247
18 23 838
18 24 648
18 25 1317
18 26 476
18 27 749
18 28 1269
18 29 428
18 30 701
18 31 1221
18 32 380
18 33 653
18 34 1173
18 35 332
18 36 605
18 37 1125
18 38 284
18 39 557
18 40 1173
18 41 332
18 42 605
18 43 1221
18 44 380
18 45 653
18 46 1269
18 47 428
18 48 701
18 49 1317
18 50 476
18 51 749
18 52 1365
18 53 524
18 54 797
18 55 1413
18 56 572
18 57 845
18 58 1461
18 59 620
18 60 893
18 61 1437
19 0 453
19 1 469
19 2 1401
19 3 941
19 4 348
19 5 735
19 6 365
19 7 1163
19 8 854
19 9 326
19 10 1038
19 11 13
19 12 39
19 13 1215
19 14 1145
19 15 1067
19 16 850
19 17 850
19 18 984
19 19 0
19 20 1605
19 21 278
19 22 737
19 23 1254
19 24 1064
19 25 333
19 26 892
19 27 1733
19 28 285
19 29 844
19 30 1685
19 31 237
19 32 796
19 33 1637
19 34 189
19 35 748
19 36 1589
19 37 141
19 38 700
19 39 1541
19 40 189
19 41 748
19 42 1589
19 43 237
19 44 796
19 45 1637
19 46 285
19 47 844
19 48 1685
19 49 333
19 50 892
19 51 1733
19 52 381
19 53 940
19 54 1781
19 55 429
19 56 988
19 57 1829
19 58 477
19 59 1036
19 60 1877
19 61 453
20 0 2058
20 1 1418
20 2 460
20 3 1016
20 4 1827
20 5 1440
20 6 1714
20 7 442
20 8 1007
20 9 1561
20 10 859
20 11 1618
20 12 1644
20 13 390
20 14 716
20 15 986
20 16 1055
20 17 959
20 18 877
20 19 1605
20 20 0
20 21 1609
20 22 942
20 23 991
20 24 885
20 25 1938
20 26 1097
20 27 512
20 28 1890
20 29 1049
20 30 464
20 31 1842
20 32 1001
20 33 416
20 34 1794
20 35 953
20 36 368
20 37 1746
20 38 905
20 39 320
20 40 1698
20 41 857
20 42 272
20 43 1650
20 44 809
20 45 224
20 46 1602
20 47 761
20 48 176
20 49 1554
20 50 713
20 51 128
20 52 1602
20 53 761
20 54 176
20 55 1650
20 56 809
20 57 224
20 58 1698
20 59 857
20 60 272
20 61 2058
21 0 449
21 1 369
21 2 1405
21 3 1041
21 4 344
21 5 635
21 6 361
21 7 1167
21 8 954
21 9 226
21 10 1042
21 11 265
21 12 239
21 13 1219
21 14 1149
21 15 1167
21 16 950
21 17 854
21 18 1084
21 19 278
21 20 1609
21 21 0
21 22 837
21 23 1354
21 24 1068
21 25 329
21 26 992
21 27 1833
21 28 281
21 29 944
21 30 1785
21 31 233
21 32 896
21 33 1737
21 34 185
21 35 848
21 36 1689
21 37 137
21 38 800
21 39 1641
21 40 89
21 41 752
21 42 1593
21 43 137
21 44 800
21 45 1641
21 46 185
21 47 848
21 48 1689
21 49 233
21 50 896
21 51 1737
21 52 281
21 53 944
21 54 1785
21 55 329
21 56 992
21 57 1833
21 58 377
21 59 1040
21 60 1881
21 61 449
22 0 1190
22 1 742
22 2 738
22 3 278
22 4 959
22 5 956
22 6 846
22 7 500
22 8 117
22 9 885
22 10 375
22 11 750
22 12 776
22 13 552
22 14 482
22 15 404
22 16 187
22 17 187
22 18 247
22 19 737
22 20 942
22 21 837
22 22 0
22 23 591
22 24 401
22 25 1070
22 26 229
22 27 996
22 28 1022
22 29 181
22 30 948
22 31 974
22 32 133
22 33 900
22 34 926
22 35 85
22 36 852
22 37 878
22 38 37
22 39 804
22 40 926
22 41 85
22 42 852
22 43 974
22 44 133
22 45 900
22 46 1022
22 47 181
22 48 948
22 49 1070
22 50 229
22 51 996
22 52 1118
22 53 277
22 54 1044
22 55 1166
22 56 325
22 57 1092
22 58 1214
22 59 373
22 60 1140
22 61 1190
23 0 1323
23 1 1259
23 2 1099
23 3 699
23 4 1188
23 5 1473
23 6 1171
23 7 1017
23 8 708
23 9 1402
23 10 892
23 11 1267
23 12 1293
23 13 1069
23 14 999
23 15 729
23 16 608
23 17 704
23 18 838
23 19 1254
23 20 991
23 21 1354
23 22 591
23 23 0
23 24 918
23 25 1203
23 26 362
23 27 479
23 28 1251
23 29 410
23 30 527
23 31 1299
23 32 458
23 33 575
23 34 1347
23 35 506
23 36 623
23 37 1395
23 38 554
23 39 671
23 40 1443
23 41 602
23 42 719
23 43 1491
23 44 650
23 45 767
23 46 1539
23 47 698
23 48 815
23 49 1587
23 50 746
23 51 863
23 52 1635
23 53 794
23 54 911
23 55 1683
23 56 842
23 57 959
23 58 1731
23 59 890
23 60 1007
23 61 1323
24 0 1517
24 1 877
24 2 777
24 3 605
24 4 1286
24 5 707
24 6 1173
24 7 443
24 8 518
24 9 1020
24 10 26
24 11 1077
24 12 1103
24 13 495
24 14 617
24 15 731
24 16 514
24 17 418
24 18 648
24 19 1064
24 20 885
24 21 1068
24 22 401
24 23 918
24 24 0
24 25 1397
24 26 556
24 27 1245
24 28 1349
24 29 508
24 30 1197
24 31 1301
24 32 460
24 33 1149
24 34 1253
24 35 412
24 36 1101
24 37 1205
24 38 364
24 39 1053
24 40 1157
24 41 316
24 42 1005
24 43 1109
24 44 268
24 45 957
24 46 1061
24 47 220
24 48 909
24 49 1013
24 50 172
24 51 861
24 52 965
24 53 124
24 54 813
24 55 917
24 56 76
24 57 765
24 58 965
24 59 124
24 60 813
24 61 1517
25 0 120
25 1 520
25 2 1734
25 3 1178
25 4 111
25 5 786
25 6 224
25 7 1496
25 8 1187
25 9 377
25 10 1371
25 11 320
25 12 294
25 13 1548
25 14 1478
25 15 1208
25 16 1087
25 17 1183
25 18 1317
25 19 333
25 20 1938
25 21 329
25 22 1070
25 23 1203
25 24 1397
25 25 0
25 26 841
25 27 1682
25 28 48
25 29 889
25 30 1730
25 31 96
25 32 937
25 33 1778
25 34 144
25 35 985
25 36 1826
25 37 192
25 38 1033
25 39 1874
25 40 240
25 41 1081
25 42 1922
25 43 288
25 44 1129
25 45 1970
25 46 336
25 47 1177
25 48 2018
25 49 384
25 50 1225
25 51 2066
25 52 432
25 53 1273
25 54 2114
25 55 480
25 56 1321
25 57 2162
25 58 528
25 59 1369
25 60 2210
25 61 120
26 0 961
26 1 897
26 2 893
26 3 337
26 4 826
26 5 1111
26 6 809
26 7 655
26 8 346
26 9 1040
26 10 530
26 11 905
26 12 931
26 13 707
26 14 637
26 15 367
26 16 246
26 17 342
26 18 476
26 19 892
26 20 1097
26 21 992
26 22 229
26 23 362
26 24 556
26 25 841
26 26 0
26 27 841
26 28 889
26 29 48
26 30 889
26 31 937
26 32 96
26 33 937
26 34 985
26 35 144
26 36 985
26 37 1033
26 38 192
26 39 1033
26 40 1081
26 41 240
26 42 1081
26 43 1129
26 44 288
26 45 1129
26 46 1177
26 47 336
26 48 1177
26 49 1225
26 50 384
26 51 1225
26 52 1273
26 53 432
26 54 1273
26 55 1321
26 56 480
26 57 1321
26 58 1369
26 59 528
26 60 1369
26 61 961
27 0 1802
27 1 1738
27 2 620
27 3 792
27 4 1667
27 5 1952
27 6 1650
27 7 954
27 8 879
27 9 1881
27 10 1271
27 11 1746
27 12 1772
27 13 902
27 14 780
27 15 666
27 16 883
27 17 979
27 18 749
27 19 1733
27 20 512
27 21 1833
27 22 996
27 23 479
27 24 1245
27 25 1682
27 26 841
27 27 0
27 28 1730
27 29 889
27 30 48
27 31 1778
27 32 937
27 33 96
27 34 1826
27 35 985
27 36 144
27 37 1874
27 38 1033
27 39 192
27 40 1922
27 41 1081
27 42 240
27 43 1970
27 44 1129
27 45 288
27 46 2018
27 47 1177
27 48 336
27 49 2066
27 50 1225
27 51 384
27 52 2114
27 53 1273
27 54 432
27 55 2162
27 56 1321
27 57 480
27 58 2210
27 59 1369
27 60 528
27 61 1802
28 0 168
28 1 472
28 2 1686
28 3 1130
28 4 63
28 5 738
28 6 176
28 7 1448
28 8 1139
28 9 329
28 10 1323
28 11 272
28 12 246
28 13 1500
28 14 1430
28 15 1160
28 16 1039
28 17 1135
28 18 1269
28 19 285
28 20 1890
28 21 281
28 22 1022
28 23 1251
28 24 1349
28 25 48
28 26 889
28 27 1730
28 28 0
28 29 841
28 30 1682
28 31 48
28 32 889
28 33 1730
28 34 96
28 35 937
28 36 1778
28 37 144
28 38 985
28 39 1826
28 40 192
28 41 1033
28 42 1874
28 43 240
28 44 1081
28 45 1922
28 46 288
28 47 1129
28 48 1970
28 49 336
28 50 1177
28 51 2018
28 52 384
28 53 1225
28 54 2066
28 55 432
28 56 1273
28 57 2114
28 58 480
28 59 1321
28 60 2162
28 61 168
29 0 1009
29 1 849
29 2 845
29 3 289
29 4 778
29 5 1063
29 6 761
29 7 607
29 8 298
29 9 992
29 10 482
29 11 857
29 12 883
29 13 659
29 14 589
29 15 319
29 16 198
29 17 294
29 18 428
29 19 844
29 20 1049
29 21 944
29 22 181
29 23 410
29 24 508
29 25 889
29 26 48
29 27 889
29 28 841
29 29 0
29 30 841
29 31 889
29 32 48
29 33 889
29 34 937
29 35 96
29 36 937
29 37 985
29 38 144
29 39 985
29 40 1033
29 41 192
29 42 1033
29 43 1081
29 44 240
29 45 1081
29 46 1129
29 47 288
29 48 1129
29 49 1177
29 50 336
29 51 1177
29 52 1225
29 53 384
29 54 1225
29 55 1273
29 56 432
29 57 1273
29 58 1321
29 59 480
29 60 1321
29 61 1009
30 0 1850
30 1 1690
30 2 572
30 3 744
30 4 1619
30 5 1904
30 6 1602
30 7 906
30 8 831
30 9 1833
30 10 1223
30 11 1698
30 12 1724
30 13 854
30 14 732
30 15 618
30 16 835
30 17 931
30 18 701
30 19 1685
30 20 464
30 21 1785
30 22 948
30 23 527
30 24 1197
30 25 1730
30 26 889
30 27 48
30 28 1682
30 29 841
30 30 0
30 31 1730
30 32 889
30 33 48
30 34 1778
30 35 937
30 36 96
30 37 1826
30 38 985
30 39 144
30 40 1874
30 41 1033
30 42 192
30 43 1922
30 44 1081
30 45 240
30 46 1970
30 47 1129
30 48 288
30 49 2018
30 50 1177
30 51 336
30 52 2066
30 53 1225
30 54 384
30 55 2114
30 56 1273
30 57 432
30 58 2162
30 59 1321
30 60 480
30 61 1850
31 0 216
31 1 424
31 2 1638
31 3 1082
31 4 111
31 5 690
31 6 128
31 7 1400
31 8 1091
31 9 281
31 10 1275
31 11 224
31 12 198
31 13 1452
31 14 1382
31 15 1112
31 16 991
31 17 1087
31 18 1221
31 19 237
31 20 1842
31 21 233
31 22 974
31 23 1299
31 24 1301
31 25 96
31 26 937
31 27 1778
31 28 48
31 29 889
31 30 1730
31 31 0
31 32 841
31 33 1682
31 34 48
31 35 889
31 36 1730
31 37 96
31 38 937
31 39 1778
31 40 144
31 41 985
31 42 1826
31 43 192
31 44 1033
31 45 1874
31 46 240
31 47 1081
31 48 1922
31 49 288
31 50 1129
31 51 1970
31 52 336
31 53 1177
31 54 2018
31 55 384
31 56 1225
31 57 2066
31 58 432
31 59 1273
31 60 2114
31 61 216
32 0 1057
32 1 801
32 2 797
32 3 241
32 4 826
32 5 1015
32 6 713
32 7 559
32 8 250
32 9 944
32 10 434
32 11 809
32 12 835
32 13 611
32 14 541
32 15 271
32 16 150
32 17 246
32 18 380
32 19 796
32 20 1001
32 21 896
32 22 133
32 23 458
32 24 460
32 25 937
32 26 96
32 27 937
32 28 889
32 29 48
32 30 889
32 31 841
32 32 0
32 33 841
32 34 889
32 35 48
32 36 889
32 37 937
32 38 96
32 39 937
32 40 985
32 41 144
32 42 985
32 43 1033
32 44 192
32 45 1033
32 46 1081
32 47 240
32 48 1081
32 49 1129
32 50 288
32 51 1129
32 52 1177
32 53 336
32 54 1177
32 55 1225
32 56 384
32 57 1225
32 58 1273
32 59 432
32 60 1273
32 61 1057
33 0 1898
33 1 1642
33 2 524
33 3 696
33 4 1667
33 5 1856
33 6 1554
33 7 858
33 8 783
33 9 1785
33 10 1175
33 11 1650
33 12 1676
33 13 806
33 14 684
33 15 570
33 16 787
33 17 883
33 18 653
33 19 1637
33 20 416
33 21 1737
33 22 900
33 23 575
33 24 1149
33 25 1778
33 26 937
33 27 96
33 28 1730
33 29 889
33 30 48
33 31 1682
33 32 841
33 33 0
33 34 1730
33 35 889
33 36 48
33 37 1778
33 38 937
33 39 96
33 40 1826
33 41 985
33 42 144
33 43 1874
33 44 1033
33 45 192
33 46 1922
33 47 1081
33 48 240
33 49 1970
33 50 1129
33 51 288
33 52 2018
33 53 1177
33 54 336
33 55 2066
33 56 1225
33 57 384
33 58 2114
33 59 1273
33 60 432
33 61 1898
34 0 264
34 1 376
34 2 1590
34 3 1034
34 4 159
34 5 642
34 6 176
34 7 1352
34 8 1043
34 9 233
34 10 1227
34 11 176
34 12 150
34 13 1404
34 14 1334
34 15 1160
34 16 943
34 17 1039
34 18 1173
34 19 189
34 20 1794
34 21 185
34 22 926
34 23 1347
34 24 1253
34 25 144
34 26 985
34 27 1826
34 28 96
34 29 937
34 30 1778
34 31 48
34 32 889
34 33 1730
34 34 0
34 35 841
34 36 1682
34 37 48
34 38 889
34 39 1730
34 40 96
34 41 937
34 42 1778
34 43 144
34 44 985
34 45 1826
34 46 192
34 47 1033
34 48 1874
34 49 240
34 50 1081
34 51 1922
34 52 288
34 53 1129
34 54 1970
34 55 336
34 56 1177
34 57 2018
34 58 384
34 59 1225
34 60 2066
34 61 264
35 0 1105
35 1 753
35 2 749
35 3 193
35 4 874
35 5 967
35 6 761
35 7 511
35 8 202
35 9 896
35 10 386
35 11 761
35 12 787
35 13 563
35 14 493
35 15 319
35 16 102
35 17 198
35 18 332
35 19 748
35 20 953
35 21 848
35 22 85
35 23 506
35 24 412
35 25 985
35 26 144
35 27 985
35 28 937
35 29 96
35 30 937
35 31 889
35 32 48
35 33 889
35 34 841
35 35 0
35 36 841
35 37 889
35 38 48
35 39 889
35 40 937
35 41 96
35 42 937
35 43 985
35 44 144
35 45 985
35 46 1033
35 47 192
35 48 1033
35 49 1081
35 50 240
35 51 1081
35 52 1129
35 53 288
35 54 1129
35 55 1177
35 56 336
35 57 1177
35 58 1225
35 59 384
35 60 1225
35 61 1105
36 0 1946
36 1 1594
36 2 476
36 3 648
36 4 1715
36 5 1808
36 6 1602
36 7 810
36 8 735
36 9 1737
36 10 1127
36 11 1602
36 12 1628
36 13 758
36 14 636
36 15 618
36 16 739
36 17 835
36 18 605
36 19 1589
36 20 368
36 21 1689
36 22 852
36 23 623
36 24 1101
36 25 1826
36 26 985
36 27 144
36 28 1778
36 29 937
36 30 96
36 31 1730
36 32 889
36 33 48
36 34 1682
36 35 841
36 36 0
36 37 1730
36 38 889
36 39 48
36 40 1778
36 41 937
36 42 96
36 43 1826
36 44 985
36 45 144
36 46 1874
36 47 1033
36 48 192
36 49 1922
36 50 1081
36 51 240
36 52 1970
36 53 1129
36 54 288
36 55 2018
36 56 1177
36 57 336
36 58 2066
36 59 1225
36 60 384
36 61 1946
37 0 312
37 1 328
37 2 1542
37 3 1082
37 4 207
37 5 594
37 6 224
37 7 1304
37 8 995
37 9 185
37 10 1179
37 11 128
37 12 102
37 13 1356
37 14 1286
37 15 1208
37 16 991
37 17 991
37 18 1125
37 19 141
37 20 1746
37 21 137
37 22 878
37 23 1395
37 24 1205
37 25 192
37 26 1033
37 27 1874
37 28 144
37 29 985
37 30 1826
37 31 96
37 32 937
37 33 1778
37 34 48
37 35 889
37 36 1730
37 37 0
37 38 841
37 39 1682
37 40 48
37 41 889
37 42 1730
37 43 96
37 44 937
37 45 1778
37 46 144
37 47 985
37 48 1826
37 49 192
37 50 1033
37 51 1874
37 52 240
37 53 1081
37 54 1922
37 55 288
37 56 1129
37 57 1970
37 58 336
37 59 1177
37 60 2018
37 61 312
38 0 1153
38 1 705
38 2 701
38 3 241
38 4 922
38 5 919
38 6 809
38 7 463
38 8 154
38 9 848
38 10 338
38 11 713
38 12 739
38 13 515
38 14 445
38 15 367
38 16 150
38 17 150
38 18 284
38 19 700
38 20 905
38 21 800
38 22 37
38 23 554
38 24 364
38 25 1033
38 26 192
38 27 1033
38 28 985
38 29 144
38 30 985
38 31 937
38 32 96
38 33 937
38 34 889
38 35 48
38 36 889
38 37 841
38 38 0
38 39 841
38 40 889
38 41 48
38 42 889
38 43 937
38 44 96
38 45 937
38 46 985
38 47 144
38 48 985
38 49 1033
38 50 192
38 51 1033
38 52 1081
38 53 240
38 54 1081
38 55 1129
38 56 288
38 57 1129
38 58 1177
38 59 336
38 60 1177
38 61 1153
39 0 1994
39 1 1546
39 2 428
39 3 696
39 4 1763
39 5 1760
39 6 1650
39 7 762
39 8 687
39 9 1689
39 10 1079
39 11 1554
39 12 1580
39 13 710
39 14 588
39 15 666
39 16 787
39 17 787
39 18 557
39 19 1541
39 20 320
39 21 1641
39 22 804
39 23 671
39 24 1053
39 25 1874
39 26 1033
39 27 192
39 28 1826
39 29 985
39 30 144
39 31 1778
39 32 937
39 33 96
39 34 1730
39 35 889
39 36 48
39 37 1682
39 38 841
39 39 0
39 40 1730
39 41 889
39 42 48
39 43 1778
39 44 937
39 45 96
39 46 1826
39 47 985
39 48 144
39 49 1874
39 50 1033
39 51 192
39 52 1922
39 53 1081
39 54 240
39 55 1970
39 56 1129
39 57 288
39 58 2018
39 59 1177
39 60 336
39 61 1994
40 0 360
40 1 280
40 2 1494
40 3 1130
40 4 255
40 5 546
40 6 272
40 7 1256
40 8 1043
40 9 137
40 10 1131
40 11 176
40 12 150
40 13 1308
40 14 1238
40 15 1256
40 16 1039
40 17 943
40 18 1173
40 19 189
40 20 1698
40 21 89
40 22 926
40 23 1443
40 24 1157
40 25 240
40 26 1081
40 27 1922
40 28 192
40 29 1033
40 30 1874
40 31 144
40 32 985
40 33 1826
40 34 96
40 35 937
40 36 1778
40 37 48
40 38 889
40 39 1730
40 40 0
40 41 841
40 42 1682
40 43 48
40 44 889
40 45 1730
40 46 96
40 47 937
40 48 1778
40 49 144
40 50 985
40 51 1826
40 52 192
40 53 1033
40 54 1874
40 55 240
40 56 1081
40 57 1922
40 58 288
40 59 1129
40 60 1970
40 61 360
41 0 1201
41 1 657
41 2 653
41 3 289
41 4 970
41 5 871
41 6 857
41 7 415
41 8 202
41 9 800
41 10 290
41 11 761
41 12 787
41 13 467
41 14 397
41 15 415
41 16 198
41 17 102
41 18 332
41 19 748
41 20 857
41 21 752
41 22 85
41 23 602
41 24 316
41 25 1081
41 26 240
41 27 1081
41 28 1033
41 29 192
41 30 1033
41 31 985
41 32 144
41 33 985
41 34 937
41 35 96
41 36 937
41 37 889
41 38 48
41 39 889
41 40 841
41 41 0
41 42 841
41 43 889
41 44 48
41 45 889
41 46 937
41 47 96
41 48 937
41 49 985
41 50 144
41 51 985
41 52 1033
41 53 192
41 54 1033
41 55 1081
41 56 240
41 57 1081
41 58 1129
41 59 288
41 60 1129
41 61 1201
42 0 2042
42 1 1498
42 2 380
42 3 744
42 4 1811
42 5 1712
42 6 1698
42 7 714
42 8 735
42 9 1641
42 10 1031
42 11 1602
42 12 1628
42 13 662
42 14 540
42 15 714
42 16 835
42 17 739
42 18 605
42 19 1589
42 20 272
42 21 1593
42 22 852
42 23 719
42 24 1005
42 25 1922
42 26 1081
42 27 240
42 28 1874
42 29 1033
42 30 192
42 31 1826
42 32 985
42 33 144
42 34 1778
42 35 937
42 36 96
42 37 1730
42 38 889
42 39 48
42 40 1682
42 41 841
42 42 0
42 43 1730
42 44 889
42 45 48
42 46 1778
42 47 937
42 48 96
42 49 1826
42 50 985
42 51 144
42 52 1874
42 53 1033
42 54 192
42 55 1922
42 56 1081
42 57 240
42 58 1970
42 59 1129
42 60 288
42 61 2042
43 0 408
43 1 232
43 2 1446
43 3 1178
43 4 303
43 5 498
43 6 320
43 7 1208
43 8 1091
43 9 89
43 10 1083
43 11 224
43 12 198
43 13 1260
43 14 1190
43 15 1304
43 16 1087
43 17 991
43 18 1221
43 19 237
43 20 1650
43 21 137
43 22 974
43 23 1491
43 24 1109
43 25 288
43 26 1129
43 27 1970
43 28 240
43 29 1081
43 30 1922
43 31 192
43 32 1033
43 33 1874
43 34 144
43 35 985
43 36 1826
43 37 96
43 38 937
43 39 1778
43 40 48
43 41 889
43 42 1730
43 43 0
43 44 841
43 45 1682
43 46 48
43 47 889
43 48 1730
43 49 96
43 50 937
43 51 1778
43 52 144
43 53 985
43 54 1826
43 55 192
43 56 1033
43 57 1874
43 58 240
43 59 1081
43 60 1922
43 61 408
44 0 1249
44 1 609
44 2 605
44 3 337
44 4 1018
44 5 823
44 6 905
44 7 367
44 8 250
44 9 752
44 10 242
44 11 809
44 12 835
44 13 419
44 14 349
44 15 463
44 16 246
44 17 150
44 18 380
44 19 796
44 20 809
44 21 800
44 22 133
44 23 650
44 24 268
44 25 1129
44 26 288
44 27 1129
44 28 1081
44 29 240
44 30 1081
44 31 1033
44 32 192
44 33 1033
44 34 985
44 35 144
44 36 985
44 37 937
44 38 96
44 39 937
44 40 889
44 41 48
44 42 889
44 43 841
44 44 0
44 45 841
44 46 889
44 47 48
44 48 889
44 49 937
44 50 96
44 51 937
44 52 985
44 53 144
44 54 985
44 55 1033
44 56 192
44 57 1033
44 58 1081
44 59 240
44 60 1081
44 61 1249
45 0 2090
45 1 1450
45 2 332
45 3 792
45 4 1859
45 5 1664
45 6 1746
45 7 666
45 8 783
45 9 1593
45 10 983
45 11 1650
45 12 1676
45 13 614
45 14 492
45 15 762
45 16 883
45 17 787
45 18 653
45 19 1637
45 20 224
45 21 1641
45 22 900
45 23 767
45 24 957
45 25 1970
45 26 1129
45 27 288
45 28 1922
45 29 1081
45 30 240
45 31 1874
45 32 1033
45 33 192
45 34 1826
45 35 985
45 36 144
45 37 1778
45 38 937
45 39 96
45 40 1730
45 41 889
45 42 48
45 43 1682
45 44 841
45 45 0
45 46 1730
45 47 889
45 48 48
45 49 1778
45 50 937
45 51 96
45 52 1826
45 53 985
45 54 144
45 55 1874
45 56 1033
45 57 192
45 58 1922
45 59 1081
45 60 240
45 61 2090
46 0 456
46 1 280
46 2 1398
46 3 1226
46 4 351
46 5 450
46 6 368
46 7 1160
46 8 1139
46 9 137
46 10 1035
46 11 272
46 12 246
46 13 1212
46 14 1238
46 15 1352
46 16 1135
46 17 1039
46 18 1269
46 19 285
46 20 1602
46 21 185
46 22 1022
46 23 1539
46 24 1061
46 25 336
46 26 1177
46 27 2018
46 28 288
46 29 1129
46 30 1970
46 31 240
46 32 1081
46 33 1922
46 34 192
46 35 1033
46 36 1874
46 37 144
46 38 985
46 39 1826
46 40 96
46 41 937
46 42 1778
46 43 48
46 44 889
46 45 1730
46 46 0
46 47 841
46 48 1682
46 49 48
46 50 889
46 51 1730
46 52 96
46 53 937
46 54 1778
46 55 144
46 56 985
46 57 1826
46 58 192
46 59 1033
46 60 1874
46 61 456
47 0 1297
47 1 657
47 2 557
47 3 385
47 4 1066
47 5 775
47 6 953
47 7 319
47 8 298
47 9 800
47 10 194
47 11 857
47 12 883
47 13 371
47 14 397
47 15 511
47 16 294
47 17 198
47 18 428
47 19 844
47 20 761
47 21 848
47 22 181
47 23 698
47 24 220
47 25 1177
47 26 336
47 27 1177
47 28 1129
47 29 288
47 30 1129
47 31 1081
47 32 240
47 33 1081
47 34 1033
47 35 192
47 36 1033
47 37 985
47 38 144
47 39 985
47 40 937
47 41 96
47 42 937
47 43 889
47 44 48
47 45 889
47 46 841
47 47 0
47 48 841
47 49 889
47 50 48
47 51 889
47 52 937
47 53 96
47 54 937
47 55 985
47 56 144
47 57 985
47 58 1033
47 59 192
47 60 1033
47 61 1297
48 0 2138
48 1 1498
48 2 284
48 3 840
48 4 1907
48 5 1616
48 6 1794
48 7 618
48 8 831
48 9 1641
48 10 935
48 11 1698
48 12 1724
48 13 566
48 14 540
48 15 810
48 16 931
48 17 835
48 18 701
48 19 1685
48 20 176
48 21 1689
48 22 948
48 23 815
48 24 909
48 25 2018
48 26 1177
48 27 336
48 28 1970
48 29 1129
48 30 288
48 31 1922
48 32 1081
48 33 240
48 34 1874
48 35 1033
48 36 192
48 37 1826
48 38 985
48 39 144
48 40 1778
48 41 937
48 42 96
48 43 1730
48 44 889
48 45 48
48 46 1682
48 47 841
48 48 0
48 49 1730
48 50 889
48 51 48
48 52 1778
48 53 937
48 54 96
48 55 1826
48 56 985
48 57 144
48 58 1874
48 59 1033
48 60 192
48 61 2138
49 0 504
49 1 328
49 2 1446
49 3 1274
49 4 399
49 5 402
49 6 416
49 7 1112
49 8 1187
49 9 185
49 10 987
49 11 320
49 12 294
49 13 1164
49 14 1286
49 15 1400
49 16 1183
49 17 1087
49 18 1317
49 19 333
49 20 1554
49 21 233
49 22 1070
49 23 1587
49 24 1013
49 25 384
49 26 1225
49 27 2066
49 28 336
49 29 1177
49 30 2018
49 31 288
49 32 1129
49 33 1970
49 34 240
49 35 1081
49 36 1922
49 37 192
49 38 1033
49 39 1874
49 40 144
49 41 985
49 42 1826
49 43 96
49 44 937
49 45 1778
49 46 48
49 47 889
49 48 1730
49 49 0
49 50 841
49 51 1682
49 52 48
49 53 889
49 54 1730
49 55 96
49 56 937
49 57 1778
49 58 144
49 59 985
49 60 1826
49 61 504
50 0 1345
50 1 705
50 2 605
50 3 433
50 4 1114
50 5 727
50 6 1001
50 7 271
50 8 346
50 9 848
50 10 146
50 11 905
50 12 931
50 13 323
50 14 445
50 15 559
50 16 342
50 17 246
50 18 476
50 19 892
50 20 713
50 21 896
50 22 229
50 23 746
50 24 172
50 25 1225
50 26 384
50 27 1225
50 28 1177
50 29 336
50 30 1177
50 31 1129
50 32 288
50 33 1129
50 34 1081
50 35 240
50 36 1081
50 37 1033
50 38 192
50 39 1033
50 40 985
50 41 144
50 42 985
50 43 937
50 44 96
50 45 937
50 46 889
50 47 48
50 48 889
50 49 841
50 50 0
50 51 841
50 52 889
50 53 48
50 54 889
50 55 937
50 56 96
50 57 937
50 58 985
50 59 144
50 60 985
50 61 1345
51 0 2186
51 1 1546
51 2 332
51 3 888
51 4 1955
51 5 1568
51 6 1842
51 7 570
51 8 879
51 9 1689
51 10 887
51 11 1746
51 12 1772
51 13 518
51 14 588
51 15 858
51 16 979
51 17 883
51 18 749
51 19 1733
51 20 128
51 21 1737
51 22 996
51 23 863
51 24 861
51 25 2066
51 26 1225
51 27 384
51 28 2018
51 29 1177
51 30 336
51 31 1970
51 32 1129
51 33 288
51 34 1922
51 35 1081
51 36 240
51 37 1874
51 38 1033
51 39 192
51 40 1826
51 41 985
51 42 144
51 43 1778
51 44 937
51 45 96
51 46 1730
51 47 889
51 48 48
51 49 1682
51 50 841
51 51 0
51 52 1730
51 53 889
51 54 48
51 55 1778
51 56 937
51 57 96
51 58 1826
51 59 985
51 60 144
51 61 2186
52 0 552
52 1 376
52 2 1494
52 3 1322
52 4 447
52 5 354
52 6 464
52 7 1160
52 8 1235
52 9 233
52 10 939
52 11 368
52 12 342
52 13 1212
52 14 1334
52 15 1448
52 16 1231
52 17 1135
52 18 1365
52 19 381
52 20 1602
52 21 281
52 22 1118
52 23 1635
52 24 965
52 25 432
52 26 1273
52 27 2114
52 28 384
52 29 1225
52 30 2066
52 31 336
52 32 1177
52 33 2018
52 34 288
52 35 1129
52 36 1970
52 37 240
52 38 1081
52 39 1922
52 40 192
52 41 1033
52 42 1874
52 43 144
52 44 985
52 45 1826
52 46 96
52 47 937
52 48 1778
52 49 48
52 50 889
52 51 1730
52 52 0
52 53 841
52 54 1682
52 55 48
52 56 889
52 57 1730
52 58 96
52 59 937
52 60 1778
52 61 552
53 0 1393
53 1 753
53 2 653
53 3 481
53 4 1162
53 5 679
53 6 1049
53 7 319
53 8 394
53 9 896
53 10 98
53 11 953
53 12 979
53 13 371
53 14 493
53 15 607
53 16 390
53 17 294
53 18 524
53 19 940
53 20 761
53 21 944
53 22 277
53 23 794
53 24 124
53 25 1273
53 26 432
53 27 1273
53 28 1225
53 29 384
53 30 1225
53 31 1177
53 32 336
53 33 1177
53 34 1129
53 35 288
53 36 1129
53 37 1081
53 38 240
53 39 1081
53 40 1033
53 41 192
53 42 1033
53 43 985
53 44 144
53 45 985
53 46 937
53 47 96
53 48 937
53 49 889
53 50 48
53 51 889
53 52 841
53 53 0
53 54 841
53 55 889
53 56 48
53 57 889
53 58 937
53 59 96
53 60 937
53 61 1393
54 0 2234
54 1 1594
54 2 380
54 3 936
54 4 2003
54 5 1520
54 6 1890
54 7 618
54 8 927
54 9 1737
54 10 839
54 11 1794
54 12 1820
54 13 566
54 14 636
54 15 906
54 16 1027
54 17 931
54 18 797
54 19 1781
54 20 176
54 21 1785
54 22 1044
54 23 911
54 24 813
54 25 2114
54 26 1273
54 27 432
54 28 2066
54 29 1225
54 30 384
54 31 2018
54 32 1177
54 33 336
54 34 1970
54 35 1129
54 36 288
54 37 1922
54 38 1081
54 39 240
54 40 1874
54 41 1033
54 42 192
54 43 1826
54 44 985
54 45 144
54 46 1778
54 47 937
54 48 96
54 49 1730
54 50 889
54 51 48
54 52 1682
54 53 841
54 54 0
54 55 1730
54 56 889
54 57 48
54 58 1778
54 59 937
54 60 96
54 61 2234
55 0 600
55 1 424
55 2 1542
55 3 1370
55 4 495
55 5 306
55 6 512
55 7 1208
55 8 1283
55 9 281
55 10 891
55 11 416
55 12 390
55 13 1260
55 14 1382
55 15 1496
55 16 1279
55 17 1183
55 18 1413
55 19 429
55 20 1650
55 21 329
55 22 1166
55 23 1683
55 24 917
55 25 480
55 26 1321
55 27 2162
55 28 432
55 29 1273
55 30 2114
55 31 384
55 32 1225
55 33 2066
55 34 336
55 35 1177
55 36 2018
55 37 288
55 38 1129
55 39 1970
55 40 240
55 41 1081
55 42 1922
55 43 192
55 44 1033
55 45 1874
55 46 144
55 47 985
55 48 1826
55 49 96
55 50 937
55 51 1778
55 52 48
55 53 889
55 54 1730
55 55 0
55 56 841
55 57 1682
55 58 48
55 59 889
55 60 1730
55 61 600
56 0 1441
56 1 801
56 2 701
56 3 529
56 4 1210
56 5 631
56 6 1097
56 7 367
56 8 442
56 9 944
56 10 50
56 11 1001
56 12 1027
56 13 419
56 14 541
56 15 655
56 16 438
56 17 342
56 18 572
56 19 988
56 20 809
56 21 992
56 22 325
56 23 842
56 24 76
56 25 1321
56 26 480
56 27 1321
56 28 1273
56 29 432
56 30 1273
56 31 1225
56 32 384
56 33 1225
56 34 1177
56 35 336
56 36 1177
56 37 1129
56 38 288
56 39 1129
56 40 1081
56 41 240
56 42 1081
56 43 1033
56 44 192
56 45 1033
56 46 985
56 47 144
56 48 985
56 49 937
56 50 96
56 51 937
56 52 889
56 53 48
56 54 889
56 55 841
56 56 0
56 57 841
56 58 889
56 59 48
56 60 889
56 61 1441
57 0 2282
57 1 1642
57 2 428
57 3 984
57 4 2051
57 5 1472
57 6 1938
57 7 666
57 8 975
57 9 1785
57 10 791
57 11 1842
57 12 1868
57 13 614
57 14 684
57 15 954
57 16 1075
57 17 979
57 18 845
57 19 1829
57 20 224
57 21 1833
57 22 1092
57 23 959
57 24 765
57 25 2162
57 26 1321
57 27 480
57 28 2114
57 29 1273
57 30 432
57 31 2066
57 32 1225
57 33 384
57 34 2018
57 35 1177
57 36 336
57 37 1970
57 38 1129
57 39 288
57 40 1922
57 41 1081
57 42 240
57 43 1874
57 44 1033
57 45 192
57 46 1826
57 47 985
57 48 144
57 49 1778
57 50 937
57 51 96
57 52 1730
57 53 889
57 54 48
57 55 1682
57 56 841
57 57 0
57 58 1730
57 59 889
57 60 48
57 61 2282
58 0 648
58 1 472
58 2 1590
58 3 1418
58 4 543
58 5 258
58 6 560
58 7 1256
58 8 1331
58 9 329
58 10 939
58 11 464
58 12 438
58 13 1308
58 14 1430
58 15 1544
58 16 1327
58 17 1231
58 18 1461
58 19 477
58 20 1698
58 21 377
58 22 1214
58 23 1731
58 24 965
58 25 528
58 26 1369
58 27 2210
58 28 480
58 29 1321
58 30 2162
58 31 432
58 32 1273
58 33 2114
58 34 384
58 35 1225
58 36 2066
58 37 336
58 38 1177
58 39 2018
58 40 288
58 41 1129
58 42 1970
58 43 240
58 44 1081
58 45 1922
58 46 192
58 47 1033
58 48 1874
58 49 144
58 50 985
58 51 1826
58 52 96
58 53 937
58 54 1778
58 55 48
58 56 889
58 57 1730
58 58 0
58 59 841
58 60 1682
58 61 648
59 0 1489
59 1 849
59 2 749
59 3 577
59 4 1258
59 5 583
59 6 1145
59 7 415
59 8 490
59 9 992
59 10 98
59 11 1049
59 12 1075
59 13 467
59 14 589
59 15 703
59 16 486
59 17 390
59 18 620
59 19 1036
59 20 857
59 21 1040
59 22 373
59 23 890
59 24 124
59 25 1369
59 26 528
59 27 1369
59 28 1321
59 29 480
59 30 1321
59 31 1273
59 32 432
59 33 1273
59 34 1225
59 35 384
59 36 1225
59 37 1177
59 38 336
59 39 1177
59 40 1129
59 41 288
59 42 1129
59 43 1081
59 44 240
59 45 1081
59 46 1033
59 47 192
59 48 1033
59 49 985
59 50 144
59 51 985
59 52 937
59 53 96
59 54 937
59 55 889
59 56 48
59 57 889
59 58 841
59 59 0
59 60 841
59 61 1489
60 0 2330
60 1 1690
60 2 476
60 3 1032
60 4 2099
60 5 1424
60 6 1986
60 7 714
60 8 1023
60 9 1833
60 10 839
60 11 1890
60 12 1916
60 13 662
60 14 732
60 15 1002
60 16 1123
60 17 1027
60 18 893
60 19 1877
60 20 272
60 21 1881
60 22 1140
60 23 1007
60 24 813
60 25 2210
60 26 1369
60 27 528
60 28 2162
60 29 1321
60 30 480
60 31 2114
60 32 1273
60 33 432
60 34 2066
60 35 1225
60 36 384
60 37 2018
60 38 1177
60 39 336
60 40 1970
60 41 1129
60 42 288
60 43 1922
60 44 1081
60 45 240
60 46 1874
