//alpha
1
//NbLocations
68
//NbProducts
31
//NbPickers
2
//CapaPicker
12
//TimeToTravelOneDistanceUnit
3
//SetupTime
5400
//PickTime
300
//Products
//Idx Location Size
1 1 1
2 2 1
3 3 1
4 4 1
5 5 1
6 6 1
7 7 1
8 8 1
9 9 1
10 10 1
11 11 1
12 12 1
13 13 1
14 14 1
15 15 1
16 16 1
17 17 1
18 18 1
19 19 1
20 20 1
21 21 1
22 22 1
23 23 1
24 24 1
25 25 1
26 26 1
27 27 1
28 28 1
29 29 1
30 30 1
31 31 1
//Orders
//NbOrders
12
//Idx DueDate TardinessPenalty NbProdInOrder ProdIdx1 Qty1 ProdIdx2 Qty2 ...
1 126000 0 3 1 1 2 1 3 1
2 126000 0 1 4 1
3 54000 0 2 5 1 6 1
4 54000 0 4 7 1 8 1 9 1 10 1
5 144000 0 1 11 1
6 36000 0 1 12 1
7 90000 0 6 13 1 14 1 15 1 16 1 17 1 18 1
8 54000 0 5 19 1 20 1 21 1 22 1 23 1
9 108000 0 1 24 1
10 126000 0 2 25 1 26 1
11 108000 0 4 27 1 28 1 29 1 30 1
12 108000 0 1 31 1
//Graph (Products are vertices indexed from 1 to NbProducts)
//NbVerticesIntersections
36
//DepartingDepot
0
//ArrivalDepot
68
//Arcs
//Start End Distance
0 32 120
1 3 390
1 41 414
2 14 143
2 24 169
3 1 390
3 42 37
4 56 479
4 57 362
5 26 26
5 37 154
6 18 169
6 32 206
7 15 26
7 34 453
8 21 39
8 27 117
9 53 804
9 54 37
10 12 117
10 30 13
11 47 492
11 48 349
12 10 117
12 28 273
13 19 39
13 20 26
14 2 143
14 36 167
15 7 26
15 29 65
16 22 52
16 43 167
17 26 39
17 30 104
18 6 169
18 23 221
19 13 39
19 33 63
20 13 26
20 31 156
21 8 39
21 24 78
22 16 52
22 42 622
23 18 221
23 25 104
24 2 169
24 21 78
25 23 104
25 33 141
26 5 26
26 17 39
27 8 117
27 35 128
28 12 273
28 36 115
29 15 65
29 31 13
30 10 13
30 17 104
31 20 156
31 29 13
32 6 206
32 35 48
32 68 120
33 19 63
33 25 141
33 36 48
34 7 453
34 37 48
35 27 128
35 32 48
35 38 48
36 14 167
36 28 115
36 33 48
36 39 48
37 5 154
37 34 48
37 40 48
38 35 48
38 39 841
38 41 48
39 36 48
39 38 841
39 40 841
39 42 48
40 37 48
40 39 841
40 43 48
41 1 414
41 38 48
41 44 48
42 3 37
42 22 622
42 39 48
42 45 48
43 16 167
43 40 48
43 46 48
44 41 48
44 45 841
44 47 48
45 42 48
45 44 841
45 46 841
45 48 48
46 43 48
46 45 841
46 49 48
47 11 492
47 44 48
47 50 48
48 11 349
48 45 48
48 49 841
48 51 48
49 46 48
49 48 841
49 52 48
50 47 48
50 51 841
50 53 48
51 48 48
51 50 841
51 52 841
51 54 48
52 49 48
52 51 841
52 55 48
53 9 804
53 50 48
53 56 48
54 9 37
54 51 48
54 55 841
54 57 48
55 52 48
55 54 841
55 58 48
56 4 479
56 53 48
56 59 48
57 4 362
57 54 48
57 58 841
57 60 48
58 55 48
58 57 841
58 61 48
59 56 48
59 60 841
59 62 48
60 57 48
60 59 841
60 61 841
60 63 48
61 58 48
61 60 841
61 64 48
62 59 48
62 63 841
62 65 48
63 60 48
63 62 841
63 64 841
63 66 48
64 61 48
64 63 841
64 67 48
65 62 48
65 66 841
66 63 48
66 65 841
66 67 841
67 64 48
67 66 841
//LocStart LocEnd ShortestPath
0 0 0
0 1 678
0 2 699
0 3 1068
0 4 983
0 5 1696
0 6 326
0 7 1349
0 8 413
0 9 1260
0 10 1514
0 11 852
0 12 1397
0 13 1063
0 14 842
0 15 1323
0 16 1779
0 17 1631
0 18 495
0 19 1024
0 20 1089
0 21 452
0 22 1727
0 23 716
0 24 530
0 25 820
0 26 1670
0 27 296
0 28 1124
0 29 1258
0 30 1527
0 31 1245
0 32 120
0 33 961
0 34 1802
0 35 168
0 36 1009
0 37 1850
0 38 216
0 39 1057
0 40 1898
0 41 264
0 42 1105
0 43 1946
0 44 312
0 45 1153
0 46 1994
0 47 360
0 48 1201
0 49 2042
0 50 408
0 51 1249
0 52 2090
0 53 456
0 54 1297
0 55 2138
0 56 504
0 57 1345
0 58 2186
0 59 552
0 60 1393
0 61 2234
0 62 600
0 63 1441
0 64 2282
0 65 648
0 66 1489
0 67 2330
0 68 0
1 0 678
1 1 0
1 2 833
1 3 390
1 4 1029
1 5 1210
1 6 764
1 7 959
1 8 755
1 9 656
1 10 1028
1 11 872
1 12 911
1 13 673
1 14 690
1 15 933
1 16 1101
1 17 1145
1 18 933
1 19 634
1 20 699
1 21 794
1 22 1049
1 23 816
1 24 872
1 25 712
1 26 1184
1 27 638
1 28 638
1 29 868
1 30 1041
1 31 855
1 32 558
1 33 571
1 34 1412
1 35 510
1 36 523
1 37 1364
1 38 462
1 39 475
1 40 1316
1 41 414
1 42 427
1 43 1268
1 44 462
1 45 475
1 46 1316
1 47 510
1 48 523
1 49 1364
1 50 558
1 51 571
1 52 1412
1 53 606
1 54 619
1 55 1460
1 56 654
1 57 667
1 58 1508
1 59 702
1 60 715
1 61 1556
1 62 750
1 63 763
1 64 1604
1 65 798
1 66 811
1 67 1652
1 68 678
2 0 699
2 1 833
2 2 0
2 3 443
2 4 1008
2 5 997
2 6 785
2 7 746
2 8 286
2 9 635
2 10 815
2 11 851
2 12 698
2 13 460
2 14 143
2 15 720
2 16 1080
2 17 932
2 18 824
2 19 421
2 20 486
2 21 247
2 22 1028
2 23 603
2 24 169
2 25 499
2 26 971
2 27 403
2 28 425
2 29 655
2 30 828
2 31 642
2 32 579
2 33 358
2 34 1199
2 35 531
2 36 310
2 37 1151
2 38 579
2 39 358
2 40 1199
2 41 627
2 42 406
2 43 1247
2 44 675
2 45 454
2 46 1295
2 47 723
2 48 502
2 49 1343
2 50 771
2 51 550
2 52 1391
2 53 819
2 54 598
2 55 1439
2 56 867
2 57 646
2 58 1487
2 59 915
2 60 694
2 61 1535
2 62 963
2 63 742
2 64 1583
2 65 1011
2 66 790
2 67 1631
2 68 699
3 0 1068
3 1 390
3 2 443
3 3 0
3 4 639
3 5 820
3 6 816
3 7 569
3 8 729
3 9 266
3 10 638
3 11 482
3 12 521
3 13 283
3 14 300
3 15 543
3 16 711
3 17 755
3 18 647
3 19 244
3 20 309
3 21 690
3 22 659
3 23 426
3 24 612
3 25 322
3 26 794
3 27 846
3 28 248
3 29 478
3 30 651
3 31 465
3 32 948
3 33 181
3 34 1022
3 35 900
3 36 133
3 37 974
3 38 852
3 39 85
3 40 926
3 41 804
3 42 37
3 43 878
3 44 852
3 45 85
3 46 926
3 47 900
3 48 133
3 49 974
3 50 948
3 51 181
3 52 1022
3 53 996
3 54 229
3 55 1070
3 56 1044
3 57 277
3 58 1118
3 59 1092
3 60 325
3 61 1166
3 62 1140
3 63 373
3 64 1214
3 65 1188
3 66 421
3 67 1262
3 68 1068
4 0 983
4 1 1029
4 2 1008
4 3 639
4 4 0
4 5 1385
4 6 1069
4 7 1134
4 8 1060
4 9 447
4 10 1203
4 11 855
4 12 1086
4 13 848
4 14 865
4 15 1108
4 16 1276
4 17 1320
4 18 1212
4 19 809
4 20 874
4 21 1099
4 22 1224
4 23 991
4 24 1177
4 25 887
4 26 1359
4 27 943
4 28 813
4 29 1043
4 30 1216
4 31 1030
4 32 863
4 33 746
4 34 1587
4 35 815
4 36 698
4 37 1539
4 38 767
4 39 650
4 40 1491
4 41 719
4 42 602
4 43 1443
4 44 671
4 45 554
4 46 1395
4 47 623
4 48 506
4 49 1347
4 50 575
4 51 458
4 52 1299
4 53 527
4 54 410
4 55 1251
4 56 479
4 57 362
4 58 1203
4 59 527
4 60 410
4 61 1251
4 62 575
4 63 458
4 64 1299
4 65 623
4 66 506
4 67 1347
4 68 983
5 0 1696
5 1 1210
5 2 997
5 3 820
5 4 1385
5 5 0
5 6 1370
5 7 655
5 8 1283
5 9 1012
5 10 182
5 11 1228
5 12 299
5 13 837
5 14 854
5 15 681
5 16 417
5 17 65
5 18 1201
5 19 798
5 20 863
5 21 1244
5 22 469
5 23 980
5 24 1166
5 25 876
5 26 26
5 27 1400
5 28 572
5 29 746
5 30 169
5 31 759
5 32 1576
5 33 735
5 34 202
5 35 1528
5 36 687
5 37 154
5 38 1576
5 39 735
5 40 202
5 41 1624
5 42 783
5 43 250
5 44 1672
5 45 831
5 46 298
5 47 1720
5 48 879
5 49 346
5 50 1768
5 51 927
5 52 394
5 53 1816
5 54 975
5 55 442
5 56 1864
5 57 1023
5 58 490
5 59 1912
5 60 1071
5 61 538
5 62 1960
5 63 1119
5 64 586
5 65 2008
5 66 1167
5 67 634
5 68 1696
6 0 326
6 1 764
6 2 785
6 3 816
6 4 1069
6 5 1370
6 6 0
6 7 1023
6 8 499
6 9 1008
6 10 1188
6 11 938
6 12 1071
6 13 737
6 14 850
6 15 997
6 16 1453
6 17 1305
6 18 169
6 19 698
6 20 763
6 21 538
6 22 1401
6 23 390
6 24 616
6 25 494
6 26 1344
6 27 382
6 28 798
6 29 932
6 30 1201
6 31 919
6 32 206
6 33 635
6 34 1476
6 35 254
6 36 683
6 37 1524
6 38 302
6 39 731
6 40 1572
6 41 350
6 42 779
6 43 1620
6 44 398
6 45 827
6 46 1668
6 47 446
6 48 875
6 49 1716
6 50 494
6 51 923
6 52 1764
6 53 542
6 54 971
6 55 1812
6 56 590
6 57 1019
6 58 1860
6 59 638
6 60 1067
6 61 1908
6 62 686
6 63 1115
6 64 1956
6 65 734
6 66 1163
6 67 2004
6 68 326
7 0 1349
7 1 959
7 2 746
7 3 569
7 4 1134
7 5 655
7 6 1023
7 7 0
7 8 1032
7 9 761
7 10 837
7 11 977
7 12 824
7 13 286
7 14 603
7 15 26
7 16 764
7 17 720
7 18 854
7 19 325
7 20 260
7 21 993
7 22 816
7 23 633
7 24 915
7 25 529
7 26 681
7 27 1149
7 28 551
7 29 91
7 30 824
7 31 104
7 32 1229
7 33 388
7 34 453
7 35 1277
7 36 436
7 37 501
7 38 1325
7 39 484
7 40 549
7 41 1373
7 42 532
7 43 597
7 44 1421
7 45 580
7 46 645
7 47 1469
7 48 628
7 49 693
7 50 1517
7 51 676
7 52 741
7 53 1565
7 54 724
7 55 789
7 56 1613
7 57 772
7 58 837
7 59 1661
7 60 820
7 61 885
7 62 1709
7 63 868
7 64 933
7 65 1757
7 66 916
7 67 981
7 68 1349
8 0 413
8 1 755
8 2 286
8 3 729
8 4 1060
8 5 1283
8 6 499
8 7 1032
8 8 0
8 9 921
8 10 1101
8 11 929
8 12 984
8 13 746
8 14 429
8 15 1006
8 16 1366
8 17 1218
8 18 668
8 19 707
8 20 772
8 21 39
8 22 1314
8 23 889
8 24 117
8 25 785
8 26 1257
8 27 117
8 28 711
8 29 941
8 30 1114
8 31 928
8 32 293
8 33 644
8 34 1485
8 35 245
8 36 596
8 37 1437
8 38 293
8 39 644
8 40 1485
8 41 341
8 42 692
8 43 1533
8 44 389
8 45 740
8 46 1581
8 47 437
8 48 788
8 49 1629
8 50 485
8 51 836
8 52 1677
8 53 533
8 54 884
8 55 1725
8 56 581
8 57 932
8 58 1773
8 59 629
8 60 980
8 61 1821
8 62 677
8 63 1028
8 64 1869
8 65 725
8 66 1076
8 67 1917
8 68 413
9 0 1260
9 1 656
9 2 635
9 3 266
9 4 447
9 5 1012
9 6 1008
9 7 761
9 8 921
9 9 0
9 10 830
9 11 482
9 12 713
9 13 475
9 14 492
9 15 735
9 16 903
9 17 947
9 18 839
9 19 436
9 20 501
9 21 882
9 22 851
9 23 618
9 24 804
9 25 514
9 26 986
9 27 1038
9 28 440
9 29 670
9 30 843
9 31 657
9 32 1140
9 33 373
9 34 1214
9 35 1092
9 36 325
9 37 1166
9 38 1044
9 39 277
9 40 1118
9 41 996
9 42 229
9 43 1070
9 44 948
9 45 181
9 46 1022
9 47 900
9 48 133
9 49 974
9 50 852
9 51 85
9 52 926
9 53 804
9 54 37
9 55 878
9 56 852
9 57 85
9 58 926
9 59 900
9 60 133
9 61 974
9 62 948
9 63 181
9 64 1022
9 65 996
9 66 229
9 67 1070
9 68 1260
10 0 1514
10 1 1028
10 2 815
10 3 638
10 4 1203
10 5 182
10 6 1188
10 7 837
10 8 1101
10 9 830
10 10 0
10 11 1046
10 12 117
10 13 655
10 14 672
10 15 863
10 16 599
10 17 117
10 18 1019
10 19 616
10 20 681
10 21 1062
10 22 651
10 23 798
10 24 984
10 25 694
10 26 156
10 27 1218
10 28 390
10 29 850
10 30 13
10 31 837
10 32 1394
10 33 553
10 34 384
10 35 1346
10 36 505
10 37 336
10 38 1394
10 39 553
10 40 384
10 41 1442
10 42 601
10 43 432
10 44 1490
10 45 649
10 46 480
10 47 1538
10 48 697
10 49 528
10 50 1586
10 51 745
10 52 576
10 53 1634
10 54 793
10 55 624
10 56 1682
10 57 841
10 58 672
10 59 1730
10 60 889
10 61 720
10 62 1778
10 63 937
10 64 768
10 65 1826
10 66 985
10 67 816
10 68 1514
11 0 852
11 1 872
11 2 851
11 3 482
11 4 855
11 5 1228
11 6 938
11 7 977
11 8 929
11 9 482
11 10 1046
11 11 0
11 12 929
11 13 691
11 14 708
11 15 951
11 16 1119
11 17 1163
11 18 1055
11 19 652
11 20 717
11 21 968
11 22 1067
11 23 834
11 24 1020
11 25 730
11 26 1202
11 27 812
11 28 656
11 29 886
11 30 1059
11 31 873
11 32 732
11 33 589
11 34 1430
11 35 684
11 36 541
11 37 1382
11 38 636
11 39 493
11 40 1334
11 41 588
11 42 445
11 43 1286
11 44 540
11 45 397
11 46 1238
11 47 492
11 48 349
11 49 1190
11 50 540
11 51 397
11 52 1238
11 53 588
11 54 445
11 55 1286
11 56 636
11 57 493
11 58 1334
11 59 684
11 60 541
11 61 1382
11 62 732
11 63 589
11 64 1430
11 65 780
11 66 637
11 67 1478
11 68 852
12 0 1397
12 1 911
12 2 698
12 3 521
12 4 1086
12 5 299
12 6 1071
12 7 824
12 8 984
12 9 713
12 10 117
12 11 929
12 12 0
12 13 538
12 14 555
12 15 798
12 16 716
12 17 234
12 18 902
12 19 499
12 20 564
12 21 945
12 22 768
12 23 681
12 24 867
12 25 577
12 26 273
12 27 1101
12 28 273
12 29 733
12 30 130
12 31 720
12 32 1277
12 33 436
12 34 501
12 35 1229
12 36 388
12 37 453
12 38 1277
12 39 436
12 40 501
12 41 1325
12 42 484
12 43 549
12 44 1373
12 45 532
12 46 597
12 47 1421
12 48 580
12 49 645
12 50 1469
12 51 628
12 52 693
12 53 1517
12 54 676
12 55 741
12 56 1565
12 57 724
12 58 789
12 59 1613
12 60 772
12 61 837
12 62 1661
12 63 820
12 64 885
12 65 1709
12 66 868
12 67 933
12 68 1397
13 0 1063
13 1 673
13 2 460
13 3 283
13 4 848
13 5 837
13 6 737
13 7 286
13 8 746
13 9 475
13 10 655
13 11 691
13 12 538
13 13 0
13 14 317
13 15 260
13 16 920
13 17 772
13 18 568
13 19 39
13 20 26
13 21 707
13 22 868
13 23 347
13 24 629
13 25 243
13 26 811
13 27 863
13 28 265
13 29 195
13 30 668
13 31 182
13 32 943
13 33 102
13 34 739
13 35 991
13 36 150
13 37 787
13 38 1039
13 39 198
13 40 835
13 41 1087
13 42 246
13 43 883
13 44 1135
13 45 294
13 46 931
13 47 1183
13 48 342
13 49 979
13 50 1231
13 51 390
13 52 1027
13 53 1279
13 54 438
13 55 1075
13 56 1327
13 57 486
13 58 1123
13 59 1375
13 60 534
13 61 1171
13 62 1423
13 63 582
13 64 1219
13 65 1471
13 66 630
13 67 1267
13 68 1063
14 0 842
14 1 690
14 2 143
14 3 300
14 4 865
14 5 854
14 6 850
14 7 603
14 8 429
14 9 492
14 10 672
14 11 708
14 12 555
14 13 317
14 14 0
14 15 577
14 16 937
14 17 789
14 18 681
14 19 278
14 20 343
14 21 390
14 22 885
14 23 460
14 24 312
14 25 356
14 26 828
14 27 546
14 28 282
14 29 512
14 30 685
14 31 499
14 32 722
14 33 215
14 34 1056
14 35 674
14 36 167
14 37 1008
14 38 722
14 39 215
14 40 1056
14 41 770
14 42 263
14 43 1104
14 44 818
14 45 311
14 46 1152
14 47 866
14 48 359
14 49 1200
14 50 914
14 51 407
14 52 1248
14 53 962
14 54 455
14 55 1296
14 56 1010
14 57 503
14 58 1344
14 59 1058
14 60 551
14 61 1392
14 62 1106
14 63 599
14 64 1440
14 65 1154
14 66 647
14 67 1488
14 68 842
15 0 1323
15 1 933
15 2 720
15 3 543
15 4 1108
15 5 681
15 6 997
15 7 26
15 8 1006
15 9 735
15 10 863
15 11 951
15 12 798
15 13 260
15 14 577
15 15 0
15 16 790
15 17 746
15 18 828
15 19 299
15 20 234
15 21 967
15 22 842
15 23 607
15 24 889
15 25 503
15 26 707
15 27 1123
15 28 525
15 29 65
15 30 850
15 31 78
15 32 1203
15 33 362
15 34 479
15 35 1251
15 36 410
15 37 527
15 38 1299
15 39 458
15 40 575
15 41 1347
15 42 506
15 43 623
15 44 1395
15 45 554
15 46 671
15 47 1443
15 48 602
15 49 719
15 50 1491
15 51 650
15 52 767
15 53 1539
15 54 698
15 55 815
15 56 1587
15 57 746
15 58 863
15 59 1635
15 60 794
15 61 911
15 62 1683
15 63 842
15 64 959
15 65 1731
15 66 890
15 67 1007
15 68 1323
16 0 1779
16 1 1101
16 2 1080
16 3 711
16 4 1276
16 5 417
16 6 1453
16 7 764
16 8 1366
16 9 903
16 10 599
16 11 1119
16 12 716
16 13 920
16 14 937
16 15 790
16 16 0
16 17 482
16 18 1284
16 19 881
16 20 946
16 21 1327
16 22 52
16 23 1063
16 24 1249
16 25 959
16 26 443
16 27 1483
16 28 885
16 29 855
16 30 586
16 31 868
16 32 1659
16 33 818
16 34 311
16 35 1611
16 36 770
16 37 263
16 38 1563
16 39 722
16 40 215
16 41 1515
16 42 674
16 43 167
16 44 1563
16 45 722
16 46 215
16 47 1611
16 48 770
16 49 263
16 50 1659
16 51 818
16 52 311
16 53 1707
16 54 866
16 55 359
16 56 1755
16 57 914
16 58 407
16 59 1803
16 60 962
16 61 455
16 62 1851
16 63 1010
16 64 503
16 65 1899
16 66 1058
16 67 551
16 68 1779
17 0 1631
17 1 1145
17 2 932
17 3 755
17 4 1320
17 5 65
17 6 1305
17 7 720
17 8 1218
17 9 947
17 10 117
17 11 1163
17 12 234
17 13 772
17 14 789
17 15 746
17 16 482
17 17 0
17 18 1136
17 19 733
17 20 798
17 21 1179
17 22 534
17 23 915
17 24 1101
17 25 811
17 26 39
17 27 1335
17 28 507
17 29 811
17 30 104
17 31 824
17 32 1511
17 33 670
17 34 267
17 35 1463
17 36 622
17 37 219
17 38 1511
17 39 670
17 40 267
17 41 1559
17 42 718
17 43 315
17 44 1607
17 45 766
17 46 363
17 47 1655
17 48 814
17 49 411
17 50 1703
17 51 862
17 52 459
17 53 1751
17 54 910
17 55 507
17 56 1799
17 57 958
17 58 555
17 59 1847
17 60 1006
17 61 603
17 62 1895
17 63 1054
17 64 651
17 65 1943
17 66 1102
17 67 699
17 68 1631
18 0 495
18 1 933
18 2 824
18 3 647
18 4 1212
18 5 1201
18 6 169
18 7 854
18 8 668
18 9 839
18 10 1019
18 11 1055
18 12 902
18 13 568
18 14 681
18 15 828
18 16 1284
18 17 1136
18 18 0
18 19 529
18 20 594
18 21 707
18 22 1232
18 23 221
18 24 785
18 25 325
18 26 1175
18 27 551
18 28 629
18 29 763
18 30 1032
18 31 750
18 32 375
18 33 466
18 34 1307
18 35 423
18 36 514
18 37 1355
18 38 471
18 39 562
18 40 1403
18 41 519
18 42 610
18 43 1451
18 44 567
18 45 658
18 46 1499
18 47 615
18 48 706
18 49 1547
18 50 663
18 51 754
18 52 1595
18 53 711
18 54 802
18 55 1643
18 56 759
18 57 850
18 58 1691
18 59 807
18 60 898
18 61 1739
18 62 855
18 63 946
18 64 1787
18 65 903
18 66 994
18 67 1835
18 68 495
19 0 1024
19 1 634
19 2 421
19 3 244
19 4 809
19 5 798
19 6 698
19 7 325
19 8 707
19 9 436
19 10 616
19 11 652
19 12 499
19 13 39
19 14 278
19 15 299
19 16 881
19 17 733
19 18 529
19 19 0
19 20 65
19 21 668
19 22 829
19 23 308
19 24 590
19 25 204
19 26 772
19 27 824
19 28 226
19 29 234
19 30 629
19 31 221
19 32 904
19 33 63
19 34 778
19 35 952
19 36 111
19 37 826
19 38 1000
19 39 159
19 40 874
19 41 1048
19 42 207
19 43 922
19 44 1096
19 45 255
19 46 970
19 47 1144
19 48 303
19 49 1018
19 50 1192
19 51 351
19 52 1066
19 53 1240
19 54 399
19 55 1114
19 56 1288
19 57 447
19 58 1162
19 59 1336
19 60 495
19 61 1210
19 62 1384
19 63 543
19 64 1258
19 65 1432
19 66 591
19 67 1306
19 68 1024
20 0 1089
20 1 699
20 2 486
20 3 309
20 4 874
20 5 863
20 6 763
20 7 260
20 8 772
20 9 501
20 10 681
20 11 717
20 12 564
20 13 26
20 14 343
20 15 234
20 16 946
20 17 798
20 18 594
20 19 65
20 20 0
20 21 733
20 22 894
20 23 373
20 24 655
20 25 269
20 26 837
20 27 889
20 28 291
20 29 169
20 30 694
20 31 156
20 32 969
20 33 128
20 34 713
20 35 1017
20 36 176
20 37 761
20 38 1065
20 39 224
20 40 809
20 41 1113
20 42 272
20 43 857
20 44 1161
20 45 320
20 46 905
20 47 1209
20 48 368
20 49 953
20 50 1257
20 51 416
20 52 1001
20 53 1305
20 54 464
20 55 1049
20 56 1353
20 57 512
20 58 1097
20 59 1401
20 60 560
20 61 1145
20 62 1449
20 63 608
20 64 1193
20 65 1497
20 66 656
20 67 1241
20 68 1089
21 0 452
21 1 794
21 2 247
21 3 690
21 4 1099
21 5 1244
21 6 538
21 7 993
21 8 39
21 9 882
21 10 1062
21 11 968
21 12 945
21 13 707
21 14 390
21 15 967
21 16 1327
21 17 1179
21 18 707
21 19 668
21 20 733
21 21 0
21 22 1275
21 23 850
21 24 78
21 25 746
21 26 1218
21 27 156
21 28 672
21 29 902
21 30 1075
21 31 889
21 32 332
21 33 605
21 34 1446
21 35 284
21 36 557
21 37 1398
21 38 332
21 39 605
21 40 1446
21 41 380
21 42 653
21 43 1494
21 44 428
21 45 701
21 46 1542
21 47 476
21 48 749
21 49 1590
21 50 524
21 51 797
21 52 1638
21 53 572
21 54 845
21 55 1686
21 56 620
21 57 893
21 58 1734
21 59 668
21 60 941
21 61 1782
21 62 716
21 63 989
21 64 1830
21 65 764
21 66 1037
21 67 1878
21 68 452
22 0 1727
22 1 1049
22 2 1028
22 3 659
22 4 1224
22 5 469
22 6 1401
22 7 816
22 8 1314
22 9 851
22 10 651
22 11 1067
22 12 768
22 13 868
22 14 885
22 15 842
22 16 52
22 17 534
22 18 1232
22 19 829
22 20 894
22 21 1275
22 22 0
22 23 1011
22 24 1197
22 25 907
22 26 495
22 27 1431
22 28 833
22 29 907
22 30 638
22 31 920
22 32 1607
22 33 766
22 34 363
22 35 1559
22 36 718
22 37 315
22 38 1511
22 39 670
22 40 267
22 41 1463
22 42 622
22 43 219
22 44 1511
22 45 670
22 46 267
22 47 1559
22 48 718
22 49 315
22 50 1607
22 51 766
22 52 363
22 53 1655
22 54 814
22 55 411
22 56 1703
22 57 862
22 58 459
22 59 1751
22 60 910
22 61 507
22 62 1799
22 63 958
22 64 555
22 65 1847
22 66 1006
22 67 603
22 68 1727
23 0 716
23 1 816
23 2 603
23 3 426
23 4 991
23 5 980
23 6 390
23 7 633
23 8 889
23 9 618
23 10 798
23 11 834
23 12 681
23 13 347
23 14 460
23 15 607
23 16 1063
23 17 915
23 18 221
23 19 308
23 20 373
23 21 850
23 22 1011
23 23 0
23 24 772
23 25 104
23 26 954
23 27 772
23 28 408
23 29 542
23 30 811
23 31 529
23 32 596
23 33 245
23 34 1086
23 35 644
23 36 293
23 37 1134
23 38 692
23 39 341
23 40 1182
23 41 740
23 42 389
23 43 1230
23 44 788
23 45 437
23 46 1278
23 47 836
23 48 485
23 49 1326
23 50 884
23 51 533
23 52 1374
23 53 932
23 54 581
23 55 1422
23 56 980
23 57 629
23 58 1470
23 59 1028
23 60 677
23 61 1518
23 62 1076
23 63 725
23 64 1566
23 65 1124
23 66 773
23 67 1614
23 68 716
24 0 530
24 1 872
24 2 169
24 3 612
24 4 1177
24 5 1166
24 6 616
24 7 915
24 8 117
24 9 804
24 10 984
24 11 1020
24 12 867
24 13 629
24 14 312
24 15 889
24 16 1249
24 17 1101
24 18 785
24 19 590
24 20 655
24 21 78
24 22 1197
24 23 772
24 24 0
24 25 668
24 26 1140
24 27 234
24 28 594
24 29 824
24 30 997
24 31 811
24 32 410
24 33 527
24 34 1368
24 35 362
24 36 479
24 37 1320
24 38 410
24 39 527
24 40 1368
24 41 458
24 42 575
24 43 1416
24 44 506
24 45 623
24 46 1464
24 47 554
24 48 671
24 49 1512
24 50 602
24 51 719
24 52 1560
24 53 650
24 54 767
24 55 1608
24 56 698
24 57 815
24 58 1656
24 59 746
24 60 863
24 61 1704
24 62 794
24 63 911
24 64 1752
24 65 842
24 66 959
24 67 1800
24 68 530
25 0 820
25 1 712
25 2 499
25 3 322
25 4 887
25 5 876
25 6 494
25 7 529
25 8 785
25 9 514
25 10 694
25 11 730
25 12 577
25 13 243
25 14 356
25 15 503
25 16 959
25 17 811
25 18 325
25 19 204
25 20 269
25 21 746
25 22 907
25 23 104
25 24 668
25 25 0
25 26 850
25 27 876
25 28 304
25 29 438
25 30 707
25 31 425
25 32 700
25 33 141
25 34 982
25 35 748
25 36 189
25 37 1030
25 38 796
25 39 237
25 40 1078
25 41 844
25 42 285
25 43 1126
25 44 892
25 45 333
25 46 1174
25 47 940
25 48 381
25 49 1222
25 50 988
25 51 429
25 52 1270
25 53 1036
25 54 477
25 55 1318
25 56 1084
25 57 525
25 58 1366
25 59 1132
25 60 573
25 61 1414
25 62 1180
25 63 621
25 64 1462
25 65 1228
25 66 669
25 67 1510
25 68 820
26 0 1670
26 1 1184
26 2 971
26 3 794
26 4 1359
26 5 26
26 6 1344
26 7 681
26 8 1257
26 9 986
26 10 156
26 11 1202
26 12 273
26 13 811
26 14 828
26 15 707
26 16 443
26 17 39
26 18 1175
26 19 772
26 20 837
26 21 1218
26 22 495
26 23 954
26 24 1140
26 25 850
26 26 0
26 27 1374
26 28 546
26 29 772
26 30 143
26 31 785
26 32 1550
26 33 709
26 34 228
26 35 1502
26 36 661
26 37 180
26 38 1550
26 39 709
26 40 228
26 41 1598
26 42 757
26 43 276
26 44 1646
26 45 805
26 46 324
26 47 1694
26 48 853
26 49 372
26 50 1742
26 51 901
26 52 420
26 53 1790
26 54 949
26 55 468
26 56 1838
26 57 997
26 58 516
26 59 1886
26 60 1045
26 61 564
26 62 1934
26 63 1093
26 64 612
26 65 1982
26 66 1141
26 67 660
26 68 1670
27 0 296
27 1 638
27 2 403
27 3 846
27 4 943
27 5 1400
27 6 382
27 7 1149
27 8 117
27 9 1038
27 10 1218
27 11 812
27 12 1101
27 13 863
27 14 546
27 15 1123
27 16 1483
27 17 1335
27 18 551
27 19 824
27 20 889
27 21 156
27 22 1431
27 23 772
27 24 234
27 25 876
27 26 1374
27 27 0
27 28 828
27 29 1058
27 30 1231
27 31 1045
27 32 176
27 33 761
27 34 1602
27 35 128
27 36 713
27 37 1554
27 38 176
27 39 761
27 40 1602
27 41 224
27 42 809
27 43 1650
27 44 272
27 45 857
27 46 1698
27 47 320
27 48 905
27 49 1746
27 50 368
27 51 953
27 52 1794
27 53 416
27 54 1001
27 55 1842
27 56 464
27 57 1049
27 58 1890
27 59 512
27 60 1097
27 61 1938
27 62 560
27 63 1145
27 64 1986
27 65 608
27 66 1193
27 67 2034
27 68 296
28 0 1124
28 1 638
28 2 425
28 3 248
28 4 813
28 5 572
28 6 798
28 7 551
28 8 711
28 9 440
28 10 390
28 11 656
28 12 273
28 13 265
28 14 282
28 15 525
28 16 885
28 17 507
28 18 629
28 19 226
28 20 291
28 21 672
28 22 833
28 23 408
28 24 594
28 25 304
28 26 546
28 27 828
28 28 0
28 29 460
28 30 403
28 31 447
28 32 1004
28 33 163
28 34 774
28 35 956
28 36 115
28 37 726
28 38 1004
28 39 163
28 40 774
28 41 1052
28 42 211
28 43 822
28 44 1100
28 45 259
28 46 870
28 47 1148
28 48 307
28 49 918
28 50 1196
28 51 355
28 52 966
28 53 1244
28 54 403
28 55 1014
28 56 1292
28 57 451
28 58 1062
28 59 1340
28 60 499
28 61 1110
28 62 1388
28 63 547
28 64 1158
28 65 1436
28 66 595
28 67 1206
28 68 1124
29 0 1258
29 1 868
29 2 655
29 3 478
29 4 1043
29 5 746
29 6 932
29 7 91
29 8 941
29 9 670
29 10 850
29 11 886
29 12 733
29 13 195
29 14 512
29 15 65
29 16 855
29 17 811
29 18 763
29 19 234
29 20 169
29 21 902
29 22 907
29 23 542
29 24 824
29 25 438
29 26 772
29 27 1058
29 28 460
29 29 0
29 30 863
29 31 13
29 32 1138
29 33 297
29 34 544
29 35 1186
29 36 345
29 37 592
29 38 1234
29 39 393
29 40 640
29 41 1282
29 42 441
29 43 688
29 44 1330
29 45 489
29 46 736
29 47 1378
29 48 537
29 49 784
29 50 1426
29 51 585
29 52 832
29 53 1474
29 54 633
29 55 880
29 56 1522
29 57 681
29 58 928
29 59 1570
29 60 729
29 61 976
29 62 1618
29 63 777
29 64 1024
29 65 1666
29 66 825
29 67 1072
29 68 1258
30 0 1527
30 1 1041
30 2 828
30 3 651
30 4 1216
30 5 169
30 6 1201
30 7 824
30 8 1114
30 9 843
30 10 13
30 11 1059
30 12 130
30 13 668
30 14 685
30 15 850
30 16 586
30 17 104
30 18 1032
30 19 629
30 20 694
30 21 1075
30 22 638
30 23 811
30 24 997
30 25 707
30 26 143
30 27 1231
30 28 403
30 29 863
30 30 0
30 31 850
30 32 1407
30 33 566
30 34 371
30 35 1359
30 36 518
30 37 323
30 38 1407
30 39 566
30 40 371
30 41 1455
30 42 614
30 43 419
30 44 1503
30 45 662
30 46 467
30 47 1551
30 48 710
30 49 515
30 50 1599
30 51 758
30 52 563
30 53 1647
30 54 806
30 55 611
30 56 1695
30 57 854
30 58 659
30 59 1743
30 60 902
30 61 707
30 62 1791
30 63 950
30 64 755
30 65 1839
30 66 998
30 67 803
30 68 1527
31 0 1245
31 1 855
31 2 642
31 3 465
31 4 1030
31 5 759
31 6 919
31 7 104
31 8 928
31 9 657
31 10 837
31 11 873
31 12 720
31 13 182
31 14 499
31 15 78
31 16 868
31 17 824
31 18 750
31 19 221
31 20 156
31 21 889
31 22 920
31 23 529
31 24 811
31 25 425
31 26 785
31 27 1045
31 28 447
31 29 13
31 30 850
31 31 0
31 32 1125
31 33 284
31 34 557
31 35 1173
31 36 332
31 37 605
31 38 1221
31 39 380
31 40 653
31 41 1269
31 42 428
31 43 701
31 44 1317
31 45 476
31 46 749
31 47 1365
31 48 524
31 49 797
31 50 1413
31 51 572
31 52 845
31 53 1461
31 54 620
31 55 893
31 56 1509
31 57 668
31 58 941
31 59 1557
31 60 716
31 61 989
31 62 1605
31 63 764
31 64 1037
31 65 1653
31 66 812
31 67 1085
31 68 1245
32 0 120
32 1 558
32 2 579
32 3 948
32 4 863
32 5 1576
32 6 206
32 7 1229
32 8 293
32 9 1140
32 10 1394
32 11 732
32 12 1277
32 13 943
32 14 722
32 15 1203
32 16 1659
32 17 1511
32 18 375
32 19 904
32 20 969
32 21 332
32 22 1607
32 23 596
32 24 410
32 25 700
32 26 1550
32 27 176
32 28 1004
32 29 1138
32 30 1407
32 31 1125
32 32 0
32 33 841
32 34 1682
32 35 48
32 36 889
32 37 1730
32 38 96
32 39 937
32 40 1778
32 41 144
32 42 985
32 43 1826
32 44 192
32 45 1033
32 46 1874
32 47 240
32 48 1081
32 49 1922
32 50 288
32 51 1129
32 52 1970
32 53 336
32 54 1177
32 55 2018
32 56 384
32 57 1225
32 58 2066
32 59 432
32 60 1273
32 61 2114
32 62 480
32 63 1321
32 64 2162
32 65 528
32 66 1369
32 67 2210
32 68 120
33 0 961
33 1 571
33 2 358
33 3 181
33 4 746
33 5 735
33 6 635
33 7 388
33 8 644
33 9 373
33 10 553
33 11 589
33 12 436
33 13 102
33 14 215
33 15 362
33 16 818
33 17 670
33 18 466
33 19 63
33 20 128
33 21 605
33 22 766
33 23 245
33 24 527
33 25 141
33 26 709
33 27 761
33 28 163
33 29 297
33 30 566
33 31 284
33 32 841
33 33 0
33 34 841
33 35 889
33 36 48
33 37 889
33 38 937
33 39 96
33 40 937
33 41 985
33 42 144
33 43 985
33 44 1033
33 45 192
33 46 1033
33 47 1081
33 48 240
33 49 1081
33 50 1129
33 51 288
33 52 1129
33 53 1177
33 54 336
33 55 1177
33 56 1225
33 57 384
33 58 1225
33 59 1273
33 60 432
33 61 1273
33 62 1321
33 63 480
33 64 1321
33 65 1369
33 66 528
33 67 1369
33 68 961
34 0 1802
34 1 1412
34 2 1199
34 3 1022
34 4 1587
34 5 202
34 6 1476
34 7 453
34 8 1485
34 9 1214
34 10 384
34 11 1430
34 12 501
34 13 739
34 14 1056
34 15 479
34 16 311
34 17 267
34 18 1307
34 19 778
34 20 713
34 21 1446
34 22 363
34 23 1086
34 24 1368
34 25 982
34 26 228
34 27 1602
34 28 774
34 29 544
34 30 371
34 31 557
34 32 1682
34 33 841
34 34 0
34 35 1730
34 36 889
34 37 48
34 38 1778
34 39 937
34 40 96
34 41 1826
34 42 985
34 43 144
34 44 1874
34 45 1033
34 46 192
34 47 1922
34 48 1081
34 49 240
34 50 1970
34 51 1129
34 52 288
34 53 2018
34 54 1177
34 55 336
34 56 2066
34 57 1225
34 58 384
34 59 2114
34 60 1273
34 61 432
34 62 2162
34 63 1321
34 64 480
34 65 2210
34 66 1369
34 67 528
34 68 1802
35 0 168
35 1 510
35 2 531
35 3 900
35 4 815
35 5 1528
35 6 254
35 7 1277
35 8 245
35 9 1092
35 10 1346
35 11 684
35 12 1229
35 13 991
35 14 674
35 15 1251
35 16 1611
35 17 1463
35 18 423
35 19 952
35 20 1017
35 21 284
35 22 1559
35 23 644
35 24 362
35 25 748
35 26 1502
35 27 128
35 28 956
35 29 1186
35 30 1359
35 31 1173
35 32 48
35 33 889
35 34 1730
35 35 0
35 36 841
35 37 1682
35 38 48
35 39 889
35 40 1730
35 41 96
35 42 937
35 43 1778
35 44 144
35 45 985
35 46 1826
35 47 192
35 48 1033
35 49 1874
35 50 240
35 51 1081
35 52 1922
35 53 288
35 54 1129
35 55 1970
35 56 336
35 57 1177
35 58 2018
35 59 384
35 60 1225
35 61 2066
35 62 432
35 63 1273
35 64 2114
35 65 480
35 66 1321
35 67 2162
35 68 168
36 0 1009
36 1 523
36 2 310
36 3 133
36 4 698
36 5 687
36 6 683
36 7 436
36 8 596
36 9 325
36 10 505
36 11 541
36 12 388
36 13 150
36 14 167
36 15 410
36 16 770
36 17 622
36 18 514
36 19 111
36 20 176
36 21 557
36 22 718
36 23 293
36 24 479
36 25 189
36 26 661
36 27 713
36 28 115
36 29 345
36 30 518
36 31 332
36 32 889
36 33 48
36 34 889
36 35 841
36 36 0
36 37 841
36 38 889
36 39 48
36 40 889
36 41 937
36 42 96
36 43 937
36 44 985
36 45 144
36 46 985
36 47 1033
36 48 192
36 49 1033
36 50 1081
36 51 240
36 52 1081
36 53 1129
36 54 288
36 55 1129
36 56 1177
36 57 336
36 58 1177
36 59 1225
36 60 384
36 61 1225
36 62 1273
36 63 432
36 64 1273
36 65 1321
36 66 480
36 67 1321
36 68 1009
37 0 1850
37 1 1364
37 2 1151
37 3 974
37 4 1539
37 5 154
37 6 1524
37 7 501
37 8 1437
37 9 1166
37 10 336
37 11 1382
37 12 453
37 13 787
37 14 1008
37 15 527
37 16 263
37 17 219
37 18 1355
37 19 826
37 20 761
37 21 1398
37 22 315
37 23 1134
37 24 1320
37 25 1030
37 26 180
37 27 1554
37 28 726
37 29 592
37 30 323
37 31 605
37 32 1730
37 33 889
37 34 48
37 35 1682
37 36 841
37 37 0
37 38 1730
37 39 889
37 40 48
37 41 1778
37 42 937
37 43 96
37 44 1826
37 45 985
37 46 144
37 47 1874
37 48 1033
37 49 192
37 50 1922
37 51 1081
37 52 240
37 53 1970
37 54 1129
37 55 288
37 56 2018
37 57 1177
37 58 336
37 59 2066
37 60 1225
37 61 384
37 62 2114
37 63 1273
37 64 432
37 65 2162
37 66 1321
37 67 480
37 68 1850
38 0 216
38 1 462
38 2 579
38 3 852
38 4 767
38 5 1576
38 6 302
38 7 1325
38 8 293
38 9 1044
38 10 1394
38 11 636
38 12 1277
38 13 1039
38 14 722
38 15 1299
38 16 1563
38 17 1511
38 18 471
38 19 1000
38 20 1065
38 21 332
38 22 1511
38 23 692
38 24 410
38 25 796
38 26 1550
38 27 176
38 28 1004
38 29 1234
38 30 1407
38 31 1221
38 32 96
38 33 937
38 34 1778
38 35 48
38 36 889
38 37 1730
38 38 0
38 39 841
38 40 1682
38 41 48
38 42 889
38 43 1730
38 44 96
38 45 937
38 46 1778
38 47 144
38 48 985
38 49 1826
38 50 192
38 51 1033
38 52 1874
38 53 240
38 54 1081
38 55 1922
38 56 288
38 57 1129
38 58 1970
38 59 336
38 60 1177
38 61 2018
38 62 384
38 63 1225
38 64 2066
38 65 432
38 66 1273
38 67 2114
38 68 216
39 0 1057
39 1 475
39 2 358
39 3 85
39 4 650
39 5 735
39 6 731
39 7 484
39 8 644
39 9 277
39 10 553
39 11 493
39 12 436
39 13 198
39 14 215
39 15 458
39 16 722
39 17 670
39 18 562
39 19 159
39 20 224
39 21 605
39 22 670
39 23 341
39 24 527
39 25 237
39 26 709
39 27 761
39 28 163
39 29 393
39 30 566
39 31 380
39 32 937
39 33 96
39 34 937
39 35 889
39 36 48
39 37 889
39 38 841
39 39 0
39 40 841
39 41 889
39 42 48
39 43 889
39 44 937
39 45 96
39 46 937
39 47 985
39 48 144
39 49 985
39 50 1033
39 51 192
39 52 1033
39 53 1081
39 54 240
39 55 1081
39 56 1129
39 57 288
39 58 1129
39 59 1177
39 60 336
39 61 1177
39 62 1225
39 63 384
39 64 1225
39 65 1273
39 66 432
39 67 1273
39 68 1057
40 0 1898
40 1 1316
40 2 1199
40 3 926
40 4 1491
40 5 202
40 6 1572
40 7 549
40 8 1485
40 9 1118
40 10 384
40 11 1334
40 12 501
40 13 835
40 14 1056
40 15 575
40 16 215
40 17 267
40 18 1403
40 19 874
40 20 809
40 21 1446
40 22 267
40 23 1182
40 24 1368
40 25 1078
40 26 228
40 27 1602
40 28 774
40 29 640
40 30 371
40 31 653
40 32 1778
40 33 937
40 34 96
40 35 1730
40 36 889
40 37 48
40 38 1682
40 39 841
40 40 0
40 41 1730
40 42 889
40 43 48
40 44 1778
40 45 937
40 46 96
40 47 1826
40 48 985
40 49 144
40 50 1874
40 51 1033
40 52 192
40 53 1922
40 54 1081
40 55 240
40 56 1970
40 57 1129
40 58 288
40 59 2018
40 60 1177
40 61 336
40 62 2066
40 63 1225
40 64 384
40 65 2114
40 66 1273
40 67 432
40 68 1898
41 0 264
41 1 414
41 2 627
41 3 804
41 4 719
41 5 1624
41 6 350
41 7 1373
41 8 341
41 9 996
41 10 1442
41 11 588
41 12 1325
41 13 1087
41 14 770
41 15 1347
41 16 1515
41 17 1559
41 18 519
41 19 1048
41 20 1113
41 21 380
41 22 1463
41 23 740
41 24 458
41 25 844
41 26 1598
41 27 224
41 28 1052
41 29 1282
41 30 1455
41 31 1269
41 32 144
41 33 985
41 34 1826
41 35 96
41 36 937
41 37 1778
41 38 48
41 39 889
41 40 1730
41 41 0
41 42 841
41 43 1682
41 44 48
41 45 889
41 46 1730
41 47 96
41 48 937
41 49 1778
41 50 144
41 51 985
41 52 1826
41 53 192
41 54 1033
41 55 1874
41 56 240
41 57 1081
41 58 1922
41 59 288
41 60 1129
41 61 1970
41 62 336
41 63 1177
41 64 2018
41 65 384
41 66 1225
41 67 2066
41 68 264
42 0 1105
42 1 427
42 2 406
42 3 37
42 4 602
42 5 783
42 6 779
42 7 532
42 8 692
42 9 229
42 10 601
42 11 445
42 12 484
42 13 246
42 14 263
42 15 506
42 16 674
42 17 718
42 18 610
42 19 207
42 20 272
42 21 653
42 22 622
42 23 389
42 24 575
42 25 285
42 26 757
42 27 809
42 28 211
42 29 441
42 30 614
42 31 428
42 32 985
42 33 144
42 34 985
42 35 937
42 36 96
42 37 937
42 38 889
42 39 48
42 40 889
42 41 841
42 42 0
42 43 841
42 44 889
42 45 48
42 46 889
42 47 937
42 48 96
42 49 937
42 50 985
42 51 144
42 52 985
42 53 1033
42 54 192
42 55 1033
42 56 1081
42 57 240
42 58 1081
42 59 1129
42 60 288
42 61 1129
42 62 1177
42 63 336
42 64 1177
42 65 1225
42 66 384
42 67 1225
42 68 1105
43 0 1946
43 1 1268
43 2 1247
43 3 878
43 4 1443
43 5 250
43 6 1620
43 7 597
43 8 1533
43 9 1070
43 10 432
43 11 1286
43 12 549
43 13 883
43 14 1104
43 15 623
43 16 167
43 17 315
43 18 1451
43 19 922
43 20 857
43 21 1494
43 22 219
43 23 1230
43 24 1416
43 25 1126
43 26 276
43 27 1650
43 28 822
43 29 688
43 30 419
43 31 701
43 32 1826
43 33 985
43 34 144
43 35 1778
43 36 937
43 37 96
43 38 1730
43 39 889
43 40 48
43 41 1682
43 42 841
43 43 0
43 44 1730
43 45 889
43 46 48
43 47 1778
43 48 937
43 49 96
43 50 1826
43 51 985
43 52 144
43 53 1874
43 54 1033
43 55 192
43 56 1922
43 57 1081
43 58 240
43 59 1970
43 60 1129
43 61 288
43 62 2018
43 63 1177
43 64 336
43 65 2066
43 66 1225
43 67 384
43 68 1946
44 0 312
44 1 462
44 2 675
44 3 852
44 4 671
44 5 1672
44 6 398
44 7 1421
44 8 389
44 9 948
44 10 1490
44 11 540
44 12 1373
44 13 1135
44 14 818
44 15 1395
44 16 1563
44 17 1607
44 18 567
44 19 1096
44 20 1161
44 21 428
44 22 1511
44 23 788
44 24 506
44 25 892
44 26 1646
44 27 272
44 28 1100
44 29 1330
44 30 1503
44 31 1317
44 32 192
44 33 1033
44 34 1874
44 35 144
44 36 985
44 37 1826
44 38 96
44 39 937
44 40 1778
44 41 48
44 42 889
44 43 1730
44 44 0
44 45 841
44 46 1682
44 47 48
44 48 889
44 49 1730
44 50 96
44 51 937
44 52 1778
44 53 144
44 54 985
44 55 1826
44 56 192
44 57 1033
44 58 1874
44 59 240
44 60 1081
44 61 1922
44 62 288
44 63 1129
44 64 1970
44 65 336
44 66 1177
44 67 2018
44 68 312
45 0 1153
45 1 475
45 2 454
45 3 85
45 4 554
45 5 831
45 6 827
45 7 580
45 8 740
45 9 181
45 10 649
45 11 397
45 12 532
45 13 294
45 14 311
45 15 554
45 16 722
45 17 766
45 18 658
45 19 255
45 20 320
45 21 701
45 22 670
45 23 437
45 24 623
45 25 333
45 26 805
45 27 857
45 28 259
45 29 489
45 30 662
45 31 476
45 32 1033
45 33 192
45 34 1033
45 35 985
45 36 144
45 37 985
45 38 937
45 39 96
45 40 937
45 41 889
45 42 48
45 43 889
45 44 841
45 45 0
45 46 841
45 47 889
45 48 48
45 49 889
45 50 937
45 51 96
45 52 937
45 53 985
45 54 144
45 55 985
45 56 1033
45 57 192
45 58 1033
45 59 1081
45 60 240
45 61 1081
45 62 1129
45 63 288
45 64 1129
45 65 1177
45 66 336
45 67 1177
45 68 1153
46 0 1994
46 1 1316
46 2 1295
46 3 926
46 4 1395
46 5 298
46 6 1668
46 7 645
46 8 1581
46 9 1022
46 10 480
46 11 1238
46 12 597
46 13 931
46 14 1152
46 15 671
46 16 215
46 17 363
46 18 1499
46 19 970
46 20 905
46 21 1542
46 22 267
46 23 1278
46 24 1464
46 25 1174
46 26 324
46 27 1698
46 28 870
46 29 736
46 30 467
46 31 749
46 32 1874
46 33 1033
46 34 192
46 35 1826
46 36 985
46 37 144
46 38 1778
46 39 937
46 40 96
46 41 1730
46 42 889
46 43 48
46 44 1682
46 45 841
46 46 0
46 47 1730
46 48 889
46 49 48
46 50 1778
46 51 937
46 52 96
46 53 1826
46 54 985
46 55 144
46 56 1874
46 57 1033
46 58 192
46 59 1922
46 60 1081
46 61 240
46 62 1970
46 63 1129
46 64 288
46 65 2018
46 66 1177
46 67 336
46 68 1994
47 0 360
47 1 510
47 2 723
47 3 900
47 4 623
47 5 1720
47 6 446
47 7 1469
47 8 437
47 9 900
47 10 1538
47 11 492
47 12 1421
47 13 1183
47 14 866
47 15 1443
47 16 1611
47 17 1655
47 18 615
47 19 1144
47 20 1209
47 21 476
47 22 1559
47 23 836
47 24 554
47 25 940
47 26 1694
47 27 320
47 28 1148
47 29 1378
47 30 1551
47 31 1365
47 32 240
47 33 1081
47 34 1922
47 35 192
47 36 1033
47 37 1874
47 38 144
47 39 985
47 40 1826
47 41 96
47 42 937
47 43 1778
47 44 48
47 45 889
47 46 1730
47 47 0
47 48 841
47 49 1682
47 50 48
47 51 889
47 52 1730
47 53 96
47 54 937
47 55 1778
47 56 144
47 57 985
47 58 1826
47 59 192
47 60 1033
47 61 1874
47 62 240
47 63 1081
47 64 1922
47 65 288
47 66 1129
47 67 1970
47 68 360
48 0 1201
48 1 523
48 2 502
48 3 133
48 4 506
48 5 879
48 6 875
48 7 628
48 8 788
48 9 133
48 10 697
48 11 349
48 12 580
48 13 342
48 14 359
48 15 602
48 16 770
48 17 814
48 18 706
48 19 303
48 20 368
48 21 749
48 22 718
48 23 485
48 24 671
48 25 381
48 26 853
48 27 905
48 28 307
48 29 537
48 30 710
48 31 524
48 32 1081
48 33 240
48 34 1081
48 35 1033
48 36 192
48 37 1033
48 38 985
48 39 144
48 40 985
48 41 937
48 42 96
48 43 937
48 44 889
48 45 48
48 46 889
48 47 841
48 48 0
48 49 841
48 50 889
48 51 48
48 52 889
48 53 937
48 54 96
48 55 937
48 56 985
48 57 144
48 58 985
48 59 1033
48 60 192
48 61 1033
48 62 1081
48 63 240
48 64 1081
48 65 1129
48 66 288
48 67 1129
48 68 1201
49 0 2042
49 1 1364
49 2 1343
49 3 974
49 4 1347
49 5 346
49 6 1716
49 7 693
49 8 1629
49 9 974
49 10 528
49 11 1190
49 12 645
49 13 979
49 14 1200
49 15 719
49 16 263
49 17 411
49 18 1547
49 19 1018
49 20 953
49 21 1590
49 22 315
49 23 1326
49 24 1512
49 25 1222
49 26 372
49 27 1746
49 28 918
49 29 784
49 30 515
49 31 797
49 32 1922
49 33 1081
49 34 240
49 35 1874
49 36 1033
49 37 192
49 38 1826
49 39 985
49 40 144
49 41 1778
49 42 937
49 43 96
49 44 1730
49 45 889
49 46 48
49 47 1682
49 48 841
49 49 0
49 50 1730
49 51 889
49 52 48
49 53 1778
49 54 937
49 55 96
49 56 1826
49 57 985
49 58 144
49 59 1874
49 60 1033
49 61 192
49 62 1922
49 63 1081
49 64 240
49 65 1970
49 66 1129
49 67 288
49 68 2042
50 0 408
50 1 558
50 2 771
50 3 948
50 4 575
50 5 1768
50 6 494
50 7 1517
50 8 485
50 9 852
50 10 1586
50 11 540
50 12 1469
50 13 1231
50 14 914
50 15 1491
50 16 1659
50 17 1703
50 18 663
50 19 1192
50 20 1257
50 21 524
50 22 1607
50 23 884
50 24 602
50 25 988
50 26 1742
50 27 368
50 28 1196
50 29 1426
50 30 1599
50 31 1413
50 32 288
50 33 1129
50 34 1970
50 35 240
50 36 1081
50 37 1922
50 38 192
50 39 1033
50 40 1874
50 41 144
50 42 985
50 43 1826
50 44 96
50 45 937
50 46 1778
50 47 48
50 48 889
50 49 1730
50 50 0
50 51 841
50 52 1682
50 53 48
50 54 889
50 55 1730
50 56 96
50 57 937
50 58 1778
50 59 144
50 60 985
50 61 1826
50 62 192
50 63 1033
50 64 1874
50 65 240
50 66 1081
50 67 1922
50 68 408
51 0 1249
51 1 571
51 2 550
51 3 181
51 4 458
51 5 927
51 6 923
51 7 676
51 8 836
51 9 85
51 10 745
51 11 397
51 12 628
51 13 390
51 14 407
51 15 650
51 16 818
51 17 862
51 18 754
51 19 351
51 20 416
51 21 797
51 22 766
51 23 533
51 24 719
51 25 429
51 26 901
51 27 953
51 28 355
51 29 585
51 30 758
51 31 572
51 32 1129
51 33 288
51 34 1129
51 35 1081
51 36 240
51 37 1081
51 38 1033
51 39 192
51 40 1033
51 41 985
51 42 144
51 43 985
51 44 937
51 45 96
51 46 937
51 47 889
51 48 48
51 49 889
51 50 841
51 51 0
51 52 841
51 53 889
51 54 48
51 55 889
51 56 937
51 57 96
51 58 937
51 59 985
51 60 144
51 61 985
51 62 1033
51 63 192
51 64 1033
51 65 1081
51 66 240
51 67 1081
51 68 1249
52 0 2090
52 1 1412
52 2 1391
52 3 1022
52 4 1299
52 5 394
52 6 1764
52 7 741
52 8 1677
52 9 926
52 10 576
52 11 1238
52 12 693
52 13 1027
52 14 1248
52 15 767
52 16 311
52 17 459
52 18 1595
52 19 1066
52 20 1001
52 21 1638
52 22 363
52 23 1374
52 24 1560
52 25 1270
52 26 420
52 27 1794
52 28 966
52 29 832
52 30 563
52 31 845
52 32 1970
52 33 1129
52 34 288
52 35 1922
52 36 1081
52 37 240
52 38 1874
52 39 1033
52 40 192
52 41 1826
52 42 985
52 43 144
52 44 1778
52 45 937
52 46 96
52 47 1730
52 48 889
52 49 48
52 50 1682
52 51 841
52 52 0
52 53 1730
52 54 889
52 55 48
52 56 1778
52 57 937
52 58 96
52 59 1826
52 60 985
52 61 144
52 62 1874
52 63 1033
52 64 192
52 65 1922
52 66 1081
52 67 240
52 68 2090
53 0 456
53 1 606
53 2 819
53 3 996
53 4 527
53 5 1816
53 6 542
53 7 1565
53 8 533
53 9 804
53 10 1634
53 11 588
53 12 1517
53 13 1279
53 14 962
53 15 1539
53 16 1707
53 17 1751
53 18 711
53 19 1240
53 20 1305
53 21 572
53 22 1655
53 23 932
53 24 650
53 25 1036
53 26 1790
53 27 416
53 28 1244
53 29 1474
53 30 1647
53 31 1461
53 32 336
53 33 1177
53 34 2018
53 35 288
53 36 1129
53 37 1970
53 38 240
53 39 1081
53 40 1922
53 41 192
53 42 1033
53 43 1874
53 44 144
53 45 985
53 46 1826
53 47 96
53 48 937
53 49 1778
53 50 48
53 51 889
53 52 1730
53 53 0
53 54 841
53 55 1682
53 56 48
53 57 889
53 58 1730
53 59 96
53 60 937
53 61 1778
53 62 144
53 63 985
53 64 1826
53 65 192
53 66 1033
53 67 1874
53 68 456
54 0 1297
54 1 619
54 2 598
54 3 229
54 4 410
54 5 975
54 6 971
54 7 724
54 8 884
54 9 37
54 10 793
54 11 445
54 12 676
54 13 438
54 14 455
54 15 698
54 16 866
54 17 910
54 18 802
54 19 399
54 20 464
54 21 845
54 22 814
54 23 581
54 24 767
54 25 477
54 26 949
54 27 1001
