//alpha
1
//NbLocations
74
//NbProducts
38
//NbPickers
2
//CapaPicker
12
//TimeToTravelOneDistanceUnit
3
//SetupTime
5400
//PickTime
300
//Products
//Idx Location Size
1 1 1
2 2 1
3 3 1
4 4 1
5 5 1
6 6 1
7 7 1
8 8 1
9 9 1
10 10 1
11 11 1
12 12 1
13 13 1
14 14 1
15 15 1
16 16 1
17 17 1
18 18 1
19 19 1
20 20 1
21 21 1
22 22 1
23 23 1
24 24 1
25 25 1
26 26 1
27 27 1
28 28 1
29 29 1
30 30 1
31 29 1
32 31 1
33 32 1
34 33 1
35 34 1
36 35 1
37 36 1
38 37 1
//Orders
//NbOrders
18
//Idx DueDate TardinessPenalty NbProdInOrder ProdIdx1 Qty1 ProdIdx2 Qty2 ...
1 36000 0 4 1 1 2 1 3 1 4 1
2 108000 0 2 5 1 6 1
3 54000 0 5 7 1 8 1 9 1 10 1 11 1
4 90000 0 1 12 1
5 54000 0 1 13 1
6 144000 0 4 14 1 15 1 16 1 17 1
7 90000 0 1 18 1
8 126000 0 1 19 1
9 108000 0 3 20 1 21 1 22 1
10 126000 0 2 23 1 24 1
11 126000 0 3 25 1 26 1 27 1
12 108000 0 2 28 1 29 1
13 108000 0 1 30 1
14 90000 0 1 31 1
15 108000 0 1 32 1
16 90000 0 1 33 1
17 72000 0 2 34 1 35 1
18 72000 0 3 36 1 37 1 38 1
//Graph (Products are vertices indexed from 1 to NbProducts)
//NbVerticesIntersections
36
//DepartingDepot
0
//ArrivalDepot
74
//Arcs
//Start End Distance
0 38 120
1 37 26
1 70 778
2 11 273
2 46 492
3 50 141
3 51 700
4 29 91
4 41 271
5 36 13
5 47 63
6 9 156
6 39 609
7 26 377
7 30 169
8 59 115
8 60 726
9 6 156
9 17 13
10 22 65
10 24 156
11 2 273
11 23 39
12 16 13
12 54 115
13 27 117
13 52 687
14 44 89
14 45 752
15 63 128
15 64 713
16 12 13
16 55 713
17 9 13
17 38 63
18 25 39
18 33 156
19 34 52
19 42 89
20 32 91
20 60 63
21 72 37
21 73 804
22 10 65
22 31 26
23 11 39
23 45 37
24 10 156
24 57 505
25 18 39
25 62 50
26 7 377
26 67 180
27 13 117
27 51 37
28 34 195
28 43 505
29 4 91
29 42 479
30 7 169
30 66 115
31 22 26
31 56 89
32 20 91
32 61 687
33 18 156
33 63 596
34 19 52
34 28 195
35 36 65
35 48 700
36 5 13
36 35 65
37 1 26
37 69 37
38 17 63
38 41 48
38 74 120
39 6 609
39 40 841
39 42 48
40 39 841
40 43 48
41 4 271
41 38 48
41 44 48
42 19 89
42 29 479
42 39 48
42 45 48
43 28 505
43 40 48
43 46 48
44 14 89
44 41 48
44 47 48
45 14 752
45 23 37
45 42 48
45 48 48
46 2 492
46 43 48
46 49 48
47 5 63
47 44 48
47 50 48
48 35 700
48 45 48
48 49 841
48 51 48
49 46 48
49 48 841
49 52 48
50 3 141
50 47 48
50 53 48
51 3 700
51 27 37
51 48 48
51 54 48
52 13 687
52 49 48
52 55 48
53 50 48
53 54 841
53 56 48
54 12 115
54 51 48
54 53 841
54 57 48
55 16 713
55 52 48
55 58 48
56 31 89
56 53 48
56 59 48
57 24 505
57 54 48
57 58 841
57 60 48
58 55 48
58 57 841
58 61 48
59 8 115
59 56 48
59 62 48
60 8 726
60 20 63
60 57 48
60 63 48
61 32 687
61 58 48
61 64 48
62 25 50
62 59 48
62 65 48
63 15 128
63 33 596
63 60 48
63 66 48
64 15 713
64 61 48
64 67 48
65 62 48
65 66 841
65 68 48
66 30 115
66 63 48
66 65 841
66 69 48
67 26 180
67 64 48
67 70 48
68 65 48
68 69 841
68 71 48
69 37 37
69 66 48
69 68 841
69 72 48
70 1 778
70 67 48
70 73 48
71 68 48
71 72 841
72 21 37
72 69 48
72 71 841
73 21 804
73 70 48
//LocStart LocEnd ShortestPath
0 0 0
0 1 1504
0 2 1406
0 3 453
0 4 439
0 5 327
0 6 352
0 7 1677
0 8 571
0 9 196
0 10 588
0 11 1133
0 12 1316
0 13 1307
0 14 305
0 15 1473
0 16 1329
0 17 183
0 18 593
0 19 1098
0 20 1360
0 21 1526
0 22 523
0 23 1094
0 24 744
0 25 554
0 26 2054
0 27 1190
0 28 1345
0 29 530
0 30 1508
0 31 497
0 32 1451
0 33 749
0 34 1150
0 35 405
0 36 340
0 37 1478
0 38 120
0 39 961
0 40 1802
0 41 168
0 42 1009
0 43 1850
0 44 216
0 45 1057
0 46 1898
0 47 264
0 48 1105
0 49 1946
0 50 312
0 51 1153
0 52 1994
0 53 360
0 54 1201
0 55 2042
0 56 408
0 57 1249
0 58 2090
0 59 456
0 60 1297
0 61 2138
0 62 504
0 63 1345
0 64 2186
0 65 552
0 66 1393
0 67 2234
0 68 600
0 69 1441
0 70 2282
0 71 648
0 72 1489
0 73 2330
0 74 0
1 0 1504
1 1 0
1 2 796
1 3 1051
1 4 1065
1 5 1177
1 6 1152
1 7 395
1 8 933
1 9 1308
1 10 916
1 11 523
1 12 418
1 13 505
1 14 1199
1 15 287
1 16 431
1 17 1321
1 18 911
1 19 584
1 20 270
1 21 148
1 22 981
1 23 484
1 24 760
1 25 950
1 26 772
1 27 388
1 28 831
1 29 974
1 30 226
1 31 1007
1 32 361
1 33 755
1 34 636
1 35 1099
1 36 1164
1 37 26
1 38 1384
1 39 543
1 40 1258
1 41 1336
1 42 495
1 43 1210
1 44 1288
1 45 447
1 46 1162
1 47 1240
1 48 399
1 49 1114
1 50 1192
1 51 351
1 52 1066
1 53 1144
1 54 303
1 55 1018
1 56 1096
1 57 255
1 58 970
1 59 1048
1 60 207
1 61 922
1 62 1000
1 63 159
1 64 874
1 65 952
1 66 111
1 67 826
1 68 904
1 69 63
1 70 778
1 71 952
1 72 111
1 73 826
1 74 1504
2 0 1406
2 1 796
2 2 0
2 3 1145
2 4 967
2 5 1175
2 6 1054
2 7 969
2 8 1315
2 9 1210
2 10 1202
2 11 273
2 12 608
2 13 599
2 14 1101
2 15 765
2 16 621
2 17 1223
2 18 1389
2 19 486
2 20 652
2 21 818
2 22 1267
2 23 312
2 24 1046
2 25 1428
2 26 1008
2 27 482
2 28 733
2 29 876
2 30 800
2 31 1293
2 32 743
2 33 1233
2 34 538
2 35 1097
2 36 1162
2 37 770
2 38 1286
2 39 445
2 40 588
2 41 1238
2 42 397
2 43 540
2 44 1190
2 45 349
2 46 492
2 47 1238
2 48 397
2 49 540
2 50 1286
2 51 445
2 52 588
2 53 1334
2 54 493
2 55 636
2 56 1382
2 57 541
2 58 684
2 59 1430
2 60 589
2 61 732
2 62 1478
2 63 637
2 64 780
2 65 1526
2 66 685
2 67 828
2 68 1574
2 69 733
2 70 876
2 71 1622
2 72 781
2 73 924
2 74 1406
3 0 453
3 1 1051
3 2 1145
3 3 0
3 4 556
3 5 252
3 6 565
3 7 1224
3 8 400
3 9 409
3 10 417
3 11 872
3 12 863
3 13 854
3 14 326
3 15 1020
3 16 876
3 17 396
3 18 422
3 19 933
3 20 907
3 21 1073
3 22 352
3 23 833
3 24 573
3 25 383
3 26 1601
3 27 737
3 28 1180
3 29 647
3 30 1055
3 31 326
3 32 998
3 33 578
3 34 985
3 35 330
3 36 265
3 37 1025
3 38 333
3 39 892
3 40 1733
3 41 285
3 42 844
3 43 1685
3 44 237
3 45 796
3 46 1637
3 47 189
3 48 748
3 49 1589
3 50 141
3 51 700
3 52 1541
3 53 189
3 54 748
3 55 1589
3 56 237
3 57 796
3 58 1637
3 59 285
3 60 844
3 61 1685
3 62 333
3 63 892
3 64 1733
3 65 381
3 66 940
3 67 1781
3 68 429
3 69 988
3 70 1829
3 71 477
3 72 1036
3 73 1877
3 74 453
4 0 439
4 1 1065
4 2 967
4 3 556
4 4 0
4 5 430
4 6 551
4 7 1238
4 8 674
4 9 395
4 10 691
4 11 694
4 12 877
4 13 868
4 14 408
4 15 1034
4 16 890
4 17 382
4 18 696
4 19 659
4 20 921
4 21 1087
4 22 626
4 23 655
4 24 847
4 25 657
4 26 1615
4 27 751
4 28 906
4 29 91
4 30 1069
4 31 600
4 32 1012
4 33 852
4 34 711
4 35 508
4 36 443
4 37 1039
4 38 319
4 39 618
4 40 1459
4 41 271
4 42 570
4 43 1411
4 44 319
4 45 618
4 46 1459
4 47 367
4 48 666
4 49 1507
4 50 415
4 51 714
4 52 1555
4 53 463
4 54 762
4 55 1603
4 56 511
4 57 810
4 58 1651
4 59 559
4 60 858
4 61 1699
4 62 607
4 63 906
4 64 1747
4 65 655
4 66 954
4 67 1795
4 68 703
4 69 1002
4 70 1843
4 71 751
4 72 1050
4 73 1891
4 74 439
5 0 327
5 1 1177
5 2 1175
5 3 252
5 4 430
5 5 0
5 6 439
5 7 1350
5 8 370
5 9 283
5 10 387
5 11 902
5 12 989
5 13 980
5 14 200
5 15 1146
5 16 1002
5 17 270
5 18 392
5 19 963
5 20 1033
5 21 1199
5 22 322
5 23 863
5 24 543
5 25 353
5 26 1727
5 27 863
5 28 1210
5 29 521
5 30 1181
5 31 296
5 32 1124
5 33 548
5 34 1015
5 35 78
5 36 13
5 37 1151
5 38 207
5 39 922
5 40 1763
5 41 159
5 42 874
5 43 1715
5 44 111
5 45 826
5 46 1667
5 47 63
5 48 778
5 49 1619
5 50 111
5 51 826
5 52 1667
5 53 159
5 54 874
5 55 1715
5 56 207
5 57 922
5 58 1763
5 59 255
5 60 970
5 61 1811
5 62 303
5 63 1018
5 64 1859
5 65 351
5 66 1066
5 67 1907
5 68 399
5 69 1114
5 70 1955
5 71 447
5 72 1162
5 73 2003
5 74 327
6 0 352
6 1 1152
6 2 1054
6 3 565
6 4 551
6 5 439
6 6 0
6 7 1325
6 8 683
6 9 156
6 10 700
6 11 781
6 12 964
6 13 955
6 14 417
6 15 1121
6 16 977
6 17 169
6 18 705
6 19 746
6 20 1008
6 21 1174
6 22 635
6 23 742
6 24 856
6 25 666
6 26 1702
6 27 838
6 28 993
6 29 642
6 30 1156
6 31 609
6 32 1099
6 33 861
6 34 798
6 35 517
6 36 452
6 37 1126
6 38 232
6 39 609
6 40 1450
6 41 280
6 42 657
6 43 1498
6 44 328
6 45 705
6 46 1546
6 47 376
6 48 753
6 49 1594
6 50 424
6 51 801
6 52 1642
6 53 472
6 54 849
6 55 1690
6 56 520
6 57 897
6 58 1738
6 59 568
6 60 945
6 61 1786
6 62 616
6 63 993
6 64 1834
6 65 664
6 66 1041
6 67 1882
6 68 712
6 69 1089
6 70 1930
6 71 760
6 72 1137
6 73 1978
6 74 352
7 0 1677
7 1 395
7 2 969
7 3 1224
7 4 1238
7 5 1350
7 6 1325
7 7 0
7 8 1106
7 9 1481
7 10 1089
7 11 696
7 12 591
7 13 678
7 14 1372
7 15 460
7 16 604
7 17 1494
7 18 1084
7 19 757
7 20 443
7 21 417
7 22 1154
7 23 657
7 24 933
7 25 1123
7 26 377
7 27 561
7 28 1004
7 29 1147
7 30 169
7 31 1180
7 32 534
7 33 928
7 34 809
7 35 1272
7 36 1337
7 37 369
7 38 1557
7 39 716
7 40 989
7 41 1509
7 42 668
7 43 941
7 44 1461
7 45 620
7 46 893
7 47 1413
7 48 572
7 49 845
7 50 1365
7 51 524
7 52 797
7 53 1317
7 54 476
7 55 749
7 56 1269
7 57 428
7 58 701
7 59 1221
7 60 380
7 61 653
7 62 1173
7 63 332
7 64 605
7 65 1125
7 66 284
7 67 557
7 68 1173
7 69 332
7 70 605
7 71 1221
7 72 380
7 73 653
7 74 1677
8 0 571
8 1 933
8 2 1315
8 3 400
8 4 674
8 5 370
8 6 683
8 7 1106
8 8 0
8 9 527
8 10 343
8 11 1042
8 12 937
8 13 1024
8 14 444
8 15 902
8 16 950
8 17 514
8 18 252
8 19 1103
8 20 789
8 21 955
8 22 278
8 23 1003
8 24 499
8 25 213
8 26 1483
8 27 907
8 28 1350
8 29 765
8 30 937
8 31 252
8 32 880
8 33 408
8 34 1155
8 35 448
8 36 383
8 37 907
8 38 451
8 39 1062
8 40 1903
8 41 403
8 42 1014
8 43 1855
8 44 355
8 45 966
8 46 1807
8 47 307
8 48 918
8 49 1759
8 50 259
8 51 870
8 52 1711
8 53 211
8 54 822
8 55 1663
8 56 163
8 57 774
8 58 1615
8 59 115
8 60 726
8 61 1567
8 62 163
8 63 774
8 64 1615
8 65 211
8 66 822
8 67 1663
8 68 259
8 69 870
8 70 1711
8 71 307
8 72 918
8 73 1759
8 74 571
9 0 196
9 1 1308
9 2 1210
9 3 409
9 4 395
9 5 283
9 6 156
9 7 1481
9 8 527
9 9 0
9 10 544
9 11 937
9 12 1120
9 13 1111
9 14 261
9 15 1277
9 16 1133
9 17 13
9 18 549
9 19 902
9 20 1164
9 21 1330
9 22 479
9 23 898
9 24 700
9 25 510
9 26 1858
9 27 994
9 28 1149
9 29 486
9 30 1312
9 31 453
9 32 1255
9 33 705
9 34 954
9 35 361
9 36 296
9 37 1282
9 38 76
9 39 765
9 40 1606
9 41 124
9 42 813
9 43 1654
9 44 172
9 45 861
9 46 1702
9 47 220
9 48 909
9 49 1750
9 50 268
9 51 957
9 52 1798
9 53 316
9 54 1005
9 55 1846
9 56 364
9 57 1053
9 58 1894
9 59 412
9 60 1101
9 61 1942
9 62 460
9 63 1149
9 64 1990
9 65 508
9 66 1197
9 67 2038
9 68 556
9 69 1245
9 70 2086
9 71 604
9 72 1293
9 73 2134
9 74 196
10 0 588
10 1 916
10 2 1202
10 3 417
10 4 691
10 5 387
10 6 700
10 7 1089
10 8 343
10 9 544
10 10 0
10 11 929
10 12 824
10 13 911
10 14 461
10 15 885
10 16 837
10 17 531
10 18 365
10 19 990
10 20 772
10 21 938
10 22 65
10 23 890
10 24 156
10 25 326
10 26 1466
10 27 794
10 28 1237
10 29 782
10 30 920
10 31 91
10 32 863
10 33 521
10 34 1042
10 35 465
10 36 400
10 37 890
10 38 468
10 39 949
10 40 1790
10 41 420
10 42 901
10 43 1742
10 44 372
10 45 853
10 46 1694
10 47 324
10 48 805
10 49 1646
10 50 276
10 51 757
10 52 1598
10 53 228
10 54 709
10 55 1550
10 56 180
10 57 661
10 58 1502
10 59 228
10 60 709
10 61 1550
10 62 276
10 63 757
10 64 1598
10 65 324
10 66 805
10 67 1646
10 68 372
10 69 853
10 70 1694
10 71 420
10 72 901
10 73 1742
10 74 588
11 0 1133
11 1 523
11 2 273
11 3 872
11 4 694
11 5 902
11 6 781
11 7 696
11 8 1042
11 9 937
11 10 929
11 11 0
11 12 335
11 13 326
11 14 828
11 15 492
11 16 348
11 17 950
11 18 1116
11 19 213
11 20 379
11 21 545
11 22 994
11 23 39
11 24 773
11 25 1155
11 26 1073
11 27 209
11 28 460
11 29 603
11 30 527
11 31 1020
11 32 470
11 33 960
11 34 265
11 35 824
11 36 889
11 37 497
11 38 1013
11 39 172
11 40 861
11 41 965
11 42 124
11 43 813
11 44 917
11 45 76
11 46 765
11 47 965
11 48 124
11 49 813
11 50 1013
11 51 172
11 52 861
11 53 1061
11 54 220
11 55 909
11 56 1109
11 57 268
11 58 957
11 59 1157
11 60 316
11 61 1005
11 62 1205
11 63 364
11 64 1053
11 65 1253
11 66 412
11 67 1101
11 68 1301
11 69 460
11 70 1149
11 71 1349
11 72 508
11 73 1197
11 74 1133
12 0 1316
12 1 418
12 2 608
12 3 863
12 4 877
12 5 989
12 6 964
12 7 591
12 8 937
12 9 1120
12 10 824
12 11 335
12 12 0
12 13 317
12 14 1011
12 15 387
12 16 13
12 17 1133
12 18 1011
12 19 396
12 20 274
12 21 440
12 22 889
12 23 296
12 24 668
12 25 1050
12 26 968
12 27 200
12 28 643
12 29 786
12 30 422
12 31 915
12 32 365
12 33 855
12 34 448
12 35 911
12 36 976
12 37 392
12 38 1196
12 39 355
12 40 966
12 41 1148
12 42 307
12 43 918
12 44 1100
12 45 259
12 46 870
12 47 1052
12 48 211
12 49 822
12 50 1004
12 51 163
12 52 774
12 53 956
12 54 115
12 55 726
12 56 1004
12 57 163
12 58 774
12 59 1052
12 60 211
12 61 822
12 62 1100
12 63 259
12 64 870
12 65 1148
12 66 307
12 67 918
12 68 1196
12 69 355
12 70 966
12 71 1244
12 72 403
12 73 1014
12 74 1316
13 0 1307
13 1 505
13 2 599
13 3 854
13 4 868
13 5 980
13 6 955
13 7 678
13 8 1024
13 9 1111
13 10 911
13 11 326
13 12 317
13 13 0
13 14 1002
13 15 474
13 16 330
13 17 1124
13 18 1098
13 19 387
13 20 361
13 21 527
13 22 976
13 23 287
13 24 755
13 25 1137
13 26 1055
13 27 117
13 28 634
13 29 777
13 30 509
13 31 1002
13 32 452
13 33 942
13 34 439
13 35 902
13 36 967
13 37 479
13 38 1187
13 39 346
13 40 879
13 41 1139
13 42 298
13 43 831
13 44 1091
13 45 250
13 46 783
13 47 1043
13 48 202
13 49 735
13 50 995
13 51 154
13 52 687
13 53 1043
13 54 202
13 55 735
13 56 1091
13 57 250
13 58 783
13 59 1139
13 60 298
13 61 831
13 62 1187
13 63 346
13 64 879
13 65 1235
13 66 394
13 67 927
13 68 1283
13 69 442
13 70 975
13 71 1331
13 72 490
13 73 1023
13 74 1307
14 0 305
14 1 1199
14 2 1101
14 3 326
14 4 408
14 5 200
14 6 417
14 7 1372
14 8 444
14 9 261
14 10 461
14 11 828
14 12 1011
14 13 1002
14 14 0
14 15 1168
14 16 1024
14 17 248
14 18 466
14 19 889
14 20 1055
14 21 1221
14 22 396
14 23 789
14 24 617
14 25 427
14 26 1749
14 27 885
14 28 1136
14 29 499
14 30 1203
14 31 370
14 32 1146
14 33 622
14 34 941
14 35 278
14 36 213
14 37 1173
14 38 185
14 39 848
14 40 1689
14 41 137
14 42 800
14 43 1641
14 44 89
14 45 752
14 46 1593
14 47 137
14 48 800
14 49 1641
14 50 185
14 51 848
14 52 1689
14 53 233
14 54 896
14 55 1737
14 56 281
14 57 944
14 58 1785
14 59 329
14 60 992
14 61 1833
14 62 377
14 63 1040
14 64 1881
14 65 425
14 66 1088
14 67 1929
14 68 473
14 69 1136
14 70 1977
14 71 521
14 72 1184
14 73 2025
14 74 305
15 0 1473
15 1 287
15 2 765
15 3 1020
15 4 1034
15 5 1146
15 6 1121
15 7 460
15 8 902
15 9 1277
15 10 885
15 11 492
15 12 387
15 13 474
15 14 1168
15 15 0
15 16 400
15 17 1290
15 18 880
15 19 553
15 20 239
15 21 309
15 22 950
15 23 453
15 24 729
15 25 919
15 26 837
15 27 357
15 28 800
15 29 943
15 30 291
15 31 976
15 32 330
15 33 724
15 34 605
15 35 1068
15 36 1133
15 37 261
15 38 1353
15 39 512
15 40 1097
15 41 1305
15 42 464
15 43 1049
15 44 1257
15 45 416
15 46 1001
15 47 1209
15 48 368
15 49 953
15 50 1161
15 51 320
15 52 905
15 53 1113
15 54 272
15 55 857
15 56 1065
15 57 224
15 58 809
15 59 1017
15 60 176
15 61 761
15 62 969
15 63 128
15 64 713
15 65 1017
15 66 176
15 67 761
15 68 1065
15 69 224
15 70 809
15 71 1113
15 72 272
15 73 857
15 74 1473
16 0 1329
16 1 431
16 2 621
16 3 876
16 4 890
16 5 1002
16 6 977
16 7 604
16 8 950
16 9 1133
16 10 837
16 11 348
16 12 13
16 13 330
16 14 1024
16 15 400
16 16 0
16 17 1146
16 18 1024
16 19 409
16 20 287
16 21 453
16 22 902
16 23 309
16 24 681
16 25 1063
16 26 981
16 27 213
16 28 656
16 29 799
16 30 435
16 31 928
16 32 378
16 33 868
16 34 461
16 35 924
16 36 989
16 37 405
16 38 1209
16 39 368
16 40 953
16 41 1161
16 42 320
16 43 905
16 44 1113
16 45 272
16 46 857
16 47 1065
16 48 224
16 49 809
16 50 1017
16 51 176
16 52 761
16 53 969
16 54 128
16 55 713
16 56 1017
16 57 176
16 58 761
16 59 1065
16 60 224
16 61 809
16 62 1113
16 63 272
16 64 857
16 65 1161
16 66 320
16 67 905
16 68 1209
16 69 368
16 70 953
16 71 1257
16 72 416
16 73 1001
16 74 1329
17 0 183
17 1 1321
17 2 1223
17 3 396
17 4 382
17 5 270
17 6 169
17 7 1494
17 8 514
17 9 13
17 10 531
17 11 950
17 12 1133
17 13 1124
17 14 248
17 15 1290
17 16 1146
17 17 0
17 18 536
17 19 915
17 20 1177
17 21 1343
17 22 466
17 23 911
17 24 687
17 25 497
17 26 1871
17 27 1007
17 28 1162
17 29 473
17 30 1325
17 31 440
17 32 1268
17 33 692
17 34 967
17 35 348
17 36 283
17 37 1295
17 38 63
17 39 778
17 40 1619
17 41 111
17 42 826
17 43 1667
17 44 159
17 45 874
17 46 1715
17 47 207
17 48 922
17 49 1763
17 50 255
17 51 970
17 52 1811
17 53 303
17 54 1018
17 55 1859
17 56 351
17 57 1066
17 58 1907
17 59 399
17 60 1114
17 61 1955
17 62 447
17 63 1162
17 64 2003
17 65 495
17 66 1210
17 67 2051
17 68 543
17 69 1258
17 70 2099
17 71 591
17 72 1306
17 73 2147
17 74 183
18 0 593
18 1 911
18 2 1389
18 3 422
18 4 696
18 5 392
18 6 705
18 7 1084
18 8 252
18 9 549
18 10 365
18 11 1116
18 12 1011
18 13 1098
18 14 466
18 15 880
18 16 1024
18 17 536
18 18 0
18 19 1177
18 20 863
18 21 933
18 22 300
18 23 1077
18 24 521
18 25 39
18 26 1461
18 27 981
18 28 1424
18 29 787
18 30 915
18 31 274
18 32 954
18 33 156
18 34 1229
18 35 470
18 36 405
18 37 885
18 38 473
18 39 1136
18 40 1977
18 41 425
18 42 1088
18 43 1929
18 44 377
18 45 1040
18 46 1881
18 47 329
18 48 992
18 49 1833
18 50 281
18 51 944
18 52 1785
18 53 233
18 54 896
18 55 1737
18 56 185
18 57 848
18 58 1689
18 59 137
18 60 800
18 61 1641
18 62 89
18 63 752
18 64 1593
18 65 137
18 66 800
18 67 1641
18 68 185
18 69 848
18 70 1689
18 71 233
18 72 896
18 73 1737
18 74 593
19 0 1098
19 1 584
19 2 486
19 3 933
19 4 659
19 5 963
19 6 746
19 7 757
19 8 1103
19 9 902
19 10 990
19 11 213
19 12 396
19 13 387
19 14 889
19 15 553
19 16 409
19 17 915
19 18 1177
19 19 0
19 20 440
19 21 606
19 22 1055
19 23 174
19 24 834
19 25 1216
19 26 1134
19 27 270
19 28 247
19 29 568
19 30 588
19 31 1081
19 32 531
19 33 1021
19 34 52
19 35 885
19 36 950
19 37 558
19 38 978
19 39 137
19 40 800
19 41 930
19 42 89
19 43 752
19 44 978
19 45 137
19 46 800
19 47 1026
19 48 185
19 49 848
19 50 1074
19 51 233
19 52 896
19 53 1122
19 54 281
19 55 944
19 56 1170
19 57 329
19 58 992
19 59 1218
19 60 377
19 61 1040
19 62 1266
19 63 425
19 64 1088
19 65 1314
19 66 473
19 67 1136
19 68 1362
19 69 521
19 70 1184
19 71 1410
19 72 569
19 73 1232
19 74 1098
20 0 1360
20 1 270
20 2 652
20 3 907
20 4 921
20 5 1033
20 6 1008
20 7 443
20 8 789
20 9 1164
20 10 772
20 11 379
20 12 274
20 13 361
20 14 1055
20 15 239
20 16 287
20 17 1177
20 18 863
20 19 440
20 20 0
20 21 292
20 22 837
20 23 340
20 24 616
20 25 902
20 26 820
20 27 244
20 28 687
20 29 830
20 30 274
20 31 863
20 32 91
20 33 707
20 34 492
20 35 955
20 36 1020
20 37 244
20 38 1240
20 39 399
20 40 1114
20 41 1192
20 42 351
20 43 1066
20 44 1144
20 45 303
20 46 1018
20 47 1096
20 48 255
20 49 970
20 50 1048
20 51 207
20 52 922
20 53 1000
20 54 159
20 55 874
20 56 952
20 57 111
20 58 826
20 59 904
20 60 63
20 61 778
20 62 952
20 63 111
20 64 826
20 65 1000
20 66 159
20 67 874
20 68 1048
20 69 207
20 70 922
20 71 1096
20 72 255
20 73 970
20 74 1360
21 0 1526
21 1 148
21 2 818
21 3 1073
21 4 1087
21 5 1199
21 6 1174
21 7 417
21 8 955
21 9 1330
21 10 938
21 11 545
21 12 440
21 13 527
21 14 1221
21 15 309
21 16 453
21 17 1343
21 18 933
21 19 606
21 20 292
21 21 0
21 22 1003
21 23 506
21 24 782
21 25 972
21 26 794
21 27 410
21 28 853
21 29 996
21 30 248
21 31 1029
21 32 383
21 33 777
21 34 658
21 35 1121
21 36 1186
21 37 122
21 38 1406
21 39 565
21 40 1332
21 41 1358
21 42 517
21 43 1284
21 44 1310
21 45 469
21 46 1236
21 47 1262
21 48 421
21 49 1188
21 50 1214
21 51 373
21 52 1140
21 53 1166
21 54 325
21 55 1092
21 56 1118
21 57 277
21 58 1044
21 59 1070
21 60 229
21 61 996
21 62 1022
21 63 181
21 64 948
21 65 974
21 66 133
21 67 900
21 68 926
21 69 85
21 70 852
21 71 878
21 72 37
21 73 804
21 74 1526
22 0 523
22 1 981
22 2 1267
22 3 352
22 4 626
22 5 322
22 6 635
22 7 1154
22 8 278
22 9 479
22 10 65
22 11 994
22 12 889
22 13 976
22 14 396
22 15 950
22 16 902
22 17 466
22 18 300
22 19 1055
22 20 837
22 21 1003
22 22 0
22 23 955
22 24 221
22 25 261
22 26 1531
22 27 859
22 28 1302
22 29 717
22 30 985
22 31 26
22 32 928
22 33 456
22 34 1107
22 35 400
22 36 335
22 37 955
22 38 403
22 39 1014
22 40 1855
22 41 355
22 42 966
22 43 1807
22 44 307
22 45 918
22 46 1759
22 47 259
22 48 870
22 49 1711
22 50 211
22 51 822
22 52 1663
22 53 163
22 54 774
22 55 1615
22 56 115
22 57 726
22 58 1567
22 59 163
22 60 774
22 61 1615
22 62 211
22 63 822
22 64 1663
22 65 259
22 66 870
22 67 1711
22 68 307
22 69 918
22 70 1759
22 71 355
22 72 966
22 73 1807
22 74 523
23 0 1094
23 1 484
23 2 312
23 3 833
23 4 655
23 5 863
23 6 742
23 7 657
23 8 1003
23 9 898
23 10 890
23 11 39
23 12 296
23 13 287
23 14 789
23 15 453
23 16 309
23 17 911
23 18 1077
23 19 174
23 20 340
23 21 506
23 22 955
23 23 0
23 24 734
23 25 1116
23 26 1034
23 27 170
23 28 421
23 29 564
23 30 488
23 31 981
23 32 431
23 33 921
23 34 226
23 35 785
23 36 850
23 37 458
23 38 974
23 39 133
23 40 900
23 41 926
23 42 85
23 43 852
23 44 878
23 45 37
23 46 804
23 47 926
23 48 85
23 49 852
23 50 974
23 51 133
23 52 900
23 53 1022
23 54 181
23 55 948
23 56 1070
23 57 229
23 58 996
23 59 1118
23 60 277
23 61 1044
23 62 1166
23 63 325
23 64 1092
23 65 1214
23 66 373
23 67 1140
23 68 1262
23 69 421
23 70 1188
23 71 1310
23 72 469
23 73 1236
23 74 1094
24 0 744
24 1 760
24 2 1046
24 3 573
24 4 847
24 5 543
24 6 856
24 7 933
24 8 499
24 9 700
24 10 156
24 11 773
24 12 668
24 13 755
24 14 617
24 15 729
24 16 681
24 17 687
24 18 521
24 19 834
24 20 616
24 21 782
24 22 221
24 23 734
24 24 0
24 25 482
24 26 1310
24 27 638
24 28 1081
24 29 938
24 30 764
24 31 247
24 32 707
24 33 677
24 34 886
24 35 621
24 36 556
24 37 734
24 38 624
24 39 793
24 40 1634
24 41 576
24 42 745
24 43 1586
24 44 528
24 45 697
24 46 1538
24 47 480
24 48 649
24 49 1490
24 50 432
24 51 601
24 52 1442
24 53 384
24 54 553
24 55 1394
24 56 336
24 57 505
24 58 1346
24 59 384
24 60 553
24 61 1394
24 62 432
24 63 601
24 64 1442
24 65 480
24 66 649
24 67 1490
24 68 528
24 69 697
24 70 1538
24 71 576
24 72 745
24 73 1586
24 74 744
25 0 554
25 1 950
25 2 1428
25 3 383
25 4 657
25 5 353
25 6 666
25 7 1123
25 8 213
25 9 510
25 10 326
25 11 1155
25 12 1050
25 13 1137
25 14 427
25 15 919
25 16 1063
25 17 497
25 18 39
25 19 1216
25 20 902
25 21 972
25 22 261
25 23 1116
25 24 482
25 25 0
25 26 1500
25 27 1020
25 28 1463
25 29 748
25 30 954
25 31 235
25 32 993
25 33 195
25 34 1268
25 35 431
25 36 366
25 37 924
25 38 434
25 39 1175
25 40 2016
25 41 386
25 42 1127
25 43 1968
25 44 338
25 45 1079
25 46 1920
25 47 290
25 48 1031
25 49 1872
25 50 242
25 51 983
25 52 1824
25 53 194
25 54 935
25 55 1776
25 56 146
25 57 887
25 58 1728
25 59 98
25 60 839
25 61 1680
25 62 50
25 63 791
25 64 1632
25 65 98
25 66 839
25 67 1680
25 68 146
25 69 887
25 70 1728
25 71 194
25 72 935
25 73 1776
25 74 554
26 0 2054
26 1 772
26 2 1008
26 3 1601
26 4 1615
26 5 1727
26 6 1702
26 7 377
26 8 1483
26 9 1858
26 10 1466
26 11 1073
26 12 968
26 13 1055
26 14 1749
26 15 837
26 16 981
26 17 1871
26 18 1461
26 19 1134
26 20 820
26 21 794
26 22 1531
26 23 1034
26 24 1310
26 25 1500
26 26 0
26 27 938
26 28 1069
26 29 1524
26 30 546
26 31 1557
26 32 911
26 33 1305
26 34 1186
26 35 1649
26 36 1714
26 37 746
26 38 1934
26 39 1093
26 40 612
26 41 1886
26 42 1045
26 43 564
26 44 1838
26 45 997
26 46 516
26 47 1790
26 48 949
26 49 468
26 50 1742
26 51 901
26 52 420
26 53 1694
26 54 853
26 55 372
26 56 1646
26 57 805
26 58 324
26 59 1598
26 60 757
26 61 276
26 62 1550
26 63 709
26 64 228
26 65 1502
26 66 661
26 67 180
26 68 1550
26 69 709
26 70 228
26 71 1598
26 72 757
26 73 276
26 74 2054
27 0 1190
27 1 388
27 2 482
27 3 737
27 4 751
27 5 863
27 6 838
27 7 561
27 8 907
27 9 994
27 10 794
27 11 209
27 12 200
27 13 117
27 14 885
27 15 357
27 16 213
27 17 1007
27 18 981
27 19 270
27 20 244
27 21 410
27 22 859
27 23 170
27 24 638
27 25 1020
27 26 938
27 27 0
27 28 517
27 29 660
27 30 392
27 31 885
27 32 335
27 33 825
27 34 322
27 35 785
27 36 850
27 37 362
27 38 1070
27 39 229
27 40 996
27 41 1022
27 42 181
27 43 948
27 44 974
27 45 133
27 46 900
27 47 926
27 48 85
27 49 852
27 50 878
27 51 37
27 52 804
27 53 926
27 54 85
27 55 852
27 56 974
27 57 133
27 58 900
27 59 1022
27 60 181
27 61 948
27 62 1070
27 63 229
27 64 996
27 65 1118
27 66 277
27 67 1044
27 68 1166
27 69 325
27 70 1092
27 71 1214
27 72 373
27 73 1140
27 74 1190
28 0 1345
28 1 831
28 2 733
28 3 1180
28 4 906
28 5 1210
28 6 993
28 7 1004
28 8 1350
28 9 1149
28 10 1237
28 11 460
28 12 643
28 13 634
28 14 1136
28 15 800
28 16 656
28 17 1162
28 18 1424
28 19 247
28 20 687
28 21 853
28 22 1302
28 23 421
28 24 1081
28 25 1463
28 26 1069
28 27 517
28 28 0
28 29 815
28 30 835
28 31 1328
28 32 778
28 33 1268
28 34 195
28 35 1132
28 36 1197
28 37 805
28 38 1225
28 39 384
28 40 553
28 41 1177
28 42 336
28 43 505
28 44 1225
28 45 384
28 46 553
28 47 1273
28 48 432
28 49 601
28 50 1321
28 51 480
28 52 649
28 53 1369
28 54 528
28 55 697
28 56 1417
28 57 576
28 58 745
28 59 1465
28 60 624
28 61 793
28 62 1513
28 63 672
28 64 841
28 65 1561
28 66 720
28 67 889
28 68 1609
28 69 768
28 70 937
28 71 1657
28 72 816
28 73 985
28 74 1345
29 0 530
29 1 974
29 2 876
29 3 647
29 4 91
29 5 521
29 6 642
29 7 1147
29 8 765
29 9 486
29 10 782
29 11 603
29 12 786
29 13 777
29 14 499
29 15 943
29 16 799
29 17 473
29 18 787
29 19 568
29 20 830
29 21 996
29 22 717
29 23 564
29 24 938
29 25 748
29 26 1524
29 27 660
29 28 815
29 29 0
29 30 978
29 31 691
29 32 921
29 33 943
29 34 620
29 35 599
29 36 534
29 37 948
29 38 410
29 39 527
29 40 1368
29 41 362
29 42 479
29 43 1320
29 44 410
29 45 527
29 46 1368
29 47 458
29 48 575
29 49 1416
29 50 506
29 51 623
29 52 1464
29 53 554
29 54 671
29 55 1512
29 56 602
29 57 719
29 58 1560
29 59 650
29 60 767
29 61 1608
29 62 698
29 63 815
29 64 1656
29 65 746
29 66 863
29 67 1704
29 68 794
29 69 911
29 70 1752
29 71 842
29 72 959
29 73 1800
29 74 530
30 0 1508
30 1 226
30 2 800
30 3 1055
30 4 1069
30 5 1181
30 6 1156
30 7 169
30 8 937
30 9 1312
30 10 920
30 11 527
30 12 422
30 13 509
30 14 1203
30 15 291
30 16 435
30 17 1325
30 18 915
30 19 588
30 20 274
30 21 248
30 22 985
30 23 488
30 24 764
30 25 954
30 26 546
30 27 392
30 28 835
30 29 978
30 30 0
30 31 1011
30 32 365
30 33 759
30 34 640
30 35 1103
30 36 1168
30 37 200
30 38 1388
30 39 547
30 40 1158
30 41 1340
30 42 499
30 43 1110
30 44 1292
30 45 451
30 46 1062
30 47 1244
30 48 403
30 49 1014
30 50 1196
30 51 355
30 52 966
30 53 1148
30 54 307
30 55 918
30 56 1100
30 57 259
30 58 870
30 59 1052
30 60 211
30 61 822
30 62 1004
30 63 163
30 64 774
30 65 956
30 66 115
30 67 726
30 68 1004
30 69 163
30 70 774
30 71 1052
30 72 211
30 73 822
30 74 1508
31 0 497
31 1 1007
31 2 1293
31 3 326
31 4 600
31 5 296
31 6 609
31 7 1180
31 8 252
31 9 453
31 10 91
31 11 1020
31 12 915
31 13 1002
31 14 370
31 15 976
31 16 928
31 17 440
31 18 274
31 19 1081
31 20 863
31 21 1029
31 22 26
31 23 981
31 24 247
31 25 235
31 26 1557
31 27 885
31 28 1328
31 29 691
31 30 1011
31 31 0
31 32 954
31 33 430
31 34 1133
31 35 374
31 36 309
31 37 981
31 38 377
31 39 1040
31 40 1881
31 41 329
31 42 992
31 43 1833
31 44 281
31 45 944
31 46 1785
31 47 233
31 48 896
31 49 1737
31 50 185
31 51 848
31 52 1689
31 53 137
31 54 800
31 55 1641
31 56 89
31 57 752
31 58 1593
31 59 137
31 60 800
31 61 1641
31 62 185
31 63 848
31 64 1689
31 65 233
31 66 896
31 67 1737
31 68 281
31 69 944
31 70 1785
31 71 329
31 72 992
31 73 1833
31 74 497
32 0 1451
32 1 361
32 2 743
32 3 998
32 4 1012
32 5 1124
32 6 1099
32 7 534
32 8 880
32 9 1255
32 10 863
32 11 470
32 12 365
32 13 452
32 14 1146
32 15 330
32 16 378
32 17 1268
32 18 954
32 19 531
32 20 91
32 21 383
32 22 928
32 23 431
32 24 707
32 25 993
32 26 911
32 27 335
32 28 778
32 29 921
32 30 365
32 31 954
32 32 0
32 33 798
32 34 583
32 35 1046
32 36 1111
32 37 335
32 38 1331
32 39 490
32 40 1023
32 41 1283
32 42 442
32 43 975
32 44 1235
32 45 394
32 46 927
32 47 1187
32 48 346
32 49 879
32 50 1139
32 51 298
32 52 831
32 53 1091
32 54 250
32 55 783
32 56 1043
32 57 202
32 58 735
32 59 995
32 60 154
32 61 687
32 62 1043
32 63 202
32 64 735
32 65 1091
32 66 250
32 67 783
32 68 1139
32 69 298
32 70 831
32 71 1187
32 72 346
32 73 879
32 74 1451
33 0 749
33 1 755
33 2 1233
33 3 578
33 4 852
33 5 548
33 6 861
33 7 928
33 8 408
33 9 705
33 10 521
33 11 960
33 12 855
33 13 942
33 14 622
33 15 724
33 16 868
33 17 692
33 18 156
33 19 1021
33 20 707
33 21 777
33 22 456
33 23 921
33 24 677
33 25 195
33 26 1305
33 27 825
33 28 1268
33 29 943
33 30 759
33 31 430
33 32 798
33 33 0
33 34 1073
33 35 626
33 36 561
33 37 729
33 38 629
33 39 980
33 40 1821
33 41 581
33 42 932
33 43 1773
33 44 533
33 45 884
33 46 1725
33 47 485
33 48 836
33 49 1677
33 50 437
33 51 788
33 52 1629
33 53 389
33 54 740
33 55 1581
33 56 341
33 57 692
33 58 1533
33 59 293
33 60 644
33 61 1485
33 62 245
33 63 596
33 64 1437
33 65 293
33 66 644
33 67 1485
33 68 341
33 69 692
33 70 1533
33 71 389
33 72 740
33 73 1581
33 74 749
34 0 1150
34 1 636
34 2 538
34 3 985
34 4 711
34 5 1015
34 6 798
34 7 809
34 8 1155
34 9 954
34 10 1042
34 11 265
34 12 448
34 13 439
34 14 941
34 15 605
34 16 461
34 17 967
34 18 1229
34 19 52
34 20 492
34 21 658
34 22 1107
34 23 226
34 24 886
34 25 1268
34 26 1186
34 27 322
34 28 195
34 29 620
34 30 640
34 31 1133
34 32 583
34 33 1073
34 34 0
34 35 937
34 36 1002
34 37 610
34 38 1030
34 39 189
34 40 748
34 41 982
34 42 141
34 43 700
34 44 1030
34 45 189
34 46 748
34 47 1078
34 48 237
34 49 796
34 50 1126
34 51 285
34 52 844
34 53 1174
34 54 333
34 55 892
34 56 1222
34 57 381
34 58 940
34 59 1270
34 60 429
34 61 988
34 62 1318
34 63 477
34 64 1036
34 65 1366
34 66 525
34 67 1084
34 68 1414
34 69 573
34 70 1132
34 71 1462
34 72 621
34 73 1180
34 74 1150
35 0 405
35 1 1099
35 2 1097
35 3 330
35 4 508
35 5 78
35 6 517
35 7 1272
35 8 448
35 9 361
35 10 465
35 11 824
35 12 911
35 13 902
35 14 278
35 15 1068
35 16 924
35 17 348
35 18 470
35 19 885
35 20 955
35 21 1121
35 22 400
35 23 785
35 24 621
35 25 431
35 26 1649
35 27 785
35 28 1132
35 29 599
35 30 1103
35 31 374
35 32 1046
35 33 626
35 34 937
35 35 0
35 36 65
35 37 1073
35 38 285
35 39 844
35 40 1685
35 41 237
35 42 796
35 43 1637
35 44 189
35 45 748
35 46 1589
35 47 141
35 48 700
35 49 1541
35 50 189
35 51 748
35 52 1589
35 53 237
35 54 796
35 55 1637
35 56 285
35 57 844
35 58 1685
35 59 333
35 60 892
35 61 1733
35 62 381
35 63 940
35 64 1781
35 65 429
35 66 988
35 67 1829
35 68 477
35 69 1036
35 70 1877
35 71 525
35 72 1084
35 73 1925
35 74 405
36 0 340
36 1 1164
36 2 1162
36 3 265
36 4 443
36 5 13
36 6 452
36 7 1337
36 8 383
36 9 296
36 10 400
36 11 889
36 12 976
36 13 967
36 14 213
36 15 1133
36 16 989
36 17 283
36 18 405
36 19 950
36 20 1020
36 21 1186
36 22 335
36 23 850
36 24 556
36 25 366
36 26 1714
36 27 850
36 28 1197
36 29 534
36 30 1168
36 31 309
36 32 1111
36 33 561
36 34 1002
36 35 65
36 36 0
36 37 1138
36 38 220
36 39 909
36 40 1750
36 41 172
36 42 861
36 43 1702
36 44 124
36 45 813
36 46 1654
36 47 76
36 48 765
36 49 1606
36 50 124
36 51 813
36 52 1654
36 53 172
36 54 861
36 55 1702
36 56 220
36 57 909
36 58 1750
36 59 268
36 60 957
36 61 1798
36 62 316
36 63 1005
36 64 1846
36 65 364
36 66 1053
36 67 1894
36 68 412
36 69 1101
36 70 1942
36 71 460
36 72 1149
36 73 1990
36 74 340
37 0 1478
37 1 26
37 2 770
37 3 1025
37 4 1039
37 5 1151
37 6 1126
37 7 369
37 8 907
37 9 1282
37 10 890
37 11 497
37 12 392
37 13 479
37 14 1173
37 15 261
37 16 405
37 17 1295
37 18 885
37 19 558
37 20 244
37 21 122
37 22 955
37 23 458
37 24 734
37 25 924
37 26 746
37 27 362
37 28 805
37 29 948
37 30 200
37 31 981
37 32 335
37 33 729
37 34 610
37 35 1073
37 36 1138
37 37 0
37 38 1358
37 39 517
37 40 1284
37 41 1310
37 42 469
37 43 1236
37 44 1262
37 45 421
37 46 1188
37 47 1214
37 48 373
37 49 1140
37 50 1166
37 51 325
37 52 1092
37 53 1118
37 54 277
37 55 1044
37 56 1070
37 57 229
37 58 996
37 59 1022
37 60 181
37 61 948
37 62 974
37 63 133
37 64 900
37 65 926
37 66 85
37 67 852
37 68 878
37 69 37
37 70 804
37 71 926
37 72 85
37 73 852
37 74 1478
38 0 120
38 1 1384
38 2 1286
38 3 333
38 4 319
38 5 207
38 6 232
38 7 1557
38 8 451
38 9 76
38 10 468
38 11 1013
38 12 1196
38 13 1187
38 14 185
38 15 1353
38 16 1209
38 17 63
38 18 473
38 19 978
38 20 1240
38 21 1406
38 22 403
38 23 974
38 24 624
38 25 434
38 26 1934
38 27 1070
38 28 1225
38 29 410
38 30 1388
38 31 377
38 32 1331
38 33 629
38 34 1030
38 35 285
38 36 220
38 37 1358
38 38 0
38 39 841
38 40 1682
38 41 48
38 42 889
38 43 1730
38 44 96
38 45 937
38 46 1778
38 47 144
38 48 985
38 49 1826
38 50 192
38 51 1033
38 52 1874
38 53 240
38 54 1081
38 55 1922
38 56 288
38 57 1129
38 58 1970
38 59 336
38 60 1177
38 61 2018
38 62 384
38 63 1225
38 64 2066
38 65 432
38 66 1273
38 67 2114
38 68 480
38 69 1321
38 70 2162
38 71 528
38 72 1369
38 73 2210
38 74 120
39 0 961
39 1 543
39 2 445
39 3 892
39 4 618
39 5 922
39 6 609
39 7 716
39 8 1062
39 9 765
39 10 949
39 11 172
39 12 355
39 13 346
39 14 848
39 15 512
39 16 368
39 17 778
39 18 1136
39 19 137
39 20 399
39 21 565
39 22 1014
39 23 133
39 24 793
39 25 1175
39 26 1093
39 27 229
39 28 384
39 29 527
39 30 547
39 31 1040
39 32 490
39 33 980
39 34 189
39 35 844
39 36 909
39 37 517
39 38 841
39 39 0
39 40 841
39 41 889
39 42 48
39 43 889
39 44 937
39 45 96
39 46 937
39 47 985
39 48 144
39 49 985
39 50 1033
39 51 192
39 52 1033
39 53 1081
39 54 240
39 55 1081
39 56 1129
39 57 288
39 58 1129
39 59 1177
39 60 336
39 61 1177
39 62 1225
39 63 384
39 64 1225
39 65 1273
39 66 432
39 67 1273
39 68 1321
39 69 480
39 70 1321
39 71 1369
39 72 528
39 73 1369
39 74 961
40 0 1802
40 1 1258
40 2 588
40 3 1733
40 4 1459
40 5 1763
40 6 1450
40 7 989
40 8 1903
40 9 1606
40 10 1790
40 11 861
40 12 966
40 13 879
40 14 1689
40 15 1097
40 16 953
40 17 1619
40 18 1977
40 19 800
40 20 1114
40 21 1332
40 22 1855
40 23 900
40 24 1634
40 25 2016
40 26 612
40 27 996
40 28 553
40 29 1368
40 30 1158
40 31 1881
40 32 1023
40 33 1821
40 34 748
40 35 1685
40 36 1750
40 37 1284
40 38 1682
40 39 841
40 40 0
40 41 1730
40 42 889
40 43 48
40 44 1778
40 45 937
40 46 96
40 47 1826
40 48 985
40 49 144
40 50 1874
40 51 1033
40 52 192
40 53 1922
40 54 1081
40 55 240
40 56 1970
40 57 1129
40 58 288
40 59 2018
40 60 1177
40 61 336
40 62 2066
40 63 1225
40 64 384
40 65 2114
40 66 1273
40 67 432
40 68 2162
40 69 1321
40 70 480
40 71 2210
40 72 1369
40 73 528
40 74 1802
41 0 168
41 1 1336
41 2 1238
41 3 285
41 4 271
41 5 159
41 6 280
41 7 1509
41 8 403
41 9 124
41 10 420
41 11 965
41 12 1148
41 13 1139
41 14 137
41 15 1305
41 16 1161
41 17 111
41 18 425
41 19 930
41 20 1192
41 21 1358
41 22 355
41 23 926
41 24 576
41 25 386
41 26 1886
41 27 1022
41 28 1177
41 29 362
41 30 1340
41 31 329
41 32 1283
41 33 581
41 34 982
41 35 237
41 36 172
41 37 1310
41 38 48
41 39 889
41 40 1730
41 41 0
41 42 841
41 43 1682
41 44 48
41 45 889
41 46 1730
41 47 96
41 48 937
41 49 1778
41 50 144
41 51 985
41 52 1826
41 53 192
41 54 1033
41 55 1874
41 56 240
41 57 1081
41 58 1922
41 59 288
41 60 1129
41 61 1970
41 62 336
41 63 1177
41 64 2018
41 65 384
41 66 1225
41 67 2066
41 68 432
41 69 1273
41 70 2114
41 71 480
41 72 1321
41 73 2162
41 74 168
42 0 1009
42 1 495
42 2 397
42 3 844
42 4 570
42 5 874
42 6 657
42 7 668
42 8 1014
42 9 813
42 10 901
42 11 124
42 12 307
42 13 298
42 14 800
42 15 464
42 16 320
42 17 826
42 18 1088
42 19 89
42 20 351
42 21 517
42 22 966
42 23 85
42 24 745
42 25 1127
42 26 1045
42 27 181
42 28 336
42 29 479
42 30 499
42 31 992
42 32 442
42 33 932
42 34 141
42 35 796
42 36 861
42 37 469
42 38 889
42 39 48
42 40 889
42 41 841
42 42 0
42 43 841
42 44 889
42 45 48
42 46 889
42 47 937
42 48 96
42 49 937
42 50 985
42 51 144
42 52 985
42 53 1033
42 54 192
42 55 1033
42 56 1081
42 57 240
42 58 1081
42 59 1129
42 60 288
42 61 1129
42 62 1177
42 63 336
42 64 1177
42 65 1225
42 66 384
42 67 1225
42 68 1273
42 69 432
42 70 1273
42 71 1321
42 72 480
42 73 1321
42 74 1009
43 0 1850
43 1 1210
43 2 540
43 3 1685
43 4 1411
43 5 1715
43 6 1498
43 7 941
43 8 1855
43 9 1654
43 10 1742
43 11 813
43 12 918
43 13 831
43 14 1641
43 15 1049
43 16 905
43 17 1667
43 18 1929
43 19 752
43 20 1066
43 21 1284
43 22 1807
43 23 852
43 24 1586
43 25 1968
43 26 564
43 27 948
43 28 505
43 29 1320
43 30 1110
43 31 1833
43 32 975
43 33 1773
43 34 700
43 35 1637
43 36 1702
43 37 1236
43 38 1730
43 39 889
43 40 48
43 41 1682
43 42 841
43 43 0
43 44 1730
43 45 889
43 46 48
43 47 1778
43 48 937
43 49 96
43 50 1826
43 51 985
43 52 144
43 53 1874
43 54 1033
43 55 192
43 56 1922
43 57 1081
43 58 240
43 59 1970
43 60 1129
43 61 288
43 62 2018
43 63 1177
43 64 336
43 65 2066
43 66 1225
43 67 384
43 68 2114
43 69 1273
43 70 432
43 71 2162
43 72 1321
43 73 480
43 74 1850
44 0 216
44 1 1288
44 2 1190
44 3 237
44 4 319
44 5 111
44 6 328
44 7 1461
44 8 355
44 9 172
44 10 372
44 11 917
44 12 1100
44 13 1091
44 14 89
44 15 1257
44 16 1113
44 17 159
44 18 377
44 19 978
44 20 1144
44 21 1310
44 22 307
44 23 878
44 24 528
44 25 338
44 26 1838
44 27 974
44 28 1225
44 29 410
44 30 1292
44 31 281
44 32 1235
44 33 533
44 34 1030
44 35 189
44 36 124
44 37 1262
44 38 96
44 39 937
44 40 1778
44 41 48
44 42 889
44 43 1730
44 44 0
44 45 841
44 46 1682
44 47 48
44 48 889
44 49 1730
44 50 96
44 51 937
44 52 1778
44 53 144
44 54 985
44 55 1826
44 56 192
44 57 1033
44 58 1874
44 59 240
44 60 1081
44 61 1922
44 62 288
44 63 1129
44 64 1970
44 65 336
44 66 1177
44 67 2018
44 68 384
44 69 1225
44 70 2066
44 71 432
44 72 1273
44 73 2114
44 74 216
45 0 1057
45 1 447
45 2 349
45 3 796
45 4 618
45 5 826
45 6 705
45 7 620
45 8 966
45 9 861
45 10 853
45 11 76
45 12 259
45 13 250
45 14 752
45 15 416
45 16 272
45 17 874
45 18 1040
45 19 137
45 20 303
45 21 469
45 22 918
45 23 37
45 24 697
45 25 1079
45 26 997
45 27 133
45 28 384
45 29 527
45 30 451
45 31 944
45 32 394
45 33 884
45 34 189
45 35 748
45 36 813
45 37 421
45 38 937
45 39 96
45 40 937
45 41 889
45 42 48
45 43 889
45 44 841
45 45 0
45 46 841
45 47 889
45 48 48
45 49 889
45 50 937
45 51 96
45 52 937
45 53 985
45 54 144
45 55 985
45 56 1033
45 57 192
45 58 1033
45 59 1081
45 60 240
45 61 1081
45 62 1129
45 63 288
45 64 1129
45 65 1177
45 66 336
45 67 1177
45 68 1225
45 69 384
45 70 1225
45 71 1273
45 72 432
45 73 1273
45 74 1057
46 0 1898
46 1 1162
46 2 492
46 3 1637
46 4 1459
46 5 1667
46 6 1546
46 7 893
46 8 1807
46 9 1702
46 10 1694
46 11 765
46 12 870
46 13 783
46 14 1593
46 15 1001
46 16 857
46 17 1715
46 18 1881
46 19 800
46 20 1018
46 21 1236
46 22 1759
46 23 804
46 24 1538
46 25 1920
46 26 516
46 27 900
46 28 553
46 29 1368
46 30 1062
46 31 1785
46 32 927
46 33 1725
46 34 748
46 35 1589
46 36 1654
46 37 1188
46 38 1778
46 39 937
46 40 96
46 41 1730
46 42 889
46 43 48
46 44 1682
46 45 841
46 46 0
46 47 1730
46 48 889
46 49 48
46 50 1778
46 51 937
46 52 96
46 53 1826
46 54 985
46 55 144
46 56 1874
46 57 1033
46 58 192
46 59 1922
46 60 1081
46 61 240
46 62 1970
46 63 1129
46 64 288
46 65 2018
46 66 1177
46 67 336
46 68 2066
46 69 1225
46 70 384
46 71 2114
46 72 1273
46 73 432
46 74 1898
47 0 264
47 1 1240
47 2 1238
47 3 189
47 4 367
47 5 63
47 6 376
47 7 1413
47 8 307
47 9 220
47 10 324
47 11 965
47 12 1052
47 13 1043
47 14 137
47 15 1209
47 16 1065
47 17 207
47 18 329
47 19 1026
47 20 1096
47 21 1262
47 22 259
47 23 926
47 24 480
47 25 290
47 26 1790
47 27 926
47 28 1273
47 29 458
47 30 1244
47 31 233
47 32 1187
47 33 485
47 34 1078
47 35 141
47 36 76
47 37 1214
47 38 144
47 39 985
47 40 1826
47 41 96
47 42 937
47 43 1778
47 44 48
47 45 889
47 46 1730
47 47 0
47 48 841
47 49 1682
47 50 48
47 51 889
47 52 1730
47 53 96
47 54 937
47 55 1778
47 56 144
47 57 985
47 58 1826
47 59 192
47 60 1033
47 61 1874
47 62 240
47 63 1081
47 64 1922
47 65 288
47 66 1129
47 67 1970
47 68 336
47 69 1177
47 70 2018
47 71 384
47 72 1225
47 73 2066
47 74 264
48 0 1105
48 1 399
48 2 397
48 3 748
48 4 666
48 5 778
48 6 753
48 7 572
48 8 918
48 9 909
48 10 805
48 11 124
48 12 211
48 13 202
48 14 800
48 15 368
48 16 224
48 17 922
48 18 992
48 19 185
48 20 255
48 21 421
48 22 870
48 23 85
48 24 649
48 25 1031
48 26 949
48 27 85
48 28 432
48 29 575
48 30 403
48 31 896
48 32 346
48 33 836
48 34 237
48 35 700
48 36 765
48 37 373
48 38 985
48 39 144
48 40 985
48 41 937
48 42 96
48 43 937
48 44 889
48 45 48
48 46 889
48 47 841
48 48 0
48 49 841
48 50 889
48 51 48
48 52 889
48 53 937
48 54 96
48 55 937
48 56 985
48 57 144
48 58 985
48 59 1033
48 60 192
48 61 1033
48 62 1081
48 63 240
48 64 1081
48 65 1129
48 66 288
48 67 1129
48 68 1177
48 69 336
48 70 1177
48 71 1225
48 72 384
48 73 1225
48 74 1105
49 0 1946
49 1 1114
49 2 540
49 3 1589
49 4 1507
49 5 1619
49 6 1594
49 7 845
49 8 1759
49 9 1750
49 10 1646
49 11 813
49 12 822
49 13 735
49 14 1641
49 15 953
49 16 809
49 17 1763
49 18 1833
49 19 848
49 20 970
49 21 1188
49 22 1711
49 23 852
49 24 1490
49 25 1872
49 26 468
49 27 852
49 28 601
49 29 1416
49 30 1014
49 31 1737
49 32 879
49 33 1677
49 34 796
49 35 1541
49 36 1606
49 37 1140
49 38 1826
49 39 985
49 40 144
49 41 1778
49 42 937
49 43 96
49 44 1730
49 45 889
49 46 48
