//alpha
1
//NbLocations
46
//NbProducts
29
//NbPickers
2
//CapaPicker
8
//TimeToTravelOneDistanceUnit
3
//SetupTime
5400
//PickTime
300
//Products
//Idx Location Size
1 1 1
2 2 1
3 3 1
4 4 1
5 5 1
6 6 1
7 7 1
8 8 1
9 9 1
10 10 1
11 11 1
12 12 1
13 13 1
14 14 1
15 15 1
16 16 1
17 17 1
18 18 1
19 13 1
20 19 1
21 20 1
22 21 1
23 22 1
24 23 1
25 24 1
26 25 1
27 26 1
28 27 1
29 14 1
//Orders
//NbOrders
12
//Idx DueDate TardinessPenalty NbProdInOrder ProdIdx1 Qty1 ProdIdx2 Qty2 ...
1 126000 0 1 1 1
2 108000 0 2 2 1 3 1
3 36000 0 1 4 1
4 126000 0 6 5 1 6 1 7 1 8 1 9 1 10 1
5 144000 0 4 11 1 12 1 13 1 14 1
6 36000 0 1 15 1
7 126000 0 2 16 1 17 1
8 72000 0 4 18 1 19 1 20 1 21 1
9 90000 0 2 22 1 23 1
10 126000 0 1 24 1
11 90000 0 4 25 1 26 1 27 1 28 1
12 108000 0 1 29 1
//Graph (Products are vertices indexed from 1 to NbProducts)
//NbVerticesIntersections
18
//DepartingDepot
0
//ArrivalDepot
46
//Arcs
//Start End Distance
0 28 120
1 4 208
1 32 128
2 43 271
2 44 180
3 9 0
3 11 13
4 1 208
4 33 115
5 8 78
5 37 310
6 13 13
6 22 52
7 14 26
7 22 52
8 5 78
8 38 63
9 3 0
9 18 156
10 40 167
10 41 284
11 3 13
11 30 76
12 14 52
12 27 78
13 6 13
13 28 63
14 7 26
14 12 52
15 18 13
15 20 13
16 17 221
16 32 37
17 16 221
17 31 193
18 9 156
18 15 13
19 35 375
19 36 76
20 15 13
20 24 26
21 44 245
21 45 206
22 6 52
22 7 52
23 41 310
23 42 141
24 20 26
24 25 26
25 24 26
25 29 128
26 34 206
26 35 245
27 12 78
27 29 115
28 13 63
28 31 48
28 46 120
29 25 128
29 27 115
29 32 48
30 11 76
30 33 48
31 17 193
31 28 48
31 34 48
32 1 128
32 16 37
32 29 48
32 35 48
33 4 115
33 30 48
33 36 48
34 26 206
34 31 48
34 37 48
35 19 375
35 26 245
35 32 48
35 38 48
36 19 76
36 33 48
36 39 48
37 5 310
37 34 48
37 40 48
38 8 63
38 35 48
38 39 451
38 41 48
39 36 48
39 38 451
39 42 48
40 10 167
40 37 48
40 43 48
41 10 284
41 23 310
41 38 48
41 44 48
42 23 141
42 39 48
42 45 48
43 2 271
43 40 48
44 2 180
44 21 245
44 41 48
45 21 206
45 42 48
//LocStart LocEnd ShortestPath
0 0 0
0 1 747
0 2 631
0 3 933
0 4 955
0 5 574
0 6 196
0 7 300
0 8 652
0 9 933
0 10 479
0 11 946
0 12 378
0 13 183
0 14 326
0 15 764
0 16 582
0 17 361
0 18 777
0 19 1042
0 20 751
0 21 1056
0 22 248
0 23 1073
0 24 725
0 25 699
0 26 422
0 27 456
0 28 120
0 29 571
0 30 1022
0 31 168
0 32 619
0 33 1070
0 34 216
0 35 667
0 36 1118
0 37 264
0 38 715
0 39 1166
0 40 312
0 41 763
0 42 1214
0 43 360
0 44 811
0 45 1262
0 46 0
1 0 747
1 1 0
1 2 500
1 3 460
1 4 208
1 5 365
1 6 551
1 7 447
1 8 287
1 9 460
1 10 556
1 11 447
1 12 369
1 13 564
1 14 421
1 15 369
1 16 165
1 17 386
1 18 382
1 19 447
1 20 356
1 21 565
1 22 499
1 23 582
1 24 330
1 25 304
1 26 421
1 27 291
1 28 627
1 29 176
1 30 371
1 31 579
1 32 128
1 33 323
1 34 627
1 35 176
1 36 371
1 37 675
1 38 224
1 39 419
1 40 723
1 41 272
1 42 467
1 43 771
1 44 320
1 45 515
1 46 747
2 0 631
2 1 500
2 2 0
2 3 782
2 4 708
2 5 417
2 6 587
2 7 691
2 8 339
2 9 782
2 10 486
2 11 795
2 12 613
2 13 574
2 14 665
2 15 613
2 16 409
2 17 630
2 18 626
2 19 699
2 20 600
2 21 425
2 22 639
2 23 538
2 24 574
2 25 548
2 26 569
2 27 535
2 28 511
2 29 420
2 30 871
2 31 463
2 32 372
2 33 823
2 34 415
2 35 324
2 36 775
2 37 367
2 38 276
2 39 727
2 40 319
2 41 228
2 42 679
2 43 271
2 44 180
2 45 631
2 46 631
3 0 933
3 1 460
3 2 782
3 3 0
3 4 252
3 5 647
3 6 737
3 7 633
3 8 569
3 9 0
3 10 838
3 11 13
3 12 555
3 13 750
3 14 607
3 15 169
3 16 447
3 17 668
3 18 156
3 19 261
3 20 182
3 21 535
3 22 685
3 23 422
3 24 208
3 25 234
3 26 703
3 27 477
3 28 813
3 29 362
3 30 89
3 31 861
3 32 410
3 33 137
3 34 909
3 35 458
3 36 185
3 37 957
3 38 506
3 39 233
3 40 1005
3 41 554
3 42 281
3 43 1053
3 44 602
3 45 329
3 46 933
4 0 955
4 1 208
4 2 708
4 3 252
4 4 0
4 5 573
4 6 759
4 7 655
4 8 495
4 9 252
4 10 764
4 11 239
4 12 577
4 13 772
4 14 629
4 15 421
4 16 373
4 17 594
4 18 408
4 19 239
4 20 434
4 21 513
4 22 707
4 23 400
4 24 460
4 25 486
4 26 629
4 27 499
4 28 835
4 29 384
4 30 163
4 31 787
4 32 336
4 33 115
4 34 835
4 35 384
4 36 163
4 37 883
4 38 432
4 39 211
4 40 931
4 41 480
4 42 259
4 43 979
4 44 528
4 45 307
4 46 955
5 0 574
5 1 365
5 2 417
5 3 647
5 4 573
5 5 0
5 6 530
5 7 556
5 8 78
5 9 647
5 10 473
5 11 660
5 12 478
5 13 517
5 14 530
5 15 478
5 16 274
5 17 495
5 18 491
5 19 564
5 20 465
5 21 482
5 22 582
5 23 499
5 24 439
5 25 413
5 26 434
5 27 400
5 28 454
5 29 285
5 30 736
5 31 406
5 32 237
5 33 688
5 34 358
5 35 189
5 36 640
5 37 310
5 38 141
5 39 592
5 40 358
5 41 189
5 42 640
5 43 406
5 44 237
5 45 688
5 46 574
6 0 196
6 1 551
6 2 587
6 3 737
6 4 759
6 5 530
6 6 0
6 7 104
6 8 582
6 9 737
6 10 435
6 11 750
6 12 182
6 13 13
6 14 130
6 15 568
6 16 460
6 17 317
6 18 581
6 19 846
6 20 555
6 21 860
6 22 52
6 23 877
6 24 529
6 25 503
6 26 378
6 27 260
6 28 76
6 29 375
6 30 826
6 31 124
6 32 423
6 33 874
6 34 172
6 35 471
6 36 922
6 37 220
6 38 519
6 39 970
6 40 268
6 41 567
6 42 1018
6 43 316
6 44 615
6 45 1066
6 46 196
7 0 300
7 1 447
7 2 691
7 3 633
7 4 655
7 5 556
7 6 104
7 7 0
7 8 478
7 9 633
7 10 539
7 11 646
7 12 78
7 13 117
7 14 26
7 15 464
7 16 356
7 17 421
7 18 477
7 19 742
7 20 451
7 21 756
7 22 52
7 23 773
7 24 425
7 25 399
7 26 482
7 27 156
7 28 180
7 29 271
7 30 722
7 31 228
7 32 319
7 33 770
7 34 276
7 35 367
7 36 818
7 37 324
7 38 415
7 39 866
7 40 372
7 41 463
7 42 914
7 43 420
7 44 511
7 45 962
7 46 300
8 0 652
8 1 287
8 2 339
8 3 569
8 4 495
8 5 78
8 6 582
8 7 478
8 8 0
8 9 569
8 10 395
8 11 582
8 12 400
8 13 595
8 14 452
8 15 400
8 16 196
8 17 417
8 18 413
8 19 486
8 20 387
8 21 404
8 22 530
8 23 421
8 24 361
8 25 335
8 26 356
8 27 322
8 28 532
8 29 207
8 30 658
8 31 484
8 32 159
8 33 610
8 34 436
8 35 111
8 36 562
8 37 388
8 38 63
8 39 514
8 40 436
8 41 111
8 42 562
8 43 484
8 44 159
8 45 610
8 46 652
9 0 933
9 1 460
9 2 782
9 3 0
9 4 252
9 5 647
9 6 737
9 7 633
9 8 569
9 9 0
9 10 838
9 11 13
9 12 555
9 13 750
9 14 607
9 15 169
9 16 447
9 17 668
9 18 156
9 19 261
9 20 182
9 21 535
9 22 685
9 23 422
9 24 208
9 25 234
9 26 703
9 27 477
9 28 813
9 29 362
9 30 89
9 31 861
9 32 410
9 33 137
9 34 909
9 35 458
9 36 185
9 37 957
9 38 506
9 39 233
9 40 1005
9 41 554
9 42 281
9 43 1053
9 44 602
9 45 329
9 46 933
10 0 479
10 1 556
10 2 486
10 3 838
10 4 764
10 5 473
10 6 435
10 7 539
10 8 395
10 9 838
10 10 0
10 11 851
10 12 617
10 13 422
10 14 565
10 15 669
10 16 465
10 17 504
10 18 682
10 19 755
10 20 656
10 21 577
10 22 487
10 23 594
10 24 630
10 25 604
10 26 469
10 27 591
10 28 359
10 29 476
10 30 927
10 31 311
10 32 428
10 33 879
10 34 263
10 35 380
10 36 831
10 37 215
10 38 332
10 39 783
10 40 167
10 41 284
10 42 735
10 43 215
10 44 332
10 45 783
10 46 479
11 0 946
11 1 447
11 2 795
11 3 13
11 4 239
11 5 660
11 6 750
11 7 646
11 8 582
11 9 13
11 10 851
11 11 0
11 12 568
11 13 763
11 14 620
11 15 182
11 16 460
11 17 681
11 18 169
11 19 248
11 20 195
11 21 522
11 22 698
11 23 409
11 24 221
11 25 247
11 26 716
11 27 490
11 28 826
11 29 375
11 30 76
11 31 874
11 32 423
11 33 124
11 34 922
11 35 471
11 36 172
11 37 970
11 38 519
11 39 220
11 40 1018
11 41 567
11 42 268
11 43 1066
11 44 615
11 45 316
11 46 946
12 0 378
12 1 369
12 2 613
12 3 555
12 4 577
12 5 478
12 6 182
12 7 78
12 8 400
12 9 555
12 10 617
12 11 568
12 12 0
12 13 195
12 14 52
12 15 386
12 16 278
12 17 499
12 18 399
12 19 664
12 20 373
12 21 678
12 22 130
12 23 695
12 24 347
12 25 321
12 26 534
12 27 78
12 28 258
12 29 193
12 30 644
12 31 306
12 32 241
12 33 692
12 34 354
12 35 289
12 36 740
12 37 402
12 38 337
12 39 788
12 40 450
12 41 385
12 42 836
12 43 498
12 44 433
12 45 884
12 46 378
13 0 183
13 1 564
13 2 574
13 3 750
13 4 772
13 5 517
13 6 13
13 7 117
13 8 595
13 9 750
13 10 422
13 11 763
13 12 195
13 13 0
13 14 143
13 15 581
13 16 473
13 17 304
13 18 594
13 19 859
13 20 568
13 21 873
13 22 65
13 23 890
13 24 542
13 25 516
13 26 365
13 27 273
13 28 63
13 29 388
13 30 839
13 31 111
13 32 436
13 33 887
13 34 159
13 35 484
13 36 935
13 37 207
13 38 532
13 39 983
13 40 255
13 41 580
13 42 1031
13 43 303
13 44 628
13 45 1079
13 46 183
14 0 326
14 1 421
14 2 665
14 3 607
14 4 629
14 5 530
14 6 130
14 7 26
14 8 452
14 9 607
14 10 565
14 11 620
14 12 52
14 13 143
14 14 0
14 15 438
14 16 330
14 17 447
14 18 451
14 19 716
14 20 425
14 21 730
14 22 78
14 23 747
14 24 399
14 25 373
14 26 508
14 27 130
14 28 206
14 29 245
14 30 696
14 31 254
14 32 293
14 33 744
14 34 302
14 35 341
14 36 792
14 37 350
14 38 389
14 39 840
14 40 398
14 41 437
14 42 888
14 43 446
14 44 485
14 45 936
14 46 326
15 0 764
15 1 369
15 2 613
15 3 169
15 4 421
15 5 478
15 6 568
15 7 464
15 8 400
15 9 169
15 10 669
15 11 182
15 12 386
15 13 581
15 14 438
15 15 0
15 16 278
15 17 499
15 18 13
15 19 430
15 20 13
15 21 678
15 22 516
15 23 591
15 24 39
15 25 65
15 26 534
15 27 308
15 28 644
15 29 193
15 30 258
15 31 692
15 32 241
15 33 306
15 34 740
15 35 289
15 36 354
15 37 788
15 38 337
15 39 402
15 40 836
15 41 385
15 42 450
15 43 884
15 44 433
15 45 498
15 46 764
16 0 582
16 1 165
16 2 409
16 3 447
16 4 373
16 5 274
16 6 460
16 7 356
16 8 196
16 9 447
16 10 465
16 11 460
16 12 278
16 13 473
16 14 330
16 15 278
16 16 0
16 17 221
16 18 291
16 19 460
16 20 265
16 21 474
16 22 408
16 23 491
16 24 239
16 25 213
16 26 330
16 27 200
16 28 462
16 29 85
16 30 536
16 31 414
16 32 37
16 33 488
16 34 462
16 35 85
16 36 536
16 37 510
16 38 133
16 39 584
16 40 558
16 41 181
16 42 632
16 43 606
16 44 229
16 45 680
16 46 582
17 0 361
17 1 386
17 2 630
17 3 668
17 4 594
17 5 495
17 6 317
17 7 421
17 8 417
17 9 668
17 10 504
17 11 681
17 12 499
17 13 304
17 14 447
17 15 499
17 16 221
17 17 0
17 18 512
17 19 681
17 20 486
17 21 695
17 22 369
17 23 712
17 24 460
17 25 434
17 26 447
17 27 421
17 28 241
17 29 306
17 30 757
17 31 193
17 32 258
17 33 709
17 34 241
17 35 306
17 36 757
17 37 289
17 38 354
17 39 805
17 40 337
17 41 402
17 42 853
17 43 385
17 44 450
17 45 901
17 46 361
18 0 777
18 1 382
18 2 626
18 3 156
18 4 408
18 5 491
18 6 581
18 7 477
18 8 413
18 9 156
18 10 682
18 11 169
18 12 399
18 13 594
18 14 451
18 15 13
18 16 291
18 17 512
18 18 0
18 19 417
18 20 26
18 21 691
18 22 529
18 23 578
18 24 52
18 25 78
18 26 547
18 27 321
18 28 657
18 29 206
18 30 245
18 31 705
18 32 254
18 33 293
18 34 753
18 35 302
18 36 341
18 37 801
18 38 350
18 39 389
18 40 849
18 41 398
18 42 437
18 43 897
18 44 446
18 45 485
18 46 777
19 0 1042
19 1 447
19 2 699
19 3 261
19 4 239
19 5 564
19 6 846
19 7 742
19 8 486
19 9 261
19 10 755
19 11 248
19 12 664
19 13 859
19 14 716
19 15 430
19 16 460
19 17 681
19 18 417
19 19 0
19 20 443
19 21 426
19 22 794
19 23 313
19 24 469
19 25 495
19 26 620
19 27 586
19 28 922
19 29 471
19 30 172
19 31 874
19 32 423
19 33 124
19 34 826
19 35 375
19 36 76
19 37 874
19 38 423
19 39 124
19 40 922
19 41 471
19 42 172
19 43 970
19 44 519
19 45 220
19 46 1042
20 0 751
20 1 356
20 2 600
20 3 182
20 4 434
20 5 465
20 6 555
20 7 451
20 8 387
20 9 182
20 10 656
20 11 195
20 12 373
20 13 568
20 14 425
20 15 13
20 16 265
20 17 486
20 18 26
20 19 443
20 20 0
20 21 665
20 22 503
20 23 604
20 24 26
20 25 52
20 26 521
20 27 295
20 28 631
20 29 180
20 30 271
20 31 679
20 32 228
20 33 319
20 34 727
20 35 276
20 36 367
20 37 775
20 38 324
20 39 415
20 40 823
20 41 372
20 42 463
20 43 871
20 44 420
20 45 511
20 46 751
21 0 1056
21 1 565
21 2 425
21 3 535
21 4 513
21 5 482
21 6 860
21 7 756
21 8 404
21 9 535
21 10 577
21 11 522
21 12 678
21 13 873
21 14 730
21 15 678
21 16 474
21 17 695
21 18 691
21 19 426
21 20 665
21 21 0
21 22 808
21 23 395
21 24 639
21 25 613
21 26 634
21 27 600
21 28 936
21 29 485
21 30 446
21 31 888
21 32 437
21 33 398
21 34 840
21 35 389
21 36 350
21 37 792
21 38 341
21 39 302
21 40 744
21 41 293
21 42 254
21 43 696
21 44 245
21 45 206
21 46 1056
22 0 248
22 1 499
22 2 639
22 3 685
22 4 707
22 5 582
22 6 52
22 7 52
22 8 530
22 9 685
22 10 487
22 11 698
22 12 130
22 13 65
22 14 78
22 15 516
22 16 408
22 17 369
22 18 529
22 19 794
22 20 503
22 21 808
22 22 0
22 23 825
22 24 477
22 25 451
22 26 430
22 27 208
22 28 128
22 29 323
22 30 774
22 31 176
22 32 371
22 33 822
22 34 224
22 35 419
22 36 870
22 37 272
22 38 467
22 39 918
22 40 320
22 41 515
22 42 966
22 43 368
22 44 563
22 45 1014
22 46 248
23 0 1073
23 1 582
23 2 538
23 3 422
23 4 400
23 5 499
23 6 877
23 7 773
23 8 421
23 9 422
23 10 594
23 11 409
23 12 695
23 13 890
23 14 747
23 15 591
23 16 491
23 17 712
23 18 578
23 19 313
23 20 604
23 21 395
23 22 825
23 23 0
23 24 630
23 25 630
23 26 651
23 27 617
23 28 953
23 29 502
23 30 333
23 31 905
23 32 454
23 33 285
23 34 857
23 35 406
23 36 237
23 37 809
23 38 358
23 39 189
23 40 761
23 41 310
23 42 141
23 43 809
23 44 358
23 45 189
23 46 1073
24 0 725
24 1 330
24 2 574
24 3 208
24 4 460
24 5 439
24 6 529
24 7 425
24 8 361
24 9 208
24 10 630
24 11 221
24 12 347
24 13 542
24 14 399
24 15 39
24 16 239
24 17 460
24 18 52
24 19 469
24 20 26
24 21 639
24 22 477
24 23 630
24 24 0
24 25 26
24 26 495
24 27 269
24 28 605
24 29 154
24 30 297
24 31 653
24 32 202
24 33 345
24 34 701
24 35 250
24 36 393
24 37 749
24 38 298
24 39 441
24 40 797
24 41 346
24 42 489
24 43 845
24 44 394
24 45 537
24 46 725
25 0 699
25 1 304
25 2 548
25 3 234
25 4 486
25 5 413
25 6 503
25 7 399
25 8 335
25 9 234
25 10 604
25 11 247
25 12 321
25 13 516
25 14 373
25 15 65
25 16 213
25 17 434
25 18 78
25 19 495
25 20 52
25 21 613
25 22 451
25 23 630
25 24 26
25 25 0
25 26 469
25 27 243
25 28 579
25 29 128
25 30 323
25 31 627
25 32 176
25 33 371
25 34 675
25 35 224
25 36 419
25 37 723
25 38 272
25 39 467
25 40 771
25 41 320
25 42 515
25 43 819
25 44 368
25 45 563
25 46 699
26 0 422
26 1 421
26 2 569
26 3 703
26 4 629
26 5 434
26 6 378
26 7 482
26 8 356
26 9 703
26 10 469
26 11 716
26 12 534
26 13 365
26 14 508
26 15 534
26 16 330
26 17 447
26 18 547
26 19 620
26 20 521
26 21 634
26 22 430
26 23 651
26 24 495
26 25 469
26 26 0
26 27 456
26 28 302
26 29 341
26 30 792
26 31 254
26 32 293
26 33 744
26 34 206
26 35 245
26 36 696
26 37 254
26 38 293
26 39 744
26 40 302
26 41 341
26 42 792
26 43 350
26 44 389
26 45 840
26 46 422
27 0 456
27 1 291
27 2 535
27 3 477
27 4 499
27 5 400
27 6 260
27 7 156
27 8 322
27 9 477
27 10 591
27 11 490
27 12 78
27 13 273
27 14 130
27 15 308
27 16 200
27 17 421
27 18 321
27 19 586
27 20 295
27 21 600
27 22 208
27 23 617
27 24 269
27 25 243
27 26 456
27 27 0
27 28 336
27 29 115
27 30 566
27 31 384
27 32 163
27 33 614
27 34 432
27 35 211
27 36 662
27 37 480
27 38 259
27 39 710
27 40 528
27 41 307
27 42 758
27 43 576
27 44 355
27 45 806
27 46 456
28 0 120
28 1 627
28 2 511
28 3 813
28 4 835
28 5 454
28 6 76
28 7 180
28 8 532
28 9 813
28 10 359
28 11 826
28 12 258
28 13 63
28 14 206
28 15 644
28 16 462
28 17 241
28 18 657
28 19 922
28 20 631
28 21 936
28 22 128
28 23 953
28 24 605
28 25 579
28 26 302
28 27 336
28 28 0
28 29 451
28 30 902
28 31 48
28 32 499
28 33 950
28 34 96
28 35 547
28 36 998
28 37 144
28 38 595
28 39 1046
28 40 192
28 41 643
28 42 1094
28 43 240
28 44 691
28 45 1142
28 46 120
29 0 571
29 1 176
29 2 420
29 3 362
29 4 384
29 5 285
29 6 375
29 7 271
29 8 207
29 9 362
29 10 476
29 11 375
29 12 193
29 13 388
29 14 245
29 15 193
29 16 85
29 17 306
29 18 206
29 19 471
29 20 180
29 21 485
29 22 323
29 23 502
29 24 154
29 25 128
29 26 341
29 27 115
29 28 451
29 29 0
29 30 451
29 31 499
29 32 48
29 33 499
29 34 547
29 35 96
29 36 547
29 37 595
29 38 144
29 39 595
29 40 643
29 41 192
29 42 643
29 43 691
29 44 240
29 45 691
29 46 571
30 0 1022
30 1 371
30 2 871
30 3 89
30 4 163
30 5 736
30 6 826
30 7 722
30 8 658
30 9 89
30 10 927
30 11 76
30 12 644
30 13 839
30 14 696
30 15 258
30 16 536
30 17 757
30 18 245
30 19 172
30 20 271
30 21 446
30 22 774
30 23 333
30 24 297
30 25 323
30 26 792
30 27 566
30 28 902
30 29 451
30 30 0
30 31 950
30 32 499
30 33 48
30 34 998
30 35 547
30 36 96
30 37 1046
30 38 595
30 39 144
30 40 1094
30 41 643
30 42 192
30 43 1142
30 44 691
30 45 240
30 46 1022
31 0 168
31 1 579
31 2 463
31 3 861
31 4 787
31 5 406
31 6 124
31 7 228
31 8 484
31 9 861
31 10 311
31 11 874
31 12 306
31 13 111
31 14 254
31 15 692
31 16 414
31 17 193
31 18 705
31 19 874
31 20 679
31 21 888
31 22 176
31 23 905
31 24 653
31 25 627
31 26 254
31 27 384
31 28 48
31 29 499
31 30 950
31 31 0
31 32 451
31 33 902
31 34 48
31 35 499
31 36 950
31 37 96
31 38 547
31 39 998
31 40 144
31 41 595
31 42 1046
31 43 192
31 44 643
31 45 1094
31 46 168
32 0 619
32 1 128
32 2 372
32 3 410
32 4 336
32 5 237
32 6 423
32 7 319
32 8 159
32 9 410
32 10 428
32 11 423
32 12 241
32 13 436
32 14 293
32 15 241
32 16 37
32 17 258
32 18 254
32 19 423
32 20 228
32 21 437
32 22 371
32 23 454
32 24 202
32 25 176
32 26 293
32 27 163
32 28 499
32 29 48
32 30 499
32 31 451
32 32 0
32 33 451
32 34 499
32 35 48
32 36 499
32 37 547
32 38 96
32 39 547
32 40 595
32 41 144
32 42 595
32 43 643
32 44 192
32 45 643
32 46 619
33 0 1070
33 1 323
33 2 823
33 3 137
33 4 115
33 5 688
33 6 874
33 7 770
33 8 610
33 9 137
33 10 879
33 11 124
33 12 692
33 13 887
33 14 744
33 15 306
33 16 488
33 17 709
33 18 293
33 19 124
33 20 319
33 21 398
33 22 822
33 23 285
33 24 345
33 25 371
33 26 744
33 27 614
33 28 950
33 29 499
33 30 48
33 31 902
33 32 451
33 33 0
33 34 950
33 35 499
33 36 48
33 37 998
33 38 547
33 39 96
33 40 1046
33 41 595
33 42 144
33 43 1094
33 44 643
33 45 192
33 46 1070
34 0 216
34 1 627
34 2 415
34 3 909
34 4 835
34 5 358
34 6 172
34 7 276
34 8 436
34 9 909
34 10 263
34 11 922
34 12 354
34 13 159
34 14 302
34 15 740
34 16 462
34 17 241
34 18 753
34 19 826
34 20 727
34 21 840
34 22 224
34 23 857
34 24 701
34 25 675
34 26 206
34 27 432
34 28 96
34 29 547
34 30 998
34 31 48
34 32 499
34 33 950
34 34 0
34 35 451
34 36 902
34 37 48
34 38 499
34 39 950
34 40 96
34 41 547
34 42 998
34 43 144
34 44 595
34 45 1046
34 46 216
35 0 667
35 1 176
35 2 324
35 3 458
35 4 384
35 5 189
35 6 471
35 7 367
35 8 111
35 9 458
35 10 380
35 11 471
35 12 289
35 13 484
35 14 341
35 15 289
35 16 85
35 17 306
35 18 302
35 19 375
35 20 276
35 21 389
35 22 419
35 23 406
35 24 250
35 25 224
35 26 245
35 27 211
35 28 547
35 29 96
35 30 547
35 31 499
35 32 48
35 33 499
35 34 451
35 35 0
35 36 451
35 37 499
35 38 48
35 39 499
35 40 547
35 41 96
35 42 547
35 43 595
35 44 144
35 45 595
35 46 667
36 0 1118
36 1 371
36 2 775
36 3 185
36 4 163
36 5 640
36 6 922
36 7 818
36 8 562
36 9 185
36 10 831
36 11 172
36 12 740
36 13 935
36 14 792
36 15 354
36 16 536
36 17 757
36 18 341
36 19 76
36 20 367
36 21 350
36 22 870
36 23 237
36 24 393
36 25 419
36 26 696
36 27 662
36 28 998
36 29 547
36 30 96
36 31 950
36 32 499
36 33 48
36 34 902
36 35 451
36 36 0
36 37 950
36 38 499
36 39 48
36 40 998
36 41 547
36 42 96
36 43 1046
36 44 595
36 45 144
36 46 1118
37 0 264
37 1 675
37 2 367
37 3 957
37 4 883
37 5 310
37 6 220
37 7 324
37 8 388
37 9 957
37 10 215
37 11 970
37 12 402
37 13 207
37 14 350
37 15 788
37 16 510
37 17 289
37 18 801
37 19 874
37 20 775
37 21 792
37 22 272
37 23 809
37 24 749
37 25 723
37 26 254
37 27 480
37 28 144
37 29 595
37 30 1046
37 31 96
37 32 547
37 33 998
37 34 48
37 35 499
37 36 950
37 37 0
37 38 451
37 39 902
37 40 48
37 41 499
37 42 950
37 43 96
37 44 547
37 45 998
37 46 264
38 0 715
38 1 224
38 2 276
38 3 506
38 4 432
38 5 141
38 6 519
38 7 415
38 8 63
38 9 506
38 10 332
38 11 519
38 12 337
38 13 532
38 14 389
38 15 337
38 16 133
38 17 354
38 18 350
38 19 423
38 20 324
38 21 341
38 22 467
38 23 358
38 24 298
38 25 272
38 26 293
38 27 259
38 28 595
38 29 144
38 30 595
38 31 547
38 32 96
38 33 547
38 34 499
38 35 48
38 36 499
38 37 451
38 38 0
38 39 451
38 40 499
38 41 48
38 42 499
38 43 547
38 44 96
38 45 547
38 46 715
39 0 1166
39 1 419
39 2 727
39 3 233
39 4 211
39 5 592
39 6 970
39 7 866
39 8 514
39 9 233
39 10 783
39 11 220
39 12 788
39 13 983
39 14 840
39 15 402
39 16 584
39 17 805
39 18 389
39 19 124
39 20 415
39 21 302
39 22 918
39 23 189
39 24 441
39 25 467
39 26 744
39 27 710
39 28 1046
39 29 595
39 30 144
39 31 998
39 32 547
39 33 96
39 34 950
39 35 499
39 36 48
39 37 902
39 38 451
39 39 0
39 40 950
39 41 499
39 42 48
39 43 998
39 44 547
39 45 96
39 46 1166
40 0 312
40 1 723
40 2 319
40 3 1005
40 4 931
40 5 358
40 6 268
40 7 372
40 8 436
40 9 1005
40 10 167
40 11 1018
40 12 450
40 13 255
40 14 398
40 15 836
40 16 558
40 17 337
40 18 849
40 19 922
40 20 823
40 21 744
40 22 320
40 23 761
40 24 797
40 25 771
40 26 302
40 27 528
40 28 192
40 29 643
40 30 1094
40 31 144
40 32 595
40 33 1046
40 34 96
40 35 547
40 36 998
40 37 48
40 38 499
40 39 950
40 40 0
40 41 451
40 42 902
40 43 48
40 44 499
40 45 950
40 46 312
41 0 763
41 1 272
41 2 228
41 3 554
41 4 480
41 5 189
41 6 567
41 7 463
41 8 111
41 9 554
41 10 284
41 11 567
41 12 385
41 13 580
41 14 437
41 15 385
41 16 181
41 17 402
41 18 398
41 19 471
41 20 372
41 21 293
41 22 515
41 23 310
41 24 346
41 25 320
41 26 341
41 27 307
41 28 643
41 29 192
41 30 643
41 31 595
41 32 144
41 33 595
41 34 547
41 35 96
41 36 547
41 37 499
41 38 48
41 39 499
41 40 451
41 41 0
41 42 451
41 43 499
41 44 48
41 45 499
41 46 763
42 0 1214
42 1 467
42 2 679
42 3 281
42 4 259
42 5 640
42 6 1018
42 7 914
42 8 562
42 9 281
42 10 735
42 11 268
42 12 836
42 13 1031
42 14 888
42 15 450
42 16 632
42 17 853
42 18 437
42 19 172
42 20 463
42 21 254
42 22 966
42 23 141
42 24 489
42 25 515
42 26 792
42 27 758
42 28 1094
42 29 643
42 30 192
42 31 1046
42 32 595
42 33 144
42 34 998
42 35 547
42 36 96
42 37 950
42 38 499
42 39 48
42 40 902
42 41 451
42 42 0
42 43 950
42 44 499
42 45 48
42 46 1214
43 0 360
43 1 771
43 2 271
43 3 1053
43 4 979
43 5 406
43 6 316
43 7 420
43 8 484
43 9 1053
43 10 215
43 11 1066
43 12 498
43 13 303
43 14 446
43 15 884
43 16 606
43 17 385
43 18 897
43 19 970
43 20 871
43 21 696
43 22 368
43 23 809
43 24 845
43 25 819
43 26 350
43 27 576
43 28 240
43 29 691
43 30 1142
43 31 192
43 32 643
43 33 1094
43 34 144
43 35 595
43 36 1046
43 37 96
43 38 547
43 39 998
43 40 48
43 41 499
43 42 950
43 43 0
43 44 451
43 45 902
43 46 360
44 0 811
44 1 320
44 2 180
44 3 602
44 4 528
44 5 237
44 6 615
44 7 511
44 8 159
44 9 602
44 10 332
44 11 615
44 12 433
44 13 628
44 14 485
44 15 433
44 16 229
44 17 450
44 18 446
44 19 519
44 20 420
44 21 245
44 22 563
44 23 358
44 24 394
44 25 368
44 26 389
44 27 355
44 28 691
44 29 240
44 30 691
44 31 643
44 32 192
44 33 643
44 34 595
44 35 144
44 36 595
44 37 547
44 38 96
44 39 547
44 40 499
44 41 48
44 42 499
44 43 451
44 44 0
44 45 451
44 46 811
45 0 1262
45 1 515
45 2 631
45 3 329
45 4 307
45 5 688
45 6 1066
45 7 962
45 8 610
45 9 329
45 10 783
45 11 316
45 12 884
45 13 1079
45 14 936
45 15 498
45 16 680
45 17 901
45 18 485
45 19 220
45 20 511
45 21 206
45 22 1014
45 23 189
45 24 537
45 25 563
45 26 840
45 27 806
45 28 1142
45 29 691
45 30 240
45 31 1094
45 32 643
45 33 192
45 34 1046
45 35 595
45 36 144
45 37 998
45 38 547
45 39 96
45 40 950
45 41 499
45 42 48
45 43 902
45 44 451
45 45 0
45 46 1262
46 0 0
46 1 747
46 2 631
46 3 933
46 4 955
46 5 574
46 6 196
46 7 300
46 8 652
46 9 933
46 10 479
46 11 946
46 12 378
46 13 183
46 14 326
46 15 764
46 16 582
46 17 361
46 18 777
46 19 1042
46 20 751
46 21 1056
46 22 248
46 23 1073
46 24 725
46 25 699
46 26 422
46 27 456
46 28 120
46 29 571
46 30 1022
46 31 168
46 32 619
46 33 1070
46 34 216
46 35 667
46 36 1118
46 37 264
46 38 715
46 39 1166
46 40 312
46 41 763
46 42 1214
46 43 360
46 44 811
46 45 1262
46 46 0
//Location coordinates LocationName
//Loc x y
0 0.0 0.0 "depot"
1 48.0 699.0 "product aisle 1 bloc 1 rank 16"
2 240.0 391.0 "product aisle 5 bloc 0 rank 38"
3 0.0 933.0 "product aisle 0 bloc 1 rank 52"
4 48.0 907.0 "product aisle 1 bloc 1 rank 48"
5 144.0 430.0 "product aisle 3 bloc 0 rank 44"
6 0.0 196.0 "product aisle 0 bloc 0 rank 7"
7 0.0 300.0 "product aisle 0 bloc 0 rank 24"
8 144.0 508.0 "product aisle 3 bloc 0 rank 55"
9 0.0 933.0 "product aisle 0 bloc 1 rank 51"
10 192.0 287.0 "product aisle 4 bloc 0 rank 22"
11 0.0 946.0 "product aisle 0 bloc 1 rank 53"
12 0.0 378.0 "product aisle 0 bloc 0 rank 36"
13 0.0 183.0 "product aisle 0 bloc 0 rank 6"
14 0.0 326.0 "product aisle 0 bloc 0 rank 27"
15 0.0 764.0 "product aisle 0 bloc 1 rank 25"
16 48.0 534.0 "product aisle 1 bloc 0 rank 60"
17 48.0 313.0 "product aisle 1 bloc 0 rank 25"
18 0.0 777.0 "product aisle 0 bloc 1 rank 27"
19 96.0 946.0 "product aisle 2 bloc 1 rank 53"
20 0.0 751.0 "product aisle 0 bloc 1 rank 24"
21 240.0 816.0 "product aisle 5 bloc 1 rank 33"
22 0.0 248.0 "product aisle 0 bloc 0 rank 15"
23 192.0 881.0 "product aisle 4 bloc 1 rank 43"
24 0.0 725.0 "product aisle 0 bloc 1 rank 20"
25 0.0 699.0 "product aisle 0 bloc 1 rank 15"
26 96.0 326.0 "product aisle 2 bloc 0 rank 28"
27 0.0 456.0 "product aisle 0 bloc 0 rank 48"
28 24.0 120.0 "intersection aisle 0 bloc 0 rank 0"
29 24.0 571.0 "intersection aisle 0 bloc 1 rank 1"
30 24.0 1022.0 "intersection aisle 0 bloc 2 rank 2"
31 72.0 120.0 "intersection aisle 1 bloc 0 rank 0"
32 72.0 571.0 "intersection aisle 1 bloc 1 rank 1"
33 72.0 1022.0 "intersection aisle 1 bloc 2 rank 2"
34 120.0 120.0 "intersection aisle 2 bloc 0 rank 0"
35 120.0 571.0 "intersection aisle 2 bloc 1 rank 1"
36 120.0 1022.0 "intersection aisle 2 bloc 2 rank 2"
37 168.0 120.0 "intersection aisle 3 bloc 0 rank 0"
38 168.0 571.0 "intersection aisle 3 bloc 1 rank 1"
39 168.0 1022.0 "intersection aisle 3 bloc 2 rank 2"
40 216.0 120.0 "intersection aisle 4 bloc 0 rank 0"
41 216.0 571.0 "intersection aisle 4 bloc 1 rank 1"
42 216.0 1022.0 "intersection aisle 4 bloc 2 rank 2"
43 264.0 120.0 "intersection aisle 5 bloc 0 rank 0"
44 264.0 571.0 "intersection aisle 5 bloc 1 rank 1"
45 264.0 1022.0 "intersection aisle 5 bloc 2 rank 2"
46 0.0 0.0 "depot"
