//alpha
1
//NbLocations
62
//NbProducts
25
//NbPickers
2
//CapaPicker
4
//TimeToTravelOneDistanceUnit
3
//SetupTime
5400
//PickTime
300
//Products
//Idx Location Size
1 1 1
2 2 1
3 3 1
4 4 1
5 5 1
6 6 1
7 7 1
8 8 1
9 9 1
10 10 1
11 11 1
12 12 1
13 13 1
14 14 1
15 15 1
16 16 1
17 17 1
18 18 1
19 19 1
20 20 1
21 21 1
22 22 1
23 23 1
24 24 1
25 25 1
//Orders
//NbOrders
12
//Idx DueDate TardinessPenalty NbProdInOrder ProdIdx1 Qty1 ProdIdx2 Qty2 ...
1 144000 0 1 1 1
2 144000 0 1 2 1
3 126000 0 4 3 1 4 1 5 1 6 1
4 90000 0 2 7 1 8 1
5 126000 0 1 9 1
6 72000 0 1 10 1
7 126000 0 1 11 1
8 90000 0 4 12 1 13 1 14 1 15 1
9 108000 0 1 16 1
10 54000 0 4 17 1 18 1 19 1 20 1
11 90000 0 3 21 1 22 1 23 1
12 90000 0 2 24 1 25 1
//Graph (Products are vertices indexed from 1 to NbProducts)
//NbVerticesIntersections
36
//DepartingDepot
0
//ArrivalDepot
62
//Arcs
//Start End Distance
0 26 120
1 19 65
1 41 37
2 32 128
2 33 713
3 48 89
3 49 752
4 16 0
4 20 52
5 44 63
5 45 778
6 23 143
6 54 63
7 35 115
7 36 726
8 12 611
8 42 89
9 56 37
9 57 804
10 21 117
10 51 583
11 17 260
11 45 63
12 8 611
12 43 141
13 51 37
13 52 804
14 16 104
14 37 635
15 24 273
15 31 492
16 4 0
16 14 104
17 11 260
17 46 518
18 39 76
18 40 765
19 1 65
19 42 739
20 4 52
20 36 50
21 10 117
21 50 141
22 53 271
22 54 570
23 6 143
23 55 635
24 15 273
24 30 76
25 57 466
25 58 375
26 27 841
26 29 48
26 62 120
27 26 841
27 28 841
27 30 48
28 27 841
28 31 48
29 26 48
29 30 841
29 32 48
30 24 76
30 27 48
30 29 841
30 33 48
31 15 492
31 28 48
31 34 48
32 2 128
32 29 48
32 35 48
33 2 713
33 30 48
33 34 841
33 36 48
34 31 48
34 33 841
34 37 48
35 7 115
35 32 48
35 38 48
36 7 726
36 20 50
36 33 48
36 39 48
37 14 635
37 34 48
37 40 48
38 35 48
38 39 841
38 41 48
39 18 76
39 36 48
39 38 841
39 42 48
40 18 765
40 37 48
40 43 48
41 1 37
41 38 48
41 44 48
42 8 89
42 19 739
42 39 48
42 45 48
43 12 141
43 40 48
43 46 48
44 5 63
44 41 48
44 47 48
45 5 778
45 11 63
45 42 48
45 48 48
46 17 518
46 43 48
46 49 48
47 44 48
47 48 841
47 50 48
48 3 89
48 45 48
48 47 841
48 51 48
49 3 752
49 46 48
49 52 48
50 21 141
50 47 48
50 53 48
51 10 583
51 13 37
51 48 48
51 54 48
52 13 804
52 49 48
52 55 48
53 22 271
53 50 48
53 56 48
54 6 63
54 22 570
54 51 48
54 57 48
55 23 635
55 52 48
55 58 48
56 9 37
56 53 48
56 59 48
57 9 804
57 25 466
57 54 48
57 60 48
58 25 375
58 55 48
58 61 48
59 56 48
59 60 841
60 57 48
60 59 841
60 61 841
61 58 48
61 60 841
//LocStart LocEnd ShortestPath
0 0 0
0 1 397
0 2 344
0 3 1386
0 4 1207
0 5 471
0 6 1456
0 7 379
0 8 1290
0 9 637
0 10 762
0 11 1312
0 12 1901
0 13 1382
0 14 1311
0 15 1358
0 16 1207
0 17 1572
0 18 1229
0 19 462
0 20 1155
0 21 645
0 22 823
0 23 1599
0 24 1085
0 25 1907
0 26 120
0 27 961
0 28 1802
0 29 168
0 30 1009
0 31 1850
0 32 216
0 33 1057
0 34 1898
0 35 264
0 36 1105
0 37 1946
0 38 312
0 39 1153
0 40 1994
0 41 360
0 42 1201
0 43 2042
0 44 408
0 45 1249
0 46 2090
0 47 456
0 48 1297
0 49 2138
0 50 504
0 51 1345
0 52 2186
0 53 552
0 54 1393
0 55 2234
0 56 600
0 57 1441
0 58 2282
0 59 648
0 60 1489
0 61 2330
0 62 0
1 0 397
1 1 0
1 2 309
1 3 989
1 4 1002
1 5 148
1 6 1059
1 7 248
1 8 893
1 9 314
1 10 439
1 11 915
1 12 1504
1 13 985
1 14 1106
1 15 1345
1 16 1002
1 17 1175
1 18 928
1 19 65
1 20 950
1 21 322
1 22 500
1 23 1202
1 24 1072
1 25 1510
1 26 277
1 27 1044
1 28 1885
1 29 229
1 30 996
1 31 1837
1 32 181
1 33 948
1 34 1789
1 35 133
1 36 900
1 37 1741
1 38 85
1 39 852
1 40 1693
1 41 37
1 42 804
1 43 1645
1 44 85
1 45 852
1 46 1693
1 47 133
1 48 900
1 49 1741
1 50 181
1 51 948
1 52 1789
1 53 229
1 54 996
1 55 1837
1 56 277
1 57 1044
1 58 1885
1 59 325
1 60 1092
1 61 1933
1 62 397
2 0 344
2 1 309
2 2 0
2 3 1042
2 4 863
2 5 383
2 6 1112
2 7 291
2 8 946
2 9 549
2 10 674
2 11 968
2 12 1557
2 13 1038
2 14 967
2 15 1110
2 16 863
2 17 1228
2 18 885
2 19 374
2 20 811
2 21 557
2 22 735
2 23 1255
2 24 837
2 25 1563
2 26 224
2 27 809
2 28 1650
2 29 176
2 30 761
2 31 1602
2 32 128
2 33 713
2 34 1554
2 35 176
2 36 761
2 37 1602
2 38 224
2 39 809
2 40 1650
2 41 272
2 42 857
2 43 1698
2 44 320
2 45 905
2 46 1746
2 47 368
2 48 953
2 49 1794
2 50 416
2 51 1001
2 52 1842
2 53 464
2 54 1049
2 55 1890
2 56 512
2 57 1097
2 58 1938
2 59 560
2 60 1145
2 61 1986
2 62 344
3 0 1386
3 1 989
3 2 1042
3 3 0
3 4 383
3 5 915
3 6 248
3 7 1007
3 8 274
3 9 1037
3 10 720
3 11 200
3 12 885
3 13 174
3 14 487
3 15 726
3 16 383
3 17 460
3 18 309
3 19 924
3 20 331
3 21 837
3 22 755
3 23 391
3 24 453
3 25 699
3 26 1266
3 27 425
3 28 1088
3 29 1218
3 30 377
3 31 1040
3 32 1170
3 33 329
3 34 992
3 35 1122
3 36 281
3 37 944
3 38 1074
3 39 233
3 40 896
3 41 1026
3 42 185
3 43 848
3 44 978
3 45 137
3 46 800
3 47 930
3 48 89
3 49 752
3 50 978
3 51 137
3 52 800
3 53 1026
3 54 185
3 55 848
3 56 1074
3 57 233
3 58 896
3 59 1122
3 60 281
3 61 944
3 62 1386
4 0 1207
4 1 1002
4 2 863
4 3 383
4 4 0
4 5 1024
4 6 453
4 7 828
4 8 287
4 9 1242
4 10 925
4 11 309
4 12 898
4 13 379
4 14 104
4 15 547
4 16 0
4 17 569
4 18 226
4 19 937
4 20 52
4 21 1042
4 22 960
4 23 596
4 24 274
4 25 904
4 26 1087
4 27 246
4 28 883
4 29 1039
4 30 198
4 31 835
4 32 991
4 33 150
4 34 787
4 35 943
4 36 102
4 37 739
4 38 991
4 39 150
4 40 787
4 41 1039
4 42 198
4 43 835
4 44 1087
4 45 246
4 46 883
4 47 1135
4 48 294
4 49 931
4 50 1183
4 51 342
4 52 979
4 53 1231
4 54 390
4 55 1027
4 56 1279
4 57 438
4 58 1075
4 59 1327
4 60 486
4 61 1123
4 62 1207
5 0 471
5 1 148
5 2 383
5 3 915
5 4 1024
5 5 0
5 6 985
5 7 322
5 8 915
5 9 292
5 10 417
5 11 841
5 12 1526
5 13 911
5 14 1128
5 15 1367
5 16 1024
5 17 1101
5 18 950
5 19 213
5 20 972
5 21 300
5 22 478
5 23 1128
5 24 1094
5 25 1436
5 26 351
5 27 1066
5 28 1907
5 29 303
5 30 1018
5 31 1859
5 32 255
5 33 970
5 34 1811
5 35 207
5 36 922
5 37 1763
5 38 159
5 39 874
5 40 1715
5 41 111
5 42 826
5 43 1667
5 44 63
5 45 778
5 46 1619
5 47 111
5 48 826
5 49 1667
5 50 159
5 51 874
5 52 1715
5 53 207
5 54 922
5 55 1763
5 56 255
5 57 970
5 58 1811
5 59 303
5 60 1018
5 61 1859
5 62 471
6 0 1456
6 1 1059
6 2 1112
6 3 248
6 4 453
6 5 985
6 6 0
6 7 1077
6 8 344
6 9 915
6 10 694
6 11 270
6 12 955
6 13 148
6 14 557
6 15 796
6 16 453
6 17 530
6 18 379
6 19 994
6 20 401
6 21 811
6 22 633
6 23 143
6 24 523
6 25 577
6 26 1336
6 27 495
6 28 1210
6 29 1288
6 30 447
6 31 1162
6 32 1240
6 33 399
6 34 1114
6 35 1192
6 36 351
6 37 1066
6 38 1144
6 39 303
6 40 1018
6 41 1096
6 42 255
6 43 970
6 44 1048
6 45 207
6 46 922
6 47 1000
6 48 159
6 49 874
6 50 952
6 51 111
6 52 826
6 53 904
6 54 63
6 55 778
6 56 952
6 57 111
6 58 826
6 59 1000
6 60 159
6 61 874
6 62 1456
7 0 379
7 1 248
7 2 291
7 3 1007
7 4 828
7 5 322
7 6 1077
7 7 0
7 8 911
7 9 488
7 10 613
7 11 933
7 12 1522
7 13 1003
7 14 932
7 15 1171
7 16 828
7 17 1193
7 18 850
7 19 313
7 20 776
7 21 496
7 22 674
7 23 1220
7 24 898
7 25 1528
7 26 259
7 27 870
7 28 1711
7 29 211
7 30 822
7 31 1663
7 32 163
7 33 774
7 34 1615
7 35 115
7 36 726
7 37 1567
7 38 163
7 39 774
7 40 1615
7 41 211
7 42 822
7 43 1663
7 44 259
7 45 870
7 46 1711
7 47 307
7 48 918
7 49 1759
7 50 355
7 51 966
7 52 1807
7 53 403
7 54 1014
7 55 1855
7 56 451
7 57 1062
7 58 1903
7 59 499
7 60 1110
7 61 1951
7 62 379
8 0 1290
8 1 893
8 2 946
8 3 274
8 4 287
8 5 915
8 6 344
8 7 911
8 8 0
8 9 1133
8 10 816
8 11 200
8 12 611
8 13 270
8 14 391
8 15 630
8 16 287
8 17 460
8 18 213
8 19 828
8 20 235
8 21 933
8 22 851
8 23 487
8 24 357
8 25 795
8 26 1170
8 27 329
8 28 992
8 29 1122
8 30 281
8 31 944
8 32 1074
8 33 233
8 34 896
8 35 1026
8 36 185
8 37 848
8 38 978
8 39 137
8 40 800
8 41 930
8 42 89
8 43 752
8 44 978
8 45 137
8 46 800
8 47 1026
8 48 185
8 49 848
8 50 1074
8 51 233
8 52 896
8 53 1122
8 54 281
8 55 944
8 56 1170
8 57 329
8 58 992
8 59 1218
8 60 377
8 61 1040
8 62 1290
9 0 637
9 1 314
9 2 549
9 3 1037
9 4 1242
9 5 292
9 6 915
9 7 488
9 8 1133
9 9 0
9 10 391
9 11 1059
9 12 1744
9 13 937
9 14 1346
9 15 1585
9 16 1242
9 17 1319
9 18 1168
9 19 379
9 20 1190
9 21 274
9 22 356
9 23 1058
9 24 1312
9 25 1270
9 26 517
9 27 1284
9 28 2125
9 29 469
9 30 1236
9 31 2077
9 32 421
9 33 1188
9 34 2029
9 35 373
9 36 1140
9 37 1981
9 38 325
9 39 1092
9 40 1933
9 41 277
9 42 1044
9 43 1885
9 44 229
9 45 996
9 46 1837
9 47 181
9 48 948
9 49 1789
9 50 133
9 51 900
9 52 1741
9 53 85
9 54 852
9 55 1693
9 56 37
9 57 804
9 58 1645
9 59 85
9 60 852
9 61 1693
9 62 637
10 0 762
10 1 439
10 2 674
10 3 720
10 4 925
10 5 417
10 6 694
10 7 613
10 8 816
10 9 391
10 10 0
10 11 742
10 12 1427
10 13 620
10 14 1029
10 15 1268
10 16 925
10 17 1002
10 18 851
10 19 504
10 20 873
10 21 117
10 22 577
10 23 837
10 24 995
10 25 1145
10 26 642
10 27 967
10 28 1808
10 29 594
10 30 919
10 31 1760
10 32 546
10 33 871
10 34 1712
10 35 498
10 36 823
10 37 1664
10 38 450
10 39 775
10 40 1616
10 41 402
10 42 727
10 43 1568
10 44 354
10 45 679
10 46 1520
10 47 306
10 48 631
10 49 1472
10 50 258
10 51 583
10 52 1424
10 53 306
10 54 631
10 55 1472
10 56 354
10 57 679
10 58 1520
10 59 402
10 60 727
10 61 1568
10 62 762
11 0 1312
11 1 915
11 2 968
11 3 200
11 4 309
11 5 841
11 6 270
11 7 933
11 8 200
11 9 1059
11 10 742
11 11 0
11 12 811
11 13 196
11 14 413
11 15 652
11 16 309
11 17 260
11 18 235
11 19 850
11 20 257
11 21 859
11 22 777
11 23 413
11 24 379
11 25 721
11 26 1192
11 27 351
11 28 1066
11 29 1144
11 30 303
11 31 1018
11 32 1096
11 33 255
11 34 970
11 35 1048
11 36 207
11 37 922
11 38 1000
11 39 159
11 40 874
11 41 952
11 42 111
11 43 826
11 44 904
11 45 63
11 46 778
11 47 952
11 48 111
11 49 826
11 50 1000
11 51 159
11 52 874
11 53 1048
11 54 207
11 55 922
11 56 1096
11 57 255
11 58 970
11 59 1144
11 60 303
11 61 1018
11 62 1312
12 0 1901
12 1 1504
12 2 1557
12 3 885
12 4 898
12 5 1526
12 6 955
12 7 1522
12 8 611
12 9 1744
12 10 1427
12 11 811
12 12 0
12 13 881
12 14 872
12 15 825
12 16 898
12 17 707
12 18 824
12 19 1439
12 20 846
12 21 1544
12 22 1462
12 23 968
12 24 968
12 25 756
12 26 1781
12 27 940
12 28 381
12 29 1733
12 30 892
12 31 333
12 32 1685
12 33 844
12 34 285
12 35 1637
12 36 796
12 37 237
12 38 1589
12 39 748
12 40 189
12 41 1541
12 42 700
12 43 141
12 44 1589
12 45 748
12 46 189
12 47 1637
12 48 796
12 49 237
12 50 1685
12 51 844
12 52 285
12 53 1733
12 54 892
12 55 333
12 56 1781
12 57 940
12 58 381
12 59 1829
12 60 988
12 61 429
12 62 1901
13 0 1382
13 1 985
13 2 1038
13 3 174
13 4 379
13 5 911
13 6 148
13 7 1003
13 8 270
13 9 937
13 10 620
13 11 196
13 12 881
13 13 0
13 14 483
13 15 722
13 16 379
13 17 456
13 18 305
13 19 920
13 20 327
13 21 737
13 22 655
13 23 291
13 24 449
13 25 599
13 26 1262
13 27 421
13 28 1188
13 29 1214
13 30 373
13 31 1140
13 32 1166
13 33 325
13 34 1092
13 35 1118
13 36 277
13 37 1044
13 38 1070
13 39 229
13 40 996
13 41 1022
13 42 181
13 43 948
13 44 974
13 45 133
13 46 900
13 47 926
13 48 85
13 49 852
13 50 878
13 51 37
13 52 804
13 53 926
13 54 85
13 55 852
13 56 974
13 57 133
13 58 900
13 59 1022
13 60 181
13 61 948
13 62 1382
14 0 1311
14 1 1106
14 2 967
14 3 487
14 4 104
14 5 1128
14 6 557
14 7 932
14 8 391
14 9 1346
14 10 1029
14 11 413
14 12 872
14 13 483
14 14 0
14 15 651
14 16 104
14 17 673
14 18 330
14 19 1041
14 20 156
14 21 1146
14 22 1064
14 23 700
14 24 378
14 25 1008
14 26 1191
14 27 350
14 28 779
14 29 1143
14 30 302
14 31 731
14 32 1095
14 33 254
14 34 683
14 35 1047
14 36 206
14 37 635
14 38 1095
14 39 254
14 40 683
14 41 1143
14 42 302
14 43 731
14 44 1191
14 45 350
14 46 779
14 47 1239
14 48 398
14 49 827
14 50 1287
14 51 446
14 52 875
14 53 1335
14 54 494
14 55 923
14 56 1383
14 57 542
14 58 971
14 59 1431
14 60 590
14 61 1019
14 62 1311
15 0 1358
15 1 1345
15 2 1110
15 3 726
15 4 547
15 5 1367
15 6 796
15 7 1171
15 8 630
15 9 1585
15 10 1268
15 11 652
15 12 825
15 13 722
15 14 651
15 15 0
15 16 547
15 17 912
15 18 569
15 19 1280
15 20 495
15 21 1385
15 22 1303
15 23 939
15 24 273
15 25 1247
15 26 1238
15 27 397
15 28 540
15 29 1190
15 30 349
15 31 492
15 32 1238
15 33 397
15 34 540
15 35 1286
15 36 445
15 37 588
15 38 1334
15 39 493
15 40 636
15 41 1382
15 42 541
15 43 684
15 44 1430
15 45 589
15 46 732
15 47 1478
15 48 637
15 49 780
15 50 1526
15 51 685
15 52 828
15 53 1574
15 54 733
15 55 876
15 56 1622
15 57 781
15 58 924
15 59 1670
15 60 829
15 61 972
15 62 1358
16 0 1207
16 1 1002
16 2 863
16 3 383
16 4 0
16 5 1024
16 6 453
16 7 828
16 8 287
16 9 1242
16 10 925
16 11 309
16 12 898
16 13 379
16 14 104
16 15 547
16 16 0
16 17 569
16 18 226
16 19 937
16 20 52
16 21 1042
16 22 960
16 23 596
16 24 274
16 25 904
16 26 1087
16 27 246
16 28 883
16 29 1039
16 30 198
16 31 835
16 32 991
16 33 150
16 34 787
16 35 943
16 36 102
16 37 739
16 38 991
16 39 150
16 40 787
16 41 1039
16 42 198
16 43 835
16 44 1087
16 45 246
16 46 883
16 47 1135
16 48 294
16 49 931
16 50 1183
16 51 342
16 52 979
16 53 1231
16 54 390
16 55 1027
16 56 1279
16 57 438
16 58 1075
16 59 1327
16 60 486
16 61 1123
16 62 1207
17 0 1572
17 1 1175
17 2 1228
17 3 460
17 4 569
17 5 1101
17 6 530
17 7 1193
17 8 460
17 9 1319
17 10 1002
17 11 260
17 12 707
17 13 456
17 14 673
17 15 912
17 16 569
17 17 0
17 18 495
17 19 1110
17 20 517
17 21 1119
17 22 1037
17 23 673
17 24 639
17 25 981
17 26 1452
17 27 611
17 28 806
17 29 1404
17 30 563
17 31 758
17 32 1356
17 33 515
17 34 710
17 35 1308
17 36 467
17 37 662
17 38 1260
17 39 419
17 40 614
17 41 1212
17 42 371
17 43 566
17 44 1164
17 45 323
17 46 518
17 47 1212
17 48 371
17 49 566
17 50 1260
17 51 419
17 52 614
17 53 1308
17 54 467
17 55 662
17 56 1356
17 57 515
17 58 710
17 59 1404
17 60 563
17 61 758
17 62 1572
18 0 1229
18 1 928
18 2 885
18 3 309
18 4 226
18 5 950
18 6 379
18 7 850
18 8 213
18 9 1168
18 10 851
18 11 235
18 12 824
18 13 305
18 14 330
18 15 569
18 16 226
18 17 495
18 18 0
18 19 863
18 20 174
18 21 968
18 22 886
18 23 522
18 24 296
18 25 830
18 26 1109
18 27 268
18 28 957
18 29 1061
18 30 220
18 31 909
18 32 1013
18 33 172
18 34 861
18 35 965
18 36 124
18 37 813
18 38 917
18 39 76
18 40 765
18 41 965
18 42 124
18 43 813
18 44 1013
18 45 172
18 46 861
18 47 1061
18 48 220
18 49 909
18 50 1109
18 51 268
18 52 957
18 53 1157
18 54 316
18 55 1005
18 56 1205
18 57 364
18 58 1053
18 59 1253
18 60 412
18 61 1101
18 62 1229
19 0 462
19 1 65
19 2 374
19 3 924
19 4 937
19 5 213
19 6 994
19 7 313
19 8 828
19 9 379
19 10 504
19 11 850
19 12 1439
19 13 920
19 14 1041
19 15 1280
19 16 937
19 17 1110
19 18 863
19 19 0
19 20 885
19 21 387
19 22 565
19 23 1137
19 24 1007
19 25 1445
19 26 342
19 27 979
19 28 1820
19 29 294
19 30 931
19 31 1772
19 32 246
19 33 883
19 34 1724
19 35 198
19 36 835
19 37 1676
19 38 150
19 39 787
19 40 1628
19 41 102
19 42 739
19 43 1580
19 44 150
19 45 787
19 46 1628
19 47 198
19 48 835
19 49 1676
19 50 246
19 51 883
19 52 1724
19 53 294
19 54 931
19 55 1772
19 56 342
19 57 979
19 58 1820
19 59 390
19 60 1027
19 61 1868
19 62 462
20 0 1155
20 1 950
20 2 811
20 3 331
20 4 52
20 5 972
20 6 401
20 7 776
20 8 235
20 9 1190
20 10 873
20 11 257
20 12 846
20 13 327
20 14 156
20 15 495
20 16 52
20 17 517
20 18 174
20 19 885
20 20 0
20 21 990
20 22 908
20 23 544
20 24 222
20 25 852
20 26 1035
20 27 194
20 28 935
20 29 987
20 30 146
20 31 887
20 32 939
20 33 98
20 34 839
20 35 891
20 36 50
20 37 791
20 38 939
20 39 98
20 40 839
20 41 987
20 42 146
20 43 887
20 44 1035
20 45 194
20 46 935
20 47 1083
20 48 242
20 49 983
20 50 1131
20 51 290
20 52 1031
20 53 1179
20 54 338
20 55 1079
20 56 1227
20 57 386
20 58 1127
20 59 1275
20 60 434
20 61 1175
20 62 1155
21 0 645
21 1 322
21 2 557
21 3 837
21 4 1042
21 5 300
21 6 811
21 7 496
21 8 933
21 9 274
21 10 117
21 11 859
21 12 1544
21 13 737
21 14 1146
21 15 1385
21 16 1042
21 17 1119
21 18 968
21 19 387
21 20 990
21 21 0
21 22 460
21 23 954
21 24 1112
21 25 1262
21 26 525
21 27 1084
21 28 1925
21 29 477
21 30 1036
21 31 1877
21 32 429
21 33 988
21 34 1829
21 35 381
21 36 940
21 37 1781
21 38 333
21 39 892
21 40 1733
21 41 285
21 42 844
21 43 1685
21 44 237
21 45 796
21 46 1637
21 47 189
21 48 748
21 49 1589
21 50 141
21 51 700
21 52 1541
21 53 189
21 54 748
21 55 1589
21 56 237
21 57 796
21 58 1637
21 59 285
21 60 844
21 61 1685
21 62 645
22 0 823
22 1 500
22 2 735
22 3 755
22 4 960
22 5 478
22 6 633
22 7 674
22 8 851
22 9 356
22 10 577
22 11 777
22 12 1462
22 13 655
22 14 1064
22 15 1303
22 16 960
22 17 1037
22 18 886
22 19 565
22 20 908
22 21 460
22 22 0
22 23 776
22 24 1030
22 25 1084
22 26 703
22 27 1002
22 28 1843
22 29 655
22 30 954
22 31 1795
22 32 607
22 33 906
22 34 1747
22 35 559
22 36 858
22 37 1699
22 38 511
22 39 810
22 40 1651
22 41 463
22 42 762
22 43 1603
22 44 415
22 45 714
22 46 1555
22 47 367
22 48 666
22 49 1507
22 50 319
22 51 618
22 52 1459
22 53 271
22 54 570
22 55 1411
22 56 319
22 57 618
22 58 1459
22 59 367
22 60 666
22 61 1507
22 62 823
23 0 1599
23 1 1202
23 2 1255
23 3 391
23 4 596
23 5 1128
23 6 143
23 7 1220
23 8 487
23 9 1058
23 10 837
23 11 413
23 12 968
23 13 291
23 14 700
23 15 939
23 16 596
23 17 673
23 18 522
23 19 1137
23 20 544
23 21 954
23 22 776
23 23 0
23 24 666
23 25 720
23 26 1479
23 27 638
23 28 1067
23 29 1431
23 30 590
23 31 1019
23 32 1383
23 33 542
23 34 971
23 35 1335
23 36 494
23 37 923
23 38 1287
23 39 446
23 40 875
23 41 1239
23 42 398
23 43 827
23 44 1191
23 45 350
23 46 779
23 47 1143
23 48 302
23 49 731
23 50 1095
23 51 254
23 52 683
23 53 1047
23 54 206
23 55 635
23 56 1095
23 57 254
23 58 683
23 59 1143
23 60 302
23 61 731
23 62 1599
24 0 1085
24 1 1072
24 2 837
24 3 453
24 4 274
24 5 1094
24 6 523
24 7 898
24 8 357
24 9 1312
24 10 995
24 11 379
24 12 968
24 13 449
24 14 378
24 15 273
24 16 274
24 17 639
24 18 296
24 19 1007
24 20 222
24 21 1112
24 22 1030
24 23 666
24 24 0
24 25 974
24 26 965
24 27 124
24 28 813
24 29 917
24 30 76
24 31 765
24 32 965
24 33 124
24 34 813
24 35 1013
24 36 172
24 37 861
24 38 1061
24 39 220
24 40 909
24 41 1109
24 42 268
24 43 957
24 44 1157
24 45 316
24 46 1005
24 47 1205
24 48 364
24 49 1053
24 50 1253
24 51 412
24 52 1101
24 53 1301
24 54 460
24 55 1149
24 56 1349
24 57 508
24 58 1197
24 59 1397
24 60 556
24 61 1245
24 62 1085
25 0 1907
25 1 1510
25 2 1563
25 3 699
25 4 904
25 5 1436
25 6 577
25 7 1528
25 8 795
25 9 1270
25 10 1145
25 11 721
25 12 756
25 13 599
25 14 1008
25 15 1247
25 16 904
25 17 981
25 18 830
25 19 1445
25 20 852
25 21 1262
25 22 1084
25 23 720
25 24 974
25 25 0
25 26 1787
25 27 946
25 28 855
25 29 1739
25 30 898
25 31 807
25 32 1691
25 33 850
25 34 759
25 35 1643
25 36 802
25 37 711
25 38 1595
25 39 754
25 40 663
25 41 1547
25 42 706
25 43 615
25 44 1499
25 45 658
25 46 567
25 47 1451
25 48 610
25 49 519
25 50 1403
25 51 562
25 52 471
25 53 1355
25 54 514
25 55 423
25 56 1307
25 57 466
25 58 375
25 59 1355
25 60 514
25 61 423
25 62 1907
26 0 120
26 1 277
26 2 224
26 3 1266
26 4 1087
26 5 351
26 6 1336
26 7 259
26 8 1170
26 9 517
26 10 642
26 11 1192
26 12 1781
26 13 1262
26 14 1191
26 15 1238
26 16 1087
26 17 1452
26 18 1109
26 19 342
26 20 1035
26 21 525
26 22 703
26 23 1479
26 24 965
26 25 1787
26 26 0
26 27 841
26 28 1682
26 29 48
26 30 889
26 31 1730
26 32 96
26 33 937
26 34 1778
26 35 144
26 36 985
26 37 1826
26 38 192
26 39 1033
26 40 1874
26 41 240
26 42 1081
26 43 1922
26 44 288
26 45 1129
26 46 1970
26 47 336
26 48 1177
26 49 2018
26 50 384
26 51 1225
26 52 2066
26 53 432
26 54 1273
26 55 2114
26 56 480
26 57 1321
26 58 2162
26 59 528
26 60 1369
26 61 2210
26 62 120
27 0 961
27 1 1044
27 2 809
27 3 425
27 4 246
27 5 1066
27 6 495
27 7 870
27 8 329
27 9 1284
27 10 967
27 11 351
27 12 940
27 13 421
27 14 350
27 15 397
27 16 246
27 17 611
27 18 268
27 19 979
27 20 194
27 21 1084
27 22 1002
27 23 638
27 24 124
27 25 946
27 26 841
27 27 0
27 28 841
27 29 889
27 30 48
27 31 889
27 32 937
27 33 96
27 34 937
27 35 985
27 36 144
27 37 985
27 38 1033
27 39 192
27 40 1033
27 41 1081
27 42 240
27 43 1081
27 44 1129
27 45 288
27 46 1129
27 47 1177
27 48 336
27 49 1177
27 50 1225
27 51 384
27 52 1225
27 53 1273
27 54 432
27 55 1273
27 56 1321
27 57 480
27 58 1321
27 59 1369
27 60 528
27 61 1369
27 62 961
28 0 1802
28 1 1885
28 2 1650
28 3 1088
28 4 883
28 5 1907
28 6 1210
28 7 1711
28 8 992
28 9 2125
28 10 1808
28 11 1066
28 12 381
28 13 1188
28 14 779
28 15 540
28 16 883
28 17 806
28 18 957
28 19 1820
28 20 935
28 21 1925
28 22 1843
28 23 1067
28 24 813
28 25 855
28 26 1682
28 27 841
28 28 0
28 29 1730
28 30 889
28 31 48
28 32 1778
28 33 937
28 34 96
28 35 1826
28 36 985
28 37 144
28 38 1874
28 39 1033
28 40 192
28 41 1922
28 42 1081
28 43 240
28 44 1970
28 45 1129
28 46 288
28 47 2018
28 48 1177
28 49 336
28 50 2066
28 51 1225
28 52 384
28 53 2114
28 54 1273
28 55 432
28 56 2162
28 57 1321
28 58 480
28 59 2210
28 60 1369
28 61 528
28 62 1802
29 0 168
29 1 229
29 2 176
29 3 1218
29 4 1039
29 5 303
29 6 1288
29 7 211
29 8 1122
29 9 469
29 10 594
29 11 1144
29 12 1733
29 13 1214
29 14 1143
29 15 1190
29 16 1039
29 17 1404
29 18 1061
29 19 294
29 20 987
29 21 477
29 22 655
29 23 1431
29 24 917
29 25 1739
29 26 48
29 27 889
29 28 1730
29 29 0
29 30 841
29 31 1682
29 32 48
29 33 889
29 34 1730
29 35 96
29 36 937
29 37 1778
29 38 144
29 39 985
29 40 1826
29 41 192
29 42 1033
29 43 1874
29 44 240
29 45 1081
29 46 1922
29 47 288
29 48 1129
29 49 1970
29 50 336
29 51 1177
29 52 2018
29 53 384
29 54 1225
29 55 2066
29 56 432
29 57 1273
29 58 2114
29 59 480
29 60 1321
29 61 2162
29 62 168
30 0 1009
30 1 996
30 2 761
30 3 377
30 4 198
30 5 1018
30 6 447
30 7 822
30 8 281
30 9 1236
30 10 919
30 11 303
30 12 892
30 13 373
30 14 302
30 15 349
30 16 198
30 17 563
30 18 220
30 19 931
30 20 146
30 21 1036
30 22 954
30 23 590
30 24 76
30 25 898
30 26 889
30 27 48
30 28 889
30 29 841
30 30 0
30 31 841
30 32 889
30 33 48
30 34 889
30 35 937
30 36 96
30 37 937
30 38 985
30 39 144
30 40 985
30 41 1033
30 42 192
30 43 1033
30 44 1081
30 45 240
30 46 1081
30 47 1129
30 48 288
30 49 1129
30 50 1177
30 51 336
30 52 1177
30 53 1225
30 54 384
30 55 1225
30 56 1273
30 57 432
30 58 1273
30 59 1321
30 60 480
30 61 1321
30 62 1009
31 0 1850
31 1 1837
31 2 1602
31 3 1040
31 4 835
31 5 1859
31 6 1162
31 7 1663
31 8 944
31 9 2077
31 10 1760
31 11 1018
31 12 333
31 13 1140
31 14 731
31 15 492
31 16 835
31 17 758
31 18 909
31 19 1772
31 20 887
31 21 1877
31 22 1795
31 23 1019
31 24 765
31 25 807
31 26 1730
31 27 889
31 28 48
31 29 1682
31 30 841
31 31 0
31 32 1730
31 33 889
31 34 48
31 35 1778
31 36 937
31 37 96
31 38 1826
31 39 985
31 40 144
31 41 1874
31 42 1033
31 43 192
31 44 1922
31 45 1081
31 46 240
31 47 1970
31 48 1129
31 49 288
31 50 2018
31 51 1177
31 52 336
31 53 2066
31 54 1225
31 55 384
31 56 2114
31 57 1273
31 58 432
31 59 2162
31 60 1321
31 61 480
31 62 1850
32 0 216
32 1 181
32 2 128
32 3 1170
32 4 991
32 5 255
32 6 1240
32 7 163
32 8 1074
32 9 421
32 10 546
32 11 1096
32 12 1685
32 13 1166
32 14 1095
32 15 1238
32 16 991
32 17 1356
32 18 1013
32 19 246
32 20 939
32 21 429
32 22 607
32 23 1383
32 24 965
32 25 1691
32 26 96
32 27 937
32 28 1778
32 29 48
32 30 889
32 31 1730
32 32 0
32 33 841
32 34 1682
32 35 48
32 36 889
32 37 1730
32 38 96
32 39 937
32 40 1778
32 41 144
32 42 985
32 43 1826
32 44 192
32 45 1033
32 46 1874
32 47 240
32 48 1081
32 49 1922
32 50 288
32 51 1129
32 52 1970
32 53 336
32 54 1177
32 55 2018
32 56 384
32 57 1225
32 58 2066
32 59 432
32 60 1273
32 61 2114
32 62 216
33 0 1057
33 1 948
33 2 713
33 3 329
33 4 150
33 5 970
33 6 399
33 7 774
33 8 233
33 9 1188
33 10 871
33 11 255
33 12 844
33 13 325
33 14 254
33 15 397
33 16 150
33 17 515
33 18 172
33 19 883
33 20 98
33 21 988
33 22 906
33 23 542
33 24 124
33 25 850
33 26 937
33 27 96
33 28 937
33 29 889
33 30 48
33 31 889
33 32 841
33 33 0
33 34 841
33 35 889
33 36 48
33 37 889
33 38 937
33 39 96
33 40 937
33 41 985
33 42 144
33 43 985
33 44 1033
33 45 192
33 46 1033
33 47 1081
33 48 240
33 49 1081
33 50 1129
33 51 288
33 52 1129
33 53 1177
33 54 336
33 55 1177
33 56 1225
33 57 384
33 58 1225
33 59 1273
33 60 432
33 61 1273
33 62 1057
34 0 1898
34 1 1789
34 2 1554
34 3 992
34 4 787
34 5 1811
34 6 1114
34 7 1615
34 8 896
34 9 2029
34 10 1712
34 11 970
34 12 285
34 13 1092
34 14 683
34 15 540
34 16 787
34 17 710
34 18 861
34 19 1724
34 20 839
34 21 1829
34 22 1747
34 23 971
34 24 813
34 25 759
34 26 1778
34 27 937
34 28 96
34 29 1730
34 30 889
34 31 48
34 32 1682
34 33 841
34 34 0
34 35 1730
34 36 889
34 37 48
34 38 1778
34 39 937
34 40 96
34 41 1826
34 42 985
34 43 144
34 44 1874
34 45 1033
34 46 192
34 47 1922
34 48 1081
34 49 240
34 50 1970
34 51 1129
34 52 288
34 53 2018
34 54 1177
34 55 336
34 56 2066
34 57 1225
34 58 384
34 59 2114
34 60 1273
34 61 432
34 62 1898
35 0 264
35 1 133
35 2 176
35 3 1122
35 4 943
35 5 207
35 6 1192
35 7 115
35 8 1026
35 9 373
35 10 498
35 11 1048
35 12 1637
35 13 1118
35 14 1047
35 15 1286
35 16 943
35 17 1308
35 18 965
35 19 198
35 20 891
35 21 381
35 22 559
35 23 1335
35 24 1013
35 25 1643
35 26 144
35 27 985
35 28 1826
35 29 96
35 30 937
35 31 1778
35 32 48
35 33 889
35 34 1730
35 35 0
35 36 841
35 37 1682
35 38 48
35 39 889
35 40 1730
35 41 96
35 42 937
35 43 1778
35 44 144
35 45 985
35 46 1826
35 47 192
35 48 1033
35 49 1874
35 50 240
35 51 1081
35 52 1922
35 53 288
35 54 1129
35 55 1970
35 56 336
35 57 1177
35 58 2018
35 59 384
35 60 1225
35 61 2066
35 62 264
36 0 1105
36 1 900
36 2 761
36 3 281
36 4 102
36 5 922
36 6 351
36 7 726
36 8 185
36 9 1140
36 10 823
36 11 207
36 12 796
36 13 277
36 14 206
36 15 445
36 16 102
36 17 467
36 18 124
36 19 835
36 20 50
36 21 940
36 22 858
36 23 494
36 24 172
36 25 802
36 26 985
36 27 144
36 28 985
36 29 937
36 30 96
36 31 937
36 32 889
36 33 48
36 34 889
36 35 841
36 36 0
36 37 841
36 38 889
36 39 48
36 40 889
36 41 937
36 42 96
36 43 937
36 44 985
36 45 144
36 46 985
36 47 1033
36 48 192
36 49 1033
36 50 1081
36 51 240
36 52 1081
36 53 1129
36 54 288
36 55 1129
36 56 1177
36 57 336
36 58 1177
36 59 1225
36 60 384
36 61 1225
36 62 1105
37 0 1946
37 1 1741
37 2 1602
37 3 944
37 4 739
37 5 1763
37 6 1066
37 7 1567
37 8 848
37 9 1981
37 10 1664
37 11 922
37 12 237
37 13 1044
37 14 635
37 15 588
37 16 739
37 17 662
37 18 813
37 19 1676
37 20 791
37 21 1781
37 22 1699
37 23 923
37 24 861
37 25 711
37 26 1826
37 27 985
37 28 144
37 29 1778
37 30 937
37 31 96
37 32 1730
37 33 889
37 34 48
37 35 1682
37 36 841
37 37 0
37 38 1730
37 39 889
37 40 48
37 41 1778
37 42 937
37 43 96
37 44 1826
37 45 985
37 46 144
37 47 1874
37 48 1033
37 49 192
37 50 1922
37 51 1081
37 52 240
37 53 1970
37 54 1129
37 55 288
37 56 2018
37 57 1177
37 58 336
37 59 2066
37 60 1225
37 61 384
37 62 1946
38 0 312
38 1 85
38 2 224
38 3 1074
38 4 991
38 5 159
38 6 1144
38 7 163
38 8 978
38 9 325
38 10 450
38 11 1000
38 12 1589
38 13 1070
38 14 1095
38 15 1334
38 16 991
38 17 1260
38 18 917
38 19 150
38 20 939
38 21 333
38 22 511
38 23 1287
38 24 1061
38 25 1595
38 26 192
38 27 1033
38 28 1874
38 29 144
38 30 985
38 31 1826
38 32 96
38 33 937
38 34 1778
38 35 48
38 36 889
38 37 1730
38 38 0
38 39 841
38 40 1682
38 41 48
38 42 889
38 43 1730
38 44 96
38 45 937
38 46 1778
38 47 144
38 48 985
38 49 1826
38 50 192
38 51 1033
38 52 1874
38 53 240
38 54 1081
38 55 1922
38 56 288
38 57 1129
38 58 1970
38 59 336
38 60 1177
38 61 2018
38 62 312
39 0 1153
39 1 852
39 2 809
39 3 233
39 4 150
39 5 874
39 6 303
39 7 774
39 8 137
39 9 1092
39 10 775
39 11 159
39 12 748
39 13 229
39 14 254
39 15 493
39 16 150
39 17 419
39 18 76
39 19 787
39 20 98
39 21 892
39 22 810
39 23 446
39 24 220
39 25 754
39 26 1033
39 27 192
39 28 1033
39 29 985
39 30 144
39 31 985
39 32 937
39 33 96
39 34 937
39 35 889
39 36 48
39 37 889
39 38 841
39 39 0
39 40 841
39 41 889
39 42 48
39 43 889
39 44 937
39 45 96
39 46 937
39 47 985
39 48 144
39 49 985
39 50 1033
39 51 192
39 52 1033
39 53 1081
39 54 240
39 55 1081
39 56 1129
39 57 288
39 58 1129
39 59 1177
39 60 336
39 61 1177
39 62 1153
40 0 1994
40 1 1693
40 2 1650
40 3 896
40 4 787
40 5 1715
40 6 1018
40 7 1615
40 8 800
40 9 1933
40 10 1616
40 11 874
40 12 189
40 13 996
40 14 683
40 15 636
40 16 787
40 17 614
40 18 765
40 19 1628
40 20 839
40 21 1733
40 22 1651
40 23 875
40 24 909
40 25 663
40 26 1874
40 27 1033
40 28 192
40 29 1826
40 30 985
40 31 144
40 32 1778
40 33 937
40 34 96
40 35 1730
40 36 889
40 37 48
40 38 1682
40 39 841
40 40 0
40 41 1730
40 42 889
40 43 48
40 44 1778
40 45 937
40 46 96
40 47 1826
40 48 985
40 49 144
40 50 1874
40 51 1033
40 52 192
40 53 1922
40 54 1081
40 55 240
40 56 1970
40 57 1129
40 58 288
40 59 2018
40 60 1177
40 61 336
40 62 1994
41 0 360
41 1 37
41 2 272
41 3 1026
41 4 1039
41 5 111
41 6 1096
41 7 211
41 8 930
41 9 277
41 10 402
41 11 952
41 12 1541
41 13 1022
41 14 1143
41 15 1382
41 16 1039
41 17 1212
41 18 965
41 19 102
41 20 987
41 21 285
41 22 463
41 23 1239
41 24 1109
41 25 1547
41 26 240
41 27 1081
41 28 1922
41 29 192
41 30 1033
41 31 1874
41 32 144
41 33 985
41 34 1826
41 35 96
41 36 937
41 37 1778
41 38 48
41 39 889
41 40 1730
41 41 0
41 42 841
41 43 1682
41 44 48
41 45 889
41 46 1730
41 47 96
41 48 937
41 49 1778
41 50 144
41 51 985
41 52 1826
41 53 192
41 54 1033
41 55 1874
41 56 240
41 57 1081
41 58 1922
41 59 288
41 60 1129
41 61 1970
41 62 360
42 0 1201
42 1 804
42 2 857
42 3 185
42 4 198
42 5 826
42 6 255
42 7 822
42 8 89
42 9 1044
42 10 727
42 11 111
42 12 700
42 13 181
42 14 302
42 15 541
42 16 198
42 17 371
42 18 124
42 19 739
42 20 146
42 21 844
42 22 762
42 23 398
42 24 268
42 25 706
42 26 1081
42 27 240
42 28 1081
42 29 1033
42 30 192
42 31 1033
42 32 985
42 33 144
42 34 985
42 35 937
42 36 96
42 37 937
42 38 889
42 39 48
42 40 889
42 41 841
42 42 0
42 43 841
42 44 889
42 45 48
42 46 889
42 47 937
42 48 96
42 49 937
42 50 985
42 51 144
42 52 985
42 53 1033
42 54 192
42 55 1033
42 56 1081
42 57 240
42 58 1081
42 59 1129
42 60 288
42 61 1129
42 62 1201
43 0 2042
43 1 1645
43 2 1698
43 3 848
43 4 835
43 5 1667
43 6 970
43 7 1663
43 8 752
43 9 1885
43 10 1568
43 11 826
43 12 141
43 13 948
43 14 731
43 15 684
43 16 835
43 17 566
43 18 813
43 19 1580
43 20 887
43 21 1685
43 22 1603
43 23 827
43 24 957
43 25 615
43 26 1922
43 27 1081
43 28 240
43 29 1874
43 30 1033
43 31 192
43 32 1826
43 33 985
43 34 144
43 35 1778
43 36 937
43 37 96
43 38 1730
43 39 889
43 40 48
43 41 1682
43 42 841
43 43 0
43 44 1730
43 45 889
43 46 48
43 47 1778
43 48 937
43 49 96
43 50 1826
43 51 985
43 52 144
43 53 1874
43 54 1033
43 55 192
43 56 1922
43 57 1081
43 58 240
43 59 1970
43 60 1129
43 61 288
43 62 2042
44 0 408
44 1 85
44 2 320
44 3 978
44 4 1087
44 5 63
44 6 1048
44 7 259
44 8 978
44 9 229
44 10 354
44 11 904
44 12 1589
44 13 974
44 14 1191
44 15 1430
44 16 1087
44 17 1164
44 18 1013
44 19 150
44 20 1035
44 21 237
44 22 415
44 23 1191
44 24 1157
44 25 1499
44 26 288
44 27 1129
44 28 1970
44 29 240
44 30 1081
44 31 1922
44 32 192
44 33 1033
44 34 1874
44 35 144
44 36 985
44 37 1826
44 38 96
44 39 937
44 40 1778
44 41 48
44 42 889
44 43 1730
44 44 0
44 45 841
44 46 1682
44 47 48
44 48 889
44 49 1730
44 50 96
44 51 937
44 52 1778
44 53 144
44 54 985
44 55 1826
44 56 192
44 57 1033
44 58 1874
44 59 240
44 60 1081
44 61 1922
44 62 408
45 0 1249
45 1 852
45 2 905
45 3 137
45 4 246
45 5 778
45 6 207
45 7 870
45 8 137
45 9 996
45 10 679
45 11 63
45 12 748
45 13 133
45 14 350
45 15 589
45 16 246
45 17 323
45 18 172
45 19 787
45 20 194
45 21 796
45 22 714
45 23 350
45 24 316
45 25 658
45 26 1129
45 27 288
45 28 1129
45 29 1081
45 30 240
45 31 1081
45 32 1033
45 33 192
45 34 1033
45 35 985
45 36 144
45 37 985
45 38 937
45 39 96
45 40 937
45 41 889
45 42 48
45 43 889
45 44 841
45 45 0
45 46 841
45 47 889
45 48 48
45 49 889
45 50 937
45 51 96
45 52 937
45 53 985
45 54 144
45 55 985
45 56 1033
45 57 192
45 58 1033
45 59 1081
45 60 240
45 61 1081
45 62 1249
46 0 2090
46 1 1693
46 2 1746
46 3 800
46 4 883
46 5 1619
46 6 922
46 7 1711
46 8 800
46 9 1837
46 10 1520
46 11 778
46 12 189
46 13 900
46 14 779
46 15 732
46 16 883
46 17 518
46 18 861
46 19 1628
46 20 935
46 21 1637
46 22 1555
46 23 779
46 24 1005
46 25 567
46 26 1970
46 27 1129
46 28 288
46 29 1922
46 30 1081
46 31 240
46 32 1874
46 33 1033
46 34 192
46 35 1826
46 36 985
46 37 144
46 38 1778
46 39 937
46 40 96
46 41 1730
46 42 889
46 43 48
46 44 1682
46 45 841
46 46 0
46 47 1730
46 48 889
46 49 48
46 50 1778
46 51 937
46 52 96
46 53 1826
46 54 985
46 55 144
46 56 1874
46 57 1033
46 58 192
46 59 1922
46 60 1081
46 61 240
46 62 2090
47 0 456
47 1 133
47 2 368
47 3 930
47 4 1135
47 5 111
47 6 1000
47 7 307
47 8 1026
47 9 181
47 10 306
47 11 952
47 12 1637
47 13 926
47 14 1239
47 15 1478
47 16 1135
47 17 1212
47 18 1061
47 19 198
47 20 1083
47 21 189
47 22 367
47 23 1143
47 24 1205
47 25 1451
47 26 336
47 27 1177
47 28 2018
47 29 288
47 30 1129
47 31 1970
47 32 240
47 33 1081
47 34 1922
47 35 192
47 36 1033
47 37 1874
47 38 144
47 39 985
47 40 1826
47 41 96
47 42 937
47 43 1778
47 44 48
47 45 889
47 46 1730
47 47 0
47 48 841
47 49 1682
47 50 48
47 51 889
47 52 1730
47 53 96
47 54 937
47 55 1778
47 56 144
47 57 985
47 58 1826
47 59 192
47 60 1033
47 61 1874
47 62 456
48 0 1297
48 1 900
48 2 953
48 3 89
48 4 294
48 5 826
48 6 159
48 7 918
48 8 185
48 9 948
48 10 631
48 11 111
48 12 796
48 13 85
48 14 398
48 15 637
48 16 294
48 17 371
48 18 220
48 19 835
48 20 242
48 21 748
48 22 666
48 23 302
48 24 364
48 25 610
48 26 1177
48 27 336
48 28 1177
48 29 1129
48 30 288
48 31 1129
48 32 1081
48 33 240
48 34 1081
48 35 1033
48 36 192
48 37 1033
48 38 985
48 39 144
48 40 985
48 41 937
48 42 96
48 43 937
48 44 889
48 45 48
48 46 889
48 47 841
48 48 0
48 49 841
48 50 889
48 51 48
48 52 889
48 53 937
48 54 96
48 55 937
48 56 985
48 57 144
48 58 985
48 59 1033
48 60 192
48 61 1033
48 62 1297
49 0 2138
49 1 1741
49 2 1794
49 3 752
49 4 931
49 5 1667
49 6 874
49 7 1759
49 8 848
49 9 1789
49 10 1472
49 11 826
49 12 237
49 13 852
49 14 827
49 15 780
49 16 931
49 17 566
49 18 909
49 19 1676
49 20 983
49 21 1589
49 22 1507
49 23 731
49 24 1053
49 25 519
49 26 2018
49 27 1177
49 28 336
49 29 1970
49 30 1129
49 31 288
49 32 1922
49 33 1081
49 34 240
49 35 1874
49 36 1033
49 37 192
49 38 1826
49 39 985
49 40 144
49 41 1778
49 42 937
49 43 96
49 44 1730
49 45 889
49 46 48
49 47 1682
49 48 841
49 49 0
49 50 1730
49 51 889
49 52 48
49 53 1778
49 54 937
49 55 96
49 56 1826
49 57 985
49 58 144
49 59 1874
49 60 1033
49 61 192
49 62 2138
50 0 504
50 1 181
50 2 416
50 3 978
50 4 1183
50 5 159
50 6 952
50 7 355
50 8 1074
50 9 133
50 10 258
50 11 1000
50 12 1685
50 13 878
50 14 1287
50 15 1526
50 16 1183
50 17 1260
50 18 1109
50 19 246
50 20 1131
50 21 141
50 22 319
50 23 1095
50 24 1253
50 25 1403
50 26 384
50 27 1225
50 28 2066
50 29 336
50 30 1177
50 31 2018
50 32 288
50 33 1129
50 34 1970
50 35 240
50 36 1081
50 37 1922
50 38 192
50 39 1033
50 40 1874
50 41 144
50 42 985
50 43 1826
50 44 96
50 45 937
50 46 1778
50 47 48
50 48 889
50 49 1730
50 50 0
50 51 841
50 52 1682
50 53 48
50 54 889
50 55 1730
50 56 96
50 57 937
50 58 1778
50 59 144
50 60 985
50 61 1826
50 62 504
51 0 1345
51 1 948
51 2 1001
51 3 137
51 4 342
51 5 874
51 6 111
51 7 966
51 8 233
51 9 900
51 10 583
51 11 159
51 12 844
51 13 37
51 14 446
51 15 685
51 16 342
51 17 419
51 18 268
51 19 883
51 20 290
51 21 700
51 22 618
51 23 254
51 24 412
51 25 562
51 26 1225
51 27 384
51 28 1225
51 29 1177
51 30 336
51 31 1177
51 32 1129
51 33 288
51 34 1129
51 35 1081
51 36 240
51 37 1081
51 38 1033
51 39 192
51 40 1033
51 41 985
51 42 144
51 43 985
51 44 937
51 45 96
51 46 937
51 47 889
51 48 48
51 49 889
51 50 841
51 51 0
51 52 841
51 53 889
51 54 48
51 55 889
51 56 937
51 57 96
51 58 937
51 59 985
51 60 144
51 61 985
51 62 1345
52 0 2186
52 1 1789
52 2 1842
52 3 800
52 4 979
52 5 1715
52 6 826
52 7 1807
52 8 896
52 9 1741
52 10 1424
52 11 874
52 12 285
52 13 804
52 14 875
52 15 828
52 16 979
52 17 614
52 18 957
52 19 1724
52 20 1031
52 21 1541
52 22 1459
52 23 683
52 24 1101
52 25 471
52 26 2066
52 27 1225
52 28 384
52 29 2018
52 30 1177
52 31 336
52 32 1970
52 33 1129
52 34 288
52 35 1922
52 36 1081
52 37 240
52 38 1874
52 39 1033
52 40 192
52 41 1826
52 42 985
52 43 144
52 44 1778
52 45 937
52 46 96
52 47 1730
52 48 889
52 49 48
52 50 1682
52 51 841
52 52 0
52 53 1730
52 54 889
52 55 48
52 56 1778
52 57 937
52 58 96
52 59 1826
52 60 985
52 61 144
52 62 2186
53 0 552
53 1 229
53 2 464
53 3 1026
53 4 1231
53 5 207
53 6 904
53 7 403
53 8 1122
53 9 85
53 10 306
53 11 1048
53 12 1733
53 13 926
53 14 1335
53 15 1574
53 16 1231
53 17 1308
53 18 1157
53 19 294
53 20 1179
53 21 189
53 22 271
53 23 1047
53 24 1301
53 25 1355
53 26 432
53 27 1273
53 28 2114
53 29 384
53 30 1225
53 31 2066
53 32 336
53 33 1177
53 34 2018
53 35 288
53 36 1129
53 37 1970
53 38 240
53 39 1081
53 40 1922
53 41 192
53 42 1033
53 43 1874
53 44 144
53 45 985
53 46 1826
53 47 96
53 48 937
53 49 1778
53 50 48
53 51 889
53 52 1730
53 53 0
53 54 841
53 55 1682
53 56 48
53 57 889
53 58 1730
53 59 96
53 60 937
53 61 1778
53 62 552
54 0 1393
54 1 996
54 2 1049
54 3 185
54 4 390
54 5 922
54 6 63
54 7 1014
54 8 281
54 9 852
54 10 631
54 11 207
54 12 892
54 13 85
54 14 494
54 15 733
54 16 390
54 17 467
54 18 316
54 19 931
54 20 338
54 21 748
54 22 570
54 23 206
54 24 460
54 25 514
54 26 1273
54 27 432
54 28 1273
54 29 1225
54 30 384
54 31 1225
54 32 1177
54 33 336
54 34 1177
54 35 1129
54 36 288
54 37 1129
54 38 1081
54 39 240
54 40 1081
54 41 1033
54 42 192
54 43 1033
54 44 985
54 45 144
54 46 985
54 47 937
54 48 96
54 49 937
54 50 889
54 51 48
54 52 889
54 53 841
54 54 0
54 55 841
54 56 889
54 57 48
54 58 889
54 59 937
54 60 96
54 61 937
54 62 1393
55 0 2234
55 1 1837
55 2 1890
55 3 848
55 4 1027
55 5 1763
55 6 778
55 7 1855
55 8 944
55 9 1693
55 10 1472
55 11 922
55 12 333
55 13 852
55 14 923
55 15 876
55 16 1027
55 17 662
55 18 1005
55 19 1772
55 20 1079
55 21 1589
55 22 1411
55 23 635
55 24 1149
55 25 423
55 26 2114
55 27 1273
55 28 432
55 29 2066
55 30 1225
55 31 384
55 32 2018
55 33 1177
55 34 336
55 35 1970
55 36 1129
55 37 288
55 38 1922
55 39 1081
55 40 240
55 41 1874
55 42 1033
55 43 192
55 44 1826
55 45 985
55 46 144
55 47 1778
55 48 937
55 49 96
55 50 1730
55 51 889
55 52 48
55 53 1682
55 54 841
55 55 0
55 56 1730
55 57 889
55 58 48
55 59 1778
55 60 937
55 61 96
55 62 2234
56 0 600
56 1 277
56 2 512
56 3 1074
56 4 1279
56 5 255
56 6 952
56 7 451
56 8 1170
56 9 37
56 10 354
56 11 1096
56 12 1781
56 13 974
56 14 1383
56 15 1622
56 16 1279
56 17 1356
56 18 1205
56 19 342
56 20 1227
56 21 237
56 22 319
56 23 1095
56 24 1349
56 25 1307
56 26 480
56 27 1321
56 28 2162
56 29 432
56 30 1273
56 31 2114
56 32 384
56 33 1225
56 34 2066
56 35 336
56 36 1177
56 37 2018
56 38 288
56 39 1129
56 40 1970
56 41 240
56 42 1081
56 43 1922
56 44 192
56 45 1033
56 46 1874
56 47 144
56 48 985
56 49 1826
56 50 96
56 51 937
56 52 1778
56 53 48
56 54 889
56 55 1730
56 56 0
56 57 841
56 58 1682
56 59 48
56 60 889
56 61 1730
56 62 600
57 0 1441
57 1 1044
57 2 1097
57 3 233
57 4 438
57 5 970
57 6 111
57 7 1062
57 8 329
57 9 804
57 10 679
57 11 255
57 12 940
57 13 133
57 14 542
57 15 781
57 16 438
57 17 515
57 18 364
57 19 979
57 20 386
57 21 796
57 22 618
57 23 254
57 24 508
57 25 466
57 26 1321
57 27 480
57 28 1321
57 29 1273
57 30 432
57 31 1273
57 32 1225
57 33 384
57 34 1225
57 35 1177
57 36 336
57 37 1177
57 38 1129
57 39 288
57 40 1129
57 41 1081
57 42 240
57 43 1081
57 44 1033
57 45 192
57 46 1033
57 47 985
57 48 144
57 49 985
57 50 937
57 51 96
57 52 937
57 53 889
57 54 48
57 55 889
57 56 841
57 57 0
57 58 841
57 59 889
57 60 48
57 61 889
57 62 1441
58 0 2282
58 1 1885
58 2 1938
58 3 896
58 4 1075
58 5 1811
58 6 826
58 7 1903
58 8 992
58 9 1645
58 10 1520
58 11 970
58 12 381
58 13 900
58 14 971
58 15 924
58 16 1075
58 17 710
58 18 1053
58 19 1820
58 20 1127
58 21 1637
58 22 1459
58 23 683
58 24 1197
58 25 375
58 26 2162
58 27 1321
58 28 480
58 29 2114
58 30 1273
58 31 432
58 32 2066
58 33 1225
58 34 384
58 35 2018
58 36 1177
58 37 336
58 38 1970
58 39 1129
58 40 288
58 41 1922
58 42 1081
58 43 240
58 44 1874
58 45 1033
58 46 192
58 47 1826
58 48 985
58 49 144
58 50 1778
58 51 937
58 52 96
58 53 1730
58 54 889
58 55 48
58 56 1682
58 57 841
58 58 0
58 59 1730
58 60 889
58 61 48
58 62 2282
59 0 648
59 1 325
59 2 560
59 3 1122
59 4 1327
59 5 303
59 6 1000
59 7 499
59 8 1218
59 9 85
59 10 402
59 11 1144
59 12 1829
59 13 1022
59 14 1431
59 15 1670
59 16 1327
59 17 1404
59 18 1253
59 19 390
59 20 1275
59 21 285
59 22 367
59 23 1143
59 24 1397
59 25 1355
59 26 528
59 27 1369
59 28 2210
59 29 480
59 30 1321
59 31 2162
59 32 432
59 33 1273
59 34 2114
59 35 384
59 36 1225
59 37 2066
59 38 336
59 39 1177
59 40 2018
59 41 288
59 42 1129
59 43 1970
59 44 240
59 45 1081
59 46 1922
59 47 192
