//alpha
1
//NbLocations
82
//NbProducts
27
//NbPickers
2
//CapaPicker
4
//TimeToTravelOneDistanceUnit
3
//SetupTime
5400
//PickTime
300
//Products
//Idx Location Size
1 1 1
2 2 1
3 3 1
4 4 1
5 5 1
6 6 1
7 7 1
8 8 1
9 9 1
10 10 1
11 11 1
12 12 1
13 13 1
14 14 1
15 15 1
16 16 1
17 17 1
18 18 1
19 19 1
20 20 1
21 21 1
22 22 1
23 23 1
24 24 1
25 25 1
26 26 1
27 27 1
//Orders
//NbOrders
18
//Idx DueDate TardinessPenalty NbProdInOrder ProdIdx1 Qty1 ProdIdx2 Qty2 ...
1 108000 0 1 1 1
2 54000 0 1 2 1
3 90000 0 1 3 1
4 126000 0 2 4 1 5 1
5 36000 0 1 6 1
6 36000 0 3 7 1 8 1 9 1
7 108000 0 1 10 1
8 108000 0 3 11 1 12 1 13 1
9 90000 0 1 14 1
10 108000 0 1 15 1
11 72000 0 3 16 1 17 1 18 1
12 90000 0 1 19 1
13 90000 0 1 20 1
14 144000 0 1 21 1
15 126000 0 1 22 1
16 126000 0 1 23 1
17 126000 0 1 24 1
18 126000 0 3 25 1 26 1 27 1
//Graph (Products are vertices indexed from 1 to NbProducts)
//NbVerticesIntersections
54
//DepartingDepot
0
//ArrivalDepot
82
//Arcs
//Start End Distance
0 28 120
1 9 286
1 47 154
2 10 182
2 71 154
3 12 39
3 35 908
4 32 1168
4 33 63
5 59 570
5 60 661
6 41 1038
6 42 193
7 55 609
7 56 622
8 22 247
8 53 713
9 1 286
9 46 791
10 2 182
10 70 895
11 76 908
11 77 323
12 3 39
12 36 284
13 50 635
13 51 596
14 25 299
14 35 297
15 56 453
15 57 778
16 79 427
16 80 804
17 24 260
17 50 115
18 19 26
18 53 830
19 18 26
19 54 375
20 27 494
20 69 362
21 58 271
21 59 960
22 8 247
22 52 271
23 26 26
23 67 531
24 17 260
24 49 856
25 14 299
25 34 635
26 23 26
26 68 674
27 20 494
27 68 375
28 29 1231
28 31 48
28 82 120
29 28 1231
29 30 1231
29 32 48
30 29 1231
30 33 48
31 28 48
31 32 1231
31 34 48
32 4 1168
32 29 48
32 31 1231
32 35 48
33 4 63
33 30 48
33 36 48
34 25 635
34 31 48
34 37 48
35 3 908
35 14 297
35 32 48
35 38 48
36 12 284
36 33 48
36 39 48
37 34 48
37 38 1231
37 40 48
38 35 48
38 37 1231
38 39 1231
38 41 48
39 36 48
39 38 1231
39 42 48
40 37 48
40 41 1231
40 43 48
41 6 1038
41 38 48
41 40 1231
41 44 48
42 6 193
42 39 48
42 45 48
43 40 48
43 44 1231
43 46 48
44 41 48
44 43 1231
44 45 1231
44 47 48
45 42 48
45 44 1231
45 48 48
46 9 791
46 43 48
46 49 48
47 1 154
47 44 48
47 48 1231
47 50 48
48 45 48
48 47 1231
48 51 48
49 24 856
49 46 48
49 52 48
50 13 635
50 17 115
50 47 48
50 53 48
51 13 596
51 48 48
51 54 48
52 22 271
52 49 48
52 55 48
53 8 713
53 18 830
53 50 48
53 56 48
54 19 375
54 51 48
54 57 48
55 7 609
55 52 48
55 58 48
56 7 622
56 15 453
56 53 48
56 59 48
57 15 778
57 54 48
57 60 48
58 21 271
58 55 48
58 61 48
59 5 570
59 21 960
59 56 48
59 62 48
60 5 661
60 57 48
60 63 48
61 58 48
61 62 1231
61 64 48
62 59 48
62 61 1231
62 63 1231
62 65 48
63 60 48
63 62 1231
63 66 48
64 61 48
64 65 1231
64 67 48
65 62 48
65 64 1231
65 66 1231
65 68 48
66 63 48
66 65 1231
66 69 48
67 23 531
67 64 48
67 70 48
68 26 674
68 27 375
68 65 48
68 71 48
69 20 362
69 66 48
69 72 48
70 10 895
70 67 48
70 73 48
71 2 154
71 68 48
71 72 1231
71 74 48
72 69 48
72 71 1231
72 75 48
73 70 48
73 74 1231
73 76 48
74 71 48
74 73 1231
74 75 1231
74 77 48
75 72 48
75 74 1231
75 78 48
76 11 908
76 73 48
76 79 48
77 11 323
77 74 48
77 78 1231
77 80 48
78 75 48
78 77 1231
78 81 48
79 16 427
79 76 48
80 16 804
80 77 48
80 81 1231
81 78 48
81 80 1231
//LocStart LocEnd ShortestPath
0 0 0
0 1 1485
0 2 1869
0 3 2355
0 4 2567
0 5 2401
0 6 2581
0 7 1161
0 8 1022
0 9 1199
0 10 1687
0 11 1796
0 12 2394
0 13 2322
0 14 1150
0 15 2236
0 16 1363
0 17 1572
0 18 2565
0 19 2591
0 20 2844
0 21 871
0 22 775
0 23 1275
0 24 1312
0 25 851
0 26 1301
0 27 2350
0 28 120
0 29 1351
0 30 2582
0 31 168
0 32 1399
0 33 2630
0 34 216
0 35 1447
0 36 2678
0 37 264
0 38 1495
0 39 2726
0 40 312
0 41 1543
0 42 2774
0 43 360
0 44 1591
0 45 2822
0 46 408
0 47 1639
0 48 2870
0 49 456
0 50 1687
0 51 2918
0 52 504
0 53 1735
0 54 2966
0 55 552
0 56 1783
0 57 3014
0 58 600
0 59 1831
0 60 3062
0 61 648
0 62 1879
0 63 3110
0 64 696
0 65 1927
0 66 3158
0 67 744
0 68 1975
0 69 3206
0 70 792
0 71 2023
0 72 3254
0 73 840
0 74 2071
0 75 3302
0 76 888
0 77 2119
0 78 3350
0 79 936
0 80 2167
0 81 3398
0 82 0
1 0 1485
1 1 0
1 2 692
1 3 1254
1 4 1562
1 5 916
1 6 1288
1 7 920
1 8 963
1 9 286
1 10 874
1 11 957
1 12 1293
1 13 837
1 14 643
1 15 751
1 16 1486
1 17 317
1 18 1080
1 19 1106
1 20 1359
1 21 1306
1 22 1210
1 23 1190
1 24 577
1 25 942
1 26 1164
1 27 865
1 28 1365
1 29 442
1 30 1673
1 31 1317
1 32 394
1 33 1625
1 34 1269
1 35 346
1 36 1577
1 37 1221
1 38 298
1 39 1529
1 40 1173
1 41 250
1 42 1481
1 43 1125
1 44 202
1 45 1433
1 46 1077
1 47 154
1 48 1385
1 49 1125
1 50 202
1 51 1433
1 52 1173
1 53 250
1 54 1481
1 55 1221
1 56 298
1 57 1529
1 58 1269
1 59 346
1 60 1577
1 61 1317
1 62 394
1 63 1625
1 64 1365
1 65 442
1 66 1673
1 67 1413
1 68 490
1 69 1721
1 70 1461
1 71 538
1 72 1769
1 73 1509
1 74 586
1 75 1817
1 76 1557
1 77 634
1 78 1865
1 79 1605
1 80 682
1 81 1913
1 82 1485
2 0 1869
2 1 692
2 2 0
2 3 1638
2 4 1946
2 5 916
2 6 1672
2 7 1016
2 8 1155
2 9 978
2 10 182
2 11 573
2 12 1677
2 13 1125
2 14 1027
2 15 847
2 16 1102
2 17 605
2 18 1272
2 19 1298
2 20 1071
2 21 1306
2 22 1402
2 23 902
2 24 865
2 25 1326
2 26 876
2 27 577
2 28 1749
2 29 826
2 30 2057
2 31 1701
2 32 778
2 33 2009
2 34 1653
2 35 730
2 36 1961
2 37 1605
2 38 682
2 39 1913
2 40 1557
2 41 634
2 42 1865
2 43 1509
2 44 586
2 45 1817
2 46 1461
2 47 538
2 48 1769
2 49 1413
2 50 490
2 51 1721
2 52 1365
2 53 442
2 54 1673
2 55 1317
2 56 394
2 57 1625
2 58 1269
2 59 346
2 60 1577
2 61 1221
2 62 298
2 63 1529
2 64 1173
2 65 250
2 66 1481
2 67 1125
2 68 202
2 69 1433
2 70 1077
2 71 154
2 72 1385
2 73 1125
2 74 202
2 75 1433
2 76 1173
2 77 250
2 78 1481
2 79 1221
2 80 298
2 81 1529
2 82 1869
3 0 2355
3 1 1254
3 2 1638
3 3 0
3 4 434
3 5 1368
3 6 612
3 7 1866
3 8 1909
3 9 1540
3 10 1820
3 11 1903
3 12 39
3 13 1159
3 14 1205
3 15 1437
3 16 2432
3 17 1263
3 18 1012
3 19 986
3 20 1213
3 21 2252
3 22 2156
3 23 2136
3 24 1523
3 25 1504
3 26 2110
3 27 1707
3 28 2235
3 29 1004
3 30 419
3 31 2187
3 32 956
3 33 371
3 34 2139
3 35 908
3 36 323
3 37 2187
3 38 956
3 39 371
3 40 2235
3 41 1004
3 42 419
3 43 2283
3 44 1052
3 45 467
3 46 2331
3 47 1100
3 48 515
3 49 2379
3 50 1148
3 51 563
3 52 2427
3 53 1196
3 54 611
3 55 2475
3 56 1244
3 57 659
3 58 2523
3 59 1292
3 60 707
3 61 2571
3 62 1340
3 63 755
3 64 2619
3 65 1388
3 66 803
3 67 2667
3 68 1436
3 69 851
3 70 2715
3 71 1484
3 72 899
3 73 2763
3 74 1532
3 75 947
3 76 2811
3 77 1580
3 78 995
3 79 2859
3 80 1628
3 81 1043
3 82 2355
4 0 2567
4 1 1562
4 2 1946
4 3 434
4 4 0
4 5 1156
4 6 400
4 7 2174
4 8 2217
4 9 1848
4 10 2128
4 11 2211
4 12 395
4 13 947
4 14 1513
4 15 1225
4 16 2740
4 17 1571
4 18 800
4 19 774
4 20 1001
4 21 2560
4 22 2464
4 23 2444
4 24 1831
4 25 1812
4 26 2418
4 27 1495
4 28 2447
4 29 1216
4 30 111
4 31 2399
4 32 1168
4 33 63
4 34 2447
4 35 1216
4 36 111
4 37 2495
4 38 1264
4 39 159
4 40 2543
4 41 1312
4 42 207
4 43 2591
4 44 1360
4 45 255
4 46 2639
4 47 1408
4 48 303
4 49 2687
4 50 1456
4 51 351
4 52 2735
4 53 1504
4 54 399
4 55 2783
4 56 1552
4 57 447
4 58 2831
4 59 1600
4 60 495
4 61 2879
4 62 1648
4 63 543
4 64 2927
4 65 1696
4 66 591
4 67 2975
4 68 1744
4 69 639
4 70 3023
4 71 1792
4 72 687
4 73 3071
4 74 1840
4 75 735
4 76 3119
4 77 1888
4 78 783
4 79 3167
4 80 1936
4 81 831
4 82 2567
5 0 2401
5 1 916
5 2 916
5 3 1368
5 4 1156
5 5 0
5 6 1142
5 7 1240
5 8 1379
5 9 1202
5 10 1098
5 11 1181
5 12 1329
5 13 1349
5 14 1251
5 15 1071
5 16 1710
5 17 829
5 18 1158
5 19 1132
5 20 1167
5 21 1530
5 22 1626
5 23 1414
5 24 1089
5 25 1550
5 26 1388
5 27 1089
5 28 2281
5 29 1050
5 30 1141
5 31 2233
5 32 1002
5 33 1093
5 34 2185
5 35 954
5 36 1045
5 37 2137
5 38 906
5 39 997
5 40 2089
5 41 858
5 42 949
5 43 2041
5 44 810
5 45 901
5 46 1993
5 47 762
5 48 853
5 49 1945
5 50 714
5 51 805
5 52 1897
5 53 666
5 54 757
5 55 1849
5 56 618
5 57 709
5 58 1801
5 59 570
5 60 661
5 61 1849
5 62 618
5 63 709
5 64 1897
5 65 666
5 66 757
5 67 1945
5 68 714
5 69 805
5 70 1993
5 71 762
5 72 853
5 73 2041
5 74 810
5 75 901
5 76 2089
5 77 858
5 78 949
5 79 2137
5 80 906
5 81 997
5 82 2401
6 0 2581
6 1 1288
6 2 1672
6 3 612
6 4 400
6 5 1142
6 6 0
6 7 1900
6 8 1943
6 9 1574
6 10 1854
6 11 1937
6 12 573
6 13 933
6 14 1431
6 15 1211
6 16 2466
6 17 1297
6 18 786
6 19 760
6 20 987
6 21 2286
6 22 2190
6 23 2170
6 24 1557
6 25 1730
6 26 2144
6 27 1481
6 28 2461
6 29 1230
6 30 385
6 31 2413
6 32 1182
6 33 337
6 34 2365
6 35 1134
6 36 289
6 37 2317
6 38 1086
6 39 241
6 40 2269
6 41 1038
6 42 193
6 43 2317
6 44 1086
6 45 241
6 46 2365
6 47 1134
6 48 289
6 49 2413
6 50 1182
6 51 337
6 52 2461
6 53 1230
6 54 385
6 55 2509
6 56 1278
6 57 433
6 58 2557
6 59 1326
6 60 481
6 61 2605
6 62 1374
6 63 529
6 64 2653
6 65 1422
6 66 577
6 67 2701
6 68 1470
6 69 625
6 70 2749
6 71 1518
6 72 673
6 73 2797
6 74 1566
6 75 721
6 76 2845
6 77 1614
6 78 769
6 79 2893
6 80 1662
6 81 817
6 82 2581
7 0 1161
7 1 920
7 2 1016
7 3 1866
7 4 2174
7 5 1240
7 6 1900
7 7 0
7 8 1175
7 9 1206
7 10 1198
7 11 1281
7 12 1905
7 13 1353
7 14 1255
7 15 1075
7 16 1420
7 17 833
7 18 1500
7 19 1526
7 20 1683
7 21 928
7 22 928
7 23 1332
7 24 1093
7 25 1554
7 26 1358
7 27 1189
7 28 1041
7 29 1054
7 30 2285
7 31 993
7 32 1006
7 33 2237
7 34 945
7 35 958
7 36 2189
7 37 897
7 38 910
7 39 2141
7 40 849
7 41 862
7 42 2093
7 43 801
7 44 814
7 45 2045
7 46 753
7 47 766
7 48 1997
7 49 705
7 50 718
7 51 1949
7 52 657
7 53 670
7 54 1901
7 55 609
7 56 622
7 57 1853
7 58 657
7 59 670
7 60 1901
7 61 705
7 62 718
7 63 1949
7 64 753
7 65 766
7 66 1997
7 67 801
7 68 814
7 69 2045
7 70 849
7 71 862
7 72 2093
7 73 897
7 74 910
7 75 2141
7 76 945
7 77 958
7 78 2189
7 79 993
7 80 1006
7 81 2237
7 82 1161
8 0 1022
8 1 963
8 2 1155
8 3 1909
8 4 2217
8 5 1379
8 6 1943
8 7 1175
8 8 0
8 9 1249
8 10 1337
8 11 1420
8 12 1948
8 13 1396
8 14 1298
8 15 1214
8 16 1377
8 17 876
8 18 1543
8 19 1569
8 20 1822
8 21 885
8 22 247
8 23 1289
8 24 1136
8 25 1441
8 26 1315
8 27 1328
8 28 902
8 29 1097
8 30 2328
8 31 854
8 32 1049
8 33 2280
8 34 806
8 35 1001
8 36 2232
8 37 758
8 38 953
8 39 2184
8 40 710
8 41 905
8 42 2136
8 43 662
8 44 857
8 45 2088
8 46 614
8 47 809
8 48 2040
8 49 566
8 50 761
8 51 1992
8 52 518
8 53 713
8 54 1944
8 55 566
8 56 761
8 57 1992
8 58 614
8 59 809
8 60 2040
8 61 662
8 62 857
8 63 2088
8 64 710
8 65 905
8 66 2136
8 67 758
8 68 953
8 69 2184
8 70 806
8 71 1001
8 72 2232
8 73 854
8 74 1049
8 75 2280
8 76 902
8 77 1097
8 78 2328
8 79 950
8 80 1145
8 81 2376
8 82 1022
9 0 1199
9 1 286
9 2 978
9 3 1540
9 4 1848
9 5 1202
9 6 1574
9 7 1206
9 8 1249
9 9 0
9 10 1160
9 11 1243
9 12 1579
9 13 1123
9 14 929
9 15 1037
9 16 1746
9 17 603
9 18 1366
9 19 1392
9 20 1645
9 21 1254
9 22 1158
9 23 1476
9 24 863
9 25 1228
9 26 1450
9 27 1151
9 28 1079
9 29 728
9 30 1959
9 31 1031
9 32 680
9 33 1911
9 34 983
9 35 632
9 36 1863
9 37 935
9 38 584
9 39 1815
9 40 887
9 41 536
9 42 1767
9 43 839
9 44 488
9 45 1719
9 46 791
9 47 440
9 48 1671
9 49 839
9 50 488
9 51 1719
9 52 887
9 53 536
9 54 1767
9 55 935
9 56 584
9 57 1815
9 58 983
9 59 632
9 60 1863
9 61 1031
9 62 680
9 63 1911
9 64 1079
9 65 728
9 66 1959
9 67 1127
9 68 776
9 69 2007
9 70 1175
9 71 824
9 72 2055
9 73 1223
9 74 872
9 75 2103
9 76 1271
9 77 920
9 78 2151
9 79 1319
9 80 968
9 81 2199
9 82 1199
10 0 1687
10 1 874
10 2 182
10 3 1820
10 4 2128
10 5 1098
10 6 1854
10 7 1198
10 8 1337
10 9 1160
10 10 0
10 11 755
10 12 1859
10 13 1307
10 14 1209
10 15 1029
10 16 1284
10 17 787
10 18 1454
10 19 1480
10 20 1253
10 21 1358
10 22 1454
10 23 1084
10 24 1047
10 25 1508
10 26 1058
10 27 759
10 28 1567
10 29 1008
10 30 2239
10 31 1519
10 32 960
10 33 2191
10 34 1471
10 35 912
10 36 2143
10 37 1423
10 38 864
10 39 2095
10 40 1375
10 41 816
10 42 2047
10 43 1327
10 44 768
10 45 1999
10 46 1279
10 47 720
10 48 1951
10 49 1231
10 50 672
10 51 1903
10 52 1183
10 53 624
10 54 1855
10 55 1135
10 56 576
10 57 1807
10 58 1087
10 59 528
10 60 1759
10 61 1039
10 62 480
10 63 1711
10 64 991
10 65 432
10 66 1663
10 67 943
10 68 384
10 69 1615
10 70 895
10 71 336
10 72 1567
10 73 943
10 74 384
10 75 1615
10 76 991
10 77 432
10 78 1663
10 79 1039
10 80 480
10 81 1711
10 82 1687
11 0 1796
11 1 957
11 2 573
11 3 1903
11 4 2211
11 5 1181
11 6 1937
11 7 1281
11 8 1420
11 9 1243
11 10 755
11 11 0
11 12 1942
11 13 1390
11 14 1292
11 15 1112
11 16 1175
11 17 870
11 18 1537
11 19 1563
11 20 1336
11 21 1467
11 22 1563
11 23 1167
11 24 1130
11 25 1591
11 26 1141
11 27 842
11 28 1676
11 29 1091
11 30 2322
11 31 1628
11 32 1043
11 33 2274
11 34 1580
11 35 995
11 36 2226
11 37 1532
11 38 947
11 39 2178
11 40 1484
11 41 899
11 42 2130
11 43 1436
11 44 851
11 45 2082
11 46 1388
11 47 803
11 48 2034
11 49 1340
11 50 755
11 51 1986
11 52 1292
11 53 707
11 54 1938
11 55 1244
11 56 659
11 57 1890
11 58 1196
11 59 611
11 60 1842
11 61 1148
11 62 563
11 63 1794
11 64 1100
11 65 515
11 66 1746
11 67 1052
11 68 467
11 69 1698
11 70 1004
11 71 419
11 72 1650
11 73 956
11 74 371
11 75 1602
11 76 908
11 77 323
11 78 1554
11 79 956
11 80 371
11 81 1602
11 82 1796
12 0 2394
12 1 1293
12 2 1677
12 3 39
12 4 395
12 5 1329
12 6 573
12 7 1905
12 8 1948
12 9 1579
12 10 1859
12 11 1942
12 12 0
12 13 1120
12 14 1244
12 15 1398
12 16 2471
12 17 1302
12 18 973
12 19 947
12 20 1174
12 21 2291
12 22 2195
12 23 2175
12 24 1562
12 25 1543
12 26 2149
12 27 1668
12 28 2274
12 29 1043
12 30 380
12 31 2226
12 32 995
12 33 332
12 34 2178
12 35 947
12 36 284
12 37 2226
12 38 995
12 39 332
12 40 2274
12 41 1043
12 42 380
12 43 2322
12 44 1091
12 45 428
12 46 2370
12 47 1139
12 48 476
12 49 2418
12 50 1187
12 51 524
12 52 2466
12 53 1235
12 54 572
12 55 2514
12 56 1283
12 57 620
12 58 2562
12 59 1331
12 60 668
12 61 2610
12 62 1379
12 63 716
12 64 2658
12 65 1427
12 66 764
12 67 2706
12 68 1475
12 69 812
12 70 2754
12 71 1523
12 72 860
12 73 2802
12 74 1571
12 75 908
12 76 2850
12 77 1619
12 78 956
12 79 2898
12 80 1667
12 81 1004
12 82 2394
13 0 2322
13 1 837
13 2 1125
13 3 1159
13 4 947
13 5 1349
13 6 933
13 7 1353
13 8 1396
13 9 1123
13 10 1307
13 11 1390
13 12 1120
13 13 0
13 14 1172
13 15 1184
13 16 1919
13 17 750
13 18 1045
13 19 1019
13 20 1246
13 21 1739
13 22 1643
13 23 1623
13 24 1010
13 25 1471
13 26 1597
13 27 1298
13 28 2202
13 29 971
13 30 932
13 31 2154
13 32 923
13 33 884
13 34 2106
13 35 875
13 36 836
13 37 2058
13 38 827
13 39 788
13 40 2010
13 41 779
13 42 740
13 43 1962
13 44 731
13 45 692
13 46 1914
13 47 683
13 48 644
13 49 1866
13 50 635
13 51 596
13 52 1914
13 53 683
13 54 644
13 55 1962
13 56 731
13 57 692
13 58 2010
13 59 779
13 60 740
13 61 2058
13 62 827
13 63 788
13 64 2106
13 65 875
13 66 836
13 67 2154
13 68 923
13 69 884
13 70 2202
13 71 971
13 72 932
13 73 2250
13 74 1019
13 75 980
13 76 2298
13 77 1067
13 78 1028
13 79 2346
13 80 1115
13 81 1076
13 82 2322
14 0 1150
14 1 643
14 2 1027
14 3 1205
14 4 1513
14 5 1251
14 6 1431
14 7 1255
14 8 1298
14 9 929
14 10 1209
14 11 1292
14 12 1244
14 13 1172
14 14 0
14 15 1086
14 16 1821
14 17 652
14 18 1415
14 19 1441
14 20 1694
14 21 1589
14 22 1493
14 23 1525
14 24 912
14 25 299
14 26 1499
14 27 1200
14 28 1030
14 29 393
14 30 1624
14 31 982
14 32 345
14 33 1576
14 34 934
14 35 297
14 36 1528
14 37 982
14 38 345
14 39 1576
14 40 1030
14 41 393
14 42 1624
14 43 1078
14 44 441
14 45 1672
14 46 1126
14 47 489
14 48 1720
14 49 1174
14 50 537
14 51 1768
14 52 1222
14 53 585
14 54 1816
14 55 1270
14 56 633
14 57 1864
14 58 1318
14 59 681
14 60 1912
14 61 1366
14 62 729
14 63 1960
14 64 1414
14 65 777
14 66 2008
14 67 1462
14 68 825
14 69 2056
14 70 1510
14 71 873
14 72 2104
14 73 1558
14 74 921
14 75 2152
14 76 1606
14 77 969
14 78 2200
14 79 1654
14 80 1017
14 81 2248
14 82 1150
15 0 2236
15 1 751
15 2 847
15 3 1437
15 4 1225
15 5 1071
15 6 1211
15 7 1075
15 8 1214
15 9 1037
15 10 1029
15 11 1112
15 12 1398
15 13 1184
15 14 1086
15 15 0
15 16 1641
15 17 664
15 18 1227
15 19 1201
15 20 1332
15 21 1461
15 22 1461
15 23 1345
15 24 924
15 25 1385
15 26 1319
15 27 1020
15 28 2116
15 29 885
15 30 1210
15 31 2068
15 32 837
15 33 1162
15 34 2020
15 35 789
15 36 1114
15 37 1972
15 38 741
15 39 1066
15 40 1924
15 41 693
15 42 1018
15 43 1876
15 44 645
15 45 970
15 46 1828
15 47 597
15 48 922
15 49 1780
15 50 549
15 51 874
15 52 1732
15 53 501
15 54 826
15 55 1684
15 56 453
15 57 778
15 58 1732
15 59 501
15 60 826
15 61 1780
15 62 549
15 63 874
15 64 1828
15 65 597
15 66 922
15 67 1876
15 68 645
15 69 970
15 70 1924
15 71 693
15 72 1018
15 73 1972
15 74 741
15 75 1066
15 76 2020
15 77 789
15 78 1114
15 79 2068
15 80 837
15 81 1162
15 82 2236
16 0 1363
16 1 1486
16 2 1102
16 3 2432
16 4 2740
16 5 1710
16 6 2466
16 7 1420
16 8 1377
16 9 1746
16 10 1284
16 11 1175
16 12 2471
16 13 1919
16 14 1821
16 15 1641
16 16 0
16 17 1399
16 18 2066
16 19 2092
16 20 1865
16 21 1034
16 22 1130
16 23 1150
16 24 1659
16 25 1782
16 26 1176
16 27 1371
16 28 1243
16 29 1620
16 30 2851
16 31 1195
16 32 1572
16 33 2803
16 34 1147
16 35 1524
16 36 2755
16 37 1099
16 38 1476
16 39 2707
16 40 1051
16 41 1428
16 42 2659
16 43 1003
16 44 1380
16 45 2611
16 46 955
16 47 1332
16 48 2563
16 49 907
16 50 1284
16 51 2515
16 52 859
16 53 1236
16 54 2467
16 55 811
16 56 1188
16 57 2419
16 58 763
16 59 1140
16 60 2371
16 61 715
16 62 1092
16 63 2323
16 64 667
16 65 1044
16 66 2275
16 67 619
16 68 996
16 69 2227
16 70 571
16 71 948
16 72 2179
16 73 523
16 74 900
16 75 2131
16 76 475
16 77 852
16 78 2083
16 79 427
16 80 804
16 81 2035
16 82 1363
17 0 1572
17 1 317
17 2 605
17 3 1263
17 4 1571
17 5 829
17 6 1297
17 7 833
17 8 876
17 9 603
17 10 787
17 11 870
17 12 1302
17 13 750
17 14 652
17 15 664
17 16 1399
17 17 0
17 18 993
17 19 1019
17 20 1272
17 21 1219
17 22 1123
17 23 1103
17 24 260
17 25 951
17 26 1077
17 27 778
17 28 1452
17 29 451
17 30 1682
17 31 1404
17 32 403
17 33 1634
17 34 1356
17 35 355
17 36 1586
17 37 1308
17 38 307
17 39 1538
17 40 1260
17 41 259
17 42 1490
17 43 1212
17 44 211
17 45 1442
17 46 1164
17 47 163
17 48 1394
17 49 1116
17 50 115
17 51 1346
17 52 1164
17 53 163
17 54 1394
17 55 1212
17 56 211
17 57 1442
17 58 1260
17 59 259
17 60 1490
17 61 1308
17 62 307
17 63 1538
17 64 1356
17 65 355
17 66 1586
17 67 1404
17 68 403
17 69 1634
17 70 1452
17 71 451
17 72 1682
17 73 1500
17 74 499
17 75 1730
17 76 1548
17 77 547
17 78 1778
17 79 1596
17 80 595
17 81 1826
17 82 1572
18 0 2565
18 1 1080
18 2 1272
18 3 1012
18 4 800
18 5 1158
18 6 786
18 7 1500
18 8 1543
18 9 1366
18 10 1454
18 11 1537
18 12 973
18 13 1045
18 14 1415
18 15 1227
18 16 2066
18 17 993
18 18 0
18 19 26
18 20 1003
18 21 1886
18 22 1790
18 23 1770
18 24 1253
18 25 1714
18 26 1744
18 27 1445
18 28 2445
18 29 1214
18 30 785
18 31 2397
18 32 1166
18 33 737
18 34 2349
18 35 1118
18 36 689
18 37 2301
18 38 1070
18 39 641
18 40 2253
18 41 1022
18 42 593
18 43 2205
18 44 974
18 45 545
18 46 2157
18 47 926
18 48 497
18 49 2109
18 50 878
18 51 449
18 52 2061
18 53 830
18 54 401
18 55 2109
18 56 878
18 57 449
18 58 2157
18 59 926
18 60 497
18 61 2205
18 62 974
18 63 545
18 64 2253
18 65 1022
18 66 593
18 67 2301
18 68 1070
18 69 641
18 70 2349
18 71 1118
18 72 689
18 73 2397
18 74 1166
18 75 737
18 76 2445
18 77 1214
18 78 785
18 79 2493
18 80 1262
18 81 833
18 82 2565
19 0 2591
19 1 1106
19 2 1298
19 3 986
19 4 774
19 5 1132
19 6 760
19 7 1526
19 8 1569
19 9 1392
19 10 1480
19 11 1563
19 12 947
19 13 1019
19 14 1441
19 15 1201
19 16 2092
19 17 1019
19 18 26
19 19 0
19 20 977
19 21 1912
19 22 1816
19 23 1796
19 24 1279
19 25 1740
19 26 1770
19 27 1471
19 28 2471
19 29 1240
19 30 759
19 31 2423
19 32 1192
19 33 711
19 34 2375
19 35 1144
19 36 663
19 37 2327
19 38 1096
19 39 615
19 40 2279
19 41 1048
19 42 567
19 43 2231
19 44 1000
19 45 519
19 46 2183
19 47 952
19 48 471
19 49 2135
19 50 904
19 51 423
19 52 2087
19 53 856
19 54 375
19 55 2135
19 56 904
19 57 423
19 58 2183
19 59 952
19 60 471
19 61 2231
19 62 1000
19 63 519
19 64 2279
19 65 1048
19 66 567
19 67 2327
19 68 1096
19 69 615
19 70 2375
19 71 1144
19 72 663
19 73 2423
19 74 1192
19 75 711
19 76 2471
19 77 1240
19 78 759
19 79 2519
19 80 1288
19 81 807
19 82 2591
20 0 2844
20 1 1359
20 2 1071
20 3 1213
20 4 1001
20 5 1167
20 6 987
20 7 1683
20 8 1822
20 9 1645
20 10 1253
20 11 1336
20 12 1174
20 13 1246
20 14 1694
20 15 1332
20 16 1865
20 17 1272
20 18 1003
20 19 977
20 20 0
20 21 1973
20 22 2069
20 23 1569
20 24 1532
20 25 1993
20 26 1543
20 27 494
20 28 2724
20 29 1493
20 30 986
20 31 2676
20 32 1445
20 33 938
20 34 2628
20 35 1397
20 36 890
20 37 2580
20 38 1349
20 39 842
20 40 2532
20 41 1301
20 42 794
20 43 2484
20 44 1253
20 45 746
20 46 2436
20 47 1205
20 48 698
20 49 2388
20 50 1157
20 51 650
20 52 2340
20 53 1109
20 54 602
20 55 2292
20 56 1061
20 57 554
20 58 2244
20 59 1013
20 60 506
20 61 2196
20 62 965
20 63 458
20 64 2148
20 65 917
20 66 410
20 67 2100
20 68 869
20 69 362
20 70 2148
20 71 917
20 72 410
20 73 2196
20 74 965
20 75 458
20 76 2244
20 77 1013
20 78 506
20 79 2292
20 80 1061
20 81 554
20 82 2844
21 0 871
21 1 1306
21 2 1306
21 3 2252
21 4 2560
21 5 1530
21 6 2286
21 7 928
21 8 885
21 9 1254
21 10 1358
21 11 1467
21 12 2291
21 13 1739
21 14 1589
21 15 1461
21 16 1034
21 17 1219
21 18 1886
21 19 1912
21 20 1973
21 21 0
21 22 638
21 23 946
21 24 1271
21 25 1290
21 26 972
21 27 1479
21 28 751
21 29 1440
21 30 2671
21 31 703
21 32 1392
21 33 2623
21 34 655
21 35 1344
21 36 2575
21 37 607
21 38 1296
21 39 2527
21 40 559
21 41 1248
21 42 2479
21 43 511
21 44 1200
21 45 2431
21 46 463
21 47 1152
21 48 2383
21 49 415
21 50 1104
21 51 2335
21 52 367
21 53 1056
21 54 2287
21 55 319
21 56 1008
21 57 2239
21 58 271
21 59 960
21 60 2191
21 61 319
21 62 1008
21 63 2239
21 64 367
21 65 1056
21 66 2287
21 67 415
21 68 1104
21 69 2335
21 70 463
21 71 1152
21 72 2383
21 73 511
21 74 1200
21 75 2431
21 76 559
21 77 1248
21 78 2479
21 79 607
21 80 1296
21 81 2527
21 82 871
22 0 775
22 1 1210
22 2 1402
22 3 2156
22 4 2464
22 5 1626
22 6 2190
22 7 928
22 8 247
22 9 1158
22 10 1454
22 11 1563
22 12 2195
22 13 1643
22 14 1493
22 15 1461
22 16 1130
22 17 1123
22 18 1790
22 19 1816
22 20 2069
22 21 638
22 22 0
22 23 1042
22 24 1175
22 25 1194
22 26 1068
22 27 1575
22 28 655
22 29 1344
22 30 2575
22 31 607
22 32 1296
22 33 2527
22 34 559
22 35 1248
22 36 2479
22 37 511
22 38 1200
22 39 2431
22 40 463
22 41 1152
22 42 2383
22 43 415
22 44 1104
22 45 2335
22 46 367
22 47 1056
22 48 2287
22 49 319
22 50 1008
22 51 2239
22 52 271
22 53 960
22 54 2191
22 55 319
22 56 1008
22 57 2239
22 58 367
22 59 1056
22 60 2287
22 61 415
22 62 1104
22 63 2335
22 64 463
22 65 1152
22 66 2383
22 67 511
22 68 1200
22 69 2431
22 70 559
22 71 1248
22 72 2479
22 73 607
22 74 1296
22 75 2527
22 76 655
22 77 1344
22 78 2575
22 79 703
22 80 1392
22 81 2623
22 82 775
23 0 1275
23 1 1190
23 2 902
23 3 2136
23 4 2444
23 5 1414
23 6 2170
23 7 1332
23 8 1289
23 9 1476
23 10 1084
23 11 1167
23 12 2175
23 13 1623
23 14 1525
23 15 1345
23 16 1150
23 17 1103
23 18 1770
23 19 1796
23 20 1569
23 21 946
23 22 1042
23 23 0
23 24 1363
23 25 1694
23 26 26
23 27 1075
23 28 1155
23 29 1324
23 30 2555
23 31 1107
23 32 1276
23 33 2507
23 34 1059
23 35 1228
23 36 2459
23 37 1011
23 38 1180
23 39 2411
23 40 963
23 41 1132
23 42 2363
23 43 915
23 44 1084
23 45 2315
23 46 867
23 47 1036
23 48 2267
23 49 819
23 50 988
23 51 2219
23 52 771
23 53 940
23 54 2171
23 55 723
23 56 892
23 57 2123
23 58 675
23 59 844
23 60 2075
23 61 627
23 62 796
23 63 2027
23 64 579
23 65 748
23 66 1979
23 67 531
23 68 700
23 69 1931
23 70 579
23 71 748
23 72 1979
23 73 627
23 74 796
23 75 2027
23 76 675
23 77 844
23 78 2075
23 79 723
23 80 892
23 81 2123
23 82 1275
24 0 1312
24 1 577
24 2 865
24 3 1523
24 4 1831
24 5 1089
24 6 1557
24 7 1093
24 8 1136
24 9 863
24 10 1047
24 11 1130
24 12 1562
24 13 1010
24 14 912
24 15 924
24 16 1659
24 17 260
24 18 1253
24 19 1279
24 20 1532
24 21 1271
24 22 1175
24 23 1363
24 24 0
24 25 1211
24 26 1337
24 27 1038
24 28 1192
24 29 711
24 30 1942
24 31 1144
24 32 663
24 33 1894
24 34 1096
24 35 615
24 36 1846
24 37 1048
24 38 567
24 39 1798
24 40 1000
24 41 519
24 42 1750
24 43 952
24 44 471
24 45 1702
24 46 904
24 47 423
24 48 1654
24 49 856
24 50 375
24 51 1606
24 52 904
24 53 423
24 54 1654
24 55 952
24 56 471
24 57 1702
24 58 1000
24 59 519
24 60 1750
24 61 1048
24 62 567
24 63 1798
24 64 1096
24 65 615
24 66 1846
24 67 1144
24 68 663
24 69 1894
24 70 1192
24 71 711
24 72 1942
24 73 1240
24 74 759
24 75 1990
24 76 1288
24 77 807
24 78 2038
24 79 1336
24 80 855
24 81 2086
24 82 1312
25 0 851
25 1 942
25 2 1326
25 3 1504
25 4 1812
25 5 1550
25 6 1730
25 7 1554
25 8 1441
25 9 1228
25 10 1508
25 11 1591
25 12 1543
25 13 1471
25 14 299
25 15 1385
25 16 1782
25 17 951
25 18 1714
25 19 1740
25 20 1993
25 21 1290
25 22 1194
25 23 1694
25 24 1211
25 25 0
25 26 1720
25 27 1499
25 28 731
25 29 692
25 30 1923
25 31 683
25 32 644
25 33 1875
25 34 635
25 35 596
25 36 1827
25 37 683
25 38 644
25 39 1875
25 40 731
25 41 692
25 42 1923
25 43 779
25 44 740
25 45 1971
25 46 827
25 47 788
25 48 2019
25 49 875
25 50 836
25 51 2067
25 52 923
25 53 884
25 54 2115
25 55 971
25 56 932
25 57 2163
25 58 1019
25 59 980
25 60 2211
25 61 1067
25 62 1028
25 63 2259
25 64 1115
25 65 1076
25 66 2307
25 67 1163
25 68 1124
25 69 2355
25 70 1211
25 71 1172
25 72 2403
25 73 1259
25 74 1220
25 75 2451
25 76 1307
25 77 1268
25 78 2499
25 79 1355
25 80 1316
25 81 2547
25 82 851
26 0 1301
26 1 1164
26 2 876
26 3 2110
26 4 2418
26 5 1388
26 6 2144
26 7 1358
26 8 1315
26 9 1450
26 10 1058
26 11 1141
26 12 2149
26 13 1597
26 14 1499
26 15 1319
26 16 1176
26 17 1077
26 18 1744
26 19 1770
26 20 1543
26 21 972
26 22 1068
26 23 26
26 24 1337
26 25 1720
26 26 0
26 27 1049
26 28 1181
26 29 1298
26 30 2529
26 31 1133
26 32 1250
26 33 2481
26 34 1085
26 35 1202
26 36 2433
26 37 1037
26 38 1154
26 39 2385
26 40 989
26 41 1106
26 42 2337
26 43 941
26 44 1058
26 45 2289
26 46 893
26 47 1010
26 48 2241
26 49 845
26 50 962
26 51 2193
26 52 797
26 53 914
26 54 2145
26 55 749
26 56 866
26 57 2097
26 58 701
26 59 818
26 60 2049
26 61 653
26 62 770
26 63 2001
26 64 605
26 65 722
26 66 1953
26 67 557
26 68 674
26 69 1905
26 70 605
26 71 722
26 72 1953
26 73 653
26 74 770
26 75 2001
26 76 701
26 77 818
26 78 2049
26 79 749
26 80 866
26 81 2097
26 82 1301
27 0 2350
27 1 865
27 2 577
27 3 1707
27 4 1495
27 5 1089
27 6 1481
27 7 1189
27 8 1328
27 9 1151
27 10 759
27 11 842
27 12 1668
27 13 1298
27 14 1200
27 15 1020
27 16 1371
27 17 778
27 18 1445
27 19 1471
27 20 494
27 21 1479
27 22 1575
27 23 1075
27 24 1038
27 25 1499
27 26 1049
27 27 0
27 28 2230
27 29 999
27 30 1480
27 31 2182
27 32 951
27 33 1432
27 34 2134
27 35 903
27 36 1384
27 37 2086
27 38 855
27 39 1336
27 40 2038
27 41 807
27 42 1288
27 43 1990
27 44 759
27 45 1240
27 46 1942
27 47 711
27 48 1192
27 49 1894
27 50 663
27 51 1144
27 52 1846
27 53 615
27 54 1096
27 55 1798
27 56 567
27 57 1048
27 58 1750
27 59 519
27 60 1000
27 61 1702
27 62 471
27 63 952
27 64 1654
27 65 423
27 66 904
27 67 1606
27 68 375
27 69 856
27 70 1654
27 71 423
27 72 904
27 73 1702
27 74 471
27 75 952
27 76 1750
27 77 519
27 78 1000
27 79 1798
27 80 567
27 81 1048
27 82 2350
28 0 120
28 1 1365
28 2 1749
28 3 2235
28 4 2447
28 5 2281
28 6 2461
28 7 1041
28 8 902
28 9 1079
28 10 1567
28 11 1676
28 12 2274
28 13 2202
28 14 1030
28 15 2116
28 16 1243
28 17 1452
28 18 2445
28 19 2471
28 20 2724
28 21 751
28 22 655
28 23 1155
28 24 1192
28 25 731
28 26 1181
28 27 2230
28 28 0
28 29 1231
28 30 2462
28 31 48
28 32 1279
28 33 2510
28 34 96
28 35 1327
28 36 2558
28 37 144
28 38 1375
28 39 2606
28 40 192
28 41 1423
28 42 2654
28 43 240
28 44 1471
28 45 2702
28 46 288
28 47 1519
28 48 2750
28 49 336
28 50 1567
28 51 2798
28 52 384
28 53 1615
28 54 2846
28 55 432
28 56 1663
28 57 2894
28 58 480
28 59 1711
28 60 2942
28 61 528
28 62 1759
28 63 2990
28 64 576
28 65 1807
28 66 3038
28 67 624
28 68 1855
28 69 3086
28 70 672
28 71 1903
28 72 3134
28 73 720
28 74 1951
28 75 3182
28 76 768
28 77 1999
28 78 3230
28 79 816
28 80 2047
28 81 3278
28 82 120
29 0 1351
29 1 442
29 2 826
29 3 1004
29 4 1216
29 5 1050
29 6 1230
29 7 1054
29 8 1097
29 9 728
29 10 1008
29 11 1091
29 12 1043
29 13 971
29 14 393
29 15 885
29 16 1620
29 17 451
29 18 1214
29 19 1240
29 20 1493
29 21 1440
29 22 1344
29 23 1324
29 24 711
29 25 692
29 26 1298
29 27 999
29 28 1231
29 29 0
29 30 1231
29 31 1279
29 32 48
29 33 1279
29 34 1327
29 35 96
29 36 1327
29 37 1375
29 38 144
29 39 1375
29 40 1423
29 41 192
29 42 1423
29 43 1471
29 44 240
29 45 1471
29 46 1519
29 47 288
29 48 1519
29 49 1567
29 50 336
29 51 1567
29 52 1615
29 53 384
29 54 1615
29 55 1663
29 56 432
29 57 1663
29 58 1711
29 59 480
29 60 1711
29 61 1759
29 62 528
29 63 1759
29 64 1807
29 65 576
29 66 1807
29 67 1855
29 68 624
29 69 1855
29 70 1903
29 71 672
29 72 1903
29 73 1951
29 74 720
29 75 1951
29 76 1999
29 77 768
29 78 1999
29 79 2047
29 80 816
29 81 2047
29 82 1351
30 0 2582
30 1 1673
30 2 2057
30 3 419
30 4 111
30 5 1141
30 6 385
30 7 2285
30 8 2328
30 9 1959
30 10 2239
30 11 2322
30 12 380
30 13 932
30 14 1624
30 15 1210
30 16 2851
30 17 1682
30 18 785
30 19 759
30 20 986
30 21 2671
30 22 2575
30 23 2555
30 24 1942
30 25 1923
30 26 2529
30 27 1480
30 28 2462
30 29 1231
30 30 0
30 31 2510
30 32 1279
30 33 48
30 34 2558
30 35 1327
30 36 96
30 37 2606
30 38 1375
30 39 144
30 40 2654
30 41 1423
30 42 192
30 43 2702
30 44 1471
30 45 240
30 46 2750
30 47 1519
30 48 288
30 49 2798
30 50 1567
30 51 336
30 52 2846
30 53 1615
30 54 384
30 55 2894
30 56 1663
30 57 432
30 58 2942
30 59 1711
30 60 480
30 61 2990
30 62 1759
30 63 528
30 64 3038
30 65 1807
30 66 576
30 67 3086
30 68 1855
30 69 624
30 70 3134
30 71 1903
30 72 672
30 73 3182
30 74 1951
30 75 720
30 76 3230
30 77 1999
30 78 768
30 79 3278
30 80 2047
30 81 816
30 82 2582
31 0 168
31 1 1317
31 2 1701
31 3 2187
31 4 2399
31 5 2233
31 6 2413
31 7 993
31 8 854
31 9 1031
31 10 1519
31 11 1628
31 12 2226
31 13 2154
31 14 982
31 15 2068
31 16 1195
31 17 1404
31 18 2397
31 19 2423
31 20 2676
31 21 703
31 22 607
31 23 1107
31 24 1144
31 25 683
31 26 1133
31 27 2182
31 28 48
31 29 1279
31 30 2510
31 31 0
31 32 1231
31 33 2462
31 34 48
31 35 1279
31 36 2510
31 37 96
31 38 1327
31 39 2558
31 40 144
31 41 1375
31 42 2606
31 43 192
31 44 1423
31 45 2654
31 46 240
31 47 1471
31 48 2702
31 49 288
31 50 1519
31 51 2750
31 52 336
31 53 1567
31 54 2798
31 55 384
31 56 1615
31 57 2846
31 58 432
31 59 1663
31 60 2894
31 61 480
31 62 1711
31 63 2942
31 64 528
31 65 1759
31 66 2990
31 67 576
31 68 1807
31 69 3038
31 70 624
31 71 1855
31 72 3086
31 73 672
31 74 1903
31 75 3134
31 76 720
31 77 1951
31 78 3182
31 79 768
31 80 1999
31 81 3230
31 82 168
32 0 1399
32 1 394
32 2 778
32 3 956
32 4 1168
32 5 1002
32 6 1182
32 7 1006
32 8 1049
32 9 680
32 10 960
32 11 1043
32 12 995
32 13 923
32 14 345
32 15 837
32 16 1572
32 17 403
32 18 1166
32 19 1192
32 20 1445
32 21 1392
32 22 1296
32 23 1276
32 24 663
32 25 644
32 26 1250
32 27 951
32 28 1279
32 29 48
32 30 1279
32 31 1231
32 32 0
32 33 1231
32 34 1279
32 35 48
32 36 1279
32 37 1327
32 38 96
32 39 1327
32 40 1375
32 41 144
32 42 1375
32 43 1423
32 44 192
32 45 1423
32 46 1471
32 47 240
32 48 1471
32 49 1519
32 50 288
32 51 1519
32 52 1567
32 53 336
32 54 1567
32 55 1615
32 56 384
32 57 1615
32 58 1663
32 59 432
32 60 1663
32 61 1711
32 62 480
32 63 1711
32 64 1759
32 65 528
32 66 1759
32 67 1807
32 68 576
32 69 1807
32 70 1855
32 71 624
32 72 1855
32 73 1903
32 74 672
32 75 1903
32 76 1951
32 77 720
32 78 1951
32 79 1999
32 80 768
32 81 1999
32 82 1399
33 0 2630
33 1 1625
33 2 2009
33 3 371
33 4 63
33 5 1093
33 6 337
33 7 2237
33 8 2280
33 9 1911
33 10 2191
33 11 2274
33 12 332
33 13 884
33 14 1576
33 15 1162
33 16 2803
33 17 1634
33 18 737
33 19 711
33 20 938
33 21 2623
33 22 2527
33 23 2507
33 24 1894
33 25 1875
33 26 2481
33 27 1432
33 28 2510
33 29 1279
33 30 48
33 31 2462
33 32 1231
33 33 0
33 34 2510
33 35 1279
33 36 48
33 37 2558
33 38 1327
33 39 96
33 40 2606
33 41 1375
33 42 144
33 43 2654
33 44 1423
33 45 192
33 46 2702
33 47 1471
33 48 240
33 49 2750
33 50 1519
33 51 288
33 52 2798
33 53 1567
33 54 336
33 55 2846
33 56 1615
33 57 384
33 58 2894
33 59 1663
33 60 432
33 61 2942
33 62 1711
33 63 480
33 64 2990
33 65 1759
33 66 528
33 67 3038
33 68 1807
33 69 576
33 70 3086
33 71 1855
33 72 624
33 73 3134
33 74 1903
33 75 672
33 76 3182
33 77 1951
33 78 720
33 79 3230
33 80 1999
33 81 768
33 82 2630
34 0 216
34 1 1269
34 2 1653
34 3 2139
34 4 2447
34 5 2185
34 6 2365
34 7 945
34 8 806
34 9 983
34 10 1471
34 11 1580
34 12 2178
34 13 2106
34 14 934
34 15 2020
34 16 1147
34 17 1356
34 18 2349
34 19 2375
34 20 2628
34 21 655
34 22 559
34 23 1059
34 24 1096
34 25 635
34 26 1085
34 27 2134
34 28 96
34 29 1327
34 30 2558
34 31 48
34 32 1279
34 33 2510
34 34 0
34 35 1231
34 36 2462
34 37 48
34 38 1279
34 39 2510
34 40 96
34 41 1327
34 42 2558
34 43 144
34 44 1375
34 45 2606
34 46 192
34 47 1423
34 48 2654
34 49 240
34 50 1471
34 51 2702
34 52 288
34 53 1519
34 54 2750
34 55 336
34 56 1567
34 57 2798
34 58 384
34 59 1615
34 60 2846
34 61 432
34 62 1663
34 63 2894
34 64 480
34 65 1711
34 66 2942
34 67 528
34 68 1759
34 69 2990
34 70 576
34 71 1807
34 72 3038
34 73 624
34 74 1855
34 75 3086
34 76 672
34 77 1903
34 78 3134
34 79 720
34 80 1951
34 81 3182
34 82 216
35 0 1447
35 1 346
35 2 730
35 3 908
35 4 1216
35 5 954
35 6 1134
35 7 958
35 8 1001
35 9 632
35 10 912
35 11 995
35 12 947
35 13 875
35 14 297
35 15 789
35 16 1524
35 17 355
35 18 1118
35 19 1144
35 20 1397
35 21 1344
35 22 1248
35 23 1228
35 24 615
35 25 596
35 26 1202
35 27 903
35 28 1327
35 29 96
35 30 1327
35 31 1279
35 32 48
35 33 1279
35 34 1231
35 35 0
35 36 1231
35 37 1279
35 38 48
35 39 1279
35 40 1327
35 41 96
35 42 1327
35 43 1375
35 44 144
35 45 1375
35 46 1423
35 47 192
35 48 1423
35 49 1471
35 50 240
35 51 1471
35 52 1519
35 53 288
35 54 1519
35 55 1567
35 56 336
35 57 1567
35 58 1615
35 59 384
35 60 1615
35 61 1663
35 62 432
35 63 1663
35 64 1711
35 65 480
35 66 1711
35 67 1759
35 68 528
35 69 1759
35 70 1807
35 71 576
35 72 1807
35 73 1855
35 74 624
35 75 1855
35 76 1903
35 77 672
35 78 1903
35 79 1951
35 80 720
35 81 1951
35 82 1447
36 0 2678
36 1 1577
36 2 1961
36 3 323
36 4 111
36 5 1045
36 6 289
36 7 2189
36 8 2232
36 9 1863
36 10 2143
36 11 2226
36 12 284
36 13 836
36 14 1528
36 15 1114
36 16 2755
36 17 1586
36 18 689
36 19 663
36 20 890
36 21 2575
36 22 2479
36 23 2459
36 24 1846
36 25 1827
36 26 2433
36 27 1384
36 28 2558
36 29 1327
36 30 96
36 31 2510
36 32 1279
36 33 48
36 34 2462
36 35 1231
36 36 0
36 37 2510
36 38 1279
36 39 48
36 40 2558
36 41 1327
36 42 96
36 43 2606
36 44 1375
36 45 144
36 46 2654
36 47 1423
36 48 192
36 49 2702
36 50 1471
36 51 240
36 52 2750
36 53 1519
36 54 288
36 55 2798
36 56 1567
36 57 336
36 58 2846
36 59 1615
36 60 384
36 61 2894
36 62 1663
36 63 432
36 64 2942
36 65 1711
36 66 480
36 67 2990
36 68 1759
36 69 528
36 70 3038
36 71 1807
36 72 576
36 73 3086
36 74 1855
36 75 624
36 76 3134
36 77 1903
36 78 672
36 79 3182
36 80 1951
36 81 720
36 82 2678
37 0 264
37 1 1221
37 2 1605
37 3 2187
37 4 2495
37 5 2137
37 6 2317
37 7 897
37 8 758
37 9 935
37 10 1423
37 11 1532
37 12 2226
37 13 2058
37 14 982
37 15 1972
37 16 1099
37 17 1308
37 18 2301
37 19 2327
37 20 2580
37 21 607
37 22 511
37 23 1011
37 24 1048
37 25 683
37 26 1037
37 27 2086
37 28 144
37 29 1375
37 30 2606
37 31 96
37 32 1327
37 33 2558
37 34 48
37 35 1279
37 36 2510
37 37 0
37 38 1231
37 39 2462
37 40 48
37 41 1279
37 42 2510
37 43 96
37 44 1327
37 45 2558
37 46 144
37 47 1375
37 48 2606
37 49 192
37 50 1423
37 51 2654
37 52 240
37 53 1471
37 54 2702
37 55 288
37 56 1519
37 57 2750
37 58 336
37 59 1567
37 60 2798
37 61 384
37 62 1615
37 63 2846
37 64 432
37 65 1663
37 66 2894
37 67 480
37 68 1711
37 69 2942
37 70 528
37 71 1759
37 72 2990
37 73 576
37 74 1807
37 75 3038
37 76 624
37 77 1855
37 78 3086
37 79 672
37 80 1903
37 81 3134
37 82 264
38 0 1495
38 1 298
38 2 682
38 3 956
38 4 1264
38 5 906
38 6 1086
38 7 910
38 8 953
38 9 584
38 10 864
38 11 947
38 12 995
38 13 827
38 14 345
38 15 741
38 16 1476
38 17 307
38 18 1070
38 19 1096
38 20 1349
38 21 1296
38 22 1200
38 23 1180
38 24 567
38 25 644
38 26 1154
38 27 855
38 28 1375
38 29 144
38 30 1375
38 31 1327
38 32 96
38 33 1327
38 34 1279
38 35 48
38 36 1279
38 37 1231
38 38 0
38 39 1231
38 40 1279
38 41 48
38 42 1279
38 43 1327
38 44 96
38 45 1327
38 46 1375
38 47 144
38 48 1375
38 49 1423
38 50 192
38 51 1423
38 52 1471
38 53 240
38 54 1471
38 55 1519
38 56 288
38 57 1519
38 58 1567
38 59 336
38 60 1567
38 61 1615
38 62 384
38 63 1615
38 64 1663
38 65 432
38 66 1663
38 67 1711
38 68 480
38 69 1711
38 70 1759
38 71 528
38 72 1759
38 73 1807
38 74 576
38 75 1807
38 76 1855
38 77 624
38 78 1855
38 79 1903
38 80 672
38 81 1903
38 82 1495
39 0 2726
39 1 1529
39 2 1913
39 3 371
39 4 159
39 5 997
39 6 241
39 7 2141
39 8 2184
39 9 1815
39 10 2095
39 11 2178
39 12 332
39 13 788
39 14 1576
39 15 1066
39 16 2707
39 17 1538
39 18 641
39 19 615
39 20 842
39 21 2527
39 22 2431
39 23 2411
39 24 1798
39 25 1875
39 26 2385
39 27 1336
39 28 2606
39 29 1375
39 30 144
39 31 2558
39 32 1327
39 33 96
39 34 2510
39 35 1279
39 36 48
39 37 2462
39 38 1231
39 39 0
39 40 2510
39 41 1279
39 42 48
39 43 2558
39 44 1327
39 45 96
39 46 2606
39 47 1375
39 48 144
39 49 2654
39 50 1423
39 51 192
39 52 2702
39 53 1471
39 54 240
39 55 2750
39 56 1519
39 57 288
39 58 2798
39 59 1567
39 60 336
39 61 2846
39 62 1615
39 63 384
39 64 2894
39 65 1663
39 66 432
39 67 2942
39 68 1711
39 69 480
39 70 2990
39 71 1759
39 72 528
39 73 3038
39 74 1807
39 75 576
39 76 3086
39 77 1855
39 78 624
39 79 3134
39 80 1903
39 81 672
39 82 2726
40 0 312
40 1 1173
40 2 1557
40 3 2235
40 4 2543
40 5 2089
40 6 2269
40 7 849
40 8 710
40 9 887
40 10 1375
40 11 1484
40 12 2274
40 13 2010
40 14 1030
40 15 1924
40 16 1051
40 17 1260
40 18 2253
40 19 2279
40 20 2532
40 21 559
40 22 463
40 23 963
40 24 1000
40 25 731
40 26 989
40 27 2038
40 28 192
40 29 1423
40 30 2654
40 31 144
40 32 1375
40 33 2606
40 34 96
40 35 1327
40 36 2558
40 37 48
40 38 1279
40 39 2510
40 40 0
40 41 1231
40 42 2462
40 43 48
40 44 1279
40 45 2510
40 46 96
40 47 1327
40 48 2558
40 49 144
40 50 1375
40 51 2606
40 52 192
40 53 1423
40 54 2654
40 55 240
40 56 1471
40 57 2702
40 58 288
40 59 1519
40 60 2750
40 61 336
40 62 1567
40 63 2798
40 64 384
40 65 1615
40 66 2846
40 67 432
40 68 1663
40 69 2894
40 70 480
40 71 1711
40 72 2942
40 73 528
40 74 1759
40 75 2990
40 76 576
40 77 1807
40 78 3038
40 79 624
40 80 1855
40 81 3086
40 82 312
41 0 1543
41 1 250
41 2 634
41 3 1004
41 4 1312
41 5 858
41 6 1038
41 7 862
41 8 905
41 9 536
41 10 816
41 11 899
41 12 1043
41 13 779
41 14 393
41 15 693
41 16 1428
41 17 259
41 18 1022
41 19 1048
41 20 1301
41 21 1248
41 22 1152
41 23 1132
41 24 519
41 25 692
41 26 1106
41 27 807
41 28 1423
41 29 192
41 30 1423
41 31 1375
41 32 144
41 33 1375
41 34 1327
41 35 96
41 36 1327
41 37 1279
41 38 48
41 39 1279
41 40 1231
41 41 0
41 42 1231
41 43 1279
41 44 48
41 45 1279
41 46 1327
41 47 96
41 48 1327
41 49 1375
41 50 144
41 51 1375
41 52 1423
41 53 192
41 54 1423
41 55 1471
41 56 240
41 57 1471
41 58 1519
41 59 288
41 60 1519
41 61 1567
41 62 336
41 63 1567
41 64 1615
41 65 384
41 66 1615
41 67 1663
41 68 432
41 69 1663
41 70 1711
41 71 480
41 72 1711
41 73 1759
41 74 528
41 75 1759
41 76 1807
41 77 576
41 78 1807
41 79 1855
41 80 624
41 81 1855
41 82 1543
42 0 2774
42 1 1481
42 2 1865
42 3 419
42 4 207
42 5 949
42 6 193
42 7 2093
42 8 2136
42 9 1767
42 10 2047
42 11 2130
42 12 380
42 13 740
42 14 1624
42 15 1018
42 16 2659
42 17 1490
42 18 593
42 19 567
42 20 794
42 21 2479
42 22 2383
42 23 2363
42 24 1750
42 25 1923
42 26 2337
42 27 1288
42 28 2654
42 29 1423
42 30 192
42 31 2606
42 32 1375
42 33 144
42 34 2558
42 35 1327
42 36 96
42 37 2510
42 38 1279
42 39 48
42 40 2462
42 41 1231
42 42 0
42 43 2510
42 44 1279
42 45 48
42 46 2558
42 47 1327
42 48 96
42 49 2606
42 50 1375
42 51 144
42 52 2654
42 53 1423
42 54 192
42 55 2702
42 56 1471
42 57 240
42 58 2750
42 59 1519
42 60 288
42 61 2798
42 62 1567
42 63 336
42 64 2846
42 65 1615
42 66 384
42 67 2894
42 68 1663
42 69 432
42 70 2942
42 71 1711
42 72 480
42 73 2990
42 74 1759
42 75 528
42 76 3038
42 77 1807
42 78 576
42 79 3086
42 80 1855
42 81 624
42 82 2774
43 0 360
43 1 1125
43 2 1509
43 3 2283
43 4 2591
43 5 2041
43 6 2317
43 7 801
43 8 662
43 9 839
43 10 1327
43 11 1436
43 12 2322
43 13 1962
43 14 1078
43 15 1876
43 16 1003
