//alpha
1
//NbLocations
46
//NbProducts
27
//NbPickers
2
//CapaPicker
8
//TimeToTravelOneDistanceUnit
3
//SetupTime
5400
//PickTime
300
//Products
//Idx Location Size
1 1 1
2 2 1
3 3 1
4 4 1
5 5 1
6 6 1
7 7 1
8 8 1
9 9 1
10 10 1
11 11 1
12 12 1
13 13 1
14 14 1
15 15 1
16 16 1
17 17 1
18 18 1
19 19 1
20 20 1
21 21 1
22 22 1
23 23 1
24 24 1
25 25 1
26 26 1
27 27 1
//Orders
//NbOrders
18
//Idx DueDate TardinessPenalty NbProdInOrder ProdIdx1 Qty1 ProdIdx2 Qty2 ...
1 90000 0 1 1 1
2 108000 0 1 2 1
3 90000 0 1 3 1
4 144000 0 1 4 1
5 72000 0 1 5 1
6 72000 0 3 6 1 7 1 8 1
7 108000 0 1 9 1
8 144000 0 2 10 1 11 1
9 126000 0 2 12 1 13 1
10 72000 0 2 14 1 15 1
11 72000 0 2 16 1 17 1
12 108000 0 2 18 1 19 1
13 90000 0 2 20 1 21 1
14 36000 0 1 22 1
15 126000 0 1 23 1
16 126000 0 1 24 1
17 126000 0 2 25 1 26 1
18 108000 0 1 27 1
//Graph (Products are vertices indexed from 1 to NbProducts)
//NbVerticesIntersections
18
//DepartingDepot
0
//ArrivalDepot
46
//Arcs
//Start End Distance
0 28 120
1 32 401
1 33 50
2 22 117
2 26 26
3 5 13
3 6 13
4 25 65
4 29 89
5 3 13
5 45 76
6 3 13
6 44 349
7 19 104
7 20 0
8 18 104
8 32 128
9 22 91
9 40 89
10 16 39
10 30 141
11 24 182
11 38 167
12 41 180
12 42 271
13 35 219
13 36 232
14 27 52
14 44 297
15 18 130
15 31 89
16 10 39
16 25 117
17 21 130
17 35 102
18 8 104
18 15 130
19 7 104
19 29 50
20 7 0
20 23 65
21 17 130
21 34 219
22 2 117
22 9 91
23 20 65
23 28 232
24 11 182
24 39 102
25 4 65
25 16 117
26 2 26
26 41 128
27 14 52
27 43 102
28 23 232
28 31 48
28 46 120
29 4 89
29 19 50
29 32 48
30 10 141
30 33 48
31 15 89
31 28 48
31 34 48
32 1 401
32 8 128
32 29 48
32 35 48
33 1 50
33 30 48
33 36 48
34 21 219
34 31 48
34 37 48
35 13 219
35 17 102
35 32 48
35 38 48
36 13 232
36 33 48
36 39 48
37 34 48
37 38 451
37 40 48
38 11 167
38 35 48
38 37 451
38 41 48
39 24 102
39 36 48
39 42 48
40 9 89
40 37 48
40 43 48
41 12 180
41 26 128
41 38 48
41 44 48
42 12 271
42 39 48
42 45 48
43 27 102
43 40 48
44 6 349
44 14 297
44 41 48
45 5 76
45 42 48
//LocStart LocEnd ShortestPath
0 0 0
0 1 1020
0 2 609
0 3 1173
0 4 660
0 5 1186
0 6 1160
0 7 417
0 8 491
0 9 401
0 10 881
0 11 882
0 12 943
0 13 886
0 14 514
0 15 257
0 16 842
0 17 565
0 18 387
0 19 521
0 20 417
0 21 435
0 22 492
0 23 352
0 24 1064
0 25 725
0 26 635
0 27 462
0 28 120
0 29 571
0 30 1022
0 31 168
0 32 619
0 33 1070
0 34 216
0 35 667
0 36 1118
0 37 264
0 38 715
0 39 1166
0 40 312
0 41 763
0 42 1214
0 43 360
0 44 811
0 45 1262
0 46 0
1 0 1020
1 1 0
1 2 699
1 3 331
1 4 460
1 5 318
1 6 344
1 7 603
1 8 529
1 9 907
1 10 239
1 11 430
1 12 465
1 13 330
1 14 890
1 15 763
1 16 278
1 17 551
1 18 633
1 19 499
1 20 603
1 21 681
1 22 816
1 23 668
1 24 248
1 25 395
1 26 673
1 27 942
1 28 900
1 29 449
1 30 98
1 31 852
1 32 401
1 33 50
1 34 900
1 35 449
1 36 98
1 37 948
1 38 497
1 39 146
1 40 996
1 41 545
1 42 194
1 43 1044
1 44 593
1 45 242
1 46 1020
2 0 609
2 1 699
2 2 0
2 3 564
2 4 435
2 5 577
2 6 551
2 7 500
2 8 426
2 9 208
2 10 656
2 11 369
2 12 334
2 13 469
2 14 499
2 15 530
2 16 617
2 17 352
2 18 530
2 19 396
2 20 500
2 21 482
2 22 117
2 23 565
2 24 551
2 25 500
2 26 26
2 27 447
2 28 489
2 29 346
2 30 797
2 31 441
2 32 298
2 33 749
2 34 393
2 35 250
2 36 701
2 37 345
2 38 202
2 39 653
2 40 297
2 41 154
2 42 605
2 43 345
2 44 202
2 45 653
2 46 609
3 0 1173
3 1 331
3 2 564
3 3 0
3 4 691
3 5 13
3 6 13
3 7 756
3 8 682
3 9 772
3 10 470
3 11 469
3 12 408
3 13 465
3 14 659
3 15 916
3 16 509
3 17 608
3 18 786
3 19 652
3 20 756
3 21 738
3 22 681
3 23 821
3 24 287
3 25 626
3 26 538
3 27 711
3 28 1053
3 29 602
3 30 329
3 31 1005
3 32 554
3 33 281
3 34 957
3 35 506
3 36 233
3 37 909
3 38 458
3 39 185
3 40 861
3 41 410
3 42 137
3 43 813
3 44 362
3 45 89
3 46 1173
4 0 660
4 1 460
4 2 435
4 3 691
4 4 0
4 5 678
4 6 678
4 7 243
4 8 265
4 9 643
4 10 221
4 11 400
4 12 461
4 13 404
4 14 626
4 15 499
4 16 182
4 17 287
4 18 369
4 19 139
4 20 243
4 21 417
4 22 552
4 23 308
4 24 582
4 25 65
4 26 409
4 27 678
4 28 540
4 29 89
4 30 362
4 31 588
4 32 137
4 33 410
4 34 636
4 35 185
4 36 458
4 37 684
4 38 233
4 39 506
4 40 732
4 41 281
4 42 554
4 43 780
4 44 329
4 45 602
4 46 660
5 0 1186
5 1 318
5 2 577
5 3 13
5 4 678
5 5 0
5 6 26
5 7 769
5 8 695
5 9 785
5 10 457
5 11 456
5 12 395
5 13 452
5 14 672
5 15 929
5 16 496
5 17 621
5 18 799
5 19 665
5 20 769
5 21 751
5 22 694
5 23 834
5 24 274
5 25 613
5 26 551
5 27 724
5 28 1066
5 29 615
5 30 316
5 31 1018
5 32 567
5 33 268
5 34 970
5 35 519
5 36 220
5 37 922
5 38 471
5 39 172
5 40 874
5 41 423
5 42 124
5 43 826
5 44 375
5 45 76
5 46 1186
6 0 1160
6 1 344
6 2 551
6 3 13
6 4 678
6 5 26
6 6 0
6 7 743
6 8 669
6 9 759
6 10 483
6 11 482
6 12 421
6 13 478
6 14 646
6 15 903
6 16 522
6 17 595
6 18 773
6 19 639
6 20 743
6 21 725
6 22 668
6 23 808
6 24 300
6 25 639
6 26 525
6 27 698
6 28 1040
6 29 589
6 30 342
6 31 992
6 32 541
6 33 294
6 34 944
6 35 493
6 36 246
6 37 896
6 38 445
6 39 198
6 40 848
6 41 397
6 42 150
6 43 800
6 44 349
6 45 102
6 46 1160
7 0 417
7 1 603
7 2 500
7 3 756
7 4 243
7 5 769
7 6 743
7 7 0
7 8 330
7 9 578
7 10 464
7 11 465
7 12 526
7 13 469
7 14 691
7 15 434
7 16 425
7 17 352
7 18 434
7 19 104
7 20 0
7 21 482
7 22 617
7 23 65
7 24 647
7 25 308
7 26 474
7 27 639
7 28 297
7 29 154
7 30 605
7 31 345
7 32 202
7 33 653
7 34 393
7 35 250
7 36 701
7 37 441
7 38 298
7 39 749
7 40 489
7 41 346
7 42 797
7 43 537
7 44 394
7 45 845
7 46 417
8 0 491
8 1 529
8 2 426
8 3 682
8 4 265
8 5 695
8 6 669
8 7 330
8 8 0
8 9 556
8 10 486
8 11 391
8 12 452
8 13 395
8 14 617
8 15 234
8 16 447
8 17 278
8 18 104
8 19 226
8 20 330
8 21 408
8 22 543
8 23 395
8 24 573
8 25 330
8 26 400
8 27 617
8 28 371
8 29 176
8 30 627
8 31 323
8 32 128
8 33 579
8 34 371
8 35 176
8 36 627
8 37 419
8 38 224
8 39 675
8 40 467
8 41 272
8 42 723
8 43 515
8 44 320
8 45 771
8 46 491
9 0 401
9 1 907
9 2 208
9 3 772
9 4 643
9 5 785
9 6 759
9 7 578
9 8 556
9 9 0
9 10 864
9 11 577
9 12 542
9 13 677
9 14 291
9 15 322
9 16 825
9 17 534
9 18 452
9 19 604
9 20 578
9 21 404
9 22 91
9 23 513
9 24 759
9 25 708
9 26 234
9 27 239
9 28 281
9 29 554
9 30 1005
9 31 233
9 32 506
9 33 957
9 34 185
9 35 458
9 36 909
9 37 137
9 38 410
9 39 861
9 40 89
9 41 362
9 42 813
9 43 137
9 44 410
9 45 861
9 46 401
10 0 881
10 1 239
10 2 656
10 3 470
10 4 221
10 5 457
10 6 483
10 7 464
10 8 486
10 9 864
10 10 0
10 11 569
10 12 604
10 13 469
10 14 847
10 15 720
10 16 39
10 17 508
10 18 590
10 19 360
10 20 464
10 21 638
10 22 773
10 23 529
10 24 387
10 25 156
10 26 630
10 27 899
10 28 761
10 29 310
10 30 141
10 31 809
10 32 358
10 33 189
10 34 857
10 35 406
10 36 237
10 37 905
10 38 454
10 39 285
10 40 953
10 41 502
10 42 333
10 43 1001
10 44 550
10 45 381
10 46 881
11 0 882
11 1 430
11 2 369
11 3 469
11 4 400
11 5 456
11 6 482
11 7 465
11 8 391
11 9 577
11 10 569
11 11 0
11 12 395
11 13 434
11 14 560
11 15 625
11 16 582
11 17 317
11 18 495
11 19 361
11 20 465
11 21 447
11 22 486
11 23 530
11 24 182
11 25 465
11 26 343
11 27 612
11 28 762
11 29 311
11 30 428
11 31 714
11 32 263
11 33 380
11 34 666
11 35 215
11 36 332
11 37 618
11 38 167
11 39 284
11 40 666
11 41 215
11 42 332
11 43 714
11 44 263
11 45 380
11 46 882
12 0 943
12 1 465
12 2 334
12 3 408
12 4 461
12 5 395
12 6 421
12 7 526
12 8 452
12 9 542
12 10 604
12 11 395
12 12 0
12 13 495
12 14 525
12 15 686
12 16 643
12 17 378
12 18 556
12 19 422
12 20 526
12 21 508
12 22 451
12 23 591
12 24 421
12 25 526
12 26 308
12 27 577
12 28 823
12 29 372
12 30 463
12 31 775
12 32 324
12 33 415
12 34 727
12 35 276
12 36 367
12 37 679
12 38 228
12 39 319
12 40 631
12 41 180
12 42 271
12 43 679
12 44 228
12 45 319
12 46 943
13 0 886
13 1 330
13 2 469
13 3 465
13 4 404
13 5 452
13 6 478
13 7 469
13 8 395
13 9 677
13 10 469
13 11 434
13 12 495
13 13 0
13 14 660
13 15 629
13 16 508
13 17 321
13 18 499
13 19 365
13 20 469
13 21 451
13 22 586
13 23 534
13 24 382
13 25 469
13 26 443
13 27 712
13 28 766
13 29 315
13 30 328
13 31 718
13 32 267
13 33 280
13 34 670
13 35 219
13 36 232
13 37 718
13 38 267
13 39 280
13 40 766
13 41 315
13 42 328
13 43 814
13 44 363
13 45 376
13 46 886
14 0 514
14 1 890
14 2 499
14 3 659
14 4 626
14 5 672
14 6 646
14 7 691
14 8 617
14 9 291
14 10 847
14 11 560
14 12 525
14 13 660
14 14 0
14 15 435
14 16 808
14 17 543
14 18 565
14 19 587
14 20 691
14 21 517
14 22 382
14 23 626
14 24 742
14 25 691
14 26 473
14 27 52
14 28 394
14 29 537
14 30 988
14 31 346
14 32 489
14 33 940
14 34 298
14 35 441
14 36 892
14 37 250
14 38 393
14 39 844
14 40 202
14 41 345
14 42 796
14 43 154
14 44 297
14 45 748
14 46 514
15 0 257
15 1 763
15 2 530
15 3 916
15 4 499
15 5 929
15 6 903
15 7 434
15 8 234
15 9 322
15 10 720
15 11 625
15 12 686
15 13 629
15 14 435
15 15 0
15 16 681
15 17 486
15 18 130
15 19 460
15 20 434
15 21 356
15 22 413
15 23 369
15 24 807
15 25 564
15 26 556
15 27 383
15 28 137
15 29 410
15 30 861
15 31 89
15 32 362
15 33 813
15 34 137
15 35 410
15 36 861
15 37 185
15 38 458
15 39 909
15 40 233
15 41 506
15 42 957
15 43 281
15 44 554
15 45 1005
15 46 257
16 0 842
16 1 278
16 2 617
16 3 509
16 4 182
16 5 496
16 6 522
16 7 425
16 8 447
16 9 825
16 10 39
16 11 582
16 12 643
16 13 508
16 14 808
16 15 681
16 16 0
16 17 469
16 18 551
16 19 321
16 20 425
16 21 599
16 22 734
16 23 490
16 24 426
16 25 117
16 26 591
16 27 860
16 28 722
16 29 271
16 30 180
16 31 770
16 32 319
16 33 228
16 34 818
16 35 367
16 36 276
16 37 866
16 38 415
16 39 324
16 40 914
16 41 463
16 42 372
16 43 962
16 44 511
16 45 420
16 46 842
17 0 565
17 1 551
17 2 352
17 3 608
17 4 287
17 5 621
17 6 595
17 7 352
17 8 278
17 9 534
17 10 508
17 11 317
17 12 378
17 13 321
17 14 543
17 15 486
17 16 469
17 17 0
17 18 382
17 19 248
17 20 352
17 21 130
17 22 469
17 23 417
17 24 499
17 25 352
17 26 326
17 27 595
17 28 445
17 29 198
17 30 649
17 31 397
17 32 150
17 33 601
17 34 349
17 35 102
17 36 553
17 37 397
17 38 150
17 39 601
17 40 445
17 41 198
17 42 649
17 43 493
17 44 246
17 45 697
17 46 565
18 0 387
18 1 633
18 2 530
18 3 786
18 4 369
18 5 799
18 6 773
18 7 434
18 8 104
18 9 452
18 10 590
18 11 495
18 12 556
18 13 499
18 14 565
18 15 130
18 16 551
18 17 382
18 18 0
18 19 330
18 20 434
18 21 486
18 22 543
18 23 499
18 24 677
18 25 434
18 26 504
18 27 513
18 28 267
18 29 280
18 30 731
18 31 219
18 32 232
18 33 683
18 34 267
18 35 280
18 36 731
18 37 315
18 38 328
18 39 779
18 40 363
18 41 376
18 42 827
18 43 411
18 44 424
18 45 875
18 46 387
19 0 521
19 1 499
19 2 396
19 3 652
19 4 139
19 5 665
19 6 639
19 7 104
19 8 226
19 9 604
19 10 360
19 11 361
19 12 422
19 13 365
19 14 587
19 15 460
19 16 321
19 17 248
19 18 330
19 19 0
19 20 104
19 21 378
19 22 513
19 23 169
19 24 543
19 25 204
19 26 370
19 27 639
19 28 401
19 29 50
19 30 501
19 31 449
19 32 98
19 33 549
19 34 497
19 35 146
19 36 597
19 37 545
19 38 194
19 39 645
19 40 593
19 41 242
19 42 693
19 43 641
19 44 290
19 45 741
19 46 521
20 0 417
20 1 603
20 2 500
20 3 756
20 4 243
20 5 769
20 6 743
20 7 0
20 8 330
20 9 578
20 10 464
20 11 465
20 12 526
20 13 469
20 14 691
20 15 434
20 16 425
20 17 352
20 18 434
20 19 104
20 20 0
20 21 482
20 22 617
20 23 65
20 24 647
20 25 308
20 26 474
20 27 639
20 28 297
20 29 154
20 30 605
20 31 345
20 32 202
20 33 653
20 34 393
20 35 250
20 36 701
20 37 441
20 38 298
20 39 749
20 40 489
20 41 346
20 42 797
20 43 537
20 44 394
20 45 845
20 46 417
21 0 435
21 1 681
21 2 482
21 3 738
21 4 417
21 5 751
21 6 725
21 7 482
21 8 408
21 9 404
21 10 638
21 11 447
21 12 508
21 13 451
21 14 517
21 15 356
21 16 599
21 17 130
21 18 486
21 19 378
21 20 482
21 21 0
21 22 495
21 23 547
21 24 629
21 25 482
21 26 456
21 27 465
21 28 315
21 29 328
21 30 779
21 31 267
21 32 280
21 33 731
21 34 219
21 35 232
21 36 683
21 37 267
21 38 280
21 39 731
21 40 315
21 41 328
21 42 779
21 43 363
21 44 376
21 45 827
21 46 435
22 0 492
22 1 816
22 2 117
22 3 681
22 4 552
22 5 694
22 6 668
22 7 617
22 8 543
22 9 91
22 10 773
22 11 486
22 12 451
22 13 586
22 14 382
22 15 413
22 16 734
22 17 469
22 18 543
22 19 513
22 20 617
22 21 495
22 22 0
22 23 604
22 24 668
22 25 617
22 26 143
22 27 330
22 28 372
22 29 463
22 30 914
22 31 324
22 32 415
22 33 866
22 34 276
22 35 367
22 36 818
22 37 228
22 38 319
22 39 770
22 40 180
22 41 271
22 42 722
22 43 228
22 44 319
22 45 770
22 46 492
23 0 352
23 1 668
23 2 565
23 3 821
23 4 308
23 5 834
23 6 808
23 7 65
23 8 395
23 9 513
23 10 529
23 11 530
23 12 591
23 13 534
23 14 626
23 15 369
23 16 490
23 17 417
23 18 499
23 19 169
23 20 65
23 21 547
23 22 604
23 23 0
23 24 712
23 25 373
23 26 539
23 27 574
23 28 232
23 29 219
23 30 670
23 31 280
23 32 267
23 33 718
23 34 328
23 35 315
23 36 766
23 37 376
23 38 363
23 39 814
23 40 424
23 41 411
23 42 862
23 43 472
23 44 459
23 45 910
23 46 352
24 0 1064
24 1 248
24 2 551
24 3 287
24 4 582
24 5 274
24 6 300
24 7 647
24 8 573
24 9 759
24 10 387
24 11 182
24 12 421
24 13 382
24 14 742
24 15 807
24 16 426
24 17 499
24 18 677
24 19 543
24 20 647
24 21 629
24 22 668
24 23 712
24 24 0
24 25 543
24 26 525
24 27 794
24 28 944
24 29 493
24 30 246
24 31 896
24 32 445
24 33 198
24 34 848
24 35 397
24 36 150
24 37 800
24 38 349
24 39 102
24 40 848
24 41 397
24 42 150
24 43 896
24 44 445
24 45 198
24 46 1064
25 0 725
25 1 395
25 2 500
25 3 626
25 4 65
25 5 613
25 6 639
25 7 308
25 8 330
25 9 708
25 10 156
25 11 465
25 12 526
25 13 469
25 14 691
25 15 564
25 16 117
25 17 352
25 18 434
25 19 204
25 20 308
25 21 482
25 22 617
25 23 373
25 24 543
25 25 0
25 26 474
25 27 743
25 28 605
25 29 154
25 30 297
25 31 653
25 32 202
25 33 345
25 34 701
25 35 250
25 36 393
25 37 749
25 38 298
25 39 441
25 40 797
25 41 346
25 42 489
25 43 845
25 44 394
25 45 537
25 46 725
26 0 635
26 1 673
26 2 26
26 3 538
26 4 409
26 5 551
26 6 525
26 7 474
26 8 400
26 9 234
26 10 630
26 11 343
26 12 308
26 13 443
26 14 473
26 15 556
26 16 591
26 17 326
26 18 504
26 19 370
26 20 474
26 21 456
26 22 143
26 23 539
26 24 525
26 25 474
26 26 0
26 27 473
26 28 515
26 29 320
26 30 771
26 31 467
26 32 272
26 33 723
26 34 419
26 35 224
26 36 675
26 37 371
26 38 176
26 39 627
26 40 323
26 41 128
26 42 579
26 43 371
26 44 176
26 45 627
26 46 635
27 0 462
27 1 942
27 2 447
27 3 711
27 4 678
27 5 724
27 6 698
27 7 639
27 8 617
27 9 239
27 10 899
27 11 612
27 12 577
27 13 712
27 14 52
27 15 383
27 16 860
27 17 595
27 18 513
27 19 639
27 20 639
27 21 465
27 22 330
27 23 574
27 24 794
27 25 743
27 26 473
27 27 0
27 28 342
27 29 589
27 30 1040
27 31 294
27 32 541
27 33 992
27 34 246
27 35 493
27 36 944
27 37 198
27 38 445
27 39 896
27 40 150
27 41 397
27 42 848
27 43 102
27 44 349
27 45 800
27 46 462
28 0 120
28 1 900
28 2 489
28 3 1053
28 4 540
28 5 1066
28 6 1040
28 7 297
28 8 371
28 9 281
28 10 761
28 11 762
28 12 823
28 13 766
28 14 394
28 15 137
28 16 722
28 17 445
28 18 267
28 19 401
28 20 297
28 21 315
28 22 372
28 23 232
28 24 944
28 25 605
28 26 515
28 27 342
28 28 0
28 29 451
28 30 902
28 31 48
28 32 499
28 33 950
28 34 96
28 35 547
28 36 998
28 37 144
28 38 595
28 39 1046
28 40 192
28 41 643
28 42 1094
28 43 240
28 44 691
28 45 1142
28 46 120
29 0 571
29 1 449
29 2 346
29 3 602
29 4 89
29 5 615
29 6 589
29 7 154
29 8 176
29 9 554
29 10 310
29 11 311
29 12 372
29 13 315
29 14 537
29 15 410
29 16 271
29 17 198
29 18 280
29 19 50
29 20 154
29 21 328
29 22 463
29 23 219
29 24 493
29 25 154
29 26 320
29 27 589
29 28 451
29 29 0
29 30 451
29 31 499
29 32 48
29 33 499
29 34 547
29 35 96
29 36 547
29 37 595
29 38 144
29 39 595
29 40 643
29 41 192
29 42 643
29 43 691
29 44 240
29 45 691
29 46 571
30 0 1022
30 1 98
30 2 797
30 3 329
30 4 362
30 5 316
30 6 342
30 7 605
30 8 627
30 9 1005
30 10 141
30 11 428
30 12 463
30 13 328
30 14 988
30 15 861
30 16 180
30 17 649
30 18 731
30 19 501
30 20 605
30 21 779
30 22 914
30 23 670
30 24 246
30 25 297
30 26 771
30 27 1040
30 28 902
30 29 451
30 30 0
30 31 950
30 32 499
30 33 48
30 34 998
30 35 547
30 36 96
30 37 1046
30 38 595
30 39 144
30 40 1094
30 41 643
30 42 192
30 43 1142
30 44 691
30 45 240
30 46 1022
31 0 168
31 1 852
31 2 441
31 3 1005
31 4 588
31 5 1018
31 6 992
31 7 345
31 8 323
31 9 233
31 10 809
31 11 714
31 12 775
31 13 718
31 14 346
31 15 89
31 16 770
31 17 397
31 18 219
31 19 449
31 20 345
31 21 267
31 22 324
31 23 280
31 24 896
31 25 653
31 26 467
31 27 294
31 28 48
31 29 499
31 30 950
31 31 0
31 32 451
31 33 902
31 34 48
31 35 499
31 36 950
31 37 96
31 38 547
31 39 998
31 40 144
31 41 595
31 42 1046
31 43 192
31 44 643
31 45 1094
31 46 168
32 0 619
32 1 401
32 2 298
32 3 554
32 4 137
32 5 567
32 6 541
32 7 202
32 8 128
32 9 506
32 10 358
32 11 263
32 12 324
32 13 267
32 14 489
32 15 362
32 16 319
32 17 150
32 18 232
32 19 98
32 20 202
32 21 280
32 22 415
32 23 267
32 24 445
32 25 202
32 26 272
32 27 541
32 28 499
32 29 48
32 30 499
32 31 451
32 32 0
32 33 451
32 34 499
32 35 48
32 36 499
32 37 547
32 38 96
32 39 547
32 40 595
32 41 144
32 42 595
32 43 643
32 44 192
32 45 643
32 46 619
33 0 1070
33 1 50
33 2 749
33 3 281
33 4 410
33 5 268
33 6 294
33 7 653
33 8 579
33 9 957
33 10 189
33 11 380
33 12 415
33 13 280
33 14 940
33 15 813
33 16 228
33 17 601
33 18 683
33 19 549
33 20 653
33 21 731
33 22 866
33 23 718
33 24 198
33 25 345
33 26 723
33 27 992
33 28 950
33 29 499
33 30 48
33 31 902
33 32 451
33 33 0
33 34 950
33 35 499
33 36 48
33 37 998
33 38 547
33 39 96
33 40 1046
33 41 595
33 42 144
33 43 1094
33 44 643
33 45 192
33 46 1070
34 0 216
34 1 900
34 2 393
34 3 957
34 4 636
34 5 970
34 6 944
34 7 393
34 8 371
34 9 185
34 10 857
34 11 666
34 12 727
34 13 670
34 14 298
34 15 137
34 16 818
34 17 349
34 18 267
34 19 497
34 20 393
34 21 219
34 22 276
34 23 328
34 24 848
34 25 701
34 26 419
34 27 246
34 28 96
34 29 547
34 30 998
34 31 48
34 32 499
34 33 950
34 34 0
34 35 451
34 36 902
34 37 48
34 38 499
34 39 950
34 40 96
34 41 547
34 42 998
34 43 144
34 44 595
34 45 1046
34 46 216
35 0 667
35 1 449
35 2 250
35 3 506
35 4 185
35 5 519
35 6 493
35 7 250
35 8 176
35 9 458
35 10 406
35 11 215
35 12 276
35 13 219
35 14 441
35 15 410
35 16 367
35 17 102
35 18 280
35 19 146
35 20 250
35 21 232
35 22 367
35 23 315
35 24 397
35 25 250
35 26 224
35 27 493
35 28 547
35 29 96
35 30 547
35 31 499
35 32 48
35 33 499
35 34 451
35 35 0
35 36 451
35 37 499
35 38 48
35 39 499
35 40 547
35 41 96
35 42 547
35 43 595
35 44 144
35 45 595
35 46 667
36 0 1118
36 1 98
36 2 701
36 3 233
36 4 458
36 5 220
36 6 246
36 7 701
36 8 627
36 9 909
36 10 237
36 11 332
36 12 367
36 13 232
36 14 892
36 15 861
36 16 276
36 17 553
36 18 731
36 19 597
36 20 701
36 21 683
36 22 818
36 23 766
36 24 150
36 25 393
36 26 675
36 27 944
36 28 998
36 29 547
36 30 96
36 31 950
36 32 499
36 33 48
36 34 902
36 35 451
36 36 0
36 37 950
36 38 499
36 39 48
36 40 998
36 41 547
36 42 96
36 43 1046
36 44 595
36 45 144
36 46 1118
37 0 264
37 1 948
37 2 345
37 3 909
37 4 684
37 5 922
37 6 896
37 7 441
37 8 419
37 9 137
37 10 905
37 11 618
37 12 679
37 13 718
37 14 250
37 15 185
37 16 866
37 17 397
37 18 315
37 19 545
37 20 441
37 21 267
37 22 228
37 23 376
37 24 800
37 25 749
37 26 371
37 27 198
37 28 144
37 29 595
37 30 1046
37 31 96
37 32 547
37 33 998
37 34 48
37 35 499
37 36 950
37 37 0
37 38 451
37 39 902
37 40 48
37 41 499
37 42 950
37 43 96
37 44 547
37 45 998
37 46 264
38 0 715
38 1 497
38 2 202
38 3 458
38 4 233
38 5 471
38 6 445
38 7 298
38 8 224
38 9 410
38 10 454
38 11 167
38 12 228
38 13 267
38 14 393
38 15 458
38 16 415
38 17 150
38 18 328
38 19 194
38 20 298
38 21 280
38 22 319
38 23 363
38 24 349
38 25 298
38 26 176
38 27 445
38 28 595
38 29 144
38 30 595
38 31 547
38 32 96
38 33 547
38 34 499
38 35 48
38 36 499
38 37 451
38 38 0
38 39 451
38 40 499
38 41 48
38 42 499
38 43 547
38 44 96
38 45 547
38 46 715
39 0 1166
39 1 146
39 2 653
39 3 185
39 4 506
39 5 172
39 6 198
39 7 749
39 8 675
39 9 861
39 10 285
39 11 284
39 12 319
39 13 280
39 14 844
39 15 909
39 16 324
39 17 601
39 18 779
39 19 645
39 20 749
39 21 731
39 22 770
39 23 814
39 24 102
39 25 441
39 26 627
39 27 896
39 28 1046
39 29 595
39 30 144
39 31 998
39 32 547
39 33 96
39 34 950
39 35 499
39 36 48
39 37 902
39 38 451
39 39 0
39 40 950
39 41 499
39 42 48
39 43 998
39 44 547
39 45 96
39 46 1166
40 0 312
40 1 996
40 2 297
40 3 861
40 4 732
40 5 874
40 6 848
40 7 489
40 8 467
40 9 89
40 10 953
40 11 666
40 12 631
40 13 766
40 14 202
40 15 233
40 16 914
40 17 445
40 18 363
40 19 593
40 20 489
40 21 315
40 22 180
40 23 424
40 24 848
40 25 797
40 26 323
40 27 150
40 28 192
40 29 643
40 30 1094
40 31 144
40 32 595
40 33 1046
40 34 96
40 35 547
40 36 998
40 37 48
40 38 499
40 39 950
40 40 0
40 41 451
40 42 902
40 43 48
40 44 499
40 45 950
40 46 312
41 0 763
41 1 545
41 2 154
41 3 410
41 4 281
41 5 423
41 6 397
41 7 346
41 8 272
41 9 362
41 10 502
41 11 215
41 12 180
41 13 315
41 14 345
41 15 506
41 16 463
41 17 198
41 18 376
41 19 242
41 20 346
41 21 328
41 22 271
41 23 411
41 24 397
41 25 346
41 26 128
41 27 397
41 28 643
41 29 192
41 30 643
41 31 595
41 32 144
41 33 595
41 34 547
41 35 96
41 36 547
41 37 499
41 38 48
41 39 499
41 40 451
41 41 0
41 42 451
41 43 499
41 44 48
41 45 499
41 46 763
42 0 1214
42 1 194
42 2 605
42 3 137
42 4 554
42 5 124
42 6 150
42 7 797
42 8 723
42 9 813
42 10 333
42 11 332
42 12 271
42 13 328
42 14 796
42 15 957
42 16 372
42 17 649
42 18 827
42 19 693
42 20 797
42 21 779
42 22 722
42 23 862
42 24 150
42 25 489
42 26 579
42 27 848
42 28 1094
42 29 643
42 30 192
42 31 1046
42 32 595
42 33 144
42 34 998
42 35 547
42 36 96
42 37 950
42 38 499
42 39 48
42 40 902
42 41 451
42 42 0
42 43 950
42 44 499
42 45 48
42 46 1214
43 0 360
43 1 1044
43 2 345
43 3 813
43 4 780
43 5 826
43 6 800
43 7 537
43 8 515
43 9 137
43 10 1001
43 11 714
43 12 679
43 13 814
43 14 154
43 15 281
43 16 962
43 17 493
43 18 411
43 19 641
43 20 537
43 21 363
43 22 228
43 23 472
43 24 896
43 25 845
43 26 371
43 27 102
43 28 240
43 29 691
43 30 1142
43 31 192
43 32 643
43 33 1094
43 34 144
43 35 595
43 36 1046
43 37 96
43 38 547
43 39 998
43 40 48
43 41 499
43 42 950
43 43 0
43 44 451
43 45 902
43 46 360
44 0 811
44 1 593
44 2 202
44 3 362
44 4 329
44 5 375
44 6 349
44 7 394
44 8 320
44 9 410
44 10 550
44 11 263
44 12 228
44 13 363
44 14 297
44 15 554
44 16 511
44 17 246
44 18 424
44 19 290
44 20 394
44 21 376
44 22 319
44 23 459
44 24 445
44 25 394
44 26 176
44 27 349
44 28 691
44 29 240
44 30 691
44 31 643
44 32 192
44 33 643
44 34 595
44 35 144
44 36 595
44 37 547
44 38 96
44 39 547
44 40 499
44 41 48
44 42 499
44 43 451
44 44 0
44 45 451
44 46 811
45 0 1262
45 1 242
45 2 653
45 3 89
45 4 602
45 5 76
45 6 102
45 7 845
45 8 771
45 9 861
45 10 381
45 11 380
45 12 319
45 13 376
45 14 748
45 15 1005
45 16 420
45 17 697
45 18 875
45 19 741
45 20 845
45 21 827
45 22 770
45 23 910
45 24 198
45 25 537
45 26 627
45 27 800
45 28 1142
45 29 691
45 30 240
45 31 1094
45 32 643
45 33 192
45 34 1046
45 35 595
45 36 144
45 37 998
45 38 547
45 39 96
45 40 950
45 41 499
45 42 48
45 43 902
45 44 451
45 45 0
45 46 1262
46 0 0
46 1 1020
46 2 609
46 3 1173
46 4 660
46 5 1186
46 6 1160
46 7 417
46 8 491
46 9 401
46 10 881
46 11 882
46 12 943
46 13 886
46 14 514
46 15 257
46 16 842
46 17 565
46 18 387
46 19 521
46 20 417
46 21 435
46 22 492
46 23 352
46 24 1064
46 25 725
46 26 635
46 27 462
46 28 120
46 29 571
46 30 1022
46 31 168
46 32 619
46 33 1070
46 34 216
46 35 667
46 36 1118
46 37 264
46 38 715
46 39 1166
46 40 312
46 41 763
46 42 1214
46 43 360
46 44 811
46 45 1262
46 46 0
//Location coordinates LocationName
//Loc x y
0 0.0 0.0 "depot"
1 48.0 972.0 "product aisle 1 bloc 1 rank 58"
2 192.0 417.0 "product aisle 4 bloc 0 rank 42"
3 240.0 933.0 "product aisle 5 bloc 1 rank 51"
4 0.0 660.0 "product aisle 0 bloc 1 rank 9"
5 240.0 946.0 "product aisle 5 bloc 1 rank 53"
6 240.0 920.0 "product aisle 5 bloc 1 rank 49"
7 0.0 417.0 "product aisle 0 bloc 0 rank 42"
8 48.0 443.0 "product aisle 1 bloc 0 rank 45"
9 192.0 209.0 "product aisle 4 bloc 0 rank 9"
10 0.0 881.0 "product aisle 0 bloc 1 rank 44"
11 144.0 738.0 "product aisle 3 bloc 1 rank 22"
12 192.0 751.0 "product aisle 4 bloc 1 rank 23"
13 96.0 790.0 "product aisle 2 bloc 1 rank 29"
14 240.0 274.0 "product aisle 5 bloc 0 rank 19"
15 48.0 209.0 "product aisle 1 bloc 0 rank 9"
16 0.0 842.0 "product aisle 0 bloc 1 rank 38"
17 96.0 469.0 "product aisle 2 bloc 0 rank 49"
18 48.0 339.0 "product aisle 1 bloc 0 rank 29"
19 0.0 521.0 "product aisle 0 bloc 0 rank 57"
20 0.0 417.0 "product aisle 0 bloc 0 rank 41"
21 96.0 339.0 "product aisle 2 bloc 0 rank 29"
22 192.0 300.0 "product aisle 4 bloc 0 rank 23"
23 0.0 352.0 "product aisle 0 bloc 0 rank 32"
24 144.0 920.0 "product aisle 3 bloc 1 rank 50"
25 0.0 725.0 "product aisle 0 bloc 1 rank 20"
26 192.0 443.0 "product aisle 4 bloc 0 rank 46"
27 240.0 222.0 "product aisle 5 bloc 0 rank 11"
28 24.0 120.0 "intersection aisle 0 bloc 0 rank 0"
29 24.0 571.0 "intersection aisle 0 bloc 1 rank 1"
30 24.0 1022.0 "intersection aisle 0 bloc 2 rank 2"
31 72.0 120.0 "intersection aisle 1 bloc 0 rank 0"
32 72.0 571.0 "intersection aisle 1 bloc 1 rank 1"
33 72.0 1022.0 "intersection aisle 1 bloc 2 rank 2"
34 120.0 120.0 "intersection aisle 2 bloc 0 rank 0"
35 120.0 571.0 "intersection aisle 2 bloc 1 rank 1"
36 120.0 1022.0 "intersection aisle 2 bloc 2 rank 2"
37 168.0 120.0 "intersection aisle 3 bloc 0 rank 0"
38 168.0 571.0 "intersection aisle 3 bloc 1 rank 1"
39 168.0 1022.0 "intersection aisle 3 bloc 2 rank 2"
40 216.0 120.0 "intersection aisle 4 bloc 0 rank 0"
41 216.0 571.0 "intersection aisle 4 bloc 1 rank 1"
42 216.0 1022.0 "intersection aisle 4 bloc 2 rank 2"
43 264.0 120.0 "intersection aisle 5 bloc 0 rank 0"
44 264.0 571.0 "intersection aisle 5 bloc 1 rank 1"
45 264.0 1022.0 "intersection aisle 5 bloc 2 rank 2"
46 0.0 0.0 "depot"
