//alpha
1
//NbLocations
46
//NbProducts
27
//NbPickers
2
//CapaPicker
4
//TimeToTravelOneDistanceUnit
3
//SetupTime
5400
//PickTime
300
//Products
//Idx Location Size
1 1 1
2 2 1
3 3 1
4 4 1
5 5 1
6 6 1
7 7 1
8 8 1
9 9 1
10 10 1
11 11 1
12 12 1
13 13 1
14 14 1
15 15 1
16 16 1
17 17 1
18 18 1
19 19 1
20 20 1
21 21 1
22 22 1
23 23 1
24 24 1
25 25 1
26 26 1
27 27 1
//Orders
//NbOrders
12
//Idx DueDate TardinessPenalty NbProdInOrder ProdIdx1 Qty1 ProdIdx2 Qty2 ...
1 90000 0 3 1 1 2 1 3 1
2 90000 0 1 4 1
3 126000 0 4 5 1 6 1 7 1 8 1
4 90000 0 2 9 1 10 1
5 108000 0 1 11 1
6 90000 0 1 12 1
7 108000 0 1 13 1
8 54000 0 4 14 1 15 1 16 1 17 1
9 90000 0 2 18 1 19 1
10 126000 0 2 20 1 21 1
11 72000 0 2 22 1 23 1
12 126000 0 4 24 1 25 1 26 1 27 1
//Graph (Products are vertices indexed from 1 to NbProducts)
//NbVerticesIntersections
18
//DepartingDepot
0
//ArrivalDepot
46
//Arcs
//Start End Distance
0 28 120
1 14 26
1 17 78
2 25 130
2 31 206
3 11 52
3 39 50
4 10 52
4 11 156
5 13 169
5 40 37
6 9 13
6 29 193
7 16 247
7 41 76
8 27 260
8 32 76
9 6 13
9 21 65
10 4 52
10 15 65
11 3 52
11 4 156
12 14 13
12 44 115
13 5 169
13 41 245
14 1 26
14 12 13
15 10 65
15 19 13
16 7 247
16 42 128
17 1 78
17 20 182
18 23 260
18 35 115
19 15 13
19 38 63
20 17 182
20 43 37
21 9 65
21 26 13
22 44 375
22 45 76
23 18 260
23 36 76
24 28 154
24 29 297
25 2 130
25 32 115
26 21 13
26 30 167
27 8 260
27 33 115
28 24 154
28 31 48
28 46 120
29 6 193
29 24 297
29 32 48
30 26 167
30 33 48
31 2 206
31 28 48
31 34 48
32 8 76
32 25 115
32 29 48
32 35 48
33 27 115
33 30 48
33 36 48
34 31 48
34 35 451
34 37 48
35 18 115
35 32 48
35 34 451
35 38 48
36 23 76
36 33 48
36 39 48
37 34 48
37 38 451
37 40 48
38 19 63
38 35 48
38 37 451
38 41 48
39 3 50
39 36 48
39 42 48
40 5 37
40 37 48
40 43 48
41 7 76
41 13 245
41 38 48
41 44 48
42 16 128
42 39 48
42 45 48
43 20 37
43 40 48
44 12 115
44 22 375
44 41 48
45 22 76
45 42 48
//LocStart LocEnd ShortestPath
0 0 0
0 1 657
0 2 374
0 3 1116
0 4 908
0 5 349
0 6 764
0 7 839
0 8 695
0 9 777
0 10 856
0 11 1064
0 12 696
0 13 518
0 14 683
0 15 791
0 16 1086
0 17 579
0 18 782
0 19 778
0 20 397
0 21 842
0 22 1186
0 23 1042
0 24 274
0 25 504
0 26 855
0 27 955
0 28 120
0 29 571
0 30 1022
0 31 168
0 32 619
0 33 1070
0 34 216
0 35 667
0 36 1118
0 37 264
0 38 715
0 39 1166
0 40 312
0 41 763
0 42 1214
0 43 360
0 44 811
0 45 1262
0 46 0
1 0 657
1 1 0
1 2 591
1 3 651
1 4 443
1 5 382
1 6 587
1 7 278
1 8 422
1 9 600
1 10 391
1 11 599
1 12 39
1 13 447
1 14 26
1 15 326
1 16 525
1 17 78
1 18 413
1 19 313
1 20 260
1 21 665
1 22 529
1 23 673
1 24 691
1 25 461
1 26 678
1 27 682
1 28 537
1 29 394
1 30 845
1 31 489
1 32 346
1 33 797
1 34 441
1 35 298
1 36 749
1 37 393
1 38 250
1 39 701
1 40 345
1 41 202
1 42 653
1 43 297
1 44 154
1 45 605
1 46 657
2 0 374
2 1 591
2 2 0
2 3 742
2 4 534
2 5 387
2 6 486
2 7 465
2 8 321
2 9 499
2 10 482
2 11 690
2 12 552
2 13 556
2 14 565
2 15 417
2 16 712
2 17 617
2 18 408
2 19 404
2 20 435
2 21 564
2 22 812
2 23 668
2 24 408
2 25 130
2 26 577
2 27 581
2 28 254
2 29 293
2 30 744
2 31 206
2 32 245
2 33 696
2 34 254
2 35 293
2 36 744
2 37 302
2 38 341
2 39 792
2 40 350
2 41 389
2 42 840
2 43 398
2 44 437
2 45 888
2 46 374
3 0 1116
3 1 651
3 2 742
3 3 0
3 4 208
3 5 863
3 6 452
3 7 473
3 8 521
3 9 439
3 10 260
3 11 52
3 12 612
3 13 694
3 14 625
3 15 325
3 16 226
3 17 729
3 18 434
3 19 338
3 20 911
3 21 374
3 22 222
3 23 174
3 24 842
3 25 612
3 26 361
3 27 261
3 28 996
3 29 545
3 30 194
3 31 948
3 32 497
3 33 146
3 34 900
3 35 449
3 36 98
3 37 852
3 38 401
3 39 50
3 40 900
3 41 449
3 42 98
3 43 948
3 44 497
3 45 146
3 46 1116
4 0 908
4 1 443
4 2 534
4 3 208
4 4 0
4 5 655
4 6 530
4 7 317
4 8 365
4 9 543
4 10 52
4 11 156
4 12 404
4 13 486
4 14 417
4 15 117
4 16 434
4 17 521
4 18 356
4 19 130
4 20 703
4 21 582
4 22 430
4 23 382
4 24 634
4 25 404
4 26 569
4 27 469
4 28 788
4 29 337
4 30 402
4 31 740
4 32 289
4 33 354
4 34 692
4 35 241
4 36 306
4 37 644
4 38 193
4 39 258
4 40 692
4 41 241
4 42 306
4 43 740
4 44 289
4 45 354
4 46 908
5 0 349
5 1 382
5 2 387
5 3 863
5 4 655
5 5 0
5 6 799
5 7 490
5 8 634
5 9 812
5 10 603
5 11 811
5 12 421
5 13 169
5 14 408
5 15 538
5 16 737
5 17 304
5 18 625
5 19 525
5 20 122
5 21 877
5 22 837
5 23 885
5 24 383
5 25 517
5 26 890
5 27 894
5 28 229
5 29 606
5 30 1057
5 31 181
5 32 558
5 33 1009
5 34 133
5 35 510
5 36 961
5 37 85
5 38 462
5 39 913
5 40 37
5 41 414
5 42 865
5 43 85
5 44 462
5 45 913
5 46 349
6 0 764
6 1 587
6 2 486
6 3 452
6 4 530
6 5 799
6 6 0
6 7 461
6 8 317
6 9 13
6 10 478
6 11 504
6 12 548
6 13 630
6 14 561
6 15 413
6 16 578
6 17 665
6 18 404
6 19 400
6 20 847
6 21 78
6 22 574
6 23 430
6 24 490
6 25 356
6 26 91
6 27 421
6 28 644
6 29 193
6 30 258
6 31 692
6 32 241
6 33 306
6 34 740
6 35 289
6 36 354
6 37 788
6 38 337
6 39 402
6 40 836
6 41 385
6 42 450
6 43 884
6 44 433
6 45 498
6 46 764
7 0 839
7 1 278
7 2 465
7 3 473
7 4 317
7 5 490
7 6 461
7 7 0
7 8 296
7 9 474
7 10 265
7 11 473
7 12 239
7 13 321
7 14 252
7 15 200
7 16 247
7 17 356
7 18 287
7 19 187
7 20 538
7 21 539
7 22 499
7 23 547
7 24 565
7 25 335
7 26 552
7 27 556
7 28 719
7 29 268
7 30 567
7 31 671
7 32 220
7 33 519
7 34 623
7 35 172
7 36 471
7 37 575
7 38 124
7 39 423
7 40 527
7 41 76
7 42 375
7 43 575
7 44 124
7 45 423
7 46 839
8 0 695
8 1 422
8 2 321
8 3 521
8 4 365
8 5 634
8 6 317
8 7 296
8 8 0
8 9 330
8 10 313
8 11 521
8 12 383
8 13 465
8 14 396
8 15 248
8 16 543
8 17 500
8 18 239
8 19 235
8 20 682
8 21 395
8 22 643
8 23 499
8 24 421
8 25 191
8 26 408
8 27 260
8 28 575
8 29 124
8 30 423
8 31 527
8 32 76
8 33 375
8 34 575
8 35 124
8 36 423
8 37 623
8 38 172
8 39 471
8 40 671
8 41 220
8 42 519
8 43 719
8 44 268
8 45 567
8 46 695
9 0 777
9 1 600
9 2 499
9 3 439
9 4 543
9 5 812
9 6 13
9 7 474
9 8 330
9 9 0
9 10 491
9 11 491
9 12 561
9 13 643
9 14 574
9 15 426
9 16 565
9 17 678
9 18 417
9 19 413
9 20 860
9 21 65
9 22 561
9 23 417
9 24 503
9 25 369
9 26 78
9 27 408
9 28 657
9 29 206
9 30 245
9 31 705
9 32 254
9 33 293
9 34 753
9 35 302
9 36 341
9 37 801
9 38 350
9 39 389
9 40 849
9 41 398
9 42 437
9 43 897
9 44 446
9 45 485
9 46 777
10 0 856
10 1 391
10 2 482
10 3 260
10 4 52
10 5 603
10 6 478
10 7 265
10 8 313
10 9 491
10 10 0
10 11 208
10 12 352
10 13 434
10 14 365
10 15 65
10 16 486
10 17 469
10 18 304
10 19 78
10 20 651
10 21 556
10 22 482
10 23 434
10 24 582
10 25 352
10 26 569
10 27 521
10 28 736
10 29 285
10 30 454
10 31 688
10 32 237
10 33 406
10 34 640
10 35 189
10 36 358
10 37 592
10 38 141
10 39 310
10 40 640
10 41 189
10 42 358
10 43 688
10 44 237
10 45 406
10 46 856
11 0 1064
11 1 599
11 2 690
11 3 52
11 4 156
11 5 811
11 6 504
11 7 473
11 8 521
11 9 491
11 10 208
11 11 0
11 12 560
11 13 642
11 14 573
11 15 273
11 16 278
11 17 677
11 18 486
11 19 286
11 20 859
11 21 426
11 22 274
11 23 226
11 24 790
11 25 560
11 26 413
11 27 313
11 28 944
11 29 493
11 30 246
11 31 896
11 32 445
11 33 198
11 34 848
11 35 397
11 36 150
11 37 800
11 38 349
11 39 102
11 40 848
11 41 397
11 42 150
11 43 896
11 44 445
11 45 198
11 46 1064
12 0 696
12 1 39
12 2 552
12 3 612
12 4 404
12 5 421
12 6 548
12 7 239
12 8 383
12 9 561
12 10 352
12 11 560
12 12 0
12 13 408
12 14 13
12 15 287
12 16 486
12 17 117
12 18 374
12 19 274
12 20 299
12 21 626
12 22 490
12 23 634
12 24 652
12 25 422
12 26 639
12 27 643
12 28 576
12 29 355
12 30 806
12 31 528
12 32 307
12 33 758
12 34 480
12 35 259
12 36 710
12 37 432
12 38 211
12 39 662
12 40 384
12 41 163
12 42 614
12 43 336
12 44 115
12 45 566
12 46 696
13 0 518
13 1 447
13 2 556
13 3 694
13 4 486
13 5 169
13 6 630
13 7 321
13 8 465
13 9 643
13 10 434
13 11 642
13 12 408
13 13 0
13 14 421
13 15 369
13 16 568
13 17 473
13 18 456
13 19 356
13 20 291
13 21 708
13 22 668
13 23 716
13 24 552
13 25 504
13 26 721
13 27 725
13 28 398
13 29 437
13 30 888
13 31 350
13 32 389
13 33 840
13 34 302
13 35 341
13 36 792
13 37 254
13 38 293
13 39 744
13 40 206
13 41 245
13 42 696
13 43 254
13 44 293
13 45 744
13 46 518
14 0 683
14 1 26
14 2 565
14 3 625
14 4 417
14 5 408
14 6 561
14 7 252
14 8 396
14 9 574
14 10 365
14 11 573
14 12 13
14 13 421
14 14 0
14 15 300
14 16 499
14 17 104
14 18 387
14 19 287
14 20 286
14 21 639
14 22 503
14 23 647
14 24 665
14 25 435
14 26 652
14 27 656
14 28 563
14 29 368
14 30 819
14 31 515
14 32 320
14 33 771
14 34 467
14 35 272
14 36 723
14 37 419
14 38 224
14 39 675
14 40 371
14 41 176
14 42 627
14 43 323
14 44 128
14 45 579
14 46 683
15 0 791
15 1 326
15 2 417
15 3 325
15 4 117
15 5 538
15 6 413
15 7 200
15 8 248
15 9 426
15 10 65
15 11 273
15 12 287
15 13 369
15 14 300
15 15 0
15 16 447
15 17 404
15 18 239
15 19 13
15 20 586
15 21 491
15 22 547
15 23 499
15 24 517
15 25 287
15 26 504
15 27 508
15 28 671
15 29 220
15 30 519
15 31 623
15 32 172
15 33 471
15 34 575
15 35 124
15 36 423
15 37 527
15 38 76
15 39 375
15 40 575
15 41 124
15 42 423
15 43 623
15 44 172
15 45 471
15 46 791
16 0 1086
16 1 525
16 2 712
16 3 226
16 4 434
16 5 737
16 6 578
16 7 247
16 8 543
16 9 565
16 10 486
16 11 278
16 12 486
16 13 568
16 14 499
16 15 447
16 16 0
16 17 603
16 18 534
16 19 434
16 20 785
16 21 500
16 22 252
16 23 300
16 24 812
16 25 582
16 26 487
16 27 387
16 28 966
16 29 515
16 30 320
16 31 918
16 32 467
16 33 272
16 34 870
16 35 419
16 36 224
16 37 822
16 38 371
16 39 176
16 40 774
16 41 323
16 42 128
16 43 822
16 44 371
16 45 176
16 46 1086
17 0 579
17 1 78
17 2 617
17 3 729
17 4 521
17 5 304
17 6 665
17 7 356
17 8 500
17 9 678
17 10 469
17 11 677
17 12 117
17 13 473
17 14 104
17 15 404
17 16 603
17 17 0
17 18 491
17 19 391
17 20 182
17 21 743
17 22 607
17 23 751
17 24 613
17 25 539
17 26 756
17 27 760
17 28 459
17 29 472
17 30 923
17 31 411
17 32 424
17 33 875
17 34 363
17 35 376
17 36 827
17 37 315
17 38 328
17 39 779
17 40 267
17 41 280
17 42 731
17 43 219
17 44 232
17 45 683
17 46 579
18 0 782
18 1 413
18 2 408
18 3 434
18 4 356
18 5 625
18 6 404
18 7 287
18 8 239
18 9 417
18 10 304
18 11 486
18 12 374
18 13 456
18 14 387
18 15 239
18 16 534
18 17 491
18 18 0
18 19 226
18 20 673
18 21 482
18 22 556
18 23 260
18 24 508
18 25 278
18 26 495
18 27 499
18 28 662
18 29 211
18 30 432
18 31 614
18 32 163
18 33 384
18 34 566
18 35 115
18 36 336
18 37 614
18 38 163
18 39 384
18 40 662
18 41 211
18 42 432
18 43 710
18 44 259
18 45 480
18 46 782
19 0 778
19 1 313
19 2 404
19 3 338
19 4 130
19 5 525
19 6 400
19 7 187
19 8 235
19 9 413
19 10 78
19 11 286
19 12 274
19 13 356
19 14 287
19 15 13
19 16 434
19 17 391
19 18 226
19 19 0
19 20 573
19 21 478
19 22 534
19 23 486
19 24 504
19 25 274
19 26 491
19 27 495
19 28 658
19 29 207
19 30 532
19 31 610
19 32 159
19 33 484
19 34 562
19 35 111
19 36 436
19 37 514
19 38 63
19 39 388
19 40 562
19 41 111
19 42 436
19 43 610
19 44 159
19 45 484
19 46 778
20 0 397
20 1 260
20 2 435
20 3 911
20 4 703
20 5 122
20 6 847
20 7 538
20 8 682
20 9 860
20 10 651
20 11 859
20 12 299
20 13 291
20 14 286
20 15 586
20 16 785
20 17 182
20 18 673
20 19 573
20 20 0
20 21 925
20 22 789
20 23 933
20 24 431
20 25 565
20 26 938
20 27 942
20 28 277
20 29 654
20 30 1105
20 31 229
20 32 606
20 33 1057
20 34 181
20 35 558
20 36 1009
20 37 133
20 38 510
20 39 961
20 40 85
20 41 462
20 42 913
20 43 37
20 44 414
20 45 865
20 46 397
21 0 842
21 1 665
21 2 564
21 3 374
21 4 582
21 5 877
21 6 78
21 7 539
21 8 395
21 9 65
21 10 556
21 11 426
21 12 626
21 13 708
21 14 639
21 15 491
21 16 500
21 17 743
21 18 482
21 19 478
21 20 925
21 21 0
21 22 496
21 23 352
21 24 568
21 25 434
21 26 13
21 27 343
21 28 722
21 29 271
21 30 180
21 31 770
21 32 319
21 33 228
21 34 818
21 35 367
21 36 276
21 37 866
21 38 415
21 39 324
21 40 914
21 41 463
21 42 372
21 43 962
21 44 511
21 45 420
21 46 842
22 0 1186
22 1 529
22 2 812
22 3 222
22 4 430
22 5 837
22 6 574
22 7 499
22 8 643
22 9 561
22 10 482
22 11 274
22 12 490
22 13 668
22 14 503
22 15 547
22 16 252
22 17 607
22 18 556
22 19 534
22 20 789
22 21 496
22 22 0
22 23 296
22 24 912
22 25 682
22 26 483
22 27 383
22 28 1066
22 29 615
22 30 316
22 31 1018
22 32 567
22 33 268
22 34 970
22 35 519
22 36 220
22 37 922
22 38 471
22 39 172
22 40 874
22 41 423
22 42 124
22 43 826
22 44 375
22 45 76
22 46 1186
23 0 1042
23 1 673
23 2 668
23 3 174
23 4 382
23 5 885
23 6 430
23 7 547
23 8 499
23 9 417
23 10 434
23 11 226
23 12 634
23 13 716
23 14 647
23 15 499
23 16 300
23 17 751
23 18 260
23 19 486
23 20 933
23 21 352
23 22 296
23 23 0
23 24 768
23 25 538
23 26 339
23 27 239
23 28 922
23 29 471
23 30 172
23 31 874
23 32 423
23 33 124
23 34 826
23 35 375
23 36 76
23 37 874
23 38 423
23 39 124
23 40 922
23 41 471
23 42 172
23 43 970
23 44 519
23 45 220
23 46 1042
24 0 274
24 1 691
24 2 408
24 3 842
24 4 634
24 5 383
24 6 490
24 7 565
24 8 421
24 9 503
24 10 582
24 11 790
24 12 652
24 13 552
24 14 665
24 15 517
24 16 812
24 17 613
24 18 508
24 19 504
24 20 431
24 21 568
24 22 912
24 23 768
24 24 0
24 25 460
24 26 581
24 27 681
24 28 154
24 29 297
24 30 748
24 31 202
24 32 345
24 33 796
24 34 250
24 35 393
24 36 844
24 37 298
24 38 441
24 39 892
24 40 346
24 41 489
24 42 940
24 43 394
24 44 537
24 45 988
24 46 274
25 0 504
25 1 461
25 2 130
25 3 612
25 4 404
25 5 517
25 6 356
25 7 335
25 8 191
25 9 369
25 10 352
25 11 560
25 12 422
25 13 504
25 14 435
25 15 287
25 16 582
25 17 539
25 18 278
25 19 274
25 20 565
25 21 434
25 22 682
25 23 538
25 24 460
25 25 0
25 26 447
25 27 451
25 28 384
25 29 163
25 30 614
25 31 336
25 32 115
25 33 566
25 34 384
25 35 163
25 36 614
25 37 432
25 38 211
25 39 662
25 40 480
25 41 259
25 42 710
25 43 528
25 44 307
25 45 758
25 46 504
26 0 855
26 1 678
26 2 577
26 3 361
26 4 569
26 5 890
26 6 91
26 7 552
26 8 408
26 9 78
26 10 569
26 11 413
26 12 639
26 13 721
26 14 652
26 15 504
26 16 487
26 17 756
26 18 495
26 19 491
26 20 938
26 21 13
26 22 483
26 23 339
26 24 581
26 25 447
26 26 0
26 27 330
26 28 735
26 29 284
26 30 167
26 31 783
26 32 332
26 33 215
26 34 831
26 35 380
26 36 263
26 37 879
26 38 428
26 39 311
26 40 927
26 41 476
26 42 359
26 43 975
26 44 524
26 45 407
26 46 855
27 0 955
27 1 682
27 2 581
27 3 261
27 4 469
27 5 894
27 6 421
27 7 556
27 8 260
27 9 408
27 10 521
27 11 313
27 12 643
27 13 725
27 14 656
27 15 508
27 16 387
27 17 760
27 18 499
27 19 495
27 20 942
27 21 343
27 22 383
27 23 239
27 24 681
27 25 451
27 26 330
27 27 0
27 28 835
27 29 384
27 30 163
27 31 787
27 32 336
27 33 115
27 34 835
27 35 384
27 36 163
27 37 883
27 38 432
27 39 211
27 40 931
27 41 480
27 42 259
27 43 979
27 44 528
27 45 307
27 46 955
28 0 120
28 1 537
28 2 254
28 3 996
28 4 788
28 5 229
28 6 644
28 7 719
28 8 575
28 9 657
28 10 736
28 11 944
28 12 576
28 13 398
28 14 563
28 15 671
28 16 966
28 17 459
28 18 662
28 19 658
28 20 277
28 21 722
28 22 1066
28 23 922
28 24 154
28 25 384
28 26 735
28 27 835
28 28 0
28 29 451
28 30 902
28 31 48
28 32 499
28 33 950
28 34 96
28 35 547
28 36 998
28 37 144
28 38 595
28 39 1046
28 40 192
28 41 643
28 42 1094
28 43 240
28 44 691
28 45 1142
28 46 120
29 0 571
29 1 394
29 2 293
29 3 545
29 4 337
29 5 606
29 6 193
29 7 268
29 8 124
29 9 206
29 10 285
29 11 493
29 12 355
29 13 437
29 14 368
29 15 220
29 16 515
29 17 472
29 18 211
29 19 207
29 20 654
29 21 271
29 22 615
29 23 471
29 24 297
29 25 163
29 26 284
29 27 384
29 28 451
29 29 0
29 30 451
29 31 499
29 32 48
29 33 499
29 34 547
29 35 96
29 36 547
29 37 595
29 38 144
29 39 595
29 40 643
29 41 192
29 42 643
29 43 691
29 44 240
29 45 691
29 46 571
30 0 1022
30 1 845
30 2 744
30 3 194
30 4 402
30 5 1057
30 6 258
30 7 567
30 8 423
30 9 245
30 10 454
30 11 246
30 12 806
30 13 888
30 14 819
30 15 519
30 16 320
30 17 923
30 18 432
30 19 532
30 20 1105
30 21 180
30 22 316
30 23 172
30 24 748
30 25 614
30 26 167
30 27 163
30 28 902
30 29 451
30 30 0
30 31 950
30 32 499
30 33 48
30 34 998
30 35 547
30 36 96
30 37 1046
30 38 595
30 39 144
30 40 1094
30 41 643
30 42 192
30 43 1142
30 44 691
30 45 240
30 46 1022
31 0 168
31 1 489
31 2 206
31 3 948
31 4 740
31 5 181
31 6 692
31 7 671
31 8 527
31 9 705
31 10 688
31 11 896
31 12 528
31 13 350
31 14 515
31 15 623
31 16 918
31 17 411
31 18 614
31 19 610
31 20 229
31 21 770
31 22 1018
31 23 874
31 24 202
31 25 336
31 26 783
31 27 787
31 28 48
31 29 499
31 30 950
31 31 0
31 32 451
31 33 902
31 34 48
31 35 499
31 36 950
31 37 96
31 38 547
31 39 998
31 40 144
31 41 595
31 42 1046
31 43 192
31 44 643
31 45 1094
31 46 168
32 0 619
32 1 346
32 2 245
32 3 497
32 4 289
32 5 558
32 6 241
32 7 220
32 8 76
32 9 254
32 10 237
32 11 445
32 12 307
32 13 389
32 14 320
32 15 172
32 16 467
32 17 424
32 18 163
32 19 159
32 20 606
32 21 319
32 22 567
32 23 423
32 24 345
32 25 115
32 26 332
32 27 336
32 28 499
32 29 48
32 30 499
32 31 451
32 32 0
32 33 451
32 34 499
32 35 48
32 36 499
32 37 547
32 38 96
32 39 547
32 40 595
32 41 144
32 42 595
32 43 643
32 44 192
32 45 643
32 46 619
33 0 1070
33 1 797
33 2 696
33 3 146
33 4 354
33 5 1009
33 6 306
33 7 519
33 8 375
33 9 293
33 10 406
33 11 198
33 12 758
33 13 840
33 14 771
33 15 471
33 16 272
33 17 875
33 18 384
33 19 484
33 20 1057
33 21 228
33 22 268
33 23 124
33 24 796
33 25 566
33 26 215
33 27 115
33 28 950
33 29 499
33 30 48
33 31 902
33 32 451
33 33 0
33 34 950
33 35 499
33 36 48
33 37 998
33 38 547
33 39 96
33 40 1046
33 41 595
33 42 144
33 43 1094
33 44 643
33 45 192
33 46 1070
34 0 216
34 1 441
34 2 254
34 3 900
34 4 692
34 5 133
34 6 740
34 7 623
34 8 575
34 9 753
34 10 640
34 11 848
34 12 480
34 13 302
34 14 467
34 15 575
34 16 870
34 17 363
34 18 566
34 19 562
34 20 181
34 21 818
34 22 970
34 23 826
34 24 250
34 25 384
34 26 831
34 27 835
34 28 96
34 29 547
34 30 998
34 31 48
34 32 499
34 33 950
34 34 0
34 35 451
34 36 902
34 37 48
34 38 499
34 39 950
34 40 96
34 41 547
34 42 998
34 43 144
34 44 595
34 45 1046
34 46 216
35 0 667
35 1 298
35 2 293
35 3 449
35 4 241
35 5 510
35 6 289
35 7 172
35 8 124
35 9 302
35 10 189
35 11 397
35 12 259
35 13 341
35 14 272
35 15 124
35 16 419
35 17 376
35 18 115
35 19 111
35 20 558
35 21 367
35 22 519
35 23 375
35 24 393
35 25 163
35 26 380
35 27 384
35 28 547
35 29 96
35 30 547
35 31 499
35 32 48
35 33 499
35 34 451
35 35 0
35 36 451
35 37 499
35 38 48
35 39 499
35 40 547
35 41 96
35 42 547
35 43 595
35 44 144
35 45 595
35 46 667
36 0 1118
36 1 749
36 2 744
36 3 98
36 4 306
36 5 961
36 6 354
36 7 471
36 8 423
36 9 341
36 10 358
36 11 150
36 12 710
36 13 792
36 14 723
36 15 423
36 16 224
36 17 827
36 18 336
36 19 436
36 20 1009
36 21 276
36 22 220
36 23 76
36 24 844
36 25 614
36 26 263
36 27 163
36 28 998
36 29 547
36 30 96
36 31 950
36 32 499
36 33 48
36 34 902
36 35 451
36 36 0
36 37 950
36 38 499
36 39 48
36 40 998
36 41 547
36 42 96
36 43 1046
36 44 595
36 45 144
36 46 1118
37 0 264
37 1 393
37 2 302
37 3 852
37 4 644
37 5 85
37 6 788
37 7 575
37 8 623
37 9 801
37 10 592
37 11 800
37 12 432
37 13 254
37 14 419
37 15 527
37 16 822
37 17 315
37 18 614
37 19 514
37 20 133
37 21 866
37 22 922
37 23 874
37 24 298
37 25 432
37 26 879
37 27 883
37 28 144
37 29 595
37 30 1046
37 31 96
37 32 547
37 33 998
37 34 48
37 35 499
37 36 950
37 37 0
37 38 451
37 39 902
37 40 48
37 41 499
37 42 950
37 43 96
37 44 547
37 45 998
37 46 264
38 0 715
38 1 250
38 2 341
38 3 401
38 4 193
38 5 462
38 6 337
38 7 124
38 8 172
38 9 350
38 10 141
38 11 349
38 12 211
38 13 293
38 14 224
38 15 76
38 16 371
38 17 328
38 18 163
38 19 63
38 20 510
38 21 415
38 22 471
38 23 423
38 24 441
38 25 211
38 26 428
38 27 432
38 28 595
38 29 144
38 30 595
38 31 547
38 32 96
38 33 547
38 34 499
38 35 48
38 36 499
38 37 451
38 38 0
38 39 451
38 40 499
38 41 48
38 42 499
38 43 547
38 44 96
38 45 547
38 46 715
39 0 1166
39 1 701
39 2 792
39 3 50
39 4 258
39 5 913
39 6 402
39 7 423
39 8 471
39 9 389
39 10 310
39 11 102
39 12 662
39 13 744
39 14 675
39 15 375
39 16 176
39 17 779
39 18 384
39 19 388
39 20 961
39 21 324
39 22 172
39 23 124
39 24 892
39 25 662
39 26 311
39 27 211
39 28 1046
39 29 595
39 30 144
39 31 998
39 32 547
39 33 96
39 34 950
39 35 499
39 36 48
39 37 902
39 38 451
39 39 0
39 40 950
39 41 499
39 42 48
39 43 998
39 44 547
39 45 96
39 46 1166
40 0 312
40 1 345
40 2 350
40 3 900
40 4 692
40 5 37
40 6 836
40 7 527
40 8 671
40 9 849
40 10 640
40 11 848
40 12 384
40 13 206
40 14 371
40 15 575
40 16 774
40 17 267
40 18 662
40 19 562
40 20 85
40 21 914
40 22 874
40 23 922
40 24 346
40 25 480
40 26 927
40 27 931
40 28 192
40 29 643
40 30 1094
40 31 144
40 32 595
40 33 1046
40 34 96
40 35 547
40 36 998
40 37 48
40 38 499
40 39 950
40 40 0
40 41 451
40 42 902
40 43 48
40 44 499
40 45 950
40 46 312
41 0 763
41 1 202
41 2 389
41 3 449
41 4 241
41 5 414
41 6 385
41 7 76
41 8 220
41 9 398
41 10 189
41 11 397
41 12 163
41 13 245
41 14 176
41 15 124
41 16 323
41 17 280
41 18 211
41 19 111
41 20 462
41 21 463
41 22 423
41 23 471
41 24 489
41 25 259
41 26 476
41 27 480
41 28 643
41 29 192
41 30 643
41 31 595
41 32 144
41 33 595
41 34 547
41 35 96
41 36 547
41 37 499
41 38 48
41 39 499
41 40 451
41 41 0
41 42 451
41 43 499
41 44 48
41 45 499
41 46 763
42 0 1214
42 1 653
42 2 840
42 3 98
42 4 306
42 5 865
42 6 450
42 7 375
42 8 519
42 9 437
42 10 358
42 11 150
42 12 614
42 13 696
42 14 627
42 15 423
42 16 128
42 17 731
42 18 432
42 19 436
42 20 913
42 21 372
42 22 124
42 23 172
42 24 940
42 25 710
42 26 359
42 27 259
42 28 1094
42 29 643
42 30 192
42 31 1046
42 32 595
42 33 144
42 34 998
42 35 547
42 36 96
42 37 950
42 38 499
42 39 48
42 40 902
42 41 451
42 42 0
42 43 950
42 44 499
42 45 48
42 46 1214
43 0 360
43 1 297
43 2 398
43 3 948
43 4 740
43 5 85
43 6 884
43 7 575
43 8 719
43 9 897
43 10 688
43 11 896
43 12 336
43 13 254
43 14 323
43 15 623
43 16 822
43 17 219
43 18 710
43 19 610
43 20 37
43 21 962
43 22 826
43 23 970
43 24 394
43 25 528
43 26 975
43 27 979
43 28 240
43 29 691
43 30 1142
43 31 192
43 32 643
43 33 1094
43 34 144
43 35 595
43 36 1046
43 37 96
43 38 547
43 39 998
43 40 48
43 41 499
43 42 950
43 43 0
43 44 451
43 45 902
43 46 360
44 0 811
44 1 154
44 2 437
44 3 497
44 4 289
44 5 462
44 6 433
44 7 124
44 8 268
44 9 446
44 10 237
44 11 445
44 12 115
44 13 293
44 14 128
44 15 172
44 16 371
44 17 232
44 18 259
44 19 159
44 20 414
44 21 511
44 22 375
44 23 519
44 24 537
44 25 307
44 26 524
44 27 528
44 28 691
44 29 240
44 30 691
44 31 643
44 32 192
44 33 643
44 34 595
44 35 144
44 36 595
44 37 547
44 38 96
44 39 547
44 40 499
44 41 48
44 42 499
44 43 451
44 44 0
44 45 451
44 46 811
45 0 1262
45 1 605
45 2 888
45 3 146
45 4 354
45 5 913
45 6 498
45 7 423
45 8 567
45 9 485
45 10 406
45 11 198
45 12 566
45 13 744
45 14 579
45 15 471
45 16 176
45 17 683
45 18 480
45 19 484
45 20 865
45 21 420
45 22 76
45 23 220
45 24 988
45 25 758
45 26 407
45 27 307
45 28 1142
45 29 691
45 30 240
45 31 1094
45 32 643
45 33 192
45 34 1046
45 35 595
45 36 144
45 37 998
45 38 547
45 39 96
45 40 950
45 41 499
45 42 48
45 43 902
45 44 451
45 45 0
45 46 1262
46 0 0
46 1 657
46 2 374
46 3 1116
46 4 908
46 5 349
46 6 764
46 7 839
46 8 695
46 9 777
46 10 856
46 11 1064
46 12 696
46 13 518
46 14 683
46 15 791
46 16 1086
46 17 579
46 18 782
46 19 778
46 20 397
46 21 842
46 22 1186
46 23 1042
46 24 274
46 25 504
46 26 855
46 27 955
46 28 120
46 29 571
46 30 1022
46 31 168
46 32 619
46 33 1070
46 34 216
46 35 667
46 36 1118
46 37 264
46 38 715
46 39 1166
46 40 312
46 41 763
46 42 1214
46 43 360
46 44 811
46 45 1262
46 46 0
//Location coordinates LocationName
//Loc x y
0 0.0 0.0 "depot"
1 240.0 417.0 "product aisle 5 bloc 0 rank 41"
2 48.0 326.0 "product aisle 1 bloc 0 rank 27"
3 144.0 972.0 "product aisle 3 bloc 1 rank 57"
4 144.0 764.0 "product aisle 3 bloc 1 rank 26"
5 192.0 157.0 "product aisle 4 bloc 0 rank 2"
6 0.0 764.0 "product aisle 0 bloc 1 rank 26"
7 192.0 647.0 "product aisle 4 bloc 1 rank 8"
8 48.0 647.0 "product aisle 1 bloc 1 rank 7"
9 0.0 777.0 "product aisle 0 bloc 1 rank 27"
10 144.0 712.0 "product aisle 3 bloc 1 rank 17"
11 144.0 920.0 "product aisle 3 bloc 1 rank 49"
12 240.0 456.0 "product aisle 5 bloc 0 rank 48"
13 192.0 326.0 "product aisle 4 bloc 0 rank 27"
14 240.0 443.0 "product aisle 5 bloc 0 rank 46"
15 144.0 647.0 "product aisle 3 bloc 1 rank 8"
16 192.0 894.0 "product aisle 4 bloc 1 rank 45"
17 240.0 339.0 "product aisle 5 bloc 0 rank 29"
18 96.0 686.0 "product aisle 2 bloc 1 rank 14"
19 144.0 634.0 "product aisle 3 bloc 1 rank 6"
20 240.0 157.0 "product aisle 5 bloc 0 rank 1"
21 0.0 842.0 "product aisle 0 bloc 1 rank 37"
22 240.0 946.0 "product aisle 5 bloc 1 rank 53"
23 96.0 946.0 "product aisle 2 bloc 1 rank 54"
24 0.0 274.0 "product aisle 0 bloc 0 rank 20"
25 48.0 456.0 "product aisle 1 bloc 0 rank 47"
26 0.0 855.0 "product aisle 0 bloc 1 rank 39"
27 48.0 907.0 "product aisle 1 bloc 1 rank 48"
28 24.0 120.0 "intersection aisle 0 bloc 0 rank 0"
29 24.0 571.0 "intersection aisle 0 bloc 1 rank 1"
30 24.0 1022.0 "intersection aisle 0 bloc 2 rank 2"
31 72.0 120.0 "intersection aisle 1 bloc 0 rank 0"
32 72.0 571.0 "intersection aisle 1 bloc 1 rank 1"
33 72.0 1022.0 "intersection aisle 1 bloc 2 rank 2"
34 120.0 120.0 "intersection aisle 2 bloc 0 rank 0"
35 120.0 571.0 "intersection aisle 2 bloc 1 rank 1"
36 120.0 1022.0 "intersection aisle 2 bloc 2 rank 2"
37 168.0 120.0 "intersection aisle 3 bloc 0 rank 0"
38 168.0 571.0 "intersection aisle 3 bloc 1 rank 1"
39 168.0 1022.0 "intersection aisle 3 bloc 2 rank 2"
40 216.0 120.0 "intersection aisle 4 bloc 0 rank 0"
41 216.0 571.0 "intersection aisle 4 bloc 1 rank 1"
42 216.0 1022.0 "intersection aisle 4 bloc 2 rank 2"
43 264.0 120.0 "intersection aisle 5 bloc 0 rank 0"
44 264.0 571.0 "intersection aisle 5 bloc 1 rank 1"
45 264.0 1022.0 "intersection aisle 5 bloc 2 rank 2"
46 0.0 0.0 "depot"
