//alpha
1
//NbLocations
80
//NbProducts
25
//NbPickers
2
//CapaPicker
4
//TimeToTravelOneDistanceUnit
3
//SetupTime
5400
//PickTime
300
//Products
//Idx Location Size
1 1 1
2 2 1
3 3 1
4 4 1
5 5 1
6 6 1
7 7 1
8 8 1
9 9 1
10 10 1
11 11 1
12 12 1
13 13 1
14 14 1
15 15 1
16 16 1
17 17 1
18 18 1
19 19 1
20 20 1
21 21 1
22 22 1
23 23 1
24 24 1
25 25 1
//Orders
//NbOrders
18
//Idx DueDate TardinessPenalty NbProdInOrder ProdIdx1 Qty1 ProdIdx2 Qty2 ...
1 54000 0 1 1 1
2 72000 0 1 2 1
3 126000 0 1 3 1
4 72000 0 2 4 1 5 1
5 108000 0 2 6 1 7 1
6 90000 0 2 8 1 9 1
7 90000 0 1 10 1
8 72000 0 1 11 1
9 54000 0 1 12 1
10 72000 0 1 13 1
11 54000 0 1 14 1
12 72000 0 2 15 1 16 1
13 72000 0 1 17 1
14 72000 0 2 18 1 19 1
15 126000 0 2 20 1 21 1
16 126000 0 2 22 1 23 1
17 54000 0 1 24 1
18 36000 0 1 25 1
//Graph (Products are vertices indexed from 1 to NbProducts)
//NbVerticesIntersections
54
//DepartingDepot
0
//ArrivalDepot
80
//Arcs
//Start End Distance
0 26 120
1 50 804
1 51 427
2 21 117
2 25 208
3 14 637
3 30 440
4 35 1142
4 36 89
5 22 273
5 25 312
6 7 299
6 26 167
7 6 299
7 16 559
8 18 598
8 36 557
9 17 611
9 42 557
10 24 533
10 29 245
11 74 908
11 75 323
12 48 752
12 49 479
13 59 1051
13 60 180
14 3 637
14 31 154
15 23 572
15 33 89
16 7 559
16 27 206
17 9 611
17 41 63
18 8 598
18 37 76
19 38 349
19 39 882
20 57 648
20 58 583
21 2 117
21 27 128
22 5 273
22 28 193
23 15 572
23 32 570
24 10 533
24 30 453
25 2 208
25 5 312
26 6 167
26 29 48
26 80 120
27 16 206
27 21 128
27 30 48
28 22 193
28 31 48
29 10 245
29 26 48
29 32 48
30 3 440
30 24 453
30 27 48
30 33 48
31 14 154
31 28 48
31 34 48
32 23 570
32 29 48
32 35 48
33 15 89
33 30 48
33 34 1231
33 36 48
34 31 48
34 33 1231
34 37 48
35 4 1142
35 32 48
35 38 48
36 4 89
36 8 557
36 33 48
36 39 48
37 18 76
37 34 48
37 40 48
38 19 349
38 35 48
38 41 48
39 19 882
39 36 48
39 40 1231
39 42 48
40 37 48
40 39 1231
40 43 48
41 17 63
41 38 48
41 44 48
42 9 557
42 39 48
42 43 1231
42 45 48
43 40 48
43 42 1231
43 46 48
44 41 48
44 45 1231
44 47 48
45 42 48
45 44 1231
45 46 1231
45 48 48
46 43 48
46 45 1231
46 49 48
47 44 48
47 48 1231
47 50 48
48 12 752
48 45 48
48 47 1231
48 51 48
49 12 479
49 46 48
49 52 48
50 1 804
50 47 48
50 53 48
51 1 427
51 48 48
51 52 1231
51 54 48
52 49 48
52 51 1231
52 55 48
53 50 48
53 54 1231
53 56 48
54 51 48
54 53 1231
54 55 1231
54 57 48
55 52 48
55 54 1231
55 58 48
56 53 48
56 57 1231
56 59 48
57 20 648
57 54 48
57 56 1231
57 60 48
58 20 583
58 55 48
58 61 48
59 13 1051
59 56 48
59 62 48
60 13 180
60 57 48
60 61 1231
60 63 48
61 58 48
61 60 1231
61 64 48
62 59 48
62 63 1231
62 65 48
63 60 48
63 62 1231
63 64 1231
63 66 48
64 61 48
64 63 1231
64 67 48
65 62 48
65 66 1231
65 68 48
66 63 48
66 65 1231
66 67 1231
66 69 48
67 64 48
67 66 1231
67 70 48
68 65 48
68 69 1231
68 71 48
69 66 48
69 68 1231
69 70 1231
69 72 48
70 67 48
70 69 1231
70 73 48
71 68 48
71 72 1231
71 74 48
72 69 48
72 71 1231
72 73 1231
72 75 48
73 70 48
73 72 1231
73 76 48
74 11 908
74 71 48
74 77 48
75 11 323
75 72 48
75 76 1231
75 78 48
76 73 48
76 75 1231
76 79 48
77 74 48
77 78 1231
78 75 48
78 77 1231
78 79 1231
79 76 48
79 78 1231
//LocStart LocEnd ShortestPath
0 0 0
0 1 1308
0 2 1596
0 3 1839
0 4 1406
0 5 2116
0 6 287
0 7 586
0 8 2052
0 9 1034
0 10 413
0 11 1796
0 12 2439
0 13 1699
0 14 2476
0 15 1358
0 16 1145
0 17 423
0 18 2650
0 19 661
0 20 2479
0 21 1479
0 22 2389
0 23 786
0 24 946
0 25 1804
0 26 120
0 27 1351
0 28 2582
0 29 168
0 30 1399
0 31 2630
0 32 216
0 33 1447
0 34 2678
0 35 264
0 36 1495
0 37 2726
0 38 312
0 39 1543
0 40 2774
0 41 360
0 42 1591
0 43 2822
0 44 408
0 45 1639
0 46 2870
0 47 456
0 48 1687
0 49 2918
0 50 504
0 51 1735
0 52 2966
0 53 552
0 54 1783
0 55 3014
0 56 600
0 57 1831
0 58 3062
0 59 648
0 60 1879
0 61 3110
0 62 696
0 63 1927
0 64 3158
0 65 744
0 66 1975
0 67 3206
0 68 792
0 69 2023
0 70 3254
0 71 840
0 72 2071
0 73 3302
0 74 888
0 75 2119
0 76 3350
0 77 936
0 78 2167
0 79 3398
0 80 0
1 0 1308
1 1 0
1 2 1056
1 3 1203
1 4 756
1 5 1576
1 6 1355
1 7 1576
1 8 1224
1 9 1128
1 10 1385
1 11 1134
1 12 1227
1 13 751
1 14 1840
1 15 804
1 16 1017
1 17 1011
1 18 1822
1 19 1345
1 20 1171
1 21 939
1 22 1849
1 23 1376
1 24 1216
1 25 1264
1 26 1188
1 27 811
1 28 2042
1 29 1140
1 30 763
1 31 1994
1 32 1092
1 33 715
1 34 1946
1 35 1044
1 36 667
1 37 1898
1 38 996
1 39 619
1 40 1850
1 41 948
1 42 571
1 43 1802
1 44 900
1 45 523
1 46 1754
1 47 852
1 48 475
1 49 1706
1 50 804
1 51 427
1 52 1658
1 53 852
1 54 475
1 55 1706
1 56 900
1 57 523
1 58 1754
1 59 948
1 60 571
1 61 1802
1 62 996
1 63 619
1 64 1850
1 65 1044
1 66 667
1 67 1898
1 68 1092
1 69 715
1 70 1946
1 71 1140
1 72 763
1 73 1994
1 74 1188
1 75 811
1 76 2042
1 77 1236
1 78 859
1 79 2090
1 80 1308
2 0 1596
2 1 1056
2 2 0
2 3 733
2 4 478
2 5 520
2 6 1309
2 7 1010
2 8 946
2 9 1042
2 10 1279
2 11 1336
2 12 1333
2 13 953
2 14 1188
2 15 430
2 16 451
2 17 1653
2 18 1206
2 19 1319
2 20 1373
2 21 117
2 22 793
2 23 1002
2 24 746
2 25 208
2 26 1476
2 27 245
2 28 986
2 29 1524
2 30 293
2 31 1034
2 32 1572
2 33 341
2 34 1082
2 35 1620
2 36 389
2 37 1130
2 38 1668
2 39 437
2 40 1178
2 41 1716
2 42 485
2 43 1226
2 44 1764
2 45 533
2 46 1274
2 47 1812
2 48 581
2 49 1322
2 50 1860
2 51 629
2 52 1370
2 53 1908
2 54 677
2 55 1418
2 56 1956
2 57 725
2 58 1466
2 59 2004
2 60 773
2 61 1514
2 62 2052
2 63 821
2 64 1562
2 65 2100
2 66 869
2 67 1610
2 68 2148
2 69 917
2 70 1658
2 71 2196
2 72 965
2 73 1706
2 74 2244
2 75 1013
2 76 1754
2 77 2292
2 78 1061
2 79 1802
2 80 1596
3 0 1839
3 1 1203
3 2 733
3 3 0
3 4 625
3 5 1253
3 6 1552
3 7 1253
3 8 1093
3 9 1189
3 10 1426
3 11 1483
3 12 1480
3 13 1100
3 14 637
3 15 577
3 16 694
3 17 1800
3 18 963
3 19 1466
3 20 1520
3 21 616
3 22 1032
3 23 1149
3 24 893
3 25 941
3 26 1719
3 27 488
3 28 839
3 29 1671
3 30 440
3 31 791
3 32 1719
3 33 488
3 34 839
3 35 1767
3 36 536
3 37 887
3 38 1815
3 39 584
3 40 935
3 41 1863
3 42 632
3 43 983
3 44 1911
3 45 680
3 46 1031
3 47 1959
3 48 728
3 49 1079
3 50 2007
3 51 776
3 52 1127
3 53 2055
3 54 824
3 55 1175
3 56 2103
3 57 872
3 58 1223
3 59 2151
3 60 920
3 61 1271
3 62 2199
3 63 968
3 64 1319
3 65 2247
3 66 1016
3 67 1367
3 68 2295
3 69 1064
3 70 1415
3 71 2343
3 72 1112
3 73 1463
3 74 2391
3 75 1160
3 76 1511
3 77 2439
3 78 1208
3 79 1559
3 80 1839
4 0 1406
4 1 756
4 2 478
4 3 625
4 4 0
4 5 998
4 6 1297
4 7 998
4 8 646
4 9 742
4 10 1171
4 11 1036
4 12 1033
4 13 653
4 14 1262
4 15 226
4 16 439
4 17 1301
4 18 1244
4 19 1019
4 20 1073
4 21 361
4 22 1271
4 23 798
4 24 638
4 25 686
4 26 1286
4 27 233
4 28 1464
4 29 1238
4 30 185
4 31 1416
4 32 1190
4 33 137
4 34 1368
4 35 1142
4 36 89
4 37 1320
4 38 1190
4 39 137
4 40 1368
4 41 1238
4 42 185
4 43 1416
4 44 1286
4 45 233
4 46 1464
4 47 1334
4 48 281
4 49 1512
4 50 1382
4 51 329
4 52 1560
4 53 1430
4 54 377
4 55 1608
4 56 1478
4 57 425
4 58 1656
4 59 1526
4 60 473
4 61 1704
4 62 1574
4 63 521
4 64 1752
4 65 1622
4 66 569
4 67 1800
4 68 1670
4 69 617
4 70 1848
4 71 1718
4 72 665
4 73 1896
4 74 1766
4 75 713
4 76 1944
4 77 1814
4 78 761
4 79 1992
4 80 1406
5 0 2116
5 1 1576
5 2 520
5 3 1253
5 4 998
5 5 0
5 6 1829
5 7 1530
5 8 1284
5 9 1562
5 10 1799
5 11 1856
5 12 1281
5 13 1473
5 14 668
5 15 950
5 16 971
5 17 2173
5 18 686
5 19 1839
5 20 1529
5 21 637
5 22 273
5 23 1522
5 24 1266
5 25 312
5 26 1996
5 27 765
5 28 466
5 29 2044
5 30 813
5 31 514
5 32 2092
5 33 861
5 34 562
5 35 2140
5 36 909
5 37 610
5 38 2188
5 39 957
5 40 658
5 41 2236
5 42 1005
5 43 706
5 44 2284
5 45 1053
5 46 754
5 47 2332
5 48 1101
5 49 802
5 50 2380
5 51 1149
5 52 850
5 53 2428
5 54 1197
5 55 898
5 56 2476
5 57 1245
5 58 946
5 59 2524
5 60 1293
5 61 994
5 62 2572
5 63 1341
5 64 1042
5 65 2620
5 66 1389
5 67 1090
5 68 2668
5 69 1437
5 70 1138
5 71 2716
5 72 1485
5 73 1186
5 74 2764
5 75 1533
5 76 1234
5 77 2812
5 78 1581
5 79 1282
5 80 2116
6 0 287
6 1 1355
6 2 1309
6 3 1552
6 4 1297
6 5 1829
6 6 0
6 7 299
6 8 1765
6 9 1081
6 10 460
6 11 1843
6 12 2152
6 13 1746
6 14 2189
6 15 1249
6 16 858
6 17 470
6 18 2363
6 19 708
6 20 2192
6 21 1192
6 22 2102
6 23 833
6 24 993
6 25 1517
6 26 167
6 27 1064
6 28 2295
6 29 215
6 30 1112
6 31 2343
6 32 263
6 33 1160
6 34 2391
6 35 311
6 36 1208
6 37 2439
6 38 359
6 39 1256
6 40 2487
6 41 407
6 42 1304
6 43 2535
6 44 455
6 45 1352
6 46 2583
6 47 503
6 48 1400
6 49 2631
6 50 551
6 51 1448
6 52 2679
6 53 599
6 54 1496
6 55 2727
6 56 647
6 57 1544
6 58 2775
6 59 695
6 60 1592
6 61 2823
6 62 743
6 63 1640
6 64 2871
6 65 791
6 66 1688
6 67 2919
6 68 839
6 69 1736
6 70 2967
6 71 887
6 72 1784
6 73 3015
6 74 935
6 75 1832
6 76 3063
6 77 983
6 78 1880
6 79 3111
6 80 287
7 0 586
7 1 1576
7 2 1010
7 3 1253
7 4 998
7 5 1530
7 6 299
7 7 0
7 8 1466
7 9 1380
7 10 759
7 11 1856
7 12 1853
7 13 1473
7 14 1890
7 15 950
7 16 559
7 17 769
7 18 2064
7 19 1007
7 20 1893
7 21 893
7 22 1803
7 23 1132
7 24 1266
7 25 1218
7 26 466
7 27 765
7 28 1996
7 29 514
7 30 813
7 31 2044
7 32 562
7 33 861
7 34 2092
7 35 610
7 36 909
7 37 2140
7 38 658
7 39 957
7 40 2188
7 41 706
7 42 1005
7 43 2236
7 44 754
7 45 1053
7 46 2284
7 47 802
7 48 1101
7 49 2332
7 50 850
7 51 1149
7 52 2380
7 53 898
7 54 1197
7 55 2428
7 56 946
7 57 1245
7 58 2476
7 59 994
7 60 1293
7 61 2524
7 62 1042
7 63 1341
7 64 2572
7 65 1090
7 66 1389
7 67 2620
7 68 1138
7 69 1437
7 70 2668
7 71 1186
7 72 1485
7 73 2716
7 74 1234
7 75 1533
7 76 2764
7 77 1282
7 78 1581
7 79 2812
7 80 586
8 0 2052
8 1 1224
8 2 946
8 3 1093
8 4 646
8 5 1284
8 6 1765
8 7 1466
8 8 0
8 9 1210
8 10 1639
8 11 1504
8 12 1345
8 13 1121
8 14 924
8 15 694
8 16 907
8 17 1821
8 18 598
8 19 1487
8 20 1541
8 21 829
8 22 1011
8 23 1266
8 24 1106
8 25 1154
8 26 1932
8 27 701
8 28 818
8 29 1884
8 30 653
8 31 770
8 32 1836
8 33 605
8 34 722
8 35 1788
8 36 557
8 37 674
8 38 1836
8 39 605
8 40 722
8 41 1884
8 42 653
8 43 770
8 44 1932
8 45 701
8 46 818
8 47 1980
8 48 749
8 49 866
8 50 2028
8 51 797
8 52 914
8 53 2076
8 54 845
8 55 962
8 56 2124
8 57 893
8 58 1010
8 59 2172
8 60 941
8 61 1058
8 62 2220
8 63 989
8 64 1106
8 65 2268
8 66 1037
8 67 1154
8 68 2316
8 69 1085
8 70 1202
8 71 2364
8 72 1133
8 73 1250
8 74 2412
8 75 1181
8 76 1298
8 77 2460
8 78 1229
8 79 1346
8 80 2052
9 0 1034
9 1 1128
9 2 1042
9 3 1189
9 4 742
9 5 1562
9 6 1081
9 7 1380
9 8 1210
9 9 0
9 10 1111
9 11 1408
9 12 1405
9 13 1025
9 14 1826
9 15 790
9 16 1003
9 17 611
9 18 1808
9 19 1071
9 20 1445
9 21 925
9 22 1835
9 23 1362
9 24 1202
9 25 1250
9 26 914
9 27 797
9 28 2028
9 29 866
9 30 749
9 31 1980
9 32 818
9 33 701
9 34 1932
9 35 770
9 36 653
9 37 1884
9 38 722
9 39 605
9 40 1836
9 41 674
9 42 557
9 43 1788
9 44 722
9 45 605
9 46 1836
9 47 770
9 48 653
9 49 1884
9 50 818
9 51 701
9 52 1932
9 53 866
9 54 749
9 55 1980
9 56 914
9 57 797
9 58 2028
9 59 962
9 60 845
9 61 2076
9 62 1010
9 63 893
9 64 2124
9 65 1058
9 66 941
9 67 2172
9 68 1106
9 69 989
9 70 2220
9 71 1154
9 72 1037
9 73 2268
9 74 1202
9 75 1085
9 76 2316
9 77 1250
9 78 1133
9 79 2364
9 80 1034
10 0 413
10 1 1385
10 2 1279
10 3 1426
10 4 1171
10 5 1799
10 6 460
10 7 759
10 8 1639
10 9 1111
10 10 0
10 11 1873
10 12 2026
10 13 1646
10 14 2063
10 15 1123
10 16 1240
10 17 500
10 18 2237
10 19 738
10 20 2066
10 21 1162
10 22 2072
10 23 863
10 24 533
10 25 1487
10 26 293
10 27 1034
10 28 2265
10 29 245
10 30 986
10 31 2217
10 32 293
10 33 1034
10 34 2265
10 35 341
10 36 1082
10 37 2313
10 38 389
10 39 1130
10 40 2361
10 41 437
10 42 1178
10 43 2409
10 44 485
10 45 1226
10 46 2457
10 47 533
10 48 1274
10 49 2505
10 50 581
10 51 1322
10 52 2553
10 53 629
10 54 1370
10 55 2601
10 56 677
10 57 1418
10 58 2649
10 59 725
10 60 1466
10 61 2697
10 62 773
10 63 1514
10 64 2745
10 65 821
10 66 1562
10 67 2793
10 68 869
10 69 1610
10 70 2841
10 71 917
10 72 1658
10 73 2889
10 74 965
10 75 1706
10 76 2937
10 77 1013
10 78 1754
10 79 2985
10 80 413
11 0 1796
11 1 1134
11 2 1336
11 3 1483
11 4 1036
11 5 1856
11 6 1843
11 7 1856
11 8 1504
11 9 1408
11 10 1873
11 11 0
11 12 1507
11 13 743
11 14 2120
11 15 1084
11 16 1297
11 17 1499
11 18 2102
11 19 1781
11 20 1259
11 21 1219
11 22 2129
11 23 1656
11 24 1496
11 25 1544
11 26 1676
11 27 1091
11 28 2322
11 29 1628
11 30 1043
11 31 2274
11 32 1580
11 33 995
11 34 2226
11 35 1532
11 36 947
11 37 2178
11 38 1484
11 39 899
11 40 2130
11 41 1436
11 42 851
11 43 2082
11 44 1388
11 45 803
11 46 2034
11 47 1340
11 48 755
11 49 1986
11 50 1292
11 51 707
11 52 1938
11 53 1244
11 54 659
11 55 1890
11 56 1196
11 57 611
11 58 1842
11 59 1148
11 60 563
11 61 1794
11 62 1100
11 63 515
11 64 1746
11 65 1052
11 66 467
11 67 1698
11 68 1004
11 69 419
11 70 1650
11 71 956
11 72 371
11 73 1602
11 74 908
11 75 323
11 76 1554
11 77 956
11 78 371
11 79 1602
11 80 1796
12 0 2439
12 1 1227
12 2 1333
12 3 1480
12 4 1033
12 5 1281
12 6 2152
12 7 1853
12 8 1345
12 9 1405
12 10 2026
12 11 1507
12 12 0
12 13 1124
12 14 921
12 15 1081
12 16 1294
12 17 2016
12 18 747
12 19 1778
12 20 1206
12 21 1216
12 22 1008
12 23 1653
12 24 1493
12 25 1541
12 26 2319
12 27 1088
12 28 815
12 29 2271
12 30 1040
12 31 767
12 32 2223
12 33 992
12 34 719
12 35 2175
12 36 944
12 37 671
12 38 2127
12 39 896
12 40 623
12 41 2079
12 42 848
12 43 575
12 44 2031
12 45 800
12 46 527
12 47 1983
12 48 752
12 49 479
12 50 2031
12 51 800
12 52 527
12 53 2079
12 54 848
12 55 575
12 56 2127
12 57 896
12 58 623
12 59 2175
12 60 944
12 61 671
12 62 2223
12 63 992
12 64 719
12 65 2271
12 66 1040
12 67 767
12 68 2319
12 69 1088
12 70 815
12 71 2367
12 72 1136
12 73 863
12 74 2415
12 75 1184
12 76 911
12 77 2463
12 78 1232
12 79 959
12 80 2439
13 0 1699
13 1 751
13 2 953
13 3 1100
13 4 653
13 5 1473
13 6 1746
13 7 1473
13 8 1121
13 9 1025
13 10 1646
13 11 743
13 12 1124
13 13 0
13 14 1737
13 15 701
13 16 914
13 17 1402
13 18 1719
13 19 1398
13 20 876
13 21 836
13 22 1746
13 23 1273
13 24 1113
13 25 1161
13 26 1579
13 27 708
13 28 1939
13 29 1531
13 30 660
13 31 1891
13 32 1483
13 33 612
13 34 1843
13 35 1435
13 36 564
13 37 1795
13 38 1387
13 39 516
13 40 1747
13 41 1339
13 42 468
13 43 1699
13 44 1291
13 45 420
13 46 1651
13 47 1243
13 48 372
13 49 1603
13 50 1195
13 51 324
13 52 1555
13 53 1147
13 54 276
13 55 1507
13 56 1099
13 57 228
13 58 1459
13 59 1051
13 60 180
13 61 1411
13 62 1099
13 63 228
13 64 1459
13 65 1147
13 66 276
13 67 1507
13 68 1195
13 69 324
13 70 1555
13 71 1243
13 72 372
13 73 1603
13 74 1291
13 75 420
13 76 1651
13 77 1339
13 78 468
13 79 1699
13 80 1699
14 0 2476
14 1 1840
14 2 1188
14 3 637
14 4 1262
14 5 668
14 6 2189
14 7 1890
14 8 924
14 9 1826
14 10 2063
14 11 2120
14 12 921
14 13 1737
14 14 0
14 15 1214
14 16 1331
14 17 2437
14 18 326
14 19 2103
14 20 1169
14 21 1253
14 22 395
14 23 1786
14 24 1530
14 25 980
14 26 2356
14 27 1125
14 28 202
14 29 2308
14 30 1077
14 31 154
14 32 2356
14 33 1125
14 34 202
14 35 2404
14 36 1173
14 37 250
14 38 2452
14 39 1221
14 40 298
14 41 2500
14 42 1269
14 43 346
14 44 2548
14 45 1317
14 46 394
14 47 2596
14 48 1365
14 49 442
14 50 2644
14 51 1413
14 52 490
14 53 2692
14 54 1461
14 55 538
14 56 2740
14 57 1509
14 58 586
14 59 2788
14 60 1557
14 61 634
14 62 2836
14 63 1605
14 64 682
14 65 2884
14 66 1653
14 67 730
14 68 2932
14 69 1701
14 70 778
14 71 2980
14 72 1749
14 73 826
14 74 3028
14 75 1797
14 76 874
14 77 3076
14 78 1845
14 79 922
14 80 2476
15 0 1358
15 1 804
15 2 430
15 3 577
15 4 226
15 5 950
15 6 1249
15 7 950
15 8 694
15 9 790
15 10 1123
15 11 1084
15 12 1081
15 13 701
15 14 1214
15 15 0
15 16 391
15 17 1349
15 18 1292
15 19 1067
15 20 1121
15 21 313
15 22 1223
15 23 572
15 24 590
15 25 638
15 26 1238
15 27 185
15 28 1416
15 29 1190
15 30 137
15 31 1368
15 32 1142
15 33 89
15 34 1320
15 35 1190
15 36 137
15 37 1368
15 38 1238
15 39 185
15 40 1416
15 41 1286
15 42 233
15 43 1464
15 44 1334
15 45 281
15 46 1512
15 47 1382
15 48 329
15 49 1560
15 50 1430
15 51 377
15 52 1608
15 53 1478
15 54 425
15 55 1656
15 56 1526
15 57 473
15 58 1704
15 59 1574
15 60 521
15 61 1752
15 62 1622
15 63 569
15 64 1800
15 65 1670
15 66 617
15 67 1848
15 68 1718
15 69 665
15 70 1896
15 71 1766
15 72 713
15 73 1944
15 74 1814
15 75 761
15 76 1992
15 77 1862
15 78 809
15 79 2040
15 80 1358
16 0 1145
16 1 1017
16 2 451
16 3 694
16 4 439
16 5 971
16 6 858
16 7 559
16 8 907
16 9 1003
16 10 1240
16 11 1297
16 12 1294
16 13 914
16 14 1331
16 15 391
16 16 0
16 17 1328
16 18 1505
16 19 1280
16 20 1334
16 21 334
16 22 1244
16 23 963
16 24 707
16 25 659
16 26 1025
16 27 206
16 28 1437
16 29 1073
16 30 254
16 31 1485
16 32 1121
16 33 302
16 34 1533
16 35 1169
16 36 350
16 37 1581
16 38 1217
16 39 398
16 40 1629
16 41 1265
16 42 446
16 43 1677
16 44 1313
16 45 494
16 46 1725
16 47 1361
16 48 542
16 49 1773
16 50 1409
16 51 590
16 52 1821
16 53 1457
16 54 638
16 55 1869
16 56 1505
16 57 686
16 58 1917
16 59 1553
16 60 734
16 61 1965
16 62 1601
16 63 782
16 64 2013
16 65 1649
16 66 830
16 67 2061
16 68 1697
16 69 878
16 70 2109
16 71 1745
16 72 926
16 73 2157
16 74 1793
16 75 974
16 76 2205
16 77 1841
16 78 1022
16 79 2253
16 80 1145
17 0 423
17 1 1011
17 2 1653
17 3 1800
17 4 1301
17 5 2173
17 6 470
17 7 769
17 8 1821
17 9 611
17 10 500
17 11 1499
17 12 2016
17 13 1402
17 14 2437
17 15 1349
17 16 1328
17 17 0
17 18 2419
17 19 460
17 20 2056
17 21 1536
17 22 2446
17 23 777
17 24 1033
17 25 1861
17 26 303
17 27 1408
17 28 2639
17 29 255
17 30 1360
17 31 2591
17 32 207
17 33 1312
17 34 2543
17 35 159
17 36 1264
17 37 2495
17 38 111
17 39 1216
17 40 2447
17 41 63
17 42 1168
17 43 2399
17 44 111
17 45 1216
17 46 2447
17 47 159
17 48 1264
17 49 2495
17 50 207
17 51 1312
17 52 2543
17 53 255
17 54 1360
17 55 2591
17 56 303
17 57 1408
17 58 2639
17 59 351
17 60 1456
17 61 2687
17 62 399
17 63 1504
17 64 2735
17 65 447
17 66 1552
17 67 2783
17 68 495
17 69 1600
17 70 2831
17 71 543
17 72 1648
17 73 2879
17 74 591
17 75 1696
17 76 2927
17 77 639
17 78 1744
17 79 2975
17 80 423
18 0 2650
18 1 1822
18 2 1206
18 3 963
18 4 1244
18 5 686
18 6 2363
18 7 2064
18 8 598
18 9 1808
18 10 2237
18 11 2102
18 12 747
18 13 1719
18 14 326
18 15 1292
18 16 1505
18 17 2419
18 18 0
18 19 2085
18 20 995
18 21 1323
18 22 413
18 23 1864
18 24 1704
18 25 998
18 26 2530
18 27 1299
18 28 220
18 29 2482
18 30 1251
18 31 172
18 32 2434
18 33 1203
18 34 124
18 35 2386
18 36 1155
18 37 76
18 38 2434
18 39 1203
18 40 124
18 41 2482
18 42 1251
18 43 172
18 44 2530
18 45 1299
18 46 220
18 47 2578
18 48 1347
18 49 268
18 50 2626
18 51 1395
18 52 316
18 53 2674
18 54 1443
18 55 364
18 56 2722
18 57 1491
18 58 412
18 59 2770
18 60 1539
18 61 460
18 62 2818
18 63 1587
18 64 508
18 65 2866
18 66 1635
18 67 556
18 68 2914
18 69 1683
18 70 604
18 71 2962
18 72 1731
18 73 652
18 74 3010
18 75 1779
18 76 700
18 77 3058
18 78 1827
18 79 748
18 80 2650
19 0 661
19 1 1345
19 2 1319
19 3 1466
19 4 1019
19 5 1839
19 6 708
19 7 1007
19 8 1487
19 9 1071
19 10 738
19 11 1781
19 12 1778
19 13 1398
19 14 2103
19 15 1067
19 16 1280
19 17 460
19 18 2085
19 19 0
19 20 1818
19 21 1202
19 22 2112
19 23 1015
19 24 1271
19 25 1527
19 26 541
19 27 1074
19 28 2305
19 29 493
19 30 1026
19 31 2257
19 32 445
19 33 978
19 34 2209
19 35 397
19 36 930
19 37 2161
19 38 349
19 39 882
19 40 2113
19 41 397
19 42 930
19 43 2161
19 44 445
19 45 978
19 46 2209
19 47 493
19 48 1026
19 49 2257
19 50 541
19 51 1074
19 52 2305
19 53 589
19 54 1122
19 55 2353
19 56 637
19 57 1170
19 58 2401
19 59 685
19 60 1218
19 61 2449
19 62 733
19 63 1266
19 64 2497
19 65 781
19 66 1314
19 67 2545
19 68 829
19 69 1362
19 70 2593
19 71 877
19 72 1410
19 73 2641
19 74 925
19 75 1458
19 76 2689
19 77 973
19 78 1506
19 79 2737
19 80 661
20 0 2479
20 1 1171
20 2 1373
20 3 1520
20 4 1073
20 5 1529
20 6 2192
20 7 1893
20 8 1541
20 9 1445
20 10 2066
20 11 1259
20 12 1206
20 13 876
20 14 1169
20 15 1121
20 16 1334
20 17 2056
20 18 995
20 19 1818
20 20 0
20 21 1256
20 22 1256
20 23 1693
20 24 1533
20 25 1581
20 26 2359
20 27 1128
20 28 1063
20 29 2311
20 30 1080
20 31 1015
20 32 2263
20 33 1032
20 34 967
20 35 2215
20 36 984
20 37 919
20 38 2167
20 39 936
20 40 871
20 41 2119
20 42 888
20 43 823
20 44 2071
20 45 840
20 46 775
20 47 2023
20 48 792
20 49 727
20 50 1975
20 51 744
20 52 679
20 53 1927
20 54 696
20 55 631
20 56 1879
20 57 648
20 58 583
20 59 1927
20 60 696
20 61 631
20 62 1975
20 63 744
20 64 679
20 65 2023
20 66 792
20 67 727
20 68 2071
20 69 840
20 70 775
20 71 2119
20 72 888
20 73 823
20 74 2167
20 75 936
20 76 871
20 77 2215
20 78 984
20 79 919
20 80 2479
21 0 1479
21 1 939
21 2 117
21 3 616
21 4 361
21 5 637
21 6 1192
21 7 893
21 8 829
21 9 925
21 10 1162
21 11 1219
21 12 1216
21 13 836
21 14 1253
21 15 313
21 16 334
21 17 1536
21 18 1323
21 19 1202
21 20 1256
21 21 0
21 22 910
21 23 885
21 24 629
21 25 325
21 26 1359
21 27 128
21 28 1103
21 29 1407
21 30 176
21 31 1151
21 32 1455
21 33 224
21 34 1199
21 35 1503
21 36 272
21 37 1247
21 38 1551
21 39 320
21 40 1295
21 41 1599
21 42 368
21 43 1343
21 44 1647
21 45 416
21 46 1391
21 47 1695
21 48 464
21 49 1439
21 50 1743
21 51 512
21 52 1487
21 53 1791
21 54 560
21 55 1535
21 56 1839
21 57 608
21 58 1583
21 59 1887
21 60 656
21 61 1631
21 62 1935
21 63 704
21 64 1679
21 65 1983
21 66 752
21 67 1727
21 68 2031
21 69 800
21 70 1775
21 71 2079
21 72 848
21 73 1823
21 74 2127
21 75 896
21 76 1871
21 77 2175
21 78 944
21 79 1919
21 80 1479
22 0 2389
22 1 1849
22 2 793
22 3 1032
22 4 1271
22 5 273
22 6 2102
22 7 1803
22 8 1011
22 9 1835
22 10 2072
22 11 2129
22 12 1008
22 13 1746
22 14 395
22 15 1223
22 16 1244
22 17 2446
22 18 413
22 19 2112
22 20 1256
22 21 910
22 22 0
22 23 1795
22 24 1539
22 25 585
22 26 2269
22 27 1038
22 28 193
22 29 2317
22 30 1086
22 31 241
22 32 2365
22 33 1134
22 34 289
22 35 2413
22 36 1182
22 37 337
22 38 2461
22 39 1230
22 40 385
22 41 2509
22 42 1278
22 43 433
22 44 2557
22 45 1326
22 46 481
22 47 2605
22 48 1374
22 49 529
22 50 2653
22 51 1422
22 52 577
22 53 2701
22 54 1470
22 55 625
22 56 2749
22 57 1518
22 58 673
22 59 2797
22 60 1566
22 61 721
22 62 2845
22 63 1614
22 64 769
22 65 2893
22 66 1662
22 67 817
22 68 2941
22 69 1710
22 70 865
22 71 2989
22 72 1758
22 73 913
22 74 3037
22 75 1806
22 76 961
22 77 3085
22 78 1854
22 79 1009
22 80 2389
23 0 786
23 1 1376
23 2 1002
23 3 1149
23 4 798
23 5 1522
23 6 833
23 7 1132
23 8 1266
23 9 1362
23 10 863
23 11 1656
23 12 1653
23 13 1273
23 14 1786
23 15 572
23 16 963
23 17 777
23 18 1864
23 19 1015
23 20 1693
23 21 885
23 22 1795
23 23 0
23 24 1162
23 25 1210
23 26 666
23 27 757
23 28 1988
23 29 618
23 30 709
23 31 1940
23 32 570
23 33 661
23 34 1892
23 35 618
23 36 709
23 37 1940
23 38 666
23 39 757
23 40 1988
23 41 714
23 42 805
23 43 2036
23 44 762
23 45 853
23 46 2084
23 47 810
23 48 901
23 49 2132
23 50 858
23 51 949
23 52 2180
23 53 906
23 54 997
23 55 2228
23 56 954
23 57 1045
23 58 2276
23 59 1002
23 60 1093
23 61 2324
23 62 1050
23 63 1141
23 64 2372
23 65 1098
23 66 1189
23 67 2420
23 68 1146
23 69 1237
23 70 2468
23 71 1194
23 72 1285
23 73 2516
23 74 1242
23 75 1333
23 76 2564
23 77 1290
23 78 1381
23 79 2612
23 80 786
24 0 946
24 1 1216
24 2 746
24 3 893
24 4 638
24 5 1266
24 6 993
24 7 1266
24 8 1106
24 9 1202
24 10 533
24 11 1496
24 12 1493
24 13 1113
24 14 1530
24 15 590
24 16 707
24 17 1033
24 18 1704
24 19 1271
24 20 1533
24 21 629
24 22 1539
24 23 1162
24 24 0
24 25 954
24 26 826
24 27 501
24 28 1732
24 29 778
24 30 453
24 31 1684
24 32 826
24 33 501
24 34 1732
24 35 874
24 36 549
24 37 1780
24 38 922
24 39 597
24 40 1828
24 41 970
24 42 645
24 43 1876
24 44 1018
24 45 693
24 46 1924
24 47 1066
24 48 741
24 49 1972
24 50 1114
24 51 789
24 52 2020
24 53 1162
24 54 837
24 55 2068
24 56 1210
24 57 885
24 58 2116
24 59 1258
24 60 933
24 61 2164
24 62 1306
24 63 981
24 64 2212
24 65 1354
24 66 1029
24 67 2260
24 68 1402
24 69 1077
24 70 2308
24 71 1450
24 72 1125
24 73 2356
24 74 1498
24 75 1173
24 76 2404
24 77 1546
24 78 1221
24 79 2452
24 80 946
25 0 1804
25 1 1264
25 2 208
25 3 941
25 4 686
25 5 312
25 6 1517
25 7 1218
25 8 1154
25 9 1250
25 10 1487
25 11 1544
25 12 1541
25 13 1161
25 14 980
25 15 638
25 16 659
25 17 1861
25 18 998
25 19 1527
25 20 1581
25 21 325
25 22 585
25 23 1210
25 24 954
25 25 0
25 26 1684
25 27 453
25 28 778
25 29 1732
25 30 501
25 31 826
25 32 1780
25 33 549
25 34 874
25 35 1828
25 36 597
25 37 922
25 38 1876
25 39 645
25 40 970
25 41 1924
25 42 693
25 43 1018
25 44 1972
25 45 741
25 46 1066
25 47 2020
25 48 789
25 49 1114
25 50 2068
25 51 837
25 52 1162
25 53 2116
25 54 885
25 55 1210
25 56 2164
25 57 933
25 58 1258
25 59 2212
25 60 981
25 61 1306
25 62 2260
25 63 1029
25 64 1354
25 65 2308
25 66 1077
25 67 1402
25 68 2356
25 69 1125
25 70 1450
25 71 2404
25 72 1173
25 73 1498
25 74 2452
25 75 1221
25 76 1546
25 77 2500
25 78 1269
25 79 1594
25 80 1804
26 0 120
26 1 1188
26 2 1476
26 3 1719
26 4 1286
26 5 1996
26 6 167
26 7 466
26 8 1932
26 9 914
26 10 293
26 11 1676
26 12 2319
26 13 1579
26 14 2356
26 15 1238
26 16 1025
26 17 303
26 18 2530
26 19 541
26 20 2359
26 21 1359
26 22 2269
26 23 666
26 24 826
26 25 1684
26 26 0
26 27 1231
26 28 2462
26 29 48
26 30 1279
26 31 2510
26 32 96
26 33 1327
26 34 2558
26 35 144
26 36 1375
26 37 2606
26 38 192
26 39 1423
26 40 2654
26 41 240
26 42 1471
26 43 2702
26 44 288
26 45 1519
26 46 2750
26 47 336
26 48 1567
26 49 2798
26 50 384
26 51 1615
26 52 2846
26 53 432
26 54 1663
26 55 2894
26 56 480
26 57 1711
26 58 2942
26 59 528
26 60 1759
26 61 2990
26 62 576
26 63 1807
26 64 3038
26 65 624
26 66 1855
26 67 3086
26 68 672
26 69 1903
26 70 3134
26 71 720
26 72 1951
26 73 3182
26 74 768
26 75 1999
26 76 3230
26 77 816
26 78 2047
26 79 3278
26 80 120
27 0 1351
27 1 811
27 2 245
27 3 488
27 4 233
27 5 765
27 6 1064
27 7 765
27 8 701
27 9 797
27 10 1034
27 11 1091
27 12 1088
27 13 708
27 14 1125
27 15 185
27 16 206
27 17 1408
27 18 1299
27 19 1074
27 20 1128
27 21 128
27 22 1038
27 23 757
27 24 501
27 25 453
27 26 1231
27 27 0
27 28 1231
27 29 1279
27 30 48
27 31 1279
27 32 1327
27 33 96
27 34 1327
27 35 1375
27 36 144
27 37 1375
27 38 1423
27 39 192
27 40 1423
27 41 1471
27 42 240
27 43 1471
27 44 1519
27 45 288
27 46 1519
27 47 1567
27 48 336
27 49 1567
27 50 1615
27 51 384
27 52 1615
27 53 1663
27 54 432
27 55 1663
27 56 1711
27 57 480
27 58 1711
27 59 1759
27 60 528
27 61 1759
27 62 1807
27 63 576
27 64 1807
27 65 1855
27 66 624
27 67 1855
27 68 1903
27 69 672
27 70 1903
27 71 1951
27 72 720
27 73 1951
27 74 1999
27 75 768
27 76 1999
27 77 2047
27 78 816
27 79 2047
27 80 1351
28 0 2582
28 1 2042
28 2 986
28 3 839
28 4 1464
28 5 466
28 6 2295
28 7 1996
28 8 818
28 9 2028
28 10 2265
28 11 2322
28 12 815
28 13 1939
28 14 202
28 15 1416
28 16 1437
28 17 2639
28 18 220
28 19 2305
28 20 1063
28 21 1103
28 22 193
28 23 1988
28 24 1732
28 25 778
28 26 2462
28 27 1231
28 28 0
28 29 2510
28 30 1279
28 31 48
28 32 2558
28 33 1327
28 34 96
28 35 2606
28 36 1375
28 37 144
28 38 2654
28 39 1423
28 40 192
28 41 2702
28 42 1471
28 43 240
28 44 2750
28 45 1519
28 46 288
28 47 2798
28 48 1567
28 49 336
28 50 2846
28 51 1615
28 52 384
28 53 2894
28 54 1663
28 55 432
28 56 2942
28 57 1711
28 58 480
28 59 2990
28 60 1759
28 61 528
28 62 3038
28 63 1807
28 64 576
28 65 3086
28 66 1855
28 67 624
28 68 3134
28 69 1903
28 70 672
28 71 3182
28 72 1951
28 73 720
28 74 3230
28 75 1999
28 76 768
28 77 3278
28 78 2047
28 79 816
28 80 2582
29 0 168
29 1 1140
29 2 1524
29 3 1671
29 4 1238
29 5 2044
29 6 215
29 7 514
29 8 1884
29 9 866
29 10 245
29 11 1628
29 12 2271
29 13 1531
29 14 2308
29 15 1190
29 16 1073
29 17 255
29 18 2482
29 19 493
29 20 2311
29 21 1407
29 22 2317
29 23 618
29 24 778
29 25 1732
29 26 48
29 27 1279
29 28 2510
29 29 0
29 30 1231
29 31 2462
29 32 48
29 33 1279
29 34 2510
29 35 96
29 36 1327
29 37 2558
29 38 144
29 39 1375
29 40 2606
29 41 192
29 42 1423
29 43 2654
29 44 240
29 45 1471
29 46 2702
29 47 288
29 48 1519
29 49 2750
29 50 336
29 51 1567
29 52 2798
29 53 384
29 54 1615
29 55 2846
29 56 432
29 57 1663
29 58 2894
29 59 480
29 60 1711
29 61 2942
29 62 528
29 63 1759
29 64 2990
29 65 576
29 66 1807
29 67 3038
29 68 624
29 69 1855
29 70 3086
29 71 672
29 72 1903
29 73 3134
29 74 720
29 75 1951
29 76 3182
29 77 768
29 78 1999
29 79 3230
29 80 168
30 0 1399
30 1 763
30 2 293
30 3 440
30 4 185
30 5 813
30 6 1112
30 7 813
30 8 653
30 9 749
30 10 986
30 11 1043
30 12 1040
30 13 660
30 14 1077
30 15 137
30 16 254
30 17 1360
30 18 1251
30 19 1026
30 20 1080
30 21 176
30 22 1086
30 23 709
30 24 453
30 25 501
30 26 1279
30 27 48
30 28 1279
30 29 1231
30 30 0
30 31 1231
30 32 1279
30 33 48
30 34 1279
30 35 1327
30 36 96
30 37 1327
30 38 1375
30 39 144
30 40 1375
30 41 1423
30 42 192
30 43 1423
30 44 1471
30 45 240
30 46 1471
30 47 1519
30 48 288
30 49 1519
30 50 1567
30 51 336
30 52 1567
30 53 1615
30 54 384
30 55 1615
30 56 1663
30 57 432
30 58 1663
30 59 1711
30 60 480
30 61 1711
30 62 1759
30 63 528
30 64 1759
30 65 1807
30 66 576
30 67 1807
30 68 1855
30 69 624
30 70 1855
30 71 1903
30 72 672
30 73 1903
30 74 1951
30 75 720
30 76 1951
30 77 1999
30 78 768
30 79 1999
30 80 1399
31 0 2630
31 1 1994
31 2 1034
31 3 791
31 4 1416
31 5 514
31 6 2343
31 7 2044
31 8 770
31 9 1980
31 10 2217
31 11 2274
31 12 767
31 13 1891
31 14 154
31 15 1368
31 16 1485
31 17 2591
31 18 172
31 19 2257
31 20 1015
31 21 1151
31 22 241
31 23 1940
31 24 1684
31 25 826
31 26 2510
31 27 1279
31 28 48
31 29 2462
31 30 1231
31 31 0
31 32 2510
31 33 1279
31 34 48
31 35 2558
31 36 1327
31 37 96
31 38 2606
31 39 1375
31 40 144
31 41 2654
31 42 1423
31 43 192
31 44 2702
31 45 1471
31 46 240
31 47 2750
31 48 1519
31 49 288
31 50 2798
31 51 1567
31 52 336
31 53 2846
31 54 1615
31 55 384
31 56 2894
31 57 1663
31 58 432
31 59 2942
31 60 1711
31 61 480
31 62 2990
31 63 1759
31 64 528
31 65 3038
31 66 1807
31 67 576
31 68 3086
31 69 1855
31 70 624
31 71 3134
31 72 1903
31 73 672
31 74 3182
31 75 1951
31 76 720
31 77 3230
31 78 1999
31 79 768
31 80 2630
32 0 216
32 1 1092
32 2 1572
32 3 1719
32 4 1190
32 5 2092
32 6 263
32 7 562
32 8 1836
32 9 818
32 10 293
32 11 1580
32 12 2223
32 13 1483
32 14 2356
32 15 1142
32 16 1121
32 17 207
32 18 2434
32 19 445
32 20 2263
32 21 1455
32 22 2365
32 23 570
32 24 826
32 25 1780
32 26 96
32 27 1327
32 28 2558
32 29 48
32 30 1279
32 31 2510
32 32 0
32 33 1231
32 34 2462
32 35 48
32 36 1279
32 37 2510
32 38 96
32 39 1327
32 40 2558
32 41 144
32 42 1375
32 43 2606
32 44 192
32 45 1423
32 46 2654
32 47 240
32 48 1471
32 49 2702
32 50 288
32 51 1519
32 52 2750
32 53 336
32 54 1567
32 55 2798
32 56 384
32 57 1615
32 58 2846
32 59 432
32 60 1663
32 61 2894
32 62 480
32 63 1711
32 64 2942
32 65 528
32 66 1759
32 67 2990
32 68 576
32 69 1807
32 70 3038
32 71 624
32 72 1855
32 73 3086
32 74 672
32 75 1903
32 76 3134
32 77 720
32 78 1951
32 79 3182
32 80 216
33 0 1447
33 1 715
33 2 341
33 3 488
33 4 137
33 5 861
33 6 1160
33 7 861
33 8 605
33 9 701
33 10 1034
33 11 995
33 12 992
33 13 612
33 14 1125
33 15 89
33 16 302
33 17 1312
33 18 1203
33 19 978
33 20 1032
33 21 224
33 22 1134
33 23 661
33 24 501
33 25 549
33 26 1327
33 27 96
33 28 1327
33 29 1279
33 30 48
33 31 1279
33 32 1231
33 33 0
33 34 1231
33 35 1279
33 36 48
33 37 1279
33 38 1327
33 39 96
33 40 1327
33 41 1375
33 42 144
33 43 1375
33 44 1423
33 45 192
33 46 1423
33 47 1471
33 48 240
33 49 1471
33 50 1519
33 51 288
33 52 1519
33 53 1567
33 54 336
33 55 1567
33 56 1615
33 57 384
33 58 1615
33 59 1663
33 60 432
33 61 1663
33 62 1711
33 63 480
33 64 1711
33 65 1759
33 66 528
33 67 1759
33 68 1807
33 69 576
33 70 1807
33 71 1855
33 72 624
33 73 1855
33 74 1903
33 75 672
33 76 1903
33 77 1951
33 78 720
33 79 1951
33 80 1447
34 0 2678
34 1 1946
34 2 1082
34 3 839
34 4 1368
34 5 562
34 6 2391
34 7 2092
34 8 722
34 9 1932
34 10 2265
34 11 2226
34 12 719
34 13 1843
34 14 202
34 15 1320
34 16 1533
34 17 2543
34 18 124
34 19 2209
34 20 967
34 21 1199
34 22 289
34 23 1892
34 24 1732
34 25 874
34 26 2558
34 27 1327
34 28 96
34 29 2510
34 30 1279
34 31 48
34 32 2462
34 33 1231
34 34 0
34 35 2510
34 36 1279
34 37 48
34 38 2558
34 39 1327
34 40 96
34 41 2606
34 42 1375
34 43 144
34 44 2654
34 45 1423
34 46 192
34 47 2702
34 48 1471
34 49 240
34 50 2750
34 51 1519
34 52 288
34 53 2798
34 54 1567
34 55 336
34 56 2846
34 57 1615
34 58 384
34 59 2894
34 60 1663
34 61 432
34 62 2942
34 63 1711
34 64 480
34 65 2990
34 66 1759
34 67 528
34 68 3038
34 69 1807
34 70 576
34 71 3086
34 72 1855
34 73 624
34 74 3134
34 75 1903
34 76 672
34 77 3182
34 78 1951
34 79 720
34 80 2678
35 0 264
35 1 1044
35 2 1620
35 3 1767
35 4 1142
35 5 2140
35 6 311
35 7 610
35 8 1788
35 9 770
35 10 341
35 11 1532
35 12 2175
35 13 1435
35 14 2404
35 15 1190
35 16 1169
35 17 159
35 18 2386
35 19 397
35 20 2215
35 21 1503
35 22 2413
35 23 618
35 24 874
35 25 1828
35 26 144
35 27 1375
35 28 2606
35 29 96
35 30 1327
35 31 2558
35 32 48
35 33 1279
35 34 2510
35 35 0
35 36 1231
35 37 2462
35 38 48
35 39 1279
35 40 2510
35 41 96
35 42 1327
35 43 2558
35 44 144
35 45 1375
35 46 2606
35 47 192
35 48 1423
35 49 2654
35 50 240
35 51 1471
35 52 2702
35 53 288
35 54 1519
35 55 2750
35 56 336
35 57 1567
35 58 2798
35 59 384
35 60 1615
35 61 2846
35 62 432
35 63 1663
35 64 2894
35 65 480
35 66 1711
35 67 2942
35 68 528
35 69 1759
35 70 2990
35 71 576
35 72 1807
35 73 3038
35 74 624
35 75 1855
35 76 3086
35 77 672
35 78 1903
35 79 3134
35 80 264
36 0 1495
36 1 667
36 2 389
36 3 536
36 4 89
36 5 909
36 6 1208
36 7 909
36 8 557
36 9 653
36 10 1082
36 11 947
36 12 944
36 13 564
36 14 1173
36 15 137
36 16 350
36 17 1264
36 18 1155
36 19 930
36 20 984
36 21 272
36 22 1182
36 23 709
36 24 549
36 25 597
36 26 1375
36 27 144
36 28 1375
36 29 1327
36 30 96
36 31 1327
36 32 1279
36 33 48
36 34 1279
36 35 1231
36 36 0
36 37 1231
36 38 1279
36 39 48
36 40 1279
36 41 1327
36 42 96
36 43 1327
36 44 1375
36 45 144
36 46 1375
36 47 1423
36 48 192
36 49 1423
36 50 1471
36 51 240
36 52 1471
36 53 1519
36 54 288
36 55 1519
36 56 1567
36 57 336
36 58 1567
36 59 1615
36 60 384
36 61 1615
36 62 1663
36 63 432
36 64 1663
36 65 1711
36 66 480
36 67 1711
36 68 1759
36 69 528
36 70 1759
36 71 1807
36 72 576
36 73 1807
36 74 1855
36 75 624
36 76 1855
36 77 1903
36 78 672
36 79 1903
36 80 1495
37 0 2726
37 1 1898
37 2 1130
37 3 887
37 4 1320
37 5 610
37 6 2439
37 7 2140
37 8 674
37 9 1884
37 10 2313
37 11 2178
37 12 671
37 13 1795
37 14 250
37 15 1368
37 16 1581
37 17 2495
37 18 76
37 19 2161
37 20 919
37 21 1247
37 22 337
37 23 1940
37 24 1780
37 25 922
37 26 2606
37 27 1375
37 28 144
37 29 2558
37 30 1327
37 31 96
37 32 2510
37 33 1279
37 34 48
37 35 2462
37 36 1231
37 37 0
37 38 2510
37 39 1279
37 40 48
37 41 2558
37 42 1327
37 43 96
37 44 2606
37 45 1375
37 46 144
37 47 2654
37 48 1423
37 49 192
37 50 2702
37 51 1471
37 52 240
37 53 2750
37 54 1519
37 55 288
37 56 2798
37 57 1567
37 58 336
37 59 2846
37 60 1615
37 61 384
37 62 2894
37 63 1663
37 64 432
37 65 2942
37 66 1711
37 67 480
37 68 2990
37 69 1759
37 70 528
37 71 3038
37 72 1807
37 73 576
37 74 3086
37 75 1855
37 76 624
37 77 3134
37 78 1903
37 79 672
37 80 2726
38 0 312
38 1 996
38 2 1668
38 3 1815
38 4 1190
38 5 2188
38 6 359
38 7 658
38 8 1836
38 9 722
38 10 389
38 11 1484
38 12 2127
38 13 1387
38 14 2452
38 15 1238
38 16 1217
38 17 111
38 18 2434
38 19 349
38 20 2167
38 21 1551
38 22 2461
38 23 666
38 24 922
38 25 1876
38 26 192
38 27 1423
38 28 2654
38 29 144
38 30 1375
38 31 2606
38 32 96
38 33 1327
38 34 2558
38 35 48
38 36 1279
38 37 2510
38 38 0
38 39 1231
38 40 2462
38 41 48
38 42 1279
38 43 2510
38 44 96
38 45 1327
38 46 2558
38 47 144
38 48 1375
38 49 2606
38 50 192
38 51 1423
38 52 2654
38 53 240
38 54 1471
38 55 2702
38 56 288
38 57 1519
38 58 2750
38 59 336
38 60 1567
38 61 2798
38 62 384
38 63 1615
38 64 2846
38 65 432
38 66 1663
38 67 2894
38 68 480
38 69 1711
38 70 2942
38 71 528
38 72 1759
38 73 2990
38 74 576
38 75 1807
38 76 3038
38 77 624
38 78 1855
38 79 3086
38 80 312
39 0 1543
39 1 619
39 2 437
39 3 584
39 4 137
39 5 957
39 6 1256
39 7 957
39 8 605
39 9 605
39 10 1130
39 11 899
39 12 896
39 13 516
39 14 1221
39 15 185
39 16 398
39 17 1216
39 18 1203
39 19 882
39 20 936
39 21 320
39 22 1230
39 23 757
39 24 597
39 25 645
39 26 1423
39 27 192
39 28 1423
39 29 1375
39 30 144
39 31 1375
39 32 1327
39 33 96
39 34 1327
39 35 1279
39 36 48
39 37 1279
39 38 1231
39 39 0
39 40 1231
39 41 1279
39 42 48
39 43 1279
39 44 1327
39 45 96
39 46 1327
39 47 1375
39 48 144
39 49 1375
39 50 1423
39 51 192
39 52 1423
39 53 1471
39 54 240
39 55 1471
39 56 1519
39 57 288
39 58 1519
39 59 1567
39 60 336
39 61 1567
39 62 1615
39 63 384
39 64 1615
39 65 1663
39 66 432
39 67 1663
39 68 1711
39 69 480
39 70 1711
39 71 1759
39 72 528
39 73 1759
39 74 1807
39 75 576
39 76 1807
39 77 1855
39 78 624
39 79 1855
39 80 1543
40 0 2774
40 1 1850
40 2 1178
40 3 935
40 4 1368
40 5 658
40 6 2487
40 7 2188
40 8 722
40 9 1836
40 10 2361
40 11 2130
40 12 623
40 13 1747
40 14 298
40 15 1416
40 16 1629
40 17 2447
40 18 124
40 19 2113
40 20 871
40 21 1295
40 22 385
40 23 1988
40 24 1828
40 25 970
40 26 2654
40 27 1423
40 28 192
40 29 2606
40 30 1375
40 31 144
40 32 2558
40 33 1327
40 34 96
40 35 2510
40 36 1279
40 37 48
40 38 2462
40 39 1231
40 40 0
40 41 2510
40 42 1279
40 43 48
40 44 2558
40 45 1327
40 46 96
40 47 2606
40 48 1375
40 49 144
40 50 2654
40 51 1423
40 52 192
40 53 2702
40 54 1471
40 55 240
40 56 2750
40 57 1519
40 58 288
40 59 2798
40 60 1567
40 61 336
40 62 2846
40 63 1615
40 64 384
40 65 2894
40 66 1663
40 67 432
40 68 2942
40 69 1711
40 70 480
40 71 2990
40 72 1759
40 73 528
40 74 3038
40 75 1807
40 76 576
40 77 3086
40 78 1855
40 79 624
40 80 2774
41 0 360
41 1 948
41 2 1716
41 3 1863
41 4 1238
41 5 2236
41 6 407
41 7 706
41 8 1884
41 9 674
41 10 437
41 11 1436
41 12 2079
41 13 1339
41 14 2500
41 15 1286
41 16 1265
41 17 63
41 18 2482
41 19 397
41 20 2119
41 21 1599
41 22 2509
41 23 714
41 24 970
41 25 1924
41 26 240
41 27 1471
41 28 2702
41 29 192
41 30 1423
41 31 2654
41 32 144
41 33 1375
41 34 2606
41 35 96
41 36 1327
41 37 2558
41 38 48
41 39 1279
41 40 2510
41 41 0
41 42 1231
41 43 2462
41 44 48
41 45 1279
41 46 2510
41 47 96
41 48 1327
41 49 2558
41 50 144
41 51 1375
41 52 2606
41 53 192
41 54 1423
41 55 2654
41 56 240
41 57 1471
41 58 2702
41 59 288
41 60 1519
41 61 2750
41 62 336
41 63 1567
41 64 2798
41 65 384
41 66 1615
41 67 2846
41 68 432
41 69 1663
41 70 2894
41 71 480
41 72 1711
41 73 2942
41 74 528
41 75 1759
41 76 2990
41 77 576
41 78 1807
41 79 3038
41 80 360
42 0 1591
42 1 571
42 2 485
42 3 632
42 4 185
42 5 1005
42 6 1304
42 7 1005
42 8 653
42 9 557
42 10 1178
42 11 851
42 12 848
42 13 468
42 14 1269
42 15 233
42 16 446
42 17 1168
42 18 1251
42 19 930
42 20 888
42 21 368
42 22 1278
42 23 805
42 24 645
42 25 693
42 26 1471
42 27 240
42 28 1471
42 29 1423
42 30 192
42 31 1423
42 32 1375
42 33 144
42 34 1375
42 35 1327
42 36 96
42 37 1327
42 38 1279
42 39 48
42 40 1279
42 41 1231
42 42 0
42 43 1231
42 44 1279
42 45 48
42 46 1279
42 47 1327
42 48 96
42 49 1327
42 50 1375
42 51 144
42 52 1375
42 53 1423
42 54 192
42 55 1423
42 56 1471
42 57 240
42 58 1471
42 59 1519
42 60 288
42 61 1519
42 62 1567
42 63 336
42 64 1567
42 65 1615
42 66 384
42 67 1615
42 68 1663
42 69 432
42 70 1663
42 71 1711
42 72 480
42 73 1711
42 74 1759
42 75 528
42 76 1759
42 77 1807
42 78 576
42 79 1807
42 80 1591
43 0 2822
43 1 1802
43 2 1226
43 3 983
43 4 1416
43 5 706
43 6 2535
43 7 2236
43 8 770
43 9 1788
43 10 2409
43 11 2082
43 12 575
43 13 1699
43 14 346
43 15 1464
43 16 1677
43 17 2399
43 18 172
43 19 2161
43 20 823
43 21 1343
43 22 433
43 23 2036
43 24 1876
43 25 1018
43 26 2702
43 27 1471
43 28 240
43 29 2654
43 30 1423
43 31 192
43 32 2606
43 33 1375
43 34 144
43 35 2558
43 36 1327
43 37 96
43 38 2510
43 39 1279
43 40 48
43 41 2462
43 42 1231
43 43 0
43 44 2510
43 45 1279
43 46 48
43 47 2558
43 48 1327
43 49 96
43 50 2606
43 51 1375
43 52 144
43 53 2654
43 54 1423
43 55 192
43 56 2702
43 57 1471
43 58 240
43 59 2750
43 60 1519
43 61 288
43 62 2798
43 63 1567
43 64 336
43 65 2846
43 66 1615
43 67 384
43 68 2894
43 69 1663
43 70 432
43 71 2942
43 72 1711
43 73 480
43 74 2990
43 75 1759
43 76 528
43 77 3038
43 78 1807
43 79 576
43 80 2822
44 0 408
44 1 900
44 2 1764
44 3 1911
44 4 1286
44 5 2284
44 6 455
44 7 754
44 8 1932
44 9 722
44 10 485
44 11 1388
44 12 2031
44 13 1291
44 14 2548
44 15 1334
44 16 1313
44 17 111
44 18 2530
44 19 445
44 20 2071
44 21 1647
44 22 2557
44 23 762
44 24 1018
44 25 1972
44 26 288
44 27 1519
44 28 2750
44 29 240
44 30 1471
44 31 2702
44 32 192
44 33 1423
44 34 2654
