//alpha
1
//NbLocations
80
//NbProducts
25
//NbPickers
2
//CapaPicker
8
//TimeToTravelOneDistanceUnit
3
//SetupTime
5400
//PickTime
300
//Products
//Idx Location Size
1 1 1
2 2 1
3 3 1
4 4 1
5 5 1
6 6 1
7 7 1
8 8 1
9 9 1
10 10 1
11 11 1
12 12 1
13 13 1
14 14 1
15 15 1
16 16 1
17 17 1
18 18 1
19 19 1
20 20 1
21 21 1
22 22 1
23 23 1
24 24 1
25 25 1
//Orders
//NbOrders
6
//Idx DueDate TardinessPenalty NbProdInOrder ProdIdx1 Qty1 ProdIdx2 Qty2 ...
1 72000 0 5 1 1 2 1 3 1 4 1 5 1
2 108000 0 2 6 1 7 1
3 108000 0 8 8 1 9 1 10 1 11 1 12 1 13 1 14 1 15 1
4 72000 0 1 16 1
5 108000 0 1 17 1
6 72000 0 8 18 1 19 1 20 1 21 1 22 1 23 1 24 1 25 1
//Graph (Products are vertices indexed from 1 to NbProducts)
//NbVerticesIntersections
54
//DepartingDepot
0
//ArrivalDepot
80
//Arcs
//Start End Distance
0 26 120
1 17 13
1 36 1064
2 10 39
2 55 1012
3 5 104
3 31 1012
4 66 141
4 67 1090
5 3 104
5 30 115
6 17 78
6 35 76
7 11 39
7 68 76
8 42 63
8 43 1168
9 33 180
9 34 1051
10 2 39
10 54 180
11 7 39
11 69 1116
12 13 494
12 57 427
13 12 494
13 16 221
14 41 50
14 42 1181
15 45 154
15 46 1077
16 13 221
16 19 39
17 1 13
17 6 78
18 32 1012
18 33 219
19 16 39
19 56 50
20 36 583
20 37 648
21 65 128
21 66 1103
22 75 102
22 76 1129
23 63 609
23 64 622
24 44 492
24 45 739
25 74 492
25 75 739
26 27 1231
26 29 48
26 80 120
27 26 1231
27 28 1231
27 30 48
28 27 1231
28 31 48
29 26 48
29 30 1231
29 32 48
30 5 115
30 27 48
30 29 1231
30 33 48
31 3 1012
31 28 48
31 34 48
32 18 1012
32 29 48
32 35 48
33 9 180
33 18 219
33 30 48
33 36 48
34 9 1051
34 31 48
34 37 48
35 6 76
35 32 48
35 38 48
36 1 1064
36 20 583
36 33 48
36 39 48
37 20 648
37 34 48
37 40 48
38 35 48
38 39 1231
38 41 48
39 36 48
39 38 1231
39 40 1231
39 42 48
40 37 48
40 39 1231
40 43 48
41 14 50
41 38 48
41 44 48
42 8 63
42 14 1181
42 39 48
42 45 48
43 8 1168
43 40 48
43 46 48
44 24 492
44 41 48
44 47 48
45 15 154
45 24 739
45 42 48
45 48 48
46 15 1077
46 43 48
46 49 48
47 44 48
47 48 1231
47 50 48
48 45 48
48 47 1231
48 49 1231
48 51 48
49 46 48
49 48 1231
49 52 48
50 47 48
50 51 1231
50 53 48
51 48 48
51 50 1231
51 52 1231
51 54 48
52 49 48
52 51 1231
52 55 48
53 50 48
53 54 1231
53 56 48
54 10 180
54 51 48
54 53 1231
54 57 48
55 2 1012
55 52 48
55 58 48
56 19 50
56 53 48
56 59 48
57 12 427
57 54 48
57 58 1231
57 60 48
58 55 48
58 57 1231
58 61 48
59 56 48
59 60 1231
59 62 48
60 57 48
60 59 1231
60 61 1231
60 63 48
61 58 48
61 60 1231
61 64 48
62 59 48
62 63 1231
62 65 48
63 23 609
63 60 48
63 62 1231
63 66 48
64 23 622
64 61 48
64 67 48
65 21 128
65 62 48
65 68 48
66 4 141
66 21 1103
66 63 48
66 69 48
67 4 1090
67 64 48
67 70 48
68 7 76
68 65 48
68 71 48
69 11 1116
69 66 48
69 70 1231
69 72 48
70 67 48
70 69 1231
70 73 48
71 68 48
71 72 1231
71 74 48
72 69 48
72 71 1231
72 73 1231
72 75 48
73 70 48
73 72 1231
73 76 48
74 25 492
74 71 48
74 77 48
75 22 102
75 25 739
75 72 48
75 78 48
76 22 1129
76 73 48
76 79 48
77 74 48
77 78 1231
78 75 48
78 77 1231
78 79 1231
79 76 48
79 78 1231
//LocStart LocEnd ShortestPath
0 0 0
0 1 431
0 2 2002
0 3 1618
0 4 2116
0 5 1514
0 6 340
0 7 868
0 8 1654
0 9 1627
0 10 1963
0 11 907
0 12 1404
0 13 910
0 14 410
0 15 1793
0 16 689
0 17 418
0 18 1228
0 19 650
0 20 2078
0 21 872
0 22 2221
0 23 2536
0 24 900
0 25 1380
0 26 120
0 27 1351
0 28 2582
0 29 168
0 30 1399
0 31 2630
0 32 216
0 33 1447
0 34 2678
0 35 264
0 36 1495
0 37 2726
0 38 312
0 39 1543
0 40 2774
0 41 360
0 42 1591
0 43 2822
0 44 408
0 45 1639
0 46 2870
0 47 456
0 48 1687
0 49 2918
0 50 504
0 51 1735
0 52 2966
0 53 552
0 54 1783
0 55 3014
0 56 600
0 57 1831
0 58 3062
0 59 648
0 60 1879
0 61 3110
0 62 696
0 63 1927
0 64 3158
0 65 744
0 66 1975
0 67 3206
0 68 792
0 69 2023
0 70 3254
0 71 840
0 72 2071
0 73 3302
0 74 888
0 75 2119
0 76 3350
0 77 936
0 78 2167
0 79 3398
0 80 0
1 0 431
1 1 0
1 2 1571
1 3 1379
1 4 1685
1 5 1275
1 6 91
1 7 771
1 8 1223
1 9 1292
1 10 1532
1 11 810
1 12 1307
1 13 813
1 14 313
1 15 1362
1 16 592
1 17 13
1 18 1227
1 19 553
1 20 1647
1 21 775
1 22 1790
1 23 2105
1 24 803
1 25 1283
1 26 311
1 27 1208
1 28 2439
1 29 263
1 30 1160
1 31 2391
1 32 215
1 33 1112
1 34 2343
1 35 167
1 36 1064
1 37 2295
1 38 215
1 39 1112
1 40 2343
1 41 263
1 42 1160
1 43 2391
1 44 311
1 45 1208
1 46 2439
1 47 359
1 48 1256
1 49 2487
1 50 407
1 51 1304
1 52 2535
1 53 455
1 54 1352
1 55 2583
1 56 503
1 57 1400
1 58 2631
1 59 551
1 60 1448
1 61 2679
1 62 599
1 63 1496
1 64 2727
1 65 647
1 66 1544
1 67 2775
1 68 695
1 69 1592
1 70 2823
1 71 743
1 72 1640
1 73 2871
1 74 791
1 75 1688
1 76 2919
1 77 839
1 78 1736
1 79 2967
1 80 431
2 0 2002
2 1 1571
2 2 0
2 3 822
2 4 552
2 5 718
2 6 1662
2 7 1614
2 8 474
2 9 735
2 10 39
2 11 1575
2 12 694
2 13 1188
2 14 1592
2 15 517
2 16 1409
2 17 1584
2 18 774
2 19 1448
2 20 1090
2 21 1514
2 22 657
2 23 972
2 24 1102
2 25 1294
2 26 1882
2 27 651
2 28 1444
2 29 1834
2 30 603
2 31 1396
2 32 1786
2 33 555
2 34 1348
2 35 1738
2 36 507
2 37 1300
2 38 1690
2 39 459
2 40 1252
2 41 1642
2 42 411
2 43 1204
2 44 1594
2 45 363
2 46 1156
2 47 1546
2 48 315
2 49 1108
2 50 1498
2 51 267
2 52 1060
2 53 1450
2 54 219
2 55 1012
2 56 1498
2 57 267
2 58 1060
2 59 1546
2 60 315
2 61 1108
2 62 1594
2 63 363
2 64 1156
2 65 1642
2 66 411
2 67 1204
2 68 1690
2 69 459
2 70 1252
2 71 1738
2 72 507
2 73 1300
2 74 1786
2 75 555
2 76 1348
2 77 1834
2 78 603
2 79 1396
2 80 2002
3 0 1618
3 1 1379
3 2 822
3 3 0
3 4 936
3 5 104
3 6 1470
3 7 1998
3 8 474
3 9 447
3 10 783
3 11 1959
3 12 1078
3 13 1572
3 14 1592
3 15 613
3 16 1793
3 17 1392
3 18 486
3 19 1832
3 20 898
3 21 1898
3 22 1041
3 23 1356
3 24 1198
3 25 1678
3 26 1498
3 27 267
3 28 1060
3 29 1450
3 30 219
3 31 1012
3 32 1498
3 33 267
3 34 1060
3 35 1546
3 36 315
3 37 1108
3 38 1594
3 39 363
3 40 1156
3 41 1642
3 42 411
3 43 1204
3 44 1690
3 45 459
3 46 1252
3 47 1738
3 48 507
3 49 1300
3 50 1786
3 51 555
3 52 1348
3 53 1834
3 54 603
3 55 1396
3 56 1882
3 57 651
3 58 1444
3 59 1930
3 60 699
3 61 1492
3 62 1978
3 63 747
3 64 1540
3 65 2026
3 66 795
3 67 1588
3 68 2074
3 69 843
3 70 1636
3 71 2122
3 72 891
3 73 1684
3 74 2170
3 75 939
3 76 1732
3 77 2218
3 78 987
3 79 1780
3 80 1618
4 0 2116
4 1 1685
4 2 552
4 3 936
4 4 0
4 5 832
4 6 1776
4 7 1344
4 8 588
4 9 849
4 10 513
4 11 1305
4 12 712
4 13 1206
4 14 1706
4 15 631
4 16 1427
4 17 1698
4 18 888
4 19 1466
4 20 1204
4 21 1244
4 22 387
4 23 798
4 24 1216
4 25 1024
4 26 1996
4 27 765
4 28 1714
4 29 1948
4 30 717
4 31 1666
4 32 1900
4 33 669
4 34 1618
4 35 1852
4 36 621
4 37 1570
4 38 1804
4 39 573
4 40 1522
4 41 1756
4 42 525
4 43 1474
4 44 1708
4 45 477
4 46 1426
4 47 1660
4 48 429
4 49 1378
4 50 1612
4 51 381
4 52 1330
4 53 1564
4 54 333
4 55 1282
4 56 1516
4 57 285
4 58 1234
4 59 1468
4 60 237
4 61 1186
4 62 1420
4 63 189
4 64 1138
4 65 1372
4 66 141
4 67 1090
4 68 1420
4 69 189
4 70 1138
4 71 1468
4 72 237
4 73 1186
4 74 1516
4 75 285
4 76 1234
4 77 1564
4 78 333
4 79 1282
4 80 2116
5 0 1514
5 1 1275
5 2 718
5 3 104
5 4 832
5 5 0
5 6 1366
5 7 1894
5 8 370
5 9 343
5 10 679
5 11 1855
5 12 974
5 13 1468
5 14 1488
5 15 509
5 16 1689
5 17 1288
5 18 382
5 19 1728
5 20 794
5 21 1794
5 22 937
5 23 1252
5 24 1094
5 25 1574
5 26 1394
5 27 163
5 28 1164
5 29 1346
5 30 115
5 31 1116
5 32 1394
5 33 163
5 34 1164
5 35 1442
5 36 211
5 37 1212
5 38 1490
5 39 259
5 40 1260
5 41 1538
5 42 307
5 43 1308
5 44 1586
5 45 355
5 46 1356
5 47 1634
5 48 403
5 49 1404
5 50 1682
5 51 451
5 52 1452
5 53 1730
5 54 499
5 55 1500
5 56 1778
5 57 547
5 58 1548
5 59 1826
5 60 595
5 61 1596
5 62 1874
5 63 643
5 64 1644
5 65 1922
5 66 691
5 67 1692
5 68 1970
5 69 739
5 70 1740
5 71 2018
5 72 787
5 73 1788
5 74 2066
5 75 835
5 76 1836
5 77 2114
5 78 883
5 79 1884
5 80 1514
6 0 340
6 1 91
6 2 1662
6 3 1470
6 4 1776
6 5 1366
6 6 0
6 7 680
6 8 1314
6 9 1383
6 10 1623
6 11 719
6 12 1216
6 13 722
6 14 222
6 15 1453
6 16 501
6 17 78
6 18 1136
6 19 462
6 20 1738
6 21 684
6 22 1881
6 23 2196
6 24 712
6 25 1192
6 26 220
6 27 1299
6 28 2530
6 29 172
6 30 1251
6 31 2482
6 32 124
6 33 1203
6 34 2434
6 35 76
6 36 1155
6 37 2386
6 38 124
6 39 1203
6 40 2434
6 41 172
6 42 1251
6 43 2482
6 44 220
6 45 1299
6 46 2530
6 47 268
6 48 1347
6 49 2578
6 50 316
6 51 1395
6 52 2626
6 53 364
6 54 1443
6 55 2674
6 56 412
6 57 1491
6 58 2722
6 59 460
6 60 1539
6 61 2770
6 62 508
6 63 1587
6 64 2818
6 65 556
6 66 1635
6 67 2866
6 68 604
6 69 1683
6 70 2914
6 71 652
6 72 1731
6 73 2962
6 74 700
6 75 1779
6 76 3010
6 77 748
6 78 1827
6 79 3058
6 80 340
7 0 868
7 1 771
7 2 1614
7 3 1998
7 4 1344
7 5 1894
7 6 680
7 7 0
7 8 1650
7 9 1911
7 10 1575
7 11 39
7 12 1072
7 13 578
7 14 558
7 15 1693
7 16 357
7 17 758
7 18 1664
7 19 318
7 20 2266
7 21 252
7 22 1353
7 23 1860
7 24 952
7 25 664
7 26 748
7 27 1827
7 28 3058
7 29 700
7 30 1779
7 31 3010
7 32 652
7 33 1731
7 34 2962
7 35 604
7 36 1683
7 37 2914
7 38 556
7 39 1635
7 40 2866
7 41 508
7 42 1587
7 43 2818
7 44 460
7 45 1539
7 46 2770
7 47 412
7 48 1491
7 49 2722
7 50 364
7 51 1443
7 52 2674
7 53 316
7 54 1395
7 55 2626
7 56 268
7 57 1347
7 58 2578
7 59 220
7 60 1299
7 61 2530
7 62 172
7 63 1251
7 64 2482
7 65 124
7 66 1203
7 67 2434
7 68 76
7 69 1155
7 70 2386
7 71 124
7 72 1203
7 73 2434
7 74 172
7 75 1251
7 76 2482
7 77 220
7 78 1299
7 79 2530
7 80 868
8 0 1654
8 1 1223
8 2 474
8 3 474
8 4 588
8 5 370
8 6 1314
8 7 1650
8 8 0
8 9 387
8 10 435
8 11 1611
8 12 730
8 13 1224
8 14 1244
8 15 265
8 16 1445
8 17 1236
8 18 426
8 19 1484
8 20 742
8 21 1550
8 22 693
8 23 1008
8 24 850
8 25 1330
8 26 1534
8 27 303
8 28 1408
8 29 1486
8 30 255
8 31 1360
8 32 1438
8 33 207
8 34 1312
8 35 1390
8 36 159
8 37 1264
8 38 1342
8 39 111
8 40 1216
8 41 1294
8 42 63
8 43 1168
8 44 1342
8 45 111
8 46 1216
8 47 1390
8 48 159
8 49 1264
8 50 1438
8 51 207
8 52 1312
8 53 1486
8 54 255
8 55 1360
8 56 1534
8 57 303
8 58 1408
8 59 1582
8 60 351
8 61 1456
8 62 1630
8 63 399
8 64 1504
8 65 1678
8 66 447
8 67 1552
8 68 1726
8 69 495
8 70 1600
8 71 1774
8 72 543
8 73 1648
8 74 1822
8 75 591
8 76 1696
8 77 1870
8 78 639
8 79 1744
8 80 1654
9 0 1627
9 1 1292
9 2 735
9 3 447
9 4 849
9 5 343
9 6 1383
9 7 1911
9 8 387
9 9 0
9 10 696
9 11 1872
9 12 991
9 13 1485
9 14 1505
9 15 526
9 16 1706
9 17 1305
9 18 399
9 19 1745
9 20 811
9 21 1811
9 22 954
9 23 1269
9 24 1111
9 25 1591
9 26 1507
9 27 276
9 28 1147
9 29 1459
9 30 228
9 31 1099
9 32 1411
9 33 180
9 34 1051
9 35 1459
9 36 228
9 37 1099
9 38 1507
9 39 276
9 40 1147
9 41 1555
9 42 324
9 43 1195
9 44 1603
9 45 372
9 46 1243
9 47 1651
9 48 420
9 49 1291
9 50 1699
9 51 468
9 52 1339
9 53 1747
9 54 516
9 55 1387
9 56 1795
9 57 564
9 58 1435
9 59 1843
9 60 612
9 61 1483
9 62 1891
9 63 660
9 64 1531
9 65 1939
9 66 708
9 67 1579
9 68 1987
9 69 756
9 70 1627
9 71 2035
9 72 804
9 73 1675
9 74 2083
9 75 852
9 76 1723
9 77 2131
9 78 900
9 79 1771
9 80 1627
10 0 1963
10 1 1532
10 2 39
10 3 783
10 4 513
10 5 679
10 6 1623
10 7 1575
10 8 435
10 9 696
10 10 0
10 11 1536
10 12 655
10 13 1149
10 14 1553
10 15 478
10 16 1370
10 17 1545
10 18 735
10 19 1409
10 20 1051
10 21 1475
10 22 618
10 23 933
10 24 1063
10 25 1255
10 26 1843
10 27 612
10 28 1483
10 29 1795
10 30 564
10 31 1435
10 32 1747
10 33 516
10 34 1387
10 35 1699
10 36 468
10 37 1339
10 38 1651
10 39 420
10 40 1291
10 41 1603
10 42 372
10 43 1243
10 44 1555
10 45 324
10 46 1195
10 47 1507
10 48 276
10 49 1147
10 50 1459
10 51 228
10 52 1099
10 53 1411
10 54 180
10 55 1051
10 56 1459
10 57 228
10 58 1099
10 59 1507
10 60 276
10 61 1147
10 62 1555
10 63 324
10 64 1195
10 65 1603
10 66 372
10 67 1243
10 68 1651
10 69 420
10 70 1291
10 71 1699
10 72 468
10 73 1339
10 74 1747
10 75 516
10 76 1387
10 77 1795
10 78 564
10 79 1435
10 80 1963
11 0 907
11 1 810
11 2 1575
11 3 1959
11 4 1305
11 5 1855
11 6 719
11 7 39
11 8 1611
11 9 1872
11 10 1536
11 11 0
11 12 1111
11 13 617
11 14 597
11 15 1654
11 16 396
11 17 797
11 18 1703
11 19 357
11 20 2227
11 21 291
11 22 1314
11 23 1821
11 24 991
11 25 703
11 26 787
11 27 1788
11 28 3019
11 29 739
11 30 1740
11 31 2971
11 32 691
11 33 1692
11 34 2923
11 35 643
11 36 1644
11 37 2875
11 38 595
11 39 1596
11 40 2827
11 41 547
11 42 1548
11 43 2779
11 44 499
11 45 1500
11 46 2731
11 47 451
11 48 1452
11 49 2683
11 50 403
11 51 1404
11 52 2635
11 53 355
11 54 1356
11 55 2587
11 56 307
11 57 1308
11 58 2539
11 59 259
11 60 1260
11 61 2491
11 62 211
11 63 1212
11 64 2443
11 65 163
11 66 1164
11 67 2395
11 68 115
11 69 1116
11 70 2347
11 71 163
11 72 1164
11 73 2395
11 74 211
11 75 1212
11 76 2443
11 77 259
11 78 1260
11 79 2491
11 80 907
12 0 1404
12 1 1307
12 2 694
12 3 1078
12 4 712
12 5 974
12 6 1216
12 7 1072
12 8 730
12 9 991
12 10 655
12 11 1111
12 12 0
12 13 494
12 14 1094
12 15 773
12 16 715
12 17 1294
12 18 1030
12 19 754
12 20 1346
12 21 1076
12 22 817
12 23 1132
12 24 1358
12 25 1454
12 26 1284
12 27 907
12 28 2138
12 29 1236
12 30 859
12 31 2090
12 32 1188
12 33 811
12 34 2042
12 35 1140
12 36 763
12 37 1994
12 38 1092
12 39 715
12 40 1946
12 41 1044
12 42 667
12 43 1898
12 44 996
12 45 619
12 46 1850
12 47 948
12 48 571
12 49 1802
12 50 900
12 51 523
12 52 1754
12 53 852
12 54 475
12 55 1706
12 56 804
12 57 427
12 58 1658
12 59 852
12 60 475
12 61 1706
12 62 900
12 63 523
12 64 1754
12 65 948
12 66 571
12 67 1802
12 68 996
12 69 619
12 70 1850
12 71 1044
12 72 667
12 73 1898
12 74 1092
12 75 715
12 76 1946
12 77 1140
12 78 763
12 79 1994
12 80 1404
13 0 910
13 1 813
13 2 1188
13 3 1572
13 4 1206
13 5 1468
13 6 722
13 7 578
13 8 1224
13 9 1485
13 10 1149
13 11 617
13 12 494
13 13 0
13 14 600
13 15 1267
13 16 221
13 17 800
13 18 1524
13 19 260
13 20 1840
13 21 582
13 22 1311
13 23 1626
13 24 994
13 25 1090
13 26 790
13 27 1401
13 28 2632
13 29 742
13 30 1353
13 31 2584
13 32 694
13 33 1305
13 34 2536
13 35 646
13 36 1257
13 37 2488
13 38 598
13 39 1209
13 40 2440
13 41 550
13 42 1161
13 43 2392
13 44 502
13 45 1113
13 46 2344
13 47 454
13 48 1065
13 49 2296
13 50 406
13 51 1017
13 52 2248
13 53 358
13 54 969
13 55 2200
13 56 310
13 57 921
13 58 2152
13 59 358
13 60 969
13 61 2200
13 62 406
13 63 1017
13 64 2248
13 65 454
13 66 1065
13 67 2296
13 68 502
13 69 1113
13 70 2344
13 71 550
13 72 1161
13 73 2392
13 74 598
13 75 1209
13 76 2440
13 77 646
13 78 1257
13 79 2488
13 80 910
14 0 410
14 1 313
14 2 1592
14 3 1592
14 4 1706
14 5 1488
14 6 222
14 7 558
14 8 1244
14 9 1505
14 10 1553
14 11 597
14 12 1094
14 13 600
14 14 0
14 15 1383
14 16 379
14 17 300
14 18 1206
14 19 340
14 20 1860
14 21 562
14 22 1811
14 23 2126
14 24 590
14 25 1070
14 26 290
14 27 1421
14 28 2652
14 29 242
14 30 1373
14 31 2604
14 32 194
14 33 1325
14 34 2556
14 35 146
14 36 1277
14 37 2508
14 38 98
14 39 1229
14 40 2460
14 41 50
14 42 1181
14 43 2412
14 44 98
14 45 1229
14 46 2460
14 47 146
14 48 1277
14 49 2508
14 50 194
14 51 1325
14 52 2556
14 53 242
14 54 1373
14 55 2604
14 56 290
14 57 1421
14 58 2652
14 59 338
14 60 1469
14 61 2700
14 62 386
14 63 1517
14 64 2748
14 65 434
14 66 1565
14 67 2796
14 68 482
14 69 1613
14 70 2844
14 71 530
14 72 1661
14 73 2892
14 74 578
14 75 1709
14 76 2940
14 77 626
14 78 1757
14 79 2988
14 80 410
15 0 1793
15 1 1362
15 2 517
15 3 613
15 4 631
15 5 509
15 6 1453
15 7 1693
15 8 265
15 9 526
15 10 478
15 11 1654
15 12 773
15 13 1267
15 14 1383
15 15 0
15 16 1488
15 17 1375
15 18 565
15 19 1527
15 20 881
15 21 1593
15 22 736
15 23 1051
15 24 893
15 25 1373
15 26 1673
15 27 442
15 28 1365
15 29 1625
15 30 394
15 31 1317
15 32 1577
15 33 346
15 34 1269
15 35 1529
15 36 298
15 37 1221
15 38 1481
15 39 250
15 40 1173
15 41 1433
15 42 202
15 43 1125
15 44 1385
15 45 154
15 46 1077
15 47 1433
15 48 202
15 49 1125
15 50 1481
15 51 250
15 52 1173
15 53 1529
15 54 298
15 55 1221
15 56 1577
15 57 346
15 58 1269
15 59 1625
15 60 394
15 61 1317
15 62 1673
15 63 442
15 64 1365
15 65 1721
15 66 490
15 67 1413
15 68 1769
15 69 538
15 70 1461
15 71 1817
15 72 586
15 73 1509
15 74 1865
15 75 634
15 76 1557
15 77 1913
15 78 682
15 79 1605
15 80 1793
16 0 689
16 1 592
16 2 1409
16 3 1793
16 4 1427
16 5 1689
16 6 501
16 7 357
16 8 1445
16 9 1706
16 10 1370
16 11 396
16 12 715
16 13 221
16 14 379
16 15 1488
16 16 0
16 17 579
16 18 1485
16 19 39
16 20 2061
16 21 361
16 22 1532
16 23 1847
16 24 773
16 25 869
16 26 569
16 27 1622
16 28 2853
16 29 521
16 30 1574
16 31 2805
16 32 473
16 33 1526
16 34 2757
16 35 425
16 36 1478
16 37 2709
16 38 377
16 39 1430
16 40 2661
16 41 329
16 42 1382
16 43 2613
16 44 281
16 45 1334
16 46 2565
16 47 233
16 48 1286
16 49 2517
16 50 185
16 51 1238
16 52 2469
16 53 137
16 54 1190
16 55 2421
16 56 89
16 57 1142
16 58 2373
16 59 137
16 60 1190
16 61 2421
16 62 185
16 63 1238
16 64 2469
16 65 233
16 66 1286
16 67 2517
16 68 281
16 69 1334
16 70 2565
16 71 329
16 72 1382
16 73 2613
16 74 377
16 75 1430
16 76 2661
16 77 425
16 78 1478
16 79 2709
16 80 689
17 0 418
17 1 13
17 2 1584
17 3 1392
17 4 1698
17 5 1288
17 6 78
17 7 758
17 8 1236
17 9 1305
17 10 1545
17 11 797
17 12 1294
17 13 800
17 14 300
17 15 1375
17 16 579
17 17 0
17 18 1214
17 19 540
17 20 1660
17 21 762
17 22 1803
17 23 2118
17 24 790
17 25 1270
17 26 298
17 27 1221
17 28 2452
17 29 250
17 30 1173
17 31 2404
17 32 202
17 33 1125
17 34 2356
17 35 154
17 36 1077
17 37 2308
17 38 202
17 39 1125
17 40 2356
17 41 250
17 42 1173
17 43 2404
17 44 298
17 45 1221
17 46 2452
17 47 346
17 48 1269
17 49 2500
17 50 394
17 51 1317
17 52 2548
17 53 442
17 54 1365
17 55 2596
17 56 490
17 57 1413
17 58 2644
17 59 538
17 60 1461
17 61 2692
17 62 586
17 63 1509
17 64 2740
17 65 634
17 66 1557
17 67 2788
17 68 682
17 69 1605
17 70 2836
17 71 730
17 72 1653
17 73 2884
17 74 778
17 75 1701
17 76 2932
17 77 826
17 78 1749
17 79 2980
17 80 418
18 0 1228
18 1 1227
18 2 774
18 3 486
18 4 888
18 5 382
18 6 1136
18 7 1664
18 8 426
18 9 399
18 10 735
18 11 1703
18 12 1030
18 13 1524
18 14 1206
18 15 565
18 16 1485
18 17 1214
18 18 0
18 19 1446
18 20 850
18 21 1668
18 22 993
18 23 1308
18 24 1150
18 25 1630
18 26 1108
18 27 315
18 28 1546
18 29 1060
18 30 267
18 31 1498
18 32 1012
18 33 219
18 34 1450
18 35 1060
18 36 267
18 37 1498
18 38 1108
18 39 315
18 40 1546
18 41 1156
18 42 363
18 43 1594
18 44 1204
18 45 411
18 46 1642
18 47 1252
18 48 459
18 49 1690
18 50 1300
18 51 507
18 52 1738
18 53 1348
18 54 555
18 55 1786
18 56 1396
18 57 603
18 58 1834
18 59 1444
18 60 651
18 61 1882
18 62 1492
18 63 699
18 64 1930
18 65 1540
18 66 747
18 67 1978
18 68 1588
18 69 795
18 70 2026
18 71 1636
18 72 843
18 73 2074
18 74 1684
18 75 891
18 76 2122
18 77 1732
18 78 939
18 79 2170
18 80 1228
19 0 650
19 1 553
19 2 1448
19 3 1832
19 4 1466
19 5 1728
19 6 462
19 7 318
19 8 1484
19 9 1745
19 10 1409
19 11 357
19 12 754
19 13 260
19 14 340
19 15 1527
19 16 39
19 17 540
19 18 1446
19 19 0
19 20 2100
19 21 322
19 22 1571
19 23 1886
19 24 734
19 25 830
19 26 530
19 27 1661
19 28 2892
19 29 482
19 30 1613
19 31 2844
19 32 434
19 33 1565
19 34 2796
19 35 386
19 36 1517
19 37 2748
19 38 338
19 39 1469
19 40 2700
19 41 290
19 42 1421
19 43 2652
19 44 242
19 45 1373
19 46 2604
19 47 194
19 48 1325
19 49 2556
19 50 146
19 51 1277
19 52 2508
19 53 98
19 54 1229
19 55 2460
19 56 50
19 57 1181
19 58 2412
19 59 98
19 60 1229
19 61 2460
19 62 146
19 63 1277
19 64 2508
19 65 194
19 66 1325
19 67 2556
19 68 242
19 69 1373
19 70 2604
19 71 290
19 72 1421
19 73 2652
19 74 338
19 75 1469
19 76 2700
19 77 386
19 78 1517
19 79 2748
19 80 650
20 0 2078
20 1 1647
20 2 1090
20 3 898
20 4 1204
20 5 794
20 6 1738
20 7 2266
20 8 742
20 9 811
20 10 1051
20 11 2227
20 12 1346
20 13 1840
20 14 1860
20 15 881
20 16 2061
20 17 1660
20 18 850
20 19 2100
20 20 0
20 21 2166
20 22 1309
20 23 1624
20 24 1466
20 25 1946
20 26 1958
20 27 727
20 28 792
20 29 1910
20 30 679
20 31 744
20 32 1862
20 33 631
20 34 696
20 35 1814
20 36 583
20 37 648
20 38 1862
20 39 631
20 40 696
20 41 1910
20 42 679
20 43 744
20 44 1958
20 45 727
20 46 792
20 47 2006
20 48 775
20 49 840
20 50 2054
20 51 823
20 52 888
20 53 2102
20 54 871
20 55 936
20 56 2150
20 57 919
20 58 984
20 59 2198
20 60 967
20 61 1032
20 62 2246
20 63 1015
20 64 1080
20 65 2294
20 66 1063
20 67 1128
20 68 2342
20 69 1111
20 70 1176
20 71 2390
20 72 1159
20 73 1224
20 74 2438
20 75 1207
20 76 1272
20 77 2486
20 78 1255
20 79 1320
20 80 2078
21 0 872
21 1 775
21 2 1514
21 3 1898
21 4 1244
21 5 1794
21 6 684
21 7 252
21 8 1550
21 9 1811
21 10 1475
21 11 291
21 12 1076
21 13 582
21 14 562
21 15 1593
21 16 361
21 17 762
21 18 1668
21 19 322
21 20 2166
21 21 0
21 22 1349
21 23 1760
21 24 956
21 25 764
21 26 752
21 27 1727
21 28 2958
21 29 704
21 30 1679
21 31 2910
21 32 656
21 33 1631
21 34 2862
21 35 608
21 36 1583
21 37 2814
21 38 560
21 39 1535
21 40 2766
21 41 512
21 42 1487
21 43 2718
21 44 464
21 45 1439
21 46 2670
21 47 416
21 48 1391
21 49 2622
21 50 368
21 51 1343
21 52 2574
21 53 320
21 54 1295
21 55 2526
21 56 272
21 57 1247
21 58 2478
21 59 224
21 60 1199
21 61 2430
21 62 176
21 63 1151
21 64 2382
21 65 128
21 66 1103
21 67 2334
21 68 176
21 69 1151
21 70 2382
21 71 224
21 72 1199
21 73 2430
21 74 272
21 75 1247
21 76 2478
21 77 320
21 78 1295
21 79 2526
21 80 872
22 0 2221
22 1 1790
22 2 657
22 3 1041
22 4 387
22 5 937
22 6 1881
22 7 1353
22 8 693
22 9 954
22 10 618
22 11 1314
22 12 817
22 13 1311
22 14 1811
22 15 736
22 16 1532
22 17 1803
22 18 993
22 19 1571
22 20 1309
22 21 1349
22 22 0
22 23 903
22 24 1321
22 25 841
22 26 2101
22 27 870
22 28 1897
22 29 2053
22 30 822
22 31 1849
22 32 2005
22 33 774
22 34 1801
22 35 1957
22 36 726
22 37 1753
22 38 1909
22 39 678
22 40 1705
22 41 1861
22 42 630
22 43 1657
22 44 1813
22 45 582
22 46 1609
22 47 1765
22 48 534
22 49 1561
22 50 1717
22 51 486
22 52 1513
22 53 1669
22 54 438
22 55 1465
22 56 1621
22 57 390
22 58 1417
22 59 1573
22 60 342
22 61 1369
22 62 1525
22 63 294
22 64 1321
22 65 1477
22 66 246
22 67 1273
22 68 1429
22 69 198
22 70 1225
22 71 1381
22 72 150
22 73 1177
22 74 1333
22 75 102
22 76 1129
22 77 1381
22 78 150
22 79 1177
22 80 2221
23 0 2536
23 1 2105
23 2 972
23 3 1356
23 4 798
23 5 1252
23 6 2196
23 7 1860
23 8 1008
23 9 1269
23 10 933
23 11 1821
23 12 1132
23 13 1626
23 14 2126
23 15 1051
23 16 1847
23 17 2118
23 18 1308
23 19 1886
23 20 1624
23 21 1760
23 22 903
23 23 0
23 24 1636
23 25 1540
23 26 2416
23 27 1185
23 28 1198
23 29 2368
23 30 1137
23 31 1150
23 32 2320
23 33 1089
23 34 1102
23 35 2272
23 36 1041
23 37 1054
23 38 2224
23 39 993
23 40 1006
23 41 2176
23 42 945
23 43 958
23 44 2128
23 45 897
23 46 910
23 47 2080
23 48 849
23 49 862
23 50 2032
23 51 801
23 52 814
23 53 1984
23 54 753
23 55 766
23 56 1936
23 57 705
23 58 718
23 59 1888
23 60 657
23 61 670
23 62 1840
23 63 609
23 64 622
23 65 1888
23 66 657
23 67 670
23 68 1936
23 69 705
23 70 718
23 71 1984
23 72 753
23 73 766
23 74 2032
23 75 801
23 76 814
23 77 2080
23 78 849
23 79 862
23 80 2536
24 0 900
24 1 803
24 2 1102
24 3 1198
24 4 1216
24 5 1094
24 6 712
24 7 952
24 8 850
24 9 1111
24 10 1063
24 11 991
24 12 1358
24 13 994
24 14 590
24 15 893
24 16 773
24 17 790
24 18 1150
24 19 734
24 20 1466
24 21 956
24 22 1321
24 23 1636
24 24 0
24 25 1464
24 26 780
24 27 1027
24 28 2258
24 29 732
24 30 979
24 31 2210
24 32 684
24 33 931
24 34 2162
24 35 636
24 36 883
24 37 2114
24 38 588
24 39 835
24 40 2066
24 41 540
24 42 787
24 43 2018
24 44 492
24 45 739
24 46 1970
24 47 540
24 48 787
24 49 2018
24 50 588
24 51 835
24 52 2066
24 53 636
24 54 883
24 55 2114
24 56 684
24 57 931
24 58 2162
24 59 732
24 60 979
24 61 2210
24 62 780
24 63 1027
24 64 2258
24 65 828
24 66 1075
24 67 2306
24 68 876
24 69 1123
24 70 2354
24 71 924
24 72 1171
24 73 2402
24 74 972
24 75 1219
24 76 2450
24 77 1020
24 78 1267
24 79 2498
24 80 900
25 0 1380
25 1 1283
25 2 1294
25 3 1678
25 4 1024
25 5 1574
25 6 1192
25 7 664
25 8 1330
25 9 1591
25 10 1255
25 11 703
25 12 1454
25 13 1090
25 14 1070
25 15 1373
25 16 869
25 17 1270
25 18 1630
25 19 830
25 20 1946
25 21 764
25 22 841
25 23 1540
25 24 1464
25 25 0
25 26 1260
25 27 1507
25 28 2738
25 29 1212
25 30 1459
25 31 2690
25 32 1164
25 33 1411
25 34 2642
25 35 1116
25 36 1363
25 37 2594
25 38 1068
25 39 1315
25 40 2546
25 41 1020
25 42 1267
25 43 2498
25 44 972
25 45 1219
25 46 2450
25 47 924
25 48 1171
25 49 2402
25 50 876
25 51 1123
25 52 2354
25 53 828
25 54 1075
25 55 2306
25 56 780
25 57 1027
25 58 2258
25 59 732
25 60 979
25 61 2210
25 62 684
25 63 931
25 64 2162
25 65 636
25 66 883
25 67 2114
25 68 588
25 69 835
25 70 2066
25 71 540
25 72 787
25 73 2018
25 74 492
25 75 739
25 76 1970
25 77 540
25 78 787
25 79 2018
25 80 1380
26 0 120
26 1 311
26 2 1882
26 3 1498
26 4 1996
26 5 1394
26 6 220
26 7 748
26 8 1534
26 9 1507
26 10 1843
26 11 787
26 12 1284
26 13 790
26 14 290
26 15 1673
26 16 569
26 17 298
26 18 1108
26 19 530
26 20 1958
26 21 752
26 22 2101
26 23 2416
26 24 780
26 25 1260
26 26 0
26 27 1231
26 28 2462
26 29 48
26 30 1279
26 31 2510
26 32 96
26 33 1327
26 34 2558
26 35 144
26 36 1375
26 37 2606
26 38 192
26 39 1423
26 40 2654
26 41 240
26 42 1471
26 43 2702
26 44 288
26 45 1519
26 46 2750
26 47 336
26 48 1567
26 49 2798
26 50 384
26 51 1615
26 52 2846
26 53 432
26 54 1663
26 55 2894
26 56 480
26 57 1711
26 58 2942
26 59 528
26 60 1759
26 61 2990
26 62 576
26 63 1807
26 64 3038
26 65 624
26 66 1855
26 67 3086
26 68 672
26 69 1903
26 70 3134
26 71 720
26 72 1951
26 73 3182
26 74 768
26 75 1999
26 76 3230
26 77 816
26 78 2047
26 79 3278
26 80 120
27 0 1351
27 1 1208
27 2 651
27 3 267
27 4 765
27 5 163
27 6 1299
27 7 1827
27 8 303
27 9 276
27 10 612
27 11 1788
27 12 907
27 13 1401
27 14 1421
27 15 442
27 16 1622
27 17 1221
27 18 315
27 19 1661
27 20 727
27 21 1727
27 22 870
27 23 1185
27 24 1027
27 25 1507
27 26 1231
27 27 0
27 28 1231
27 29 1279
27 30 48
27 31 1279
27 32 1327
27 33 96
27 34 1327
27 35 1375
27 36 144
27 37 1375
27 38 1423
27 39 192
27 40 1423
27 41 1471
27 42 240
27 43 1471
27 44 1519
27 45 288
27 46 1519
27 47 1567
27 48 336
27 49 1567
27 50 1615
27 51 384
27 52 1615
27 53 1663
27 54 432
27 55 1663
27 56 1711
27 57 480
27 58 1711
27 59 1759
27 60 528
27 61 1759
27 62 1807
27 63 576
27 64 1807
27 65 1855
27 66 624
27 67 1855
27 68 1903
27 69 672
27 70 1903
27 71 1951
27 72 720
27 73 1951
27 74 1999
27 75 768
27 76 1999
27 77 2047
27 78 816
27 79 2047
27 80 1351
28 0 2582
28 1 2439
28 2 1444
28 3 1060
28 4 1714
28 5 1164
28 6 2530
28 7 3058
28 8 1408
28 9 1147
28 10 1483
28 11 3019
28 12 2138
28 13 2632
28 14 2652
28 15 1365
28 16 2853
28 17 2452
28 18 1546
28 19 2892
28 20 792
28 21 2958
28 22 1897
28 23 1198
28 24 2258
28 25 2738
28 26 2462
28 27 1231
28 28 0
28 29 2510
28 30 1279
28 31 48
28 32 2558
28 33 1327
28 34 96
28 35 2606
28 36 1375
28 37 144
28 38 2654
28 39 1423
28 40 192
28 41 2702
28 42 1471
28 43 240
28 44 2750
28 45 1519
28 46 288
28 47 2798
28 48 1567
28 49 336
28 50 2846
28 51 1615
28 52 384
28 53 2894
28 54 1663
28 55 432
28 56 2942
28 57 1711
28 58 480
28 59 2990
28 60 1759
28 61 528
28 62 3038
28 63 1807
28 64 576
28 65 3086
28 66 1855
28 67 624
28 68 3134
28 69 1903
28 70 672
28 71 3182
28 72 1951
28 73 720
28 74 3230
28 75 1999
28 76 768
28 77 3278
28 78 2047
28 79 816
28 80 2582
29 0 168
29 1 263
29 2 1834
29 3 1450
29 4 1948
29 5 1346
29 6 172
29 7 700
29 8 1486
29 9 1459
29 10 1795
29 11 739
29 12 1236
29 13 742
29 14 242
29 15 1625
29 16 521
29 17 250
29 18 1060
29 19 482
29 20 1910
29 21 704
29 22 2053
29 23 2368
29 24 732
29 25 1212
29 26 48
29 27 1279
29 28 2510
29 29 0
29 30 1231
29 31 2462
29 32 48
29 33 1279
29 34 2510
29 35 96
29 36 1327
29 37 2558
29 38 144
29 39 1375
29 40 2606
29 41 192
29 42 1423
29 43 2654
29 44 240
29 45 1471
29 46 2702
29 47 288
29 48 1519
29 49 2750
29 50 336
29 51 1567
29 52 2798
29 53 384
29 54 1615
29 55 2846
29 56 432
29 57 1663
29 58 2894
29 59 480
29 60 1711
29 61 2942
29 62 528
29 63 1759
29 64 2990
29 65 576
29 66 1807
29 67 3038
29 68 624
29 69 1855
29 70 3086
29 71 672
29 72 1903
29 73 3134
29 74 720
29 75 1951
29 76 3182
29 77 768
29 78 1999
29 79 3230
29 80 168
30 0 1399
30 1 1160
30 2 603
30 3 219
30 4 717
30 5 115
30 6 1251
30 7 1779
30 8 255
30 9 228
30 10 564
30 11 1740
30 12 859
30 13 1353
30 14 1373
30 15 394
30 16 1574
30 17 1173
30 18 267
30 19 1613
30 20 679
30 21 1679
30 22 822
30 23 1137
30 24 979
30 25 1459
30 26 1279
30 27 48
30 28 1279
30 29 1231
30 30 0
30 31 1231
30 32 1279
30 33 48
30 34 1279
30 35 1327
30 36 96
30 37 1327
30 38 1375
30 39 144
30 40 1375
30 41 1423
30 42 192
30 43 1423
30 44 1471
30 45 240
30 46 1471
30 47 1519
30 48 288
30 49 1519
30 50 1567
30 51 336
30 52 1567
30 53 1615
30 54 384
30 55 1615
30 56 1663
30 57 432
30 58 1663
30 59 1711
30 60 480
30 61 1711
30 62 1759
30 63 528
30 64 1759
30 65 1807
30 66 576
30 67 1807
30 68 1855
30 69 624
30 70 1855
30 71 1903
30 72 672
30 73 1903
30 74 1951
30 75 720
30 76 1951
30 77 1999
30 78 768
30 79 1999
30 80 1399
31 0 2630
31 1 2391
31 2 1396
31 3 1012
31 4 1666
31 5 1116
31 6 2482
31 7 3010
31 8 1360
31 9 1099
31 10 1435
31 11 2971
31 12 2090
31 13 2584
31 14 2604
31 15 1317
31 16 2805
31 17 2404
31 18 1498
31 19 2844
31 20 744
31 21 2910
31 22 1849
31 23 1150
31 24 2210
31 25 2690
31 26 2510
31 27 1279
31 28 48
31 29 2462
31 30 1231
31 31 0
31 32 2510
31 33 1279
31 34 48
31 35 2558
31 36 1327
31 37 96
31 38 2606
31 39 1375
31 40 144
31 41 2654
31 42 1423
31 43 192
31 44 2702
31 45 1471
31 46 240
31 47 2750
31 48 1519
31 49 288
31 50 2798
31 51 1567
31 52 336
31 53 2846
31 54 1615
31 55 384
31 56 2894
31 57 1663
31 58 432
31 59 2942
31 60 1711
31 61 480
31 62 2990
31 63 1759
31 64 528
31 65 3038
31 66 1807
31 67 576
31 68 3086
31 69 1855
31 70 624
31 71 3134
31 72 1903
31 73 672
31 74 3182
31 75 1951
31 76 720
31 77 3230
31 78 1999
31 79 768
31 80 2630
32 0 216
32 1 215
32 2 1786
32 3 1498
32 4 1900
32 5 1394
32 6 124
32 7 652
32 8 1438
32 9 1411
32 10 1747
32 11 691
32 12 1188
32 13 694
32 14 194
32 15 1577
32 16 473
32 17 202
32 18 1012
32 19 434
32 20 1862
32 21 656
32 22 2005
32 23 2320
32 24 684
32 25 1164
32 26 96
32 27 1327
32 28 2558
32 29 48
32 30 1279
32 31 2510
32 32 0
32 33 1231
32 34 2462
32 35 48
32 36 1279
32 37 2510
32 38 96
32 39 1327
32 40 2558
32 41 144
32 42 1375
32 43 2606
32 44 192
32 45 1423
32 46 2654
32 47 240
32 48 1471
32 49 2702
32 50 288
32 51 1519
32 52 2750
32 53 336
32 54 1567
32 55 2798
32 56 384
32 57 1615
32 58 2846
32 59 432
32 60 1663
32 61 2894
32 62 480
32 63 1711
32 64 2942
32 65 528
32 66 1759
32 67 2990
32 68 576
32 69 1807
32 70 3038
32 71 624
32 72 1855
32 73 3086
32 74 672
32 75 1903
32 76 3134
32 77 720
32 78 1951
32 79 3182
32 80 216
33 0 1447
33 1 1112
33 2 555
33 3 267
33 4 669
33 5 163
33 6 1203
33 7 1731
33 8 207
33 9 180
33 10 516
33 11 1692
33 12 811
33 13 1305
33 14 1325
33 15 346
33 16 1526
33 17 1125
33 18 219
33 19 1565
33 20 631
33 21 1631
33 22 774
33 23 1089
33 24 931
33 25 1411
33 26 1327
33 27 96
33 28 1327
33 29 1279
33 30 48
33 31 1279
33 32 1231
33 33 0
33 34 1231
33 35 1279
33 36 48
33 37 1279
33 38 1327
33 39 96
33 40 1327
33 41 1375
33 42 144
33 43 1375
33 44 1423
33 45 192
33 46 1423
33 47 1471
33 48 240
33 49 1471
33 50 1519
33 51 288
33 52 1519
33 53 1567
33 54 336
33 55 1567
33 56 1615
33 57 384
33 58 1615
33 59 1663
33 60 432
33 61 1663
33 62 1711
33 63 480
33 64 1711
33 65 1759
33 66 528
33 67 1759
33 68 1807
33 69 576
33 70 1807
33 71 1855
33 72 624
33 73 1855
33 74 1903
33 75 672
33 76 1903
33 77 1951
33 78 720
33 79 1951
33 80 1447
34 0 2678
34 1 2343
34 2 1348
34 3 1060
34 4 1618
34 5 1164
34 6 2434
34 7 2962
34 8 1312
34 9 1051
34 10 1387
34 11 2923
34 12 2042
34 13 2536
34 14 2556
34 15 1269
34 16 2757
34 17 2356
34 18 1450
34 19 2796
34 20 696
34 21 2862
34 22 1801
34 23 1102
34 24 2162
34 25 2642
34 26 2558
34 27 1327
34 28 96
34 29 2510
34 30 1279
34 31 48
34 32 2462
34 33 1231
34 34 0
34 35 2510
34 36 1279
34 37 48
34 38 2558
34 39 1327
34 40 96
34 41 2606
34 42 1375
34 43 144
34 44 2654
34 45 1423
34 46 192
34 47 2702
34 48 1471
34 49 240
34 50 2750
34 51 1519
34 52 288
34 53 2798
34 54 1567
34 55 336
34 56 2846
34 57 1615
34 58 384
34 59 2894
34 60 1663
34 61 432
34 62 2942
34 63 1711
34 64 480
34 65 2990
34 66 1759
34 67 528
34 68 3038
34 69 1807
34 70 576
34 71 3086
34 72 1855
34 73 624
34 74 3134
34 75 1903
34 76 672
34 77 3182
34 78 1951
34 79 720
34 80 2678
35 0 264
35 1 167
35 2 1738
35 3 1546
35 4 1852
35 5 1442
35 6 76
35 7 604
35 8 1390
35 9 1459
35 10 1699
35 11 643
35 12 1140
35 13 646
35 14 146
35 15 1529
35 16 425
35 17 154
35 18 1060
35 19 386
35 20 1814
35 21 608
35 22 1957
35 23 2272
35 24 636
35 25 1116
35 26 144
35 27 1375
35 28 2606
35 29 96
35 30 1327
35 31 2558
35 32 48
35 33 1279
35 34 2510
35 35 0
35 36 1231
35 37 2462
35 38 48
35 39 1279
35 40 2510
35 41 96
35 42 1327
35 43 2558
35 44 144
35 45 1375
35 46 2606
35 47 192
35 48 1423
35 49 2654
35 50 240
35 51 1471
35 52 2702
35 53 288
35 54 1519
35 55 2750
35 56 336
35 57 1567
35 58 2798
35 59 384
35 60 1615
35 61 2846
35 62 432
35 63 1663
35 64 2894
35 65 480
35 66 1711
35 67 2942
35 68 528
35 69 1759
35 70 2990
35 71 576
35 72 1807
35 73 3038
35 74 624
35 75 1855
35 76 3086
35 77 672
35 78 1903
35 79 3134
35 80 264
36 0 1495
36 1 1064
36 2 507
36 3 315
36 4 621
36 5 211
36 6 1155
36 7 1683
36 8 159
36 9 228
36 10 468
36 11 1644
36 12 763
36 13 1257
36 14 1277
36 15 298
36 16 1478
36 17 1077
36 18 267
36 19 1517
36 20 583
36 21 1583
36 22 726
36 23 1041
36 24 883
36 25 1363
36 26 1375
36 27 144
36 28 1375
36 29 1327
36 30 96
36 31 1327
36 32 1279
36 33 48
36 34 1279
36 35 1231
36 36 0
36 37 1231
36 38 1279
36 39 48
36 40 1279
36 41 1327
36 42 96
36 43 1327
36 44 1375
36 45 144
36 46 1375
36 47 1423
36 48 192
36 49 1423
36 50 1471
36 51 240
36 52 1471
36 53 1519
36 54 288
36 55 1519
36 56 1567
36 57 336
36 58 1567
36 59 1615
36 60 384
36 61 1615
36 62 1663
36 63 432
36 64 1663
36 65 1711
36 66 480
36 67 1711
36 68 1759
36 69 528
36 70 1759
36 71 1807
36 72 576
36 73 1807
36 74 1855
36 75 624
36 76 1855
36 77 1903
36 78 672
36 79 1903
36 80 1495
37 0 2726
37 1 2295
37 2 1300
37 3 1108
37 4 1570
37 5 1212
37 6 2386
37 7 2914
37 8 1264
37 9 1099
37 10 1339
37 11 2875
37 12 1994
37 13 2488
37 14 2508
37 15 1221
37 16 2709
37 17 2308
37 18 1498
37 19 2748
37 20 648
37 21 2814
37 22 1753
37 23 1054
37 24 2114
37 25 2594
37 26 2606
37 27 1375
37 28 144
37 29 2558
37 30 1327
37 31 96
37 32 2510
37 33 1279
37 34 48
37 35 2462
37 36 1231
37 37 0
37 38 2510
37 39 1279
37 40 48
37 41 2558
37 42 1327
37 43 96
37 44 2606
37 45 1375
37 46 144
37 47 2654
37 48 1423
37 49 192
37 50 2702
37 51 1471
37 52 240
37 53 2750
37 54 1519
37 55 288
37 56 2798
37 57 1567
37 58 336
37 59 2846
37 60 1615
37 61 384
37 62 2894
37 63 1663
37 64 432
37 65 2942
37 66 1711
37 67 480
37 68 2990
37 69 1759
37 70 528
37 71 3038
37 72 1807
37 73 576
37 74 3086
37 75 1855
37 76 624
37 77 3134
37 78 1903
37 79 672
37 80 2726
38 0 312
38 1 215
38 2 1690
38 3 1594
38 4 1804
38 5 1490
38 6 124
38 7 556
38 8 1342
38 9 1507
38 10 1651
38 11 595
38 12 1092
38 13 598
38 14 98
38 15 1481
38 16 377
38 17 202
38 18 1108
38 19 338
38 20 1862
38 21 560
38 22 1909
38 23 2224
38 24 588
38 25 1068
38 26 192
38 27 1423
38 28 2654
38 29 144
38 30 1375
38 31 2606
38 32 96
38 33 1327
38 34 2558
38 35 48
38 36 1279
38 37 2510
38 38 0
38 39 1231
38 40 2462
38 41 48
38 42 1279
38 43 2510
38 44 96
38 45 1327
38 46 2558
38 47 144
38 48 1375
38 49 2606
38 50 192
38 51 1423
38 52 2654
38 53 240
38 54 1471
38 55 2702
38 56 288
38 57 1519
38 58 2750
38 59 336
38 60 1567
38 61 2798
38 62 384
38 63 1615
38 64 2846
38 65 432
38 66 1663
38 67 2894
38 68 480
38 69 1711
38 70 2942
38 71 528
38 72 1759
38 73 2990
38 74 576
38 75 1807
38 76 3038
38 77 624
38 78 1855
38 79 3086
38 80 312
39 0 1543
39 1 1112
39 2 459
39 3 363
39 4 573
39 5 259
39 6 1203
39 7 1635
39 8 111
39 9 276
39 10 420
39 11 1596
39 12 715
39 13 1209
39 14 1229
39 15 250
39 16 1430
39 17 1125
39 18 315
39 19 1469
39 20 631
39 21 1535
39 22 678
39 23 993
39 24 835
39 25 1315
39 26 1423
39 27 192
39 28 1423
39 29 1375
39 30 144
39 31 1375
39 32 1327
39 33 96
39 34 1327
39 35 1279
39 36 48
39 37 1279
39 38 1231
39 39 0
39 40 1231
39 41 1279
39 42 48
39 43 1279
39 44 1327
39 45 96
39 46 1327
39 47 1375
39 48 144
39 49 1375
39 50 1423
39 51 192
39 52 1423
39 53 1471
39 54 240
39 55 1471
39 56 1519
39 57 288
39 58 1519
39 59 1567
39 60 336
39 61 1567
39 62 1615
39 63 384
39 64 1615
39 65 1663
39 66 432
39 67 1663
39 68 1711
39 69 480
39 70 1711
39 71 1759
39 72 528
39 73 1759
39 74 1807
39 75 576
39 76 1807
39 77 1855
39 78 624
39 79 1855
39 80 1543
40 0 2774
40 1 2343
40 2 1252
40 3 1156
40 4 1522
40 5 1260
40 6 2434
40 7 2866
40 8 1216
40 9 1147
40 10 1291
40 11 2827
40 12 1946
40 13 2440
40 14 2460
40 15 1173
40 16 2661
40 17 2356
40 18 1546
40 19 2700
40 20 696
40 21 2766
40 22 1705
40 23 1006
40 24 2066
40 25 2546
40 26 2654
40 27 1423
40 28 192
40 29 2606
40 30 1375
40 31 144
40 32 2558
40 33 1327
40 34 96
40 35 2510
40 36 1279
40 37 48
40 38 2462
40 39 1231
40 40 0
40 41 2510
40 42 1279
40 43 48
40 44 2558
40 45 1327
40 46 96
40 47 2606
40 48 1375
40 49 144
40 50 2654
40 51 1423
40 52 192
40 53 2702
40 54 1471
40 55 240
40 56 2750
40 57 1519
40 58 288
40 59 2798
40 60 1567
40 61 336
40 62 2846
40 63 1615
40 64 384
40 65 2894
40 66 1663
40 67 432
40 68 2942
40 69 1711
40 70 480
40 71 2990
40 72 1759
40 73 528
40 74 3038
40 75 1807
40 76 576
40 77 3086
40 78 1855
40 79 624
40 80 2774
41 0 360
41 1 263
41 2 1642
41 3 1642
41 4 1756
41 5 1538
41 6 172
41 7 508
41 8 1294
41 9 1555
41 10 1603
41 11 547
41 12 1044
41 13 550
41 14 50
41 15 1433
41 16 329
41 17 250
41 18 1156
41 19 290
41 20 1910
41 21 512
41 22 1861
41 23 2176
41 24 540
41 25 1020
41 26 240
41 27 1471
41 28 2702
41 29 192
41 30 1423
41 31 2654
41 32 144
41 33 1375
41 34 2606
41 35 96
41 36 1327
41 37 2558
41 38 48
41 39 1279
41 40 2510
41 41 0
41 42 1231
41 43 2462
41 44 48
41 45 1279
41 46 2510
41 47 96
41 48 1327
41 49 2558
41 50 144
41 51 1375
41 52 2606
41 53 192
41 54 1423
41 55 2654
41 56 240
41 57 1471
41 58 2702
41 59 288
41 60 1519
41 61 2750
41 62 336
41 63 1567
41 64 2798
41 65 384
41 66 1615
41 67 2846
41 68 432
41 69 1663
41 70 2894
41 71 480
41 72 1711
41 73 2942
41 74 528
41 75 1759
41 76 2990
41 77 576
41 78 1807
41 79 3038
41 80 360
42 0 1591
42 1 1160
42 2 411
42 3 411
42 4 525
42 5 307
42 6 1251
42 7 1587
42 8 63
42 9 324
42 10 372
42 11 1548
42 12 667
42 13 1161
42 14 1181
42 15 202
42 16 1382
42 17 1173
42 18 363
42 19 1421
42 20 679
42 21 1487
42 22 630
42 23 945
42 24 787
42 25 1267
42 26 1471
42 27 240
42 28 1471
42 29 1423
42 30 192
42 31 1423
42 32 1375
42 33 144
42 34 1375
42 35 1327
42 36 96
42 37 1327
42 38 1279
42 39 48
42 40 1279
42 41 1231
42 42 0
42 43 1231
42 44 1279
42 45 48
42 46 1279
42 47 1327
42 48 96
42 49 1327
42 50 1375
42 51 144
42 52 1375
42 53 1423
42 54 192
42 55 1423
42 56 1471
42 57 240
42 58 1471
42 59 1519
42 60 288
42 61 1519
42 62 1567
42 63 336
42 64 1567
42 65 1615
42 66 384
42 67 1615
42 68 1663
42 69 432
42 70 1663
42 71 1711
42 72 480
42 73 1711
42 74 1759
42 75 528
42 76 1759
42 77 1807
42 78 576
42 79 1807
42 80 1591
43 0 2822
43 1 2391
43 2 1204
43 3 1204
43 4 1474
43 5 1308
43 6 2482
43 7 2818
43 8 1168
43 9 1195
43 10 1243
43 11 2779
43 12 1898
43 13 2392
43 14 2412
43 15 1125
43 16 2613
43 17 2404
43 18 1594
43 19 2652
43 20 744
43 21 2718
43 22 1657
43 23 958
43 24 2018
43 25 2498
43 26 2702
43 27 1471
43 28 240
43 29 2654
43 30 1423
43 31 192
43 32 2606
43 33 1375
43 34 144
43 35 2558
43 36 1327
43 37 96
43 38 2510
43 39 1279
43 40 48
43 41 2462
43 42 1231
43 43 0
43 44 2510
43 45 1279
43 46 48
43 47 2558
43 48 1327
43 49 96
43 50 2606
43 51 1375
43 52 144
43 53 2654
43 54 1423
43 55 192
43 56 2702
43 57 1471
43 58 240
43 59 2750
43 60 1519
43 61 288
43 62 2798
43 63 1567
43 64 336
43 65 2846
43 66 1615
43 67 384
43 68 2894
43 69 1663
43 70 432
43 71 2942
43 72 1711
43 73 480
43 74 2990
43 75 1759
43 76 528
43 77 3038
43 78 1807
43 79 576
43 80 2822
44 0 408
44 1 311
44 2 1594
44 3 1690
44 4 1708
44 5 1586
44 6 220
44 7 460
44 8 1342
44 9 1603
44 10 1555
44 11 499
44 12 996
44 13 502
44 14 98
44 15 1385
44 16 281
44 17 298
44 18 1204
44 19 242
44 20 1958
44 21 464
44 22 1813
44 23 2128
44 24 492
44 25 972
44 26 288
44 27 1519
44 28 2750
44 29 240
44 30 1471
44 31 2702
44 32 192
44 33 1423
44 34 2654
44 35 144
44 36 1375
44 37 2606
44 38 96
44 39 1327
44 40 2558
44 41 48
44 42 1279
44 43 2510
44 44 0
44 45 1231
44 46 2462
44 47 48
44 48 1279
44 49 2510
44 50 96
44 51 1327
44 52 2558
