//alpha
1
//NbLocations
87
//NbProducts
33
//NbPickers
2
//CapaPicker
4
//TimeToTravelOneDistanceUnit
3
//SetupTime
5400
//PickTime
300
//Products
//Idx Location Size
1 1 1
2 2 1
3 3 1
4 4 1
5 5 1
6 6 1
7 7 1
8 8 1
9 9 1
10 10 1
11 11 1
12 12 1
13 13 1
14 14 1
15 15 1
16 16 1
17 17 1
18 18 1
19 19 1
20 20 1
21 21 1
22 22 1
23 23 1
24 24 1
25 25 1
26 26 1
27 27 1
28 28 1
29 29 1
30 30 1
31 31 1
32 32 1
33 19 1
//Orders
//NbOrders
18
//Idx DueDate TardinessPenalty NbProdInOrder ProdIdx1 Qty1 ProdIdx2 Qty2 ...
1 126000 0 1 1 1
2 54000 0 1 2 1
3 36000 0 3 3 1 4 1 5 1
4 36000 0 3 6 1 7 1 8 1
5 144000 0 1 9 1
6 36000 0 1 10 1
7 144000 0 2 11 1 12 1
8 90000 0 3 13 1 14 1 15 1
9 36000 0 1 16 1
10 54000 0 1 17 1
11 36000 0 1 18 1
12 126000 0 1 19 1
13 144000 0 4 20 1 21 1 22 1 23 1
14 126000 0 2 24 1 25 1
15 90000 0 1 26 1
16 72000 0 4 27 1 28 1 29 1 30 1
17 126000 0 2 31 1 32 1
18 72000 0 1 33 1
//Graph (Products are vertices indexed from 1 to NbProducts)
//NbVerticesIntersections
54
//DepartingDepot
0
//ArrivalDepot
87
//Arcs
//Start End Distance
0 33 120
1 3 507
1 56 648
2 28 65
2 37 102
3 1 507
3 55 76
4 12 520
4 22 195
5 13 702
5 33 323
6 18 91
6 42 89
7 28 884
7 36 180
8 12 26
8 39 245
9 23 390
9 35 531
10 15 52
10 37 271
11 58 180
11 59 1051
12 4 520
12 8 26
13 5 702
13 34 206
14 46 167
14 47 1064
15 10 52
15 17 260
16 45 960
16 46 271
17 15 260
17 19 26
18 6 91
18 30 481
19 17 26
19 24 260
20 57 544
20 58 687
21 54 570
21 55 661
22 4 195
22 27 143
23 9 390
23 25 273
24 19 260
24 38 362
25 23 273
25 34 37
26 70 765
26 71 466
27 22 143
27 40 102
28 2 65
28 7 884
29 66 232
29 67 999
30 18 481
30 43 570
31 40 830
31 41 401
32 78 622
32 79 609
33 5 323
33 36 48
33 87 120
34 13 206
34 25 37
34 37 48
35 9 531
35 38 48
36 7 180
36 33 48
36 39 48
37 2 102
37 10 271
37 34 48
37 40 48
38 24 362
38 35 48
38 41 48
39 8 245
39 36 48
39 42 48
40 27 102
40 31 830
40 37 48
40 43 48
41 31 401
41 38 48
41 44 48
42 6 89
42 39 48
42 45 48
43 30 570
43 40 48
43 44 1231
43 46 48
44 41 48
44 43 1231
44 47 48
45 16 960
45 42 48
45 48 48
46 14 167
46 16 271
46 43 48
46 49 48
47 14 1064
47 44 48
47 50 48
48 45 48
48 49 1231
48 51 48
49 46 48
49 48 1231
49 50 1231
49 52 48
50 47 48
50 49 1231
50 53 48
51 48 48
51 52 1231
51 54 48
52 49 48
52 51 1231
52 53 1231
52 55 48
53 50 48
53 52 1231
53 56 48
54 21 570
54 51 48
54 57 48
55 3 76
55 21 661
55 52 48
55 58 48
56 1 648
56 53 48
56 59 48
57 20 544
57 54 48
57 60 48
58 11 180
58 20 687
58 55 48
58 61 48
59 11 1051
59 56 48
59 62 48
60 57 48
60 61 1231
60 63 48
61 58 48
61 60 1231
61 62 1231
61 64 48
62 59 48
62 61 1231
62 65 48
63 60 48
63 64 1231
63 66 48
64 61 48
64 63 1231
64 65 1231
64 67 48
65 62 48
65 64 1231
65 68 48
66 29 232
66 63 48
66 69 48
67 29 999
67 64 48
67 68 1231
67 70 48
68 65 48
68 67 1231
68 71 48
69 66 48
69 70 1231
69 72 48
70 26 765
70 67 48
70 69 1231
70 73 48
71 26 466
71 68 48
71 74 48
72 69 48
72 73 1231
72 75 48
73 70 48
73 72 1231
73 74 1231
73 76 48
74 71 48
74 73 1231
74 77 48
75 72 48
75 76 1231
75 78 48
76 73 48
76 75 1231
76 77 1231
76 79 48
77 74 48
77 76 1231
77 80 48
78 32 622
78 75 48
78 81 48
79 32 609
79 76 48
79 80 1231
79 82 48
80 77 48
80 79 1231
80 83 48
81 78 48
81 82 1231
81 84 48
82 79 48
82 81 1231
82 83 1231
82 85 48
83 80 48
83 82 1231
83 86 48
84 81 48
84 85 1231
85 82 48
85 84 1231
85 86 1231
86 83 48
86 85 1231
//LocStart LocEnd ShortestPath
0 0 0
0 1 2270
0 2 1297
0 3 1763
0 4 1007
0 5 443
0 6 353
0 7 348
0 8 461
0 9 2051
0 10 1670
0 11 1915
0 12 487
0 13 1145
0 14 1710
0 15 1722
0 16 1272
0 17 1982
0 18 444
0 19 2008
0 20 1048
0 21 1026
0 22 1202
0 23 1661
0 24 2268
0 25 1388
0 26 2692
0 27 1345
0 28 1232
0 29 880
0 30 925
0 31 2277
0 32 1462
0 33 120
0 34 1351
0 35 2582
0 36 168
0 37 1399
0 38 2630
0 39 216
0 40 1447
0 41 2678
0 42 264
0 43 1495
0 44 2726
0 45 312
0 46 1543
0 47 2774
0 48 360
0 49 1591
0 50 2822
0 51 408
0 52 1639
0 53 2870
0 54 456
0 55 1687
0 56 2918
0 57 504
0 58 1735
0 59 2966
0 60 552
0 61 1783
0 62 3014
0 63 600
0 64 1831
0 65 3062
0 66 648
0 67 1879
0 68 3110
0 69 696
0 70 1927
0 71 3158
0 72 744
0 73 1975
0 74 3206
0 75 792
0 76 2023
0 77 3254
0 78 840
0 79 2071
0 80 3302
0 81 888
0 82 2119
0 83 3350
0 84 936
0 85 2167
0 86 3398
0 87 0
1 0 2270
1 1 0
1 2 973
1 3 507
1 4 1263
1 5 1827
1 6 1917
1 7 1922
1 8 1809
1 9 1515
1 10 1142
1 11 811
1 12 1783
1 13 1125
1 14 894
1 15 1194
1 16 998
1 17 1454
1 18 1826
1 19 1480
1 20 1318
1 21 1244
1 22 1068
1 23 1229
1 24 1298
1 25 956
1 26 1354
1 27 925
1 28 1038
1 29 1774
1 30 1345
1 31 1289
1 32 1576
1 33 2150
1 34 919
1 35 984
1 36 2102
1 37 871
1 38 936
1 39 2054
1 40 823
1 41 888
1 42 2006
1 43 775
1 44 840
1 45 1958
1 46 727
1 47 792
1 48 1910
1 49 679
1 50 744
1 51 1862
1 52 631
1 53 696
1 54 1814
1 55 583
1 56 648
1 57 1862
1 58 631
1 59 696
1 60 1910
1 61 679
1 62 744
1 63 1958
1 64 727
1 65 792
1 66 2006
1 67 775
1 68 840
1 69 2054
1 70 823
1 71 888
1 72 2102
1 73 871
1 74 936
1 75 2150
1 76 919
1 77 984
1 78 2198
1 79 967
1 80 1032
1 81 2246
1 82 1015
1 83 1080
1 84 2294
1 85 1063
1 86 1128
1 87 2270
2 0 1297
2 1 973
2 2 0
2 3 466
2 4 590
2 5 1058
2 6 1314
2 7 949
2 8 1136
2 9 850
2 10 373
2 11 618
2 12 1110
2 13 356
2 14 413
2 15 425
2 16 517
2 17 685
2 18 1249
2 19 711
2 20 1125
2 21 1051
2 22 395
2 23 460
2 24 971
2 25 187
2 26 1395
2 27 252
2 28 65
2 29 1581
2 30 768
2 31 980
2 32 1383
2 33 1177
2 34 150
2 35 1381
2 36 1129
2 37 102
2 38 1333
2 39 1177
2 40 150
2 41 1381
2 42 1225
2 43 198
2 44 1429
2 45 1273
2 46 246
2 47 1477
2 48 1321
2 49 294
2 50 1525
2 51 1369
2 52 342
2 53 1573
2 54 1417
2 55 390
2 56 1621
2 57 1465
2 58 438
2 59 1669
2 60 1513
2 61 486
2 62 1717
2 63 1561
2 64 534
2 65 1765
2 66 1609
2 67 582
2 68 1813
2 69 1657
2 70 630
2 71 1861
2 72 1705
2 73 678
2 74 1909
2 75 1753
2 76 726
2 77 1957
2 78 1801
2 79 774
2 80 2005
2 81 1849
2 82 822
2 83 2053
2 84 1897
2 85 870
2 86 2101
2 87 1297
3 0 1763
3 1 507
3 2 466
3 3 0
3 4 756
3 5 1320
3 6 1410
3 7 1415
3 8 1302
3 9 1112
3 10 635
3 11 304
3 12 1276
3 13 618
3 14 387
3 15 687
3 16 491
3 17 947
3 18 1319
3 19 973
3 20 811
3 21 737
3 22 561
3 23 722
3 24 1233
3 25 449
3 26 1081
3 27 418
3 28 531
3 29 1267
3 30 838
3 31 1146
3 32 1069
3 33 1643
3 34 412
3 35 1491
3 36 1595
3 37 364
3 38 1443
3 39 1547
3 40 316
3 41 1395
3 42 1499
3 43 268
3 44 1347
3 45 1451
3 46 220
3 47 1299
3 48 1403
3 49 172
3 50 1251
3 51 1355
3 52 124
3 53 1203
3 54 1307
3 55 76
3 56 1155
3 57 1355
3 58 124
3 59 1203
3 60 1403
3 61 172
3 62 1251
3 63 1451
3 64 220
3 65 1299
3 66 1499
3 67 268
3 68 1347
3 69 1547
3 70 316
3 71 1395
3 72 1595
3 73 364
3 74 1443
3 75 1643
3 76 412
3 77 1491
3 78 1691
3 79 460
3 80 1539
3 81 1739
3 82 508
3 83 1587
3 84 1787
3 85 556
3 86 1635
3 87 1763
4 0 1007
4 1 1263
4 2 590
4 3 756
4 4 0
4 5 1210
4 6 928
4 7 1019
4 8 546
4 9 1236
4 10 759
4 11 908
4 12 520
4 13 742
4 14 703
4 15 811
4 16 807
4 17 1071
4 18 1019
4 19 1097
4 20 1415
4 21 1341
4 22 195
4 23 846
4 24 1357
4 25 573
4 26 1685
4 27 338
4 28 655
4 29 1455
4 30 1058
4 31 1270
4 32 1673
4 33 887
4 34 536
4 35 1767
4 36 839
4 37 488
4 38 1719
4 39 791
4 40 440
4 41 1671
4 42 839
4 43 488
4 44 1719
4 45 887
4 46 536
4 47 1767
4 48 935
4 49 584
4 50 1815
4 51 983
4 52 632
4 53 1863
4 54 1031
4 55 680
4 56 1911
4 57 1079
4 58 728
4 59 1959
4 60 1127
4 61 776
4 62 2007
4 63 1175
4 64 824
4 65 2055
4 66 1223
4 67 872
4 68 2103
4 69 1271
4 70 920
4 71 2151
4 72 1319
4 73 968
4 74 2199
4 75 1367
4 76 1016
4 77 2247
4 78 1415
4 79 1064
4 80 2295
4 81 1463
4 82 1112
4 83 2343
4 84 1511
4 85 1160
4 86 2391
4 87 1007
5 0 443
5 1 1827
5 2 1058
5 3 1320
5 4 1210
5 5 0
5 6 556
5 7 551
5 8 664
5 9 1608
5 10 1227
5 11 1472
5 12 690
5 13 702
5 14 1267
5 15 1279
5 16 1371
5 17 1539
5 18 647
5 19 1565
5 20 1251
5 21 1229
5 22 1249
5 23 1218
5 24 1825
5 25 945
5 26 2249
5 27 1106
5 28 1123
5 29 1083
5 30 1128
5 31 1834
5 32 1665
5 33 323
5 34 908
5 35 2139
5 36 371
5 37 956
5 38 2187
5 39 419
5 40 1004
5 41 2235
5 42 467
5 43 1052
5 44 2283
5 45 515
5 46 1100
5 47 2331
5 48 563
5 49 1148
5 50 2379
5 51 611
5 52 1196
5 53 2427
5 54 659
5 55 1244
5 56 2475
5 57 707
5 58 1292
5 59 2523
5 60 755
5 61 1340
5 62 2571
5 63 803
5 64 1388
5 65 2619
5 66 851
5 67 1436
5 68 2667
5 69 899
5 70 1484
5 71 2715
5 72 947
5 73 1532
5 74 2763
5 75 995
5 76 1580
5 77 2811
5 78 1043
5 79 1628
5 80 2859
5 81 1091
5 82 1676
5 83 2907
5 84 1139
5 85 1724
5 86 2955
5 87 443
6 0 353
6 1 1917
6 2 1314
6 3 1410
6 4 928
6 5 556
6 6 0
6 7 365
6 8 382
6 9 1986
6 10 1509
6 11 1562
6 12 408
6 13 1258
6 14 1357
6 15 1561
6 16 1097
6 17 1821
6 18 91
6 19 1847
6 20 873
6 21 851
6 22 1123
6 23 1596
6 24 2107
6 25 1323
6 26 2339
6 27 1266
6 28 1249
6 29 705
6 30 572
6 31 2020
6 32 1287
6 33 233
6 34 1286
6 35 2517
6 36 185
6 37 1238
6 38 2469
6 39 137
6 40 1190
6 41 2421
6 42 89
6 43 1142
6 44 2373
6 45 137
6 46 1190
6 47 2421
6 48 185
6 49 1238
6 50 2469
6 51 233
6 52 1286
6 53 2517
6 54 281
6 55 1334
6 56 2565
6 57 329
6 58 1382
6 59 2613
6 60 377
6 61 1430
6 62 2661
6 63 425
6 64 1478
6 65 2709
6 66 473
6 67 1526
6 68 2757
6 69 521
6 70 1574
6 71 2805
6 72 569
6 73 1622
6 74 2853
6 75 617
6 76 1670
6 77 2901
6 78 665
6 79 1718
6 80 2949
6 81 713
6 82 1766
6 83 2997
6 84 761
6 85 1814
6 86 3045
6 87 353
7 0 348
7 1 1922
7 2 949
7 3 1415
7 4 1019
7 5 551
7 6 365
7 7 0
7 8 473
7 9 1799
7 10 1322
7 11 1567
7 12 499
7 13 1253
7 14 1362
7 15 1374
7 16 1284
7 17 1634
7 18 456
7 19 1660
7 20 1060
7 21 1038
7 22 1214
7 23 1409
7 24 1920
7 25 1136
7 26 2344
7 27 1201
7 28 884
7 29 892
7 30 937
7 31 1929
7 32 1474
7 33 228
7 34 1099
7 35 2330
7 36 180
7 37 1051
7 38 2282
7 39 228
7 40 1099
7 41 2330
7 42 276
7 43 1147
7 44 2378
7 45 324
7 46 1195
7 47 2426
7 48 372
7 49 1243
7 50 2474
7 51 420
7 52 1291
7 53 2522
7 54 468
7 55 1339
7 56 2570
7 57 516
7 58 1387
7 59 2618
7 60 564
7 61 1435
7 62 2666
7 63 612
7 64 1483
7 65 2714
7 66 660
7 67 1531
7 68 2762
7 69 708
7 70 1579
7 71 2810
7 72 756
7 73 1627
7 74 2858
7 75 804
7 76 1675
7 77 2906
7 78 852
7 79 1723
7 80 2954
7 81 900
7 82 1771
7 83 3002
7 84 948
7 85 1819
7 86 3050
7 87 348
8 0 461
8 1 1809
8 2 1136
8 3 1302
8 4 546
8 5 664
8 6 382
8 7 473
8 8 0
8 9 1782
8 10 1305
8 11 1454
8 12 26
8 13 1288
8 14 1249
8 15 1357
8 16 1301
8 17 1617
8 18 473
8 19 1643
8 20 1077
8 21 1055
8 22 741
8 23 1392
8 24 1903
8 25 1119
8 26 2231
8 27 884
8 28 1201
8 29 909
8 30 954
8 31 1816
8 32 1491
8 33 341
8 34 1082
8 35 2313
8 36 293
8 37 1034
8 38 2265
8 39 245
8 40 986
8 41 2217
8 42 293
8 43 1034
8 44 2265
8 45 341
8 46 1082
8 47 2313
8 48 389
8 49 1130
8 50 2361
8 51 437
8 52 1178
8 53 2409
8 54 485
8 55 1226
8 56 2457
8 57 533
8 58 1274
8 59 2505
8 60 581
8 61 1322
8 62 2553
8 63 629
8 64 1370
8 65 2601
8 66 677
8 67 1418
8 68 2649
8 69 725
8 70 1466
8 71 2697
8 72 773
8 73 1514
8 74 2745
8 75 821
8 76 1562
8 77 2793
8 78 869
8 79 1610
8 80 2841
8 81 917
8 82 1658
8 83 2889
8 84 965
8 85 1706
8 86 2937
8 87 461
9 0 2051
9 1 1515
9 2 850
9 3 1112
9 4 1236
9 5 1608
9 6 1986
9 7 1799
9 8 1782
9 9 0
9 10 1019
9 11 1264
9 12 1756
9 13 906
9 14 1059
9 15 1071
9 16 1163
9 17 1227
9 18 1895
9 19 1201
9 20 1771
9 21 1697
9 22 1041
9 23 390
9 24 941
9 25 663
9 26 1573
9 27 898
9 28 915
9 29 2227
9 30 1414
9 31 1028
9 32 2029
9 33 1931
9 34 700
9 35 531
9 36 1979
9 37 748
9 38 579
9 39 2027
9 40 796
9 41 627
9 42 2075
9 43 844
9 44 675
9 45 2123
9 46 892
9 47 723
9 48 2171
9 49 940
9 50 771
9 51 2219
9 52 988
9 53 819
9 54 2267
9 55 1036
9 56 867
9 57 2315
9 58 1084
9 59 915
9 60 2363
9 61 1132
9 62 963
9 63 2411
9 64 1180
9 65 1011
9 66 2459
9 67 1228
9 68 1059
9 69 2507
9 70 1276
9 71 1107
9 72 2555
9 73 1324
9 74 1155
9 75 2603
9 76 1372
9 77 1203
9 78 2651
9 79 1420
9 80 1251
9 81 2699
9 82 1468
9 83 1299
9 84 2747
9 85 1516
9 86 1347
9 87 2051
10 0 1670
10 1 1142
10 2 373
10 3 635
10 4 759
10 5 1227
10 6 1509
10 7 1322
10 8 1305
10 9 1019
10 10 0
10 11 787
10 12 1279
10 13 525
10 14 582
10 15 52
10 16 686
10 17 312
10 18 1418
10 19 338
10 20 1294
10 21 1220
10 22 564
10 23 629
10 24 598
10 25 356
10 26 1564
10 27 421
10 28 438
10 29 1750
10 30 937
10 31 1149
10 32 1552
10 33 1550
10 34 319
10 35 1008
10 36 1502
10 37 271
10 38 960
10 39 1550
10 40 319
10 41 1008
10 42 1598
10 43 367
10 44 1056
10 45 1646
10 46 415
10 47 1104
10 48 1694
10 49 463
10 50 1152
10 51 1742
10 52 511
10 53 1200
10 54 1790
10 55 559
10 56 1248
10 57 1838
10 58 607
10 59 1296
10 60 1886
10 61 655
10 62 1344
10 63 1934
10 64 703
10 65 1392
10 66 1982
10 67 751
10 68 1440
10 69 2030
10 70 799
10 71 1488
10 72 2078
10 73 847
10 74 1536
10 75 2126
10 76 895
10 77 1584
10 78 2174
10 79 943
10 80 1632
10 81 2222
10 82 991
10 83 1680
10 84 2270
10 85 1039
10 86 1728
10 87 1670
11 0 1915
11 1 811
11 2 618
11 3 304
11 4 908
11 5 1472
11 6 1562
11 7 1567
11 8 1454
11 9 1264
11 10 787
11 11 0
11 12 1428
11 13 770
11 14 539
11 15 839
11 16 643
11 17 1099
11 18 1471
11 19 1125
11 20 867
11 21 889
11 22 713
11 23 874
11 24 1385
11 25 601
11 26 1137
11 27 570
11 28 683
11 29 1323
11 30 990
11 31 1298
11 32 1125
11 33 1795
11 34 564
11 35 1435
11 36 1747
11 37 516
11 38 1387
11 39 1699
11 40 468
11 41 1339
11 42 1651
11 43 420
11 44 1291
11 45 1603
11 46 372
11 47 1243
11 48 1555
11 49 324
11 50 1195
11 51 1507
11 52 276
11 53 1147
11 54 1459
11 55 228
11 56 1099
11 57 1411
11 58 180
11 59 1051
11 60 1459
11 61 228
11 62 1099
11 63 1507
11 64 276
11 65 1147
11 66 1555
11 67 324
11 68 1195
11 69 1603
11 70 372
11 71 1243
11 72 1651
11 73 420
11 74 1291
11 75 1699
11 76 468
11 77 1339
11 78 1747
11 79 516
11 80 1387
11 81 1795
11 82 564
11 83 1435
11 84 1843
11 85 612
11 86 1483
11 87 1915
12 0 487
12 1 1783
12 2 1110
12 3 1276
12 4 520
12 5 690
12 6 408
12 7 499
12 8 26
12 9 1756
12 10 1279
12 11 1428
12 12 0
12 13 1262
12 14 1223
12 15 1331
12 16 1327
12 17 1591
12 18 499
12 19 1617
12 20 1103
12 21 1081
12 22 715
12 23 1366
12 24 1877
12 25 1093
12 26 2205
12 27 858
12 28 1175
12 29 935
12 30 980
12 31 1790
12 32 1517
12 33 367
12 34 1056
12 35 2287
12 36 319
12 37 1008
12 38 2239
12 39 271
12 40 960
12 41 2191
12 42 319
12 43 1008
12 44 2239
12 45 367
12 46 1056
12 47 2287
12 48 415
12 49 1104
12 50 2335
12 51 463
12 52 1152
12 53 2383
12 54 511
12 55 1200
12 56 2431
12 57 559
12 58 1248
12 59 2479
12 60 607
12 61 1296
12 62 2527
12 63 655
12 64 1344
12 65 2575
12 66 703
12 67 1392
12 68 2623
12 69 751
12 70 1440
12 71 2671
12 72 799
12 73 1488
12 74 2719
12 75 847
12 76 1536
12 77 2767
12 78 895
12 79 1584
12 80 2815
12 81 943
12 82 1632
12 83 2863
12 84 991
12 85 1680
12 86 2911
12 87 487
13 0 1145
13 1 1125
13 2 356
13 3 618
13 4 742
13 5 702
13 6 1258
13 7 1253
13 8 1288
13 9 906
13 10 525
13 11 770
13 12 1262
13 13 0
13 14 565
13 15 577
13 16 669
13 17 837
13 18 1349
13 19 863
13 20 1277
13 21 1203
13 22 547
13 23 516
13 24 1123
13 25 243
13 26 1547
13 27 404
13 28 421
13 29 1733
13 30 920
13 31 1132
13 32 1535
13 33 1025
13 34 206
13 35 1437
13 36 1073
13 37 254
13 38 1485
13 39 1121
13 40 302
13 41 1533
13 42 1169
13 43 350
13 44 1581
13 45 1217
13 46 398
13 47 1629
13 48 1265
13 49 446
13 50 1677
13 51 1313
13 52 494
13 53 1725
13 54 1361
13 55 542
13 56 1773
13 57 1409
13 58 590
13 59 1821
13 60 1457
13 61 638
13 62 1869
13 63 1505
13 64 686
13 65 1917
13 66 1553
13 67 734
13 68 1965
13 69 1601
13 70 782
13 71 2013
13 72 1649
13 73 830
13 74 2061
13 75 1697
13 76 878
13 77 2109
13 78 1745
13 79 926
13 80 2157
13 81 1793
13 82 974
13 83 2205
13 84 1841
13 85 1022
13 86 2253
13 87 1145
14 0 1710
14 1 894
14 2 413
14 3 387
14 4 703
14 5 1267
14 6 1357
14 7 1362
14 8 1249
14 9 1059
14 10 582
14 11 539
14 12 1223
14 13 565
14 14 0
14 15 634
14 16 438
14 17 894
14 18 1266
14 19 920
14 20 1046
14 21 972
14 22 508
14 23 669
14 24 1180
14 25 396
14 26 1316
14 27 365
14 28 478
14 29 1502
14 30 785
14 31 1093
14 32 1304
14 33 1590
14 34 359
14 35 1256
14 36 1542
14 37 311
14 38 1208
14 39 1494
14 40 263
14 41 1160
14 42 1446
14 43 215
14 44 1112
14 45 1398
14 46 167
14 47 1064
14 48 1446
14 49 215
14 50 1112
14 51 1494
14 52 263
14 53 1160
14 54 1542
14 55 311
14 56 1208
14 57 1590
14 58 359
14 59 1256
14 60 1638
14 61 407
14 62 1304
14 63 1686
14 64 455
14 65 1352
14 66 1734
14 67 503
14 68 1400
14 69 1782
14 70 551
14 71 1448
14 72 1830
14 73 599
14 74 1496
14 75 1878
14 76 647
14 77 1544
14 78 1926
14 79 695
14 80 1592
14 81 1974
14 82 743
14 83 1640
14 84 2022
14 85 791
14 86 1688
14 87 1710
15 0 1722
15 1 1194
15 2 425
15 3 687
15 4 811
15 5 1279
15 6 1561
15 7 1374
15 8 1357
15 9 1071
15 10 52
15 11 839
15 12 1331
15 13 577
15 14 634
15 15 0
15 16 738
15 17 260
15 18 1470
15 19 286
15 20 1346
15 21 1272
15 22 616
15 23 681
15 24 546
15 25 408
15 26 1616
15 27 473
15 28 490
15 29 1802
15 30 989
15 31 1201
15 32 1604
15 33 1602
15 34 371
15 35 956
15 36 1554
15 37 323
15 38 908
15 39 1602
15 40 371
15 41 956
15 42 1650
15 43 419
15 44 1004
15 45 1698
15 46 467
15 47 1052
15 48 1746
15 49 515
15 50 1100
15 51 1794
15 52 563
15 53 1148
15 54 1842
15 55 611
15 56 1196
15 57 1890
15 58 659
15 59 1244
15 60 1938
15 61 707
15 62 1292
15 63 1986
15 64 755
15 65 1340
15 66 2034
15 67 803
15 68 1388
15 69 2082
15 70 851
15 71 1436
15 72 2130
15 73 899
15 74 1484
15 75 2178
15 76 947
15 77 1532
15 78 2226
15 79 995
15 80 1580
15 81 2274
15 82 1043
15 83 1628
15 84 2322
15 85 1091
15 86 1676
15 87 1722
16 0 1272
16 1 998
16 2 517
16 3 491
16 4 807
16 5 1371
16 6 1097
16 7 1284
16 8 1301
16 9 1163
16 10 686
16 11 643
16 12 1327
16 13 669
16 14 438
16 15 738
16 16 0
16 17 998
16 18 1188
16 19 1024
16 20 1150
16 21 1076
16 22 612
16 23 773
16 24 1284
16 25 500
16 26 1420
16 27 469
16 28 582
16 29 1528
16 30 889
16 31 1197
16 32 1408
16 33 1152
16 34 463
16 35 1694
16 36 1104
16 37 415
16 38 1646
16 39 1056
16 40 367
16 41 1598
16 42 1008
16 43 319
16 44 1550
16 45 960
16 46 271
16 47 1502
16 48 1008
16 49 319
16 50 1550
16 51 1056
16 52 367
16 53 1598
16 54 1104
16 55 415
16 56 1646
16 57 1152
16 58 463
16 59 1694
16 60 1200
16 61 511
16 62 1742
16 63 1248
16 64 559
16 65 1790
16 66 1296
16 67 607
16 68 1838
16 69 1344
16 70 655
16 71 1886
16 72 1392
16 73 703
16 74 1934
16 75 1440
16 76 751
16 77 1982
16 78 1488
16 79 799
16 80 2030
16 81 1536
16 82 847
16 83 2078
16 84 1584
16 85 895
16 86 2126
16 87 1272
17 0 1982
17 1 1454
17 2 685
17 3 947
17 4 1071
17 5 1539
17 6 1821
17 7 1634
17 8 1617
17 9 1227
17 10 312
17 11 1099
17 12 1591
17 13 837
17 14 894
17 15 260
17 16 998
17 17 0
17 18 1730
17 19 26
17 20 1606
17 21 1532
17 22 876
17 23 941
17 24 286
17 25 668
17 26 1642
17 27 733
17 28 750
17 29 2062
17 30 1249
17 31 1097
17 32 1864
17 33 1862
17 34 631
17 35 696
17 36 1814
17 37 583
17 38 648
17 39 1862
17 40 631
17 41 696
17 42 1910
17 43 679
17 44 744
17 45 1958
17 46 727
17 47 792
17 48 2006
17 49 775
17 50 840
17 51 2054
17 52 823
17 53 888
17 54 2102
17 55 871
17 56 936
17 57 2150
17 58 919
17 59 984
17 60 2198
17 61 967
17 62 1032
17 63 2246
17 64 1015
17 65 1080
17 66 2294
17 67 1063
17 68 1128
17 69 2342
17 70 1111
17 71 1176
17 72 2390
17 73 1159
17 74 1224
17 75 2438
17 76 1207
17 77 1272
17 78 2486
17 79 1255
17 80 1320
17 81 2534
17 82 1303
17 83 1368
17 84 2582
17 85 1351
17 86 1416
17 87 1982
18 0 444
18 1 1826
18 2 1249
18 3 1319
18 4 1019
18 5 647
18 6 91
18 7 456
18 8 473
18 9 1895
18 10 1418
18 11 1471
18 12 499
18 13 1349
18 14 1266
18 15 1470
18 16 1188
18 17 1730
18 18 0
18 19 1756
18 20 964
18 21 942
18 22 1214
18 23 1505
18 24 2016
18 25 1232
18 26 2248
18 27 1201
18 28 1314
18 29 796
18 30 481
18 31 1929
18 32 1378
18 33 324
18 34 1195
18 35 2426
18 36 276
18 37 1147
18 38 2378
18 39 228
18 40 1099
18 41 2330
18 42 180
18 43 1051
18 44 2282
18 45 228
18 46 1099
18 47 2330
18 48 276
18 49 1147
18 50 2378
18 51 324
18 52 1195
18 53 2426
18 54 372
18 55 1243
18 56 2474
18 57 420
18 58 1291
18 59 2522
18 60 468
18 61 1339
18 62 2570
18 63 516
18 64 1387
18 65 2618
18 66 564
18 67 1435
18 68 2666
18 69 612
18 70 1483
18 71 2714
18 72 660
18 73 1531
18 74 2762
18 75 708
18 76 1579
18 77 2810
18 78 756
18 79 1627
18 80 2858
18 81 804
18 82 1675
18 83 2906
18 84 852
18 85 1723
18 86 2954
18 87 444
19 0 2008
19 1 1480
19 2 711
19 3 973
19 4 1097
19 5 1565
19 6 1847
19 7 1660
19 8 1643
19 9 1201
19 10 338
19 11 1125
19 12 1617
19 13 863
19 14 920
19 15 286
19 16 1024
19 17 26
19 18 1756
19 19 0
19 20 1632
19 21 1558
19 22 902
19 23 967
19 24 260
19 25 694
19 26 1616
19 27 759
19 28 776
19 29 2088
19 30 1275
19 31 1071
19 32 1890
19 33 1888
19 34 657
19 35 670
19 36 1840
19 37 609
19 38 622
19 39 1888
19 40 657
19 41 670
19 42 1936
19 43 705
19 44 718
19 45 1984
19 46 753
19 47 766
19 48 2032
19 49 801
19 50 814
19 51 2080
19 52 849
19 53 862
19 54 2128
19 55 897
19 56 910
19 57 2176
19 58 945
19 59 958
19 60 2224
19 61 993
19 62 1006
19 63 2272
19 64 1041
19 65 1054
19 66 2320
19 67 1089
19 68 1102
19 69 2368
19 70 1137
19 71 1150
19 72 2416
19 73 1185
19 74 1198
19 75 2464
19 76 1233
19 77 1246
19 78 2512
19 79 1281
19 80 1294
19 81 2560
19 82 1329
19 83 1342
19 84 2608
19 85 1377
19 86 1390
19 87 2008
20 0 1048
20 1 1318
20 2 1125
20 3 811
20 4 1415
20 5 1251
20 6 873
20 7 1060
20 8 1077
20 9 1771
20 10 1294
20 11 867
20 12 1103
20 13 1277
20 14 1046
20 15 1346
20 16 1150
20 17 1606
20 18 964
20 19 1632
20 20 0
20 21 1162
20 22 1220
20 23 1381
20 24 1892
20 25 1108
20 26 1644
20 27 1077
20 28 1190
20 29 920
20 30 1445
20 31 1805
20 32 1502
20 33 928
20 34 1071
20 35 2302
20 36 880
20 37 1023
20 38 2254
20 39 832
20 40 975
20 41 2206
20 42 784
20 43 927
20 44 2158
20 45 736
20 46 879
20 47 2110
20 48 688
20 49 831
20 50 2062
20 51 640
20 52 783
20 53 2014
20 54 592
20 55 735
20 56 1966
20 57 544
20 58 687
20 59 1918
20 60 592
20 61 735
20 62 1966
20 63 640
20 64 783
20 65 2014
20 66 688
20 67 831
20 68 2062
20 69 736
20 70 879
20 71 2110
20 72 784
20 73 927
20 74 2158
20 75 832
20 76 975
20 77 2206
20 78 880
20 79 1023
20 80 2254
20 81 928
20 82 1071
20 83 2302
20 84 976
20 85 1119
20 86 2350
20 87 1048
21 0 1026
21 1 1244
21 2 1051
21 3 737
21 4 1341
21 5 1229
21 6 851
21 7 1038
21 8 1055
21 9 1697
21 10 1220
21 11 889
21 12 1081
21 13 1203
21 14 972
21 15 1272
21 16 1076
21 17 1532
21 18 942
21 19 1558
21 20 1162
21 21 0
21 22 1146
21 23 1307
21 24 1818
21 25 1034
21 26 1666
21 27 1003
21 28 1116
21 29 994
21 30 1423
21 31 1731
21 32 1576
21 33 906
21 34 997
21 35 2228
21 36 858
21 37 949
21 38 2180
21 39 810
21 40 901
21 41 2132
21 42 762
21 43 853
21 44 2084
21 45 714
21 46 805
21 47 2036
21 48 666
21 49 757
21 50 1988
21 51 618
21 52 709
21 53 1940
21 54 570
21 55 661
21 56 1892
21 57 618
21 58 709
21 59 1940
21 60 666
21 61 757
21 62 1988
21 63 714
21 64 805
21 65 2036
21 66 762
21 67 853
21 68 2084
21 69 810
21 70 901
21 71 2132
21 72 858
21 73 949
21 74 2180
21 75 906
21 76 997
21 77 2228
21 78 954
21 79 1045
21 80 2276
21 81 1002
21 82 1093
21 83 2324
21 84 1050
21 85 1141
21 86 2372
21 87 1026
22 0 1202
22 1 1068
22 2 395
22 3 561
22 4 195
22 5 1249
22 6 1123
22 7 1214
22 8 741
22 9 1041
22 10 564
22 11 713
22 12 715
22 13 547
22 14 508
22 15 616
22 16 612
22 17 876
22 18 1214
22 19 902
22 20 1220
22 21 1146
22 22 0
22 23 651
22 24 1162
22 25 378
22 26 1490
22 27 143
22 28 460
22 29 1650
22 30 863
22 31 1075
22 32 1478
22 33 1082
22 34 341
22 35 1572
22 36 1034
22 37 293
22 38 1524
22 39 986
22 40 245
22 41 1476
22 42 1034
22 43 293
22 44 1524
22 45 1082
22 46 341
22 47 1572
22 48 1130
22 49 389
22 50 1620
22 51 1178
22 52 437
22 53 1668
22 54 1226
22 55 485
22 56 1716
22 57 1274
22 58 533
22 59 1764
22 60 1322
22 61 581
22 62 1812
22 63 1370
22 64 629
22 65 1860
22 66 1418
22 67 677
22 68 1908
22 69 1466
22 70 725
22 71 1956
22 72 1514
22 73 773
22 74 2004
22 75 1562
22 76 821
22 77 2052
22 78 1610
22 79 869
22 80 2100
22 81 1658
22 82 917
22 83 2148
22 84 1706
22 85 965
22 86 2196
22 87 1202
23 0 1661
23 1 1229
23 2 460
23 3 722
23 4 846
23 5 1218
23 6 1596
23 7 1409
23 8 1392
23 9 390
23 10 629
23 11 874
23 12 1366
23 13 516
23 14 669
23 15 681
23 16 773
23 17 941
23 18 1505
23 19 967
23 20 1381
23 21 1307
23 22 651
23 23 0
23 24 1227
23 25 273
23 26 1651
23 27 508
23 28 525
23 29 1837
23 30 1024
23 31 1236
23 32 1639
23 33 1541
23 34 310
23 35 921
23 36 1589
23 37 358
23 38 969
23 39 1637
23 40 406
23 41 1017
23 42 1685
23 43 454
23 44 1065
23 45 1733
23 46 502
23 47 1113
23 48 1781
23 49 550
23 50 1161
23 51 1829
23 52 598
23 53 1209
23 54 1877
23 55 646
23 56 1257
23 57 1925
23 58 694
23 59 1305
23 60 1973
23 61 742
23 62 1353
23 63 2021
23 64 790
23 65 1401
23 66 2069
23 67 838
23 68 1449
23 69 2117
23 70 886
23 71 1497
23 72 2165
23 73 934
23 74 1545
23 75 2213
23 76 982
23 77 1593
23 78 2261
23 79 1030
23 80 1641
23 81 2309
23 82 1078
23 83 1689
23 84 2357
23 85 1126
23 86 1737
23 87 1661
24 0 2268
24 1 1298
24 2 971
24 3 1233
24 4 1357
24 5 1825
24 6 2107
24 7 1920
24 8 1903
24 9 941
24 10 598
24 11 1385
24 12 1877
24 13 1123
24 14 1180
24 15 546
24 16 1284
24 17 286
24 18 2016
24 19 260
24 20 1892
24 21 1818
24 22 1162
24 23 1227
24 24 0
24 25 954
24 26 1356
24 27 1019
24 28 1036
24 29 2348
24 30 1535
24 31 811
24 32 2150
24 33 2148
24 34 917
24 35 410
24 36 2100
24 37 869
24 38 362
24 39 2148
24 40 917
24 41 410
24 42 2196
24 43 965
24 44 458
24 45 2244
24 46 1013
24 47 506
24 48 2292
24 49 1061
24 50 554
24 51 2340
24 52 1109
24 53 602
24 54 2388
24 55 1157
24 56 650
24 57 2436
24 58 1205
24 59 698
24 60 2484
24 61 1253
24 62 746
24 63 2532
24 64 1301
24 65 794
24 66 2580
24 67 1349
24 68 842
24 69 2628
24 70 1397
24 71 890
24 72 2676
24 73 1445
24 74 938
24 75 2724
24 76 1493
24 77 986
24 78 2772
24 79 1541
24 80 1034
24 81 2820
24 82 1589
24 83 1082
24 84 2868
24 85 1637
24 86 1130
24 87 2268
25 0 1388
25 1 956
25 2 187
25 3 449
25 4 573
25 5 945
25 6 1323
25 7 1136
25 8 1119
25 9 663
25 10 356
25 11 601
25 12 1093
25 13 243
25 14 396
25 15 408
25 16 500
25 17 668
25 18 1232
25 19 694
25 20 1108
25 21 1034
25 22 378
25 23 273
25 24 954
25 25 0
25 26 1378
25 27 235
25 28 252
25 29 1564
25 30 751
25 31 963
25 32 1366
25 33 1268
25 34 37
25 35 1194
25 36 1316
25 37 85
25 38 1242
25 39 1364
25 40 133
25 41 1290
25 42 1412
25 43 181
25 44 1338
25 45 1460
25 46 229
25 47 1386
25 48 1508
25 49 277
25 50 1434
25 51 1556
25 52 325
25 53 1482
25 54 1604
25 55 373
25 56 1530
25 57 1652
25 58 421
25 59 1578
25 60 1700
25 61 469
25 62 1626
25 63 1748
25 64 517
25 65 1674
25 66 1796
25 67 565
25 68 1722
25 69 1844
25 70 613
25 71 1770
25 72 1892
25 73 661
25 74 1818
25 75 1940
25 76 709
25 77 1866
25 78 1988
25 79 757
25 80 1914
25 81 2036
25 82 805
25 83 1962
25 84 2084
25 85 853
25 86 2010
25 87 1388
26 0 2692
26 1 1354
26 2 1395
26 3 1081
26 4 1685
26 5 2249
26 6 2339
26 7 2344
26 8 2231
26 9 1573
26 10 1564
26 11 1137
26 12 2205
26 13 1547
26 14 1316
26 15 1616
26 16 1420
26 17 1642
26 18 2248
26 19 1616
26 20 1644
26 21 1666
26 22 1490
26 23 1651
26 24 1356
26 25 1378
26 26 0
26 27 1347
26 28 1460
26 29 1812
26 30 1767
26 31 1347
26 32 1518
26 33 2572
26 34 1341
26 35 1042
26 36 2524
26 37 1293
26 38 994
26 39 2476
26 40 1245
26 41 946
26 42 2428
26 43 1197
26 44 898
26 45 2380
26 46 1149
26 47 850
26 48 2332
26 49 1101
26 50 802
26 51 2284
26 52 1053
26 53 754
26 54 2236
26 55 1005
26 56 706
26 57 2188
26 58 957
26 59 658
26 60 2140
26 61 909
26 62 610
26 63 2092
26 64 861
26 65 562
26 66 2044
26 67 813
26 68 514
26 69 1996
26 70 765
26 71 466
26 72 2044
26 73 813
26 74 514
26 75 2092
26 76 861
26 77 562
26 78 2140
26 79 909
26 80 610
26 81 2188
26 82 957
26 83 658
26 84 2236
26 85 1005
26 86 706
26 87 2692
27 0 1345
27 1 925
27 2 252
27 3 418
27 4 338
27 5 1106
27 6 1266
27 7 1201
27 8 884
27 9 898
27 10 421
27 11 570
27 12 858
27 13 404
27 14 365
27 15 473
27 16 469
27 17 733
27 18 1201
27 19 759
27 20 1077
27 21 1003
27 22 143
27 23 508
27 24 1019
27 25 235
27 26 1347
27 27 0
27 28 317
27 29 1533
27 30 720
27 31 932
27 32 1335
27 33 1225
27 34 198
27 35 1429
27 36 1177
27 37 150
27 38 1381
27 39 1129
27 40 102
27 41 1333
27 42 1177
27 43 150
27 44 1381
27 45 1225
27 46 198
27 47 1429
27 48 1273
27 49 246
27 50 1477
27 51 1321
27 52 294
27 53 1525
27 54 1369
27 55 342
27 56 1573
27 57 1417
27 58 390
27 59 1621
27 60 1465
27 61 438
27 62 1669
27 63 1513
27 64 486
27 65 1717
27 66 1561
27 67 534
27 68 1765
27 69 1609
27 70 582
27 71 1813
27 72 1657
27 73 630
27 74 1861
27 75 1705
27 76 678
27 77 1909
27 78 1753
27 79 726
27 80 1957
27 81 1801
27 82 774
27 83 2005
27 84 1849
27 85 822
27 86 2053
27 87 1345
28 0 1232
28 1 1038
28 2 65
28 3 531
28 4 655
28 5 1123
28 6 1249
28 7 884
28 8 1201
28 9 915
28 10 438
28 11 683
28 12 1175
28 13 421
28 14 478
28 15 490
28 16 582
28 17 750
28 18 1314
28 19 776
28 20 1190
28 21 1116
28 22 460
28 23 525
28 24 1036
28 25 252
28 26 1460
28 27 317
28 28 0
28 29 1646
28 30 833
28 31 1045
28 32 1448
28 33 1112
28 34 215
28 35 1446
28 36 1064
28 37 167
28 38 1398
28 39 1112
28 40 215
28 41 1446
28 42 1160
28 43 263
28 44 1494
28 45 1208
28 46 311
28 47 1542
28 48 1256
28 49 359
28 50 1590
28 51 1304
28 52 407
28 53 1638
28 54 1352
28 55 455
28 56 1686
28 57 1400
28 58 503
28 59 1734
28 60 1448
28 61 551
28 62 1782
28 63 1496
28 64 599
28 65 1830
28 66 1544
28 67 647
28 68 1878
28 69 1592
28 70 695
28 71 1926
28 72 1640
28 73 743
28 74 1974
28 75 1688
28 76 791
28 77 2022
28 78 1736
28 79 839
28 80 2070
28 81 1784
28 82 887
28 83 2118
28 84 1832
28 85 935
28 86 2166
28 87 1232
29 0 880
29 1 1774
29 2 1581
29 3 1267
29 4 1455
29 5 1083
29 6 705
29 7 892
29 8 909
29 9 2227
29 10 1750
29 11 1323
29 12 935
29 13 1733
29 14 1502
29 15 1802
29 16 1528
29 17 2062
29 18 796
29 19 2088
29 20 920
29 21 994
29 22 1650
29 23 1837
29 24 2348
29 25 1564
29 26 1812
29 27 1533
29 28 1646
29 29 0
29 30 1277
29 31 2261
29 32 1046
29 33 760
29 34 1527
29 35 2758
29 36 712
29 37 1479
29 38 2710
29 39 664
29 40 1431
29 41 2662
29 42 616
29 43 1383
29 44 2614
29 45 568
29 46 1335
29 47 2566
29 48 520
29 49 1287
29 50 2518
29 51 472
29 52 1239
29 53 2470
29 54 424
29 55 1191
29 56 2422
29 57 376
29 58 1143
29 59 2374
29 60 328
29 61 1095
29 62 2326
29 63 280
29 64 1047
29 65 2278
29 66 232
29 67 999
29 68 2230
29 69 280
29 70 1047
29 71 2278
29 72 328
29 73 1095
29 74 2326
29 75 376
29 76 1143
29 77 2374
29 78 424
29 79 1191
29 80 2422
29 81 472
29 82 1239
29 83 2470
29 84 520
29 85 1287
29 86 2518
29 87 880
30 0 925
30 1 1345
30 2 768
30 3 838
30 4 1058
30 5 1128
30 6 572
30 7 937
30 8 954
30 9 1414
30 10 937
30 11 990
30 12 980
30 13 920
30 14 785
30 15 989
30 16 889
30 17 1249
30 18 481
30 19 1275
30 20 1445
30 21 1423
30 22 863
30 23 1024
30 24 1535
30 25 751
30 26 1767
30 27 720
30 28 833
30 29 1277
30 30 0
30 31 1448
30 32 1755
30 33 805
30 34 714
30 35 1945
30 36 757
30 37 666
30 38 1897
30 39 709
30 40 618
30 41 1849
30 42 661
30 43 570
30 44 1801
30 45 709
30 46 618
30 47 1849
30 48 757
30 49 666
30 50 1897
30 51 805
30 52 714
30 53 1945
30 54 853
30 55 762
30 56 1993
30 57 901
30 58 810
30 59 2041
30 60 949
30 61 858
30 62 2089
30 63 997
30 64 906
30 65 2137
30 66 1045
30 67 954
30 68 2185
30 69 1093
30 70 1002
30 71 2233
30 72 1141
30 73 1050
30 74 2281
30 75 1189
30 76 1098
30 77 2329
30 78 1237
30 79 1146
30 80 2377
30 81 1285
30 82 1194
30 83 2425
30 84 1333
30 85 1242
30 86 2473
30 87 925
31 0 2277
31 1 1289
31 2 980
31 3 1146
31 4 1270
31 5 1834
31 6 2020
31 7 1929
31 8 1816
31 9 1028
31 10 1149
31 11 1298
31 12 1790
31 13 1132
31 14 1093
31 15 1201
31 16 1197
31 17 1097
31 18 1929
31 19 1071
31 20 1805
31 21 1731
31 22 1075
31 23 1236
31 24 811
31 25 963
31 26 1347
31 27 932
31 28 1045
31 29 2261
31 30 1448
31 31 0
31 32 2063
31 33 2157
31 34 926
31 35 497
31 36 2109
31 37 878
31 38 449
31 39 2061
31 40 830
31 41 401
31 42 2109
31 43 878
31 44 449
31 45 2157
31 46 926
31 47 497
31 48 2205
31 49 974
31 50 545
31 51 2253
31 52 1022
31 53 593
31 54 2301
31 55 1070
31 56 641
31 57 2349
31 58 1118
31 59 689
31 60 2397
31 61 1166
31 62 737
31 63 2445
31 64 1214
31 65 785
31 66 2493
31 67 1262
31 68 833
31 69 2541
31 70 1310
31 71 881
31 72 2589
31 73 1358
31 74 929
31 75 2637
31 76 1406
31 77 977
31 78 2685
31 79 1454
31 80 1025
31 81 2733
31 82 1502
31 83 1073
31 84 2781
31 85 1550
31 86 1121
31 87 2277
32 0 1462
32 1 1576
32 2 1383
32 3 1069
32 4 1673
32 5 1665
32 6 1287
32 7 1474
32 8 1491
32 9 2029
32 10 1552
32 11 1125
32 12 1517
32 13 1535
32 14 1304
32 15 1604
32 16 1408
32 17 1864
32 18 1378
32 19 1890
32 20 1502
32 21 1576
32 22 1478
32 23 1639
32 24 2150
32 25 1366
32 26 1518
32 27 1335
32 28 1448
32 29 1046
32 30 1755
32 31 2063
32 32 0
32 33 1342
32 34 1329
32 35 2560
32 36 1294
32 37 1281
32 38 2512
32 39 1246
32 40 1233
32 41 2464
32 42 1198
32 43 1185
32 44 2416
32 45 1150
32 46 1137
32 47 2368
32 48 1102
32 49 1089
32 50 2320
32 51 1054
32 52 1041
32 53 2272
32 54 1006
32 55 993
32 56 2224
32 57 958
32 58 945
32 59 2176
32 60 910
32 61 897
32 62 2128
32 63 862
32 64 849
32 65 2080
32 66 814
32 67 801
32 68 2032
32 69 766
32 70 753
32 71 1984
32 72 718
32 73 705
32 74 1936
32 75 670
32 76 657
32 77 1888
32 78 622
32 79 609
32 80 1840
32 81 670
32 82 657
32 83 1888
32 84 718
32 85 705
32 86 1936
32 87 1462
33 0 120
33 1 2150
33 2 1177
33 3 1643
33 4 887
33 5 323
33 6 233
33 7 228
33 8 341
33 9 1931
33 10 1550
33 11 1795
33 12 367
33 13 1025
33 14 1590
33 15 1602
33 16 1152
33 17 1862
33 18 324
33 19 1888
33 20 928
33 21 906
33 22 1082
33 23 1541
33 24 2148
33 25 1268
33 26 2572
33 27 1225
33 28 1112
33 29 760
33 30 805
33 31 2157
33 32 1342
33 33 0
33 34 1231
33 35 2462
33 36 48
33 37 1279
33 38 2510
33 39 96
33 40 1327
33 41 2558
33 42 144
33 43 1375
33 44 2606
33 45 192
33 46 1423
33 47 2654
33 48 240
33 49 1471
33 50 2702
33 51 288
33 52 1519
33 53 2750
33 54 336
33 55 1567
33 56 2798
33 57 384
33 58 1615
33 59 2846
33 60 432
33 61 1663
33 62 2894
33 63 480
33 64 1711
33 65 2942
33 66 528
33 67 1759
33 68 2990
33 69 576
33 70 1807
33 71 3038
33 72 624
33 73 1855
33 74 3086
33 75 672
33 76 1903
33 77 3134
33 78 720
33 79 1951
33 80 3182
33 81 768
33 82 1999
33 83 3230
33 84 816
33 85 2047
33 86 3278
33 87 120
34 0 1351
34 1 919
34 2 150
34 3 412
34 4 536
34 5 908
34 6 1286
34 7 1099
34 8 1082
34 9 700
34 10 319
34 11 564
34 12 1056
34 13 206
34 14 359
34 15 371
34 16 463
34 17 631
34 18 1195
34 19 657
34 20 1071
34 21 997
34 22 341
34 23 310
34 24 917
34 25 37
34 26 1341
34 27 198
34 28 215
34 29 1527
34 30 714
34 31 926
34 32 1329
34 33 1231
34 34 0
34 35 1231
34 36 1279
34 37 48
34 38 1279
34 39 1327
34 40 96
34 41 1327
34 42 1375
34 43 144
34 44 1375
34 45 1423
34 46 192
34 47 1423
34 48 1471
34 49 240
34 50 1471
34 51 1519
34 52 288
34 53 1519
34 54 1567
34 55 336
34 56 1567
34 57 1615
34 58 384
34 59 1615
34 60 1663
34 61 432
34 62 1663
34 63 1711
34 64 480
34 65 1711
34 66 1759
34 67 528
34 68 1759
34 69 1807
34 70 576
34 71 1807
34 72 1855
34 73 624
34 74 1855
34 75 1903
34 76 672
34 77 1903
34 78 1951
34 79 720
34 80 1951
34 81 1999
34 82 768
34 83 1999
34 84 2047
34 85 816
34 86 2047
34 87 1351
35 0 2582
35 1 984
35 2 1381
35 3 1491
35 4 1767
35 5 2139
35 6 2517
35 7 2330
35 8 2313
35 9 531
35 10 1008
35 11 1435
35 12 2287
35 13 1437
35 14 1256
35 15 956
35 16 1694
35 17 696
35 18 2426
35 19 670
35 20 2302
35 21 2228
35 22 1572
35 23 921
35 24 410
35 25 1194
35 26 1042
35 27 1429
35 28 1446
35 29 2758
35 30 1945
35 31 497
35 32 2560
35 33 2462
35 34 1231
35 35 0
35 36 2510
35 37 1279
35 38 48
35 39 2558
35 40 1327
35 41 96
35 42 2606
35 43 1375
35 44 144
35 45 2654
35 46 1423
35 47 192
35 48 2702
35 49 1471
35 50 240
35 51 2750
35 52 1519
35 53 288
35 54 2798
35 55 1567
35 56 336
35 57 2846
35 58 1615
35 59 384
35 60 2894
35 61 1663
35 62 432
35 63 2942
35 64 1711
35 65 480
35 66 2990
35 67 1759
35 68 528
35 69 3038
35 70 1807
35 71 576
35 72 3086
35 73 1855
35 74 624
35 75 3134
35 76 1903
35 77 672
35 78 3182
35 79 1951
35 80 720
35 81 3230
35 82 1999
35 83 768
35 84 3278
35 85 2047
35 86 816
35 87 2582
36 0 168
36 1 2102
36 2 1129
36 3 1595
36 4 839
36 5 371
36 6 185
36 7 180
36 8 293
36 9 1979
36 10 1502
36 11 1747
36 12 319
36 13 1073
36 14 1542
36 15 1554
36 16 1104
36 17 1814
36 18 276
36 19 1840
36 20 880
36 21 858
36 22 1034
36 23 1589
36 24 2100
36 25 1316
36 26 2524
36 27 1177
36 28 1064
36 29 712
36 30 757
36 31 2109
36 32 1294
36 33 48
36 34 1279
36 35 2510
36 36 0
36 37 1231
36 38 2462
36 39 48
36 40 1279
36 41 2510
36 42 96
36 43 1327
36 44 2558
36 45 144
36 46 1375
36 47 2606
36 48 192
36 49 1423
36 50 2654
36 51 240
36 52 1471
36 53 2702
36 54 288
36 55 1519
36 56 2750
36 57 336
36 58 1567
36 59 2798
36 60 384
36 61 1615
36 62 2846
36 63 432
36 64 1663
36 65 2894
36 66 480
36 67 1711
36 68 2942
36 69 528
36 70 1759
36 71 2990
36 72 576
36 73 1807
36 74 3038
36 75 624
36 76 1855
36 77 3086
36 78 672
36 79 1903
36 80 3134
36 81 720
36 82 1951
36 83 3182
36 84 768
36 85 1999
36 86 3230
36 87 168
37 0 1399
37 1 871
37 2 102
37 3 364
37 4 488
37 5 956
37 6 1238
37 7 1051
37 8 1034
37 9 748
37 10 271
37 11 516
37 12 1008
37 13 254
37 14 311
37 15 323
37 16 415
37 17 583
37 18 1147
37 19 609
37 20 1023
37 21 949
37 22 293
37 23 358
37 24 869
37 25 85
37 26 1293
37 27 150
37 28 167
37 29 1479
37 30 666
37 31 878
37 32 1281
37 33 1279
37 34 48
37 35 1279
37 36 1231
37 37 0
37 38 1231
37 39 1279
37 40 48
37 41 1279
37 42 1327
37 43 96
37 44 1327
37 45 1375
37 46 144
37 47 1375
37 48 1423
37 49 192
37 50 1423
37 51 1471
37 52 240
37 53 1471
37 54 1519
37 55 288
37 56 1519
37 57 1567
37 58 336
37 59 1567
37 60 1615
37 61 384
37 62 1615
37 63 1663
37 64 432
37 65 1663
37 66 1711
37 67 480
37 68 1711
37 69 1759
37 70 528
37 71 1759
37 72 1807
37 73 576
37 74 1807
37 75 1855
37 76 624
37 77 1855
37 78 1903
37 79 672
37 80 1903
37 81 1951
37 82 720
37 83 1951
37 84 1999
37 85 768
37 86 1999
37 87 1399
38 0 2630
38 1 936
38 2 1333
38 3 1443
38 4 1719
38 5 2187
38 6 2469
38 7 2282
38 8 2265
38 9 579
38 10 960
38 11 1387
38 12 2239
38 13 1485
38 14 1208
38 15 908
38 16 1646
38 17 648
38 18 2378
38 19 622
38 20 2254
38 21 2180
38 22 1524
38 23 969
38 24 362
38 25 1242
38 26 994
38 27 1381
38 28 1398
38 29 2710
38 30 1897
38 31 449
38 32 2512
38 33 2510
38 34 1279
38 35 48
38 36 2462
38 37 1231
38 38 0
38 39 2510
38 40 1279
38 41 48
38 42 2558
38 43 1327
38 44 96
38 45 2606
38 46 1375
38 47 144
38 48 2654
38 49 1423
38 50 192
38 51 2702
38 52 1471
38 53 240
38 54 2750
38 55 1519
38 56 288
38 57 2798
38 58 1567
38 59 336
38 60 2846
38 61 1615
38 62 384
38 63 2894
38 64 1663
38 65 432
38 66 2942
38 67 1711
38 68 480
38 69 2990
38 70 1759
38 71 528
38 72 3038
38 73 1807
38 74 576
38 75 3086
38 76 1855
38 77 624
38 78 3134
38 79 1903
38 80 672
38 81 3182
38 82 1951
38 83 720
38 84 3230
38 85 1999
38 86 768
38 87 2630
39 0 216
39 1 2054
39 2 1177
39 3 1547
39 4 791
39 5 419
39 6 137
39 7 228
39 8 245
39 9 2027
39 10 1550
39 11 1699
39 12 271
39 13 1121
39 14 1494
39 15 1602
39 16 1056
39 17 1862
39 18 228
39 19 1888
39 20 832
39 21 810
39 22 986
39 23 1637
39 24 2148
39 25 1364
39 26 2476
39 27 1129
39 28 1112
39 29 664
39 30 709
39 31 2061
39 32 1246
39 33 96
39 34 1327
39 35 2558
39 36 48
39 37 1279
39 38 2510
39 39 0
39 40 1231
39 41 2462
39 42 48
39 43 1279
39 44 2510
39 45 96
39 46 1327
39 47 2558
39 48 144
39 49 1375
39 50 2606
39 51 192
39 52 1423
39 53 2654
39 54 240
39 55 1471
39 56 2702
39 57 288
39 58 1519
39 59 2750
39 60 336
39 61 1567
39 62 2798
39 63 384
39 64 1615
39 65 2846
39 66 432
39 67 1663
39 68 2894
39 69 480
39 70 1711
39 71 2942
39 72 528
39 73 1759
39 74 2990
39 75 576
39 76 1807
39 77 3038
39 78 624
39 79 1855
39 80 3086
39 81 672
39 82 1903
39 83 3134
39 84 720
39 85 1951
39 86 3182
39 87 216
40 0 1447
40 1 823
40 2 150
40 3 316
40 4 440
40 5 1004
40 6 1190
40 7 1099
40 8 986
40 9 796
40 10 319
40 11 468
40 12 960
40 13 302
40 14 263
40 15 371
40 16 367
40 17 631
40 18 1099
40 19 657
40 20 975
40 21 901
40 22 245
40 23 406
40 24 917
40 25 133
40 26 1245
40 27 102
40 28 215
40 29 1431
40 30 618
40 31 830
40 32 1233
40 33 1327
40 34 96
40 35 1327
40 36 1279
40 37 48
40 38 1279
40 39 1231
40 40 0
40 41 1231
40 42 1279
40 43 48
40 44 1279
40 45 1327
40 46 96
40 47 1327
40 48 1375
40 49 144
40 50 1375
40 51 1423
40 52 192
40 53 1423
40 54 1471
40 55 240
40 56 1471
40 57 1519
40 58 288
40 59 1519
40 60 1567
40 61 336
40 62 1567
