//alpha
1
//NbLocations
88
//NbProducts
34
//NbPickers
2
//CapaPicker
4
//TimeToTravelOneDistanceUnit
3
//SetupTime
5400
//PickTime
300
//Products
//Idx Location Size
1 1 1
2 2 1
3 3 1
4 4 1
5 5 1
6 6 1
7 7 1
8 8 1
9 9 1
10 10 1
11 11 1
12 12 1
13 13 1
14 14 1
15 15 1
16 16 1
17 17 1
18 18 1
19 19 1
20 20 1
21 21 1
22 22 1
23 23 1
24 21 1
25 24 1
26 25 1
27 26 1
28 27 1
29 28 1
30 29 1
31 30 1
32 31 1
33 32 1
34 33 1
//Orders
//NbOrders
12
//Idx DueDate TardinessPenalty NbProdInOrder ProdIdx1 Qty1 ProdIdx2 Qty2 ...
1 72000 0 4 1 1 2 1 3 1 4 1
2 108000 0 1 5 1
3 108000 0 4 6 1 7 1 8 1 9 1
4 108000 0 4 10 1 11 1 12 1 13 1
5 54000 0 3 14 1 15 1 16 1
6 72000 0 4 17 1 18 1 19 1 20 1
7 36000 0 3 21 1 22 1 23 1
8 54000 0 1 24 1
9 72000 0 3 25 1 26 1 27 1
10 36000 0 3 28 1 29 1 30 1
11 108000 0 3 31 1 32 1 33 1
12 36000 0 1 34 1
//Graph (Products are vertices indexed from 1 to NbProducts)
//NbVerticesIntersections
54
//DepartingDepot
0
//ArrivalDepot
88
//Arcs
//Start End Distance
0 34 120
1 35 479
1 36 752
2 26 884
2 75 102
3 44 310
3 45 921
4 15 130
4 27 78
5 13 39
5 49 661
6 14 767
6 47 232
7 53 76
7 54 1155
8 16 234
8 40 37
9 24 234
9 65 869
10 56 817
10 57 414
11 41 89
11 42 1142
12 68 115
12 69 1116
13 5 39
13 23 468
14 6 767
14 46 232
15 4 130
15 86 908
16 8 234
16 41 960
17 30 91
17 61 765
18 28 338
18 56 765
19 20 65
19 43 921
20 19 65
20 44 245
21 70 648
21 71 583
22 58 1038
22 59 193
23 13 468
23 50 63
24 9 234
24 66 128
25 47 1012
25 48 219
26 2 884
26 74 245
27 4 78
27 85 115
28 18 338
28 55 128
29 52 284
29 53 947
30 17 91
30 62 375
31 71 1194
31 72 37
32 86 804
32 87 427
33 62 375
33 63 856
34 35 1231
34 37 48
34 88 120
35 1 479
35 34 1231
35 38 48
36 1 752
36 39 48
37 34 48
37 38 1231
37 40 48
38 35 48
38 37 1231
38 39 1231
38 41 48
39 36 48
39 38 1231
39 42 48
40 8 37
40 37 48
40 43 48
41 11 89
41 16 960
41 38 48
41 44 48
42 11 1142
42 39 48
42 45 48
43 19 921
43 40 48
43 46 48
44 3 310
44 20 245
44 41 48
44 47 48
45 3 921
45 42 48
45 48 48
46 14 232
46 43 48
46 49 48
47 6 232
47 25 1012
47 44 48
47 50 48
48 25 219
48 45 48
48 51 48
49 5 661
49 46 48
49 52 48
50 23 63
50 47 48
50 51 1231
50 53 48
51 48 48
51 50 1231
51 54 48
52 29 284
52 49 48
52 55 48
53 7 76
53 29 947
53 50 48
53 56 48
54 7 1155
54 51 48
54 57 48
55 28 128
55 52 48
55 58 48
56 10 817
56 18 765
56 53 48
56 59 48
57 10 414
57 54 48
57 60 48
58 22 1038
58 55 48
58 61 48
59 22 193
59 56 48
59 60 1231
59 62 48
60 57 48
60 59 1231
60 63 48
61 17 765
61 58 48
61 64 48
62 30 375
62 33 375
62 59 48
62 65 48
63 33 856
63 60 48
63 66 48
64 61 48
64 65 1231
64 67 48
65 9 869
65 62 48
65 64 1231
65 68 48
66 24 128
66 63 48
66 69 48
67 64 48
67 68 1231
67 70 48
68 12 115
68 65 48
68 67 1231
68 71 48
69 12 1116
69 66 48
69 72 48
70 21 648
70 67 48
70 73 48
71 21 583
71 31 1194
71 68 48
71 74 48
72 31 37
72 69 48
72 75 48
73 70 48
73 74 1231
73 76 48
74 26 245
74 71 48
74 73 1231
74 77 48
75 2 102
75 72 48
75 78 48
76 73 48
76 77 1231
76 79 48
77 74 48
77 76 1231
77 78 1231
77 80 48
78 75 48
78 77 1231
78 81 48
79 76 48
79 80 1231
79 82 48
80 77 48
80 79 1231
80 81 1231
80 83 48
81 78 48
81 80 1231
81 84 48
82 79 48
82 83 1231
82 85 48
83 80 48
83 82 1231
83 84 1231
83 86 48
84 81 48
84 83 1231
84 87 48
85 27 115
85 82 48
86 15 908
86 32 804
86 83 48
87 32 427
87 84 48
//LocStart LocEnd ShortestPath
0 0 0
0 1 1830
0 2 3104
0 3 1805
0 4 1129
0 5 1021
0 6 1311
0 7 1715
0 8 253
0 9 2700
0 10 2504
0 11 1536
0 12 1994
0 13 1060
0 14 544
0 15 1259
0 16 487
0 17 1317
0 18 922
0 19 1185
0 20 1250
0 21 1344
0 22 1542
0 23 1528
0 24 2934
0 25 2555
0 26 2220
0 27 1051
0 28 584
0 29 692
0 30 1408
0 31 3121
0 32 2971
0 33 2158
0 34 120
0 35 1351
0 36 2582
0 37 168
0 38 1399
0 39 2630
0 40 216
0 41 1447
0 42 2678
0 43 264
0 44 1495
0 45 2726
0 46 312
0 47 1543
0 48 2774
0 49 360
0 50 1591
0 51 2822
0 52 408
0 53 1639
0 54 2870
0 55 456
0 56 1687
0 57 2918
0 58 504
0 59 1735
0 60 2966
0 61 552
0 62 1783
0 63 3014
0 64 600
0 65 1831
0 66 3062
0 67 648
0 68 1879
0 69 3110
0 70 696
0 71 1927
0 72 3158
0 73 744
0 74 1975
0 75 3206
0 76 792
0 77 2023
0 78 3254
0 79 840
0 80 2071
0 81 3302
0 82 888
0 83 2119
0 84 3350
0 85 936
0 86 2167
0 87 3398
0 88 0
1 0 1830
1 1 0
1 2 1478
1 3 933
1 4 2333
1 5 1289
1 6 903
1 7 843
1 8 1769
1 9 1594
1 10 1502
1 11 664
1 12 1122
1 13 1250
1 14 1670
1 15 2203
1 16 1535
1 17 1377
1 18 1580
1 19 933
1 20 868
1 21 1638
1 22 1056
1 23 782
1 24 1360
1 25 1163
1 26 1348
1 27 2411
1 28 1918
1 29 1714
1 30 1286
1 31 1365
1 32 1995
1 33 1286
1 34 1710
1 35 479
1 36 752
1 37 1758
1 38 527
1 39 800
1 40 1806
1 41 575
1 42 848
1 43 1854
1 44 623
1 45 896
1 46 1902
1 47 671
1 48 944
1 49 1950
1 50 719
1 51 992
1 52 1998
1 53 767
1 54 1040
1 55 2046
1 56 815
1 57 1088
1 58 2094
1 59 863
1 60 1136
1 61 2142
1 62 911
1 63 1184
1 64 2190
1 65 959
1 66 1232
1 67 2238
1 68 1007
1 69 1280
1 70 2286
1 71 1055
1 72 1328
1 73 2334
1 74 1103
1 75 1376
1 76 2382
1 77 1151
1 78 1424
1 79 2430
1 80 1199
1 81 1472
1 82 2478
1 83 1247
1 84 1520
1 85 2526
1 86 1295
1 87 1568
1 88 1830
2 0 3104
2 1 1478
2 2 0
2 3 1503
2 4 2359
2 5 2083
2 6 1793
2 7 1541
2 8 2851
2 9 608
2 10 804
2 11 1746
2 12 1314
2 13 2044
2 14 2560
2 15 2229
2 16 2617
2 17 1787
2 18 2182
2 19 1919
2 20 1854
2 21 1760
2 22 1562
2 23 1576
2 24 374
2 25 753
2 26 884
2 27 2437
2 28 2520
2 29 2412
2 30 1696
2 31 187
2 32 721
2 33 1150
2 34 2984
2 35 1753
2 36 726
2 37 2936
2 38 1705
2 39 678
2 40 2888
2 41 1657
2 42 630
2 43 2840
2 44 1609
2 45 582
2 46 2792
2 47 1561
2 48 534
2 49 2744
2 50 1513
2 51 486
2 52 2696
2 53 1465
2 54 438
2 55 2648
2 56 1417
2 57 390
2 58 2600
2 59 1369
2 60 342
2 61 2552
2 62 1321
2 63 294
2 64 2504
2 65 1273
2 66 246
2 67 2456
2 68 1225
2 69 198
2 70 2408
2 71 1177
2 72 150
2 73 2360
2 74 1129
2 75 102
2 76 2408
2 77 1177
2 78 150
2 79 2456
2 80 1225
2 81 198
2 82 2504
2 83 1273
2 84 246
2 85 2552
2 86 1321
2 87 294
2 88 3104
3 0 1805
3 1 933
3 2 1503
3 3 0
3 4 2020
3 5 976
3 6 590
3 7 530
3 8 1552
3 9 1515
3 10 1319
3 11 447
3 12 809
3 13 937
3 14 1357
3 15 1890
3 16 1318
3 17 1064
3 18 1267
3 19 620
3 20 555
3 21 1325
3 22 743
3 23 469
3 24 1385
3 25 1188
3 26 1035
3 27 2098
3 28 1605
3 29 1401
3 30 973
3 31 1390
3 32 1786
3 33 973
3 34 1685
3 35 454
3 36 1065
3 37 1637
3 38 406
3 39 1017
3 40 1589
3 41 358
3 42 969
3 43 1541
3 44 310
3 45 921
3 46 1589
3 47 358
3 48 969
3 49 1637
3 50 406
3 51 1017
3 52 1685
3 53 454
3 54 1065
3 55 1733
3 56 502
3 57 1113
3 58 1781
3 59 550
3 60 1161
3 61 1829
3 62 598
3 63 1209
3 64 1877
3 65 646
3 66 1257
3 67 1925
3 68 694
3 69 1305
3 70 1973
3 71 742
3 72 1353
3 73 2021
3 74 790
3 75 1401
3 76 2069
3 77 838
3 78 1449
3 79 2117
3 80 886
3 81 1497
3 82 2165
3 83 934
3 84 1545
3 85 2213
3 86 982
3 87 1593
3 88 1805
4 0 1129
4 1 2333
4 2 2359
4 3 2020
4 4 0
4 5 1430
4 6 1816
4 7 1642
4 8 950
4 9 2243
4 10 2335
4 11 1847
4 12 1441
4 13 1469
4 14 1049
4 15 130
4 16 1184
4 17 1342
4 18 1139
4 19 1786
4 20 1851
4 21 1081
4 22 1663
4 23 1677
4 24 2477
4 25 2674
4 26 1475
4 27 78
4 28 801
4 29 1005
4 30 1433
4 31 2472
4 32 1842
4 33 1797
4 34 1009
4 35 1854
4 36 3085
4 37 961
4 38 1806
4 39 3037
4 40 913
4 41 1758
4 42 2989
4 43 865
4 44 1710
4 45 2941
4 46 817
4 47 1662
4 48 2893
4 49 769
4 50 1614
4 51 2845
4 52 721
4 53 1566
4 54 2797
4 55 673
4 56 1518
4 57 2749
4 58 625
4 59 1470
4 60 2701
4 61 577
4 62 1422
4 63 2653
4 64 529
4 65 1374
4 66 2605
4 67 481
4 68 1326
4 69 2557
4 70 433
4 71 1278
4 72 2509
4 73 385
4 74 1230
4 75 2461
4 76 337
4 77 1182
4 78 2413
4 79 289
4 80 1134
4 81 2365
4 82 241
4 83 1086
4 84 2317
4 85 193
4 86 1038
4 87 2269
4 88 1129
5 0 1021
5 1 1289
5 2 2083
5 3 976
5 4 1430
5 5 0
5 6 850
5 7 694
5 8 842
5 9 1679
5 10 1483
5 11 803
5 12 973
5 13 39
5 14 941
5 15 1560
5 16 1076
5 17 1228
5 18 1223
5 19 976
5 20 911
5 21 1489
5 22 907
5 23 507
5 24 1913
5 25 1630
5 26 1199
5 27 1352
5 28 885
5 29 993
5 30 1137
5 31 2100
5 32 1950
5 33 1137
5 34 901
5 35 810
5 36 2041
5 37 853
5 38 762
5 39 1993
5 40 805
5 41 714
5 42 1945
5 43 757
5 44 666
5 45 1897
5 46 709
5 47 618
5 48 1849
5 49 661
5 50 570
5 51 1801
5 52 709
5 53 618
5 54 1849
5 55 757
5 56 666
5 57 1897
5 58 805
5 59 714
5 60 1945
5 61 853
5 62 762
5 63 1993
5 64 901
5 65 810
5 66 2041
5 67 949
5 68 858
5 69 2089
5 70 997
5 71 906
5 72 2137
5 73 1045
5 74 954
5 75 2185
5 76 1093
5 77 1002
5 78 2233
5 79 1141
5 80 1050
5 81 2281
5 82 1189
5 83 1098
5 84 2329
5 85 1237
5 86 1146
5 87 2377
5 88 1021
6 0 1311
6 1 903
6 2 1793
6 3 590
6 4 1816
6 5 850
6 6 0
6 7 404
6 8 1132
6 9 1389
6 10 1193
6 11 417
6 12 683
6 13 811
6 14 767
6 15 1764
6 16 1288
6 17 938
6 18 1141
6 19 590
6 20 525
6 21 1199
6 22 617
6 23 343
6 24 1623
6 25 1244
6 26 909
6 27 1738
6 28 1271
6 29 1275
6 30 847
6 31 1810
6 32 1660
6 33 847
6 34 1191
6 35 424
6 36 1655
6 37 1143
6 38 376
6 39 1607
6 40 1095
6 41 328
6 42 1559
6 43 1047
6 44 280
6 45 1511
6 46 999
6 47 232
6 48 1463
6 49 1047
6 50 280
6 51 1511
6 52 1095
6 53 328
6 54 1559
6 55 1143
6 56 376
6 57 1607
6 58 1191
6 59 424
6 60 1655
6 61 1239
6 62 472
6 63 1703
6 64 1287
6 65 520
6 66 1751
6 67 1335
6 68 568
6 69 1799
6 70 1383
6 71 616
6 72 1847
6 73 1431
6 74 664
6 75 1895
6 76 1479
6 77 712
6 78 1943
6 79 1527
6 80 760
6 81 1991
6 82 1575
6 83 808
6 84 2039
6 85 1623
6 86 856
6 87 2087
6 88 1311
7 0 1715
7 1 843
7 2 1541
7 3 530
7 4 1642
7 5 694
7 6 404
7 7 0
7 8 1462
7 9 1137
7 10 941
7 11 357
7 12 431
7 13 655
7 14 1171
7 15 1512
7 16 1228
7 17 686
7 18 889
7 19 530
7 20 465
7 21 947
7 22 365
7 23 187
7 24 1371
7 25 1184
7 26 657
7 27 1720
7 28 1227
7 29 1023
7 30 595
7 31 1480
7 32 1408
7 33 595
7 34 1595
7 35 364
7 36 1443
7 37 1547
7 38 316
7 39 1395
7 40 1499
7 41 268
7 42 1347
7 43 1451
7 44 220
7 45 1299
7 46 1403
7 47 172
7 48 1251
7 49 1355
7 50 124
7 51 1203
7 52 1307
7 53 76
7 54 1155
7 55 1355
7 56 124
7 57 1203
7 58 1403
7 59 172
7 60 1251
7 61 1451
7 62 220
7 63 1299
7 64 1499
7 65 268
7 66 1347
7 67 1547
7 68 316
7 69 1395
7 70 1595
7 71 364
7 72 1443
7 73 1643
7 74 412
7 75 1491
7 76 1691
7 77 460
7 78 1539
7 79 1739
7 80 508
7 81 1587
7 82 1787
7 83 556
7 84 1635
7 85 1835
7 86 604
7 87 1683
7 88 1715
8 0 253
8 1 1769
8 2 2851
8 3 1552
8 4 950
8 5 842
8 6 1132
8 7 1462
8 8 0
8 9 2447
8 10 2251
8 11 1283
8 12 1741
8 13 881
8 14 365
8 15 1080
8 16 234
8 17 1138
8 18 743
8 19 1006
8 20 1071
8 21 1165
8 22 1363
8 23 1349
8 24 2681
8 25 2302
8 26 1967
8 27 872
8 28 405
8 29 513
8 30 1229
8 31 2868
8 32 2718
8 33 1905
8 34 133
8 35 1290
8 36 2521
8 37 85
8 38 1242
8 39 2473
8 40 37
8 41 1194
8 42 2425
8 43 85
8 44 1242
8 45 2473
8 46 133
8 47 1290
8 48 2521
8 49 181
8 50 1338
8 51 2569
8 52 229
8 53 1386
8 54 2617
8 55 277
8 56 1434
8 57 2665
8 58 325
8 59 1482
8 60 2713
8 61 373
8 62 1530
8 63 2761
8 64 421
8 65 1578
8 66 2809
8 67 469
8 68 1626
8 69 2857
8 70 517
8 71 1674
8 72 2905
8 73 565
8 74 1722
8 75 2953
8 76 613
8 77 1770
8 78 3001
8 79 661
8 80 1818
8 81 3049
8 82 709
8 83 1866
8 84 3097
8 85 757
8 86 1914
8 87 3145
8 88 253
9 0 2700
9 1 1594
9 2 608
9 3 1515
9 4 2243
9 5 1679
9 6 1389
9 7 1137
9 8 2447
9 9 0
9 10 920
9 11 1342
9 12 1032
9 13 1640
9 14 2156
9 15 2113
9 16 2213
9 17 1383
9 18 1778
9 19 1515
9 20 1450
9 21 1548
9 22 1158
9 23 1172
9 24 234
9 25 869
9 26 1258
9 27 2321
9 28 2116
9 29 2008
9 30 1292
9 31 495
9 32 1125
9 33 1266
9 34 2580
9 35 1349
9 36 842
9 37 2532
9 38 1301
9 39 794
9 40 2484
9 41 1253
9 42 746
9 43 2436
9 44 1205
9 45 698
9 46 2388
9 47 1157
9 48 650
9 49 2340
9 50 1109
9 51 602
9 52 2292
9 53 1061
9 54 554
9 55 2244
9 56 1013
9 57 506
9 58 2196
9 59 965
9 60 458
9 61 2148
9 62 917
9 63 410
9 64 2100
9 65 869
9 66 362
9 67 2148
9 68 917
9 69 410
9 70 2196
9 71 965
9 72 458
9 73 2244
9 74 1013
9 75 506
9 76 2292
9 77 1061
9 78 554
9 79 2340
9 80 1109
9 81 602
9 82 2388
9 83 1157
9 84 650
9 85 2436
9 86 1205
9 87 698
9 88 2700
10 0 2504
10 1 1502
10 2 804
10 3 1319
10 4 2335
10 5 1483
10 6 1193
10 7 941
10 8 2251
10 9 920
10 10 0
10 11 1146
10 12 1124
10 13 1444
10 14 1960
10 15 2205
10 16 2017
10 17 1379
10 18 1582
10 19 1319
10 20 1254
10 21 1640
10 22 1058
10 23 976
10 24 686
10 25 777
10 26 1350
10 27 2413
10 28 1920
10 29 1812
10 30 1288
10 31 691
10 32 1321
10 33 1288
10 34 2384
10 35 1153
10 36 750
10 37 2336
10 38 1105
10 39 702
10 40 2288
10 41 1057
10 42 654
10 43 2240
10 44 1009
10 45 606
10 46 2192
10 47 961
10 48 558
10 49 2144
10 50 913
10 51 510
10 52 2096
10 53 865
10 54 462
10 55 2048
10 56 817
10 57 414
10 58 2096
10 59 865
10 60 462
10 61 2144
10 62 913
10 63 510
10 64 2192
10 65 961
10 66 558
10 67 2240
10 68 1009
10 69 606
10 70 2288
10 71 1057
10 72 654
10 73 2336
10 74 1105
10 75 702
10 76 2384
10 77 1153
10 78 750
10 79 2432
10 80 1201
10 81 798
10 82 2480
10 83 1249
10 84 846
10 85 2528
10 86 1297
10 87 894
10 88 2504
11 0 1536
11 1 664
11 2 1746
11 3 447
11 4 1847
11 5 803
11 6 417
11 7 357
11 8 1283
11 9 1342
11 10 1146
11 11 0
11 12 636
11 13 764
11 14 1184
11 15 1717
11 16 1049
11 17 891
11 18 1094
11 19 447
11 20 382
11 21 1152
11 22 570
11 23 296
11 24 1576
11 25 1197
11 26 862
11 27 1925
11 28 1432
11 29 1228
11 30 800
11 31 1659
11 32 1613
11 33 800
11 34 1416
11 35 185
11 36 1238
11 37 1368
11 38 137
11 39 1190
11 40 1320
11 41 89
11 42 1142
11 43 1368
11 44 137
11 45 1190
11 46 1416
11 47 185
11 48 1238
11 49 1464
11 50 233
11 51 1286
11 52 1512
11 53 281
11 54 1334
11 55 1560
11 56 329
11 57 1382
11 58 1608
11 59 377
11 60 1430
11 61 1656
11 62 425
11 63 1478
11 64 1704
11 65 473
11 66 1526
11 67 1752
11 68 521
11 69 1574
11 70 1800
11 71 569
11 72 1622
11 73 1848
11 74 617
11 75 1670
11 76 1896
11 77 665
11 78 1718
11 79 1944
11 80 713
11 81 1766
11 82 1992
11 83 761
11 84 1814
11 85 2040
11 86 809
11 87 1862
11 88 1536
12 0 1994
12 1 1122
12 2 1314
12 3 809
12 4 1441
12 5 973
12 6 683
12 7 431
12 8 1741
12 9 1032
12 10 1124
12 11 636
12 12 0
12 13 934
12 14 1450
12 15 1311
12 16 1507
12 17 677
12 18 1072
12 19 809
12 20 744
12 21 746
12 22 452
12 23 466
12 24 1266
12 25 1463
12 26 456
12 27 1519
12 28 1410
12 29 1302
12 30 586
12 31 1201
12 32 1207
12 33 586
12 34 1874
12 35 643
12 36 1644
12 37 1826
12 38 595
12 39 1596
12 40 1778
12 41 547
12 42 1548
12 43 1730
12 44 499
12 45 1500
12 46 1682
12 47 451
12 48 1452
12 49 1634
12 50 403
12 51 1404
12 52 1586
12 53 355
12 54 1356
12 55 1538
12 56 307
12 57 1308
12 58 1490
12 59 259
12 60 1260
12 61 1442
12 62 211
12 63 1212
12 64 1394
12 65 163
12 66 1164
12 67 1346
12 68 115
12 69 1116
12 70 1394
12 71 163
12 72 1164
12 73 1442
12 74 211
12 75 1212
12 76 1490
12 77 259
12 78 1260
12 79 1538
12 80 307
12 81 1308
12 82 1586
12 83 355
12 84 1356
12 85 1634
12 86 403
12 87 1404
12 88 1994
13 0 1060
13 1 1250
13 2 2044
13 3 937
13 4 1469
13 5 39
13 6 811
13 7 655
13 8 881
13 9 1640
13 10 1444
13 11 764
13 12 934
13 13 0
13 14 980
13 15 1599
13 16 1115
13 17 1189
13 18 1262
13 19 937
13 20 872
13 21 1450
13 22 868
13 23 468
13 24 1874
13 25 1591
13 26 1160
13 27 1391
13 28 924
13 29 1032
13 30 1098
13 31 2061
13 32 1911
13 33 1098
13 34 940
13 35 771
13 36 2002
13 37 892
13 38 723
13 39 1954
13 40 844
13 41 675
13 42 1906
13 43 796
13 44 627
13 45 1858
13 46 748
13 47 579
13 48 1810
13 49 700
13 50 531
13 51 1762
13 52 748
13 53 579
13 54 1810
13 55 796
13 56 627
13 57 1858
13 58 844
13 59 675
13 60 1906
13 61 892
13 62 723
13 63 1954
13 64 940
13 65 771
13 66 2002
13 67 988
13 68 819
13 69 2050
13 70 1036
13 71 867
13 72 2098
13 73 1084
13 74 915
13 75 2146
13 76 1132
13 77 963
13 78 2194
13 79 1180
13 80 1011
13 81 2242
13 82 1228
13 83 1059
13 84 2290
13 85 1276
13 86 1107
13 87 2338
13 88 1060
14 0 544
14 1 1670
14 2 2560
14 3 1357
14 4 1049
14 5 941
14 6 767
14 7 1171
14 8 365
14 9 2156
14 10 1960
14 11 1184
14 12 1450
14 13 980
14 14 0
14 15 1179
14 16 599
14 17 1237
14 18 842
14 19 1201
14 20 1266
14 21 1264
14 22 1384
14 23 1110
14 24 2390
14 25 2011
14 26 1676
14 27 971
14 28 504
14 29 612
14 30 1328
14 31 2577
14 32 2427
14 33 1614
14 34 424
14 35 1191
14 36 2422
14 37 376
14 38 1143
14 39 2374
14 40 328
14 41 1095
14 42 2326
14 43 280
14 44 1047
14 45 2278
14 46 232
14 47 999
14 48 2230
14 49 280
14 50 1047
14 51 2278
14 52 328
14 53 1095
14 54 2326
14 55 376
14 56 1143
14 57 2374
14 58 424
14 59 1191
14 60 2422
14 61 472
14 62 1239
14 63 2470
14 64 520
14 65 1287
14 66 2518
14 67 568
14 68 1335
14 69 2566
14 70 616
14 71 1383
14 72 2614
14 73 664
14 74 1431
14 75 2662
14 76 712
14 77 1479
14 78 2710
14 79 760
14 80 1527
14 81 2758
14 82 808
14 83 1575
14 84 2806
14 85 856
14 86 1623
14 87 2854
14 88 544
15 0 1259
15 1 2203
15 2 2229
15 3 1890
15 4 130
15 5 1560
15 6 1764
15 7 1512
15 8 1080
15 9 2113
15 10 2205
15 11 1717
15 12 1311
15 13 1599
15 14 1179
15 15 0
15 16 1314
15 17 1472
15 18 1269
15 19 1890
15 20 1825
15 21 1211
15 22 1533
15 23 1547
15 24 2347
15 25 2544
15 26 1345
15 27 208
15 28 931
15 29 1135
15 30 1563
15 31 2342
15 32 1712
15 33 1667
15 34 1139
15 35 1724
15 36 2955
15 37 1091
15 38 1676
15 39 2907
15 40 1043
15 41 1628
15 42 2859
15 43 995
15 44 1580
15 45 2811
15 46 947
15 47 1532
15 48 2763
15 49 899
15 50 1484
15 51 2715
15 52 851
15 53 1436
15 54 2667
15 55 803
15 56 1388
15 57 2619
15 58 755
15 59 1340
15 60 2571
15 61 707
15 62 1292
15 63 2523
15 64 659
15 65 1244
15 66 2475
15 67 611
15 68 1196
15 69 2427
15 70 563
15 71 1148
15 72 2379
15 73 515
15 74 1100
15 75 2331
15 76 467
15 77 1052
15 78 2283
15 79 419
15 80 1004
15 81 2235
15 82 371
15 83 956
15 84 2187
15 85 323
15 86 908
15 87 2139
15 88 1259
16 0 487
16 1 1535
16 2 2617
16 3 1318
16 4 1184
16 5 1076
16 6 1288
16 7 1228
16 8 234
16 9 2213
16 10 2017
16 11 1049
16 12 1507
16 13 1115
16 14 599
16 15 1314
16 16 0
16 17 1372
16 18 977
16 19 1240
16 20 1253
16 21 1399
16 22 1441
16 23 1167
16 24 2447
16 25 2068
16 26 1733
16 27 1106
16 28 639
16 29 747
16 30 1463
16 31 2634
16 32 2484
16 33 1671
16 34 367
16 35 1056
16 36 2287
16 37 319
16 38 1008
16 39 2239
16 40 271
16 41 960
16 42 2191
16 43 319
16 44 1008
16 45 2239
16 46 367
16 47 1056
16 48 2287
16 49 415
16 50 1104
16 51 2335
16 52 463
16 53 1152
16 54 2383
16 55 511
16 56 1200
16 57 2431
16 58 559
16 59 1248
16 60 2479
16 61 607
16 62 1296
16 63 2527
16 64 655
16 65 1344
16 66 2575
16 67 703
16 68 1392
16 69 2623
16 70 751
16 71 1440
16 72 2671
16 73 799
16 74 1488
16 75 2719
16 76 847
16 77 1536
16 78 2767
16 79 895
16 80 1584
16 81 2815
16 82 943
16 83 1632
16 84 2863
16 85 991
16 86 1680
16 87 2911
16 88 487
17 0 1317
17 1 1377
17 2 1787
17 3 1064
17 4 1342
17 5 1228
17 6 938
17 7 686
17 8 1138
17 9 1383
17 10 1379
17 11 891
17 12 677
17 13 1189
17 14 1237
17 15 1472
17 16 1372
17 17 0
17 18 1327
17 19 1064
17 20 999
17 21 1193
17 22 707
17 23 721
17 24 1617
17 25 1718
17 26 903
17 27 1264
17 28 989
17 29 1193
17 30 91
17 31 1804
17 32 1654
17 33 841
17 34 1197
17 35 898
17 36 2129
17 37 1149
17 38 850
17 39 2081
17 40 1101
17 41 802
17 42 2033
17 43 1053
17 44 754
17 45 1985
17 46 1005
17 47 706
17 48 1937
17 49 957
17 50 658
17 51 1889
17 52 909
17 53 610
17 54 1841
17 55 861
17 56 562
17 57 1793
17 58 813
17 59 514
17 60 1745
17 61 765
17 62 466
17 63 1697
17 64 813
17 65 514
17 66 1745
17 67 861
17 68 562
17 69 1793
17 70 909
17 71 610
17 72 1841
17 73 957
17 74 658
17 75 1889
17 76 1005
17 77 706
17 78 1937
17 79 1053
17 80 754
17 81 1985
17 82 1101
17 83 802
17 84 2033
17 85 1149
17 86 850
17 87 2081
17 88 1317
18 0 922
18 1 1580
18 2 2182
18 3 1267
18 4 1139
18 5 1223
18 6 1141
18 7 889
18 8 743
18 9 1778
18 10 1582
18 11 1094
18 12 1072
18 13 1262
18 14 842
18 15 1269
18 16 977
18 17 1327
18 18 0
18 19 1267
18 20 1202
18 21 1354
18 22 1006
18 23 924
18 24 2012
18 25 1921
18 26 1298
18 27 1061
18 28 338
18 29 798
18 30 1236
18 31 2199
18 32 2049
18 33 1236
18 34 802
18 35 1101
18 36 2332
18 37 754
18 38 1053
18 39 2284
18 40 706
18 41 1005
18 42 2236
18 43 658
18 44 957
18 45 2188
18 46 610
18 47 909
18 48 2140
18 49 562
18 50 861
18 51 2092
18 52 514
18 53 813
18 54 2044
18 55 466
18 56 765
18 57 1996
18 58 514
18 59 813
18 60 2044
18 61 562
18 62 861
18 63 2092
18 64 610
18 65 909
18 66 2140
18 67 658
18 68 957
18 69 2188
18 70 706
18 71 1005
18 72 2236
18 73 754
18 74 1053
18 75 2284
18 76 802
18 77 1101
18 78 2332
18 79 850
18 80 1149
18 81 2380
18 82 898
18 83 1197
18 84 2428
18 85 946
18 86 1245
18 87 2476
18 88 922
19 0 1185
19 1 933
19 2 1919
19 3 620
19 4 1786
19 5 976
19 6 590
19 7 530
19 8 1006
19 9 1515
19 10 1319
19 11 447
19 12 809
19 13 937
19 14 1201
19 15 1890
19 16 1240
19 17 1064
19 18 1267
19 19 0
19 20 65
19 21 1325
19 22 743
19 23 469
19 24 1749
19 25 1370
19 26 1035
19 27 1708
19 28 1241
19 29 1349
19 30 973
19 31 1936
19 32 1786
19 33 973
19 34 1065
19 35 454
19 36 1685
19 37 1017
19 38 406
19 39 1637
19 40 969
19 41 358
19 42 1589
19 43 921
19 44 310
19 45 1541
19 46 969
19 47 358
19 48 1589
19 49 1017
19 50 406
19 51 1637
19 52 1065
19 53 454
19 54 1685
19 55 1113
19 56 502
19 57 1733
19 58 1161
19 59 550
19 60 1781
19 61 1209
19 62 598
19 63 1829
19 64 1257
19 65 646
19 66 1877
19 67 1305
19 68 694
19 69 1925
19 70 1353
19 71 742
19 72 1973
19 73 1401
19 74 790
19 75 2021
19 76 1449
19 77 838
19 78 2069
19 79 1497
19 80 886
19 81 2117
19 82 1545
19 83 934
19 84 2165
19 85 1593
19 86 982
19 87 2213
19 88 1185
20 0 1250
20 1 868
20 2 1854
20 3 555
20 4 1851
20 5 911
20 6 525
20 7 465
20 8 1071
20 9 1450
20 10 1254
20 11 382
20 12 744
20 13 872
20 14 1266
20 15 1825
20 16 1253
20 17 999
20 18 1202
20 19 65
20 20 0
20 21 1260
20 22 678
20 23 404
20 24 1684
20 25 1305
20 26 970
20 27 1773
20 28 1306
20 29 1336
20 30 908
20 31 1871
20 32 1721
20 33 908
20 34 1130
20 35 389
20 36 1620
20 37 1082
20 38 341
20 39 1572
20 40 1034
20 41 293
20 42 1524
20 43 986
20 44 245
20 45 1476
20 46 1034
20 47 293
20 48 1524
20 49 1082
20 50 341
20 51 1572
20 52 1130
20 53 389
20 54 1620
20 55 1178
20 56 437
20 57 1668
20 58 1226
20 59 485
20 60 1716
20 61 1274
20 62 533
20 63 1764
20 64 1322
20 65 581
20 66 1812
20 67 1370
20 68 629
20 69 1860
20 70 1418
20 71 677
20 72 1908
20 73 1466
20 74 725
20 75 1956
20 76 1514
20 77 773
20 78 2004
20 79 1562
20 80 821
20 81 2052
20 82 1610
20 83 869
20 84 2100
20 85 1658
20 86 917
20 87 2148
20 88 1250
21 0 1344
21 1 1638
21 2 1760
21 3 1325
21 4 1081
21 5 1489
21 6 1199
21 7 947
21 8 1165
21 9 1548
21 10 1640
21 11 1152
21 12 746
21 13 1450
21 14 1264
21 15 1211
21 16 1399
21 17 1193
21 18 1354
21 19 1325
21 20 1260
21 21 0
21 22 968
21 23 982
21 24 1782
21 25 1979
21 26 876
21 27 1003
21 28 1016
21 29 1220
21 30 1102
21 31 1777
21 32 1627
21 33 1102
21 34 1224
21 35 1159
21 36 2390
21 37 1176
21 38 1111
21 39 2342
21 40 1128
21 41 1063
21 42 2294
21 43 1080
21 44 1015
21 45 2246
21 46 1032
21 47 967
21 48 2198
21 49 984
21 50 919
21 51 2150
21 52 936
21 53 871
21 54 2102
21 55 888
21 56 823
21 57 2054
21 58 840
21 59 775
21 60 2006
21 61 792
21 62 727
21 63 1958
21 64 744
21 65 679
21 66 1910
21 67 696
21 68 631
21 69 1862
21 70 648
21 71 583
21 72 1814
21 73 696
21 74 631
21 75 1862
21 76 744
21 77 679
21 78 1910
21 79 792
21 80 727
21 81 1958
21 82 840
21 83 775
21 84 2006
21 85 888
21 86 823
21 87 2054
21 88 1344
22 0 1542
22 1 1056
22 2 1562
22 3 743
22 4 1663
22 5 907
22 6 617
22 7 365
22 8 1363
22 9 1158
22 10 1058
22 11 570
22 12 452
22 13 868
22 14 1384
22 15 1533
22 16 1441
22 17 707
22 18 1006
22 19 743
22 20 678
22 21 968
22 22 0
22 23 400
22 24 1392
22 25 1397
22 26 678
22 27 1585
22 28 1214
22 29 1236
22 30 616
22 31 1579
22 32 1429
22 33 616
22 34 1422
22 35 577
22 36 1808
22 37 1374
22 38 529
22 39 1760
22 40 1326
22 41 481
22 42 1712
22 43 1278
22 44 433
22 45 1664
22 46 1230
22 47 385
22 48 1616
22 49 1182
22 50 337
22 51 1568
22 52 1134
22 53 289
22 54 1520
22 55 1086
22 56 241
22 57 1472
22 58 1038
22 59 193
22 60 1424
22 61 1086
22 62 241
22 63 1472
22 64 1134
22 65 289
22 66 1520
22 67 1182
22 68 337
22 69 1568
22 70 1230
22 71 385
22 72 1616
22 73 1278
22 74 433
22 75 1664
22 76 1326
22 77 481
22 78 1712
22 79 1374
22 80 529
22 81 1760
22 82 1422
22 83 577
22 84 1808
22 85 1470
22 86 625
22 87 1856
22 88 1542
23 0 1528
23 1 782
23 2 1576
23 3 469
23 4 1677
23 5 507
23 6 343
23 7 187
23 8 1349
23 9 1172
23 10 976
23 11 296
23 12 466
23 13 468
23 14 1110
23 15 1547
23 16 1167
23 17 721
23 18 924
23 19 469
23 20 404
23 21 982
23 22 400
23 23 0
23 24 1406
23 25 1123
23 26 692
23 27 1755
23 28 1262
23 29 1058
23 30 630
23 31 1593
23 32 1443
23 33 630
23 34 1408
23 35 303
23 36 1534
23 37 1360
23 38 255
23 39 1486
23 40 1312
23 41 207
23 42 1438
23 43 1264
23 44 159
23 45 1390
23 46 1216
23 47 111
23 48 1342
23 49 1168
23 50 63
23 51 1294
23 52 1216
23 53 111
23 54 1342
23 55 1264
23 56 159
23 57 1390
23 58 1312
23 59 207
23 60 1438
23 61 1360
23 62 255
23 63 1486
23 64 1408
23 65 303
23 66 1534
23 67 1456
23 68 351
23 69 1582
23 70 1504
23 71 399
23 72 1630
23 73 1552
23 74 447
23 75 1678
23 76 1600
23 77 495
23 78 1726
23 79 1648
23 80 543
23 81 1774
23 82 1696
23 83 591
23 84 1822
23 85 1744
23 86 639
23 87 1870
23 88 1528
24 0 2934
24 1 1360
24 2 374
24 3 1385
24 4 2477
24 5 1913
24 6 1623
24 7 1371
24 8 2681
24 9 234
24 10 686
24 11 1576
24 12 1266
24 13 1874
24 14 2390
24 15 2347
24 16 2447
24 17 1617
24 18 2012
24 19 1749
24 20 1684
24 21 1782
24 22 1392
24 23 1406
24 24 0
24 25 635
24 26 1258
24 27 2555
24 28 2350
24 29 2242
24 30 1526
24 31 261
24 32 891
24 33 1032
24 34 2814
24 35 1583
24 36 608
24 37 2766
24 38 1535
24 39 560
24 40 2718
24 41 1487
24 42 512
24 43 2670
24 44 1439
24 45 464
24 46 2622
24 47 1391
24 48 416
24 49 2574
24 50 1343
24 51 368
24 52 2526
24 53 1295
24 54 320
24 55 2478
24 56 1247
24 57 272
24 58 2430
24 59 1199
24 60 224
24 61 2382
24 62 1151
24 63 176
24 64 2334
24 65 1103
24 66 128
24 67 2382
24 68 1151
24 69 176
24 70 2430
24 71 1199
24 72 224
24 73 2478
24 74 1247
24 75 272
24 76 2526
24 77 1295
24 78 320
24 79 2574
24 80 1343
24 81 368
24 82 2622
24 83 1391
24 84 416
24 85 2670
24 86 1439
24 87 464
24 88 2934
25 0 2555
25 1 1163
25 2 753
25 3 1188
25 4 2674
25 5 1630
25 6 1244
25 7 1184
25 8 2302
25 9 869
25 10 777
25 11 1197
25 12 1463
25 13 1591
25 14 2011
25 15 2544
25 16 2068
25 17 1718
25 18 1921
25 19 1370
25 20 1305
25 21 1979
25 22 1397
25 23 1123
25 24 635
25 25 0
25 26 1637
25 27 2752
25 28 2259
25 29 2055
25 30 1627
25 31 640
25 32 1270
25 33 1315
25 34 2435
25 35 1204
25 36 411
25 37 2387
25 38 1156
25 39 363
25 40 2339
25 41 1108
25 42 315
25 43 2291
25 44 1060
25 45 267
25 46 2243
25 47 1012
25 48 219
25 49 2291
25 50 1060
25 51 267
25 52 2339
25 53 1108
25 54 315
25 55 2387
25 56 1156
25 57 363
25 58 2435
25 59 1204
25 60 411
25 61 2483
25 62 1252
25 63 459
25 64 2531
25 65 1300
25 66 507
25 67 2579
25 68 1348
25 69 555
25 70 2627
25 71 1396
25 72 603
25 73 2675
25 74 1444
25 75 651
25 76 2723
25 77 1492
25 78 699
25 79 2771
25 80 1540
25 81 747
25 82 2819
25 83 1588
25 84 795
25 85 2867
25 86 1636
25 87 843
25 88 2555
26 0 2220
26 1 1348
26 2 884
26 3 1035
26 4 1475
26 5 1199
26 6 909
26 7 657
26 8 1967
26 9 1258
26 10 1350
26 11 862
26 12 456
26 13 1160
26 14 1676
26 15 1345
26 16 1733
26 17 903
26 18 1298
26 19 1035
26 20 970
26 21 876
26 22 678
26 23 692
26 24 1258
26 25 1637
26 26 0
26 27 1553
26 28 1636
26 29 1528
26 30 812
26 31 1071
26 32 1241
26 33 812
26 34 2100
26 35 869
26 36 1610
26 37 2052
26 38 821
26 39 1562
26 40 2004
26 41 773
26 42 1514
26 43 1956
26 44 725
26 45 1466
26 46 1908
26 47 677
26 48 1418
26 49 1860
26 50 629
26 51 1370
26 52 1812
26 53 581
26 54 1322
26 55 1764
26 56 533
26 57 1274
26 58 1716
26 59 485
26 60 1226
26 61 1668
26 62 437
26 63 1178
26 64 1620
26 65 389
26 66 1130
26 67 1572
26 68 341
26 69 1082
26 70 1524
26 71 293
26 72 1034
26 73 1476
26 74 245
26 75 986
26 76 1524
26 77 293
26 78 1034
26 79 1572
26 80 341
26 81 1082
26 82 1620
26 83 389
26 84 1130
26 85 1668
26 86 437
26 87 1178
26 88 2220
27 0 1051
27 1 2411
27 2 2437
27 3 2098
27 4 78
27 5 1352
27 6 1738
27 7 1720
27 8 872
27 9 2321
27 10 2413
27 11 1925
27 12 1519
27 13 1391
27 14 971
27 15 208
27 16 1106
27 17 1264
27 18 1061
27 19 1708
27 20 1773
27 21 1003
27 22 1585
27 23 1755
27 24 2555
27 25 2752
27 26 1553
27 27 0
27 28 723
27 29 927
27 30 1355
27 31 2550
27 32 1920
27 33 1875
27 34 931
27 35 1932
27 36 3163
27 37 883
27 38 1884
27 39 3115
27 40 835
27 41 1836
27 42 3067
27 43 787
27 44 1788
27 45 3019
27 46 739
27 47 1740
27 48 2971
27 49 691
27 50 1692
27 51 2923
27 52 643
27 53 1644
27 54 2875
27 55 595
27 56 1596
27 57 2827
27 58 547
27 59 1548
27 60 2779
27 61 499
27 62 1500
27 63 2731
27 64 451
27 65 1452
27 66 2683
27 67 403
27 68 1404
27 69 2635
27 70 355
27 71 1356
27 72 2587
27 73 307
27 74 1308
27 75 2539
27 76 259
27 77 1260
27 78 2491
27 79 211
27 80 1212
27 81 2443
27 82 163
27 83 1164
27 84 2395
27 85 115
27 86 1116
27 87 2347
27 88 1051
28 0 584
28 1 1918
28 2 2520
28 3 1605
28 4 801
28 5 885
28 6 1271
28 7 1227
28 8 405
28 9 2116
28 10 1920
28 11 1432
28 12 1410
28 13 924
28 14 504
28 15 931
28 16 639
28 17 989
28 18 338
28 19 1241
28 20 1306
28 21 1016
28 22 1214
28 23 1262
28 24 2350
28 25 2259
28 26 1636
28 27 723
28 28 0
28 29 460
28 30 1080
28 31 2537
28 32 2387
28 33 1574
28 34 464
28 35 1439
28 36 2670
28 37 416
28 38 1391
28 39 2622
28 40 368
28 41 1343
28 42 2574
28 43 320
28 44 1295
28 45 2526
28 46 272
28 47 1247
28 48 2478
28 49 224
28 50 1199
28 51 2430
28 52 176
28 53 1151
28 54 2382
28 55 128
28 56 1103
28 57 2334
28 58 176
28 59 1151
28 60 2382
28 61 224
28 62 1199
28 63 2430
28 64 272
28 65 1247
28 66 2478
28 67 320
28 68 1295
28 69 2526
28 70 368
28 71 1343
28 72 2574
28 73 416
28 74 1391
28 75 2622
28 76 464
28 77 1439
28 78 2670
28 79 512
28 80 1487
28 81 2718
28 82 560
28 83 1535
28 84 2766
28 85 608
28 86 1583
28 87 2814
28 88 584
29 0 692
29 1 1714
29 2 2412
29 3 1401
29 4 1005
29 5 993
29 6 1275
29 7 1023
29 8 513
29 9 2008
29 10 1812
29 11 1228
29 12 1302
29 13 1032
29 14 612
29 15 1135
29 16 747
29 17 1193
29 18 798
29 19 1349
29 20 1336
29 21 1220
29 22 1236
29 23 1058
29 24 2242
29 25 2055
29 26 1528
29 27 927
29 28 460
29 29 0
29 30 1284
29 31 2429
29 32 2279
29 33 1466
29 34 572
29 35 1235
29 36 2466
29 37 524
29 38 1187
29 39 2418
29 40 476
29 41 1139
29 42 2370
29 43 428
29 44 1091
29 45 2322
29 46 380
29 47 1043
29 48 2274
29 49 332
29 50 995
29 51 2226
29 52 284
29 53 947
29 54 2178
29 55 332
29 56 995
29 57 2226
29 58 380
29 59 1043
29 60 2274
29 61 428
29 62 1091
29 63 2322
29 64 476
29 65 1139
29 66 2370
29 67 524
29 68 1187
29 69 2418
29 70 572
29 71 1235
29 72 2466
29 73 620
29 74 1283
29 75 2514
29 76 668
29 77 1331
29 78 2562
29 79 716
29 80 1379
29 81 2610
29 82 764
29 83 1427
29 84 2658
29 85 812
29 86 1475
29 87 2706
29 88 692
30 0 1408
30 1 1286
30 2 1696
30 3 973
30 4 1433
30 5 1137
30 6 847
30 7 595
30 8 1229
30 9 1292
30 10 1288
30 11 800
30 12 586
30 13 1098
30 14 1328
30 15 1563
30 16 1463
30 17 91
30 18 1236
30 19 973
30 20 908
30 21 1102
30 22 616
30 23 630
30 24 1526
30 25 1627
30 26 812
30 27 1355
30 28 1080
30 29 1284
30 30 0
30 31 1713
30 32 1563
30 33 750
30 34 1288
30 35 807
30 36 2038
30 37 1240
30 38 759
30 39 1990
30 40 1192
30 41 711
30 42 1942
30 43 1144
30 44 663
30 45 1894
30 46 1096
30 47 615
30 48 1846
30 49 1048
30 50 567
30 51 1798
30 52 1000
30 53 519
30 54 1750
30 55 952
30 56 471
30 57 1702
30 58 904
30 59 423
30 60 1654
30 61 856
30 62 375
30 63 1606
30 64 904
30 65 423
30 66 1654
30 67 952
30 68 471
30 69 1702
30 70 1000
30 71 519
30 72 1750
30 73 1048
30 74 567
30 75 1798
30 76 1096
30 77 615
30 78 1846
30 79 1144
30 80 663
30 81 1894
30 82 1192
30 83 711
30 84 1942
30 85 1240
30 86 759
30 87 1990
30 88 1408
31 0 3121
31 1 1365
31 2 187
31 3 1390
31 4 2472
31 5 2100
31 6 1810
31 7 1480
31 8 2868
31 9 495
31 10 691
31 11 1659
31 12 1201
31 13 2061
31 14 2577
31 15 2342
31 16 2634
31 17 1804
31 18 2199
31 19 1936
31 20 1871
31 21 1777
31 22 1579
31 23 1593
31 24 261
31 25 640
31 26 1071
31 27 2550
31 28 2537
31 29 2429
31 30 1713
31 31 0
31 32 704
31 33 1037
31 34 3001
31 35 1770
31 36 613
31 37 2953
31 38 1722
31 39 565
31 40 2905
31 41 1674
31 42 517
31 43 2857
31 44 1626
31 45 469
31 46 2809
31 47 1578
31 48 421
31 49 2761
31 50 1530
31 51 373
31 52 2713
31 53 1482
31 54 325
31 55 2665
31 56 1434
31 57 277
31 58 2617
31 59 1386
31 60 229
31 61 2569
31 62 1338
31 63 181
31 64 2521
31 65 1290
31 66 133
31 67 2473
31 68 1242
31 69 85
31 70 2425
31 71 1194
31 72 37
31 73 2473
31 74 1242
31 75 85
31 76 2521
31 77 1290
31 78 133
31 79 2569
31 80 1338
31 81 181
31 82 2617
31 83 1386
31 84 229
31 85 2665
31 86 1434
31 87 277
31 88 3121
32 0 2971
32 1 1995
32 2 721
32 3 1786
32 4 1842
32 5 1950
32 6 1660
32 7 1408
32 8 2718
32 9 1125
32 10 1321
32 11 1613
32 12 1207
32 13 1911
32 14 2427
32 15 1712
32 16 2484
32 17 1654
32 18 2049
32 19 1786
32 20 1721
32 21 1627
32 22 1429
32 23 1443
32 24 891
32 25 1270
32 26 1241
32 27 1920
32 28 2387
32 29 2279
32 30 1563
32 31 704
32 32 0
32 33 1563
32 34 2851
32 35 1620
32 36 1243
32 37 2803
32 38 1572
32 39 1195
32 40 2755
32 41 1524
32 42 1147
32 43 2707
32 44 1476
32 45 1099
32 46 2659
32 47 1428
32 48 1051
32 49 2611
32 50 1380
32 51 1003
32 52 2563
32 53 1332
32 54 955
32 55 2515
32 56 1284
32 57 907
32 58 2467
32 59 1236
32 60 859
32 61 2419
32 62 1188
32 63 811
32 64 2371
32 65 1140
32 66 763
32 67 2323
32 68 1092
32 69 715
32 70 2275
32 71 1044
32 72 667
32 73 2227
32 74 996
32 75 619
32 76 2179
32 77 948
32 78 571
32 79 2131
32 80 900
32 81 523
32 82 2083
32 83 852
32 84 475
32 85 2035
32 86 804
32 87 427
32 88 2971
33 0 2158
33 1 1286
33 2 1150
33 3 973
33 4 1797
33 5 1137
33 6 847
33 7 595
33 8 1905
33 9 1266
33 10 1288
33 11 800
33 12 586
33 13 1098
33 14 1614
33 15 1667
33 16 1671
33 17 841
33 18 1236
33 19 973
33 20 908
33 21 1102
33 22 616
33 23 630
33 24 1032
33 25 1315
33 26 812
33 27 1875
33 28 1574
33 29 1466
33 30 750
33 31 1037
33 32 1563
33 33 0
33 34 2038
33 35 807
33 36 1288
33 37 1990
33 38 759
33 39 1240
33 40 1942
33 41 711
33 42 1192
33 43 1894
33 44 663
33 45 1144
33 46 1846
33 47 615
33 48 1096
33 49 1798
33 50 567
33 51 1048
33 52 1750
33 53 519
33 54 1000
33 55 1702
33 56 471
33 57 952
33 58 1654
33 59 423
33 60 904
33 61 1606
33 62 375
33 63 856
33 64 1654
33 65 423
33 66 904
33 67 1702
33 68 471
33 69 952
33 70 1750
33 71 519
33 72 1000
33 73 1798
33 74 567
33 75 1048
33 76 1846
33 77 615
33 78 1096
33 79 1894
33 80 663
33 81 1144
33 82 1942
33 83 711
33 84 1192
33 85 1990
33 86 759
33 87 1240
33 88 2158
34 0 120
34 1 1710
34 2 2984
34 3 1685
34 4 1009
34 5 901
34 6 1191
34 7 1595
34 8 133
34 9 2580
34 10 2384
34 11 1416
34 12 1874
34 13 940
34 14 424
34 15 1139
34 16 367
34 17 1197
34 18 802
34 19 1065
34 20 1130
34 21 1224
34 22 1422
34 23 1408
34 24 2814
34 25 2435
34 26 2100
34 27 931
34 28 464
34 29 572
34 30 1288
34 31 3001
34 32 2851
34 33 2038
34 34 0
34 35 1231
34 36 2462
34 37 48
34 38 1279
34 39 2510
34 40 96
34 41 1327
34 42 2558
34 43 144
34 44 1375
34 45 2606
34 46 192
34 47 1423
34 48 2654
34 49 240
34 50 1471
34 51 2702
34 52 288
34 53 1519
34 54 2750
34 55 336
34 56 1567
34 57 2798
34 58 384
34 59 1615
34 60 2846
34 61 432
34 62 1663
34 63 2894
34 64 480
34 65 1711
34 66 2942
34 67 528
34 68 1759
34 69 2990
34 70 576
34 71 1807
34 72 3038
34 73 624
34 74 1855
34 75 3086
34 76 672
34 77 1903
34 78 3134
34 79 720
34 80 1951
34 81 3182
34 82 768
34 83 1999
34 84 3230
34 85 816
34 86 2047
34 87 3278
34 88 120
35 0 1351
35 1 479
35 2 1753
35 3 454
35 4 1854
35 5 810
35 6 424
35 7 364
35 8 1290
35 9 1349
35 10 1153
35 11 185
35 12 643
35 13 771
35 14 1191
35 15 1724
35 16 1056
35 17 898
35 18 1101
35 19 454
35 20 389
35 21 1159
35 22 577
35 23 303
35 24 1583
35 25 1204
35 26 869
35 27 1932
35 28 1439
35 29 1235
35 30 807
35 31 1770
35 32 1620
35 33 807
35 34 1231
35 35 0
35 36 1231
35 37 1279
35 38 48
35 39 1279
35 40 1327
35 41 96
35 42 1327
35 43 1375
35 44 144
35 45 1375
35 46 1423
35 47 192
35 48 1423
35 49 1471
35 50 240
35 51 1471
35 52 1519
35 53 288
35 54 1519
35 55 1567
35 56 336
35 57 1567
35 58 1615
35 59 384
35 60 1615
35 61 1663
35 62 432
35 63 1663
35 64 1711
35 65 480
35 66 1711
35 67 1759
35 68 528
35 69 1759
35 70 1807
35 71 576
35 72 1807
35 73 1855
35 74 624
35 75 1855
35 76 1903
35 77 672
35 78 1903
35 79 1951
35 80 720
35 81 1951
35 82 1999
35 83 768
35 84 1999
35 85 2047
35 86 816
35 87 2047
35 88 1351
36 0 2582
36 1 752
36 2 726
36 3 1065
36 4 3085
36 5 2041
36 6 1655
36 7 1443
36 8 2521
36 9 842
36 10 750
36 11 1238
36 12 1644
36 13 2002
36 14 2422
36 15 2955
36 16 2287
36 17 2129
36 18 2332
36 19 1685
36 20 1620
36 21 2390
36 22 1808
36 23 1534
36 24 608
36 25 411
36 26 1610
36 27 3163
36 28 2670
36 29 2466
36 30 2038
36 31 613
36 32 1243
36 33 1288
36 34 2462
36 35 1231
36 36 0
36 37 2510
36 38 1279
36 39 48
36 40 2558
36 41 1327
36 42 96
36 43 2606
36 44 1375
36 45 144
36 46 2654
36 47 1423
36 48 192
36 49 2702
36 50 1471
36 51 240
36 52 2750
36 53 1519
36 54 288
36 55 2798
36 56 1567
36 57 336
36 58 2846
36 59 1615
36 60 384
36 61 2894
36 62 1663
36 63 432
36 64 2942
36 65 1711
36 66 480
36 67 2990
36 68 1759
36 69 528
36 70 3038
36 71 1807
36 72 576
36 73 3086
36 74 1855
36 75 624
36 76 3134
36 77 1903
36 78 672
36 79 3182
36 80 1951
36 81 720
36 82 3230
36 83 1999
36 84 768
36 85 3278
36 86 2047
36 87 816
36 88 2582
37 0 168
37 1 1758
37 2 2936
37 3 1637
37 4 961
37 5 853
37 6 1143
37 7 1547
37 8 85
37 9 2532
37 10 2336
37 11 1368
37 12 1826
37 13 892
37 14 376
37 15 1091
37 16 319
37 17 1149
37 18 754
37 19 1017
37 20 1082
37 21 1176
37 22 1374
37 23 1360
37 24 2766
37 25 2387
37 26 2052
37 27 883
37 28 416
37 29 524
37 30 1240
37 31 2953
37 32 2803
37 33 1990
37 34 48
37 35 1279
37 36 2510
37 37 0
37 38 1231
37 39 2462
37 40 48
37 41 1279
37 42 2510
37 43 96
37 44 1327
37 45 2558
37 46 144
37 47 1375
37 48 2606
37 49 192
37 50 1423
37 51 2654
37 52 240
37 53 1471
37 54 2702
37 55 288
37 56 1519
37 57 2750
37 58 336
37 59 1567
37 60 2798
37 61 384
37 62 1615
37 63 2846
37 64 432
37 65 1663
37 66 2894
37 67 480
37 68 1711
37 69 2942
37 70 528
37 71 1759
37 72 2990
37 73 576
37 74 1807
37 75 3038
37 76 624
37 77 1855
37 78 3086
37 79 672
37 80 1903
37 81 3134
37 82 720
37 83 1951
37 84 3182
37 85 768
37 86 1999
37 87 3230
37 88 168
38 0 1399
38 1 527
38 2 1705
38 3 406
38 4 1806
38 5 762
38 6 376
38 7 316
38 8 1242
38 9 1301
38 10 1105
38 11 137
38 12 595
38 13 723
38 14 1143
38 15 1676
38 16 1008
38 17 850
38 18 1053
38 19 406
38 20 341
38 21 1111
38 22 529
38 23 255
38 24 1535
38 25 1156
38 26 821
38 27 1884
38 28 1391
38 29 1187
38 30 759
38 31 1722
38 32 1572
38 33 759
38 34 1279
38 35 48
38 36 1279
38 37 1231
38 38 0
38 39 1231
38 40 1279
38 41 48
38 42 1279
38 43 1327
38 44 96
38 45 1327
38 46 1375
38 47 144
38 48 1375
38 49 1423
38 50 192
38 51 1423
38 52 1471
38 53 240
38 54 1471
38 55 1519
38 56 288
38 57 1519
38 58 1567
38 59 336
38 60 1567
38 61 1615
38 62 384
38 63 1615
38 64 1663
38 65 432
38 66 1663
38 67 1711
38 68 480
38 69 1711
38 70 1759
38 71 528
38 72 1759
38 73 1807
38 74 576
38 75 1807
38 76 1855
38 77 624
38 78 1855
38 79 1903
38 80 672
38 81 1903
38 82 1951
38 83 720
38 84 1951
38 85 1999
38 86 768
38 87 1999
38 88 1399
39 0 2630
39 1 800
39 2 678
39 3 1017
39 4 3037
39 5 1993
39 6 1607
39 7 1395
39 8 2473
39 9 794
39 10 702
39 11 1190
39 12 1596
39 13 1954
39 14 2374
39 15 2907
39 16 2239
39 17 2081
39 18 2284
39 19 1637
39 20 1572
39 21 2342
39 22 1760
39 23 1486
39 24 560
39 25 363
39 26 1562
39 27 3115
39 28 2622
39 29 2418
39 30 1990
39 31 565
39 32 1195
39 33 1240
39 34 2510
39 35 1279
39 36 48
39 37 2462
39 38 1231
39 39 0
39 40 2510
39 41 1279
39 42 48
39 43 2558
39 44 1327
39 45 96
39 46 2606
39 47 1375
39 48 144
39 49 2654
39 50 1423
39 51 192
39 52 2702
39 53 1471
39 54 240
39 55 2750
39 56 1519
39 57 288
39 58 2798
39 59 1567
39 60 336
39 61 2846
39 62 1615
39 63 384
39 64 2894
39 65 1663
39 66 432
39 67 2942
39 68 1711
39 69 480
39 70 2990
39 71 1759
39 72 528
39 73 3038
39 74 1807
39 75 576
39 76 3086
39 77 1855
39 78 624
39 79 3134
39 80 1903
39 81 672
39 82 3182
39 83 1951
39 84 720
39 85 3230
39 86 1999
39 87 768
39 88 2630
40 0 216
40 1 1806
40 2 2888
40 3 1589
40 4 913
40 5 805
40 6 1095
40 7 1499
40 8 37
40 9 2484
40 10 2288
40 11 1320
40 12 1778
40 13 844
40 14 328
40 15 1043
