//alpha
1
//NbLocations
59
//NbProducts
22
//NbPickers
2
//CapaPicker
12
//TimeToTravelOneDistanceUnit
3
//SetupTime
5400
//PickTime
300
//Products
//Idx Location Size
1 1 1
2 2 1
3 3 1
4 4 1
5 5 1
6 6 1
7 7 1
8 8 1
9 9 1
10 10 1
11 11 1
12 12 1
13 13 1
14 14 1
15 15 1
16 16 1
17 17 1
18 18 1
19 19 1
20 20 1
21 21 1
22 22 1
//Orders
//NbOrders
12
//Idx DueDate TardinessPenalty NbProdInOrder ProdIdx1 Qty1 ProdIdx2 Qty2 ...
1 126000 0 4 1 1 2 1 3 1 4 1
2 108000 0 2 5 1 6 1
3 126000 0 1 7 1
4 126000 0 1 8 1
5 108000 0 2 9 1 10 1
6 108000 0 1 11 1
7 108000 0 1 12 1
8 144000 0 4 13 1 14 1 15 1 16 1
9 126000 0 2 17 1 18 1
10 90000 0 2 19 1 20 1
11 144000 0 1 21 1
12 108000 0 1 22 1
//Graph (Products are vertices indexed from 1 to NbProducts)
//NbVerticesIntersections
36
//DepartingDepot
0
//ArrivalDepot
59
//Arcs
//Start End Distance
0 23 120
1 32 37
1 33 804
2 3 221
2 25 479
3 2 221
3 8 104
4 36 128
4 37 713
5 12 65
5 24 622
6 45 141
6 46 700
7 16 143
7 48 76
8 3 104
8 24 37
9 50 180
9 51 661
10 51 271
10 52 570
11 26 115
11 27 726
12 5 65
12 23 154
13 42 258
13 43 583
14 33 245
14 34 596
15 54 89
15 55 752
16 7 143
16 49 622
17 35 63
17 36 778
18 38 37
18 39 804
19 56 544
19 57 297
20 22 91
20 41 50
21 47 89
21 48 752
22 20 91
22 42 700
23 12 154
23 26 48
23 59 120
24 5 622
24 8 37
24 27 48
25 2 479
25 28 48
26 11 115
26 23 48
26 29 48
27 11 726
27 24 48
27 28 841
27 30 48
28 25 48
28 27 841
28 31 48
29 26 48
29 30 841
29 32 48
30 27 48
30 29 841
30 31 841
30 33 48
31 28 48
31 30 841
31 34 48
32 1 37
32 29 48
32 35 48
33 1 804
33 14 245
33 30 48
33 36 48
34 14 596
34 31 48
34 37 48
35 17 63
35 32 48
35 38 48
36 4 128
36 17 778
36 33 48
36 39 48
37 4 713
37 34 48
37 40 48
38 18 37
38 35 48
38 41 48
39 18 804
39 36 48
39 40 841
39 42 48
40 37 48
40 39 841
40 43 48
41 20 50
41 38 48
41 44 48
42 13 258
42 22 700
42 39 48
42 45 48
43 13 583
43 40 48
43 46 48
44 41 48
44 45 841
44 47 48
45 6 141
45 42 48
45 44 841
45 48 48
46 6 700
46 43 48
46 49 48
47 21 89
47 44 48
47 50 48
48 7 76
48 21 752
48 45 48
48 51 48
49 16 622
49 46 48
49 52 48
50 9 180
50 47 48
50 53 48
51 9 661
51 10 271
51 48 48
51 54 48
52 10 570
52 49 48
52 55 48
53 50 48
53 54 841
53 56 48
54 15 89
54 51 48
54 53 841
54 57 48
55 15 752
55 52 48
55 58 48
56 19 544
56 53 48
57 19 297
57 54 48
57 58 841
58 55 48
58 57 841
//LocStart LocEnd ShortestPath
0 0 0
0 1 301
0 2 1323
0 3 1102
0 4 1281
0 5 339
0 6 1438
0 7 1421
0 8 998
0 9 732
0 10 1664
0 11 283
0 12 274
0 13 1507
0 14 1350
0 15 1530
0 16 1564
0 17 375
0 18 397
0 19 1192
0 20 458
0 21 593
0 22 549
0 23 120
0 24 961
0 25 1802
0 26 168
0 27 1009
0 28 1850
0 29 216
0 30 1057
0 31 1898
0 32 264
0 33 1105
0 34 1946
0 35 312
0 36 1153
0 37 1994
0 38 360
0 39 1201
0 40 2042
0 41 408
0 42 1249
0 43 2090
0 44 456
0 45 1297
0 46 2138
0 47 504
0 48 1345
0 49 2186
0 50 552
0 51 1393
0 52 2234
0 53 600
0 54 1441
0 55 2282
0 56 648
0 57 1489
0 58 2330
0 59 0
1 0 301
1 1 0
1 2 1310
1 3 1089
1 4 980
1 5 400
1 6 1137
1 7 1120
1 8 985
1 9 505
1 10 1363
1 11 248
1 12 335
1 13 1206
1 14 1049
1 15 1229
1 16 1263
1 17 148
1 18 170
1 19 965
1 20 231
1 21 366
1 22 322
1 23 181
1 24 948
1 25 1789
1 26 133
1 27 900
1 28 1741
1 29 85
1 30 852
1 31 1693
1 32 37
1 33 804
1 34 1645
1 35 85
1 36 852
1 37 1693
1 38 133
1 39 900
1 40 1741
1 41 181
1 42 948
1 43 1789
1 44 229
1 45 996
1 46 1837
1 47 277
1 48 1044
1 49 1885
1 50 325
1 51 1092
1 52 1933
1 53 373
1 54 1140
1 55 1981
1 56 421
1 57 1188
1 58 2029
1 59 301
2 0 1323
2 1 1310
2 2 0
2 3 221
2 4 682
2 5 984
2 6 839
2 7 822
2 8 325
2 9 1455
2 10 1065
2 11 1136
2 12 1049
2 13 908
2 14 751
2 15 931
2 16 965
2 17 1332
2 18 1406
2 19 1187
2 20 1441
2 21 1498
2 22 1350
2 23 1203
2 24 362
2 25 479
2 26 1251
2 27 410
2 28 527
2 29 1299
2 30 458
2 31 575
2 32 1347
2 33 506
2 34 623
2 35 1395
2 36 554
2 37 671
2 38 1443
2 39 602
2 40 719
2 41 1491
2 42 650
2 43 767
2 44 1539
2 45 698
2 46 815
2 47 1587
2 48 746
2 49 863
2 50 1635
2 51 794
2 52 911
2 53 1683
2 54 842
2 55 959
2 56 1731
2 57 890
2 58 1007
2 59 1323
3 0 1102
3 1 1089
3 2 221
3 3 0
3 4 461
3 5 763
3 6 618
3 7 601
3 8 104
3 9 1234
3 10 844
3 11 915
3 12 828
3 13 687
3 14 530
3 15 710
3 16 744
3 17 1111
3 18 1185
3 19 966
3 20 1220
3 21 1277
3 22 1129
3 23 982
3 24 141
3 25 700
3 26 1030
3 27 189
3 28 748
3 29 1078
3 30 237
3 31 796
3 32 1126
3 33 285
3 34 844
3 35 1174
3 36 333
3 37 892
3 38 1222
3 39 381
3 40 940
3 41 1270
3 42 429
3 43 988
3 44 1318
3 45 477
3 46 1036
3 47 1366
3 48 525
3 49 1084
3 50 1414
3 51 573
3 52 1132
3 53 1462
3 54 621
3 55 1180
3 56 1510
3 57 669
3 58 1228
3 59 1102
4 0 1281
4 1 980
4 2 682
4 3 461
4 4 0
4 5 942
4 6 413
4 7 396
4 8 357
4 9 1029
4 10 639
4 11 998
4 12 1007
4 13 482
4 14 421
4 15 505
4 16 539
4 17 906
4 18 980
4 19 761
4 20 1015
4 21 1072
4 22 924
4 23 1161
4 24 320
4 25 905
4 26 1113
4 27 272
4 28 857
4 29 1065
4 30 224
4 31 809
4 32 1017
4 33 176
4 34 761
4 35 969
4 36 128
4 37 713
4 38 1017
4 39 176
4 40 761
4 41 1065
4 42 224
4 43 809
4 44 1113
4 45 272
4 46 857
4 47 1161
4 48 320
4 49 905
4 50 1209
4 51 368
4 52 953
4 53 1257
4 54 416
4 55 1001
4 56 1305
4 57 464
4 58 1049
4 59 1281
5 0 339
5 1 400
5 2 984
5 3 763
5 4 942
5 5 0
5 6 1099
5 7 1082
5 8 659
5 9 831
5 10 1325
5 11 382
5 12 65
5 13 1168
5 14 1011
5 15 1191
5 16 1225
5 17 474
5 18 496
5 19 1291
5 20 557
5 21 692
5 22 648
5 23 219
5 24 622
5 25 1463
5 26 267
5 27 670
5 28 1511
5 29 315
5 30 718
5 31 1559
5 32 363
5 33 766
5 34 1607
5 35 411
5 36 814
5 37 1655
5 38 459
5 39 862
5 40 1703
5 41 507
5 42 910
5 43 1751
5 44 555
5 45 958
5 46 1799
5 47 603
5 48 1006
5 49 1847
5 50 651
5 51 1054
5 52 1895
5 53 699
5 54 1102
5 55 1943
5 56 747
5 57 1150
5 58 1991
5 59 339
6 0 1438
6 1 1137
6 2 839
6 3 618
6 4 413
6 5 1099
6 6 0
6 7 265
6 8 514
6 9 898
6 10 508
6 11 1155
6 12 1164
6 13 447
6 14 578
6 15 374
6 16 408
6 17 1063
6 18 1041
6 19 630
6 20 980
6 21 941
6 22 889
6 23 1318
6 24 477
6 25 1036
6 26 1270
6 27 429
6 28 988
6 29 1222
6 30 381
6 31 940
6 32 1174
6 33 333
6 34 892
6 35 1126
6 36 285
6 37 844
6 38 1078
6 39 237
6 40 796
6 41 1030
6 42 189
6 43 748
6 44 982
6 45 141
6 46 700
6 47 1030
6 48 189
6 49 748
6 50 1078
6 51 237
6 52 796
6 53 1126
6 54 285
6 55 844
6 56 1174
6 57 333
6 58 892
6 59 1438
7 0 1421
7 1 1120
7 2 822
7 3 601
7 4 396
7 5 1082
7 6 265
7 7 0
7 8 497
7 9 785
7 10 395
7 11 1138
7 12 1147
7 13 430
7 14 561
7 15 261
7 16 143
7 17 1046
7 18 1024
7 19 517
7 20 963
7 21 828
7 22 872
7 23 1301
7 24 460
7 25 1149
7 26 1253
7 27 412
7 28 1101
7 29 1205
7 30 364
7 31 1053
7 32 1157
7 33 316
7 34 1005
7 35 1109
7 36 268
7 37 957
7 38 1061
7 39 220
7 40 909
7 41 1013
7 42 172
7 43 861
7 44 965
7 45 124
7 46 813
7 47 917
7 48 76
7 49 765
7 50 965
7 51 124
7 52 813
7 53 1013
7 54 172
7 55 861
7 56 1061
7 57 220
7 58 909
7 59 1421
8 0 998
8 1 985
8 2 325
8 3 104
8 4 357
8 5 659
8 6 514
8 7 497
8 8 0
8 9 1130
8 10 740
8 11 811
8 12 724
8 13 583
8 14 426
8 15 606
8 16 640
8 17 1007
8 18 1081
8 19 862
8 20 1116
8 21 1173
8 22 1025
8 23 878
8 24 37
8 25 804
8 26 926
8 27 85
8 28 852
8 29 974
8 30 133
8 31 900
8 32 1022
8 33 181
8 34 948
8 35 1070
8 36 229
8 37 996
8 38 1118
8 39 277
8 40 1044
8 41 1166
8 42 325
8 43 1092
8 44 1214
8 45 373
8 46 1140
8 47 1262
8 48 421
8 49 1188
8 50 1310
8 51 469
8 52 1236
8 53 1358
8 54 517
8 55 1284
8 56 1406
8 57 565
8 58 1332
8 59 998
9 0 732
9 1 505
9 2 1455
9 3 1234
9 4 1029
9 5 831
9 6 898
9 7 785
9 8 1130
9 9 0
9 10 932
9 11 679
9 12 766
9 13 1063
9 14 1194
9 15 798
9 16 928
9 17 483
9 18 409
9 19 820
9 20 374
9 21 317
9 22 465
9 23 612
9 24 1093
9 25 1934
9 26 564
9 27 1045
9 28 1886
9 29 516
9 30 997
9 31 1838
9 32 468
9 33 949
9 34 1790
9 35 420
9 36 901
9 37 1742
9 38 372
9 39 853
9 40 1694
9 41 324
9 42 805
9 43 1646
9 44 276
9 45 757
9 46 1598
9 47 228
9 48 709
9 49 1550
9 50 180
9 51 661
9 52 1502
9 53 228
9 54 709
9 55 1550
9 56 276
9 57 757
9 58 1598
9 59 732
10 0 1664
10 1 1363
10 2 1065
10 3 844
10 4 639
10 5 1325
10 6 508
10 7 395
10 8 740
10 9 932
10 10 0
10 11 1381
10 12 1390
10 13 673
10 14 804
10 15 408
10 16 538
10 17 1289
10 18 1267
10 19 664
10 20 1206
10 21 1071
10 22 1115
10 23 1544
10 24 703
10 25 1002
10 26 1496
10 27 655
10 28 954
10 29 1448
10 30 607
10 31 906
10 32 1400
10 33 559
10 34 858
10 35 1352
10 36 511
10 37 810
10 38 1304
10 39 463
10 40 762
10 41 1256
10 42 415
10 43 714
10 44 1208
10 45 367
10 46 666
10 47 1160
10 48 319
10 49 618
10 50 1112
10 51 271
10 52 570
10 53 1160
10 54 319
10 55 618
10 56 1208
10 57 367
10 58 666
10 59 1664
11 0 283
11 1 248
11 2 1136
11 3 915
11 4 998
11 5 382
11 6 1155
11 7 1138
11 8 811
11 9 679
11 10 1381
11 11 0
11 12 317
11 13 1224
11 14 1067
11 15 1247
11 16 1281
11 17 322
11 18 344
11 19 1139
11 20 405
11 21 540
11 22 496
11 23 163
11 24 774
11 25 1615
11 26 115
11 27 726
11 28 1567
11 29 163
11 30 774
11 31 1615
11 32 211
11 33 822
11 34 1663
11 35 259
11 36 870
11 37 1711
11 38 307
11 39 918
11 40 1759
11 41 355
11 42 966
11 43 1807
11 44 403
11 45 1014
11 46 1855
11 47 451
11 48 1062
11 49 1903
11 50 499
11 51 1110
11 52 1951
11 53 547
11 54 1158
11 55 1999
11 56 595
11 57 1206
11 58 2047
11 59 283
12 0 274
12 1 335
12 2 1049
12 3 828
12 4 1007
12 5 65
12 6 1164
12 7 1147
12 8 724
12 9 766
12 10 1390
12 11 317
12 12 0
12 13 1233
12 14 1076
12 15 1256
12 16 1290
12 17 409
12 18 431
12 19 1226
12 20 492
12 21 627
12 22 583
12 23 154
12 24 687
12 25 1528
12 26 202
12 27 735
12 28 1576
12 29 250
12 30 783
12 31 1624
12 32 298
12 33 831
12 34 1672
12 35 346
12 36 879
12 37 1720
12 38 394
12 39 927
12 40 1768
12 41 442
12 42 975
12 43 1816
12 44 490
12 45 1023
12 46 1864
12 47 538
12 48 1071
12 49 1912
12 50 586
12 51 1119
12 52 1960
12 53 634
12 54 1167
12 55 2008
12 56 682
12 57 1215
12 58 2056
12 59 274
13 0 1507
13 1 1206
13 2 908
13 3 687
13 4 482
13 5 1168
13 6 447
13 7 430
13 8 583
13 9 1063
13 10 673
13 11 1224
13 12 1233
13 13 0
13 14 647
13 15 539
13 16 573
13 17 1132
13 18 1110
13 19 795
13 20 1049
13 21 1106
13 22 958
13 23 1387
13 24 546
13 25 871
13 26 1339
13 27 498
13 28 823
13 29 1291
13 30 450
13 31 775
13 32 1243
13 33 402
13 34 727
13 35 1195
13 36 354
13 37 679
13 38 1147
13 39 306
13 40 631
13 41 1099
13 42 258
13 43 583
13 44 1147
13 45 306
13 46 631
13 47 1195
13 48 354
13 49 679
13 50 1243
13 51 402
13 52 727
13 53 1291
13 54 450
13 55 775
13 56 1339
13 57 498
13 58 823
13 59 1507
14 0 1350
14 1 1049
14 2 751
14 3 530
14 4 421
14 5 1011
14 6 578
14 7 561
14 8 426
14 9 1194
14 10 804
14 11 1067
14 12 1076
14 13 647
14 14 0
14 15 670
14 16 704
14 17 1071
14 18 1145
14 19 926
14 20 1180
14 21 1237
14 22 1089
14 23 1230
14 24 389
14 25 740
14 26 1182
14 27 341
14 28 692
14 29 1134
14 30 293
14 31 644
14 32 1086
14 33 245
14 34 596
14 35 1134
14 36 293
14 37 644
14 38 1182
14 39 341
14 40 692
14 41 1230
14 42 389
14 43 740
14 44 1278
14 45 437
14 46 788
14 47 1326
14 48 485
14 49 836
14 50 1374
14 51 533
14 52 884
14 53 1422
14 54 581
14 55 932
14 56 1470
14 57 629
14 58 980
14 59 1350
15 0 1530
15 1 1229
15 2 931
15 3 710
15 4 505
15 5 1191
15 6 374
15 7 261
15 8 606
15 9 798
15 10 408
15 11 1247
15 12 1256
15 13 539
15 14 670
15 15 0
15 16 404
15 17 1155
15 18 1133
15 19 434
15 20 1072
15 21 937
15 22 981
15 23 1410
15 24 569
15 25 1232
15 26 1362
15 27 521
15 28 1184
15 29 1314
15 30 473
15 31 1136
15 32 1266
15 33 425
15 34 1088
15 35 1218
15 36 377
15 37 1040
15 38 1170
15 39 329
15 40 992
15 41 1122
15 42 281
15 43 944
15 44 1074
15 45 233
15 46 896
15 47 1026
15 48 185
15 49 848
15 50 978
15 51 137
15 52 800
15 53 930
15 54 89
15 55 752
15 56 978
15 57 137
15 58 800
15 59 1530
16 0 1564
16 1 1263
16 2 965
16 3 744
16 4 539
16 5 1225
16 6 408
16 7 143
16 8 640
16 9 928
16 10 538
16 11 1281
16 12 1290
16 13 573
16 14 704
16 15 404
16 16 0
16 17 1189
16 18 1167
16 19 660
16 20 1106
16 21 971
16 22 1015
16 23 1444
16 24 603
16 25 1006
16 26 1396
16 27 555
16 28 958
16 29 1348
16 30 507
16 31 910
16 32 1300
16 33 459
16 34 862
16 35 1252
16 36 411
16 37 814
16 38 1204
16 39 363
16 40 766
16 41 1156
16 42 315
16 43 718
16 44 1108
16 45 267
16 46 670
16 47 1060
16 48 219
16 49 622
16 50 1108
16 51 267
16 52 670
16 53 1156
16 54 315
16 55 718
16 56 1204
16 57 363
16 58 766
16 59 1564
17 0 375
17 1 148
17 2 1332
17 3 1111
17 4 906
17 5 474
17 6 1063
17 7 1046
17 8 1007
17 9 483
17 10 1289
17 11 322
17 12 409
17 13 1132
17 14 1071
17 15 1155
17 16 1189
17 17 0
17 18 148
17 19 943
17 20 209
17 21 344
17 22 300
17 23 255
17 24 970
17 25 1811
17 26 207
17 27 922
17 28 1763
17 29 159
17 30 874
17 31 1715
17 32 111
17 33 826
17 34 1667
17 35 63
17 36 778
17 37 1619
17 38 111
17 39 826
17 40 1667
17 41 159
17 42 874
17 43 1715
17 44 207
17 45 922
17 46 1763
17 47 255
17 48 970
17 49 1811
17 50 303
17 51 1018
17 52 1859
17 53 351
17 54 1066
17 55 1907
17 56 399
17 57 1114
17 58 1955
17 59 375
18 0 397
18 1 170
18 2 1406
18 3 1185
18 4 980
18 5 496
18 6 1041
18 7 1024
18 8 1081
18 9 409
18 10 1267
18 11 344
18 12 431
18 13 1110
18 14 1145
18 15 1133
18 16 1167
18 17 148
18 18 0
18 19 869
18 20 135
18 21 270
18 22 226
18 23 277
18 24 1044
18 25 1885
18 26 229
18 27 996
18 28 1837
18 29 181
18 30 948
18 31 1789
18 32 133
18 33 900
18 34 1741
18 35 85
18 36 852
18 37 1693
18 38 37
18 39 804
18 40 1645
18 41 85
18 42 852
18 43 1693
18 44 133
18 45 900
18 46 1741
18 47 181
18 48 948
18 49 1789
18 50 229
18 51 996
18 52 1837
18 53 277
18 54 1044
18 55 1885
18 56 325
18 57 1092
18 58 1933
18 59 397
19 0 1192
19 1 965
19 2 1187
19 3 966
19 4 761
19 5 1291
19 6 630
19 7 517
19 8 862
19 9 820
19 10 664
19 11 1139
19 12 1226
19 13 795
19 14 926
19 15 434
19 16 660
19 17 943
19 18 869
19 19 0
19 20 834
19 21 777
19 22 925
19 23 1072
19 24 825
19 25 1666
19 26 1024
19 27 777
19 28 1618
19 29 976
19 30 729
19 31 1570
19 32 928
19 33 681
19 34 1522
19 35 880
19 36 633
19 37 1474
19 38 832
19 39 585
19 40 1426
19 41 784
19 42 537
19 43 1378
19 44 736
19 45 489
19 46 1330
19 47 688
19 48 441
19 49 1282
19 50 640
19 51 393
19 52 1234
19 53 592
19 54 345
19 55 1186
19 56 544
19 57 297
19 58 1138
19 59 1192
20 0 458
20 1 231
20 2 1441
20 3 1220
20 4 1015
20 5 557
20 6 980
20 7 963
20 8 1116
20 9 374
20 10 1206
20 11 405
20 12 492
20 13 1049
20 14 1180
20 15 1072
20 16 1106
20 17 209
20 18 135
20 19 834
20 20 0
20 21 235
20 22 91
20 23 338
20 24 1079
20 25 1920
20 26 290
20 27 1031
20 28 1872
20 29 242
20 30 983
20 31 1824
20 32 194
20 33 935
20 34 1776
20 35 146
20 36 887
20 37 1728
20 38 98
20 39 839
20 40 1680
20 41 50
20 42 791
20 43 1632
20 44 98
20 45 839
20 46 1680
20 47 146
20 48 887
20 49 1728
20 50 194
20 51 935
20 52 1776
20 53 242
20 54 983
20 55 1824
20 56 290
20 57 1031
20 58 1872
20 59 458
21 0 593
21 1 366
21 2 1498
21 3 1277
21 4 1072
21 5 692
21 6 941
21 7 828
21 8 1173
21 9 317
21 10 1071
21 11 540
21 12 627
21 13 1106
21 14 1237
21 15 937
21 16 971
21 17 344
21 18 270
21 19 777
21 20 235
21 21 0
21 22 326
21 23 473
21 24 1136
21 25 1977
21 26 425
21 27 1088
21 28 1929
21 29 377
21 30 1040
21 31 1881
21 32 329
21 33 992
21 34 1833
21 35 281
21 36 944
21 37 1785
21 38 233
21 39 896
21 40 1737
21 41 185
21 42 848
21 43 1689
21 44 137
21 45 800
21 46 1641
21 47 89
21 48 752
21 49 1593
21 50 137
21 51 800
21 52 1641
21 53 185
21 54 848
21 55 1689
21 56 233
21 57 896
21 58 1737
21 59 593
22 0 549
22 1 322
22 2 1350
22 3 1129
22 4 924
22 5 648
22 6 889
22 7 872
22 8 1025
22 9 465
22 10 1115
22 11 496
22 12 583
22 13 958
22 14 1089
22 15 981
22 16 1015
22 17 300
22 18 226
22 19 925
22 20 91
22 21 326
22 22 0
22 23 429
22 24 988
22 25 1829
22 26 381
22 27 940
22 28 1781
22 29 333
22 30 892
22 31 1733
22 32 285
22 33 844
22 34 1685
22 35 237
22 36 796
22 37 1637
22 38 189
22 39 748
22 40 1589
22 41 141
22 42 700
22 43 1541
22 44 189
22 45 748
22 46 1589
22 47 237
22 48 796
22 49 1637
22 50 285
22 51 844
22 52 1685
22 53 333
22 54 892
22 55 1733
22 56 381
22 57 940
22 58 1781
22 59 549
23 0 120
23 1 181
23 2 1203
23 3 982
23 4 1161
23 5 219
23 6 1318
23 7 1301
23 8 878
23 9 612
23 10 1544
23 11 163
23 12 154
23 13 1387
23 14 1230
23 15 1410
23 16 1444
23 17 255
23 18 277
23 19 1072
23 20 338
23 21 473
23 22 429
23 23 0
23 24 841
23 25 1682
23 26 48
23 27 889
23 28 1730
23 29 96
23 30 937
23 31 1778
23 32 144
23 33 985
23 34 1826
23 35 192
23 36 1033
23 37 1874
23 38 240
23 39 1081
23 40 1922
23 41 288
23 42 1129
23 43 1970
23 44 336
23 45 1177
23 46 2018
23 47 384
23 48 1225
23 49 2066
23 50 432
23 51 1273
23 52 2114
23 53 480
23 54 1321
23 55 2162
23 56 528
23 57 1369
23 58 2210
23 59 120
24 0 961
24 1 948
24 2 362
24 3 141
24 4 320
24 5 622
24 6 477
24 7 460
24 8 37
24 9 1093
24 10 703
24 11 774
24 12 687
24 13 546
24 14 389
24 15 569
24 16 603
24 17 970
24 18 1044
24 19 825
24 20 1079
24 21 1136
24 22 988
24 23 841
24 24 0
24 25 841
24 26 889
24 27 48
24 28 889
24 29 937
24 30 96
24 31 937
24 32 985
24 33 144
24 34 985
24 35 1033
24 36 192
24 37 1033
24 38 1081
24 39 240
24 40 1081
24 41 1129
24 42 288
24 43 1129
24 44 1177
24 45 336
24 46 1177
24 47 1225
24 48 384
24 49 1225
24 50 1273
24 51 432
24 52 1273
24 53 1321
24 54 480
24 55 1321
24 56 1369
24 57 528
24 58 1369
24 59 961
25 0 1802
25 1 1789
25 2 479
25 3 700
25 4 905
25 5 1463
25 6 1036
25 7 1149
25 8 804
25 9 1934
25 10 1002
25 11 1615
25 12 1528
25 13 871
25 14 740
25 15 1232
25 16 1006
25 17 1811
25 18 1885
25 19 1666
25 20 1920
25 21 1977
25 22 1829
25 23 1682
25 24 841
25 25 0
25 26 1730
25 27 889
25 28 48
25 29 1778
25 30 937
25 31 96
25 32 1826
25 33 985
25 34 144
25 35 1874
25 36 1033
25 37 192
25 38 1922
25 39 1081
25 40 240
25 41 1970
25 42 1129
25 43 288
25 44 2018
25 45 1177
25 46 336
25 47 2066
25 48 1225
25 49 384
25 50 2114
25 51 1273
25 52 432
25 53 2162
25 54 1321
25 55 480
25 56 2210
25 57 1369
25 58 528
25 59 1802
26 0 168
26 1 133
26 2 1251
26 3 1030
26 4 1113
26 5 267
26 6 1270
26 7 1253
26 8 926
26 9 564
26 10 1496
26 11 115
26 12 202
26 13 1339
26 14 1182
26 15 1362
26 16 1396
26 17 207
26 18 229
26 19 1024
26 20 290
26 21 425
26 22 381
26 23 48
26 24 889
26 25 1730
26 26 0
26 27 841
26 28 1682
26 29 48
26 30 889
26 31 1730
26 32 96
26 33 937
26 34 1778
26 35 144
26 36 985
26 37 1826
26 38 192
26 39 1033
26 40 1874
26 41 240
26 42 1081
26 43 1922
26 44 288
26 45 1129
26 46 1970
26 47 336
26 48 1177
26 49 2018
26 50 384
26 51 1225
26 52 2066
26 53 432
26 54 1273
26 55 2114
26 56 480
26 57 1321
26 58 2162
26 59 168
27 0 1009
27 1 900
27 2 410
27 3 189
27 4 272
27 5 670
27 6 429
27 7 412
27 8 85
27 9 1045
27 10 655
27 11 726
27 12 735
27 13 498
27 14 341
27 15 521
27 16 555
27 17 922
27 18 996
27 19 777
27 20 1031
27 21 1088
27 22 940
27 23 889
27 24 48
27 25 889
27 26 841
27 27 0
27 28 841
27 29 889
27 30 48
27 31 889
27 32 937
27 33 96
27 34 937
27 35 985
27 36 144
27 37 985
27 38 1033
27 39 192
27 40 1033
27 41 1081
27 42 240
27 43 1081
27 44 1129
27 45 288
27 46 1129
27 47 1177
27 48 336
27 49 1177
27 50 1225
27 51 384
27 52 1225
27 53 1273
27 54 432
27 55 1273
27 56 1321
27 57 480
27 58 1321
27 59 1009
28 0 1850
28 1 1741
28 2 527
28 3 748
28 4 857
28 5 1511
28 6 988
28 7 1101
28 8 852
28 9 1886
28 10 954
28 11 1567
28 12 1576
28 13 823
28 14 692
28 15 1184
28 16 958
28 17 1763
28 18 1837
28 19 1618
28 20 1872
28 21 1929
28 22 1781
28 23 1730
28 24 889
28 25 48
28 26 1682
28 27 841
28 28 0
28 29 1730
28 30 889
28 31 48
28 32 1778
28 33 937
28 34 96
28 35 1826
28 36 985
28 37 144
28 38 1874
28 39 1033
28 40 192
28 41 1922
28 42 1081
28 43 240
28 44 1970
28 45 1129
28 46 288
28 47 2018
28 48 1177
28 49 336
28 50 2066
28 51 1225
28 52 384
28 53 2114
28 54 1273
28 55 432
28 56 2162
28 57 1321
28 58 480
28 59 1850
29 0 216
29 1 85
29 2 1299
29 3 1078
29 4 1065
29 5 315
29 6 1222
29 7 1205
29 8 974
29 9 516
29 10 1448
29 11 163
29 12 250
29 13 1291
29 14 1134
29 15 1314
29 16 1348
29 17 159
29 18 181
29 19 976
29 20 242
29 21 377
29 22 333
29 23 96
29 24 937
29 25 1778
29 26 48
29 27 889
29 28 1730
29 29 0
29 30 841
29 31 1682
29 32 48
29 33 889
29 34 1730
29 35 96
29 36 937
29 37 1778
29 38 144
29 39 985
29 40 1826
29 41 192
29 42 1033
29 43 1874
29 44 240
29 45 1081
29 46 1922
29 47 288
29 48 1129
29 49 1970
29 50 336
29 51 1177
29 52 2018
29 53 384
29 54 1225
29 55 2066
29 56 432
29 57 1273
29 58 2114
29 59 216
30 0 1057
30 1 852
30 2 458
30 3 237
30 4 224
30 5 718
30 6 381
30 7 364
30 8 133
30 9 997
30 10 607
30 11 774
30 12 783
30 13 450
30 14 293
30 15 473
30 16 507
30 17 874
30 18 948
30 19 729
30 20 983
30 21 1040
30 22 892
30 23 937
30 24 96
30 25 937
30 26 889
30 27 48
30 28 889
30 29 841
30 30 0
30 31 841
30 32 889
30 33 48
30 34 889
30 35 937
30 36 96
30 37 937
30 38 985
30 39 144
30 40 985
30 41 1033
30 42 192
30 43 1033
30 44 1081
30 45 240
30 46 1081
30 47 1129
30 48 288
30 49 1129
30 50 1177
30 51 336
30 52 1177
30 53 1225
30 54 384
30 55 1225
30 56 1273
30 57 432
30 58 1273
30 59 1057
31 0 1898
31 1 1693
31 2 575
31 3 796
31 4 809
31 5 1559
31 6 940
31 7 1053
31 8 900
31 9 1838
31 10 906
31 11 1615
31 12 1624
31 13 775
31 14 644
31 15 1136
31 16 910
31 17 1715
31 18 1789
31 19 1570
31 20 1824
31 21 1881
31 22 1733
31 23 1778
31 24 937
31 25 96
31 26 1730
31 27 889
31 28 48
31 29 1682
31 30 841
31 31 0
31 32 1730
31 33 889
31 34 48
31 35 1778
31 36 937
31 37 96
31 38 1826
31 39 985
31 40 144
31 41 1874
31 42 1033
31 43 192
31 44 1922
31 45 1081
31 46 240
31 47 1970
31 48 1129
31 49 288
31 50 2018
31 51 1177
31 52 336
31 53 2066
31 54 1225
31 55 384
31 56 2114
31 57 1273
31 58 432
31 59 1898
32 0 264
32 1 37
32 2 1347
32 3 1126
32 4 1017
32 5 363
32 6 1174
32 7 1157
32 8 1022
32 9 468
32 10 1400
32 11 211
32 12 298
32 13 1243
32 14 1086
32 15 1266
32 16 1300
32 17 111
32 18 133
32 19 928
32 20 194
32 21 329
32 22 285
32 23 144
32 24 985
32 25 1826
32 26 96
32 27 937
32 28 1778
32 29 48
32 30 889
32 31 1730
32 32 0
32 33 841
32 34 1682
32 35 48
32 36 889
32 37 1730
32 38 96
32 39 937
32 40 1778
32 41 144
32 42 985
32 43 1826
32 44 192
32 45 1033
32 46 1874
32 47 240
32 48 1081
32 49 1922
32 50 288
32 51 1129
32 52 1970
32 53 336
32 54 1177
32 55 2018
32 56 384
32 57 1225
32 58 2066
32 59 264
33 0 1105
33 1 804
33 2 506
33 3 285
33 4 176
33 5 766
33 6 333
33 7 316
33 8 181
33 9 949
33 10 559
33 11 822
33 12 831
33 13 402
33 14 245
33 15 425
33 16 459
33 17 826
33 18 900
33 19 681
33 20 935
33 21 992
33 22 844
33 23 985
33 24 144
33 25 985
33 26 937
33 27 96
33 28 937
33 29 889
33 30 48
33 31 889
33 32 841
33 33 0
33 34 841
33 35 889
33 36 48
33 37 889
33 38 937
33 39 96
33 40 937
33 41 985
33 42 144
33 43 985
33 44 1033
33 45 192
33 46 1033
33 47 1081
33 48 240
33 49 1081
33 50 1129
33 51 288
33 52 1129
33 53 1177
33 54 336
33 55 1177
33 56 1225
33 57 384
33 58 1225
33 59 1105
34 0 1946
34 1 1645
34 2 623
34 3 844
34 4 761
34 5 1607
34 6 892
34 7 1005
34 8 948
34 9 1790
34 10 858
34 11 1663
34 12 1672
34 13 727
34 14 596
34 15 1088
34 16 862
34 17 1667
34 18 1741
34 19 1522
34 20 1776
34 21 1833
34 22 1685
34 23 1826
34 24 985
34 25 144
34 26 1778
34 27 937
34 28 96
34 29 1730
34 30 889
34 31 48
34 32 1682
34 33 841
34 34 0
34 35 1730
34 36 889
34 37 48
34 38 1778
34 39 937
34 40 96
34 41 1826
34 42 985
34 43 144
34 44 1874
34 45 1033
34 46 192
34 47 1922
34 48 1081
34 49 240
34 50 1970
34 51 1129
34 52 288
34 53 2018
34 54 1177
34 55 336
34 56 2066
34 57 1225
34 58 384
34 59 1946
35 0 312
35 1 85
35 2 1395
35 3 1174
35 4 969
35 5 411
35 6 1126
35 7 1109
35 8 1070
35 9 420
35 10 1352
35 11 259
35 12 346
35 13 1195
35 14 1134
35 15 1218
35 16 1252
35 17 63
35 18 85
35 19 880
35 20 146
35 21 281
35 22 237
35 23 192
35 24 1033
35 25 1874
35 26 144
35 27 985
35 28 1826
35 29 96
35 30 937
35 31 1778
35 32 48
35 33 889
35 34 1730
35 35 0
35 36 841
35 37 1682
35 38 48
35 39 889
35 40 1730
35 41 96
35 42 937
35 43 1778
35 44 144
35 45 985
35 46 1826
35 47 192
35 48 1033
35 49 1874
35 50 240
35 51 1081
35 52 1922
35 53 288
35 54 1129
35 55 1970
35 56 336
35 57 1177
35 58 2018
35 59 312
36 0 1153
36 1 852
36 2 554
36 3 333
36 4 128
36 5 814
36 6 285
36 7 268
36 8 229
36 9 901
36 10 511
36 11 870
36 12 879
36 13 354
36 14 293
36 15 377
36 16 411
36 17 778
36 18 852
36 19 633
36 20 887
36 21 944
36 22 796
36 23 1033
36 24 192
36 25 1033
36 26 985
36 27 144
36 28 985
36 29 937
36 30 96
36 31 937
36 32 889
36 33 48
36 34 889
36 35 841
36 36 0
36 37 841
36 38 889
36 39 48
36 40 889
36 41 937
36 42 96
36 43 937
36 44 985
36 45 144
36 46 985
36 47 1033
36 48 192
36 49 1033
36 50 1081
36 51 240
36 52 1081
36 53 1129
36 54 288
36 55 1129
36 56 1177
36 57 336
36 58 1177
36 59 1153
37 0 1994
37 1 1693
37 2 671
37 3 892
37 4 713
37 5 1655
37 6 844
37 7 957
37 8 996
37 9 1742
37 10 810
37 11 1711
37 12 1720
37 13 679
37 14 644
37 15 1040
37 16 814
37 17 1619
37 18 1693
37 19 1474
37 20 1728
37 21 1785
37 22 1637
37 23 1874
37 24 1033
37 25 192
37 26 1826
37 27 985
37 28 144
37 29 1778
37 30 937
37 31 96
37 32 1730
37 33 889
37 34 48
37 35 1682
37 36 841
37 37 0
37 38 1730
37 39 889
37 40 48
37 41 1778
37 42 937
37 43 96
37 44 1826
37 45 985
37 46 144
37 47 1874
37 48 1033
37 49 192
37 50 1922
37 51 1081
37 52 240
37 53 1970
37 54 1129
37 55 288
37 56 2018
37 57 1177
37 58 336
37 59 1994
38 0 360
38 1 133
38 2 1443
38 3 1222
38 4 1017
38 5 459
38 6 1078
38 7 1061
38 8 1118
38 9 372
38 10 1304
38 11 307
38 12 394
38 13 1147
38 14 1182
38 15 1170
38 16 1204
38 17 111
38 18 37
38 19 832
38 20 98
38 21 233
38 22 189
38 23 240
38 24 1081
38 25 1922
38 26 192
38 27 1033
38 28 1874
38 29 144
38 30 985
38 31 1826
38 32 96
38 33 937
38 34 1778
38 35 48
38 36 889
38 37 1730
38 38 0
38 39 841
38 40 1682
38 41 48
38 42 889
38 43 1730
38 44 96
38 45 937
38 46 1778
38 47 144
38 48 985
38 49 1826
38 50 192
38 51 1033
38 52 1874
38 53 240
38 54 1081
38 55 1922
38 56 288
38 57 1129
38 58 1970
38 59 360
39 0 1201
39 1 900
39 2 602
39 3 381
39 4 176
39 5 862
39 6 237
39 7 220
39 8 277
39 9 853
39 10 463
39 11 918
39 12 927
39 13 306
39 14 341
39 15 329
39 16 363
39 17 826
39 18 804
39 19 585
39 20 839
39 21 896
39 22 748
39 23 1081
39 24 240
39 25 1081
39 26 1033
39 27 192
39 28 1033
39 29 985
39 30 144
39 31 985
39 32 937
39 33 96
39 34 937
39 35 889
39 36 48
39 37 889
39 38 841
39 39 0
39 40 841
39 41 889
39 42 48
39 43 889
39 44 937
39 45 96
39 46 937
39 47 985
39 48 144
39 49 985
39 50 1033
39 51 192
39 52 1033
39 53 1081
39 54 240
39 55 1081
39 56 1129
39 57 288
39 58 1129
39 59 1201
40 0 2042
40 1 1741
40 2 719
40 3 940
40 4 761
40 5 1703
40 6 796
40 7 909
40 8 1044
40 9 1694
40 10 762
40 11 1759
40 12 1768
40 13 631
40 14 692
40 15 992
40 16 766
40 17 1667
40 18 1645
40 19 1426
40 20 1680
40 21 1737
40 22 1589
40 23 1922
40 24 1081
40 25 240
40 26 1874
40 27 1033
40 28 192
40 29 1826
40 30 985
40 31 144
40 32 1778
40 33 937
40 34 96
40 35 1730
40 36 889
40 37 48
40 38 1682
40 39 841
40 40 0
40 41 1730
40 42 889
40 43 48
40 44 1778
40 45 937
40 46 96
40 47 1826
40 48 985
40 49 144
40 50 1874
40 51 1033
40 52 192
40 53 1922
40 54 1081
40 55 240
40 56 1970
40 57 1129
40 58 288
40 59 2042
41 0 408
41 1 181
41 2 1491
41 3 1270
41 4 1065
41 5 507
41 6 1030
41 7 1013
41 8 1166
41 9 324
41 10 1256
41 11 355
41 12 442
41 13 1099
41 14 1230
41 15 1122
41 16 1156
41 17 159
41 18 85
41 19 784
41 20 50
41 21 185
41 22 141
41 23 288
41 24 1129
41 25 1970
41 26 240
41 27 1081
41 28 1922
41 29 192
41 30 1033
41 31 1874
41 32 144
41 33 985
41 34 1826
41 35 96
41 36 937
41 37 1778
41 38 48
41 39 889
41 40 1730
41 41 0
41 42 841
41 43 1682
41 44 48
41 45 889
41 46 1730
41 47 96
41 48 937
41 49 1778
41 50 144
41 51 985
41 52 1826
41 53 192
41 54 1033
41 55 1874
41 56 240
41 57 1081
41 58 1922
41 59 408
42 0 1249
42 1 948
42 2 650
42 3 429
42 4 224
42 5 910
42 6 189
42 7 172
42 8 325
42 9 805
42 10 415
42 11 966
42 12 975
42 13 258
42 14 389
42 15 281
42 16 315
42 17 874
42 18 852
42 19 537
42 20 791
42 21 848
42 22 700
42 23 1129
42 24 288
42 25 1129
42 26 1081
42 27 240
42 28 1081
42 29 1033
42 30 192
42 31 1033
42 32 985
42 33 144
42 34 985
42 35 937
42 36 96
42 37 937
42 38 889
42 39 48
42 40 889
42 41 841
42 42 0
42 43 841
42 44 889
42 45 48
42 46 889
42 47 937
42 48 96
42 49 937
42 50 985
42 51 144
42 52 985
42 53 1033
42 54 192
42 55 1033
42 56 1081
42 57 240
42 58 1081
42 59 1249
43 0 2090
43 1 1789
43 2 767
43 3 988
43 4 809
43 5 1751
43 6 748
43 7 861
43 8 1092
43 9 1646
43 10 714
43 11 1807
43 12 1816
43 13 583
43 14 740
43 15 944
43 16 718
43 17 1715
43 18 1693
43 19 1378
43 20 1632
43 21 1689
43 22 1541
43 23 1970
43 24 1129
43 25 288
43 26 1922
43 27 1081
43 28 240
43 29 1874
43 30 1033
43 31 192
43 32 1826
43 33 985
43 34 144
43 35 1778
43 36 937
43 37 96
43 38 1730
43 39 889
43 40 48
43 41 1682
43 42 841
43 43 0
43 44 1730
43 45 889
43 46 48
43 47 1778
43 48 937
43 49 96
43 50 1826
43 51 985
43 52 144
43 53 1874
43 54 1033
43 55 192
43 56 1922
43 57 1081
43 58 240
43 59 2090
44 0 456
44 1 229
44 2 1539
44 3 1318
44 4 1113
44 5 555
44 6 982
44 7 965
44 8 1214
44 9 276
44 10 1208
44 11 403
44 12 490
44 13 1147
44 14 1278
44 15 1074
44 16 1108
44 17 207
44 18 133
44 19 736
44 20 98
44 21 137
44 22 189
44 23 336
44 24 1177
44 25 2018
44 26 288
44 27 1129
44 28 1970
44 29 240
44 30 1081
44 31 1922
44 32 192
44 33 1033
44 34 1874
44 35 144
44 36 985
44 37 1826
44 38 96
44 39 937
44 40 1778
44 41 48
44 42 889
44 43 1730
44 44 0
44 45 841
44 46 1682
44 47 48
44 48 889
44 49 1730
44 50 96
44 51 937
44 52 1778
44 53 144
44 54 985
44 55 1826
44 56 192
44 57 1033
44 58 1874
44 59 456
45 0 1297
45 1 996
45 2 698
45 3 477
45 4 272
45 5 958
45 6 141
45 7 124
45 8 373
45 9 757
45 10 367
45 11 1014
45 12 1023
45 13 306
45 14 437
45 15 233
45 16 267
45 17 922
45 18 900
45 19 489
45 20 839
45 21 800
45 22 748
45 23 1177
45 24 336
45 25 1177
45 26 1129
45 27 288
45 28 1129
45 29 1081
45 30 240
45 31 1081
45 32 1033
45 33 192
45 34 1033
45 35 985
45 36 144
45 37 985
45 38 937
45 39 96
45 40 937
45 41 889
45 42 48
45 43 889
45 44 841
45 45 0
45 46 841
45 47 889
45 48 48
45 49 889
45 50 937
45 51 96
45 52 937
45 53 985
45 54 144
45 55 985
45 56 1033
45 57 192
45 58 1033
45 59 1297
46 0 2138
46 1 1837
46 2 815
46 3 1036
46 4 857
46 5 1799
46 6 700
46 7 813
46 8 1140
46 9 1598
46 10 666
46 11 1855
46 12 1864
46 13 631
46 14 788
46 15 896
46 16 670
46 17 1763
46 18 1741
46 19 1330
46 20 1680
46 21 1641
46 22 1589
46 23 2018
46 24 1177
46 25 336
46 26 1970
46 27 1129
46 28 288
46 29 1922
46 30 1081
46 31 240
46 32 1874
46 33 1033
46 34 192
46 35 1826
46 36 985
46 37 144
46 38 1778
46 39 937
46 40 96
46 41 1730
46 42 889
46 43 48
46 44 1682
46 45 841
46 46 0
46 47 1730
46 48 889
46 49 48
46 50 1778
46 51 937
46 52 96
46 53 1826
46 54 985
46 55 144
46 56 1874
46 57 1033
46 58 192
46 59 2138
47 0 504
47 1 277
47 2 1587
47 3 1366
47 4 1161
47 5 603
47 6 1030
47 7 917
47 8 1262
47 9 228
47 10 1160
47 11 451
47 12 538
47 13 1195
47 14 1326
47 15 1026
47 16 1060
47 17 255
47 18 181
47 19 688
47 20 146
47 21 89
47 22 237
47 23 384
47 24 1225
47 25 2066
47 26 336
47 27 1177
47 28 2018
47 29 288
47 30 1129
47 31 1970
47 32 240
47 33 1081
47 34 1922
47 35 192
47 36 1033
47 37 1874
47 38 144
47 39 985
47 40 1826
47 41 96
47 42 937
47 43 1778
47 44 48
47 45 889
47 46 1730
47 47 0
47 48 841
47 49 1682
47 50 48
47 51 889
47 52 1730
47 53 96
47 54 937
47 55 1778
47 56 144
47 57 985
47 58 1826
47 59 504
48 0 1345
48 1 1044
48 2 746
48 3 525
48 4 320
48 5 1006
48 6 189
48 7 76
48 8 421
48 9 709
48 10 319
48 11 1062
48 12 1071
48 13 354
48 14 485
48 15 185
48 16 219
48 17 970
48 18 948
48 19 441
48 20 887
48 21 752
48 22 796
48 23 1225
48 24 384
48 25 1225
48 26 1177
48 27 336
48 28 1177
48 29 1129
48 30 288
48 31 1129
48 32 1081
48 33 240
48 34 1081
48 35 1033
48 36 192
48 37 1033
48 38 985
48 39 144
48 40 985
48 41 937
48 42 96
48 43 937
48 44 889
48 45 48
48 46 889
48 47 841
48 48 0
48 49 841
48 50 889
48 51 48
48 52 889
48 53 937
48 54 96
48 55 937
48 56 985
48 57 144
48 58 985
48 59 1345
49 0 2186
49 1 1885
49 2 863
49 3 1084
49 4 905
49 5 1847
49 6 748
49 7 765
49 8 1188
49 9 1550
49 10 618
49 11 1903
49 12 1912
49 13 679
49 14 836
49 15 848
49 16 622
49 17 1811
49 18 1789
49 19 1282
49 20 1728
49 21 1593
49 22 1637
49 23 2066
49 24 1225
49 25 384
49 26 2018
49 27 1177
49 28 336
49 29 1970
49 30 1129
49 31 288
49 32 1922
49 33 1081
49 34 240
49 35 1874
49 36 1033
49 37 192
49 38 1826
49 39 985
49 40 144
49 41 1778
49 42 937
49 43 96
49 44 1730
49 45 889
49 46 48
49 47 1682
49 48 841
49 49 0
49 50 1730
49 51 889
49 52 48
49 53 1778
49 54 937
49 55 96
49 56 1826
49 57 985
49 58 144
49 59 2186
50 0 552
50 1 325
50 2 1635
50 3 1414
50 4 1209
50 5 651
50 6 1078
50 7 965
50 8 1310
50 9 180
50 10 1112
50 11 499
50 12 586
50 13 1243
50 14 1374
50 15 978
50 16 1108
50 17 303
50 18 229
50 19 640
50 20 194
50 21 137
50 22 285
50 23 432
50 24 1273
50 25 2114
50 26 384
50 27 1225
50 28 2066
50 29 336
50 30 1177
50 31 2018
50 32 288
50 33 1129
50 34 1970
50 35 240
50 36 1081
50 37 1922
50 38 192
50 39 1033
50 40 1874
50 41 144
50 42 985
50 43 1826
50 44 96
50 45 937
50 46 1778
50 47 48
50 48 889
50 49 1730
50 50 0
50 51 841
50 52 1682
50 53 48
50 54 889
50 55 1730
50 56 96
50 57 937
50 58 1778
50 59 552
51 0 1393
51 1 1092
51 2 794
51 3 573
51 4 368
51 5 1054
51 6 237
51 7 124
51 8 469
51 9 661
51 10 271
51 11 1110
51 12 1119
51 13 402
51 14 533
51 15 137
51 16 267
51 17 1018
51 18 996
51 19 393
51 20 935
51 21 800
51 22 844
51 23 1273
51 24 432
51 25 1273
51 26 1225
51 27 384
51 28 1225
51 29 1177
51 30 336
51 31 1177
51 32 1129
51 33 288
51 34 1129
51 35 1081
51 36 240
51 37 1081
51 38 1033
51 39 192
51 40 1033
51 41 985
51 42 144
51 43 985
51 44 937
51 45 96
51 46 937
51 47 889
51 48 48
51 49 889
51 50 841
51 51 0
51 52 841
51 53 889
51 54 48
51 55 889
51 56 937
51 57 96
51 58 937
51 59 1393
52 0 2234
52 1 1933
52 2 911
52 3 1132
52 4 953
52 5 1895
52 6 796
52 7 813
52 8 1236
52 9 1502
52 10 570
52 11 1951
52 12 1960
52 13 727
52 14 884
52 15 800
52 16 670
52 17 1859
52 18 1837
52 19 1234
52 20 1776
52 21 1641
52 22 1685
52 23 2114
52 24 1273
52 25 432
52 26 2066
52 27 1225
52 28 384
52 29 2018
52 30 1177
52 31 336
52 32 1970
52 33 1129
52 34 288
52 35 1922
52 36 1081
52 37 240
52 38 1874
52 39 1033
52 40 192
52 41 1826
52 42 985
52 43 144
52 44 1778
52 45 937
52 46 96
52 47 1730
52 48 889
52 49 48
52 50 1682
52 51 841
52 52 0
52 53 1730
52 54 889
52 55 48
52 56 1778
52 57 937
52 58 96
52 59 2234
53 0 600
53 1 373
53 2 1683
53 3 1462
53 4 1257
53 5 699
53 6 1126
53 7 1013
53 8 1358
53 9 228
53 10 1160
53 11 547
53 12 634
53 13 1291
53 14 1422
53 15 930
53 16 1156
53 17 351
53 18 277
53 19 592
53 20 242
53 21 185
53 22 333
53 23 480
53 24 1321
53 25 2162
53 26 432
53 27 1273
53 28 2114
53 29 384
53 30 1225
53 31 2066
53 32 336
53 33 1177
53 34 2018
53 35 288
53 36 1129
53 37 1970
53 38 240
53 39 1081
53 40 1922
53 41 192
53 42 1033
53 43 1874
53 44 144
53 45 985
53 46 1826
53 47 96
53 48 937
53 49 1778
53 50 48
53 51 889
53 52 1730
53 53 0
53 54 841
53 55 1682
53 56 48
53 57 889
53 58 1730
53 59 600
54 0 1441
54 1 1140
54 2 842
54 3 621
54 4 416
54 5 1102
54 6 285
54 7 172
54 8 517
54 9 709
54 10 319
54 11 1158
54 12 1167
54 13 450
54 14 581
54 15 89
54 16 315
54 17 1066
54 18 1044
54 19 345
54 20 983
54 21 848
54 22 892
54 23 1321
54 24 480
54 25 1321
54 26 1273
54 27 432
54 28 1273
54 29 1225
54 30 384
54 31 1225
54 32 1177
54 33 336
54 34 1177
54 35 1129
54 36 288
54 37 1129
54 38 1081
54 39 240
54 40 1081
54 41 1033
54 42 192
54 43 1033
54 44 985
54 45 144
54 46 985
54 47 937
54 48 96
54 49 937
54 50 889
54 51 48
54 52 889
54 53 841
54 54 0
54 55 841
54 56 889
54 57 48
54 58 889
54 59 1441
55 0 2282
55 1 1981
55 2 959
55 3 1180
55 4 1001
55 5 1943
55 6 844
55 7 861
55 8 1284
55 9 1550
55 10 618
55 11 1999
55 12 2008
55 13 775
55 14 932
55 15 752
55 16 718
55 17 1907
55 18 1885
55 19 1186
55 20 1824
55 21 1689
55 22 1733
55 23 2162
55 24 1321
55 25 480
55 26 2114
55 27 1273
55 28 432
55 29 2066
55 30 1225
55 31 384
55 32 2018
55 33 1177
55 34 336
55 35 1970
55 36 1129
55 37 288
55 38 1922
55 39 1081
55 40 240
55 41 1874
55 42 1033
55 43 192
55 44 1826
55 45 985
55 46 144
55 47 1778
55 48 937
55 49 96
55 50 1730
55 51 889
55 52 48
55 53 1682
55 54 841
55 55 0
55 56 1730
55 57 889
55 58 48
55 59 2282
56 0 648
56 1 421
56 2 1731
56 3 1510
56 4 1305
56 5 747
56 6 1174
56 7 1061
56 8 1406
56 9 276
56 10 1208
56 11 595
56 12 682
56 13 1339
56 14 1470
56 15 978
56 16 1204
56 17 399
56 18 325
56 19 544
56 20 290
56 21 233
56 22 381
56 23 528
56 24 1369
56 25 2210
56 26 480
56 27 1321
56 28 2162
56 29 432
56 30 1273
56 31 2114
56 32 384
56 33 1225
56 34 2066
56 35 336
56 36 1177
56 37 2018
56 38 288
56 39 1129
56 40 1970
56 41 240
56 42 1081
56 43 1922
56 44 192
56 45 1033
56 46 1874
56 47 144
56 48 985
56 49 1826
56 50 96
56 51 937
56 52 1778
56 53 48
56 54 889
56 55 1730
56 56 0
56 57 841
56 58 1682
56 59 648
57 0 1489
57 1 1188
57 2 890
57 3 669
57 4 464
57 5 1150
57 6 333
57 7 220
57 8 565
57 9 757
57 10 367
57 11 1206
57 12 1215
57 13 498
57 14 629
57 15 137
57 16 363
57 17 1114
57 18 1092
57 19 297
57 20 1031
57 21 896
57 22 940
57 23 1369
57 24 528
57 25 1369
57 26 1321
57 27 480
57 28 1321
57 29 1273
57 30 432
57 31 1273
57 32 1225
57 33 384
57 34 1225
57 35 1177
57 36 336
57 37 1177
57 38 1129
57 39 288
57 40 1129
57 41 1081
57 42 240
57 43 1081
57 44 1033
57 45 192
57 46 1033
57 47 985
57 48 144
57 49 985
57 50 937
57 51 96
57 52 937
57 53 889
57 54 48
57 55 889
57 56 841
57 57 0
57 58 841
57 59 1489
58 0 2330
58 1 2029
58 2 1007
58 3 1228
58 4 1049
58 5 1991
58 6 892
58 7 909
58 8 1332
58 9 1598
58 10 666
58 11 2047
58 12 2056
58 13 823
58 14 980
58 15 800
58 16 766
58 17 1955
58 18 1933
58 19 1138
58 20 1872
58 21 1737
58 22 1781
58 23 2210
58 24 1369
58 25 528
58 26 2162
58 27 1321
58 28 480
58 29 2114
58 30 1273
58 31 432
58 32 2066
58 33 1225
58 34 384
58 35 2018
58 36 1177
58 37 336
58 38 1970
58 39 1129
58 40 288
58 41 1922
58 42 1081
58 43 240
58 44 1874
58 45 1033
58 46 192
58 47 1826
58 48 985
58 49 144
58 50 1778
58 51 937
58 52 96
58 53 1730
58 54 889
58 55 48
58 56 1682
58 57 841
58 58 0
58 59 2330
59 0 0
59 1 301
59 2 1323
59 3 1102
59 4 1281
59 5 339
59 6 1438
59 7 1421
59 8 998
59 9 732
59 10 1664
59 11 283
59 12 274
59 13 1507
59 14 1350
59 15 1530
59 16 1564
59 17 375
59 18 397
59 19 1192
59 20 458
59 21 593
59 22 549
59 23 120
59 24 961
59 25 1802
59 26 168
59 27 1009
59 28 1850
59 29 216
59 30 1057
59 31 1898
59 32 264
59 33 1105
59 34 1946
59 35 312
59 36 1153
59 37 1994
59 38 360
59 39 1201
59 40 2042
59 41 408
59 42 1249
59 43 2090
59 44 456
59 45 1297
59 46 2138
59 47 504
59 48 1345
59 49 2186
59 50 552
59 51 1393
59 52 2234
59 53 600
59 54 1441
59 55 2282
59 56 648
59 57 1489
59 58 2330
59 59 0
//Location coordinates LocationName
//Loc x y
0 0.0 0.0 "depot"
1 144.0 157.0 "product aisle 3 bloc 0 rank 2"
2 0.0 1323.0 "product aisle 0 bloc 1 rank 52"
3 0.0 1102.0 "product aisle 0 bloc 1 rank 17"
4 192.0 1089.0 "product aisle 4 bloc 1 rank 16"
5 0.0 339.0 "product aisle 0 bloc 0 rank 29"
6 336.0 1102.0 "product aisle 7 bloc 1 rank 18"
7 384.0 1037.0 "product aisle 8 bloc 1 rank 8"
8 0.0 998.0 "product aisle 0 bloc 1 rank 1"
9 432.0 300.0 "product aisle 9 bloc 0 rank 24"
10 432.0 1232.0 "product aisle 9 bloc 1 rank 37"
11 48.0 235.0 "product aisle 1 bloc 0 rank 13"
12 0.0 274.0 "product aisle 0 bloc 0 rank 19"
13 288.0 1219.0 "product aisle 6 bloc 1 rank 35"
14 144.0 1206.0 "product aisle 3 bloc 1 rank 33"
15 480.0 1050.0 "product aisle 10 bloc 1 rank 9"
16 384.0 1180.0 "product aisle 8 bloc 1 rank 30"
17 192.0 183.0 "product aisle 4 bloc 0 rank 6"
18 240.0 157.0 "product aisle 5 bloc 0 rank 2"
19 528.0 664.0 "product aisle 11 bloc 0 rank 80"
20 288.0 170.0 "product aisle 6 bloc 0 rank 3"
21 384.0 209.0 "product aisle 8 bloc 0 rank 10"
22 288.0 261.0 "product aisle 6 bloc 0 rank 17"
23 24.0 120.0 "intersection aisle 0 bloc 0 rank 0"
24 24.0 961.0 "intersection aisle 0 bloc 1 rank 1"
25 24.0 1802.0 "intersection aisle 0 bloc 2 rank 2"
26 72.0 120.0 "intersection aisle 1 bloc 0 rank 0"
27 72.0 961.0 "intersection aisle 1 bloc 1 rank 1"
28 72.0 1802.0 "intersection aisle 1 bloc 2 rank 2"
29 120.0 120.0 "intersection aisle 2 bloc 0 rank 0"
30 120.0 961.0 "intersection aisle 2 bloc 1 rank 1"
31 120.0 1802.0 "intersection aisle 2 bloc 2 rank 2"
32 168.0 120.0 "intersection aisle 3 bloc 0 rank 0"
