//alpha
1
//NbLocations
52
//NbProducts
15
//NbPickers
2
//CapaPicker
4
//TimeToTravelOneDistanceUnit
3
//SetupTime
5400
//PickTime
300
//Products
//Idx Location Size
1 1 1
2 2 1
3 3 1
4 4 1
5 5 1
6 6 1
7 7 1
8 8 1
9 9 1
10 10 1
11 11 1
12 12 1
13 13 1
14 14 1
15 15 1
//Orders
//NbOrders
6
//Idx DueDate TardinessPenalty NbProdInOrder ProdIdx1 Qty1 ProdIdx2 Qty2 ...
1 54000 0 4 1 1 2 1 3 1 4 1
2 36000 0 1 5 1
3 90000 0 2 6 1 7 1
4 108000 0 1 8 1
5 72000 0 3 9 1 10 1 11 1
6 90000 0 4 12 1 13 1 14 1 15 1
//Graph (Products are vertices indexed from 1 to NbProducts)
//NbVerticesIntersections
36
//DepartingDepot
0
//ArrivalDepot
52
//Arcs
//Start End Distance
0 16 120
1 14 351
1 20 297
2 12 338
2 16 128
3 6 130
3 19 479
4 46 193
4 47 648
5 15 416
5 17 271
6 3 130
6 20 232
7 9 65
7 13 39
8 49 739
8 50 102
9 7 65
9 18 37
10 29 596
10 30 245
11 25 635
11 26 206
12 2 338
12 17 375
13 7 39
13 15 13
14 1 351
14 21 193
15 5 416
15 13 13
16 2 128
16 19 48
16 52 120
17 5 271
17 12 375
17 20 48
18 9 37
18 21 48
19 3 479
19 16 48
19 22 48
20 1 297
20 6 232
20 17 48
20 23 48
21 14 193
21 18 48
21 24 48
22 19 48
22 23 841
22 25 48
23 20 48
23 22 841
23 24 841
23 26 48
24 21 48
24 23 841
24 27 48
25 11 635
25 22 48
25 28 48
26 11 206
26 23 48
26 27 841
26 29 48
27 24 48
27 26 841
27 30 48
28 25 48
28 29 841
28 31 48
29 10 596
29 26 48
29 28 841
29 32 48
30 10 245
30 27 48
30 33 48
31 28 48
31 32 841
31 34 48
32 29 48
32 31 841
32 33 841
32 35 48
33 30 48
33 32 841
33 36 48
34 31 48
34 35 841
34 37 48
35 32 48
35 34 841
35 36 841
35 38 48
36 33 48
36 35 841
36 39 48
37 34 48
37 38 841
37 40 48
38 35 48
38 37 841
38 39 841
38 41 48
39 36 48
39 38 841
39 42 48
40 37 48
40 41 841
40 43 48
41 38 48
41 40 841
41 42 841
41 44 48
42 39 48
42 41 841
42 45 48
43 40 48
43 44 841
43 46 48
44 41 48
44 43 841
44 45 841
44 47 48
45 42 48
45 44 841
45 48 48
46 4 193
46 43 48
46 49 48
47 4 648
47 44 48
47 48 841
47 50 48
48 45 48
48 47 841
48 51 48
49 8 739
49 46 48
50 8 102
50 47 48
50 51 841
51 48 48
51 50 841
//LocStart LocEnd ShortestPath
0 0 0
0 1 1306
0 2 248
0 3 647
0 4 793
0 5 1232
0 6 777
0 7 1700
0 8 1387
0 9 1765
0 10 1749
0 11 899
0 12 586
0 13 1661
0 14 1657
0 15 1648
0 16 120
0 17 961
0 18 1802
0 19 168
0 20 1009
0 21 1850
0 22 216
0 23 1057
0 24 1898
0 25 264
0 26 1105
0 27 1946
0 28 312
0 29 1153
0 30 1994
0 31 360
0 32 1201
0 33 2042
0 34 408
0 35 1249
0 36 2090
0 37 456
0 38 1297
0 39 2138
0 40 504
0 41 1345
0 42 2186
0 43 552
0 44 1393
0 45 2234
0 46 600
0 47 1441
0 48 2282
0 49 648
0 50 1489
0 51 2330
0 52 0
1 0 1306
1 1 0
1 2 1058
1 3 659
1 4 1377
1 5 616
1 6 529
1 7 694
1 8 879
1 9 629
1 10 933
1 11 599
1 12 720
1 13 733
1 14 351
1 15 746
1 16 1186
1 17 345
1 18 592
1 19 1138
1 20 297
1 21 544
1 22 1186
1 23 345
1 24 592
1 25 1234
1 26 393
1 27 640
1 28 1282
1 29 441
1 30 688
1 31 1330
1 32 489
1 33 736
1 34 1378
1 35 537
1 36 784
1 37 1426
1 38 585
1 39 832
1 40 1474
1 41 633
1 42 880
1 43 1522
1 44 681
1 45 928
1 46 1570
1 47 729
1 48 976
1 49 1618
1 50 777
1 51 1024
1 52 1306
2 0 248
2 1 1058
2 2 0
2 3 655
2 4 801
2 5 984
2 6 785
2 7 1452
2 8 1343
2 9 1517
2 10 1501
2 11 907
2 12 338
2 13 1413
2 14 1409
2 15 1400
2 16 128
2 17 713
2 18 1554
2 19 176
2 20 761
2 21 1602
2 22 224
2 23 809
2 24 1650
2 25 272
2 26 857
2 27 1698
2 28 320
2 29 905
2 30 1746
2 31 368
2 32 953
2 33 1794
2 34 416
2 35 1001
2 36 1842
2 37 464
2 38 1049
2 39 1890
2 40 512
2 41 1097
2 42 1938
2 43 560
2 44 1145
2 45 1986
2 46 608
2 47 1193
2 48 2034
2 49 656
2 50 1241
2 51 2082
2 52 248
3 0 647
3 1 659
3 2 655
3 3 0
3 4 1104
3 5 681
3 6 130
3 7 1149
3 8 944
3 9 1214
3 10 1102
3 11 664
3 12 785
3 13 1110
3 14 1010
3 15 1097
3 16 527
3 17 410
3 18 1251
3 19 479
3 20 362
3 21 1203
3 22 527
3 23 410
3 24 1251
3 25 575
3 26 458
3 27 1299
3 28 623
3 29 506
3 30 1347
3 31 671
3 32 554
3 33 1395
3 34 719
3 35 602
3 36 1443
3 37 767
3 38 650
3 39 1491
3 40 815
3 41 698
3 42 1539
3 43 863
3 44 746
3 45 1587
3 46 911
3 47 794
3 48 1635
3 49 959
3 50 842
3 51 1683
3 52 647
4 0 793
4 1 1377
4 2 801
4 3 1104
4 4 0
4 5 1399
4 6 1234
4 7 1867
4 8 798
4 9 1932
4 10 1532
4 11 1164
4 12 1139
4 13 1828
4 14 1728
4 15 1815
4 16 673
4 17 1128
4 18 1969
4 19 625
4 20 1080
4 21 1921
4 22 577
4 23 1032
4 24 1873
4 25 529
4 26 984
4 27 1825
4 28 481
4 29 936
4 30 1777
4 31 433
4 32 888
4 33 1729
4 34 385
4 35 840
4 36 1681
4 37 337
4 38 792
4 39 1633
4 40 289
4 41 744
4 42 1585
4 43 241
4 44 696
4 45 1537
4 46 193
4 47 648
4 48 1489
4 49 241
4 50 696
4 51 1537
4 52 793
5 0 1232
5 1 616
5 2 984
5 3 681
5 4 1399
5 5 0
5 6 551
5 7 468
5 8 901
5 9 533
5 10 1007
5 11 621
5 12 646
5 13 429
5 14 811
5 15 416
5 16 1112
5 17 271
5 18 570
5 19 1160
5 20 319
5 21 618
5 22 1208
5 23 367
5 24 666
5 25 1256
5 26 415
5 27 714
5 28 1304
5 29 463
5 30 762
5 31 1352
5 32 511
5 33 810
5 34 1400
5 35 559
5 36 858
5 37 1448
5 38 607
5 39 906
5 40 1496
5 41 655
5 42 954
5 43 1544
5 44 703
5 45 1002
5 46 1592
5 47 751
5 48 1050
5 49 1640
5 50 799
5 51 1098
5 52 1232
6 0 777
6 1 529
6 2 785
6 3 130
6 4 1234
6 5 551
6 6 0
6 7 1019
6 8 814
6 9 1084
6 10 972
6 11 534
6 12 655
6 13 980
6 14 880
6 15 967
6 16 657
6 17 280
6 18 1121
6 19 609
6 20 232
6 21 1073
6 22 657
6 23 280
6 24 1121
6 25 705
6 26 328
6 27 1169
6 28 753
6 29 376
6 30 1217
6 31 801
6 32 424
6 33 1265
6 34 849
6 35 472
6 36 1313
6 37 897
6 38 520
6 39 1361
6 40 945
6 41 568
6 42 1409
6 43 993
6 44 616
6 45 1457
6 46 1041
6 47 664
6 48 1505
6 49 1089
6 50 712
6 51 1553
6 52 777
7 0 1700
7 1 694
7 2 1452
7 3 1149
7 4 1867
7 5 468
7 6 1019
7 7 0
7 8 1369
7 9 65
7 10 539
7 11 1089
7 12 1114
7 13 39
7 14 343
7 15 52
7 16 1580
7 17 739
7 18 102
7 19 1628
7 20 787
7 21 150
7 22 1676
7 23 835
7 24 198
7 25 1724
7 26 883
7 27 246
7 28 1772
7 29 931
7 30 294
7 31 1820
7 32 979
7 33 342
7 34 1868
7 35 1027
7 36 390
7 37 1916
7 38 1075
7 39 438
7 40 1964
7 41 1123
7 42 486
7 43 2012
7 44 1171
7 45 534
7 46 2060
7 47 1219
7 48 582
7 49 2108
7 50 1267
7 51 630
7 52 1700
8 0 1387
8 1 879
8 2 1343
8 3 944
8 4 798
8 5 901
8 6 814
8 7 1369
8 8 0
8 9 1434
8 10 1034
8 11 692
8 12 1005
8 13 1330
8 14 1230
8 15 1317
8 16 1267
8 17 630
8 18 1471
8 19 1219
8 20 582
8 21 1423
8 22 1171
8 23 534
8 24 1375
8 25 1123
8 26 486
8 27 1327
8 28 1075
8 29 438
8 30 1279
8 31 1027
8 32 390
8 33 1231
8 34 979
8 35 342
8 36 1183
8 37 931
8 38 294
8 39 1135
8 40 883
8 41 246
8 42 1087
8 43 835
8 44 198
8 45 1039
8 46 787
8 47 150
8 48 991
8 49 739
8 50 102
8 51 943
8 52 1387
9 0 1765
9 1 629
9 2 1517
9 3 1214
9 4 1932
9 5 533
9 6 1084
9 7 65
9 8 1434
9 9 0
9 10 474
9 11 1154
9 12 1179
9 13 104
9 14 278
9 15 117
9 16 1645
9 17 804
9 18 37
9 19 1693
9 20 852
9 21 85
9 22 1741
9 23 900
9 24 133
9 25 1789
9 26 948
9 27 181
9 28 1837
9 29 996
9 30 229
9 31 1885
9 32 1044
9 33 277
9 34 1933
9 35 1092
9 36 325
9 37 1981
9 38 1140
9 39 373
9 40 2029
9 41 1188
9 42 421
9 43 2077
9 44 1236
9 45 469
9 46 2125
9 47 1284
9 48 517
9 49 2173
9 50 1332
9 51 565
9 52 1765
10 0 1749
10 1 933
10 2 1501
10 3 1102
10 4 1532
10 5 1007
10 6 972
10 7 539
10 8 1034
10 9 474
10 10 0
10 11 850
10 12 1163
10 13 578
10 14 582
10 15 591
10 16 1629
10 17 788
10 18 437
10 19 1581
10 20 740
10 21 389
10 22 1533
10 23 692
10 24 341
10 25 1485
10 26 644
10 27 293
10 28 1437
10 29 596
10 30 245
10 31 1485
10 32 644
10 33 293
10 34 1533
10 35 692
10 36 341
10 37 1581
10 38 740
10 39 389
10 40 1629
10 41 788
10 42 437
10 43 1677
10 44 836
10 45 485
10 46 1725
10 47 884
10 48 533
10 49 1773
10 50 932
10 51 581
10 52 1749
11 0 899
11 1 599
11 2 907
11 3 664
11 4 1164
11 5 621
11 6 534
11 7 1089
11 8 692
11 9 1154
11 10 850
11 11 0
11 12 725
11 13 1050
11 14 950
11 15 1037
11 16 779
11 17 350
11 18 1191
11 19 731
11 20 302
11 21 1143
11 22 683
11 23 254
11 24 1095
11 25 635
11 26 206
11 27 1047
11 28 683
11 29 254
11 30 1095
11 31 731
11 32 302
11 33 1143
11 34 779
11 35 350
11 36 1191
11 37 827
11 38 398
11 39 1239
11 40 875
11 41 446
11 42 1287
11 43 923
11 44 494
11 45 1335
11 46 971
11 47 542
11 48 1383
11 49 1019
11 50 590
11 51 1431
11 52 899
12 0 586
12 1 720
12 2 338
12 3 785
12 4 1139
12 5 646
12 6 655
12 7 1114
12 8 1005
12 9 1179
12 10 1163
12 11 725
12 12 0
12 13 1075
12 14 1071
12 15 1062
12 16 466
12 17 375
12 18 1216
12 19 514
12 20 423
12 21 1264
12 22 562
12 23 471
12 24 1312
12 25 610
12 26 519
12 27 1360
12 28 658
12 29 567
12 30 1408
12 31 706
12 32 615
12 33 1456
12 34 754
12 35 663
12 36 1504
12 37 802
12 38 711
12 39 1552
12 40 850
12 41 759
12 42 1600
12 43 898
12 44 807
12 45 1648
12 46 946
12 47 855
12 48 1696
12 49 994
12 50 903
12 51 1744
12 52 586
13 0 1661
13 1 733
13 2 1413
13 3 1110
13 4 1828
13 5 429
13 6 980
13 7 39
13 8 1330
13 9 104
13 10 578
13 11 1050
13 12 1075
13 13 0
13 14 382
13 15 13
13 16 1541
13 17 700
13 18 141
13 19 1589
13 20 748
13 21 189
13 22 1637
13 23 796
13 24 237
13 25 1685
13 26 844
13 27 285
13 28 1733
13 29 892
13 30 333
13 31 1781
13 32 940
13 33 381
13 34 1829
13 35 988
13 36 429
13 37 1877
13 38 1036
13 39 477
13 40 1925
13 41 1084
13 42 525
13 43 1973
13 44 1132
13 45 573
13 46 2021
13 47 1180
13 48 621
13 49 2069
13 50 1228
13 51 669
13 52 1661
14 0 1657
14 1 351
14 2 1409
14 3 1010
14 4 1728
14 5 811
14 6 880
14 7 343
14 8 1230
14 9 278
14 10 582
14 11 950
14 12 1071
14 13 382
14 14 0
14 15 395
14 16 1537
14 17 696
14 18 241
14 19 1489
14 20 648
14 21 193
14 22 1537
14 23 696
14 24 241
14 25 1585
14 26 744
14 27 289
14 28 1633
14 29 792
14 30 337
14 31 1681
14 32 840
14 33 385
14 34 1729
14 35 888
14 36 433
14 37 1777
14 38 936
14 39 481
14 40 1825
14 41 984
14 42 529
14 43 1873
14 44 1032
14 45 577
14 46 1921
14 47 1080
14 48 625
14 49 1969
14 50 1128
14 51 673
14 52 1657
15 0 1648
15 1 746
15 2 1400
15 3 1097
15 4 1815
15 5 416
15 6 967
15 7 52
15 8 1317
15 9 117
15 10 591
15 11 1037
15 12 1062
15 13 13
15 14 395
15 15 0
15 16 1528
15 17 687
15 18 154
15 19 1576
15 20 735
15 21 202
15 22 1624
15 23 783
15 24 250
15 25 1672
15 26 831
15 27 298
15 28 1720
15 29 879
15 30 346
15 31 1768
15 32 927
15 33 394
15 34 1816
15 35 975
15 36 442
15 37 1864
15 38 1023
15 39 490
15 40 1912
15 41 1071
15 42 538
15 43 1960
15 44 1119
15 45 586
15 46 2008
15 47 1167
15 48 634
15 49 2056
15 50 1215
15 51 682
15 52 1648
16 0 120
16 1 1186
16 2 128
16 3 527
16 4 673
16 5 1112
16 6 657
16 7 1580
16 8 1267
16 9 1645
16 10 1629
16 11 779
16 12 466
16 13 1541
16 14 1537
16 15 1528
16 16 0
16 17 841
16 18 1682
16 19 48
16 20 889
16 21 1730
16 22 96
16 23 937
16 24 1778
16 25 144
16 26 985
16 27 1826
16 28 192
16 29 1033
16 30 1874
16 31 240
16 32 1081
16 33 1922
16 34 288
16 35 1129
16 36 1970
16 37 336
16 38 1177
16 39 2018
16 40 384
16 41 1225
16 42 2066
16 43 432
16 44 1273
16 45 2114
16 46 480
16 47 1321
16 48 2162
16 49 528
16 50 1369
16 51 2210
16 52 120
17 0 961
17 1 345
17 2 713
17 3 410
17 4 1128
17 5 271
17 6 280
17 7 739
17 8 630
17 9 804
17 10 788
17 11 350
17 12 375
17 13 700
17 14 696
17 15 687
17 16 841
17 17 0
17 18 841
17 19 889
17 20 48
17 21 889
17 22 937
17 23 96
17 24 937
17 25 985
17 26 144
17 27 985
17 28 1033
17 29 192
17 30 1033
17 31 1081
17 32 240
17 33 1081
17 34 1129
17 35 288
17 36 1129
17 37 1177
17 38 336
17 39 1177
17 40 1225
17 41 384
17 42 1225
17 43 1273
17 44 432
17 45 1273
17 46 1321
17 47 480
17 48 1321
17 49 1369
17 50 528
17 51 1369
17 52 961
18 0 1802
18 1 592
18 2 1554
18 3 1251
18 4 1969
18 5 570
18 6 1121
18 7 102
18 8 1471
18 9 37
18 10 437
18 11 1191
18 12 1216
18 13 141
18 14 241
18 15 154
18 16 1682
18 17 841
18 18 0
18 19 1730
18 20 889
18 21 48
18 22 1778
18 23 937
18 24 96
18 25 1826
18 26 985
18 27 144
18 28 1874
18 29 1033
18 30 192
18 31 1922
18 32 1081
18 33 240
18 34 1970
18 35 1129
18 36 288
18 37 2018
18 38 1177
18 39 336
18 40 2066
18 41 1225
18 42 384
18 43 2114
18 44 1273
18 45 432
18 46 2162
18 47 1321
18 48 480
18 49 2210
18 50 1369
18 51 528
18 52 1802
19 0 168
19 1 1138
19 2 176
19 3 479
19 4 625
19 5 1160
19 6 609
19 7 1628
19 8 1219
19 9 1693
19 10 1581
19 11 731
19 12 514
19 13 1589
19 14 1489
19 15 1576
19 16 48
19 17 889
19 18 1730
19 19 0
19 20 841
19 21 1682
19 22 48
19 23 889
19 24 1730
19 25 96
19 26 937
19 27 1778
19 28 144
19 29 985
19 30 1826
19 31 192
19 32 1033
19 33 1874
19 34 240
19 35 1081
19 36 1922
19 37 288
19 38 1129
19 39 1970
19 40 336
19 41 1177
19 42 2018
19 43 384
19 44 1225
19 45 2066
19 46 432
19 47 1273
19 48 2114
19 49 480
19 50 1321
19 51 2162
19 52 168
20 0 1009
20 1 297
20 2 761
20 3 362
20 4 1080
20 5 319
20 6 232
20 7 787
20 8 582
20 9 852
20 10 740
20 11 302
20 12 423
20 13 748
20 14 648
20 15 735
20 16 889
20 17 48
20 18 889
20 19 841
20 20 0
20 21 841
20 22 889
20 23 48
20 24 889
20 25 937
20 26 96
20 27 937
20 28 985
20 29 144
20 30 985
20 31 1033
20 32 192
20 33 1033
20 34 1081
20 35 240
20 36 1081
20 37 1129
20 38 288
20 39 1129
20 40 1177
20 41 336
20 42 1177
20 43 1225
20 44 384
20 45 1225
20 46 1273
20 47 432
20 48 1273
20 49 1321
20 50 480
20 51 1321
20 52 1009
21 0 1850
21 1 544
21 2 1602
21 3 1203
21 4 1921
21 5 618
21 6 1073
21 7 150
21 8 1423
21 9 85
21 10 389
21 11 1143
21 12 1264
21 13 189
21 14 193
21 15 202
21 16 1730
21 17 889
21 18 48
21 19 1682
21 20 841
21 21 0
21 22 1730
21 23 889
21 24 48
21 25 1778
21 26 937
21 27 96
21 28 1826
21 29 985
21 30 144
21 31 1874
21 32 1033
21 33 192
21 34 1922
21 35 1081
21 36 240
21 37 1970
21 38 1129
21 39 288
21 40 2018
21 41 1177
21 42 336
21 43 2066
21 44 1225
21 45 384
21 46 2114
21 47 1273
21 48 432
21 49 2162
21 50 1321
21 51 480
21 52 1850
22 0 216
22 1 1186
22 2 224
22 3 527
22 4 577
22 5 1208
22 6 657
22 7 1676
22 8 1171
22 9 1741
22 10 1533
22 11 683
22 12 562
22 13 1637
22 14 1537
22 15 1624
22 16 96
22 17 937
22 18 1778
22 19 48
22 20 889
22 21 1730
22 22 0
22 23 841
22 24 1682
22 25 48
22 26 889
22 27 1730
22 28 96
22 29 937
22 30 1778
22 31 144
22 32 985
22 33 1826
22 34 192
22 35 1033
22 36 1874
22 37 240
22 38 1081
22 39 1922
22 40 288
22 41 1129
22 42 1970
22 43 336
22 44 1177
22 45 2018
22 46 384
22 47 1225
22 48 2066
22 49 432
22 50 1273
22 51 2114
22 52 216
23 0 1057
23 1 345
23 2 809
23 3 410
23 4 1032
23 5 367
23 6 280
23 7 835
23 8 534
23 9 900
23 10 692
23 11 254
23 12 471
23 13 796
23 14 696
23 15 783
23 16 937
23 17 96
23 18 937
23 19 889
23 20 48
23 21 889
23 22 841
23 23 0
23 24 841
23 25 889
23 26 48
23 27 889
23 28 937
23 29 96
23 30 937
23 31 985
23 32 144
23 33 985
23 34 1033
23 35 192
23 36 1033
23 37 1081
23 38 240
23 39 1081
23 40 1129
23 41 288
23 42 1129
23 43 1177
23 44 336
23 45 1177
23 46 1225
23 47 384
23 48 1225
23 49 1273
23 50 432
23 51 1273
23 52 1057
24 0 1898
24 1 592
24 2 1650
24 3 1251
24 4 1873
24 5 666
24 6 1121
24 7 198
24 8 1375
24 9 133
24 10 341
24 11 1095
24 12 1312
24 13 237
24 14 241
24 15 250
24 16 1778
24 17 937
24 18 96
24 19 1730
24 20 889
24 21 48
24 22 1682
24 23 841
24 24 0
24 25 1730
24 26 889
24 27 48
24 28 1778
24 29 937
24 30 96
24 31 1826
24 32 985
24 33 144
24 34 1874
24 35 1033
24 36 192
24 37 1922
24 38 1081
24 39 240
24 40 1970
24 41 1129
24 42 288
24 43 2018
24 44 1177
24 45 336
24 46 2066
24 47 1225
24 48 384
24 49 2114
24 50 1273
24 51 432
24 52 1898
25 0 264
25 1 1234
25 2 272
25 3 575
25 4 529
25 5 1256
25 6 705
25 7 1724
25 8 1123
25 9 1789
25 10 1485
25 11 635
25 12 610
25 13 1685
25 14 1585
25 15 1672
25 16 144
25 17 985
25 18 1826
25 19 96
25 20 937
25 21 1778
25 22 48
25 23 889
25 24 1730
25 25 0
25 26 841
25 27 1682
25 28 48
25 29 889
25 30 1730
25 31 96
25 32 937
25 33 1778
25 34 144
25 35 985
25 36 1826
25 37 192
25 38 1033
25 39 1874
25 40 240
25 41 1081
25 42 1922
25 43 288
25 44 1129
25 45 1970
25 46 336
25 47 1177
25 48 2018
25 49 384
25 50 1225
25 51 2066
25 52 264
26 0 1105
26 1 393
26 2 857
26 3 458
26 4 984
26 5 415
26 6 328
26 7 883
26 8 486
26 9 948
26 10 644
26 11 206
26 12 519
26 13 844
26 14 744
26 15 831
26 16 985
26 17 144
26 18 985
26 19 937
26 20 96
26 21 937
26 22 889
26 23 48
26 24 889
26 25 841
26 26 0
26 27 841
26 28 889
26 29 48
26 30 889
26 31 937
26 32 96
26 33 937
26 34 985
26 35 144
26 36 985
26 37 1033
26 38 192
26 39 1033
26 40 1081
26 41 240
26 42 1081
26 43 1129
26 44 288
26 45 1129
26 46 1177
26 47 336
26 48 1177
26 49 1225
26 50 384
26 51 1225
26 52 1105
27 0 1946
27 1 640
27 2 1698
27 3 1299
27 4 1825
27 5 714
27 6 1169
27 7 246
27 8 1327
27 9 181
27 10 293
27 11 1047
27 12 1360
27 13 285
27 14 289
27 15 298
27 16 1826
27 17 985
27 18 144
27 19 1778
27 20 937
27 21 96
27 22 1730
27 23 889
27 24 48
27 25 1682
27 26 841
27 27 0
27 28 1730
27 29 889
27 30 48
27 31 1778
27 32 937
27 33 96
27 34 1826
27 35 985
27 36 144
27 37 1874
27 38 1033
27 39 192
27 40 1922
27 41 1081
27 42 240
27 43 1970
27 44 1129
27 45 288
27 46 2018
27 47 1177
27 48 336
27 49 2066
27 50 1225
27 51 384
27 52 1946
28 0 312
28 1 1282
28 2 320
28 3 623
28 4 481
28 5 1304
28 6 753
28 7 1772
28 8 1075
28 9 1837
28 10 1437
28 11 683
28 12 658
28 13 1733
28 14 1633
28 15 1720
28 16 192
28 17 1033
28 18 1874
28 19 144
28 20 985
28 21 1826
28 22 96
28 23 937
28 24 1778
28 25 48
28 26 889
28 27 1730
28 28 0
28 29 841
28 30 1682
28 31 48
28 32 889
28 33 1730
28 34 96
28 35 937
28 36 1778
28 37 144
28 38 985
28 39 1826
28 40 192
28 41 1033
28 42 1874
28 43 240
28 44 1081
28 45 1922
28 46 288
28 47 1129
28 48 1970
28 49 336
28 50 1177
28 51 2018
28 52 312
29 0 1153
29 1 441
29 2 905
29 3 506
29 4 936
29 5 463
29 6 376
29 7 931
29 8 438
29 9 996
29 10 596
29 11 254
29 12 567
29 13 892
29 14 792
29 15 879
29 16 1033
29 17 192
29 18 1033
29 19 985
29 20 144
29 21 985
29 22 937
29 23 96
29 24 937
29 25 889
29 26 48
29 27 889
29 28 841
29 29 0
29 30 841
29 31 889
29 32 48
29 33 889
29 34 937
29 35 96
29 36 937
29 37 985
29 38 144
29 39 985
29 40 1033
29 41 192
29 42 1033
29 43 1081
29 44 240
29 45 1081
29 46 1129
29 47 288
29 48 1129
29 49 1177
29 50 336
29 51 1177
29 52 1153
30 0 1994
30 1 688
30 2 1746
30 3 1347
30 4 1777
30 5 762
30 6 1217
30 7 294
30 8 1279
30 9 229
30 10 245
30 11 1095
30 12 1408
30 13 333
30 14 337
30 15 346
30 16 1874
30 17 1033
30 18 192
30 19 1826
30 20 985
30 21 144
30 22 1778
30 23 937
30 24 96
30 25 1730
30 26 889
30 27 48
30 28 1682
30 29 841
30 30 0
30 31 1730
30 32 889
30 33 48
30 34 1778
30 35 937
30 36 96
30 37 1826
30 38 985
30 39 144
30 40 1874
30 41 1033
30 42 192
30 43 1922
30 44 1081
30 45 240
30 46 1970
30 47 1129
30 48 288
30 49 2018
30 50 1177
30 51 336
30 52 1994
31 0 360
31 1 1330
31 2 368
31 3 671
31 4 433
31 5 1352
31 6 801
31 7 1820
31 8 1027
31 9 1885
31 10 1485
31 11 731
31 12 706
31 13 1781
31 14 1681
31 15 1768
31 16 240
31 17 1081
31 18 1922
31 19 192
31 20 1033
31 21 1874
31 22 144
31 23 985
31 24 1826
31 25 96
31 26 937
31 27 1778
31 28 48
31 29 889
31 30 1730
31 31 0
31 32 841
31 33 1682
31 34 48
31 35 889
31 36 1730
31 37 96
31 38 937
31 39 1778
31 40 144
31 41 985
31 42 1826
31 43 192
31 44 1033
31 45 1874
31 46 240
31 47 1081
31 48 1922
31 49 288
31 50 1129
31 51 1970
31 52 360
32 0 1201
32 1 489
32 2 953
32 3 554
32 4 888
32 5 511
32 6 424
32 7 979
32 8 390
32 9 1044
32 10 644
32 11 302
32 12 615
32 13 940
32 14 840
32 15 927
32 16 1081
32 17 240
32 18 1081
32 19 1033
32 20 192
32 21 1033
32 22 985
32 23 144
32 24 985
32 25 937
32 26 96
32 27 937
32 28 889
32 29 48
32 30 889
32 31 841
32 32 0
32 33 841
32 34 889
32 35 48
32 36 889
32 37 937
32 38 96
32 39 937
32 40 985
32 41 144
32 42 985
32 43 1033
32 44 192
32 45 1033
32 46 1081
32 47 240
32 48 1081
32 49 1129
32 50 288
32 51 1129
32 52 1201
33 0 2042
33 1 736
33 2 1794
33 3 1395
33 4 1729
33 5 810
33 6 1265
33 7 342
33 8 1231
33 9 277
33 10 293
33 11 1143
33 12 1456
33 13 381
33 14 385
33 15 394
33 16 1922
33 17 1081
33 18 240
33 19 1874
33 20 1033
33 21 192
33 22 1826
33 23 985
33 24 144
33 25 1778
33 26 937
33 27 96
33 28 1730
33 29 889
33 30 48
33 31 1682
33 32 841
33 33 0
33 34 1730
33 35 889
33 36 48
33 37 1778
33 38 937
33 39 96
33 40 1826
33 41 985
33 42 144
33 43 1874
33 44 1033
33 45 192
33 46 1922
33 47 1081
33 48 240
33 49 1970
33 50 1129
33 51 288
33 52 2042
34 0 408
34 1 1378
34 2 416
34 3 719
34 4 385
34 5 1400
34 6 849
34 7 1868
34 8 979
34 9 1933
34 10 1533
34 11 779
34 12 754
34 13 1829
34 14 1729
34 15 1816
34 16 288
34 17 1129
34 18 1970
34 19 240
34 20 1081
34 21 1922
34 22 192
34 23 1033
34 24 1874
34 25 144
34 26 985
34 27 1826
34 28 96
34 29 937
34 30 1778
34 31 48
34 32 889
34 33 1730
34 34 0
34 35 841
34 36 1682
34 37 48
34 38 889
34 39 1730
34 40 96
34 41 937
34 42 1778
34 43 144
34 44 985
34 45 1826
34 46 192
34 47 1033
34 48 1874
34 49 240
34 50 1081
34 51 1922
34 52 408
35 0 1249
35 1 537
35 2 1001
35 3 602
35 4 840
35 5 559
35 6 472
35 7 1027
35 8 342
35 9 1092
35 10 692
35 11 350
35 12 663
35 13 988
35 14 888
35 15 975
35 16 1129
35 17 288
35 18 1129
35 19 1081
35 20 240
35 21 1081
35 22 1033
35 23 192
35 24 1033
35 25 985
35 26 144
35 27 985
35 28 937
35 29 96
35 30 937
35 31 889
35 32 48
35 33 889
35 34 841
35 35 0
35 36 841
35 37 889
35 38 48
35 39 889
35 40 937
35 41 96
35 42 937
35 43 985
35 44 144
35 45 985
35 46 1033
35 47 192
35 48 1033
35 49 1081
35 50 240
35 51 1081
35 52 1249
36 0 2090
36 1 784
36 2 1842
36 3 1443
36 4 1681
36 5 858
36 6 1313
36 7 390
36 8 1183
36 9 325
36 10 341
36 11 1191
36 12 1504
36 13 429
36 14 433
36 15 442
36 16 1970
36 17 1129
36 18 288
36 19 1922
36 20 1081
36 21 240
36 22 1874
36 23 1033
36 24 192
36 25 1826
36 26 985
36 27 144
36 28 1778
36 29 937
36 30 96
36 31 1730
36 32 889
36 33 48
36 34 1682
36 35 841
36 36 0
36 37 1730
36 38 889
36 39 48
36 40 1778
36 41 937
36 42 96
36 43 1826
36 44 985
36 45 144
36 46 1874
36 47 1033
36 48 192
36 49 1922
36 50 1081
36 51 240
36 52 2090
37 0 456
37 1 1426
37 2 464
37 3 767
37 4 337
37 5 1448
37 6 897
37 7 1916
37 8 931
37 9 1981
37 10 1581
37 11 827
37 12 802
37 13 1877
37 14 1777
37 15 1864
37 16 336
37 17 1177
37 18 2018
37 19 288
37 20 1129
37 21 1970
37 22 240
37 23 1081
37 24 1922
37 25 192
37 26 1033
37 27 1874
37 28 144
37 29 985
37 30 1826
37 31 96
37 32 937
37 33 1778
37 34 48
37 35 889
37 36 1730
37 37 0
37 38 841
37 39 1682
37 40 48
37 41 889
37 42 1730
37 43 96
37 44 937
37 45 1778
37 46 144
37 47 985
37 48 1826
37 49 192
37 50 1033
37 51 1874
37 52 456
38 0 1297
38 1 585
38 2 1049
38 3 650
38 4 792
38 5 607
38 6 520
38 7 1075
38 8 294
38 9 1140
38 10 740
38 11 398
38 12 711
38 13 1036
38 14 936
38 15 1023
38 16 1177
38 17 336
38 18 1177
38 19 1129
38 20 288
38 21 1129
38 22 1081
38 23 240
38 24 1081
38 25 1033
38 26 192
38 27 1033
38 28 985
38 29 144
38 30 985
38 31 937
38 32 96
38 33 937
38 34 889
38 35 48
38 36 889
38 37 841
38 38 0
38 39 841
38 40 889
38 41 48
38 42 889
38 43 937
38 44 96
38 45 937
38 46 985
38 47 144
38 48 985
38 49 1033
38 50 192
38 51 1033
38 52 1297
39 0 2138
39 1 832
39 2 1890
39 3 1491
39 4 1633
39 5 906
39 6 1361
39 7 438
39 8 1135
39 9 373
39 10 389
39 11 1239
39 12 1552
39 13 477
39 14 481
39 15 490
39 16 2018
39 17 1177
39 18 336
39 19 1970
39 20 1129
39 21 288
39 22 1922
39 23 1081
39 24 240
39 25 1874
39 26 1033
39 27 192
39 28 1826
39 29 985
39 30 144
39 31 1778
39 32 937
39 33 96
39 34 1730
39 35 889
39 36 48
39 37 1682
39 38 841
39 39 0
39 40 1730
39 41 889
39 42 48
39 43 1778
39 44 937
39 45 96
39 46 1826
39 47 985
39 48 144
39 49 1874
39 50 1033
39 51 192
39 52 2138
40 0 504
40 1 1474
40 2 512
40 3 815
40 4 289
40 5 1496
40 6 945
40 7 1964
40 8 883
40 9 2029
40 10 1629
40 11 875
40 12 850
40 13 1925
40 14 1825
40 15 1912
40 16 384
40 17 1225
40 18 2066
40 19 336
40 20 1177
40 21 2018
40 22 288
40 23 1129
40 24 1970
40 25 240
40 26 1081
40 27 1922
40 28 192
40 29 1033
40 30 1874
40 31 144
40 32 985
40 33 1826
40 34 96
40 35 937
40 36 1778
40 37 48
40 38 889
40 39 1730
40 40 0
40 41 841
40 42 1682
40 43 48
40 44 889
40 45 1730
40 46 96
40 47 937
40 48 1778
40 49 144
40 50 985
40 51 1826
40 52 504
41 0 1345
41 1 633
41 2 1097
41 3 698
41 4 744
41 5 655
41 6 568
41 7 1123
41 8 246
41 9 1188
41 10 788
41 11 446
41 12 759
41 13 1084
41 14 984
41 15 1071
41 16 1225
41 17 384
41 18 1225
41 19 1177
41 20 336
41 21 1177
41 22 1129
41 23 288
41 24 1129
41 25 1081
41 26 240
41 27 1081
41 28 1033
41 29 192
41 30 1033
41 31 985
41 32 144
41 33 985
41 34 937
41 35 96
41 36 937
41 37 889
41 38 48
41 39 889
41 40 841
41 41 0
41 42 841
41 43 889
41 44 48
41 45 889
41 46 937
41 47 96
41 48 937
41 49 985
41 50 144
41 51 985
41 52 1345
42 0 2186
42 1 880
42 2 1938
42 3 1539
42 4 1585
42 5 954
42 6 1409
42 7 486
42 8 1087
42 9 421
42 10 437
42 11 1287
42 12 1600
42 13 525
42 14 529
42 15 538
42 16 2066
42 17 1225
42 18 384
42 19 2018
42 20 1177
42 21 336
42 22 1970
42 23 1129
42 24 288
42 25 1922
42 26 1081
42 27 240
42 28 1874
42 29 1033
42 30 192
42 31 1826
42 32 985
42 33 144
42 34 1778
42 35 937
42 36 96
42 37 1730
42 38 889
42 39 48
42 40 1682
42 41 841
42 42 0
42 43 1730
42 44 889
42 45 48
42 46 1778
42 47 937
42 48 96
42 49 1826
42 50 985
42 51 144
42 52 2186
43 0 552
43 1 1522
43 2 560
43 3 863
43 4 241
43 5 1544
43 6 993
43 7 2012
43 8 835
43 9 2077
43 10 1677
43 11 923
43 12 898
43 13 1973
43 14 1873
43 15 1960
43 16 432
43 17 1273
43 18 2114
43 19 384
43 20 1225
43 21 2066
43 22 336
43 23 1177
43 24 2018
43 25 288
43 26 1129
43 27 1970
43 28 240
43 29 1081
43 30 1922
43 31 192
43 32 1033
43 33 1874
43 34 144
43 35 985
43 36 1826
43 37 96
43 38 937
43 39 1778
43 40 48
43 41 889
43 42 1730
43 43 0
43 44 841
43 45 1682
43 46 48
43 47 889
43 48 1730
43 49 96
43 50 937
43 51 1778
43 52 552
44 0 1393
44 1 681
44 2 1145
44 3 746
44 4 696
44 5 703
44 6 616
44 7 1171
44 8 198
44 9 1236
44 10 836
44 11 494
44 12 807
44 13 1132
44 14 1032
44 15 1119
44 16 1273
44 17 432
44 18 1273
44 19 1225
44 20 384
44 21 1225
44 22 1177
44 23 336
44 24 1177
44 25 1129
44 26 288
44 27 1129
44 28 1081
44 29 240
44 30 1081
44 31 1033
44 32 192
44 33 1033
44 34 985
44 35 144
44 36 985
44 37 937
44 38 96
44 39 937
44 40 889
44 41 48
44 42 889
44 43 841
44 44 0
44 45 841
44 46 889
44 47 48
44 48 889
44 49 937
44 50 96
44 51 937
44 52 1393
45 0 2234
45 1 928
45 2 1986
45 3 1587
45 4 1537
45 5 1002
45 6 1457
45 7 534
45 8 1039
45 9 469
45 10 485
45 11 1335
45 12 1648
45 13 573
45 14 577
45 15 586
45 16 2114
45 17 1273
45 18 432
45 19 2066
45 20 1225
45 21 384
45 22 2018
45 23 1177
45 24 336
45 25 1970
45 26 1129
45 27 288
45 28 1922
45 29 1081
45 30 240
45 31 1874
45 32 1033
45 33 192
45 34 1826
45 35 985
45 36 144
45 37 1778
45 38 937
45 39 96
45 40 1730
45 41 889
45 42 48
45 43 1682
45 44 841
45 45 0
45 46 1730
45 47 889
45 48 48
45 49 1778
45 50 937
45 51 96
45 52 2234
46 0 600
46 1 1570
46 2 608
46 3 911
46 4 193
46 5 1592
46 6 1041
46 7 2060
46 8 787
46 9 2125
46 10 1725
46 11 971
46 12 946
46 13 2021
46 14 1921
46 15 2008
46 16 480
46 17 1321
46 18 2162
46 19 432
46 20 1273
46 21 2114
46 22 384
46 23 1225
46 24 2066
46 25 336
46 26 1177
46 27 2018
46 28 288
46 29 1129
46 30 1970
46 31 240
46 32 1081
46 33 1922
46 34 192
46 35 1033
46 36 1874
46 37 144
46 38 985
46 39 1826
46 40 96
46 41 937
46 42 1778
46 43 48
46 44 889
46 45 1730
46 46 0
46 47 841
46 48 1682
46 49 48
46 50 889
46 51 1730
46 52 600
47 0 1441
47 1 729
47 2 1193
47 3 794
47 4 648
47 5 751
47 6 664
47 7 1219
47 8 150
47 9 1284
47 10 884
47 11 542
47 12 855
47 13 1180
47 14 1080
47 15 1167
47 16 1321
47 17 480
47 18 1321
47 19 1273
47 20 432
47 21 1273
47 22 1225
47 23 384
47 24 1225
47 25 1177
47 26 336
47 27 1177
47 28 1129
47 29 288
47 30 1129
47 31 1081
47 32 240
47 33 1081
47 34 1033
47 35 192
47 36 1033
47 37 985
47 38 144
47 39 985
47 40 937
47 41 96
47 42 937
47 43 889
47 44 48
47 45 889
47 46 841
47 47 0
47 48 841
47 49 889
47 50 48
47 51 889
47 52 1441
48 0 2282
48 1 976
48 2 2034
48 3 1635
48 4 1489
48 5 1050
48 6 1505
48 7 582
48 8 991
48 9 517
48 10 533
48 11 1383
48 12 1696
48 13 621
48 14 625
48 15 634
48 16 2162
48 17 1321
48 18 480
48 19 2114
48 20 1273
48 21 432
48 22 2066
48 23 1225
48 24 384
48 25 2018
48 26 1177
48 27 336
48 28 1970
48 29 1129
48 30 288
48 31 1922
48 32 1081
48 33 240
48 34 1874
48 35 1033
48 36 192
48 37 1826
48 38 985
48 39 144
48 40 1778
48 41 937
48 42 96
48 43 1730
48 44 889
48 45 48
48 46 1682
48 47 841
48 48 0
48 49 1730
48 50 889
48 51 48
48 52 2282
49 0 648
49 1 1618
49 2 656
49 3 959
49 4 241
49 5 1640
49 6 1089
49 7 2108
49 8 739
49 9 2173
49 10 1773
49 11 1019
49 12 994
49 13 2069
49 14 1969
49 15 2056
49 16 528
49 17 1369
49 18 2210
49 19 480
49 20 1321
49 21 2162
49 22 432
49 23 1273
49 24 2114
49 25 384
49 26 1225
49 27 2066
49 28 336
49 29 1177
49 30 2018
49 31 288
49 32 1129
49 33 1970
49 34 240
49 35 1081
49 36 1922
49 37 192
49 38 1033
49 39 1874
49 40 144
49 41 985
49 42 1826
49 43 96
49 44 937
49 45 1778
49 46 48
49 47 889
49 48 1730
49 49 0
49 50 841
49 51 1682
49 52 648
50 0 1489
50 1 777
50 2 1241
50 3 842
50 4 696
50 5 799
50 6 712
50 7 1267
50 8 102
50 9 1332
50 10 932
50 11 590
50 12 903
50 13 1228
50 14 1128
50 15 1215
50 16 1369
50 17 528
50 18 1369
50 19 1321
50 20 480
50 21 1321
50 22 1273
50 23 432
50 24 1273
50 25 1225
50 26 384
50 27 1225
50 28 1177
50 29 336
50 30 1177
50 31 1129
50 32 288
50 33 1129
50 34 1081
50 35 240
50 36 1081
50 37 1033
50 38 192
50 39 1033
50 40 985
50 41 144
50 42 985
50 43 937
50 44 96
50 45 937
50 46 889
50 47 48
50 48 889
50 49 841
50 50 0
50 51 841
50 52 1489
51 0 2330
51 1 1024
51 2 2082
51 3 1683
51 4 1537
51 5 1098
51 6 1553
51 7 630
51 8 943
51 9 565
51 10 581
51 11 1431
51 12 1744
51 13 669
51 14 673
51 15 682
51 16 2210
51 17 1369
51 18 528
51 19 2162
51 20 1321
51 21 480
51 22 2114
51 23 1273
51 24 432
51 25 2066
51 26 1225
51 27 384
51 28 2018
51 29 1177
51 30 336
51 31 1970
51 32 1129
51 33 288
51 34 1922
51 35 1081
51 36 240
51 37 1874
51 38 1033
51 39 192
51 40 1826
51 41 985
51 42 144
51 43 1778
51 44 937
51 45 96
51 46 1730
51 47 889
51 48 48
51 49 1682
51 50 841
51 51 0
51 52 2330
52 0 0
52 1 1306
52 2 248
52 3 647
52 4 793
52 5 1232
52 6 777
52 7 1700
52 8 1387
52 9 1765
52 10 1749
52 11 899
52 12 586
52 13 1661
52 14 1657
52 15 1648
52 16 120
52 17 961
52 18 1802
52 19 168
52 20 1009
52 21 1850
52 22 216
52 23 1057
52 24 1898
52 25 264
52 26 1105
52 27 1946
52 28 312
52 29 1153
52 30 1994
52 31 360
52 32 1201
52 33 2042
52 34 408
52 35 1249
52 36 2090
52 37 456
52 38 1297
52 39 2138
52 40 504
52 41 1345
52 42 2186
52 43 552
52 44 1393
52 45 2234
52 46 600
52 47 1441
52 48 2282
52 49 648
52 50 1489
52 51 2330
52 52 0
//Location coordinates LocationName
//Loc x y
0 0.0 0.0 "depot"
1 48.0 1258.0 "product aisle 1 bloc 1 rank 42"
2 0.0 248.0 "product aisle 0 bloc 0 rank 15"
3 48.0 599.0 "product aisle 1 bloc 0 rank 69"
4 480.0 313.0 "product aisle 10 bloc 0 rank 26"
5 0.0 1232.0 "product aisle 0 bloc 1 rank 37"
6 48.0 729.0 "product aisle 1 bloc 0 rank 89"
7 0.0 1700.0 "product aisle 0 bloc 1 rank 110"
8 528.0 859.0 "product aisle 11 bloc 0 rank 110"
9 0.0 1765.0 "product aisle 0 bloc 1 rank 119"
10 192.0 1557.0 "product aisle 4 bloc 1 rank 88"
11 144.0 755.0 "product aisle 3 bloc 0 rank 94"
12 0.0 586.0 "product aisle 0 bloc 0 rank 67"
13 0.0 1661.0 "product aisle 0 bloc 1 rank 104"
14 48.0 1609.0 "product aisle 1 bloc 1 rank 96"
15 0.0 1648.0 "product aisle 0 bloc 1 rank 102"
16 24.0 120.0 "intersection aisle 0 bloc 0 rank 0"
17 24.0 961.0 "intersection aisle 0 bloc 1 rank 1"
18 24.0 1802.0 "intersection aisle 0 bloc 2 rank 2"
19 72.0 120.0 "intersection aisle 1 bloc 0 rank 0"
20 72.0 961.0 "intersection aisle 1 bloc 1 rank 1"
21 72.0 1802.0 "intersection aisle 1 bloc 2 rank 2"
22 120.0 120.0 "intersection aisle 2 bloc 0 rank 0"
23 120.0 961.0 "intersection aisle 2 bloc 1 rank 1"
24 120.0 1802.0 "intersection aisle 2 bloc 2 rank 2"
25 168.0 120.0 "intersection aisle 3 bloc 0 rank 0"
26 168.0 961.0 "intersection aisle 3 bloc 1 rank 1"
27 168.0 1802.0 "intersection aisle 3 bloc 2 rank 2"
28 216.0 120.0 "intersection aisle 4 bloc 0 rank 0"
29 216.0 961.0 "intersection aisle 4 bloc 1 rank 1"
30 216.0 1802.0 "intersection aisle 4 bloc 2 rank 2"
31 264.0 120.0 "intersection aisle 5 bloc 0 rank 0"
32 264.0 961.0 "intersection aisle 5 bloc 1 rank 1"
33 264.0 1802.0 "intersection aisle 5 bloc 2 rank 2"
34 312.0 120.0 "intersection aisle 6 bloc 0 rank 0"
35 312.0 961.0 "intersection aisle 6 bloc 1 rank 1"
36 312.0 1802.0 "intersection aisle 6 bloc 2 rank 2"
37 360.0 120.0 "intersection aisle 7 bloc 0 rank 0"
38 360.0 961.0 "intersection aisle 7 bloc 1 rank 1"
39 360.0 1802.0 "intersection aisle 7 bloc 2 rank 2"
40 408.0 120.0 "intersection aisle 8 bloc 0 rank 0"
41 408.0 961.0 "intersection aisle 8 bloc 1 rank 1"
42 408.0 1802.0 "intersection aisle 8 bloc 2 rank 2"
43 456.0 120.0 "intersection aisle 9 bloc 0 rank 0"
44 456.0 961.0 "intersection aisle 9 bloc 1 rank 1"
45 456.0 1802.0 "intersection aisle 9 bloc 2 rank 2"
46 504.0 120.0 "intersection aisle 10 bloc 0 rank 0"
47 504.0 961.0 "intersection aisle 10 bloc 1 rank 1"
48 504.0 1802.0 "intersection aisle 10 bloc 2 rank 2"
49 552.0 120.0 "intersection aisle 11 bloc 0 rank 0"
50 552.0 961.0 "intersection aisle 11 bloc 1 rank 1"
51 552.0 1802.0 "intersection aisle 11 bloc 2 rank 2"
52 0.0 0.0 "depot"
