//alpha
1
//NbLocations
46
//NbProducts
27
//NbPickers
2
//CapaPicker
12
//TimeToTravelOneDistanceUnit
3
//SetupTime
5400
//PickTime
300
//Products
//Idx Location Size
1 1 1
2 2 1
3 3 1
4 4 1
5 5 1
6 6 1
7 7 1
8 8 1
9 9 1
10 10 1
11 11 1
12 12 1
13 13 1
14 14 1
15 15 1
16 16 1
17 17 1
18 18 1
19 19 1
20 20 1
21 21 1
22 22 1
23 23 1
24 24 1
25 25 1
26 26 1
27 27 1
//Orders
//NbOrders
12
//Idx DueDate TardinessPenalty NbProdInOrder ProdIdx1 Qty1 ProdIdx2 Qty2 ...
1 126000 0 3 1 1 2 1 3 1
2 108000 0 1 4 1
3 126000 0 1 5 1
4 126000 0 5 6 1 7 1 8 1 9 1 10 1
5 126000 0 2 11 1 12 1
6 108000 0 3 13 1 14 1 15 1
7 90000 0 4 16 1 17 1 18 1 19 1
8 108000 0 1 20 1
9 72000 0 1 21 1
10 126000 0 3 22 1 23 1 24 1
11 126000 0 2 25 1 26 1
12 144000 0 1 27 1
//Graph (Products are vertices indexed from 1 to NbProducts)
//NbVerticesIntersections
18
//DepartingDepot
0
//ArrivalDepot
46
//Arcs
//Start End Distance
0 28 120
1 8 0
1 19 26
2 17 195
2 34 102
3 9 78
3 23 286
4 21 52
4 28 76
5 10 52
5 13 52
6 20 13
6 25 130
7 11 143
7 44 63
8 1 0
8 44 128
9 3 78
9 38 37
10 5 52
10 26 195
11 7 143
11 45 245
12 19 52
12 43 245
13 5 52
13 15 13
14 32 154
14 33 297
15 13 13
15 37 76
16 24 13
16 41 50
17 2 195
17 27 13
18 21 195
18 29 128
19 1 26
19 12 52
20 6 13
20 32 245
21 4 52
21 18 195
22 27 39
22 35 102
23 3 286
23 39 50
24 16 13
24 42 388
25 6 130
25 31 63
26 10 195
26 38 63
27 17 13
27 22 39
28 4 76
28 31 48
28 46 120
29 18 128
29 30 451
29 32 48
30 29 451
30 33 48
31 25 63
31 28 48
31 34 48
32 14 154
32 20 245
32 29 48
32 35 48
33 14 297
33 30 48
33 36 48
34 2 102
34 31 48
34 37 48
35 22 102
35 32 48
35 36 451
35 38 48
36 33 48
36 35 451
36 39 48
37 15 76
37 34 48
37 40 48
38 9 37
38 26 63
38 35 48
38 41 48
39 23 50
39 36 48
39 42 48
40 37 48
40 41 451
40 43 48
41 16 50
41 38 48
41 40 451
41 44 48
42 24 388
42 39 48
42 45 48
43 12 245
43 40 48
44 7 63
44 8 128
44 41 48
45 11 245
45 42 48
//LocStart LocEnd ShortestPath
0 0 0
0 1 683
0 2 318
0 3 830
0 4 196
0 5 405
0 6 361
0 7 874
0 8 683
0 9 752
0 10 457
0 11 1017
0 12 605
0 13 353
0 14 773
0 15 340
0 16 813
0 17 513
0 18 443
0 19 657
0 20 374
0 21 248
0 22 565
0 23 1116
0 24 826
0 25 231
0 26 652
0 27 526
0 28 120
0 29 571
0 30 1022
0 31 168
0 32 619
0 33 1070
0 34 216
0 35 667
0 36 1118
0 37 264
0 38 715
0 39 1166
0 40 312
0 41 763
0 42 1214
0 43 360
0 44 811
0 45 1262
0 46 0
1 0 683
1 1 0
1 2 569
1 3 339
1 4 639
1 5 534
1 6 578
1 7 191
1 8 0
1 9 261
1 10 482
1 11 334
1 12 78
1 13 508
1 14 474
1 15 495
1 16 226
1 17 426
1 18 496
1 19 26
1 20 565
1 21 691
1 22 374
1 23 625
1 24 239
1 25 578
1 26 287
1 27 413
1 28 563
1 29 368
1 30 819
1 31 515
1 32 320
1 33 771
1 34 467
1 35 272
1 36 723
1 37 419
1 38 224
1 39 675
1 40 371
1 41 176
1 42 627
1 43 323
1 44 128
1 45 579
1 46 683
2 0 318
2 1 569
2 2 0
2 3 512
2 4 274
2 5 291
2 6 343
2 7 556
2 8 569
2 9 434
2 10 343
2 11 699
2 12 491
2 13 239
2 14 551
2 15 226
2 16 495
2 17 195
2 18 521
2 19 543
2 20 356
2 21 326
2 22 247
2 23 798
2 24 508
2 25 213
2 26 460
2 27 208
2 28 198
2 29 445
2 30 896
2 31 150
2 32 397
2 33 848
2 34 102
2 35 349
2 36 800
2 37 150
2 38 397
2 39 848
2 40 198
2 41 445
2 42 896
2 43 246
2 44 493
2 45 944
2 46 318
3 0 830
3 1 339
3 2 512
3 3 0
3 4 634
3 5 425
3 6 469
3 7 274
3 8 339
3 9 78
3 10 373
3 11 417
3 12 417
3 13 477
3 14 365
3 15 490
3 16 213
3 17 317
3 18 387
3 19 365
3 20 456
3 21 582
3 22 265
3 23 286
3 24 226
3 25 599
3 26 178
3 27 304
3 28 710
3 29 259
3 30 480
3 31 662
3 32 211
3 33 432
3 34 614
3 35 163
3 36 384
3 37 566
3 38 115
3 39 336
3 40 614
3 41 163
3 42 384
3 43 662
3 44 211
3 45 432
3 46 830
4 0 196
4 1 639
4 2 274
4 3 634
4 4 0
4 5 361
4 6 317
4 7 678
4 8 639
4 9 556
4 10 413
4 11 821
4 12 561
4 13 309
4 14 577
4 15 296
4 16 617
4 17 469
4 18 247
4 19 613
4 20 330
4 21 52
4 22 521
4 23 920
4 24 630
4 25 187
4 26 582
4 27 482
4 28 76
4 29 375
4 30 826
4 31 124
4 32 423
4 33 874
4 34 172
4 35 471
4 36 922
4 37 220
4 38 519
4 39 970
4 40 268
4 41 567
4 42 1018
4 43 316
4 44 615
4 45 1066
4 46 196
5 0 405
5 1 534
5 2 291
5 3 425
5 4 361
5 5 0
5 6 430
5 7 469
5 8 534
5 9 347
5 10 52
5 11 612
5 12 482
5 13 52
5 14 560
5 15 65
5 16 408
5 17 486
5 18 582
5 19 534
5 20 443
5 21 413
5 22 460
5 23 711
5 24 421
5 25 300
5 26 247
5 27 499
5 28 285
5 29 454
5 30 905
5 31 237
5 32 406
5 33 857
5 34 189
5 35 358
5 36 809
5 37 141
5 38 310
5 39 761
5 40 189
5 41 358
5 42 809
5 43 237
5 44 406
5 45 857
5 46 405
6 0 361
6 1 578
6 2 343
6 3 469
6 4 317
6 5 430
6 6 0
6 7 513
6 8 578
6 9 391
6 10 482
6 11 656
6 12 630
6 13 378
6 14 412
6 15 365
6 16 452
6 17 460
6 18 434
6 19 604
6 20 13
6 21 369
6 22 408
6 23 755
6 24 465
6 25 130
6 26 417
6 27 447
6 28 241
6 29 306
6 30 757
6 31 193
6 32 258
6 33 709
6 34 241
6 35 306
6 36 757
6 37 289
6 38 354
6 39 805
6 40 337
6 41 402
6 42 853
6 43 385
6 44 450
6 45 901
6 46 361
7 0 874
7 1 191
7 2 556
7 3 274
7 4 678
7 5 469
7 6 513
7 7 0
7 8 191
7 9 196
7 10 417
7 11 143
7 12 269
7 13 521
7 14 409
7 15 534
7 16 161
7 17 361
7 18 431
7 19 217
7 20 500
7 21 626
7 22 309
7 23 534
7 24 174
7 25 643
7 26 222
7 27 348
7 28 754
7 29 303
7 30 628
7 31 706
7 32 255
7 33 580
7 34 658
7 35 207
7 36 532
7 37 610
7 38 159
7 39 484
7 40 562
7 41 111
7 42 436
7 43 514
7 44 63
7 45 388
7 46 874
8 0 683
8 1 0
8 2 569
8 3 339
8 4 639
8 5 534
8 6 578
8 7 191
8 8 0
8 9 261
8 10 482
8 11 334
8 12 78
8 13 508
8 14 474
8 15 495
8 16 226
8 17 426
8 18 496
8 19 26
8 20 565
8 21 691
8 22 374
8 23 625
8 24 239
8 25 578
8 26 287
8 27 413
8 28 563
8 29 368
8 30 819
8 31 515
8 32 320
8 33 771
8 34 467
8 35 272
8 36 723
8 37 419
8 38 224
8 39 675
8 40 371
8 41 176
8 42 627
8 43 323
8 44 128
8 45 579
8 46 683
9 0 752
9 1 261
9 2 434
9 3 78
9 4 556
9 5 347
9 6 391
9 7 196
9 8 261
9 9 0
9 10 295
9 11 339
9 12 339
9 13 399
9 14 287
9 15 412
9 16 135
9 17 239
9 18 309
9 19 287
9 20 378
9 21 504
9 22 187
9 23 364
9 24 148
9 25 521
9 26 100
9 27 226
9 28 632
9 29 181
9 30 558
9 31 584
9 32 133
9 33 510
9 34 536
9 35 85
9 36 462
9 37 488
9 38 37
9 39 414
9 40 536
9 41 85
9 42 462
9 43 584
9 44 133
9 45 510
9 46 752
10 0 457
10 1 482
10 2 343
10 3 373
10 4 413
10 5 52
10 6 482
10 7 417
10 8 482
10 9 295
10 10 0
10 11 560
10 12 534
10 13 104
10 14 508
10 15 117
10 16 356
10 17 460
10 18 530
10 19 508
10 20 495
10 21 465
10 22 408
10 23 659
10 24 369
10 25 352
10 26 195
10 27 447
10 28 337
10 29 402
10 30 853
10 31 289
10 32 354
10 33 805
10 34 241
10 35 306
10 36 757
10 37 193
10 38 258
10 39 709
10 40 241
10 41 306
10 42 757
10 43 289
10 44 354
10 45 805
10 46 457
11 0 1017
11 1 334
11 2 699
11 3 417
11 4 821
11 5 612
11 6 656
11 7 143
11 8 334
11 9 339
11 10 560
11 11 0
11 12 412
11 13 664
11 14 552
11 15 677
11 16 304
11 17 504
11 18 574
11 19 360
11 20 643
11 21 769
11 22 452
11 23 391
11 24 317
11 25 786
11 26 365
11 27 491
11 28 897
11 29 446
11 30 485
11 31 849
11 32 398
11 33 437
11 34 801
11 35 350
11 36 389
11 37 753
11 38 302
11 39 341
11 40 705
11 41 254
11 42 293
11 43 657
11 44 206
11 45 245
11 46 1017
12 0 605
12 1 78
12 2 491
12 3 417
12 4 561
12 5 482
12 6 630
12 7 269
12 8 78
12 9 339
12 10 534
12 11 412
12 12 0
12 13 430
12 14 552
12 15 417
12 16 304
12 17 504
12 18 574
12 19 52
12 20 643
12 21 613
12 22 452
12 23 703
12 24 317
12 25 500
12 26 365
12 27 491
12 28 485
12 29 446
12 30 897
12 31 437
12 32 398
12 33 849
12 34 389
12 35 350
12 36 801
12 37 341
12 38 302
12 39 753
12 40 293
12 41 254
12 42 705
12 43 245
12 44 206
12 45 657
12 46 605
13 0 353
13 1 508
13 2 239
13 3 477
13 4 309
13 5 52
13 6 378
13 7 521
13 8 508
13 9 399
13 10 104
13 11 664
13 12 430
13 13 0
13 14 612
13 15 13
13 16 460
13 17 434
13 18 556
13 19 482
13 20 391
13 21 361
13 22 486
13 23 763
13 24 473
13 25 248
13 26 299
13 27 447
13 28 233
13 29 506
13 30 957
13 31 185
13 32 458
13 33 909
13 34 137
13 35 410
13 36 861
13 37 89
13 38 362
13 39 813
13 40 137
13 41 410
13 42 861
13 43 185
13 44 458
13 45 909
13 46 353
14 0 773
14 1 474
14 2 551
14 3 365
14 4 577
14 5 560
14 6 412
14 7 409
14 8 474
14 9 287
14 10 508
14 11 552
14 12 552
14 13 612
14 14 0
14 15 625
14 16 348
14 17 356
14 18 330
14 19 500
14 20 399
14 21 525
14 22 304
14 23 443
14 24 361
14 25 542
14 26 313
14 27 343
14 28 653
14 29 202
14 30 345
14 31 605
14 32 154
14 33 297
14 34 653
14 35 202
14 36 345
14 37 701
14 38 250
14 39 393
14 40 749
14 41 298
14 42 441
14 43 797
14 44 346
14 45 489
14 46 773
15 0 340
15 1 495
15 2 226
15 3 490
15 4 296
15 5 65
15 6 365
15 7 534
15 8 495
15 9 412
15 10 117
15 11 677
15 12 417
15 13 13
15 14 625
15 15 0
15 16 473
15 17 421
15 18 543
15 19 469
15 20 378
15 21 348
15 22 473
15 23 776
15 24 486
15 25 235
15 26 312
15 27 434
15 28 220
15 29 519
15 30 970
15 31 172
15 32 471
15 33 922
15 34 124
15 35 423
15 36 874
15 37 76
15 38 375
15 39 826
15 40 124
15 41 423
15 42 874
15 43 172
15 44 471
15 45 922
15 46 340
16 0 813
16 1 226
16 2 495
16 3 213
16 4 617
16 5 408
16 6 452
16 7 161
16 8 226
16 9 135
16 10 356
16 11 304
16 12 304
16 13 460
16 14 348
16 15 473
16 16 0
16 17 300
16 18 370
16 19 252
16 20 439
16 21 565
16 22 248
16 23 499
16 24 13
16 25 582
16 26 161
16 27 287
16 28 693
16 29 242
16 30 593
16 31 645
16 32 194
16 33 545
16 34 597
16 35 146
16 36 497
16 37 549
16 38 98
16 39 449
16 40 501
16 41 50
16 42 401
16 43 549
16 44 98
16 45 449
16 46 813
17 0 513
17 1 426
17 2 195
17 3 317
17 4 469
17 5 486
17 6 460
17 7 361
17 8 426
17 9 239
17 10 460
17 11 504
17 12 504
17 13 434
17 14 356
17 15 421
17 16 300
17 17 0
17 18 378
17 19 452
17 20 447
17 21 521
17 22 52
17 23 603
17 24 313
17 25 408
17 26 265
17 27 13
17 28 393
17 29 250
17 30 701
17 31 345
17 32 202
17 33 653
17 34 297
17 35 154
17 36 605
17 37 345
17 38 202
17 39 653
17 40 393
17 41 250
17 42 701
17 43 441
17 44 298
17 45 749
17 46 513
18 0 443
18 1 496
18 2 521
18 3 387
18 4 247
18 5 582
18 6 434
18 7 431
18 8 496
18 9 309
18 10 530
18 11 574
18 12 574
18 13 556
18 14 330
18 15 543
18 16 370
18 17 378
18 18 0
18 19 522
18 20 421
18 21 195
18 22 326
18 23 673
18 24 383
18 25 434
18 26 335
18 27 365
18 28 323
18 29 128
18 30 579
18 31 371
18 32 176
18 33 627
18 34 419
18 35 224
18 36 675
18 37 467
18 38 272
18 39 723
18 40 515
18 41 320
18 42 771
18 43 563
18 44 368
18 45 819
18 46 443
19 0 657
19 1 26
19 2 543
19 3 365
19 4 613
19 5 534
19 6 604
19 7 217
19 8 26
19 9 287
19 10 508
19 11 360
19 12 52
19 13 482
19 14 500
19 15 469
19 16 252
19 17 452
19 18 522
19 19 0
19 20 591
19 21 665
19 22 400
19 23 651
19 24 265
19 25 552
19 26 313
19 27 439
19 28 537
19 29 394
19 30 845
19 31 489
19 32 346
19 33 797
19 34 441
19 35 298
19 36 749
19 37 393
19 38 250
19 39 701
19 40 345
19 41 202
19 42 653
19 43 297
19 44 154
19 45 605
19 46 657
20 0 374
20 1 565
20 2 356
20 3 456
20 4 330
20 5 443
20 6 13
20 7 500
20 8 565
20 9 378
20 10 495
20 11 643
20 12 643
20 13 391
20 14 399
20 15 378
20 16 439
20 17 447
20 18 421
20 19 591
20 20 0
20 21 382
20 22 395
20 23 742
20 24 452
20 25 143
20 26 404
20 27 434
20 28 254
20 29 293
20 30 744
20 31 206
20 32 245
20 33 696
20 34 254
20 35 293
20 36 744
20 37 302
20 38 341
20 39 792
20 40 350
20 41 389
20 42 840
20 43 398
20 44 437
20 45 888
20 46 374
21 0 248
21 1 691
21 2 326
21 3 582
21 4 52
21 5 413
21 6 369
21 7 626
21 8 691
21 9 504
21 10 465
21 11 769
21 12 613
21 13 361
21 14 525
21 15 348
21 16 565
21 17 521
21 18 195
21 19 665
21 20 382
21 21 0
21 22 521
21 23 868
21 24 578
21 25 239
21 26 530
21 27 534
21 28 128
21 29 323
21 30 774
21 31 176
21 32 371
21 33 822
21 34 224
21 35 419
21 36 870
21 37 272
21 38 467
21 39 918
21 40 320
21 41 515
21 42 966
21 43 368
21 44 563
21 45 1014
21 46 248
22 0 565
22 1 374
22 2 247
22 3 265
22 4 521
22 5 460
22 6 408
22 7 309
22 8 374
22 9 187
22 10 408
22 11 452
22 12 452
22 13 486
22 14 304
22 15 473
22 16 248
22 17 52
22 18 326
22 19 400
22 20 395
22 21 521
22 22 0
22 23 551
22 24 261
22 25 460
22 26 213
22 27 39
22 28 445
22 29 198
22 30 649
22 31 397
22 32 150
22 33 601
22 34 349
22 35 102
22 36 553
22 37 397
22 38 150
22 39 601
22 40 445
22 41 198
22 42 649
22 43 493
22 44 246
22 45 697
22 46 565
23 0 1116
23 1 625
23 2 798
23 3 286
23 4 920
23 5 711
23 6 755
23 7 534
23 8 625
23 9 364
23 10 659
23 11 391
23 12 703
23 13 763
23 14 443
23 15 776
23 16 499
23 17 603
23 18 673
23 19 651
23 20 742
23 21 868
23 22 551
23 23 0
23 24 486
23 25 885
23 26 464
23 27 590
23 28 996
23 29 545
23 30 194
23 31 948
23 32 497
23 33 146
23 34 900
23 35 449
23 36 98
23 37 852
23 38 401
23 39 50
23 40 900
23 41 449
23 42 98
23 43 948
23 44 497
23 45 146
23 46 1116
24 0 826
24 1 239
24 2 508
24 3 226
24 4 630
24 5 421
24 6 465
24 7 174
24 8 239
24 9 148
24 10 369
24 11 317
24 12 317
24 13 473
24 14 361
24 15 486
24 16 13
24 17 313
24 18 383
24 19 265
24 20 452
24 21 578
24 22 261
24 23 486
24 24 0
24 25 595
24 26 174
24 27 300
24 28 706
24 29 255
24 30 580
24 31 658
24 32 207
24 33 532
24 34 610
24 35 159
24 36 484
24 37 562
24 38 111
24 39 436
24 40 514
24 41 63
24 42 388
24 43 562
24 44 111
24 45 436
24 46 826
25 0 231
25 1 578
25 2 213
25 3 599
25 4 187
25 5 300
25 6 130
25 7 643
25 8 578
25 9 521
25 10 352
25 11 786
25 12 500
25 13 248
25 14 542
25 15 235
25 16 582
25 17 408
25 18 434
25 19 552
25 20 143
25 21 239
25 22 460
25 23 885
25 24 595
25 25 0
25 26 547
25 27 421
25 28 111
25 29 436
25 30 887
25 31 63
25 32 388
25 33 839
25 34 111
25 35 436
25 36 887
25 37 159
25 38 484
25 39 935
25 40 207
25 41 532
25 42 983
25 43 255
25 44 580
25 45 1031
25 46 231
26 0 652
26 1 287
26 2 460
26 3 178
26 4 582
26 5 247
26 6 417
26 7 222
26 8 287
26 9 100
26 10 195
26 11 365
26 12 365
26 13 299
26 14 313
26 15 312
26 16 161
26 17 265
26 18 335
26 19 313
26 20 404
26 21 530
26 22 213
26 23 464
26 24 174
26 25 547
26 26 0
26 27 252
26 28 532
26 29 207
26 30 658
26 31 484
26 32 159
26 33 610
26 34 436
26 35 111
26 36 562
26 37 388
26 38 63
26 39 514
26 40 436
26 41 111
26 42 562
26 43 484
26 44 159
26 45 610
26 46 652
27 0 526
27 1 413
27 2 208
27 3 304
27 4 482
27 5 499
27 6 447
27 7 348
27 8 413
27 9 226
27 10 447
27 11 491
27 12 491
27 13 447
27 14 343
27 15 434
27 16 287
27 17 13
27 18 365
27 19 439
27 20 434
27 21 534
27 22 39
27 23 590
27 24 300
27 25 421
27 26 252
27 27 0
27 28 406
27 29 237
27 30 688
27 31 358
27 32 189
27 33 640
27 34 310
27 35 141
27 36 592
27 37 358
27 38 189
27 39 640
27 40 406
27 41 237
27 42 688
27 43 454
27 44 285
27 45 736
27 46 526
28 0 120
28 1 563
28 2 198
28 3 710
28 4 76
28 5 285
28 6 241
28 7 754
28 8 563
28 9 632
28 10 337
28 11 897
28 12 485
28 13 233
28 14 653
28 15 220
28 16 693
28 17 393
28 18 323
28 19 537
28 20 254
28 21 128
28 22 445
28 23 996
28 24 706
28 25 111
28 26 532
28 27 406
28 28 0
28 29 451
28 30 902
28 31 48
28 32 499
28 33 950
28 34 96
28 35 547
28 36 998
28 37 144
28 38 595
28 39 1046
28 40 192
28 41 643
28 42 1094
28 43 240
28 44 691
28 45 1142
28 46 120
29 0 571
29 1 368
29 2 445
29 3 259
29 4 375
29 5 454
29 6 306
29 7 303
29 8 368
29 9 181
29 10 402
29 11 446
29 12 446
29 13 506
29 14 202
29 15 519
29 16 242
29 17 250
29 18 128
29 19 394
29 20 293
29 21 323
29 22 198
29 23 545
29 24 255
29 25 436
29 26 207
29 27 237
29 28 451
29 29 0
29 30 451
29 31 499
29 32 48
29 33 499
29 34 547
29 35 96
29 36 547
29 37 595
29 38 144
29 39 595
29 40 643
29 41 192
29 42 643
29 43 691
29 44 240
29 45 691
29 46 571
30 0 1022
30 1 819
30 2 896
30 3 480
30 4 826
30 5 905
30 6 757
30 7 628
30 8 819
30 9 558
30 10 853
30 11 485
30 12 897
30 13 957
30 14 345
30 15 970
30 16 593
30 17 701
30 18 579
30 19 845
30 20 744
30 21 774
30 22 649
30 23 194
30 24 580
30 25 887
30 26 658
30 27 688
30 28 902
30 29 451
30 30 0
30 31 950
30 32 499
30 33 48
30 34 998
30 35 547
30 36 96
30 37 1046
30 38 595
30 39 144
30 40 1094
30 41 643
30 42 192
30 43 1142
30 44 691
30 45 240
30 46 1022
31 0 168
31 1 515
31 2 150
31 3 662
31 4 124
31 5 237
31 6 193
31 7 706
31 8 515
31 9 584
31 10 289
31 11 849
31 12 437
31 13 185
31 14 605
31 15 172
31 16 645
31 17 345
31 18 371
31 19 489
31 20 206
31 21 176
31 22 397
31 23 948
31 24 658
31 25 63
31 26 484
31 27 358
31 28 48
31 29 499
31 30 950
31 31 0
31 32 451
31 33 902
31 34 48
31 35 499
31 36 950
31 37 96
31 38 547
31 39 998
31 40 144
31 41 595
31 42 1046
31 43 192
31 44 643
31 45 1094
31 46 168
32 0 619
32 1 320
32 2 397
32 3 211
32 4 423
32 5 406
32 6 258
32 7 255
32 8 320
32 9 133
32 10 354
32 11 398
32 12 398
32 13 458
32 14 154
32 15 471
32 16 194
32 17 202
32 18 176
32 19 346
32 20 245
32 21 371
32 22 150
32 23 497
32 24 207
32 25 388
32 26 159
32 27 189
32 28 499
32 29 48
32 30 499
32 31 451
32 32 0
32 33 451
32 34 499
32 35 48
32 36 499
32 37 547
32 38 96
32 39 547
32 40 595
32 41 144
32 42 595
32 43 643
32 44 192
32 45 643
32 46 619
33 0 1070
33 1 771
33 2 848
33 3 432
33 4 874
33 5 857
33 6 709
33 7 580
33 8 771
33 9 510
33 10 805
33 11 437
33 12 849
33 13 909
33 14 297
33 15 922
33 16 545
33 17 653
33 18 627
33 19 797
33 20 696
33 21 822
33 22 601
33 23 146
33 24 532
33 25 839
33 26 610
33 27 640
33 28 950
33 29 499
33 30 48
33 31 902
33 32 451
33 33 0
33 34 950
33 35 499
33 36 48
33 37 998
33 38 547
33 39 96
33 40 1046
33 41 595
33 42 144
33 43 1094
33 44 643
33 45 192
33 46 1070
34 0 216
34 1 467
34 2 102
34 3 614
34 4 172
34 5 189
34 6 241
34 7 658
34 8 467
34 9 536
34 10 241
34 11 801
34 12 389
34 13 137
34 14 653
34 15 124
34 16 597
34 17 297
34 18 419
34 19 441
34 20 254
34 21 224
34 22 349
34 23 900
34 24 610
34 25 111
34 26 436
34 27 310
34 28 96
34 29 547
34 30 998
34 31 48
34 32 499
34 33 950
34 34 0
34 35 451
34 36 902
34 37 48
34 38 499
34 39 950
34 40 96
34 41 547
34 42 998
34 43 144
34 44 595
34 45 1046
34 46 216
35 0 667
35 1 272
35 2 349
35 3 163
35 4 471
35 5 358
35 6 306
35 7 207
35 8 272
35 9 85
35 10 306
35 11 350
35 12 350
35 13 410
35 14 202
35 15 423
35 16 146
35 17 154
35 18 224
35 19 298
35 20 293
35 21 419
35 22 102
35 23 449
35 24 159
35 25 436
35 26 111
35 27 141
35 28 547
35 29 96
35 30 547
35 31 499
35 32 48
35 33 499
35 34 451
35 35 0
35 36 451
35 37 499
35 38 48
35 39 499
35 40 547
35 41 96
35 42 547
35 43 595
35 44 144
35 45 595
35 46 667
36 0 1118
36 1 723
36 2 800
36 3 384
36 4 922
36 5 809
36 6 757
36 7 532
36 8 723
36 9 462
36 10 757
36 11 389
36 12 801
36 13 861
36 14 345
36 15 874
36 16 497
36 17 605
36 18 675
36 19 749
36 20 744
36 21 870
36 22 553
36 23 98
36 24 484
36 25 887
36 26 562
36 27 592
36 28 998
36 29 547
36 30 96
36 31 950
36 32 499
36 33 48
36 34 902
36 35 451
36 36 0
36 37 950
36 38 499
36 39 48
36 40 998
36 41 547
36 42 96
36 43 1046
36 44 595
36 45 144
36 46 1118
37 0 264
37 1 419
37 2 150
37 3 566
37 4 220
37 5 141
37 6 289
37 7 610
37 8 419
37 9 488
37 10 193
37 11 753
37 12 341
37 13 89
37 14 701
37 15 76
37 16 549
37 17 345
37 18 467
37 19 393
37 20 302
37 21 272
37 22 397
37 23 852
37 24 562
37 25 159
37 26 388
37 27 358
37 28 144
37 29 595
37 30 1046
37 31 96
37 32 547
37 33 998
37 34 48
37 35 499
37 36 950
37 37 0
37 38 451
37 39 902
37 40 48
37 41 499
37 42 950
37 43 96
37 44 547
37 45 998
37 46 264
38 0 715
38 1 224
38 2 397
38 3 115
38 4 519
38 5 310
38 6 354
38 7 159
38 8 224
38 9 37
38 10 258
38 11 302
38 12 302
38 13 362
38 14 250
38 15 375
38 16 98
38 17 202
38 18 272
38 19 250
38 20 341
38 21 467
38 22 150
38 23 401
38 24 111
38 25 484
38 26 63
38 27 189
38 28 595
38 29 144
38 30 595
38 31 547
38 32 96
38 33 547
38 34 499
38 35 48
38 36 499
38 37 451
38 38 0
38 39 451
38 40 499
38 41 48
38 42 499
38 43 547
38 44 96
38 45 547
38 46 715
39 0 1166
39 1 675
39 2 848
39 3 336
39 4 970
39 5 761
39 6 805
39 7 484
39 8 675
39 9 414
39 10 709
39 11 341
39 12 753
39 13 813
39 14 393
39 15 826
39 16 449
39 17 653
39 18 723
39 19 701
39 20 792
39 21 918
39 22 601
39 23 50
39 24 436
39 25 935
39 26 514
39 27 640
39 28 1046
39 29 595
39 30 144
39 31 998
39 32 547
39 33 96
39 34 950
39 35 499
39 36 48
39 37 902
39 38 451
39 39 0
39 40 950
39 41 499
39 42 48
39 43 998
39 44 547
39 45 96
39 46 1166
40 0 312
40 1 371
40 2 198
40 3 614
40 4 268
40 5 189
40 6 337
40 7 562
40 8 371
40 9 536
40 10 241
40 11 705
40 12 293
40 13 137
40 14 749
40 15 124
40 16 501
40 17 393
40 18 515
40 19 345
40 20 350
40 21 320
40 22 445
40 23 900
40 24 514
40 25 207
40 26 436
40 27 406
40 28 192
40 29 643
40 30 1094
40 31 144
40 32 595
40 33 1046
40 34 96
40 35 547
40 36 998
40 37 48
40 38 499
40 39 950
40 40 0
40 41 451
40 42 902
40 43 48
40 44 499
40 45 950
40 46 312
41 0 763
41 1 176
41 2 445
41 3 163
41 4 567
41 5 358
41 6 402
41 7 111
41 8 176
41 9 85
41 10 306
41 11 254
41 12 254
41 13 410
41 14 298
41 15 423
41 16 50
41 17 250
41 18 320
41 19 202
41 20 389
41 21 515
41 22 198
41 23 449
41 24 63
41 25 532
41 26 111
41 27 237
41 28 643
41 29 192
41 30 643
41 31 595
41 32 144
41 33 595
41 34 547
41 35 96
41 36 547
41 37 499
41 38 48
41 39 499
41 40 451
41 41 0
41 42 451
41 43 499
41 44 48
41 45 499
41 46 763
42 0 1214
42 1 627
42 2 896
42 3 384
42 4 1018
42 5 809
42 6 853
42 7 436
42 8 627
42 9 462
42 10 757
42 11 293
42 12 705
42 13 861
42 14 441
42 15 874
42 16 401
42 17 701
42 18 771
42 19 653
42 20 840
42 21 966
42 22 649
42 23 98
42 24 388
42 25 983
42 26 562
42 27 688
42 28 1094
42 29 643
42 30 192
42 31 1046
42 32 595
42 33 144
42 34 998
42 35 547
42 36 96
42 37 950
42 38 499
42 39 48
42 40 902
42 41 451
42 42 0
42 43 950
42 44 499
42 45 48
42 46 1214
43 0 360
43 1 323
43 2 246
43 3 662
43 4 316
43 5 237
43 6 385
43 7 514
43 8 323
43 9 584
43 10 289
43 11 657
43 12 245
43 13 185
43 14 797
43 15 172
43 16 549
43 17 441
43 18 563
43 19 297
43 20 398
43 21 368
43 22 493
43 23 948
43 24 562
43 25 255
43 26 484
43 27 454
43 28 240
43 29 691
43 30 1142
43 31 192
43 32 643
43 33 1094
43 34 144
43 35 595
43 36 1046
43 37 96
43 38 547
43 39 998
43 40 48
43 41 499
43 42 950
43 43 0
43 44 451
43 45 902
43 46 360
44 0 811
44 1 128
44 2 493
44 3 211
44 4 615
44 5 406
44 6 450
44 7 63
44 8 128
44 9 133
44 10 354
44 11 206
44 12 206
44 13 458
44 14 346
44 15 471
44 16 98
44 17 298
44 18 368
44 19 154
44 20 437
44 21 563
44 22 246
44 23 497
44 24 111
44 25 580
44 26 159
44 27 285
44 28 691
44 29 240
44 30 691
44 31 643
44 32 192
44 33 643
44 34 595
44 35 144
44 36 595
44 37 547
44 38 96
44 39 547
44 40 499
44 41 48
44 42 499
44 43 451
44 44 0
44 45 451
44 46 811
45 0 1262
45 1 579
45 2 944
45 3 432
45 4 1066
45 5 857
45 6 901
45 7 388
45 8 579
45 9 510
45 10 805
45 11 245
45 12 657
45 13 909
45 14 489
45 15 922
45 16 449
45 17 749
45 18 819
45 19 605
45 20 888
45 21 1014
45 22 697
45 23 146
45 24 436
45 25 1031
45 26 610
45 27 736
45 28 1142
45 29 691
45 30 240
45 31 1094
45 32 643
45 33 192
45 34 1046
45 35 595
45 36 144
45 37 998
45 38 547
45 39 96
45 40 950
45 41 499
45 42 48
45 43 902
45 44 451
45 45 0
45 46 1262
46 0 0
46 1 683
46 2 318
46 3 830
46 4 196
46 5 405
46 6 361
46 7 874
46 8 683
46 9 752
46 10 457
46 11 1017
46 12 605
46 13 353
46 14 773
46 15 340
46 16 813
46 17 513
46 18 443
46 19 657
46 20 374
46 21 248
46 22 565
46 23 1116
46 24 826
46 25 231
46 26 652
46 27 526
46 28 120
46 29 571
46 30 1022
46 31 168
46 32 619
46 33 1070
46 34 216
46 35 667
46 36 1118
46 37 264
46 38 715
46 39 1166
46 40 312
46 41 763
46 42 1214
46 43 360
46 44 811
46 45 1262
46 46 0
//Location coordinates LocationName
//Loc x y
0 0.0 0.0 "depot"
1 240.0 443.0 "product aisle 5 bloc 0 rank 45"
2 96.0 222.0 "product aisle 2 bloc 0 rank 12"
3 144.0 686.0 "product aisle 3 bloc 1 rank 13"
4 0.0 196.0 "product aisle 0 bloc 0 rank 8"
5 144.0 261.0 "product aisle 3 bloc 0 rank 17"
6 48.0 313.0 "product aisle 1 bloc 0 rank 26"
7 240.0 634.0 "product aisle 5 bloc 1 rank 5"
8 240.0 443.0 "product aisle 5 bloc 0 rank 46"
9 144.0 608.0 "product aisle 3 bloc 1 rank 2"
10 144.0 313.0 "product aisle 3 bloc 0 rank 25"
11 240.0 777.0 "product aisle 5 bloc 1 rank 28"
12 240.0 365.0 "product aisle 5 bloc 0 rank 33"
13 144.0 209.0 "product aisle 3 bloc 0 rank 10"
14 48.0 725.0 "product aisle 1 bloc 1 rank 20"
15 144.0 196.0 "product aisle 3 bloc 0 rank 7"
16 192.0 621.0 "product aisle 4 bloc 1 rank 3"
17 96.0 417.0 "product aisle 2 bloc 0 rank 42"
18 0.0 443.0 "product aisle 0 bloc 0 rank 46"
19 240.0 417.0 "product aisle 5 bloc 0 rank 42"
20 48.0 326.0 "product aisle 1 bloc 0 rank 28"
21 0.0 248.0 "product aisle 0 bloc 0 rank 16"
22 96.0 469.0 "product aisle 2 bloc 0 rank 49"
23 144.0 972.0 "product aisle 3 bloc 1 rank 58"
24 192.0 634.0 "product aisle 4 bloc 1 rank 5"
25 48.0 183.0 "product aisle 1 bloc 0 rank 6"
26 144.0 508.0 "product aisle 3 bloc 0 rank 56"
27 96.0 430.0 "product aisle 2 bloc 0 rank 43"
28 24.0 120.0 "intersection aisle 0 bloc 0 rank 0"
29 24.0 571.0 "intersection aisle 0 bloc 1 rank 1"
30 24.0 1022.0 "intersection aisle 0 bloc 2 rank 2"
31 72.0 120.0 "intersection aisle 1 bloc 0 rank 0"
32 72.0 571.0 "intersection aisle 1 bloc 1 rank 1"
33 72.0 1022.0 "intersection aisle 1 bloc 2 rank 2"
34 120.0 120.0 "intersection aisle 2 bloc 0 rank 0"
35 120.0 571.0 "intersection aisle 2 bloc 1 rank 1"
36 120.0 1022.0 "intersection aisle 2 bloc 2 rank 2"
37 168.0 120.0 "intersection aisle 3 bloc 0 rank 0"
38 168.0 571.0 "intersection aisle 3 bloc 1 rank 1"
39 168.0 1022.0 "intersection aisle 3 bloc 2 rank 2"
40 216.0 120.0 "intersection aisle 4 bloc 0 rank 0"
41 216.0 571.0 "intersection aisle 4 bloc 1 rank 1"
42 216.0 1022.0 "intersection aisle 4 bloc 2 rank 2"
43 264.0 120.0 "intersection aisle 5 bloc 0 rank 0"
44 264.0 571.0 "intersection aisle 5 bloc 1 rank 1"
45 264.0 1022.0 "intersection aisle 5 bloc 2 rank 2"
46 0.0 0.0 "depot"
