//alpha
1
//NbLocations
75
//NbProducts
39
//NbPickers
2
//CapaPicker
4
//TimeToTravelOneDistanceUnit
3
//SetupTime
5400
//PickTime
300
//Products
//Idx Location Size
1 1 1
2 2 1
3 3 1
4 4 1
5 5 1
6 6 1
7 7 1
8 8 1
9 9 1
10 10 1
11 11 1
12 12 1
13 13 1
14 14 1
15 15 1
16 16 1
17 17 1
18 18 1
19 19 1
20 20 1
21 21 1
22 22 1
23 23 1
24 24 1
25 25 1
26 26 1
27 27 1
28 28 1
29 29 1
30 30 1
31 31 1
32 32 1
33 33 1
34 34 1
35 9 1
36 35 1
37 36 1
38 37 1
39 38 1
//Orders
//NbOrders
18
//Idx DueDate TardinessPenalty NbProdInOrder ProdIdx1 Qty1 ProdIdx2 Qty2 ...
1 144000 0 1 1 1
2 108000 0 1 2 1
3 90000 0 2 3 1 4 1
4 54000 0 1 5 1
5 126000 0 1 6 1
6 144000 0 2 7 1 8 1
7 72000 0 4 9 1 10 1 11 1 12 1
8 36000 0 4 13 1 14 1 15 1 16 1
9 36000 0 3 17 1 18 1 19 1
10 90000 0 2 20 1 21 1
11 126000 0 3 22 1 23 1 24 1
12 108000 0 2 25 1 26 1
13 36000 0 1 27 1
14 72000 0 2 28 1 29 1
15 54000 0 4 30 1 31 1 32 1 33 1
16 36000 0 4 34 1 35 1 36 1 37 1
17 72000 0 1 38 1
18 144000 0 1 39 1
//Graph (Products are vertices indexed from 1 to NbProducts)
//NbVerticesIntersections
36
//DepartingDepot
0
//ArrivalDepot
75
//Arcs
//Start End Distance
0 39 120
1 66 76
1 67 765
2 5 104
2 54 50
3 23 117
3 52 687
4 57 297
4 58 544
5 2 104
5 55 687
6 9 676
6 74 63
7 12 364
7 69 414
8 43 76
8 44 765
9 6 676
9 73 102
10 21 247
10 45 141
11 31 130
11 61 635
12 7 364
12 70 63
13 24 65
13 27 208
14 19 182
14 42 128
15 28 65
15 63 180
16 17 13
16 39 102
17 16 13
17 40 726
18 29 39
18 38 91
19 14 182
19 43 531
20 33 0
20 48 89
21 10 247
21 46 453
22 27 416
22 47 102
23 3 117
23 51 37
24 13 65
24 46 50
25 67 115
25 68 726
26 30 65
26 65 726
27 13 208
27 22 416
28 15 65
28 64 596
29 18 39
29 58 37
30 26 65
30 64 50
31 11 130
31 60 76
32 38 156
32 59 518
33 20 0
33 49 752
34 49 583
34 50 258
35 36 78
35 70 258
36 35 78
36 71 505
37 52 102
37 53 739
38 18 91
38 32 156
39 16 102
39 42 48
39 75 120
40 17 726
40 41 841
40 43 48
41 40 841
41 44 48
42 14 128
42 39 48
42 45 48
43 8 76
43 19 531
43 40 48
43 46 48
44 8 765
44 41 48
44 47 48
45 10 141
45 42 48
45 48 48
46 21 453
46 24 50
46 43 48
46 49 48
47 22 102
47 44 48
47 50 48
48 20 89
48 45 48
48 51 48
49 33 752
49 34 583
49 46 48
49 52 48
50 34 258
50 47 48
50 53 48
51 23 37
51 48 48
51 54 48
52 3 687
52 37 102
52 49 48
52 55 48
53 37 739
53 50 48
53 56 48
54 2 50
54 51 48
54 57 48
55 5 687
55 52 48
55 56 841
55 58 48
56 53 48
56 55 841
56 59 48
57 4 297
57 54 48
57 60 48
58 4 544
58 29 37
58 55 48
58 61 48
59 32 518
59 56 48
59 62 48
60 31 76
60 57 48
60 63 48
61 11 635
61 58 48
61 62 841
61 64 48
62 59 48
62 61 841
62 65 48
63 15 180
63 60 48
63 66 48
64 28 596
64 30 50
64 61 48
64 67 48
65 26 726
65 62 48
65 68 48
66 1 76
66 63 48
66 69 48
67 1 765
67 25 115
67 64 48
67 70 48
68 25 726
68 65 48
68 71 48
69 7 414
69 66 48
69 72 48
70 12 63
70 35 258
70 67 48
70 73 48
71 36 505
71 68 48
71 74 48
72 69 48
72 73 841
73 9 102
73 70 48
73 72 841
74 6 63
74 71 48
//LocStart LocEnd ShortestPath
0 0 0
0 1 628
0 2 410
0 3 466
0 4 705
0 5 514
0 6 2267
0 7 1014
0 8 1085
0 9 1591
0 10 357
0 11 662
0 12 1378
0 13 1172
0 14 296
0 15 684
0 16 222
0 17 235
0 18 1325
0 19 478
0 20 353
0 21 604
0 22 1796
0 23 349
0 24 1107
0 25 1508
0 26 1460
0 27 1380
0 28 749
0 29 1286
0 30 1395
0 31 532
0 32 1572
0 33 353
0 34 1688
0 35 1699
0 36 1777
0 37 1255
0 38 1416
0 39 120
0 40 961
0 41 1802
0 42 168
0 43 1009
0 44 1850
0 45 216
0 46 1057
0 47 1898
0 48 264
0 49 1105
0 50 1946
0 51 312
0 52 1153
0 53 1994
0 54 360
0 55 1201
0 56 2042
0 57 408
0 58 1249
0 59 2090
0 60 456
0 61 1297
0 62 2138
0 63 504
0 64 1345
0 65 2186
0 66 552
0 67 1393
0 68 2234
0 69 600
0 70 1441
0 71 2282
0 72 648
0 73 1489
0 74 2330
0 75 0
1 0 628
1 1 0
1 2 318
1 3 470
1 4 517
1 5 422
1 6 1639
1 7 538
1 8 1225
1 9 963
1 10 553
1 11 378
1 12 876
1 13 1216
1 14 588
1 15 304
1 16 610
1 17 623
1 18 985
1 19 770
1 20 453
1 21 800
1 22 1840
1 23 353
1 24 1151
1 25 880
1 26 928
1 27 1424
1 28 369
1 29 946
1 30 863
1 31 248
1 32 1232
1 33 453
1 34 1636
1 35 1071
1 36 1149
1 37 1107
1 38 1076
1 39 508
1 40 1197
1 41 2038
1 42 460
1 43 1149
1 44 1990
1 45 412
1 46 1101
1 47 1942
1 48 364
1 49 1053
1 50 1894
1 51 316
1 52 1005
1 53 1846
1 54 268
1 55 957
1 56 1798
1 57 220
1 58 909
1 59 1750
1 60 172
1 61 861
1 62 1702
1 63 124
1 64 813
1 65 1654
1 66 76
1 67 765
1 68 1606
1 69 124
1 70 813
1 71 1654
1 72 172
1 73 861
1 74 1702
1 75 628
2 0 410
2 1 318
2 2 0
2 3 252
2 4 395
2 5 104
2 6 1857
2 7 704
2 8 1059
2 9 1181
2 10 335
2 11 352
2 12 1068
2 13 1050
2 14 370
2 15 374
2 16 392
2 17 405
2 18 915
2 19 552
2 20 235
2 21 582
2 22 1674
2 23 135
2 24 985
2 25 1098
2 26 1050
2 27 1258
2 28 439
2 29 876
2 30 985
2 31 222
2 32 1162
2 33 235
2 34 1470
2 35 1289
2 36 1367
2 37 941
2 38 1006
2 39 290
2 40 1031
2 41 1872
2 42 242
2 43 983
2 44 1824
2 45 194
2 46 935
2 47 1776
2 48 146
2 49 887
2 50 1728
2 51 98
2 52 839
2 53 1680
2 54 50
2 55 791
2 56 1632
2 57 98
2 58 839
2 59 1680
2 60 146
2 61 887
2 62 1728
2 63 194
2 64 935
2 65 1776
2 66 242
2 67 983
2 68 1824
2 69 290
2 70 1031
2 71 1872
2 72 338
2 73 1079
2 74 1920
2 75 410
3 0 466
3 1 470
3 2 252
3 3 0
3 4 547
3 5 356
3 6 1801
3 7 856
3 8 907
3 9 1125
3 10 391
3 11 504
3 12 1038
3 13 898
3 14 426
3 15 526
3 16 448
3 17 461
3 18 859
3 19 608
3 20 291
3 21 638
3 22 1522
3 23 117
3 24 833
3 25 1042
3 26 994
3 27 1106
3 28 591
3 29 820
3 30 929
3 31 374
3 32 1106
3 33 291
3 34 1318
3 35 1233
3 36 1311
3 37 789
3 38 950
3 39 346
3 40 879
3 41 1720
3 42 298
3 43 831
3 44 1672
3 45 250
3 46 783
3 47 1624
3 48 202
3 49 735
3 50 1576
3 51 154
3 52 687
3 53 1528
3 54 202
3 55 735
3 56 1576
3 57 250
3 58 783
3 59 1624
3 60 298
3 61 831
3 62 1672
3 63 346
3 64 879
3 65 1720
3 66 394
3 67 927
3 68 1768
3 69 442
3 70 975
3 71 1816
3 72 490
3 73 1023
3 74 1864
3 75 466
4 0 705
4 1 517
4 2 395
4 3 547
4 4 0
4 5 499
4 6 1562
4 7 903
4 8 860
4 9 886
4 10 630
4 11 551
4 12 799
4 13 851
4 14 665
4 15 573
4 16 687
4 17 700
4 18 620
4 19 847
4 20 530
4 21 877
4 22 1475
4 23 430
4 24 786
4 25 803
4 26 755
4 27 1059
4 28 638
4 29 581
4 30 690
4 31 421
4 32 867
4 33 530
4 34 1271
4 35 994
4 36 1072
4 37 742
4 38 711
4 39 585
4 40 832
4 41 1673
4 42 537
4 43 784
4 44 1625
4 45 489
4 46 736
4 47 1577
4 48 441
4 49 688
4 50 1529
4 51 393
4 52 640
4 53 1481
4 54 345
4 55 592
4 56 1433
4 57 297
4 58 544
4 59 1385
4 60 345
4 61 592
4 62 1433
4 63 393
4 64 640
4 65 1481
4 66 441
4 67 688
4 68 1529
4 69 489
4 70 736
4 71 1577
4 72 537
4 73 784
4 74 1625
4 75 705
5 0 514
5 1 422
5 2 104
5 3 356
5 4 499
5 5 0
5 6 1753
5 7 808
5 8 955
5 9 1077
5 10 439
5 11 456
5 12 990
5 13 946
5 14 474
5 15 478
5 16 496
5 17 509
5 18 811
5 19 656
5 20 339
5 21 686
5 22 1570
5 23 239
5 24 881
5 25 994
5 26 946
5 27 1154
5 28 543
5 29 772
5 30 881
5 31 326
5 32 1058
5 33 339
5 34 1366
5 35 1185
5 36 1263
5 37 837
5 38 902
5 39 394
5 40 927
5 41 1768
5 42 346
5 43 879
5 44 1720
5 45 298
5 46 831
5 47 1672
5 48 250
5 49 783
5 50 1624
5 51 202
5 52 735
5 53 1576
5 54 154
5 55 687
5 56 1528
5 57 202
5 58 735
5 59 1576
5 60 250
5 61 783
5 62 1624
5 63 298
5 64 831
5 65 1672
5 66 346
5 67 879
5 68 1720
5 69 394
5 70 927
5 71 1768
5 72 442
5 73 975
5 74 1816
5 75 514
6 0 2267
6 1 1639
6 2 1857
6 3 1801
6 4 1562
6 5 1753
6 6 0
6 7 1253
6 8 1308
6 9 676
6 10 1910
6 11 1605
6 12 889
6 13 1221
6 14 1971
6 15 1583
6 16 2045
6 17 2032
6 18 1068
6 19 1789
6 20 1914
6 21 1663
6 22 597
6 23 1918
6 24 1260
6 25 885
6 26 933
6 27 1013
6 28 1518
6 29 1055
6 30 972
6 31 1735
6 32 821
6 33 1914
6 34 705
6 35 694
6 36 616
6 37 1138
6 38 977
6 39 2147
6 40 1306
6 41 591
6 42 2099
6 43 1258
6 44 543
6 45 2051
6 46 1210
6 47 495
6 48 2003
6 49 1162
6 50 447
6 51 1955
6 52 1114
6 53 399
6 54 1907
6 55 1066
6 56 351
6 57 1859
6 58 1018
6 59 303
6 60 1811
6 61 970
6 62 255
6 63 1763
6 64 922
6 65 207
6 66 1715
6 67 874
6 68 159
6 69 1667
6 70 826
6 71 111
6 72 1619
6 73 778
6 74 63
6 75 2267
7 0 1014
7 1 538
7 2 704
7 3 856
7 4 903
7 5 808
7 6 1253
7 7 0
7 8 935
7 9 577
7 10 939
7 11 764
7 12 364
7 13 926
7 14 974
7 15 690
7 16 996
7 17 1009
7 18 695
7 19 1156
7 20 839
7 21 1186
7 22 1550
7 23 739
7 24 861
7 25 590
7 26 638
7 27 1134
7 28 755
7 29 656
7 30 573
7 31 634
7 32 942
7 33 839
7 34 1346
7 35 685
7 36 763
7 37 817
7 38 786
7 39 894
7 40 907
7 41 1748
7 42 846
7 43 859
7 44 1700
7 45 798
7 46 811
7 47 1652
7 48 750
7 49 763
7 50 1604
7 51 702
7 52 715
7 53 1556
7 54 654
7 55 667
7 56 1508
7 57 606
7 58 619
7 59 1460
7 60 558
7 61 571
7 62 1412
7 63 510
7 64 523
7 65 1364
7 66 462
7 67 475
7 68 1316
7 69 414
7 70 427
7 71 1268
7 72 462
7 73 475
7 74 1316
7 75 1014
8 0 1085
8 1 1225
8 2 1059
8 3 907
8 4 860
8 5 955
8 6 1308
8 7 935
8 8 0
8 9 658
8 10 824
8 11 999
8 12 571
8 13 239
8 14 789
8 15 1073
8 16 863
8 17 850
8 18 392
8 19 607
8 20 924
8 21 577
8 22 863
8 23 1024
8 24 174
8 25 575
8 26 527
8 27 447
8 28 1008
8 29 353
8 30 462
8 31 1129
8 32 639
8 33 924
8 34 755
8 35 766
8 36 844
8 37 322
8 38 483
8 39 965
8 40 124
8 41 813
8 42 917
8 43 76
8 44 765
8 45 965
8 46 124
8 47 813
8 48 1013
8 49 172
8 50 861
8 51 1061
8 52 220
8 53 909
8 54 1109
8 55 268
8 56 957
8 57 1157
8 58 316
8 59 1005
8 60 1205
8 61 364
8 62 1053
8 63 1253
8 64 412
8 65 1101
8 66 1301
8 67 460
8 68 1149
8 69 1349
8 70 508
8 71 1197
8 72 1397
8 73 556
8 74 1245
8 75 1085
9 0 1591
9 1 963
9 2 1181
9 3 1125
9 4 886
9 5 1077
9 6 676
9 7 577
9 8 658
9 9 0
9 10 1234
9 11 929
9 12 213
9 13 649
9 14 1295
9 15 907
9 16 1369
9 17 1356
9 18 418
9 19 1113
9 20 1238
9 21 987
9 22 1273
9 23 1242
9 24 584
9 25 313
9 26 361
9 27 857
9 28 842
9 29 379
9 30 296
9 31 1059
9 32 665
9 33 1238
9 34 1069
9 35 408
9 36 486
9 37 540
9 38 509
9 39 1471
9 40 630
9 41 1267
9 42 1423
9 43 582
9 44 1219
9 45 1375
9 46 534
9 47 1171
9 48 1327
9 49 486
9 50 1123
9 51 1279
9 52 438
9 53 1075
9 54 1231
9 55 390
9 56 1027
9 57 1183
9 58 342
9 59 979
9 60 1135
9 61 294
9 62 931
9 63 1087
9 64 246
9 65 883
9 66 1039
9 67 198
9 68 835
9 69 991
9 70 150
9 71 787
9 72 943
9 73 102
9 74 739
9 75 1591
10 0 357
10 1 553
10 2 335
10 3 391
10 4 630
10 5 439
10 6 1910
10 7 939
10 8 824
10 9 1234
10 10 0
10 11 587
10 12 1147
10 13 815
10 14 317
10 15 609
10 16 339
10 17 352
10 18 968
10 19 499
10 20 278
10 21 247
10 22 1439
10 23 274
10 24 750
10 25 1151
10 26 1103
10 27 1023
10 28 674
10 29 929
10 30 1038
10 31 457
10 32 1215
10 33 278
10 34 1331
10 35 1342
10 36 1420
10 37 898
10 38 1059
10 39 237
10 40 796
10 41 1637
10 42 189
10 43 748
10 44 1589
10 45 141
10 46 700
10 47 1541
10 48 189
10 49 748
10 50 1589
10 51 237
10 52 796
10 53 1637
10 54 285
10 55 844
10 56 1685
10 57 333
10 58 892
10 59 1733
10 60 381
10 61 940
10 62 1781
10 63 429
10 64 988
10 65 1829
10 66 477
10 67 1036
10 68 1877
10 69 525
10 70 1084
10 71 1925
10 72 573
10 73 1132
10 74 1973
10 75 357
11 0 662
11 1 378
11 2 352
11 3 504
11 4 551
11 5 456
11 6 1605
11 7 764
11 8 999
11 9 929
11 10 587
11 11 0
11 12 842
11 13 990
11 14 622
11 15 434
11 16 644
11 17 657
11 18 759
11 19 804
11 20 487
11 21 834
11 22 1614
11 23 387
11 24 925
11 25 846
11 26 798
11 27 1198
11 28 499
11 29 720
11 30 733
11 31 130
11 32 1006
11 33 487
11 34 1410
11 35 1037
11 36 1115
11 37 881
11 38 850
11 39 542
11 40 971
11 41 1812
11 42 494
11 43 923
11 44 1764
11 45 446
11 46 875
11 47 1716
11 48 398
11 49 827
11 50 1668
11 51 350
11 52 779
11 53 1620
11 54 302
11 55 731
11 56 1572
11 57 254
11 58 683
11 59 1524
11 60 206
11 61 635
11 62 1476
11 63 254
11 64 683
11 65 1524
11 66 302
11 67 731
11 68 1572
11 69 350
11 70 779
11 71 1620
11 72 398
11 73 827
11 74 1668
11 75 662
12 0 1378
12 1 876
12 2 1068
12 3 1038
12 4 799
12 5 990
12 6 889
12 7 364
12 8 571
12 9 213
12 10 1147
12 11 842
12 12 0
12 13 562
12 14 1208
12 15 820
12 16 1282
12 17 1269
12 18 331
12 19 1026
12 20 1151
12 21 900
12 22 1186
12 23 1103
12 24 497
12 25 226
12 26 274
12 27 770
12 28 755
12 29 292
12 30 209
12 31 972
12 32 578
12 33 1151
12 34 982
12 35 321
12 36 399
12 37 453
12 38 422
12 39 1258
12 40 543
12 41 1384
12 42 1210
12 43 495
12 44 1336
12 45 1162
12 46 447
12 47 1288
12 48 1114
12 49 399
12 50 1240
12 51 1066
12 52 351
12 53 1192
12 54 1018
12 55 303
12 56 1144
12 57 970
12 58 255
12 59 1096
12 60 922
12 61 207
12 62 1048
12 63 874
12 64 159
12 65 1000
12 66 826
12 67 111
12 68 952
12 69 778
12 70 63
12 71 904
12 72 826
12 73 111
12 74 952
12 75 1378
13 0 1172
13 1 1216
13 2 1050
13 3 898
13 4 851
13 5 946
13 6 1221
13 7 926
13 8 239
13 9 649
13 10 815
13 11 990
13 12 562
13 13 0
13 14 876
13 15 1064
13 16 950
13 17 937
13 18 383
13 19 694
13 20 915
13 21 568
13 22 624
13 23 1015
13 24 65
13 25 566
13 26 518
13 27 208
13 28 999
13 29 344
13 30 453
13 31 1120
13 32 630
13 33 915
13 34 746
13 35 757
13 36 835
13 37 313
13 38 474
13 39 1052
13 40 211
13 41 822
13 42 1004
13 43 163
13 44 774
13 45 956
13 46 115
13 47 726
13 48 1004
13 49 163
13 50 774
13 51 1052
13 52 211
13 53 822
13 54 1100
13 55 259
13 56 870
13 57 1148
13 58 307
13 59 918
13 60 1196
13 61 355
13 62 966
13 63 1244
13 64 403
13 65 1014
13 66 1292
13 67 451
13 68 1062
13 69 1340
13 70 499
13 71 1110
13 72 1388
13 73 547
13 74 1158
13 75 1172
14 0 296
14 1 588
14 2 370
14 3 426
14 4 665
14 5 474
14 6 1971
14 7 974
14 8 789
14 9 1295
14 10 317
14 11 622
14 12 1208
14 13 876
14 14 0
14 15 644
14 16 278
14 17 291
14 18 1029
14 19 182
14 20 313
14 21 564
14 22 1500
14 23 309
14 24 811
14 25 1212
14 26 1164
14 27 1084
14 28 709
14 29 990
14 30 1099
14 31 492
14 32 1276
14 33 313
14 34 1392
14 35 1403
14 36 1481
14 37 959
14 38 1120
14 39 176
14 40 761
14 41 1602
14 42 128
14 43 713
14 44 1554
14 45 176
14 46 761
14 47 1602
14 48 224
14 49 809
14 50 1650
14 51 272
14 52 857
14 53 1698
14 54 320
14 55 905
14 56 1746
14 57 368
14 58 953
14 59 1794
14 60 416
14 61 1001
14 62 1842
14 63 464
14 64 1049
14 65 1890
14 66 512
14 67 1097
14 68 1938
14 69 560
14 70 1145
14 71 1986
14 72 608
14 73 1193
14 74 2034
14 75 296
15 0 684
15 1 304
15 2 374
15 3 526
15 4 573
15 5 478
15 6 1583
15 7 690
15 8 1073
15 9 907
15 10 609
15 11 434
15 12 820
15 13 1064
15 14 644
15 15 0
15 16 666
15 17 679
15 18 833
15 19 826
15 20 509
15 21 856
15 22 1688
15 23 409
15 24 999
15 25 824
15 26 776
15 27 1272
15 28 65
15 29 794
15 30 711
15 31 304
15 32 1080
15 33 509
15 34 1484
15 35 1015
15 36 1093
15 37 955
15 38 924
15 39 564
15 40 1045
15 41 1886
15 42 516
15 43 997
15 44 1838
15 45 468
15 46 949
15 47 1790
15 48 420
15 49 901
15 50 1742
15 51 372
15 52 853
15 53 1694
15 54 324
15 55 805
15 56 1646
15 57 276
15 58 757
15 59 1598
15 60 228
15 61 709
15 62 1550
15 63 180
15 64 661
15 65 1502
15 66 228
15 67 709
15 68 1550
15 69 276
15 70 757
15 71 1598
15 72 324
15 73 805
15 74 1646
15 75 684
16 0 222
16 1 610
16 2 392
16 3 448
16 4 687
16 5 496
16 6 2045
16 7 996
16 8 863
16 9 1369
16 10 339
16 11 644
16 12 1282
16 13 950
16 14 278
16 15 666
16 16 0
16 17 13
16 18 1103
16 19 460
16 20 335
16 21 586
16 22 1574
16 23 331
16 24 885
16 25 1286
16 26 1238
16 27 1158
16 28 731
16 29 1064
16 30 1173
16 31 514
16 32 1350
16 33 335
16 34 1466
16 35 1477
16 36 1555
16 37 1033
16 38 1194
16 39 102
16 40 739
16 41 1580
16 42 150
16 43 787
16 44 1628
16 45 198
16 46 835
16 47 1676
16 48 246
16 49 883
16 50 1724
16 51 294
16 52 931
16 53 1772
16 54 342
16 55 979
16 56 1820
16 57 390
16 58 1027
16 59 1868
16 60 438
16 61 1075
16 62 1916
16 63 486
16 64 1123
16 65 1964
16 66 534
16 67 1171
16 68 2012
16 69 582
16 70 1219
16 71 2060
16 72 630
16 73 1267
16 74 2108
16 75 222
17 0 235
17 1 623
17 2 405
17 3 461
17 4 700
17 5 509
17 6 2032
17 7 1009
17 8 850
17 9 1356
17 10 352
17 11 657
17 12 1269
17 13 937
17 14 291
17 15 679
17 16 13
17 17 0
17 18 1090
17 19 473
17 20 348
17 21 599
17 22 1561
17 23 344
17 24 872
17 25 1273
17 26 1225
17 27 1145
17 28 744
17 29 1051
17 30 1160
17 31 527
17 32 1337
17 33 348
17 34 1453
17 35 1464
17 36 1542
17 37 1020
17 38 1181
17 39 115
17 40 726
17 41 1567
17 42 163
17 43 774
17 44 1615
17 45 211
17 46 822
17 47 1663
17 48 259
17 49 870
17 50 1711
17 51 307
17 52 918
17 53 1759
17 54 355
17 55 966
17 56 1807
17 57 403
17 58 1014
17 59 1855
17 60 451
17 61 1062
17 62 1903
17 63 499
17 64 1110
17 65 1951
17 66 547
17 67 1158
17 68 1999
17 69 595
17 70 1206
17 71 2047
17 72 643
17 73 1254
17 74 2095
17 75 235
18 0 1325
18 1 985
18 2 915
18 3 859
18 4 620
18 5 811
18 6 1068
18 7 695
18 8 392
18 9 418
18 10 968
18 11 759
18 12 331
18 13 383
18 14 1029
18 15 833
18 16 1103
18 17 1090
18 18 0
18 19 847
18 20 972
18 21 721
18 22 1007
18 23 976
18 24 318
18 25 335
18 26 287
18 27 591
18 28 768
18 29 39
18 30 222
18 31 889
18 32 247
18 33 972
18 34 803
18 35 526
18 36 604
18 37 274
18 38 91
18 39 1205
18 40 364
18 41 1053
18 42 1157
18 43 316
18 44 1005
18 45 1109
18 46 268
18 47 957
18 48 1061
18 49 220
18 50 909
18 51 1013
18 52 172
18 53 861
18 54 965
18 55 124
18 56 813
18 57 917
18 58 76
18 59 765
18 60 965
18 61 124
18 62 813
18 63 1013
18 64 172
18 65 861
18 66 1061
18 67 220
18 68 909
18 69 1109
18 70 268
18 71 957
18 72 1157
18 73 316
18 74 1005
18 75 1325
19 0 478
19 1 770
19 2 552
19 3 608
19 4 847
19 5 656
19 6 1789
19 7 1156
19 8 607
19 9 1113
19 10 499
19 11 804
19 12 1026
19 13 694
19 14 182
19 15 826
19 16 460
19 17 473
19 18 847
19 19 0
19 20 495
19 21 746
19 22 1318
19 23 491
19 24 629
19 25 1030
19 26 982
19 27 902
19 28 891
19 29 808
19 30 917
19 31 674
19 32 1094
19 33 495
19 34 1210
19 35 1221
19 36 1299
19 37 777
19 38 938
19 39 358
19 40 579
19 41 1420
19 42 310
19 43 531
19 44 1372
19 45 358
19 46 579
19 47 1420
19 48 406
19 49 627
19 50 1468
19 51 454
19 52 675
19 53 1516
19 54 502
19 55 723
19 56 1564
19 57 550
19 58 771
19 59 1612
19 60 598
19 61 819
19 62 1660
19 63 646
19 64 867
19 65 1708
19 66 694
19 67 915
19 68 1756
19 69 742
19 70 963
19 71 1804
19 72 790
19 73 1011
19 74 1852
19 75 478
20 0 353
20 1 453
20 2 235
20 3 291
20 4 530
20 5 339
20 6 1914
20 7 839
20 8 924
20 9 1238
20 10 278
20 11 487
20 12 1151
20 13 915
20 14 313
20 15 509
20 16 335
20 17 348
20 18 972
20 19 495
20 20 0
20 21 525
20 22 1539
20 23 174
20 24 850
20 25 1155
20 26 1107
20 27 1123
20 28 574
20 29 933
20 30 1042
20 31 357
20 32 1219
20 33 0
20 34 1335
20 35 1346
20 36 1424
20 37 902
20 38 1063
20 39 233
20 40 896
20 41 1737
20 42 185
20 43 848
20 44 1689
20 45 137
20 46 800
20 47 1641
20 48 89
20 49 752
20 50 1593
20 51 137
20 52 800
20 53 1641
20 54 185
20 55 848
20 56 1689
20 57 233
20 58 896
20 59 1737
20 60 281
20 61 944
20 62 1785
20 63 329
20 64 992
20 65 1833
20 66 377
20 67 1040
20 68 1881
20 69 425
20 70 1088
20 71 1929
20 72 473
20 73 1136
20 74 1977
20 75 353
21 0 604
21 1 800
21 2 582
21 3 638
21 4 877
21 5 686
21 6 1663
21 7 1186
21 8 577
21 9 987
21 10 247
21 11 834
21 12 900
21 13 568
21 14 564
21 15 856
21 16 586
21 17 599
21 18 721
21 19 746
21 20 525
21 21 0
21 22 1192
21 23 521
21 24 503
21 25 904
21 26 856
21 27 776
21 28 921
21 29 682
21 30 791
21 31 704
21 32 968
21 33 525
21 34 1084
21 35 1095
21 36 1173
21 37 651
21 38 812
21 39 484
21 40 549
21 41 1390
21 42 436
21 43 501
21 44 1342
21 45 388
21 46 453
21 47 1294
21 48 436
21 49 501
21 50 1342
21 51 484
21 52 549
21 53 1390
21 54 532
21 55 597
21 56 1438
21 57 580
21 58 645
21 59 1486
21 60 628
21 61 693
21 62 1534
21 63 676
21 64 741
21 65 1582
21 66 724
21 67 789
21 68 1630
21 69 772
21 70 837
21 71 1678
21 72 820
21 73 885
21 74 1726
21 75 604
22 0 1796
22 1 1840
22 2 1674
22 3 1522
22 4 1475
22 5 1570
22 6 597
22 7 1550
22 8 863
22 9 1273
22 10 1439
22 11 1614
22 12 1186
22 13 624
22 14 1500
22 15 1688
22 16 1574
22 17 1561
22 18 1007
22 19 1318
22 20 1539
22 21 1192
22 22 0
22 23 1639
22 24 689
22 25 1164
22 26 1116
22 27 416
22 28 1623
22 29 968
22 30 1077
22 31 1744
22 32 812
22 33 1539
22 34 408
22 35 1069
22 36 991
22 37 937
22 38 968
22 39 1676
22 40 835
22 41 198
22 42 1628
22 43 787
22 44 150
22 45 1580
22 46 739
22 47 102
22 48 1628
22 49 787
22 50 150
22 51 1676
22 52 835
22 53 198
22 54 1724
22 55 883
22 56 246
22 57 1772
22 58 931
22 59 294
22 60 1820
22 61 979
22 62 342
22 63 1868
22 64 1027
22 65 390
22 66 1916
22 67 1075
22 68 438
22 69 1964
22 70 1123
22 71 486
22 72 2012
22 73 1171
22 74 534
22 75 1796
23 0 349
23 1 353
23 2 135
23 3 117
23 4 430
23 5 239
23 6 1918
23 7 739
23 8 1024
23 9 1242
23 10 274
23 11 387
23 12 1103
23 13 1015
23 14 309
23 15 409
23 16 331
23 17 344
23 18 976
23 19 491
23 20 174
23 21 521
23 22 1639
23 23 0
23 24 950
23 25 1159
23 26 1111
23 27 1223
23 28 474
23 29 937
23 30 1046
23 31 257
23 32 1223
23 33 174
23 34 1435
23 35 1350
23 36 1428
23 37 906
23 38 1067
23 39 229
23 40 996
23 41 1837
23 42 181
23 43 948
23 44 1789
23 45 133
23 46 900
23 47 1741
23 48 85
23 49 852
23 50 1693
23 51 37
23 52 804
23 53 1645
23 54 85
23 55 852
23 56 1693
23 57 133
23 58 900
23 59 1741
23 60 181
23 61 948
23 62 1789
23 63 229
23 64 996
23 65 1837
23 66 277
23 67 1044
23 68 1885
23 69 325
23 70 1092
23 71 1933
23 72 373
23 73 1140
23 74 1981
23 75 349
24 0 1107
24 1 1151
24 2 985
24 3 833
24 4 786
24 5 881
24 6 1260
24 7 861
24 8 174
24 9 584
24 10 750
24 11 925
24 12 497
24 13 65
24 14 811
24 15 999
24 16 885
24 17 872
24 18 318
24 19 629
24 20 850
24 21 503
24 22 689
24 23 950
24 24 0
24 25 501
24 26 453
24 27 273
24 28 934
24 29 279
24 30 388
24 31 1055
24 32 565
24 33 850
24 34 681
24 35 692
24 36 770
24 37 248
24 38 409
24 39 987
24 40 146
24 41 887
24 42 939
24 43 98
24 44 839
24 45 891
24 46 50
24 47 791
24 48 939
24 49 98
24 50 839
24 51 987
24 52 146
24 53 887
24 54 1035
24 55 194
24 56 935
24 57 1083
24 58 242
24 59 983
24 60 1131
24 61 290
24 62 1031
24 63 1179
24 64 338
24 65 1079
24 66 1227
24 67 386
24 68 1127
24 69 1275
24 70 434
24 71 1175
24 72 1323
24 73 482
24 74 1223
24 75 1107
25 0 1508
25 1 880
25 2 1098
25 3 1042
25 4 803
25 5 994
25 6 885
25 7 590
25 8 575
25 9 313
25 10 1151
25 11 846
25 12 226
25 13 566
25 14 1212
25 15 824
25 16 1286
25 17 1273
25 18 335
25 19 1030
25 20 1155
25 21 904
25 22 1164
25 23 1159
25 24 501
25 25 0
25 26 278
25 27 774
25 28 759
25 29 296
25 30 213
25 31 976
25 32 582
25 33 1155
25 34 986
25 35 421
25 36 499
25 37 457
25 38 426
25 39 1388
25 40 547
25 41 1158
25 42 1340
25 43 499
25 44 1110
25 45 1292
25 46 451
25 47 1062
25 48 1244
25 49 403
25 50 1014
25 51 1196
25 52 355
25 53 966
25 54 1148
25 55 307
25 56 918
25 57 1100
25 58 259
25 59 870
25 60 1052
25 61 211
25 62 822
25 63 1004
25 64 163
25 65 774
25 66 956
25 67 115
25 68 726
25 69 1004
25 70 163
25 71 774
25 72 1052
25 73 211
25 74 822
25 75 1508
26 0 1460
26 1 928
26 2 1050
26 3 994
26 4 755
26 5 946
26 6 933
26 7 638
26 8 527
26 9 361
26 10 1103
26 11 798
26 12 274
26 13 518
26 14 1164
26 15 776
26 16 1238
26 17 1225
26 18 287
26 19 982
26 20 1107
26 21 856
26 22 1116
26 23 1111
26 24 453
26 25 278
26 26 0
26 27 726
26 28 711
26 29 248
26 30 65
26 31 928
26 32 534
26 33 1107
26 34 938
26 35 469
26 36 547
26 37 409
26 38 378
26 39 1340
26 40 499
26 41 1110
26 42 1292
26 43 451
26 44 1062
26 45 1244
26 46 403
26 47 1014
26 48 1196
26 49 355
26 50 966
26 51 1148
26 52 307
26 53 918
26 54 1100
26 55 259
26 56 870
26 57 1052
26 58 211
26 59 822
26 60 1004
26 61 163
26 62 774
26 63 956
26 64 115
26 65 726
26 66 1004
26 67 163
26 68 774
26 69 1052
26 70 211
26 71 822
26 72 1100
26 73 259
26 74 870
26 75 1460
27 0 1380
27 1 1424
27 2 1258
27 3 1106
27 4 1059
27 5 1154
27 6 1013
27 7 1134
27 8 447
27 9 857
27 10 1023
27 11 1198
27 12 770
27 13 208
27 14 1084
27 15 1272
27 16 1158
27 17 1145
27 18 591
27 19 902
27 20 1123
27 21 776
27 22 416
27 23 1223
27 24 273
27 25 774
27 26 726
27 27 0
27 28 1207
27 29 552
27 30 661
27 31 1328
27 32 838
27 33 1123
27 34 824
27 35 965
27 36 1043
27 37 521
27 38 682
27 39 1260
27 40 419
27 41 614
27 42 1212
27 43 371
27 44 566
27 45 1164
27 46 323
27 47 518
27 48 1212
27 49 371
27 50 566
27 51 1260
27 52 419
27 53 614
27 54 1308
27 55 467
27 56 662
27 57 1356
27 58 515
27 59 710
27 60 1404
27 61 563
27 62 758
27 63 1452
27 64 611
27 65 806
27 66 1500
27 67 659
27 68 854
27 69 1548
27 70 707
27 71 902
27 72 1596
27 73 755
27 74 950
27 75 1380
28 0 749
28 1 369
28 2 439
28 3 591
28 4 638
28 5 543
28 6 1518
28 7 755
28 8 1008
28 9 842
28 10 674
28 11 499
28 12 755
28 13 999
28 14 709
28 15 65
28 16 731
28 17 744
28 18 768
28 19 891
28 20 574
28 21 921
28 22 1623
28 23 474
28 24 934
28 25 759
28 26 711
28 27 1207
28 28 0
28 29 729
28 30 646
28 31 369
28 32 1015
28 33 574
28 34 1419
28 35 950
28 36 1028
28 37 890
28 38 859
28 39 629
28 40 980
28 41 1821
28 42 581
28 43 932
28 44 1773
28 45 533
28 46 884
28 47 1725
28 48 485
28 49 836
28 50 1677
28 51 437
28 52 788
28 53 1629
28 54 389
28 55 740
28 56 1581
28 57 341
28 58 692
28 59 1533
28 60 293
28 61 644
28 62 1485
28 63 245
28 64 596
28 65 1437
28 66 293
28 67 644
28 68 1485
28 69 341
28 70 692
28 71 1533
28 72 389
28 73 740
28 74 1581
28 75 749
29 0 1286
29 1 946
29 2 876
29 3 820
29 4 581
29 5 772
29 6 1055
29 7 656
29 8 353
29 9 379
29 10 929
29 11 720
29 12 292
29 13 344
29 14 990
29 15 794
29 16 1064
29 17 1051
29 18 39
29 19 808
29 20 933
29 21 682
29 22 968
29 23 937
29 24 279
29 25 296
29 26 248
29 27 552
29 28 729
29 29 0
29 30 183
29 31 850
29 32 286
29 33 933
29 34 764
29 35 487
29 36 565
29 37 235
29 38 130
29 39 1166
29 40 325
29 41 1092
29 42 1118
29 43 277
29 44 1044
29 45 1070
29 46 229
29 47 996
29 48 1022
29 49 181
29 50 948
29 51 974
29 52 133
29 53 900
29 54 926
29 55 85
29 56 852
29 57 878
29 58 37
29 59 804
29 60 926
29 61 85
29 62 852
29 63 974
29 64 133
29 65 900
29 66 1022
29 67 181
29 68 948
29 69 1070
29 70 229
29 71 996
29 72 1118
29 73 277
29 74 1044
29 75 1286
30 0 1395
30 1 863
30 2 985
30 3 929
30 4 690
30 5 881
30 6 972
30 7 573
30 8 462
30 9 296
30 10 1038
30 11 733
30 12 209
30 13 453
30 14 1099
30 15 711
30 16 1173
30 17 1160
30 18 222
30 19 917
30 20 1042
30 21 791
30 22 1077
30 23 1046
30 24 388
30 25 213
30 26 65
30 27 661
30 28 646
30 29 183
30 30 0
30 31 863
30 32 469
30 33 1042
30 34 873
30 35 404
30 36 482
30 37 344
30 38 313
30 39 1275
30 40 434
30 41 1175
30 42 1227
30 43 386
30 44 1127
30 45 1179
30 46 338
30 47 1079
30 48 1131
30 49 290
30 50 1031
30 51 1083
30 52 242
30 53 983
30 54 1035
30 55 194
30 56 935
30 57 987
30 58 146
30 59 887
30 60 939
30 61 98
30 62 839
30 63 891
30 64 50
30 65 791
30 66 939
30 67 98
30 68 839
30 69 987
30 70 146
30 71 887
30 72 1035
30 73 194
30 74 935
30 75 1395
31 0 532
31 1 248
31 2 222
31 3 374
31 4 421
31 5 326
31 6 1735
31 7 634
31 8 1129
31 9 1059
31 10 457
31 11 130
31 12 972
31 13 1120
31 14 492
31 15 304
31 16 514
31 17 527
31 18 889
31 19 674
31 20 357
31 21 704
31 22 1744
31 23 257
31 24 1055
31 25 976
31 26 928
31 27 1328
31 28 369
31 29 850
31 30 863
31 31 0
31 32 1136
31 33 357
31 34 1540
31 35 1167
31 36 1245
31 37 1011
31 38 980
31 39 412
31 40 1101
31 41 1942
31 42 364
31 43 1053
31 44 1894
31 45 316
31 46 1005
31 47 1846
31 48 268
31 49 957
31 50 1798
31 51 220
31 52 909
31 53 1750
31 54 172
31 55 861
31 56 1702
31 57 124
31 58 813
31 59 1654
31 60 76
31 61 765
31 62 1606
31 63 124
31 64 813
31 65 1654
31 66 172
31 67 861
31 68 1702
31 69 220
31 70 909
31 71 1750
31 72 268
31 73 957
31 74 1798
31 75 532
32 0 1572
32 1 1232
32 2 1162
32 3 1106
32 4 867
32 5 1058
32 6 821
32 7 942
32 8 639
32 9 665
32 10 1215
32 11 1006
32 12 578
32 13 630
32 14 1276
32 15 1080
32 16 1350
32 17 1337
32 18 247
32 19 1094
32 20 1219
32 21 968
32 22 812
32 23 1223
32 24 565
32 25 582
32 26 534
32 27 838
32 28 1015
32 29 286
32 30 469
32 31 1136
32 32 0
32 33 1219
32 34 920
32 35 773
32 36 851
32 37 521
32 38 156
32 39 1452
32 40 611
32 41 806
32 42 1404
32 43 563
32 44 758
32 45 1356
32 46 515
32 47 710
32 48 1308
32 49 467
32 50 662
32 51 1260
32 52 419
32 53 614
32 54 1212
32 55 371
32 56 566
32 57 1164
32 58 323
32 59 518
32 60 1212
32 61 371
32 62 566
32 63 1260
32 64 419
32 65 614
32 66 1308
32 67 467
32 68 662
32 69 1356
32 70 515
32 71 710
32 72 1404
32 73 563
32 74 758
32 75 1572
33 0 353
33 1 453
33 2 235
33 3 291
33 4 530
33 5 339
33 6 1914
33 7 839
33 8 924
33 9 1238
33 10 278
33 11 487
33 12 1151
33 13 915
33 14 313
33 15 509
33 16 335
33 17 348
33 18 972
33 19 495
33 20 0
33 21 525
33 22 1539
33 23 174
33 24 850
33 25 1155
33 26 1107
33 27 1123
33 28 574
33 29 933
33 30 1042
33 31 357
33 32 1219
33 33 0
33 34 1335
33 35 1346
33 36 1424
33 37 902
33 38 1063
33 39 233
33 40 896
33 41 1737
33 42 185
33 43 848
33 44 1689
33 45 137
33 46 800
33 47 1641
33 48 89
33 49 752
33 50 1593
33 51 137
33 52 800
33 53 1641
33 54 185
33 55 848
33 56 1689
33 57 233
33 58 896
33 59 1737
33 60 281
33 61 944
33 62 1785
33 63 329
33 64 992
33 65 1833
33 66 377
33 67 1040
33 68 1881
33 69 425
33 70 1088
33 71 1929
33 72 473
33 73 1136
33 74 1977
33 75 353
34 0 1688
34 1 1636
34 2 1470
34 3 1318
34 4 1271
34 5 1366
34 6 705
34 7 1346
34 8 755
34 9 1069
34 10 1331
34 11 1410
34 12 982
34 13 746
34 14 1392
34 15 1484
34 16 1466
34 17 1453
34 18 803
34 19 1210
34 20 1335
34 21 1084
34 22 408
34 23 1435
34 24 681
34 25 986
34 26 938
34 27 824
34 28 1419
34 29 764
34 30 873
34 31 1540
34 32 920
34 33 1335
34 34 0
34 35 1177
34 36 1099
34 37 733
34 38 894
34 39 1568
34 40 727
34 41 402
34 42 1520
34 43 679
34 44 354
34 45 1472
34 46 631
34 47 306
34 48 1424
34 49 583
34 50 258
34 51 1472
34 52 631
34 53 306
34 54 1520
34 55 679
34 56 354
34 57 1568
34 58 727
34 59 402
34 60 1616
34 61 775
34 62 450
34 63 1664
34 64 823
34 65 498
34 66 1712
34 67 871
34 68 546
34 69 1760
34 70 919
34 71 594
34 72 1808
34 73 967
34 74 642
34 75 1688
35 0 1699
35 1 1071
35 2 1289
35 3 1233
35 4 994
35 5 1185
35 6 694
35 7 685
35 8 766
35 9 408
35 10 1342
35 11 1037
35 12 321
35 13 757
35 14 1403
35 15 1015
35 16 1477
35 17 1464
35 18 526
35 19 1221
35 20 1346
35 21 1095
35 22 1069
35 23 1350
35 24 692
35 25 421
35 26 469
35 27 965
35 28 950
35 29 487
35 30 404
35 31 1167
35 32 773
35 33 1346
35 34 1177
35 35 0
35 36 78
35 37 648
35 38 617
35 39 1579
35 40 738
35 41 1063
35 42 1531
35 43 690
35 44 1015
35 45 1483
35 46 642
35 47 967
35 48 1435
35 49 594
35 50 919
35 51 1387
35 52 546
35 53 871
35 54 1339
35 55 498
35 56 823
35 57 1291
35 58 450
35 59 775
35 60 1243
35 61 402
35 62 727
35 63 1195
35 64 354
35 65 679
35 66 1147
35 67 306
35 68 631
35 69 1099
35 70 258
35 71 583
35 72 1147
35 73 306
35 74 631
35 75 1699
36 0 1777
36 1 1149
36 2 1367
36 3 1311
36 4 1072
36 5 1263
36 6 616
36 7 763
36 8 844
36 9 486
36 10 1420
36 11 1115
36 12 399
36 13 835
36 14 1481
36 15 1093
36 16 1555
36 17 1542
36 18 604
36 19 1299
36 20 1424
36 21 1173
36 22 991
36 23 1428
36 24 770
36 25 499
36 26 547
36 27 1043
36 28 1028
36 29 565
36 30 482
36 31 1245
36 32 851
36 33 1424
36 34 1099
36 35 78
36 36 0
36 37 726
36 38 695
36 39 1657
36 40 816
36 41 985
36 42 1609
36 43 768
36 44 937
36 45 1561
36 46 720
36 47 889
36 48 1513
36 49 672
36 50 841
36 51 1465
36 52 624
36 53 793
36 54 1417
36 55 576
36 56 745
36 57 1369
36 58 528
36 59 697
36 60 1321
36 61 480
36 62 649
36 63 1273
36 64 432
36 65 601
36 66 1225
36 67 384
36 68 553
36 69 1177
36 70 336
36 71 505
36 72 1225
36 73 384
36 74 553
36 75 1777
37 0 1255
37 1 1107
37 2 941
37 3 789
37 4 742
37 5 837
37 6 1138
37 7 817
37 8 322
37 9 540
37 10 898
37 11 881
37 12 453
37 13 313
37 14 959
37 15 955
37 16 1033
37 17 1020
37 18 274
37 19 777
37 20 902
37 21 651
37 22 937
37 23 906
37 24 248
37 25 457
37 26 409
37 27 521
37 28 890
37 29 235
37 30 344
37 31 1011
37 32 521
37 33 902
37 34 733
37 35 648
37 36 726
37 37 0
37 38 365
37 39 1135
37 40 294
37 41 931
37 42 1087
37 43 246
37 44 883
37 45 1039
37 46 198
37 47 835
37 48 991
37 49 150
37 50 787
37 51 943
37 52 102
37 53 739
37 54 991
37 55 150
37 56 787
37 57 1039
37 58 198
37 59 835
37 60 1087
37 61 246
37 62 883
37 63 1135
37 64 294
37 65 931
37 66 1183
37 67 342
37 68 979
37 69 1231
37 70 390
37 71 1027
37 72 1279
37 73 438
37 74 1075
37 75 1255
38 0 1416
38 1 1076
38 2 1006
38 3 950
38 4 711
38 5 902
38 6 977
38 7 786
38 8 483
38 9 509
38 10 1059
38 11 850
38 12 422
38 13 474
38 14 1120
38 15 924
38 16 1194
38 17 1181
38 18 91
38 19 938
38 20 1063
38 21 812
38 22 968
38 23 1067
38 24 409
38 25 426
38 26 378
38 27 682
38 28 859
38 29 130
38 30 313
38 31 980
38 32 156
38 33 1063
38 34 894
38 35 617
38 36 695
38 37 365
38 38 0
38 39 1296
38 40 455
38 41 962
38 42 1248
38 43 407
38 44 914
38 45 1200
38 46 359
38 47 866
38 48 1152
38 49 311
38 50 818
38 51 1104
38 52 263
38 53 770
38 54 1056
38 55 215
38 56 722
38 57 1008
38 58 167
38 59 674
38 60 1056
38 61 215
38 62 722
38 63 1104
38 64 263
38 65 770
38 66 1152
38 67 311
38 68 818
38 69 1200
38 70 359
38 71 866
38 72 1248
38 73 407
38 74 914
38 75 1416
39 0 120
39 1 508
39 2 290
39 3 346
39 4 585
39 5 394
39 6 2147
39 7 894
39 8 965
39 9 1471
39 10 237
39 11 542
39 12 1258
39 13 1052
39 14 176
39 15 564
39 16 102
39 17 115
39 18 1205
39 19 358
39 20 233
39 21 484
39 22 1676
39 23 229
39 24 987
39 25 1388
39 26 1340
39 27 1260
39 28 629
39 29 1166
39 30 1275
39 31 412
39 32 1452
39 33 233
39 34 1568
39 35 1579
39 36 1657
39 37 1135
39 38 1296
39 39 0
39 40 841
39 41 1682
39 42 48
39 43 889
39 44 1730
39 45 96
39 46 937
39 47 1778
39 48 144
39 49 985
39 50 1826
39 51 192
39 52 1033
39 53 1874
39 54 240
39 55 1081
39 56 1922
39 57 288
39 58 1129
39 59 1970
39 60 336
39 61 1177
39 62 2018
39 63 384
39 64 1225
39 65 2066
39 66 432
39 67 1273
39 68 2114
39 69 480
39 70 1321
39 71 2162
39 72 528
39 73 1369
39 74 2210
39 75 120
40 0 961
40 1 1197
40 2 1031
40 3 879
40 4 832
40 5 927
40 6 1306
40 7 907
40 8 124
40 9 630
40 10 796
40 11 971
40 12 543
40 13 211
40 14 761
40 15 1045
40 16 739
40 17 726
40 18 364
40 19 579
40 20 896
40 21 549
40 22 835
40 23 996
40 24 146
40 25 547
40 26 499
40 27 419
40 28 980
40 29 325
40 30 434
40 31 1101
40 32 611
40 33 896
40 34 727
40 35 738
40 36 816
40 37 294
40 38 455
40 39 841
40 40 0
40 41 841
40 42 889
40 43 48
40 44 889
40 45 937
40 46 96
40 47 937
40 48 985
40 49 144
40 50 985
40 51 1033
40 52 192
40 53 1033
40 54 1081
40 55 240
40 56 1081
40 57 1129
40 58 288
40 59 1129
40 60 1177
40 61 336
40 62 1177
40 63 1225
40 64 384
40 65 1225
40 66 1273
40 67 432
40 68 1273
40 69 1321
40 70 480
40 71 1321
40 72 1369
40 73 528
40 74 1369
40 75 961
41 0 1802
41 1 2038
41 2 1872
41 3 1720
41 4 1673
41 5 1768
41 6 591
41 7 1748
41 8 813
41 9 1267
41 10 1637
41 11 1812
41 12 1384
41 13 822
41 14 1602
41 15 1886
41 16 1580
41 17 1567
41 18 1053
41 19 1420
41 20 1737
41 21 1390
41 22 198
41 23 1837
41 24 887
41 25 1158
41 26 1110
41 27 614
41 28 1821
41 29 1092
41 30 1175
41 31 1942
41 32 806
41 33 1737
41 34 402
41 35 1063
41 36 985
41 37 931
41 38 962
41 39 1682
41 40 841
41 41 0
41 42 1730
41 43 889
41 44 48
41 45 1778
41 46 937
41 47 96
41 48 1826
41 49 985
41 50 144
41 51 1874
41 52 1033
41 53 192
41 54 1922
41 55 1081
41 56 240
41 57 1970
41 58 1129
41 59 288
41 60 2018
41 61 1177
41 62 336
41 63 2066
41 64 1225
41 65 384
41 66 2114
41 67 1273
41 68 432
41 69 2162
41 70 1321
41 71 480
41 72 2210
41 73 1369
41 74 528
41 75 1802
42 0 168
42 1 460
42 2 242
42 3 298
42 4 537
42 5 346
42 6 2099
42 7 846
42 8 917
42 9 1423
42 10 189
42 11 494
42 12 1210
42 13 1004
42 14 128
42 15 516
42 16 150
42 17 163
42 18 1157
42 19 310
42 20 185
42 21 436
42 22 1628
42 23 181
42 24 939
42 25 1340
42 26 1292
42 27 1212
42 28 581
42 29 1118
42 30 1227
42 31 364
42 32 1404
42 33 185
42 34 1520
42 35 1531
42 36 1609
42 37 1087
42 38 1248
42 39 48
42 40 889
42 41 1730
42 42 0
42 43 841
42 44 1682
42 45 48
42 46 889
42 47 1730
42 48 96
42 49 937
42 50 1778
42 51 144
42 52 985
42 53 1826
42 54 192
42 55 1033
42 56 1874
42 57 240
42 58 1081
42 59 1922
42 60 288
42 61 1129
42 62 1970
42 63 336
42 64 1177
42 65 2018
42 66 384
42 67 1225
42 68 2066
42 69 432
42 70 1273
42 71 2114
42 72 480
42 73 1321
42 74 2162
42 75 168
43 0 1009
43 1 1149
43 2 983
43 3 831
43 4 784
43 5 879
43 6 1258
43 7 859
43 8 76
43 9 582
43 10 748
43 11 923
43 12 495
43 13 163
43 14 713
43 15 997
43 16 787
43 17 774
43 18 316
43 19 531
43 20 848
43 21 501
43 22 787
43 23 948
43 24 98
43 25 499
43 26 451
43 27 371
43 28 932
43 29 277
43 30 386
43 31 1053
43 32 563
43 33 848
43 34 679
43 35 690
43 36 768
43 37 246
43 38 407
43 39 889
43 40 48
43 41 889
43 42 841
43 43 0
43 44 841
43 45 889
43 46 48
43 47 889
43 48 937
43 49 96
43 50 937
43 51 985
43 52 144
43 53 985
43 54 1033
43 55 192
43 56 1033
43 57 1081
43 58 240
43 59 1081
43 60 1129
43 61 288
43 62 1129
43 63 1177
43 64 336
43 65 1177
43 66 1225
43 67 384
43 68 1225
43 69 1273
43 70 432
43 71 1273
43 72 1321
43 73 480
43 74 1321
43 75 1009
44 0 1850
44 1 1990
44 2 1824
44 3 1672
44 4 1625
44 5 1720
44 6 543
44 7 1700
44 8 765
44 9 1219
44 10 1589
44 11 1764
44 12 1336
44 13 774
44 14 1554
44 15 1838
44 16 1628
44 17 1615
44 18 1005
44 19 1372
44 20 1689
44 21 1342
44 22 150
44 23 1789
44 24 839
44 25 1110
44 26 1062
44 27 566
44 28 1773
44 29 1044
44 30 1127
44 31 1894
44 32 758
44 33 1689
44 34 354
44 35 1015
44 36 937
44 37 883
44 38 914
44 39 1730
44 40 889
44 41 48
44 42 1682
44 43 841
44 44 0
44 45 1730
44 46 889
44 47 48
44 48 1778
44 49 937
44 50 96
44 51 1826
44 52 985
44 53 144
44 54 1874
44 55 1033
44 56 192
44 57 1922
44 58 1081
44 59 240
44 60 1970
44 61 1129
44 62 288
44 63 2018
44 64 1177
44 65 336
44 66 2066
44 67 1225
44 68 384
44 69 2114
44 70 1273
44 71 432
44 72 2162
44 73 1321
44 74 480
44 75 1850
45 0 216
45 1 412
45 2 194
45 3 250
45 4 489
45 5 298
45 6 2051
45 7 798
45 8 965
45 9 1375
45 10 141
45 11 446
45 12 1162
45 13 956
45 14 176
45 15 468
45 16 198
45 17 211
45 18 1109
45 19 358
45 20 137
45 21 388
45 22 1580
45 23 133
45 24 891
45 25 1292
45 26 1244
45 27 1164
45 28 533
45 29 1070
45 30 1179
45 31 316
45 32 1356
45 33 137
45 34 1472
45 35 1483
45 36 1561
45 37 1039
45 38 1200
45 39 96
45 40 937
45 41 1778
45 42 48
45 43 889
45 44 1730
45 45 0
45 46 841
45 47 1682
45 48 48
45 49 889
45 50 1730
45 51 96
45 52 937
45 53 1778
45 54 144
45 55 985
45 56 1826
45 57 192
45 58 1033
45 59 1874
45 60 240
45 61 1081
45 62 1922
45 63 288
45 64 1129
45 65 1970
45 66 336
45 67 1177
45 68 2018
45 69 384
45 70 1225
45 71 2066
45 72 432
45 73 1273
45 74 2114
45 75 216
46 0 1057
46 1 1101
46 2 935
46 3 783
46 4 736
46 5 831
46 6 1210
46 7 811
46 8 124
46 9 534
46 10 700
46 11 875
46 12 447
46 13 115
46 14 761
46 15 949
46 16 835
46 17 822
46 18 268
46 19 579
46 20 800
46 21 453
46 22 739
46 23 900
46 24 50
46 25 451
46 26 403
46 27 323
46 28 884
46 29 229
46 30 338
46 31 1005
46 32 515
46 33 800
46 34 631
46 35 642
46 36 720
46 37 198
46 38 359
46 39 937
46 40 96
46 41 937
46 42 889
46 43 48
46 44 889
46 45 841
46 46 0
46 47 841
46 48 889
46 49 48
46 50 889
46 51 937
46 52 96
46 53 937
46 54 985
46 55 144
46 56 985
46 57 1033
46 58 192
46 59 1033
46 60 1081
46 61 240
46 62 1081
46 63 1129
46 64 288
46 65 1129
46 66 1177
46 67 336
46 68 1177
46 69 1225
46 70 384
46 71 1225
46 72 1273
46 73 432
46 74 1273
46 75 1057
47 0 1898
47 1 1942
47 2 1776
47 3 1624
47 4 1577
47 5 1672
47 6 495
47 7 1652
47 8 813
47 9 1171
47 10 1541
47 11 1716
47 12 1288
47 13 726
47 14 1602
47 15 1790
47 16 1676
47 17 1663
47 18 957
47 19 1420
47 20 1641
47 21 1294
47 22 102
47 23 1741
47 24 791
47 25 1062
47 26 1014
47 27 518
47 28 1725
47 29 996
47 30 1079
47 31 1846
47 32 710
47 33 1641
47 34 306
47 35 967
47 36 889
47 37 835
47 38 866
47 39 1778
47 40 937
47 41 96
47 42 1730
47 43 889
47 44 48
47 45 1682
47 46 841
47 47 0
47 48 1730
47 49 889
47 50 48
47 51 1778
47 52 937
47 53 96
47 54 1826
47 55 985
47 56 144
47 57 1874
47 58 1033
47 59 192
47 60 1922
47 61 1081
47 62 240
47 63 1970
47 64 1129
47 65 288
47 66 2018
47 67 1177
47 68 336
47 69 2066
47 70 1225
47 71 384
47 72 2114
47 73 1273
47 74 432
47 75 1898
48 0 264
48 1 364
48 2 146
48 3 202
48 4 441
48 5 250
48 6 2003
48 7 750
48 8 1013
48 9 1327
48 10 189
48 11 398
48 12 1114
48 13 1004
48 14 224
48 15 420
48 16 246
48 17 259
48 18 1061
48 19 406
48 20 89
48 21 436
48 22 1628
48 23 85
48 24 939
48 25 1244
48 26 1196
48 27 1212
48 28 485
48 29 1022
48 30 1131
48 31 268
48 32 1308
48 33 89
48 34 1424
48 35 1435
48 36 1513
48 37 991
48 38 1152
48 39 144
48 40 985
48 41 1826
48 42 96
48 43 937
48 44 1778
48 45 48
48 46 889
48 47 1730
48 48 0
48 49 841
48 50 1682
48 51 48
48 52 889
48 53 1730
48 54 96
48 55 937
48 56 1778
48 57 144
48 58 985
48 59 1826
48 60 192
48 61 1033
