//alpha
1
//NbLocations
66
//NbProducts
29
//NbPickers
2
//CapaPicker
12
//TimeToTravelOneDistanceUnit
3
//SetupTime
5400
//PickTime
300
//Products
//Idx Location Size
1 1 1
2 2 1
3 3 1
4 4 1
5 5 1
6 6 1
7 7 1
8 8 1
9 9 1
10 10 1
11 11 1
12 12 1
13 13 1
14 14 1
15 15 1
16 16 1
17 17 1
18 18 1
19 19 1
20 20 1
21 21 1
22 22 1
23 23 1
24 24 1
25 25 1
26 26 1
27 27 1
28 28 1
29 29 1
//Orders
//NbOrders
18
//Idx DueDate TardinessPenalty NbProdInOrder ProdIdx1 Qty1 ProdIdx2 Qty2 ...
1 72000 0 1 1 1
2 72000 0 3 2 1 3 1 4 1
3 54000 0 4 5 1 6 1 7 1 8 1
4 126000 0 1 9 1
5 72000 0 2 10 1 11 1
6 126000 0 1 12 1
7 90000 0 3 13 1 14 1 15 1
8 72000 0 1 16 1
9 36000 0 3 17 1 18 1 19 1
10 54000 0 1 20 1
11 72000 0 1 21 1
12 72000 0 2 22 1 23 1
13 90000 0 1 24 1
14 90000 0 1 25 1
15 72000 0 1 26 1
16 36000 0 1 27 1
17 54000 0 1 28 1
18 126000 0 1 29 1
//Graph (Products are vertices indexed from 1 to NbProducts)
//NbVerticesIntersections
36
//DepartingDepot
0
//ArrivalDepot
66
//Arcs
//Start End Distance
0 30 120
1 18 26
1 34 102
2 15 104
2 18 0
3 28 91
3 39 37
4 24 39
4 58 648
5 13 234
5 34 518
6 58 128
6 59 713
7 48 401
7 49 440
8 24 91
8 57 63
9 10 78
9 29 234
10 9 78
10 54 50
11 60 141
11 61 700
12 22 143
12 30 76
13 5 234
13 33 89
14 26 351
14 46 453
15 2 104
15 35 609
16 22 403
16 31 219
17 52 102
17 53 739
18 1 26
18 2 0
19 55 141
19 56 700
20 21 13
20 61 141
21 20 13
21 62 687
22 12 143
22 16 403
23 31 154
23 32 687
24 4 39
24 8 91
25 43 323
25 44 518
26 14 351
26 45 37
27 46 115
27 47 726
28 3 91
28 40 713
29 9 234
29 55 479
30 12 76
30 33 48
30 66 120
31 16 219
31 23 154
31 34 48
32 23 687
32 35 48
33 13 89
33 30 48
33 36 48
34 1 102
34 5 518
34 31 48
34 37 48
35 15 609
35 32 48
35 38 48
36 33 48
36 37 841
36 39 48
37 34 48
37 36 841
37 38 841
37 40 48
38 35 48
38 37 841
38 41 48
39 3 37
39 36 48
39 42 48
40 28 713
40 37 48
40 41 841
40 43 48
41 38 48
41 40 841
41 44 48
42 39 48
42 43 841
42 45 48
43 25 323
43 40 48
43 42 841
43 46 48
44 25 518
44 41 48
44 47 48
45 26 37
45 42 48
45 48 48
46 14 453
46 27 115
46 43 48
46 49 48
47 27 726
47 44 48
47 50 48
48 7 401
48 45 48
48 51 48
49 7 440
49 46 48
49 50 841
49 52 48
50 47 48
50 49 841
50 53 48
51 48 48
51 52 841
51 54 48
52 17 102
52 49 48
52 51 841
52 55 48
53 17 739
53 50 48
53 56 48
54 10 50
54 51 48
54 57 48
55 19 141
55 29 479
55 52 48
55 58 48
56 19 700
56 53 48
56 59 48
57 8 63
57 54 48
57 60 48
58 4 648
58 6 128
58 55 48
58 61 48
59 6 713
59 56 48
59 62 48
60 11 141
60 57 48
60 63 48
61 11 700
61 20 141
61 58 48
61 64 48
62 21 687
62 59 48
62 65 48
63 60 48
63 64 841
64 61 48
64 63 841
64 65 841
65 62 48
65 64 841
//LocStart LocEnd ShortestPath
0 0 0
0 1 1111
0 2 1137
0 3 301
0 4 745
0 5 491
0 6 1521
0 7 809
0 8 615
0 9 632
0 10 554
0 11 741
0 12 196
0 13 257
0 14 748
0 15 1241
0 16 742
0 17 1399
0 18 1137
0 19 1486
0 20 1582
0 21 1595
0 22 339
0 23 1115
0 24 706
0 25 1476
0 26 397
0 27 1316
0 28 392
0 29 866
0 30 120
0 31 961
0 32 1802
0 33 168
0 34 1009
0 35 1850
0 36 216
0 37 1057
0 38 1898
0 39 264
0 40 1105
0 41 1946
0 42 312
0 43 1153
0 44 1994
0 45 360
0 46 1201
0 47 2042
0 48 408
0 49 1249
0 50 2090
0 51 456
0 52 1297
0 53 2138
0 54 504
0 55 1345
0 56 2186
0 57 552
0 58 1393
0 59 2234
0 60 600
0 61 1441
0 62 2282
0 63 648
0 64 1489
0 65 2330
0 66 0
1 0 1111
1 1 0
1 2 26
1 3 1002
1 4 1134
1 5 620
1 6 614
1 7 782
1 8 1264
1 9 1151
1 10 1229
1 11 1234
1 12 915
1 13 854
1 14 747
1 15 130
1 16 369
1 17 492
1 18 26
1 19 579
1 20 675
1 21 688
1 22 772
1 23 304
1 24 1173
1 25 569
1 26 1098
1 27 409
1 28 911
1 29 917
1 30 991
1 31 150
1 32 787
1 33 943
1 34 102
1 35 739
1 36 991
1 37 150
1 38 787
1 39 1039
1 40 198
1 41 835
1 42 1087
1 43 246
1 44 883
1 45 1135
1 46 294
1 47 931
1 48 1183
1 49 342
1 50 979
1 51 1231
1 52 390
1 53 1027
1 54 1279
1 55 438
1 56 1075
1 57 1327
1 58 486
1 59 1123
1 60 1375
1 61 534
1 62 1171
1 63 1423
1 64 582
1 65 1219
1 66 1111
2 0 1137
2 1 26
2 2 0
2 3 1028
2 4 1160
2 5 646
2 6 640
2 7 808
2 8 1290
2 9 1177
2 10 1255
2 11 1260
2 12 941
2 13 880
2 14 773
2 15 104
2 16 395
2 17 518
2 18 0
2 19 605
2 20 701
2 21 714
2 22 798
2 23 330
2 24 1199
2 25 595
2 26 1124
2 27 435
2 28 937
2 29 943
2 30 1017
2 31 176
2 32 761
2 33 969
2 34 128
2 35 713
2 36 1017
2 37 176
2 38 761
2 39 1065
2 40 224
2 41 809
2 42 1113
2 43 272
2 44 857
2 45 1161
2 46 320
2 47 905
2 48 1209
2 49 368
2 50 953
2 51 1257
2 52 416
2 53 1001
2 54 1305
2 55 464
2 56 1049
2 57 1353
2 58 512
2 59 1097
2 60 1401
2 61 560
2 62 1145
2 63 1449
2 64 608
2 65 1193
2 66 1137
3 0 301
3 1 1002
3 2 1028
3 3 0
3 4 518
3 5 456
3 6 1220
3 7 582
3 8 388
3 9 405
3 10 327
3 11 514
3 12 257
3 13 222
3 14 521
3 15 1132
3 16 803
3 17 1098
3 18 1028
3 19 1185
3 20 1281
3 21 1294
3 22 400
3 23 1102
3 24 479
3 25 1175
3 26 170
3 27 1015
3 28 91
3 29 639
3 30 181
3 31 948
3 32 1789
3 33 133
3 34 900
3 35 1741
3 36 85
3 37 852
3 38 1693
3 39 37
3 40 804
3 41 1645
3 42 85
3 43 852
3 44 1693
3 45 133
3 46 900
3 47 1741
3 48 181
3 49 948
3 50 1789
3 51 229
3 52 996
3 53 1837
3 54 277
3 55 1044
3 56 1885
3 57 325
3 58 1092
3 59 1933
3 60 373
3 61 1140
3 62 1981
3 63 421
3 64 1188
3 65 2029
3 66 301
4 0 745
4 1 1134
4 2 1160
4 3 518
4 4 0
4 5 900
4 6 776
4 7 738
4 8 130
4 9 369
4 10 291
4 11 382
4 12 701
4 13 666
4 14 773
4 15 1264
4 16 1247
4 17 846
4 18 1160
4 19 837
4 20 837
4 21 850
4 22 844
4 23 1234
4 24 39
4 25 1211
4 26 422
4 27 955
4 28 609
4 29 603
4 30 625
4 31 1080
4 32 1921
4 33 577
4 34 1032
4 35 1873
4 36 529
4 37 984
4 38 1825
4 39 481
4 40 936
4 41 1777
4 42 433
4 43 888
4 44 1729
4 45 385
4 46 840
4 47 1681
4 48 337
4 49 792
4 50 1633
4 51 289
4 52 744
4 53 1585
4 54 241
4 55 696
4 56 1537
4 57 193
4 58 648
4 59 1489
4 60 241
4 61 696
4 62 1537
4 63 289
4 64 744
4 65 1585
4 66 745
5 0 491
5 1 620
5 2 646
5 3 456
5 4 900
5 5 0
5 6 1030
5 7 964
5 8 770
5 9 787
5 10 709
5 11 896
5 12 447
5 13 234
5 14 903
5 15 750
5 16 785
5 17 908
5 18 646
5 19 995
5 20 1091
5 21 1104
5 22 590
5 23 720
5 24 861
5 25 985
5 26 552
5 27 825
5 28 547
5 29 1021
5 30 371
5 31 566
5 32 1407
5 33 323
5 34 518
5 35 1359
5 36 371
5 37 566
5 38 1407
5 39 419
5 40 614
5 41 1455
5 42 467
5 43 662
5 44 1503
5 45 515
5 46 710
5 47 1551
5 48 563
5 49 758
5 50 1599
5 51 611
5 52 806
5 53 1647
5 54 659
5 55 854
5 56 1695
5 57 707
5 58 902
5 59 1743
5 60 755
5 61 950
5 62 1791
5 63 803
5 64 998
5 65 1839
5 66 491
6 0 1521
6 1 614
6 2 640
6 3 1220
6 4 776
6 5 1030
6 6 0
6 7 712
6 8 906
6 9 889
6 10 967
6 11 876
6 12 1325
6 13 1264
6 14 773
6 15 744
6 16 779
6 17 326
6 18 640
6 19 317
6 20 317
6 21 330
6 22 1182
6 23 714
6 24 815
6 25 691
6 26 1124
6 27 435
6 28 1129
6 29 655
6 30 1401
6 31 560
6 32 1145
6 33 1353
6 34 512
6 35 1097
6 36 1305
6 37 464
6 38 1049
6 39 1257
6 40 416
6 41 1001
6 42 1209
6 43 368
6 44 953
6 45 1161
6 46 320
6 47 905
6 48 1113
6 49 272
6 50 857
6 51 1065
6 52 224
6 53 809
6 54 1017
6 55 176
6 56 761
6 57 969
6 58 128
6 59 713
6 60 1017
6 61 176
6 62 761
6 63 1065
6 64 224
6 65 809
6 66 1521
7 0 809
7 1 782
7 2 808
7 3 582
7 4 738
7 5 964
7 6 712
7 7 0
7 8 608
7 9 625
7 10 547
7 11 734
7 12 765
7 13 730
7 14 837
7 15 912
7 16 947
7 17 590
7 18 808
7 19 677
7 20 773
7 21 786
7 22 908
7 23 882
7 24 699
7 25 859
7 26 486
7 27 603
7 28 673
7 29 859
7 30 689
7 31 728
7 32 1569
7 33 641
7 34 680
7 35 1521
7 36 593
7 37 632
7 38 1473
7 39 545
7 40 584
7 41 1425
7 42 497
7 43 536
7 44 1377
7 45 449
7 46 488
7 47 1329
7 48 401
7 49 440
7 50 1281
7 51 449
7 52 488
7 53 1329
7 54 497
7 55 536
7 56 1377
7 57 545
7 58 584
7 59 1425
7 60 593
7 61 632
7 62 1473
7 63 641
7 64 680
7 65 1521
7 66 809
8 0 615
8 1 1264
8 2 1290
8 3 388
8 4 130
8 5 770
8 6 906
8 7 608
8 8 0
8 9 239
8 10 161
8 11 252
8 12 571
8 13 536
8 14 643
8 15 1394
8 16 1117
8 17 976
8 18 1290
8 19 967
8 20 967
8 21 980
8 22 714
8 23 1364
8 24 91
8 25 1341
8 26 292
8 27 1085
8 28 479
8 29 473
8 30 495
8 31 1210
8 32 2051
8 33 447
8 34 1162
8 35 2003
8 36 399
8 37 1114
8 38 1955
8 39 351
8 40 1066
8 41 1907
8 42 303
8 43 1018
8 44 1859
8 45 255
8 46 970
8 47 1811
8 48 207
8 49 922
8 50 1763
8 51 159
8 52 874
8 53 1715
8 54 111
8 55 826
8 56 1667
8 57 63
8 58 778
8 59 1619
8 60 111
8 61 826
8 62 1667
8 63 159
8 64 874
8 65 1715
8 66 615
9 0 632
9 1 1151
9 2 1177
9 3 405
9 4 369
9 5 787
9 6 889
9 7 625
9 8 239
9 9 0
9 10 78
9 11 365
9 12 588
9 13 553
9 14 660
9 15 1281
9 16 1134
9 17 863
9 18 1177
9 19 854
9 20 950
9 21 963
9 22 731
9 23 1251
9 24 330
9 25 1228
9 26 309
9 27 972
9 28 496
9 29 234
9 30 512
9 31 1097
9 32 1938
9 33 464
9 34 1049
9 35 1890
9 36 416
9 37 1001
9 38 1842
9 39 368
9 40 953
9 41 1794
9 42 320
9 43 905
9 44 1746
9 45 272
9 46 857
9 47 1698
9 48 224
9 49 809
9 50 1650
9 51 176
9 52 761
9 53 1602
9 54 128
9 55 713
9 56 1554
9 57 176
9 58 761
9 59 1602
9 60 224
9 61 809
9 62 1650
9 63 272
9 64 857
9 65 1698
9 66 632
10 0 554
10 1 1229
10 2 1255
10 3 327
10 4 291
10 5 709
10 6 967
10 7 547
10 8 161
10 9 78
10 10 0
10 11 287
10 12 510
10 13 475
10 14 582
10 15 1359
10 16 1056
10 17 941
10 18 1255
10 19 932
10 20 1028
10 21 1041
10 22 653
10 23 1329
10 24 252
10 25 1306
10 26 231
10 27 1050
10 28 418
10 29 312
10 30 434
10 31 1175
10 32 2016
10 33 386
10 34 1127
10 35 1968
10 36 338
10 37 1079
10 38 1920
10 39 290
10 40 1031
10 41 1872
10 42 242
10 43 983
10 44 1824
10 45 194
10 46 935
10 47 1776
10 48 146
10 49 887
10 50 1728
10 51 98
10 52 839
10 53 1680
10 54 50
10 55 791
10 56 1632
10 57 98
10 58 839
10 59 1680
10 60 146
10 61 887
10 62 1728
10 63 194
10 64 935
10 65 1776
10 66 554
11 0 741
11 1 1234
11 2 1260
11 3 514
11 4 382
11 5 896
11 6 876
11 7 734
11 8 252
11 9 365
11 10 287
11 11 0
11 12 697
11 13 662
11 14 769
11 15 1364
11 16 1243
11 17 946
11 18 1260
11 19 937
11 20 841
11 21 854
11 22 840
11 23 1334
11 24 343
11 25 1311
11 26 418
11 27 1055
11 28 605
11 29 599
11 30 621
11 31 1180
11 32 2021
11 33 573
11 34 1132
11 35 1973
11 36 525
11 37 1084
11 38 1925
11 39 477
11 40 1036
11 41 1877
11 42 429
11 43 988
11 44 1829
11 45 381
11 46 940
11 47 1781
11 48 333
11 49 892
11 50 1733
11 51 285
11 52 844
11 53 1685
11 54 237
11 55 796
11 56 1637
11 57 189
11 58 748
11 59 1589
11 60 141
11 61 700
11 62 1541
11 63 189
11 64 748
11 65 1589
11 66 741
12 0 196
12 1 915
12 2 941
12 3 257
12 4 701
12 5 447
12 6 1325
12 7 765
12 8 571
12 9 588
12 10 510
12 11 697
12 12 0
12 13 213
12 14 704
12 15 1045
12 16 546
12 17 1203
12 18 941
12 19 1290
12 20 1386
12 21 1399
12 22 143
12 23 919
12 24 662
12 25 1280
12 26 353
12 27 1120
12 28 348
12 29 822
12 30 76
12 31 765
12 32 1606
12 33 124
12 34 813
12 35 1654
12 36 172
12 37 861
12 38 1702
12 39 220
12 40 909
12 41 1750
12 42 268
12 43 957
12 44 1798
12 45 316
12 46 1005
12 47 1846
12 48 364
12 49 1053
12 50 1894
12 51 412
12 52 1101
12 53 1942
12 54 460
12 55 1149
12 56 1990
12 57 508
12 58 1197
12 59 2038
12 60 556
12 61 1245
12 62 2086
12 63 604
12 64 1293
12 65 2134
12 66 196
13 0 257
13 1 854
13 2 880
13 3 222
13 4 666
13 5 234
13 6 1264
13 7 730
13 8 536
13 9 553
13 10 475
13 11 662
13 12 213
13 13 0
13 14 669
13 15 984
13 16 759
13 17 1142
13 18 880
13 19 1229
13 20 1325
13 21 1338
13 22 356
13 23 954
13 24 627
13 25 1219
13 26 318
13 27 1059
13 28 313
13 29 787
13 30 137
13 31 800
13 32 1641
13 33 89
13 34 752
13 35 1593
13 36 137
13 37 800
13 38 1641
13 39 185
13 40 848
13 41 1689
13 42 233
13 43 896
13 44 1737
13 45 281
13 46 944
13 47 1785
13 48 329
13 49 992
13 50 1833
13 51 377
13 52 1040
13 53 1881
13 54 425
13 55 1088
13 56 1929
13 57 473
13 58 1136
13 59 1977
13 60 521
13 61 1184
13 62 2025
13 63 569
13 64 1232
13 65 2073
13 66 257
14 0 748
14 1 747
14 2 773
14 3 521
14 4 773
14 5 903
14 6 773
14 7 837
14 8 643
14 9 660
14 10 582
14 11 769
14 12 704
14 13 669
14 14 0
14 15 877
14 16 912
14 17 651
14 18 773
14 19 738
14 20 834
14 21 847
14 22 847
14 23 847
14 24 734
14 25 824
14 26 351
14 27 568
14 28 612
14 29 894
14 30 628
14 31 693
14 32 1534
14 33 580
14 34 645
14 35 1486
14 36 532
14 37 597
14 38 1438
14 39 484
14 40 549
14 41 1390
14 42 436
14 43 501
14 44 1342
14 45 388
14 46 453
14 47 1294
14 48 436
14 49 501
14 50 1342
14 51 484
14 52 549
14 53 1390
14 54 532
14 55 597
14 56 1438
14 57 580
14 58 645
14 59 1486
14 60 628
14 61 693
14 62 1534
14 63 676
14 64 741
14 65 1582
14 66 748
15 0 1241
15 1 130
15 2 104
15 3 1132
15 4 1264
15 5 750
15 6 744
15 7 912
15 8 1394
15 9 1281
15 10 1359
15 11 1364
15 12 1045
15 13 984
15 14 877
15 15 0
15 16 499
15 17 622
15 18 104
15 19 709
15 20 805
15 21 818
15 22 902
15 23 434
15 24 1303
15 25 699
15 26 1228
15 27 539
15 28 1041
15 29 1047
15 30 1121
15 31 280
15 32 657
15 33 1073
15 34 232
15 35 609
15 36 1121
15 37 280
15 38 657
15 39 1169
15 40 328
15 41 705
15 42 1217
15 43 376
15 44 753
15 45 1265
15 46 424
15 47 801
15 48 1313
15 49 472
15 50 849
15 51 1361
15 52 520
15 53 897
15 54 1409
15 55 568
15 56 945
15 57 1457
15 58 616
15 59 993
15 60 1505
15 61 664
15 62 1041
15 63 1553
15 64 712
15 65 1089
15 66 1241
16 0 742
16 1 369
16 2 395
16 3 803
16 4 1247
16 5 785
16 6 779
16 7 947
16 8 1117
16 9 1134
16 10 1056
16 11 1243
16 12 546
16 13 759
16 14 912
16 15 499
16 16 0
16 17 657
16 18 395
16 19 744
16 20 840
16 21 853
16 22 403
16 23 373
16 24 1208
16 25 734
16 26 899
16 27 574
16 28 894
16 29 1082
16 30 622
16 31 219
16 32 1060
16 33 670
16 34 267
16 35 1108
16 36 718
16 37 315
16 38 1156
16 39 766
16 40 363
16 41 1204
16 42 814
16 43 411
16 44 1252
16 45 862
16 46 459
16 47 1300
16 48 910
16 49 507
16 50 1348
16 51 958
16 52 555
16 53 1396
16 54 1006
16 55 603
16 56 1444
16 57 1054
16 58 651
16 59 1492
16 60 1102
16 61 699
16 62 1540
16 63 1150
16 64 747
16 65 1588
16 66 742
17 0 1399
17 1 492
17 2 518
17 3 1098
17 4 846
17 5 908
17 6 326
17 7 590
17 8 976
17 9 863
17 10 941
17 11 946
17 12 1203
17 13 1142
17 14 651
17 15 622
17 16 657
17 17 0
17 18 518
17 19 291
17 20 387
17 21 400
17 22 1060
17 23 592
17 24 885
17 25 569
17 26 1002
17 27 313
17 28 1007
17 29 629
17 30 1279
17 31 438
17 32 1075
17 33 1231
17 34 390
17 35 1027
17 36 1183
17 37 342
17 38 979
17 39 1135
17 40 294
17 41 931
17 42 1087
17 43 246
17 44 883
17 45 1039
17 46 198
17 47 835
17 48 991
17 49 150
17 50 787
17 51 943
17 52 102
17 53 739
17 54 991
17 55 150
17 56 787
17 57 1039
17 58 198
17 59 835
17 60 1087
17 61 246
17 62 883
17 63 1135
17 64 294
17 65 931
17 66 1399
18 0 1137
18 1 26
18 2 0
18 3 1028
18 4 1160
18 5 646
18 6 640
18 7 808
18 8 1290
18 9 1177
18 10 1255
18 11 1260
18 12 941
18 13 880
18 14 773
18 15 104
18 16 395
18 17 518
18 18 0
18 19 605
18 20 701
18 21 714
18 22 798
18 23 330
18 24 1199
18 25 595
18 26 1124
18 27 435
18 28 937
18 29 943
18 30 1017
18 31 176
18 32 761
18 33 969
18 34 128
18 35 713
18 36 1017
18 37 176
18 38 761
18 39 1065
18 40 224
18 41 809
18 42 1113
18 43 272
18 44 857
18 45 1161
18 46 320
18 47 905
18 48 1209
18 49 368
18 50 953
18 51 1257
18 52 416
18 53 1001
18 54 1305
18 55 464
18 56 1049
18 57 1353
18 58 512
18 59 1097
18 60 1401
18 61 560
18 62 1145
18 63 1449
18 64 608
18 65 1193
18 66 1137
19 0 1486
19 1 579
19 2 605
19 3 1185
19 4 837
19 5 995
19 6 317
19 7 677
19 8 967
19 9 854
19 10 932
19 11 937
19 12 1290
19 13 1229
19 14 738
19 15 709
19 16 744
19 17 291
19 18 605
19 19 0
19 20 378
19 21 391
19 22 1147
19 23 679
19 24 876
19 25 656
19 26 1089
19 27 400
19 28 1094
19 29 620
19 30 1366
19 31 525
19 32 1084
19 33 1318
19 34 477
19 35 1036
19 36 1270
19 37 429
19 38 988
19 39 1222
19 40 381
19 41 940
19 42 1174
19 43 333
19 44 892
19 45 1126
19 46 285
19 47 844
19 48 1078
19 49 237
19 50 796
19 51 1030
19 52 189
19 53 748
19 54 982
19 55 141
19 56 700
19 57 1030
19 58 189
19 59 748
19 60 1078
19 61 237
19 62 796
19 63 1126
19 64 285
19 65 844
19 66 1486
20 0 1582
20 1 675
20 2 701
20 3 1281
20 4 837
20 5 1091
20 6 317
20 7 773
20 8 967
20 9 950
20 10 1028
20 11 841
20 12 1386
20 13 1325
20 14 834
20 15 805
20 16 840
20 17 387
20 18 701
20 19 378
20 20 0
20 21 13
20 22 1243
20 23 775
20 24 876
20 25 752
20 26 1185
20 27 496
20 28 1190
20 29 716
20 30 1462
20 31 621
20 32 1180
20 33 1414
20 34 573
20 35 1132
20 36 1366
20 37 525
20 38 1084
20 39 1318
20 40 477
20 41 1036
20 42 1270
20 43 429
20 44 988
20 45 1222
20 46 381
20 47 940
20 48 1174
20 49 333
20 50 892
20 51 1126
20 52 285
20 53 844
20 54 1078
20 55 237
20 56 796
20 57 1030
20 58 189
20 59 748
20 60 982
20 61 141
20 62 700
20 63 1030
20 64 189
20 65 748
20 66 1582
21 0 1595
21 1 688
21 2 714
21 3 1294
21 4 850
21 5 1104
21 6 330
21 7 786
21 8 980
21 9 963
21 10 1041
21 11 854
21 12 1399
21 13 1338
21 14 847
21 15 818
21 16 853
21 17 400
21 18 714
21 19 391
21 20 13
21 21 0
21 22 1256
21 23 788
21 24 889
21 25 765
21 26 1198
21 27 509
21 28 1203
21 29 729
21 30 1475
21 31 634
21 32 1167
21 33 1427
21 34 586
21 35 1119
21 36 1379
21 37 538
21 38 1071
21 39 1331
21 40 490
21 41 1023
21 42 1283
21 43 442
21 44 975
21 45 1235
21 46 394
21 47 927
21 48 1187
21 49 346
21 50 879
21 51 1139
21 52 298
21 53 831
21 54 1091
21 55 250
21 56 783
21 57 1043
21 58 202
21 59 735
21 60 995
21 61 154
21 62 687
21 63 1043
21 64 202
21 65 735
21 66 1595
22 0 339
22 1 772
22 2 798
22 3 400
22 4 844
22 5 590
22 6 1182
22 7 908
22 8 714
22 9 731
22 10 653
22 11 840
22 12 143
22 13 356
22 14 847
22 15 902
22 16 403
22 17 1060
22 18 798
22 19 1147
22 20 1243
22 21 1256
22 22 0
22 23 776
22 24 805
22 25 1137
22 26 496
22 27 977
22 28 491
22 29 965
22 30 219
22 31 622
22 32 1463
22 33 267
22 34 670
22 35 1511
22 36 315
22 37 718
22 38 1559
22 39 363
22 40 766
22 41 1607
22 42 411
22 43 814
22 44 1655
22 45 459
22 46 862
22 47 1703
22 48 507
22 49 910
22 50 1751
22 51 555
22 52 958
22 53 1799
22 54 603
22 55 1006
22 56 1847
22 57 651
22 58 1054
22 59 1895
22 60 699
22 61 1102
22 62 1943
22 63 747
22 64 1150
22 65 1991
22 66 339
23 0 1115
23 1 304
23 2 330
23 3 1102
23 4 1234
23 5 720
23 6 714
23 7 882
23 8 1364
23 9 1251
23 10 1329
23 11 1334
23 12 919
23 13 954
23 14 847
23 15 434
23 16 373
23 17 592
23 18 330
23 19 679
23 20 775
23 21 788
23 22 776
23 23 0
23 24 1273
23 25 669
23 26 1198
23 27 509
23 28 1011
23 29 1017
23 30 995
23 31 154
23 32 687
23 33 1043
23 34 202
23 35 735
23 36 1091
23 37 250
23 38 783
23 39 1139
23 40 298
23 41 831
23 42 1187
23 43 346
23 44 879
23 45 1235
23 46 394
23 47 927
23 48 1283
23 49 442
23 50 975
23 51 1331
23 52 490
23 53 1023
23 54 1379
23 55 538
23 56 1071
23 57 1427
23 58 586
23 59 1119
23 60 1475
23 61 634
23 62 1167
23 63 1523
23 64 682
23 65 1215
23 66 1115
24 0 706
24 1 1173
24 2 1199
24 3 479
24 4 39
24 5 861
24 6 815
24 7 699
24 8 91
24 9 330
24 10 252
24 11 343
24 12 662
24 13 627
24 14 734
24 15 1303
24 16 1208
24 17 885
24 18 1199
24 19 876
24 20 876
24 21 889
24 22 805
24 23 1273
24 24 0
24 25 1250
24 26 383
24 27 994
24 28 570
24 29 564
24 30 586
24 31 1119
24 32 1960
24 33 538
24 34 1071
24 35 1912
24 36 490
24 37 1023
24 38 1864
24 39 442
24 40 975
24 41 1816
24 42 394
24 43 927
24 44 1768
24 45 346
24 46 879
24 47 1720
24 48 298
24 49 831
24 50 1672
24 51 250
24 52 783
24 53 1624
24 54 202
24 55 735
24 56 1576
24 57 154
24 58 687
24 59 1528
24 60 202
24 61 735
24 62 1576
24 63 250
24 64 783
24 65 1624
24 66 706
25 0 1476
25 1 569
25 2 595
25 3 1175
25 4 1211
25 5 985
25 6 691
25 7 859
25 8 1341
25 9 1228
25 10 1306
25 11 1311
25 12 1280
25 13 1219
25 14 824
25 15 699
25 16 734
25 17 569
25 18 595
25 19 656
25 20 752
25 21 765
25 22 1137
25 23 669
25 24 1250
25 25 0
25 26 1175
25 27 486
25 28 1084
25 29 994
25 30 1356
25 31 515
25 32 710
25 33 1308
25 34 467
25 35 662
25 36 1260
25 37 419
25 38 614
25 39 1212
25 40 371
25 41 566
25 42 1164
25 43 323
25 44 518
25 45 1212
25 46 371
25 47 566
25 48 1260
25 49 419
25 50 614
25 51 1308
25 52 467
25 53 662
25 54 1356
25 55 515
25 56 710
25 57 1404
25 58 563
25 59 758
25 60 1452
25 61 611
25 62 806
25 63 1500
25 64 659
25 65 854
25 66 1476
26 0 397
26 1 1098
26 2 1124
26 3 170
26 4 422
26 5 552
26 6 1124
26 7 486
26 8 292
26 9 309
26 10 231
26 11 418
26 12 353
26 13 318
26 14 351
26 15 1228
26 16 899
26 17 1002
26 18 1124
26 19 1089
26 20 1185
26 21 1198
26 22 496
26 23 1198
26 24 383
26 25 1175
26 26 0
26 27 919
26 28 261
26 29 543
26 30 277
26 31 1044
26 32 1885
26 33 229
26 34 996
26 35 1837
26 36 181
26 37 948
26 38 1789
26 39 133
26 40 900
26 41 1741
26 42 85
26 43 852
26 44 1693
26 45 37
26 46 804
26 47 1645
26 48 85
26 49 852
26 50 1693
26 51 133
26 52 900
26 53 1741
26 54 181
26 55 948
26 56 1789
26 57 229
26 58 996
26 59 1837
26 60 277
26 61 1044
26 62 1885
26 63 325
26 64 1092
26 65 1933
26 66 397
27 0 1316
27 1 409
27 2 435
27 3 1015
27 4 955
27 5 825
27 6 435
27 7 603
27 8 1085
27 9 972
27 10 1050
27 11 1055
27 12 1120
27 13 1059
27 14 568
27 15 539
27 16 574
27 17 313
27 18 435
27 19 400
27 20 496
27 21 509
27 22 977
27 23 509
27 24 994
27 25 486
27 26 919
27 27 0
27 28 924
27 29 738
27 30 1196
27 31 355
27 32 966
27 33 1148
27 34 307
27 35 918
27 36 1100
27 37 259
27 38 870
27 39 1052
27 40 211
27 41 822
27 42 1004
27 43 163
27 44 774
27 45 956
27 46 115
27 47 726
27 48 1004
27 49 163
27 50 774
27 51 1052
27 52 211
27 53 822
27 54 1100
27 55 259
27 56 870
27 57 1148
27 58 307
27 59 918
27 60 1196
27 61 355
27 62 966
27 63 1244
27 64 403
27 65 1014
27 66 1316
28 0 392
28 1 911
28 2 937
28 3 91
28 4 609
28 5 547
28 6 1129
28 7 673
28 8 479
28 9 496
28 10 418
28 11 605
28 12 348
28 13 313
28 14 612
28 15 1041
28 16 894
28 17 1007
28 18 937
28 19 1094
28 20 1190
28 21 1203
28 22 491
28 23 1011
28 24 570
28 25 1084
28 26 261
28 27 924
28 28 0
28 29 730
28 30 272
28 31 857
28 32 1698
28 33 224
28 34 809
28 35 1650
28 36 176
28 37 761
28 38 1602
28 39 128
28 40 713
28 41 1554
28 42 176
28 43 761
28 44 1602
28 45 224
28 46 809
28 47 1650
28 48 272
28 49 857
28 50 1698
28 51 320
28 52 905
28 53 1746
28 54 368
28 55 953
28 56 1794
28 57 416
28 58 1001
28 59 1842
28 60 464
28 61 1049
28 62 1890
28 63 512
28 64 1097
28 65 1938
28 66 392
29 0 866
29 1 917
29 2 943
29 3 639
29 4 603
29 5 1021
29 6 655
29 7 859
29 8 473
29 9 234
29 10 312
29 11 599
29 12 822
29 13 787
29 14 894
29 15 1047
29 16 1082
29 17 629
29 18 943
29 19 620
29 20 716
29 21 729
29 22 965
29 23 1017
29 24 564
29 25 994
29 26 543
29 27 738
29 28 730
29 29 0
29 30 746
29 31 863
29 32 1704
29 33 698
29 34 815
29 35 1656
29 36 650
29 37 767
29 38 1608
29 39 602
29 40 719
29 41 1560
29 42 554
29 43 671
29 44 1512
29 45 506
29 46 623
29 47 1464
29 48 458
29 49 575
29 50 1416
29 51 410
29 52 527
29 53 1368
29 54 362
29 55 479
29 56 1320
29 57 410
29 58 527
29 59 1368
29 60 458
29 61 575
29 62 1416
29 63 506
29 64 623
29 65 1464
29 66 866
30 0 120
30 1 991
30 2 1017
30 3 181
30 4 625
30 5 371
30 6 1401
30 7 689
30 8 495
30 9 512
30 10 434
30 11 621
30 12 76
30 13 137
30 14 628
30 15 1121
30 16 622
30 17 1279
30 18 1017
30 19 1366
30 20 1462
30 21 1475
30 22 219
30 23 995
30 24 586
30 25 1356
30 26 277
30 27 1196
30 28 272
30 29 746
30 30 0
30 31 841
30 32 1682
30 33 48
30 34 889
30 35 1730
30 36 96
30 37 937
30 38 1778
30 39 144
30 40 985
30 41 1826
30 42 192
30 43 1033
30 44 1874
30 45 240
30 46 1081
30 47 1922
30 48 288
30 49 1129
30 50 1970
30 51 336
30 52 1177
30 53 2018
30 54 384
30 55 1225
30 56 2066
30 57 432
30 58 1273
30 59 2114
30 60 480
30 61 1321
30 62 2162
30 63 528
30 64 1369
30 65 2210
30 66 120
31 0 961
31 1 150
31 2 176
31 3 948
31 4 1080
31 5 566
31 6 560
31 7 728
31 8 1210
31 9 1097
31 10 1175
31 11 1180
31 12 765
31 13 800
31 14 693
31 15 280
31 16 219
31 17 438
31 18 176
31 19 525
31 20 621
31 21 634
31 22 622
31 23 154
31 24 1119
31 25 515
31 26 1044
31 27 355
31 28 857
31 29 863
31 30 841
31 31 0
31 32 841
31 33 889
31 34 48
31 35 889
31 36 937
31 37 96
31 38 937
31 39 985
31 40 144
31 41 985
31 42 1033
31 43 192
31 44 1033
31 45 1081
31 46 240
31 47 1081
31 48 1129
31 49 288
31 50 1129
31 51 1177
31 52 336
31 53 1177
31 54 1225
31 55 384
31 56 1225
31 57 1273
31 58 432
31 59 1273
31 60 1321
31 61 480
31 62 1321
31 63 1369
31 64 528
31 65 1369
31 66 961
32 0 1802
32 1 787
32 2 761
32 3 1789
32 4 1921
32 5 1407
32 6 1145
32 7 1569
32 8 2051
32 9 1938
32 10 2016
32 11 2021
32 12 1606
32 13 1641
32 14 1534
32 15 657
32 16 1060
32 17 1075
32 18 761
32 19 1084
32 20 1180
32 21 1167
32 22 1463
32 23 687
32 24 1960
32 25 710
32 26 1885
32 27 966
32 28 1698
32 29 1704
32 30 1682
32 31 841
32 32 0
32 33 1730
32 34 889
32 35 48
32 36 1778
32 37 937
32 38 96
32 39 1826
32 40 985
32 41 144
32 42 1874
32 43 1033
32 44 192
32 45 1922
32 46 1081
32 47 240
32 48 1970
32 49 1129
32 50 288
32 51 2018
32 52 1177
32 53 336
32 54 2066
32 55 1225
32 56 384
32 57 2114
32 58 1273
32 59 432
32 60 2162
32 61 1321
32 62 480
32 63 2210
32 64 1369
32 65 528
32 66 1802
33 0 168
33 1 943
33 2 969
33 3 133
33 4 577
33 5 323
33 6 1353
33 7 641
33 8 447
33 9 464
33 10 386
33 11 573
33 12 124
33 13 89
33 14 580
33 15 1073
33 16 670
33 17 1231
33 18 969
33 19 1318
33 20 1414
33 21 1427
33 22 267
33 23 1043
33 24 538
33 25 1308
33 26 229
33 27 1148
33 28 224
33 29 698
33 30 48
33 31 889
33 32 1730
33 33 0
33 34 841
33 35 1682
33 36 48
33 37 889
33 38 1730
33 39 96
33 40 937
33 41 1778
33 42 144
33 43 985
33 44 1826
33 45 192
33 46 1033
33 47 1874
33 48 240
33 49 1081
33 50 1922
33 51 288
33 52 1129
33 53 1970
33 54 336
33 55 1177
33 56 2018
33 57 384
33 58 1225
33 59 2066
33 60 432
33 61 1273
33 62 2114
33 63 480
33 64 1321
33 65 2162
33 66 168
34 0 1009
34 1 102
34 2 128
34 3 900
34 4 1032
34 5 518
34 6 512
34 7 680
34 8 1162
34 9 1049
34 10 1127
34 11 1132
34 12 813
34 13 752
34 14 645
34 15 232
34 16 267
34 17 390
34 18 128
34 19 477
34 20 573
34 21 586
34 22 670
34 23 202
34 24 1071
34 25 467
34 26 996
34 27 307
34 28 809
34 29 815
34 30 889
34 31 48
34 32 889
34 33 841
34 34 0
34 35 841
34 36 889
34 37 48
34 38 889
34 39 937
34 40 96
34 41 937
34 42 985
34 43 144
34 44 985
34 45 1033
34 46 192
34 47 1033
34 48 1081
34 49 240
34 50 1081
34 51 1129
34 52 288
34 53 1129
34 54 1177
34 55 336
34 56 1177
34 57 1225
34 58 384
34 59 1225
34 60 1273
34 61 432
34 62 1273
34 63 1321
34 64 480
34 65 1321
34 66 1009
35 0 1850
35 1 739
35 2 713
35 3 1741
35 4 1873
35 5 1359
35 6 1097
35 7 1521
35 8 2003
35 9 1890
35 10 1968
35 11 1973
35 12 1654
35 13 1593
35 14 1486
35 15 609
35 16 1108
35 17 1027
35 18 713
35 19 1036
35 20 1132
35 21 1119
35 22 1511
35 23 735
35 24 1912
35 25 662
35 26 1837
35 27 918
35 28 1650
35 29 1656
35 30 1730
35 31 889
35 32 48
35 33 1682
35 34 841
35 35 0
35 36 1730
35 37 889
35 38 48
35 39 1778
35 40 937
35 41 96
35 42 1826
35 43 985
35 44 144
35 45 1874
35 46 1033
35 47 192
35 48 1922
35 49 1081
35 50 240
35 51 1970
35 52 1129
35 53 288
35 54 2018
35 55 1177
35 56 336
35 57 2066
35 58 1225
35 59 384
35 60 2114
35 61 1273
35 62 432
35 63 2162
35 64 1321
35 65 480
35 66 1850
36 0 216
36 1 991
36 2 1017
36 3 85
36 4 529
36 5 371
36 6 1305
36 7 593
36 8 399
36 9 416
36 10 338
36 11 525
36 12 172
36 13 137
36 14 532
36 15 1121
36 16 718
36 17 1183
36 18 1017
36 19 1270
36 20 1366
36 21 1379
36 22 315
36 23 1091
36 24 490
36 25 1260
36 26 181
36 27 1100
36 28 176
36 29 650
36 30 96
36 31 937
36 32 1778
36 33 48
36 34 889
36 35 1730
36 36 0
36 37 841
36 38 1682
36 39 48
36 40 889
36 41 1730
36 42 96
36 43 937
36 44 1778
36 45 144
36 46 985
36 47 1826
36 48 192
36 49 1033
36 50 1874
36 51 240
36 52 1081
36 53 1922
36 54 288
36 55 1129
36 56 1970
36 57 336
36 58 1177
36 59 2018
36 60 384
36 61 1225
36 62 2066
36 63 432
36 64 1273
36 65 2114
36 66 216
37 0 1057
37 1 150
37 2 176
37 3 852
37 4 984
37 5 566
37 6 464
37 7 632
37 8 1114
37 9 1001
37 10 1079
37 11 1084
37 12 861
37 13 800
37 14 597
37 15 280
37 16 315
37 17 342
37 18 176
37 19 429
37 20 525
37 21 538
37 22 718
37 23 250
37 24 1023
37 25 419
37 26 948
37 27 259
37 28 761
37 29 767
37 30 937
37 31 96
37 32 937
37 33 889
37 34 48
37 35 889
37 36 841
37 37 0
37 38 841
37 39 889
37 40 48
37 41 889
37 42 937
37 43 96
37 44 937
37 45 985
37 46 144
37 47 985
37 48 1033
37 49 192
37 50 1033
37 51 1081
37 52 240
37 53 1081
37 54 1129
37 55 288
37 56 1129
37 57 1177
37 58 336
37 59 1177
37 60 1225
37 61 384
37 62 1225
37 63 1273
37 64 432
37 65 1273
37 66 1057
38 0 1898
38 1 787
38 2 761
38 3 1693
38 4 1825
38 5 1407
38 6 1049
38 7 1473
38 8 1955
38 9 1842
38 10 1920
38 11 1925
38 12 1702
38 13 1641
38 14 1438
38 15 657
38 16 1156
38 17 979
38 18 761
38 19 988
38 20 1084
38 21 1071
38 22 1559
38 23 783
38 24 1864
38 25 614
38 26 1789
38 27 870
38 28 1602
38 29 1608
38 30 1778
38 31 937
38 32 96
38 33 1730
38 34 889
38 35 48
38 36 1682
38 37 841
38 38 0
38 39 1730
38 40 889
38 41 48
38 42 1778
38 43 937
38 44 96
38 45 1826
38 46 985
38 47 144
38 48 1874
38 49 1033
38 50 192
38 51 1922
38 52 1081
38 53 240
38 54 1970
38 55 1129
38 56 288
38 57 2018
38 58 1177
38 59 336
38 60 2066
38 61 1225
38 62 384
38 63 2114
38 64 1273
38 65 432
38 66 1898
39 0 264
39 1 1039
39 2 1065
39 3 37
39 4 481
39 5 419
39 6 1257
39 7 545
39 8 351
39 9 368
39 10 290
39 11 477
39 12 220
39 13 185
39 14 484
39 15 1169
39 16 766
39 17 1135
39 18 1065
39 19 1222
39 20 1318
39 21 1331
39 22 363
39 23 1139
39 24 442
39 25 1212
39 26 133
39 27 1052
39 28 128
39 29 602
39 30 144
39 31 985
39 32 1826
39 33 96
39 34 937
39 35 1778
39 36 48
39 37 889
39 38 1730
39 39 0
39 40 841
39 41 1682
39 42 48
39 43 889
39 44 1730
39 45 96
39 46 937
39 47 1778
39 48 144
39 49 985
39 50 1826
39 51 192
39 52 1033
39 53 1874
39 54 240
39 55 1081
39 56 1922
39 57 288
39 58 1129
39 59 1970
39 60 336
39 61 1177
39 62 2018
39 63 384
39 64 1225
39 65 2066
39 66 264
40 0 1105
40 1 198
40 2 224
40 3 804
40 4 936
40 5 614
40 6 416
40 7 584
40 8 1066
40 9 953
40 10 1031
40 11 1036
40 12 909
40 13 848
40 14 549
40 15 328
40 16 363
40 17 294
40 18 224
40 19 381
40 20 477
40 21 490
40 22 766
40 23 298
40 24 975
40 25 371
40 26 900
40 27 211
40 28 713
40 29 719
40 30 985
40 31 144
40 32 985
40 33 937
40 34 96
40 35 937
40 36 889
40 37 48
40 38 889
40 39 841
40 40 0
40 41 841
40 42 889
40 43 48
40 44 889
40 45 937
40 46 96
40 47 937
40 48 985
40 49 144
40 50 985
40 51 1033
40 52 192
40 53 1033
40 54 1081
40 55 240
40 56 1081
40 57 1129
40 58 288
40 59 1129
40 60 1177
40 61 336
40 62 1177
40 63 1225
40 64 384
40 65 1225
40 66 1105
41 0 1946
41 1 835
41 2 809
41 3 1645
41 4 1777
41 5 1455
41 6 1001
41 7 1425
41 8 1907
41 9 1794
41 10 1872
41 11 1877
41 12 1750
41 13 1689
41 14 1390
41 15 705
41 16 1204
41 17 931
41 18 809
41 19 940
41 20 1036
41 21 1023
41 22 1607
41 23 831
41 24 1816
41 25 566
41 26 1741
41 27 822
41 28 1554
41 29 1560
41 30 1826
41 31 985
41 32 144
41 33 1778
41 34 937
41 35 96
41 36 1730
41 37 889
41 38 48
41 39 1682
41 40 841
41 41 0
41 42 1730
41 43 889
41 44 48
41 45 1778
41 46 937
41 47 96
41 48 1826
41 49 985
41 50 144
41 51 1874
41 52 1033
41 53 192
41 54 1922
41 55 1081
41 56 240
41 57 1970
41 58 1129
41 59 288
41 60 2018
41 61 1177
41 62 336
41 63 2066
41 64 1225
41 65 384
41 66 1946
42 0 312
42 1 1087
42 2 1113
42 3 85
42 4 433
42 5 467
42 6 1209
42 7 497
42 8 303
42 9 320
42 10 242
42 11 429
42 12 268
42 13 233
42 14 436
42 15 1217
42 16 814
42 17 1087
42 18 1113
42 19 1174
42 20 1270
42 21 1283
42 22 411
42 23 1187
42 24 394
42 25 1164
42 26 85
42 27 1004
42 28 176
42 29 554
42 30 192
42 31 1033
42 32 1874
42 33 144
42 34 985
42 35 1826
42 36 96
42 37 937
42 38 1778
42 39 48
42 40 889
42 41 1730
42 42 0
42 43 841
42 44 1682
42 45 48
42 46 889
42 47 1730
42 48 96
42 49 937
42 50 1778
42 51 144
42 52 985
42 53 1826
42 54 192
42 55 1033
42 56 1874
42 57 240
42 58 1081
42 59 1922
42 60 288
42 61 1129
42 62 1970
42 63 336
42 64 1177
42 65 2018
42 66 312
43 0 1153
43 1 246
43 2 272
43 3 852
43 4 888
43 5 662
43 6 368
43 7 536
43 8 1018
43 9 905
43 10 983
43 11 988
43 12 957
43 13 896
43 14 501
43 15 376
43 16 411
43 17 246
43 18 272
43 19 333
43 20 429
43 21 442
43 22 814
43 23 346
43 24 927
43 25 323
43 26 852
43 27 163
43 28 761
43 29 671
43 30 1033
43 31 192
43 32 1033
43 33 985
43 34 144
43 35 985
43 36 937
43 37 96
43 38 937
43 39 889
43 40 48
43 41 889
43 42 841
43 43 0
43 44 841
43 45 889
43 46 48
43 47 889
43 48 937
43 49 96
43 50 937
43 51 985
43 52 144
43 53 985
43 54 1033
43 55 192
43 56 1033
43 57 1081
43 58 240
43 59 1081
43 60 1129
43 61 288
43 62 1129
43 63 1177
43 64 336
43 65 1177
43 66 1153
44 0 1994
44 1 883
44 2 857
44 3 1693
44 4 1729
44 5 1503
44 6 953
44 7 1377
44 8 1859
44 9 1746
44 10 1824
44 11 1829
44 12 1798
44 13 1737
44 14 1342
44 15 753
44 16 1252
44 17 883
44 18 857
44 19 892
44 20 988
44 21 975
44 22 1655
44 23 879
44 24 1768
44 25 518
44 26 1693
44 27 774
44 28 1602
44 29 1512
44 30 1874
44 31 1033
44 32 192
44 33 1826
44 34 985
44 35 144
44 36 1778
44 37 937
44 38 96
44 39 1730
44 40 889
44 41 48
44 42 1682
44 43 841
44 44 0
44 45 1730
44 46 889
44 47 48
44 48 1778
44 49 937
44 50 96
44 51 1826
44 52 985
44 53 144
44 54 1874
44 55 1033
44 56 192
44 57 1922
44 58 1081
44 59 240
44 60 1970
44 61 1129
44 62 288
44 63 2018
44 64 1177
44 65 336
44 66 1994
45 0 360
45 1 1135
45 2 1161
45 3 133
45 4 385
45 5 515
45 6 1161
45 7 449
45 8 255
45 9 272
45 10 194
45 11 381
45 12 316
45 13 281
45 14 388
45 15 1265
45 16 862
45 17 1039
45 18 1161
45 19 1126
45 20 1222
45 21 1235
45 22 459
45 23 1235
45 24 346
45 25 1212
45 26 37
45 27 956
45 28 224
45 29 506
45 30 240
45 31 1081
45 32 1922
45 33 192
45 34 1033
45 35 1874
45 36 144
45 37 985
45 38 1826
45 39 96
45 40 937
45 41 1778
45 42 48
45 43 889
45 44 1730
45 45 0
45 46 841
45 47 1682
45 48 48
45 49 889
45 50 1730
45 51 96
45 52 937
45 53 1778
45 54 144
45 55 985
45 56 1826
45 57 192
45 58 1033
45 59 1874
45 60 240
45 61 1081
45 62 1922
45 63 288
45 64 1129
45 65 1970
45 66 360
46 0 1201
46 1 294
46 2 320
46 3 900
46 4 840
46 5 710
46 6 320
46 7 488
46 8 970
46 9 857
46 10 935
46 11 940
46 12 1005
46 13 944
46 14 453
46 15 424
46 16 459
46 17 198
46 18 320
46 19 285
46 20 381
46 21 394
46 22 862
46 23 394
46 24 879
46 25 371
46 26 804
46 27 115
46 28 809
46 29 623
46 30 1081
46 31 240
46 32 1081
46 33 1033
46 34 192
46 35 1033
46 36 985
46 37 144
46 38 985
46 39 937
46 40 96
46 41 937
46 42 889
46 43 48
46 44 889
46 45 841
46 46 0
46 47 841
46 48 889
46 49 48
46 50 889
46 51 937
46 52 96
46 53 937
46 54 985
46 55 144
46 56 985
46 57 1033
46 58 192
46 59 1033
46 60 1081
46 61 240
46 62 1081
46 63 1129
46 64 288
46 65 1129
46 66 1201
47 0 2042
47 1 931
47 2 905
47 3 1741
47 4 1681
47 5 1551
47 6 905
47 7 1329
47 8 1811
47 9 1698
47 10 1776
47 11 1781
47 12 1846
47 13 1785
47 14 1294
47 15 801
47 16 1300
47 17 835
47 18 905
47 19 844
47 20 940
47 21 927
47 22 1703
47 23 927
47 24 1720
47 25 566
47 26 1645
47 27 726
47 28 1650
47 29 1464
47 30 1922
47 31 1081
47 32 240
47 33 1874
47 34 1033
47 35 192
47 36 1826
47 37 985
47 38 144
47 39 1778
47 40 937
47 41 96
47 42 1730
47 43 889
47 44 48
47 45 1682
47 46 841
47 47 0
47 48 1730
47 49 889
47 50 48
47 51 1778
47 52 937
47 53 96
47 54 1826
47 55 985
47 56 144
47 57 1874
47 58 1033
47 59 192
47 60 1922
47 61 1081
47 62 240
47 63 1970
47 64 1129
47 65 288
47 66 2042
48 0 408
48 1 1183
48 2 1209
48 3 181
48 4 337
48 5 563
48 6 1113
48 7 401
48 8 207
48 9 224
48 10 146
48 11 333
48 12 364
48 13 329
48 14 436
48 15 1313
48 16 910
48 17 991
48 18 1209
48 19 1078
48 20 1174
48 21 1187
48 22 507
48 23 1283
48 24 298
48 25 1260
48 26 85
48 27 1004
48 28 272
48 29 458
48 30 288
48 31 1129
48 32 1970
48 33 240
48 34 1081
48 35 1922
48 36 192
48 37 1033
48 38 1874
48 39 144
48 40 985
48 41 1826
48 42 96
48 43 937
48 44 1778
48 45 48
48 46 889
48 47 1730
48 48 0
48 49 841
48 50 1682
48 51 48
48 52 889
48 53 1730
48 54 96
48 55 937
48 56 1778
48 57 144
48 58 985
48 59 1826
48 60 192
48 61 1033
48 62 1874
48 63 240
48 64 1081
48 65 1922
48 66 408
49 0 1249
49 1 342
49 2 368
49 3 948
49 4 792
49 5 758
49 6 272
49 7 440
49 8 922
49 9 809
49 10 887
49 11 892
49 12 1053
49 13 992
49 14 501
49 15 472
49 16 507
49 17 150
49 18 368
49 19 237
49 20 333
49 21 346
49 22 910
49 23 442
49 24 831
49 25 419
49 26 852
49 27 163
49 28 857
49 29 575
49 30 1129
49 31 288
49 32 1129
49 33 1081
49 34 240
49 35 1081
49 36 1033
49 37 192
49 38 1033
49 39 985
49 40 144
49 41 985
49 42 937
49 43 96
49 44 937
49 45 889
49 46 48
49 47 889
49 48 841
49 49 0
49 50 841
49 51 889
49 52 48
49 53 889
49 54 937
49 55 96
49 56 937
49 57 985
49 58 144
49 59 985
49 60 1033
49 61 192
49 62 1033
49 63 1081
49 64 240
49 65 1081
49 66 1249
50 0 2090
50 1 979
50 2 953
50 3 1789
50 4 1633
50 5 1599
50 6 857
50 7 1281
50 8 1763
50 9 1650
50 10 1728
50 11 1733
50 12 1894
50 13 1833
50 14 1342
50 15 849
50 16 1348
50 17 787
50 18 953
50 19 796
50 20 892
50 21 879
50 22 1751
50 23 975
50 24 1672
50 25 614
50 26 1693
50 27 774
50 28 1698
50 29 1416
50 30 1970
50 31 1129
50 32 288
50 33 1922
50 34 1081
50 35 240
50 36 1874
50 37 1033
50 38 192
50 39 1826
50 40 985
50 41 144
50 42 1778
50 43 937
50 44 96
50 45 1730
50 46 889
50 47 48
50 48 1682
50 49 841
50 50 0
50 51 1730
50 52 889
50 53 48
50 54 1778
50 55 937
50 56 96
50 57 1826
50 58 985
50 59 144
50 60 1874
50 61 1033
50 62 192
50 63 1922
50 64 1081
50 65 240
50 66 2090
51 0 456
51 1 1231
51 2 1257
51 3 229
51 4 289
51 5 611
51 6 1065
51 7 449
51 8 159
51 9 176
51 10 98
51 11 285
51 12 412
51 13 377
51 14 484
51 15 1361
51 16 958
51 17 943
51 18 1257
51 19 1030
51 20 1126
51 21 1139
51 22 555
51 23 1331
51 24 250
51 25 1308
51 26 133
51 27 1052
51 28 320
51 29 410
51 30 336
51 31 1177
51 32 2018
51 33 288
51 34 1129
51 35 1970
51 36 240
51 37 1081
51 38 1922
51 39 192
51 40 1033
51 41 1874
51 42 144
51 43 985
51 44 1826
51 45 96
51 46 937
51 47 1778
51 48 48
51 49 889
51 50 1730
51 51 0
51 52 841
51 53 1682
51 54 48
51 55 889
51 56 1730
51 57 96
51 58 937
51 59 1778
51 60 144
51 61 985
51 62 1826
51 63 192
51 64 1033
51 65 1874
51 66 456
52 0 1297
52 1 390
52 2 416
52 3 996
52 4 744
52 5 806
52 6 224
52 7 488
52 8 874
52 9 761
52 10 839
52 11 844
52 12 1101
52 13 1040
52 14 549
52 15 520
52 16 555
52 17 102
52 18 416
52 19 189
52 20 285
52 21 298
52 22 958
52 23 490
52 24 783
52 25 467
52 26 900
52 27 211
52 28 905
52 29 527
52 30 1177
52 31 336
52 32 1177
52 33 1129
52 34 288
52 35 1129
52 36 1081
52 37 240
52 38 1081
52 39 1033
52 40 192
52 41 1033
52 42 985
52 43 144
52 44 985
52 45 937
52 46 96
52 47 937
52 48 889
52 49 48
52 50 889
52 51 841
52 52 0
52 53 841
52 54 889
52 55 48
52 56 889
52 57 937
52 58 96
52 59 937
52 60 985
52 61 144
52 62 985
52 63 1033
52 64 192
52 65 1033
52 66 1297
53 0 2138
53 1 1027
53 2 1001
53 3 1837
53 4 1585
53 5 1647
53 6 809
53 7 1329
53 8 1715
53 9 1602
53 10 1680
53 11 1685
53 12 1942
53 13 1881
53 14 1390
53 15 897
53 16 1396
53 17 739
53 18 1001
53 19 748
53 20 844
53 21 831
53 22 1799
53 23 1023
53 24 1624
53 25 662
53 26 1741
53 27 822
53 28 1746
53 29 1368
53 30 2018
53 31 1177
53 32 336
53 33 1970
53 34 1129
53 35 288
53 36 1922
53 37 1081
53 38 240
53 39 1874
53 40 1033
53 41 192
53 42 1826
53 43 985
53 44 144
53 45 1778
53 46 937
53 47 96
53 48 1730
53 49 889
53 50 48
53 51 1682
53 52 841
53 53 0
53 54 1730
53 55 889
53 56 48
53 57 1778
53 58 937
53 59 96
53 60 1826
53 61 985
53 62 144
53 63 1874
53 64 1033
53 65 192
53 66 2138
54 0 504
54 1 1279
54 2 1305
54 3 277
54 4 241
54 5 659
54 6 1017
54 7 497
54 8 111
54 9 128
54 10 50
54 11 237
54 12 460
54 13 425
54 14 532
54 15 1409
54 16 1006
54 17 991
54 18 1305
54 19 982
54 20 1078
54 21 1091
54 22 603
54 23 1379
54 24 202
54 25 1356
54 26 181
54 27 1100
54 28 368
54 29 362
54 30 384
54 31 1225
54 32 2066
54 33 336
54 34 1177
54 35 2018
54 36 288
54 37 1129
54 38 1970
54 39 240
54 40 1081
54 41 1922
54 42 192
54 43 1033
54 44 1874
54 45 144
54 46 985
54 47 1826
54 48 96
54 49 937
54 50 1778
54 51 48
54 52 889
54 53 1730
54 54 0
54 55 841
54 56 1682
54 57 48
54 58 889
54 59 1730
54 60 96
54 61 937
54 62 1778
54 63 144
54 64 985
54 65 1826
54 66 504
55 0 1345
55 1 438
55 2 464
55 3 1044
55 4 696
55 5 854
55 6 176
55 7 536
55 8 826
55 9 713
55 10 791
55 11 796
55 12 1149
55 13 1088
55 14 597
55 15 568
55 16 603
55 17 150
55 18 464
55 19 141
55 20 237
55 21 250
55 22 1006
55 23 538
55 24 735
55 25 515
55 26 948
55 27 259
55 28 953
55 29 479
55 30 1225
55 31 384
55 32 1225
55 33 1177
55 34 336
55 35 1177
55 36 1129
55 37 288
55 38 1129
55 39 1081
55 40 240
55 41 1081
55 42 1033
55 43 192
55 44 1033
55 45 985
55 46 144
55 47 985
55 48 937
55 49 96
55 50 937
55 51 889
55 52 48
55 53 889
55 54 841
55 55 0
55 56 841
