//alpha
1
//NbLocations
67
//NbProducts
30
//NbPickers
2
//CapaPicker
4
//TimeToTravelOneDistanceUnit
3
//SetupTime
5400
//PickTime
300
//Products
//Idx Location Size
1 1 1
2 2 1
3 3 1
4 4 1
5 5 1
6 6 1
7 7 1
8 8 1
9 9 1
10 10 1
11 11 1
12 12 1
13 13 1
14 14 1
15 15 1
16 16 1
17 17 1
18 18 1
19 19 1
20 20 1
21 21 1
22 22 1
23 23 1
24 24 1
25 25 1
26 26 1
27 27 1
28 28 1
29 29 1
30 30 1
//Orders
//NbOrders
12
//Idx DueDate TardinessPenalty NbProdInOrder ProdIdx1 Qty1 ProdIdx2 Qty2 ...
1 144000 0 1 1 1
2 36000 0 1 2 1
3 90000 0 4 3 1 4 1 5 1 6 1
4 36000 0 3 7 1 8 1 9 1
5 126000 0 1 10 1
6 126000 0 2 11 1 12 1
7 36000 0 4 13 1 14 1 15 1 16 1
8 36000 0 1 17 1
9 36000 0 2 18 1 19 1
10 36000 0 4 20 1 21 1 22 1 23 1
11 90000 0 3 24 1 25 1 26 1
12 54000 0 4 27 1 28 1 29 1 30 1
//Graph (Products are vertices indexed from 1 to NbProducts)
//NbVerticesIntersections
36
//DepartingDepot
0
//ArrivalDepot
67
//Arcs
//Start End Distance
0 31 120
1 7 26
1 57 739
2 13 91
2 32 544
3 34 596
3 35 245
4 19 299
4 46 115
5 35 622
5 36 219
6 27 39
6 41 63
7 1 26
7 56 76
8 43 141
8 44 700
9 25 26
9 59 726
10 30 91
10 60 479
11 38 453
11 39 388
12 55 154
12 56 687
13 2 91
13 31 206
14 65 401
14 66 440
15 18 520
15 49 102
16 64 89
16 65 752
17 30 130
17 59 141
18 15 520
18 50 219
19 4 299
19 47 427
20 22 611
20 48 141
21 23 52
21 53 50
22 20 611
22 47 89
23 21 52
23 54 739
24 28 585
24 41 167
25 9 26
25 58 89
26 52 141
26 53 700
27 6 39
27 42 739
28 24 585
28 40 89
29 44 89
29 45 752
30 10 91
30 17 130
31 13 206
31 34 48
31 67 120
32 2 544
32 33 841
32 35 48
33 32 841
33 36 48
34 3 596
34 31 48
34 37 48
35 3 245
35 5 622
35 32 48
35 38 48
36 5 219
36 33 48
36 39 48
37 34 48
37 38 841
37 40 48
38 11 453
38 35 48
38 37 841
38 41 48
39 11 388
39 36 48
39 42 48
40 28 89
40 37 48
40 43 48
41 6 63
41 24 167
41 38 48
41 44 48
42 27 739
42 39 48
42 45 48
43 8 141
43 40 48
43 46 48
44 8 700
44 29 89
44 41 48
44 47 48
45 29 752
45 42 48
45 48 48
46 4 115
46 43 48
46 49 48
47 19 427
47 22 89
47 44 48
47 50 48
48 20 141
48 45 48
48 51 48
49 15 102
49 46 48
49 52 48
50 18 219
50 47 48
50 51 841
50 53 48
51 48 48
51 50 841
51 54 48
52 26 141
52 49 48
52 55 48
53 21 50
53 26 700
53 50 48
53 56 48
54 23 739
54 51 48
54 57 48
55 12 154
55 52 48
55 58 48
56 7 76
56 12 687
56 53 48
56 59 48
57 1 739
57 54 48
57 60 48
58 25 89
58 55 48
58 61 48
59 9 726
59 17 141
59 56 48
59 62 48
60 10 479
60 57 48
60 63 48
61 58 48
61 62 841
61 64 48
62 59 48
62 61 841
62 63 841
62 65 48
63 60 48
63 62 841
63 66 48
64 16 89
64 61 48
65 14 401
65 16 752
65 62 48
66 14 440
66 63 48
//LocStart LocEnd ShortestPath
0 0 0
0 1 1447
0 2 417
0 3 764
0 4 475
0 5 1631
0 6 1168
0 7 1421
0 8 453
0 9 667
0 10 1755
0 11 1510
0 12 658
0 13 326
0 14 1890
0 15 510
0 16 737
0 17 1534
0 18 1030
0 19 774
0 20 1901
0 21 1347
0 22 1290
0 23 1399
0 24 938
0 25 641
0 26 597
0 27 1207
0 28 353
0 29 1242
0 30 1664
0 31 120
0 32 961
0 33 1802
0 34 168
0 35 1009
0 36 1850
0 37 216
0 38 1057
0 39 1898
0 40 264
0 41 1105
0 42 1946
0 43 312
0 44 1153
0 45 1994
0 46 360
0 47 1201
0 48 2042
0 49 408
0 50 1249
0 51 2090
0 52 456
0 53 1297
0 54 2138
0 55 504
0 56 1345
0 57 2186
0 58 552
0 59 1393
0 60 2234
0 61 600
0 62 1441
0 63 2282
0 64 648
0 65 1489
0 66 2330
0 67 0
1 0 1447
1 1 0
1 2 1030
1 3 683
1 4 972
1 5 1060
1 6 405
1 7 26
1 8 994
1 9 876
1 10 512
1 11 843
1 12 789
1 13 1121
1 14 647
1 15 937
1 16 998
1 17 291
1 18 417
1 19 673
1 20 946
1 21 200
1 22 335
1 23 252
1 24 509
1 25 902
1 26 850
1 27 444
1 28 1094
1 29 383
1 30 421
1 31 1327
1 32 486
1 33 1123
1 34 1279
1 35 438
1 36 1075
1 37 1231
1 38 390
1 39 1027
1 40 1183
1 41 342
1 42 979
1 43 1135
1 44 294
1 45 931
1 46 1087
1 47 246
1 48 883
1 49 1039
1 50 198
1 51 835
1 52 991
1 53 150
1 54 787
1 55 943
1 56 102
1 57 739
1 58 991
1 59 150
1 60 787
1 61 1039
1 62 198
1 63 835
1 64 1087
1 65 246
1 66 883
1 67 1447
2 0 417
2 1 1030
2 2 0
2 3 837
2 4 652
2 5 1214
2 6 751
2 7 1004
2 8 630
2 9 844
2 10 1338
2 11 1093
2 12 835
2 13 91
2 14 1473
2 15 687
2 16 914
2 17 1117
2 18 1051
2 19 951
2 20 1484
2 21 930
2 22 873
2 23 982
2 24 855
2 25 818
2 26 774
2 27 790
2 28 530
2 29 825
2 30 1247
2 31 297
2 32 544
2 33 1385
2 34 345
2 35 592
2 36 1433
2 37 393
2 38 640
2 39 1481
2 40 441
2 41 688
2 42 1529
2 43 489
2 44 736
2 45 1577
2 46 537
2 47 784
2 48 1625
2 49 585
2 50 832
2 51 1673
2 52 633
2 53 880
2 54 1721
2 55 681
2 56 928
2 57 1769
2 58 729
2 59 976
2 60 1817
2 61 777
2 62 1024
2 63 1865
2 64 825
2 65 1072
2 66 1913
2 67 417
3 0 764
3 1 683
3 2 837
3 3 0
3 4 903
3 5 867
3 6 404
3 7 657
3 8 881
3 9 1095
3 10 991
3 11 746
3 12 1086
3 13 850
3 14 1126
3 15 938
3 16 1165
3 17 770
3 18 704
3 19 864
3 20 1137
3 21 583
3 22 526
3 23 635
3 24 508
3 25 1069
3 26 1025
3 27 443
3 28 781
3 29 478
3 30 900
3 31 644
3 32 293
3 33 1134
3 34 596
3 35 245
3 36 1086
3 37 644
3 38 293
3 39 1134
3 40 692
3 41 341
3 42 1182
3 43 740
3 44 389
3 45 1230
3 46 788
3 47 437
3 48 1278
3 49 836
3 50 485
3 51 1326
3 52 884
3 53 533
3 54 1374
3 55 932
3 56 581
3 57 1422
3 58 980
3 59 629
3 60 1470
3 61 1028
3 62 677
3 63 1518
3 64 1076
3 65 725
3 66 1566
3 67 764
4 0 475
4 1 972
4 2 652
4 3 903
4 4 0
4 5 1540
4 6 885
4 7 946
4 8 304
4 9 422
4 10 1280
4 11 1323
4 12 413
4 13 561
4 14 1415
4 15 265
4 16 492
4 17 1059
4 18 785
4 19 299
4 20 1426
4 21 872
4 22 815
4 23 924
4 24 885
4 25 396
4 26 352
4 27 924
4 28 300
4 29 863
4 30 1189
4 31 355
4 32 966
4 33 1807
4 34 307
4 35 918
4 36 1759
4 37 259
4 38 870
4 39 1711
4 40 211
4 41 822
4 42 1663
4 43 163
4 44 774
4 45 1615
4 46 115
4 47 726
4 48 1567
4 49 163
4 50 774
4 51 1615
4 52 211
4 53 822
4 54 1663
4 55 259
4 56 870
4 57 1711
4 58 307
4 59 918
4 60 1759
4 61 355
4 62 966
4 63 1807
4 64 403
4 65 1014
4 66 1855
4 67 475
5 0 1631
5 1 1060
5 2 1214
5 3 867
5 4 1540
5 5 0
5 6 781
5 7 1034
5 8 1466
5 9 1732
5 10 1082
5 11 655
5 12 1645
5 13 1305
5 14 1139
5 15 1601
5 16 1854
5 17 1147
5 18 1081
5 19 1241
5 20 552
5 21 960
5 22 903
5 23 1012
5 24 885
5 25 1758
5 26 1610
5 27 820
5 28 1470
5 29 855
5 30 1173
5 31 1511
5 32 670
5 33 267
5 34 1463
5 35 622
5 36 219
5 37 1511
5 38 670
5 39 267
5 40 1559
5 41 718
5 42 315
5 43 1607
5 44 766
5 45 363
5 46 1655
5 47 814
5 48 411
5 49 1703
5 50 862
5 51 459
5 52 1751
5 53 910
5 54 507
5 55 1799
5 56 958
5 57 555
5 58 1847
5 59 1006
5 60 603
5 61 1895
5 62 1054
5 63 651
5 64 1943
5 65 1102
5 66 699
5 67 1631
6 0 1168
6 1 405
6 2 751
6 3 404
6 4 885
6 5 781
6 6 0
6 7 379
6 8 811
6 9 1077
6 10 713
6 11 564
6 12 990
6 13 842
6 14 848
6 15 946
6 16 1199
6 17 492
6 18 426
6 19 586
6 20 859
6 21 305
6 22 248
6 23 357
6 24 230
6 25 1103
6 26 955
6 27 39
6 28 815
6 29 200
6 30 622
6 31 1048
6 32 207
6 33 922
6 34 1000
6 35 159
6 36 874
6 37 952
6 38 111
6 39 826
6 40 904
6 41 63
6 42 778
6 43 952
6 44 111
6 45 826
6 46 1000
6 47 159
6 48 874
6 49 1048
6 50 207
6 51 922
6 52 1096
6 53 255
6 54 970
6 55 1144
6 56 303
6 57 1018
6 58 1192
6 59 351
6 60 1066
6 61 1240
6 62 399
6 63 1114
6 64 1288
6 65 447
6 66 1162
6 67 1168
7 0 1421
7 1 26
7 2 1004
7 3 657
7 4 946
7 5 1034
7 6 379
7 7 0
7 8 968
7 9 850
7 10 486
7 11 817
7 12 763
7 13 1095
7 14 621
7 15 911
7 16 972
7 17 265
7 18 391
7 19 647
7 20 920
7 21 174
7 22 309
7 23 226
7 24 483
7 25 876
7 26 824
7 27 418
7 28 1068
7 29 357
7 30 395
7 31 1301
7 32 460
7 33 1149
7 34 1253
7 35 412
7 36 1101
7 37 1205
7 38 364
7 39 1053
7 40 1157
7 41 316
7 42 1005
7 43 1109
7 44 268
7 45 957
7 46 1061
7 47 220
7 48 909
7 49 1013
7 50 172
7 51 861
7 52 965
7 53 124
7 54 813
7 55 917
7 56 76
7 57 765
7 58 965
7 59 124
7 60 813
7 61 1013
7 62 172
7 63 861
7 64 1061
7 65 220
7 66 909
7 67 1421
8 0 453
8 1 994
8 2 630
8 3 881
8 4 304
8 5 1466
8 6 811
8 7 968
8 8 0
8 9 496
8 10 1302
8 11 1249
8 12 487
8 13 539
8 14 1437
8 15 339
8 16 566
8 17 1081
8 18 859
8 19 603
8 20 1448
8 21 894
8 22 837
8 23 946
8 24 863
8 25 470
8 26 426
8 27 850
8 28 278
8 29 789
8 30 1211
8 31 333
8 32 892
8 33 1733
8 34 285
8 35 844
8 36 1685
8 37 237
8 38 796
8 39 1637
8 40 189
8 41 748
8 42 1589
8 43 141
8 44 700
8 45 1541
8 46 189
8 47 748
8 48 1589
8 49 237
8 50 796
8 51 1637
8 52 285
8 53 844
8 54 1685
8 55 333
8 56 892
8 57 1733
8 58 381
8 59 940
8 60 1781
8 61 429
8 62 988
8 63 1829
8 64 477
8 65 1036
8 66 1877
8 67 453
9 0 667
9 1 876
9 2 844
9 3 1095
9 4 422
9 5 1732
9 6 1077
9 7 850
9 8 496
9 9 0
9 10 1088
9 11 1515
9 12 317
9 13 753
9 14 1223
9 15 361
9 16 300
9 17 867
9 18 881
9 19 721
9 20 1618
9 21 872
9 22 1007
9 23 924
9 24 1077
9 25 26
9 26 352
9 27 1116
9 28 492
9 29 1055
9 30 997
9 31 547
9 32 1158
9 33 1999
9 34 499
9 35 1110
9 36 1951
9 37 451
9 38 1062
9 39 1903
9 40 403
9 41 1014
9 42 1855
9 43 355
9 44 966
9 45 1807
9 46 307
9 47 918
9 48 1759
9 49 259
9 50 870
9 51 1711
9 52 211
9 53 822
9 54 1663
9 55 163
9 56 774
9 57 1615
9 58 115
9 59 726
9 60 1567
9 61 163
9 62 774
9 63 1615
9 64 211
9 65 822
9 66 1663
9 67 667
10 0 1755
10 1 512
10 2 1338
10 3 991
10 4 1280
10 5 1082
10 6 713
10 7 486
10 8 1302
10 9 1088
10 10 0
10 11 1151
10 12 1097
10 13 1429
10 14 859
10 15 1245
10 16 1210
10 17 221
10 18 725
10 19 981
10 20 812
10 21 508
10 22 643
10 23 560
10 24 817
10 25 1114
10 26 1158
10 27 752
10 28 1402
10 29 691
10 30 91
10 31 1635
10 32 794
10 33 911
10 34 1587
10 35 746
10 36 863
10 37 1539
10 38 698
10 39 815
10 40 1491
10 41 650
10 42 767
10 43 1443
10 44 602
10 45 719
10 46 1395
10 47 554
10 48 671
10 49 1347
10 50 506
10 51 623
10 52 1299
10 53 458
10 54 575
10 55 1251
10 56 410
10 57 527
10 58 1203
10 59 362
10 60 479
10 61 1251
10 62 410
10 63 527
10 64 1299
10 65 458
10 66 575
10 67 1755
11 0 1510
11 1 843
11 2 1093
11 3 746
11 4 1323
11 5 655
11 6 564
11 7 817
11 8 1249
11 9 1515
11 10 1151
11 11 0
11 12 1428
11 13 1184
11 14 1260
11 15 1384
11 16 1637
11 17 930
11 18 864
11 19 1024
11 20 673
11 21 743
11 22 686
11 23 795
11 24 668
11 25 1541
11 26 1393
11 27 603
11 28 1253
11 29 638
11 30 1060
11 31 1390
11 32 549
11 33 484
11 34 1342
11 35 501
11 36 436
11 37 1294
11 38 453
11 39 388
11 40 1342
11 41 501
11 42 436
11 43 1390
11 44 549
11 45 484
11 46 1438
11 47 597
11 48 532
11 49 1486
11 50 645
11 51 580
11 52 1534
11 53 693
11 54 628
11 55 1582
11 56 741
11 57 676
11 58 1630
11 59 789
11 60 724
11 61 1678
11 62 837
11 63 772
11 64 1726
11 65 885
11 66 820
11 67 1510
12 0 658
12 1 789
12 2 835
12 3 1086
12 4 413
12 5 1645
12 6 990
12 7 763
12 8 487
12 9 317
12 10 1097
12 11 1428
12 12 0
12 13 744
12 14 1232
12 15 352
12 16 387
12 17 876
12 18 872
12 19 712
12 20 1531
12 21 785
12 22 920
12 23 837
12 24 1068
12 25 291
12 26 343
12 27 1029
12 28 483
12 29 968
12 30 1006
12 31 538
12 32 1071
12 33 1912
12 34 490
12 35 1023
12 36 1864
12 37 442
12 38 975
12 39 1816
12 40 394
12 41 927
12 42 1768
12 43 346
12 44 879
12 45 1720
12 46 298
12 47 831
12 48 1672
12 49 250
12 50 783
12 51 1624
12 52 202
12 53 735
12 54 1576
12 55 154
12 56 687
12 57 1528
12 58 202
12 59 735
12 60 1576
12 61 250
12 62 783
12 63 1624
12 64 298
12 65 831
12 66 1672
12 67 658
13 0 326
13 1 1121
13 2 91
13 3 850
13 4 561
13 5 1305
13 6 842
13 7 1095
13 8 539
13 9 753
13 10 1429
13 11 1184
13 12 744
13 13 0
13 14 1564
13 15 596
13 16 823
13 17 1208
13 18 1116
13 19 860
13 20 1575
13 21 1021
13 22 964
13 23 1073
13 24 946
13 25 727
13 26 683
13 27 881
13 28 439
13 29 916
13 30 1338
13 31 206
13 32 635
13 33 1476
13 34 254
13 35 683
13 36 1524
13 37 302
13 38 731
13 39 1572
13 40 350
13 41 779
13 42 1620
13 43 398
13 44 827
13 45 1668
13 46 446
13 47 875
13 48 1716
13 49 494
13 50 923
13 51 1764
13 52 542
13 53 971
13 54 1812
13 55 590
13 56 1019
13 57 1860
13 58 638
13 59 1067
13 60 1908
13 61 686
13 62 1115
13 63 1956
13 64 734
13 65 1163
13 66 2004
13 67 326
14 0 1890
14 1 647
14 2 1473
14 3 1126
14 4 1415
14 5 1139
14 6 848
14 7 621
14 8 1437
14 9 1223
14 10 859
14 11 1260
14 12 1232
14 13 1564
14 14 0
14 15 1380
14 16 1153
14 17 638
14 18 860
14 19 1116
14 20 869
14 21 643
14 22 778
14 23 695
14 24 952
14 25 1249
14 26 1293
14 27 887
14 28 1537
14 29 826
14 30 768
14 31 1770
14 32 929
14 33 968
14 34 1722
14 35 881
14 36 920
14 37 1674
14 38 833
14 39 872
14 40 1626
14 41 785
14 42 824
14 43 1578
14 44 737
14 45 776
14 46 1530
14 47 689
14 48 728
14 49 1482
14 50 641
14 51 680
14 52 1434
14 53 593
14 54 632
14 55 1386
14 56 545
14 57 584
14 58 1338
14 59 497
14 60 536
14 61 1290
14 62 449
14 63 488
14 64 1242
14 65 401
14 66 440
14 67 1890
15 0 510
15 1 937
15 2 687
15 3 938
15 4 265
15 5 1601
15 6 946
15 7 911
15 8 339
15 9 361
15 10 1245
15 11 1384
15 12 352
15 13 596
15 14 1380
15 15 0
15 16 431
15 17 1024
15 18 520
15 19 564
15 20 1487
15 21 837
15 22 876
15 23 889
15 24 920
15 25 335
15 26 291
15 27 985
15 28 335
15 29 924
15 30 1154
15 31 390
15 32 1027
15 33 1868
15 34 342
15 35 979
15 36 1820
15 37 294
15 38 931
15 39 1772
15 40 246
15 41 883
15 42 1724
15 43 198
15 44 835
15 45 1676
15 46 150
15 47 787
15 48 1628
15 49 102
15 50 739
15 51 1580
15 52 150
15 53 787
15 54 1628
15 55 198
15 56 835
15 57 1676
15 58 246
15 59 883
15 60 1724
15 61 294
15 62 931
15 63 1772
15 64 342
15 65 979
15 66 1820
15 67 510
16 0 737
16 1 998
16 2 914
16 3 1165
16 4 492
16 5 1854
16 6 1199
16 7 972
16 8 566
16 9 300
16 10 1210
16 11 1637
16 12 387
16 13 823
16 14 1153
16 15 431
16 16 0
16 17 989
16 18 951
16 19 791
16 20 1740
16 21 994
16 22 1129
16 23 1046
16 24 1147
16 25 274
16 26 422
16 27 1238
16 28 562
16 29 1177
16 30 1119
16 31 617
16 32 1280
16 33 2121
16 34 569
16 35 1232
16 36 2073
16 37 521
16 38 1184
16 39 2025
16 40 473
16 41 1136
16 42 1977
16 43 425
16 44 1088
16 45 1929
16 46 377
16 47 1040
16 48 1881
16 49 329
16 50 992
16 51 1833
16 52 281
16 53 944
16 54 1785
16 55 233
16 56 896
16 57 1737
16 58 185
16 59 848
16 60 1689
16 61 137
16 62 800
16 63 1641
16 64 89
16 65 752
16 66 1593
16 67 737
17 0 1534
17 1 291
17 2 1117
17 3 770
17 4 1059
17 5 1147
17 6 492
17 7 265
17 8 1081
17 9 867
17 10 221
17 11 930
17 12 876
17 13 1208
17 14 638
17 15 1024
17 16 989
17 17 0
17 18 504
17 19 760
17 20 1033
17 21 287
17 22 422
17 23 339
17 24 596
17 25 893
17 26 937
17 27 531
17 28 1181
17 29 470
17 30 130
17 31 1414
17 32 573
17 33 1132
17 34 1366
17 35 525
17 36 1084
17 37 1318
17 38 477
17 39 1036
17 40 1270
17 41 429
17 42 988
17 43 1222
17 44 381
17 45 940
17 46 1174
17 47 333
17 48 892
17 49 1126
17 50 285
17 51 844
17 52 1078
17 53 237
17 54 796
17 55 1030
17 56 189
17 57 748
17 58 982
17 59 141
17 60 700
17 61 1030
17 62 189
17 63 748
17 64 1078
17 65 237
17 66 796
17 67 1534
18 0 1030
18 1 417
18 2 1051
18 3 704
18 4 785
18 5 1081
18 6 426
18 7 391
18 8 859
18 9 881
18 10 725
18 11 864
18 12 872
18 13 1116
18 14 860
18 15 520
18 16 951
18 17 504
18 18 0
18 19 694
18 20 967
18 21 317
18 22 356
18 23 369
18 24 530
18 25 855
18 26 811
18 27 465
18 28 855
18 29 404
18 30 634
18 31 910
18 32 507
18 33 1348
18 34 862
18 35 459
18 36 1300
18 37 814
18 38 411
18 39 1252
18 40 766
18 41 363
18 42 1204
18 43 718
18 44 315
18 45 1156
18 46 670
18 47 267
18 48 1108
18 49 622
18 50 219
18 51 1060
18 52 670
18 53 267
18 54 1108
18 55 718
18 56 315
18 57 1156
18 58 766
18 59 363
18 60 1204
18 61 814
18 62 411
18 63 1252
18 64 862
18 65 459
18 66 1300
18 67 1030
19 0 774
19 1 673
19 2 951
19 3 864
19 4 299
19 5 1241
19 6 586
19 7 647
19 8 603
19 9 721
19 10 981
19 11 1024
19 12 712
19 13 860
19 14 1116
19 15 564
19 16 791
19 17 760
19 18 694
19 19 0
19 20 1127
19 21 573
19 22 516
19 23 625
19 24 690
19 25 695
19 26 651
19 27 625
19 28 599
19 29 564
19 30 890
19 31 654
19 32 667
19 33 1508
19 34 606
19 35 619
19 36 1460
19 37 558
19 38 571
19 39 1412
19 40 510
19 41 523
19 42 1364
19 43 462
19 44 475
19 45 1316
19 46 414
19 47 427
19 48 1268
19 49 462
19 50 475
19 51 1316
19 52 510
19 53 523
19 54 1364
19 55 558
19 56 571
19 57 1412
19 58 606
19 59 619
19 60 1460
19 61 654
19 62 667
19 63 1508
19 64 702
19 65 715
19 66 1556
19 67 774
20 0 1901
20 1 946
20 2 1484
20 3 1137
20 4 1426
20 5 552
20 6 859
20 7 920
20 8 1448
20 9 1618
20 10 812
20 11 673
20 12 1531
20 13 1575
20 14 869
20 15 1487
20 16 1740
20 17 1033
20 18 967
20 19 1127
20 20 0
20 21 846
20 22 611
20 23 898
20 24 963
20 25 1644
20 26 1496
20 27 898
20 28 1548
20 29 837
20 30 903
20 31 1781
20 32 940
20 33 381
20 34 1733
20 35 892
20 36 333
20 37 1685
20 38 844
20 39 285
20 40 1637
20 41 796
20 42 237
20 43 1589
20 44 748
20 45 189
20 46 1541
20 47 700
20 48 141
20 49 1589
20 50 748
20 51 189
20 52 1637
20 53 796
20 54 237
20 55 1685
20 56 844
20 57 285
20 58 1733
20 59 892
20 60 333
20 61 1781
20 62 940
20 63 381
20 64 1829
20 65 988
20 66 429
20 67 1901
21 0 1347
21 1 200
21 2 930
21 3 583
21 4 872
21 5 960
21 6 305
21 7 174
21 8 894
21 9 872
21 10 508
21 11 743
21 12 785
21 13 1021
21 14 643
21 15 837
21 16 994
21 17 287
21 18 317
21 19 573
21 20 846
21 21 0
21 22 235
21 23 52
21 24 409
21 25 898
21 26 750
21 27 344
21 28 994
21 29 283
21 30 417
21 31 1227
21 32 386
21 33 1127
21 34 1179
21 35 338
21 36 1079
21 37 1131
21 38 290
21 39 1031
21 40 1083
21 41 242
21 42 983
21 43 1035
21 44 194
21 45 935
21 46 987
21 47 146
21 48 887
21 49 939
21 50 98
21 51 839
21 52 891
21 53 50
21 54 791
21 55 939
21 56 98
21 57 839
21 58 987
21 59 146
21 60 887
21 61 1035
21 62 194
21 63 935
21 64 1083
21 65 242
21 66 983
21 67 1347
22 0 1290
22 1 335
22 2 873
22 3 526
22 4 815
22 5 903
22 6 248
22 7 309
22 8 837
22 9 1007
22 10 643
22 11 686
22 12 920
22 13 964
22 14 778
22 15 876
22 16 1129
22 17 422
22 18 356
22 19 516
22 20 611
22 21 235
22 22 0
22 23 287
22 24 352
22 25 1033
22 26 885
22 27 287
22 28 937
22 29 226
22 30 552
22 31 1170
22 32 329
22 33 992
22 34 1122
22 35 281
22 36 944
22 37 1074
22 38 233
22 39 896
22 40 1026
22 41 185
22 42 848
22 43 978
22 44 137
22 45 800
22 46 930
22 47 89
22 48 752
22 49 978
22 50 137
22 51 800
22 52 1026
22 53 185
22 54 848
22 55 1074
22 56 233
22 57 896
22 58 1122
22 59 281
22 60 944
22 61 1170
22 62 329
22 63 992
22 64 1218
22 65 377
22 66 1040
22 67 1290
23 0 1399
23 1 252
23 2 982
23 3 635
23 4 924
23 5 1012
23 6 357
23 7 226
23 8 946
23 9 924
23 10 560
23 11 795
23 12 837
23 13 1073
23 14 695
23 15 889
23 16 1046
23 17 339
23 18 369
23 19 625
23 20 898
23 21 52
23 22 287
23 23 0
23 24 461
23 25 950
23 26 802
23 27 396
23 28 1046
23 29 335
23 30 469
23 31 1279
23 32 438
23 33 1075
23 34 1231
23 35 390
23 36 1027
23 37 1183
23 38 342
23 39 979
23 40 1135
23 41 294
23 42 931
23 43 1087
23 44 246
23 45 883
23 46 1039
23 47 198
23 48 835
23 49 991
23 50 150
23 51 787
23 52 943
23 53 102
23 54 739
23 55 991
23 56 150
23 57 787
23 58 1039
23 59 198
23 60 835
23 61 1087
23 62 246
23 63 883
23 64 1135
23 65 294
23 66 931
23 67 1399
24 0 938
24 1 509
24 2 855
24 3 508
24 4 885
24 5 885
24 6 230
24 7 483
24 8 863
24 9 1077
24 10 817
24 11 668
24 12 1068
24 13 946
24 14 952
24 15 920
24 16 1147
24 17 596
24 18 530
24 19 690
24 20 963
24 21 409
24 22 352
24 23 461
24 24 0
24 25 1051
24 26 1007
24 27 269
24 28 585
24 29 304
24 30 726
24 31 818
24 32 311
24 33 1152
24 34 770
24 35 263
24 36 1104
24 37 722
24 38 215
24 39 1056
24 40 674
24 41 167
24 42 1008
24 43 722
24 44 215
24 45 1056
24 46 770
24 47 263
24 48 1104
24 49 818
24 50 311
24 51 1152
24 52 866
24 53 359
24 54 1200
24 55 914
24 56 407
24 57 1248
24 58 962
24 59 455
24 60 1296
24 61 1010
24 62 503
24 63 1344
24 64 1058
24 65 551
24 66 1392
24 67 938
25 0 641
25 1 902
25 2 818
25 3 1069
25 4 396
25 5 1758
25 6 1103
25 7 876
25 8 470
25 9 26
25 10 1114
25 11 1541
25 12 291
25 13 727
25 14 1249
25 15 335
25 16 274
25 17 893
25 18 855
25 19 695
25 20 1644
25 21 898
25 22 1033
25 23 950
25 24 1051
25 25 0
25 26 326
25 27 1142
25 28 466
25 29 1081
25 30 1023
25 31 521
25 32 1184
25 33 2025
25 34 473
25 35 1136
25 36 1977
25 37 425
25 38 1088
25 39 1929
25 40 377
25 41 1040
25 42 1881
25 43 329
25 44 992
25 45 1833
25 46 281
25 47 944
25 48 1785
25 49 233
25 50 896
25 51 1737
25 52 185
25 53 848
25 54 1689
25 55 137
25 56 800
25 57 1641
25 58 89
25 59 752
25 60 1593
25 61 137
25 62 800
25 63 1641
25 64 185
25 65 848
25 66 1689
25 67 641
26 0 597
26 1 850
26 2 774
26 3 1025
26 4 352
26 5 1610
26 6 955
26 7 824
26 8 426
26 9 352
26 10 1158
26 11 1393
26 12 343
26 13 683
26 14 1293
26 15 291
26 16 422
26 17 937
26 18 811
26 19 651
26 20 1496
26 21 750
26 22 885
26 23 802
26 24 1007
26 25 326
26 26 0
26 27 994
26 28 422
26 29 933
26 30 1067
26 31 477
26 32 1036
26 33 1877
26 34 429
26 35 988
26 36 1829
26 37 381
26 38 940
26 39 1781
26 40 333
26 41 892
26 42 1733
26 43 285
26 44 844
26 45 1685
26 46 237
26 47 796
26 48 1637
26 49 189
26 50 748
26 51 1589
26 52 141
26 53 700
26 54 1541
26 55 189
26 56 748
26 57 1589
26 58 237
26 59 796
26 60 1637
26 61 285
26 62 844
26 63 1685
26 64 333
26 65 892
26 66 1733
26 67 597
27 0 1207
27 1 444
27 2 790
27 3 443
27 4 924
27 5 820
27 6 39
27 7 418
27 8 850
27 9 1116
27 10 752
27 11 603
27 12 1029
27 13 881
27 14 887
27 15 985
27 16 1238
27 17 531
27 18 465
27 19 625
27 20 898
27 21 344
27 22 287
27 23 396
27 24 269
27 25 1142
27 26 994
27 27 0
27 28 854
27 29 239
27 30 661
27 31 1087
27 32 246
27 33 883
27 34 1039
27 35 198
27 36 835
27 37 991
27 38 150
27 39 787
27 40 943
27 41 102
27 42 739
27 43 991
27 44 150
27 45 787
27 46 1039
27 47 198
27 48 835
27 49 1087
27 50 246
27 51 883
27 52 1135
27 53 294
27 54 931
27 55 1183
27 56 342
27 57 979
27 58 1231
27 59 390
27 60 1027
27 61 1279
27 62 438
27 63 1075
27 64 1327
27 65 486
27 66 1123
27 67 1207
28 0 353
28 1 1094
28 2 530
28 3 781
28 4 300
28 5 1470
28 6 815
28 7 1068
28 8 278
28 9 492
28 10 1402
28 11 1253
28 12 483
28 13 439
28 14 1537
28 15 335
28 16 562
28 17 1181
28 18 855
28 19 599
28 20 1548
28 21 994
28 22 937
28 23 1046
28 24 585
28 25 466
28 26 422
28 27 854
28 28 0
28 29 889
28 30 1311
28 31 233
28 32 896
28 33 1737
28 34 185
28 35 848
28 36 1689
28 37 137
28 38 800
28 39 1641
28 40 89
28 41 752
28 42 1593
28 43 137
28 44 800
28 45 1641
28 46 185
28 47 848
28 48 1689
28 49 233
28 50 896
28 51 1737
28 52 281
28 53 944
28 54 1785
28 55 329
28 56 992
28 57 1833
28 58 377
28 59 1040
28 60 1881
28 61 425
28 62 1088
28 63 1929
28 64 473
28 65 1136
28 66 1977
28 67 353
29 0 1242
29 1 383
29 2 825
29 3 478
29 4 863
29 5 855
29 6 200
29 7 357
29 8 789
29 9 1055
29 10 691
29 11 638
29 12 968
29 13 916
29 14 826
29 15 924
29 16 1177
29 17 470
29 18 404
29 19 564
29 20 837
29 21 283
29 22 226
29 23 335
29 24 304
29 25 1081
29 26 933
29 27 239
29 28 889
29 29 0
29 30 600
29 31 1122
29 32 281
29 33 944
29 34 1074
29 35 233
29 36 896
29 37 1026
29 38 185
29 39 848
29 40 978
29 41 137
29 42 800
29 43 930
29 44 89
29 45 752
29 46 978
29 47 137
29 48 800
29 49 1026
29 50 185
29 51 848
29 52 1074
29 53 233
29 54 896
29 55 1122
29 56 281
29 57 944
29 58 1170
29 59 329
29 60 992
29 61 1218
29 62 377
29 63 1040
29 64 1266
29 65 425
29 66 1088
29 67 1242
30 0 1664
30 1 421
30 2 1247
30 3 900
30 4 1189
30 5 1173
30 6 622
30 7 395
30 8 1211
30 9 997
30 10 91
30 11 1060
30 12 1006
30 13 1338
30 14 768
30 15 1154
30 16 1119
30 17 130
30 18 634
30 19 890
30 20 903
30 21 417
30 22 552
30 23 469
30 24 726
30 25 1023
30 26 1067
30 27 661
30 28 1311
30 29 600
30 30 0
30 31 1544
30 32 703
30 33 1002
30 34 1496
30 35 655
30 36 954
30 37 1448
30 38 607
30 39 906
30 40 1400
30 41 559
30 42 858
30 43 1352
30 44 511
30 45 810
30 46 1304
30 47 463
30 48 762
30 49 1256
30 50 415
30 51 714
30 52 1208
30 53 367
30 54 666
30 55 1160
30 56 319
30 57 618
30 58 1112
30 59 271
30 60 570
30 61 1160
30 62 319
30 63 618
30 64 1208
30 65 367
30 66 666
30 67 1664
31 0 120
31 1 1327
31 2 297
31 3 644
31 4 355
31 5 1511
31 6 1048
31 7 1301
31 8 333
31 9 547
31 10 1635
31 11 1390
31 12 538
31 13 206
31 14 1770
31 15 390
31 16 617
31 17 1414
31 18 910
31 19 654
31 20 1781
31 21 1227
31 22 1170
31 23 1279
31 24 818
31 25 521
31 26 477
31 27 1087
31 28 233
31 29 1122
31 30 1544
31 31 0
31 32 841
31 33 1682
31 34 48
31 35 889
31 36 1730
31 37 96
31 38 937
31 39 1778
31 40 144
31 41 985
31 42 1826
31 43 192
31 44 1033
31 45 1874
31 46 240
31 47 1081
31 48 1922
31 49 288
31 50 1129
31 51 1970
31 52 336
31 53 1177
31 54 2018
31 55 384
31 56 1225
31 57 2066
31 58 432
31 59 1273
31 60 2114
31 61 480
31 62 1321
31 63 2162
31 64 528
31 65 1369
31 66 2210
31 67 120
32 0 961
32 1 486
32 2 544
32 3 293
32 4 966
32 5 670
32 6 207
32 7 460
32 8 892
32 9 1158
32 10 794
32 11 549
32 12 1071
32 13 635
32 14 929
32 15 1027
32 16 1280
32 17 573
32 18 507
32 19 667
32 20 940
32 21 386
32 22 329
32 23 438
32 24 311
32 25 1184
32 26 1036
32 27 246
32 28 896
32 29 281
32 30 703
32 31 841
32 32 0
32 33 841
32 34 889
32 35 48
32 36 889
32 37 937
32 38 96
32 39 937
32 40 985
32 41 144
32 42 985
32 43 1033
32 44 192
32 45 1033
32 46 1081
32 47 240
32 48 1081
32 49 1129
32 50 288
32 51 1129
32 52 1177
32 53 336
32 54 1177
32 55 1225
32 56 384
32 57 1225
32 58 1273
32 59 432
32 60 1273
32 61 1321
32 62 480
32 63 1321
32 64 1369
32 65 528
32 66 1369
32 67 961
33 0 1802
33 1 1123
33 2 1385
33 3 1134
33 4 1807
33 5 267
33 6 922
33 7 1149
33 8 1733
33 9 1999
33 10 911
33 11 484
33 12 1912
33 13 1476
33 14 968
33 15 1868
33 16 2121
33 17 1132
33 18 1348
33 19 1508
33 20 381
33 21 1127
33 22 992
33 23 1075
33 24 1152
33 25 2025
33 26 1877
33 27 883
33 28 1737
33 29 944
33 30 1002
33 31 1682
33 32 841
33 33 0
33 34 1730
33 35 889
33 36 48
33 37 1778
33 38 937
33 39 96
33 40 1826
33 41 985
33 42 144
33 43 1874
33 44 1033
33 45 192
33 46 1922
33 47 1081
33 48 240
33 49 1970
33 50 1129
33 51 288
33 52 2018
33 53 1177
33 54 336
33 55 2066
33 56 1225
33 57 384
33 58 2114
33 59 1273
33 60 432
33 61 2162
33 62 1321
33 63 480
33 64 2210
33 65 1369
33 66 528
33 67 1802
34 0 168
34 1 1279
34 2 345
34 3 596
34 4 307
34 5 1463
34 6 1000
34 7 1253
34 8 285
34 9 499
34 10 1587
34 11 1342
34 12 490
34 13 254
34 14 1722
34 15 342
34 16 569
34 17 1366
34 18 862
34 19 606
34 20 1733
34 21 1179
34 22 1122
34 23 1231
34 24 770
34 25 473
34 26 429
34 27 1039
34 28 185
34 29 1074
34 30 1496
34 31 48
34 32 889
34 33 1730
34 34 0
34 35 841
34 36 1682
34 37 48
34 38 889
34 39 1730
34 40 96
34 41 937
34 42 1778
34 43 144
34 44 985
34 45 1826
34 46 192
34 47 1033
34 48 1874
34 49 240
34 50 1081
34 51 1922
34 52 288
34 53 1129
34 54 1970
34 55 336
34 56 1177
34 57 2018
34 58 384
34 59 1225
34 60 2066
34 61 432
34 62 1273
34 63 2114
34 64 480
34 65 1321
34 66 2162
34 67 168
35 0 1009
35 1 438
35 2 592
35 3 245
35 4 918
35 5 622
35 6 159
35 7 412
35 8 844
35 9 1110
35 10 746
35 11 501
35 12 1023
35 13 683
35 14 881
35 15 979
35 16 1232
35 17 525
35 18 459
35 19 619
35 20 892
35 21 338
35 22 281
35 23 390
35 24 263
35 25 1136
35 26 988
35 27 198
35 28 848
35 29 233
35 30 655
35 31 889
35 32 48
35 33 889
35 34 841
35 35 0
35 36 841
35 37 889
35 38 48
35 39 889
35 40 937
35 41 96
35 42 937
35 43 985
35 44 144
35 45 985
35 46 1033
35 47 192
35 48 1033
35 49 1081
35 50 240
35 51 1081
35 52 1129
35 53 288
35 54 1129
35 55 1177
35 56 336
35 57 1177
35 58 1225
35 59 384
35 60 1225
35 61 1273
35 62 432
35 63 1273
35 64 1321
35 65 480
35 66 1321
35 67 1009
36 0 1850
36 1 1075
36 2 1433
36 3 1086
36 4 1759
36 5 219
36 6 874
36 7 1101
36 8 1685
36 9 1951
36 10 863
36 11 436
36 12 1864
36 13 1524
36 14 920
36 15 1820
36 16 2073
36 17 1084
36 18 1300
36 19 1460
36 20 333
36 21 1079
36 22 944
36 23 1027
36 24 1104
36 25 1977
36 26 1829
36 27 835
36 28 1689
36 29 896
36 30 954
36 31 1730
36 32 889
36 33 48
36 34 1682
36 35 841
36 36 0
36 37 1730
36 38 889
36 39 48
36 40 1778
36 41 937
36 42 96
36 43 1826
36 44 985
36 45 144
36 46 1874
36 47 1033
36 48 192
36 49 1922
36 50 1081
36 51 240
36 52 1970
36 53 1129
36 54 288
36 55 2018
36 56 1177
36 57 336
36 58 2066
36 59 1225
36 60 384
36 61 2114
36 62 1273
36 63 432
36 64 2162
36 65 1321
36 66 480
36 67 1850
37 0 216
37 1 1231
37 2 393
37 3 644
37 4 259
37 5 1511
37 6 952
37 7 1205
37 8 237
37 9 451
37 10 1539
37 11 1294
37 12 442
37 13 302
37 14 1674
37 15 294
37 16 521
37 17 1318
37 18 814
37 19 558
37 20 1685
37 21 1131
37 22 1074
37 23 1183
37 24 722
37 25 425
37 26 381
37 27 991
37 28 137
37 29 1026
37 30 1448
37 31 96
37 32 937
37 33 1778
37 34 48
37 35 889
37 36 1730
37 37 0
37 38 841
37 39 1682
37 40 48
37 41 889
37 42 1730
37 43 96
37 44 937
37 45 1778
37 46 144
37 47 985
37 48 1826
37 49 192
37 50 1033
37 51 1874
37 52 240
37 53 1081
37 54 1922
37 55 288
37 56 1129
37 57 1970
37 58 336
37 59 1177
37 60 2018
37 61 384
37 62 1225
37 63 2066
37 64 432
37 65 1273
37 66 2114
37 67 216
38 0 1057
38 1 390
38 2 640
38 3 293
38 4 870
38 5 670
38 6 111
38 7 364
38 8 796
38 9 1062
38 10 698
38 11 453
38 12 975
38 13 731
38 14 833
38 15 931
38 16 1184
38 17 477
38 18 411
38 19 571
38 20 844
38 21 290
38 22 233
38 23 342
38 24 215
38 25 1088
38 26 940
38 27 150
38 28 800
38 29 185
38 30 607
38 31 937
38 32 96
38 33 937
38 34 889
38 35 48
38 36 889
38 37 841
38 38 0
38 39 841
38 40 889
38 41 48
38 42 889
38 43 937
38 44 96
38 45 937
38 46 985
38 47 144
38 48 985
38 49 1033
38 50 192
38 51 1033
38 52 1081
38 53 240
38 54 1081
38 55 1129
38 56 288
38 57 1129
38 58 1177
38 59 336
38 60 1177
38 61 1225
38 62 384
38 63 1225
38 64 1273
38 65 432
38 66 1273
38 67 1057
39 0 1898
39 1 1027
39 2 1481
39 3 1134
39 4 1711
39 5 267
39 6 826
39 7 1053
39 8 1637
39 9 1903
39 10 815
39 11 388
39 12 1816
39 13 1572
39 14 872
39 15 1772
39 16 2025
39 17 1036
39 18 1252
39 19 1412
39 20 285
39 21 1031
39 22 896
39 23 979
39 24 1056
39 25 1929
39 26 1781
39 27 787
39 28 1641
39 29 848
39 30 906
39 31 1778
39 32 937
39 33 96
39 34 1730
39 35 889
39 36 48
39 37 1682
39 38 841
39 39 0
39 40 1730
39 41 889
39 42 48
39 43 1778
39 44 937
39 45 96
39 46 1826
39 47 985
39 48 144
39 49 1874
39 50 1033
39 51 192
39 52 1922
39 53 1081
39 54 240
39 55 1970
39 56 1129
39 57 288
39 58 2018
39 59 1177
39 60 336
39 61 2066
39 62 1225
39 63 384
39 64 2114
39 65 1273
39 66 432
39 67 1898
40 0 264
40 1 1183
40 2 441
40 3 692
40 4 211
40 5 1559
40 6 904
40 7 1157
40 8 189
40 9 403
40 10 1491
40 11 1342
40 12 394
40 13 350
40 14 1626
40 15 246
40 16 473
40 17 1270
40 18 766
40 19 510
40 20 1637
40 21 1083
40 22 1026
40 23 1135
40 24 674
40 25 377
40 26 333
40 27 943
40 28 89
40 29 978
40 30 1400
40 31 144
40 32 985
40 33 1826
40 34 96
40 35 937
40 36 1778
40 37 48
40 38 889
40 39 1730
40 40 0
40 41 841
40 42 1682
40 43 48
40 44 889
40 45 1730
40 46 96
40 47 937
40 48 1778
40 49 144
40 50 985
40 51 1826
40 52 192
40 53 1033
40 54 1874
40 55 240
40 56 1081
40 57 1922
40 58 288
40 59 1129
40 60 1970
40 61 336
40 62 1177
40 63 2018
40 64 384
40 65 1225
40 66 2066
40 67 264
41 0 1105
41 1 342
41 2 688
41 3 341
41 4 822
41 5 718
41 6 63
41 7 316
41 8 748
41 9 1014
41 10 650
41 11 501
41 12 927
41 13 779
41 14 785
41 15 883
41 16 1136
41 17 429
41 18 363
41 19 523
41 20 796
41 21 242
41 22 185
41 23 294
41 24 167
41 25 1040
41 26 892
41 27 102
41 28 752
41 29 137
41 30 559
41 31 985
41 32 144
41 33 985
41 34 937
41 35 96
41 36 937
41 37 889
41 38 48
41 39 889
41 40 841
41 41 0
41 42 841
41 43 889
41 44 48
41 45 889
41 46 937
41 47 96
41 48 937
41 49 985
41 50 144
41 51 985
41 52 1033
41 53 192
41 54 1033
41 55 1081
41 56 240
41 57 1081
41 58 1129
41 59 288
41 60 1129
41 61 1177
41 62 336
41 63 1177
41 64 1225
41 65 384
41 66 1225
41 67 1105
42 0 1946
42 1 979
42 2 1529
42 3 1182
42 4 1663
42 5 315
42 6 778
42 7 1005
42 8 1589
42 9 1855
42 10 767
42 11 436
42 12 1768
42 13 1620
42 14 824
42 15 1724
42 16 1977
42 17 988
42 18 1204
42 19 1364
42 20 237
42 21 983
42 22 848
42 23 931
42 24 1008
42 25 1881
42 26 1733
42 27 739
42 28 1593
42 29 800
42 30 858
42 31 1826
42 32 985
42 33 144
42 34 1778
42 35 937
42 36 96
42 37 1730
42 38 889
42 39 48
42 40 1682
42 41 841
42 42 0
42 43 1730
42 44 889
42 45 48
42 46 1778
42 47 937
42 48 96
42 49 1826
42 50 985
42 51 144
42 52 1874
42 53 1033
42 54 192
42 55 1922
42 56 1081
42 57 240
42 58 1970
42 59 1129
42 60 288
42 61 2018
42 62 1177
42 63 336
42 64 2066
42 65 1225
42 66 384
42 67 1946
43 0 312
43 1 1135
43 2 489
43 3 740
43 4 163
43 5 1607
43 6 952
43 7 1109
43 8 141
43 9 355
43 10 1443
43 11 1390
43 12 346
43 13 398
43 14 1578
43 15 198
43 16 425
43 17 1222
43 18 718
43 19 462
43 20 1589
43 21 1035
43 22 978
43 23 1087
43 24 722
43 25 329
43 26 285
43 27 991
43 28 137
43 29 930
43 30 1352
43 31 192
43 32 1033
43 33 1874
43 34 144
43 35 985
43 36 1826
43 37 96
43 38 937
43 39 1778
43 40 48
43 41 889
43 42 1730
43 43 0
43 44 841
43 45 1682
43 46 48
43 47 889
43 48 1730
43 49 96
43 50 937
43 51 1778
43 52 144
43 53 985
43 54 1826
43 55 192
43 56 1033
43 57 1874
43 58 240
43 59 1081
43 60 1922
43 61 288
43 62 1129
43 63 1970
43 64 336
43 65 1177
43 66 2018
43 67 312
44 0 1153
44 1 294
44 2 736
44 3 389
44 4 774
44 5 766
44 6 111
44 7 268
44 8 700
44 9 966
44 10 602
44 11 549
44 12 879
44 13 827
44 14 737
44 15 835
44 16 1088
44 17 381
44 18 315
44 19 475
44 20 748
44 21 194
44 22 137
44 23 246
44 24 215
44 25 992
44 26 844
44 27 150
44 28 800
44 29 89
44 30 511
44 31 1033
44 32 192
44 33 1033
44 34 985
44 35 144
44 36 985
44 37 937
44 38 96
44 39 937
44 40 889
44 41 48
44 42 889
44 43 841
44 44 0
44 45 841
44 46 889
44 47 48
44 48 889
44 49 937
44 50 96
44 51 937
44 52 985
44 53 144
44 54 985
44 55 1033
44 56 192
44 57 1033
44 58 1081
44 59 240
44 60 1081
44 61 1129
44 62 288
44 63 1129
44 64 1177
44 65 336
44 66 1177
44 67 1153
45 0 1994
45 1 931
45 2 1577
45 3 1230
45 4 1615
45 5 363
45 6 826
45 7 957
45 8 1541
45 9 1807
45 10 719
45 11 484
45 12 1720
45 13 1668
45 14 776
45 15 1676
45 16 1929
45 17 940
45 18 1156
45 19 1316
45 20 189
45 21 935
45 22 800
45 23 883
45 24 1056
45 25 1833
45 26 1685
45 27 787
45 28 1641
45 29 752
45 30 810
45 31 1874
45 32 1033
45 33 192
45 34 1826
45 35 985
45 36 144
45 37 1778
45 38 937
45 39 96
45 40 1730
45 41 889
45 42 48
45 43 1682
45 44 841
45 45 0
45 46 1730
45 47 889
45 48 48
45 49 1778
45 50 937
45 51 96
45 52 1826
45 53 985
45 54 144
45 55 1874
45 56 1033
45 57 192
45 58 1922
45 59 1081
45 60 240
45 61 1970
45 62 1129
45 63 288
45 64 2018
45 65 1177
45 66 336
45 67 1994
46 0 360
46 1 1087
46 2 537
46 3 788
46 4 115
46 5 1655
46 6 1000
46 7 1061
46 8 189
46 9 307
46 10 1395
46 11 1438
46 12 298
46 13 446
46 14 1530
46 15 150
46 16 377
46 17 1174
46 18 670
46 19 414
46 20 1541
46 21 987
46 22 930
46 23 1039
46 24 770
46 25 281
46 26 237
46 27 1039
46 28 185
46 29 978
46 30 1304
46 31 240
46 32 1081
46 33 1922
46 34 192
46 35 1033
46 36 1874
46 37 144
46 38 985
46 39 1826
46 40 96
46 41 937
46 42 1778
46 43 48
46 44 889
46 45 1730
46 46 0
46 47 841
46 48 1682
46 49 48
46 50 889
46 51 1730
46 52 96
46 53 937
46 54 1778
46 55 144
46 56 985
46 57 1826
46 58 192
46 59 1033
46 60 1874
46 61 240
46 62 1081
46 63 1922
46 64 288
46 65 1129
46 66 1970
46 67 360
47 0 1201
47 1 246
47 2 784
47 3 437
47 4 726
47 5 814
47 6 159
47 7 220
47 8 748
47 9 918
47 10 554
47 11 597
47 12 831
47 13 875
47 14 689
47 15 787
47 16 1040
47 17 333
47 18 267
47 19 427
47 20 700
47 21 146
47 22 89
47 23 198
47 24 263
47 25 944
47 26 796
47 27 198
47 28 848
47 29 137
47 30 463
47 31 1081
47 32 240
47 33 1081
47 34 1033
47 35 192
47 36 1033
47 37 985
47 38 144
47 39 985
47 40 937
47 41 96
47 42 937
47 43 889
47 44 48
47 45 889
47 46 841
47 47 0
47 48 841
47 49 889
47 50 48
47 51 889
47 52 937
47 53 96
47 54 937
47 55 985
47 56 144
47 57 985
47 58 1033
47 59 192
47 60 1033
47 61 1081
47 62 240
47 63 1081
47 64 1129
47 65 288
47 66 1129
47 67 1201
48 0 2042
48 1 883
48 2 1625
48 3 1278
48 4 1567
48 5 411
48 6 874
48 7 909
48 8 1589
48 9 1759
48 10 671
48 11 532
48 12 1672
48 13 1716
48 14 728
48 15 1628
48 16 1881
48 17 892
48 18 1108
48 19 1268
48 20 141
48 21 887
48 22 752
48 23 835
48 24 1104
48 25 1785
48 26 1637
48 27 835
48 28 1689
48 29 800
48 30 762
48 31 1922
48 32 1081
48 33 240
48 34 1874
48 35 1033
48 36 192
48 37 1826
48 38 985
48 39 144
48 40 1778
48 41 937
48 42 96
48 43 1730
48 44 889
48 45 48
48 46 1682
48 47 841
48 48 0
48 49 1730
48 50 889
48 51 48
48 52 1778
48 53 937
48 54 96
48 55 1826
48 56 985
48 57 144
48 58 1874
48 59 1033
48 60 192
48 61 1922
48 62 1081
48 63 240
48 64 1970
48 65 1129
48 66 288
48 67 2042
49 0 408
49 1 1039
49 2 585
49 3 836
49 4 163
49 5 1703
49 6 1048
49 7 1013
49 8 237
49 9 259
49 10 1347
49 11 1486
49 12 250
49 13 494
49 14 1482
49 15 102
49 16 329
49 17 1126
49 18 622
49 19 462
49 20 1589
49 21 939
49 22 978
49 23 991
49 24 818
49 25 233
49 26 189
49 27 1087
49 28 233
49 29 1026
49 30 1256
49 31 288
49 32 1129
49 33 1970
49 34 240
49 35 1081
49 36 1922
49 37 192
49 38 1033
49 39 1874
49 40 144
49 41 985
49 42 1826
49 43 96
49 44 937
49 45 1778
49 46 48
49 47 889
49 48 1730
49 49 0
49 50 841
49 51 1682
49 52 48
49 53 889
49 54 1730
49 55 96
49 56 937
49 57 1778
49 58 144
49 59 985
49 60 1826
49 61 192
49 62 1033
49 63 1874
49 64 240
49 65 1081
49 66 1922
49 67 408
50 0 1249
50 1 198
50 2 832
50 3 485
50 4 774
50 5 862
50 6 207
50 7 172
50 8 796
50 9 870
50 10 506
50 11 645
50 12 783
50 13 923
50 14 641
50 15 739
50 16 992
50 17 285
50 18 219
50 19 475
50 20 748
50 21 98
50 22 137
50 23 150
50 24 311
50 25 896
50 26 748
50 27 246
50 28 896
50 29 185
50 30 415
50 31 1129
50 32 288
50 33 1129
50 34 1081
50 35 240
50 36 1081
50 37 1033
50 38 192
50 39 1033
50 40 985
50 41 144
50 42 985
50 43 937
50 44 96
50 45 937
50 46 889
50 47 48
50 48 889
50 49 841
50 50 0
50 51 841
50 52 889
50 53 48
50 54 889
50 55 937
50 56 96
50 57 937
50 58 985
50 59 144
50 60 985
50 61 1033
50 62 192
50 63 1033
50 64 1081
50 65 240
50 66 1081
50 67 1249
51 0 2090
51 1 835
51 2 1673
51 3 1326
51 4 1615
51 5 459
51 6 922
51 7 861
51 8 1637
51 9 1711
51 10 623
51 11 580
51 12 1624
51 13 1764
51 14 680
51 15 1580
51 16 1833
51 17 844
51 18 1060
51 19 1316
51 20 189
51 21 839
51 22 800
51 23 787
51 24 1152
51 25 1737
51 26 1589
51 27 883
51 28 1737
51 29 848
51 30 714
51 31 1970
51 32 1129
51 33 288
51 34 1922
51 35 1081
51 36 240
51 37 1874
51 38 1033
51 39 192
51 40 1826
51 41 985
51 42 144
51 43 1778
51 44 937
51 45 96
51 46 1730
51 47 889
51 48 48
51 49 1682
51 50 841
51 51 0
51 52 1730
51 53 889
51 54 48
51 55 1778
51 56 937
51 57 96
51 58 1826
51 59 985
51 60 144
51 61 1874
51 62 1033
51 63 192
51 64 1922
51 65 1081
51 66 240
51 67 2090
52 0 456
52 1 991
52 2 633
52 3 884
52 4 211
52 5 1751
52 6 1096
52 7 965
52 8 285
52 9 211
52 10 1299
52 11 1534
52 12 202
52 13 542
52 14 1434
52 15 150
52 16 281
52 17 1078
52 18 670
52 19 510
52 20 1637
52 21 891
52 22 1026
52 23 943
52 24 866
52 25 185
52 26 141
52 27 1135
52 28 281
52 29 1074
52 30 1208
52 31 336
52 32 1177
52 33 2018
52 34 288
52 35 1129
52 36 1970
52 37 240
52 38 1081
52 39 1922
52 40 192
52 41 1033
52 42 1874
52 43 144
52 44 985
52 45 1826
52 46 96
52 47 937
52 48 1778
52 49 48
52 50 889
52 51 1730
52 52 0
52 53 841
52 54 1682
52 55 48
52 56 889
52 57 1730
52 58 96
52 59 937
52 60 1778
52 61 144
52 62 985
52 63 1826
52 64 192
52 65 1033
52 66 1874
52 67 456
53 0 1297
53 1 150
53 2 880
53 3 533
53 4 822
53 5 910
53 6 255
53 7 124
53 8 844
53 9 822
53 10 458
53 11 693
53 12 735
53 13 971
53 14 593
53 15 787
53 16 944
53 17 237
53 18 267
53 19 523
53 20 796
53 21 50
53 22 185
53 23 102
53 24 359
53 25 848
53 26 700
53 27 294
53 28 944
53 29 233
53 30 367
53 31 1177
53 32 336
53 33 1177
53 34 1129
53 35 288
53 36 1129
53 37 1081
53 38 240
53 39 1081
53 40 1033
53 41 192
53 42 1033
53 43 985
53 44 144
53 45 985
53 46 937
53 47 96
53 48 937
53 49 889
53 50 48
53 51 889
53 52 841
53 53 0
53 54 841
53 55 889
53 56 48
53 57 889
53 58 937
53 59 96
53 60 937
53 61 985
53 62 144
53 63 985
53 64 1033
53 65 192
53 66 1033
53 67 1297
54 0 2138
54 1 787
54 2 1721
54 3 1374
54 4 1663
54 5 507
54 6 970
54 7 813
54 8 1685
54 9 1663
54 10 575
54 11 628
54 12 1576
54 13 1812
54 14 632
54 15 1628
54 16 1785
54 17 796
54 18 1108
54 19 1364
54 20 237
54 21 791
54 22 848
54 23 739
54 24 1200
54 25 1689
54 26 1541
54 27 931
54 28 1785
54 29 896
54 30 666
54 31 2018
54 32 1177
54 33 336
54 34 1970
54 35 1129
54 36 288
54 37 1922
54 38 1081
54 39 240
54 40 1874
54 41 1033
54 42 192
54 43 1826
54 44 985
54 45 144
54 46 1778
54 47 937
54 48 96
54 49 1730
54 50 889
54 51 48
54 52 1682
54 53 841
54 54 0
54 55 1730
54 56 889
54 57 48
54 58 1778
54 59 937
54 60 96
54 61 1826
54 62 985
54 63 144
54 64 1874
54 65 1033
54 66 192
54 67 2138
55 0 504
55 1 943
55 2 681
55 3 932
55 4 259
55 5 1799
55 6 1144
55 7 917
55 8 333
