//alpha
1
//NbLocations
71
//NbProducts
34
//NbPickers
2
//CapaPicker
8
//TimeToTravelOneDistanceUnit
3
//SetupTime
5400
//PickTime
300
//Products
//Idx Location Size
1 1 1
2 2 1
3 3 1
4 4 1
5 5 1
6 6 1
7 7 1
8 8 1
9 9 1
10 10 1
11 11 1
12 12 1
13 13 1
14 14 1
15 15 1
16 16 1
17 17 1
18 18 1
19 19 1
20 20 1
21 21 1
22 22 1
23 23 1
24 24 1
25 25 1
26 26 1
27 27 1
28 28 1
29 29 1
30 30 1
31 31 1
32 32 1
33 33 1
34 34 1
//Orders
//NbOrders
18
//Idx DueDate TardinessPenalty NbProdInOrder ProdIdx1 Qty1 ProdIdx2 Qty2 ...
1 72000 0 4 1 1 2 1 3 1 4 1
2 72000 0 2 5 1 6 1
3 126000 0 1 7 1
4 108000 0 2 8 1 9 1
5 72000 0 2 10 1 11 1
6 144000 0 2 12 1 13 1
7 108000 0 1 14 1
8 72000 0 2 15 1 16 1
9 72000 0 3 17 1 18 1 19 1
10 54000 0 2 20 1 21 1
11 72000 0 1 22 1
12 126000 0 1 23 1
13 90000 0 1 24 1
14 54000 0 1 25 1
15 54000 0 1 26 1
16 54000 0 1 27 1
17 72000 0 3 28 1 29 1 30 1
18 108000 0 4 31 1 32 1 33 1 34 1
//Graph (Products are vertices indexed from 1 to NbProducts)
//NbVerticesIntersections
36
//DepartingDepot
0
//ArrivalDepot
71
//Arcs
//Start End Distance
0 35 120
1 20 39
1 36 219
2 22 78
2 66 453
3 45 141
3 46 700
4 21 117
4 42 63
5 24 416
5 69 128
6 16 65
6 63 154
7 26 182
7 48 349
8 56 570
8 57 271
9 29 195
9 55 141
10 27 390
10 52 50
11 31 546
11 62 115
12 27 130
12 51 271
13 36 271
13 37 570
14 25 39
14 58 102
15 39 115
15 40 726
16 6 65
16 64 622
17 20 442
17 35 141
18 32 676
18 54 63
19 34 13
19 68 375
20 1 39
20 17 442
21 4 117
21 28 221
22 2 78
22 65 310
23 44 219
23 45 622
24 5 416
24 70 297
25 14 39
25 57 700
26 7 182
26 47 310
27 10 390
27 12 130
28 21 221
28 41 440
29 9 195
29 30 260
30 29 260
30 54 245
31 11 546
31 63 180
32 18 676
32 53 102
33 50 362
33 51 479
34 19 13
34 69 453
35 17 141
35 38 48
35 71 120
36 1 219
36 13 271
36 39 48
37 13 570
37 40 48
38 35 48
38 39 841
38 41 48
39 15 115
39 36 48
39 38 841
39 42 48
40 15 726
40 37 48
40 43 48
41 28 440
41 38 48
41 44 48
42 4 63
42 39 48
42 43 841
42 45 48
43 40 48
43 42 841
43 46 48
44 23 219
44 41 48
44 47 48
45 3 141
45 23 622
45 42 48
45 48 48
46 3 700
46 43 48
46 49 48
47 26 310
47 44 48
47 50 48
48 7 349
48 45 48
48 49 841
48 51 48
49 46 48
49 48 841
49 52 48
50 33 362
50 47 48
50 53 48
51 12 271
51 33 479
51 48 48
51 54 48
52 10 50
52 49 48
52 55 48
53 32 102
53 50 48
53 56 48
54 18 63
54 30 245
54 51 48
54 57 48
55 9 141
55 52 48
55 58 48
56 8 570
56 53 48
56 59 48
57 8 271
57 25 700
57 54 48
57 60 48
58 14 102
58 55 48
58 61 48
59 56 48
59 60 841
59 62 48
60 57 48
60 59 841
60 61 841
60 63 48
61 58 48
61 60 841
61 64 48
62 11 115
62 59 48
62 65 48
63 6 154
63 31 180
63 60 48
63 66 48
64 16 622
64 61 48
64 67 48
65 22 310
65 62 48
65 68 48
66 2 453
66 63 48
66 67 841
66 69 48
67 64 48
67 66 841
67 70 48
68 19 375
68 65 48
69 5 128
69 34 453
69 66 48
70 24 297
70 67 48
//LocStart LocEnd ShortestPath
0 0 0
0 1 742
0 2 988
0 3 1246
0 4 994
0 5 1617
0 6 1547
0 7 804
0 8 1026
0 9 1949
0 10 1992
0 11 667
0 12 1472
0 13 1232
0 14 2036
0 15 1124
0 16 1612
0 17 261
0 18 1186
0 19 1023
0 20 703
0 21 877
0 22 910
0 23 483
0 24 2033
0 25 1997
0 26 622
0 27 1602
0 28 656
0 29 1754
0 30 1494
0 31 1213
0 32 510
0 33 722
0 34 1036
0 35 120
0 36 961
0 37 1802
0 38 168
0 39 1009
0 40 1850
0 41 216
0 42 1057
0 43 1898
0 44 264
0 45 1105
0 46 1946
0 47 312
0 48 1153
0 49 1994
0 50 360
0 51 1201
0 52 2042
0 53 408
0 54 1249
0 55 2090
0 56 456
0 57 1297
0 58 2138
0 59 504
0 60 1345
0 61 2186
0 62 552
0 63 1393
0 64 2234
0 65 600
0 66 1441
0 67 2282
0 68 648
0 69 1489
0 70 2330
0 71 0
1 0 742
1 1 0
1 2 1152
1 3 504
1 4 378
1 5 875
1 6 805
1 7 760
1 8 826
1 9 1207
1 10 1250
1 11 1169
1 12 730
1 13 490
1 14 1294
1 15 382
1 16 870
1 17 481
1 18 570
1 19 1213
1 20 39
1 21 495
1 22 1230
1 23 985
1 24 1291
1 25 1255
1 26 942
1 27 860
1 28 716
1 29 1012
1 30 752
1 31 831
1 32 1012
1 33 938
1 34 1200
1 35 622
1 36 219
1 37 1060
1 38 670
1 39 267
1 40 1108
1 41 718
1 42 315
1 43 1156
1 44 766
1 45 363
1 46 1204
1 47 814
1 48 411
1 49 1252
1 50 862
1 51 459
1 52 1300
1 53 910
1 54 507
1 55 1348
1 56 958
1 57 555
1 58 1396
1 59 1006
1 60 603
1 61 1444
1 62 1054
1 63 651
1 64 1492
1 65 1102
1 66 699
1 67 1540
1 68 1150
1 69 747
1 70 1588
1 71 742
2 0 988
2 1 1152
2 2 0
2 3 930
2 4 900
2 5 629
2 6 655
2 7 1090
2 8 868
2 9 1345
2 10 1484
2 11 551
2 12 964
2 13 1204
2 14 1336
2 15 1000
2 16 720
2 17 1009
2 18 708
2 19 811
2 20 1191
2 21 1017
2 22 78
2 23 943
2 24 1045
2 25 1297
2 26 986
2 27 1094
2 28 1212
2 29 1150
2 30 890
2 31 681
2 32 682
2 33 990
2 34 824
2 35 868
2 36 933
2 37 1774
2 38 820
2 39 885
2 40 1726
2 41 772
2 42 837
2 43 1678
2 44 724
2 45 789
2 46 1630
2 47 676
2 48 741
2 49 1582
2 50 628
2 51 693
2 52 1534
2 53 580
2 54 645
2 55 1486
2 56 532
2 57 597
2 58 1438
2 59 484
2 60 549
2 61 1390
2 62 436
2 63 501
2 64 1342
2 65 388
2 66 453
2 67 1294
2 68 436
2 69 501
2 70 1342
2 71 988
3 0 1246
3 1 504
3 2 930
3 3 0
3 4 252
3 5 653
3 6 583
3 7 538
3 8 604
3 9 985
3 10 846
3 11 1155
3 12 508
3 13 556
3 14 994
3 15 352
3 16 648
3 17 985
3 18 348
3 19 991
3 20 543
3 21 369
3 22 1008
3 23 763
3 24 1069
3 25 1033
3 26 720
3 27 638
3 28 590
3 29 790
3 30 530
3 31 609
3 32 1024
3 33 716
3 34 978
3 35 1126
3 36 285
3 37 844
3 38 1078
3 39 237
3 40 796
3 41 1030
3 42 189
3 43 748
3 44 982
3 45 141
3 46 700
3 47 1030
3 48 189
3 49 748
3 50 1078
3 51 237
3 52 796
3 53 1126
3 54 285
3 55 844
3 56 1174
3 57 333
3 58 892
3 59 1222
3 60 381
3 61 940
3 62 1270
3 63 429
3 64 988
3 65 1318
3 66 477
3 67 1036
3 68 1366
3 69 525
3 70 1084
3 71 1246
4 0 994
4 1 378
4 2 900
4 3 252
4 4 0
4 5 623
4 6 553
4 7 508
4 8 574
4 9 955
4 10 998
4 11 1125
4 12 478
4 13 430
4 14 1042
4 15 226
4 16 618
4 17 859
4 18 318
4 19 961
4 20 417
4 21 117
4 22 978
4 23 733
4 24 1039
4 25 1003
4 26 690
4 27 608
4 28 338
4 29 760
4 30 500
4 31 579
4 32 994
4 33 686
4 34 948
4 35 874
4 36 159
4 37 1000
4 38 826
4 39 111
4 40 952
4 41 778
4 42 63
4 43 904
4 44 826
4 45 111
4 46 952
4 47 874
4 48 159
4 49 1000
4 50 922
4 51 207
4 52 1048
4 53 970
4 54 255
4 55 1096
4 56 1018
4 57 303
4 58 1144
4 59 1066
4 60 351
4 61 1192
4 62 1114
4 63 399
4 64 1240
4 65 1162
4 66 447
4 67 1288
4 68 1210
4 69 495
4 70 1336
4 71 994
5 0 1617
5 1 875
5 2 629
5 3 653
5 4 623
5 5 0
5 6 378
5 7 813
5 8 591
5 9 1068
5 10 1051
5 11 950
5 12 687
5 13 927
5 14 1007
5 15 723
5 16 443
5 17 1356
5 18 431
5 19 594
5 20 914
5 21 740
5 22 707
5 23 1134
5 24 416
5 25 1020
5 26 995
5 27 817
5 28 961
5 29 873
5 30 613
5 31 404
5 32 1107
5 33 895
5 34 581
5 35 1497
5 36 656
5 37 1241
5 38 1449
5 39 608
5 40 1193
5 41 1401
5 42 560
5 43 1145
5 44 1353
5 45 512
5 46 1097
5 47 1305
5 48 464
5 49 1049
5 50 1257
5 51 416
5 52 1001
5 53 1209
5 54 368
5 55 953
5 56 1161
5 57 320
5 58 905
5 59 1113
5 60 272
5 61 857
5 62 1065
5 63 224
5 64 809
5 65 1017
5 66 176
5 67 761
5 68 969
5 69 128
5 70 713
5 71 1617
6 0 1547
6 1 805
6 2 655
6 3 583
6 4 553
6 5 378
6 6 0
6 7 743
6 8 521
6 9 972
6 10 929
6 11 880
6 12 617
6 13 857
6 14 885
6 15 653
6 16 65
6 17 1286
6 18 361
6 19 716
6 20 844
6 21 670
6 22 733
6 23 1064
6 24 794
6 25 924
6 26 925
6 27 747
6 28 891
6 29 803
6 30 543
6 31 334
6 32 1037
6 33 825
6 34 703
6 35 1427
6 36 586
6 37 1119
6 38 1379
6 39 538
6 40 1071
6 41 1331
6 42 490
6 43 1023
6 44 1283
6 45 442
6 46 975
6 47 1235
6 48 394
6 49 927
6 50 1187
6 51 346
6 52 879
6 53 1139
6 54 298
6 55 831
6 56 1091
6 57 250
6 58 783
6 59 1043
6 60 202
6 61 735
6 62 995
6 63 154
6 64 687
6 65 1043
6 66 202
6 67 735
6 68 1091
6 69 250
6 70 783
6 71 1547
7 0 804
7 1 760
7 2 1090
7 3 538
7 4 508
7 5 813
7 6 743
7 7 0
7 8 764
7 9 1145
7 10 1188
7 11 847
7 12 668
7 13 812
7 14 1232
7 15 608
7 16 808
7 17 825
7 18 508
7 19 1151
7 20 799
7 21 625
7 22 1090
7 23 759
7 24 1229
7 25 1193
7 26 182
7 27 798
7 28 846
7 29 950
7 30 690
7 31 769
7 32 690
7 33 876
7 34 1138
7 35 684
7 36 541
7 37 1382
7 38 636
7 39 493
7 40 1334
7 41 588
7 42 445
7 43 1286
7 44 540
7 45 397
7 46 1238
7 47 492
7 48 349
7 49 1190
7 50 540
7 51 397
7 52 1238
7 53 588
7 54 445
7 55 1286
7 56 636
7 57 493
7 58 1334
7 59 684
7 60 541
7 61 1382
7 62 732
7 63 589
7 64 1430
7 65 780
7 66 637
7 67 1478
7 68 828
7 69 685
7 70 1526
7 71 804
8 0 1026
8 1 826
8 2 868
8 3 604
8 4 574
8 5 591
8 6 521
8 7 764
8 8 0
8 9 1019
8 10 1158
8 11 781
8 12 638
8 13 878
8 14 1010
8 15 674
8 16 586
8 17 1047
8 18 382
8 19 929
8 20 865
8 21 691
8 22 946
8 23 981
8 24 1007
8 25 971
8 26 946
8 27 768
8 28 912
8 29 824
8 30 564
8 31 547
8 32 720
8 33 846
8 34 916
8 35 906
8 36 607
8 37 1448
8 38 858
8 39 559
8 40 1400
8 41 810
8 42 511
8 43 1352
8 44 762
8 45 463
8 46 1304
8 47 714
8 48 415
8 49 1256
8 50 666
8 51 367
8 52 1208
8 53 618
8 54 319
8 55 1160
8 56 570
8 57 271
8 58 1112
8 59 618
8 60 319
8 61 1160
8 62 666
8 63 367
8 64 1208
8 65 714
8 66 415
8 67 1256
8 68 762
8 69 463
8 70 1304
8 71 1026
9 0 1949
9 1 1207
9 2 1345
9 3 985
9 4 955
9 5 1068
9 6 972
9 7 1145
9 8 1019
9 9 0
9 10 239
9 11 1570
9 12 759
9 13 999
9 14 291
9 15 1055
9 16 907
9 17 1688
9 18 763
9 19 1406
9 20 1246
9 21 1072
9 22 1423
9 23 1466
9 24 678
9 25 330
9 26 1327
9 27 629
9 28 1293
9 29 195
9 30 455
9 31 1024
9 32 1439
9 33 1227
9 34 1393
9 35 1829
9 36 988
9 37 429
9 38 1781
9 39 940
9 40 381
9 41 1733
9 42 892
9 43 333
9 44 1685
9 45 844
9 46 285
9 47 1637
9 48 796
9 49 237
9 50 1589
9 51 748
9 52 189
9 53 1541
9 54 700
9 55 141
9 56 1589
9 57 748
9 58 189
9 59 1637
9 60 796
9 61 237
9 62 1685
9 63 844
9 64 285
9 65 1733
9 66 892
9 67 333
9 68 1781
9 69 940
9 70 381
9 71 1949
10 0 1992
10 1 1250
10 2 1484
10 3 846
10 4 998
10 5 1051
10 6 929
10 7 1188
10 8 1158
10 9 239
10 10 0
10 11 1709
10 12 520
10 13 860
10 14 248
10 15 968
10 16 864
10 17 1731
10 18 902
10 19 1545
10 20 1289
10 21 1115
10 22 1562
10 23 1509
10 24 635
10 25 287
10 26 1370
10 27 390
10 28 1336
10 29 434
10 30 694
10 31 1163
10 32 1578
10 33 1270
10 34 1532
10 35 1872
10 36 1031
10 37 290
10 38 1824
10 39 983
10 40 242
10 41 1776
10 42 935
10 43 194
10 44 1728
10 45 887
10 46 146
10 47 1680
10 48 839
10 49 98
10 50 1632
10 51 791
10 52 50
10 53 1680
10 54 839
10 55 98
10 56 1728
10 57 887
10 58 146
10 59 1776
10 60 935
10 61 194
10 62 1824
10 63 983
10 64 242
10 65 1872
10 66 1031
10 67 290
10 68 1920
10 69 1079
10 70 338
10 71 1992
11 0 667
11 1 1169
11 2 551
11 3 1155
11 4 1125
11 5 950
11 6 880
11 7 847
11 8 781
11 9 1570
11 10 1709
11 11 0
11 12 1189
11 13 1429
11 14 1561
11 15 1225
11 16 945
11 17 688
11 18 933
11 19 586
11 20 1130
11 21 1112
11 22 473
11 23 622
11 24 1366
11 25 1522
11 26 665
11 27 1319
11 28 891
11 29 1375
11 30 1115
11 31 546
11 32 361
11 33 669
11 34 599
11 35 547
11 36 1158
11 37 1999
11 38 499
11 39 1110
11 40 1951
11 41 451
11 42 1062
11 43 1903
11 44 403
11 45 1014
11 46 1855
11 47 355
11 48 966
11 49 1807
11 50 307
11 51 918
11 52 1759
11 53 259
11 54 870
11 55 1711
11 56 211
11 57 822
11 58 1663
11 59 163
11 60 774
11 61 1615
11 62 115
11 63 726
11 64 1567
11 65 163
11 66 774
11 67 1615
11 68 211
11 69 822
11 70 1663
11 71 667
12 0 1472
12 1 730
12 2 964
12 3 508
12 4 478
12 5 687
12 6 617
12 7 668
12 8 638
12 9 759
12 10 520
12 11 1189
12 12 0
12 13 782
12 14 768
12 15 578
12 16 682
12 17 1211
12 18 382
12 19 1025
12 20 769
12 21 595
12 22 1042
12 23 989
12 24 1103
12 25 807
12 26 850
12 27 130
12 28 816
12 29 824
12 30 564
12 31 643
12 32 1058
12 33 750
12 34 1012
12 35 1352
12 36 511
12 37 810
12 38 1304
12 39 463
12 40 762
12 41 1256
12 42 415
12 43 714
12 44 1208
12 45 367
12 46 666
12 47 1160
12 48 319
12 49 618
12 50 1112
12 51 271
12 52 570
12 53 1160
12 54 319
12 55 618
12 56 1208
12 57 367
12 58 666
12 59 1256
12 60 415
12 61 714
12 62 1304
12 63 463
12 64 762
12 65 1352
12 66 511
12 67 810
12 68 1400
12 69 559
12 70 858
12 71 1472
13 0 1232
13 1 490
13 2 1204
13 3 556
13 4 430
13 5 927
13 6 857
13 7 812
13 8 878
13 9 999
13 10 860
13 11 1429
13 12 782
13 13 0
13 14 1008
13 15 434
13 16 922
13 17 971
13 18 622
13 19 1265
13 20 529
13 21 547
13 22 1282
13 23 1037
13 24 1343
13 25 1047
13 26 994
13 27 912
13 28 768
13 29 1064
13 30 804
13 31 883
13 32 1298
13 33 990
13 34 1252
13 35 1112
13 36 271
13 37 570
13 38 1160
13 39 319
13 40 618
13 41 1208
13 42 367
13 43 666
13 44 1256
13 45 415
13 46 714
13 47 1304
13 48 463
13 49 762
13 50 1352
13 51 511
13 52 810
13 53 1400
13 54 559
13 55 858
13 56 1448
13 57 607
13 58 906
13 59 1496
13 60 655
13 61 954
13 62 1544
13 63 703
13 64 1002
13 65 1592
13 66 751
13 67 1050
13 68 1640
13 69 799
13 70 1098
13 71 1232
14 0 2036
14 1 1294
14 2 1336
14 3 994
14 4 1042
14 5 1007
14 6 885
14 7 1232
14 8 1010
14 9 291
14 10 248
14 11 1561
14 12 768
14 13 1008
14 14 0
14 15 1116
14 16 820
14 17 1775
14 18 850
14 19 1397
14 20 1333
14 21 1159
14 22 1414
14 23 1553
14 24 591
14 25 39
14 26 1414
14 27 638
14 28 1380
14 29 486
14 30 746
14 31 1015
14 32 1526
14 33 1314
14 34 1384
14 35 1916
14 36 1075
14 37 438
14 38 1868
14 39 1027
14 40 390
14 41 1820
14 42 979
14 43 342
14 44 1772
14 45 931
14 46 294
14 47 1724
14 48 883
14 49 246
14 50 1676
14 51 835
14 52 198
14 53 1628
14 54 787
14 55 150
14 56 1580
14 57 739
14 58 102
14 59 1628
14 60 787
14 61 150
14 62 1676
14 63 835
14 64 198
14 65 1724
14 66 883
14 67 246
14 68 1772
14 69 931
14 70 294
14 71 2036
15 0 1124
15 1 382
15 2 1000
15 3 352
15 4 226
15 5 723
15 6 653
15 7 608
15 8 674
15 9 1055
15 10 968
15 11 1225
15 12 578
15 13 434
15 14 1116
15 15 0
15 16 718
15 17 863
15 18 418
15 19 1061
15 20 421
15 21 343
15 22 1078
15 23 833
15 24 1139
15 25 1103
15 26 790
15 27 708
15 28 564
15 29 860
15 30 600
15 31 679
15 32 1094
15 33 786
15 34 1048
15 35 1004
15 36 163
15 37 774
15 38 956
15 39 115
15 40 726
15 41 1004
15 42 163
15 43 774
15 44 1052
15 45 211
15 46 822
15 47 1100
15 48 259
15 49 870
15 50 1148
15 51 307
15 52 918
15 53 1196
15 54 355
15 55 966
15 56 1244
15 57 403
15 58 1014
15 59 1292
15 60 451
15 61 1062
15 62 1340
15 63 499
15 64 1110
15 65 1388
15 66 547
15 67 1158
15 68 1436
15 69 595
15 70 1206
15 71 1124
16 0 1612
16 1 870
16 2 720
16 3 648
16 4 618
16 5 443
16 6 65
16 7 808
16 8 586
16 9 907
16 10 864
16 11 945
16 12 682
16 13 922
16 14 820
16 15 718
16 16 0
16 17 1351
16 18 426
16 19 781
16 20 909
16 21 735
16 22 798
16 23 1129
16 24 859
16 25 859
16 26 990
16 27 812
16 28 956
16 29 868
16 30 608
16 31 399
16 32 1102
16 33 890
16 34 768
16 35 1492
16 36 651
16 37 1054
16 38 1444
16 39 603
16 40 1006
16 41 1396
16 42 555
16 43 958
16 44 1348
16 45 507
16 46 910
16 47 1300
16 48 459
16 49 862
16 50 1252
16 51 411
16 52 814
16 53 1204
16 54 363
16 55 766
16 56 1156
16 57 315
16 58 718
16 59 1108
16 60 267
16 61 670
16 62 1060
16 63 219
16 64 622
16 65 1108
16 66 267
16 67 670
16 68 1156
16 69 315
16 70 718
16 71 1612
17 0 261
17 1 481
17 2 1009
17 3 985
17 4 859
17 5 1356
17 6 1286
17 7 825
17 8 1047
17 9 1688
17 10 1731
17 11 688
17 12 1211
17 13 971
17 14 1775
17 15 863
17 16 1351
17 17 0
17 18 1051
17 19 1044
17 20 442
17 21 898
17 22 931
17 23 504
17 24 1772
17 25 1736
17 26 643
17 27 1341
17 28 677
17 29 1493
17 30 1233
17 31 1234
17 32 531
17 33 743
17 34 1057
17 35 141
17 36 700
17 37 1541
17 38 189
17 39 748
17 40 1589
17 41 237
17 42 796
17 43 1637
17 44 285
17 45 844
17 46 1685
17 47 333
17 48 892
17 49 1733
17 50 381
17 51 940
17 52 1781
17 53 429
17 54 988
17 55 1829
17 56 477
17 57 1036
17 58 1877
17 59 525
17 60 1084
17 61 1925
17 62 573
17 63 1132
17 64 1973
17 65 621
17 66 1180
17 67 2021
17 68 669
17 69 1228
17 70 2069
17 71 261
18 0 1186
18 1 570
18 2 708
18 3 348
18 4 318
18 5 431
18 6 361
18 7 508
18 8 382
18 9 763
18 10 902
18 11 933
18 12 382
18 13 622
18 14 850
18 15 418
18 16 426
18 17 1051
18 18 0
18 19 769
18 20 609
18 21 435
18 22 786
18 23 829
18 24 847
18 25 811
18 26 690
18 27 512
18 28 656
18 29 568
18 30 308
18 31 387
18 32 676
18 33 590
18 34 756
18 35 1066
18 36 351
18 37 1192
18 38 1018
18 39 303
18 40 1144
18 41 970
18 42 255
18 43 1096
18 44 922
18 45 207
18 46 1048
18 47 874
18 48 159
18 49 1000
18 50 826
18 51 111
18 52 952
18 53 778
18 54 63
18 55 904
18 56 826
18 57 111
18 58 952
18 59 874
18 60 159
18 61 1000
18 62 922
18 63 207
18 64 1048
18 65 970
18 66 255
18 67 1096
18 68 1018
18 69 303
18 70 1144
18 71 1186
19 0 1023
19 1 1213
19 2 811
19 3 991
19 4 961
19 5 594
19 6 716
19 7 1151
19 8 929
19 9 1406
19 10 1545
19 11 586
19 12 1025
19 13 1265
19 14 1397
19 15 1061
19 16 781
19 17 1044
19 18 769
19 19 0
19 20 1252
19 21 1078
19 22 733
19 23 978
19 24 1010
19 25 1358
19 26 1021
19 27 1155
19 28 1247
19 29 1211
19 30 951
19 31 742
19 32 717
19 33 1025
19 34 13
19 35 903
19 36 994
19 37 1835
19 38 855
19 39 946
19 40 1787
19 41 807
19 42 898
19 43 1739
19 44 759
19 45 850
19 46 1691
19 47 711
19 48 802
19 49 1643
19 50 663
19 51 754
19 52 1595
19 53 615
19 54 706
19 55 1547
19 56 567
19 57 658
19 58 1499
19 59 519
19 60 610
19 61 1451
19 62 471
19 63 562
19 64 1403
19 65 423
19 66 514
19 67 1355
19 68 375
19 69 466
19 70 1307
19 71 1023
20 0 703
20 1 39
20 2 1191
20 3 543
20 4 417
20 5 914
20 6 844
20 7 799
20 8 865
20 9 1246
20 10 1289
20 11 1130
20 12 769
20 13 529
20 14 1333
20 15 421
20 16 909
20 17 442
20 18 609
20 19 1252
20 20 0
20 21 534
20 22 1269
20 23 946
20 24 1330
20 25 1294
20 26 981
20 27 899
20 28 755
20 29 1051
20 30 791
20 31 870
20 32 973
20 33 977
20 34 1239
20 35 583
20 36 258
20 37 1099
20 38 631
20 39 306
20 40 1147
20 41 679
20 42 354
20 43 1195
20 44 727
20 45 402
20 46 1243
20 47 775
20 48 450
20 49 1291
20 50 823
20 51 498
20 52 1339
20 53 871
20 54 546
20 55 1387
20 56 919
20 57 594
20 58 1435
20 59 967
20 60 642
20 61 1483
20 62 1015
20 63 690
20 64 1531
20 65 1063
20 66 738
20 67 1579
20 68 1111
20 69 786
20 70 1627
20 71 703
21 0 877
21 1 495
21 2 1017
21 3 369
21 4 117
21 5 740
21 6 670
21 7 625
21 8 691
21 9 1072
21 10 1115
21 11 1112
21 12 595
21 13 547
21 14 1159
21 15 343
21 16 735
21 17 898
21 18 435
21 19 1078
21 20 534
21 21 0
21 22 1095
21 23 850
21 24 1156
21 25 1120
21 26 807
21 27 725
21 28 221
21 29 877
21 30 617
21 31 696
21 32 955
21 33 803
21 34 1065
21 35 757
21 36 276
21 37 1117
21 38 709
21 39 228
21 40 1069
21 41 661
21 42 180
21 43 1021
21 44 709
21 45 228
21 46 1069
21 47 757
21 48 276
21 49 1117
21 50 805
21 51 324
21 52 1165
21 53 853
21 54 372
21 55 1213
21 56 901
21 57 420
21 58 1261
21 59 949
21 60 468
21 61 1309
21 62 997
21 63 516
21 64 1357
21 65 1045
21 66 564
21 67 1405
21 68 1093
21 69 612
21 70 1453
21 71 877
22 0 910
22 1 1230
22 2 78
22 3 1008
22 4 978
22 5 707
22 6 733
22 7 1090
22 8 946
22 9 1423
22 10 1562
22 11 473
22 12 1042
22 13 1282
22 14 1414
22 15 1078
22 16 798
22 17 931
22 18 786
22 19 733
22 20 1269
22 21 1095
22 22 0
22 23 865
22 24 1123
22 25 1375
22 26 908
22 27 1172
22 28 1134
22 29 1228
22 30 968
22 31 759
22 32 604
22 33 912
22 34 746
22 35 790
22 36 1011
22 37 1852
22 38 742
22 39 963
22 40 1804
22 41 694
22 42 915
22 43 1756
22 44 646
22 45 867
22 46 1708
22 47 598
22 48 819
22 49 1660
22 50 550
22 51 771
22 52 1612
22 53 502
22 54 723
22 55 1564
22 56 454
22 57 675
22 58 1516
22 59 406
22 60 627
22 61 1468
22 62 358
22 63 579
22 64 1420
22 65 310
22 66 531
22 67 1372
22 68 358
22 69 579
22 70 1420
22 71 910
23 0 483
23 1 985
23 2 943
23 3 763
23 4 733
23 5 1134
23 6 1064
23 7 759
23 8 981
23 9 1466
23 10 1509
23 11 622
23 12 989
23 13 1037
23 14 1553
23 15 833
23 16 1129
23 17 504
23 18 829
23 19 978
23 20 946
23 21 850
23 22 865
23 23 0
23 24 1550
23 25 1514
23 26 577
23 27 1119
23 28 707
23 29 1271
23 30 1011
23 31 1090
23 32 465
23 33 677
23 34 991
23 35 363
23 36 766
23 37 1607
23 38 315
23 39 718
23 40 1559
23 41 267
23 42 670
23 43 1511
23 44 219
23 45 622
23 46 1463
23 47 267
23 48 670
23 49 1511
23 50 315
23 51 718
23 52 1559
23 53 363
23 54 766
23 55 1607
23 56 411
23 57 814
23 58 1655
23 59 459
23 60 862
23 61 1703
23 62 507
23 63 910
23 64 1751
23 65 555
23 66 958
23 67 1799
23 68 603
23 69 1006
23 70 1847
23 71 483
24 0 2033
24 1 1291
24 2 1045
24 3 1069
24 4 1039
24 5 416
24 6 794
24 7 1229
24 8 1007
24 9 678
24 10 635
24 11 1366
24 12 1103
24 13 1343
24 14 591
24 15 1139
24 16 859
24 17 1772
24 18 847
24 19 1010
24 20 1330
24 21 1156
24 22 1123
24 23 1550
24 24 0
24 25 630
24 26 1411
24 27 1025
24 28 1377
24 29 873
24 30 1029
24 31 820
24 32 1523
24 33 1311
24 34 997
24 35 1913
24 36 1072
24 37 825
24 38 1865
24 39 1024
24 40 777
24 41 1817
24 42 976
24 43 729
24 44 1769
24 45 928
24 46 681
24 47 1721
24 48 880
24 49 633
24 50 1673
24 51 832
24 52 585
24 53 1625
24 54 784
24 55 537
24 56 1577
24 57 736
24 58 489
24 59 1529
24 60 688
24 61 441
24 62 1481
24 63 640
24 64 393
24 65 1433
24 66 592
24 67 345
24 68 1385
24 69 544
24 70 297
24 71 2033
25 0 1997
25 1 1255
25 2 1297
25 3 1033
25 4 1003
25 5 1020
25 6 924
25 7 1193
25 8 971
25 9 330
25 10 287
25 11 1522
25 12 807
25 13 1047
25 14 39
25 15 1103
25 16 859
25 17 1736
25 18 811
25 19 1358
25 20 1294
25 21 1120
25 22 1375
25 23 1514
25 24 630
25 25 0
25 26 1375
25 27 677
25 28 1341
25 29 525
25 30 785
25 31 976
25 32 1487
25 33 1275
25 34 1345
25 35 1877
25 36 1036
25 37 477
25 38 1829
25 39 988
25 40 429
25 41 1781
25 42 940
25 43 381
25 44 1733
25 45 892
25 46 333
25 47 1685
25 48 844
25 49 285
25 50 1637
25 51 796
25 52 237
25 53 1589
25 54 748
25 55 189
25 56 1541
25 57 700
25 58 141
25 59 1589
25 60 748
25 61 189
25 62 1637
25 63 796
25 64 237
25 65 1685
25 66 844
25 67 285
25 68 1733
25 69 892
25 70 333
25 71 1997
26 0 622
26 1 942
26 2 986
26 3 720
26 4 690
26 5 995
26 6 925
26 7 182
26 8 946
26 9 1327
26 10 1370
26 11 665
26 12 850
26 13 994
26 14 1414
26 15 790
26 16 990
26 17 643
26 18 690
26 19 1021
26 20 981
26 21 807
26 22 908
26 23 577
26 24 1411
26 25 1375
26 26 0
26 27 980
26 28 846
26 29 1132
26 30 872
26 31 951
26 32 508
26 33 720
26 34 1034
26 35 502
26 36 723
26 37 1564
26 38 454
26 39 675
26 40 1516
26 41 406
26 42 627
26 43 1468
26 44 358
26 45 579
26 46 1420
26 47 310
26 48 531
26 49 1372
26 50 358
26 51 579
26 52 1420
26 53 406
26 54 627
26 55 1468
26 56 454
26 57 675
26 58 1516
26 59 502
26 60 723
26 61 1564
26 62 550
26 63 771
26 64 1612
26 65 598
26 66 819
26 67 1660
26 68 646
26 69 867
26 70 1708
26 71 622
27 0 1602
27 1 860
27 2 1094
27 3 638
27 4 608
27 5 817
27 6 747
27 7 798
27 8 768
27 9 629
27 10 390
27 11 1319
27 12 130
27 13 912
27 14 638
27 15 708
27 16 812
27 17 1341
27 18 512
27 19 1155
27 20 899
27 21 725
27 22 1172
27 23 1119
27 24 1025
27 25 677
27 26 980
27 27 0
27 28 946
27 29 824
27 30 694
27 31 773
27 32 1188
27 33 880
27 34 1142
27 35 1482
27 36 641
27 37 680
27 38 1434
27 39 593
27 40 632
27 41 1386
27 42 545
27 43 584
27 44 1338
27 45 497
27 46 536
27 47 1290
27 48 449
27 49 488
27 50 1242
27 51 401
27 52 440
27 53 1290
27 54 449
27 55 488
27 56 1338
27 57 497
27 58 536
27 59 1386
27 60 545
27 61 584
27 62 1434
27 63 593
27 64 632
27 65 1482
27 66 641
27 67 680
27 68 1530
27 69 689
27 70 728
27 71 1602
28 0 656
28 1 716
28 2 1212
28 3 590
28 4 338
28 5 961
28 6 891
28 7 846
28 8 912
28 9 1293
28 10 1336
28 11 891
28 12 816
28 13 768
28 14 1380
28 15 564
28 16 956
28 17 677
28 18 656
28 19 1247
28 20 755
28 21 221
28 22 1134
28 23 707
28 24 1377
28 25 1341
28 26 846
28 27 946
28 28 0
28 29 1098
28 30 838
28 31 917
28 32 734
28 33 946
28 34 1260
28 35 536
28 36 497
28 37 1338
28 38 488
28 39 449
28 40 1290
28 41 440
28 42 401
28 43 1242
28 44 488
28 45 449
28 46 1290
28 47 536
28 48 497
28 49 1338
28 50 584
28 51 545
28 52 1386
28 53 632
28 54 593
28 55 1434
28 56 680
28 57 641
28 58 1482
28 59 728
28 60 689
28 61 1530
28 62 776
28 63 737
28 64 1578
28 65 824
28 66 785
28 67 1626
28 68 872
28 69 833
28 70 1674
28 71 656
29 0 1754
29 1 1012
29 2 1150
29 3 790
29 4 760
29 5 873
29 6 803
29 7 950
29 8 824
29 9 195
29 10 434
29 11 1375
29 12 824
29 13 1064
29 14 486
29 15 860
29 16 868
29 17 1493
29 18 568
29 19 1211
29 20 1051
29 21 877
29 22 1228
29 23 1271
29 24 873
29 25 525
29 26 1132
29 27 824
29 28 1098
29 29 0
29 30 260
29 31 829
29 32 1244
29 33 1032
29 34 1198
29 35 1634
29 36 793
29 37 624
29 38 1586
29 39 745
29 40 576
29 41 1538
29 42 697
29 43 528
29 44 1490
29 45 649
29 46 480
29 47 1442
29 48 601
29 49 432
29 50 1394
29 51 553
29 52 384
29 53 1346
29 54 505
29 55 336
29 56 1394
29 57 553
29 58 384
29 59 1442
29 60 601
29 61 432
29 62 1490
29 63 649
29 64 480
29 65 1538
29 66 697
29 67 528
29 68 1586
29 69 745
29 70 576
29 71 1754
30 0 1494
30 1 752
30 2 890
30 3 530
30 4 500
30 5 613
30 6 543
30 7 690
30 8 564
30 9 455
30 10 694
30 11 1115
30 12 564
30 13 804
30 14 746
30 15 600
30 16 608
30 17 1233
30 18 308
30 19 951
30 20 791
30 21 617
30 22 968
30 23 1011
30 24 1029
30 25 785
30 26 872
30 27 694
30 28 838
30 29 260
30 30 0
30 31 569
30 32 984
30 33 772
30 34 938
30 35 1374
30 36 533
30 37 884
30 38 1326
30 39 485
30 40 836
30 41 1278
30 42 437
30 43 788
30 44 1230
30 45 389
30 46 740
30 47 1182
30 48 341
30 49 692
30 50 1134
30 51 293
30 52 644
30 53 1086
30 54 245
30 55 596
30 56 1134
30 57 293
30 58 644
30 59 1182
30 60 341
30 61 692
30 62 1230
30 63 389
30 64 740
30 65 1278
30 66 437
30 67 788
30 68 1326
30 69 485
30 70 836
30 71 1494
31 0 1213
31 1 831
31 2 681
31 3 609
31 4 579
31 5 404
31 6 334
31 7 769
31 8 547
31 9 1024
31 10 1163
31 11 546
31 12 643
31 13 883
31 14 1015
31 15 679
31 16 399
31 17 1234
31 18 387
31 19 742
31 20 870
31 21 696
31 22 759
31 23 1090
31 24 820
31 25 976
31 26 951
31 27 773
31 28 917
31 29 829
31 30 569
31 31 0
31 32 907
31 33 851
31 34 729
31 35 1093
31 36 612
31 37 1453
31 38 1045
31 39 564
31 40 1405
31 41 997
31 42 516
31 43 1357
31 44 949
31 45 468
31 46 1309
31 47 901
31 48 420
31 49 1261
31 50 853
31 51 372
31 52 1213
31 53 805
31 54 324
31 55 1165
31 56 757
31 57 276
31 58 1117
31 59 709
31 60 228
31 61 1069
31 62 661
31 63 180
31 64 1021
31 65 709
31 66 228
31 67 1069
31 68 757
31 69 276
31 70 1117
31 71 1213
32 0 510
32 1 1012
32 2 682
32 3 1024
32 4 994
32 5 1107
32 6 1037
32 7 690
32 8 720
32 9 1439
32 10 1578
32 11 361
32 12 1058
32 13 1298
32 14 1526
32 15 1094
32 16 1102
32 17 531
32 18 676
32 19 717
32 20 973
32 21 955
32 22 604
32 23 465
32 24 1523
32 25 1487
32 26 508
32 27 1188
32 28 734
32 29 1244
32 30 984
32 31 907
32 32 0
32 33 512
32 34 730
32 35 390
32 36 1027
32 37 1868
32 38 342
32 39 979
32 40 1820
32 41 294
32 42 931
32 43 1772
32 44 246
32 45 883
32 46 1724
32 47 198
32 48 835
32 49 1676
32 50 150
32 51 787
32 52 1628
32 53 102
32 54 739
32 55 1580
32 56 150
32 57 787
32 58 1628
32 59 198
32 60 835
32 61 1676
32 62 246
32 63 883
32 64 1724
32 65 294
32 66 931
32 67 1772
32 68 342
32 69 979
32 70 1820
32 71 510
33 0 722
33 1 938
33 2 990
33 3 716
33 4 686
33 5 895
33 6 825
33 7 876
33 8 846
33 9 1227
33 10 1270
33 11 669
33 12 750
33 13 990
33 14 1314
33 15 786
33 16 890
33 17 743
33 18 590
33 19 1025
33 20 977
33 21 803
33 22 912
33 23 677
33 24 1311
33 25 1275
33 26 720
33 27 880
33 28 946
33 29 1032
33 30 772
33 31 851
33 32 512
33 33 0
33 34 1038
33 35 602
33 36 719
33 37 1560
33 38 554
33 39 671
33 40 1512
33 41 506
33 42 623
33 43 1464
33 44 458
33 45 575
33 46 1416
33 47 410
33 48 527
33 49 1368
33 50 362
33 51 479
33 52 1320
33 53 410
33 54 527
33 55 1368
33 56 458
33 57 575
33 58 1416
33 59 506
33 60 623
33 61 1464
33 62 554
33 63 671
33 64 1512
33 65 602
33 66 719
33 67 1560
33 68 650
33 69 767
33 70 1608
33 71 722
34 0 1036
34 1 1200
34 2 824
34 3 978
34 4 948
34 5 581
34 6 703
34 7 1138
34 8 916
34 9 1393
34 10 1532
34 11 599
34 12 1012
34 13 1252
34 14 1384
34 15 1048
34 16 768
34 17 1057
34 18 756
34 19 13
34 20 1239
34 21 1065
34 22 746
34 23 991
34 24 997
34 25 1345
34 26 1034
34 27 1142
34 28 1260
34 29 1198
34 30 938
34 31 729
34 32 730
34 33 1038
34 34 0
34 35 916
34 36 981
34 37 1822
34 38 868
34 39 933
34 40 1774
34 41 820
34 42 885
34 43 1726
34 44 772
34 45 837
34 46 1678
34 47 724
34 48 789
34 49 1630
34 50 676
34 51 741
34 52 1582
34 53 628
34 54 693
34 55 1534
34 56 580
34 57 645
34 58 1486
34 59 532
34 60 597
34 61 1438
34 62 484
34 63 549
34 64 1390
34 65 436
34 66 501
34 67 1342
34 68 388
34 69 453
34 70 1294
34 71 1036
35 0 120
35 1 622
35 2 868
35 3 1126
35 4 874
35 5 1497
35 6 1427
35 7 684
35 8 906
35 9 1829
35 10 1872
35 11 547
35 12 1352
35 13 1112
35 14 1916
35 15 1004
35 16 1492
35 17 141
35 18 1066
35 19 903
35 20 583
35 21 757
35 22 790
35 23 363
35 24 1913
35 25 1877
35 26 502
35 27 1482
35 28 536
35 29 1634
35 30 1374
35 31 1093
35 32 390
35 33 602
35 34 916
35 35 0
35 36 841
35 37 1682
35 38 48
35 39 889
35 40 1730
35 41 96
35 42 937
35 43 1778
35 44 144
35 45 985
35 46 1826
35 47 192
35 48 1033
35 49 1874
35 50 240
35 51 1081
35 52 1922
35 53 288
35 54 1129
35 55 1970
35 56 336
35 57 1177
35 58 2018
35 59 384
35 60 1225
35 61 2066
35 62 432
35 63 1273
35 64 2114
35 65 480
35 66 1321
35 67 2162
35 68 528
35 69 1369
35 70 2210
35 71 120
36 0 961
36 1 219
36 2 933
36 3 285
36 4 159
36 5 656
36 6 586
36 7 541
36 8 607
36 9 988
36 10 1031
36 11 1158
36 12 511
36 13 271
36 14 1075
36 15 163
36 16 651
36 17 700
36 18 351
36 19 994
36 20 258
36 21 276
36 22 1011
36 23 766
36 24 1072
36 25 1036
36 26 723
36 27 641
36 28 497
36 29 793
36 30 533
36 31 612
36 32 1027
36 33 719
36 34 981
36 35 841
36 36 0
36 37 841
36 38 889
36 39 48
36 40 889
36 41 937
36 42 96
36 43 937
36 44 985
36 45 144
36 46 985
36 47 1033
36 48 192
36 49 1033
36 50 1081
36 51 240
36 52 1081
36 53 1129
36 54 288
36 55 1129
36 56 1177
36 57 336
36 58 1177
36 59 1225
36 60 384
36 61 1225
36 62 1273
36 63 432
36 64 1273
36 65 1321
36 66 480
36 67 1321
36 68 1369
36 69 528
36 70 1369
36 71 961
37 0 1802
37 1 1060
37 2 1774
37 3 844
37 4 1000
37 5 1241
37 6 1119
37 7 1382
37 8 1448
37 9 429
37 10 290
37 11 1999
37 12 810
37 13 570
37 14 438
37 15 774
37 16 1054
37 17 1541
37 18 1192
37 19 1835
37 20 1099
37 21 1117
37 22 1852
37 23 1607
37 24 825
37 25 477
37 26 1564
37 27 680
37 28 1338
37 29 624
37 30 884
37 31 1453
37 32 1868
37 33 1560
37 34 1822
37 35 1682
37 36 841
37 37 0
37 38 1730
37 39 889
37 40 48
37 41 1778
37 42 937
37 43 96
37 44 1826
37 45 985
37 46 144
37 47 1874
37 48 1033
37 49 192
37 50 1922
37 51 1081
37 52 240
37 53 1970
37 54 1129
37 55 288
37 56 2018
37 57 1177
37 58 336
37 59 2066
37 60 1225
37 61 384
37 62 2114
37 63 1273
37 64 432
37 65 2162
37 66 1321
37 67 480
37 68 2210
37 69 1369
37 70 528
37 71 1802
38 0 168
38 1 670
38 2 820
38 3 1078
38 4 826
38 5 1449
38 6 1379
38 7 636
38 8 858
38 9 1781
38 10 1824
38 11 499
38 12 1304
38 13 1160
38 14 1868
38 15 956
38 16 1444
38 17 189
38 18 1018
38 19 855
38 20 631
38 21 709
38 22 742
38 23 315
38 24 1865
38 25 1829
38 26 454
38 27 1434
38 28 488
38 29 1586
38 30 1326
38 31 1045
38 32 342
38 33 554
38 34 868
38 35 48
38 36 889
38 37 1730
38 38 0
38 39 841
38 40 1682
38 41 48
38 42 889
38 43 1730
38 44 96
38 45 937
38 46 1778
38 47 144
38 48 985
38 49 1826
38 50 192
38 51 1033
38 52 1874
38 53 240
38 54 1081
38 55 1922
38 56 288
38 57 1129
38 58 1970
38 59 336
38 60 1177
38 61 2018
38 62 384
38 63 1225
38 64 2066
38 65 432
38 66 1273
38 67 2114
38 68 480
38 69 1321
38 70 2162
38 71 168
39 0 1009
39 1 267
39 2 885
39 3 237
39 4 111
39 5 608
39 6 538
39 7 493
39 8 559
39 9 940
39 10 983
39 11 1110
39 12 463
39 13 319
39 14 1027
39 15 115
39 16 603
39 17 748
39 18 303
39 19 946
39 20 306
39 21 228
39 22 963
39 23 718
39 24 1024
39 25 988
39 26 675
39 27 593
39 28 449
39 29 745
39 30 485
39 31 564
39 32 979
39 33 671
39 34 933
39 35 889
39 36 48
39 37 889
39 38 841
39 39 0
39 40 841
39 41 889
39 42 48
39 43 889
39 44 937
39 45 96
39 46 937
39 47 985
39 48 144
39 49 985
39 50 1033
39 51 192
39 52 1033
39 53 1081
39 54 240
39 55 1081
39 56 1129
39 57 288
39 58 1129
39 59 1177
39 60 336
39 61 1177
39 62 1225
39 63 384
39 64 1225
39 65 1273
39 66 432
39 67 1273
39 68 1321
39 69 480
39 70 1321
39 71 1009
40 0 1850
40 1 1108
40 2 1726
40 3 796
40 4 952
40 5 1193
40 6 1071
40 7 1334
40 8 1400
40 9 381
40 10 242
40 11 1951
40 12 762
40 13 618
40 14 390
40 15 726
40 16 1006
40 17 1589
40 18 1144
40 19 1787
40 20 1147
40 21 1069
40 22 1804
40 23 1559
40 24 777
40 25 429
40 26 1516
40 27 632
40 28 1290
40 29 576
40 30 836
40 31 1405
40 32 1820
40 33 1512
40 34 1774
40 35 1730
40 36 889
40 37 48
40 38 1682
40 39 841
40 40 0
40 41 1730
40 42 889
40 43 48
40 44 1778
40 45 937
40 46 96
40 47 1826
40 48 985
40 49 144
40 50 1874
40 51 1033
40 52 192
40 53 1922
40 54 1081
40 55 240
40 56 1970
40 57 1129
40 58 288
40 59 2018
40 60 1177
40 61 336
40 62 2066
40 63 1225
40 64 384
40 65 2114
40 66 1273
40 67 432
40 68 2162
40 69 1321
40 70 480
40 71 1850
41 0 216
41 1 718
41 2 772
41 3 1030
41 4 778
41 5 1401
41 6 1331
41 7 588
41 8 810
41 9 1733
41 10 1776
41 11 451
41 12 1256
41 13 1208
41 14 1820
41 15 1004
41 16 1396
41 17 237
41 18 970
41 19 807
41 20 679
41 21 661
41 22 694
41 23 267
41 24 1817
41 25 1781
41 26 406
41 27 1386
41 28 440
41 29 1538
41 30 1278
41 31 997
41 32 294
41 33 506
41 34 820
41 35 96
41 36 937
41 37 1778
41 38 48
41 39 889
41 40 1730
41 41 0
41 42 841
41 43 1682
41 44 48
41 45 889
41 46 1730
41 47 96
41 48 937
41 49 1778
41 50 144
41 51 985
41 52 1826
41 53 192
41 54 1033
41 55 1874
41 56 240
41 57 1081
41 58 1922
41 59 288
41 60 1129
41 61 1970
41 62 336
41 63 1177
41 64 2018
41 65 384
41 66 1225
41 67 2066
41 68 432
41 69 1273
41 70 2114
41 71 216
42 0 1057
42 1 315
42 2 837
42 3 189
42 4 63
42 5 560
42 6 490
42 7 445
42 8 511
42 9 892
42 10 935
42 11 1062
42 12 415
42 13 367
42 14 979
42 15 163
42 16 555
42 17 796
42 18 255
42 19 898
42 20 354
42 21 180
42 22 915
42 23 670
42 24 976
42 25 940
42 26 627
42 27 545
42 28 401
42 29 697
42 30 437
42 31 516
42 32 931
42 33 623
42 34 885
42 35 937
42 36 96
42 37 937
42 38 889
42 39 48
42 40 889
42 41 841
42 42 0
42 43 841
42 44 889
42 45 48
42 46 889
42 47 937
42 48 96
42 49 937
42 50 985
42 51 144
42 52 985
42 53 1033
42 54 192
42 55 1033
42 56 1081
42 57 240
42 58 1081
42 59 1129
42 60 288
42 61 1129
42 62 1177
42 63 336
42 64 1177
42 65 1225
42 66 384
42 67 1225
42 68 1273
42 69 432
42 70 1273
42 71 1057
43 0 1898
43 1 1156
43 2 1678
43 3 748
43 4 904
43 5 1145
43 6 1023
43 7 1286
43 8 1352
43 9 333
43 10 194
43 11 1903
43 12 714
43 13 666
43 14 342
43 15 774
43 16 958
43 17 1637
43 18 1096
43 19 1739
43 20 1195
43 21 1021
43 22 1756
43 23 1511
43 24 729
43 25 381
43 26 1468
43 27 584
43 28 1242
43 29 528
43 30 788
43 31 1357
43 32 1772
43 33 1464
43 34 1726
43 35 1778
43 36 937
43 37 96
43 38 1730
43 39 889
43 40 48
43 41 1682
43 42 841
43 43 0
43 44 1730
43 45 889
43 46 48
43 47 1778
43 48 937
43 49 96
43 50 1826
43 51 985
43 52 144
43 53 1874
43 54 1033
43 55 192
43 56 1922
43 57 1081
43 58 240
43 59 1970
43 60 1129
43 61 288
43 62 2018
43 63 1177
43 64 336
43 65 2066
43 66 1225
43 67 384
43 68 2114
43 69 1273
43 70 432
43 71 1898
44 0 264
44 1 766
44 2 724
44 3 982
44 4 826
44 5 1353
44 6 1283
44 7 540
44 8 762
44 9 1685
44 10 1728
44 11 403
44 12 1208
44 13 1256
44 14 1772
44 15 1052
44 16 1348
44 17 285
44 18 922
44 19 759
44 20 727
44 21 709
44 22 646
44 23 219
44 24 1769
44 25 1733
44 26 358
44 27 1338
44 28 488
44 29 1490
44 30 1230
44 31 949
44 32 246
44 33 458
44 34 772
44 35 144
44 36 985
44 37 1826
44 38 96
44 39 937
44 40 1778
44 41 48
44 42 889
44 43 1730
44 44 0
44 45 841
44 46 1682
44 47 48
44 48 889
44 49 1730
44 50 96
44 51 937
44 52 1778
44 53 144
44 54 985
44 55 1826
44 56 192
44 57 1033
44 58 1874
44 59 240
44 60 1081
44 61 1922
44 62 288
44 63 1129
44 64 1970
44 65 336
44 66 1177
44 67 2018
44 68 384
44 69 1225
44 70 2066
44 71 264
45 0 1105
45 1 363
45 2 789
45 3 141
45 4 111
45 5 512
45 6 442
45 7 397
45 8 463
45 9 844
45 10 887
45 11 1014
45 12 367
45 13 415
45 14 931
45 15 211
45 16 507
45 17 844
45 18 207
45 19 850
45 20 402
45 21 228
45 22 867
45 23 622
45 24 928
45 25 892
45 26 579
45 27 497
45 28 449
45 29 649
45 30 389
45 31 468
45 32 883
45 33 575
45 34 837
45 35 985
45 36 144
45 37 985
45 38 937
45 39 96
45 40 937
45 41 889
45 42 48
45 43 889
45 44 841
45 45 0
45 46 841
45 47 889
45 48 48
45 49 889
45 50 937
45 51 96
45 52 937
45 53 985
45 54 144
45 55 985
45 56 1033
45 57 192
45 58 1033
45 59 1081
45 60 240
45 61 1081
45 62 1129
45 63 288
45 64 1129
45 65 1177
45 66 336
45 67 1177
45 68 1225
45 69 384
45 70 1225
45 71 1105
46 0 1946
46 1 1204
46 2 1630
46 3 700
46 4 952
46 5 1097
46 6 975
46 7 1238
46 8 1304
46 9 285
46 10 146
46 11 1855
46 12 666
46 13 714
46 14 294
46 15 822
46 16 910
46 17 1685
46 18 1048
46 19 1691
46 20 1243
46 21 1069
46 22 1708
46 23 1463
46 24 681
46 25 333
46 26 1420
46 27 536
46 28 1290
46 29 480
46 30 740
46 31 1309
46 32 1724
46 33 1416
46 34 1678
46 35 1826
46 36 985
46 37 144
46 38 1778
46 39 937
46 40 96
46 41 1730
46 42 889
46 43 48
46 44 1682
46 45 841
46 46 0
46 47 1730
46 48 889
46 49 48
46 50 1778
46 51 937
46 52 96
46 53 1826
46 54 985
46 55 144
46 56 1874
46 57 1033
46 58 192
46 59 1922
46 60 1081
46 61 240
46 62 1970
46 63 1129
46 64 288
46 65 2018
46 66 1177
46 67 336
46 68 2066
46 69 1225
46 70 384
46 71 1946
47 0 312
47 1 814
47 2 676
47 3 1030
47 4 874
47 5 1305
47 6 1235
47 7 492
47 8 714
47 9 1637
47 10 1680
47 11 355
47 12 1160
47 13 1304
47 14 1724
47 15 1100
47 16 1300
47 17 333
47 18 874
47 19 711
47 20 775
47 21 757
47 22 598
47 23 267
47 24 1721
47 25 1685
47 26 310
47 27 1290
47 28 536
47 29 1442
47 30 1182
47 31 901
47 32 198
47 33 410
47 34 724
47 35 192
47 36 1033
47 37 1874
47 38 144
47 39 985
47 40 1826
47 41 96
47 42 937
47 43 1778
47 44 48
47 45 889
47 46 1730
47 47 0
47 48 841
47 49 1682
47 50 48
47 51 889
47 52 1730
47 53 96
47 54 937
47 55 1778
47 56 144
47 57 985
47 58 1826
47 59 192
47 60 1033
47 61 1874
47 62 240
47 63 1081
47 64 1922
47 65 288
47 66 1129
47 67 1970
47 68 336
47 69 1177
47 70 2018
47 71 312
48 0 1153
48 1 411
48 2 741
48 3 189
48 4 159
48 5 464
48 6 394
48 7 349
48 8 415
48 9 796
48 10 839
48 11 966
48 12 319
48 13 463
48 14 883
48 15 259
48 16 459
48 17 892
48 18 159
48 19 802
48 20 450
48 21 276
48 22 819
48 23 670
48 24 880
48 25 844
48 26 531
48 27 449
48 28 497
48 29 601
48 30 341
48 31 420
48 32 835
48 33 527
48 34 789
48 35 1033
48 36 192
48 37 1033
48 38 985
48 39 144
48 40 985
48 41 937
48 42 96
48 43 937
48 44 889
48 45 48
48 46 889
48 47 841
48 48 0
48 49 841
48 50 889
48 51 48
48 52 889
48 53 937
48 54 96
48 55 937
48 56 985
48 57 144
48 58 985
48 59 1033
48 60 192
48 61 1033
48 62 1081
48 63 240
48 64 1081
48 65 1129
48 66 288
48 67 1129
48 68 1177
48 69 336
48 70 1177
48 71 1153
49 0 1994
49 1 1252
49 2 1582
49 3 748
49 4 1000
49 5 1049
49 6 927
49 7 1190
49 8 1256
49 9 237
49 10 98
49 11 1807
49 12 618
49 13 762
49 14 246
49 15 870
49 16 862
49 17 1733
49 18 1000
49 19 1643
49 20 1291
49 21 1117
49 22 1660
49 23 1511
49 24 633
49 25 285
49 26 1372
49 27 488
49 28 1338
49 29 432
49 30 692
49 31 1261
49 32 1676
49 33 1368
49 34 1630
49 35 1874
49 36 1033
49 37 192
49 38 1826
49 39 985
49 40 144
49 41 1778
49 42 937
49 43 96
49 44 1730
49 45 889
49 46 48
49 47 1682
49 48 841
49 49 0
49 50 1730
49 51 889
49 52 48
49 53 1778
49 54 937
49 55 96
49 56 1826
49 57 985
49 58 144
49 59 1874
49 60 1033
49 61 192
49 62 1922
49 63 1081
49 64 240
49 65 1970
49 66 1129
49 67 288
49 68 2018
49 69 1177
49 70 336
49 71 1994
50 0 360
50 1 862
50 2 628
50 3 1078
50 4 922
50 5 1257
50 6 1187
50 7 540
50 8 666
50 9 1589
50 10 1632
50 11 307
50 12 1112
50 13 1352
50 14 1676
50 15 1148
50 16 1252
50 17 381
50 18 826
50 19 663
50 20 823
50 21 805
50 22 550
50 23 315
50 24 1673
50 25 1637
50 26 358
50 27 1242
50 28 584
50 29 1394
50 30 1134
50 31 853
50 32 150
50 33 362
50 34 676
50 35 240
50 36 1081
50 37 1922
50 38 192
50 39 1033
50 40 1874
50 41 144
50 42 985
50 43 1826
50 44 96
50 45 937
50 46 1778
50 47 48
50 48 889
50 49 1730
50 50 0
50 51 841
50 52 1682
50 53 48
50 54 889
50 55 1730
50 56 96
50 57 937
50 58 1778
50 59 144
50 60 985
50 61 1826
50 62 192
50 63 1033
50 64 1874
50 65 240
50 66 1081
50 67 1922
50 68 288
50 69 1129
50 70 1970
50 71 360
51 0 1201
51 1 459
51 2 693
51 3 237
51 4 207
51 5 416
51 6 346
51 7 397
51 8 367
51 9 748
51 10 791
51 11 918
51 12 271
51 13 511
51 14 835
51 15 307
51 16 411
51 17 940
51 18 111
51 19 754
51 20 498
51 21 324
51 22 771
51 23 718
51 24 832
51 25 796
51 26 579
51 27 401
51 28 545
51 29 553
51 30 293
51 31 372
51 32 787
51 33 479
51 34 741
51 35 1081
51 36 240
51 37 1081
51 38 1033
51 39 192
51 40 1033
51 41 985
51 42 144
51 43 985
51 44 937
51 45 96
