//alpha
1
//NbLocations
45
//NbProducts
26
//NbPickers
2
//CapaPicker
8
//TimeToTravelOneDistanceUnit
3
//SetupTime
5400
//PickTime
300
//Products
//Idx Location Size
1 1 1
2 2 1
3 3 1
4 4 1
5 5 1
6 6 1
7 7 1
8 8 1
9 9 1
10 10 1
11 11 1
12 12 1
13 13 1
14 14 1
15 15 1
16 16 1
17 17 1
18 18 1
19 19 1
20 20 1
21 21 1
22 22 1
23 23 1
24 24 1
25 25 1
26 26 1
//Orders
//NbOrders
18
//Idx DueDate TardinessPenalty NbProdInOrder ProdIdx1 Qty1 ProdIdx2 Qty2 ...
1 126000 0 1 1 1
2 90000 0 2 2 1 3 1
3 108000 0 1 4 1
4 36000 0 1 5 1
5 54000 0 1 6 1
6 72000 0 1 7 1
7 36000 0 2 8 1 9 1
8 72000 0 1 10 1
9 90000 0 1 11 1
10 108000 0 1 12 1
11 72000 0 2 13 1 14 1
12 54000 0 2 15 1 16 1
13 126000 0 1 17 1
14 90000 0 1 18 1
15 90000 0 2 19 1 20 1
16 54000 0 3 21 1 22 1 23 1
17 126000 0 2 24 1 25 1
18 108000 0 1 26 1
//Graph (Products are vertices indexed from 1 to NbProducts)
//NbVerticesIntersections
18
//DepartingDepot
0
//ArrivalDepot
45
//Arcs
//Start End Distance
0 27 120
1 37 63
1 38 388
2 13 13
2 17 26
3 20 91
3 28 102
4 30 362
4 31 89
5 14 117
5 35 102
6 11 65
6 18 39
7 12 52
7 22 13
8 15 52
8 17 65
9 42 336
9 43 115
10 31 193
10 32 258
11 6 65
11 24 13
12 7 52
12 13 26
13 2 13
13 12 26
14 5 117
14 26 104
15 8 52
15 27 63
16 19 65
16 28 50
17 2 26
17 8 65
18 6 39
18 29 128
19 16 65
19 22 26
20 3 91
20 24 13
21 33 232
21 34 219
22 7 13
22 19 26
23 39 128
23 40 323
24 11 13
24 20 13
25 26 65
25 34 63
26 14 104
26 25 65
27 15 63
27 30 48
27 45 120
28 3 102
28 16 50
28 31 48
29 18 128
29 32 48
30 4 362
30 27 48
30 33 48
31 4 89
31 10 193
31 28 48
31 34 48
32 10 258
32 29 48
32 35 48
33 21 232
33 30 48
33 36 48
34 21 219
34 25 63
34 31 48
34 37 48
35 5 102
35 32 48
35 38 48
36 33 48
36 37 451
36 39 48
37 1 63
37 34 48
37 36 451
37 40 48
38 1 388
38 35 48
38 41 48
39 23 128
39 36 48
39 42 48
40 23 323
40 37 48
40 41 451
40 43 48
41 38 48
41 40 451
41 44 48
42 9 336
42 39 48
43 9 115
43 40 48
43 44 451
44 41 48
44 43 451
//LocStart LocEnd ShortestPath
0 0 0
0 1 778
0 2 326
0 3 673
0 4 530
0 5 1016
0 6 855
0 7 417
0 8 235
0 9 696
0 10 812
0 11 790
0 12 365
0 13 339
0 14 899
0 15 183
0 16 521
0 17 300
0 18 894
0 19 456
0 20 764
0 21 448
0 22 430
0 23 440
0 24 777
0 25 730
0 26 795
0 27 120
0 28 571
0 29 1022
0 30 168
0 31 619
0 32 1070
0 33 216
0 34 667
0 35 1118
0 36 264
0 37 715
0 38 1166
0 39 312
0 40 763
0 41 1214
0 42 360
0 43 811
0 44 1262
0 45 0
1 0 778
1 1 0
1 2 452
1 3 309
1 4 248
1 5 460
1 6 491
1 7 361
1 8 543
1 9 274
1 10 352
1 11 426
1 12 413
1 13 439
1 14 343
1 15 595
1 16 257
1 17 478
1 18 530
1 19 322
1 20 400
1 21 330
1 22 348
1 23 434
1 24 413
1 25 174
1 26 239
1 27 658
1 28 207
1 29 532
1 30 610
1 31 159
1 32 484
1 33 562
1 34 111
1 35 436
1 36 514
1 37 63
1 38 388
1 39 562
1 40 111
1 41 436
1 42 610
1 43 159
1 44 484
1 45 778
2 0 326
2 1 452
2 2 0
2 3 347
2 4 382
2 5 690
2 6 529
2 7 91
2 8 91
2 9 600
2 10 486
2 11 464
2 12 39
2 13 13
2 14 573
2 15 143
2 16 195
2 17 26
2 18 568
2 19 130
2 20 438
2 21 534
2 22 104
2 23 526
2 24 451
2 25 404
2 26 469
2 27 206
2 28 245
2 29 696
2 30 254
2 31 293
2 32 744
2 33 302
2 34 341
2 35 792
2 36 350
2 37 389
2 38 840
2 39 398
2 40 437
2 41 888
2 42 446
2 43 485
2 44 936
2 45 326
3 0 673
3 1 309
3 2 347
3 3 0
3 4 239
3 5 547
3 6 182
3 7 256
3 8 438
3 9 457
3 10 343
3 11 117
3 12 308
3 13 334
3 14 430
3 15 490
3 16 152
3 17 373
3 18 221
3 19 217
3 20 91
3 21 417
3 22 243
3 23 617
3 24 104
3 25 261
3 26 326
3 27 553
3 28 102
3 29 349
3 30 601
3 31 150
3 32 397
3 33 649
3 34 198
3 35 445
3 36 697
3 37 246
3 38 493
3 39 745
3 40 294
3 41 541
3 42 793
3 43 342
3 44 589
3 45 673
4 0 530
4 1 248
4 2 382
4 3 239
4 4 0
4 5 486
4 6 421
4 7 291
4 8 473
4 9 396
4 10 282
4 11 356
4 12 343
4 13 369
4 14 369
4 15 473
4 16 187
4 17 408
4 18 460
4 19 252
4 20 330
4 21 356
4 22 278
4 23 556
4 24 343
4 25 200
4 26 265
4 27 410
4 28 137
4 29 588
4 30 362
4 31 89
4 32 540
4 33 410
4 34 137
4 35 588
4 36 458
4 37 185
4 38 636
4 39 506
4 40 233
4 41 684
4 42 554
4 43 281
4 44 732
4 45 530
5 0 1016
5 1 460
5 2 690
5 3 547
5 4 486
5 5 0
5 6 365
5 7 599
5 8 781
5 9 608
5 10 408
5 11 430
5 12 651
5 13 677
5 14 117
5 15 833
5 16 495
5 17 716
5 18 326
5 19 560
5 20 456
5 21 568
5 22 586
5 23 768
5 24 443
5 25 286
5 26 221
5 27 896
5 28 445
5 29 198
5 30 848
5 31 397
5 32 150
5 33 800
5 34 349
5 35 102
5 36 848
5 37 397
5 38 150
5 39 896
5 40 445
5 41 198
5 42 944
5 43 493
5 44 246
5 45 1016
6 0 855
6 1 491
6 2 529
6 3 182
6 4 421
6 5 365
6 6 0
6 7 438
6 8 620
6 9 639
6 10 473
6 11 65
6 12 490
6 13 516
6 14 482
6 15 672
6 16 334
6 17 555
6 18 39
6 19 399
6 20 91
6 21 599
6 22 425
6 23 799
6 24 78
6 25 443
6 26 508
6 27 735
6 28 284
6 29 167
6 30 783
6 31 332
6 32 215
6 33 831
6 34 380
6 35 263
6 36 879
6 37 428
6 38 311
6 39 927
6 40 476
6 41 359
6 42 975
6 43 524
6 44 407
6 45 855
7 0 417
7 1 361
7 2 91
7 3 256
7 4 291
7 5 599
7 6 438
7 7 0
7 8 182
7 9 509
7 10 395
7 11 373
7 12 52
7 13 78
7 14 482
7 15 234
7 16 104
7 17 117
7 18 477
7 19 39
7 20 347
7 21 469
7 22 13
7 23 617
7 24 360
7 25 313
7 26 378
7 27 297
7 28 154
7 29 605
7 30 345
7 31 202
7 32 653
7 33 393
7 34 250
7 35 701
7 36 441
7 37 298
7 38 749
7 39 489
7 40 346
7 41 797
7 42 537
7 43 394
7 44 845
7 45 417
8 0 235
8 1 543
8 2 91
8 3 438
8 4 473
8 5 781
8 6 620
8 7 182
8 8 0
8 9 691
8 10 577
8 11 555
8 12 130
8 13 104
8 14 664
8 15 52
8 16 286
8 17 65
8 18 659
8 19 221
8 20 529
8 21 443
8 22 195
8 23 435
8 24 542
8 25 495
8 26 560
8 27 115
8 28 336
8 29 787
8 30 163
8 31 384
8 32 835
8 33 211
8 34 432
8 35 883
8 36 259
8 37 480
8 38 931
8 39 307
8 40 528
8 41 979
8 42 355
8 43 576
8 44 1027
8 45 235
9 0 696
9 1 274
9 2 600
9 3 457
9 4 396
9 5 608
9 6 639
9 7 509
9 8 691
9 9 0
9 10 500
9 11 574
9 12 561
9 13 587
9 14 491
9 15 639
9 16 405
9 17 626
9 18 678
9 19 470
9 20 548
9 21 478
9 22 496
9 23 486
9 24 561
9 25 322
9 26 387
9 27 576
9 28 355
9 29 806
9 30 528
9 31 307
9 32 758
9 33 480
9 34 259
9 35 710
9 36 432
9 37 211
9 38 662
9 39 384
9 40 163
9 41 614
9 42 336
9 43 115
9 44 566
9 45 696
10 0 812
10 1 352
10 2 486
10 3 343
10 4 282
10 5 408
10 6 473
10 7 395
10 8 577
10 9 500
10 10 0
10 11 460
10 12 447
10 13 473
10 14 473
10 15 629
10 16 291
10 17 512
10 18 434
10 19 356
10 20 434
10 21 460
10 22 382
10 23 660
10 24 447
10 25 304
10 26 369
10 27 692
10 28 241
10 29 306
10 30 644
10 31 193
10 32 258
10 33 692
10 34 241
10 35 306
10 36 740
10 37 289
10 38 354
10 39 788
10 40 337
10 41 402
10 42 836
10 43 385
10 44 450
10 45 812
11 0 790
11 1 426
11 2 464
11 3 117
11 4 356
11 5 430
11 6 65
11 7 373
11 8 555
11 9 574
11 10 460
11 11 0
11 12 425
11 13 451
11 14 547
11 15 607
11 16 269
11 17 490
11 18 104
11 19 334
11 20 26
11 21 534
11 22 360
11 23 734
11 24 13
11 25 378
11 26 443
11 27 670
11 28 219
11 29 232
11 30 718
11 31 267
11 32 280
11 33 766
11 34 315
11 35 328
11 36 814
11 37 363
11 38 376
11 39 862
11 40 411
11 41 424
11 42 910
11 43 459
11 44 472
11 45 790
12 0 365
12 1 413
12 2 39
12 3 308
12 4 343
12 5 651
12 6 490
12 7 52
12 8 130
12 9 561
12 10 447
12 11 425
12 12 0
12 13 26
12 14 534
12 15 182
12 16 156
12 17 65
12 18 529
12 19 91
12 20 399
12 21 521
12 22 65
12 23 565
12 24 412
12 25 365
12 26 430
12 27 245
12 28 206
12 29 657
12 30 293
12 31 254
12 32 705
12 33 341
12 34 302
12 35 753
12 36 389
12 37 350
12 38 801
12 39 437
12 40 398
12 41 849
12 42 485
12 43 446
12 44 897
12 45 365
13 0 339
13 1 439
13 2 13
13 3 334
13 4 369
13 5 677
13 6 516
13 7 78
13 8 104
13 9 587
13 10 473
13 11 451
13 12 26
13 13 0
13 14 560
13 15 156
13 16 182
13 17 39
13 18 555
13 19 117
13 20 425
13 21 547
13 22 91
13 23 539
13 24 438
13 25 391
13 26 456
13 27 219
13 28 232
13 29 683
13 30 267
13 31 280
13 32 731
13 33 315
13 34 328
13 35 779
13 36 363
13 37 376
13 38 827
13 39 411
13 40 424
13 41 875
13 42 459
13 43 472
13 44 923
13 45 339
14 0 899
14 1 343
14 2 573
14 3 430
14 4 369
14 5 117
14 6 482
14 7 482
14 8 664
14 9 491
14 10 473
14 11 547
14 12 534
14 13 560
14 14 0
14 15 716
14 16 378
14 17 599
14 18 443
14 19 443
14 20 521
14 21 451
14 22 469
14 23 651
14 24 534
14 25 169
14 26 104
14 27 779
14 28 328
14 29 315
14 30 731
14 31 280
14 32 267
14 33 683
14 34 232
14 35 219
14 36 731
14 37 280
14 38 267
14 39 779
14 40 328
14 41 315
14 42 827
14 43 376
14 44 363
14 45 899
15 0 183
15 1 595
15 2 143
15 3 490
15 4 473
15 5 833
15 6 672
15 7 234
15 8 52
15 9 639
15 10 629
15 11 607
15 12 182
15 13 156
15 14 716
15 15 0
15 16 338
15 17 117
15 18 711
15 19 273
15 20 581
15 21 391
15 22 247
15 23 383
15 24 594
15 25 547
15 26 612
15 27 63
15 28 388
15 29 839
15 30 111
15 31 436
15 32 887
15 33 159
15 34 484
15 35 935
15 36 207
15 37 532
15 38 983
15 39 255
15 40 580
15 41 1031
15 42 303
15 43 628
15 44 1079
15 45 183
16 0 521
16 1 257
16 2 195
16 3 152
16 4 187
16 5 495
16 6 334
16 7 104
16 8 286
16 9 405
16 10 291
16 11 269
16 12 156
16 13 182
16 14 378
16 15 338
16 16 0
16 17 221
16 18 373
16 19 65
16 20 243
16 21 365
16 22 91
16 23 565
16 24 256
16 25 209
16 26 274
16 27 401
16 28 50
16 29 501
16 30 449
16 31 98
16 32 549
16 33 497
16 34 146
16 35 597
16 36 545
16 37 194
16 38 645
16 39 593
16 40 242
16 41 693
16 42 641
16 43 290
16 44 741
16 45 521
17 0 300
17 1 478
17 2 26
17 3 373
17 4 408
17 5 716
17 6 555
17 7 117
17 8 65
17 9 626
17 10 512
17 11 490
17 12 65
17 13 39
17 14 599
17 15 117
17 16 221
17 17 0
17 18 594
17 19 156
17 20 464
17 21 508
17 22 130
17 23 500
17 24 477
17 25 430
17 26 495
17 27 180
17 28 271
17 29 722
17 30 228
17 31 319
17 32 770
17 33 276
17 34 367
17 35 818
17 36 324
17 37 415
17 38 866
17 39 372
17 40 463
17 41 914
17 42 420
17 43 511
17 44 962
17 45 300
18 0 894
18 1 530
18 2 568
18 3 221
18 4 460
18 5 326
18 6 39
18 7 477
18 8 659
18 9 678
18 10 434
18 11 104
18 12 529
18 13 555
18 14 443
18 15 711
18 16 373
18 17 594
18 18 0
18 19 438
18 20 130
18 21 638
18 22 464
18 23 838
18 24 117
18 25 482
18 26 547
18 27 774
18 28 323
18 29 128
18 30 822
18 31 371
18 32 176
18 33 870
18 34 419
18 35 224
18 36 918
18 37 467
18 38 272
18 39 966
18 40 515
18 41 320
18 42 1014
18 43 563
18 44 368
18 45 894
19 0 456
19 1 322
19 2 130
19 3 217
19 4 252
19 5 560
19 6 399
19 7 39
19 8 221
19 9 470
19 10 356
19 11 334
19 12 91
19 13 117
19 14 443
19 15 273
19 16 65
19 17 156
19 18 438
19 19 0
19 20 308
19 21 430
19 22 26
19 23 630
19 24 321
19 25 274
19 26 339
19 27 336
19 28 115
19 29 566
19 30 384
19 31 163
19 32 614
19 33 432
19 34 211
19 35 662
19 36 480
19 37 259
19 38 710
19 39 528
19 40 307
19 41 758
19 42 576
19 43 355
19 44 806
19 45 456
20 0 764
20 1 400
20 2 438
20 3 91
20 4 330
20 5 456
20 6 91
20 7 347
20 8 529
20 9 548
20 10 434
20 11 26
20 12 399
20 13 425
20 14 521
20 15 581
20 16 243
20 17 464
20 18 130
20 19 308
20 20 0
20 21 508
20 22 334
20 23 708
20 24 13
20 25 352
20 26 417
20 27 644
20 28 193
20 29 258
20 30 692
20 31 241
20 32 306
20 33 740
20 34 289
20 35 354
20 36 788
20 37 337
20 38 402
20 39 836
20 40 385
20 41 450
20 42 884
20 43 433
20 44 498
20 45 764
21 0 448
21 1 330
21 2 534
21 3 417
21 4 356
21 5 568
21 6 599
21 7 469
21 8 443
21 9 478
21 10 460
21 11 534
21 12 521
21 13 547
21 14 451
21 15 391
21 16 365
21 17 508
21 18 638
21 19 430
21 20 508
21 21 0
21 22 456
21 23 456
21 24 521
21 25 282
21 26 347
21 27 328
21 28 315
21 29 766
21 30 280
21 31 267
21 32 718
21 33 232
21 34 219
21 35 670
21 36 280
21 37 267
21 38 718
21 39 328
21 40 315
21 41 766
21 42 376
21 43 363
21 44 814
21 45 448
22 0 430
22 1 348
22 2 104
22 3 243
22 4 278
22 5 586
22 6 425
22 7 13
22 8 195
22 9 496
22 10 382
22 11 360
22 12 65
22 13 91
22 14 469
22 15 247
22 16 91
22 17 130
22 18 464
22 19 26
22 20 334
22 21 456
22 22 0
22 23 630
22 24 347
22 25 300
22 26 365
22 27 310
22 28 141
22 29 592
22 30 358
22 31 189
22 32 640
22 33 406
22 34 237
22 35 688
22 36 454
22 37 285
22 38 736
22 39 502
22 40 333
22 41 784
22 42 550
22 43 381
22 44 832
22 45 430
23 0 440
23 1 434
23 2 526
23 3 617
23 4 556
23 5 768
23 6 799
23 7 617
23 8 435
23 9 486
23 10 660
23 11 734
23 12 565
23 13 539
23 14 651
23 15 383
23 16 565
23 17 500
23 18 838
23 19 630
23 20 708
23 21 456
23 22 630
23 23 0
23 24 721
23 25 482
23 26 547
23 27 320
23 28 515
23 29 966
23 30 272
23 31 467
23 32 918
23 33 224
23 34 419
23 35 870
23 36 176
23 37 371
23 38 822
23 39 128
23 40 323
23 41 774
23 42 176
23 43 371
23 44 822
23 45 440
24 0 777
24 1 413
24 2 451
24 3 104
24 4 343
24 5 443
24 6 78
24 7 360
24 8 542
24 9 561
24 10 447
24 11 13
24 12 412
24 13 438
24 14 534
24 15 594
24 16 256
24 17 477
24 18 117
24 19 321
24 20 13
24 21 521
24 22 347
24 23 721
24 24 0
24 25 365
24 26 430
24 27 657
24 28 206
24 29 245
24 30 705
24 31 254
24 32 293
24 33 753
24 34 302
24 35 341
24 36 801
24 37 350
24 38 389
24 39 849
24 40 398
24 41 437
24 42 897
24 43 446
24 44 485
24 45 777
25 0 730
25 1 174
25 2 404
25 3 261
25 4 200
25 5 286
25 6 443
25 7 313
25 8 495
25 9 322
25 10 304
25 11 378
25 12 365
25 13 391
25 14 169
25 15 547
25 16 209
25 17 430
25 18 482
25 19 274
25 20 352
25 21 282
25 22 300
25 23 482
25 24 365
25 25 0
25 26 65
25 27 610
25 28 159
25 29 484
25 30 562
25 31 111
25 32 436
25 33 514
25 34 63
25 35 388
25 36 562
25 37 111
25 38 436
25 39 610
25 40 159
25 41 484
25 42 658
25 43 207
25 44 532
25 45 730
26 0 795
26 1 239
26 2 469
26 3 326
26 4 265
26 5 221
26 6 508
26 7 378
26 8 560
26 9 387
26 10 369
26 11 443
26 12 430
26 13 456
26 14 104
26 15 612
26 16 274
26 17 495
26 18 547
26 19 339
26 20 417
26 21 347
26 22 365
26 23 547
26 24 430
26 25 65
26 26 0
26 27 675
26 28 224
26 29 419
26 30 627
26 31 176
26 32 371
26 33 579
26 34 128
26 35 323
26 36 627
26 37 176
26 38 371
26 39 675
26 40 224
26 41 419
26 42 723
26 43 272
26 44 467
26 45 795
27 0 120
27 1 658
27 2 206
27 3 553
27 4 410
27 5 896
27 6 735
27 7 297
27 8 115
27 9 576
27 10 692
27 11 670
27 12 245
27 13 219
27 14 779
27 15 63
27 16 401
27 17 180
27 18 774
27 19 336
27 20 644
27 21 328
27 22 310
27 23 320
27 24 657
27 25 610
27 26 675
27 27 0
27 28 451
27 29 902
27 30 48
27 31 499
27 32 950
27 33 96
27 34 547
27 35 998
27 36 144
27 37 595
27 38 1046
27 39 192
27 40 643
27 41 1094
27 42 240
27 43 691
27 44 1142
27 45 120
28 0 571
28 1 207
28 2 245
28 3 102
28 4 137
28 5 445
28 6 284
28 7 154
28 8 336
28 9 355
28 10 241
28 11 219
28 12 206
28 13 232
28 14 328
28 15 388
28 16 50
28 17 271
28 18 323
28 19 115
28 20 193
28 21 315
28 22 141
28 23 515
28 24 206
28 25 159
28 26 224
28 27 451
28 28 0
28 29 451
28 30 499
28 31 48
28 32 499
28 33 547
28 34 96
28 35 547
28 36 595
28 37 144
28 38 595
28 39 643
28 40 192
28 41 643
28 42 691
28 43 240
28 44 691
28 45 571
29 0 1022
29 1 532
29 2 696
29 3 349
29 4 588
29 5 198
29 6 167
29 7 605
29 8 787
29 9 806
29 10 306
29 11 232
29 12 657
29 13 683
29 14 315
29 15 839
29 16 501
29 17 722
29 18 128
29 19 566
29 20 258
29 21 766
29 22 592
29 23 966
29 24 245
29 25 484
29 26 419
29 27 902
29 28 451
29 29 0
29 30 950
29 31 499
29 32 48
29 33 998
29 34 547
29 35 96
29 36 1046
29 37 595
29 38 144
29 39 1094
29 40 643
29 41 192
29 42 1142
29 43 691
29 44 240
29 45 1022
30 0 168
30 1 610
30 2 254
30 3 601
30 4 362
30 5 848
30 6 783
30 7 345
30 8 163
30 9 528
30 10 644
30 11 718
30 12 293
30 13 267
30 14 731
30 15 111
30 16 449
30 17 228
30 18 822
30 19 384
30 20 692
30 21 280
30 22 358
30 23 272
30 24 705
30 25 562
30 26 627
30 27 48
30 28 499
30 29 950
30 30 0
30 31 451
30 32 902
30 33 48
30 34 499
30 35 950
30 36 96
30 37 547
30 38 998
30 39 144
30 40 595
30 41 1046
30 42 192
30 43 643
30 44 1094
30 45 168
31 0 619
31 1 159
31 2 293
31 3 150
31 4 89
31 5 397
31 6 332
31 7 202
31 8 384
31 9 307
31 10 193
31 11 267
31 12 254
31 13 280
31 14 280
31 15 436
31 16 98
31 17 319
31 18 371
31 19 163
31 20 241
31 21 267
31 22 189
31 23 467
31 24 254
31 25 111
31 26 176
31 27 499
31 28 48
31 29 499
31 30 451
31 31 0
31 32 451
31 33 499
31 34 48
31 35 499
31 36 547
31 37 96
31 38 547
31 39 595
31 40 144
31 41 595
31 42 643
31 43 192
31 44 643
31 45 619
32 0 1070
32 1 484
32 2 744
32 3 397
32 4 540
32 5 150
32 6 215
32 7 653
32 8 835
32 9 758
32 10 258
32 11 280
32 12 705
32 13 731
32 14 267
32 15 887
32 16 549
32 17 770
32 18 176
32 19 614
32 20 306
32 21 718
32 22 640
32 23 918
32 24 293
32 25 436
32 26 371
32 27 950
32 28 499
32 29 48
32 30 902
32 31 451
32 32 0
32 33 950
32 34 499
32 35 48
32 36 998
32 37 547
32 38 96
32 39 1046
32 40 595
32 41 144
32 42 1094
32 43 643
32 44 192
32 45 1070
33 0 216
33 1 562
33 2 302
33 3 649
33 4 410
33 5 800
33 6 831
33 7 393
33 8 211
33 9 480
33 10 692
33 11 766
33 12 341
33 13 315
33 14 683
33 15 159
33 16 497
33 17 276
33 18 870
33 19 432
33 20 740
33 21 232
33 22 406
33 23 224
33 24 753
33 25 514
33 26 579
33 27 96
33 28 547
33 29 998
33 30 48
33 31 499
33 32 950
33 33 0
33 34 451
33 35 902
33 36 48
33 37 499
33 38 950
33 39 96
33 40 547
33 41 998
33 42 144
33 43 595
33 44 1046
33 45 216
34 0 667
34 1 111
34 2 341
34 3 198
34 4 137
34 5 349
34 6 380
34 7 250
34 8 432
34 9 259
34 10 241
34 11 315
34 12 302
34 13 328
34 14 232
34 15 484
34 16 146
34 17 367
34 18 419
34 19 211
34 20 289
34 21 219
34 22 237
34 23 419
34 24 302
34 25 63
34 26 128
34 27 547
34 28 96
34 29 547
34 30 499
34 31 48
34 32 499
34 33 451
34 34 0
34 35 451
34 36 499
34 37 48
34 38 499
34 39 547
34 40 96
34 41 547
34 42 595
34 43 144
34 44 595
34 45 667
35 0 1118
35 1 436
35 2 792
35 3 445
35 4 588
35 5 102
35 6 263
35 7 701
35 8 883
35 9 710
35 10 306
35 11 328
35 12 753
35 13 779
35 14 219
35 15 935
35 16 597
35 17 818
35 18 224
35 19 662
35 20 354
35 21 670
35 22 688
35 23 870
35 24 341
35 25 388
35 26 323
35 27 998
35 28 547
35 29 96
35 30 950
35 31 499
35 32 48
35 33 902
35 34 451
35 35 0
35 36 950
35 37 499
35 38 48
35 39 998
35 40 547
35 41 96
35 42 1046
35 43 595
35 44 144
35 45 1118
36 0 264
36 1 514
36 2 350
36 3 697
36 4 458
36 5 848
36 6 879
36 7 441
36 8 259
36 9 432
36 10 740
36 11 814
36 12 389
36 13 363
36 14 731
36 15 207
36 16 545
36 17 324
36 18 918
36 19 480
36 20 788
36 21 280
36 22 454
36 23 176
36 24 801
36 25 562
36 26 627
36 27 144
36 28 595
36 29 1046
36 30 96
36 31 547
36 32 998
36 33 48
36 34 499
36 35 950
36 36 0
36 37 451
36 38 902
36 39 48
36 40 499
36 41 950
36 42 96
36 43 547
36 44 998
36 45 264
37 0 715
37 1 63
37 2 389
37 3 246
37 4 185
37 5 397
37 6 428
37 7 298
37 8 480
37 9 211
37 10 289
37 11 363
37 12 350
37 13 376
37 14 280
37 15 532
37 16 194
37 17 415
37 18 467
37 19 259
37 20 337
37 21 267
37 22 285
37 23 371
37 24 350
37 25 111
37 26 176
37 27 595
37 28 144
37 29 595
37 30 547
37 31 96
37 32 547
37 33 499
37 34 48
37 35 499
37 36 451
37 37 0
37 38 451
37 39 499
37 40 48
37 41 499
37 42 547
37 43 96
37 44 547
37 45 715
38 0 1166
38 1 388
38 2 840
38 3 493
38 4 636
38 5 150
38 6 311
38 7 749
38 8 931
38 9 662
38 10 354
38 11 376
38 12 801
38 13 827
38 14 267
38 15 983
38 16 645
38 17 866
38 18 272
38 19 710
38 20 402
38 21 718
38 22 736
38 23 822
38 24 389
38 25 436
38 26 371
38 27 1046
38 28 595
38 29 144
38 30 998
38 31 547
38 32 96
38 33 950
38 34 499
38 35 48
38 36 902
38 37 451
38 38 0
38 39 950
38 40 499
38 41 48
38 42 998
38 43 547
38 44 96
38 45 1166
39 0 312
39 1 562
39 2 398
39 3 745
39 4 506
39 5 896
39 6 927
39 7 489
39 8 307
39 9 384
39 10 788
39 11 862
39 12 437
39 13 411
39 14 779
39 15 255
39 16 593
39 17 372
39 18 966
39 19 528
39 20 836
39 21 328
39 22 502
39 23 128
39 24 849
39 25 610
39 26 675
39 27 192
39 28 643
39 29 1094
39 30 144
39 31 595
39 32 1046
39 33 96
39 34 547
39 35 998
39 36 48
39 37 499
39 38 950
39 39 0
39 40 451
39 41 902
39 42 48
39 43 499
39 44 950
39 45 312
40 0 763
40 1 111
40 2 437
40 3 294
40 4 233
40 5 445
40 6 476
40 7 346
40 8 528
40 9 163
40 10 337
40 11 411
40 12 398
40 13 424
40 14 328
40 15 580
40 16 242
40 17 463
40 18 515
40 19 307
40 20 385
40 21 315
40 22 333
40 23 323
40 24 398
40 25 159
40 26 224
40 27 643
40 28 192
40 29 643
40 30 595
40 31 144
40 32 595
40 33 547
40 34 96
40 35 547
40 36 499
40 37 48
40 38 499
40 39 451
40 40 0
40 41 451
40 42 499
40 43 48
40 44 499
40 45 763
41 0 1214
41 1 436
41 2 888
41 3 541
41 4 684
41 5 198
41 6 359
41 7 797
41 8 979
41 9 614
41 10 402
41 11 424
41 12 849
41 13 875
41 14 315
41 15 1031
41 16 693
41 17 914
41 18 320
41 19 758
41 20 450
41 21 766
41 22 784
41 23 774
41 24 437
41 25 484
41 26 419
41 27 1094
41 28 643
41 29 192
41 30 1046
41 31 595
41 32 144
41 33 998
41 34 547
41 35 96
41 36 950
41 37 499
41 38 48
41 39 902
41 40 451
41 41 0
41 42 950
41 43 499
41 44 48
41 45 1214
42 0 360
42 1 610
42 2 446
42 3 793
42 4 554
42 5 944
42 6 975
42 7 537
42 8 355
42 9 336
42 10 836
42 11 910
42 12 485
42 13 459
42 14 827
42 15 303
42 16 641
42 17 420
42 18 1014
42 19 576
42 20 884
42 21 376
42 22 550
42 23 176
42 24 897
42 25 658
42 26 723
42 27 240
42 28 691
42 29 1142
42 30 192
42 31 643
42 32 1094
42 33 144
42 34 595
42 35 1046
42 36 96
42 37 547
42 38 998
42 39 48
42 40 499
42 41 950
42 42 0
42 43 451
42 44 902
42 45 360
43 0 811
43 1 159
43 2 485
43 3 342
43 4 281
43 5 493
43 6 524
43 7 394
43 8 576
43 9 115
43 10 385
43 11 459
43 12 446
43 13 472
43 14 376
43 15 628
43 16 290
43 17 511
43 18 563
43 19 355
43 20 433
43 21 363
43 22 381
43 23 371
43 24 446
43 25 207
43 26 272
43 27 691
43 28 240
43 29 691
43 30 643
43 31 192
43 32 643
43 33 595
43 34 144
43 35 595
43 36 547
43 37 96
43 38 547
43 39 499
43 40 48
43 41 499
43 42 451
43 43 0
43 44 451
43 45 811
44 0 1262
44 1 484
44 2 936
44 3 589
44 4 732
44 5 246
44 6 407
44 7 845
44 8 1027
44 9 566
44 10 450
44 11 472
44 12 897
44 13 923
44 14 363
44 15 1079
44 16 741
44 17 962
44 18 368
44 19 806
44 20 498
44 21 814
44 22 832
44 23 822
44 24 485
44 25 532
44 26 467
44 27 1142
44 28 691
44 29 240
44 30 1094
44 31 643
44 32 192
44 33 1046
44 34 595
44 35 144
44 36 998
44 37 547
44 38 96
44 39 950
44 40 499
44 41 48
44 42 902
44 43 451
44 44 0
44 45 1262
45 0 0
45 1 778
45 2 326
45 3 673
45 4 530
45 5 1016
45 6 855
45 7 417
45 8 235
45 9 696
45 10 812
45 11 790
45 12 365
45 13 339
45 14 899
45 15 183
45 16 521
45 17 300
45 18 894
45 19 456
45 20 764
45 21 448
45 22 430
45 23 440
45 24 777
45 25 730
45 26 795
45 27 120
45 28 571
45 29 1022
45 30 168
45 31 619
45 32 1070
45 33 216
45 34 667
45 35 1118
45 36 264
45 37 715
45 38 1166
45 39 312
45 40 763
45 41 1214
45 42 360
45 43 811
45 44 1262
45 45 0
//Location coordinates LocationName
//Loc x y
0 0.0 0.0 "depot"
1 144.0 634.0 "product aisle 3 bloc 1 rank 5"
2 0.0 326.0 "product aisle 0 bloc 0 rank 28"
3 0.0 673.0 "product aisle 0 bloc 1 rank 11"
4 48.0 482.0 "product aisle 1 bloc 0 rank 51"
5 96.0 920.0 "product aisle 2 bloc 1 rank 50"
6 0.0 855.0 "product aisle 0 bloc 1 rank 39"
7 0.0 417.0 "product aisle 0 bloc 0 rank 42"
8 0.0 235.0 "product aisle 0 bloc 0 rank 13"
9 240.0 456.0 "product aisle 5 bloc 0 rank 48"
10 48.0 764.0 "product aisle 1 bloc 1 rank 25"
11 0.0 790.0 "product aisle 0 bloc 1 rank 29"
12 0.0 365.0 "product aisle 0 bloc 0 rank 34"
13 0.0 339.0 "product aisle 0 bloc 0 rank 29"
14 96.0 803.0 "product aisle 2 bloc 1 rank 31"
15 0.0 183.0 "product aisle 0 bloc 0 rank 5"
16 0.0 521.0 "product aisle 0 bloc 0 rank 58"
17 0.0 300.0 "product aisle 0 bloc 0 rank 23"
18 0.0 894.0 "product aisle 0 bloc 1 rank 46"
19 0.0 456.0 "product aisle 0 bloc 0 rank 47"
20 0.0 764.0 "product aisle 0 bloc 1 rank 25"
21 96.0 352.0 "product aisle 2 bloc 0 rank 31"
22 0.0 430.0 "product aisle 0 bloc 0 rank 43"
23 192.0 248.0 "product aisle 4 bloc 0 rank 16"
24 0.0 777.0 "product aisle 0 bloc 1 rank 27"
25 96.0 634.0 "product aisle 2 bloc 1 rank 5"
26 96.0 699.0 "product aisle 2 bloc 1 rank 16"
27 24.0 120.0 "intersection aisle 0 bloc 0 rank 0"
28 24.0 571.0 "intersection aisle 0 bloc 1 rank 1"
29 24.0 1022.0 "intersection aisle 0 bloc 2 rank 2"
30 72.0 120.0 "intersection aisle 1 bloc 0 rank 0"
31 72.0 571.0 "intersection aisle 1 bloc 1 rank 1"
32 72.0 1022.0 "intersection aisle 1 bloc 2 rank 2"
33 120.0 120.0 "intersection aisle 2 bloc 0 rank 0"
34 120.0 571.0 "intersection aisle 2 bloc 1 rank 1"
35 120.0 1022.0 "intersection aisle 2 bloc 2 rank 2"
36 168.0 120.0 "intersection aisle 3 bloc 0 rank 0"
37 168.0 571.0 "intersection aisle 3 bloc 1 rank 1"
38 168.0 1022.0 "intersection aisle 3 bloc 2 rank 2"
39 216.0 120.0 "intersection aisle 4 bloc 0 rank 0"
40 216.0 571.0 "intersection aisle 4 bloc 1 rank 1"
41 216.0 1022.0 "intersection aisle 4 bloc 2 rank 2"
42 264.0 120.0 "intersection aisle 5 bloc 0 rank 0"
43 264.0 571.0 "intersection aisle 5 bloc 1 rank 1"
44 264.0 1022.0 "intersection aisle 5 bloc 2 rank 2"
45 0.0 0.0 "depot"
