//alpha
1
//NbLocations
46
//NbProducts
27
//NbPickers
2
//CapaPicker
12
//TimeToTravelOneDistanceUnit
3
//SetupTime
5400
//PickTime
300
//Products
//Idx Location Size
1 1 1
2 2 1
3 3 1
4 4 1
5 5 1
6 6 1
7 7 1
8 8 1
9 9 1
10 10 1
11 11 1
12 12 1
13 13 1
14 14 1
15 15 1
16 16 1
17 17 1
18 18 1
19 19 1
20 20 1
21 21 1
22 22 1
23 23 1
24 24 1
25 25 1
26 26 1
27 27 1
//Orders
//NbOrders
18
//Idx DueDate TardinessPenalty NbProdInOrder ProdIdx1 Qty1 ProdIdx2 Qty2 ...
1 72000 0 1 1 1
2 126000 0 1 2 1
3 108000 0 1 3 1
4 108000 0 2 4 1 5 1
5 72000 0 2 6 1 7 1
6 126000 0 1 8 1
7 72000 0 1 9 1
8 108000 0 1 10 1
9 72000 0 2 11 1 12 1
10 54000 0 2 13 1 14 1
11 90000 0 1 15 1
12 108000 0 3 16 1 17 1 18 1
13 108000 0 4 19 1 20 1 21 1 22 1
14 144000 0 1 23 1
15 108000 0 1 24 1
16 72000 0 1 25 1
17 126000 0 1 26 1
18 108000 0 1 27 1
//Graph (Products are vertices indexed from 1 to NbProducts)
//NbVerticesIntersections
18
//DepartingDepot
0
//ArrivalDepot
46
//Arcs
//Start End Distance
0 28 120
1 9 13
1 14 26
2 16 39
2 35 89
3 6 39
3 24 13
4 21 91
4 29 141
5 17 39
5 33 89
6 3 39
6 8 26
7 11 234
7 36 63
8 6 26
8 10 0
9 1 13
9 27 91
10 8 0
10 20 26
11 7 234
11 16 26
12 25 65
12 35 310
13 19 91
13 32 245
14 1 26
14 28 63
15 43 154
15 44 297
16 2 39
16 11 26
17 5 39
17 26 104
18 24 169
18 30 89
19 13 91
19 22 52
20 10 26
20 29 89
21 4 91
21 23 0
22 19 52
22 31 63
23 21 0
23 27 26
24 3 13
24 18 169
25 12 65
25 34 76
26 17 104
26 32 219
27 9 91
27 23 26
28 14 63
28 31 48
28 46 120
29 4 141
29 20 89
29 32 48
30 18 89
30 33 48
31 22 63
31 28 48
31 34 48
32 13 245
32 26 219
32 29 48
32 35 48
33 5 89
33 30 48
33 36 48
34 25 76
34 31 48
34 37 48
35 2 89
35 12 310
35 32 48
35 38 48
36 7 63
36 33 48
36 39 48
37 34 48
37 38 451
37 40 48
38 35 48
38 37 451
38 39 451
38 41 48
39 36 48
39 38 451
39 42 48
40 37 48
40 41 451
40 43 48
41 38 48
41 40 451
41 42 451
41 44 48
42 39 48
42 41 451
42 45 48
43 15 154
43 40 48
44 15 297
44 41 48
44 45 451
45 42 48
45 44 451
//LocStart LocEnd ShortestPath
0 0 0
0 1 209
0 2 756
0 3 751
0 4 430
0 5 981
0 6 712
0 7 1055
0 8 686
0 9 222
0 10 686
0 11 821
0 12 357
0 13 374
0 14 183
0 15 514
0 16 795
0 17 942
0 18 933
0 19 283
0 20 660
0 21 339
0 22 231
0 23 339
0 24 764
0 25 292
0 26 838
0 27 313
0 28 120
0 29 571
0 30 1022
0 31 168
0 32 619
0 33 1070
0 34 216
0 35 667
0 36 1118
0 37 264
0 38 715
0 39 1166
0 40 312
0 41 763
0 42 1214
0 43 360
0 44 811
0 45 1262
0 46 0
1 0 209
1 1 0
1 2 547
1 3 542
1 4 221
1 5 772
1 6 503
1 7 846
1 8 477
1 9 13
1 10 477
1 11 612
1 12 326
1 13 343
1 14 26
1 15 483
1 16 586
1 17 733
1 18 724
1 19 252
1 20 451
1 21 130
1 22 200
1 23 130
1 24 555
1 25 261
1 26 629
1 27 104
1 28 89
1 29 362
1 30 813
1 31 137
1 32 410
1 33 861
1 34 185
1 35 458
1 36 909
1 37 233
1 38 506
1 39 957
1 40 281
1 41 554
1 42 1005
1 43 329
1 44 602
1 45 1053
1 46 209
2 0 756
2 1 547
2 2 0
2 3 365
2 4 326
2 5 499
2 6 326
2 7 299
2 8 300
2 9 534
2 10 300
2 11 65
2 12 399
2 13 382
2 14 573
2 15 530
2 16 39
2 17 460
2 18 547
2 19 473
2 20 274
2 21 417
2 22 525
2 23 417
2 24 378
2 25 464
2 26 356
2 27 443
2 28 636
2 29 185
2 30 458
2 31 588
2 32 137
2 33 410
2 34 540
2 35 89
2 36 362
2 37 588
2 38 137
2 39 410
2 40 636
2 41 185
2 42 458
2 43 684
2 44 233
2 45 506
2 46 756
3 0 751
3 1 542
3 2 365
3 3 0
3 4 321
3 5 408
3 6 39
3 7 430
3 8 65
3 9 529
3 10 65
3 11 430
3 12 586
3 13 473
3 14 568
3 15 717
3 16 404
3 17 447
3 18 182
3 19 564
3 20 91
3 21 412
3 22 616
3 23 412
3 24 13
3 25 651
3 26 447
3 27 438
3 28 631
3 29 180
3 30 271
3 31 679
3 32 228
3 33 319
3 34 727
3 35 276
3 36 367
3 37 775
3 38 324
3 39 415
3 40 823
3 41 372
3 42 463
3 43 871
3 44 420
3 45 511
3 46 751
4 0 430
4 1 221
4 2 326
4 3 321
4 4 0
4 5 551
4 6 282
4 7 625
4 8 256
4 9 208
4 10 256
4 11 391
4 12 547
4 13 434
4 14 247
4 15 678
4 16 365
4 17 512
4 18 503
4 19 473
4 20 230
4 21 91
4 22 421
4 23 91
4 24 334
4 25 482
4 26 408
4 27 117
4 28 310
4 29 141
4 30 592
4 31 358
4 32 189
4 33 640
4 34 406
4 35 237
4 36 688
4 37 454
4 38 285
4 39 736
4 40 502
4 41 333
4 42 784
4 43 550
4 44 381
4 45 832
4 46 430
5 0 981
5 1 772
5 2 499
5 3 408
5 4 551
5 5 0
5 6 447
5 7 200
5 8 473
5 9 759
5 10 473
5 11 434
5 12 720
5 13 607
5 14 798
5 15 851
5 16 460
5 17 39
5 18 226
5 19 698
5 20 499
5 21 642
5 22 750
5 23 642
5 24 395
5 25 785
5 26 143
5 27 668
5 28 861
5 29 410
5 30 137
5 31 813
5 32 362
5 33 89
5 34 861
5 35 410
5 36 137
5 37 909
5 38 458
5 39 185
5 40 957
5 41 506
5 42 233
5 43 1005
5 44 554
5 45 281
5 46 981
6 0 712
6 1 503
6 2 326
6 3 39
6 4 282
6 5 447
6 6 0
6 7 469
6 8 26
6 9 490
6 10 26
6 11 391
6 12 547
6 13 434
6 14 529
6 15 678
6 16 365
6 17 486
6 18 221
6 19 525
6 20 52
6 21 373
6 22 577
6 23 373
6 24 52
6 25 612
6 26 408
6 27 399
6 28 592
6 29 141
6 30 310
6 31 640
6 32 189
6 33 358
6 34 688
6 35 237
6 36 406
6 37 736
6 38 285
6 39 454
6 40 784
6 41 333
6 42 502
6 43 832
6 44 381
6 45 550
6 46 712
7 0 1055
7 1 846
7 2 299
7 3 430
7 4 625
7 5 200
7 6 469
7 7 0
7 8 495
7 9 833
7 10 495
7 11 234
7 12 698
7 13 681
7 14 872
7 15 829
7 16 260
7 17 239
7 18 248
7 19 772
7 20 521
7 21 716
7 22 824
7 23 716
7 24 417
7 25 763
7 26 343
7 27 742
7 28 935
7 29 484
7 30 159
7 31 887
7 32 436
7 33 111
7 34 839
7 35 388
7 36 63
7 37 887
7 38 436
7 39 111
7 40 935
7 41 484
7 42 159
7 43 983
7 44 532
7 45 207
7 46 1055
8 0 686
8 1 477
8 2 300
8 3 65
8 4 256
8 5 473
8 6 26
8 7 495
8 8 0
8 9 464
8 10 0
8 11 365
8 12 521
8 13 408
8 14 503
8 15 652
8 16 339
8 17 486
8 18 247
8 19 499
8 20 26
8 21 347
8 22 551
8 23 347
8 24 78
8 25 586
8 26 382
8 27 373
8 28 566
8 29 115
8 30 336
8 31 614
8 32 163
8 33 384
8 34 662
8 35 211
8 36 432
8 37 710
8 38 259
8 39 480
8 40 758
8 41 307
8 42 528
8 43 806
8 44 355
8 45 576
8 46 686
9 0 222
9 1 13
9 2 534
9 3 529
9 4 208
9 5 759
9 6 490
9 7 833
9 8 464
9 9 0
9 10 464
9 11 599
9 12 339
9 13 356
9 14 39
9 15 496
9 16 573
9 17 720
9 18 711
9 19 265
9 20 438
9 21 117
9 22 213
9 23 117
9 24 542
9 25 274
9 26 616
9 27 91
9 28 102
9 29 349
9 30 800
9 31 150
9 32 397
9 33 848
9 34 198
9 35 445
9 36 896
9 37 246
9 38 493
9 39 944
9 40 294
9 41 541
9 42 992
9 43 342
9 44 589
9 45 1040
9 46 222
10 0 686
10 1 477
10 2 300
10 3 65
10 4 256
10 5 473
10 6 26
10 7 495
10 8 0
10 9 464
10 10 0
10 11 365
10 12 521
10 13 408
10 14 503
10 15 652
10 16 339
10 17 486
10 18 247
10 19 499
10 20 26
10 21 347
10 22 551
10 23 347
10 24 78
10 25 586
10 26 382
10 27 373
10 28 566
10 29 115
10 30 336
10 31 614
10 32 163
10 33 384
10 34 662
10 35 211
10 36 432
10 37 710
10 38 259
10 39 480
10 40 758
10 41 307
10 42 528
10 43 806
10 44 355
10 45 576
10 46 686
11 0 821
11 1 612
11 2 65
11 3 430
11 4 391
11 5 434
11 6 391
11 7 234
11 8 365
11 9 599
11 10 365
11 11 0
11 12 464
11 13 447
11 14 638
11 15 595
11 16 26
11 17 473
11 18 482
11 19 538
11 20 339
11 21 482
11 22 590
11 23 482
11 24 443
11 25 529
11 26 421
11 27 508
11 28 701
11 29 250
11 30 393
11 31 653
11 32 202
11 33 345
11 34 605
11 35 154
11 36 297
11 37 653
11 38 202
11 39 345
11 40 701
11 41 250
11 42 393
11 43 749
11 44 298
11 45 441
11 46 821
12 0 357
12 1 326
12 2 399
12 3 586
12 4 547
12 5 720
12 6 547
12 7 698
12 8 521
12 9 339
12 10 521
12 11 464
12 12 0
12 13 395
12 14 300
12 15 439
12 16 438
12 17 681
12 18 768
12 19 304
12 20 495
12 21 456
12 22 252
12 23 456
12 24 599
12 25 65
12 26 577
12 27 430
12 28 237
12 29 406
12 30 857
12 31 189
12 32 358
12 33 809
12 34 141
12 35 310
12 36 761
12 37 189
12 38 358
12 39 809
12 40 237
12 41 406
12 42 857
12 43 285
12 44 454
12 45 905
12 46 357
13 0 374
13 1 343
13 2 382
13 3 473
13 4 434
13 5 607
13 6 434
13 7 681
13 8 408
13 9 356
13 10 408
13 11 447
13 12 395
13 13 0
13 14 317
13 15 552
13 16 421
13 17 568
13 18 655
13 19 91
13 20 382
13 21 473
13 22 143
13 23 473
13 24 486
13 25 330
13 26 464
13 27 447
13 28 254
13 29 293
13 30 744
13 31 206
13 32 245
13 33 696
13 34 254
13 35 293
13 36 744
13 37 302
13 38 341
13 39 792
13 40 350
13 41 389
13 42 840
13 43 398
13 44 437
13 45 888
13 46 374
14 0 183
14 1 26
14 2 573
14 3 568
14 4 247
14 5 798
14 6 529
14 7 872
14 8 503
14 9 39
14 10 503
14 11 638
14 12 300
14 13 317
14 14 0
14 15 457
14 16 612
14 17 759
14 18 750
14 19 226
14 20 477
14 21 156
14 22 174
14 23 156
14 24 581
14 25 235
14 26 655
14 27 130
14 28 63
14 29 388
14 30 839
14 31 111
14 32 436
14 33 887
14 34 159
14 35 484
14 36 935
14 37 207
14 38 532
14 39 983
14 40 255
14 41 580
14 42 1031
14 43 303
14 44 628
14 45 1079
14 46 183
15 0 514
15 1 483
15 2 530
15 3 717
15 4 678
15 5 851
15 6 678
15 7 829
15 8 652
15 9 496
15 10 652
15 11 595
15 12 439
15 13 552
15 14 457
15 15 0
15 16 569
15 17 812
15 18 899
15 19 461
15 20 626
15 21 613
15 22 409
15 23 613
15 24 730
15 25 374
15 26 708
15 27 587
15 28 394
15 29 537
15 30 988
15 31 346
15 32 489
15 33 940
15 34 298
15 35 441
15 36 892
15 37 250
15 38 393
15 39 844
15 40 202
15 41 345
15 42 796
15 43 154
15 44 297
15 45 748
15 46 514
16 0 795
16 1 586
16 2 39
16 3 404
16 4 365
16 5 460
16 6 365
16 7 260
16 8 339
16 9 573
16 10 339
16 11 26
16 12 438
16 13 421
16 14 612
16 15 569
16 16 0
16 17 499
16 18 508
16 19 512
16 20 313
16 21 456
16 22 564
16 23 456
16 24 417
16 25 503
16 26 395
16 27 482
16 28 675
16 29 224
16 30 419
16 31 627
16 32 176
16 33 371
16 34 579
16 35 128
16 36 323
16 37 627
16 38 176
16 39 371
16 40 675
16 41 224
16 42 419
16 43 723
16 44 272
16 45 467
16 46 795
17 0 942
17 1 733
17 2 460
17 3 447
17 4 512
17 5 39
17 6 486
17 7 239
17 8 486
17 9 720
17 10 486
17 11 473
17 12 681
17 13 568
17 14 759
17 15 812
17 16 499
17 17 0
17 18 265
17 19 659
17 20 460
17 21 603
17 22 711
17 23 603
17 24 434
17 25 746
17 26 104
17 27 629
17 28 822
17 29 371
17 30 176
17 31 774
17 32 323
17 33 128
17 34 822
17 35 371
17 36 176
17 37 870
17 38 419
17 39 224
17 40 918
17 41 467
17 42 272
17 43 966
17 44 515
17 45 320
17 46 942
18 0 933
18 1 724
18 2 547
18 3 182
18 4 503
18 5 226
18 6 221
18 7 248
18 8 247
18 9 711
18 10 247
18 11 482
18 12 768
18 13 655
18 14 750
18 15 899
18 16 508
18 17 265
18 18 0
18 19 746
18 20 273
18 21 594
18 22 798
18 23 594
18 24 169
18 25 833
18 26 369
18 27 620
18 28 813
18 29 362
18 30 89
18 31 861
18 32 410
18 33 137
18 34 909
18 35 458
18 36 185
18 37 957
18 38 506
18 39 233
18 40 1005
18 41 554
18 42 281
18 43 1053
18 44 602
18 45 329
18 46 933
19 0 283
19 1 252
19 2 473
19 3 564
19 4 473
19 5 698
19 6 525
19 7 772
19 8 499
19 9 265
19 10 499
19 11 538
19 12 304
19 13 91
19 14 226
19 15 461
19 16 512
19 17 659
19 18 746
19 19 0
19 20 473
19 21 382
19 22 52
19 23 382
19 24 577
19 25 239
19 26 555
19 27 356
19 28 163
19 29 384
19 30 835
19 31 115
19 32 336
19 33 787
19 34 163
19 35 384
19 36 835
19 37 211
19 38 432
19 39 883
19 40 259
19 41 480
19 42 931
19 43 307
19 44 528
19 45 979
19 46 283
20 0 660
20 1 451
20 2 274
20 3 91
20 4 230
20 5 499
20 6 52
20 7 521
20 8 26
20 9 438
20 10 26
20 11 339
20 12 495
20 13 382
20 14 477
20 15 626
20 16 313
20 17 460
20 18 273
20 19 473
20 20 0
20 21 321
20 22 525
20 23 321
20 24 104
20 25 560
20 26 356
20 27 347
20 28 540
20 29 89
20 30 362
20 31 588
20 32 137
20 33 410
20 34 636
20 35 185
20 36 458
20 37 684
20 38 233
20 39 506
20 40 732
20 41 281
20 42 554
20 43 780
20 44 329
20 45 602
20 46 660
21 0 339
21 1 130
21 2 417
21 3 412
21 4 91
21 5 642
21 6 373
21 7 716
21 8 347
21 9 117
21 10 347
21 11 482
21 12 456
21 13 473
21 14 156
21 15 613
21 16 456
21 17 603
21 18 594
21 19 382
21 20 321
21 21 0
21 22 330
21 23 0
21 24 425
21 25 391
21 26 499
21 27 26
21 28 219
21 29 232
21 30 683
21 31 267
21 32 280
21 33 731
21 34 315
21 35 328
21 36 779
21 37 363
21 38 376
21 39 827
21 40 411
21 41 424
21 42 875
21 43 459
21 44 472
21 45 923
21 46 339
22 0 231
22 1 200
22 2 525
22 3 616
22 4 421
22 5 750
22 6 577
22 7 824
22 8 551
22 9 213
22 10 551
22 11 590
22 12 252
22 13 143
22 14 174
22 15 409
22 16 564
22 17 711
22 18 798
22 19 52
22 20 525
22 21 330
22 22 0
22 23 330
22 24 629
22 25 187
22 26 607
22 27 304
22 28 111
22 29 436
22 30 887
22 31 63
22 32 388
22 33 839
22 34 111
22 35 436
22 36 887
22 37 159
22 38 484
22 39 935
22 40 207
22 41 532
22 42 983
22 43 255
22 44 580
22 45 1031
22 46 231
23 0 339
23 1 130
23 2 417
23 3 412
23 4 91
23 5 642
23 6 373
23 7 716
23 8 347
23 9 117
23 10 347
23 11 482
23 12 456
23 13 473
23 14 156
23 15 613
23 16 456
23 17 603
23 18 594
23 19 382
23 20 321
23 21 0
23 22 330
23 23 0
23 24 425
23 25 391
23 26 499
23 27 26
23 28 219
23 29 232
23 30 683
23 31 267
23 32 280
23 33 731
23 34 315
23 35 328
23 36 779
23 37 363
23 38 376
23 39 827
23 40 411
23 41 424
23 42 875
23 43 459
23 44 472
23 45 923
23 46 339
24 0 764
24 1 555
24 2 378
24 3 13
24 4 334
24 5 395
24 6 52
24 7 417
24 8 78
24 9 542
24 10 78
24 11 443
24 12 599
24 13 486
24 14 581
24 15 730
24 16 417
24 17 434
24 18 169
24 19 577
24 20 104
24 21 425
24 22 629
24 23 425
24 24 0
24 25 664
24 26 460
24 27 451
24 28 644
24 29 193
24 30 258
24 31 692
24 32 241
24 33 306
24 34 740
24 35 289
24 36 354
24 37 788
24 38 337
24 39 402
24 40 836
24 41 385
24 42 450
24 43 884
24 44 433
24 45 498
24 46 764
25 0 292
25 1 261
25 2 464
25 3 651
25 4 482
25 5 785
25 6 612
25 7 763
25 8 586
25 9 274
25 10 586
25 11 529
25 12 65
25 13 330
25 14 235
25 15 374
25 16 503
25 17 746
25 18 833
25 19 239
25 20 560
25 21 391
25 22 187
25 23 391
25 24 664
25 25 0
25 26 642
25 27 365
25 28 172
25 29 471
25 30 922
25 31 124
25 32 423
25 33 874
25 34 76
25 35 375
25 36 826
25 37 124
25 38 423
25 39 874
25 40 172
25 41 471
25 42 922
25 43 220
25 44 519
25 45 970
25 46 292
26 0 838
26 1 629
26 2 356
26 3 447
26 4 408
26 5 143
26 6 408
26 7 343
26 8 382
26 9 616
26 10 382
26 11 421
26 12 577
26 13 464
26 14 655
26 15 708
26 16 395
26 17 104
26 18 369
26 19 555
26 20 356
26 21 499
26 22 607
26 23 499
26 24 460
26 25 642
26 26 0
26 27 525
26 28 718
26 29 267
26 30 280
26 31 670
26 32 219
26 33 232
26 34 718
26 35 267
26 36 280
26 37 766
26 38 315
26 39 328
26 40 814
26 41 363
26 42 376
26 43 862
26 44 411
26 45 424
26 46 838
27 0 313
27 1 104
27 2 443
27 3 438
27 4 117
27 5 668
27 6 399
27 7 742
27 8 373
27 9 91
27 10 373
27 11 508
27 12 430
27 13 447
27 14 130
27 15 587
27 16 482
27 17 629
27 18 620
27 19 356
27 20 347
27 21 26
27 22 304
27 23 26
27 24 451
27 25 365
27 26 525
27 27 0
27 28 193
27 29 258
27 30 709
27 31 241
27 32 306
27 33 757
27 34 289
27 35 354
27 36 805
27 37 337
27 38 402
27 39 853
27 40 385
27 41 450
27 42 901
27 43 433
27 44 498
27 45 949
27 46 313
28 0 120
28 1 89
28 2 636
28 3 631
28 4 310
28 5 861
28 6 592
28 7 935
28 8 566
28 9 102
28 10 566
28 11 701
28 12 237
28 13 254
28 14 63
28 15 394
28 16 675
28 17 822
28 18 813
28 19 163
28 20 540
28 21 219
28 22 111
28 23 219
28 24 644
28 25 172
28 26 718
28 27 193
28 28 0
28 29 451
28 30 902
28 31 48
28 32 499
28 33 950
28 34 96
28 35 547
28 36 998
28 37 144
28 38 595
28 39 1046
28 40 192
28 41 643
28 42 1094
28 43 240
28 44 691
28 45 1142
28 46 120
29 0 571
29 1 362
29 2 185
29 3 180
29 4 141
29 5 410
29 6 141
29 7 484
29 8 115
29 9 349
29 10 115
29 11 250
29 12 406
29 13 293
29 14 388
29 15 537
29 16 224
29 17 371
29 18 362
29 19 384
29 20 89
29 21 232
29 22 436
29 23 232
29 24 193
29 25 471
29 26 267
29 27 258
29 28 451
29 29 0
29 30 451
29 31 499
29 32 48
29 33 499
29 34 547
29 35 96
29 36 547
29 37 595
29 38 144
29 39 595
29 40 643
29 41 192
29 42 643
29 43 691
29 44 240
29 45 691
29 46 571
30 0 1022
30 1 813
30 2 458
30 3 271
30 4 592
30 5 137
30 6 310
30 7 159
30 8 336
30 9 800
30 10 336
30 11 393
30 12 857
30 13 744
30 14 839
30 15 988
30 16 419
30 17 176
30 18 89
30 19 835
30 20 362
30 21 683
30 22 887
30 23 683
30 24 258
30 25 922
30 26 280
30 27 709
30 28 902
30 29 451
30 30 0
30 31 950
30 32 499
30 33 48
30 34 998
30 35 547
30 36 96
30 37 1046
30 38 595
30 39 144
30 40 1094
30 41 643
30 42 192
30 43 1142
30 44 691
30 45 240
30 46 1022
31 0 168
31 1 137
31 2 588
31 3 679
31 4 358
31 5 813
31 6 640
31 7 887
31 8 614
31 9 150
31 10 614
31 11 653
31 12 189
31 13 206
31 14 111
31 15 346
31 16 627
31 17 774
31 18 861
31 19 115
31 20 588
31 21 267
31 22 63
31 23 267
31 24 692
31 25 124
31 26 670
31 27 241
31 28 48
31 29 499
31 30 950
31 31 0
31 32 451
31 33 902
31 34 48
31 35 499
31 36 950
31 37 96
31 38 547
31 39 998
31 40 144
31 41 595
31 42 1046
31 43 192
31 44 643
31 45 1094
31 46 168
32 0 619
32 1 410
32 2 137
32 3 228
32 4 189
32 5 362
32 6 189
32 7 436
32 8 163
32 9 397
32 10 163
32 11 202
32 12 358
32 13 245
32 14 436
32 15 489
32 16 176
32 17 323
32 18 410
32 19 336
32 20 137
32 21 280
32 22 388
32 23 280
32 24 241
32 25 423
32 26 219
32 27 306
32 28 499
32 29 48
32 30 499
32 31 451
32 32 0
32 33 451
32 34 499
32 35 48
32 36 499
32 37 547
32 38 96
32 39 547
32 40 595
32 41 144
32 42 595
32 43 643
32 44 192
32 45 643
32 46 619
33 0 1070
33 1 861
33 2 410
33 3 319
33 4 640
33 5 89
33 6 358
33 7 111
33 8 384
33 9 848
33 10 384
33 11 345
33 12 809
33 13 696
33 14 887
33 15 940
33 16 371
33 17 128
33 18 137
33 19 787
33 20 410
33 21 731
33 22 839
33 23 731
33 24 306
33 25 874
33 26 232
33 27 757
33 28 950
33 29 499
33 30 48
33 31 902
33 32 451
33 33 0
33 34 950
33 35 499
33 36 48
33 37 998
33 38 547
33 39 96
33 40 1046
33 41 595
33 42 144
33 43 1094
33 44 643
33 45 192
33 46 1070
34 0 216
34 1 185
34 2 540
34 3 727
34 4 406
34 5 861
34 6 688
34 7 839
34 8 662
34 9 198
34 10 662
34 11 605
34 12 141
34 13 254
34 14 159
34 15 298
34 16 579
34 17 822
34 18 909
34 19 163
34 20 636
34 21 315
34 22 111
34 23 315
34 24 740
34 25 76
34 26 718
34 27 289
34 28 96
34 29 547
34 30 998
34 31 48
34 32 499
34 33 950
34 34 0
34 35 451
34 36 902
34 37 48
34 38 499
34 39 950
34 40 96
34 41 547
34 42 998
34 43 144
34 44 595
34 45 1046
34 46 216
35 0 667
35 1 458
35 2 89
35 3 276
35 4 237
35 5 410
35 6 237
35 7 388
35 8 211
35 9 445
35 10 211
35 11 154
35 12 310
35 13 293
35 14 484
35 15 441
35 16 128
35 17 371
35 18 458
35 19 384
35 20 185
35 21 328
35 22 436
35 23 328
35 24 289
35 25 375
35 26 267
35 27 354
35 28 547
35 29 96
35 30 547
35 31 499
35 32 48
35 33 499
35 34 451
35 35 0
35 36 451
35 37 499
35 38 48
35 39 499
35 40 547
35 41 96
35 42 547
35 43 595
35 44 144
35 45 595
35 46 667
36 0 1118
36 1 909
36 2 362
36 3 367
36 4 688
36 5 137
36 6 406
36 7 63
36 8 432
36 9 896
36 10 432
36 11 297
36 12 761
36 13 744
36 14 935
36 15 892
36 16 323
36 17 176
36 18 185
36 19 835
36 20 458
36 21 779
36 22 887
36 23 779
36 24 354
36 25 826
36 26 280
36 27 805
36 28 998
36 29 547
36 30 96
36 31 950
36 32 499
36 33 48
36 34 902
36 35 451
36 36 0
36 37 950
36 38 499
36 39 48
36 40 998
36 41 547
36 42 96
36 43 1046
36 44 595
36 45 144
36 46 1118
37 0 264
37 1 233
37 2 588
37 3 775
37 4 454
37 5 909
37 6 736
37 7 887
37 8 710
37 9 246
37 10 710
37 11 653
37 12 189
37 13 302
37 14 207
37 15 250
37 16 627
37 17 870
37 18 957
37 19 211
37 20 684
37 21 363
37 22 159
37 23 363
37 24 788
37 25 124
37 26 766
37 27 337
37 28 144
37 29 595
37 30 1046
37 31 96
37 32 547
37 33 998
37 34 48
37 35 499
37 36 950
37 37 0
37 38 451
37 39 902
37 40 48
37 41 499
37 42 950
37 43 96
37 44 547
37 45 998
37 46 264
38 0 715
38 1 506
38 2 137
38 3 324
38 4 285
38 5 458
38 6 285
38 7 436
38 8 259
38 9 493
38 10 259
38 11 202
38 12 358
38 13 341
38 14 532
38 15 393
38 16 176
38 17 419
38 18 506
38 19 432
38 20 233
38 21 376
38 22 484
38 23 376
38 24 337
38 25 423
38 26 315
38 27 402
38 28 595
38 29 144
38 30 595
38 31 547
38 32 96
38 33 547
38 34 499
38 35 48
38 36 499
38 37 451
38 38 0
38 39 451
38 40 499
38 41 48
38 42 499
38 43 547
38 44 96
38 45 547
38 46 715
39 0 1166
39 1 957
39 2 410
39 3 415
39 4 736
39 5 185
39 6 454
39 7 111
39 8 480
39 9 944
39 10 480
39 11 345
39 12 809
39 13 792
39 14 983
39 15 844
39 16 371
39 17 224
39 18 233
39 19 883
39 20 506
39 21 827
39 22 935
39 23 827
39 24 402
39 25 874
39 26 328
39 27 853
39 28 1046
39 29 595
39 30 144
39 31 998
39 32 547
39 33 96
39 34 950
39 35 499
39 36 48
39 37 902
39 38 451
39 39 0
39 40 950
39 41 499
39 42 48
39 43 998
39 44 547
39 45 96
39 46 1166
40 0 312
40 1 281
40 2 636
40 3 823
40 4 502
40 5 957
40 6 784
40 7 935
40 8 758
40 9 294
40 10 758
40 11 701
40 12 237
40 13 350
40 14 255
40 15 202
40 16 675
40 17 918
40 18 1005
40 19 259
40 20 732
40 21 411
40 22 207
40 23 411
40 24 836
40 25 172
40 26 814
40 27 385
40 28 192
40 29 643
40 30 1094
40 31 144
40 32 595
40 33 1046
40 34 96
40 35 547
40 36 998
40 37 48
40 38 499
40 39 950
40 40 0
40 41 451
40 42 902
40 43 48
40 44 499
40 45 950
40 46 312
41 0 763
41 1 554
41 2 185
41 3 372
41 4 333
41 5 506
41 6 333
41 7 484
41 8 307
41 9 541
41 10 307
41 11 250
41 12 406
41 13 389
41 14 580
41 15 345
41 16 224
41 17 467
41 18 554
41 19 480
41 20 281
41 21 424
41 22 532
41 23 424
41 24 385
41 25 471
41 26 363
41 27 450
41 28 643
41 29 192
41 30 643
41 31 595
41 32 144
41 33 595
41 34 547
41 35 96
41 36 547
41 37 499
41 38 48
41 39 499
41 40 451
41 41 0
41 42 451
41 43 499
41 44 48
41 45 499
41 46 763
42 0 1214
42 1 1005
42 2 458
42 3 463
42 4 784
42 5 233
42 6 502
42 7 159
42 8 528
42 9 992
42 10 528
42 11 393
42 12 857
42 13 840
42 14 1031
42 15 796
42 16 419
42 17 272
42 18 281
42 19 931
42 20 554
42 21 875
42 22 983
42 23 875
42 24 450
42 25 922
42 26 376
42 27 901
42 28 1094
42 29 643
42 30 192
42 31 1046
42 32 595
42 33 144
42 34 998
42 35 547
42 36 96
42 37 950
42 38 499
42 39 48
42 40 902
42 41 451
42 42 0
42 43 950
42 44 499
42 45 48
42 46 1214
43 0 360
43 1 329
43 2 684
43 3 871
43 4 550
43 5 1005
43 6 832
43 7 983
43 8 806
43 9 342
43 10 806
43 11 749
43 12 285
43 13 398
43 14 303
43 15 154
43 16 723
43 17 966
43 18 1053
43 19 307
43 20 780
43 21 459
43 22 255
43 23 459
43 24 884
43 25 220
43 26 862
43 27 433
43 28 240
43 29 691
43 30 1142
43 31 192
43 32 643
43 33 1094
43 34 144
43 35 595
43 36 1046
43 37 96
43 38 547
43 39 998
43 40 48
43 41 499
43 42 950
43 43 0
43 44 451
43 45 902
43 46 360
44 0 811
44 1 602
44 2 233
44 3 420
44 4 381
44 5 554
44 6 381
44 7 532
44 8 355
44 9 589
44 10 355
44 11 298
44 12 454
44 13 437
44 14 628
44 15 297
44 16 272
44 17 515
44 18 602
44 19 528
44 20 329
44 21 472
44 22 580
44 23 472
44 24 433
44 25 519
44 26 411
44 27 498
44 28 691
44 29 240
44 30 691
44 31 643
44 32 192
44 33 643
44 34 595
44 35 144
44 36 595
44 37 547
44 38 96
44 39 547
44 40 499
44 41 48
44 42 499
44 43 451
44 44 0
44 45 451
44 46 811
45 0 1262
45 1 1053
45 2 506
45 3 511
45 4 832
45 5 281
45 6 550
45 7 207
45 8 576
45 9 1040
45 10 576
45 11 441
45 12 905
45 13 888
45 14 1079
45 15 748
45 16 467
45 17 320
45 18 329
45 19 979
45 20 602
45 21 923
45 22 1031
45 23 923
45 24 498
45 25 970
45 26 424
45 27 949
45 28 1142
45 29 691
45 30 240
45 31 1094
45 32 643
45 33 192
45 34 1046
45 35 595
45 36 144
45 37 998
45 38 547
45 39 96
45 40 950
45 41 499
45 42 48
45 43 902
45 44 451
45 45 0
45 46 1262
46 0 0
46 1 209
46 2 756
46 3 751
46 4 430
46 5 981
46 6 712
46 7 1055
46 8 686
46 9 222
46 10 686
46 11 821
46 12 357
46 13 374
46 14 183
46 15 514
46 16 795
46 17 942
46 18 933
46 19 283
46 20 660
46 21 339
46 22 231
46 23 339
46 24 764
46 25 292
46 26 838
46 27 313
46 28 120
46 29 571
46 30 1022
46 31 168
46 32 619
46 33 1070
46 34 216
46 35 667
46 36 1118
46 37 264
46 38 715
46 39 1166
46 40 312
46 41 763
46 42 1214
46 43 360
46 44 811
46 45 1262
46 46 0
//Location coordinates LocationName
//Loc x y
0 0.0 0.0 "depot"
1 0.0 209.0 "product aisle 0 bloc 0 rank 9"
2 96.0 660.0 "product aisle 2 bloc 1 rank 9"
3 0.0 751.0 "product aisle 0 bloc 1 rank 23"
4 0.0 430.0 "product aisle 0 bloc 0 rank 43"
5 48.0 933.0 "product aisle 1 bloc 1 rank 51"
6 0.0 712.0 "product aisle 0 bloc 1 rank 17"
7 96.0 959.0 "product aisle 2 bloc 1 rank 56"
8 0.0 686.0 "product aisle 0 bloc 1 rank 14"
9 0.0 222.0 "product aisle 0 bloc 0 rank 11"
10 0.0 686.0 "product aisle 0 bloc 1 rank 13"
11 96.0 725.0 "product aisle 2 bloc 1 rank 20"
12 96.0 261.0 "product aisle 2 bloc 0 rank 17"
13 48.0 326.0 "product aisle 1 bloc 0 rank 28"
14 0.0 183.0 "product aisle 0 bloc 0 rank 5"
15 240.0 274.0 "product aisle 5 bloc 0 rank 20"
16 96.0 699.0 "product aisle 2 bloc 1 rank 15"
17 48.0 894.0 "product aisle 1 bloc 1 rank 46"
18 0.0 933.0 "product aisle 0 bloc 1 rank 52"
19 48.0 235.0 "product aisle 1 bloc 0 rank 13"
20 0.0 660.0 "product aisle 0 bloc 1 rank 9"
21 0.0 339.0 "product aisle 0 bloc 0 rank 30"
22 48.0 183.0 "product aisle 1 bloc 0 rank 6"
23 0.0 339.0 "product aisle 0 bloc 0 rank 29"
24 0.0 764.0 "product aisle 0 bloc 1 rank 25"
25 96.0 196.0 "product aisle 2 bloc 0 rank 7"
26 48.0 790.0 "product aisle 1 bloc 1 rank 29"
27 0.0 313.0 "product aisle 0 bloc 0 rank 25"
28 24.0 120.0 "intersection aisle 0 bloc 0 rank 0"
29 24.0 571.0 "intersection aisle 0 bloc 1 rank 1"
30 24.0 1022.0 "intersection aisle 0 bloc 2 rank 2"
31 72.0 120.0 "intersection aisle 1 bloc 0 rank 0"
32 72.0 571.0 "intersection aisle 1 bloc 1 rank 1"
33 72.0 1022.0 "intersection aisle 1 bloc 2 rank 2"
34 120.0 120.0 "intersection aisle 2 bloc 0 rank 0"
35 120.0 571.0 "intersection aisle 2 bloc 1 rank 1"
36 120.0 1022.0 "intersection aisle 2 bloc 2 rank 2"
37 168.0 120.0 "intersection aisle 3 bloc 0 rank 0"
38 168.0 571.0 "intersection aisle 3 bloc 1 rank 1"
39 168.0 1022.0 "intersection aisle 3 bloc 2 rank 2"
40 216.0 120.0 "intersection aisle 4 bloc 0 rank 0"
41 216.0 571.0 "intersection aisle 4 bloc 1 rank 1"
42 216.0 1022.0 "intersection aisle 4 bloc 2 rank 2"
43 264.0 120.0 "intersection aisle 5 bloc 0 rank 0"
44 264.0 571.0 "intersection aisle 5 bloc 1 rank 1"
45 264.0 1022.0 "intersection aisle 5 bloc 2 rank 2"
46 0.0 0.0 "depot"
