//alpha
1
//NbLocations
51
//NbProducts
35
//NbPickers
2
//CapaPicker
12
//TimeToTravelOneDistanceUnit
3
//SetupTime
5400
//PickTime
300
//Products
//Idx Location Size
1 1 1
2 2 1
3 3 1
4 4 1
5 5 1
6 6 1
7 7 1
8 8 1
9 3 1
10 9 1
11 10 1
12 11 1
13 12 1
14 13 1
15 14 1
16 15 1
17 16 1
18 17 1
19 1 1
20 18 1
21 19 1
22 20 1
23 21 1
24 22 1
25 7 1
26 23 1
27 24 1
28 25 1
29 26 1
30 27 1
31 28 1
32 29 1
33 30 1
34 31 1
35 32 1
//Orders
//NbOrders
12
//Idx DueDate TardinessPenalty NbProdInOrder ProdIdx1 Qty1 ProdIdx2 Qty2 ...
1 72000 0 5 1 1 2 1 3 1 4 1 5 1
2 144000 0 1 6 1
3 72000 0 1 7 1
4 36000 0 2 8 1 9 1
5 72000 0 2 10 1 11 1
6 90000 0 2 12 1 13 1
7 72000 0 6 14 1 15 1 16 1 17 1 18 1 19 1
8 126000 0 2 20 1 21 1
9 144000 0 1 22 1
10 90000 0 3 23 1 24 1 25 1
11 54000 0 4 26 1 27 1 28 1 29 1
12 144000 0 6 30 1 31 1 32 1 33 1 34 1 35 1
//Graph (Products are vertices indexed from 1 to NbProducts)
//NbVerticesIntersections
18
//DepartingDepot
0
//ArrivalDepot
51
//Arcs
//Start End Distance
0 33 120
1 17 26
1 30 78
2 8 195
2 32 13
3 21 26
3 35 63
4 45 310
4 46 141
5 14 52
5 27 26
6 23 182
6 36 154
7 14 13
7 34 76
8 2 195
8 38 76
9 11 13
9 13 0
10 16 52
10 26 26
11 9 13
11 12 52
12 11 52
12 29 39
13 9 0
13 18 13
14 5 52
14 7 13
15 16 0
15 31 39
16 10 52
16 15 0
17 1 26
17 27 104
18 13 13
18 26 26
19 32 130
19 37 37
20 25 39
20 39 76
21 3 26
21 29 0
22 43 271
22 44 180
23 6 182
23 37 115
24 42 271
24 43 180
25 20 39
25 40 336
26 10 26
26 18 26
27 5 26
27 17 104
28 40 388
28 41 63
29 12 39
29 21 0
30 1 78
30 33 76
31 15 39
31 34 102
32 2 13
32 19 130
33 30 76
33 36 48
33 51 120
34 7 76
34 31 102
34 37 48
35 3 63
35 38 48
36 6 154
36 33 48
36 39 48
37 19 37
37 23 115
37 34 48
37 40 48
38 8 76
38 35 48
38 41 48
39 20 76
39 36 48
39 42 48
40 25 336
40 28 388
40 37 48
40 43 48
41 28 63
41 38 48
41 44 48
42 24 271
42 39 48
42 45 48
43 22 271
43 24 180
43 40 48
43 46 48
44 22 180
44 41 48
44 47 48
45 4 310
45 42 48
45 48 48
46 4 141
46 43 48
46 47 451
46 49 48
47 44 48
47 46 451
47 50 48
48 45 48
48 49 451
49 46 48
49 48 451
49 50 451
50 47 48
50 49 451
//LocStart LocEnd ShortestPath
0 0 0
0 1 274
0 2 799
0 3 959
0 4 622
0 5 430
0 6 322
0 7 495
0 8 994
0 9 829
0 10 764
0 11 842
0 12 894
0 13 829
0 14 482
0 15 712
0 16 712
0 17 300
0 18 816
0 19 656
0 20 292
0 21 933
0 22 986
0 23 504
0 24 535
0 25 331
0 26 790
0 27 404
0 28 1055
0 29 933
0 30 196
0 31 673
0 32 786
0 33 120
0 34 571
0 35 1022
0 36 168
0 37 619
0 38 1070
0 39 216
0 40 667
0 41 1118
0 42 264
0 43 715
0 44 1166
0 45 312
0 46 763
0 47 1214
0 48 360
0 49 811
0 50 1262
0 51 0
1 0 274
1 1 0
1 2 525
1 3 685
1 4 630
1 5 156
1 6 356
1 7 221
1 8 720
1 9 555
1 10 490
1 11 568
1 12 620
1 13 555
1 14 208
1 15 438
1 16 438
1 17 26
1 18 542
1 19 382
1 20 326
1 21 659
1 22 712
1 23 460
1 24 569
1 25 365
1 26 516
1 27 130
1 28 781
1 29 659
1 30 78
1 31 399
1 32 512
1 33 154
1 34 297
1 35 748
1 36 202
1 37 345
1 38 796
1 39 250
1 40 393
1 41 844
1 42 298
1 43 441
1 44 892
1 45 346
1 46 489
1 47 940
1 48 394
1 49 537
1 50 988
1 51 274
2 0 799
2 1 525
2 2 0
2 3 382
2 4 465
2 5 369
2 6 477
2 7 304
2 8 195
2 9 486
2 10 421
2 11 499
2 12 447
2 13 486
2 14 317
2 15 369
2 16 369
2 17 499
2 18 473
2 19 143
2 20 603
2 21 408
2 22 547
2 23 295
2 24 456
2 25 564
2 26 447
2 27 395
2 28 382
2 29 408
2 30 603
2 31 330
2 32 13
2 33 679
2 34 228
2 35 319
2 36 631
2 37 180
2 38 271
2 39 679
2 40 228
2 41 319
2 42 727
2 43 276
2 44 367
2 45 775
2 46 324
2 47 415
2 48 823
2 49 372
2 50 463
2 51 799
3 0 959
3 1 685
3 2 382
3 3 0
3 4 721
3 5 529
3 6 733
3 7 464
3 8 187
3 9 130
3 10 195
3 11 117
3 12 65
3 13 130
3 14 477
3 15 247
3 16 247
3 17 659
3 18 143
3 19 473
3 20 859
3 21 26
3 22 387
3 23 551
3 24 712
3 25 820
3 26 169
3 27 555
3 28 222
3 29 26
3 30 763
3 31 286
3 32 395
3 33 839
3 34 388
3 35 63
3 36 887
3 37 436
3 38 111
3 39 935
3 40 484
3 41 159
3 42 983
3 43 532
3 44 207
3 45 1031
3 46 580
3 47 255
3 48 1079
3 49 628
3 50 303
3 51 959
4 0 622
4 1 630
4 2 465
4 3 721
4 4 0
4 5 474
4 6 582
4 7 409
4 8 660
4 9 591
4 10 526
4 11 604
4 12 656
4 13 591
4 14 422
4 15 474
4 16 474
4 17 604
4 18 578
4 19 322
4 20 482
4 21 695
4 22 460
4 23 400
4 24 369
4 25 521
4 26 552
4 27 500
4 28 625
4 29 695
4 30 578
4 31 435
4 32 452
4 33 502
4 34 333
4 35 784
4 36 454
4 37 285
4 38 736
4 39 406
4 40 237
4 41 688
4 42 358
4 43 189
4 44 640
4 45 310
4 46 141
4 47 592
4 48 358
4 49 189
4 50 640
4 51 622
5 0 430
5 1 156
5 2 369
5 3 529
5 4 474
5 5 0
5 6 486
5 7 65
5 8 564
5 9 399
5 10 334
5 11 412
5 12 464
5 13 399
5 14 52
5 15 282
5 16 282
5 17 130
5 18 386
5 19 226
5 20 482
5 21 503
5 22 556
5 23 304
5 24 465
5 25 521
5 26 360
5 27 26
5 28 625
5 29 503
5 30 234
5 31 243
5 32 356
5 33 310
5 34 141
5 35 592
5 36 358
5 37 189
5 38 640
5 39 406
5 40 237
5 41 688
5 42 454
5 43 285
5 44 736
5 45 502
5 46 333
5 47 784
5 48 550
5 49 381
5 50 832
5 51 430
6 0 322
6 1 356
6 2 477
6 3 733
6 4 582
6 5 486
6 6 0
6 7 421
6 8 672
6 9 603
6 10 538
6 11 616
6 12 668
6 13 603
6 14 434
6 15 486
6 16 486
6 17 382
6 18 590
6 19 334
6 20 278
6 21 707
6 22 664
6 23 182
6 24 521
6 25 317
6 26 564
6 27 486
6 28 733
6 29 707
6 30 278
6 31 447
6 32 464
6 33 202
6 34 345
6 35 796
6 36 154
6 37 297
6 38 748
6 39 202
6 40 345
6 41 796
6 42 250
6 43 393
6 44 844
6 45 298
6 46 441
6 47 892
6 48 346
6 49 489
6 50 940
6 51 322
7 0 495
7 1 221
7 2 304
7 3 464
7 4 409
7 5 65
7 6 421
7 7 0
7 8 499
7 9 334
7 10 269
7 11 347
7 12 399
7 13 334
7 14 13
7 15 217
7 16 217
7 17 195
7 18 321
7 19 161
7 20 547
7 21 438
7 22 491
7 23 239
7 24 400
7 25 508
7 26 295
7 27 91
7 28 560
7 29 438
7 30 299
7 31 178
7 32 291
7 33 375
7 34 76
7 35 527
7 36 423
7 37 124
7 38 575
7 39 471
7 40 172
7 41 623
7 42 519
7 43 220
7 44 671
7 45 567
7 46 268
7 47 719
7 48 615
7 49 316
7 50 767
7 51 495
8 0 994
8 1 720
8 2 195
8 3 187
8 4 660
8 5 564
8 6 672
8 7 499
8 8 0
8 9 317
8 10 382
8 11 304
8 12 252
8 13 317
8 14 512
8 15 434
8 16 434
8 17 694
8 18 330
8 19 338
8 20 798
8 21 213
8 22 352
8 23 490
8 24 651
8 25 759
8 26 356
8 27 590
8 28 187
8 29 213
8 30 798
8 31 473
8 32 208
8 33 874
8 34 423
8 35 124
8 36 826
8 37 375
8 38 76
8 39 874
8 40 423
8 41 124
8 42 922
8 43 471
8 44 172
8 45 970
8 46 519
8 47 220
8 48 1018
8 49 567
8 50 268
8 51 994
9 0 829
9 1 555
9 2 486
9 3 130
9 4 591
9 5 399
9 6 603
9 7 334
9 8 317
9 9 0
9 10 65
9 11 13
9 12 65
9 13 0
9 14 347
9 15 117
9 16 117
9 17 529
9 18 13
9 19 343
9 20 729
9 21 104
9 22 517
9 23 421
9 24 582
9 25 690
9 26 39
9 27 425
9 28 352
9 29 104
9 30 633
9 31 156
9 32 473
9 33 709
9 34 258
9 35 193
9 36 757
9 37 306
9 38 241
9 39 805
9 40 354
9 41 289
9 42 853
9 43 402
9 44 337
9 45 901
9 46 450
9 47 385
9 48 949
9 49 498
9 50 433
9 51 829
10 0 764
10 1 490
10 2 421
10 3 195
10 4 526
10 5 334
10 6 538
10 7 269
10 8 382
10 9 65
10 10 0
10 11 78
10 12 130
10 13 65
10 14 282
10 15 52
10 16 52
10 17 464
10 18 52
10 19 278
10 20 664
10 21 169
10 22 582
10 23 356
10 24 517
10 25 625
10 26 26
10 27 360
10 28 417
10 29 169
10 30 568
10 31 91
10 32 408
10 33 644
10 34 193
10 35 258
10 36 692
10 37 241
10 38 306
10 39 740
10 40 289
10 41 354
10 42 788
10 43 337
10 44 402
10 45 836
10 46 385
10 47 450
10 48 884
10 49 433
10 50 498
10 51 764
11 0 842
11 1 568
11 2 499
11 3 117
11 4 604
11 5 412
11 6 616
11 7 347
11 8 304
11 9 13
11 10 78
11 11 0
11 12 52
11 13 13
11 14 360
11 15 130
11 16 130
11 17 542
11 18 26
11 19 356
11 20 742
11 21 91
11 22 504
11 23 434
11 24 595
11 25 703
11 26 52
11 27 438
11 28 339
11 29 91
11 30 646
11 31 169
11 32 486
11 33 722
11 34 271
11 35 180
11 36 770
11 37 319
11 38 228
11 39 818
11 40 367
11 41 276
11 42 866
11 43 415
11 44 324
11 45 914
11 46 463
11 47 372
11 48 962
11 49 511
11 50 420
11 51 842
12 0 894
12 1 620
12 2 447
12 3 65
12 4 656
12 5 464
12 6 668
12 7 399
12 8 252
12 9 65
12 10 130
12 11 52
12 12 0
12 13 65
12 14 412
12 15 182
12 16 182
12 17 594
12 18 78
12 19 408
12 20 794
12 21 39
12 22 452
12 23 486
12 24 647
12 25 755
12 26 104
12 27 490
12 28 287
12 29 39
12 30 698
12 31 221
12 32 460
12 33 774
12 34 323
12 35 128
12 36 822
12 37 371
12 38 176
12 39 870
12 40 419
12 41 224
12 42 918
12 43 467
12 44 272
12 45 966
12 46 515
12 47 320
12 48 1014
12 49 563
12 50 368
12 51 894
13 0 829
13 1 555
13 2 486
13 3 130
13 4 591
13 5 399
13 6 603
13 7 334
13 8 317
13 9 0
13 10 65
13 11 13
13 12 65
13 13 0
13 14 347
13 15 117
13 16 117
13 17 529
13 18 13
13 19 343
13 20 729
13 21 104
13 22 517
13 23 421
13 24 582
13 25 690
13 26 39
13 27 425
13 28 352
13 29 104
13 30 633
13 31 156
13 32 473
13 33 709
13 34 258
13 35 193
13 36 757
13 37 306
13 38 241
13 39 805
13 40 354
13 41 289
13 42 853
13 43 402
13 44 337
13 45 901
13 46 450
13 47 385
13 48 949
13 49 498
13 50 433
13 51 829
14 0 482
14 1 208
14 2 317
14 3 477
14 4 422
14 5 52
14 6 434
14 7 13
14 8 512
14 9 347
14 10 282
14 11 360
14 12 412
14 13 347
14 14 0
14 15 230
14 16 230
14 17 182
14 18 334
14 19 174
14 20 534
14 21 451
14 22 504
14 23 252
14 24 413
14 25 521
14 26 308
14 27 78
14 28 573
14 29 451
14 30 286
14 31 191
14 32 304
14 33 362
14 34 89
14 35 540
14 36 410
14 37 137
14 38 588
14 39 458
14 40 185
14 41 636
14 42 506
14 43 233
14 44 684
14 45 554
14 46 281
14 47 732
14 48 602
14 49 329
14 50 780
14 51 482
15 0 712
15 1 438
15 2 369
15 3 247
15 4 474
15 5 282
15 6 486
15 7 217
15 8 434
15 9 117
15 10 52
15 11 130
15 12 182
15 13 117
15 14 230
15 15 0
15 16 0
15 17 412
15 18 104
15 19 226
15 20 612
15 21 221
15 22 556
15 23 304
15 24 465
15 25 573
15 26 78
15 27 308
15 28 469
15 29 221
15 30 516
15 31 39
15 32 356
15 33 592
15 34 141
15 35 310
15 36 640
15 37 189
15 38 358
15 39 688
15 40 237
15 41 406
15 42 736
15 43 285
15 44 454
15 45 784
15 46 333
15 47 502
15 48 832
15 49 381
15 50 550
15 51 712
16 0 712
16 1 438
16 2 369
16 3 247
16 4 474
16 5 282
16 6 486
16 7 217
16 8 434
16 9 117
16 10 52
16 11 130
16 12 182
16 13 117
16 14 230
16 15 0
16 16 0
16 17 412
16 18 104
16 19 226
16 20 612
16 21 221
16 22 556
16 23 304
16 24 465
16 25 573
16 26 78
16 27 308
16 28 469
16 29 221
16 30 516
16 31 39
16 32 356
16 33 592
16 34 141
16 35 310
16 36 640
16 37 189
16 38 358
16 39 688
16 40 237
16 41 406
16 42 736
16 43 285
16 44 454
16 45 784
16 46 333
16 47 502
16 48 832
16 49 381
16 50 550
16 51 712
17 0 300
17 1 26
17 2 499
17 3 659
17 4 604
17 5 130
17 6 382
17 7 195
17 8 694
17 9 529
17 10 464
17 11 542
17 12 594
17 13 529
17 14 182
17 15 412
17 16 412
17 17 0
17 18 516
17 19 356
17 20 352
17 21 633
17 22 686
17 23 434
17 24 595
17 25 391
17 26 490
17 27 104
17 28 755
17 29 633
17 30 104
17 31 373
17 32 486
17 33 180
17 34 271
17 35 722
17 36 228
17 37 319
17 38 770
17 39 276
17 40 367
17 41 818
17 42 324
17 43 415
17 44 866
17 45 372
17 46 463
17 47 914
17 48 420
17 49 511
17 50 962
17 51 300
18 0 816
18 1 542
18 2 473
18 3 143
18 4 578
18 5 386
18 6 590
18 7 321
18 8 330
18 9 13
18 10 52
18 11 26
18 12 78
18 13 13
18 14 334
18 15 104
18 16 104
18 17 516
18 18 0
18 19 330
18 20 716
18 21 117
18 22 530
18 23 408
18 24 569
18 25 677
18 26 26
18 27 412
18 28 365
18 29 117
18 30 620
18 31 143
18 32 460
18 33 696
18 34 245
18 35 206
18 36 744
18 37 293
18 38 254
18 39 792
18 40 341
18 41 302
18 42 840
18 43 389
18 44 350
18 45 888
18 46 437
18 47 398
18 48 936
18 49 485
18 50 446
18 51 816
19 0 656
19 1 382
19 2 143
19 3 473
19 4 322
19 5 226
19 6 334
19 7 161
19 8 338
19 9 343
19 10 278
19 11 356
19 12 408
19 13 343
19 14 174
19 15 226
19 16 226
19 17 356
19 18 330
19 19 0
19 20 460
19 21 447
19 22 404
19 23 152
19 24 313
19 25 421
19 26 304
19 27 252
19 28 473
19 29 447
19 30 460
19 31 187
19 32 130
19 33 536
19 34 85
19 35 462
19 36 488
19 37 37
19 38 414
19 39 536
19 40 85
19 41 462
19 42 584
19 43 133
19 44 510
19 45 632
19 46 181
19 47 558
19 48 680
19 49 229
19 50 606
19 51 656
20 0 292
20 1 326
20 2 603
20 3 859
20 4 482
20 5 482
20 6 278
20 7 547
20 8 798
20 9 729
20 10 664
20 11 742
20 12 794
20 13 729
20 14 534
20 15 612
20 16 612
20 17 352
20 18 716
20 19 460
20 20 0
20 21 833
20 22 694
20 23 460
20 24 395
20 25 39
20 26 690
20 27 456
20 28 763
20 29 833
20 30 248
20 31 573
20 32 590
20 33 172
20 34 471
20 35 922
20 36 124
20 37 423
20 38 874
20 39 76
20 40 375
20 41 826
20 42 124
20 43 423
20 44 874
20 45 172
20 46 471
20 47 922
20 48 220
20 49 519
20 50 970
20 51 292
21 0 933
21 1 659
21 2 408
21 3 26
21 4 695
21 5 503
21 6 707
21 7 438
21 8 213
21 9 104
21 10 169
21 11 91
21 12 39
21 13 104
21 14 451
21 15 221
21 16 221
21 17 633
21 18 117
21 19 447
21 20 833
21 21 0
21 22 413
21 23 525
21 24 686
21 25 794
21 26 143
21 27 529
21 28 248
21 29 0
21 30 737
21 31 260
21 32 421
21 33 813
21 34 362
21 35 89
21 36 861
21 37 410
21 38 137
21 39 909
21 40 458
21 41 185
21 42 957
21 43 506
21 44 233
21 45 1005
21 46 554
21 47 281
21 48 1053
21 49 602
21 50 329
21 51 933
22 0 986
22 1 712
22 2 547
22 3 387
22 4 460
22 5 556
22 6 664
22 7 491
22 8 352
22 9 517
22 10 582
22 11 504
22 12 452
22 13 517
22 14 504
22 15 556
22 16 556
22 17 686
22 18 530
22 19 404
22 20 694
22 21 413
22 22 0
22 23 482
22 24 451
22 25 655
22 26 556
22 27 582
22 28 291
22 29 413
22 30 790
22 31 517
22 32 534
22 33 866
22 34 415
22 35 324
22 36 818
22 37 367
22 38 276
22 39 770
22 40 319
22 41 228
22 42 722
22 43 271
22 44 180
22 45 770
22 46 319
22 47 228
22 48 818
22 49 367
22 50 276
22 51 986
23 0 504
23 1 460
23 2 295
23 3 551
23 4 400
23 5 304
23 6 182
23 7 239
23 8 490
23 9 421
23 10 356
23 11 434
23 12 486
23 13 421
23 14 252
23 15 304
23 16 304
23 17 434
23 18 408
23 19 152
23 20 460
23 21 525
23 22 482
23 23 0
23 24 391
23 25 499
23 26 382
23 27 330
23 28 551
23 29 525
23 30 460
23 31 265
23 32 282
23 33 384
23 34 163
23 35 614
23 36 336
23 37 115
23 38 566
23 39 384
23 40 163
23 41 614
23 42 432
23 43 211
23 44 662
23 45 480
23 46 259
23 47 710
23 48 528
23 49 307
23 50 758
23 51 504
24 0 535
24 1 569
24 2 456
24 3 712
24 4 369
24 5 465
24 6 521
24 7 400
24 8 651
24 9 582
24 10 517
24 11 595
24 12 647
24 13 582
24 14 413
24 15 465
24 16 465
24 17 595
24 18 569
24 19 313
24 20 395
24 21 686
24 22 451
24 23 391
24 24 0
24 25 434
24 26 543
24 27 491
24 28 616
24 29 686
24 30 491
24 31 426
24 32 443
24 33 415
24 34 324
24 35 775
24 36 367
24 37 276
24 38 727
24 39 319
24 40 228
24 41 679
24 42 271
24 43 180
24 44 631
24 45 319
24 46 228
24 47 679
24 48 367
24 49 276
24 50 727
24 51 535
25 0 331
25 1 365
25 2 564
25 3 820
25 4 521
25 5 521
25 6 317
25 7 508
25 8 759
25 9 690
25 10 625
25 11 703
25 12 755
25 13 690
25 14 521
25 15 573
25 16 573
25 17 391
25 18 677
25 19 421
25 20 39
25 21 794
25 22 655
25 23 499
25 24 434
25 25 0
25 26 651
25 27 495
25 28 724
25 29 794
25 30 287
25 31 534
25 32 551
25 33 211
25 34 432
25 35 883
25 36 163
25 37 384
25 38 835
25 39 115
25 40 336
25 41 787
25 42 163
25 43 384
25 44 835
25 45 211
25 46 432
25 47 883
25 48 259
25 49 480
25 50 931
25 51 331
26 0 790
26 1 516
26 2 447
26 3 169
26 4 552
26 5 360
26 6 564
26 7 295
26 8 356
26 9 39
26 10 26
26 11 52
26 12 104
26 13 39
26 14 308
26 15 78
26 16 78
26 17 490
26 18 26
26 19 304
26 20 690
26 21 143
26 22 556
26 23 382
26 24 543
26 25 651
26 26 0
26 27 386
26 28 391
26 29 143
26 30 594
26 31 117
26 32 434
26 33 670
26 34 219
26 35 232
26 36 718
26 37 267
26 38 280
26 39 766
26 40 315
26 41 328
26 42 814
26 43 363
26 44 376
26 45 862
26 46 411
26 47 424
26 48 910
26 49 459
26 50 472
26 51 790
27 0 404
27 1 130
27 2 395
27 3 555
27 4 500
27 5 26
27 6 486
27 7 91
27 8 590
27 9 425
27 10 360
27 11 438
27 12 490
27 13 425
27 14 78
27 15 308
27 16 308
27 17 104
27 18 412
27 19 252
27 20 456
27 21 529
27 22 582
27 23 330
27 24 491
27 25 495
27 26 386
27 27 0
27 28 651
27 29 529
27 30 208
27 31 269
27 32 382
27 33 284
27 34 167
27 35 618
27 36 332
27 37 215
27 38 666
27 39 380
27 40 263
27 41 714
27 42 428
27 43 311
27 44 762
27 45 476
27 46 359
27 47 810
27 48 524
27 49 407
27 50 858
27 51 404
28 0 1055
28 1 781
28 2 382
28 3 222
28 4 625
28 5 625
28 6 733
28 7 560
28 8 187
28 9 352
28 10 417
28 11 339
28 12 287
28 13 352
28 14 573
28 15 469
28 16 469
28 17 755
28 18 365
28 19 473
28 20 763
28 21 248
28 22 291
28 23 551
28 24 616
28 25 724
28 26 391
28 27 651
28 28 0
28 29 248
28 30 859
28 31 508
28 32 395
28 33 935
28 34 484
28 35 159
28 36 887
28 37 436
28 38 111
28 39 839
28 40 388
28 41 63
28 42 887
28 43 436
28 44 111
28 45 935
28 46 484
28 47 159
28 48 983
28 49 532
28 50 207
28 51 1055
29 0 933
29 1 659
29 2 408
29 3 26
29 4 695
29 5 503
29 6 707
29 7 438
29 8 213
29 9 104
29 10 169
29 11 91
29 12 39
29 13 104
29 14 451
29 15 221
29 16 221
29 17 633
29 18 117
29 19 447
29 20 833
29 21 0
29 22 413
29 23 525
29 24 686
29 25 794
29 26 143
29 27 529
29 28 248
29 29 0
29 30 737
29 31 260
29 32 421
29 33 813
29 34 362
29 35 89
29 36 861
29 37 410
29 38 137
29 39 909
29 40 458
29 41 185
29 42 957
29 43 506
29 44 233
29 45 1005
29 46 554
29 47 281
29 48 1053
29 49 602
29 50 329
29 51 933
30 0 196
30 1 78
30 2 603
30 3 763
30 4 578
30 5 234
30 6 278
30 7 299
30 8 798
30 9 633
30 10 568
30 11 646
30 12 698
30 13 633
30 14 286
30 15 516
30 16 516
30 17 104
30 18 620
30 19 460
30 20 248
30 21 737
30 22 790
30 23 460
30 24 491
30 25 287
30 26 594
30 27 208
30 28 859
30 29 737
30 30 0
30 31 477
30 32 590
30 33 76
30 34 375
30 35 826
30 36 124
30 37 423
30 38 874
30 39 172
30 40 471
30 41 922
30 42 220
30 43 519
30 44 970
30 45 268
30 46 567
30 47 1018
30 48 316
30 49 615
30 50 1066
30 51 196
31 0 673
31 1 399
31 2 330
31 3 286
31 4 435
31 5 243
31 6 447
31 7 178
31 8 473
31 9 156
31 10 91
31 11 169
31 12 221
31 13 156
31 14 191
31 15 39
31 16 39
31 17 373
31 18 143
31 19 187
31 20 573
31 21 260
31 22 517
31 23 265
31 24 426
31 25 534
31 26 117
31 27 269
31 28 508
31 29 260
31 30 477
31 31 0
31 32 317
31 33 553
31 34 102
31 35 349
31 36 601
31 37 150
31 38 397
31 39 649
31 40 198
31 41 445
31 42 697
31 43 246
31 44 493
31 45 745
31 46 294
31 47 541
31 48 793
31 49 342
31 50 589
31 51 673
32 0 786
32 1 512
32 2 13
32 3 395
32 4 452
32 5 356
32 6 464
32 7 291
32 8 208
32 9 473
32 10 408
32 11 486
32 12 460
32 13 473
32 14 304
32 15 356
32 16 356
32 17 486
32 18 460
32 19 130
32 20 590
32 21 421
32 22 534
32 23 282
32 24 443
32 25 551
32 26 434
32 27 382
32 28 395
32 29 421
32 30 590
32 31 317
32 32 0
32 33 666
32 34 215
32 35 332
32 36 618
32 37 167
32 38 284
32 39 666
32 40 215
32 41 332
32 42 714
32 43 263
32 44 380
32 45 762
32 46 311
32 47 428
32 48 810
32 49 359
32 50 476
32 51 786
33 0 120
33 1 154
33 2 679
33 3 839
33 4 502
33 5 310
33 6 202
33 7 375
33 8 874
33 9 709
33 10 644
33 11 722
33 12 774
33 13 709
33 14 362
33 15 592
33 16 592
33 17 180
33 18 696
33 19 536
33 20 172
33 21 813
33 22 866
33 23 384
33 24 415
33 25 211
33 26 670
33 27 284
33 28 935
33 29 813
33 30 76
33 31 553
33 32 666
33 33 0
33 34 451
33 35 902
33 36 48
33 37 499
33 38 950
33 39 96
33 40 547
33 41 998
33 42 144
33 43 595
33 44 1046
33 45 192
33 46 643
33 47 1094
33 48 240
33 49 691
33 50 1142
33 51 120
34 0 571
34 1 297
34 2 228
34 3 388
34 4 333
34 5 141
34 6 345
34 7 76
34 8 423
34 9 258
34 10 193
34 11 271
34 12 323
34 13 258
34 14 89
34 15 141
34 16 141
34 17 271
34 18 245
34 19 85
34 20 471
34 21 362
34 22 415
34 23 163
34 24 324
34 25 432
34 26 219
34 27 167
34 28 484
34 29 362
34 30 375
34 31 102
34 32 215
34 33 451
34 34 0
34 35 451
34 36 499
34 37 48
34 38 499
34 39 547
34 40 96
34 41 547
34 42 595
34 43 144
34 44 595
34 45 643
34 46 192
34 47 643
34 48 691
34 49 240
34 50 691
34 51 571
35 0 1022
35 1 748
35 2 319
35 3 63
35 4 784
35 5 592
35 6 796
35 7 527
35 8 124
35 9 193
35 10 258
35 11 180
35 12 128
35 13 193
35 14 540
35 15 310
35 16 310
35 17 722
35 18 206
35 19 462
35 20 922
35 21 89
35 22 324
35 23 614
35 24 775
35 25 883
35 26 232
35 27 618
35 28 159
35 29 89
35 30 826
35 31 349
35 32 332
35 33 902
35 34 451
35 35 0
35 36 950
35 37 499
35 38 48
35 39 998
35 40 547
35 41 96
35 42 1046
35 43 595
35 44 144
35 45 1094
35 46 643
35 47 192
35 48 1142
35 49 691
35 50 240
35 51 1022
36 0 168
36 1 202
36 2 631
36 3 887
36 4 454
36 5 358
36 6 154
36 7 423
36 8 826
36 9 757
36 10 692
36 11 770
36 12 822
36 13 757
36 14 410
36 15 640
36 16 640
36 17 228
36 18 744
36 19 488
36 20 124
36 21 861
36 22 818
36 23 336
36 24 367
36 25 163
36 26 718
36 27 332
36 28 887
36 29 861
36 30 124
36 31 601
36 32 618
36 33 48
36 34 499
36 35 950
36 36 0
36 37 451
36 38 902
36 39 48
36 40 499
36 41 950
36 42 96
36 43 547
36 44 998
36 45 144
36 46 595
36 47 1046
36 48 192
36 49 643
36 50 1094
36 51 168
37 0 619
37 1 345
37 2 180
37 3 436
37 4 285
37 5 189
37 6 297
37 7 124
37 8 375
37 9 306
37 10 241
37 11 319
37 12 371
37 13 306
37 14 137
37 15 189
37 16 189
37 17 319
37 18 293
37 19 37
37 20 423
37 21 410
37 22 367
37 23 115
37 24 276
37 25 384
37 26 267
37 27 215
37 28 436
37 29 410
37 30 423
37 31 150
37 32 167
37 33 499
37 34 48
37 35 499
37 36 451
37 37 0
37 38 451
37 39 499
37 40 48
37 41 499
37 42 547
37 43 96
37 44 547
37 45 595
37 46 144
37 47 595
37 48 643
37 49 192
37 50 643
37 51 619
38 0 1070
38 1 796
38 2 271
38 3 111
38 4 736
38 5 640
38 6 748
38 7 575
38 8 76
38 9 241
38 10 306
38 11 228
38 12 176
38 13 241
38 14 588
38 15 358
38 16 358
38 17 770
38 18 254
38 19 414
38 20 874
38 21 137
38 22 276
38 23 566
38 24 727
38 25 835
38 26 280
38 27 666
38 28 111
38 29 137
38 30 874
38 31 397
38 32 284
38 33 950
38 34 499
38 35 48
38 36 902
38 37 451
38 38 0
38 39 950
38 40 499
38 41 48
38 42 998
38 43 547
38 44 96
38 45 1046
38 46 595
38 47 144
38 48 1094
38 49 643
38 50 192
38 51 1070
39 0 216
39 1 250
39 2 679
39 3 935
39 4 406
39 5 406
39 6 202
39 7 471
39 8 874
39 9 805
39 10 740
39 11 818
39 12 870
39 13 805
39 14 458
39 15 688
39 16 688
39 17 276
39 18 792
39 19 536
39 20 76
39 21 909
39 22 770
39 23 384
39 24 319
39 25 115
39 26 766
39 27 380
39 28 839
39 29 909
39 30 172
39 31 649
39 32 666
39 33 96
39 34 547
39 35 998
39 36 48
39 37 499
39 38 950
39 39 0
39 40 451
39 41 902
39 42 48
39 43 499
39 44 950
39 45 96
39 46 547
39 47 998
39 48 144
39 49 595
39 50 1046
39 51 216
40 0 667
40 1 393
40 2 228
40 3 484
40 4 237
40 5 237
40 6 345
40 7 172
40 8 423
40 9 354
40 10 289
40 11 367
40 12 419
40 13 354
40 14 185
40 15 237
40 16 237
40 17 367
40 18 341
40 19 85
40 20 375
40 21 458
40 22 319
40 23 163
40 24 228
40 25 336
40 26 315
40 27 263
40 28 388
40 29 458
40 30 471
40 31 198
40 32 215
40 33 547
40 34 96
40 35 547
40 36 499
40 37 48
40 38 499
40 39 451
40 40 0
40 41 451
40 42 499
40 43 48
40 44 499
40 45 547
40 46 96
40 47 547
40 48 595
40 49 144
40 50 595
40 51 667
41 0 1118
41 1 844
41 2 319
41 3 159
41 4 688
41 5 688
41 6 796
41 7 623
41 8 124
41 9 289
41 10 354
41 11 276
41 12 224
41 13 289
41 14 636
41 15 406
41 16 406
41 17 818
41 18 302
41 19 462
41 20 826
41 21 185
41 22 228
41 23 614
41 24 679
41 25 787
41 26 328
41 27 714
41 28 63
41 29 185
41 30 922
41 31 445
41 32 332
41 33 998
41 34 547
41 35 96
41 36 950
41 37 499
41 38 48
41 39 902
41 40 451
41 41 0
41 42 950
41 43 499
41 44 48
41 45 998
41 46 547
41 47 96
41 48 1046
41 49 595
41 50 144
41 51 1118
42 0 264
42 1 298
42 2 727
42 3 983
42 4 358
42 5 454
42 6 250
42 7 519
42 8 922
42 9 853
42 10 788
42 11 866
42 12 918
42 13 853
42 14 506
42 15 736
42 16 736
42 17 324
42 18 840
42 19 584
42 20 124
42 21 957
42 22 722
42 23 432
42 24 271
42 25 163
42 26 814
42 27 428
42 28 887
42 29 957
42 30 220
42 31 697
42 32 714
42 33 144
42 34 595
42 35 1046
42 36 96
42 37 547
42 38 998
42 39 48
42 40 499
42 41 950
42 42 0
42 43 451
42 44 902
42 45 48
42 46 499
42 47 950
42 48 96
42 49 547
42 50 998
42 51 264
43 0 715
43 1 441
43 2 276
43 3 532
43 4 189
43 5 285
43 6 393
43 7 220
43 8 471
43 9 402
43 10 337
43 11 415
43 12 467
43 13 402
43 14 233
43 15 285
43 16 285
43 17 415
43 18 389
43 19 133
43 20 423
43 21 506
43 22 271
43 23 211
43 24 180
43 25 384
43 26 363
43 27 311
43 28 436
43 29 506
43 30 519
43 31 246
43 32 263
43 33 595
43 34 144
43 35 595
43 36 547
43 37 96
43 38 547
43 39 499
43 40 48
43 41 499
43 42 451
43 43 0
43 44 451
43 45 499
43 46 48
43 47 499
43 48 547
43 49 96
43 50 547
43 51 715
44 0 1166
44 1 892
44 2 367
44 3 207
44 4 640
44 5 736
44 6 844
44 7 671
44 8 172
44 9 337
44 10 402
44 11 324
44 12 272
44 13 337
44 14 684
44 15 454
44 16 454
44 17 866
44 18 350
44 19 510
44 20 874
44 21 233
44 22 180
44 23 662
44 24 631
44 25 835
44 26 376
44 27 762
44 28 111
44 29 233
44 30 970
44 31 493
44 32 380
44 33 1046
44 34 595
44 35 144
44 36 998
44 37 547
44 38 96
44 39 950
44 40 499
44 41 48
44 42 902
44 43 451
44 44 0
44 45 950
44 46 499
44 47 48
44 48 998
44 49 547
44 50 96
44 51 1166
45 0 312
45 1 346
45 2 775
45 3 1031
45 4 310
45 5 502
45 6 298
45 7 567
45 8 970
45 9 901
45 10 836
45 11 914
45 12 966
45 13 901
45 14 554
45 15 784
45 16 784
45 17 372
45 18 888
45 19 632
45 20 172
45 21 1005
45 22 770
45 23 480
45 24 319
45 25 211
45 26 862
45 27 476
45 28 935
45 29 1005
45 30 268
45 31 745
45 32 762
45 33 192
45 34 643
45 35 1094
45 36 144
45 37 595
45 38 1046
45 39 96
45 40 547
45 41 998
45 42 48
45 43 499
45 44 950
45 45 0
45 46 451
45 47 902
45 48 48
45 49 499
45 50 950
45 51 312
46 0 763
46 1 489
46 2 324
46 3 580
46 4 141
46 5 333
46 6 441
46 7 268
46 8 519
46 9 450
46 10 385
46 11 463
46 12 515
46 13 450
46 14 281
46 15 333
46 16 333
46 17 463
46 18 437
46 19 181
46 20 471
46 21 554
46 22 319
46 23 259
46 24 228
46 25 432
46 26 411
46 27 359
46 28 484
46 29 554
46 30 567
46 31 294
46 32 311
46 33 643
46 34 192
46 35 643
46 36 595
46 37 144
46 38 595
46 39 547
46 40 96
46 41 547
46 42 499
46 43 48
46 44 499
46 45 451
46 46 0
46 47 451
46 48 499
46 49 48
46 50 499
46 51 763
47 0 1214
47 1 940
47 2 415
47 3 255
47 4 592
47 5 784
47 6 892
47 7 719
47 8 220
47 9 385
47 10 450
47 11 372
47 12 320
47 13 385
47 14 732
47 15 502
47 16 502
47 17 914
47 18 398
47 19 558
47 20 922
47 21 281
47 22 228
47 23 710
47 24 679
47 25 883
47 26 424
47 27 810
47 28 159
47 29 281
47 30 1018
47 31 541
47 32 428
47 33 1094
47 34 643
47 35 192
47 36 1046
47 37 595
47 38 144
47 39 998
47 40 547
47 41 96
47 42 950
47 43 499
47 44 48
47 45 902
47 46 451
47 47 0
47 48 950
47 49 499
47 50 48
47 51 1214
48 0 360
48 1 394
48 2 823
48 3 1079
48 4 358
48 5 550
48 6 346
48 7 615
48 8 1018
48 9 949
48 10 884
48 11 962
48 12 1014
48 13 949
48 14 602
48 15 832
48 16 832
48 17 420
48 18 936
48 19 680
48 20 220
48 21 1053
48 22 818
48 23 528
48 24 367
48 25 259
48 26 910
48 27 524
48 28 983
48 29 1053
48 30 316
48 31 793
48 32 810
48 33 240
48 34 691
48 35 1142
48 36 192
48 37 643
48 38 1094
48 39 144
48 40 595
48 41 1046
48 42 96
48 43 547
48 44 998
48 45 48
48 46 499
48 47 950
48 48 0
48 49 451
48 50 902
48 51 360
49 0 811
49 1 537
49 2 372
49 3 628
49 4 189
49 5 381
49 6 489
49 7 316
49 8 567
49 9 498
49 10 433
49 11 511
49 12 563
49 13 498
49 14 329
49 15 381
49 16 381
49 17 511
49 18 485
49 19 229
49 20 519
49 21 602
49 22 367
49 23 307
49 24 276
49 25 480
49 26 459
49 27 407
49 28 532
49 29 602
49 30 615
49 31 342
49 32 359
49 33 691
49 34 240
49 35 691
49 36 643
49 37 192
49 38 643
49 39 595
49 40 144
49 41 595
49 42 547
49 43 96
49 44 547
49 45 499
49 46 48
49 47 499
49 48 451
49 49 0
49 50 451
49 51 811
50 0 1262
50 1 988
50 2 463
50 3 303
50 4 640
50 5 832
50 6 940
50 7 767
50 8 268
50 9 433
50 10 498
50 11 420
50 12 368
50 13 433
50 14 780
50 15 550
50 16 550
50 17 962
50 18 446
50 19 606
50 20 970
50 21 329
50 22 276
50 23 758
50 24 727
50 25 931
50 26 472
50 27 858
50 28 207
50 29 329
50 30 1066
50 31 589
50 32 476
50 33 1142
50 34 691
50 35 240
50 36 1094
50 37 643
50 38 192
50 39 1046
50 40 595
50 41 144
50 42 998
50 43 547
50 44 96
50 45 950
50 46 499
50 47 48
50 48 902
50 49 451
50 50 0
50 51 1262
51 0 0
51 1 274
51 2 799
51 3 959
51 4 622
51 5 430
51 6 322
51 7 495
51 8 994
51 9 829
51 10 764
51 11 842
51 12 894
51 13 829
51 14 482
51 15 712
51 16 712
51 17 300
51 18 816
51 19 656
51 20 292
51 21 933
51 22 986
51 23 504
51 24 535
51 25 331
51 26 790
51 27 404
51 28 1055
51 29 933
51 30 196
51 31 673
51 32 786
51 33 120
51 34 571
51 35 1022
51 36 168
51 37 619
51 38 1070
51 39 216
51 40 667
51 41 1118
51 42 264
51 43 715
51 44 1166
51 45 312
51 46 763
51 47 1214
51 48 360
51 49 811
51 50 1262
51 51 0
//Location coordinates LocationName
//Loc x y
0 0.0 0.0 "depot"
1 0.0 274.0 "product aisle 0 bloc 0 rank 19"
2 48.0 751.0 "product aisle 1 bloc 1 rank 24"
3 0.0 959.0 "product aisle 0 bloc 1 rank 55"
4 192.0 430.0 "product aisle 4 bloc 0 rank 44"
5 0.0 430.0 "product aisle 0 bloc 0 rank 44"
6 48.0 274.0 "product aisle 1 bloc 0 rank 20"
7 0.0 495.0 "product aisle 0 bloc 0 rank 54"
8 48.0 946.0 "product aisle 1 bloc 1 rank 54"
9 0.0 829.0 "product aisle 0 bloc 1 rank 36"
10 0.0 764.0 "product aisle 0 bloc 1 rank 26"
11 0.0 842.0 "product aisle 0 bloc 1 rank 38"
12 0.0 894.0 "product aisle 0 bloc 1 rank 45"
13 0.0 829.0 "product aisle 0 bloc 1 rank 35"
14 0.0 482.0 "product aisle 0 bloc 0 rank 52"
15 0.0 712.0 "product aisle 0 bloc 1 rank 17"
16 0.0 712.0 "product aisle 0 bloc 1 rank 18"
17 0.0 300.0 "product aisle 0 bloc 0 rank 24"
18 0.0 816.0 "product aisle 0 bloc 1 rank 33"
19 48.0 608.0 "product aisle 1 bloc 1 rank 2"
20 96.0 196.0 "product aisle 2 bloc 0 rank 7"
21 0.0 933.0 "product aisle 0 bloc 1 rank 52"
22 144.0 842.0 "product aisle 3 bloc 1 rank 37"
23 48.0 456.0 "product aisle 1 bloc 0 rank 48"
24 144.0 391.0 "product aisle 3 bloc 0 rank 38"
25 96.0 235.0 "product aisle 2 bloc 0 rank 14"
26 0.0 790.0 "product aisle 0 bloc 1 rank 30"
27 0.0 404.0 "product aisle 0 bloc 0 rank 39"
28 96.0 959.0 "product aisle 2 bloc 1 rank 56"
29 0.0 933.0 "product aisle 0 bloc 1 rank 51"
30 0.0 196.0 "product aisle 0 bloc 0 rank 7"
31 0.0 673.0 "product aisle 0 bloc 1 rank 11"
32 48.0 738.0 "product aisle 1 bloc 1 rank 21"
33 24.0 120.0 "intersection aisle 0 bloc 0 rank 0"
34 24.0 571.0 "intersection aisle 0 bloc 1 rank 1"
35 24.0 1022.0 "intersection aisle 0 bloc 2 rank 2"
36 72.0 120.0 "intersection aisle 1 bloc 0 rank 0"
37 72.0 571.0 "intersection aisle 1 bloc 1 rank 1"
38 72.0 1022.0 "intersection aisle 1 bloc 2 rank 2"
39 120.0 120.0 "intersection aisle 2 bloc 0 rank 0"
40 120.0 571.0 "intersection aisle 2 bloc 1 rank 1"
41 120.0 1022.0 "intersection aisle 2 bloc 2 rank 2"
42 168.0 120.0 "intersection aisle 3 bloc 0 rank 0"
43 168.0 571.0 "intersection aisle 3 bloc 1 rank 1"
44 168.0 1022.0 "intersection aisle 3 bloc 2 rank 2"
45 216.0 120.0 "intersection aisle 4 bloc 0 rank 0"
46 216.0 571.0 "intersection aisle 4 bloc 1 rank 1"
47 216.0 1022.0 "intersection aisle 4 bloc 2 rank 2"
48 264.0 120.0 "intersection aisle 5 bloc 0 rank 0"
49 264.0 571.0 "intersection aisle 5 bloc 1 rank 1"
50 264.0 1022.0 "intersection aisle 5 bloc 2 rank 2"
51 0.0 0.0 "depot"
