//alpha
1
//NbLocations
82
//NbProducts
27
//NbPickers
2
//CapaPicker
4
//TimeToTravelOneDistanceUnit
3
//SetupTime
5400
//PickTime
300
//Products
//Idx Location Size
1 1 1
2 2 1
3 3 1
4 4 1
5 5 1
6 6 1
7 7 1
8 8 1
9 9 1
10 10 1
11 11 1
12 12 1
13 13 1
14 14 1
15 15 1
16 16 1
17 17 1
18 18 1
19 19 1
20 20 1
21 21 1
22 22 1
23 23 1
24 24 1
25 25 1
26 26 1
27 27 1
//Orders
//NbOrders
18
//Idx DueDate TardinessPenalty NbProdInOrder ProdIdx1 Qty1 ProdIdx2 Qty2 ...
1 72000 0 3 1 1 2 1 3 1
2 54000 0 4 4 1 5 1 6 1 7 1
3 108000 0 1 8 1
4 54000 0 2 9 1 10 1
5 126000 0 2 11 1 12 1
6 90000 0 1 13 1
7 54000 0 1 14 1
8 54000 0 1 15 1
9 72000 0 2 16 1 17 1
10 90000 0 1 18 1
11 90000 0 1 19 1
12 90000 0 1 20 1
13 108000 0 1 21 1
14 54000 0 1 22 1
15 90000 0 1 23 1
16 108000 0 1 24 1
17 90000 0 2 25 1 26 1
18 36000 0 1 27 1
//Graph (Products are vertices indexed from 1 to NbProducts)
//NbVerticesIntersections
54
//DepartingDepot
0
//ArrivalDepot
82
//Arcs
//Start End Distance
0 28 120
1 24 156
1 32 63
2 10 351
2 35 167
3 12 221
3 30 947
4 7 286
4 14 169
5 64 63
5 65 1168
6 24 468
6 33 544
7 4 286
7 56 453
8 28 50
8 29 1181
9 46 206
9 47 1025
10 2 351
10 36 713
11 61 76
11 62 1155
12 3 221
12 29 63
13 71 596
13 72 635
14 4 169
14 55 323
15 25 13
15 34 180
16 37 388
16 38 843
17 58 440
17 59 791
18 21 130
18 67 401
19 23 156
19 80 193
20 47 50
20 48 1181
21 18 130
21 68 700
22 77 141
22 78 1090
23 19 156
23 81 882
24 1 156
24 6 468
25 15 13
25 35 1038
26 44 102
26 45 1129
27 53 518
27 54 713
28 8 50
28 31 48
28 82 120
29 8 1181
29 12 63
29 32 48
30 3 947
30 33 48
31 28 48
31 32 1231
31 34 48
32 1 63
32 29 48
32 31 1231
32 35 48
33 6 544
33 30 48
33 36 48
34 15 180
34 31 48
34 37 48
35 2 167
35 25 1038
35 32 48
35 38 48
36 10 713
36 33 48
36 39 48
37 16 388
37 34 48
37 40 48
38 16 843
38 35 48
38 39 1231
38 41 48
39 36 48
39 38 1231
39 42 48
40 37 48
40 41 1231
40 43 48
41 38 48
41 40 1231
41 42 1231
41 44 48
42 39 48
42 41 1231
42 45 48
43 40 48
43 44 1231
43 46 48
44 26 102
44 41 48
44 43 1231
44 47 48
45 26 1129
45 42 48
45 48 48
46 9 206
46 43 48
46 49 48
47 9 1025
47 20 50
47 44 48
47 50 48
48 20 1181
48 45 48
48 51 48
49 46 48
49 50 1231
49 52 48
50 47 48
50 49 1231
50 51 1231
50 53 48
51 48 48
51 50 1231
51 54 48
52 49 48
52 53 1231
52 55 48
53 27 518
53 50 48
53 52 1231
53 56 48
54 27 713
54 51 48
54 57 48
55 14 323
55 52 48
55 58 48
56 7 453
56 53 48
56 57 1231
56 59 48
57 54 48
57 56 1231
57 60 48
58 17 440
58 55 48
58 61 48
59 17 791
59 56 48
59 60 1231
59 62 48
60 57 48
60 59 1231
60 63 48
61 11 76
61 58 48
61 64 48
62 11 1155
62 59 48
62 63 1231
62 65 48
63 60 48
63 62 1231
63 66 48
64 5 63
64 61 48
64 67 48
65 5 1168
65 62 48
65 66 1231
65 68 48
66 63 48
66 65 1231
66 69 48
67 18 401
67 64 48
67 70 48
68 21 700
68 65 48
68 69 1231
68 71 48
69 66 48
69 68 1231
69 72 48
70 67 48
70 71 1231
70 73 48
71 13 596
71 68 48
71 70 1231
71 74 48
72 13 635
72 69 48
72 75 48
73 70 48
73 74 1231
73 76 48
74 71 48
74 73 1231
74 75 1231
74 77 48
75 72 48
75 74 1231
75 78 48
76 73 48
76 77 1231
76 79 48
77 22 141
77 74 48
77 76 1231
77 80 48
78 22 1090
78 75 48
78 81 48
79 76 48
79 80 1231
80 19 193
80 77 48
80 79 1231
81 23 882
81 78 48
//LocStart LocEnd ShortestPath
0 0 0
0 1 1462
0 2 1614
0 3 1635
0 4 1044
0 5 759
0 6 2086
0 7 1330
0 8 170
0 9 614
0 10 1965
0 11 724
0 12 1414
0 13 2619
0 14 875
0 15 396
0 16 652
0 17 1040
0 18 1145
0 19 2360
0 20 1689
0 21 1275
0 22 2260
0 23 2516
0 24 1618
0 25 409
0 26 1693
0 27 2253
0 28 120
0 29 1351
0 30 2582
0 31 168
0 32 1399
0 33 2630
0 34 216
0 35 1447
0 36 2678
0 37 264
0 38 1495
0 39 2726
0 40 312
0 41 1543
0 42 2774
0 43 360
0 44 1591
0 45 2822
0 46 408
0 47 1639
0 48 2870
0 49 456
0 50 1687
0 51 2918
0 52 504
0 53 1735
0 54 2966
0 55 552
0 56 1783
0 57 3014
0 58 600
0 59 1831
0 60 3062
0 61 648
0 62 1879
0 63 3110
0 64 696
0 65 1927
0 66 3158
0 67 744
0 68 1975
0 69 3206
0 70 792
0 71 2023
0 72 3254
0 73 840
0 74 2071
0 75 3302
0 76 888
0 77 2119
0 78 3350
0 79 936
0 80 2167
0 81 3398
0 82 0
1 0 1462
1 1 0
1 2 278
1 3 395
1 4 1186
1 5 1759
1 6 624
1 7 900
1 8 1292
1 9 1328
1 10 629
1 11 1698
1 12 174
1 13 1283
1 14 1355
1 15 1162
1 16 1002
1 17 1286
1 18 1469
1 19 1024
1 20 353
1 21 1339
1 22 924
1 23 1180
1 24 156
1 25 1149
1 26 357
1 27 917
1 28 1342
1 29 111
1 30 1216
1 31 1294
1 32 63
1 33 1168
1 34 1342
1 35 111
1 36 1216
1 37 1390
1 38 159
1 39 1264
1 40 1438
1 41 207
1 42 1312
1 43 1486
1 44 255
1 45 1360
1 46 1534
1 47 303
1 48 1408
1 49 1582
1 50 351
1 51 1456
1 52 1630
1 53 399
1 54 1504
1 55 1678
1 56 447
1 57 1552
1 58 1726
1 59 495
1 60 1600
1 61 1774
1 62 543
1 63 1648
1 64 1822
1 65 591
1 66 1696
1 67 1870
1 68 639
1 69 1744
1 70 1918
1 71 687
1 72 1792
1 73 1966
1 74 735
1 75 1840
1 76 2014
1 77 783
1 78 1888
1 79 2062
1 80 831
1 81 1936
1 82 1462
2 0 1614
2 1 278
2 2 0
2 3 547
2 4 1242
2 5 1815
2 6 902
2 7 956
2 8 1444
2 9 1384
2 10 351
2 11 1754
2 12 326
2 13 1339
2 14 1411
2 15 1218
2 16 1058
2 17 1342
2 18 1525
2 19 1080
2 20 409
2 21 1395
2 22 980
2 23 1236
2 24 434
2 25 1205
2 26 413
2 27 973
2 28 1494
2 29 263
2 30 1160
2 31 1446
2 32 215
2 33 1112
2 34 1398
2 35 167
2 36 1064
2 37 1446
2 38 215
2 39 1112
2 40 1494
2 41 263
2 42 1160
2 43 1542
2 44 311
2 45 1208
2 46 1590
2 47 359
2 48 1256
2 49 1638
2 50 407
2 51 1304
2 52 1686
2 53 455
2 54 1352
2 55 1734
2 56 503
2 57 1400
2 58 1782
2 59 551
2 60 1448
2 61 1830
2 62 599
2 63 1496
2 64 1878
2 65 647
2 66 1544
2 67 1926
2 68 695
2 69 1592
2 70 1974
2 71 743
2 72 1640
2 73 2022
2 74 791
2 75 1688
2 76 2070
2 77 839
2 78 1736
2 79 2118
2 80 887
2 81 1784
2 82 1614
3 0 1635
3 1 395
3 2 547
3 3 0
3 4 1455
3 5 2028
3 6 1019
3 7 1169
3 8 1465
3 9 1597
3 10 898
3 11 1967
3 12 221
3 13 1552
3 14 1624
3 15 1431
3 16 1271
3 17 1555
3 18 1738
3 19 1293
3 20 622
3 21 1608
3 22 1193
3 23 1449
3 24 551
3 25 1418
3 26 626
3 27 1186
3 28 1515
3 29 284
3 30 947
3 31 1563
3 32 332
3 33 995
3 34 1611
3 35 380
3 36 1043
3 37 1659
3 38 428
3 39 1091
3 40 1707
3 41 476
3 42 1139
3 43 1755
3 44 524
3 45 1187
3 46 1803
3 47 572
3 48 1235
3 49 1851
3 50 620
3 51 1283
3 52 1899
3 53 668
3 54 1331
3 55 1947
3 56 716
3 57 1379
3 58 1995
3 59 764
3 60 1427
3 61 2043
3 62 812
3 63 1475
3 64 2091
3 65 860
3 66 1523
3 67 2139
3 68 908
3 69 1571
3 70 2187
3 71 956
3 72 1619
3 73 2235
3 74 1004
3 75 1667
3 76 2283
3 77 1052
3 78 1715
3 79 2331
3 80 1100
3 81 1763
3 82 1635
4 0 1044
4 1 1186
4 2 1242
4 3 1455
4 4 0
4 5 699
4 6 1810
4 7 286
4 8 974
4 9 842
4 10 1593
4 11 664
4 12 1234
4 13 1575
4 14 169
4 15 1008
4 16 1168
4 17 980
4 18 1085
4 19 1316
4 20 933
4 21 1215
4 22 1216
4 23 1472
4 24 1342
4 25 1021
4 26 1033
4 27 1305
4 28 924
4 29 1171
4 30 2402
4 31 876
4 32 1123
4 33 2354
4 34 828
4 35 1075
4 36 2306
4 37 780
4 38 1027
4 39 2258
4 40 732
4 41 979
4 42 2210
4 43 684
4 44 931
4 45 2162
4 46 636
4 47 883
4 48 2114
4 49 588
4 50 835
4 51 2066
4 52 540
4 53 787
4 54 2018
4 55 492
4 56 739
4 57 1970
4 58 540
4 59 787
4 60 2018
4 61 588
4 62 835
4 63 2066
4 64 636
4 65 883
4 66 2114
4 67 684
4 68 931
4 69 2162
4 70 732
4 71 979
4 72 2210
4 73 780
4 74 1027
4 75 2258
4 76 828
4 77 1075
4 78 2306
4 79 876
4 80 1123
4 81 2354
4 82 1044
5 0 759
5 1 1759
5 2 1815
5 3 2028
5 4 699
5 5 0
5 6 2383
5 7 985
5 8 689
5 9 557
5 10 2166
5 11 187
5 12 1807
5 13 1860
5 14 530
5 15 723
5 16 883
5 17 599
5 18 512
5 19 1601
5 20 1506
5 21 642
5 22 1501
5 23 1757
5 24 1915
5 25 736
5 26 1606
5 27 1878
5 28 639
5 29 1744
5 30 2975
5 31 591
5 32 1696
5 33 2927
5 34 543
5 35 1648
5 36 2879
5 37 495
5 38 1600
5 39 2831
5 40 447
5 41 1552
5 42 2783
5 43 399
5 44 1504
5 45 2735
5 46 351
5 47 1456
5 48 2687
5 49 303
5 50 1408
5 51 2639
5 52 255
5 53 1360
5 54 2591
5 55 207
5 56 1312
5 57 2543
5 58 159
5 59 1264
5 60 2495
5 61 111
5 62 1216
5 63 2447
5 64 63
5 65 1168
5 66 2399
5 67 111
5 68 1216
5 69 2447
5 70 159
5 71 1264
5 72 2495
5 73 207
5 74 1312
5 75 2543
5 76 255
5 77 1360
5 78 2591
5 79 303
5 80 1408
5 81 2639
5 82 759
6 0 2086
6 1 624
6 2 902
6 3 1019
6 4 1810
6 5 2383
6 6 0
6 7 1524
6 8 1916
6 9 1952
6 10 1253
6 11 2322
6 12 798
6 13 1803
6 14 1979
6 15 1786
6 16 1626
6 17 1910
6 18 2093
6 19 1648
6 20 977
6 21 1963
6 22 1548
6 23 1804
6 24 468
6 25 1773
6 26 981
6 27 1541
6 28 1966
6 29 735
6 30 592
6 31 1918
6 32 687
6 33 544
6 34 1966
6 35 735
6 36 592
6 37 2014
6 38 783
6 39 640
6 40 2062
6 41 831
6 42 688
6 43 2110
6 44 879
6 45 736
6 46 2158
6 47 927
6 48 784
6 49 2206
6 50 975
6 51 832
6 52 2254
6 53 1023
6 54 880
6 55 2302
6 56 1071
6 57 928
6 58 2350
6 59 1119
6 60 976
6 61 2398
6 62 1167
6 63 1024
6 64 2446
6 65 1215
6 66 1072
6 67 2494
6 68 1263
6 69 1120
6 70 2542
6 71 1311
6 72 1168
6 73 2590
6 74 1359
6 75 1216
6 76 2638
6 77 1407
6 78 1264
6 79 2686
6 80 1455
6 81 1312
6 82 2086
7 0 1330
7 1 900
7 2 956
7 3 1169
7 4 286
7 5 985
7 6 1524
7 7 0
7 8 1260
7 9 1128
7 10 1307
7 11 950
7 12 948
7 13 1289
7 14 455
7 15 1294
7 16 1454
7 17 1266
7 18 1371
7 19 1030
7 20 647
7 21 1345
7 22 930
7 23 1186
7 24 1056
7 25 1307
7 26 747
7 27 1019
7 28 1210
7 29 885
7 30 2116
7 31 1162
7 32 837
7 33 2068
7 34 1114
7 35 789
7 36 2020
7 37 1066
7 38 741
7 39 1972
7 40 1018
7 41 693
7 42 1924
7 43 970
7 44 645
7 45 1876
7 46 922
7 47 597
7 48 1828
7 49 874
7 50 549
7 51 1780
7 52 826
7 53 501
7 54 1732
7 55 778
7 56 453
7 57 1684
7 58 826
7 59 501
7 60 1732
7 61 874
7 62 549
7 63 1780
7 64 922
7 65 597
7 66 1828
7 67 970
7 68 645
7 69 1876
7 70 1018
7 71 693
7 72 1924
7 73 1066
7 74 741
7 75 1972
7 76 1114
7 77 789
7 78 2020
7 79 1162
7 80 837
7 81 2068
7 82 1330
8 0 170
8 1 1292
8 2 1444
8 3 1465
8 4 974
8 5 689
8 6 1916
8 7 1260
8 8 0
8 9 544
8 10 1795
8 11 654
8 12 1244
8 13 2449
8 14 805
8 15 326
8 16 582
8 17 970
8 18 1075
8 19 2190
8 20 1519
8 21 1205
8 22 2090
8 23 2346
8 24 1448
8 25 339
8 26 1523
8 27 2083
8 28 50
8 29 1181
8 30 2412
8 31 98
8 32 1229
8 33 2460
8 34 146
8 35 1277
8 36 2508
8 37 194
8 38 1325
8 39 2556
8 40 242
8 41 1373
8 42 2604
8 43 290
8 44 1421
8 45 2652
8 46 338
8 47 1469
8 48 2700
8 49 386
8 50 1517
8 51 2748
8 52 434
8 53 1565
8 54 2796
8 55 482
8 56 1613
8 57 2844
8 58 530
8 59 1661
8 60 2892
8 61 578
8 62 1709
8 63 2940
8 64 626
8 65 1757
8 66 2988
8 67 674
8 68 1805
8 69 3036
8 70 722
8 71 1853
8 72 3084
8 73 770
8 74 1901
8 75 3132
8 76 818
8 77 1949
8 78 3180
8 79 866
8 80 1997
8 81 3228
8 82 170
9 0 614
9 1 1328
9 2 1384
9 3 1597
9 4 842
9 5 557
9 6 1952
9 7 1128
9 8 544
9 9 0
9 10 1735
9 11 522
9 12 1376
9 13 2005
9 14 673
9 15 578
9 16 738
9 17 838
9 18 943
9 19 1746
9 20 1075
9 21 1073
9 22 1646
9 23 1902
9 24 1484
9 25 591
9 26 1175
9 27 1639
9 28 494
9 29 1313
9 30 2544
9 31 446
9 32 1265
9 33 2496
9 34 398
9 35 1217
9 36 2448
9 37 350
9 38 1169
9 39 2400
9 40 302
9 41 1121
9 42 2352
9 43 254
9 44 1073
9 45 2304
9 46 206
9 47 1025
9 48 2256
9 49 254
9 50 1073
9 51 2304
9 52 302
9 53 1121
9 54 2352
9 55 350
9 56 1169
9 57 2400
9 58 398
9 59 1217
9 60 2448
9 61 446
9 62 1265
9 63 2496
9 64 494
9 65 1313
9 66 2544
9 67 542
9 68 1361
9 69 2592
9 70 590
9 71 1409
9 72 2640
9 73 638
9 74 1457
9 75 2688
9 76 686
9 77 1505
9 78 2736
9 79 734
9 80 1553
9 81 2784
9 82 614
10 0 1965
10 1 629
10 2 351
10 3 898
10 4 1593
10 5 2166
10 6 1253
10 7 1307
10 8 1795
10 9 1735
10 10 0
10 11 2105
10 12 677
10 13 1690
10 14 1762
10 15 1569
10 16 1409
10 17 1693
10 18 1876
10 19 1431
10 20 760
10 21 1746
10 22 1331
10 23 1587
10 24 785
10 25 1556
10 26 764
10 27 1324
10 28 1845
10 29 614
10 30 809
10 31 1797
10 32 566
10 33 761
10 34 1749
10 35 518
10 36 713
10 37 1797
10 38 566
10 39 761
10 40 1845
10 41 614
10 42 809
10 43 1893
10 44 662
10 45 857
10 46 1941
10 47 710
10 48 905
10 49 1989
10 50 758
10 51 953
10 52 2037
10 53 806
10 54 1001
10 55 2085
10 56 854
10 57 1049
10 58 2133
10 59 902
10 60 1097
10 61 2181
10 62 950
10 63 1145
10 64 2229
10 65 998
10 66 1193
10 67 2277
10 68 1046
10 69 1241
10 70 2325
10 71 1094
10 72 1289
10 73 2373
10 74 1142
10 75 1337
10 76 2421
10 77 1190
10 78 1385
10 79 2469
10 80 1238
10 81 1433
10 82 1965
11 0 724
11 1 1698
11 2 1754
11 3 1967
11 4 664
11 5 187
11 6 2322
11 7 950
11 8 654
11 9 522
11 10 2105
11 11 0
11 12 1746
11 13 1895
11 14 495
11 15 688
11 16 848
11 17 564
11 18 573
11 19 1636
11 20 1445
11 21 703
11 22 1536
11 23 1792
11 24 1854
11 25 701
11 26 1545
11 27 1817
11 28 604
11 29 1683
11 30 2914
11 31 556
11 32 1635
11 33 2866
11 34 508
11 35 1587
11 36 2818
11 37 460
11 38 1539
11 39 2770
11 40 412
11 41 1491
11 42 2722
11 43 364
11 44 1443
11 45 2674
11 46 316
11 47 1395
11 48 2626
11 49 268
11 50 1347
11 51 2578
11 52 220
11 53 1299
11 54 2530
11 55 172
11 56 1251
11 57 2482
11 58 124
11 59 1203
11 60 2434
11 61 76
11 62 1155
11 63 2386
11 64 124
11 65 1203
11 66 2434
11 67 172
11 68 1251
11 69 2482
11 70 220
11 71 1299
11 72 2530
11 73 268
11 74 1347
11 75 2578
11 76 316
11 77 1395
11 78 2626
11 79 364
11 80 1443
11 81 2674
11 82 724
12 0 1414
12 1 174
12 2 326
12 3 221
12 4 1234
12 5 1807
12 6 798
12 7 948
12 8 1244
12 9 1376
12 10 677
12 11 1746
12 12 0
12 13 1331
12 14 1403
12 15 1210
12 16 1050
12 17 1334
12 18 1517
12 19 1072
12 20 401
12 21 1387
12 22 972
12 23 1228
12 24 330
12 25 1197
12 26 405
12 27 965
12 28 1294
12 29 63
12 30 1168
12 31 1342
12 32 111
12 33 1216
12 34 1390
12 35 159
12 36 1264
12 37 1438
12 38 207
12 39 1312
12 40 1486
12 41 255
12 42 1360
12 43 1534
12 44 303
12 45 1408
12 46 1582
12 47 351
12 48 1456
12 49 1630
12 50 399
12 51 1504
12 52 1678
12 53 447
12 54 1552
12 55 1726
12 56 495
12 57 1600
12 58 1774
12 59 543
12 60 1648
12 61 1822
12 62 591
12 63 1696
12 64 1870
12 65 639
12 66 1744
12 67 1918
12 68 687
12 69 1792
12 70 1966
12 71 735
12 72 1840
12 73 2014
12 74 783
12 75 1888
12 76 2062
12 77 831
12 78 1936
12 79 2110
12 80 879
12 81 1984
12 82 1414
13 0 2619
13 1 1283
13 2 1339
13 3 1552
13 4 1575
13 5 1860
13 6 1803
13 7 1289
13 8 2449
13 9 2005
13 10 1690
13 11 1895
13 12 1331
13 13 0
13 14 1744
13 15 2223
13 16 1967
13 17 1579
13 18 1474
13 19 933
13 20 1030
13 21 1344
13 22 833
13 23 1089
13 24 1439
13 25 2210
13 26 1130
13 27 1402
13 28 2499
13 29 1268
13 30 1307
13 31 2451
13 32 1220
13 33 1259
13 34 2403
13 35 1172
13 36 1211
13 37 2355
13 38 1124
13 39 1163
13 40 2307
13 41 1076
13 42 1115
13 43 2259
13 44 1028
13 45 1067
13 46 2211
13 47 980
13 48 1019
13 49 2163
13 50 932
13 51 971
13 52 2115
13 53 884
13 54 923
13 55 2067
13 56 836
13 57 875
13 58 2019
13 59 788
13 60 827
13 61 1971
13 62 740
13 63 779
13 64 1923
13 65 692
13 66 731
13 67 1875
13 68 644
13 69 683
13 70 1827
13 71 596
13 72 635
13 73 1875
13 74 644
13 75 683
13 76 1923
13 77 692
13 78 731
13 79 1971
13 80 740
13 81 779
13 82 2619
14 0 875
14 1 1355
14 2 1411
14 3 1624
14 4 169
14 5 530
14 6 1979
14 7 455
14 8 805
14 9 673
14 10 1762
14 11 495
14 12 1403
14 13 1744
14 14 0
14 15 839
14 16 999
14 17 811
14 18 916
14 19 1485
14 20 1102
14 21 1046
14 22 1385
14 23 1641
14 24 1511
14 25 852
14 26 1202
14 27 1474
14 28 755
14 29 1340
14 30 2571
14 31 707
14 32 1292
14 33 2523
14 34 659
14 35 1244
14 36 2475
14 37 611
14 38 1196
14 39 2427
14 40 563
14 41 1148
14 42 2379
14 43 515
14 44 1100
14 45 2331
14 46 467
14 47 1052
14 48 2283
14 49 419
14 50 1004
14 51 2235
14 52 371
14 53 956
14 54 2187
14 55 323
14 56 908
14 57 2139
14 58 371
14 59 956
14 60 2187
14 61 419
14 62 1004
14 63 2235
14 64 467
14 65 1052
14 66 2283
14 67 515
14 68 1100
14 69 2331
14 70 563
14 71 1148
14 72 2379
14 73 611
14 74 1196
14 75 2427
14 76 659
14 77 1244
14 78 2475
14 79 707
14 80 1292
14 81 2523
14 82 875
15 0 396
15 1 1162
15 2 1218
15 3 1431
15 4 1008
15 5 723
15 6 1786
15 7 1294
15 8 326
15 9 578
15 10 1569
15 11 688
15 12 1210
15 13 2223
15 14 839
15 15 0
15 16 616
15 17 1004
15 18 1109
15 19 1964
15 20 1293
15 21 1239
15 22 1864
15 23 2120
15 24 1318
15 25 13
15 26 1297
15 27 1857
15 28 276
15 29 1147
15 30 2378
15 31 228
15 32 1099
15 33 2330
15 34 180
15 35 1051
15 36 2282
15 37 228
15 38 1099
15 39 2330
15 40 276
15 41 1147
15 42 2378
15 43 324
15 44 1195
15 45 2426
15 46 372
15 47 1243
15 48 2474
15 49 420
15 50 1291
15 51 2522
15 52 468
15 53 1339
15 54 2570
15 55 516
15 56 1387
15 57 2618
15 58 564
15 59 1435
15 60 2666
15 61 612
15 62 1483
15 63 2714
15 64 660
15 65 1531
15 66 2762
15 67 708
15 68 1579
15 69 2810
15 70 756
15 71 1627
15 72 2858
15 73 804
15 74 1675
15 75 2906
15 76 852
15 77 1723
15 78 2954
15 79 900
15 80 1771
15 81 3002
15 82 396
16 0 652
16 1 1002
16 2 1058
16 3 1271
16 4 1168
16 5 883
16 6 1626
16 7 1454
16 8 582
16 9 738
16 10 1409
16 11 848
16 12 1050
16 13 1967
16 14 999
16 15 616
16 16 0
16 17 1164
16 18 1269
16 19 1708
16 20 1037
16 21 1399
16 22 1608
16 23 1864
16 24 1158
16 25 629
16 26 1041
16 27 1601
16 28 532
16 29 987
16 30 2218
16 31 484
16 32 939
16 33 2170
16 34 436
16 35 891
16 36 2122
16 37 388
16 38 843
16 39 2074
16 40 436
16 41 891
16 42 2122
16 43 484
16 44 939
16 45 2170
16 46 532
16 47 987
16 48 2218
16 49 580
16 50 1035
16 51 2266
16 52 628
16 53 1083
16 54 2314
16 55 676
16 56 1131
16 57 2362
16 58 724
16 59 1179
16 60 2410
16 61 772
16 62 1227
16 63 2458
16 64 820
16 65 1275
16 66 2506
16 67 868
16 68 1323
16 69 2554
16 70 916
16 71 1371
16 72 2602
16 73 964
16 74 1419
16 75 2650
16 76 1012
16 77 1467
16 78 2698
16 79 1060
16 80 1515
16 81 2746
16 82 652
17 0 1040
17 1 1286
17 2 1342
17 3 1555
17 4 980
17 5 599
17 6 1910
17 7 1266
17 8 970
17 9 838
17 10 1693
17 11 564
17 12 1334
17 13 1579
17 14 811
17 15 1004
17 16 1164
17 17 0
17 18 985
17 19 1320
17 20 1033
17 21 1115
17 22 1220
17 23 1476
17 24 1442
17 25 1017
17 26 1133
17 27 1405
17 28 920
17 29 1271
17 30 2502
17 31 872
17 32 1223
17 33 2454
17 34 824
17 35 1175
17 36 2406
17 37 776
17 38 1127
17 39 2358
17 40 728
17 41 1079
17 42 2310
17 43 680
17 44 1031
17 45 2262
17 46 632
17 47 983
17 48 2214
17 49 584
17 50 935
17 51 2166
17 52 536
17 53 887
17 54 2118
17 55 488
17 56 839
17 57 2070
17 58 440
17 59 791
17 60 2022
17 61 488
17 62 839
17 63 2070
17 64 536
17 65 887
17 66 2118
17 67 584
17 68 935
17 69 2166
17 70 632
17 71 983
17 72 2214
17 73 680
17 74 1031
17 75 2262
17 76 728
17 77 1079
17 78 2310
17 79 776
17 80 1127
17 81 2358
17 82 1040
18 0 1145
18 1 1469
18 2 1525
18 3 1738
18 4 1085
18 5 512
18 6 2093
18 7 1371
18 8 1075
18 9 943
18 10 1876
18 11 573
18 12 1517
18 13 1474
18 14 916
18 15 1109
18 16 1269
18 17 985
18 18 0
18 19 1215
18 20 1216
18 21 130
18 22 1115
18 23 1371
18 24 1625
18 25 1122
18 26 1316
18 27 1588
18 28 1025
18 29 1454
18 30 2685
18 31 977
18 32 1406
18 33 2637
18 34 929
18 35 1358
18 36 2589
18 37 881
18 38 1310
18 39 2541
18 40 833
18 41 1262
18 42 2493
18 43 785
18 44 1214
18 45 2445
18 46 737
18 47 1166
18 48 2397
18 49 689
18 50 1118
18 51 2349
18 52 641
18 53 1070
18 54 2301
18 55 593
18 56 1022
18 57 2253
18 58 545
18 59 974
18 60 2205
18 61 497
18 62 926
18 63 2157
18 64 449
18 65 878
18 66 2109
18 67 401
18 68 830
18 69 2061
18 70 449
18 71 878
18 72 2109
18 73 497
18 74 926
18 75 2157
18 76 545
18 77 974
18 78 2205
18 79 593
18 80 1022
18 81 2253
18 82 1145
19 0 2360
19 1 1024
19 2 1080
19 3 1293
19 4 1316
19 5 1601
19 6 1648
19 7 1030
19 8 2190
19 9 1746
19 10 1431
19 11 1636
19 12 1072
19 13 933
19 14 1485
19 15 1964
19 16 1708
19 17 1320
19 18 1215
19 19 0
19 20 771
19 21 1085
19 22 382
19 23 156
19 24 1180
19 25 1951
19 26 871
19 27 1143
19 28 2240
19 29 1009
19 30 1854
19 31 2192
19 32 961
19 33 1806
19 34 2144
19 35 913
19 36 1758
19 37 2096
19 38 865
19 39 1710
19 40 2048
19 41 817
19 42 1662
19 43 2000
19 44 769
19 45 1614
19 46 1952
19 47 721
19 48 1566
19 49 1904
19 50 673
19 51 1518
19 52 1856
19 53 625
19 54 1470
19 55 1808
19 56 577
19 57 1422
19 58 1760
19 59 529
19 60 1374
19 61 1712
19 62 481
19 63 1326
19 64 1664
19 65 433
19 66 1278
19 67 1616
19 68 385
19 69 1230
19 70 1568
19 71 337
19 72 1182
19 73 1520
19 74 289
19 75 1134
19 76 1472
19 77 241
19 78 1086
19 79 1424
19 80 193
19 81 1038
19 82 2360
20 0 1689
20 1 353
20 2 409
20 3 622
20 4 933
20 5 1506
20 6 977
20 7 647
20 8 1519
20 9 1075
20 10 760
20 11 1445
20 12 401
20 13 1030
20 14 1102
20 15 1293
20 16 1037
20 17 1033
20 18 1216
20 19 771
20 20 0
20 21 1086
20 22 671
20 23 927
20 24 509
20 25 1280
20 26 200
20 27 664
20 28 1569
20 29 338
20 30 1469
20 31 1521
20 32 290
20 33 1421
20 34 1473
20 35 242
20 36 1373
20 37 1425
20 38 194
20 39 1325
20 40 1377
20 41 146
20 42 1277
20 43 1329
20 44 98
20 45 1229
20 46 1281
20 47 50
20 48 1181
20 49 1329
20 50 98
20 51 1229
20 52 1377
20 53 146
20 54 1277
20 55 1425
20 56 194
20 57 1325
20 58 1473
20 59 242
20 60 1373
20 61 1521
20 62 290
20 63 1421
20 64 1569
20 65 338
20 66 1469
20 67 1617
20 68 386
20 69 1517
20 70 1665
20 71 434
20 72 1565
20 73 1713
20 74 482
20 75 1613
20 76 1761
20 77 530
20 78 1661
20 79 1809
20 80 578
20 81 1709
20 82 1689
21 0 1275
21 1 1339
21 2 1395
21 3 1608
21 4 1215
21 5 642
21 6 1963
21 7 1345
21 8 1205
21 9 1073
21 10 1746
21 11 703
21 12 1387
21 13 1344
21 14 1046
21 15 1239
21 16 1399
21 17 1115
21 18 130
21 19 1085
21 20 1086
21 21 0
21 22 985
21 23 1241
21 24 1495
21 25 1252
21 26 1186
21 27 1458
21 28 1155
21 29 1324
21 30 2555
21 31 1107
21 32 1276
21 33 2507
21 34 1059
21 35 1228
21 36 2459
21 37 1011
21 38 1180
21 39 2411
21 40 963
21 41 1132
21 42 2363
21 43 915
21 44 1084
21 45 2315
21 46 867
21 47 1036
21 48 2267
21 49 819
21 50 988
21 51 2219
21 52 771
21 53 940
21 54 2171
21 55 723
21 56 892
21 57 2123
21 58 675
21 59 844
21 60 2075
21 61 627
21 62 796
21 63 2027
21 64 579
21 65 748
21 66 1979
21 67 531
21 68 700
21 69 1931
21 70 579
21 71 748
21 72 1979
21 73 627
21 74 796
21 75 2027
21 76 675
21 77 844
21 78 2075
21 79 723
21 80 892
21 81 2123
21 82 1275
22 0 2260
22 1 924
22 2 980
22 3 1193
22 4 1216
22 5 1501
22 6 1548
22 7 930
22 8 2090
22 9 1646
22 10 1331
22 11 1536
22 12 972
22 13 833
22 14 1385
22 15 1864
22 16 1608
22 17 1220
22 18 1115
22 19 382
22 20 671
22 21 985
22 22 0
22 23 538
22 24 1080
22 25 1851
22 26 771
22 27 1043
22 28 2140
22 29 909
22 30 1858
22 31 2092
22 32 861
22 33 1810
22 34 2044
22 35 813
22 36 1762
22 37 1996
22 38 765
22 39 1714
22 40 1948
22 41 717
22 42 1666
22 43 1900
22 44 669
22 45 1618
22 46 1852
22 47 621
22 48 1570
22 49 1804
22 50 573
22 51 1522
22 52 1756
22 53 525
22 54 1474
22 55 1708
22 56 477
22 57 1426
22 58 1660
22 59 429
22 60 1378
22 61 1612
22 62 381
22 63 1330
22 64 1564
22 65 333
22 66 1282
22 67 1516
22 68 285
22 69 1234
22 70 1468
22 71 237
22 72 1186
22 73 1420
22 74 189
22 75 1138
22 76 1372
22 77 141
22 78 1090
22 79 1420
22 80 189
22 81 1138
22 82 2260
23 0 2516
23 1 1180
23 2 1236
23 3 1449
23 4 1472
23 5 1757
23 6 1804
23 7 1186
23 8 2346
23 9 1902
23 10 1587
23 11 1792
23 12 1228
23 13 1089
23 14 1641
23 15 2120
23 16 1864
23 17 1476
23 18 1371
23 19 156
23 20 927
23 21 1241
23 22 538
23 23 0
23 24 1336
23 25 2107
23 26 1027
23 27 1299
23 28 2396
23 29 1165
23 30 1698
23 31 2348
23 32 1117
23 33 1650
23 34 2300
23 35 1069
23 36 1602
23 37 2252
23 38 1021
23 39 1554
23 40 2204
23 41 973
23 42 1506
23 43 2156
23 44 925
23 45 1458
23 46 2108
23 47 877
23 48 1410
23 49 2060
23 50 829
23 51 1362
23 52 2012
23 53 781
23 54 1314
23 55 1964
23 56 733
23 57 1266
23 58 1916
23 59 685
23 60 1218
23 61 1868
23 62 637
23 63 1170
23 64 1820
23 65 589
23 66 1122
23 67 1772
23 68 541
23 69 1074
23 70 1724
23 71 493
23 72 1026
23 73 1676
23 74 445
23 75 978
23 76 1628
23 77 397
23 78 930
23 79 1580
23 80 349
23 81 882
23 82 2516
24 0 1618
24 1 156
24 2 434
24 3 551
24 4 1342
24 5 1915
24 6 468
24 7 1056
24 8 1448
24 9 1484
24 10 785
24 11 1854
24 12 330
24 13 1439
24 14 1511
24 15 1318
24 16 1158
24 17 1442
24 18 1625
24 19 1180
24 20 509
24 21 1495
24 22 1080
24 23 1336
24 24 0
24 25 1305
24 26 513
24 27 1073
24 28 1498
24 29 267
24 30 1060
24 31 1450
24 32 219
24 33 1012
24 34 1498
24 35 267
24 36 1060
24 37 1546
24 38 315
24 39 1108
24 40 1594
24 41 363
24 42 1156
24 43 1642
24 44 411
24 45 1204
24 46 1690
24 47 459
24 48 1252
24 49 1738
24 50 507
24 51 1300
24 52 1786
24 53 555
24 54 1348
24 55 1834
24 56 603
24 57 1396
24 58 1882
24 59 651
24 60 1444
24 61 1930
24 62 699
24 63 1492
24 64 1978
24 65 747
24 66 1540
24 67 2026
24 68 795
24 69 1588
24 70 2074
24 71 843
24 72 1636
24 73 2122
24 74 891
24 75 1684
24 76 2170
24 77 939
24 78 1732
24 79 2218
24 80 987
24 81 1780
24 82 1618
25 0 409
25 1 1149
25 2 1205
25 3 1418
25 4 1021
25 5 736
25 6 1773
25 7 1307
25 8 339
25 9 591
25 10 1556
25 11 701
25 12 1197
25 13 2210
25 14 852
25 15 13
25 16 629
25 17 1017
25 18 1122
25 19 1951
25 20 1280
25 21 1252
25 22 1851
25 23 2107
25 24 1305
25 25 0
25 26 1284
25 27 1844
25 28 289
25 29 1134
25 30 2365
25 31 241
25 32 1086
25 33 2317
25 34 193
25 35 1038
25 36 2269
25 37 241
25 38 1086
25 39 2317
25 40 289
25 41 1134
25 42 2365
25 43 337
25 44 1182
25 45 2413
25 46 385
25 47 1230
25 48 2461
25 49 433
25 50 1278
25 51 2509
25 52 481
25 53 1326
25 54 2557
25 55 529
25 56 1374
25 57 2605
25 58 577
25 59 1422
25 60 2653
25 61 625
25 62 1470
25 63 2701
25 64 673
25 65 1518
25 66 2749
25 67 721
25 68 1566
25 69 2797
25 70 769
25 71 1614
25 72 2845
25 73 817
25 74 1662
25 75 2893
25 76 865
25 77 1710
25 78 2941
25 79 913
25 80 1758
25 81 2989
25 82 409
26 0 1693
26 1 357
26 2 413
26 3 626
26 4 1033
26 5 1606
26 6 981
26 7 747
26 8 1523
26 9 1175
26 10 764
26 11 1545
26 12 405
26 13 1130
26 14 1202
26 15 1297
26 16 1041
26 17 1133
26 18 1316
26 19 871
26 20 200
26 21 1186
26 22 771
26 23 1027
26 24 513
26 25 1284
26 26 0
26 27 764
26 28 1573
26 29 342
26 30 1369
26 31 1525
26 32 294
26 33 1321
26 34 1477
26 35 246
26 36 1273
26 37 1429
26 38 198
26 39 1225
26 40 1381
26 41 150
26 42 1177
26 43 1333
26 44 102
26 45 1129
26 46 1381
26 47 150
26 48 1177
26 49 1429
26 50 198
26 51 1225
26 52 1477
26 53 246
26 54 1273
26 55 1525
26 56 294
26 57 1321
26 58 1573
26 59 342
26 60 1369
26 61 1621
26 62 390
26 63 1417
26 64 1669
26 65 438
26 66 1465
26 67 1717
26 68 486
26 69 1513
26 70 1765
26 71 534
26 72 1561
26 73 1813
26 74 582
26 75 1609
26 76 1861
26 77 630
26 78 1657
26 79 1909
26 80 678
26 81 1705
26 82 1693
27 0 2253
27 1 917
27 2 973
27 3 1186
27 4 1305
27 5 1878
27 6 1541
27 7 1019
27 8 2083
27 9 1639
27 10 1324
27 11 1817
27 12 965
27 13 1402
27 14 1474
27 15 1857
27 16 1601
27 17 1405
27 18 1588
27 19 1143
27 20 664
27 21 1458
27 22 1043
27 23 1299
27 24 1073
27 25 1844
27 26 764
27 27 0
27 28 2133
27 29 902
27 30 1097
27 31 2085
27 32 854
27 33 1049
27 34 2037
27 35 806
27 36 1001
27 37 1989
27 38 758
27 39 953
27 40 1941
27 41 710
27 42 905
27 43 1893
27 44 662
27 45 857
27 46 1845
27 47 614
27 48 809
27 49 1797
27 50 566
27 51 761
27 52 1749
27 53 518
27 54 713
27 55 1797
27 56 566
27 57 761
27 58 1845
27 59 614
27 60 809
27 61 1893
27 62 662
27 63 857
27 64 1941
27 65 710
27 66 905
27 67 1989
27 68 758
27 69 953
27 70 2037
27 71 806
27 72 1001
27 73 2085
27 74 854
27 75 1049
27 76 2133
27 77 902
27 78 1097
27 79 2181
27 80 950
27 81 1145
27 82 2253
28 0 120
28 1 1342
28 2 1494
28 3 1515
28 4 924
28 5 639
28 6 1966
28 7 1210
28 8 50
28 9 494
28 10 1845
28 11 604
28 12 1294
28 13 2499
28 14 755
28 15 276
28 16 532
28 17 920
28 18 1025
28 19 2240
28 20 1569
28 21 1155
28 22 2140
28 23 2396
28 24 1498
28 25 289
28 26 1573
28 27 2133
28 28 0
28 29 1231
28 30 2462
28 31 48
28 32 1279
28 33 2510
28 34 96
28 35 1327
28 36 2558
28 37 144
28 38 1375
28 39 2606
28 40 192
28 41 1423
28 42 2654
28 43 240
28 44 1471
28 45 2702
28 46 288
28 47 1519
28 48 2750
28 49 336
28 50 1567
28 51 2798
28 52 384
28 53 1615
28 54 2846
28 55 432
28 56 1663
28 57 2894
28 58 480
28 59 1711
28 60 2942
28 61 528
28 62 1759
28 63 2990
28 64 576
28 65 1807
28 66 3038
28 67 624
28 68 1855
28 69 3086
28 70 672
28 71 1903
28 72 3134
28 73 720
28 74 1951
28 75 3182
28 76 768
28 77 1999
28 78 3230
28 79 816
28 80 2047
28 81 3278
28 82 120
29 0 1351
29 1 111
29 2 263
29 3 284
29 4 1171
29 5 1744
29 6 735
29 7 885
29 8 1181
29 9 1313
29 10 614
29 11 1683
29 12 63
29 13 1268
29 14 1340
29 15 1147
29 16 987
29 17 1271
29 18 1454
29 19 1009
29 20 338
29 21 1324
29 22 909
29 23 1165
29 24 267
29 25 1134
29 26 342
29 27 902
29 28 1231
29 29 0
29 30 1231
29 31 1279
29 32 48
29 33 1279
29 34 1327
29 35 96
29 36 1327
29 37 1375
29 38 144
29 39 1375
29 40 1423
29 41 192
29 42 1423
29 43 1471
29 44 240
29 45 1471
29 46 1519
29 47 288
29 48 1519
29 49 1567
29 50 336
29 51 1567
29 52 1615
29 53 384
29 54 1615
29 55 1663
29 56 432
29 57 1663
29 58 1711
29 59 480
29 60 1711
29 61 1759
29 62 528
29 63 1759
29 64 1807
29 65 576
29 66 1807
29 67 1855
29 68 624
29 69 1855
29 70 1903
29 71 672
29 72 1903
29 73 1951
29 74 720
29 75 1951
29 76 1999
29 77 768
29 78 1999
29 79 2047
29 80 816
29 81 2047
29 82 1351
30 0 2582
30 1 1216
30 2 1160
30 3 947
30 4 2402
30 5 2975
30 6 592
30 7 2116
30 8 2412
30 9 2544
30 10 809
30 11 2914
30 12 1168
30 13 1307
30 14 2571
30 15 2378
30 16 2218
30 17 2502
30 18 2685
30 19 1854
30 20 1469
30 21 2555
30 22 1858
30 23 1698
30 24 1060
30 25 2365
30 26 1369
30 27 1097
30 28 2462
30 29 1231
30 30 0
30 31 2510
30 32 1279
30 33 48
30 34 2558
30 35 1327
30 36 96
30 37 2606
30 38 1375
30 39 144
30 40 2654
30 41 1423
30 42 192
30 43 2702
30 44 1471
30 45 240
30 46 2750
30 47 1519
30 48 288
30 49 2798
30 50 1567
30 51 336
30 52 2846
30 53 1615
30 54 384
30 55 2894
30 56 1663
30 57 432
30 58 2942
30 59 1711
30 60 480
30 61 2990
30 62 1759
30 63 528
30 64 3038
30 65 1807
30 66 576
30 67 3086
30 68 1855
30 69 624
30 70 3134
30 71 1903
30 72 672
30 73 3182
30 74 1951
30 75 720
30 76 3230
30 77 1999
30 78 768
30 79 3278
30 80 2047
30 81 816
30 82 2582
31 0 168
31 1 1294
31 2 1446
31 3 1563
31 4 876
31 5 591
31 6 1918
31 7 1162
31 8 98
31 9 446
31 10 1797
31 11 556
31 12 1342
31 13 2451
31 14 707
31 15 228
31 16 484
31 17 872
31 18 977
31 19 2192
31 20 1521
31 21 1107
31 22 2092
31 23 2348
31 24 1450
31 25 241
31 26 1525
31 27 2085
31 28 48
31 29 1279
31 30 2510
31 31 0
31 32 1231
31 33 2462
31 34 48
31 35 1279
31 36 2510
31 37 96
31 38 1327
31 39 2558
31 40 144
31 41 1375
31 42 2606
31 43 192
31 44 1423
31 45 2654
31 46 240
31 47 1471
31 48 2702
31 49 288
31 50 1519
31 51 2750
31 52 336
31 53 1567
31 54 2798
31 55 384
31 56 1615
31 57 2846
31 58 432
31 59 1663
31 60 2894
31 61 480
31 62 1711
31 63 2942
31 64 528
31 65 1759
31 66 2990
31 67 576
31 68 1807
31 69 3038
31 70 624
31 71 1855
31 72 3086
31 73 672
31 74 1903
31 75 3134
31 76 720
31 77 1951
31 78 3182
31 79 768
31 80 1999
31 81 3230
31 82 168
32 0 1399
32 1 63
32 2 215
32 3 332
32 4 1123
32 5 1696
32 6 687
32 7 837
32 8 1229
32 9 1265
32 10 566
32 11 1635
32 12 111
32 13 1220
32 14 1292
32 15 1099
32 16 939
32 17 1223
32 18 1406
32 19 961
32 20 290
32 21 1276
32 22 861
32 23 1117
32 24 219
32 25 1086
32 26 294
32 27 854
32 28 1279
32 29 48
32 30 1279
32 31 1231
32 32 0
32 33 1231
32 34 1279
32 35 48
32 36 1279
32 37 1327
32 38 96
32 39 1327
32 40 1375
32 41 144
32 42 1375
32 43 1423
32 44 192
32 45 1423
32 46 1471
32 47 240
32 48 1471
32 49 1519
32 50 288
32 51 1519
32 52 1567
32 53 336
32 54 1567
32 55 1615
32 56 384
32 57 1615
32 58 1663
32 59 432
32 60 1663
32 61 1711
32 62 480
32 63 1711
32 64 1759
32 65 528
32 66 1759
32 67 1807
32 68 576
32 69 1807
32 70 1855
32 71 624
32 72 1855
32 73 1903
32 74 672
32 75 1903
32 76 1951
32 77 720
32 78 1951
32 79 1999
32 80 768
32 81 1999
32 82 1399
33 0 2630
33 1 1168
33 2 1112
33 3 995
33 4 2354
33 5 2927
33 6 544
33 7 2068
33 8 2460
33 9 2496
33 10 761
33 11 2866
33 12 1216
33 13 1259
33 14 2523
33 15 2330
33 16 2170
33 17 2454
33 18 2637
33 19 1806
33 20 1421
33 21 2507
33 22 1810
33 23 1650
33 24 1012
33 25 2317
33 26 1321
33 27 1049
33 28 2510
33 29 1279
33 30 48
33 31 2462
33 32 1231
33 33 0
33 34 2510
33 35 1279
33 36 48
33 37 2558
33 38 1327
33 39 96
33 40 2606
33 41 1375
33 42 144
33 43 2654
33 44 1423
33 45 192
33 46 2702
33 47 1471
33 48 240
33 49 2750
33 50 1519
33 51 288
33 52 2798
33 53 1567
33 54 336
33 55 2846
33 56 1615
33 57 384
33 58 2894
33 59 1663
33 60 432
33 61 2942
33 62 1711
33 63 480
33 64 2990
33 65 1759
33 66 528
33 67 3038
33 68 1807
33 69 576
33 70 3086
33 71 1855
33 72 624
33 73 3134
33 74 1903
33 75 672
33 76 3182
33 77 1951
33 78 720
33 79 3230
33 80 1999
33 81 768
33 82 2630
34 0 216
34 1 1342
34 2 1398
34 3 1611
34 4 828
34 5 543
34 6 1966
34 7 1114
34 8 146
34 9 398
34 10 1749
34 11 508
34 12 1390
34 13 2403
34 14 659
34 15 180
34 16 436
34 17 824
34 18 929
34 19 2144
34 20 1473
34 21 1059
34 22 2044
34 23 2300
34 24 1498
34 25 193
34 26 1477
34 27 2037
34 28 96
34 29 1327
34 30 2558
34 31 48
34 32 1279
34 33 2510
34 34 0
34 35 1231
34 36 2462
34 37 48
34 38 1279
34 39 2510
34 40 96
34 41 1327
34 42 2558
34 43 144
34 44 1375
34 45 2606
34 46 192
34 47 1423
34 48 2654
34 49 240
34 50 1471
34 51 2702
34 52 288
34 53 1519
34 54 2750
34 55 336
34 56 1567
34 57 2798
34 58 384
34 59 1615
34 60 2846
34 61 432
34 62 1663
34 63 2894
34 64 480
34 65 1711
34 66 2942
34 67 528
34 68 1759
34 69 2990
34 70 576
34 71 1807
34 72 3038
34 73 624
34 74 1855
34 75 3086
34 76 672
34 77 1903
34 78 3134
34 79 720
34 80 1951
34 81 3182
34 82 216
35 0 1447
35 1 111
35 2 167
35 3 380
35 4 1075
35 5 1648
35 6 735
35 7 789
35 8 1277
35 9 1217
35 10 518
35 11 1587
35 12 159
35 13 1172
35 14 1244
35 15 1051
35 16 891
35 17 1175
35 18 1358
35 19 913
35 20 242
35 21 1228
35 22 813
35 23 1069
35 24 267
35 25 1038
35 26 246
35 27 806
35 28 1327
35 29 96
35 30 1327
35 31 1279
35 32 48
35 33 1279
35 34 1231
35 35 0
35 36 1231
35 37 1279
35 38 48
35 39 1279
35 40 1327
35 41 96
35 42 1327
35 43 1375
35 44 144
35 45 1375
35 46 1423
35 47 192
35 48 1423
35 49 1471
35 50 240
35 51 1471
35 52 1519
35 53 288
35 54 1519
35 55 1567
35 56 336
35 57 1567
35 58 1615
35 59 384
35 60 1615
35 61 1663
35 62 432
35 63 1663
35 64 1711
35 65 480
35 66 1711
35 67 1759
35 68 528
35 69 1759
35 70 1807
35 71 576
35 72 1807
35 73 1855
35 74 624
35 75 1855
35 76 1903
35 77 672
35 78 1903
35 79 1951
35 80 720
35 81 1951
35 82 1447
36 0 2678
36 1 1216
36 2 1064
36 3 1043
36 4 2306
36 5 2879
36 6 592
36 7 2020
36 8 2508
36 9 2448
36 10 713
36 11 2818
36 12 1264
36 13 1211
36 14 2475
36 15 2282
36 16 2122
36 17 2406
36 18 2589
36 19 1758
36 20 1373
36 21 2459
36 22 1762
36 23 1602
36 24 1060
36 25 2269
36 26 1273
36 27 1001
36 28 2558
36 29 1327
36 30 96
36 31 2510
36 32 1279
36 33 48
36 34 2462
36 35 1231
36 36 0
36 37 2510
36 38 1279
36 39 48
36 40 2558
36 41 1327
36 42 96
36 43 2606
36 44 1375
36 45 144
36 46 2654
36 47 1423
36 48 192
36 49 2702
36 50 1471
36 51 240
36 52 2750
36 53 1519
36 54 288
36 55 2798
36 56 1567
36 57 336
36 58 2846
36 59 1615
36 60 384
36 61 2894
36 62 1663
36 63 432
36 64 2942
36 65 1711
36 66 480
36 67 2990
36 68 1759
36 69 528
36 70 3038
36 71 1807
36 72 576
36 73 3086
36 74 1855
36 75 624
36 76 3134
36 77 1903
36 78 672
36 79 3182
36 80 1951
36 81 720
36 82 2678
37 0 264
37 1 1390
37 2 1446
37 3 1659
37 4 780
37 5 495
37 6 2014
37 7 1066
37 8 194
37 9 350
37 10 1797
37 11 460
37 12 1438
37 13 2355
37 14 611
37 15 228
37 16 388
37 17 776
37 18 881
37 19 2096
37 20 1425
37 21 1011
37 22 1996
37 23 2252
37 24 1546
37 25 241
37 26 1429
37 27 1989
37 28 144
37 29 1375
37 30 2606
37 31 96
37 32 1327
37 33 2558
37 34 48
37 35 1279
37 36 2510
37 37 0
37 38 1231
37 39 2462
37 40 48
37 41 1279
37 42 2510
37 43 96
37 44 1327
37 45 2558
37 46 144
37 47 1375
37 48 2606
37 49 192
37 50 1423
37 51 2654
37 52 240
37 53 1471
37 54 2702
37 55 288
37 56 1519
37 57 2750
37 58 336
37 59 1567
37 60 2798
37 61 384
37 62 1615
37 63 2846
37 64 432
37 65 1663
37 66 2894
37 67 480
37 68 1711
37 69 2942
37 70 528
37 71 1759
37 72 2990
37 73 576
37 74 1807
37 75 3038
37 76 624
37 77 1855
37 78 3086
37 79 672
37 80 1903
37 81 3134
37 82 264
38 0 1495
38 1 159
38 2 215
38 3 428
38 4 1027
38 5 1600
38 6 783
38 7 741
38 8 1325
38 9 1169
38 10 566
38 11 1539
38 12 207
38 13 1124
38 14 1196
38 15 1099
38 16 843
38 17 1127
38 18 1310
38 19 865
38 20 194
38 21 1180
38 22 765
38 23 1021
38 24 315
38 25 1086
38 26 198
38 27 758
38 28 1375
38 29 144
38 30 1375
38 31 1327
38 32 96
38 33 1327
38 34 1279
38 35 48
38 36 1279
38 37 1231
38 38 0
38 39 1231
38 40 1279
38 41 48
38 42 1279
38 43 1327
38 44 96
38 45 1327
38 46 1375
38 47 144
38 48 1375
38 49 1423
38 50 192
38 51 1423
38 52 1471
38 53 240
38 54 1471
38 55 1519
38 56 288
38 57 1519
38 58 1567
38 59 336
38 60 1567
38 61 1615
38 62 384
38 63 1615
38 64 1663
38 65 432
38 66 1663
38 67 1711
38 68 480
38 69 1711
38 70 1759
38 71 528
38 72 1759
38 73 1807
38 74 576
38 75 1807
38 76 1855
38 77 624
38 78 1855
38 79 1903
38 80 672
38 81 1903
38 82 1495
39 0 2726
39 1 1264
39 2 1112
39 3 1091
39 4 2258
39 5 2831
39 6 640
39 7 1972
39 8 2556
39 9 2400
39 10 761
39 11 2770
39 12 1312
39 13 1163
39 14 2427
39 15 2330
39 16 2074
39 17 2358
39 18 2541
39 19 1710
39 20 1325
39 21 2411
39 22 1714
39 23 1554
39 24 1108
39 25 2317
39 26 1225
39 27 953
39 28 2606
39 29 1375
39 30 144
39 31 2558
39 32 1327
39 33 96
39 34 2510
39 35 1279
39 36 48
39 37 2462
39 38 1231
39 39 0
39 40 2510
39 41 1279
39 42 48
39 43 2558
39 44 1327
39 45 96
39 46 2606
39 47 1375
39 48 144
39 49 2654
39 50 1423
39 51 192
39 52 2702
39 53 1471
39 54 240
39 55 2750
39 56 1519
39 57 288
39 58 2798
39 59 1567
39 60 336
39 61 2846
39 62 1615
39 63 384
39 64 2894
39 65 1663
39 66 432
39 67 2942
39 68 1711
39 69 480
39 70 2990
39 71 1759
39 72 528
39 73 3038
39 74 1807
39 75 576
39 76 3086
39 77 1855
39 78 624
39 79 3134
39 80 1903
39 81 672
39 82 2726
40 0 312
40 1 1438
40 2 1494
40 3 1707
40 4 732
40 5 447
40 6 2062
40 7 1018
40 8 242
40 9 302
40 10 1845
40 11 412
40 12 1486
40 13 2307
40 14 563
40 15 276
40 16 436
40 17 728
40 18 833
40 19 2048
40 20 1377
40 21 963
40 22 1948
40 23 2204
40 24 1594
40 25 289
40 26 1381
40 27 1941
40 28 192
40 29 1423
40 30 2654
40 31 144
40 32 1375
40 33 2606
40 34 96
40 35 1327
40 36 2558
40 37 48
40 38 1279
40 39 2510
40 40 0
40 41 1231
40 42 2462
40 43 48
40 44 1279
40 45 2510
40 46 96
40 47 1327
40 48 2558
40 49 144
40 50 1375
40 51 2606
40 52 192
40 53 1423
40 54 2654
40 55 240
40 56 1471
40 57 2702
40 58 288
40 59 1519
40 60 2750
40 61 336
40 62 1567
40 63 2798
40 64 384
40 65 1615
40 66 2846
40 67 432
40 68 1663
40 69 2894
40 70 480
40 71 1711
40 72 2942
40 73 528
40 74 1759
40 75 2990
40 76 576
40 77 1807
40 78 3038
40 79 624
40 80 1855
40 81 3086
40 82 312
41 0 1543
41 1 207
41 2 263
41 3 476
41 4 979
41 5 1552
41 6 831
41 7 693
41 8 1373
41 9 1121
41 10 614
41 11 1491
41 12 255
41 13 1076
41 14 1148
41 15 1147
41 16 891
41 17 1079
41 18 1262
41 19 817
41 20 146
41 21 1132
41 22 717
41 23 973
41 24 363
41 25 1134
41 26 150
41 27 710
41 28 1423
41 29 192
41 30 1423
41 31 1375
41 32 144
41 33 1375
41 34 1327
41 35 96
41 36 1327
41 37 1279
41 38 48
41 39 1279
41 40 1231
41 41 0
41 42 1231
41 43 1279
41 44 48
41 45 1279
41 46 1327
41 47 96
41 48 1327
41 49 1375
41 50 144
41 51 1375
41 52 1423
41 53 192
41 54 1423
41 55 1471
41 56 240
41 57 1471
41 58 1519
41 59 288
41 60 1519
41 61 1567
41 62 336
41 63 1567
41 64 1615
41 65 384
41 66 1615
41 67 1663
41 68 432
41 69 1663
41 70 1711
41 71 480
41 72 1711
41 73 1759
41 74 528
41 75 1759
41 76 1807
41 77 576
41 78 1807
41 79 1855
41 80 624
41 81 1855
41 82 1543
42 0 2774
42 1 1312
42 2 1160
42 3 1139
42 4 2210
42 5 2783
42 6 688
42 7 1924
42 8 2604
42 9 2352
42 10 809
42 11 2722
42 12 1360
42 13 1115
42 14 2379
42 15 2378
42 16 2122
42 17 2310
42 18 2493
42 19 1662
42 20 1277
42 21 2363
42 22 1666
42 23 1506
42 24 1156
42 25 2365
42 26 1177
42 27 905
42 28 2654
42 29 1423
42 30 192
42 31 2606
42 32 1375
42 33 144
42 34 2558
42 35 1327
42 36 96
42 37 2510
42 38 1279
42 39 48
42 40 2462
42 41 1231
42 42 0
42 43 2510
42 44 1279
42 45 48
42 46 2558
42 47 1327
42 48 96
42 49 2606
42 50 1375
42 51 144
42 52 2654
42 53 1423
42 54 192
42 55 2702
42 56 1471
42 57 240
42 58 2750
42 59 1519
42 60 288
42 61 2798
42 62 1567
42 63 336
42 64 2846
42 65 1615
42 66 384
42 67 2894
42 68 1663
42 69 432
42 70 2942
42 71 1711
42 72 480
42 73 2990
42 74 1759
42 75 528
42 76 3038
42 77 1807
42 78 576
42 79 3086
42 80 1855
42 81 624
42 82 2774
43 0 360
43 1 1486
43 2 1542
43 3 1755
43 4 684
43 5 399
43 6 2110
43 7 970
43 8 290
43 9 254
43 10 1893
43 11 364
43 12 1534
43 13 2259
43 14 515
43 15 324
43 16 484
43 17 680
43 18 785
43 19 2000
43 20 1329
