//alpha
1
//NbLocations
87
//NbProducts
33
//NbPickers
2
//CapaPicker
12
//TimeToTravelOneDistanceUnit
3
//SetupTime
5400
//PickTime
300
//Products
//Idx Location Size
1 1 1
2 2 1
3 3 1
4 4 1
5 5 1
6 6 1
7 7 1
8 8 1
9 9 1
10 10 1
11 11 1
12 12 1
13 1 1
14 13 1
15 14 1
16 15 1
17 16 1
18 17 1
19 18 1
20 19 1
21 20 1
22 21 1
23 22 1
24 23 1
25 24 1
26 25 1
27 26 1
28 27 1
29 28 1
30 29 1
31 30 1
32 31 1
33 32 1
//Orders
//NbOrders
12
//Idx DueDate TardinessPenalty NbProdInOrder ProdIdx1 Qty1 ProdIdx2 Qty2 ...
1 72000 0 1 1 1
2 126000 0 1 2 1
3 54000 0 5 3 1 4 1 5 1 6 1 7 1
4 36000 0 5 8 1 9 1 10 1 11 1 12 1
5 54000 0 1 13 1
6 72000 0 6 14 1 15 1 16 1 17 1 18 1 19 1
7 90000 0 4 20 1 21 1 22 1 23 1
8 90000 0 1 24 1
9 54000 0 4 25 1 26 1 27 1 28 1
10 126000 0 2 29 1 30 1
11 54000 0 2 31 1 32 1
12 72000 0 1 33 1
//Graph (Products are vertices indexed from 1 to NbProducts)
//NbVerticesIntersections
54
//DepartingDepot
0
//ArrivalDepot
87
//Arcs
//Start End Distance
0 33 120
1 54 362
1 55 869
2 21 338
2 26 78
3 21 741
3 34 37
4 6 169
4 9 0
5 22 260
5 30 403
6 4 169
6 28 156
7 25 1118
7 48 76
8 22 91
8 36 50
9 4 0
9 14 390
10 49 1129
10 50 102
11 42 1181
11 43 50
12 30 208
12 37 219
13 27 520
13 40 167
14 9 390
14 39 453
15 43 63
15 44 1168
16 20 26
16 37 193
17 76 752
17 77 479
18 19 91
18 29 39
19 18 91
19 27 52
20 16 26
20 31 273
21 2 338
21 3 741
22 5 260
22 8 91
23 84 479
23 85 752
24 52 778
24 53 453
25 7 1118
25 49 37
26 2 78
26 35 37
27 13 520
27 19 52
28 6 156
28 40 63
29 18 39
29 41 362
30 5 403
30 12 208
31 20 273
31 38 739
32 58 297
32 59 934
33 34 1231
33 36 48
33 87 120
34 3 37
34 33 1231
34 37 48
35 26 37
35 38 48
36 8 50
36 33 48
36 39 48
37 12 219
37 16 193
37 34 48
37 40 48
38 31 739
38 35 48
38 41 48
39 14 453
39 36 48
39 42 48
40 13 167
40 28 63
40 37 48
40 43 48
41 29 362
41 38 48
41 44 48
42 11 1181
42 39 48
42 45 48
43 11 50
43 15 63
43 40 48
43 46 48
44 15 1168
44 41 48
44 47 48
45 42 48
45 46 1231
45 48 48
46 43 48
46 45 1231
46 47 1231
46 49 48
47 44 48
47 46 1231
47 50 48
48 7 76
48 45 48
48 51 48
49 10 1129
49 25 37
49 46 48
49 52 48
50 10 102
50 47 48
50 53 48
51 48 48
51 52 1231
51 54 48
52 24 778
52 49 48
52 51 1231
52 55 48
53 24 453
53 50 48
53 56 48
54 1 362
54 51 48
54 57 48
55 1 869
55 52 48
55 56 1231
55 58 48
56 53 48
56 55 1231
56 59 48
57 54 48
57 58 1231
57 60 48
58 32 297
58 55 48
58 57 1231
58 61 48
59 32 934
59 56 48
59 62 48
60 57 48
60 61 1231
60 63 48
61 58 48
61 60 1231
61 62 1231
61 64 48
62 59 48
62 61 1231
62 65 48
63 60 48
63 64 1231
63 66 48
64 61 48
64 63 1231
64 65 1231
64 67 48
65 62 48
65 64 1231
65 68 48
66 63 48
66 67 1231
66 69 48
67 64 48
67 66 1231
67 68 1231
67 70 48
68 65 48
68 67 1231
68 71 48
69 66 48
69 70 1231
69 72 48
70 67 48
70 69 1231
70 71 1231
70 73 48
71 68 48
71 70 1231
71 74 48
72 69 48
72 73 1231
72 75 48
73 70 48
73 72 1231
73 74 1231
73 76 48
74 71 48
74 73 1231
74 77 48
75 72 48
75 76 1231
75 78 48
76 17 752
76 73 48
76 75 1231
76 79 48
77 17 479
77 74 48
77 80 48
78 75 48
78 79 1231
78 81 48
79 76 48
79 78 1231
79 80 1231
79 82 48
80 77 48
80 79 1231
80 83 48
81 78 48
81 82 1231
81 84 48
82 79 48
82 81 1231
82 83 1231
82 85 48
83 80 48
83 82 1231
83 86 48
84 23 479
84 81 48
85 23 752
85 82 48
85 86 1231
86 83 48
86 85 1231
//LocStart LocEnd ShortestPath
0 0 0
0 1 818
0 2 2467
0 3 1388
0 4 1059
0 5 569
0 6 1228
0 7 436
0 8 218
0 9 1059
0 10 2720
0 11 1445
0 12 1180
0 13 1614
0 14 669
0 15 1558
0 16 1592
0 17 2775
0 18 2277
0 19 2186
0 20 1618
0 21 2129
0 22 309
0 23 1415
0 24 2417
0 25 1554
0 26 2545
0 27 2134
0 28 1384
0 29 2316
0 30 972
0 31 1891
0 32 2032
0 33 120
0 34 1351
0 35 2582
0 36 168
0 37 1399
0 38 2630
0 39 216
0 40 1447
0 41 2678
0 42 264
0 43 1495
0 44 2726
0 45 312
0 46 1543
0 47 2774
0 48 360
0 49 1591
0 50 2822
0 51 408
0 52 1639
0 53 2870
0 54 456
0 55 1687
0 56 2918
0 57 504
0 58 1735
0 59 2966
0 60 552
0 61 1783
0 62 3014
0 63 600
0 64 1831
0 65 3062
0 66 648
0 67 1879
0 68 3110
0 69 696
0 70 1927
0 71 3158
0 72 744
0 73 1975
0 74 3206
0 75 792
0 76 2023
0 77 3254
0 78 840
0 79 2071
0 80 3302
0 81 888
0 82 2119
0 83 3350
0 84 936
0 85 2167
0 86 3398
0 87 0
1 0 818
1 1 0
1 2 2321
1 3 1242
1 4 1445
1 5 1051
1 6 1328
1 7 534
1 8 700
1 9 1445
1 10 2094
1 11 1111
1 12 1376
1 13 1276
1 14 1055
1 15 1124
1 16 1350
1 17 1957
1 18 1939
1 19 1848
1 20 1376
1 21 1983
1 22 791
1 23 1321
1 24 1695
1 25 1002
1 26 2399
1 27 1796
1 28 1172
1 29 1978
1 30 1454
1 31 1649
1 32 1214
1 33 698
1 34 1205
1 35 2436
1 36 650
1 37 1157
1 38 2388
1 39 602
1 40 1109
1 41 2340
1 42 554
1 43 1061
1 44 2292
1 45 506
1 46 1013
1 47 2244
1 48 458
1 49 965
1 50 2196
1 51 410
1 52 917
1 53 2148
1 54 362
1 55 869
1 56 2100
1 57 410
1 58 917
1 59 2148
1 60 458
1 61 965
1 62 2196
1 63 506
1 64 1013
1 65 2244
1 66 554
1 67 1061
1 68 2292
1 69 602
1 70 1109
1 71 2340
1 72 650
1 73 1157
1 74 2388
1 75 698
1 76 1205
1 77 2436
1 78 746
1 79 1253
1 80 2484
1 81 794
1 82 1301
1 83 2532
1 84 842
1 85 1349
1 86 2580
1 87 818
2 0 2467
2 1 2321
2 2 0
2 3 1079
2 4 1600
2 5 1994
2 6 1431
2 7 2511
2 8 2345
2 9 1600
2 10 457
2 11 1310
2 12 1383
2 13 1275
2 14 1990
2 15 1323
2 16 1201
2 17 1266
2 18 612
2 19 703
2 20 1175
2 21 338
2 22 2254
2 23 2684
2 24 856
2 25 1393
2 26 78
2 27 755
2 28 1275
2 29 573
2 30 1591
2 31 902
2 32 1433
2 33 2347
2 34 1116
2 35 115
2 36 2395
2 37 1164
2 38 163
2 39 2443
2 40 1212
2 41 211
2 42 2491
2 43 1260
2 44 259
2 45 2539
2 46 1308
2 47 307
2 48 2587
2 49 1356
2 50 355
2 51 2635
2 52 1404
2 53 403
2 54 2683
2 55 1452
2 56 451
2 57 2731
2 58 1500
2 59 499
2 60 2779
2 61 1548
2 62 547
2 63 2827
2 64 1596
2 65 595
2 66 2875
2 67 1644
2 68 643
2 69 2923
2 70 1692
2 71 691
2 72 2971
2 73 1740
2 74 739
2 75 3019
2 76 1788
2 77 787
2 78 3067
2 79 1836
2 80 835
2 81 3115
2 82 1884
2 83 883
2 84 3163
2 85 1932
2 86 931
2 87 2467
3 0 1388
3 1 1242
3 2 1079
3 3 0
3 4 521
3 5 915
3 6 352
3 7 1432
3 8 1266
3 9 521
3 10 1406
3 11 231
3 12 304
3 13 300
3 14 911
3 15 244
3 16 278
3 17 1461
3 18 963
3 19 872
3 20 304
3 21 741
3 22 1175
3 23 1605
3 24 1103
3 25 314
3 26 1157
3 27 820
3 28 196
3 29 1002
3 30 512
3 31 577
3 32 718
3 33 1268
3 34 37
3 35 1194
3 36 1316
3 37 85
3 38 1242
3 39 1364
3 40 133
3 41 1290
3 42 1412
3 43 181
3 44 1338
3 45 1460
3 46 229
3 47 1386
3 48 1508
3 49 277
3 50 1434
3 51 1556
3 52 325
3 53 1482
3 54 1604
3 55 373
3 56 1530
3 57 1652
3 58 421
3 59 1578
3 60 1700
3 61 469
3 62 1626
3 63 1748
3 64 517
3 65 1674
3 66 1796
3 67 565
3 68 1722
3 69 1844
3 70 613
3 71 1770
3 72 1892
3 73 661
3 74 1818
3 75 1940
3 76 709
3 77 1866
3 78 1988
3 79 757
3 80 1914
3 81 2036
3 82 805
3 83 1962
3 84 2084
3 85 853
3 86 2010
3 87 1388
4 0 1059
4 1 1445
4 2 1600
4 3 521
4 4 0
4 5 1266
4 6 169
4 7 1063
4 8 941
4 9 0
4 10 1661
4 11 486
4 12 655
4 13 555
4 14 390
4 15 499
4 16 629
4 17 1716
4 18 1218
4 19 1127
4 20 655
4 21 1262
4 22 1032
4 23 1860
4 24 1358
4 25 569
4 26 1678
4 27 1075
4 28 325
4 29 1257
4 30 863
4 31 928
4 32 973
4 33 939
4 34 484
4 35 1715
4 36 891
4 37 436
4 38 1667
4 39 843
4 40 388
4 41 1619
4 42 891
4 43 436
4 44 1667
4 45 939
4 46 484
4 47 1715
4 48 987
4 49 532
4 50 1763
4 51 1035
4 52 580
4 53 1811
4 54 1083
4 55 628
4 56 1859
4 57 1131
4 58 676
4 59 1907
4 60 1179
4 61 724
4 62 1955
4 63 1227
4 64 772
4 65 2003
4 66 1275
4 67 820
4 68 2051
4 69 1323
4 70 868
4 71 2099
4 72 1371
4 73 916
4 74 2147
4 75 1419
4 76 964
4 77 2195
4 78 1467
4 79 1012
4 80 2243
4 81 1515
4 82 1060
4 83 2291
4 84 1563
4 85 1108
4 86 2339
4 87 1059
5 0 569
5 1 1051
5 2 1994
5 3 915
5 4 1266
5 5 0
5 6 1097
5 7 669
5 8 351
5 9 1266
5 10 2151
5 11 976
5 12 611
5 13 1045
5 14 902
5 15 989
5 16 1023
5 17 2206
5 18 1708
5 19 1617
5 20 1049
5 21 1656
5 22 260
5 23 1648
5 24 1848
5 25 1059
5 26 2072
5 27 1565
5 28 941
5 29 1747
5 30 403
5 31 1322
5 32 1463
5 33 449
5 34 878
5 35 2109
5 36 401
5 37 830
5 38 2061
5 39 449
5 40 878
5 41 2109
5 42 497
5 43 926
5 44 2157
5 45 545
5 46 974
5 47 2205
5 48 593
5 49 1022
5 50 2253
5 51 641
5 52 1070
5 53 2301
5 54 689
5 55 1118
5 56 2349
5 57 737
5 58 1166
5 59 2397
5 60 785
5 61 1214
5 62 2445
5 63 833
5 64 1262
5 65 2493
5 66 881
5 67 1310
5 68 2541
5 69 929
5 70 1358
5 71 2589
5 72 977
5 73 1406
5 74 2637
5 75 1025
5 76 1454
5 77 2685
5 78 1073
5 79 1502
5 80 2733
5 81 1121
5 82 1550
5 83 2781
5 84 1169
5 85 1598
5 86 2829
5 87 569
6 0 1228
6 1 1328
6 2 1431
6 3 352
6 4 169
6 5 1097
6 6 0
6 7 1232
6 8 1110
6 9 169
6 10 1492
6 11 317
6 12 486
6 13 386
6 14 559
6 15 330
6 16 460
6 17 1547
6 18 1049
6 19 958
6 20 486
6 21 1093
6 22 1201
6 23 1691
6 24 1189
6 25 400
6 26 1509
6 27 906
6 28 156
6 29 1088
6 30 694
6 31 759
6 32 804
6 33 1108
6 34 315
6 35 1546
6 36 1060
6 37 267
6 38 1498
6 39 1012
6 40 219
6 41 1450
6 42 1060
6 43 267
6 44 1498
6 45 1108
6 46 315
6 47 1546
6 48 1156
6 49 363
6 50 1594
6 51 1204
6 52 411
6 53 1642
6 54 1252
6 55 459
6 56 1690
6 57 1300
6 58 507
6 59 1738
6 60 1348
6 61 555
6 62 1786
6 63 1396
6 64 603
6 65 1834
6 66 1444
6 67 651
6 68 1882
6 69 1492
6 70 699
6 71 1930
6 72 1540
6 73 747
6 74 1978
6 75 1588
6 76 795
6 77 2026
6 78 1636
6 79 843
6 80 2074
6 81 1684
6 82 891
6 83 2122
6 84 1732
6 85 939
6 86 2170
6 87 1228
7 0 436
7 1 534
7 2 2511
7 3 1432
7 4 1063
7 5 669
7 6 1232
7 7 0
7 8 318
7 9 1063
7 10 2284
7 11 1301
7 12 1280
7 13 1466
7 14 673
7 15 1314
7 16 1540
7 17 2339
7 18 2129
7 19 2038
7 20 1566
7 21 2173
7 22 409
7 23 1131
7 24 1981
7 25 1118
7 26 2589
7 27 1986
7 28 1362
7 29 2168
7 30 1072
7 31 1839
7 32 1596
7 33 316
7 34 1395
7 35 2626
7 36 268
7 37 1347
7 38 2578
7 39 220
7 40 1299
7 41 2530
7 42 172
7 43 1251
7 44 2482
7 45 124
7 46 1203
7 47 2434
7 48 76
7 49 1155
7 50 2386
7 51 124
7 52 1203
7 53 2434
7 54 172
7 55 1251
7 56 2482
7 57 220
7 58 1299
7 59 2530
7 60 268
7 61 1347
7 62 2578
7 63 316
7 64 1395
7 65 2626
7 66 364
7 67 1443
7 68 2674
7 69 412
7 70 1491
7 71 2722
7 72 460
7 73 1539
7 74 2770
7 75 508
7 76 1587
7 77 2818
7 78 556
7 79 1635
7 80 2866
7 81 604
7 82 1683
7 83 2914
7 84 652
7 85 1731
7 86 2962
7 87 436
8 0 218
8 1 700
8 2 2345
8 3 1266
8 4 941
8 5 351
8 6 1110
8 7 318
8 8 0
8 9 941
8 10 2502
8 11 1327
8 12 962
8 13 1396
8 14 551
8 15 1340
8 16 1374
8 17 2557
8 18 2059
8 19 1968
8 20 1400
8 21 2007
8 22 91
8 23 1297
8 24 2199
8 25 1410
8 26 2423
8 27 1916
8 28 1266
8 29 2098
8 30 754
8 31 1673
8 32 1814
8 33 98
8 34 1229
8 35 2460
8 36 50
8 37 1181
8 38 2412
8 39 98
8 40 1229
8 41 2460
8 42 146
8 43 1277
8 44 2508
8 45 194
8 46 1325
8 47 2556
8 48 242
8 49 1373
8 50 2604
8 51 290
8 52 1421
8 53 2652
8 54 338
8 55 1469
8 56 2700
8 57 386
8 58 1517
8 59 2748
8 60 434
8 61 1565
8 62 2796
8 63 482
8 64 1613
8 65 2844
8 66 530
8 67 1661
8 68 2892
8 69 578
8 70 1709
8 71 2940
8 72 626
8 73 1757
8 74 2988
8 75 674
8 76 1805
8 77 3036
8 78 722
8 79 1853
8 80 3084
8 81 770
8 82 1901
8 83 3132
8 84 818
8 85 1949
8 86 3180
8 87 218
9 0 1059
9 1 1445
9 2 1600
9 3 521
9 4 0
9 5 1266
9 6 169
9 7 1063
9 8 941
9 9 0
9 10 1661
9 11 486
9 12 655
9 13 555
9 14 390
9 15 499
9 16 629
9 17 1716
9 18 1218
9 19 1127
9 20 655
9 21 1262
9 22 1032
9 23 1860
9 24 1358
9 25 569
9 26 1678
9 27 1075
9 28 325
9 29 1257
9 30 863
9 31 928
9 32 973
9 33 939
9 34 484
9 35 1715
9 36 891
9 37 436
9 38 1667
9 39 843
9 40 388
9 41 1619
9 42 891
9 43 436
9 44 1667
9 45 939
9 46 484
9 47 1715
9 48 987
9 49 532
9 50 1763
9 51 1035
9 52 580
9 53 1811
9 54 1083
9 55 628
9 56 1859
9 57 1131
9 58 676
9 59 1907
9 60 1179
9 61 724
9 62 1955
9 63 1227
9 64 772
9 65 2003
9 66 1275
9 67 820
9 68 2051
9 69 1323
9 70 868
9 71 2099
9 72 1371
9 73 916
9 74 2147
9 75 1419
9 76 964
9 77 2195
9 78 1467
9 79 1012
9 80 2243
9 81 1515
9 82 1060
9 83 2291
9 84 1563
9 85 1108
9 86 2339
9 87 1059
10 0 2720
10 1 2094
10 2 457
10 3 1406
10 4 1661
10 5 2151
10 6 1492
10 7 2284
10 8 2502
10 9 1661
10 10 0
10 11 1275
10 12 1540
10 13 1310
10 14 2051
10 15 1288
10 16 1332
10 17 1013
10 18 647
10 19 738
10 20 1306
10 21 795
10 22 2411
10 23 2457
10 24 603
10 25 1166
10 26 379
10 27 790
10 28 1336
10 29 608
10 30 1748
10 31 1033
10 32 1180
10 33 2600
10 34 1369
10 35 342
10 36 2552
10 37 1321
10 38 294
10 39 2504
10 40 1273
10 41 246
10 42 2456
10 43 1225
10 44 198
10 45 2408
10 46 1177
10 47 150
10 48 2360
10 49 1129
10 50 102
10 51 2408
10 52 1177
10 53 150
10 54 2456
10 55 1225
10 56 198
10 57 2504
10 58 1273
10 59 246
10 60 2552
10 61 1321
10 62 294
10 63 2600
10 64 1369
10 65 342
10 66 2648
10 67 1417
10 68 390
10 69 2696
10 70 1465
10 71 438
10 72 2744
10 73 1513
10 74 486
10 75 2792
10 76 1561
10 77 534
10 78 2840
10 79 1609
10 80 582
10 81 2888
10 82 1657
10 83 630
10 84 2936
10 85 1705
10 86 678
10 87 2720
11 0 1445
11 1 1111
11 2 1310
11 3 231
11 4 486
11 5 976
11 6 317
11 7 1301
11 8 1327
11 9 486
11 10 1275
11 11 0
11 12 365
11 13 265
11 14 876
11 15 113
11 16 339
11 17 1330
11 18 928
11 19 837
11 20 365
11 21 972
11 22 1236
11 23 1474
11 24 972
11 25 183
11 26 1388
11 27 785
11 28 161
11 29 967
11 30 573
11 31 638
11 32 587
11 33 1325
11 34 194
11 35 1425
11 36 1277
11 37 146
11 38 1377
11 39 1229
11 40 98
11 41 1329
11 42 1181
11 43 50
11 44 1281
11 45 1229
11 46 98
11 47 1329
11 48 1277
11 49 146
11 50 1377
11 51 1325
11 52 194
11 53 1425
11 54 1373
11 55 242
11 56 1473
11 57 1421
11 58 290
11 59 1521
11 60 1469
11 61 338
11 62 1569
11 63 1517
11 64 386
11 65 1617
11 66 1565
11 67 434
11 68 1665
11 69 1613
11 70 482
11 71 1713
11 72 1661
11 73 530
11 74 1761
11 75 1709
11 76 578
11 77 1809
11 78 1757
11 79 626
11 80 1857
11 81 1805
11 82 674
11 83 1905
11 84 1853
11 85 722
11 86 1953
11 87 1445
12 0 1180
12 1 1376
12 2 1383
12 3 304
12 4 655
12 5 611
12 6 486
12 7 1280
12 8 962
12 9 655
12 10 1540
12 11 365
12 12 0
12 13 434
12 14 1045
12 15 378
12 16 412
12 17 1595
12 18 1097
12 19 1006
12 20 438
12 21 1045
12 22 871
12 23 1739
12 24 1237
12 25 448
12 26 1461
12 27 954
12 28 330
12 29 1136
12 30 208
12 31 711
12 32 852
12 33 1060
12 34 267
12 35 1498
12 36 1012
12 37 219
12 38 1450
12 39 1060
12 40 267
12 41 1498
12 42 1108
12 43 315
12 44 1546
12 45 1156
12 46 363
12 47 1594
12 48 1204
12 49 411
12 50 1642
12 51 1252
12 52 459
12 53 1690
12 54 1300
12 55 507
12 56 1738
12 57 1348
12 58 555
12 59 1786
12 60 1396
12 61 603
12 62 1834
12 63 1444
12 64 651
12 65 1882
12 66 1492
12 67 699
12 68 1930
12 69 1540
12 70 747
12 71 1978
12 72 1588
12 73 795
12 74 2026
12 75 1636
12 76 843
12 77 2074
12 78 1684
12 79 891
12 80 2122
12 81 1732
12 82 939
12 83 2170
12 84 1780
12 85 987
12 86 2218
12 87 1180
13 0 1614
13 1 1276
13 2 1275
13 3 300
13 4 555
13 5 1045
13 6 386
13 7 1466
13 8 1396
13 9 555
13 10 1310
13 11 265
13 12 434
13 13 0
13 14 945
13 15 278
13 16 408
13 17 1495
13 18 663
13 19 572
13 20 434
13 21 1041
13 22 1305
13 23 1639
13 24 1137
13 25 348
13 26 1197
13 27 520
13 28 230
13 29 702
13 30 642
13 31 707
13 32 752
13 33 1494
13 34 263
13 35 1160
13 36 1446
13 37 215
13 38 1112
13 39 1398
13 40 167
13 41 1064
13 42 1446
13 43 215
13 44 1112
13 45 1494
13 46 263
13 47 1160
13 48 1542
13 49 311
13 50 1208
13 51 1590
13 52 359
13 53 1256
13 54 1638
13 55 407
13 56 1304
13 57 1686
13 58 455
13 59 1352
13 60 1734
13 61 503
13 62 1400
13 63 1782
13 64 551
13 65 1448
13 66 1830
13 67 599
13 68 1496
13 69 1878
13 70 647
13 71 1544
13 72 1926
13 73 695
13 74 1592
13 75 1974
13 76 743
13 77 1640
13 78 2022
13 79 791
13 80 1688
13 81 2070
13 82 839
13 83 1736
13 84 2118
13 85 887
13 86 1784
13 87 1614
14 0 669
14 1 1055
14 2 1990
14 3 911
14 4 390
14 5 902
14 6 559
14 7 673
14 8 551
14 9 390
14 10 2051
14 11 876
14 12 1045
14 13 945
14 14 0
14 15 889
14 16 1019
14 17 2106
14 18 1608
14 19 1517
14 20 1045
14 21 1652
14 22 642
14 23 1652
14 24 1748
14 25 959
14 26 2068
14 27 1465
14 28 715
14 29 1647
14 30 1253
14 31 1318
14 32 1363
14 33 549
14 34 874
14 35 2105
14 36 501
14 37 826
14 38 2057
14 39 453
14 40 778
14 41 2009
14 42 501
14 43 826
14 44 2057
14 45 549
14 46 874
14 47 2105
14 48 597
14 49 922
14 50 2153
14 51 645
14 52 970
14 53 2201
14 54 693
14 55 1018
14 56 2249
14 57 741
14 58 1066
14 59 2297
14 60 789
14 61 1114
14 62 2345
14 63 837
14 64 1162
14 65 2393
14 66 885
14 67 1210
14 68 2441
14 69 933
14 70 1258
14 71 2489
14 72 981
14 73 1306
14 74 2537
14 75 1029
14 76 1354
14 77 2585
14 78 1077
14 79 1402
14 80 2633
14 81 1125
14 82 1450
14 83 2681
14 84 1173
14 85 1498
14 86 2729
14 87 669
15 0 1558
15 1 1124
15 2 1323
15 3 244
15 4 499
15 5 989
15 6 330
15 7 1314
15 8 1340
15 9 499
15 10 1288
15 11 113
15 12 378
15 13 278
15 14 889
15 15 0
15 16 352
15 17 1343
15 18 941
15 19 850
15 20 378
15 21 985
15 22 1249
15 23 1487
15 24 985
15 25 196
15 26 1349
15 27 798
15 28 174
15 29 980
15 30 586
15 31 651
15 32 600
15 33 1438
15 34 207
15 35 1312
15 36 1390
15 37 159
15 38 1264
15 39 1342
15 40 111
15 41 1216
15 42 1294
15 43 63
15 44 1168
15 45 1342
15 46 111
15 47 1216
15 48 1390
15 49 159
15 50 1264
15 51 1438
15 52 207
15 53 1312
15 54 1486
15 55 255
15 56 1360
15 57 1534
15 58 303
15 59 1408
15 60 1582
15 61 351
15 62 1456
15 63 1630
15 64 399
15 65 1504
15 66 1678
15 67 447
15 68 1552
15 69 1726
15 70 495
15 71 1600
15 72 1774
15 73 543
15 74 1648
15 75 1822
15 76 591
15 77 1696
15 78 1870
15 79 639
15 80 1744
15 81 1918
15 82 687
15 83 1792
15 84 1966
15 85 735
15 86 1840
15 87 1558
16 0 1592
16 1 1350
16 2 1201
16 3 278
16 4 629
16 5 1023
16 6 460
16 7 1540
16 8 1374
16 9 629
16 10 1332
16 11 339
16 12 412
16 13 408
16 14 1019
16 15 352
16 16 0
16 17 1569
16 18 1071
16 19 980
16 20 26
16 21 1019
16 22 1283
16 23 1713
16 24 1211
16 25 422
16 26 1123
16 27 928
16 28 304
16 29 1110
16 30 620
16 31 299
16 32 826
16 33 1472
16 34 241
16 35 1086
16 36 1424
16 37 193
16 38 1038
16 39 1472
16 40 241
16 41 1086
16 42 1520
16 43 289
16 44 1134
16 45 1568
16 46 337
16 47 1182
16 48 1616
16 49 385
16 50 1230
16 51 1664
16 52 433
16 53 1278
16 54 1712
16 55 481
16 56 1326
16 57 1760
16 58 529
16 59 1374
16 60 1808
16 61 577
16 62 1422
16 63 1856
16 64 625
16 65 1470
16 66 1904
16 67 673
16 68 1518
16 69 1952
16 70 721
16 71 1566
16 72 2000
16 73 769
16 74 1614
16 75 2048
16 76 817
16 77 1662
16 78 2096
16 79 865
16 80 1710
16 81 2144
16 82 913
16 83 1758
16 84 2192
16 85 961
16 86 1806
16 87 1592
17 0 2775
17 1 1957
17 2 1266
17 3 1461
17 4 1716
17 5 2206
17 6 1547
17 7 2339
17 8 2557
17 9 1716
17 10 1013
17 11 1330
17 12 1595
17 13 1495
17 14 2106
17 15 1343
17 16 1569
17 17 0
17 18 1456
17 19 1547
17 20 1595
17 21 1604
17 22 2466
17 23 1648
17 24 1316
17 25 1221
17 26 1188
17 27 1599
17 28 1391
17 29 1417
17 30 1803
17 31 1842
17 32 1337
17 33 2655
17 34 1424
17 35 1151
17 36 2607
17 37 1376
17 38 1103
17 39 2559
17 40 1328
17 41 1055
17 42 2511
17 43 1280
17 44 1007
17 45 2463
17 46 1232
17 47 959
17 48 2415
17 49 1184
17 50 911
17 51 2367
17 52 1136
17 53 863
17 54 2319
17 55 1088
17 56 815
17 57 2271
17 58 1040
17 59 767
17 60 2223
17 61 992
17 62 719
17 63 2175
17 64 944
17 65 671
17 66 2127
17 67 896
17 68 623
17 69 2079
17 70 848
17 71 575
17 72 2031
17 73 800
17 74 527
17 75 1983
17 76 752
17 77 479
17 78 2031
17 79 800
17 80 527
17 81 2079
17 82 848
17 83 575
17 84 2127
17 85 896
17 86 623
17 87 2775
18 0 2277
18 1 1939
18 2 612
18 3 963
18 4 1218
18 5 1708
18 6 1049
18 7 2129
18 8 2059
18 9 1218
18 10 647
18 11 928
18 12 1097
18 13 663
18 14 1608
18 15 941
18 16 1071
18 17 1456
18 18 0
18 19 91
18 20 1097
18 21 950
18 22 1968
18 23 2302
18 24 1046
18 25 1011
18 26 534
18 27 143
18 28 893
18 29 39
18 30 1305
18 31 1188
18 32 1415
18 33 2157
18 34 926
18 35 497
18 36 2109
18 37 878
18 38 449
18 39 2061
18 40 830
18 41 401
18 42 2109
18 43 878
18 44 449
18 45 2157
18 46 926
18 47 497
18 48 2205
18 49 974
18 50 545
18 51 2253
18 52 1022
18 53 593
18 54 2301
18 55 1070
18 56 641
18 57 2349
18 58 1118
18 59 689
18 60 2397
18 61 1166
18 62 737
18 63 2445
18 64 1214
18 65 785
18 66 2493
18 67 1262
18 68 833
18 69 2541
18 70 1310
18 71 881
18 72 2589
18 73 1358
18 74 929
18 75 2637
18 76 1406
18 77 977
18 78 2685
18 79 1454
18 80 1025
18 81 2733
18 82 1502
18 83 1073
18 84 2781
18 85 1550
18 86 1121
18 87 2277
19 0 2186
19 1 1848
19 2 703
19 3 872
19 4 1127
19 5 1617
19 6 958
19 7 2038
19 8 1968
19 9 1127
19 10 738
19 11 837
19 12 1006
19 13 572
19 14 1517
19 15 850
19 16 980
19 17 1547
19 18 91
19 19 0
19 20 1006
19 21 1041
19 22 1877
19 23 2211
19 24 1137
19 25 920
19 26 625
19 27 52
19 28 802
19 29 130
19 30 1214
19 31 1279
19 32 1324
19 33 2066
19 34 835
19 35 588
19 36 2018
19 37 787
19 38 540
19 39 1970
19 40 739
19 41 492
19 42 2018
19 43 787
19 44 540
19 45 2066
19 46 835
19 47 588
19 48 2114
19 49 883
19 50 636
19 51 2162
19 52 931
19 53 684
19 54 2210
19 55 979
19 56 732
19 57 2258
19 58 1027
19 59 780
19 60 2306
19 61 1075
19 62 828
19 63 2354
19 64 1123
19 65 876
19 66 2402
19 67 1171
19 68 924
19 69 2450
19 70 1219
19 71 972
19 72 2498
19 73 1267
19 74 1020
19 75 2546
19 76 1315
19 77 1068
19 78 2594
19 79 1363
19 80 1116
19 81 2642
19 82 1411
19 83 1164
19 84 2690
19 85 1459
19 86 1212
19 87 2186
20 0 1618
20 1 1376
20 2 1175
20 3 304
20 4 655
20 5 1049
20 6 486
20 7 1566
20 8 1400
20 9 655
20 10 1306
20 11 365
20 12 438
20 13 434
20 14 1045
20 15 378
20 16 26
20 17 1595
20 18 1097
20 19 1006
20 20 0
20 21 1045
20 22 1309
20 23 1739
20 24 1237
20 25 448
20 26 1097
20 27 954
20 28 330
20 29 1136
20 30 646
20 31 273
20 32 852
20 33 1498
20 34 267
20 35 1060
20 36 1450
20 37 219
20 38 1012
20 39 1498
20 40 267
20 41 1060
20 42 1546
20 43 315
20 44 1108
20 45 1594
20 46 363
20 47 1156
20 48 1642
20 49 411
20 50 1204
20 51 1690
20 52 459
20 53 1252
20 54 1738
20 55 507
20 56 1300
20 57 1786
20 58 555
20 59 1348
20 60 1834
20 61 603
20 62 1396
20 63 1882
20 64 651
20 65 1444
20 66 1930
20 67 699
20 68 1492
20 69 1978
20 70 747
20 71 1540
20 72 2026
20 73 795
20 74 1588
20 75 2074
20 76 843
20 77 1636
20 78 2122
20 79 891
20 80 1684
20 81 2170
20 82 939
20 83 1732
20 84 2218
20 85 987
20 86 1780
20 87 1618
21 0 2129
21 1 1983
21 2 338
21 3 741
21 4 1262
21 5 1656
21 6 1093
21 7 2173
21 8 2007
21 9 1262
21 10 795
21 11 972
21 12 1045
21 13 1041
21 14 1652
21 15 985
21 16 1019
21 17 1604
21 18 950
21 19 1041
21 20 1045
21 21 0
21 22 1916
21 23 2346
21 24 1194
21 25 1055
21 26 416
21 27 1093
21 28 937
21 29 911
21 30 1253
21 31 1240
21 32 1459
21 33 2009
21 34 778
21 35 453
21 36 2057
21 37 826
21 38 501
21 39 2105
21 40 874
21 41 549
21 42 2153
21 43 922
21 44 597
21 45 2201
21 46 970
21 47 645
21 48 2249
21 49 1018
21 50 693
21 51 2297
21 52 1066
21 53 741
21 54 2345
21 55 1114
21 56 789
21 57 2393
21 58 1162
21 59 837
21 60 2441
21 61 1210
21 62 885
21 63 2489
21 64 1258
21 65 933
21 66 2537
21 67 1306
21 68 981
21 69 2585
21 70 1354
21 71 1029
21 72 2633
21 73 1402
21 74 1077
21 75 2681
21 76 1450
21 77 1125
21 78 2729
21 79 1498
21 80 1173
21 81 2777
21 82 1546
21 83 1221
21 84 2825
21 85 1594
21 86 1269
21 87 2129
22 0 309
22 1 791
22 2 2254
22 3 1175
22 4 1032
22 5 260
22 6 1201
22 7 409
22 8 91
22 9 1032
22 10 2411
22 11 1236
22 12 871
22 13 1305
22 14 642
22 15 1249
22 16 1283
22 17 2466
22 18 1968
22 19 1877
22 20 1309
22 21 1916
22 22 0
22 23 1388
22 24 2108
22 25 1319
22 26 2332
22 27 1825
22 28 1201
22 29 2007
22 30 663
22 31 1582
22 32 1723
22 33 189
22 34 1138
22 35 2369
22 36 141
22 37 1090
22 38 2321
22 39 189
22 40 1138
22 41 2369
22 42 237
22 43 1186
22 44 2417
22 45 285
22 46 1234
22 47 2465
22 48 333
22 49 1282
22 50 2513
22 51 381
22 52 1330
22 53 2561
22 54 429
22 55 1378
22 56 2609
22 57 477
22 58 1426
22 59 2657
22 60 525
22 61 1474
22 62 2705
22 63 573
22 64 1522
22 65 2753
22 66 621
22 67 1570
22 68 2801
22 69 669
22 70 1618
22 71 2849
22 72 717
22 73 1666
22 74 2897
22 75 765
22 76 1714
22 77 2945
22 78 813
22 79 1762
22 80 2993
22 81 861
22 82 1810
22 83 3041
22 84 909
22 85 1858
22 86 3089
22 87 309
23 0 1415
23 1 1321
23 2 2684
23 3 1605
23 4 1860
23 5 1648
23 6 1691
23 7 1131
23 8 1297
23 9 1860
23 10 2457
23 11 1474
23 12 1739
23 13 1639
23 14 1652
23 15 1487
23 16 1713
23 17 1648
23 18 2302
23 19 2211
23 20 1739
23 21 2346
23 22 1388
23 23 0
23 24 2058
23 25 1365
23 26 2762
23 27 2159
23 28 1535
23 29 2341
23 30 1947
23 31 2012
23 32 1481
23 33 1295
23 34 1568
23 35 2799
23 36 1247
23 37 1520
23 38 2751
23 39 1199
23 40 1472
23 41 2703
23 42 1151
23 43 1424
23 44 2655
23 45 1103
23 46 1376
23 47 2607
23 48 1055
23 49 1328
23 50 2559
23 51 1007
23 52 1280
23 53 2511
23 54 959
23 55 1232
23 56 2463
23 57 911
23 58 1184
23 59 2415
23 60 863
23 61 1136
23 62 2367
23 63 815
23 64 1088
23 65 2319
23 66 767
23 67 1040
23 68 2271
23 69 719
23 70 992
23 71 2223
23 72 671
23 73 944
23 74 2175
23 75 623
23 76 896
23 77 2127
23 78 575
23 79 848
23 80 2079
23 81 527
23 82 800
23 83 2031
23 84 479
23 85 752
23 86 1983
23 87 1415
24 0 2417
24 1 1695
24 2 856
24 3 1103
24 4 1358
24 5 1848
24 6 1189
24 7 1981
24 8 2199
24 9 1358
24 10 603
24 11 972
24 12 1237
24 13 1137
24 14 1748
24 15 985
24 16 1211
24 17 1316
24 18 1046
24 19 1137
24 20 1237
24 21 1194
24 22 2108
24 23 2058
24 24 0
24 25 863
24 26 778
24 27 1189
24 28 1033
24 29 1007
24 30 1445
24 31 1432
24 32 1171
24 33 2297
24 34 1066
24 35 741
24 36 2249
24 37 1018
24 38 693
24 39 2201
24 40 970
24 41 645
24 42 2153
24 43 922
24 44 597
24 45 2105
24 46 874
24 47 549
24 48 2057
24 49 826
24 50 501
24 51 2009
24 52 778
24 53 453
24 54 2057
24 55 826
24 56 501
24 57 2105
24 58 874
24 59 549
24 60 2153
24 61 922
24 62 597
24 63 2201
24 64 970
24 65 645
24 66 2249
24 67 1018
24 68 693
24 69 2297
24 70 1066
24 71 741
24 72 2345
24 73 1114
24 74 789
24 75 2393
24 76 1162
24 77 837
24 78 2441
24 79 1210
24 80 885
24 81 2489
24 82 1258
24 83 933
24 84 2537
24 85 1306
24 86 981
24 87 2417
25 0 1554
25 1 1002
25 2 1393
25 3 314
25 4 569
25 5 1059
25 6 400
25 7 1118
25 8 1410
25 9 569
25 10 1166
25 11 183
25 12 448
25 13 348
25 14 959
25 15 196
25 16 422
25 17 1221
25 18 1011
25 19 920
25 20 448
25 21 1055
25 22 1319
25 23 1365
25 24 863
25 25 0
25 26 1471
25 27 868
25 28 244
25 29 1050
25 30 656
25 31 721
25 32 478
25 33 1434
25 34 277
25 35 1508
25 36 1386
25 37 229
25 38 1460
25 39 1338
25 40 181
25 41 1412
25 42 1290
25 43 133
25 44 1364
25 45 1242
25 46 85
25 47 1316
25 48 1194
25 49 37
25 50 1268
25 51 1242
25 52 85
25 53 1316
25 54 1290
25 55 133
25 56 1364
25 57 1338
25 58 181
25 59 1412
25 60 1386
25 61 229
25 62 1460
25 63 1434
25 64 277
25 65 1508
25 66 1482
25 67 325
25 68 1556
25 69 1530
25 70 373
25 71 1604
25 72 1578
25 73 421
25 74 1652
25 75 1626
25 76 469
25 77 1700
25 78 1674
25 79 517
25 80 1748
25 81 1722
25 82 565
25 83 1796
25 84 1770
25 85 613
25 86 1844
25 87 1554
26 0 2545
26 1 2399
26 2 78
26 3 1157
26 4 1678
26 5 2072
26 6 1509
26 7 2589
26 8 2423
26 9 1678
26 10 379
26 11 1388
26 12 1461
26 13 1197
26 14 2068
26 15 1349
26 16 1123
26 17 1188
26 18 534
26 19 625
26 20 1097
26 21 416
26 22 2332
26 23 2762
26 24 778
26 25 1471
26 26 0
26 27 677
26 28 1353
26 29 495
26 30 1669
26 31 824
26 32 1355
26 33 2425
26 34 1194
26 35 37
26 36 2473
26 37 1242
26 38 85
26 39 2521
26 40 1290
26 41 133
26 42 2569
26 43 1338
26 44 181
26 45 2617
26 46 1386
26 47 229
26 48 2665
26 49 1434
26 50 277
26 51 2713
26 52 1482
26 53 325
26 54 2761
26 55 1530
26 56 373
26 57 2809
26 58 1578
26 59 421
26 60 2857
26 61 1626
26 62 469
26 63 2905
26 64 1674
26 65 517
26 66 2953
26 67 1722
26 68 565
26 69 3001
26 70 1770
26 71 613
26 72 3049
26 73 1818
26 74 661
26 75 3097
26 76 1866
26 77 709
26 78 3145
26 79 1914
26 80 757
26 81 3193
26 82 1962
26 83 805
26 84 3241
26 85 2010
26 86 853
26 87 2545
27 0 2134
27 1 1796
27 2 755
27 3 820
27 4 1075
27 5 1565
27 6 906
27 7 1986
27 8 1916
27 9 1075
27 10 790
27 11 785
27 12 954
27 13 520
27 14 1465
27 15 798
27 16 928
27 17 1599
27 18 143
27 19 52
27 20 954
27 21 1093
27 22 1825
27 23 2159
27 24 1189
27 25 868
27 26 677
27 27 0
27 28 750
27 29 182
27 30 1162
27 31 1227
27 32 1272
27 33 2014
27 34 783
27 35 640
27 36 1966
27 37 735
27 38 592
27 39 1918
27 40 687
27 41 544
27 42 1966
27 43 735
27 44 592
27 45 2014
27 46 783
27 47 640
27 48 2062
27 49 831
27 50 688
27 51 2110
27 52 879
27 53 736
27 54 2158
27 55 927
27 56 784
27 57 2206
27 58 975
27 59 832
27 60 2254
27 61 1023
27 62 880
27 63 2302
27 64 1071
27 65 928
27 66 2350
27 67 1119
27 68 976
27 69 2398
27 70 1167
27 71 1024
27 72 2446
27 73 1215
27 74 1072
27 75 2494
27 76 1263
27 77 1120
27 78 2542
27 79 1311
27 80 1168
27 81 2590
27 82 1359
27 83 1216
27 84 2638
27 85 1407
27 86 1264
27 87 2134
28 0 1384
28 1 1172
28 2 1275
28 3 196
28 4 325
28 5 941
28 6 156
28 7 1362
28 8 1266
28 9 325
28 10 1336
28 11 161
28 12 330
28 13 230
28 14 715
28 15 174
28 16 304
28 17 1391
28 18 893
28 19 802
28 20 330
28 21 937
28 22 1201
28 23 1535
28 24 1033
28 25 244
28 26 1353
28 27 750
28 28 0
28 29 932
28 30 538
28 31 603
28 32 648
28 33 1264
28 34 159
28 35 1390
28 36 1216
28 37 111
28 38 1342
28 39 1168
28 40 63
28 41 1294
28 42 1216
28 43 111
28 44 1342
28 45 1264
28 46 159
28 47 1390
28 48 1312
28 49 207
28 50 1438
28 51 1360
28 52 255
28 53 1486
28 54 1408
28 55 303
28 56 1534
28 57 1456
28 58 351
28 59 1582
28 60 1504
28 61 399
28 62 1630
28 63 1552
28 64 447
28 65 1678
28 66 1600
28 67 495
28 68 1726
28 69 1648
28 70 543
28 71 1774
28 72 1696
28 73 591
28 74 1822
28 75 1744
28 76 639
28 77 1870
28 78 1792
28 79 687
28 80 1918
28 81 1840
28 82 735
28 83 1966
28 84 1888
28 85 783
28 86 2014
28 87 1384
29 0 2316
29 1 1978
29 2 573
29 3 1002
29 4 1257
29 5 1747
29 6 1088
29 7 2168
29 8 2098
29 9 1257
29 10 608
29 11 967
29 12 1136
29 13 702
29 14 1647
29 15 980
29 16 1110
29 17 1417
29 18 39
29 19 130
29 20 1136
29 21 911
29 22 2007
29 23 2341
29 24 1007
29 25 1050
29 26 495
29 27 182
29 28 932
29 29 0
29 30 1344
29 31 1149
29 32 1454
29 33 2196
29 34 965
29 35 458
29 36 2148
29 37 917
29 38 410
29 39 2100
29 40 869
29 41 362
29 42 2148
29 43 917
29 44 410
29 45 2196
29 46 965
29 47 458
29 48 2244
29 49 1013
29 50 506
29 51 2292
29 52 1061
29 53 554
29 54 2340
29 55 1109
29 56 602
29 57 2388
29 58 1157
29 59 650
29 60 2436
29 61 1205
29 62 698
29 63 2484
29 64 1253
29 65 746
29 66 2532
29 67 1301
29 68 794
29 69 2580
29 70 1349
29 71 842
29 72 2628
29 73 1397
29 74 890
29 75 2676
29 76 1445
29 77 938
29 78 2724
29 79 1493
29 80 986
29 81 2772
29 82 1541
29 83 1034
29 84 2820
29 85 1589
29 86 1082
29 87 2316
30 0 972
30 1 1454
30 2 1591
30 3 512
30 4 863
30 5 403
30 6 694
30 7 1072
30 8 754
30 9 863
30 10 1748
30 11 573
30 12 208
30 13 642
30 14 1253
30 15 586
30 16 620
30 17 1803
30 18 1305
30 19 1214
30 20 646
30 21 1253
30 22 663
30 23 1947
30 24 1445
30 25 656
30 26 1669
30 27 1162
30 28 538
30 29 1344
30 30 0
30 31 919
30 32 1060
30 33 852
30 34 475
30 35 1706
30 36 804
30 37 427
30 38 1658
30 39 852
30 40 475
30 41 1706
30 42 900
30 43 523
30 44 1754
30 45 948
30 46 571
30 47 1802
30 48 996
30 49 619
30 50 1850
30 51 1044
30 52 667
30 53 1898
30 54 1092
30 55 715
30 56 1946
30 57 1140
30 58 763
30 59 1994
30 60 1188
30 61 811
30 62 2042
30 63 1236
30 64 859
30 65 2090
30 66 1284
30 67 907
30 68 2138
30 69 1332
30 70 955
30 71 2186
30 72 1380
30 73 1003
30 74 2234
30 75 1428
30 76 1051
30 77 2282
30 78 1476
30 79 1099
30 80 2330
30 81 1524
30 82 1147
30 83 2378
30 84 1572
30 85 1195
30 86 2426
30 87 972
31 0 1891
31 1 1649
31 2 902
31 3 577
31 4 928
31 5 1322
31 6 759
31 7 1839
31 8 1673
31 9 928
31 10 1033
31 11 638
31 12 711
31 13 707
31 14 1318
31 15 651
31 16 299
31 17 1842
31 18 1188
31 19 1279
31 20 273
31 21 1240
31 22 1582
31 23 2012
31 24 1432
31 25 721
31 26 824
31 27 1227
31 28 603
31 29 1149
31 30 919
31 31 0
31 32 1125
31 33 1771
31 34 540
31 35 787
31 36 1723
31 37 492
31 38 739
31 39 1771
31 40 540
31 41 787
31 42 1819
31 43 588
31 44 835
31 45 1867
31 46 636
31 47 883
31 48 1915
31 49 684
31 50 931
31 51 1963
31 52 732
31 53 979
31 54 2011
31 55 780
31 56 1027
31 57 2059
31 58 828
31 59 1075
31 60 2107
31 61 876
31 62 1123
31 63 2155
31 64 924
31 65 1171
31 66 2203
31 67 972
31 68 1219
31 69 2251
31 70 1020
31 71 1267
31 72 2299
31 73 1068
31 74 1315
31 75 2347
31 76 1116
31 77 1363
31 78 2395
31 79 1164
31 80 1411
31 81 2443
31 82 1212
31 83 1459
31 84 2491
31 85 1260
31 86 1507
31 87 1891
32 0 2032
32 1 1214
32 2 1433
32 3 718
32 4 973
32 5 1463
32 6 804
32 7 1596
32 8 1814
32 9 973
32 10 1180
32 11 587
32 12 852
32 13 752
32 14 1363
32 15 600
32 16 826
32 17 1337
32 18 1415
32 19 1324
32 20 852
32 21 1459
32 22 1723
32 23 1481
32 24 1171
32 25 478
32 26 1355
32 27 1272
32 28 648
32 29 1454
32 30 1060
32 31 1125
32 32 0
32 33 1912
32 34 681
32 35 1318
32 36 1864
32 37 633
32 38 1270
32 39 1816
32 40 585
32 41 1222
32 42 1768
32 43 537
32 44 1174
32 45 1720
32 46 489
32 47 1126
32 48 1672
32 49 441
32 50 1078
32 51 1624
32 52 393
32 53 1030
32 54 1576
32 55 345
32 56 982
32 57 1528
32 58 297
32 59 934
32 60 1576
32 61 345
32 62 982
32 63 1624
32 64 393
32 65 1030
32 66 1672
32 67 441
32 68 1078
32 69 1720
32 70 489
32 71 1126
32 72 1768
32 73 537
32 74 1174
32 75 1816
32 76 585
32 77 1222
32 78 1864
32 79 633
32 80 1270
32 81 1912
32 82 681
32 83 1318
32 84 1960
32 85 729
32 86 1366
32 87 2032
33 0 120
33 1 698
33 2 2347
33 3 1268
33 4 939
33 5 449
33 6 1108
33 7 316
33 8 98
33 9 939
33 10 2600
33 11 1325
33 12 1060
33 13 1494
33 14 549
33 15 1438
33 16 1472
33 17 2655
33 18 2157
33 19 2066
33 20 1498
33 21 2009
33 22 189
33 23 1295
33 24 2297
33 25 1434
33 26 2425
33 27 2014
33 28 1264
33 29 2196
33 30 852
33 31 1771
33 32 1912
33 33 0
33 34 1231
33 35 2462
33 36 48
33 37 1279
33 38 2510
33 39 96
33 40 1327
33 41 2558
33 42 144
33 43 1375
33 44 2606
33 45 192
33 46 1423
33 47 2654
33 48 240
33 49 1471
33 50 2702
33 51 288
33 52 1519
33 53 2750
33 54 336
33 55 1567
33 56 2798
33 57 384
33 58 1615
33 59 2846
33 60 432
33 61 1663
33 62 2894
33 63 480
33 64 1711
33 65 2942
33 66 528
33 67 1759
33 68 2990
33 69 576
33 70 1807
33 71 3038
33 72 624
33 73 1855
33 74 3086
33 75 672
33 76 1903
33 77 3134
33 78 720
33 79 1951
33 80 3182
33 81 768
33 82 1999
33 83 3230
33 84 816
33 85 2047
33 86 3278
33 87 120
34 0 1351
34 1 1205
34 2 1116
34 3 37
34 4 484
34 5 878
34 6 315
34 7 1395
34 8 1229
34 9 484
34 10 1369
34 11 194
34 12 267
34 13 263
34 14 874
34 15 207
34 16 241
34 17 1424
34 18 926
34 19 835
34 20 267
34 21 778
34 22 1138
34 23 1568
34 24 1066
34 25 277
34 26 1194
34 27 783
34 28 159
34 29 965
34 30 475
34 31 540
34 32 681
34 33 1231
34 34 0
34 35 1231
34 36 1279
34 37 48
34 38 1279
34 39 1327
34 40 96
34 41 1327
34 42 1375
34 43 144
34 44 1375
34 45 1423
34 46 192
34 47 1423
34 48 1471
34 49 240
34 50 1471
34 51 1519
34 52 288
34 53 1519
34 54 1567
34 55 336
34 56 1567
34 57 1615
34 58 384
34 59 1615
34 60 1663
34 61 432
34 62 1663
34 63 1711
34 64 480
34 65 1711
34 66 1759
34 67 528
34 68 1759
34 69 1807
34 70 576
34 71 1807
34 72 1855
34 73 624
34 74 1855
34 75 1903
34 76 672
34 77 1903
34 78 1951
34 79 720
34 80 1951
34 81 1999
34 82 768
34 83 1999
34 84 2047
34 85 816
34 86 2047
34 87 1351
35 0 2582
35 1 2436
35 2 115
35 3 1194
35 4 1715
35 5 2109
35 6 1546
35 7 2626
35 8 2460
35 9 1715
35 10 342
35 11 1425
35 12 1498
35 13 1160
35 14 2105
35 15 1312
35 16 1086
35 17 1151
35 18 497
35 19 588
35 20 1060
35 21 453
35 22 2369
35 23 2799
35 24 741
35 25 1508
35 26 37
35 27 640
35 28 1390
35 29 458
35 30 1706
35 31 787
35 32 1318
35 33 2462
35 34 1231
35 35 0
35 36 2510
35 37 1279
35 38 48
35 39 2558
35 40 1327
35 41 96
35 42 2606
35 43 1375
35 44 144
35 45 2654
35 46 1423
35 47 192
35 48 2702
35 49 1471
35 50 240
35 51 2750
35 52 1519
35 53 288
35 54 2798
35 55 1567
35 56 336
35 57 2846
35 58 1615
35 59 384
35 60 2894
35 61 1663
35 62 432
35 63 2942
35 64 1711
35 65 480
35 66 2990
35 67 1759
35 68 528
35 69 3038
35 70 1807
35 71 576
35 72 3086
35 73 1855
35 74 624
35 75 3134
35 76 1903
35 77 672
35 78 3182
35 79 1951
35 80 720
35 81 3230
35 82 1999
35 83 768
35 84 3278
35 85 2047
35 86 816
35 87 2582
36 0 168
36 1 650
36 2 2395
36 3 1316
36 4 891
36 5 401
36 6 1060
36 7 268
36 8 50
36 9 891
36 10 2552
36 11 1277
36 12 1012
36 13 1446
36 14 501
36 15 1390
36 16 1424
36 17 2607
36 18 2109
36 19 2018
36 20 1450
36 21 2057
36 22 141
36 23 1247
36 24 2249
36 25 1386
36 26 2473
36 27 1966
36 28 1216
36 29 2148
36 30 804
36 31 1723
36 32 1864
36 33 48
36 34 1279
36 35 2510
36 36 0
36 37 1231
36 38 2462
36 39 48
36 40 1279
36 41 2510
36 42 96
36 43 1327
36 44 2558
36 45 144
36 46 1375
36 47 2606
36 48 192
36 49 1423
36 50 2654
36 51 240
36 52 1471
36 53 2702
36 54 288
36 55 1519
36 56 2750
36 57 336
36 58 1567
36 59 2798
36 60 384
36 61 1615
36 62 2846
36 63 432
36 64 1663
36 65 2894
36 66 480
36 67 1711
36 68 2942
36 69 528
36 70 1759
36 71 2990
36 72 576
36 73 1807
36 74 3038
36 75 624
36 76 1855
36 77 3086
36 78 672
36 79 1903
36 80 3134
36 81 720
36 82 1951
36 83 3182
36 84 768
36 85 1999
36 86 3230
36 87 168
37 0 1399
37 1 1157
37 2 1164
37 3 85
37 4 436
37 5 830
37 6 267
37 7 1347
37 8 1181
37 9 436
37 10 1321
37 11 146
37 12 219
37 13 215
37 14 826
37 15 159
37 16 193
37 17 1376
37 18 878
37 19 787
37 20 219
37 21 826
37 22 1090
37 23 1520
37 24 1018
37 25 229
37 26 1242
37 27 735
37 28 111
37 29 917
37 30 427
37 31 492
37 32 633
37 33 1279
37 34 48
37 35 1279
37 36 1231
37 37 0
37 38 1231
37 39 1279
37 40 48
37 41 1279
37 42 1327
37 43 96
37 44 1327
37 45 1375
37 46 144
37 47 1375
37 48 1423
37 49 192
37 50 1423
37 51 1471
37 52 240
37 53 1471
37 54 1519
37 55 288
37 56 1519
37 57 1567
37 58 336
37 59 1567
37 60 1615
37 61 384
37 62 1615
37 63 1663
37 64 432
37 65 1663
37 66 1711
37 67 480
37 68 1711
37 69 1759
37 70 528
37 71 1759
37 72 1807
37 73 576
37 74 1807
37 75 1855
37 76 624
37 77 1855
37 78 1903
37 79 672
37 80 1903
37 81 1951
37 82 720
37 83 1951
37 84 1999
37 85 768
37 86 1999
37 87 1399
38 0 2630
38 1 2388
38 2 163
38 3 1242
38 4 1667
38 5 2061
38 6 1498
38 7 2578
38 8 2412
38 9 1667
38 10 294
38 11 1377
38 12 1450
38 13 1112
38 14 2057
38 15 1264
38 16 1038
38 17 1103
38 18 449
38 19 540
38 20 1012
38 21 501
38 22 2321
38 23 2751
38 24 693
38 25 1460
38 26 85
38 27 592
38 28 1342
38 29 410
38 30 1658
38 31 739
38 32 1270
38 33 2510
38 34 1279
38 35 48
38 36 2462
38 37 1231
38 38 0
38 39 2510
38 40 1279
38 41 48
38 42 2558
38 43 1327
38 44 96
38 45 2606
38 46 1375
38 47 144
38 48 2654
38 49 1423
38 50 192
38 51 2702
38 52 1471
38 53 240
38 54 2750
38 55 1519
38 56 288
38 57 2798
38 58 1567
38 59 336
38 60 2846
38 61 1615
38 62 384
38 63 2894
38 64 1663
38 65 432
38 66 2942
38 67 1711
38 68 480
38 69 2990
38 70 1759
38 71 528
38 72 3038
38 73 1807
38 74 576
38 75 3086
38 76 1855
38 77 624
38 78 3134
38 79 1903
38 80 672
38 81 3182
38 82 1951
38 83 720
38 84 3230
38 85 1999
38 86 768
38 87 2630
39 0 216
39 1 602
39 2 2443
39 3 1364
39 4 843
39 5 449
39 6 1012
39 7 220
39 8 98
39 9 843
39 10 2504
39 11 1229
39 12 1060
39 13 1398
39 14 453
39 15 1342
39 16 1472
39 17 2559
39 18 2061
39 19 1970
39 20 1498
39 21 2105
39 22 189
39 23 1199
39 24 2201
39 25 1338
39 26 2521
39 27 1918
39 28 1168
39 29 2100
39 30 852
39 31 1771
39 32 1816
39 33 96
39 34 1327
39 35 2558
39 36 48
39 37 1279
39 38 2510
39 39 0
39 40 1231
39 41 2462
39 42 48
39 43 1279
39 44 2510
39 45 96
39 46 1327
39 47 2558
39 48 144
39 49 1375
39 50 2606
39 51 192
39 52 1423
39 53 2654
39 54 240
39 55 1471
39 56 2702
39 57 288
39 58 1519
39 59 2750
39 60 336
39 61 1567
39 62 2798
39 63 384
39 64 1615
39 65 2846
39 66 432
39 67 1663
39 68 2894
39 69 480
39 70 1711
39 71 2942
39 72 528
39 73 1759
39 74 2990
39 75 576
39 76 1807
39 77 3038
39 78 624
39 79 1855
39 80 3086
39 81 672
39 82 1903
39 83 3134
39 84 720
39 85 1951
39 86 3182
39 87 216
40 0 1447
40 1 1109
40 2 1212
40 3 133
40 4 388
40 5 878
40 6 219
40 7 1299
40 8 1229
40 9 388
40 10 1273
40 11 98
40 12 267
40 13 167
40 14 778
40 15 111
40 16 241
40 17 1328
40 18 830
40 19 739
40 20 267
40 21 874
40 22 1138
40 23 1472
40 24 970
40 25 181
40 26 1290
40 27 687
40 28 63
40 29 869
40 30 475
40 31 540
40 32 585
40 33 1327
40 34 96
40 35 1327
40 36 1279
40 37 48
40 38 1279
40 39 1231
40 40 0
40 41 1231
40 42 1279
40 43 48
40 44 1279
40 45 1327
40 46 96
40 47 1327
40 48 1375
40 49 144
40 50 1375
40 51 1423
40 52 192
40 53 1423
40 54 1471
40 55 240
40 56 1471
40 57 1519
40 58 288
40 59 1519
40 60 1567
40 61 336
40 62 1567
40 63 1615
40 64 384
40 65 1615
40 66 1663
40 67 432
40 68 1663
40 69 1711
40 70 480
