//alpha
1
//NbLocations
70
//NbProducts
34
//NbPickers
2
//CapaPicker
8
//TimeToTravelOneDistanceUnit
3
//SetupTime
5400
//PickTime
300
//Products
//Idx Location Size
1 1 1
2 2 1
3 3 1
4 4 1
5 5 1
6 6 1
7 7 1
8 8 1
9 9 1
10 10 1
11 11 1
12 12 1
13 13 1
14 14 1
15 15 1
16 16 1
17 17 1
18 18 1
19 19 1
20 20 1
21 21 1
22 22 1
23 23 1
24 24 1
25 25 1
26 26 1
27 27 1
28 28 1
29 29 1
30 30 1
31 31 1
32 32 1
33 7 1
34 33 1
//Orders
//NbOrders
18
//Idx DueDate TardinessPenalty NbProdInOrder ProdIdx1 Qty1 ProdIdx2 Qty2 ...
1 108000 0 1 1 1
2 144000 0 1 2 1
3 90000 0 1 3 1
4 108000 0 1 4 1
5 36000 0 6 5 1 6 1 7 1 8 1 9 1 10 1
6 36000 0 2 11 1 12 1
7 108000 0 1 13 1
8 126000 0 2 14 1 15 1
9 90000 0 5 16 1 17 1 18 1 19 1 20 1
10 144000 0 1 21 1
11 90000 0 1 22 1
12 144000 0 3 23 1 24 1 25 1
13 54000 0 1 26 1
14 54000 0 1 27 1
15 108000 0 2 28 1 29 1
16 108000 0 1 30 1
17 72000 0 3 31 1 32 1 33 1
18 90000 0 1 34 1
//Graph (Products are vertices indexed from 1 to NbProducts)
//NbVerticesIntersections
36
//DepartingDepot
0
//ArrivalDepot
70
//Arcs
//Start End Distance
0 34 120
1 61 791
1 62 50
2 8 611
2 41 89
3 68 674
3 69 167
4 27 104
4 31 494
5 52 284
5 53 557
6 20 78
6 65 50
7 14 182
7 46 102
8 2 611
8 40 141
9 28 52
9 35 596
10 29 533
10 45 271
11 21 338
11 37 206
12 30 338
12 68 310
13 33 52
13 64 76
14 7 182
14 47 557
15 32 182
15 56 219
16 23 416
16 58 258
17 43 89
17 44 752
18 20 312
18 33 273
19 34 375
19 35 466
20 6 78
20 18 312
21 11 338
21 38 297
22 65 739
22 66 102
23 16 416
23 59 167
24 50 154
24 51 687
25 53 193
25 54 648
26 32 325
26 57 115
27 4 104
27 63 206
28 9 52
28 36 193
29 10 533
29 44 37
30 12 338
30 67 193
31 4 494
31 62 37
32 15 182
32 26 325
33 13 52
33 18 273
34 19 375
34 37 48
34 70 120
35 9 596
35 19 466
35 38 48
36 28 193
36 39 48
37 11 206
37 34 48
37 40 48
38 21 297
38 35 48
38 39 841
38 41 48
39 36 48
39 38 841
39 42 48
40 8 141
40 37 48
40 43 48
41 2 89
41 38 48
41 42 841
41 44 48
42 39 48
42 41 841
42 45 48
43 17 89
43 40 48
43 46 48
44 17 752
44 29 37
44 41 48
44 47 48
45 10 271
45 42 48
45 48 48
46 7 102
46 43 48
46 49 48
47 14 557
47 44 48
47 48 841
47 50 48
48 45 48
48 47 841
48 51 48
49 46 48
49 50 841
49 52 48
50 24 154
50 47 48
50 49 841
50 53 48
51 24 687
51 48 48
51 54 48
52 5 284
52 49 48
52 55 48
53 5 557
53 25 193
53 50 48
53 56 48
54 25 648
54 51 48
54 57 48
55 52 48
55 56 841
55 58 48
56 15 219
56 53 48
56 55 841
56 59 48
57 26 115
57 54 48
57 60 48
58 16 258
58 55 48
58 61 48
59 23 167
59 56 48
59 60 841
59 62 48
60 57 48
60 59 841
60 63 48
61 1 791
61 58 48
61 64 48
62 1 50
62 31 37
62 59 48
62 65 48
63 27 206
63 60 48
63 66 48
64 13 76
64 61 48
64 67 48
65 6 50
65 22 739
65 62 48
65 68 48
66 22 102
66 63 48
66 69 48
67 30 193
67 64 48
68 3 674
68 12 310
68 65 48
69 3 167
69 66 48
//LocStart LocEnd ShortestPath
0 0 0
0 1 1343
0 2 968
0 3 2163
0 4 1924
0 5 692
0 6 1391
0 7 414
0 8 357
0 9 1557
0 10 1675
0 11 374
0 12 1179
0 13 676
0 14 596
0 15 1516
0 16 762
0 17 353
0 18 1001
0 19 495
0 20 1313
0 21 712
0 22 2180
0 23 1178
0 24 1355
0 25 1442
0 26 2023
0 27 2028
0 28 1609
0 29 1142
0 30 841
0 31 1430
0 32 1698
0 33 728
0 34 120
0 35 961
0 36 1802
0 37 168
0 38 1009
0 39 1850
0 40 216
0 41 1057
0 42 1898
0 43 264
0 44 1105
0 45 1946
0 46 312
0 47 1153
0 48 1994
0 49 360
0 50 1201
0 51 2042
0 52 408
0 53 1249
0 54 2090
0 55 456
0 56 1297
0 57 2138
0 58 504
0 59 1345
0 60 2186
0 61 552
0 62 1393
0 63 2234
0 64 600
0 65 1441
0 66 2282
0 67 648
0 68 1489
0 69 2330
0 70 0
1 0 1343
1 1 0
1 2 475
1 3 820
1 4 581
1 5 751
1 6 148
1 7 1029
1 8 1086
1 9 1078
1 10 908
1 11 1069
1 12 456
1 13 863
1 14 847
1 15 365
1 16 681
1 17 1090
1 18 538
1 19 948
1 20 226
1 21 731
1 22 837
1 23 265
1 24 396
1 25 387
1 26 872
1 27 685
1 28 1130
1 29 375
1 30 794
1 31 87
1 32 547
1 33 811
1 34 1223
1 35 482
1 36 1323
1 37 1175
1 38 434
1 39 1275
1 40 1127
1 41 386
1 42 1227
1 43 1079
1 44 338
1 45 1179
1 46 1031
1 47 290
1 48 1131
1 49 983
1 50 242
1 51 1083
1 52 935
1 53 194
1 54 1035
1 55 887
1 56 146
1 57 987
1 58 839
1 59 98
1 60 939
1 61 791
1 62 50
1 63 891
1 64 839
1 65 98
1 66 939
1 67 887
1 68 146
1 69 987
1 70 1343
2 0 968
2 1 475
2 2 0
2 3 1195
2 4 956
2 5 838
2 6 523
2 7 924
2 8 611
2 9 781
2 10 707
2 11 772
2 12 831
2 13 1212
2 14 742
2 15 548
2 16 960
2 17 889
2 18 913
2 19 651
2 20 601
2 21 434
2 22 1212
2 23 544
2 24 387
2 25 474
2 26 1055
2 27 1060
2 28 833
2 29 174
2 30 1169
2 31 462
2 32 730
2 33 1186
2 34 848
2 35 185
2 36 1026
2 37 800
2 38 137
2 39 978
2 40 752
2 41 89
2 42 930
2 43 800
2 44 137
2 45 978
2 46 848
2 47 185
2 48 1026
2 49 896
2 50 233
2 51 1074
2 52 944
2 53 281
2 54 1122
2 55 992
2 56 329
2 57 1170
2 58 1040
2 59 377
2 60 1218
2 61 1088
2 62 425
2 63 1266
2 64 1136
2 65 473
2 66 1314
2 67 1184
2 68 521
2 69 1362
2 70 968
3 0 2163
3 1 820
3 2 1195
3 3 0
3 4 573
3 5 1471
3 6 772
3 7 1749
3 8 1806
3 9 940
3 10 822
3 11 1789
3 12 984
3 13 1487
3 14 1567
3 15 981
3 16 1401
3 17 1810
3 18 1162
3 19 1668
3 20 850
3 21 1451
3 22 317
3 23 985
3 24 1116
3 25 1055
3 26 474
3 27 469
3 28 888
3 29 1095
3 30 1322
3 31 807
3 32 799
3 33 1435
3 34 2043
3 35 1202
3 36 695
3 37 1995
3 38 1154
3 39 647
3 40 1947
3 41 1106
3 42 599
3 43 1899
3 44 1058
3 45 551
3 46 1851
3 47 1010
3 48 503
3 49 1803
3 50 962
3 51 455
3 52 1755
3 53 914
3 54 407
3 55 1707
3 56 866
3 57 359
3 58 1659
3 59 818
3 60 311
3 61 1611
3 62 770
3 63 263
3 64 1563
3 65 722
3 66 215
3 67 1515
3 68 674
3 69 167
3 70 2163
4 0 1924
4 1 581
4 2 956
4 3 573
4 4 0
4 5 1232
4 6 629
4 7 1510
4 8 1567
4 9 987
4 10 869
4 11 1550
4 12 937
4 13 1344
4 14 1328
4 15 846
4 16 1162
4 17 1571
4 18 1019
4 19 1429
4 20 707
4 21 1212
4 22 460
4 23 746
4 24 877
4 25 868
4 26 521
4 27 104
4 28 935
4 29 856
4 30 1275
4 31 494
4 32 846
4 33 1292
4 34 1804
4 35 963
4 36 742
4 37 1756
4 38 915
4 39 694
4 40 1708
4 41 867
4 42 646
4 43 1660
4 44 819
4 45 598
4 46 1612
4 47 771
4 48 550
4 49 1564
4 50 723
4 51 502
4 52 1516
4 53 675
4 54 454
4 55 1468
4 56 627
4 57 406
4 58 1420
4 59 579
4 60 358
4 61 1372
4 62 531
4 63 310
4 64 1420
4 65 579
4 66 358
4 67 1468
4 68 627
4 69 406
4 70 1924
5 0 692
5 1 751
5 2 838
5 3 1471
5 4 1232
5 5 0
5 6 799
5 7 482
5 8 617
5 9 1441
5 10 1271
5 11 730
5 12 1055
5 13 552
5 14 664
5 15 824
5 16 638
5 17 517
5 18 877
5 19 947
5 20 877
5 21 1068
5 22 1488
5 23 820
5 24 759
5 25 750
5 26 1331
5 27 1336
5 28 1493
5 29 738
5 30 717
5 31 738
5 32 1006
5 33 604
5 34 572
5 35 845
5 36 1686
5 37 524
5 38 797
5 39 1638
5 40 476
5 41 749
5 42 1590
5 43 428
5 44 701
5 45 1542
5 46 380
5 47 653
5 48 1494
5 49 332
5 50 605
5 51 1446
5 52 284
5 53 557
5 54 1398
5 55 332
5 56 605
5 57 1446
5 58 380
5 59 653
5 60 1494
5 61 428
5 62 701
5 63 1542
5 64 476
5 65 749
5 66 1590
5 67 524
5 68 797
5 69 1638
5 70 692
6 0 1391
6 1 148
6 2 523
6 3 772
6 4 629
6 5 799
6 6 0
6 7 1077
6 8 1134
6 9 1126
6 10 956
6 11 1117
6 12 408
6 13 715
6 14 895
6 15 413
6 16 729
6 17 1138
6 18 390
6 19 996
6 20 78
6 21 779
6 22 789
6 23 313
6 24 444
6 25 435
6 26 920
6 27 733
6 28 1178
6 29 423
6 30 746
6 31 135
6 32 595
6 33 663
6 34 1271
6 35 530
6 36 1371
6 37 1223
6 38 482
6 39 1323
6 40 1175
6 41 434
6 42 1275
6 43 1127
6 44 386
6 45 1227
6 46 1079
6 47 338
6 48 1179
6 49 1031
6 50 290
6 51 1131
6 52 983
6 53 242
6 54 1083
6 55 935
6 56 194
6 57 1035
6 58 887
6 59 146
6 60 987
6 61 839
6 62 98
6 63 939
6 64 791
6 65 50
6 66 891
6 67 839
6 68 98
6 69 939
6 70 1391
7 0 414
7 1 1029
7 2 924
7 3 1749
7 4 1510
7 5 482
7 6 1077
7 7 0
7 8 339
7 9 1527
7 10 1357
7 11 452
7 12 969
7 13 466
7 14 182
7 15 1102
7 16 552
7 17 239
7 18 791
7 19 669
7 20 1103
7 21 790
7 22 1766
7 23 968
7 24 941
7 25 1028
7 26 1609
7 27 1614
7 28 1579
7 29 824
7 30 631
7 31 1016
7 32 1284
7 33 518
7 34 294
7 35 931
7 36 1772
7 37 246
7 38 883
7 39 1724
7 40 198
7 41 835
7 42 1676
7 43 150
7 44 787
7 45 1628
7 46 102
7 47 739
7 48 1580
7 49 150
7 50 787
7 51 1628
7 52 198
7 53 835
7 54 1676
7 55 246
7 56 883
7 57 1724
7 58 294
7 59 931
7 60 1772
7 61 342
7 62 979
7 63 1820
7 64 390
7 65 1027
7 66 1868
7 67 438
7 68 1075
7 69 1916
7 70 414
8 0 357
8 1 1086
8 2 611
8 3 1806
8 4 1567
8 5 617
8 6 1134
8 7 339
8 8 0
8 9 1392
8 10 1318
8 11 395
8 12 1104
8 13 601
8 14 521
8 15 1159
8 16 687
8 17 278
8 18 926
8 19 612
8 20 1212
8 21 733
8 22 1823
8 23 1103
8 24 998
8 25 1085
8 26 1666
8 27 1671
8 28 1444
8 29 785
8 30 766
8 31 1073
8 32 1341
8 33 653
8 34 237
8 35 796
8 36 1637
8 37 189
8 38 748
8 39 1589
8 40 141
8 41 700
8 42 1541
8 43 189
8 44 748
8 45 1589
8 46 237
8 47 796
8 48 1637
8 49 285
8 50 844
8 51 1685
8 52 333
8 53 892
8 54 1733
8 55 381
8 56 940
8 57 1781
8 58 429
8 59 988
8 60 1829
8 61 477
8 62 1036
8 63 1877
8 64 525
8 65 1084
8 66 1925
8 67 573
8 68 1132
8 69 1973
8 70 357
9 0 1557
9 1 1078
9 2 781
9 3 940
9 4 987
9 5 1441
9 6 1126
9 7 1527
9 8 1392
9 9 0
9 10 660
9 11 1279
9 12 1434
9 13 1841
9 14 1345
9 15 1151
9 16 1563
9 17 1492
9 18 1516
9 19 1062
9 20 1204
9 21 941
9 22 827
9 23 1147
9 24 990
9 25 1077
9 26 696
9 27 883
9 28 52
9 29 777
9 30 1772
9 31 1065
9 32 1021
9 33 1789
9 34 1437
9 35 596
9 36 245
9 37 1485
9 38 644
9 39 293
9 40 1533
9 41 692
9 42 341
9 43 1581
9 44 740
9 45 389
9 46 1629
9 47 788
9 48 437
9 49 1677
9 50 836
9 51 485
9 52 1725
9 53 884
9 54 533
9 55 1773
9 56 932
9 57 581
9 58 1821
9 59 980
9 60 629
9 61 1869
9 62 1028
9 63 677
9 64 1917
9 65 1076
9 66 725
9 67 1965
9 68 1124
9 69 773
9 70 1557
10 0 1675
10 1 908
10 2 707
10 3 822
10 4 869
10 5 1271
10 6 956
10 7 1357
10 8 1318
10 9 660
10 10 0
10 11 1301
10 12 1264
10 13 1671
10 14 1175
10 15 981
10 16 1393
10 17 1322
10 18 1346
10 19 1180
10 20 1034
10 21 963
10 22 709
10 23 977
10 24 820
10 25 907
10 26 578
10 27 765
10 28 608
10 29 533
10 30 1602
10 31 895
10 32 903
10 33 1619
10 34 1555
10 35 714
10 36 415
10 37 1507
10 38 666
10 39 367
10 40 1459
10 41 618
10 42 319
10 43 1411
10 44 570
10 45 271
10 46 1459
10 47 618
10 48 319
10 49 1507
10 50 666
10 51 367
10 52 1555
10 53 714
10 54 415
10 55 1603
10 56 762
10 57 463
10 58 1651
10 59 810
10 60 511
10 61 1699
10 62 858
10 63 559
10 64 1747
10 65 906
10 66 607
10 67 1795
10 68 954
10 69 655
10 70 1675
11 0 374
11 1 1069
11 2 772
11 3 1789
11 4 1550
11 5 730
11 6 1117
11 7 452
11 8 395
11 9 1279
11 10 1301
11 11 0
11 12 1217
11 13 714
11 14 634
11 15 1142
11 16 800
11 17 391
11 18 1039
11 19 629
11 20 1195
11 21 338
11 22 1806
11 23 1138
11 24 981
11 25 1068
11 26 1649
11 27 1654
11 28 1331
11 29 768
11 30 879
11 31 1056
11 32 1324
11 33 766
11 34 254
11 35 683
11 36 1524
11 37 206
11 38 635
11 39 1476
11 40 254
11 41 683
11 42 1524
11 43 302
11 44 731
11 45 1572
11 46 350
11 47 779
11 48 1620
11 49 398
11 50 827
11 51 1668
11 52 446
11 53 875
11 54 1716
11 55 494
11 56 923
11 57 1764
11 58 542
11 59 971
11 60 1812
11 61 590
11 62 1019
11 63 1860
11 64 638
11 65 1067
11 66 1908
11 67 686
11 68 1115
11 69 1956
11 70 374
12 0 1179
12 1 456
12 2 831
12 3 984
12 4 937
12 5 1055
12 6 408
12 7 969
12 8 1104
12 9 1434
12 10 1264
12 11 1217
12 12 0
12 13 655
12 14 1151
12 15 721
12 16 933
12 17 1004
12 18 798
12 19 1304
12 20 486
12 21 1087
12 22 1097
12 23 621
12 24 752
12 25 743
12 26 1228
12 27 1041
12 28 1486
12 29 731
12 30 338
12 31 443
12 32 903
12 33 707
12 34 1059
12 35 838
12 36 1679
12 37 1011
12 38 790
12 39 1631
12 40 963
12 41 742
12 42 1583
12 43 915
12 44 694
12 45 1535
12 46 867
12 47 646
12 48 1487
12 49 819
12 50 598
12 51 1439
12 52 771
12 53 550
12 54 1391
12 55 723
12 56 502
12 57 1343
12 58 675
12 59 454
12 60 1295
12 61 627
12 62 406
12 63 1247
12 64 579
12 65 358
12 66 1199
12 67 531
12 68 310
12 69 1151
12 70 1179
13 0 676
13 1 863
13 2 1212
13 3 1487
13 4 1344
13 5 552
13 6 715
13 7 466
13 8 601
13 9 1841
13 10 1671
13 11 714
13 12 655
13 13 0
13 14 648
13 15 1128
13 16 430
13 17 501
13 18 325
13 19 931
13 20 637
13 21 1052
13 22 1504
13 23 846
13 24 1159
13 25 1150
13 26 1635
13 27 1448
13 28 1893
13 29 1138
13 30 317
13 31 850
13 32 1310
13 33 52
13 34 556
13 35 1245
13 36 2086
13 37 508
13 38 1197
13 39 2038
13 40 460
13 41 1149
13 42 1990
13 43 412
13 44 1101
13 45 1942
13 46 364
13 47 1053
13 48 1894
13 49 316
13 50 1005
13 51 1846
13 52 268
13 53 957
13 54 1798
13 55 220
13 56 909
13 57 1750
13 58 172
13 59 861
13 60 1702
13 61 124
13 62 813
13 63 1654
13 64 76
13 65 765
13 66 1606
13 67 124
13 68 813
13 69 1654
13 70 676
14 0 596
14 1 847
14 2 742
14 3 1567
14 4 1328
14 5 664
14 6 895
14 7 182
14 8 521
14 9 1345
14 10 1175
14 11 634
14 12 1151
14 13 648
14 14 0
14 15 920
14 16 734
14 17 421
14 18 973
14 19 851
14 20 973
14 21 972
14 22 1584
14 23 916
14 24 759
14 25 846
14 26 1427
14 27 1432
14 28 1397
14 29 642
14 30 813
14 31 834
14 32 1102
14 33 700
14 34 476
14 35 749
14 36 1590
14 37 428
14 38 701
14 39 1542
14 40 380
14 41 653
14 42 1494
14 43 332
14 44 605
14 45 1446
14 46 284
14 47 557
14 48 1398
14 49 332
14 50 605
14 51 1446
14 52 380
14 53 653
14 54 1494
14 55 428
14 56 701
14 57 1542
14 58 476
14 59 749
14 60 1590
14 61 524
14 62 797
14 63 1638
14 64 572
14 65 845
14 66 1686
14 67 620
14 68 893
14 69 1734
14 70 596
15 0 1516
15 1 365
15 2 548
15 3 981
15 4 846
15 5 824
15 6 413
15 7 1102
15 8 1159
15 9 1151
15 10 981
15 11 1142
15 12 721
15 13 1128
15 14 920
15 15 0
15 16 850
15 17 1163
15 18 803
15 19 1021
15 20 491
15 21 804
15 22 868
15 23 434
15 24 469
15 25 460
15 26 507
15 27 924
15 28 1151
15 29 448
15 30 1059
15 31 352
15 32 182
15 33 1076
15 34 1396
15 35 555
15 36 958
15 37 1348
15 38 507
15 39 910
15 40 1300
15 41 459
15 42 862
15 43 1252
15 44 411
15 45 814
15 46 1204
15 47 363
15 48 766
15 49 1156
15 50 315
15 51 718
15 52 1108
15 53 267
15 54 670
15 55 1060
15 56 219
15 57 622
15 58 1108
15 59 267
15 60 670
15 61 1156
15 62 315
15 63 718
15 64 1204
15 65 363
15 66 766
15 67 1252
15 68 411
15 69 814
15 70 1516
16 0 762
16 1 681
16 2 960
16 3 1401
16 4 1162
16 5 638
16 6 729
16 7 552
16 8 687
16 9 1563
16 10 1393
16 11 800
16 12 933
16 13 430
16 14 734
16 15 850
16 16 0
16 17 587
16 18 755
16 19 1017
16 20 807
16 21 1138
16 22 1418
16 23 416
16 24 881
16 25 872
16 26 1357
16 27 1266
16 28 1615
16 29 860
16 30 595
16 31 668
16 32 1032
16 33 482
16 34 642
16 35 967
16 36 1808
16 37 594
16 38 919
16 39 1760
16 40 546
16 41 871
16 42 1712
16 43 498
16 44 823
16 45 1664
16 46 450
16 47 775
16 48 1616
16 49 402
16 50 727
16 51 1568
16 52 354
16 53 679
16 54 1520
16 55 306
16 56 631
16 57 1472
16 58 258
16 59 583
16 60 1424
16 61 306
16 62 631
16 63 1472
16 64 354
16 65 679
16 66 1520
16 67 402
16 68 727
16 69 1568
16 70 762
17 0 353
17 1 1090
17 2 889
17 3 1810
17 4 1571
17 5 517
17 6 1138
17 7 239
17 8 278
17 9 1492
17 10 1322
17 11 391
17 12 1004
17 13 501
17 14 421
17 15 1163
17 16 587
17 17 0
17 18 826
17 19 608
17 20 1138
17 21 729
17 22 1827
17 23 1003
17 24 1002
17 25 1089
17 26 1670
17 27 1675
17 28 1544
17 29 789
17 30 666
17 31 1077
17 32 1345
17 33 553
17 34 233
17 35 896
17 36 1737
17 37 185
17 38 848
17 39 1689
17 40 137
17 41 800
17 42 1641
17 43 89
17 44 752
17 45 1593
17 46 137
17 47 800
17 48 1641
17 49 185
17 50 848
17 51 1689
17 52 233
17 53 896
17 54 1737
17 55 281
17 56 944
17 57 1785
17 58 329
17 59 992
17 60 1833
17 61 377
17 62 1040
17 63 1881
17 64 425
17 65 1088
17 66 1929
17 67 473
17 68 1136
17 69 1977
17 70 353
18 0 1001
18 1 538
18 2 913
18 3 1162
18 4 1019
18 5 877
18 6 390
18 7 791
18 8 926
18 9 1516
18 10 1346
18 11 1039
18 12 798
18 13 325
18 14 973
18 15 803
18 16 755
18 17 826
18 18 0
18 19 1256
18 20 312
18 21 1169
18 22 1179
18 23 703
18 24 834
18 25 825
18 26 1310
18 27 1123
18 28 1568
18 29 813
18 30 642
18 31 525
18 32 985
18 33 273
18 34 881
18 35 920
18 36 1761
18 37 833
18 38 872
18 39 1713
18 40 785
18 41 824
18 42 1665
18 43 737
18 44 776
18 45 1617
18 46 689
18 47 728
18 48 1569
18 49 641
18 50 680
18 51 1521
18 52 593
18 53 632
18 54 1473
18 55 545
18 56 584
18 57 1425
18 58 497
18 59 536
18 60 1377
18 61 449
18 62 488
18 63 1329
18 64 401
18 65 440
18 66 1281
18 67 449
18 68 488
18 69 1329
18 70 1001
19 0 495
19 1 948
19 2 651
19 3 1668
19 4 1429
19 5 947
19 6 996
19 7 669
19 8 612
19 9 1062
19 10 1180
19 11 629
19 12 1304
19 13 931
19 14 851
19 15 1021
19 16 1017
19 17 608
19 18 1256
19 19 0
19 20 1074
19 21 811
19 22 1685
19 23 1017
19 24 860
19 25 947
19 26 1528
19 27 1533
19 28 1114
19 29 647
19 30 1096
19 31 935
19 32 1203
19 33 983
19 34 375
19 35 466
19 36 1307
19 37 423
19 38 514
19 39 1355
19 40 471
19 41 562
19 42 1403
19 43 519
19 44 610
19 45 1451
19 46 567
19 47 658
19 48 1499
19 49 615
19 50 706
19 51 1547
19 52 663
19 53 754
19 54 1595
19 55 711
19 56 802
19 57 1643
19 58 759
19 59 850
19 60 1691
19 61 807
19 62 898
19 63 1739
19 64 855
19 65 946
19 66 1787
19 67 903
19 68 994
19 69 1835
19 70 495
20 0 1313
20 1 226
20 2 601
20 3 850
20 4 707
20 5 877
20 6 78
20 7 1103
20 8 1212
20 9 1204
20 10 1034
20 11 1195
20 12 486
20 13 637
20 14 973
20 15 491
20 16 807
20 17 1138
20 18 312
20 19 1074
20 20 0
20 21 857
20 22 867
20 23 391
20 24 522
20 25 513
20 26 998
20 27 811
20 28 1256
20 29 501
20 30 824
20 31 213
20 32 673
20 33 585
20 34 1193
20 35 608
20 36 1449
20 37 1145
20 38 560
20 39 1401
20 40 1097
20 41 512
20 42 1353
20 43 1049
20 44 464
20 45 1305
20 46 1001
20 47 416
20 48 1257
20 49 953
20 50 368
20 51 1209
20 52 905
20 53 320
20 54 1161
20 55 857
20 56 272
20 57 1113
20 58 809
20 59 224
20 60 1065
20 61 761
20 62 176
20 63 1017
20 64 713
20 65 128
20 66 969
20 67 761
20 68 176
20 69 1017
20 70 1313
21 0 712
21 1 731
21 2 434
21 3 1451
21 4 1212
21 5 1068
21 6 779
21 7 790
21 8 733
21 9 941
21 10 963
21 11 338
21 12 1087
21 13 1052
21 14 972
21 15 804
21 16 1138
21 17 729
21 18 1169
21 19 811
21 20 857
21 21 0
21 22 1468
21 23 800
21 24 643
21 25 730
21 26 1311
21 27 1316
21 28 993
21 29 430
21 30 1217
21 31 718
21 32 986
21 33 1104
21 34 592
21 35 345
21 36 1186
21 37 544
21 38 297
21 39 1138
21 40 592
21 41 345
21 42 1186
21 43 640
21 44 393
21 45 1234
21 46 688
21 47 441
21 48 1282
21 49 736
21 50 489
21 51 1330
21 52 784
21 53 537
21 54 1378
21 55 832
21 56 585
21 57 1426
21 58 880
21 59 633
21 60 1474
21 61 928
21 62 681
21 63 1522
21 64 976
21 65 729
21 66 1570
21 67 1024
21 68 777
21 69 1618
21 70 712
22 0 2180
22 1 837
22 2 1212
22 3 317
22 4 460
22 5 1488
22 6 789
22 7 1766
22 8 1823
22 9 827
22 10 709
22 11 1806
22 12 1097
22 13 1504
22 14 1584
22 15 868
22 16 1418
22 17 1827
22 18 1179
22 19 1685
22 20 867
22 21 1468
22 22 0
22 23 1002
22 24 1029
22 25 942
22 26 361
22 27 356
22 28 775
22 29 1112
22 30 1435
22 31 824
22 32 686
22 33 1452
22 34 2060
22 35 1219
22 36 582
22 37 2012
22 38 1171
22 39 534
22 40 1964
22 41 1123
22 42 486
22 43 1916
22 44 1075
22 45 438
22 46 1868
22 47 1027
22 48 390
22 49 1820
22 50 979
22 51 342
22 52 1772
22 53 931
22 54 294
22 55 1724
22 56 883
22 57 246
22 58 1676
22 59 835
22 60 198
22 61 1628
22 62 787
22 63 150
22 64 1580
22 65 739
22 66 102
22 67 1628
22 68 787
22 69 150
22 70 2180
23 0 1178
23 1 265
23 2 544
23 3 985
23 4 746
23 5 820
23 6 313
23 7 968
23 8 1103
23 9 1147
23 10 977
23 11 1138
23 12 621
23 13 846
23 14 916
23 15 434
23 16 416
23 17 1003
23 18 703
23 19 1017
23 20 391
23 21 800
23 22 1002
23 23 0
23 24 465
23 25 456
23 26 941
23 27 850
23 28 1199
23 29 444
23 30 959
23 31 252
23 32 616
23 33 898
23 34 1058
23 35 551
23 36 1392
23 37 1010
23 38 503
23 39 1344
23 40 962
23 41 455
23 42 1296
23 43 914
23 44 407
23 45 1248
23 46 866
23 47 359
23 48 1200
23 49 818
23 50 311
23 51 1152
23 52 770
23 53 263
23 54 1104
23 55 722
23 56 215
23 57 1056
23 58 674
23 59 167
23 60 1008
23 61 722
23 62 215
23 63 1056
23 64 770
23 65 263
23 66 1104
23 67 818
23 68 311
23 69 1152
23 70 1178
24 0 1355
24 1 396
24 2 387
24 3 1116
24 4 877
24 5 759
24 6 444
24 7 941
24 8 998
24 9 990
24 10 820
24 11 981
24 12 752
24 13 1159
24 14 759
24 15 469
24 16 881
24 17 1002
24 18 834
24 19 860
24 20 522
24 21 643
24 22 1029
24 23 465
24 24 0
24 25 395
24 26 898
24 27 981
24 28 1042
24 29 287
24 30 1090
24 31 383
24 32 651
24 33 1107
24 34 1235
24 35 394
24 36 927
24 37 1187
24 38 346
24 39 879
24 40 1139
24 41 298
24 42 831
24 43 1091
24 44 250
24 45 783
24 46 1043
24 47 202
24 48 735
24 49 995
24 50 154
24 51 687
24 52 1043
24 53 202
24 54 735
24 55 1091
24 56 250
24 57 783
24 58 1139
24 59 298
24 60 831
24 61 1187
24 62 346
24 63 879
24 64 1235
24 65 394
24 66 927
24 67 1283
24 68 442
24 69 975
24 70 1355
25 0 1442
25 1 387
25 2 474
25 3 1055
25 4 868
25 5 750
25 6 435
25 7 1028
25 8 1085
25 9 1077
25 10 907
25 11 1068
25 12 743
25 13 1150
25 14 846
25 15 460
25 16 872
25 17 1089
25 18 825
25 19 947
25 20 513
25 21 730
25 22 942
25 23 456
25 24 395
25 25 0
25 26 811
25 27 972
25 28 1129
25 29 374
25 30 1081
25 31 374
25 32 642
25 33 1098
25 34 1322
25 35 481
25 36 936
25 37 1274
25 38 433
25 39 888
25 40 1226
25 41 385
25 42 840
25 43 1178
25 44 337
25 45 792
25 46 1130
25 47 289
25 48 744
25 49 1082
25 50 241
25 51 696
25 52 1034
25 53 193
25 54 648
25 55 1082
25 56 241
25 57 696
25 58 1130
25 59 289
25 60 744
25 61 1178
25 62 337
25 63 792
25 64 1226
25 65 385
25 66 840
25 67 1274
25 68 433
25 69 888
25 70 1442
26 0 2023
26 1 872
26 2 1055
26 3 474
26 4 521
26 5 1331
26 6 920
26 7 1609
26 8 1666
26 9 696
26 10 578
26 11 1649
26 12 1228
26 13 1635
26 14 1427
26 15 507
26 16 1357
26 17 1670
26 18 1310
26 19 1528
26 20 998
26 21 1311
26 22 361
26 23 941
26 24 898
26 25 811
26 26 0
26 27 417
26 28 644
26 29 955
26 30 1566
26 31 859
26 32 325
26 33 1583
26 34 1903
26 35 1062
26 36 451
26 37 1855
26 38 1014
26 39 403
26 40 1807
26 41 966
26 42 355
26 43 1759
26 44 918
26 45 307
26 46 1711
26 47 870
26 48 259
26 49 1663
26 50 822
26 51 211
26 52 1615
26 53 774
26 54 163
26 55 1567
26 56 726
26 57 115
26 58 1615
26 59 774
26 60 163
26 61 1663
26 62 822
26 63 211
26 64 1711
26 65 870
26 66 259
26 67 1759
26 68 918
26 69 307
26 70 2023
27 0 2028
27 1 685
27 2 1060
27 3 469
27 4 104
27 5 1336
27 6 733
27 7 1614
27 8 1671
27 9 883
27 10 765
27 11 1654
27 12 1041
27 13 1448
27 14 1432
27 15 924
27 16 1266
27 17 1675
27 18 1123
27 19 1533
27 20 811
27 21 1316
27 22 356
27 23 850
27 24 981
27 25 972
27 26 417
27 27 0
27 28 831
27 29 960
27 30 1379
27 31 598
27 32 742
27 33 1396
27 34 1908
27 35 1067
27 36 638
27 37 1860
27 38 1019
27 39 590
27 40 1812
27 41 971
27 42 542
27 43 1764
27 44 923
27 45 494
27 46 1716
27 47 875
27 48 446
27 49 1668
27 50 827
27 51 398
27 52 1620
27 53 779
27 54 350
27 55 1572
27 56 731
27 57 302
27 58 1524
27 59 683
27 60 254
27 61 1476
27 62 635
27 63 206
27 64 1524
27 65 683
27 66 254
27 67 1572
27 68 731
27 69 302
27 70 2028
28 0 1609
28 1 1130
28 2 833
28 3 888
28 4 935
28 5 1493
28 6 1178
28 7 1579
28 8 1444
28 9 52
28 10 608
28 11 1331
28 12 1486
28 13 1893
28 14 1397
28 15 1151
28 16 1615
28 17 1544
28 18 1568
28 19 1114
28 20 1256
28 21 993
28 22 775
28 23 1199
28 24 1042
28 25 1129
28 26 644
28 27 831
28 28 0
28 29 829
28 30 1824
28 31 1117
28 32 969
28 33 1841
28 34 1489
28 35 648
28 36 193
28 37 1537
28 38 696
28 39 241
28 40 1585
28 41 744
28 42 289
28 43 1633
28 44 792
28 45 337
28 46 1681
28 47 840
28 48 385
28 49 1729
28 50 888
28 51 433
28 52 1777
28 53 936
28 54 481
28 55 1825
28 56 984
28 57 529
28 58 1873
28 59 1032
28 60 577
28 61 1921
28 62 1080
28 63 625
28 64 1969
28 65 1128
28 66 673
28 67 2017
28 68 1176
28 69 721
28 70 1609
29 0 1142
29 1 375
29 2 174
29 3 1095
29 4 856
29 5 738
29 6 423
29 7 824
29 8 785
29 9 777
29 10 533
29 11 768
29 12 731
29 13 1138
29 14 642
29 15 448
29 16 860
29 17 789
29 18 813
29 19 647
29 20 501
29 21 430
29 22 1112
29 23 444
29 24 287
29 25 374
29 26 955
29 27 960
29 28 829
29 29 0
29 30 1069
29 31 362
29 32 630
29 33 1086
29 34 1022
29 35 181
29 36 948
29 37 974
29 38 133
29 39 900
29 40 926
29 41 85
29 42 852
29 43 878
29 44 37
29 45 804
29 46 926
29 47 85
29 48 852
29 49 974
29 50 133
29 51 900
29 52 1022
29 53 181
29 54 948
29 55 1070
29 56 229
29 57 996
29 58 1118
29 59 277
29 60 1044
29 61 1166
29 62 325
29 63 1092
29 64 1214
29 65 373
29 66 1140
29 67 1262
29 68 421
29 69 1188
29 70 1142
30 0 841
30 1 794
30 2 1169
30 3 1322
30 4 1275
30 5 717
30 6 746
30 7 631
30 8 766
30 9 1772
30 10 1602
30 11 879
30 12 338
30 13 317
30 14 813
30 15 1059
30 16 595
30 17 666
30 18 642
30 19 1096
30 20 824
30 21 1217
30 22 1435
30 23 959
30 24 1090
30 25 1081
30 26 1566
30 27 1379
30 28 1824
30 29 1069
30 30 0
30 31 781
30 32 1241
30 33 369
30 34 721
30 35 1176
30 36 2017
30 37 673
30 38 1128
30 39 1969
30 40 625
30 41 1080
30 42 1921
30 43 577
30 44 1032
30 45 1873
30 46 529
30 47 984
30 48 1825
30 49 481
30 50 936
30 51 1777
30 52 433
30 53 888
30 54 1729
30 55 385
30 56 840
30 57 1681
30 58 337
30 59 792
30 60 1633
30 61 289
30 62 744
30 63 1585
30 64 241
30 65 696
30 66 1537
30 67 193
30 68 648
30 69 1489
30 70 841
31 0 1430
31 1 87
31 2 462
31 3 807
31 4 494
31 5 738
31 6 135
31 7 1016
31 8 1073
31 9 1065
31 10 895
31 11 1056
31 12 443
31 13 850
31 14 834
31 15 352
31 16 668
31 17 1077
31 18 525
31 19 935
31 20 213
31 21 718
31 22 824
31 23 252
31 24 383
31 25 374
31 26 859
31 27 598
31 28 1117
31 29 362
31 30 781
31 31 0
31 32 534
31 33 798
31 34 1310
31 35 469
31 36 1236
31 37 1262
31 38 421
31 39 1188
31 40 1214
31 41 373
31 42 1140
31 43 1166
31 44 325
31 45 1092
31 46 1118
31 47 277
31 48 1044
31 49 1070
31 50 229
31 51 996
31 52 1022
31 53 181
31 54 948
31 55 974
31 56 133
31 57 900
31 58 926
31 59 85
31 60 852
31 61 878
31 62 37
31 63 804
31 64 926
31 65 85
31 66 852
31 67 974
31 68 133
31 69 900
31 70 1430
32 0 1698
32 1 547
32 2 730
32 3 799
32 4 846
32 5 1006
32 6 595
32 7 1284
32 8 1341
32 9 1021
32 10 903
32 11 1324
32 12 903
32 13 1310
32 14 1102
32 15 182
32 16 1032
32 17 1345
32 18 985
32 19 1203
32 20 673
32 21 986
32 22 686
32 23 616
32 24 651
32 25 642
32 26 325
32 27 742
32 28 969
32 29 630
32 30 1241
32 31 534
32 32 0
32 33 1258
32 34 1578
32 35 737
32 36 776
32 37 1530
32 38 689
32 39 728
32 40 1482
32 41 641
32 42 680
32 43 1434
32 44 593
32 45 632
32 46 1386
32 47 545
32 48 584
32 49 1338
32 50 497
32 51 536
32 52 1290
32 53 449
32 54 488
32 55 1242
32 56 401
32 57 440
32 58 1290
32 59 449
32 60 488
32 61 1338
32 62 497
32 63 536
32 64 1386
32 65 545
32 66 584
32 67 1434
32 68 593
32 69 632
32 70 1698
33 0 728
33 1 811
33 2 1186
33 3 1435
33 4 1292
33 5 604
33 6 663
33 7 518
33 8 653
33 9 1789
33 10 1619
33 11 766
33 12 707
33 13 52
33 14 700
33 15 1076
33 16 482
33 17 553
33 18 273
33 19 983
33 20 585
33 21 1104
33 22 1452
33 23 898
33 24 1107
33 25 1098
33 26 1583
33 27 1396
33 28 1841
33 29 1086
33 30 369
33 31 798
33 32 1258
33 33 0
33 34 608
33 35 1193
33 36 2034
33 37 560
33 38 1145
33 39 1986
33 40 512
33 41 1097
33 42 1938
33 43 464
33 44 1049
33 45 1890
33 46 416
33 47 1001
33 48 1842
33 49 368
33 50 953
33 51 1794
33 52 320
33 53 905
33 54 1746
33 55 272
33 56 857
33 57 1698
33 58 224
33 59 809
33 60 1650
33 61 176
33 62 761
33 63 1602
33 64 128
33 65 713
33 66 1554
33 67 176
33 68 761
33 69 1602
33 70 728
34 0 120
34 1 1223
34 2 848
34 3 2043
34 4 1804
34 5 572
34 6 1271
34 7 294
34 8 237
34 9 1437
34 10 1555
34 11 254
34 12 1059
34 13 556
34 14 476
34 15 1396
34 16 642
34 17 233
34 18 881
34 19 375
34 20 1193
34 21 592
34 22 2060
34 23 1058
34 24 1235
34 25 1322
34 26 1903
34 27 1908
34 28 1489
34 29 1022
34 30 721
34 31 1310
34 32 1578
34 33 608
34 34 0
34 35 841
34 36 1682
34 37 48
34 38 889
34 39 1730
34 40 96
34 41 937
34 42 1778
34 43 144
34 44 985
34 45 1826
34 46 192
34 47 1033
34 48 1874
34 49 240
34 50 1081
34 51 1922
34 52 288
34 53 1129
34 54 1970
34 55 336
34 56 1177
34 57 2018
34 58 384
34 59 1225
34 60 2066
34 61 432
34 62 1273
34 63 2114
34 64 480
34 65 1321
34 66 2162
34 67 528
34 68 1369
34 69 2210
34 70 120
35 0 961
35 1 482
35 2 185
35 3 1202
35 4 963
35 5 845
35 6 530
35 7 931
35 8 796
35 9 596
35 10 714
35 11 683
35 12 838
35 13 1245
35 14 749
35 15 555
35 16 967
35 17 896
35 18 920
35 19 466
35 20 608
35 21 345
35 22 1219
35 23 551
35 24 394
35 25 481
35 26 1062
35 27 1067
35 28 648
35 29 181
35 30 1176
35 31 469
35 32 737
35 33 1193
35 34 841
35 35 0
35 36 841
35 37 889
35 38 48
35 39 889
35 40 937
35 41 96
35 42 937
35 43 985
35 44 144
35 45 985
35 46 1033
35 47 192
35 48 1033
35 49 1081
35 50 240
35 51 1081
35 52 1129
35 53 288
35 54 1129
35 55 1177
35 56 336
35 57 1177
35 58 1225
35 59 384
35 60 1225
35 61 1273
35 62 432
35 63 1273
35 64 1321
35 65 480
35 66 1321
35 67 1369
35 68 528
35 69 1369
35 70 961
36 0 1802
36 1 1323
36 2 1026
36 3 695
36 4 742
36 5 1686
36 6 1371
36 7 1772
36 8 1637
36 9 245
36 10 415
36 11 1524
36 12 1679
36 13 2086
36 14 1590
36 15 958
36 16 1808
36 17 1737
36 18 1761
36 19 1307
36 20 1449
36 21 1186
36 22 582
36 23 1392
36 24 927
36 25 936
36 26 451
36 27 638
36 28 193
36 29 948
36 30 2017
36 31 1236
36 32 776
36 33 2034
36 34 1682
36 35 841
36 36 0
36 37 1730
36 38 889
36 39 48
36 40 1778
36 41 937
36 42 96
36 43 1826
36 44 985
36 45 144
36 46 1874
36 47 1033
36 48 192
36 49 1922
36 50 1081
36 51 240
36 52 1970
36 53 1129
36 54 288
36 55 2018
36 56 1177
36 57 336
36 58 2066
36 59 1225
36 60 384
36 61 2114
36 62 1273
36 63 432
36 64 2162
36 65 1321
36 66 480
36 67 2210
36 68 1369
36 69 528
36 70 1802
37 0 168
37 1 1175
37 2 800
37 3 1995
37 4 1756
37 5 524
37 6 1223
37 7 246
37 8 189
37 9 1485
37 10 1507
37 11 206
37 12 1011
37 13 508
37 14 428
37 15 1348
37 16 594
37 17 185
37 18 833
37 19 423
37 20 1145
37 21 544
37 22 2012
37 23 1010
37 24 1187
37 25 1274
37 26 1855
37 27 1860
37 28 1537
37 29 974
37 30 673
37 31 1262
37 32 1530
37 33 560
37 34 48
37 35 889
37 36 1730
37 37 0
37 38 841
37 39 1682
37 40 48
37 41 889
37 42 1730
37 43 96
37 44 937
37 45 1778
37 46 144
37 47 985
37 48 1826
37 49 192
37 50 1033
37 51 1874
37 52 240
37 53 1081
37 54 1922
37 55 288
37 56 1129
37 57 1970
37 58 336
37 59 1177
37 60 2018
37 61 384
37 62 1225
37 63 2066
37 64 432
37 65 1273
37 66 2114
37 67 480
37 68 1321
37 69 2162
37 70 168
38 0 1009
38 1 434
38 2 137
38 3 1154
38 4 915
38 5 797
38 6 482
38 7 883
38 8 748
38 9 644
38 10 666
38 11 635
38 12 790
38 13 1197
38 14 701
38 15 507
38 16 919
38 17 848
38 18 872
38 19 514
38 20 560
38 21 297
38 22 1171
38 23 503
38 24 346
38 25 433
38 26 1014
38 27 1019
38 28 696
38 29 133
38 30 1128
38 31 421
38 32 689
38 33 1145
38 34 889
38 35 48
38 36 889
38 37 841
38 38 0
38 39 841
38 40 889
38 41 48
38 42 889
38 43 937
38 44 96
38 45 937
38 46 985
38 47 144
38 48 985
38 49 1033
38 50 192
38 51 1033
38 52 1081
38 53 240
38 54 1081
38 55 1129
38 56 288
38 57 1129
38 58 1177
38 59 336
38 60 1177
38 61 1225
38 62 384
38 63 1225
38 64 1273
38 65 432
38 66 1273
38 67 1321
38 68 480
38 69 1321
38 70 1009
39 0 1850
39 1 1275
39 2 978
39 3 647
39 4 694
39 5 1638
39 6 1323
39 7 1724
39 8 1589
39 9 293
39 10 367
39 11 1476
39 12 1631
39 13 2038
39 14 1542
39 15 910
39 16 1760
39 17 1689
39 18 1713
39 19 1355
39 20 1401
39 21 1138
39 22 534
39 23 1344
39 24 879
39 25 888
39 26 403
39 27 590
39 28 241
39 29 900
39 30 1969
39 31 1188
39 32 728
39 33 1986
39 34 1730
39 35 889
39 36 48
39 37 1682
39 38 841
39 39 0
39 40 1730
39 41 889
39 42 48
39 43 1778
39 44 937
39 45 96
39 46 1826
39 47 985
39 48 144
39 49 1874
39 50 1033
39 51 192
39 52 1922
39 53 1081
39 54 240
39 55 1970
39 56 1129
39 57 288
39 58 2018
39 59 1177
39 60 336
39 61 2066
39 62 1225
39 63 384
39 64 2114
39 65 1273
39 66 432
39 67 2162
39 68 1321
39 69 480
39 70 1850
40 0 216
40 1 1127
40 2 752
40 3 1947
40 4 1708
40 5 476
40 6 1175
40 7 198
40 8 141
40 9 1533
40 10 1459
40 11 254
40 12 963
40 13 460
40 14 380
40 15 1300
40 16 546
40 17 137
40 18 785
40 19 471
40 20 1097
40 21 592
40 22 1964
40 23 962
40 24 1139
40 25 1226
40 26 1807
40 27 1812
40 28 1585
40 29 926
40 30 625
40 31 1214
40 32 1482
40 33 512
40 34 96
40 35 937
40 36 1778
40 37 48
40 38 889
40 39 1730
40 40 0
40 41 841
40 42 1682
40 43 48
40 44 889
40 45 1730
40 46 96
40 47 937
40 48 1778
40 49 144
40 50 985
40 51 1826
40 52 192
40 53 1033
40 54 1874
40 55 240
40 56 1081
40 57 1922
40 58 288
40 59 1129
40 60 1970
40 61 336
40 62 1177
40 63 2018
40 64 384
40 65 1225
40 66 2066
40 67 432
40 68 1273
40 69 2114
40 70 216
41 0 1057
41 1 386
41 2 89
41 3 1106
41 4 867
41 5 749
41 6 434
41 7 835
41 8 700
41 9 692
41 10 618
41 11 683
41 12 742
41 13 1149
41 14 653
41 15 459
41 16 871
41 17 800
41 18 824
41 19 562
41 20 512
41 21 345
41 22 1123
41 23 455
41 24 298
41 25 385
41 26 966
41 27 971
41 28 744
41 29 85
41 30 1080
41 31 373
41 32 641
41 33 1097
41 34 937
41 35 96
41 36 937
41 37 889
41 38 48
41 39 889
41 40 841
41 41 0
41 42 841
41 43 889
41 44 48
41 45 889
41 46 937
41 47 96
41 48 937
41 49 985
41 50 144
41 51 985
41 52 1033
41 53 192
41 54 1033
41 55 1081
41 56 240
41 57 1081
41 58 1129
41 59 288
41 60 1129
41 61 1177
41 62 336
41 63 1177
41 64 1225
41 65 384
41 66 1225
41 67 1273
41 68 432
41 69 1273
41 70 1057
42 0 1898
42 1 1227
42 2 930
42 3 599
42 4 646
42 5 1590
42 6 1275
42 7 1676
42 8 1541
42 9 341
42 10 319
42 11 1524
42 12 1583
42 13 1990
42 14 1494
42 15 862
42 16 1712
42 17 1641
42 18 1665
42 19 1403
42 20 1353
42 21 1186
42 22 486
42 23 1296
42 24 831
42 25 840
42 26 355
42 27 542
42 28 289
42 29 852
42 30 1921
42 31 1140
42 32 680
42 33 1938
42 34 1778
42 35 937
42 36 96
42 37 1730
42 38 889
42 39 48
42 40 1682
42 41 841
42 42 0
42 43 1730
42 44 889
42 45 48
42 46 1778
42 47 937
42 48 96
42 49 1826
42 50 985
42 51 144
42 52 1874
42 53 1033
42 54 192
42 55 1922
42 56 1081
42 57 240
42 58 1970
42 59 1129
42 60 288
42 61 2018
42 62 1177
42 63 336
42 64 2066
42 65 1225
42 66 384
42 67 2114
42 68 1273
42 69 432
42 70 1898
43 0 264
43 1 1079
43 2 800
43 3 1899
43 4 1660
43 5 428
43 6 1127
43 7 150
43 8 189
43 9 1581
43 10 1411
43 11 302
43 12 915
43 13 412
43 14 332
43 15 1252
43 16 498
43 17 89
43 18 737
43 19 519
43 20 1049
43 21 640
43 22 1916
43 23 914
43 24 1091
43 25 1178
43 26 1759
43 27 1764
43 28 1633
43 29 878
43 30 577
43 31 1166
43 32 1434
43 33 464
43 34 144
43 35 985
43 36 1826
43 37 96
43 38 937
43 39 1778
43 40 48
43 41 889
43 42 1730
43 43 0
43 44 841
43 45 1682
43 46 48
43 47 889
43 48 1730
43 49 96
43 50 937
43 51 1778
43 52 144
43 53 985
43 54 1826
43 55 192
43 56 1033
43 57 1874
43 58 240
43 59 1081
43 60 1922
43 61 288
43 62 1129
43 63 1970
43 64 336
43 65 1177
43 66 2018
43 67 384
43 68 1225
43 69 2066
43 70 264
44 0 1105
44 1 338
44 2 137
44 3 1058
44 4 819
44 5 701
44 6 386
44 7 787
44 8 748
44 9 740
44 10 570
44 11 731
44 12 694
44 13 1101
44 14 605
44 15 411
44 16 823
44 17 752
44 18 776
44 19 610
44 20 464
44 21 393
44 22 1075
44 23 407
44 24 250
44 25 337
44 26 918
44 27 923
44 28 792
44 29 37
44 30 1032
44 31 325
44 32 593
44 33 1049
44 34 985
44 35 144
44 36 985
44 37 937
44 38 96
44 39 937
44 40 889
44 41 48
44 42 889
44 43 841
44 44 0
44 45 841
44 46 889
44 47 48
44 48 889
44 49 937
44 50 96
44 51 937
44 52 985
44 53 144
44 54 985
44 55 1033
44 56 192
44 57 1033
44 58 1081
44 59 240
44 60 1081
44 61 1129
44 62 288
44 63 1129
44 64 1177
44 65 336
44 66 1177
44 67 1225
44 68 384
44 69 1225
44 70 1105
45 0 1946
45 1 1179
45 2 978
45 3 551
45 4 598
45 5 1542
45 6 1227
45 7 1628
45 8 1589
45 9 389
45 10 271
45 11 1572
45 12 1535
45 13 1942
45 14 1446
45 15 814
45 16 1664
45 17 1593
45 18 1617
45 19 1451
45 20 1305
45 21 1234
45 22 438
45 23 1248
45 24 783
45 25 792
45 26 307
45 27 494
45 28 337
45 29 804
45 30 1873
45 31 1092
45 32 632
45 33 1890
45 34 1826
45 35 985
45 36 144
45 37 1778
45 38 937
45 39 96
45 40 1730
45 41 889
45 42 48
45 43 1682
45 44 841
45 45 0
45 46 1730
45 47 889
45 48 48
45 49 1778
45 50 937
45 51 96
45 52 1826
45 53 985
45 54 144
45 55 1874
45 56 1033
45 57 192
45 58 1922
45 59 1081
45 60 240
45 61 1970
45 62 1129
45 63 288
45 64 2018
45 65 1177
45 66 336
45 67 2066
45 68 1225
45 69 384
45 70 1946
46 0 312
46 1 1031
46 2 848
46 3 1851
46 4 1612
46 5 380
46 6 1079
46 7 102
46 8 237
46 9 1629
46 10 1459
46 11 350
46 12 867
46 13 364
46 14 284
46 15 1204
46 16 450
46 17 137
46 18 689
46 19 567
46 20 1001
46 21 688
46 22 1868
46 23 866
46 24 1043
46 25 1130
46 26 1711
46 27 1716
46 28 1681
46 29 926
46 30 529
46 31 1118
46 32 1386
46 33 416
46 34 192
46 35 1033
46 36 1874
46 37 144
46 38 985
46 39 1826
46 40 96
46 41 937
46 42 1778
46 43 48
46 44 889
46 45 1730
46 46 0
46 47 841
46 48 1682
46 49 48
46 50 889
46 51 1730
46 52 96
46 53 937
46 54 1778
46 55 144
46 56 985
46 57 1826
46 58 192
46 59 1033
46 60 1874
46 61 240
46 62 1081
46 63 1922
46 64 288
46 65 1129
46 66 1970
46 67 336
46 68 1177
46 69 2018
46 70 312
47 0 1153
47 1 290
47 2 185
47 3 1010
47 4 771
47 5 653
47 6 338
47 7 739
47 8 796
47 9 788
47 10 618
47 11 779
47 12 646
47 13 1053
47 14 557
47 15 363
47 16 775
47 17 800
47 18 728
47 19 658
47 20 416
47 21 441
47 22 1027
47 23 359
47 24 202
47 25 289
47 26 870
47 27 875
47 28 840
47 29 85
47 30 984
47 31 277
47 32 545
47 33 1001
47 34 1033
47 35 192
47 36 1033
47 37 985
47 38 144
47 39 985
47 40 937
47 41 96
47 42 937
47 43 889
47 44 48
47 45 889
47 46 841
47 47 0
47 48 841
47 49 889
47 50 48
47 51 889
47 52 937
47 53 96
47 54 937
47 55 985
47 56 144
47 57 985
47 58 1033
47 59 192
47 60 1033
47 61 1081
47 62 240
47 63 1081
47 64 1129
47 65 288
47 66 1129
47 67 1177
47 68 336
47 69 1177
47 70 1153
48 0 1994
48 1 1131
48 2 1026
48 3 503
48 4 550
48 5 1494
48 6 1179
48 7 1580
48 8 1637
48 9 437
48 10 319
48 11 1620
48 12 1487
48 13 1894
48 14 1398
48 15 766
48 16 1616
48 17 1641
48 18 1569
48 19 1499
48 20 1257
48 21 1282
48 22 390
48 23 1200
48 24 735
48 25 744
48 26 259
48 27 446
48 28 385
48 29 852
48 30 1825
48 31 1044
48 32 584
48 33 1842
48 34 1874
48 35 1033
48 36 192
48 37 1826
48 38 985
48 39 144
48 40 1778
48 41 937
48 42 96
48 43 1730
48 44 889
48 45 48
48 46 1682
48 47 841
48 48 0
48 49 1730
48 50 889
48 51 48
48 52 1778
48 53 937
48 54 96
48 55 1826
48 56 985
48 57 144
48 58 1874
48 59 1033
48 60 192
48 61 1922
48 62 1081
48 63 240
48 64 1970
48 65 1129
48 66 288
48 67 2018
48 68 1177
48 69 336
48 70 1994
49 0 360
49 1 983
49 2 896
49 3 1803
49 4 1564
49 5 332
49 6 1031
49 7 150
49 8 285
49 9 1677
49 10 1507
49 11 398
49 12 819
49 13 316
49 14 332
49 15 1156
49 16 402
49 17 185
49 18 641
49 19 615
49 20 953
49 21 736
49 22 1820
49 23 818
49 24 995
49 25 1082
49 26 1663
49 27 1668
49 28 1729
49 29 974
49 30 481
49 31 1070
49 32 1338
49 33 368
49 34 240
49 35 1081
49 36 1922
49 37 192
49 38 1033
49 39 1874
49 40 144
49 41 985
49 42 1826
49 43 96
49 44 937
49 45 1778
49 46 48
49 47 889
49 48 1730
49 49 0
49 50 841
49 51 1682
49 52 48
49 53 889
49 54 1730
49 55 96
49 56 937
49 57 1778
49 58 144
49 59 985
49 60 1826
49 61 192
49 62 1033
49 63 1874
49 64 240
49 65 1081
49 66 1922
49 67 288
49 68 1129
49 69 1970
49 70 360
50 0 1201
50 1 242
50 2 233
50 3 962
50 4 723
50 5 605
50 6 290
50 7 787
50 8 844
50 9 836
50 10 666
50 11 827
50 12 598
50 13 1005
50 14 605
50 15 315
50 16 727
50 17 848
50 18 680
50 19 706
50 20 368
50 21 489
50 22 979
50 23 311
50 24 154
50 25 241
50 26 822
50 27 827
50 28 888
50 29 133
50 30 936
50 31 229
50 32 497
50 33 953
50 34 1081
50 35 240
50 36 1081
50 37 1033
50 38 192
50 39 1033
50 40 985
50 41 144
50 42 985
50 43 937
50 44 96
50 45 937
50 46 889
50 47 48
50 48 889
50 49 841
50 50 0
50 51 841
50 52 889
50 53 48
50 54 889
50 55 937
50 56 96
50 57 937
50 58 985
50 59 144
50 60 985
50 61 1033
50 62 192
50 63 1033
50 64 1081
50 65 240
50 66 1081
50 67 1129
50 68 288
50 69 1129
50 70 1201
51 0 2042
51 1 1083
51 2 1074
51 3 455
51 4 502
51 5 1446
51 6 1131
51 7 1628
51 8 1685
51 9 485
51 10 367
51 11 1668
51 12 1439
51 13 1846
51 14 1446
51 15 718
51 16 1568
51 17 1689
51 18 1521
51 19 1547
51 20 1209
51 21 1330
51 22 342
51 23 1152
51 24 687
51 25 696
51 26 211
51 27 398
51 28 433
51 29 900
51 30 1777
51 31 996
51 32 536
51 33 1794
51 34 1922
51 35 1081
51 36 240
51 37 1874
51 38 1033
51 39 192
51 40 1826
51 41 985
51 42 144
51 43 1778
51 44 937
51 45 96
51 46 1730
51 47 889
51 48 48
51 49 1682
51 50 841
51 51 0
51 52 1730
51 53 889
51 54 48
51 55 1778
51 56 937
51 57 96
51 58 1826
51 59 985
51 60 144
51 61 1874
51 62 1033
51 63 192
51 64 1922
51 65 1081
51 66 240
51 67 1970
51 68 1129
51 69 288
51 70 2042
52 0 408
52 1 935
52 2 944
52 3 1755
52 4 1516
52 5 284
52 6 983
52 7 198
52 8 333
52 9 1725
52 10 1555
52 11 446
52 12 771
52 13 268
52 14 380
52 15 1108
52 16 354
52 17 233
52 18 593
52 19 663
