//alpha
1
//NbLocations
53
//NbProducts
37
//NbPickers
2
//CapaPicker
4
//TimeToTravelOneDistanceUnit
3
//SetupTime
5400
//PickTime
300
//Products
//Idx Location Size
1 1 1
2 2 1
3 3 1
4 4 1
5 5 1
6 6 1
7 7 1
8 8 1
9 9 1
10 10 1
11 11 1
12 12 1
13 13 1
14 14 1
15 15 1
16 16 1
17 5 1
18 17 1
19 18 1
20 19 1
21 20 1
22 21 1
23 22 1
24 23 1
25 24 1
26 25 1
27 23 1
28 26 1
29 27 1
30 28 1
31 29 1
32 30 1
33 31 1
34 9 1
35 32 1
36 33 1
37 34 1
//Orders
//NbOrders
18
//Idx DueDate TardinessPenalty NbProdInOrder ProdIdx1 Qty1 ProdIdx2 Qty2 ...
1 72000 0 2 1 1 2 1
2 54000 0 2 3 1 4 1
3 90000 0 1 5 1
4 108000 0 3 6 1 7 1 8 1
5 54000 0 1 9 1
6 72000 0 2 10 1 11 1
7 108000 0 4 12 1 13 1 14 1 15 1
8 54000 0 1 16 1
9 126000 0 1 17 1
10 108000 0 1 18 1
11 72000 0 2 19 1 20 1
12 72000 0 1 21 1
13 36000 0 3 22 1 23 1 24 1
14 72000 0 4 25 1 26 1 27 1 28 1
15 126000 0 1 29 1
16 90000 0 2 30 1 31 1
17 36000 0 4 32 1 33 1 34 1 35 1
18 72000 0 2 36 1 37 1
//Graph (Products are vertices indexed from 1 to NbProducts)
//NbVerticesIntersections
18
//DepartingDepot
0
//ArrivalDepot
53
//Arcs
//Start End Distance
0 35 120
1 15 78
1 30 52
2 16 39
2 17 65
3 4 26
3 24 39
4 3 26
4 21 26
5 6 13
5 9 13
6 5 13
6 36 37
7 29 377
7 42 37
8 20 26
8 37 63
9 5 13
9 28 0
10 39 349
10 40 102
11 14 13
11 33 39
12 31 26
12 52 258
13 19 143
13 50 89
14 11 13
14 17 26
15 1 78
15 38 193
16 2 39
16 36 63
17 2 65
17 14 26
18 27 13
18 28 13
19 13 143
19 51 219
20 8 26
20 23 78
21 4 26
21 27 65
22 42 37
22 43 414
23 20 78
23 25 26
24 3 39
24 32 13
25 23 26
25 33 13
26 47 141
26 48 310
27 18 13
27 21 65
28 9 0
28 18 13
29 7 377
29 41 37
30 1 52
30 39 128
31 12 26
31 51 167
32 24 13
32 35 193
33 11 39
33 25 13
34 44 50
34 45 401
35 32 193
35 38 48
35 53 120
36 6 37
36 16 63
36 39 48
37 8 63
37 40 48
38 15 193
38 35 48
38 41 48
39 10 349
39 30 128
39 36 48
39 42 48
40 10 102
40 37 48
40 43 48
41 29 37
41 38 48
41 44 48
42 7 37
42 22 37
42 39 48
42 45 48
43 22 414
43 40 48
43 46 48
44 34 50
44 41 48
44 47 48
45 34 401
45 42 48
45 46 451
45 48 48
46 43 48
46 45 451
46 49 48
47 26 141
47 44 48
47 50 48
48 26 310
48 45 48
48 49 451
48 51 48
49 46 48
49 48 451
49 52 48
50 13 89
50 47 48
51 19 219
51 31 167
51 48 48
52 12 258
52 49 48
//LocStart LocEnd ShortestPath
0 0 0
0 1 439
0 2 673
0 3 365
0 4 391
0 5 521
0 6 534
0 7 630
0 8 959
0 9 508
0 10 968
0 11 777
0 12 1004
0 13 449
0 14 764
0 15 361
0 16 634
0 17 738
0 18 495
0 19 592
0 20 933
0 21 417
0 22 704
0 23 855
0 24 326
0 25 829
0 26 453
0 27 482
0 28 508
0 29 253
0 30 491
0 31 978
0 32 313
0 33 816
0 34 314
0 35 120
0 36 571
0 37 1022
0 38 168
0 39 619
0 40 1070
0 41 216
0 42 667
0 43 1118
0 44 264
0 45 715
0 46 1166
0 47 312
0 48 763
0 49 1214
0 50 360
0 51 811
0 52 1262
0 53 0
1 0 439
1 1 0
1 2 330
1 3 434
1 4 408
1 5 278
1 6 265
1 7 265
1 8 616
1 9 291
1 10 529
1 11 434
1 12 565
1 13 552
1 14 421
1 15 78
1 16 291
1 17 395
1 18 304
1 19 591
1 20 590
1 21 382
1 22 265
1 23 512
1 24 473
1 25 486
1 26 556
1 27 317
1 28 291
1 29 356
1 30 52
1 31 539
1 32 486
1 33 473
1 34 417
1 35 319
1 36 228
1 37 679
1 38 271
1 39 180
1 40 631
1 41 319
1 42 228
1 43 679
1 44 367
1 45 276
1 46 727
1 47 415
1 48 324
1 49 775
1 50 463
1 51 372
1 52 823
1 53 439
2 0 673
2 1 330
2 2 0
2 3 308
2 4 282
2 5 152
2 6 139
2 7 235
2 8 286
2 9 165
2 10 499
2 11 104
2 12 535
2 13 704
2 14 91
2 15 408
2 16 39
2 17 65
2 18 178
2 19 561
2 20 260
2 21 256
2 22 235
2 23 182
2 24 347
2 25 156
2 26 604
2 27 191
2 28 165
2 29 612
2 30 278
2 31 509
2 32 360
2 33 143
2 34 647
2 35 553
2 36 102
2 37 349
2 38 601
2 39 150
2 40 397
2 41 649
2 42 198
2 43 445
2 44 697
2 45 246
2 46 493
2 47 745
2 48 294
2 49 541
2 50 793
2 51 342
2 52 589
2 53 673
3 0 365
3 1 434
3 2 308
3 3 0
3 4 26
3 5 156
3 6 169
3 7 339
3 8 594
3 9 143
3 10 603
3 11 412
3 12 639
3 13 574
3 14 399
3 15 486
3 16 269
3 17 373
3 18 130
3 19 665
3 20 568
3 21 52
3 22 339
3 23 490
3 24 39
3 25 464
3 26 578
3 27 117
3 28 143
3 29 378
3 30 382
3 31 613
3 32 52
3 33 451
3 34 439
3 35 245
3 36 206
3 37 657
3 38 293
3 39 254
3 40 705
3 41 341
3 42 302
3 43 753
3 44 389
3 45 350
3 46 801
3 47 437
3 48 398
3 49 849
3 50 485
3 51 446
3 52 897
3 53 365
4 0 391
4 1 408
4 2 282
4 3 26
4 4 0
4 5 130
4 6 143
4 7 313
4 8 568
4 9 117
4 10 577
4 11 386
4 12 613
4 13 600
4 14 373
4 15 486
4 16 243
4 17 347
4 18 104
4 19 639
4 20 542
4 21 26
4 22 313
4 23 464
4 24 65
4 25 438
4 26 604
4 27 91
4 28 117
4 29 404
4 30 356
4 31 587
4 32 78
4 33 425
4 34 465
4 35 271
4 36 180
4 37 631
4 38 319
4 39 228
4 40 679
4 41 367
4 42 276
4 43 727
4 44 415
4 45 324
4 46 775
4 47 463
4 48 372
4 49 823
4 50 511
4 51 420
4 52 871
4 53 391
5 0 521
5 1 278
5 2 152
5 3 156
5 4 130
5 5 0
5 6 13
5 7 183
5 8 438
5 9 13
5 10 447
5 11 256
5 12 483
5 13 652
5 14 243
5 15 356
5 16 113
5 17 217
5 18 26
5 19 509
5 20 412
5 21 104
5 22 183
5 23 334
5 24 195
5 25 308
5 26 552
5 27 39
5 28 13
5 29 534
5 30 226
5 31 457
5 32 208
5 33 295
5 34 595
5 35 401
5 36 50
5 37 501
5 38 449
5 39 98
5 40 549
5 41 497
5 42 146
5 43 597
5 44 545
5 45 194
5 46 645
5 47 593
5 48 242
5 49 693
5 50 641
5 51 290
5 52 741
5 53 521
6 0 534
6 1 265
6 2 139
6 3 169
6 4 143
6 5 13
6 6 0
6 7 170
6 8 425
6 9 26
6 10 434
6 11 243
6 12 470
6 13 639
6 14 230
6 15 343
6 16 100
6 17 204
6 18 39
6 19 496
6 20 399
6 21 117
6 22 170
6 23 321
6 24 208
6 25 295
6 26 539
6 27 52
6 28 26
6 29 547
6 30 213
6 31 444
6 32 221
6 33 282
6 34 582
6 35 414
6 36 37
6 37 488
6 38 462
6 39 85
6 40 536
6 41 510
6 42 133
6 43 584
6 44 558
6 45 181
6 46 632
6 47 606
6 48 229
6 49 680
6 50 654
6 51 277
6 52 728
6 53 534
7 0 630
7 1 265
7 2 235
7 3 339
7 4 313
7 5 183
7 6 170
7 7 0
7 8 521
7 9 196
7 10 434
7 11 339
7 12 374
7 13 543
7 14 326
7 15 343
7 16 196
7 17 300
7 18 209
7 19 400
7 20 495
7 21 287
7 22 74
7 23 417
7 24 378
7 25 391
7 26 443
7 27 222
7 28 196
7 29 377
7 30 213
7 31 348
7 32 391
7 33 378
7 34 486
7 35 510
7 36 133
7 37 584
7 38 462
7 39 85
7 40 536
7 41 414
7 42 37
7 43 488
7 44 462
7 45 85
7 46 536
7 47 510
7 48 133
7 49 584
7 50 558
7 51 181
7 52 632
7 53 630
8 0 959
8 1 616
8 2 286
8 3 594
8 4 568
8 5 438
8 6 425
8 7 521
8 8 0
8 9 451
8 10 213
8 11 182
8 12 561
8 13 990
8 14 195
8 15 694
8 16 325
8 17 221
8 18 464
8 19 847
8 20 26
8 21 542
8 22 521
8 23 104
8 24 633
8 25 130
8 26 890
8 27 477
8 28 451
8 29 898
8 30 564
8 31 587
8 32 646
8 33 143
8 34 933
8 35 839
8 36 388
8 37 63
8 38 887
8 39 436
8 40 111
8 41 935
8 42 484
8 43 159
8 44 983
8 45 532
8 46 207
8 47 1031
8 48 580
8 49 255
8 50 1079
8 51 628
8 52 303
8 53 959
9 0 508
9 1 291
9 2 165
9 3 143
9 4 117
9 5 13
9 6 26
9 7 196
9 8 451
9 9 0
9 10 460
9 11 269
9 12 496
9 13 665
9 14 256
9 15 369
9 16 126
9 17 230
9 18 13
9 19 522
9 20 425
9 21 91
9 22 196
9 23 347
9 24 182
9 25 321
9 26 565
9 27 26
9 28 0
9 29 521
9 30 239
9 31 470
9 32 195
9 33 308
9 34 582
9 35 388
9 36 63
9 37 514
9 38 436
9 39 111
9 40 562
9 41 484
9 42 159
9 43 610
9 44 532
9 45 207
9 46 658
9 47 580
9 48 255
9 49 706
9 50 628
9 51 303
9 52 754
9 53 508
10 0 968
10 1 529
10 2 499
10 3 603
10 4 577
10 5 447
10 6 434
10 7 434
10 8 213
10 9 460
10 10 0
10 11 395
10 12 552
10 13 903
10 14 408
10 15 607
10 16 460
10 17 434
10 18 473
10 19 760
10 20 239
10 21 551
10 22 434
10 23 317
10 24 642
10 25 343
10 26 803
10 27 486
10 28 460
10 29 811
10 30 477
10 31 578
10 32 655
10 33 356
10 34 846
10 35 848
10 36 397
10 37 150
10 38 800
10 39 349
10 40 102
10 41 848
10 42 397
10 43 150
10 44 896
10 45 445
10 46 198
10 47 944
10 48 493
10 49 246
10 50 992
10 51 541
10 52 294
10 53 968
11 0 777
11 1 434
11 2 104
11 3 412
11 4 386
11 5 256
11 6 243
11 7 339
11 8 182
11 9 269
11 10 395
11 11 0
11 12 639
11 13 808
11 14 13
11 15 512
11 16 143
11 17 39
11 18 282
11 19 665
11 20 156
11 21 360
11 22 339
11 23 78
11 24 451
11 25 52
11 26 708
11 27 295
11 28 269
11 29 716
11 30 382
11 31 613
11 32 464
11 33 39
11 34 751
11 35 657
11 36 206
11 37 245
11 38 705
11 39 254
11 40 293
11 41 753
11 42 302
11 43 341
11 44 801
11 45 350
11 46 389
11 47 849
11 48 398
11 49 437
11 50 897
11 51 446
11 52 485
11 53 777
12 0 1004
12 1 565
12 2 535
12 3 639
12 4 613
12 5 483
12 6 470
12 7 374
12 8 561
12 9 496
12 10 552
12 11 639
12 12 0
12 13 555
12 14 626
12 15 643
12 16 496
12 17 600
12 18 509
12 19 412
12 20 587
12 21 587
12 22 374
12 23 665
12 24 678
12 25 691
12 26 551
12 27 522
12 28 496
12 29 751
12 30 513
12 31 26
12 32 691
12 33 678
12 34 690
12 35 884
12 36 433
12 37 498
12 38 836
12 39 385
12 40 450
12 41 788
12 42 337
12 43 402
12 44 740
12 45 289
12 46 354
12 47 692
12 48 241
12 49 306
12 50 644
12 51 193
12 52 258
12 53 1004
13 0 449
13 1 552
13 2 704
13 3 574
13 4 600
13 5 652
13 6 639
13 7 543
13 8 990
13 9 665
13 10 903
13 11 808
13 12 555
13 13 0
13 14 795
13 15 474
13 16 665
13 17 769
13 18 678
13 19 143
13 20 964
13 21 626
13 22 543
13 23 886
13 24 535
13 25 860
13 26 278
13 27 691
13 28 665
13 29 270
13 30 604
13 31 529
13 32 522
13 33 847
13 34 235
13 35 329
13 36 602
13 37 1053
13 38 281
13 39 554
13 40 1005
13 41 233
13 42 506
13 43 957
13 44 185
13 45 458
13 46 909
13 47 137
13 48 410
13 49 861
13 50 89
13 51 362
13 52 813
13 53 449
14 0 764
14 1 421
14 2 91
14 3 399
14 4 373
14 5 243
14 6 230
14 7 326
14 8 195
14 9 256
14 10 408
14 11 13
14 12 626
14 13 795
14 14 0
14 15 499
14 16 130
14 17 26
14 18 269
14 19 652
14 20 169
14 21 347
14 22 326
14 23 91
14 24 438
14 25 65
14 26 695
14 27 282
14 28 256
14 29 703
14 30 369
14 31 600
14 32 451
14 33 52
14 34 738
14 35 644
14 36 193
14 37 258
14 38 692
14 39 241
14 40 306
14 41 740
14 42 289
14 43 354
14 44 788
14 45 337
14 46 402
14 47 836
14 48 385
14 49 450
14 50 884
14 51 433
14 52 498
14 53 764
15 0 361
15 1 78
15 2 408
15 3 486
15 4 486
15 5 356
15 6 343
15 7 343
15 8 694
15 9 369
15 10 607
15 11 512
15 12 643
15 13 474
15 14 499
15 15 0
15 16 369
15 17 473
15 18 382
15 19 617
15 20 668
15 21 460
15 22 343
15 23 590
15 24 447
15 25 564
15 26 478
15 27 395
15 28 369
15 29 278
15 30 130
15 31 617
15 32 434
15 33 551
15 34 339
15 35 241
15 36 306
15 37 757
15 38 193
15 39 258
15 40 709
15 41 241
15 42 306
15 43 757
15 44 289
15 45 354
15 46 805
15 47 337
15 48 402
15 49 853
15 50 385
15 51 450
15 52 901
15 53 361
16 0 634
16 1 291
16 2 39
16 3 269
16 4 243
16 5 113
16 6 100
16 7 196
16 8 325
16 9 126
16 10 460
16 11 143
16 12 496
16 13 665
16 14 130
16 15 369
16 16 0
16 17 104
16 18 139
16 19 522
16 20 299
16 21 217
16 22 196
16 23 221
16 24 308
16 25 195
16 26 565
16 27 152
16 28 126
16 29 573
16 30 239
16 31 470
16 32 321
16 33 182
16 34 608
16 35 514
16 36 63
16 37 388
16 38 562
16 39 111
16 40 436
16 41 610
16 42 159
16 43 484
16 44 658
16 45 207
16 46 532
16 47 706
16 48 255
16 49 580
16 50 754
16 51 303
16 52 628
16 53 634
17 0 738
17 1 395
17 2 65
17 3 373
17 4 347
17 5 217
17 6 204
17 7 300
17 8 221
17 9 230
17 10 434
17 11 39
17 12 600
17 13 769
17 14 26
17 15 473
17 16 104
17 17 0
17 18 243
17 19 626
17 20 195
17 21 321
17 22 300
17 23 117
17 24 412
17 25 91
17 26 669
17 27 256
17 28 230
17 29 677
17 30 343
17 31 574
17 32 425
17 33 78
17 34 712
17 35 618
17 36 167
17 37 284
17 38 666
17 39 215
17 40 332
17 41 714
17 42 263
17 43 380
17 44 762
17 45 311
17 46 428
17 47 810
17 48 359
17 49 476
17 50 858
17 51 407
17 52 524
17 53 738
18 0 495
18 1 304
18 2 178
18 3 130
18 4 104
18 5 26
18 6 39
18 7 209
18 8 464
18 9 13
18 10 473
18 11 282
18 12 509
18 13 678
18 14 269
18 15 382
18 16 139
18 17 243
18 18 0
18 19 535
18 20 438
18 21 78
18 22 209
18 23 360
18 24 169
18 25 334
18 26 578
18 27 13
18 28 13
18 29 508
18 30 252
18 31 483
18 32 182
18 33 321
18 34 569
18 35 375
18 36 76
18 37 527
18 38 423
18 39 124
18 40 575
18 41 471
18 42 172
18 43 623
18 44 519
18 45 220
18 46 671
18 47 567
18 48 268
18 49 719
18 50 615
18 51 316
18 52 767
18 53 495
19 0 592
19 1 591
19 2 561
19 3 665
19 4 639
19 5 509
19 6 496
19 7 400
19 8 847
19 9 522
19 10 760
19 11 665
19 12 412
19 13 143
19 14 652
19 15 617
19 16 522
19 17 626
19 18 535
19 19 0
19 20 821
19 21 613
19 22 400
19 23 743
19 24 678
19 25 717
19 26 421
19 27 548
19 28 522
19 29 413
19 30 539
19 31 386
19 32 665
19 33 704
19 34 378
19 35 472
19 36 459
19 37 910
19 38 424
19 39 411
19 40 862
19 41 376
19 42 363
19 43 814
19 44 328
19 45 315
19 46 766
19 47 280
19 48 267
19 49 718
19 50 232
19 51 219
19 52 670
19 53 592
20 0 933
20 1 590
20 2 260
20 3 568
20 4 542
20 5 412
20 6 399
20 7 495
20 8 26
20 9 425
20 10 239
20 11 156
20 12 587
20 13 964
20 14 169
20 15 668
20 16 299
20 17 195
20 18 438
20 19 821
20 20 0
20 21 516
20 22 495
20 23 78
20 24 607
20 25 104
20 26 864
20 27 451
20 28 425
20 29 872
20 30 538
20 31 613
20 32 620
20 33 117
20 34 907
20 35 813
20 36 362
20 37 89
20 38 861
20 39 410
20 40 137
20 41 909
20 42 458
20 43 185
20 44 957
20 45 506
20 46 233
20 47 1005
20 48 554
20 49 281
20 50 1053
20 51 602
20 52 329
20 53 933
21 0 417
21 1 382
21 2 256
21 3 52
21 4 26
21 5 104
21 6 117
21 7 287
21 8 542
21 9 91
21 10 551
21 11 360
21 12 587
21 13 626
21 14 347
21 15 460
21 16 217
21 17 321
21 18 78
21 19 613
21 20 516
21 21 0
21 22 287
21 23 438
21 24 91
21 25 412
21 26 630
21 27 65
21 28 91
21 29 430
21 30 330
21 31 561
21 32 104
21 33 399
21 34 491
21 35 297
21 36 154
21 37 605
21 38 345
21 39 202
21 40 653
21 41 393
21 42 250
21 43 701
21 44 441
21 45 298
21 46 749
21 47 489
21 48 346
21 49 797
21 50 537
21 51 394
21 52 845
21 53 417
22 0 704
22 1 265
22 2 235
22 3 339
22 4 313
22 5 183
22 6 170
22 7 74
22 8 521
22 9 196
22 10 434
22 11 339
22 12 374
22 13 543
22 14 326
22 15 343
22 16 196
22 17 300
22 18 209
22 19 400
22 20 495
22 21 287
22 22 0
22 23 417
22 24 378
22 25 391
22 26 443
22 27 222
22 28 196
22 29 451
22 30 213
22 31 348
22 32 391
22 33 378
22 34 486
22 35 584
22 36 133
22 37 510
22 38 536
22 39 85
22 40 462
22 41 488
22 42 37
22 43 414
22 44 536
22 45 85
22 46 462
22 47 584
22 48 133
22 49 510
22 50 632
22 51 181
22 52 558
22 53 704
23 0 855
23 1 512
23 2 182
23 3 490
23 4 464
23 5 334
23 6 321
23 7 417
23 8 104
23 9 347
23 10 317
23 11 78
23 12 665
23 13 886
23 14 91
23 15 590
23 16 221
23 17 117
23 18 360
23 19 743
23 20 78
23 21 438
23 22 417
23 23 0
23 24 529
23 25 26
23 26 786
23 27 373
23 28 347
23 29 794
23 30 460
23 31 691
23 32 542
23 33 39
23 34 829
23 35 735
23 36 284
23 37 167
23 38 783
23 39 332
23 40 215
23 41 831
23 42 380
23 43 263
23 44 879
23 45 428
23 46 311
23 47 927
23 48 476
23 49 359
23 50 975
23 51 524
23 52 407
23 53 855
24 0 326
24 1 473
24 2 347
24 3 39
24 4 65
24 5 195
24 6 208
24 7 378
24 8 633
24 9 182
24 10 642
24 11 451
24 12 678
24 13 535
24 14 438
24 15 447
24 16 308
24 17 412
24 18 169
24 19 678
24 20 607
24 21 91
24 22 378
24 23 529
24 24 0
24 25 503
24 26 539
24 27 156
24 28 182
24 29 339
24 30 421
24 31 652
24 32 13
24 33 490
24 34 400
24 35 206
24 36 245
24 37 696
24 38 254
24 39 293
24 40 744
24 41 302
24 42 341
24 43 792
24 44 350
24 45 389
24 46 840
24 47 398
24 48 437
24 49 888
24 50 446
24 51 485
24 52 936
24 53 326
25 0 829
25 1 486
25 2 156
25 3 464
25 4 438
25 5 308
25 6 295
25 7 391
25 8 130
25 9 321
25 10 343
25 11 52
25 12 691
25 13 860
25 14 65
25 15 564
25 16 195
25 17 91
25 18 334
25 19 717
25 20 104
25 21 412
25 22 391
25 23 26
25 24 503
25 25 0
25 26 760
25 27 347
25 28 321
25 29 768
25 30 434
25 31 665
25 32 516
25 33 13
25 34 803
25 35 709
25 36 258
25 37 193
25 38 757
25 39 306
25 40 241
25 41 805
25 42 354
25 43 289
25 44 853
25 45 402
25 46 337
25 47 901
25 48 450
25 49 385
25 50 949
25 51 498
25 52 433
25 53 829
26 0 453
26 1 556
26 2 604
26 3 578
26 4 604
26 5 552
26 6 539
26 7 443
26 8 890
26 9 565
26 10 803
26 11 708
26 12 551
26 13 278
26 14 695
26 15 478
26 16 565
26 17 669
26 18 578
26 19 421
26 20 864
26 21 630
26 22 443
26 23 786
26 24 539
26 25 760
26 26 0
26 27 591
26 28 565
26 29 274
26 30 582
26 31 525
26 32 526
26 33 747
26 34 239
26 35 333
26 36 502
26 37 953
26 38 285
26 39 454
26 40 905
26 41 237
26 42 406
26 43 857
26 44 189
26 45 358
26 46 809
26 47 141
26 48 310
26 49 761
26 50 189
26 51 358
26 52 809
26 53 453
27 0 482
27 1 317
27 2 191
27 3 117
27 4 91
27 5 39
27 6 52
27 7 222
27 8 477
27 9 26
27 10 486
27 11 295
27 12 522
27 13 691
27 14 282
27 15 395
27 16 152
27 17 256
27 18 13
27 19 548
27 20 451
27 21 65
27 22 222
27 23 373
27 24 156
27 25 347
27 26 591
27 27 0
27 28 26
27 29 495
27 30 265
27 31 496
27 32 169
27 33 334
27 34 556
27 35 362
27 36 89
27 37 540
27 38 410
27 39 137
27 40 588
27 41 458
27 42 185
27 43 636
27 44 506
27 45 233
27 46 684
27 47 554
27 48 281
27 49 732
27 50 602
27 51 329
27 52 780
27 53 482
28 0 508
28 1 291
28 2 165
28 3 143
28 4 117
28 5 13
28 6 26
28 7 196
28 8 451
28 9 0
28 10 460
28 11 269
28 12 496
28 13 665
28 14 256
28 15 369
28 16 126
28 17 230
28 18 13
28 19 522
28 20 425
28 21 91
28 22 196
28 23 347
28 24 182
28 25 321
28 26 565
28 27 26
28 28 0
28 29 521
28 30 239
28 31 470
28 32 195
28 33 308
28 34 582
28 35 388
28 36 63
28 37 514
28 38 436
28 39 111
28 40 562
28 41 484
28 42 159
28 43 610
28 44 532
28 45 207
28 46 658
28 47 580
28 48 255
28 49 706
28 50 628
28 51 303
28 52 754
28 53 508
29 0 253
29 1 356
29 2 612
29 3 378
29 4 404
29 5 534
29 6 547
29 7 377
29 8 898
29 9 521
29 10 811
29 11 716
29 12 751
29 13 270
29 14 703
29 15 278
29 16 573
29 17 677
29 18 508
29 19 413
29 20 872
29 21 430
29 22 451
29 23 794
29 24 339
29 25 768
29 26 274
29 27 495
29 28 521
29 29 0
29 30 408
29 31 725
29 32 326
29 33 755
29 34 135
29 35 133
29 36 510
29 37 961
29 38 85
29 39 462
29 40 913
29 41 37
29 42 414
29 43 865
29 44 85
29 45 462
29 46 913
29 47 133
29 48 510
29 49 961
29 50 181
29 51 558
29 52 1009
29 53 253
30 0 491
30 1 52
30 2 278
30 3 382
30 4 356
30 5 226
30 6 213
30 7 213
30 8 564
30 9 239
30 10 477
30 11 382
30 12 513
30 13 604
30 14 369
30 15 130
30 16 239
30 17 343
30 18 252
30 19 539
30 20 538
30 21 330
30 22 213
30 23 460
30 24 421
30 25 434
30 26 582
30 27 265
30 28 239
30 29 408
30 30 0
30 31 487
30 32 434
30 33 421
30 34 469
30 35 371
30 36 176
30 37 627
30 38 323
30 39 128
30 40 579
30 41 371
30 42 176
30 43 627
30 44 419
30 45 224
30 46 675
30 47 467
30 48 272
30 49 723
30 50 515
30 51 320
30 52 771
30 53 491
31 0 978
31 1 539
31 2 509
31 3 613
31 4 587
31 5 457
31 6 444
31 7 348
31 8 587
31 9 470
31 10 578
31 11 613
31 12 26
31 13 529
31 14 600
31 15 617
31 16 470
31 17 574
31 18 483
31 19 386
31 20 613
31 21 561
31 22 348
31 23 691
31 24 652
31 25 665
31 26 525
31 27 496
31 28 470
31 29 725
31 30 487
31 31 0
31 32 665
31 33 652
31 34 664
31 35 858
31 36 407
31 37 524
31 38 810
31 39 359
31 40 476
31 41 762
31 42 311
31 43 428
31 44 714
31 45 263
31 46 380
31 47 666
31 48 215
31 49 332
31 50 618
31 51 167
31 52 284
31 53 978
32 0 313
32 1 486
32 2 360
32 3 52
32 4 78
32 5 208
32 6 221
32 7 391
32 8 646
32 9 195
32 10 655
32 11 464
32 12 691
32 13 522
32 14 451
32 15 434
32 16 321
32 17 425
32 18 182
32 19 665
32 20 620
32 21 104
32 22 391
32 23 542
32 24 13
32 25 516
32 26 526
32 27 169
32 28 195
32 29 326
32 30 434
32 31 665
32 32 0
32 33 503
32 34 387
32 35 193
32 36 258
32 37 709
32 38 241
32 39 306
32 40 757
32 41 289
32 42 354
32 43 805
32 44 337
32 45 402
32 46 853
32 47 385
32 48 450
32 49 901
32 50 433
32 51 498
32 52 949
32 53 313
33 0 816
33 1 473
33 2 143
33 3 451
33 4 425
33 5 295
33 6 282
33 7 378
33 8 143
33 9 308
33 10 356
33 11 39
33 12 678
33 13 847
33 14 52
33 15 551
33 16 182
33 17 78
33 18 321
33 19 704
33 20 117
33 21 399
33 22 378
33 23 39
33 24 490
33 25 13
33 26 747
33 27 334
33 28 308
33 29 755
33 30 421
33 31 652
33 32 503
33 33 0
33 34 790
33 35 696
33 36 245
33 37 206
33 38 744
33 39 293
33 40 254
33 41 792
33 42 341
33 43 302
33 44 840
33 45 389
33 46 350
33 47 888
33 48 437
33 49 398
33 50 936
33 51 485
33 52 446
33 53 816
34 0 314
34 1 417
34 2 647
34 3 439
34 4 465
34 5 595
34 6 582
34 7 486
34 8 933
34 9 582
34 10 846
34 11 751
34 12 690
34 13 235
34 14 738
34 15 339
34 16 608
34 17 712
34 18 569
34 19 378
34 20 907
34 21 491
34 22 486
34 23 829
34 24 400
34 25 803
34 26 239
34 27 556
34 28 582
34 29 135
34 30 469
34 31 664
34 32 387
34 33 790
34 34 0
34 35 194
34 36 545
34 37 996
34 38 146
34 39 497
34 40 948
34 41 98
34 42 449
34 43 900
34 44 50
34 45 401
34 46 852
34 47 98
34 48 449
34 49 900
34 50 146
34 51 497
34 52 948
34 53 314
35 0 120
35 1 319
35 2 553
35 3 245
35 4 271
35 5 401
35 6 414
35 7 510
35 8 839
35 9 388
35 10 848
35 11 657
35 12 884
35 13 329
35 14 644
35 15 241
35 16 514
35 17 618
35 18 375
35 19 472
35 20 813
35 21 297
35 22 584
35 23 735
35 24 206
35 25 709
35 26 333
35 27 362
35 28 388
35 29 133
35 30 371
35 31 858
35 32 193
35 33 696
35 34 194
35 35 0
35 36 451
35 37 902
35 38 48
35 39 499
35 40 950
35 41 96
35 42 547
35 43 998
35 44 144
35 45 595
35 46 1046
35 47 192
35 48 643
35 49 1094
35 50 240
35 51 691
35 52 1142
35 53 120
36 0 571
36 1 228
36 2 102
36 3 206
36 4 180
36 5 50
36 6 37
36 7 133
36 8 388
36 9 63
36 10 397
36 11 206
36 12 433
36 13 602
36 14 193
36 15 306
36 16 63
36 17 167
36 18 76
36 19 459
36 20 362
36 21 154
36 22 133
36 23 284
36 24 245
36 25 258
36 26 502
36 27 89
36 28 63
36 29 510
36 30 176
36 31 407
36 32 258
36 33 245
36 34 545
36 35 451
36 36 0
36 37 451
36 38 499
36 39 48
36 40 499
36 41 547
36 42 96
36 43 547
36 44 595
36 45 144
36 46 595
36 47 643
36 48 192
36 49 643
36 50 691
36 51 240
36 52 691
36 53 571
37 0 1022
37 1 679
37 2 349
37 3 657
37 4 631
37 5 501
37 6 488
37 7 584
37 8 63
37 9 514
37 10 150
37 11 245
37 12 498
37 13 1053
37 14 258
37 15 757
37 16 388
37 17 284
37 18 527
37 19 910
37 20 89
37 21 605
37 22 510
37 23 167
37 24 696
37 25 193
37 26 953
37 27 540
37 28 514
37 29 961
37 30 627
37 31 524
37 32 709
37 33 206
37 34 996
37 35 902
37 36 451
37 37 0
37 38 950
37 39 499
37 40 48
37 41 998
37 42 547
37 43 96
37 44 1046
37 45 595
37 46 144
37 47 1094
37 48 643
37 49 192
37 50 1142
37 51 691
37 52 240
37 53 1022
38 0 168
38 1 271
38 2 601
38 3 293
38 4 319
38 5 449
38 6 462
38 7 462
38 8 887
38 9 436
38 10 800
38 11 705
38 12 836
38 13 281
38 14 692
38 15 193
38 16 562
38 17 666
38 18 423
38 19 424
38 20 861
38 21 345
38 22 536
38 23 783
38 24 254
38 25 757
38 26 285
38 27 410
38 28 436
38 29 85
38 30 323
38 31 810
38 32 241
38 33 744
38 34 146
38 35 48
38 36 499
38 37 950
38 38 0
38 39 451
38 40 902
38 41 48
38 42 499
38 43 950
38 44 96
38 45 547
38 46 998
38 47 144
38 48 595
38 49 1046
38 50 192
38 51 643
38 52 1094
38 53 168
39 0 619
39 1 180
39 2 150
39 3 254
39 4 228
39 5 98
39 6 85
39 7 85
39 8 436
39 9 111
39 10 349
39 11 254
39 12 385
39 13 554
39 14 241
39 15 258
39 16 111
39 17 215
39 18 124
39 19 411
39 20 410
39 21 202
39 22 85
39 23 332
39 24 293
39 25 306
39 26 454
39 27 137
39 28 111
39 29 462
39 30 128
39 31 359
39 32 306
39 33 293
39 34 497
39 35 499
39 36 48
39 37 499
39 38 451
39 39 0
39 40 451
39 41 499
39 42 48
39 43 499
39 44 547
39 45 96
39 46 547
39 47 595
39 48 144
39 49 595
39 50 643
39 51 192
39 52 643
39 53 619
40 0 1070
40 1 631
40 2 397
40 3 705
40 4 679
40 5 549
40 6 536
40 7 536
40 8 111
40 9 562
40 10 102
40 11 293
40 12 450
40 13 1005
40 14 306
40 15 709
40 16 436
40 17 332
40 18 575
40 19 862
40 20 137
40 21 653
40 22 462
40 23 215
40 24 744
40 25 241
40 26 905
40 27 588
40 28 562
40 29 913
40 30 579
40 31 476
40 32 757
40 33 254
40 34 948
40 35 950
40 36 499
40 37 48
40 38 902
40 39 451
40 40 0
40 41 950
40 42 499
40 43 48
40 44 998
40 45 547
40 46 96
40 47 1046
40 48 595
40 49 144
40 50 1094
40 51 643
40 52 192
40 53 1070
41 0 216
41 1 319
41 2 649
41 3 341
41 4 367
41 5 497
41 6 510
41 7 414
41 8 935
41 9 484
41 10 848
41 11 753
41 12 788
41 13 233
41 14 740
41 15 241
41 16 610
41 17 714
41 18 471
41 19 376
41 20 909
41 21 393
41 22 488
41 23 831
41 24 302
41 25 805
41 26 237
41 27 458
41 28 484
41 29 37
41 30 371
41 31 762
41 32 289
41 33 792
41 34 98
41 35 96
41 36 547
41 37 998
41 38 48
41 39 499
41 40 950
41 41 0
41 42 451
41 43 902
41 44 48
41 45 499
41 46 950
41 47 96
41 48 547
41 49 998
41 50 144
41 51 595
41 52 1046
41 53 216
42 0 667
42 1 228
42 2 198
42 3 302
42 4 276
42 5 146
42 6 133
42 7 37
42 8 484
42 9 159
42 10 397
42 11 302
42 12 337
42 13 506
42 14 289
42 15 306
42 16 159
42 17 263
42 18 172
42 19 363
42 20 458
42 21 250
42 22 37
42 23 380
42 24 341
42 25 354
42 26 406
42 27 185
42 28 159
42 29 414
42 30 176
42 31 311
42 32 354
42 33 341
42 34 449
42 35 547
42 36 96
42 37 547
42 38 499
42 39 48
42 40 499
42 41 451
42 42 0
42 43 451
42 44 499
42 45 48
42 46 499
42 47 547
42 48 96
42 49 547
42 50 595
42 51 144
42 52 595
42 53 667
43 0 1118
43 1 679
43 2 445
43 3 753
43 4 727
43 5 597
43 6 584
43 7 488
43 8 159
43 9 610
43 10 150
43 11 341
43 12 402
43 13 957
43 14 354
43 15 757
43 16 484
43 17 380
43 18 623
43 19 814
43 20 185
43 21 701
43 22 414
43 23 263
43 24 792
43 25 289
43 26 857
43 27 636
43 28 610
43 29 865
43 30 627
43 31 428
43 32 805
43 33 302
43 34 900
43 35 998
43 36 547
43 37 96
43 38 950
43 39 499
43 40 48
43 41 902
43 42 451
43 43 0
43 44 950
43 45 499
43 46 48
43 47 998
43 48 547
43 49 96
43 50 1046
43 51 595
43 52 144
43 53 1118
44 0 264
44 1 367
44 2 697
44 3 389
44 4 415
44 5 545
44 6 558
44 7 462
44 8 983
44 9 532
44 10 896
44 11 801
44 12 740
44 13 185
44 14 788
44 15 289
44 16 658
44 17 762
44 18 519
44 19 328
44 20 957
44 21 441
44 22 536
44 23 879
44 24 350
44 25 853
44 26 189
44 27 506
44 28 532
44 29 85
44 30 419
44 31 714
44 32 337
44 33 840
44 34 50
44 35 144
44 36 595
44 37 1046
44 38 96
44 39 547
44 40 998
44 41 48
44 42 499
44 43 950
44 44 0
44 45 451
44 46 902
44 47 48
44 48 499
44 49 950
44 50 96
44 51 547
44 52 998
44 53 264
45 0 715
45 1 276
45 2 246
45 3 350
45 4 324
45 5 194
45 6 181
45 7 85
45 8 532
45 9 207
45 10 445
45 11 350
45 12 289
45 13 458
45 14 337
45 15 354
45 16 207
45 17 311
45 18 220
45 19 315
45 20 506
45 21 298
45 22 85
45 23 428
45 24 389
45 25 402
45 26 358
45 27 233
45 28 207
45 29 462
45 30 224
45 31 263
45 32 402
45 33 389
45 34 401
45 35 595
45 36 144
45 37 595
45 38 547
45 39 96
45 40 547
45 41 499
45 42 48
45 43 499
45 44 451
45 45 0
45 46 451
45 47 499
45 48 48
45 49 499
45 50 547
45 51 96
45 52 547
45 53 715
46 0 1166
46 1 727
46 2 493
46 3 801
46 4 775
46 5 645
46 6 632
46 7 536
46 8 207
46 9 658
46 10 198
46 11 389
46 12 354
46 13 909
46 14 402
46 15 805
46 16 532
46 17 428
46 18 671
46 19 766
46 20 233
46 21 749
46 22 462
46 23 311
46 24 840
46 25 337
46 26 809
46 27 684
46 28 658
46 29 913
46 30 675
46 31 380
46 32 853
46 33 350
46 34 852
46 35 1046
46 36 595
46 37 144
46 38 998
46 39 547
46 40 96
46 41 950
46 42 499
46 43 48
46 44 902
46 45 451
46 46 0
46 47 950
46 48 499
46 49 48
46 50 998
46 51 547
46 52 96
46 53 1166
47 0 312
47 1 415
47 2 745
47 3 437
47 4 463
47 5 593
47 6 606
47 7 510
47 8 1031
47 9 580
47 10 944
47 11 849
47 12 692
47 13 137
47 14 836
47 15 337
47 16 706
47 17 810
47 18 567
47 19 280
47 20 1005
47 21 489
47 22 584
47 23 927
47 24 398
47 25 901
47 26 141
47 27 554
47 28 580
47 29 133
47 30 467
47 31 666
47 32 385
47 33 888
47 34 98
47 35 192
47 36 643
47 37 1094
47 38 144
47 39 595
47 40 1046
47 41 96
47 42 547
47 43 998
47 44 48
47 45 499
47 46 950
47 47 0
47 48 451
47 49 902
47 50 48
47 51 499
47 52 950
47 53 312
48 0 763
48 1 324
48 2 294
48 3 398
48 4 372
48 5 242
48 6 229
48 7 133
48 8 580
48 9 255
48 10 493
48 11 398
48 12 241
48 13 410
48 14 385
48 15 402
48 16 255
48 17 359
48 18 268
48 19 267
48 20 554
48 21 346
48 22 133
48 23 476
48 24 437
48 25 450
48 26 310
48 27 281
48 28 255
48 29 510
48 30 272
48 31 215
48 32 450
48 33 437
48 34 449
48 35 643
48 36 192
48 37 643
48 38 595
48 39 144
48 40 595
48 41 547
48 42 96
48 43 547
48 44 499
48 45 48
48 46 499
48 47 451
48 48 0
48 49 451
48 50 499
48 51 48
48 52 499
48 53 763
49 0 1214
49 1 775
49 2 541
49 3 849
49 4 823
49 5 693
49 6 680
49 7 584
49 8 255
49 9 706
49 10 246
49 11 437
49 12 306
49 13 861
49 14 450
49 15 853
49 16 580
49 17 476
49 18 719
49 19 718
49 20 281
49 21 797
49 22 510
49 23 359
49 24 888
49 25 385
49 26 761
49 27 732
49 28 706
49 29 961
49 30 723
49 31 332
49 32 901
49 33 398
49 34 900
49 35 1094
49 36 643
49 37 192
49 38 1046
49 39 595
49 40 144
49 41 998
49 42 547
49 43 96
49 44 950
49 45 499
49 46 48
49 47 902
49 48 451
49 49 0
49 50 950
49 51 499
49 52 48
49 53 1214
50 0 360
50 1 463
50 2 793
50 3 485
50 4 511
50 5 641
50 6 654
50 7 558
50 8 1079
50 9 628
50 10 992
50 11 897
50 12 644
50 13 89
50 14 884
50 15 385
50 16 754
50 17 858
50 18 615
50 19 232
50 20 1053
50 21 537
50 22 632
50 23 975
50 24 446
50 25 949
50 26 189
50 27 602
50 28 628
50 29 181
50 30 515
50 31 618
50 32 433
50 33 936
50 34 146
50 35 240
50 36 691
50 37 1142
50 38 192
50 39 643
50 40 1094
50 41 144
50 42 595
50 43 1046
50 44 96
50 45 547
50 46 998
50 47 48
50 48 499
50 49 950
50 50 0
50 51 451
50 52 902
50 53 360
51 0 811
51 1 372
51 2 342
51 3 446
51 4 420
51 5 290
51 6 277
51 7 181
51 8 628
51 9 303
51 10 541
51 11 446
51 12 193
51 13 362
51 14 433
51 15 450
51 16 303
51 17 407
51 18 316
51 19 219
51 20 602
51 21 394
51 22 181
51 23 524
51 24 485
51 25 498
51 26 358
51 27 329
51 28 303
51 29 558
51 30 320
51 31 167
51 32 498
51 33 485
51 34 497
51 35 691
51 36 240
51 37 691
51 38 643
51 39 192
51 40 643
51 41 595
51 42 144
51 43 595
51 44 547
51 45 96
51 46 547
51 47 499
51 48 48
51 49 499
51 50 451
51 51 0
51 52 451
51 53 811
52 0 1262
52 1 823
52 2 589
52 3 897
52 4 871
52 5 741
52 6 728
52 7 632
52 8 303
52 9 754
52 10 294
52 11 485
52 12 258
52 13 813
52 14 498
52 15 901
52 16 628
52 17 524
52 18 767
52 19 670
52 20 329
52 21 845
52 22 558
52 23 407
52 24 936
52 25 433
52 26 809
52 27 780
52 28 754
52 29 1009
52 30 771
52 31 284
52 32 949
52 33 446
52 34 948
52 35 1142
52 36 691
52 37 240
52 38 1094
52 39 643
52 40 192
52 41 1046
52 42 595
52 43 144
52 44 998
52 45 547
52 46 96
52 47 950
52 48 499
52 49 48
52 50 902
52 51 451
52 52 0
52 53 1262
53 0 0
53 1 439
53 2 673
53 3 365
53 4 391
53 5 521
53 6 534
53 7 630
53 8 959
53 9 508
53 10 968
53 11 777
53 12 1004
53 13 449
53 14 764
53 15 361
53 16 634
53 17 738
53 18 495
53 19 592
53 20 933
53 21 417
53 22 704
53 23 855
53 24 326
53 25 829
53 26 453
53 27 482
53 28 508
53 29 253
53 30 491
53 31 978
53 32 313
53 33 816
53 34 314
53 35 120
53 36 571
53 37 1022
53 38 168
53 39 619
53 40 1070
53 41 216
53 42 667
53 43 1118
53 44 264
53 45 715
53 46 1166
53 47 312
53 48 763
53 49 1214
53 50 360
53 51 811
53 52 1262
53 53 0
//Location coordinates LocationName
//Loc x y
0 0.0 0.0 "depot"
1 48.0 391.0 "product aisle 1 bloc 0 rank 37"
2 0.0 673.0 "product aisle 0 bloc 1 rank 11"
3 0.0 365.0 "product aisle 0 bloc 0 rank 34"
4 0.0 391.0 "product aisle 0 bloc 0 rank 37"
5 0.0 521.0 "product aisle 0 bloc 0 rank 57"
6 0.0 534.0 "product aisle 0 bloc 0 rank 60"
7 96.0 534.0 "product aisle 2 bloc 0 rank 60"
8 0.0 959.0 "product aisle 0 bloc 1 rank 56"
9 0.0 508.0 "product aisle 0 bloc 0 rank 56"
10 48.0 920.0 "product aisle 1 bloc 1 rank 50"
11 0.0 777.0 "product aisle 0 bloc 1 rank 27"
12 240.0 764.0 "product aisle 5 bloc 1 rank 26"
13 240.0 209.0 "product aisle 5 bloc 0 rank 10"
14 0.0 764.0 "product aisle 0 bloc 1 rank 25"
15 48.0 313.0 "product aisle 1 bloc 0 rank 25"
16 0.0 634.0 "product aisle 0 bloc 1 rank 6"
17 0.0 738.0 "product aisle 0 bloc 1 rank 21"
18 0.0 495.0 "product aisle 0 bloc 0 rank 54"
19 240.0 352.0 "product aisle 5 bloc 0 rank 32"
20 0.0 933.0 "product aisle 0 bloc 1 rank 52"
21 0.0 417.0 "product aisle 0 bloc 0 rank 41"
22 96.0 608.0 "product aisle 2 bloc 1 rank 1"
23 0.0 855.0 "product aisle 0 bloc 1 rank 39"
24 0.0 326.0 "product aisle 0 bloc 0 rank 28"
25 0.0 829.0 "product aisle 0 bloc 1 rank 35"
26 192.0 261.0 "product aisle 4 bloc 0 rank 17"
27 0.0 482.0 "product aisle 0 bloc 0 rank 52"
28 0.0 508.0 "product aisle 0 bloc 0 rank 55"
29 96.0 157.0 "product aisle 2 bloc 0 rank 2"
30 48.0 443.0 "product aisle 1 bloc 0 rank 45"
31 240.0 738.0 "product aisle 5 bloc 1 rank 22"
32 0.0 313.0 "product aisle 0 bloc 0 rank 26"
33 0.0 816.0 "product aisle 0 bloc 1 rank 34"
34 144.0 170.0 "product aisle 3 bloc 0 rank 4"
35 24.0 120.0 "intersection aisle 0 bloc 0 rank 0"
36 24.0 571.0 "intersection aisle 0 bloc 1 rank 1"
37 24.0 1022.0 "intersection aisle 0 bloc 2 rank 2"
38 72.0 120.0 "intersection aisle 1 bloc 0 rank 0"
39 72.0 571.0 "intersection aisle 1 bloc 1 rank 1"
40 72.0 1022.0 "intersection aisle 1 bloc 2 rank 2"
41 120.0 120.0 "intersection aisle 2 bloc 0 rank 0"
42 120.0 571.0 "intersection aisle 2 bloc 1 rank 1"
43 120.0 1022.0 "intersection aisle 2 bloc 2 rank 2"
44 168.0 120.0 "intersection aisle 3 bloc 0 rank 0"
45 168.0 571.0 "intersection aisle 3 bloc 1 rank 1"
46 168.0 1022.0 "intersection aisle 3 bloc 2 rank 2"
47 216.0 120.0 "intersection aisle 4 bloc 0 rank 0"
48 216.0 571.0 "intersection aisle 4 bloc 1 rank 1"
49 216.0 1022.0 "intersection aisle 4 bloc 2 rank 2"
50 264.0 120.0 "intersection aisle 5 bloc 0 rank 0"
51 264.0 571.0 "intersection aisle 5 bloc 1 rank 1"
52 264.0 1022.0 "intersection aisle 5 bloc 2 rank 2"
53 0.0 0.0 "depot"
