//alpha
1
//NbLocations
46
//NbProducts
29
//NbPickers
2
//CapaPicker
8
//TimeToTravelOneDistanceUnit
3
//SetupTime
5400
//PickTime
300
//Products
//Idx Location Size
1 1 1
2 2 1
3 3 1
4 4 1
5 5 1
6 6 1
7 7 1
8 8 1
9 9 1
10 10 1
11 11 1
12 12 1
13 13 1
14 14 1
15 15 1
16 16 1
17 17 1
18 18 1
19 19 1
20 20 1
21 21 1
22 22 1
23 23 1
24 24 1
25 1 1
26 13 1
27 25 1
28 26 1
29 27 1
//Orders
//NbOrders
18
//Idx DueDate TardinessPenalty NbProdInOrder ProdIdx1 Qty1 ProdIdx2 Qty2 ...
1 90000 0 1 1 1
2 54000 0 2 2 1 3 1
3 108000 0 1 4 1
4 144000 0 1 5 1
5 108000 0 1 6 1
6 90000 0 1 7 1
7 72000 0 1 8 1
8 108000 0 1 9 1
9 126000 0 1 10 1
10 108000 0 1 11 1
11 126000 0 2 12 1 13 1
12 90000 0 4 14 1 15 1 16 1 17 1
13 72000 0 2 18 1 19 1
14 108000 0 1 20 1
15 90000 0 1 21 1
16 108000 0 2 22 1 23 1
17 108000 0 2 24 1 25 1
18 72000 0 4 26 1 27 1 28 1 29 1
//Graph (Products are vertices indexed from 1 to NbProducts)
//NbVerticesIntersections
18
//DepartingDepot
0
//ArrivalDepot
46
//Arcs
//Start End Distance
0 28 120
1 21 13
1 26 0
2 17 117
2 23 13
3 23 91
3 34 89
4 14 26
4 29 89
5 7 78
5 25 13
6 10 65
6 11 26
7 5 78
7 24 26
8 41 76
8 42 375
9 12 13
9 20 26
10 6 65
10 12 0
11 6 26
11 27 39
12 9 13
12 10 0
13 31 258
13 32 193
14 4 26
14 27 13
15 35 258
15 36 193
16 26 65
16 28 63
17 2 117
17 35 141
18 37 206
18 38 245
19 40 245
19 41 206
20 9 26
20 22 13
21 1 13
21 24 156
22 20 13
22 30 141
23 2 13
23 3 91
24 7 26
24 21 156
25 5 13
25 29 37
26 1 0
26 16 65
27 11 39
27 14 13
28 16 63
28 31 48
28 46 120
29 4 89
29 25 37
29 32 48
30 22 141
30 33 48
31 13 258
31 28 48
31 34 48
32 13 193
32 29 48
32 33 451
32 35 48
33 30 48
33 32 451
33 36 48
34 3 89
34 31 48
34 37 48
35 15 258
35 17 141
35 32 48
35 38 48
36 15 193
36 33 48
36 39 48
37 18 206
37 34 48
37 40 48
38 18 245
38 35 48
38 39 451
38 41 48
39 36 48
39 38 451
39 42 48
40 19 245
40 37 48
40 43 48
41 8 76
41 19 206
41 38 48
41 44 48
42 8 375
42 39 48
42 45 48
43 40 48
43 44 451
44 41 48
44 43 451
44 45 451
45 42 48
45 44 451
//LocStart LocEnd ShortestPath
0 0 0
0 1 248
0 2 409
0 3 305
0 4 660
0 5 521
0 6 764
0 7 443
0 8 839
0 9 842
0 10 829
0 11 738
0 12 829
0 13 426
0 14 686
0 15 925
0 16 183
0 17 526
0 18 470
0 19 557
0 20 868
0 21 261
0 22 881
0 23 396
0 24 417
0 25 534
0 26 248
0 27 699
0 28 120
0 29 571
0 30 1022
0 31 168
0 32 619
0 33 1070
0 34 216
0 35 667
0 36 1118
0 37 264
0 38 715
0 39 1166
0 40 312
0 41 763
0 42 1214
0 43 360
0 44 811
0 45 1262
0 46 0
1 0 248
1 1 0
1 2 417
1 3 313
1 4 412
1 5 273
1 6 516
1 7 195
1 8 591
1 9 594
1 10 581
1 11 490
1 12 581
1 13 434
1 14 438
1 15 677
1 16 65
1 17 534
1 18 478
1 19 565
1 20 620
1 21 13
1 22 633
1 23 404
1 24 169
1 25 286
1 26 0
1 27 451
1 28 128
1 29 323
1 30 774
1 31 176
1 32 371
1 33 822
1 34 224
1 35 419
1 36 870
1 37 272
1 38 467
1 39 918
1 40 320
1 41 515
1 42 966
1 43 368
1 44 563
1 45 1014
1 46 248
2 0 409
2 1 417
2 2 0
2 3 104
2 4 443
2 5 404
2 6 547
2 7 482
2 8 430
2 9 625
2 10 612
2 11 521
2 12 612
2 13 499
2 14 469
2 15 516
2 16 352
2 17 117
2 18 447
2 19 534
2 20 651
2 21 430
2 22 664
2 23 13
2 24 508
2 25 391
2 26 417
2 27 482
2 28 289
2 29 354
2 30 805
2 31 241
2 32 306
2 33 757
2 34 193
2 35 258
2 36 709
2 37 241
2 38 306
2 39 757
2 40 289
2 41 354
2 42 805
2 43 337
2 44 402
2 45 853
2 46 409
3 0 305
3 1 313
3 2 104
3 3 0
3 4 547
3 5 508
3 6 651
3 7 508
3 8 534
3 9 729
3 10 716
3 11 625
3 12 716
3 13 395
3 14 573
3 15 620
3 16 248
3 17 221
3 18 343
3 19 430
3 20 755
3 21 326
3 22 768
3 23 91
3 24 482
3 25 495
3 26 313
3 27 586
3 28 185
3 29 458
3 30 909
3 31 137
3 32 410
3 33 861
3 34 89
3 35 362
3 36 813
3 37 137
3 38 410
3 39 861
3 40 185
3 41 458
3 42 909
3 43 233
3 44 506
3 45 957
3 46 305
4 0 660
4 1 412
4 2 443
4 3 547
4 4 0
4 5 139
4 6 104
4 7 217
4 8 357
4 9 182
4 10 169
4 11 78
4 12 169
4 13 330
4 14 26
4 15 443
4 16 477
4 17 326
4 18 478
4 19 487
4 20 208
4 21 399
4 22 221
4 23 456
4 24 243
4 25 126
4 26 412
4 27 39
4 28 540
4 29 89
4 30 362
4 31 588
4 32 137
4 33 410
4 34 636
4 35 185
4 36 458
4 37 684
4 38 233
4 39 506
4 40 732
4 41 281
4 42 554
4 43 780
4 44 329
4 45 602
4 46 660
5 0 521
5 1 273
5 2 404
5 3 508
5 4 139
5 5 0
5 6 243
5 7 78
5 8 318
5 9 321
5 10 308
5 11 217
5 12 308
5 13 291
5 14 165
5 15 404
5 16 338
5 17 287
5 18 439
5 19 448
5 20 347
5 21 260
5 22 360
5 23 417
5 24 104
5 25 13
5 26 273
5 27 178
5 28 401
5 29 50
5 30 501
5 31 449
5 32 98
5 33 549
5 34 497
5 35 146
5 36 597
5 37 545
5 38 194
5 39 645
5 40 593
5 41 242
5 42 693
5 43 641
5 44 290
5 45 741
5 46 521
6 0 764
6 1 516
6 2 547
6 3 651
6 4 104
6 5 243
6 6 0
6 7 321
6 8 461
6 9 78
6 10 65
6 11 26
6 12 65
6 13 434
6 14 78
6 15 547
6 16 581
6 17 430
6 18 582
6 19 591
6 20 104
6 21 503
6 22 117
6 23 560
6 24 347
6 25 230
6 26 516
6 27 65
6 28 644
6 29 193
6 30 258
6 31 692
6 32 241
6 33 306
6 34 740
6 35 289
6 36 354
6 37 788
6 38 337
6 39 402
6 40 836
6 41 385
6 42 450
6 43 884
6 44 433
6 45 498
6 46 764
7 0 443
7 1 195
7 2 482
7 3 508
7 4 217
7 5 78
7 6 321
7 7 0
7 8 396
7 9 399
7 10 386
7 11 295
7 12 386
7 13 369
7 14 243
7 15 482
7 16 260
7 17 365
7 18 517
7 19 526
7 20 425
7 21 182
7 22 438
7 23 495
7 24 26
7 25 91
7 26 195
7 27 256
7 28 323
7 29 128
7 30 579
7 31 371
7 32 176
7 33 627
7 34 419
7 35 224
7 36 675
7 37 467
7 38 272
7 39 723
7 40 515
7 41 320
7 42 771
7 43 563
7 44 368
7 45 819
7 46 443
8 0 839
8 1 591
8 2 430
8 3 534
8 4 357
8 5 318
8 6 461
8 7 396
8 8 0
8 9 539
8 10 526
8 11 435
8 12 526
8 13 413
8 14 383
8 15 430
8 16 656
8 17 313
8 18 369
8 19 282
8 20 565
8 21 578
8 22 578
8 23 443
8 24 422
8 25 305
8 26 591
8 27 396
8 28 719
8 29 268
8 30 567
8 31 671
8 32 220
8 33 519
8 34 623
8 35 172
8 36 471
8 37 575
8 38 124
8 39 423
8 40 527
8 41 76
8 42 375
8 43 575
8 44 124
8 45 423
8 46 839
9 0 842
9 1 594
9 2 625
9 3 729
9 4 182
9 5 321
9 6 78
9 7 399
9 8 539
9 9 0
9 10 13
9 11 104
9 12 13
9 13 512
9 14 156
9 15 469
9 16 659
9 17 508
9 18 660
9 19 669
9 20 26
9 21 581
9 22 39
9 23 638
9 24 425
9 25 308
9 26 594
9 27 143
9 28 722
9 29 271
9 30 180
9 31 770
9 32 319
9 33 228
9 34 818
9 35 367
9 36 276
9 37 866
9 38 415
9 39 324
9 40 914
9 41 463
9 42 372
9 43 962
9 44 511
9 45 420
9 46 842
10 0 829
10 1 581
10 2 612
10 3 716
10 4 169
10 5 308
10 6 65
10 7 386
10 8 526
10 9 13
10 10 0
10 11 91
10 12 0
10 13 499
10 14 143
10 15 482
10 16 646
10 17 495
10 18 647
10 19 656
10 20 39
10 21 568
10 22 52
10 23 625
10 24 412
10 25 295
10 26 581
10 27 130
10 28 709
10 29 258
10 30 193
10 31 757
10 32 306
10 33 241
10 34 805
10 35 354
10 36 289
10 37 853
10 38 402
10 39 337
10 40 901
10 41 450
10 42 385
10 43 949
10 44 498
10 45 433
10 46 829
11 0 738
11 1 490
11 2 521
11 3 625
11 4 78
11 5 217
11 6 26
11 7 295
11 8 435
11 9 104
11 10 91
11 11 0
11 12 91
11 13 408
11 14 52
11 15 521
11 16 555
11 17 404
11 18 556
11 19 565
11 20 130
11 21 477
11 22 143
11 23 534
11 24 321
11 25 204
11 26 490
11 27 39
11 28 618
11 29 167
11 30 284
11 31 666
11 32 215
11 33 332
11 34 714
11 35 263
11 36 380
11 37 762
11 38 311
11 39 428
11 40 810
11 41 359
11 42 476
11 43 858
11 44 407
11 45 524
11 46 738
12 0 829
12 1 581
12 2 612
12 3 716
12 4 169
12 5 308
12 6 65
12 7 386
12 8 526
12 9 13
12 10 0
12 11 91
12 12 0
12 13 499
12 14 143
12 15 482
12 16 646
12 17 495
12 18 647
12 19 656
12 20 39
12 21 568
12 22 52
12 23 625
12 24 412
12 25 295
12 26 581
12 27 130
12 28 709
12 29 258
12 30 193
12 31 757
12 32 306
12 33 241
12 34 805
12 35 354
12 36 289
12 37 853
12 38 402
12 39 337
12 40 901
12 41 450
12 42 385
12 43 949
12 44 498
12 45 433
12 46 829
13 0 426
13 1 434
13 2 499
13 3 395
13 4 330
13 5 291
13 6 434
13 7 369
13 8 413
13 9 512
13 10 499
13 11 408
13 12 499
13 13 0
13 14 356
13 15 499
13 16 369
13 17 382
13 18 534
13 19 543
13 20 538
13 21 447
13 22 551
13 23 486
13 24 395
13 25 278
13 26 434
13 27 369
13 28 306
13 29 241
13 30 692
13 31 258
13 32 193
13 33 644
13 34 306
13 35 241
13 36 692
13 37 354
13 38 289
13 39 740
13 40 402
13 41 337
13 42 788
13 43 450
13 44 385
13 45 836
13 46 426
14 0 686
14 1 438
14 2 469
14 3 573
14 4 26
14 5 165
14 6 78
14 7 243
14 8 383
14 9 156
14 10 143
14 11 52
14 12 143
14 13 356
14 14 0
14 15 469
14 16 503
14 17 352
14 18 504
14 19 513
14 20 182
14 21 425
14 22 195
14 23 482
14 24 269
14 25 152
14 26 438
14 27 13
14 28 566
14 29 115
14 30 336
14 31 614
14 32 163
14 33 384
14 34 662
14 35 211
14 36 432
14 37 710
14 38 259
14 39 480
14 40 758
14 41 307
14 42 528
14 43 806
14 44 355
14 45 576
14 46 686
15 0 925
15 1 677
15 2 516
15 3 620
15 4 443
15 5 404
15 6 547
15 7 482
15 8 430
15 9 469
15 10 482
15 11 521
15 12 482
15 13 499
15 14 469
15 15 0
15 16 742
15 17 399
15 18 551
15 19 560
15 20 443
15 21 664
15 22 430
15 23 529
15 24 508
15 25 391
15 26 677
15 27 482
15 28 805
15 29 354
15 30 289
15 31 757
15 32 306
15 33 241
15 34 709
15 35 258
15 36 193
15 37 757
15 38 306
15 39 241
15 40 805
15 41 354
15 42 289
15 43 853
15 44 402
15 45 337
15 46 925
16 0 183
16 1 65
16 2 352
16 3 248
16 4 477
16 5 338
16 6 581
16 7 260
16 8 656
16 9 659
16 10 646
16 11 555
16 12 646
16 13 369
16 14 503
16 15 742
16 16 0
16 17 469
16 18 413
16 19 500
16 20 685
16 21 78
16 22 698
16 23 339
16 24 234
16 25 351
16 26 65
16 27 516
16 28 63
16 29 388
16 30 839
16 31 111
16 32 436
16 33 887
16 34 159
16 35 484
16 36 935
16 37 207
16 38 532
16 39 983
16 40 255
16 41 580
16 42 1031
16 43 303
16 44 628
16 45 1079
16 46 183
17 0 526
17 1 534
17 2 117
17 3 221
17 4 326
17 5 287
17 6 430
17 7 365
17 8 313
17 9 508
17 10 495
17 11 404
17 12 495
17 13 382
17 14 352
17 15 399
17 16 469
17 17 0
17 18 434
17 19 443
17 20 534
17 21 547
17 22 547
17 23 130
17 24 391
17 25 274
17 26 534
17 27 365
17 28 406
17 29 237
17 30 688
17 31 358
17 32 189
17 33 640
17 34 310
17 35 141
17 36 592
17 37 358
17 38 189
17 39 640
17 40 406
17 41 237
17 42 688
17 43 454
17 44 285
17 45 736
17 46 526
18 0 470
18 1 478
18 2 447
18 3 343
18 4 478
18 5 439
18 6 582
18 7 517
18 8 369
18 9 660
18 10 647
18 11 556
18 12 647
18 13 534
18 14 504
18 15 551
18 16 413
18 17 434
18 18 0
18 19 499
18 20 686
18 21 491
18 22 699
18 23 434
18 24 543
18 25 426
18 26 478
18 27 517
18 28 350
18 29 389
18 30 840
18 31 302
18 32 341
18 33 792
18 34 254
18 35 293
18 36 744
18 37 206
18 38 245
18 39 696
18 40 254
18 41 293
18 42 744
18 43 302
18 44 341
18 45 792
18 46 470
19 0 557
19 1 565
19 2 534
19 3 430
19 4 487
19 5 448
19 6 591
19 7 526
19 8 282
19 9 669
19 10 656
19 11 565
19 12 656
19 13 543
19 14 513
19 15 560
19 16 500
19 17 443
19 18 499
19 19 0
19 20 695
19 21 578
19 22 708
19 23 521
19 24 552
19 25 435
19 26 565
19 27 526
19 28 437
19 29 398
19 30 849
19 31 389
19 32 350
19 33 801
19 34 341
19 35 302
19 36 753
19 37 293
19 38 254
19 39 705
19 40 245
19 41 206
19 42 657
19 43 293
19 44 254
19 45 705
19 46 557
20 0 868
20 1 620
20 2 651
20 3 755
20 4 208
20 5 347
20 6 104
20 7 425
20 8 565
20 9 26
20 10 39
20 11 130
20 12 39
20 13 538
20 14 182
20 15 443
20 16 685
20 17 534
20 18 686
20 19 695
20 20 0
20 21 607
20 22 13
20 23 664
20 24 451
20 25 334
20 26 620
20 27 169
20 28 748
20 29 297
20 30 154
20 31 796
20 32 345
20 33 202
20 34 844
20 35 393
20 36 250
20 37 892
20 38 441
20 39 298
20 40 940
20 41 489
20 42 346
20 43 988
20 44 537
20 45 394
20 46 868
21 0 261
21 1 13
21 2 430
21 3 326
21 4 399
21 5 260
21 6 503
21 7 182
21 8 578
21 9 581
21 10 568
21 11 477
21 12 568
21 13 447
21 14 425
21 15 664
21 16 78
21 17 547
21 18 491
21 19 578
21 20 607
21 21 0
21 22 620
21 23 417
21 24 156
21 25 273
21 26 13
21 27 438
21 28 141
21 29 310
21 30 761
21 31 189
21 32 358
21 33 809
21 34 237
21 35 406
21 36 857
21 37 285
21 38 454
21 39 905
21 40 333
21 41 502
21 42 953
21 43 381
21 44 550
21 45 1001
21 46 261
22 0 881
22 1 633
22 2 664
22 3 768
22 4 221
22 5 360
22 6 117
22 7 438
22 8 578
22 9 39
22 10 52
22 11 143
22 12 52
22 13 551
22 14 195
22 15 430
22 16 698
22 17 547
22 18 699
22 19 708
22 20 13
22 21 620
22 22 0
22 23 677
22 24 464
22 25 347
22 26 633
22 27 182
22 28 761
22 29 310
22 30 141
22 31 809
22 32 358
22 33 189
22 34 857
22 35 406
22 36 237
22 37 905
22 38 454
22 39 285
22 40 953
22 41 502
22 42 333
22 43 1001
22 44 550
22 45 381
22 46 881
23 0 396
23 1 404
23 2 13
23 3 91
23 4 456
23 5 417
23 6 560
23 7 495
23 8 443
23 9 638
23 10 625
23 11 534
23 12 625
23 13 486
23 14 482
23 15 529
23 16 339
23 17 130
23 18 434
23 19 521
23 20 664
23 21 417
23 22 677
23 23 0
23 24 521
23 25 404
23 26 404
23 27 495
23 28 276
23 29 367
23 30 818
23 31 228
23 32 319
23 33 770
23 34 180
23 35 271
23 36 722
23 37 228
23 38 319
23 39 770
23 40 276
23 41 367
23 42 818
23 43 324
23 44 415
23 45 866
23 46 396
24 0 417
24 1 169
24 2 508
24 3 482
24 4 243
24 5 104
24 6 347
24 7 26
24 8 422
24 9 425
24 10 412
24 11 321
24 12 412
24 13 395
24 14 269
24 15 508
24 16 234
24 17 391
24 18 543
24 19 552
24 20 451
24 21 156
24 22 464
24 23 521
24 24 0
24 25 117
24 26 169
24 27 282
24 28 297
24 29 154
24 30 605
24 31 345
24 32 202
24 33 653
24 34 393
24 35 250
24 36 701
24 37 441
24 38 298
24 39 749
24 40 489
24 41 346
24 42 797
24 43 537
24 44 394
24 45 845
24 46 417
25 0 534
25 1 286
25 2 391
25 3 495
25 4 126
25 5 13
25 6 230
25 7 91
25 8 305
25 9 308
25 10 295
25 11 204
25 12 295
25 13 278
25 14 152
25 15 391
25 16 351
25 17 274
25 18 426
25 19 435
25 20 334
25 21 273
25 22 347
25 23 404
25 24 117
25 25 0
25 26 286
25 27 165
25 28 414
25 29 37
25 30 488
25 31 462
25 32 85
25 33 536
25 34 510
25 35 133
25 36 584
25 37 558
25 38 181
25 39 632
25 40 606
25 41 229
25 42 680
25 43 654
25 44 277
25 45 728
25 46 534
26 0 248
26 1 0
26 2 417
26 3 313
26 4 412
26 5 273
26 6 516
26 7 195
26 8 591
26 9 594
26 10 581
26 11 490
26 12 581
26 13 434
26 14 438
26 15 677
26 16 65
26 17 534
26 18 478
26 19 565
26 20 620
26 21 13
26 22 633
26 23 404
26 24 169
26 25 286
26 26 0
26 27 451
26 28 128
26 29 323
26 30 774
26 31 176
26 32 371
26 33 822
26 34 224
26 35 419
26 36 870
26 37 272
26 38 467
26 39 918
26 40 320
26 41 515
26 42 966
26 43 368
26 44 563
26 45 1014
26 46 248
27 0 699
27 1 451
27 2 482
27 3 586
27 4 39
27 5 178
27 6 65
27 7 256
27 8 396
27 9 143
27 10 130
27 11 39
27 12 130
27 13 369
27 14 13
27 15 482
27 16 516
27 17 365
27 18 517
27 19 526
27 20 169
27 21 438
27 22 182
27 23 495
27 24 282
27 25 165
27 26 451
27 27 0
27 28 579
27 29 128
27 30 323
27 31 627
27 32 176
27 33 371
27 34 675
27 35 224
27 36 419
27 37 723
27 38 272
27 39 467
27 40 771
27 41 320
27 42 515
27 43 819
27 44 368
27 45 563
27 46 699
28 0 120
28 1 128
28 2 289
28 3 185
28 4 540
28 5 401
28 6 644
28 7 323
28 8 719
28 9 722
28 10 709
28 11 618
28 12 709
28 13 306
28 14 566
28 15 805
28 16 63
28 17 406
28 18 350
28 19 437
28 20 748
28 21 141
28 22 761
28 23 276
28 24 297
28 25 414
28 26 128
28 27 579
28 28 0
28 29 451
28 30 902
28 31 48
28 32 499
28 33 950
28 34 96
28 35 547
28 36 998
28 37 144
28 38 595
28 39 1046
28 40 192
28 41 643
28 42 1094
28 43 240
28 44 691
28 45 1142
28 46 120
29 0 571
29 1 323
29 2 354
29 3 458
29 4 89
29 5 50
29 6 193
29 7 128
29 8 268
29 9 271
29 10 258
29 11 167
29 12 258
29 13 241
29 14 115
29 15 354
29 16 388
29 17 237
29 18 389
29 19 398
29 20 297
29 21 310
29 22 310
29 23 367
29 24 154
29 25 37
29 26 323
29 27 128
29 28 451
29 29 0
29 30 451
29 31 499
29 32 48
29 33 499
29 34 547
29 35 96
29 36 547
29 37 595
29 38 144
29 39 595
29 40 643
29 41 192
29 42 643
29 43 691
29 44 240
29 45 691
29 46 571
30 0 1022
30 1 774
30 2 805
30 3 909
30 4 362
30 5 501
30 6 258
30 7 579
30 8 567
30 9 180
30 10 193
30 11 284
30 12 193
30 13 692
30 14 336
30 15 289
30 16 839
30 17 688
30 18 840
30 19 849
30 20 154
30 21 761
30 22 141
30 23 818
30 24 605
30 25 488
30 26 774
30 27 323
30 28 902
30 29 451
30 30 0
30 31 950
30 32 499
30 33 48
30 34 998
30 35 547
30 36 96
30 37 1046
30 38 595
30 39 144
30 40 1094
30 41 643
30 42 192
30 43 1142
30 44 691
30 45 240
30 46 1022
31 0 168
31 1 176
31 2 241
31 3 137
31 4 588
31 5 449
31 6 692
31 7 371
31 8 671
31 9 770
31 10 757
31 11 666
31 12 757
31 13 258
31 14 614
31 15 757
31 16 111
31 17 358
31 18 302
31 19 389
31 20 796
31 21 189
31 22 809
31 23 228
31 24 345
31 25 462
31 26 176
31 27 627
31 28 48
31 29 499
31 30 950
31 31 0
31 32 451
31 33 902
31 34 48
31 35 499
31 36 950
31 37 96
31 38 547
31 39 998
31 40 144
31 41 595
31 42 1046
31 43 192
31 44 643
31 45 1094
31 46 168
32 0 619
32 1 371
32 2 306
32 3 410
32 4 137
32 5 98
32 6 241
32 7 176
32 8 220
32 9 319
32 10 306
32 11 215
32 12 306
32 13 193
32 14 163
32 15 306
32 16 436
32 17 189
32 18 341
32 19 350
32 20 345
32 21 358
32 22 358
32 23 319
32 24 202
32 25 85
32 26 371
32 27 176
32 28 499
32 29 48
32 30 499
32 31 451
32 32 0
32 33 451
32 34 499
32 35 48
32 36 499
32 37 547
32 38 96
32 39 547
32 40 595
32 41 144
32 42 595
32 43 643
32 44 192
32 45 643
32 46 619
33 0 1070
33 1 822
33 2 757
33 3 861
33 4 410
33 5 549
33 6 306
33 7 627
33 8 519
33 9 228
33 10 241
33 11 332
33 12 241
33 13 644
33 14 384
33 15 241
33 16 887
33 17 640
33 18 792
33 19 801
33 20 202
33 21 809
33 22 189
33 23 770
33 24 653
33 25 536
33 26 822
33 27 371
33 28 950
33 29 499
33 30 48
33 31 902
33 32 451
33 33 0
33 34 950
33 35 499
33 36 48
33 37 998
33 38 547
33 39 96
33 40 1046
33 41 595
33 42 144
33 43 1094
33 44 643
33 45 192
33 46 1070
34 0 216
34 1 224
34 2 193
34 3 89
34 4 636
34 5 497
34 6 740
34 7 419
34 8 623
34 9 818
34 10 805
34 11 714
34 12 805
34 13 306
34 14 662
34 15 709
34 16 159
34 17 310
34 18 254
34 19 341
34 20 844
34 21 237
34 22 857
34 23 180
34 24 393
34 25 510
34 26 224
34 27 675
34 28 96
34 29 547
34 30 998
34 31 48
34 32 499
34 33 950
34 34 0
34 35 451
34 36 902
34 37 48
34 38 499
34 39 950
34 40 96
34 41 547
34 42 998
34 43 144
34 44 595
34 45 1046
34 46 216
35 0 667
35 1 419
35 2 258
35 3 362
35 4 185
35 5 146
35 6 289
35 7 224
35 8 172
35 9 367
35 10 354
35 11 263
35 12 354
35 13 241
35 14 211
35 15 258
35 16 484
35 17 141
35 18 293
35 19 302
35 20 393
35 21 406
35 22 406
35 23 271
35 24 250
35 25 133
35 26 419
35 27 224
35 28 547
35 29 96
35 30 547
35 31 499
35 32 48
35 33 499
35 34 451
35 35 0
35 36 451
35 37 499
35 38 48
35 39 499
35 40 547
35 41 96
35 42 547
35 43 595
35 44 144
35 45 595
35 46 667
36 0 1118
36 1 870
36 2 709
36 3 813
36 4 458
36 5 597
36 6 354
36 7 675
36 8 471
36 9 276
36 10 289
36 11 380
36 12 289
36 13 692
36 14 432
36 15 193
36 16 935
36 17 592
36 18 744
36 19 753
36 20 250
36 21 857
36 22 237
36 23 722
36 24 701
36 25 584
36 26 870
36 27 419
36 28 998
36 29 547
36 30 96
36 31 950
36 32 499
36 33 48
36 34 902
36 35 451
36 36 0
36 37 950
36 38 499
36 39 48
36 40 998
36 41 547
36 42 96
36 43 1046
36 44 595
36 45 144
36 46 1118
37 0 264
37 1 272
37 2 241
37 3 137
37 4 684
37 5 545
37 6 788
37 7 467
37 8 575
37 9 866
37 10 853
37 11 762
37 12 853
37 13 354
37 14 710
37 15 757
37 16 207
37 17 358
37 18 206
37 19 293
37 20 892
37 21 285
37 22 905
37 23 228
37 24 441
37 25 558
37 26 272
37 27 723
37 28 144
37 29 595
37 30 1046
37 31 96
37 32 547
37 33 998
37 34 48
37 35 499
37 36 950
37 37 0
37 38 451
37 39 902
37 40 48
37 41 499
37 42 950
37 43 96
37 44 547
37 45 998
37 46 264
38 0 715
38 1 467
38 2 306
38 3 410
38 4 233
38 5 194
38 6 337
38 7 272
38 8 124
38 9 415
38 10 402
38 11 311
38 12 402
38 13 289
38 14 259
38 15 306
38 16 532
38 17 189
38 18 245
38 19 254
38 20 441
38 21 454
38 22 454
38 23 319
38 24 298
38 25 181
38 26 467
38 27 272
38 28 595
38 29 144
38 30 595
38 31 547
38 32 96
38 33 547
38 34 499
38 35 48
38 36 499
38 37 451
38 38 0
38 39 451
38 40 499
38 41 48
38 42 499
38 43 547
38 44 96
38 45 547
38 46 715
39 0 1166
39 1 918
39 2 757
39 3 861
39 4 506
39 5 645
39 6 402
39 7 723
39 8 423
39 9 324
39 10 337
39 11 428
39 12 337
39 13 740
39 14 480
39 15 241
39 16 983
39 17 640
39 18 696
39 19 705
39 20 298
39 21 905
39 22 285
39 23 770
39 24 749
39 25 632
39 26 918
39 27 467
39 28 1046
39 29 595
39 30 144
39 31 998
39 32 547
39 33 96
39 34 950
39 35 499
39 36 48
39 37 902
39 38 451
39 39 0
39 40 950
39 41 499
39 42 48
39 43 998
39 44 547
39 45 96
39 46 1166
40 0 312
40 1 320
40 2 289
40 3 185
40 4 732
40 5 593
40 6 836
40 7 515
40 8 527
40 9 914
40 10 901
40 11 810
40 12 901
40 13 402
40 14 758
40 15 805
40 16 255
40 17 406
40 18 254
40 19 245
40 20 940
40 21 333
40 22 953
40 23 276
40 24 489
40 25 606
40 26 320
40 27 771
40 28 192
40 29 643
40 30 1094
40 31 144
40 32 595
40 33 1046
40 34 96
40 35 547
40 36 998
40 37 48
40 38 499
40 39 950
40 40 0
40 41 451
40 42 902
40 43 48
40 44 499
40 45 950
40 46 312
41 0 763
41 1 515
41 2 354
41 3 458
41 4 281
41 5 242
41 6 385
41 7 320
41 8 76
41 9 463
41 10 450
41 11 359
41 12 450
41 13 337
41 14 307
41 15 354
41 16 580
41 17 237
41 18 293
41 19 206
41 20 489
41 21 502
41 22 502
41 23 367
41 24 346
41 25 229
41 26 515
41 27 320
41 28 643
41 29 192
41 30 643
41 31 595
41 32 144
41 33 595
41 34 547
41 35 96
41 36 547
41 37 499
41 38 48
41 39 499
41 40 451
41 41 0
41 42 451
41 43 499
41 44 48
41 45 499
41 46 763
42 0 1214
42 1 966
42 2 805
42 3 909
42 4 554
42 5 693
42 6 450
42 7 771
42 8 375
42 9 372
42 10 385
42 11 476
42 12 385
42 13 788
42 14 528
42 15 289
42 16 1031
42 17 688
42 18 744
42 19 657
42 20 346
42 21 953
42 22 333
42 23 818
42 24 797
42 25 680
42 26 966
42 27 515
42 28 1094
42 29 643
42 30 192
42 31 1046
42 32 595
42 33 144
42 34 998
42 35 547
42 36 96
42 37 950
42 38 499
42 39 48
42 40 902
42 41 451
42 42 0
42 43 950
42 44 499
42 45 48
42 46 1214
43 0 360
43 1 368
43 2 337
43 3 233
43 4 780
43 5 641
43 6 884
43 7 563
43 8 575
43 9 962
43 10 949
43 11 858
43 12 949
43 13 450
43 14 806
43 15 853
43 16 303
43 17 454
43 18 302
43 19 293
43 20 988
43 21 381
43 22 1001
43 23 324
43 24 537
43 25 654
43 26 368
43 27 819
43 28 240
43 29 691
43 30 1142
43 31 192
43 32 643
43 33 1094
43 34 144
43 35 595
43 36 1046
43 37 96
43 38 547
43 39 998
43 40 48
43 41 499
43 42 950
43 43 0
43 44 451
43 45 902
43 46 360
44 0 811
44 1 563
44 2 402
44 3 506
44 4 329
44 5 290
44 6 433
44 7 368
44 8 124
44 9 511
44 10 498
44 11 407
44 12 498
44 13 385
44 14 355
44 15 402
44 16 628
44 17 285
44 18 341
44 19 254
44 20 537
44 21 550
44 22 550
44 23 415
44 24 394
44 25 277
44 26 563
44 27 368
44 28 691
44 29 240
44 30 691
44 31 643
44 32 192
44 33 643
44 34 595
44 35 144
44 36 595
44 37 547
44 38 96
44 39 547
44 40 499
44 41 48
44 42 499
44 43 451
44 44 0
44 45 451
44 46 811
45 0 1262
45 1 1014
45 2 853
45 3 957
45 4 602
45 5 741
45 6 498
45 7 819
45 8 423
45 9 420
45 10 433
45 11 524
45 12 433
45 13 836
45 14 576
45 15 337
45 16 1079
45 17 736
45 18 792
45 19 705
45 20 394
45 21 1001
45 22 381
45 23 866
45 24 845
45 25 728
45 26 1014
45 27 563
45 28 1142
45 29 691
45 30 240
45 31 1094
45 32 643
45 33 192
45 34 1046
45 35 595
45 36 144
45 37 998
45 38 547
45 39 96
45 40 950
45 41 499
45 42 48
45 43 902
45 44 451
45 45 0
45 46 1262
46 0 0
46 1 248
46 2 409
46 3 305
46 4 660
46 5 521
46 6 764
46 7 443
46 8 839
46 9 842
46 10 829
46 11 738
46 12 829
46 13 426
46 14 686
46 15 925
46 16 183
46 17 526
46 18 470
46 19 557
46 20 868
46 21 261
46 22 881
46 23 396
46 24 417
46 25 534
46 26 248
46 27 699
46 28 120
46 29 571
46 30 1022
46 31 168
46 32 619
46 33 1070
46 34 216
46 35 667
46 36 1118
46 37 264
46 38 715
46 39 1166
46 40 312
46 41 763
46 42 1214
46 43 360
46 44 811
46 45 1262
46 46 0
//Location coordinates LocationName
//Loc x y
0 0.0 0.0 "depot"
1 0.0 248.0 "product aisle 0 bloc 0 rank 16"
2 96.0 313.0 "product aisle 2 bloc 0 rank 26"
3 96.0 209.0 "product aisle 2 bloc 0 rank 9"
4 0.0 660.0 "product aisle 0 bloc 1 rank 9"
5 0.0 521.0 "product aisle 0 bloc 0 rank 58"
6 0.0 764.0 "product aisle 0 bloc 1 rank 25"
7 0.0 443.0 "product aisle 0 bloc 0 rank 46"
8 192.0 647.0 "product aisle 4 bloc 1 rank 7"
9 0.0 842.0 "product aisle 0 bloc 1 rank 38"
10 0.0 829.0 "product aisle 0 bloc 1 rank 35"
11 0.0 738.0 "product aisle 0 bloc 1 rank 22"
12 0.0 829.0 "product aisle 0 bloc 1 rank 36"
13 48.0 378.0 "product aisle 1 bloc 0 rank 35"
14 0.0 686.0 "product aisle 0 bloc 1 rank 14"
15 96.0 829.0 "product aisle 2 bloc 1 rank 36"
16 0.0 183.0 "product aisle 0 bloc 0 rank 5"
17 96.0 430.0 "product aisle 2 bloc 0 rank 44"
18 144.0 326.0 "product aisle 3 bloc 0 rank 27"
19 192.0 365.0 "product aisle 4 bloc 0 rank 33"
20 0.0 868.0 "product aisle 0 bloc 1 rank 41"
21 0.0 261.0 "product aisle 0 bloc 0 rank 17"
22 0.0 881.0 "product aisle 0 bloc 1 rank 44"
23 96.0 300.0 "product aisle 2 bloc 0 rank 24"
24 0.0 417.0 "product aisle 0 bloc 0 rank 41"
25 0.0 534.0 "product aisle 0 bloc 0 rank 59"
26 0.0 248.0 "product aisle 0 bloc 0 rank 15"
27 0.0 699.0 "product aisle 0 bloc 1 rank 15"
28 24.0 120.0 "intersection aisle 0 bloc 0 rank 0"
29 24.0 571.0 "intersection aisle 0 bloc 1 rank 1"
30 24.0 1022.0 "intersection aisle 0 bloc 2 rank 2"
31 72.0 120.0 "intersection aisle 1 bloc 0 rank 0"
32 72.0 571.0 "intersection aisle 1 bloc 1 rank 1"
33 72.0 1022.0 "intersection aisle 1 bloc 2 rank 2"
34 120.0 120.0 "intersection aisle 2 bloc 0 rank 0"
35 120.0 571.0 "intersection aisle 2 bloc 1 rank 1"
36 120.0 1022.0 "intersection aisle 2 bloc 2 rank 2"
37 168.0 120.0 "intersection aisle 3 bloc 0 rank 0"
38 168.0 571.0 "intersection aisle 3 bloc 1 rank 1"
39 168.0 1022.0 "intersection aisle 3 bloc 2 rank 2"
40 216.0 120.0 "intersection aisle 4 bloc 0 rank 0"
41 216.0 571.0 "intersection aisle 4 bloc 1 rank 1"
42 216.0 1022.0 "intersection aisle 4 bloc 2 rank 2"
43 264.0 120.0 "intersection aisle 5 bloc 0 rank 0"
44 264.0 571.0 "intersection aisle 5 bloc 1 rank 1"
45 264.0 1022.0 "intersection aisle 5 bloc 2 rank 2"
46 0.0 0.0 "depot"
