//alpha
1
//NbLocations
82
//NbProducts
45
//NbPickers
2
//CapaPicker
8
//TimeToTravelOneDistanceUnit
3
//SetupTime
5400
//PickTime
300
//Products
//Idx Location Size
1 1 1
2 2 1
3 3 1
4 4 1
5 5 1
6 6 1
7 7 1
8 8 1
9 9 1
10 10 1
11 11 1
12 12 1
13 13 1
14 14 1
15 15 1
16 16 1
17 17 1
18 18 1
19 19 1
20 20 1
21 21 1
22 22 1
23 23 1
24 24 1
25 25 1
26 26 1
27 27 1
28 28 1
29 29 1
30 30 1
31 31 1
32 32 1
33 33 1
34 34 1
35 35 1
36 36 1
37 37 1
38 38 1
39 39 1
40 40 1
41 41 1
42 42 1
43 43 1
44 44 1
45 45 1
//Orders
//NbOrders
18
//Idx DueDate TardinessPenalty NbProdInOrder ProdIdx1 Qty1 ProdIdx2 Qty2 ...
1 90000 0 2 1 1 2 1
2 108000 0 7 3 1 4 1 5 1 6 1 7 1 8 1 9 1
3 54000 0 3 10 1 11 1 12 1
4 72000 0 2 13 1 14 1
5 144000 0 1 15 1
6 144000 0 3 16 1 17 1 18 1
7 54000 0 4 19 1 20 1 21 1 22 1
8 144000 0 1 23 1
9 108000 0 2 24 1 25 1
10 72000 0 3 26 1 27 1 28 1
11 72000 0 1 29 1
12 126000 0 2 30 1 31 1
13 108000 0 4 32 1 33 1 34 1 35 1
14 126000 0 3 36 1 37 1 38 1
15 90000 0 4 39 1 40 1 41 1 42 1
16 54000 0 1 43 1
17 126000 0 1 44 1
18 108000 0 1 45 1
//Graph (Products are vertices indexed from 1 to NbProducts)
//NbVerticesIntersections
36
//DepartingDepot
0
//ArrivalDepot
82
//Arcs
//Start End Distance
0 46 120
1 20 13
1 66 297
2 67 349
2 68 492
3 40 78
3 53 388
4 21 260
4 26 325
5 76 505
5 77 336
6 16 26
6 17 78
7 50 102
7 51 739
8 32 91
8 79 284
9 46 310
9 47 531
10 22 26
10 47 570
11 30 26
11 61 687
12 34 26
12 37 13
13 38 117
13 80 154
14 17 455
14 73 141
15 24 507
15 29 0
16 6 26
16 74 141
17 6 78
17 14 455
18 43 143
18 62 492
19 64 388
19 65 453
20 1 13
20 65 531
21 4 260
21 74 102
22 10 26
22 48 245
23 45 299
23 54 63
24 15 507
24 70 219
25 42 208
25 72 154
26 4 325
26 75 154
27 39 156
27 69 622
28 80 50
28 81 791
29 15 0
29 44 78
30 11 26
30 62 128
31 49 713
31 50 128
32 8 91
32 38 195
33 59 440
33 60 401
34 12 26
34 57 622
35 36 195
35 55 505
36 35 195
36 56 141
37 12 13
37 56 180
38 13 117
38 32 195
39 27 156
39 68 63
40 3 78
40 45 13
41 77 349
41 78 492
42 25 208
42 71 479
43 18 143
43 63 206
44 29 78
44 71 37
45 23 299
45 40 13
46 9 310
46 49 48
46 82 120
47 9 531
47 10 570
47 50 48
48 22 245
48 51 48
49 31 713
49 46 48
49 52 48
50 7 102
50 31 128
50 47 48
50 53 48
51 7 739
51 48 48
51 54 48
52 49 48
52 53 841
52 55 48
53 3 388
53 50 48
53 52 841
53 56 48
54 23 63
54 51 48
54 57 48
55 35 505
55 52 48
55 58 48
56 36 141
56 37 180
56 53 48
56 59 48
57 34 622
57 54 48
57 60 48
58 55 48
58 59 841
58 61 48
59 33 440
59 56 48
59 58 841
59 62 48
60 33 401
60 57 48
60 63 48
61 11 687
61 58 48
61 64 48
62 18 492
62 30 128
62 59 48
62 65 48
63 43 206
63 60 48
63 66 48
64 19 388
64 61 48
64 67 48
65 19 453
65 20 531
65 62 48
65 68 48
66 1 297
66 63 48
66 69 48
67 2 349
67 64 48
67 70 48
68 2 492
68 39 63
68 65 48
68 71 48
69 27 622
69 66 48
69 72 48
70 24 219
70 67 48
70 73 48
71 42 479
71 44 37
71 68 48
71 74 48
72 25 154
72 69 48
72 75 48
73 14 141
73 70 48
73 76 48
74 16 141
74 21 102
74 71 48
74 77 48
75 26 154
75 72 48
75 78 48
76 5 505
76 73 48
76 79 48
77 5 336
77 41 349
77 74 48
77 80 48
78 41 492
78 75 48
78 81 48
79 8 284
79 76 48
80 13 154
80 28 50
80 77 48
81 28 791
81 78 48
//LocStart LocEnd ShortestPath
0 0 0
0 1 1793
0 2 805
0 3 1445
0 4 1755
0 5 1105
0 6 1226
0 7 1111
0 8 932
0 9 430
0 10 1531
0 11 1047
0 12 1298
0 13 1335
0 14 693
0 15 1230
0 16 1252
0 17 1148
0 18 1693
0 19 796
0 20 1780
0 21 1495
0 22 1557
0 23 1835
0 24 723
0 25 2032
0 26 2080
0 27 1516
0 28 1539
0 29 1230
0 30 1073
0 31 881
0 32 1023
0 33 1593
0 34 1324
0 35 769
0 36 964
0 37 1285
0 38 1218
0 39 1360
0 40 1523
0 41 1790
0 42 1824
0 43 1836
0 44 1308
0 45 1536
0 46 120
0 47 961
0 48 1802
0 49 168
0 50 1009
0 51 1850
0 52 216
0 53 1057
0 54 1898
0 55 264
0 56 1105
0 57 1946
0 58 312
0 59 1153
0 60 1994
0 61 360
0 62 1201
0 63 2042
0 64 408
0 65 1249
0 66 2090
0 67 456
0 68 1297
0 69 2138
0 70 504
0 71 1345
0 72 2186
0 73 552
0 74 1393
0 75 2234
0 76 600
0 77 1441
0 78 2282
0 79 648
0 80 1489
0 81 2330
0 82 0
1 0 1793
1 1 0
1 2 1084
1 3 942
1 4 920
1 5 1072
1 6 855
1 7 886
1 8 1341
1 9 1363
1 10 856
1 11 746
1 12 881
1 13 938
1 14 1388
1 15 755
1 16 829
1 17 933
1 18 694
1 19 997
1 20 13
1 21 790
1 22 830
1 23 552
1 24 1262
1 25 547
1 26 595
1 27 811
1 28 834
1 29 755
1 30 720
1 31 912
1 32 1250
1 33 794
1 34 907
1 35 1024
1 36 829
1 37 868
1 38 1055
1 39 655
1 40 864
1 41 981
1 42 755
1 43 551
1 44 677
1 45 851
1 46 1673
1 47 832
1 48 585
1 49 1625
1 50 784
1 51 537
1 52 1577
1 53 736
1 54 489
1 55 1529
1 56 688
1 57 441
1 58 1481
1 59 640
1 60 393
1 61 1433
1 62 592
1 63 345
1 64 1385
1 65 544
1 66 297
1 67 1433
1 68 592
1 69 345
1 70 1481
1 71 640
1 72 393
1 73 1529
1 74 688
1 75 441
1 76 1577
1 77 736
1 78 489
1 79 1625
1 80 784
1 81 537
1 82 1793
2 0 805
2 1 1084
2 2 0
2 3 1120
2 4 950
2 5 972
2 6 755
2 7 882
2 8 825
2 9 995
2 10 1398
2 11 742
2 12 877
2 13 838
2 14 586
2 15 655
2 16 729
2 17 833
2 18 1080
2 19 785
2 20 1071
2 21 690
2 22 1424
2 23 1510
2 24 616
2 25 1227
2 26 1275
2 27 711
2 28 734
2 29 655
2 30 716
2 31 908
2 32 916
2 33 1076
2 34 903
2 35 1020
2 36 825
2 37 864
2 38 955
2 39 555
2 40 1198
2 41 985
2 42 1019
2 43 1223
2 44 577
2 45 1211
2 46 685
2 47 828
2 48 1669
2 49 637
2 50 780
2 51 1621
2 52 589
2 53 732
2 54 1573
2 55 541
2 56 684
2 57 1525
2 58 493
2 59 636
2 60 1477
2 61 445
2 62 588
2 63 1429
2 64 397
2 65 540
2 66 1381
2 67 349
2 68 492
2 69 1333
2 70 397
2 71 540
2 72 1381
2 73 445
2 74 588
2 75 1429
2 76 493
2 77 636
2 78 1477
2 79 541
2 80 684
2 81 1525
2 82 805
3 0 1445
3 1 942
3 2 1120
3 3 0
3 4 1086
3 5 1108
3 6 891
3 7 538
3 8 1377
3 9 1015
3 10 820
3 11 686
3 12 629
3 13 974
3 14 1424
3 15 791
3 16 865
3 17 969
3 18 946
3 19 1033
3 20 955
3 21 826
3 22 794
3 23 390
3 24 1298
3 25 895
3 26 943
3 27 847
3 28 870
3 29 791
3 30 660
3 31 564
3 32 1286
3 33 924
3 34 655
3 35 772
3 36 577
3 37 616
3 38 1091
3 39 691
3 40 78
3 41 1121
3 42 1103
3 43 803
3 44 713
3 45 91
3 46 1325
3 47 484
3 48 549
3 49 1277
3 50 436
3 51 501
3 52 1229
3 53 388
3 54 453
3 55 1277
3 56 436
3 57 501
3 58 1325
3 59 484
3 60 549
3 61 1373
3 62 532
3 63 597
3 64 1421
3 65 580
3 66 645
3 67 1469
3 68 628
3 69 693
3 70 1517
3 71 676
3 72 741
3 73 1565
3 74 724
3 75 789
3 76 1613
3 77 772
3 78 837
3 79 1661
3 80 820
3 81 885
3 82 1445
4 0 1755
4 1 920
4 2 950
4 3 1086
4 4 0
4 5 746
4 6 529
4 7 848
4 8 1015
4 9 1325
4 10 1182
4 11 708
4 12 843
4 13 612
4 14 1062
4 15 525
4 16 503
4 17 607
4 18 1020
4 19 959
4 20 933
4 21 260
4 22 1156
4 23 878
4 24 1032
4 25 681
4 26 325
4 27 677
4 28 508
4 29 525
4 30 682
4 31 874
4 32 924
4 33 1042
4 34 869
4 35 986
4 36 791
4 37 830
4 38 729
4 39 521
4 40 1164
4 41 759
4 42 889
4 43 877
4 44 447
4 45 1177
4 46 1635
4 47 794
4 48 911
4 49 1587
4 50 746
4 51 863
4 52 1539
4 53 698
4 54 815
4 55 1491
4 56 650
4 57 767
4 58 1443
4 59 602
4 60 719
4 61 1395
4 62 554
4 63 671
4 64 1347
4 65 506
4 66 623
4 67 1299
4 68 458
4 69 575
4 70 1251
4 71 410
4 72 527
4 73 1203
4 74 362
4 75 479
4 76 1251
4 77 410
4 78 527
4 79 1299
4 80 458
4 81 575
4 82 1755
5 0 1105
5 1 1072
5 2 972
5 3 1108
5 4 746
5 5 0
5 6 551
5 7 870
5 8 837
5 9 1295
5 10 1386
5 11 730
5 12 865
5 13 538
5 14 694
5 15 547
5 16 525
5 17 629
5 18 1068
5 19 981
5 20 1059
5 21 486
5 22 1412
5 23 1498
5 24 820
5 25 1119
5 26 1071
5 27 699
5 28 434
5 29 547
5 30 704
5 31 896
5 32 850
5 33 1064
5 34 891
5 35 1008
5 36 813
5 37 852
5 38 655
5 39 543
5 40 1186
5 41 685
5 42 911
5 43 1211
5 44 469
5 45 1199
5 46 985
5 47 816
5 48 1657
5 49 937
5 50 768
5 51 1609
5 52 889
5 53 720
5 54 1561
5 55 841
5 56 672
5 57 1513
5 58 793
5 59 624
5 60 1465
5 61 745
5 62 576
5 63 1417
5 64 697
5 65 528
5 66 1369
5 67 649
5 68 480
5 69 1321
5 70 601
5 71 432
5 72 1273
5 73 553
5 74 384
5 75 1225
5 76 505
5 77 336
5 78 1177
5 79 553
5 80 384
5 81 1225
5 82 1105
6 0 1226
6 1 855
6 2 755
6 3 891
6 4 529
6 5 551
6 6 0
6 7 653
6 8 820
6 9 1130
6 10 1169
6 11 513
6 12 648
6 13 417
6 14 533
6 15 330
6 16 26
6 17 78
6 18 851
6 19 764
6 20 842
6 21 269
6 22 1195
6 23 1281
6 24 837
6 25 902
6 26 854
6 27 482
6 28 313
6 29 330
6 30 487
6 31 679
6 32 729
6 33 847
6 34 674
6 35 791
6 36 596
6 37 635
6 38 534
6 39 326
6 40 969
6 41 564
6 42 694
6 43 994
6 44 252
6 45 982
6 46 1106
6 47 599
6 48 1440
6 49 1058
6 50 551
6 51 1392
6 52 1010
6 53 503
6 54 1344
6 55 962
6 56 455
6 57 1296
6 58 914
6 59 407
6 60 1248
6 61 866
6 62 359
6 63 1200
6 64 818
6 65 311
6 66 1152
6 67 770
6 68 263
6 69 1104
6 70 722
6 71 215
6 72 1056
6 73 674
6 74 167
6 75 1008
6 76 722
6 77 215
6 78 1056
6 79 770
6 80 263
6 81 1104
6 82 1226
7 0 1111
7 1 886
7 2 882
7 3 538
7 4 848
7 5 870
7 6 653
7 7 0
7 8 1139
7 9 681
7 10 720
7 11 448
7 12 391
7 13 736
7 14 1186
7 15 553
7 16 627
7 17 731
7 18 786
7 19 795
7 20 873
7 21 588
7 22 746
7 23 850
7 24 1060
7 25 1125
7 26 1173
7 27 609
7 28 632
7 29 553
7 30 422
7 31 230
7 32 1048
7 33 686
7 34 417
7 35 534
7 36 339
7 37 378
7 38 853
7 39 453
7 40 616
7 41 883
7 42 917
7 43 929
7 44 475
7 45 629
7 46 991
7 47 150
7 48 787
7 49 943
7 50 102
7 51 739
7 52 991
7 53 150
7 54 787
7 55 1039
7 56 198
7 57 835
7 58 1087
7 59 246
7 60 883
7 61 1135
7 62 294
7 63 931
7 64 1183
7 65 342
7 66 979
7 67 1231
7 68 390
7 69 1027
7 70 1279
7 71 438
7 72 1075
7 73 1327
7 74 486
7 75 1123
7 76 1375
7 77 534
7 78 1171
7 79 1423
7 80 582
7 81 1219
7 82 1111
8 0 932
8 1 1341
8 2 825
8 3 1377
8 4 1015
8 5 837
8 6 820
8 7 1139
8 8 0
8 9 1122
8 10 1655
8 11 999
8 12 1134
8 13 403
8 14 521
8 15 816
8 16 794
8 17 898
8 18 1337
8 19 912
8 20 1328
8 21 755
8 22 1681
8 23 1767
8 24 647
8 25 1388
8 26 1340
8 27 968
8 28 607
8 29 816
8 30 973
8 31 1165
8 32 91
8 33 1333
8 34 1160
8 35 1173
8 36 1082
8 37 1121
8 38 286
8 39 812
8 40 1455
8 41 954
8 42 1180
8 43 1480
8 44 738
8 45 1468
8 46 812
8 47 1085
8 48 1926
8 49 764
8 50 1037
8 51 1878
8 52 716
8 53 989
8 54 1830
8 55 668
8 56 941
8 57 1782
8 58 620
8 59 893
8 60 1734
8 61 572
8 62 845
8 63 1686
8 64 524
8 65 797
8 66 1638
8 67 476
8 68 749
8 69 1590
8 70 428
8 71 701
8 72 1542
8 73 380
8 74 653
8 75 1494
8 76 332
8 77 605
8 78 1446
8 79 284
8 80 557
8 81 1398
8 82 932
9 0 430
9 1 1363
9 2 995
9 3 1015
9 4 1325
9 5 1295
9 6 1130
9 7 681
9 8 1122
9 9 0
9 10 1101
9 11 925
9 12 868
9 13 1213
9 14 883
9 15 1030
9 16 1104
9 17 1208
9 18 1263
9 19 986
9 20 1350
9 21 1065
9 22 1127
9 23 1405
9 24 913
9 25 1602
9 26 1650
9 27 1086
9 28 1109
9 29 1030
9 30 899
9 31 707
9 32 1213
9 33 1163
9 34 894
9 35 959
9 36 816
9 37 855
9 38 1330
9 39 930
9 40 1093
9 41 1360
9 42 1394
9 43 1406
9 44 952
9 45 1106
9 46 310
9 47 531
9 48 1372
9 49 358
9 50 579
9 51 1420
9 52 406
9 53 627
9 54 1468
9 55 454
9 56 675
9 57 1516
9 58 502
9 59 723
9 60 1564
9 61 550
9 62 771
9 63 1612
9 64 598
9 65 819
9 66 1660
9 67 646
9 68 867
9 69 1708
9 70 694
9 71 915
9 72 1756
9 73 742
9 74 963
9 75 1804
9 76 790
9 77 1011
9 78 1852
9 79 838
9 80 1059
9 81 1900
9 82 430
10 0 1531
10 1 856
10 2 1398
10 3 820
10 4 1182
10 5 1386
10 6 1169
10 7 720
10 8 1655
10 9 1101
10 10 0
10 11 964
10 12 907
10 13 1252
10 14 1702
10 15 1069
10 16 1143
10 17 1247
10 18 860
10 19 1311
10 20 869
10 21 1104
10 22 26
10 23 430
10 24 1576
10 25 809
10 26 857
10 27 1125
10 28 1148
10 29 1069
10 30 938
10 31 746
10 32 1564
10 33 864
10 34 933
10 35 1050
10 36 855
10 37 894
10 38 1369
10 39 969
10 40 742
10 41 1243
10 42 1017
10 43 717
10 44 991
10 45 729
10 46 1411
10 47 570
10 48 271
10 49 1459
10 50 618
10 51 319
10 52 1507
10 53 666
10 54 367
10 55 1555
10 56 714
10 57 415
10 58 1603
10 59 762
10 60 463
10 61 1651
10 62 810
10 63 511
10 64 1699
10 65 858
10 66 559
10 67 1747
10 68 906
10 69 607
10 70 1795
10 71 954
10 72 655
10 73 1843
10 74 1002
10 75 703
10 76 1891
10 77 1050
10 78 751
10 79 1939
10 80 1098
10 81 799
10 82 1531
11 0 1047
11 1 746
11 2 742
11 3 686
11 4 708
11 5 730
11 6 513
11 7 448
11 8 999
11 9 925
11 10 964
11 11 0
11 12 443
11 13 596
11 14 1020
11 15 413
11 16 487
11 17 591
11 18 646
11 19 655
11 20 733
11 21 448
11 22 990
11 23 1076
11 24 920
11 25 985
11 26 1033
11 27 469
11 28 492
11 29 413
11 30 26
11 31 474
11 32 908
11 33 642
11 34 469
11 35 586
11 36 391
11 37 430
11 38 713
11 39 313
11 40 764
11 41 743
11 42 777
11 43 789
11 44 335
11 45 777
11 46 927
11 47 394
11 48 1235
11 49 879
11 50 346
11 51 1187
11 52 831
11 53 298
11 54 1139
11 55 783
11 56 250
11 57 1091
11 58 735
11 59 202
11 60 1043
11 61 687
11 62 154
11 63 995
11 64 735
11 65 202
11 66 1043
11 67 783
11 68 250
11 69 1091
11 70 831
11 71 298
11 72 1139
11 73 879
11 74 346
11 75 1187
11 76 927
11 77 394
11 78 1235
11 79 975
11 80 442
11 81 1283
11 82 1047
12 0 1298
12 1 881
12 2 877
12 3 629
12 4 843
12 5 865
12 6 648
12 7 391
12 8 1134
12 9 868
12 10 907
12 11 443
12 12 0
12 13 731
12 14 1181
12 15 548
12 16 622
12 17 726
12 18 781
12 19 790
12 20 868
12 21 583
12 22 933
12 23 759
12 24 1055
12 25 1042
12 26 1090
12 27 604
12 28 627
12 29 548
12 30 417
12 31 417
12 32 1043
12 33 681
12 34 26
12 35 529
12 36 334
12 37 13
12 38 848
12 39 448
12 40 707
12 41 878
12 42 912
12 43 924
12 44 470
12 45 720
12 46 1178
12 47 337
12 48 792
12 49 1130
12 50 289
12 51 744
12 52 1082
12 53 241
12 54 696
12 55 1034
12 56 193
12 57 648
12 58 1082
12 59 241
12 60 696
12 61 1130
12 62 289
12 63 744
12 64 1178
12 65 337
12 66 792
12 67 1226
12 68 385
12 69 840
12 70 1274
12 71 433
12 72 888
12 73 1322
12 74 481
12 75 936
12 76 1370
12 77 529
12 78 984
12 79 1418
12 80 577
12 81 1032
12 82 1298
13 0 1335
13 1 938
13 2 838
13 3 974
13 4 612
13 5 538
13 6 417
13 7 736
13 8 403
13 9 1213
13 10 1252
13 11 596
13 12 731
13 13 0
13 14 924
13 15 413
13 16 391
13 17 495
13 18 934
13 19 847
13 20 925
13 21 352
13 22 1278
13 23 1364
13 24 920
13 25 985
13 26 937
13 27 565
13 28 204
13 29 413
13 30 570
13 31 762
13 32 312
13 33 930
13 34 757
13 35 874
13 36 679
13 37 718
13 38 117
13 39 409
13 40 1052
13 41 551
13 42 777
13 43 1077
13 44 335
13 45 1065
13 46 1215
13 47 682
13 48 1523
13 49 1167
13 50 634
13 51 1475
13 52 1119
13 53 586
13 54 1427
13 55 1071
13 56 538
13 57 1379
13 58 1023
13 59 490
13 60 1331
13 61 975
13 62 442
13 63 1283
13 64 927
13 65 394
13 66 1235
13 67 879
13 68 346
13 69 1187
13 70 831
13 71 298
13 72 1139
13 73 783
13 74 250
13 75 1091
13 76 735
13 77 202
13 78 1043
13 79 687
13 80 154
13 81 995
13 82 1335
14 0 693
14 1 1388
14 2 586
14 3 1424
14 4 1062
14 5 694
14 6 533
14 7 1186
14 8 521
14 9 883
14 10 1702
14 11 1020
14 12 1181
14 13 924
14 14 0
14 15 863
14 16 559
14 17 455
14 18 1384
14 19 673
14 20 1375
14 21 802
14 22 1728
14 23 1814
14 24 408
14 25 1435
14 26 1387
14 27 1015
14 28 846
14 29 863
14 30 1020
14 31 1212
14 32 612
14 33 1380
14 34 1207
14 35 934
14 36 1129
14 37 1168
14 38 807
14 39 859
14 40 1502
14 41 1097
14 42 1227
14 43 1527
14 44 785
14 45 1515
14 46 573
14 47 1132
14 48 1973
14 49 525
14 50 1084
14 51 1925
14 52 477
14 53 1036
14 54 1877
14 55 429
14 56 988
14 57 1829
14 58 381
14 59 940
14 60 1781
14 61 333
14 62 892
14 63 1733
14 64 285
14 65 844
14 66 1685
14 67 237
14 68 796
14 69 1637
14 70 189
14 71 748
14 72 1589
14 73 141
14 74 700
14 75 1541
14 76 189
14 77 748
14 78 1589
14 79 237
14 80 796
14 81 1637
14 82 693
15 0 1230
15 1 755
15 2 655
15 3 791
15 4 525
15 5 547
15 6 330
15 7 553
15 8 816
15 9 1030
15 10 1069
15 11 413
15 12 548
15 13 413
15 14 863
15 15 0
15 16 304
15 17 408
15 18 751
15 19 664
15 20 742
15 21 265
15 22 1095
15 23 1181
15 24 507
15 25 802
15 26 850
15 27 382
15 28 309
15 29 0
15 30 387
15 31 579
15 32 725
15 33 747
15 34 574
15 35 691
15 36 496
15 37 535
15 38 530
15 39 226
15 40 869
15 41 560
15 42 594
15 43 894
15 44 78
15 45 882
15 46 1110
15 47 499
15 48 1340
15 49 1062
15 50 451
15 51 1292
15 52 1014
15 53 403
15 54 1244
15 55 966
15 56 355
15 57 1196
15 58 918
15 59 307
15 60 1148
15 61 870
15 62 259
15 63 1100
15 64 822
15 65 211
15 66 1052
15 67 774
15 68 163
15 69 1004
15 70 726
15 71 115
15 72 956
15 73 774
15 74 163
15 75 1004
15 76 822
15 77 211
15 78 1052
15 79 870
15 80 259
15 81 1100
15 82 1230
16 0 1252
16 1 829
16 2 729
16 3 865
16 4 503
16 5 525
16 6 26
16 7 627
16 8 794
16 9 1104
16 10 1143
16 11 487
16 12 622
16 13 391
16 14 559
16 15 304
16 16 0
16 17 104
16 18 825
16 19 738
16 20 816
16 21 243
16 22 1169
16 23 1255
16 24 811
16 25 876
16 26 828
16 27 456
16 28 287
16 29 304
16 30 461
16 31 653
16 32 703
16 33 821
16 34 648
16 35 765
16 36 570
16 37 609
16 38 508
16 39 300
16 40 943
16 41 538
16 42 668
16 43 968
16 44 226
16 45 956
16 46 1132
16 47 573
16 48 1414
16 49 1084
16 50 525
16 51 1366
16 52 1036
16 53 477
16 54 1318
16 55 988
16 56 429
16 57 1270
16 58 940
16 59 381
16 60 1222
16 61 892
16 62 333
16 63 1174
16 64 844
16 65 285
16 66 1126
16 67 796
16 68 237
16 69 1078
16 70 748
16 71 189
16 72 1030
16 73 700
16 74 141
16 75 982
16 76 748
16 77 189
16 78 1030
16 79 796
16 80 237
16 81 1078
16 82 1252
17 0 1148
17 1 933
17 2 833
17 3 969
17 4 607
17 5 629
17 6 78
17 7 731
17 8 898
17 9 1208
17 10 1247
17 11 591
17 12 726
17 13 495
17 14 455
17 15 408
17 16 104
17 17 0
17 18 929
17 19 842
17 20 920
17 21 347
17 22 1273
17 23 1359
17 24 863
17 25 980
17 26 932
17 27 560
17 28 391
17 29 408
17 30 565
17 31 757
17 32 807
17 33 925
17 34 752
17 35 869
17 36 674
17 37 713
17 38 612
17 39 404
17 40 1047
17 41 642
17 42 772
17 43 1072
17 44 330
17 45 1060
17 46 1028
17 47 677
17 48 1518
17 49 980
17 50 629
17 51 1470
17 52 932
17 53 581
17 54 1422
17 55 884
17 56 533
17 57 1374
17 58 836
17 59 485
17 60 1326
17 61 788
17 62 437
17 63 1278
17 64 740
17 65 389
17 66 1230
17 67 692
17 68 341
17 69 1182
17 70 644
17 71 293
17 72 1134
17 73 596
17 74 245
17 75 1086
17 76 644
17 77 293
17 78 1134
17 79 692
17 80 341
17 81 1182
17 82 1148
18 0 1693
18 1 694
18 2 1080
18 3 946
18 4 1020
18 5 1068
18 6 851
18 7 786
18 8 1337
18 9 1263
18 10 860
18 11 646
18 12 781
18 13 934
18 14 1384
18 15 751
18 16 825
18 17 929
18 18 0
18 19 993
18 20 707
18 21 786
18 22 834
18 23 556
18 24 1258
18 25 647
18 26 695
18 27 807
18 28 830
18 29 751
18 30 620
18 31 812
18 32 1246
18 33 798
18 34 807
18 35 924
18 36 729
18 37 768
18 38 1051
18 39 651
18 40 868
18 41 1081
18 42 855
18 43 143
18 44 673
18 45 855
18 46 1573
18 47 732
18 48 589
18 49 1525
18 50 684
18 51 541
18 52 1477
18 53 636
18 54 493
18 55 1429
18 56 588
18 57 445
18 58 1381
18 59 540
18 60 397
18 61 1333
18 62 492
18 63 349
18 64 1381
18 65 540
18 66 397
18 67 1429
18 68 588
18 69 445
18 70 1477
18 71 636
18 72 493
18 73 1525
18 74 684
18 75 541
18 76 1573
18 77 732
18 78 589
18 79 1621
18 80 780
18 81 637
18 82 1693
19 0 796
19 1 997
19 2 785
19 3 1033
19 4 959
19 5 981
19 6 764
19 7 795
19 8 912
19 9 986
19 10 1311
19 11 655
19 12 790
19 13 847
19 14 673
19 15 664
19 16 738
19 17 842
19 18 993
19 19 0
19 20 984
19 21 699
19 22 1337
19 23 1423
19 24 703
19 25 1236
19 26 1284
19 27 720
19 28 743
19 29 664
19 30 629
19 31 821
19 32 1003
19 33 989
19 34 816
19 35 933
19 36 738
19 37 777
19 38 964
19 39 564
19 40 1111
19 41 994
19 42 1028
19 43 1136
19 44 586
19 45 1124
19 46 676
19 47 741
19 48 1582
19 49 628
19 50 693
19 51 1534
19 52 580
19 53 645
19 54 1486
19 55 532
19 56 597
19 57 1438
19 58 484
19 59 549
19 60 1390
19 61 436
19 62 501
19 63 1342
19 64 388
19 65 453
19 66 1294
19 67 436
19 68 501
19 69 1342
19 70 484
19 71 549
19 72 1390
19 73 532
19 74 597
19 75 1438
19 76 580
19 77 645
19 78 1486
19 79 628
19 80 693
19 81 1534
19 82 796
20 0 1780
20 1 13
20 2 1071
20 3 955
20 4 933
20 5 1059
20 6 842
20 7 873
20 8 1328
20 9 1350
20 10 869
20 11 733
20 12 868
20 13 925
20 14 1375
20 15 742
20 16 816
20 17 920
20 18 707
20 19 984
20 20 0
20 21 777
20 22 843
20 23 565
20 24 1249
20 25 560
20 26 608
20 27 798
20 28 821
20 29 742
20 30 707
20 31 899
20 32 1237
20 33 807
20 34 894
20 35 1011
20 36 816
20 37 855
20 38 1042
20 39 642
20 40 877
20 41 994
20 42 768
20 43 564
20 44 664
20 45 864
20 46 1660
20 47 819
20 48 598
20 49 1612
20 50 771
20 51 550
20 52 1564
20 53 723
20 54 502
20 55 1516
20 56 675
20 57 454
20 58 1468
20 59 627
20 60 406
20 61 1420
20 62 579
20 63 358
20 64 1372
20 65 531
20 66 310
20 67 1420
20 68 579
20 69 358
20 70 1468
20 71 627
20 72 406
20 73 1516
20 74 675
20 75 454
20 76 1564
20 77 723
20 78 502
20 79 1612
20 80 771
20 81 550
20 82 1780
21 0 1495
21 1 790
21 2 690
21 3 826
21 4 260
21 5 486
21 6 269
21 7 588
21 8 755
21 9 1065
21 10 1104
21 11 448
21 12 583
21 13 352
21 14 802
21 15 265
21 16 243
21 17 347
21 18 786
21 19 699
21 20 777
21 21 0
21 22 1130
21 23 1138
21 24 772
21 25 837
21 26 585
21 27 417
21 28 248
21 29 265
21 30 422
21 31 614
21 32 664
21 33 782
21 34 609
21 35 726
21 36 531
21 37 570
21 38 469
21 39 261
21 40 904
21 41 499
21 42 629
21 43 929
21 44 187
21 45 917
21 46 1375
21 47 534
21 48 1171
21 49 1327
21 50 486
21 51 1123
21 52 1279
21 53 438
21 54 1075
21 55 1231
21 56 390
21 57 1027
21 58 1183
21 59 342
21 60 979
21 61 1135
21 62 294
21 63 931
21 64 1087
21 65 246
21 66 883
21 67 1039
21 68 198
21 69 835
21 70 991
21 71 150
21 72 787
21 73 943
21 74 102
21 75 739
21 76 991
21 77 150
21 78 787
21 79 1039
21 80 198
21 81 835
21 82 1495
22 0 1557
22 1 830
22 2 1424
22 3 794
22 4 1156
22 5 1412
22 6 1195
22 7 746
22 8 1681
22 9 1127
22 10 26
22 11 990
22 12 933
22 13 1278
22 14 1728
22 15 1095
22 16 1169
22 17 1273
22 18 834
22 19 1337
22 20 843
22 21 1130
22 22 0
22 23 404
22 24 1602
22 25 783
22 26 831
22 27 1151
22 28 1174
22 29 1095
22 30 964
22 31 772
22 32 1590
22 33 838
22 34 959
22 35 1076
22 36 881
22 37 920
22 38 1395
22 39 995
22 40 716
22 41 1217
22 42 991
22 43 691
22 44 1017
22 45 703
22 46 1437
22 47 596
22 48 245
22 49 1485
22 50 644
22 51 293
22 52 1533
22 53 692
22 54 341
22 55 1581
22 56 740
22 57 389
22 58 1629
22 59 788
22 60 437
22 61 1677
22 62 836
22 63 485
22 64 1725
22 65 884
22 66 533
22 67 1773
22 68 932
22 69 581
22 70 1821
22 71 980
22 72 629
22 73 1869
22 74 1028
22 75 677
22 76 1917
22 77 1076
22 78 725
22 79 1965
22 80 1124
22 81 773
22 82 1557
23 0 1835
23 1 552
23 2 1510
23 3 390
23 4 878
23 5 1498
23 6 1281
23 7 850
23 8 1767
23 9 1405
23 10 430
23 11 1076
23 12 759
23 13 1364
23 14 1814
23 15 1181
23 16 1255
23 17 1359
23 18 556
23 19 1423
23 20 565
23 21 1138
23 22 404
23 23 0
23 24 1688
23 25 505
23 26 553
23 27 925
23 28 1260
23 29 1181
23 30 1050
23 31 954
23 32 1676
23 33 560
23 34 733
23 35 1162
23 36 967
23 37 772
23 38 1481
23 39 1081
23 40 312
23 41 939
23 42 713
23 43 413
23 44 1103
23 45 299
23 46 1715
23 47 874
23 48 159
23 49 1667
23 50 826
23 51 111
23 52 1619
23 53 778
23 54 63
23 55 1667
23 56 826
23 57 111
23 58 1715
23 59 874
23 60 159
23 61 1763
23 62 922
23 63 207
23 64 1811
23 65 970
23 66 255
23 67 1859
23 68 1018
23 69 303
23 70 1907
23 71 1066
23 72 351
23 73 1955
23 74 1114
23 75 399
23 76 2003
23 77 1162
23 78 447
23 79 2051
23 80 1210
23 81 495
23 82 1835
24 0 723
24 1 1262
24 2 616
24 3 1298
24 4 1032
24 5 820
24 6 837
24 7 1060
24 8 647
24 9 913
24 10 1576
24 11 920
24 12 1055
24 13 920
24 14 408
24 15 507
24 16 811
24 17 863
24 18 1258
24 19 703
24 20 1249
24 21 772
24 22 1602
24 23 1688
24 24 0
24 25 1309
24 26 1357
24 27 889
24 28 816
24 29 507
24 30 894
24 31 1086
24 32 738
24 33 1254
24 34 1081
24 35 964
24 36 1003
24 37 1042
24 38 933
24 39 733
24 40 1376
24 41 1067
24 42 1101
24 43 1401
24 44 585
24 45 1389
24 46 603
24 47 1006
24 48 1847
24 49 555
24 50 958
24 51 1799
24 52 507
24 53 910
24 54 1751
24 55 459
24 56 862
24 57 1703
24 58 411
24 59 814
24 60 1655
24 61 363
24 62 766
24 63 1607
24 64 315
24 65 718
24 66 1559
24 67 267
24 68 670
24 69 1511
24 70 219
24 71 622
24 72 1463
24 73 267
24 74 670
24 75 1511
24 76 315
24 77 718
24 78 1559
24 79 363
24 80 766
24 81 1607
24 82 723
25 0 2032
25 1 547
25 2 1227
25 3 895
25 4 681
25 5 1119
25 6 902
25 7 1125
25 8 1388
25 9 1602
25 10 809
25 11 985
25 12 1042
25 13 985
25 14 1435
25 15 802
25 16 876
25 17 980
25 18 647
25 19 1236
25 20 560
25 21 837
25 22 783
25 23 505
25 24 1309
25 25 0
25 26 356
25 27 824
25 28 881
25 29 802
25 30 959
25 31 1151
25 32 1297
25 33 747
25 34 1016
25 35 1263
25 36 1068
25 37 1055
25 38 1102
25 39 798
25 40 817
25 41 742
25 42 208
25 43 504
25 44 724
25 45 804
25 46 1912
25 47 1071
25 48 538
25 49 1864
25 50 1023
25 51 490
25 52 1816
25 53 975
25 54 442
25 55 1768
25 56 927
25 57 394
25 58 1720
25 59 879
25 60 346
25 61 1672
25 62 831
25 63 298
25 64 1624
25 65 783
25 66 250
25 67 1576
25 68 735
25 69 202
25 70 1528
25 71 687
25 72 154
25 73 1576
25 74 735
25 75 202
25 76 1624
25 77 783
25 78 250
25 79 1672
25 80 831
25 81 298
25 82 2032
26 0 2080
26 1 595
26 2 1275
26 3 943
26 4 325
26 5 1071
26 6 854
26 7 1173
26 8 1340
26 9 1650
26 10 857
26 11 1033
26 12 1090
26 13 937
26 14 1387
26 15 850
26 16 828
26 17 932
26 18 695
26 19 1284
26 20 608
26 21 585
26 22 831
26 23 553
26 24 1357
26 25 356
26 26 0
26 27 872
26 28 833
26 29 850
26 30 1007
26 31 1199
26 32 1249
26 33 795
26 34 1064
26 35 1311
26 36 1116
26 37 1103
26 38 1054
26 39 846
26 40 865
26 41 694
26 42 564
26 43 552
26 44 772
26 45 852
26 46 1960
26 47 1119
26 48 586
26 49 1912
26 50 1071
26 51 538
26 52 1864
26 53 1023
26 54 490
26 55 1816
26 56 975
26 57 442
26 58 1768
26 59 927
26 60 394
26 61 1720
26 62 879
26 63 346
26 64 1672
26 65 831
26 66 298
26 67 1624
26 68 783
26 69 250
26 70 1576
26 71 735
26 72 202
26 73 1528
26 74 687
26 75 154
26 76 1576
26 77 735
26 78 202
26 79 1624
26 80 783
26 81 250
26 82 2080
27 0 1516
27 1 811
27 2 711
27 3 847
27 4 677
27 5 699
27 6 482
27 7 609
27 8 968
27 9 1086
27 10 1125
27 11 469
27 12 604
27 13 565
27 14 1015
27 15 382
27 16 456
27 17 560
27 18 807
27 19 720
27 20 798
27 21 417
27 22 1151
27 23 925
27 24 889
27 25 824
27 26 872
27 27 0
27 28 461
27 29 382
27 30 443
27 31 635
27 32 877
27 33 803
27 34 630
27 35 747
27 36 552
27 37 591
27 38 682
27 39 156
27 40 925
27 41 712
27 42 746
27 43 924
27 44 304
27 45 938
27 46 1396
27 47 555
27 48 958
27 49 1348
27 50 507
27 51 910
27 52 1300
27 53 459
27 54 862
27 55 1252
27 56 411
27 57 814
27 58 1204
27 59 363
27 60 766
27 61 1156
27 62 315
27 63 718
27 64 1108
27 65 267
27 66 670
27 67 1060
27 68 219
27 69 622
27 70 1108
27 71 267
27 72 670
27 73 1156
27 74 315
27 75 718
27 76 1204
27 77 363
27 78 766
27 79 1252
27 80 411
27 81 814
27 82 1516
28 0 1539
28 1 834
28 2 734
28 3 870
28 4 508
28 5 434
28 6 313
28 7 632
28 8 607
28 9 1109
28 10 1148
28 11 492
28 12 627
28 13 204
28 14 846
28 15 309
28 16 287
28 17 391
28 18 830
28 19 743
28 20 821
28 21 248
28 22 1174
28 23 1260
28 24 816
28 25 881
28 26 833
28 27 461
28 28 0
28 29 309
28 30 466
28 31 658
28 32 516
28 33 826
28 34 653
28 35 770
28 36 575
28 37 614
28 38 321
28 39 305
28 40 948
28 41 447
28 42 673
28 43 973
28 44 231
28 45 961
28 46 1419
28 47 578
28 48 1319
28 49 1371
28 50 530
28 51 1271
28 52 1323
28 53 482
28 54 1223
28 55 1275
28 56 434
28 57 1175
28 58 1227
28 59 386
28 60 1127
28 61 1179
28 62 338
28 63 1079
28 64 1131
28 65 290
28 66 1031
28 67 1083
28 68 242
28 69 983
28 70 1035
28 71 194
28 72 935
28 73 987
28 74 146
28 75 887
28 76 939
28 77 98
28 78 839
28 79 891
28 80 50
28 81 791
28 82 1539
29 0 1230
29 1 755
29 2 655
29 3 791
29 4 525
29 5 547
29 6 330
29 7 553
29 8 816
29 9 1030
29 10 1069
29 11 413
29 12 548
29 13 413
29 14 863
29 15 0
29 16 304
29 17 408
29 18 751
29 19 664
29 20 742
29 21 265
29 22 1095
29 23 1181
29 24 507
29 25 802
29 26 850
29 27 382
29 28 309
29 29 0
29 30 387
29 31 579
29 32 725
29 33 747
29 34 574
29 35 691
29 36 496
29 37 535
29 38 530
29 39 226
29 40 869
29 41 560
29 42 594
29 43 894
29 44 78
29 45 882
29 46 1110
29 47 499
29 48 1340
29 49 1062
29 50 451
29 51 1292
29 52 1014
29 53 403
29 54 1244
29 55 966
29 56 355
29 57 1196
29 58 918
29 59 307
29 60 1148
29 61 870
29 62 259
29 63 1100
29 64 822
29 65 211
29 66 1052
29 67 774
29 68 163
29 69 1004
29 70 726
29 71 115
29 72 956
29 73 774
29 74 163
29 75 1004
29 76 822
29 77 211
29 78 1052
29 79 870
29 80 259
29 81 1100
29 82 1230
30 0 1073
30 1 720
30 2 716
30 3 660
30 4 682
30 5 704
30 6 487
30 7 422
30 8 973
30 9 899
30 10 938
30 11 26
30 12 417
30 13 570
30 14 1020
30 15 387
30 16 461
30 17 565
30 18 620
30 19 629
30 20 707
30 21 422
30 22 964
30 23 1050
30 24 894
30 25 959
30 26 1007
30 27 443
30 28 466
30 29 387
30 30 0
30 31 448
30 32 882
30 33 616
30 34 443
30 35 560
30 36 365
30 37 404
30 38 687
30 39 287
30 40 738
30 41 717
30 42 751
30 43 763
30 44 309
30 45 751
30 46 953
30 47 368
30 48 1209
30 49 905
30 50 320
30 51 1161
30 52 857
30 53 272
30 54 1113
30 55 809
30 56 224
30 57 1065
30 58 761
30 59 176
30 60 1017
30 61 713
30 62 128
30 63 969
30 64 761
30 65 176
30 66 1017
30 67 809
30 68 224
30 69 1065
30 70 857
30 71 272
30 72 1113
30 73 905
30 74 320
30 75 1161
30 76 953
30 77 368
30 78 1209
30 79 1001
30 80 416
30 81 1257
30 82 1073
31 0 881
31 1 912
31 2 908
31 3 564
31 4 874
31 5 896
31 6 679
31 7 230
31 8 1165
31 9 707
31 10 746
31 11 474
31 12 417
31 13 762
31 14 1212
31 15 579
31 16 653
31 17 757
31 18 812
31 19 821
31 20 899
31 21 614
31 22 772
31 23 954
31 24 1086
31 25 1151
31 26 1199
31 27 635
31 28 658
31 29 579
31 30 448
31 31 0
31 32 1074
31 33 712
31 34 443
31 35 560
31 36 365
31 37 404
31 38 879
31 39 479
31 40 642
31 41 909
31 42 943
31 43 955
31 44 501
31 45 655
31 46 761
31 47 176
31 48 1017
31 49 713
31 50 128
31 51 969
31 52 761
31 53 176
31 54 1017
31 55 809
31 56 224
31 57 1065
31 58 857
31 59 272
31 60 1113
31 61 905
31 62 320
31 63 1161
31 64 953
31 65 368
31 66 1209
31 67 1001
31 68 416
31 69 1257
31 70 1049
31 71 464
31 72 1305
31 73 1097
31 74 512
31 75 1353
31 76 1145
31 77 560
31 78 1401
31 79 1193
31 80 608
31 81 1449
31 82 881
32 0 1023
32 1 1250
32 2 916
32 3 1286
32 4 924
32 5 850
32 6 729
32 7 1048
32 8 91
32 9 1213
32 10 1564
32 11 908
32 12 1043
32 13 312
32 14 612
32 15 725
32 16 703
32 17 807
32 18 1246
32 19 1003
32 20 1237
32 21 664
32 22 1590
32 23 1676
32 24 738
32 25 1297
32 26 1249
32 27 877
32 28 516
32 29 725
32 30 882
32 31 1074
32 32 0
32 33 1242
32 34 1069
32 35 1186
32 36 991
32 37 1030
32 38 195
32 39 721
32 40 1364
32 41 863
32 42 1089
32 43 1389
32 44 647
32 45 1377
32 46 903
32 47 994
32 48 1835
32 49 855
32 50 946
32 51 1787
32 52 807
32 53 898
32 54 1739
32 55 759
32 56 850
32 57 1691
32 58 711
32 59 802
32 60 1643
32 61 663
32 62 754
32 63 1595
32 64 615
32 65 706
32 66 1547
32 67 567
32 68 658
32 69 1499
32 70 519
32 71 610
32 72 1451
32 73 471
32 74 562
32 75 1403
32 76 423
32 77 514
32 78 1355
32 79 375
32 80 466
32 81 1307
32 82 1023
33 0 1593
33 1 794
33 2 1076
33 3 924
33 4 1042
33 5 1064
33 6 847
33 7 686
33 8 1333
33 9 1163
33 10 864
33 11 642
33 12 681
33 13 930
33 14 1380
33 15 747
33 16 821
33 17 925
33 18 798
33 19 989
33 20 807
33 21 782
33 22 838
33 23 560
33 24 1254
33 25 747
33 26 795
33 27 803
33 28 826
33 29 747
33 30 616
33 31 712
33 32 1242
33 33 0
33 34 707
33 35 824
33 36 629
33 37 668
33 38 1047
33 39 647
33 40 872
33 41 1077
33 42 955
33 43 655
33 44 669
33 45 859
33 46 1473
33 47 632
33 48 593
33 49 1425
33 50 584
33 51 545
33 52 1377
33 53 536
33 54 497
33 55 1329
33 56 488
33 57 449
33 58 1281
33 59 440
33 60 401
33 61 1329
33 62 488
33 63 449
33 64 1377
33 65 536
33 66 497
33 67 1425
33 68 584
33 69 545
33 70 1473
33 71 632
33 72 593
33 73 1521
33 74 680
33 75 641
33 76 1569
33 77 728
33 78 689
33 79 1617
33 80 776
33 81 737
33 82 1593
34 0 1324
34 1 907
34 2 903
34 3 655
34 4 869
34 5 891
34 6 674
34 7 417
34 8 1160
34 9 894
34 10 933
34 11 469
34 12 26
34 13 757
34 14 1207
34 15 574
34 16 648
34 17 752
34 18 807
34 19 816
34 20 894
34 21 609
34 22 959
34 23 733
34 24 1081
34 25 1016
34 26 1064
34 27 630
34 28 653
34 29 574
34 30 443
34 31 443
34 32 1069
34 33 707
34 34 0
34 35 555
34 36 360
34 37 39
34 38 874
34 39 474
34 40 733
34 41 904
34 42 938
34 43 924
34 44 496
34 45 746
34 46 1204
34 47 363
34 48 766
34 49 1156
34 50 315
34 51 718
34 52 1108
34 53 267
34 54 670
34 55 1060
34 56 219
34 57 622
34 58 1108
34 59 267
34 60 670
34 61 1156
34 62 315
34 63 718
34 64 1204
34 65 363
34 66 766
34 67 1252
34 68 411
34 69 814
34 70 1300
34 71 459
34 72 862
34 73 1348
34 74 507
34 75 910
34 76 1396
34 77 555
34 78 958
34 79 1444
34 80 603
34 81 1006
34 82 1324
35 0 769
35 1 1024
35 2 1020
35 3 772
35 4 986
35 5 1008
35 6 791
35 7 534
35 8 1173
35 9 959
35 10 1050
35 11 586
35 12 529
35 13 874
35 14 934
35 15 691
35 16 765
35 17 869
35 18 924
35 19 933
35 20 1011
35 21 726
35 22 1076
35 23 1162
35 24 964
35 25 1263
35 26 1311
35 27 747
35 28 770
35 29 691
35 30 560
35 31 560
35 32 1186
35 33 824
35 34 555
35 35 0
35 36 195
35 37 516
35 38 991
35 39 591
35 40 850
35 41 1021
35 42 1055
35 43 1067
35 44 613
35 45 863
35 46 649
35 47 480
35 48 1321
35 49 601
35 50 432
35 51 1273
35 52 553
35 53 384
35 54 1225
35 55 505
35 56 336
35 57 1177
35 58 553
35 59 384
35 60 1225
35 61 601
35 62 432
35 63 1273
35 64 649
35 65 480
35 66 1321
35 67 697
35 68 528
35 69 1369
35 70 745
35 71 576
35 72 1417
35 73 793
35 74 624
35 75 1465
35 76 841
35 77 672
35 78 1513
35 79 889
35 80 720
35 81 1561
35 82 769
36 0 964
36 1 829
36 2 825
36 3 577
36 4 791
36 5 813
36 6 596
36 7 339
36 8 1082
36 9 816
36 10 855
36 11 391
36 12 334
36 13 679
36 14 1129
36 15 496
36 16 570
36 17 674
36 18 729
36 19 738
36 20 816
36 21 531
36 22 881
36 23 967
36 24 1003
36 25 1068
36 26 1116
36 27 552
36 28 575
36 29 496
36 30 365
36 31 365
36 32 991
36 33 629
36 34 360
36 35 195
36 36 0
36 37 321
36 38 796
36 39 396
36 40 655
36 41 826
36 42 860
36 43 872
36 44 418
36 45 668
36 46 844
36 47 285
36 48 1126
36 49 796
36 50 237
36 51 1078
36 52 748
36 53 189
36 54 1030
36 55 700
36 56 141
36 57 982
36 58 748
36 59 189
36 60 1030
36 61 796
36 62 237
36 63 1078
36 64 844
36 65 285
36 66 1126
36 67 892
36 68 333
36 69 1174
36 70 940
36 71 381
36 72 1222
36 73 988
36 74 429
36 75 1270
36 76 1036
36 77 477
36 78 1318
36 79 1084
36 80 525
36 81 1366
36 82 964
37 0 1285
37 1 868
37 2 864
37 3 616
37 4 830
37 5 852
37 6 635
37 7 378
37 8 1121
37 9 855
37 10 894
37 11 430
37 12 13
37 13 718
37 14 1168
37 15 535
37 16 609
37 17 713
37 18 768
37 19 777
37 20 855
37 21 570
37 22 920
37 23 772
37 24 1042
37 25 1055
37 26 1103
37 27 591
37 28 614
37 29 535
37 30 404
37 31 404
37 32 1030
37 33 668
37 34 39
37 35 516
37 36 321
37 37 0
37 38 835
37 39 435
37 40 694
37 41 865
37 42 899
37 43 911
37 44 457
37 45 707
37 46 1165
37 47 324
37 48 805
37 49 1117
37 50 276
37 51 757
37 52 1069
37 53 228
37 54 709
37 55 1021
37 56 180
37 57 661
37 58 1069
37 59 228
37 60 709
37 61 1117
37 62 276
37 63 757
37 64 1165
37 65 324
37 66 805
37 67 1213
37 68 372
37 69 853
37 70 1261
37 71 420
37 72 901
37 73 1309
37 74 468
37 75 949
37 76 1357
37 77 516
37 78 997
37 79 1405
37 80 564
37 81 1045
37 82 1285
38 0 1218
38 1 1055
38 2 955
38 3 1091
38 4 729
38 5 655
38 6 534
38 7 853
38 8 286
38 9 1330
38 10 1369
38 11 713
38 12 848
38 13 117
38 14 807
38 15 530
38 16 508
38 17 612
38 18 1051
38 19 964
38 20 1042
38 21 469
38 22 1395
38 23 1481
38 24 933
38 25 1102
38 26 1054
38 27 682
38 28 321
38 29 530
38 30 687
38 31 879
38 32 195
38 33 1047
38 34 874
38 35 991
38 36 796
38 37 835
38 38 0
38 39 526
38 40 1169
38 41 668
38 42 894
38 43 1194
38 44 452
38 45 1182
38 46 1098
38 47 799
38 48 1640
38 49 1050
38 50 751
38 51 1592
38 52 1002
38 53 703
38 54 1544
38 55 954
38 56 655
38 57 1496
38 58 906
38 59 607
38 60 1448
38 61 858
38 62 559
38 63 1400
38 64 810
38 65 511
38 66 1352
38 67 762
38 68 463
38 69 1304
38 70 714
38 71 415
38 72 1256
38 73 666
38 74 367
38 75 1208
38 76 618
38 77 319
38 78 1160
38 79 570
38 80 271
38 81 1112
38 82 1218
39 0 1360
39 1 655
39 2 555
39 3 691
39 4 521
39 5 543
39 6 326
39 7 453
39 8 812
39 9 930
39 10 969
39 11 313
39 12 448
39 13 409
39 14 859
39 15 226
39 16 300
39 17 404
39 18 651
39 19 564
39 20 642
39 21 261
39 22 995
39 23 1081
39 24 733
39 25 798
39 26 846
39 27 156
39 28 305
39 29 226
39 30 287
39 31 479
39 32 721
39 33 647
39 34 474
39 35 591
39 36 396
39 37 435
39 38 526
39 39 0
39 40 769
39 41 556
39 42 590
39 43 794
39 44 148
39 45 782
39 46 1240
39 47 399
39 48 1114
39 49 1192
39 50 351
39 51 1066
39 52 1144
39 53 303
39 54 1018
39 55 1096
39 56 255
39 57 970
39 58 1048
39 59 207
39 60 922
39 61 1000
39 62 159
39 63 874
39 64 952
39 65 111
39 66 826
39 67 904
39 68 63
39 69 778
39 70 952
39 71 111
39 72 826
39 73 1000
39 74 159
39 75 874
39 76 1048
39 77 207
39 78 922
39 79 1096
39 80 255
39 81 970
39 82 1360
40 0 1523
40 1 864
40 2 1198
40 3 78
40 4 1164
40 5 1186
40 6 969
40 7 616
40 8 1455
40 9 1093
40 10 742
40 11 764
40 12 707
40 13 1052
40 14 1502
40 15 869
40 16 943
40 17 1047
40 18 868
40 19 1111
40 20 877
40 21 904
40 22 716
40 23 312
40 24 1376
40 25 817
40 26 865
40 27 925
40 28 948
40 29 869
40 30 738
40 31 642
40 32 1364
40 33 872
40 34 733
40 35 850
40 36 655
40 37 694
40 38 1169
40 39 769
40 40 0
40 41 1199
40 42 1025
40 43 725
40 44 791
40 45 13
40 46 1403
40 47 562
40 48 471
40 49 1355
40 50 514
40 51 423
40 52 1307
40 53 466
40 54 375
40 55 1355
40 56 514
40 57 423
40 58 1403
40 59 562
40 60 471
40 61 1451
40 62 610
40 63 519
40 64 1499
40 65 658
40 66 567
40 67 1547
40 68 706
40 69 615
40 70 1595
40 71 754
40 72 663
40 73 1643
40 74 802
40 75 711
40 76 1691
40 77 850
40 78 759
40 79 1739
40 80 898
40 81 807
40 82 1523
41 0 1790
41 1 981
41 2 985
41 3 1121
41 4 759
41 5 685
41 6 564
41 7 883
41 8 954
41 9 1360
41 10 1243
41 11 743
41 12 878
41 13 551
41 14 1097
41 15 560
41 16 538
41 17 642
41 18 1081
41 19 994
41 20 994
41 21 499
41 22 1217
41 23 939
41 24 1067
41 25 742
41 26 694
41 27 712
41 28 447
41 29 560
41 30 717
41 31 909
41 32 863
41 33 1077
41 34 904
41 35 1021
41 36 826
41 37 865
41 38 668
41 39 556
41 40 1199
41 41 0
41 42 924
41 43 938
41 44 482
41 45 1212
41 46 1670
41 47 829
41 48 972
41 49 1622
41 50 781
41 51 924
41 52 1574
41 53 733
41 54 876
41 55 1526
41 56 685
41 57 828
41 58 1478
41 59 637
41 60 780
41 61 1430
41 62 589
41 63 732
41 64 1382
41 65 541
41 66 684
41 67 1334
41 68 493
41 69 636
41 70 1286
41 71 445
41 72 588
41 73 1238
41 74 397
41 75 540
41 76 1190
41 77 349
41 78 492
41 79 1238
41 80 397
41 81 540
41 82 1790
42 0 1824
42 1 755
42 2 1019
42 3 1103
42 4 889
42 5 911
42 6 694
42 7 917
42 8 1180
42 9 1394
42 10 1017
42 11 777
42 12 912
42 13 777
42 14 1227
42 15 594
42 16 668
42 17 772
42 18 855
42 19 1028
42 20 768
42 21 629
42 22 991
42 23 713
42 24 1101
42 25 208
42 26 564
42 27 746
42 28 673
42 29 594
42 30 751
42 31 943
42 32 1089
42 33 955
42 34 938
42 35 1055
42 36 860
42 37 899
42 38 894
42 39 590
42 40 1025
42 41 924
42 42 0
42 43 712
42 44 516
42 45 1012
42 46 1704
42 47 863
42 48 746
42 49 1656
42 50 815
42 51 698
42 52 1608
42 53 767
42 54 650
42 55 1560
42 56 719
42 57 602
42 58 1512
42 59 671
42 60 554
42 61 1464
42 62 623
42 63 506
42 64 1416
42 65 575
42 66 458
42 67 1368
42 68 527
42 69 410
42 70 1320
42 71 479
42 72 362
42 73 1368
42 74 527
42 75 410
42 76 1416
42 77 575
42 78 458
42 79 1464
42 80 623
42 81 506
42 82 1824
43 0 1836
43 1 551
43 2 1223
43 3 803
43 4 877
43 5 1211
43 6 994
43 7 929
43 8 1480
43 9 1406
43 10 717
43 11 789
43 12 924
43 13 1077
43 14 1527
43 15 894
43 16 968
43 17 1072
43 18 143
43 19 1136
43 20 564
43 21 929
43 22 691
43 23 413
43 24 1401
43 25 504
43 26 552
43 27 924
43 28 973
43 29 894
43 30 763
43 31 955
43 32 1389
43 33 655
43 34 924
43 35 1067
43 36 872
43 37 911
43 38 1194
43 39 794
43 40 725
43 41 938
43 42 712
43 43 0
43 44 816
43 45 712
43 46 1716
43 47 875
43 48 446
43 49 1668
43 50 827
43 51 398
43 52 1620
43 53 779
43 54 350
43 55 1572
43 56 731
43 57 302
43 58 1524
43 59 683
43 60 254
43 61 1476
43 62 635
43 63 206
43 64 1524
43 65 683
43 66 254
43 67 1572
43 68 731
43 69 302
43 70 1620
43 71 779
43 72 350
43 73 1668
43 74 827
43 75 398
43 76 1716
43 77 875
43 78 446
43 79 1764
43 80 923
43 81 494
43 82 1836
44 0 1308
44 1 677
44 2 577
44 3 713
44 4 447
44 5 469
44 6 252
44 7 475
44 8 738
44 9 952
44 10 991
44 11 335
44 12 470
44 13 335
44 14 785
44 15 78
44 16 226
44 17 330
44 18 673
44 19 586
44 20 664
44 21 187
44 22 1017
44 23 1103
44 24 585
44 25 724
44 26 772
44 27 304
44 28 231
44 29 78
44 30 309
44 31 501
44 32 647
44 33 669
44 34 496
44 35 613
44 36 418
44 37 457
44 38 452
44 39 148
44 40 791
44 41 482
44 42 516
44 43 816
44 44 0
44 45 804
44 46 1188
44 47 421
44 48 1262
44 49 1140
44 50 373
44 51 1214
