//alpha
1
//NbLocations
53
//NbProducts
37
//NbPickers
2
//CapaPicker
8
//TimeToTravelOneDistanceUnit
3
//SetupTime
5400
//PickTime
300
//Products
//Idx Location Size
1 1 1
2 2 1
3 3 1
4 4 1
5 5 1
6 5 1
7 6 1
8 7 1
9 8 1
10 9 1
11 10 1
12 11 1
13 12 1
14 13 1
15 14 1
16 15 1
17 16 1
18 17 1
19 18 1
20 19 1
21 20 1
22 21 1
23 17 1
24 22 1
25 23 1
26 24 1
27 25 1
28 26 1
29 27 1
30 28 1
31 29 1
32 30 1
33 9 1
34 31 1
35 32 1
36 33 1
37 34 1
//Orders
//NbOrders
18
//Idx DueDate TardinessPenalty NbProdInOrder ProdIdx1 Qty1 ProdIdx2 Qty2 ...
1 144000 0 1 1 1
2 72000 0 1 2 1
3 108000 0 1 3 1
4 126000 0 1 4 1
5 126000 0 1 5 1
6 108000 0 2 6 1 7 1
7 90000 0 2 8 1 9 1
8 126000 0 3 10 1 11 1 12 1
9 144000 0 2 13 1 14 1
10 108000 0 1 15 1
11 72000 0 1 16 1
12 90000 0 2 17 1 18 1
13 72000 0 2 19 1 20 1
14 126000 0 1 21 1
15 126000 0 2 22 1 23 1
16 72000 0 5 24 1 25 1 26 1 27 1 28 1
17 126000 0 8 29 1 30 1 31 1 32 1 33 1 34 1 35 1 36 1
18 54000 0 1 37 1
//Graph (Products are vertices indexed from 1 to NbProducts)
//NbVerticesIntersections
18
//DepartingDepot
0
//ArrivalDepot
53
//Arcs
//Start End Distance
0 35 120
1 4 13
1 17 0
2 5 104
2 35 50
3 14 39
3 16 26
4 1 13
4 6 91
5 2 104
5 36 297
6 4 91
6 39 284
7 11 117
7 13 26
8 29 26
8 50 50
9 12 39
9 40 271
10 24 78
10 52 258
11 7 117
11 22 143
12 9 39
12 34 39
13 7 26
13 36 50
14 3 39
14 43 271
15 27 0
15 32 117
16 3 26
16 42 115
17 1 0
17 19 13
18 21 52
18 32 182
19 17 13
19 38 50
20 34 65
20 39 37
21 18 52
21 42 50
22 11 143
22 37 115
23 33 52
23 48 37
24 10 78
24 51 115
25 28 52
25 47 76
26 29 52
26 51 323
27 15 0
27 41 50
28 25 52
28 48 323
29 8 26
29 26 52
30 45 76
30 46 375
31 33 117
31 49 245
32 15 117
32 18 182
33 23 52
33 31 117
34 12 39
34 20 65
35 2 50
35 38 48
35 53 120
36 5 297
36 13 50
36 39 48
37 22 115
37 40 48
38 19 50
38 35 48
38 41 48
39 6 284
39 20 37
39 36 48
39 42 48
40 9 271
40 37 48
40 43 48
41 27 50
41 38 48
41 44 48
42 16 115
42 21 50
42 39 48
42 45 48
43 14 271
43 40 48
43 46 48
44 41 48
44 45 451
44 47 48
45 30 76
45 42 48
45 44 451
45 48 48
46 30 375
46 43 48
46 49 48
47 25 76
47 44 48
47 50 48
48 23 37
48 28 323
48 45 48
48 51 48
49 31 245
49 46 48
49 52 48
50 8 50
50 47 48
51 24 115
51 26 323
51 48 48
52 10 258
52 49 48
//LocStart LocEnd ShortestPath
0 0 0
0 1 231
0 2 170
0 3 808
0 4 244
0 5 274
0 6 335
0 7 647
0 8 410
0 9 799
0 10 1004
0 11 764
0 12 760
0 13 621
0 14 847
0 15 266
0 16 782
0 17 231
0 18 565
0 19 218
0 20 656
0 21 617
0 22 907
0 23 800
0 24 926
0 25 388
0 26 488
0 27 266
0 28 440
0 29 436
0 30 791
0 31 969
0 32 383
0 33 852
0 34 721
0 35 120
0 36 571
0 37 1022
0 38 168
0 39 619
0 40 1070
0 41 216
0 42 667
0 43 1118
0 44 264
0 45 715
0 46 1166
0 47 312
0 48 763
0 49 1214
0 50 360
0 51 811
0 52 1262
0 53 0
1 0 231
1 1 0
1 2 161
1 3 577
1 4 13
1 5 265
1 6 104
1 7 512
1 8 305
1 9 568
1 10 773
1 11 629
1 12 529
1 13 486
1 14 616
1 15 161
1 16 551
1 17 0
1 18 460
1 19 13
1 20 425
1 21 486
1 22 772
1 23 569
1 24 695
1 25 283
1 26 383
1 27 161
1 28 335
1 29 331
1 30 560
1 31 738
1 32 278
1 33 621
1 34 490
1 35 111
1 36 436
1 37 887
1 38 63
1 39 388
1 40 839
1 41 111
1 42 436
1 43 887
1 44 159
1 45 484
1 46 935
1 47 207
1 48 532
1 49 983
1 50 255
1 51 580
1 52 1031
1 53 231
2 0 170
2 1 161
2 2 0
2 3 638
2 4 174
2 5 104
2 6 265
2 7 477
2 8 340
2 9 629
2 10 834
2 11 594
2 12 590
2 13 451
2 14 677
2 15 196
2 16 612
2 17 161
2 18 495
2 19 148
2 20 486
2 21 547
2 22 737
2 23 630
2 24 756
2 25 318
2 26 418
2 27 196
2 28 370
2 29 366
2 30 621
2 31 799
2 32 313
2 33 682
2 34 551
2 35 50
2 36 401
2 37 852
2 38 98
2 39 449
2 40 900
2 41 146
2 42 497
2 43 948
2 44 194
2 45 545
2 46 996
2 47 242
2 48 593
2 49 1044
2 50 290
2 51 641
2 52 1092
2 53 170
3 0 808
3 1 577
3 2 638
3 3 0
3 4 564
3 5 534
3 6 473
3 7 313
3 8 686
3 9 369
3 10 478
3 11 430
3 12 330
3 13 287
3 14 39
3 15 542
3 16 26
3 17 577
3 18 243
3 19 590
3 20 226
3 21 191
3 22 521
3 23 274
3 24 400
3 25 612
3 26 608
3 27 542
3 28 560
3 29 660
3 30 265
3 31 443
3 32 425
3 33 326
3 34 291
3 35 688
3 36 237
3 37 406
3 38 640
3 39 189
3 40 358
3 41 592
3 42 141
3 43 310
3 44 640
3 45 189
3 46 358
3 47 688
3 48 237
3 49 406
3 50 736
3 51 285
3 52 454
3 53 808
4 0 244
4 1 13
4 2 174
4 3 564
4 4 0
4 5 278
4 6 91
4 7 499
4 8 318
4 9 555
4 10 760
4 11 616
4 12 516
4 13 473
4 14 603
4 15 174
4 16 538
4 17 13
4 18 473
4 19 26
4 20 412
4 21 473
4 22 759
4 23 556
4 24 682
4 25 296
4 26 396
4 27 174
4 28 348
4 29 344
4 30 547
4 31 725
4 32 291
4 33 608
4 34 477
4 35 124
4 36 423
4 37 874
4 38 76
4 39 375
4 40 826
4 41 124
4 42 423
4 43 874
4 44 172
4 45 471
4 46 922
4 47 220
4 48 519
4 49 970
4 50 268
4 51 567
4 52 1018
4 53 244
5 0 274
5 1 265
5 2 104
5 3 534
5 4 278
5 5 0
5 6 369
5 7 373
5 8 444
5 9 525
5 10 730
5 11 490
5 12 486
5 13 347
5 14 573
5 15 300
5 16 508
5 17 265
5 18 495
5 19 252
5 20 382
5 21 443
5 22 633
5 23 526
5 24 652
5 25 422
5 26 522
5 27 300
5 28 474
5 29 470
5 30 517
5 31 695
5 32 417
5 33 578
5 34 447
5 35 154
5 36 297
5 37 748
5 38 202
5 39 345
5 40 796
5 41 250
5 42 393
5 43 844
5 44 298
5 45 441
5 46 892
5 47 346
5 48 489
5 49 940
5 50 394
5 51 537
5 52 988
5 53 274
6 0 335
6 1 104
6 2 265
6 3 473
6 4 91
6 5 369
6 6 0
6 7 408
6 8 409
6 9 464
6 10 669
6 11 525
6 12 425
6 13 382
6 14 512
6 15 265
6 16 447
6 17 104
6 18 434
6 19 117
6 20 321
6 21 382
6 22 668
6 23 465
6 24 591
6 25 387
6 26 487
6 27 265
6 28 439
6 29 435
6 30 456
6 31 634
6 32 382
6 33 517
6 34 386
6 35 215
6 36 332
6 37 783
6 38 167
6 39 284
6 40 735
6 41 215
6 42 332
6 43 783
6 44 263
6 45 380
6 46 831
6 47 311
6 48 428
6 49 879
6 50 359
6 51 476
6 52 927
6 53 335
7 0 647
7 1 512
7 2 477
7 3 313
7 4 499
7 5 373
7 6 408
7 7 0
7 8 717
7 9 304
7 10 509
7 11 117
7 12 265
7 13 26
7 14 352
7 15 573
7 16 287
7 17 512
7 18 274
7 19 525
7 20 161
7 21 222
7 22 260
7 23 305
7 24 431
7 25 643
7 26 639
7 27 573
7 28 591
7 29 691
7 30 296
7 31 474
7 32 456
7 33 357
7 34 226
7 35 527
7 36 76
7 37 375
7 38 575
7 39 124
7 40 423
7 41 623
7 42 172
7 43 471
7 44 671
7 45 220
7 46 519
7 47 719
7 48 268
7 49 567
7 50 767
7 51 316
7 52 615
7 53 647
8 0 410
8 1 305
8 2 340
8 3 686
8 4 318
8 5 444
8 6 409
8 7 717
8 8 0
8 9 773
8 10 594
8 11 834
8 12 734
8 13 691
8 14 725
8 15 244
8 16 660
8 17 305
8 18 543
8 19 292
8 20 630
8 21 595
8 22 977
8 23 486
8 24 516
8 25 174
8 26 78
8 27 244
8 28 226
8 29 26
8 30 573
8 31 655
8 32 361
8 33 538
8 34 695
8 35 290
8 36 641
8 37 1092
8 38 242
8 39 593
8 40 1044
8 41 194
8 42 545
8 43 996
8 44 146
8 45 497
8 46 948
8 47 98
8 48 449
8 49 900
8 50 50
8 51 401
8 52 852
8 53 410
9 0 799
9 1 568
9 2 629
9 3 369
9 4 555
9 5 525
9 6 464
9 7 304
9 8 773
9 9 0
9 10 565
9 11 421
9 12 39
9 13 278
9 14 408
9 15 629
9 16 343
9 17 568
9 18 330
9 19 581
9 20 143
9 21 278
9 22 434
9 23 361
9 24 487
9 25 699
9 26 695
9 27 629
9 28 647
9 29 747
9 30 352
9 31 530
9 32 512
9 33 413
9 34 78
9 35 679
9 36 228
9 37 319
9 38 631
9 39 180
9 40 271
9 41 679
9 42 228
9 43 319
9 44 727
9 45 276
9 46 367
9 47 775
9 48 324
9 49 415
9 50 823
9 51 372
9 52 463
9 53 799
10 0 1004
10 1 773
10 2 834
10 3 478
10 4 760
10 5 730
10 6 669
10 7 509
10 8 594
10 9 565
10 10 0
10 11 626
10 12 526
10 13 483
10 14 517
10 15 738
10 16 452
10 17 773
10 18 439
10 19 786
10 20 422
10 21 387
10 22 613
10 23 278
10 24 78
10 25 616
10 26 516
10 27 738
10 28 564
10 29 568
10 30 365
10 31 447
10 32 621
10 33 330
10 34 487
10 35 884
10 36 433
10 37 498
10 38 836
10 39 385
10 40 450
10 41 788
10 42 337
10 43 402
10 44 740
10 45 289
10 46 354
10 47 692
10 48 241
10 49 306
10 50 644
10 51 193
10 52 258
10 53 1004
11 0 764
11 1 629
11 2 594
11 3 430
11 4 616
11 5 490
11 6 525
11 7 117
11 8 834
11 9 421
11 10 626
11 11 0
11 12 382
11 13 143
11 14 469
11 15 690
11 16 404
11 17 629
11 18 391
11 19 642
11 20 278
11 21 339
11 22 143
11 23 422
11 24 548
11 25 760
11 26 756
11 27 690
11 28 708
11 29 808
11 30 413
11 31 591
11 32 573
11 33 474
11 34 343
11 35 644
11 36 193
11 37 258
11 38 692
11 39 241
11 40 306
11 41 740
11 42 289
11 43 354
11 44 788
11 45 337
11 46 402
11 47 836
11 48 385
11 49 450
11 50 884
11 51 433
11 52 498
11 53 764
12 0 760
12 1 529
12 2 590
12 3 330
12 4 516
12 5 486
12 6 425
12 7 265
12 8 734
12 9 39
12 10 526
12 11 382
12 12 0
12 13 239
12 14 369
12 15 590
12 16 304
12 17 529
12 18 291
12 19 542
12 20 104
12 21 239
12 22 473
12 23 322
12 24 448
12 25 660
12 26 656
12 27 590
12 28 608
12 29 708
12 30 313
12 31 491
12 32 473
12 33 374
12 34 39
12 35 640
12 36 189
12 37 358
12 38 592
12 39 141
12 40 310
12 41 640
12 42 189
12 43 358
12 44 688
12 45 237
12 46 406
12 47 736
12 48 285
12 49 454
12 50 784
12 51 333
12 52 502
12 53 760
13 0 621
13 1 486
13 2 451
13 3 287
13 4 473
13 5 347
13 6 382
13 7 26
13 8 691
13 9 278
13 10 483
13 11 143
13 12 239
13 13 0
13 14 326
13 15 547
13 16 261
13 17 486
13 18 248
13 19 499
13 20 135
13 21 196
13 22 286
13 23 279
13 24 405
13 25 617
13 26 613
13 27 547
13 28 565
13 29 665
13 30 270
13 31 448
13 32 430
13 33 331
13 34 200
13 35 501
13 36 50
13 37 401
13 38 549
13 39 98
13 40 449
13 41 597
13 42 146
13 43 497
13 44 645
13 45 194
13 46 545
13 47 693
13 48 242
13 49 593
13 50 741
13 51 290
13 52 641
13 53 621
14 0 847
14 1 616
14 2 677
14 3 39
14 4 603
14 5 573
14 6 512
14 7 352
14 8 725
14 9 408
14 10 517
14 11 469
14 12 369
14 13 326
14 14 0
14 15 581
14 16 65
14 17 616
14 18 282
14 19 629
14 20 265
14 21 230
14 22 482
14 23 313
14 24 439
14 25 651
14 26 647
14 27 581
14 28 599
14 29 699
14 30 304
14 31 482
14 32 464
14 33 365
14 34 330
14 35 727
14 36 276
14 37 367
14 38 679
14 39 228
14 40 319
14 41 631
14 42 180
14 43 271
14 44 679
14 45 228
14 46 319
14 47 727
14 48 276
14 49 367
14 50 775
14 51 324
14 52 415
14 53 847
15 0 266
15 1 161
15 2 196
15 3 542
15 4 174
15 5 300
15 6 265
15 7 573
15 8 244
15 9 629
15 10 738
15 11 690
15 12 590
15 13 547
15 14 581
15 15 0
15 16 516
15 17 161
15 18 299
15 19 148
15 20 486
15 21 351
15 22 833
15 23 534
15 24 660
15 25 222
15 26 322
15 27 0
15 28 274
15 29 270
15 30 525
15 31 703
15 32 117
15 33 586
15 34 551
15 35 146
15 36 497
15 37 948
15 38 98
15 39 449
15 40 900
15 41 50
15 42 401
15 43 852
15 44 98
15 45 449
15 46 900
15 47 146
15 48 497
15 49 948
15 50 194
15 51 545
15 52 996
15 53 266
16 0 782
16 1 551
16 2 612
16 3 26
16 4 538
16 5 508
16 6 447
16 7 287
16 8 660
16 9 343
16 10 452
16 11 404
16 12 304
16 13 261
16 14 65
16 15 516
16 16 0
16 17 551
16 18 217
16 19 564
16 20 200
16 21 165
16 22 547
16 23 248
16 24 374
16 25 586
16 26 582
16 27 516
16 28 534
16 29 634
16 30 239
16 31 417
16 32 399
16 33 300
16 34 265
16 35 662
16 36 211
16 37 432
16 38 614
16 39 163
16 40 384
16 41 566
16 42 115
16 43 336
16 44 614
16 45 163
16 46 384
16 47 662
16 48 211
16 49 432
16 50 710
16 51 259
16 52 480
16 53 782
17 0 231
17 1 0
17 2 161
17 3 577
17 4 13
17 5 265
17 6 104
17 7 512
17 8 305
17 9 568
17 10 773
17 11 629
17 12 529
17 13 486
17 14 616
17 15 161
17 16 551
17 17 0
17 18 460
17 19 13
17 20 425
17 21 486
17 22 772
17 23 569
17 24 695
17 25 283
17 26 383
17 27 161
17 28 335
17 29 331
17 30 560
17 31 738
17 32 278
17 33 621
17 34 490
17 35 111
17 36 436
17 37 887
17 38 63
17 39 388
17 40 839
17 41 111
17 42 436
17 43 887
17 44 159
17 45 484
17 46 935
17 47 207
17 48 532
17 49 983
17 50 255
17 51 580
17 52 1031
17 53 231
18 0 565
18 1 460
18 2 495
18 3 243
18 4 473
18 5 495
18 6 434
18 7 274
18 8 543
18 9 330
18 10 439
18 11 391
18 12 291
18 13 248
18 14 282
18 15 299
18 16 217
18 17 460
18 18 0
18 19 447
18 20 187
18 21 52
18 22 534
18 23 235
18 24 361
18 25 521
18 26 569
18 27 299
18 28 521
18 29 569
18 30 226
18 31 404
18 32 182
18 33 287
18 34 252
18 35 445
18 36 198
18 37 649
18 38 397
18 39 150
18 40 601
18 41 349
18 42 102
18 43 553
18 44 397
18 45 150
18 46 601
18 47 445
18 48 198
18 49 649
18 50 493
18 51 246
18 52 697
18 53 565
19 0 218
19 1 13
19 2 148
19 3 590
19 4 26
19 5 252
19 6 117
19 7 525
19 8 292
19 9 581
19 10 786
19 11 642
19 12 542
19 13 499
19 14 629
19 15 148
19 16 564
19 17 13
19 18 447
19 19 0
19 20 438
19 21 499
19 22 785
19 23 582
19 24 708
19 25 270
19 26 370
19 27 148
19 28 322
19 29 318
19 30 573
19 31 751
19 32 265
19 33 634
19 34 503
19 35 98
19 36 449
19 37 900
19 38 50
19 39 401
19 40 852
19 41 98
19 42 449
19 43 900
19 44 146
19 45 497
19 46 948
19 47 194
19 48 545
19 49 996
19 50 242
19 51 593
19 52 1044
19 53 218
20 0 656
20 1 425
20 2 486
20 3 226
20 4 412
20 5 382
20 6 321
20 7 161
20 8 630
20 9 143
20 10 422
20 11 278
20 12 104
20 13 135
20 14 265
20 15 486
20 16 200
20 17 425
20 18 187
20 19 438
20 20 0
20 21 135
20 22 421
20 23 218
20 24 344
20 25 556
20 26 552
20 27 486
20 28 504
20 29 604
20 30 209
20 31 387
20 32 369
20 33 270
20 34 65
20 35 536
20 36 85
20 37 462
20 38 488
20 39 37
20 40 414
20 41 536
20 42 85
20 43 462
20 44 584
20 45 133
20 46 510
20 47 632
20 48 181
20 49 558
20 50 680
20 51 229
20 52 606
20 53 656
21 0 617
21 1 486
21 2 547
21 3 191
21 4 473
21 5 443
21 6 382
21 7 222
21 8 595
21 9 278
21 10 387
21 11 339
21 12 239
21 13 196
21 14 230
21 15 351
21 16 165
21 17 486
21 18 52
21 19 499
21 20 135
21 21 0
21 22 482
21 23 183
21 24 309
21 25 521
21 26 517
21 27 351
21 28 469
21 29 569
21 30 174
21 31 352
21 32 234
21 33 235
21 34 200
21 35 497
21 36 146
21 37 597
21 38 449
21 39 98
21 40 549
21 41 401
21 42 50
21 43 501
21 44 449
21 45 98
21 46 549
21 47 497
21 48 146
21 49 597
21 50 545
21 51 194
21 52 645
21 53 617
22 0 907
22 1 772
22 2 737
22 3 521
22 4 759
22 5 633
22 6 668
22 7 260
22 8 977
22 9 434
22 10 613
22 11 143
22 12 473
22 13 286
22 14 482
22 15 833
22 16 547
22 17 772
22 18 534
22 19 785
22 20 421
22 21 482
22 22 0
22 23 565
22 24 691
22 25 903
22 26 899
22 27 833
22 28 851
22 29 951
22 30 556
22 31 552
22 32 716
22 33 617
22 34 486
22 35 787
22 36 336
22 37 115
22 38 835
22 39 384
22 40 163
22 41 883
22 42 432
22 43 211
22 44 931
22 45 480
22 46 259
22 47 979
22 48 528
22 49 307
22 50 1027
22 51 576
22 52 355
22 53 907
23 0 800
23 1 569
23 2 630
23 3 274
23 4 556
23 5 526
23 6 465
23 7 305
23 8 486
23 9 361
23 10 278
23 11 422
23 12 322
23 13 279
23 14 313
23 15 534
23 16 248
23 17 569
23 18 235
23 19 582
23 20 218
23 21 183
23 22 565
23 23 0
23 24 200
23 25 412
23 26 408
23 27 534
23 28 360
23 29 460
23 30 161
23 31 169
23 32 417
23 33 52
23 34 283
23 35 680
23 36 229
23 37 606
23 38 632
23 39 181
23 40 558
23 41 584
23 42 133
23 43 510
23 44 536
23 45 85
23 46 462
23 47 488
23 48 37
23 49 414
23 50 536
23 51 85
23 52 462
23 53 800
24 0 926
24 1 695
24 2 756
24 3 400
24 4 682
24 5 652
24 6 591
24 7 431
24 8 516
24 9 487
24 10 78
24 11 548
24 12 448
24 13 405
24 14 439
24 15 660
24 16 374
24 17 695
24 18 361
24 19 708
24 20 344
24 21 309
24 22 691
24 23 200
24 24 0
24 25 538
24 26 438
24 27 660
24 28 486
24 29 490
24 30 287
24 31 369
24 32 543
24 33 252
24 34 409
24 35 806
24 36 355
24 37 576
24 38 758
24 39 307
24 40 528
24 41 710
24 42 259
24 43 480
24 44 662
24 45 211
24 46 432
24 47 614
24 48 163
24 49 384
24 50 566
24 51 115
24 52 336
24 53 926
25 0 388
25 1 283
25 2 318
25 3 612
25 4 296
25 5 422
25 6 387
25 7 643
25 8 174
25 9 699
25 10 616
25 11 760
25 12 660
25 13 617
25 14 651
25 15 222
25 16 586
25 17 283
25 18 521
25 19 270
25 20 556
25 21 521
25 22 903
25 23 412
25 24 538
25 25 0
25 26 252
25 27 222
25 28 52
25 29 200
25 30 499
25 31 581
25 32 339
25 33 464
25 34 621
25 35 268
25 36 567
25 37 1018
25 38 220
25 39 519
25 40 970
25 41 172
25 42 471
25 43 922
25 44 124
25 45 423
25 46 874
25 47 76
25 48 375
25 49 826
25 50 124
25 51 423
25 52 874
25 53 388
26 0 488
26 1 383
26 2 418
26 3 608
26 4 396
26 5 522
26 6 487
26 7 639
26 8 78
26 9 695
26 10 516
26 11 756
26 12 656
26 13 613
26 14 647
26 15 322
26 16 582
26 17 383
26 18 569
26 19 370
26 20 552
26 21 517
26 22 899
26 23 408
26 24 438
26 25 252
26 26 0
26 27 322
26 28 304
26 29 52
26 30 495
26 31 577
26 32 439
26 33 460
26 34 617
26 35 368
26 36 563
26 37 1014
26 38 320
26 39 515
26 40 966
26 41 272
26 42 467
26 43 918
26 44 224
26 45 419
26 46 870
26 47 176
26 48 371
26 49 822
26 50 128
26 51 323
26 52 774
26 53 488
27 0 266
27 1 161
27 2 196
27 3 542
27 4 174
27 5 300
27 6 265
27 7 573
27 8 244
27 9 629
27 10 738
27 11 690
27 12 590
27 13 547
27 14 581
27 15 0
27 16 516
27 17 161
27 18 299
27 19 148
27 20 486
27 21 351
27 22 833
27 23 534
27 24 660
27 25 222
27 26 322
27 27 0
27 28 274
27 29 270
27 30 525
27 31 703
27 32 117
27 33 586
27 34 551
27 35 146
27 36 497
27 37 948
27 38 98
27 39 449
27 40 900
27 41 50
27 42 401
27 43 852
27 44 98
27 45 449
27 46 900
27 47 146
27 48 497
27 49 948
27 50 194
27 51 545
27 52 996
27 53 266
28 0 440
28 1 335
28 2 370
28 3 560
28 4 348
28 5 474
28 6 439
28 7 591
28 8 226
28 9 647
28 10 564
28 11 708
28 12 608
28 13 565
28 14 599
28 15 274
28 16 534
28 17 335
28 18 521
28 19 322
28 20 504
28 21 469
28 22 851
28 23 360
28 24 486
28 25 52
28 26 304
28 27 274
28 28 0
28 29 252
28 30 447
28 31 529
28 32 391
28 33 412
28 34 569
28 35 320
28 36 515
28 37 966
28 38 272
28 39 467
28 40 918
28 41 224
28 42 419
28 43 870
28 44 176
28 45 371
28 46 822
28 47 128
28 48 323
28 49 774
28 50 176
28 51 371
28 52 822
28 53 440
29 0 436
29 1 331
29 2 366
29 3 660
29 4 344
29 5 470
29 6 435
29 7 691
29 8 26
29 9 747
29 10 568
29 11 808
29 12 708
29 13 665
29 14 699
29 15 270
29 16 634
29 17 331
29 18 569
29 19 318
29 20 604
29 21 569
29 22 951
29 23 460
29 24 490
29 25 200
29 26 52
29 27 270
29 28 252
29 29 0
29 30 547
29 31 629
29 32 387
29 33 512
29 34 669
29 35 316
29 36 615
29 37 1066
29 38 268
29 39 567
29 40 1018
29 41 220
29 42 519
29 43 970
29 44 172
29 45 471
29 46 922
29 47 124
29 48 423
29 49 874
29 50 76
29 51 375
29 52 826
29 53 436
30 0 791
30 1 560
30 2 621
30 3 265
30 4 547
30 5 517
30 6 456
30 7 296
30 8 573
30 9 352
30 10 365
30 11 413
30 12 313
30 13 270
30 14 304
30 15 525
30 16 239
30 17 560
30 18 226
30 19 573
30 20 209
30 21 174
30 22 556
30 23 161
30 24 287
30 25 499
30 26 495
30 27 525
30 28 447
30 29 547
30 30 0
30 31 330
30 32 408
30 33 213
30 34 274
30 35 671
30 36 220
30 37 519
30 38 623
30 39 172
30 40 471
30 41 575
30 42 124
30 43 423
30 44 527
30 45 76
30 46 375
30 47 575
30 48 124
30 49 423
30 50 623
30 51 172
30 52 471
30 53 791
31 0 969
31 1 738
31 2 799
31 3 443
31 4 725
31 5 695
31 6 634
31 7 474
31 8 655
31 9 530
31 10 447
31 11 591
31 12 491
31 13 448
31 14 482
31 15 703
31 16 417
31 17 738
31 18 404
31 19 751
31 20 387
31 21 352
31 22 552
31 23 169
31 24 369
31 25 581
31 26 577
31 27 703
31 28 529
31 29 629
31 30 330
31 31 0
31 32 586
31 33 117
31 34 452
31 35 849
31 36 398
31 37 437
31 38 801
31 39 350
31 40 389
31 41 753
31 42 302
31 43 341
31 44 705
31 45 254
31 46 293
31 47 657
31 48 206
31 49 245
31 50 705
31 51 254
31 52 293
31 53 969
32 0 383
32 1 278
32 2 313
32 3 425
32 4 291
32 5 417
32 6 382
32 7 456
32 8 361
32 9 512
32 10 621
32 11 573
32 12 473
32 13 430
32 14 464
32 15 117
32 16 399
32 17 278
32 18 182
32 19 265
32 20 369
32 21 234
32 22 716
32 23 417
32 24 543
32 25 339
32 26 439
32 27 117
32 28 391
32 29 387
32 30 408
32 31 586
32 32 0
32 33 469
32 34 434
32 35 263
32 36 380
32 37 831
32 38 215
32 39 332
32 40 783
32 41 167
32 42 284
32 43 735
32 44 215
32 45 332
32 46 783
32 47 263
32 48 380
32 49 831
32 50 311
32 51 428
32 52 879
32 53 383
33 0 852
33 1 621
33 2 682
33 3 326
33 4 608
33 5 578
33 6 517
33 7 357
33 8 538
33 9 413
33 10 330
33 11 474
33 12 374
33 13 331
33 14 365
33 15 586
33 16 300
33 17 621
33 18 287
33 19 634
33 20 270
33 21 235
33 22 617
33 23 52
33 24 252
33 25 464
33 26 460
33 27 586
33 28 412
33 29 512
33 30 213
33 31 117
33 32 469
33 33 0
33 34 335
33 35 732
33 36 281
33 37 554
33 38 684
33 39 233
33 40 506
33 41 636
33 42 185
33 43 458
33 44 588
33 45 137
33 46 410
33 47 540
33 48 89
33 49 362
33 50 588
33 51 137
33 52 410
33 53 852
34 0 721
34 1 490
34 2 551
34 3 291
34 4 477
34 5 447
34 6 386
34 7 226
34 8 695
34 9 78
34 10 487
34 11 343
34 12 39
34 13 200
34 14 330
34 15 551
34 16 265
34 17 490
34 18 252
34 19 503
34 20 65
34 21 200
34 22 486
34 23 283
34 24 409
34 25 621
34 26 617
34 27 551
34 28 569
34 29 669
34 30 274
34 31 452
34 32 434
34 33 335
34 34 0
34 35 601
34 36 150
34 37 397
34 38 553
34 39 102
34 40 349
34 41 601
34 42 150
34 43 397
34 44 649
34 45 198
34 46 445
34 47 697
34 48 246
34 49 493
34 50 745
34 51 294
34 52 541
34 53 721
35 0 120
35 1 111
35 2 50
35 3 688
35 4 124
35 5 154
35 6 215
35 7 527
35 8 290
35 9 679
35 10 884
35 11 644
35 12 640
35 13 501
35 14 727
35 15 146
35 16 662
35 17 111
35 18 445
35 19 98
35 20 536
35 21 497
35 22 787
35 23 680
35 24 806
35 25 268
35 26 368
35 27 146
35 28 320
35 29 316
35 30 671
35 31 849
35 32 263
35 33 732
35 34 601
35 35 0
35 36 451
35 37 902
35 38 48
35 39 499
35 40 950
35 41 96
35 42 547
35 43 998
35 44 144
35 45 595
35 46 1046
35 47 192
35 48 643
35 49 1094
35 50 240
35 51 691
35 52 1142
35 53 120
36 0 571
36 1 436
36 2 401
36 3 237
36 4 423
36 5 297
36 6 332
36 7 76
36 8 641
36 9 228
36 10 433
36 11 193
36 12 189
36 13 50
36 14 276
36 15 497
36 16 211
36 17 436
36 18 198
36 19 449
36 20 85
36 21 146
36 22 336
36 23 229
36 24 355
36 25 567
36 26 563
36 27 497
36 28 515
36 29 615
36 30 220
36 31 398
36 32 380
36 33 281
36 34 150
36 35 451
36 36 0
36 37 451
36 38 499
36 39 48
36 40 499
36 41 547
36 42 96
36 43 547
36 44 595
36 45 144
36 46 595
36 47 643
36 48 192
36 49 643
36 50 691
36 51 240
36 52 691
36 53 571
37 0 1022
37 1 887
37 2 852
37 3 406
37 4 874
37 5 748
37 6 783
37 7 375
37 8 1092
37 9 319
37 10 498
37 11 258
37 12 358
37 13 401
37 14 367
37 15 948
37 16 432
37 17 887
37 18 649
37 19 900
37 20 462
37 21 597
37 22 115
37 23 606
37 24 576
37 25 1018
37 26 1014
37 27 948
37 28 966
37 29 1066
37 30 519
37 31 437
37 32 831
37 33 554
37 34 397
37 35 902
37 36 451
37 37 0
37 38 950
37 39 499
37 40 48
37 41 998
37 42 547
37 43 96
37 44 1046
37 45 595
37 46 144
37 47 1094
37 48 643
37 49 192
37 50 1142
37 51 691
37 52 240
37 53 1022
38 0 168
38 1 63
38 2 98
38 3 640
38 4 76
38 5 202
38 6 167
38 7 575
38 8 242
38 9 631
38 10 836
38 11 692
38 12 592
38 13 549
38 14 679
38 15 98
38 16 614
38 17 63
38 18 397
38 19 50
38 20 488
38 21 449
38 22 835
38 23 632
38 24 758
38 25 220
38 26 320
38 27 98
38 28 272
38 29 268
38 30 623
38 31 801
38 32 215
38 33 684
38 34 553
38 35 48
38 36 499
38 37 950
38 38 0
38 39 451
38 40 902
38 41 48
38 42 499
38 43 950
38 44 96
38 45 547
38 46 998
38 47 144
38 48 595
38 49 1046
38 50 192
38 51 643
38 52 1094
38 53 168
39 0 619
39 1 388
39 2 449
39 3 189
39 4 375
39 5 345
39 6 284
39 7 124
39 8 593
39 9 180
39 10 385
39 11 241
39 12 141
39 13 98
39 14 228
39 15 449
39 16 163
39 17 388
39 18 150
39 19 401
39 20 37
39 21 98
39 22 384
39 23 181
39 24 307
39 25 519
39 26 515
39 27 449
39 28 467
39 29 567
39 30 172
39 31 350
39 32 332
39 33 233
39 34 102
39 35 499
39 36 48
39 37 499
39 38 451
39 39 0
39 40 451
39 41 499
39 42 48
39 43 499
39 44 547
39 45 96
39 46 547
39 47 595
39 48 144
39 49 595
39 50 643
39 51 192
39 52 643
39 53 619
40 0 1070
40 1 839
40 2 900
40 3 358
40 4 826
40 5 796
40 6 735
40 7 423
40 8 1044
40 9 271
40 10 450
40 11 306
40 12 310
40 13 449
40 14 319
40 15 900
40 16 384
40 17 839
40 18 601
40 19 852
40 20 414
40 21 549
40 22 163
40 23 558
40 24 528
40 25 970
40 26 966
40 27 900
40 28 918
40 29 1018
40 30 471
40 31 389
40 32 783
40 33 506
40 34 349
40 35 950
40 36 499
40 37 48
40 38 902
40 39 451
40 40 0
40 41 950
40 42 499
40 43 48
40 44 998
40 45 547
40 46 96
40 47 1046
40 48 595
40 49 144
40 50 1094
40 51 643
40 52 192
40 53 1070
41 0 216
41 1 111
41 2 146
41 3 592
41 4 124
41 5 250
41 6 215
41 7 623
41 8 194
41 9 679
41 10 788
41 11 740
41 12 640
41 13 597
41 14 631
41 15 50
41 16 566
41 17 111
41 18 349
41 19 98
41 20 536
41 21 401
41 22 883
41 23 584
41 24 710
41 25 172
41 26 272
41 27 50
41 28 224
41 29 220
41 30 575
41 31 753
41 32 167
41 33 636
41 34 601
41 35 96
41 36 547
41 37 998
41 38 48
41 39 499
41 40 950
41 41 0
41 42 451
41 43 902
41 44 48
41 45 499
41 46 950
41 47 96
41 48 547
41 49 998
41 50 144
41 51 595
41 52 1046
41 53 216
42 0 667
42 1 436
42 2 497
42 3 141
42 4 423
42 5 393
42 6 332
42 7 172
42 8 545
42 9 228
42 10 337
42 11 289
42 12 189
42 13 146
42 14 180
42 15 401
42 16 115
42 17 436
42 18 102
42 19 449
42 20 85
42 21 50
42 22 432
42 23 133
42 24 259
42 25 471
42 26 467
42 27 401
42 28 419
42 29 519
42 30 124
42 31 302
42 32 284
42 33 185
42 34 150
42 35 547
42 36 96
42 37 547
42 38 499
42 39 48
42 40 499
42 41 451
42 42 0
42 43 451
42 44 499
42 45 48
42 46 499
42 47 547
42 48 96
42 49 547
42 50 595
42 51 144
42 52 595
42 53 667
43 0 1118
43 1 887
43 2 948
43 3 310
43 4 874
43 5 844
43 6 783
43 7 471
43 8 996
43 9 319
43 10 402
43 11 354
43 12 358
43 13 497
43 14 271
43 15 852
43 16 336
43 17 887
43 18 553
43 19 900
43 20 462
43 21 501
43 22 211
43 23 510
43 24 480
43 25 922
43 26 918
43 27 852
43 28 870
43 29 970
43 30 423
43 31 341
43 32 735
43 33 458
43 34 397
43 35 998
43 36 547
43 37 96
43 38 950
43 39 499
43 40 48
43 41 902
43 42 451
43 43 0
43 44 950
43 45 499
43 46 48
43 47 998
43 48 547
43 49 96
43 50 1046
43 51 595
43 52 144
43 53 1118
44 0 264
44 1 159
44 2 194
44 3 640
44 4 172
44 5 298
44 6 263
44 7 671
44 8 146
44 9 727
44 10 740
44 11 788
44 12 688
44 13 645
44 14 679
44 15 98
44 16 614
44 17 159
44 18 397
44 19 146
44 20 584
44 21 449
44 22 931
44 23 536
44 24 662
44 25 124
44 26 224
44 27 98
44 28 176
44 29 172
44 30 527
44 31 705
44 32 215
44 33 588
44 34 649
44 35 144
44 36 595
44 37 1046
44 38 96
44 39 547
44 40 998
44 41 48
44 42 499
44 43 950
44 44 0
44 45 451
44 46 902
44 47 48
44 48 499
44 49 950
44 50 96
44 51 547
44 52 998
44 53 264
45 0 715
45 1 484
45 2 545
45 3 189
45 4 471
45 5 441
45 6 380
45 7 220
45 8 497
45 9 276
45 10 289
45 11 337
45 12 237
45 13 194
45 14 228
45 15 449
45 16 163
45 17 484
45 18 150
45 19 497
45 20 133
45 21 98
45 22 480
45 23 85
45 24 211
45 25 423
45 26 419
45 27 449
45 28 371
45 29 471
45 30 76
45 31 254
45 32 332
45 33 137
45 34 198
45 35 595
45 36 144
45 37 595
45 38 547
45 39 96
45 40 547
45 41 499
45 42 48
45 43 499
45 44 451
45 45 0
45 46 451
45 47 499
45 48 48
45 49 499
45 50 547
45 51 96
45 52 547
45 53 715
46 0 1166
46 1 935
46 2 996
46 3 358
46 4 922
46 5 892
46 6 831
46 7 519
46 8 948
46 9 367
46 10 354
46 11 402
46 12 406
46 13 545
46 14 319
46 15 900
46 16 384
46 17 935
46 18 601
46 19 948
46 20 510
46 21 549
46 22 259
46 23 462
46 24 432
46 25 874
46 26 870
46 27 900
46 28 822
46 29 922
46 30 375
46 31 293
46 32 783
46 33 410
46 34 445
46 35 1046
46 36 595
46 37 144
46 38 998
46 39 547
46 40 96
46 41 950
46 42 499
46 43 48
46 44 902
46 45 451
46 46 0
46 47 950
46 48 499
46 49 48
46 50 998
46 51 547
46 52 96
46 53 1166
47 0 312
47 1 207
47 2 242
47 3 688
47 4 220
47 5 346
47 6 311
47 7 719
47 8 98
47 9 775
47 10 692
47 11 836
47 12 736
47 13 693
47 14 727
47 15 146
47 16 662
47 17 207
47 18 445
47 19 194
47 20 632
47 21 497
47 22 979
47 23 488
47 24 614
47 25 76
47 26 176
47 27 146
47 28 128
47 29 124
47 30 575
47 31 657
47 32 263
47 33 540
47 34 697
47 35 192
47 36 643
47 37 1094
47 38 144
47 39 595
47 40 1046
47 41 96
47 42 547
47 43 998
47 44 48
47 45 499
47 46 950
47 47 0
47 48 451
47 49 902
47 50 48
47 51 499
47 52 950
47 53 312
48 0 763
48 1 532
48 2 593
48 3 237
48 4 519
48 5 489
48 6 428
48 7 268
48 8 449
48 9 324
48 10 241
48 11 385
48 12 285
48 13 242
48 14 276
48 15 497
48 16 211
48 17 532
48 18 198
48 19 545
48 20 181
48 21 146
48 22 528
48 23 37
48 24 163
48 25 375
48 26 371
48 27 497
48 28 323
48 29 423
48 30 124
48 31 206
48 32 380
48 33 89
48 34 246
48 35 643
48 36 192
48 37 643
48 38 595
48 39 144
48 40 595
48 41 547
48 42 96
48 43 547
48 44 499
48 45 48
48 46 499
48 47 451
48 48 0
48 49 451
48 50 499
48 51 48
48 52 499
48 53 763
49 0 1214
49 1 983
49 2 1044
49 3 406
49 4 970
49 5 940
49 6 879
49 7 567
49 8 900
49 9 415
49 10 306
49 11 450
49 12 454
49 13 593
49 14 367
49 15 948
49 16 432
49 17 983
49 18 649
49 19 996
49 20 558
49 21 597
49 22 307
49 23 414
49 24 384
49 25 826
49 26 822
49 27 948
49 28 774
49 29 874
49 30 423
49 31 245
49 32 831
49 33 362
49 34 493
49 35 1094
49 36 643
49 37 192
49 38 1046
49 39 595
49 40 144
49 41 998
49 42 547
49 43 96
49 44 950
49 45 499
49 46 48
49 47 902
49 48 451
49 49 0
49 50 950
49 51 499
49 52 48
49 53 1214
50 0 360
50 1 255
50 2 290
50 3 736
50 4 268
50 5 394
50 6 359
50 7 767
50 8 50
50 9 823
50 10 644
50 11 884
50 12 784
50 13 741
50 14 775
50 15 194
50 16 710
50 17 255
50 18 493
50 19 242
50 20 680
50 21 545
50 22 1027
50 23 536
50 24 566
50 25 124
50 26 128
50 27 194
50 28 176
50 29 76
50 30 623
50 31 705
50 32 311
50 33 588
50 34 745
50 35 240
50 36 691
50 37 1142
50 38 192
50 39 643
50 40 1094
50 41 144
50 42 595
50 43 1046
50 44 96
50 45 547
50 46 998
50 47 48
50 48 499
50 49 950
50 50 0
50 51 451
50 52 902
50 53 360
51 0 811
51 1 580
51 2 641
51 3 285
51 4 567
51 5 537
51 6 476
51 7 316
51 8 401
51 9 372
51 10 193
51 11 433
51 12 333
51 13 290
51 14 324
51 15 545
51 16 259
51 17 580
51 18 246
51 19 593
51 20 229
51 21 194
51 22 576
51 23 85
51 24 115
51 25 423
51 26 323
51 27 545
51 28 371
51 29 375
51 30 172
51 31 254
51 32 428
51 33 137
51 34 294
51 35 691
51 36 240
51 37 691
51 38 643
51 39 192
51 40 643
51 41 595
51 42 144
51 43 595
51 44 547
51 45 96
51 46 547
51 47 499
51 48 48
51 49 499
51 50 451
51 51 0
51 52 451
51 53 811
52 0 1262
52 1 1031
52 2 1092
52 3 454
52 4 1018
52 5 988
52 6 927
52 7 615
52 8 852
52 9 463
52 10 258
52 11 498
52 12 502
52 13 641
52 14 415
52 15 996
52 16 480
52 17 1031
52 18 697
52 19 1044
52 20 606
52 21 645
52 22 355
52 23 462
52 24 336
52 25 874
52 26 774
52 27 996
52 28 822
52 29 826
52 30 471
52 31 293
52 32 879
52 33 410
52 34 541
52 35 1142
52 36 691
52 37 240
52 38 1094
52 39 643
52 40 192
52 41 1046
52 42 595
52 43 144
52 44 998
52 45 547
52 46 96
52 47 950
52 48 499
52 49 48
52 50 902
52 51 451
52 52 0
52 53 1262
53 0 0
53 1 231
53 2 170
53 3 808
53 4 244
53 5 274
53 6 335
53 7 647
53 8 410
53 9 799
53 10 1004
53 11 764
53 12 760
53 13 621
53 14 847
53 15 266
53 16 782
53 17 231
53 18 565
53 19 218
53 20 656
53 21 617
53 22 907
53 23 800
53 24 926
53 25 388
53 26 488
53 27 266
53 28 440
53 29 436
53 30 791
53 31 969
53 32 383
53 33 852
53 34 721
53 35 120
53 36 571
53 37 1022
53 38 168
53 39 619
53 40 1070
53 41 216
53 42 667
53 43 1118
53 44 264
53 45 715
53 46 1166
53 47 312
53 48 763
53 49 1214
53 50 360
53 51 811
53 52 1262
53 53 0
//Location coordinates LocationName
//Loc x y
0 0.0 0.0 "depot"
1 48.0 183.0 "product aisle 1 bloc 0 rank 6"
2 0.0 170.0 "product aisle 0 bloc 0 rank 4"
3 96.0 712.0 "product aisle 2 bloc 1 rank 17"
4 48.0 196.0 "product aisle 1 bloc 0 rank 8"
5 0.0 274.0 "product aisle 0 bloc 0 rank 20"
6 48.0 287.0 "product aisle 1 bloc 0 rank 22"
7 0.0 647.0 "product aisle 0 bloc 1 rank 7"
8 240.0 170.0 "product aisle 5 bloc 0 rank 4"
9 48.0 751.0 "product aisle 1 bloc 1 rank 24"
10 240.0 764.0 "product aisle 5 bloc 1 rank 26"
11 0.0 764.0 "product aisle 0 bloc 1 rank 25"
12 48.0 712.0 "product aisle 1 bloc 1 rank 18"
13 0.0 621.0 "product aisle 0 bloc 1 rank 3"
14 96.0 751.0 "product aisle 2 bloc 1 rank 24"
15 96.0 170.0 "product aisle 2 bloc 0 rank 4"
16 96.0 686.0 "product aisle 2 bloc 1 rank 13"
17 48.0 183.0 "product aisle 1 bloc 0 rank 5"
18 96.0 469.0 "product aisle 2 bloc 0 rank 50"
19 48.0 170.0 "product aisle 1 bloc 0 rank 4"
20 48.0 608.0 "product aisle 1 bloc 1 rank 2"
21 96.0 521.0 "product aisle 2 bloc 0 rank 58"
22 0.0 907.0 "product aisle 0 bloc 1 rank 47"
23 192.0 608.0 "product aisle 4 bloc 1 rank 1"
24 240.0 686.0 "product aisle 5 bloc 1 rank 13"
25 192.0 196.0 "product aisle 4 bloc 0 rank 7"
26 240.0 248.0 "product aisle 5 bloc 0 rank 15"
27 96.0 170.0 "product aisle 2 bloc 0 rank 3"
28 192.0 248.0 "product aisle 4 bloc 0 rank 15"
29 240.0 196.0 "product aisle 5 bloc 0 rank 8"
30 144.0 647.0 "product aisle 3 bloc 1 rank 8"
31 192.0 777.0 "product aisle 4 bloc 1 rank 27"
32 96.0 287.0 "product aisle 2 bloc 0 rank 21"
33 192.0 660.0 "product aisle 4 bloc 1 rank 9"
34 48.0 673.0 "product aisle 1 bloc 1 rank 12"
35 24.0 120.0 "intersection aisle 0 bloc 0 rank 0"
36 24.0 571.0 "intersection aisle 0 bloc 1 rank 1"
37 24.0 1022.0 "intersection aisle 0 bloc 2 rank 2"
38 72.0 120.0 "intersection aisle 1 bloc 0 rank 0"
39 72.0 571.0 "intersection aisle 1 bloc 1 rank 1"
40 72.0 1022.0 "intersection aisle 1 bloc 2 rank 2"
41 120.0 120.0 "intersection aisle 2 bloc 0 rank 0"
42 120.0 571.0 "intersection aisle 2 bloc 1 rank 1"
43 120.0 1022.0 "intersection aisle 2 bloc 2 rank 2"
44 168.0 120.0 "intersection aisle 3 bloc 0 rank 0"
45 168.0 571.0 "intersection aisle 3 bloc 1 rank 1"
46 168.0 1022.0 "intersection aisle 3 bloc 2 rank 2"
47 216.0 120.0 "intersection aisle 4 bloc 0 rank 0"
48 216.0 571.0 "intersection aisle 4 bloc 1 rank 1"
49 216.0 1022.0 "intersection aisle 4 bloc 2 rank 2"
50 264.0 120.0 "intersection aisle 5 bloc 0 rank 0"
51 264.0 571.0 "intersection aisle 5 bloc 1 rank 1"
52 264.0 1022.0 "intersection aisle 5 bloc 2 rank 2"
53 0.0 0.0 "depot"
