//alpha
1
//NbLocations
77
//NbProducts
41
//NbPickers
2
//CapaPicker
8
//TimeToTravelOneDistanceUnit
3
//SetupTime
5400
//PickTime
300
//Products
//Idx Location Size
1 1 1
2 2 1
3 3 1
4 4 1
5 5 1
6 6 1
7 7 1
8 8 1
9 9 1
10 10 1
11 11 1
12 12 1
13 13 1
14 14 1
15 15 1
16 16 1
17 17 1
18 18 1
19 19 1
20 20 1
21 21 1
22 22 1
23 23 1
24 24 1
25 25 1
26 26 1
27 27 1
28 28 1
29 29 1
30 30 1
31 31 1
32 32 1
33 33 1
34 34 1
35 35 1
36 36 1
37 27 1
38 37 1
39 38 1
40 39 1
41 40 1
//Orders
//NbOrders
18
//Idx DueDate TardinessPenalty NbProdInOrder ProdIdx1 Qty1 ProdIdx2 Qty2 ...
1 108000 0 2 1 1 2 1
2 72000 0 2 3 1 4 1
3 36000 0 2 5 1 6 1
4 90000 0 4 7 1 8 1 9 1 10 1
5 54000 0 2 11 1 12 1
6 90000 0 1 13 1
7 72000 0 5 14 1 15 1 16 1 17 1 18 1
8 72000 0 6 19 1 20 1 21 1 22 1 23 1 24 1
9 108000 0 1 25 1
10 126000 0 1 26 1
11 72000 0 1 27 1
12 54000 0 3 28 1 29 1 30 1
13 90000 0 3 31 1 32 1 33 1
14 108000 0 2 34 1 35 1
15 72000 0 1 36 1
16 72000 0 1 37 1
17 54000 0 3 38 1 39 1 40 1
18 108000 0 1 41 1
//Graph (Products are vertices indexed from 1 to NbProducts)
//NbVerticesIntersections
36
//DepartingDepot
0
//ArrivalDepot
77
//Arcs
//Start End Distance
0 41 120
1 7 13
1 39 494
2 26 65
2 27 13
3 20 78
3 27 65
4 10 169
4 42 232
5 22 195
5 48 531
6 25 130
6 34 208
7 1 13
7 45 76
8 10 182
8 31 78
9 36 65
9 71 648
10 4 169
10 8 182
11 18 130
11 29 39
12 75 206
12 76 635
13 19 26
13 26 78
14 20 26
14 45 50
15 17 39
15 28 143
16 18 104
16 41 271
17 15 39
17 46 141
18 11 130
18 16 104
19 13 26
19 30 91
20 3 78
20 14 26
21 54 570
21 55 271
22 5 195
22 23 78
23 22 78
23 49 37
24 59 258
24 60 583
25 6 130
25 50 76
26 2 65
26 13 78
27 2 13
27 3 65
28 15 143
28 32 13
29 11 39
29 42 297
30 19 91
30 32 13
31 8 78
31 43 180
32 28 13
32 30 13
33 69 778
33 70 63
34 6 208
34 51 427
35 37 26
35 52 778
36 9 65
36 72 128
37 35 26
37 51 37
38 56 193
38 57 648
39 1 494
39 44 258
40 53 661
40 54 180
41 16 271
41 44 48
41 77 120
42 4 232
42 29 297
42 45 48
43 31 180
43 46 48
44 39 258
44 41 48
44 47 48
45 7 76
45 14 50
45 42 48
45 48 48
46 17 141
46 43 48
46 49 48
47 44 48
47 48 841
47 50 48
48 5 531
48 45 48
48 47 841
48 51 48
49 23 37
49 46 48
49 52 48
50 25 76
50 47 48
50 53 48
51 34 427
51 37 37
51 48 48
51 54 48
52 35 778
52 49 48
52 55 48
53 40 661
53 50 48
53 56 48
54 21 570
54 40 180
54 51 48
54 57 48
55 21 271
55 52 48
55 58 48
56 38 193
56 53 48
56 59 48
57 38 648
57 54 48
57 58 841
57 60 48
58 55 48
58 57 841
58 61 48
59 24 258
59 56 48
59 62 48
60 24 583
60 57 48
60 61 841
60 63 48
61 58 48
61 60 841
61 64 48
62 59 48
62 63 841
62 65 48
63 60 48
63 62 841
63 64 841
63 66 48
64 61 48
64 63 841
64 67 48
65 62 48
65 66 841
65 68 48
66 63 48
66 65 841
66 67 841
66 69 48
67 64 48
67 66 841
67 70 48
68 65 48
68 69 841
68 71 48
69 33 778
69 66 48
69 68 841
69 72 48
70 33 63
70 67 48
70 73 48
71 9 648
71 68 48
71 74 48
72 36 128
72 69 48
72 73 841
72 75 48
73 70 48
73 72 841
73 76 48
74 71 48
74 75 841
75 12 206
75 72 48
75 74 841
76 12 635
76 73 48
//LocStart LocEnd ShortestPath
0 0 0
0 1 920
0 2 1241
0 3 1163
0 4 1193
0 5 1588
0 6 470
0 7 933
0 8 1544
0 9 1248
0 10 1362
0 11 625
0 12 1695
0 13 1384
0 14 1059
0 15 1670
0 16 391
0 17 1709
0 18 495
0 19 1410
0 20 1085
0 21 1723
0 22 1783
0 23 1861
0 24 666
0 25 340
0 26 1306
0 27 1228
0 28 1527
0 29 664
0 30 1501
0 31 1622
0 32 1514
0 33 2171
0 34 678
0 35 1168
0 36 1313
0 37 1142
0 38 553
0 39 426
0 40 973
0 41 120
0 42 961
0 43 1802
0 44 168
0 45 1009
0 46 1850
0 47 216
0 48 1057
0 49 1898
0 50 264
0 51 1105
0 52 1946
0 53 312
0 54 1153
0 55 1994
0 56 360
0 57 1201
0 58 2042
0 59 408
0 60 1249
0 61 2090
0 62 456
0 63 1297
0 64 2138
0 65 504
0 66 1345
0 67 2186
0 68 552
0 69 1393
0 70 2234
0 71 600
0 72 1441
0 73 2282
0 74 648
0 75 1489
0 76 2330
0 77 0
1 0 920
1 1 0
1 2 321
1 3 243
1 4 369
1 5 668
1 6 820
1 7 13
1 8 720
1 9 714
1 10 538
1 11 473
1 12 775
1 13 464
1 14 139
1 15 750
1 16 707
1 17 789
1 18 603
1 19 490
1 20 165
1 21 803
1 22 863
1 23 941
1 24 912
1 25 924
1 26 386
1 27 308
1 28 607
1 29 434
1 30 581
1 31 798
1 32 594
1 33 1251
1 34 612
1 35 248
1 36 649
1 37 222
1 38 929
1 39 494
1 40 413
1 41 800
1 42 137
1 43 978
1 44 752
1 45 89
1 46 930
1 47 800
1 48 137
1 49 978
1 50 848
1 51 185
1 52 1026
1 53 896
1 54 233
1 55 1074
1 56 944
1 57 281
1 58 1122
1 59 992
1 60 329
1 61 1170
1 62 1040
1 63 377
1 64 1218
1 65 1088
1 66 425
1 67 1266
1 68 1136
1 69 473
1 70 1314
1 71 1184
1 72 521
1 73 1362
1 74 1232
1 75 569
1 76 1410
1 77 920
2 0 1241
2 1 321
2 2 0
2 3 78
2 4 512
2 5 811
2 6 963
2 7 308
2 8 863
2 9 857
2 10 681
2 11 616
2 12 918
2 13 143
2 14 182
2 15 429
2 16 850
2 17 468
2 18 746
2 19 169
2 20 156
2 21 946
2 22 772
2 23 694
2 24 1055
2 25 1093
2 26 65
2 27 13
2 28 286
2 29 577
2 30 260
2 31 837
2 32 273
2 33 1056
2 34 755
2 35 391
2 36 792
2 37 365
2 38 1072
2 39 815
2 40 556
2 41 1121
2 42 280
2 43 657
2 44 1073
2 45 232
2 46 609
2 47 1121
2 48 280
2 49 657
2 50 1169
2 51 328
2 52 705
2 53 1217
2 54 376
2 55 753
2 56 1265
2 57 424
2 58 801
2 59 1313
2 60 472
2 61 849
2 62 1361
2 63 520
2 64 897
2 65 1409
2 66 568
2 67 945
2 68 1457
2 69 616
2 70 993
2 71 1505
2 72 664
2 73 1041
2 74 1553
2 75 712
2 76 1089
2 77 1241
3 0 1163
3 1 243
3 2 78
3 3 0
3 4 434
3 5 733
3 6 885
3 7 230
3 8 785
3 9 779
3 10 603
3 11 538
3 12 840
3 13 221
3 14 104
3 15 507
3 16 772
3 17 546
3 18 668
3 19 247
3 20 78
3 21 868
3 22 850
3 23 772
3 24 977
3 25 1015
3 26 143
3 27 65
3 28 364
3 29 499
3 30 338
3 31 863
3 32 351
3 33 1134
3 34 677
3 35 313
3 36 714
3 37 287
3 38 994
3 39 737
3 40 478
3 41 1043
3 42 202
3 43 735
3 44 995
3 45 154
3 46 687
3 47 1043
3 48 202
3 49 735
3 50 1091
3 51 250
3 52 783
3 53 1139
3 54 298
3 55 831
3 56 1187
3 57 346
3 58 879
3 59 1235
3 60 394
3 61 927
3 62 1283
3 63 442
3 64 975
3 65 1331
3 66 490
3 67 1023
3 68 1379
3 69 538
3 70 1071
3 71 1427
3 72 586
3 73 1119
3 74 1475
3 75 634
3 76 1167
3 77 1163
4 0 1193
4 1 369
4 2 512
4 3 434
4 4 0
4 5 859
4 6 1011
4 7 356
4 8 351
4 9 905
4 10 169
4 11 568
4 12 966
4 13 655
4 14 330
4 15 837
4 16 802
4 17 798
4 18 698
4 19 681
4 20 356
4 21 994
4 22 820
4 23 742
4 24 1103
4 25 1141
4 26 577
4 27 499
4 28 798
4 29 529
4 30 772
4 31 429
4 32 785
4 33 1104
4 34 803
4 35 439
4 36 840
4 37 413
4 38 1120
4 39 863
4 40 604
4 41 1073
4 42 232
4 43 609
4 44 1121
4 45 280
4 46 657
4 47 1169
4 48 328
4 49 705
4 50 1217
4 51 376
4 52 753
4 53 1265
4 54 424
4 55 801
4 56 1313
4 57 472
4 58 849
4 59 1361
4 60 520
4 61 897
4 62 1409
4 63 568
4 64 945
4 65 1457
4 66 616
4 67 993
4 68 1505
4 69 664
4 70 1041
4 71 1553
4 72 712
4 73 1089
4 74 1601
4 75 760
4 76 1137
4 77 1193
5 0 1588
5 1 668
5 2 811
5 3 733
5 4 859
5 5 0
5 6 1214
5 7 655
5 8 664
5 9 1108
5 10 846
5 11 963
5 12 1169
5 13 824
5 14 629
5 15 538
5 16 1197
5 17 499
5 18 1093
5 19 798
5 20 655
5 21 677
5 22 195
5 23 273
5 24 1306
5 25 1344
5 26 876
5 27 798
5 28 681
5 29 924
5 30 707
5 31 586
5 32 694
5 33 709
5 34 1006
5 35 642
5 36 1043
5 37 616
5 38 1323
5 39 1162
5 40 807
5 41 1468
5 42 627
5 43 406
5 44 1420
5 45 579
5 46 358
5 47 1372
5 48 531
5 49 310
5 50 1420
5 51 579
5 52 358
5 53 1468
5 54 627
5 55 406
5 56 1516
5 57 675
5 58 454
5 59 1564
5 60 723
5 61 502
5 62 1612
5 63 771
5 64 550
5 65 1660
5 66 819
5 67 598
5 68 1708
5 69 867
5 70 646
5 71 1756
5 72 915
5 73 694
5 74 1804
5 75 963
5 76 742
5 77 1588
6 0 470
6 1 820
6 2 963
6 3 885
6 4 1011
6 5 1214
6 6 0
6 7 807
6 8 1362
6 9 1164
6 10 1180
6 11 855
6 12 1225
6 13 1106
6 14 781
6 15 1392
6 16 621
6 17 1431
6 18 725
6 19 1132
6 20 807
6 21 1253
6 22 1409
6 23 1487
6 24 608
6 25 130
6 26 1028
6 27 950
6 28 1249
6 29 894
6 30 1223
6 31 1440
6 32 1236
6 33 1701
6 34 208
6 35 698
6 36 1099
6 37 672
6 38 495
6 39 560
6 40 863
6 41 350
6 42 779
6 43 1620
6 44 302
6 45 731
6 46 1572
6 47 254
6 48 683
6 49 1524
6 50 206
6 51 635
6 52 1476
6 53 254
6 54 683
6 55 1524
6 56 302
6 57 731
6 58 1572
6 59 350
6 60 779
6 61 1620
6 62 398
6 63 827
6 64 1668
6 65 446
6 66 875
6 67 1716
6 68 494
6 69 923
6 70 1764
6 71 542
6 72 971
6 73 1812
6 74 590
6 75 1019
6 76 1860
6 77 470
7 0 933
7 1 13
7 2 308
7 3 230
7 4 356
7 5 655
7 6 807
7 7 0
7 8 707
7 9 701
7 10 525
7 11 460
7 12 762
7 13 451
7 14 126
7 15 737
7 16 694
7 17 776
7 18 590
7 19 477
7 20 152
7 21 790
7 22 850
7 23 928
7 24 899
7 25 937
7 26 373
7 27 295
7 28 594
7 29 421
7 30 568
7 31 785
7 32 581
7 33 1238
7 34 599
7 35 235
7 36 636
7 37 209
7 38 916
7 39 507
7 40 400
7 41 813
7 42 124
7 43 965
7 44 765
7 45 76
7 46 917
7 47 813
7 48 124
7 49 965
7 50 861
7 51 172
7 52 1013
7 53 909
7 54 220
7 55 1061
7 56 957
7 57 268
7 58 1109
7 59 1005
7 60 316
7 61 1157
7 62 1053
7 63 364
7 64 1205
7 65 1101
7 66 412
7 67 1253
7 68 1149
7 69 460
7 70 1301
7 71 1197
7 72 508
7 73 1349
7 74 1245
7 75 556
7 76 1397
7 77 933
8 0 1544
8 1 720
8 2 863
8 3 785
8 4 351
8 5 664
8 6 1362
8 7 707
8 8 0
8 9 1256
8 10 182
8 11 919
8 12 1317
8 13 772
8 14 681
8 15 486
8 16 1153
8 17 447
8 18 1049
8 19 746
8 20 707
8 21 721
8 22 469
8 23 391
8 24 1454
8 25 1492
8 26 850
8 27 850
8 28 629
8 29 880
8 30 655
8 31 78
8 32 642
8 33 753
8 34 1154
8 35 790
8 36 1191
8 37 764
8 38 1471
8 39 1214
8 40 955
8 41 1424
8 42 583
8 43 258
8 44 1472
8 45 631
8 46 306
8 47 1520
8 48 679
8 49 354
8 50 1568
8 51 727
8 52 402
8 53 1616
8 54 775
8 55 450
8 56 1664
8 57 823
8 58 498
8 59 1712
8 60 871
8 61 546
8 62 1760
8 63 919
8 64 594
8 65 1808
8 66 967
8 67 642
8 68 1856
8 69 1015
8 70 690
8 71 1904
8 72 1063
8 73 738
8 74 1952
8 75 1111
8 76 786
8 77 1544
9 0 1248
9 1 714
9 2 857
9 3 779
9 4 905
9 5 1108
9 6 1164
9 7 701
9 8 1256
9 9 0
9 10 1074
9 11 1009
9 12 447
9 13 1000
9 14 675
9 15 1286
9 16 1243
9 17 1325
9 18 1139
9 19 1026
9 20 701
9 21 1051
9 22 1303
9 23 1381
9 24 968
9 25 1060
9 26 922
9 27 844
9 28 1143
9 29 970
9 30 1117
9 31 1334
9 32 1130
9 33 1019
9 34 956
9 35 592
9 36 65
9 37 566
9 38 1081
9 39 1208
9 40 661
9 41 1128
9 42 673
9 43 1514
9 44 1080
9 45 625
9 46 1466
9 47 1032
9 48 577
9 49 1418
9 50 984
9 51 529
9 52 1370
9 53 936
9 54 481
9 55 1322
9 56 888
9 57 433
9 58 1274
9 59 840
9 60 385
9 61 1226
9 62 792
9 63 337
9 64 1178
9 65 744
9 66 289
9 67 1130
9 68 696
9 69 241
9 70 1082
9 71 648
9 72 193
9 73 1034
9 74 696
9 75 241
9 76 1082
9 77 1248
10 0 1362
10 1 538
10 2 681
10 3 603
10 4 169
10 5 846
10 6 1180
10 7 525
10 8 182
10 9 1074
10 10 0
10 11 737
10 12 1135
10 13 824
10 14 499
10 15 668
10 16 971
10 17 629
10 18 867
10 19 850
10 20 525
10 21 903
10 22 651
10 23 573
10 24 1272
10 25 1310
10 26 746
10 27 668
10 28 811
10 29 698
10 30 837
10 31 260
10 32 824
10 33 935
10 34 972
10 35 608
10 36 1009
10 37 582
10 38 1289
10 39 1032
10 40 773
10 41 1242
10 42 401
10 43 440
10 44 1290
10 45 449
10 46 488
10 47 1338
10 48 497
10 49 536
10 50 1386
10 51 545
10 52 584
10 53 1434
10 54 593
10 55 632
10 56 1482
10 57 641
10 58 680
10 59 1530
10 60 689
10 61 728
10 62 1578
10 63 737
10 64 776
10 65 1626
10 66 785
10 67 824
10 68 1674
10 69 833
10 70 872
10 71 1722
10 72 881
10 73 920
10 74 1770
10 75 929
10 76 968
10 77 1362
11 0 625
11 1 473
11 2 616
11 3 538
11 4 568
11 5 963
11 6 855
11 7 460
11 8 919
11 9 1009
11 10 737
11 11 0
11 12 1070
11 13 759
11 14 434
11 15 1045
11 16 234
11 17 1084
11 18 130
11 19 785
11 20 460
11 21 1098
11 22 1158
11 23 1236
11 24 1051
11 25 725
11 26 681
11 27 603
11 28 902
11 29 39
11 30 876
11 31 997
11 32 889
11 33 1546
11 34 907
11 35 543
11 36 944
11 37 517
11 38 938
11 39 811
11 40 708
11 41 505
11 42 336
11 43 1177
11 44 553
11 45 384
11 46 1225
11 47 601
11 48 432
11 49 1273
11 50 649
11 51 480
11 52 1321
11 53 697
11 54 528
11 55 1369
11 56 745
11 57 576
11 58 1417
11 59 793
11 60 624
11 61 1465
11 62 841
11 63 672
11 64 1513
11 65 889
11 66 720
11 67 1561
11 68 937
11 69 768
11 70 1609
11 71 985
11 72 816
11 73 1657
11 74 1033
11 75 864
11 76 1705
11 77 625
12 0 1695
12 1 775
12 2 918
12 3 840
12 4 966
12 5 1169
12 6 1225
12 7 762
12 8 1317
12 9 447
12 10 1135
12 11 1070
12 12 0
12 13 1061
12 14 736
12 15 1295
12 16 1304
12 17 1256
12 18 1200
12 19 1087
12 20 762
12 21 1112
12 22 1182
12 23 1104
12 24 1029
12 25 1355
12 26 983
12 27 905
12 28 1204
12 29 1031
12 30 1178
12 31 1343
12 32 1191
12 33 794
12 34 1017
12 35 653
12 36 382
12 37 627
12 38 1142
12 39 1269
12 40 722
12 41 1575
12 42 734
12 43 1163
12 44 1527
12 45 686
12 46 1115
12 47 1479
12 48 638
12 49 1067
12 50 1431
12 51 590
12 52 1019
12 53 1383
12 54 542
12 55 971
12 56 1335
12 57 494
12 58 923
12 59 1287
12 60 446
12 61 875
12 62 1239
12 63 398
12 64 827
12 65 1191
12 66 350
12 67 779
12 68 1143
12 69 302
12 70 731
12 71 1095
12 72 254
12 73 683
12 74 1047
12 75 206
12 76 635
12 77 1695
13 0 1384
13 1 464
13 2 143
13 3 221
13 4 655
13 5 824
13 6 1106
13 7 451
13 8 772
13 9 1000
13 10 824
13 11 759
13 12 1061
13 13 0
13 14 325
13 15 286
13 16 993
13 17 325
13 18 889
13 19 26
13 20 299
13 21 881
13 22 629
13 23 551
13 24 1198
13 25 1236
13 26 78
13 27 156
13 28 143
13 29 720
13 30 117
13 31 694
13 32 130
13 33 913
13 34 898
13 35 534
13 36 935
13 37 508
13 38 1215
13 39 958
13 40 699
13 41 1264
13 42 423
13 43 514
13 44 1216
13 45 375
13 46 466
13 47 1264
13 48 423
13 49 514
13 50 1312
13 51 471
13 52 562
13 53 1360
13 54 519
13 55 610
13 56 1408
13 57 567
13 58 658
13 59 1456
13 60 615
13 61 706
13 62 1504
13 63 663
13 64 754
13 65 1552
13 66 711
13 67 802
13 68 1600
13 69 759
13 70 850
13 71 1648
13 72 807
13 73 898
13 74 1696
13 75 855
13 76 946
13 77 1384
14 0 1059
14 1 139
14 2 182
14 3 104
14 4 330
14 5 629
14 6 781
14 7 126
14 8 681
14 9 675
14 10 499
14 11 434
14 12 736
14 13 325
14 14 0
14 15 611
14 16 668
14 17 650
14 18 564
14 19 351
14 20 26
14 21 764
14 22 824
14 23 876
14 24 873
14 25 911
14 26 247
14 27 169
14 28 468
14 29 395
14 30 442
14 31 759
14 32 455
14 33 1212
14 34 573
14 35 209
14 36 610
14 37 183
14 38 890
14 39 633
14 40 374
14 41 939
14 42 98
14 43 839
14 44 891
14 45 50
14 46 791
14 47 939
14 48 98
14 49 839
14 50 987
14 51 146
14 52 887
14 53 1035
14 54 194
14 55 935
14 56 1083
14 57 242
14 58 983
14 59 1131
14 60 290
14 61 1031
14 62 1179
14 63 338
14 64 1079
14 65 1227
14 66 386
14 67 1127
14 68 1275
14 69 434
14 70 1175
14 71 1323
14 72 482
14 73 1223
14 74 1371
14 75 530
14 76 1271
14 77 1059
15 0 1670
15 1 750
15 2 429
15 3 507
15 4 837
15 5 538
15 6 1392
15 7 737
15 8 486
15 9 1286
15 10 668
15 11 1045
15 12 1295
15 13 286
15 14 611
15 15 0
15 16 1279
15 17 39
15 18 1175
15 19 260
15 20 585
15 21 595
15 22 343
15 23 265
15 24 1484
15 25 1522
15 26 364
15 27 442
15 28 143
15 29 1006
15 30 169
15 31 408
15 32 156
15 33 627
15 34 1184
15 35 820
15 36 1221
15 37 794
15 38 1501
15 39 1244
15 40 985
15 41 1550
15 42 709
15 43 228
15 44 1502
15 45 661
15 46 180
15 47 1550
15 48 709
15 49 228
15 50 1598
15 51 757
15 52 276
15 53 1646
15 54 805
15 55 324
15 56 1694
15 57 853
15 58 372
15 59 1742
15 60 901
15 61 420
15 62 1790
15 63 949
15 64 468
15 65 1838
15 66 997
15 67 516
15 68 1886
15 69 1045
15 70 564
15 71 1934
15 72 1093
15 73 612
15 74 1982
15 75 1141
15 76 660
15 77 1670
16 0 391
16 1 707
16 2 850
16 3 772
16 4 802
16 5 1197
16 6 621
16 7 694
16 8 1153
16 9 1243
16 10 971
16 11 234
16 12 1304
16 13 993
16 14 668
16 15 1279
16 16 0
16 17 1318
16 18 104
16 19 1019
16 20 694
16 21 1332
16 22 1392
16 23 1470
16 24 817
16 25 491
16 26 915
16 27 837
16 28 1136
16 29 273
16 30 1110
16 31 1231
16 32 1123
16 33 1780
16 34 829
16 35 777
16 36 1178
16 37 751
16 38 704
16 39 577
16 40 942
16 41 271
16 42 570
16 43 1411
16 44 319
16 45 618
16 46 1459
16 47 367
16 48 666
16 49 1507
16 50 415
16 51 714
16 52 1555
16 53 463
16 54 762
16 55 1603
16 56 511
16 57 810
16 58 1651
16 59 559
16 60 858
16 61 1699
16 62 607
16 63 906
16 64 1747
16 65 655
16 66 954
16 67 1795
16 68 703
16 69 1002
16 70 1843
16 71 751
16 72 1050
16 73 1891
16 74 799
16 75 1098
16 76 1939
16 77 391
17 0 1709
17 1 789
17 2 468
17 3 546
17 4 798
17 5 499
17 6 1431
17 7 776
17 8 447
17 9 1325
17 10 629
17 11 1084
17 12 1256
17 13 325
17 14 650
17 15 39
17 16 1318
17 17 0
17 18 1214
17 19 299
17 20 624
17 21 556
17 22 304
17 23 226
17 24 1523
17 25 1561
17 26 403
17 27 481
17 28 182
17 29 1045
17 30 208
17 31 369
17 32 195
17 33 588
17 34 1223
17 35 859
17 36 1260
17 37 833
17 38 1540
17 39 1283
17 40 1024
17 41 1589
17 42 748
17 43 189
17 44 1541
17 45 700
17 46 141
17 47 1589
17 48 748
17 49 189
17 50 1637
17 51 796
17 52 237
17 53 1685
17 54 844
17 55 285
17 56 1733
17 57 892
17 58 333
17 59 1781
17 60 940
17 61 381
17 62 1829
17 63 988
17 64 429
17 65 1877
17 66 1036
17 67 477
17 68 1925
17 69 1084
17 70 525
17 71 1973
17 72 1132
17 73 573
17 74 2021
17 75 1180
17 76 621
17 77 1709
18 0 495
18 1 603
18 2 746
18 3 668
18 4 698
18 5 1093
18 6 725
18 7 590
18 8 1049
18 9 1139
18 10 867
18 11 130
18 12 1200
18 13 889
18 14 564
18 15 1175
18 16 104
18 17 1214
18 18 0
18 19 915
18 20 590
18 21 1228
18 22 1288
18 23 1366
18 24 921
18 25 595
18 26 811
18 27 733
18 28 1032
18 29 169
18 30 1006
18 31 1127
18 32 1019
18 33 1676
18 34 933
18 35 673
18 36 1074
18 37 647
18 38 808
18 39 681
18 40 838
18 41 375
18 42 466
18 43 1307
18 44 423
18 45 514
18 46 1355
18 47 471
18 48 562
18 49 1403
18 50 519
18 51 610
18 52 1451
18 53 567
18 54 658
18 55 1499
18 56 615
18 57 706
18 58 1547
18 59 663
18 60 754
18 61 1595
18 62 711
18 63 802
18 64 1643
18 65 759
18 66 850
18 67 1691
18 68 807
18 69 898
18 70 1739
18 71 855
18 72 946
18 73 1787
18 74 903
18 75 994
18 76 1835
18 77 495
19 0 1410
19 1 490
19 2 169
19 3 247
19 4 681
19 5 798
19 6 1132
19 7 477
19 8 746
19 9 1026
19 10 850
19 11 785
19 12 1087
19 13 26
19 14 351
19 15 260
19 16 1019
19 17 299
19 18 915
19 19 0
19 20 325
19 21 855
19 22 603
19 23 525
19 24 1224
19 25 1262
19 26 104
19 27 182
19 28 117
19 29 746
19 30 91
19 31 668
19 32 104
19 33 887
19 34 924
19 35 560
19 36 961
19 37 534
19 38 1241
19 39 984
19 40 725
19 41 1290
19 42 449
19 43 488
19 44 1242
19 45 401
19 46 440
19 47 1290
19 48 449
19 49 488
19 50 1338
19 51 497
19 52 536
19 53 1386
19 54 545
19 55 584
19 56 1434
19 57 593
19 58 632
19 59 1482
19 60 641
19 61 680
19 62 1530
19 63 689
19 64 728
19 65 1578
19 66 737
19 67 776
19 68 1626
19 69 785
19 70 824
19 71 1674
19 72 833
19 73 872
19 74 1722
19 75 881
19 76 920
19 77 1410
20 0 1085
20 1 165
20 2 156
20 3 78
20 4 356
20 5 655
20 6 807
20 7 152
20 8 707
20 9 701
20 10 525
20 11 460
20 12 762
20 13 299
20 14 26
20 15 585
20 16 694
20 17 624
20 18 590
20 19 325
20 20 0
20 21 790
20 22 850
20 23 850
20 24 899
20 25 937
20 26 221
20 27 143
20 28 442
20 29 421
20 30 416
20 31 785
20 32 429
20 33 1212
20 34 599
20 35 235
20 36 636
20 37 209
20 38 916
20 39 659
20 40 400
20 41 965
20 42 124
20 43 813
20 44 917
20 45 76
20 46 765
20 47 965
20 48 124
20 49 813
20 50 1013
20 51 172
20 52 861
20 53 1061
20 54 220
20 55 909
20 56 1109
20 57 268
20 58 957
20 59 1157
20 60 316
20 61 1005
20 62 1205
20 63 364
20 64 1053
20 65 1253
20 66 412
20 67 1101
20 68 1301
20 69 460
20 70 1149
20 71 1349
20 72 508
20 73 1197
20 74 1397
20 75 556
20 76 1245
20 77 1085
21 0 1723
21 1 803
21 2 946
21 3 868
21 4 994
21 5 677
21 6 1253
21 7 790
21 8 721
21 9 1051
21 10 903
21 11 1098
21 12 1112
21 13 881
21 14 764
21 15 595
21 16 1332
21 17 556
21 18 1228
21 19 855
21 20 790
21 21 0
21 22 482
21 23 404
21 24 1249
21 25 1383
21 26 959
21 27 933
21 28 738
21 29 1059
21 30 764
21 31 643
21 32 751
21 33 574
21 34 1045
21 35 681
21 36 986
21 37 655
21 38 1266
21 39 1297
21 40 750
21 41 1603
21 42 762
21 43 463
21 44 1555
21 45 714
21 46 415
21 47 1507
21 48 666
21 49 367
21 50 1459
21 51 618
21 52 319
21 53 1411
21 54 570
21 55 271
21 56 1459
21 57 618
21 58 319
21 59 1507
21 60 666
21 61 367
21 62 1555
21 63 714
21 64 415
21 65 1603
21 66 762
21 67 463
21 68 1651
21 69 810
21 70 511
21 71 1699
21 72 858
21 73 559
21 74 1747
21 75 906
21 76 607
21 77 1723
22 0 1783
22 1 863
22 2 772
22 3 850
22 4 820
22 5 195
22 6 1409
22 7 850
22 8 469
22 9 1303
22 10 651
22 11 1158
22 12 1182
22 13 629
22 14 824
22 15 343
22 16 1392
22 17 304
22 18 1288
22 19 603
22 20 850
22 21 482
22 22 0
22 23 78
22 24 1501
22 25 1539
22 26 707
22 27 785
22 28 486
22 29 1119
22 30 512
22 31 391
22 32 499
22 33 514
22 34 1201
22 35 837
22 36 1238
22 37 811
22 38 1518
22 39 1357
22 40 1002
22 41 1663
22 42 822
22 43 211
22 44 1615
22 45 774
22 46 163
22 47 1567
22 48 726
22 49 115
22 50 1615
22 51 774
22 52 163
22 53 1663
22 54 822
22 55 211
22 56 1711
22 57 870
22 58 259
22 59 1759
22 60 918
22 61 307
22 62 1807
22 63 966
22 64 355
22 65 1855
22 66 1014
22 67 403
22 68 1903
22 69 1062
22 70 451
22 71 1951
22 72 1110
22 73 499
22 74 1999
22 75 1158
22 76 547
22 77 1783
23 0 1861
23 1 941
23 2 694
23 3 772
23 4 742
23 5 273
23 6 1487
23 7 928
23 8 391
23 9 1381
23 10 573
23 11 1236
23 12 1104
23 13 551
23 14 876
23 15 265
23 16 1470
23 17 226
23 18 1366
23 19 525
23 20 850
23 21 404
23 22 78
23 23 0
23 24 1579
23 25 1617
23 26 629
23 27 707
23 28 408
23 29 1197
23 30 434
23 31 313
23 32 421
23 33 436
23 34 1279
23 35 863
23 36 1316
23 37 889
23 38 1596
23 39 1435
23 40 1080
23 41 1741
23 42 900
23 43 133
23 44 1693
23 45 852
23 46 85
23 47 1645
23 48 804
23 49 37
23 50 1693
23 51 852
23 52 85
23 53 1741
23 54 900
23 55 133
23 56 1789
23 57 948
23 58 181
23 59 1837
23 60 996
23 61 229
23 62 1885
23 63 1044
23 64 277
23 65 1933
23 66 1092
23 67 325
23 68 1981
23 69 1140
23 70 373
23 71 2029
23 72 1188
23 73 421
23 74 2077
23 75 1236
23 76 469
23 77 1861
24 0 666
24 1 912
24 2 1055
24 3 977
24 4 1103
24 5 1306
24 6 608
24 7 899
24 8 1454
24 9 968
24 10 1272
24 11 1051
24 12 1029
24 13 1198
24 14 873
24 15 1484
24 16 817
24 17 1523
24 18 921
24 19 1224
24 20 899
24 21 1249
24 22 1501
24 23 1579
24 24 0
24 25 478
24 26 1120
24 27 1042
24 28 1341
24 29 1090
24 30 1315
24 31 1532
24 32 1328
24 33 1505
24 34 816
24 35 790
24 36 903
24 37 764
24 38 499
24 39 756
24 40 859
24 41 546
24 42 871
24 43 1712
24 44 498
24 45 823
24 46 1664
24 47 450
24 48 775
24 49 1616
24 50 402
24 51 727
24 52 1568
24 53 354
24 54 679
24 55 1520
24 56 306
24 57 631
24 58 1472
24 59 258
24 60 583
24 61 1424
24 62 306
24 63 631
24 64 1472
24 65 354
24 66 679
24 67 1520
24 68 402
24 69 727
24 70 1568
24 71 450
24 72 775
24 73 1616
24 74 498
24 75 823
24 76 1664
24 77 666
25 0 340
25 1 924
25 2 1093
25 3 1015
25 4 1141
25 5 1344
25 6 130
25 7 937
25 8 1492
25 9 1060
25 10 1310
25 11 725
25 12 1355
25 13 1236
25 14 911
25 15 1522
25 16 491
25 17 1561
25 18 595
25 19 1262
25 20 937
25 21 1383
25 22 1539
25 23 1617
25 24 478
25 25 0
25 26 1158
25 27 1080
25 28 1379
25 29 764
25 30 1353
25 31 1570
25 32 1366
25 33 1831
25 34 338
25 35 828
25 36 1125
25 37 802
25 38 365
25 39 430
25 40 785
25 41 220
25 42 909
25 43 1750
25 44 172
25 45 861
25 46 1702
25 47 124
25 48 813
25 49 1654
25 50 76
25 51 765
25 52 1606
25 53 124
25 54 813
25 55 1654
25 56 172
25 57 861
25 58 1702
25 59 220
25 60 909
25 61 1750
25 62 268
25 63 957
25 64 1798
25 65 316
25 66 1005
25 67 1846
25 68 364
25 69 1053
25 70 1894
25 71 412
25 72 1101
25 73 1942
25 74 460
25 75 1149
25 76 1990
25 77 340
26 0 1306
26 1 386
26 2 65
26 3 143
26 4 577
26 5 876
26 6 1028
26 7 373
26 8 850
26 9 922
26 10 746
26 11 681
26 12 983
26 13 78
26 14 247
26 15 364
26 16 915
26 17 403
26 18 811
26 19 104
26 20 221
26 21 959
26 22 707
26 23 629
26 24 1120
26 25 1158
26 26 0
26 27 78
26 28 221
26 29 642
26 30 195
26 31 772
26 32 208
26 33 991
26 34 820
26 35 456
26 36 857
26 37 430
26 38 1137
26 39 880
26 40 621
26 41 1186
26 42 345
26 43 592
26 44 1138
26 45 297
26 46 544
26 47 1186
26 48 345
26 49 592
26 50 1234
26 51 393
26 52 640
26 53 1282
26 54 441
26 55 688
26 56 1330
26 57 489
26 58 736
26 59 1378
26 60 537
26 61 784
26 62 1426
26 63 585
26 64 832
26 65 1474
26 66 633
26 67 880
26 68 1522
26 69 681
26 70 928
26 71 1570
26 72 729
26 73 976
26 74 1618
26 75 777
26 76 1024
26 77 1306
27 0 1228
27 1 308
27 2 13
27 3 65
27 4 499
27 5 798
27 6 950
27 7 295
27 8 850
27 9 844
27 10 668
27 11 603
27 12 905
27 13 156
27 14 169
27 15 442
27 16 837
27 17 481
27 18 733
27 19 182
27 20 143
27 21 933
27 22 785
27 23 707
27 24 1042
27 25 1080
27 26 78
27 27 0
27 28 299
27 29 564
27 30 273
27 31 850
27 32 286
27 33 1069
27 34 742
27 35 378
27 36 779
27 37 352
27 38 1059
27 39 802
27 40 543
27 41 1108
27 42 267
27 43 670
27 44 1060
27 45 219
27 46 622
27 47 1108
27 48 267
27 49 670
27 50 1156
27 51 315
27 52 718
27 53 1204
27 54 363
27 55 766
27 56 1252
27 57 411
27 58 814
27 59 1300
27 60 459
27 61 862
27 62 1348
27 63 507
27 64 910
27 65 1396
27 66 555
27 67 958
27 68 1444
27 69 603
27 70 1006
27 71 1492
27 72 651
27 73 1054
27 74 1540
27 75 699
27 76 1102
27 77 1228
28 0 1527
28 1 607
28 2 286
28 3 364
28 4 798
28 5 681
28 6 1249
28 7 594
28 8 629
28 9 1143
28 10 811
28 11 902
28 12 1204
28 13 143
28 14 468
28 15 143
28 16 1136
28 17 182
28 18 1032
28 19 117
28 20 442
28 21 738
28 22 486
28 23 408
28 24 1341
28 25 1379
28 26 221
28 27 299
28 28 0
28 29 863
28 30 26
28 31 551
28 32 13
28 33 770
28 34 1041
28 35 677
28 36 1078
28 37 651
28 38 1358
28 39 1101
28 40 842
28 41 1407
28 42 566
28 43 371
28 44 1359
28 45 518
28 46 323
28 47 1407
28 48 566
28 49 371
28 50 1455
28 51 614
28 52 419
28 53 1503
28 54 662
28 55 467
28 56 1551
28 57 710
28 58 515
28 59 1599
28 60 758
28 61 563
28 62 1647
28 63 806
28 64 611
28 65 1695
28 66 854
28 67 659
28 68 1743
28 69 902
28 70 707
28 71 1791
28 72 950
28 73 755
28 74 1839
28 75 998
28 76 803
28 77 1527
29 0 664
29 1 434
29 2 577
29 3 499
29 4 529
29 5 924
29 6 894
29 7 421
29 8 880
29 9 970
29 10 698
29 11 39
29 12 1031
29 13 720
29 14 395
29 15 1006
29 16 273
29 17 1045
29 18 169
29 19 746
29 20 421
29 21 1059
29 22 1119
29 23 1197
29 24 1090
29 25 764
29 26 642
29 27 564
29 28 863
29 29 0
29 30 837
29 31 958
29 32 850
29 33 1507
29 34 868
29 35 504
29 36 905
29 37 478
29 38 977
29 39 850
29 40 669
29 41 544
29 42 297
29 43 1138
29 44 592
29 45 345
29 46 1186
29 47 640
29 48 393
29 49 1234
29 50 688
29 51 441
29 52 1282
29 53 736
29 54 489
29 55 1330
29 56 784
29 57 537
29 58 1378
29 59 832
29 60 585
29 61 1426
29 62 880
29 63 633
29 64 1474
29 65 928
29 66 681
29 67 1522
29 68 976
29 69 729
29 70 1570
29 71 1024
29 72 777
29 73 1618
29 74 1072
29 75 825
29 76 1666
29 77 664
30 0 1501
30 1 581
30 2 260
30 3 338
30 4 772
30 5 707
30 6 1223
30 7 568
30 8 655
30 9 1117
30 10 837
30 11 876
30 12 1178
30 13 117
30 14 442
30 15 169
30 16 1110
30 17 208
30 18 1006
30 19 91
30 20 416
30 21 764
30 22 512
30 23 434
30 24 1315
30 25 1353
30 26 195
30 27 273
30 28 26
30 29 837
30 30 0
30 31 577
30 32 13
30 33 796
30 34 1015
30 35 651
30 36 1052
30 37 625
30 38 1332
30 39 1075
30 40 816
30 41 1381
30 42 540
30 43 397
30 44 1333
30 45 492
30 46 349
30 47 1381
30 48 540
30 49 397
30 50 1429
30 51 588
30 52 445
30 53 1477
30 54 636
30 55 493
30 56 1525
30 57 684
30 58 541
30 59 1573
30 60 732
30 61 589
30 62 1621
30 63 780
30 64 637
30 65 1669
30 66 828
30 67 685
30 68 1717
30 69 876
30 70 733
30 71 1765
30 72 924
30 73 781
30 74 1813
30 75 972
30 76 829
30 77 1501
31 0 1622
31 1 798
31 2 837
31 3 863
31 4 429
31 5 586
31 6 1440
31 7 785
31 8 78
31 9 1334
31 10 260
31 11 997
31 12 1343
31 13 694
31 14 759
31 15 408
31 16 1231
31 17 369
31 18 1127
31 19 668
31 20 785
31 21 643
31 22 391
31 23 313
31 24 1532
31 25 1570
31 26 772
31 27 850
31 28 551
31 29 958
31 30 577
31 31 0
31 32 564
31 33 675
31 34 1232
31 35 868
31 36 1269
31 37 842
31 38 1549
31 39 1292
31 40 1033
31 41 1502
31 42 661
31 43 180
31 44 1550
31 45 709
31 46 228
31 47 1598
31 48 757
31 49 276
31 50 1646
31 51 805
31 52 324
31 53 1694
31 54 853
31 55 372
31 56 1742
31 57 901
31 58 420
31 59 1790
31 60 949
31 61 468
31 62 1838
31 63 997
31 64 516
31 65 1886
31 66 1045
31 67 564
31 68 1934
31 69 1093
31 70 612
31 71 1982
31 72 1141
31 73 660
31 74 2030
31 75 1189
31 76 708
31 77 1622
32 0 1514
32 1 594
32 2 273
32 3 351
32 4 785
32 5 694
32 6 1236
32 7 581
32 8 642
32 9 1130
32 10 824
32 11 889
32 12 1191
32 13 130
32 14 455
32 15 156
32 16 1123
32 17 195
32 18 1019
32 19 104
32 20 429
32 21 751
32 22 499
32 23 421
32 24 1328
32 25 1366
32 26 208
32 27 286
32 28 13
32 29 850
32 30 13
32 31 564
32 32 0
32 33 783
32 34 1028
32 35 664
32 36 1065
32 37 638
32 38 1345
32 39 1088
32 40 829
32 41 1394
32 42 553
32 43 384
32 44 1346
32 45 505
32 46 336
32 47 1394
32 48 553
32 49 384
32 50 1442
32 51 601
32 52 432
32 53 1490
32 54 649
32 55 480
32 56 1538
32 57 697
32 58 528
32 59 1586
32 60 745
32 61 576
32 62 1634
32 63 793
32 64 624
32 65 1682
32 66 841
32 67 672
32 68 1730
32 69 889
32 70 720
32 71 1778
32 72 937
32 73 768
32 74 1826
32 75 985
32 76 816
32 77 1514
33 0 2171
33 1 1251
33 2 1056
33 3 1134
33 4 1104
33 5 709
33 6 1701
33 7 1238
33 8 753
33 9 1019
33 10 935
33 11 1546
33 12 794
33 13 913
33 14 1212
33 15 627
33 16 1780
33 17 588
33 18 1676
33 19 887
33 20 1212
33 21 574
33 22 514
33 23 436
33 24 1505
33 25 1831
33 26 991
33 27 1069
33 28 770
33 29 1507
33 30 796
33 31 675
33 32 783
33 33 0
33 34 1493
33 35 1129
33 36 954
33 37 1103
33 38 1618
33 39 1745
33 40 1198
33 41 2051
33 42 1210
33 43 495
33 44 2003
33 45 1162
33 46 447
33 47 1955
33 48 1114
33 49 399
33 50 1907
33 51 1066
33 52 351
33 53 1859
33 54 1018
33 55 303
33 56 1811
33 57 970
33 58 255
33 59 1763
33 60 922
33 61 207
33 62 1715
33 63 874
33 64 159
33 65 1667
33 66 826
33 67 111
33 68 1619
33 69 778
33 70 63
33 71 1667
33 72 826
33 73 111
33 74 1715
33 75 874
33 76 159
33 77 2171
34 0 678
34 1 612
34 2 755
34 3 677
34 4 803
34 5 1006
34 6 208
34 7 599
34 8 1154
34 9 956
34 10 972
34 11 907
34 12 1017
34 13 898
34 14 573
34 15 1184
34 16 829
34 17 1223
34 18 933
34 19 924
34 20 599
34 21 1045
34 22 1201
34 23 1279
34 24 816
34 25 338
34 26 820
34 27 742
34 28 1041
34 29 868
34 30 1015
34 31 1232
34 32 1028
34 33 1493
34 34 0
34 35 490
34 36 891
34 37 464
34 38 703
34 39 768
34 40 655
34 41 558
34 42 571
34 43 1412
34 44 510
34 45 523
34 46 1364
34 47 462
34 48 475
34 49 1316
34 50 414
34 51 427
34 52 1268
34 53 462
34 54 475
34 55 1316
34 56 510
34 57 523
34 58 1364
34 59 558
34 60 571
34 61 1412
34 62 606
34 63 619
34 64 1460
34 65 654
34 66 667
34 67 1508
34 68 702
34 69 715
34 70 1556
34 71 750
34 72 763
34 73 1604
34 74 798
34 75 811
34 76 1652
34 77 678
35 0 1168
35 1 248
35 2 391
35 3 313
35 4 439
35 5 642
35 6 698
35 7 235
35 8 790
35 9 592
35 10 608
35 11 543
35 12 653
35 13 534
35 14 209
35 15 820
35 16 777
35 17 859
35 18 673
35 19 560
35 20 235
35 21 681
35 22 837
35 23 863
35 24 790
35 25 828
35 26 456
35 27 378
35 28 677
35 29 504
35 30 651
35 31 868
35 32 664
35 33 1129
35 34 490
35 35 0
35 36 527
35 37 26
35 38 807
35 39 742
35 40 291
35 41 1048
35 42 207
35 43 922
35 44 1000
35 45 159
35 46 874
35 47 952
35 48 111
35 49 826
35 50 904
35 51 63
35 52 778
35 53 952
35 54 111
35 55 826
35 56 1000
35 57 159
35 58 874
35 59 1048
35 60 207
35 61 922
35 62 1096
35 63 255
35 64 970
35 65 1144
35 66 303
35 67 1018
35 68 1192
35 69 351
35 70 1066
35 71 1240
35 72 399
35 73 1114
35 74 1288
35 75 447
35 76 1162
35 77 1168
36 0 1313
36 1 649
36 2 792
36 3 714
36 4 840
36 5 1043
36 6 1099
36 7 636
36 8 1191
36 9 65
36 10 1009
36 11 944
36 12 382
36 13 935
36 14 610
36 15 1221
36 16 1178
36 17 1260
36 18 1074
36 19 961
36 20 636
36 21 986
36 22 1238
36 23 1316
36 24 903
36 25 1125
36 26 857
36 27 779
36 28 1078
36 29 905
36 30 1052
36 31 1269
36 32 1065
36 33 954
36 34 891
36 35 527
36 36 0
36 37 501
36 38 1016
36 39 1143
36 40 596
36 41 1193
36 42 608
36 43 1449
36 44 1145
36 45 560
36 46 1401
36 47 1097
36 48 512
36 49 1353
36 50 1049
36 51 464
36 52 1305
36 53 1001
36 54 416
36 55 1257
36 56 953
36 57 368
36 58 1209
36 59 905
36 60 320
36 61 1161
36 62 857
36 63 272
36 64 1113
36 65 809
36 66 224
36 67 1065
36 68 761
36 69 176
36 70 1017
36 71 713
36 72 128
36 73 969
36 74 761
36 75 176
36 76 1017
36 77 1313
37 0 1142
37 1 222
37 2 365
37 3 287
37 4 413
37 5 616
37 6 672
37 7 209
37 8 764
37 9 566
37 10 582
37 11 517
37 12 627
37 13 508
37 14 183
37 15 794
37 16 751
37 17 833
37 18 647
37 19 534
37 20 209
37 21 655
37 22 811
37 23 889
37 24 764
37 25 802
37 26 430
37 27 352
37 28 651
37 29 478
37 30 625
37 31 842
37 32 638
37 33 1103
37 34 464
37 35 26
37 36 501
37 37 0
37 38 781
37 39 716
37 40 265
37 41 1022
37 42 181
37 43 948
37 44 974
37 45 133
37 46 900
37 47 926
37 48 85
37 49 852
37 50 878
37 51 37
37 52 804
37 53 926
37 54 85
37 55 852
37 56 974
37 57 133
37 58 900
37 59 1022
37 60 181
37 61 948
37 62 1070
37 63 229
37 64 996
37 65 1118
37 66 277
37 67 1044
37 68 1166
37 69 325
37 70 1092
37 71 1214
37 72 373
37 73 1140
37 74 1262
37 75 421
37 76 1188
37 77 1142
38 0 553
38 1 929
38 2 1072
38 3 994
38 4 1120
38 5 1323
38 6 495
38 7 916
38 8 1471
38 9 1081
38 10 1289
38 11 938
38 12 1142
38 13 1215
38 14 890
38 15 1501
38 16 704
38 17 1540
38 18 808
38 19 1241
38 20 916
38 21 1266
38 22 1518
38 23 1596
38 24 499
38 25 365
38 26 1137
38 27 1059
38 28 1358
38 29 977
38 30 1332
38 31 1549
38 32 1345
38 33 1618
38 34 703
38 35 807
38 36 1016
38 37 781
38 38 0
38 39 643
38 40 876
38 41 433
38 42 888
38 43 1729
38 44 385
38 45 840
38 46 1681
38 47 337
38 48 792
38 49 1633
38 50 289
38 51 744
38 52 1585
38 53 241
38 54 696
38 55 1537
38 56 193
38 57 648
38 58 1489
38 59 241
38 60 696
38 61 1537
38 62 289
38 63 744
38 64 1585
38 65 337
38 66 792
38 67 1633
38 68 385
38 69 840
38 70 1681
38 71 433
38 72 888
38 73 1729
38 74 481
38 75 936
38 76 1777
38 77 553
39 0 426
39 1 494
39 2 815
39 3 737
39 4 863
39 5 1162
39 6 560
39 7 507
39 8 1214
39 9 1208
39 10 1032
39 11 811
39 12 1269
39 13 958
39 14 633
39 15 1244
39 16 577
39 17 1283
39 18 681
39 19 984
39 20 659
39 21 1297
39 22 1357
39 23 1435
39 24 756
39 25 430
39 26 880
39 27 802
39 28 1101
39 29 850
39 30 1075
39 31 1292
39 32 1088
39 33 1745
39 34 768
39 35 742
39 36 1143
39 37 716
39 38 643
39 39 0
39 40 907
39 41 306
39 42 631
39 43 1472
39 44 258
39 45 583
39 46 1424
39 47 306
39 48 631
39 49 1472
39 50 354
39 51 679
39 52 1520
39 53 402
39 54 727
39 55 1568
39 56 450
39 57 775
39 58 1616
39 59 498
39 60 823
39 61 1664
39 62 546
39 63 871
39 64 1712
39 65 594
39 66 919
39 67 1760
39 68 642
39 69 967
39 70 1808
39 71 690
39 72 1015
39 73 1856
39 74 738
39 75 1063
39 76 1904
39 77 426
40 0 973
40 1 413
40 2 556
40 3 478
40 4 604
40 5 807
40 6 863
40 7 400
40 8 955
40 9 661
40 10 773
40 11 708
40 12 722
40 13 699
40 14 374
40 15 985
40 16 942
40 17 1024
40 18 838
40 19 725
40 20 400
40 21 750
40 22 1002
40 23 1080
40 24 859
40 25 785
40 26 621
40 27 543
40 28 842
40 29 669
40 30 816
40 31 1033
40 32 829
40 33 1198
40 34 655
40 35 291
40 36 596
40 37 265
40 38 876
40 39 907
40 40 0
40 41 853
40 42 372
40 43 1213
40 44 805
40 45 324
40 46 1165
40 47 757
40 48 276
40 49 1117
40 50 709
40 51 228
40 52 1069
40 53 661
40 54 180
40 55 1021
40 56 709
40 57 228
40 58 1069
40 59 757
40 60 276
40 61 1117
40 62 805
40 63 324
40 64 1165
40 65 853
40 66 372
40 67 1213
40 68 901
40 69 420
40 70 1261
40 71 949
40 72 468
40 73 1309
40 74 997
40 75 516
40 76 1357
40 77 973
41 0 120
41 1 800
41 2 1121
41 3 1043
41 4 1073
41 5 1468
41 6 350
41 7 813
41 8 1424
41 9 1128
41 10 1242
41 11 505
41 12 1575
41 13 1264
41 14 939
41 15 1550
41 16 271
41 17 1589
41 18 375
41 19 1290
41 20 965
41 21 1603
41 22 1663
41 23 1741
41 24 546
41 25 220
41 26 1186
41 27 1108
41 28 1407
41 29 544
41 30 1381
41 31 1502
41 32 1394
41 33 2051
41 34 558
41 35 1048
41 36 1193
41 37 1022
41 38 433
41 39 306
41 40 853
41 41 0
41 42 841
41 43 1682
41 44 48
41 45 889
41 46 1730
41 47 96
41 48 937
41 49 1778
41 50 144
41 51 985
41 52 1826
41 53 192
41 54 1033
41 55 1874
41 56 240
41 57 1081
41 58 1922
41 59 288
41 60 1129
41 61 1970
41 62 336
41 63 1177
41 64 2018
41 65 384
41 66 1225
41 67 2066
41 68 432
41 69 1273
41 70 2114
41 71 480
41 72 1321
41 73 2162
41 74 528
41 75 1369
41 76 2210
41 77 120
42 0 961
42 1 137
42 2 280
42 3 202
42 4 232
42 5 627
42 6 779
42 7 124
42 8 583
42 9 673
42 10 401
42 11 336
42 12 734
42 13 423
42 14 98
42 15 709
42 16 570
42 17 748
42 18 466
42 19 449
42 20 124
42 21 762
42 22 822
42 23 900
42 24 871
42 25 909
42 26 345
42 27 267
42 28 566
42 29 297
42 30 540
42 31 661
42 32 553
42 33 1210
42 34 571
42 35 207
42 36 608
42 37 181
42 38 888
42 39 631
42 40 372
42 41 841
42 42 0
42 43 841
42 44 889
42 45 48
42 46 889
42 47 937
42 48 96
42 49 937
42 50 985
42 51 144
42 52 985
42 53 1033
42 54 192
42 55 1033
42 56 1081
42 57 240
42 58 1081
42 59 1129
42 60 288
42 61 1129
42 62 1177
42 63 336
42 64 1177
42 65 1225
42 66 384
42 67 1225
42 68 1273
42 69 432
42 70 1273
42 71 1321
42 72 480
42 73 1321
42 74 1369
42 75 528
42 76 1369
42 77 961
43 0 1802
43 1 978
43 2 657
43 3 735
43 4 609
43 5 406
43 6 1620
43 7 965
43 8 258
43 9 1514
43 10 440
43 11 1177
43 12 1163
43 13 514
43 14 839
43 15 228
43 16 1411
43 17 189
43 18 1307
43 19 488
43 20 813
43 21 463
43 22 211
43 23 133
43 24 1712
43 25 1750
43 26 592
43 27 670
43 28 371
43 29 1138
43 30 397
43 31 180
43 32 384
43 33 495
43 34 1412
43 35 922
43 36 1449
43 37 948
43 38 1729
43 39 1472
43 40 1213
43 41 1682
43 42 841
43 43 0
43 44 1730
43 45 889
43 46 48
43 47 1778
43 48 937
43 49 96
43 50 1826
43 51 985
43 52 144
43 53 1874
43 54 1033
43 55 192
43 56 1922
43 57 1081
43 58 240
43 59 1970
43 60 1129
43 61 288
43 62 2018
43 63 1177
43 64 336
43 65 2066
43 66 1225
43 67 384
43 68 2114
43 69 1273
43 70 432
43 71 2162
43 72 1321
43 73 480
43 74 2210
43 75 1369
43 76 528
43 77 1802
44 0 168
44 1 752
44 2 1073
44 3 995
44 4 1121
44 5 1420
44 6 302
44 7 765
44 8 1472
44 9 1080
44 10 1290
44 11 553
44 12 1527
44 13 1216
44 14 891
44 15 1502
44 16 319
44 17 1541
44 18 423
44 19 1242
44 20 917
44 21 1555
44 22 1615
44 23 1693
44 24 498
44 25 172
44 26 1138
44 27 1060
44 28 1359
44 29 592
44 30 1333
44 31 1550
44 32 1346
44 33 2003
44 34 510
44 35 1000
44 36 1145
44 37 974
44 38 385
44 39 258
44 40 805
44 41 48
44 42 889
44 43 1730
44 44 0
44 45 841
44 46 1682
44 47 48
44 48 889
44 49 1730
44 50 96
44 51 937
44 52 1778
44 53 144
44 54 985
44 55 1826
44 56 192
44 57 1033
44 58 1874
44 59 240
44 60 1081
44 61 1922
44 62 288
44 63 1129
44 64 1970
44 65 336
44 66 1177
44 67 2018
44 68 384
44 69 1225
44 70 2066
44 71 432
44 72 1273
44 73 2114
44 74 480
44 75 1321
44 76 2162
44 77 168
45 0 1009
45 1 89
45 2 232
45 3 154
45 4 280
45 5 579
45 6 731
45 7 76
45 8 631
45 9 625
45 10 449
45 11 384
45 12 686
45 13 375
45 14 50
45 15 661
45 16 618
45 17 700
45 18 514
45 19 401
45 20 76
45 21 714
45 22 774
45 23 852
45 24 823
45 25 861
45 26 297
45 27 219
45 28 518
45 29 345
45 30 492
45 31 709
45 32 505
45 33 1162
45 34 523
45 35 159
45 36 560
45 37 133
45 38 840
45 39 583
45 40 324
45 41 889
45 42 48
45 43 889
45 44 841
45 45 0
45 46 841
45 47 889
45 48 48
45 49 889
45 50 937
45 51 96
45 52 937
45 53 985
45 54 144
45 55 985
45 56 1033
45 57 192
45 58 1033
45 59 1081
45 60 240
45 61 1081
45 62 1129
45 63 288
45 64 1129
45 65 1177
45 66 336
45 67 1177
45 68 1225
45 69 384
45 70 1225
45 71 1273
45 72 432
45 73 1273
45 74 1321
45 75 480
45 76 1321
45 77 1009
46 0 1850
46 1 930
46 2 609
46 3 687
46 4 657
46 5 358
46 6 1572
46 7 917
46 8 306
46 9 1466
46 10 488
46 11 1225
46 12 1115
46 13 466
46 14 791
46 15 180
46 16 1459
46 17 141
46 18 1355
46 19 440
46 20 765
46 21 415
46 22 163
46 23 85
46 24 1664
46 25 1702
46 26 544
46 27 622
46 28 323
46 29 1186
46 30 349
46 31 228
46 32 336
46 33 447
46 34 1364
46 35 874
46 36 1401
46 37 900
46 38 1681
46 39 1424
46 40 1165
46 41 1730
46 42 889
46 43 48
46 44 1682
46 45 841
46 46 0
46 47 1730
46 48 889
46 49 48
46 50 1778
46 51 937
46 52 96
46 53 1826
46 54 985
46 55 144
46 56 1874
46 57 1033
46 58 192
46 59 1922
46 60 1081
46 61 240
46 62 1970
46 63 1129
46 64 288
46 65 2018
46 66 1177
46 67 336
46 68 2066
46 69 1225
46 70 384
46 71 2114
46 72 1273
46 73 432
46 74 2162
46 75 1321
46 76 480
46 77 1850
47 0 216
47 1 800
47 2 1121
47 3 1043
47 4 1169
47 5 1372
47 6 254
47 7 813
47 8 1520
47 9 1032
47 10 1338
47 11 601
47 12 1479
47 13 1264
47 14 939
47 15 1550
47 16 367
47 17 1589
47 18 471
47 19 1290
47 20 965
47 21 1507
47 22 1567
47 23 1645
47 24 450
47 25 124
47 26 1186
47 27 1108
47 28 1407
47 29 640
47 30 1381
47 31 1598
47 32 1394
47 33 1955
47 34 462
47 35 952
47 36 1097
47 37 926
47 38 337
47 39 306
47 40 757
47 41 96
47 42 937
47 43 1778
47 44 48
47 45 889
