//alpha
1
//NbLocations
103
//NbProducts
48
//NbPickers
2
//CapaPicker
8
//TimeToTravelOneDistanceUnit
3
//SetupTime
5400
//PickTime
300
//Products
//Idx Location Size
1 1 1
2 2 1
3 3 1
4 4 1
5 5 1
6 6 1
7 7 1
8 8 1
9 9 1
10 10 1
11 11 1
12 12 1
13 13 1
14 14 1
15 15 1
16 16 1
17 17 1
18 18 1
19 19 1
20 20 1
21 21 1
22 22 1
23 23 1
24 24 1
25 25 1
26 26 1
27 27 1
28 28 1
29 29 1
30 30 1
31 31 1
32 32 1
33 33 1
34 34 1
35 35 1
36 36 1
37 37 1
38 38 1
39 39 1
40 40 1
41 41 1
42 42 1
43 43 1
44 44 1
45 45 1
46 46 1
47 47 1
48 48 1
//Orders
//NbOrders
12
//Idx DueDate TardinessPenalty NbProdInOrder ProdIdx1 Qty1 ProdIdx2 Qty2 ...
1 108000 0 6 1 1 2 1 3 1 4 1 5 1 6 1
2 126000 0 3 7 1 8 1 9 1
3 36000 0 2 10 1 11 1
4 108000 0 3 12 1 13 1 14 1
5 90000 0 7 15 1 16 1 17 1 18 1 19 1 20 1 21 1
6 108000 0 1 22 1
7 72000 0 4 23 1 24 1 25 1 26 1
8 90000 0 4 27 1 28 1 29 1 30 1
9 72000 0 4 31 1 32 1 33 1 34 1
10 126000 0 3 35 1 36 1 37 1
11 108000 0 6 38 1 39 1 40 1 41 1 42 1 43 1
12 72000 0 5 44 1 45 1 46 1 47 1 48 1
//Graph (Products are vertices indexed from 1 to NbProducts)
//NbVerticesIntersections
54
//DepartingDepot
0
//ArrivalDepot
103
//Arcs
//Start End Distance
0 49 120
1 40 143
1 90 427
2 46 1079
2 63 89
3 49 1025
3 50 206
4 39 78
4 44 754
5 88 986
5 89 245
6 29 39
6 71 63
7 79 765
7 80 466
8 64 947
8 65 284
9 41 91
9 102 245
10 21 0
10 100 76
11 14 247
11 68 245
12 44 39
12 85 323
13 18 637
13 53 505
14 11 247
14 69 739
15 31 208
15 36 117
16 33 676
16 95 492
17 37 520
17 71 37
18 13 637
18 52 89
19 21 78
19 27 546
20 38 338
20 48 169
21 10 0
21 19 78
22 56 76
22 57 1155
23 86 596
23 87 635
24 37 39
24 70 635
25 41 286
25 101 609
26 91 115
26 92 1116
27 19 546
27 101 531
28 36 650
28 59 141
29 6 39
29 72 1129
30 97 453
30 98 778
31 15 208
31 60 115
32 77 37
32 78 1194
33 16 676
33 96 63
34 42 624
34 54 258
35 43 143
35 51 1012
36 15 117
36 28 650
37 17 520
37 24 39
38 20 338
38 62 583
39 4 78
39 86 37
40 1 143
40 89 661
41 9 91
41 25 286
42 34 624
42 53 349
43 35 143
43 50 76
44 4 754
44 12 39
45 98 739
45 99 492
46 2 1079
46 62 63
47 74 960
47 75 271
48 20 169
48 61 141
49 3 1025
49 52 48
49 103 120
50 3 206
50 43 76
50 53 48
51 35 1012
51 54 48
52 18 89
52 49 48
52 55 48
53 13 505
53 42 349
53 50 48
53 56 48
54 34 258
54 51 48
54 57 48
55 52 48
55 56 1231
55 58 48
56 22 76
56 53 48
56 55 1231
56 59 48
57 22 1155
57 54 48
57 60 48
58 55 48
58 59 1231
58 61 48
59 28 141
59 56 48
59 58 1231
59 62 48
60 31 115
60 57 48
60 63 48
61 48 141
61 58 48
61 64 48
62 38 583
62 46 63
62 59 48
62 65 48
63 2 89
63 60 48
63 66 48
64 8 947
64 61 48
64 67 48
65 8 284
65 62 48
65 66 1231
65 68 48
66 63 48
66 65 1231
66 69 48
67 64 48
67 68 1231
67 70 48
68 11 245
68 65 48
68 67 1231
68 71 48
69 14 739
69 66 48
69 72 48
70 24 635
70 67 48
70 73 48
71 6 63
71 17 37
71 68 48
71 74 48
72 29 1129
72 69 48
72 75 48
73 70 48
73 74 1231
73 76 48
74 47 960
74 71 48
74 73 1231
74 77 48
75 47 271
75 72 48
75 78 48
76 73 48
76 77 1231
76 79 48
77 32 37
77 74 48
77 76 1231
77 80 48
78 32 1194
78 75 48
78 81 48
79 7 765
79 76 48
79 82 48
80 7 466
80 77 48
80 81 1231
80 83 48
81 78 48
81 80 1231
81 84 48
82 79 48
82 83 1231
82 85 48
83 80 48
83 82 1231
83 84 1231
83 86 48
84 81 48
84 83 1231
84 87 48
85 12 323
85 82 48
85 88 48
86 23 596
86 39 37
86 83 48
86 89 48
87 23 635
87 84 48
87 90 48
88 5 986
88 85 48
88 91 48
89 5 245
89 40 661
89 86 48
89 92 48
90 1 427
90 87 48
90 93 48
91 26 115
91 88 48
91 94 48
92 26 1116
92 89 48
92 93 1231
92 95 48
93 90 48
93 92 1231
93 96 48
94 91 48
94 95 1231
94 97 48
95 16 492
95 92 48
95 94 1231
95 98 48
96 33 63
96 93 48
96 99 48
97 30 453
97 94 48
97 100 48
98 30 778
98 45 739
98 95 48
98 101 48
99 45 492
99 96 48
99 102 48
100 10 76
100 97 48
101 25 609
101 27 531
101 98 48
102 9 245
102 99 48
//LocStart LocEnd ShortestPath
0 0 0
0 1 2779
0 2 2685
0 3 1145
0 4 1812
0 5 1730
0 6 1750
0 7 1365
0 8 1307
0 9 3153
0 10 1012
0 11 1884
0 12 1019
0 13 894
0 14 2131
0 15 2403
0 16 2563
0 17 1650
0 18 257
0 19 1090
0 20 622
0 21 1012
0 22 1523
0 23 2523
0 24 1091
0 25 2776
0 26 907
0 27 1636
0 28 1636
0 29 1789
0 30 1341
0 31 2611
0 32 1820
0 33 3239
0 34 2372
0 35 1570
0 36 2286
0 37 1130
0 38 960
0 39 1890
0 40 2636
0 41 3062
0 42 1748
0 43 1427
0 44 1058
0 45 2858
0 46 1606
0 47 2695
0 48 453
0 49 120
0 50 1351
0 51 2582
0 52 168
0 53 1399
0 54 2630
0 55 216
0 56 1447
0 57 2678
0 58 264
0 59 1495
0 60 2726
0 61 312
0 62 1543
0 63 2774
0 64 360
0 65 1591
0 66 2822
0 67 408
0 68 1639
0 69 2870
0 70 456
0 71 1687
0 72 2918
0 73 504
0 74 1735
0 75 2966
0 76 552
0 77 1783
0 78 3014
0 79 600
0 80 1831
0 81 3062
0 82 648
0 83 1879
0 84 3110
0 85 696
0 86 1927
0 87 3158
0 88 744
0 89 1975
0 90 3206
0 91 792
0 92 2023
0 93 3254
0 94 840
0 95 2071
0 96 3302
0 97 888
0 98 2119
0 99 3350
0 100 936
0 101 2167
0 102 3398
0 103 0
1 0 2779
1 1 0
1 2 948
1 3 1634
1 4 967
1 5 1049
1 6 1155
1 7 1414
1 8 1472
1 9 864
1 10 2151
1 11 1385
1 12 1760
1 13 1885
1 14 1502
1 15 1230
1 16 1262
1 17 1129
1 18 2522
1 19 2073
1 20 2157
1 21 2151
1 22 1408
1 23 1110
1 24 1688
1 25 1241
1 26 1968
1 27 1527
1 28 1425
1 29 1194
1 30 1726
1 31 1022
1 32 1033
1 33 586
1 34 1261
1 35 1647
1 36 1347
1 37 1649
1 38 1819
1 39 889
1 40 143
1 41 955
1 42 1729
1 43 1504
1 44 1721
1 45 1063
1 46 1299
1 47 938
1 48 2326
1 49 2659
1 50 1428
1 51 1051
1 52 2611
1 53 1380
1 54 1003
1 55 2563
1 56 1332
1 57 955
1 58 2515
1 59 1284
1 60 907
1 61 2467
1 62 1236
1 63 859
1 64 2419
1 65 1188
1 66 811
1 67 2371
1 68 1140
1 69 763
1 70 2323
1 71 1092
1 72 715
1 73 2275
1 74 1044
1 75 667
1 76 2227
1 77 996
1 78 619
1 79 2179
1 80 948
1 81 571
1 82 2131
1 83 900
1 84 523
1 85 2083
1 86 852
1 87 475
1 88 2035
1 89 804
1 90 427
1 91 2083
1 92 852
1 93 475
1 94 2131
1 95 900
1 96 523
1 97 2179
1 98 948
1 99 571
1 100 2227
1 101 996
1 102 619
1 103 2779
2 0 2685
2 1 948
2 2 0
2 3 1540
2 4 1641
2 5 1819
2 6 1349
2 7 1896
2 8 1474
2 9 958
2 10 2921
2 11 1171
2 12 2434
2 13 1791
2 14 924
2 15 460
2 16 1356
2 17 1323
2 18 2428
2 19 2843
2 20 2063
2 21 2921
2 22 1314
2 23 1108
2 24 1882
2 25 1335
2 26 2738
2 27 2297
2 28 1227
2 29 1362
2 30 2496
2 31 252
2 32 1419
2 33 680
2 34 491
2 35 1293
2 36 577
2 37 1843
2 38 1725
2 39 1563
2 40 1091
2 41 1049
2 42 1115
2 43 1410
2 44 2395
2 45 1157
2 46 1079
2 47 552
2 48 2232
2 49 2565
2 50 1334
2 51 281
2 52 2517
2 53 1286
2 54 233
2 55 2469
2 56 1238
2 57 185
2 58 2421
2 59 1190
2 60 137
2 61 2373
2 62 1142
2 63 89
2 64 2421
2 65 1190
2 66 137
2 67 2469
2 68 1238
2 69 185
2 70 2517
2 71 1286
2 72 233
2 73 2565
2 74 1334
2 75 281
2 76 2613
2 77 1382
2 78 329
2 79 2661
2 80 1430
2 81 377
2 82 2709
2 83 1478
2 84 425
2 85 2757
2 86 1526
2 87 473
2 88 2805
2 89 1574
2 90 521
2 91 2853
2 92 1622
2 93 569
2 94 2901
2 95 1670
2 96 617
2 97 2949
2 98 1718
2 99 665
2 100 2997
2 101 1766
2 102 713
2 103 2685
3 0 1145
3 1 1634
3 2 1540
3 3 0
3 4 897
3 5 1075
3 6 605
3 7 1152
3 8 730
3 9 2008
3 10 1917
3 11 739
3 12 1690
3 13 759
3 14 986
3 15 1258
3 16 1418
3 17 579
3 18 1162
3 19 1995
3 20 1319
3 21 1917
3 22 378
3 23 1378
3 24 1138
3 25 1631
3 26 1812
3 27 1553
3 28 491
3 29 644
3 30 1752
3 31 1466
3 32 675
3 33 2094
3 34 1227
3 35 425
3 36 1141
3 37 1099
3 38 981
3 39 819
3 40 1491
3 41 1917
3 42 603
3 43 282
3 44 1651
3 45 1713
3 46 461
3 47 1550
3 48 1358
3 49 1025
3 50 206
3 51 1437
3 52 1073
3 53 254
3 54 1485
3 55 1121
3 56 302
3 57 1533
3 58 1169
3 59 350
3 60 1581
3 61 1217
3 62 398
3 63 1629
3 64 1265
3 65 446
3 66 1677
3 67 1313
3 68 494
3 69 1725
3 70 1361
3 71 542
3 72 1773
3 73 1409
3 74 590
3 75 1821
3 76 1457
3 77 638
3 78 1869
3 79 1505
3 80 686
3 81 1917
3 82 1553
3 83 734
3 84 1965
3 85 1601
3 86 782
3 87 2013
3 88 1649
3 89 830
3 90 2061
3 91 1697
3 92 878
3 93 2109
3 94 1745
3 95 926
3 96 2157
3 97 1793
3 98 974
3 99 2205
3 100 1841
3 101 1022
3 102 2253
3 103 1145
4 0 1812
4 1 967
4 2 1641
4 3 897
4 4 0
4 5 408
4 6 418
4 7 677
4 8 735
4 9 1341
4 10 1432
4 11 648
4 12 793
4 13 1148
4 14 895
4 15 1455
4 16 751
4 17 392
4 18 1733
4 19 1432
4 20 1420
4 21 1432
4 22 671
4 23 711
4 24 951
4 25 964
4 26 1327
4 27 886
4 28 688
4 29 457
4 30 1085
4 31 1663
4 32 296
4 33 1427
4 34 1616
4 35 910
4 36 1338
4 37 912
4 38 1082
4 39 78
4 40 824
4 41 1250
4 42 992
4 43 767
4 44 754
4 45 1046
4 46 562
4 47 1267
4 48 1589
4 49 1692
4 50 691
4 51 1922
4 52 1644
4 53 643
4 54 1874
4 55 1596
4 56 595
4 57 1826
4 58 1548
4 59 547
4 60 1778
4 61 1500
4 62 499
4 63 1730
4 64 1452
4 65 451
4 66 1682
4 67 1404
4 68 403
4 69 1634
4 70 1356
4 71 355
4 72 1586
4 73 1308
4 74 307
4 75 1538
4 76 1260
4 77 259
4 78 1490
4 79 1212
4 80 211
4 81 1442
4 82 1164
4 83 163
4 84 1394
4 85 1116
4 86 115
4 87 1346
4 88 1164
4 89 163
4 90 1394
4 91 1212
4 92 211
4 93 1442
4 94 1260
4 95 259
4 96 1490
4 97 1308
4 98 307
4 99 1538
4 100 1356
4 101 355
4 102 1586
4 103 1812
5 0 1730
5 1 1049
5 2 1819
5 3 1075
5 4 408
5 5 0
5 6 596
5 7 855
5 8 913
5 9 1423
5 10 1254
5 11 826
5 12 1201
5 13 1326
5 14 1073
5 15 1633
5 16 833
5 17 570
5 18 1651
5 19 1332
5 20 1598
5 21 1254
5 22 849
5 23 889
5 24 1129
5 25 1046
5 26 1149
5 27 968
5 28 866
5 29 635
5 30 1167
5 31 1841
5 32 474
5 33 1509
5 34 1794
5 35 1088
5 36 1516
5 37 1090
5 38 1260
5 39 330
5 40 906
5 41 1332
5 42 1170
5 43 945
5 44 1162
5 45 1128
5 46 740
5 47 1445
5 48 1559
5 49 1610
5 50 869
5 51 2100
5 52 1562
5 53 821
5 54 2052
5 55 1514
5 56 773
5 57 2004
5 58 1466
5 59 725
5 60 1956
5 61 1418
5 62 677
5 63 1908
5 64 1370
5 65 629
5 66 1860
5 67 1322
5 68 581
5 69 1812
5 70 1274
5 71 533
5 72 1764
5 73 1226
5 74 485
5 75 1716
5 76 1178
5 77 437
5 78 1668
5 79 1130
5 80 389
5 81 1620
5 82 1082
5 83 341
5 84 1572
5 85 1034
5 86 293
5 87 1524
5 88 986
5 89 245
5 90 1476
5 91 1034
5 92 293
5 93 1524
5 94 1082
5 95 341
5 96 1572
5 97 1130
5 98 389
5 99 1620
5 100 1178
5 101 437
5 102 1668
5 103 1730
6 0 1750
6 1 1155
6 2 1349
6 3 605
6 4 418
6 5 596
6 6 0
6 7 673
6 8 443
6 9 1529
6 10 1698
6 11 356
6 12 1211
6 13 856
6 14 603
6 15 1163
6 16 939
6 17 100
6 18 1493
6 19 1620
6 20 1128
6 21 1698
6 22 379
6 23 899
6 24 659
6 25 1152
6 26 1515
6 27 1074
6 28 396
6 29 39
6 30 1273
6 31 1371
6 32 196
6 33 1615
6 34 1324
6 35 618
6 36 1046
6 37 620
6 38 790
6 39 340
6 40 1012
6 41 1438
6 42 700
6 43 475
6 44 1172
6 45 1234
6 46 270
6 47 1071
6 48 1297
6 49 1630
6 50 399
6 51 1504
6 52 1582
6 53 351
6 54 1456
6 55 1534
6 56 303
6 57 1408
6 58 1486
6 59 255
6 60 1360
6 61 1438
6 62 207
6 63 1312
6 64 1390
6 65 159
6 66 1264
6 67 1342
6 68 111
6 69 1216
6 70 1294
6 71 63
6 72 1168
6 73 1342
6 74 111
6 75 1216
6 76 1390
6 77 159
6 78 1264
6 79 1438
6 80 207
6 81 1312
6 82 1486
6 83 255
6 84 1360
6 85 1534
6 86 303
6 87 1408
6 88 1582
6 89 351
6 90 1456
6 91 1630
6 92 399
6 93 1504
6 94 1678
6 95 447
6 96 1552
6 97 1726
6 98 495
6 99 1600
6 100 1774
6 101 543
6 102 1648
6 103 1750
7 0 1365
7 1 1414
7 2 1896
7 3 1152
7 4 677
7 5 855
7 6 673
7 7 0
7 8 990
7 9 1788
7 10 1177
7 11 903
7 12 1184
7 13 1403
7 14 1150
7 15 1710
7 16 1198
7 17 647
7 18 1286
7 19 1255
7 20 1363
7 21 1177
7 22 926
7 23 1158
7 24 1206
7 25 1411
7 26 1072
7 27 1333
7 28 943
7 29 712
7 30 1506
7 31 1918
7 32 551
7 33 1874
7 34 1871
7 35 1165
7 36 1593
7 37 1167
7 38 1337
7 39 599
7 40 1271
7 41 1697
7 42 1247
7 43 1022
7 44 1223
7 45 1493
7 46 817
7 47 1522
7 48 1194
7 49 1245
7 50 946
7 51 2177
7 52 1197
7 53 898
7 54 2129
7 55 1149
7 56 850
7 57 2081
7 58 1101
7 59 802
7 60 2033
7 61 1053
7 62 754
7 63 1985
7 64 1005
7 65 706
7 66 1937
7 67 957
7 68 658
7 69 1889
7 70 909
7 71 610
7 72 1841
7 73 861
7 74 562
7 75 1793
7 76 813
7 77 514
7 78 1745
7 79 765
7 80 466
7 81 1697
7 82 813
7 83 514
7 84 1745
7 85 861
7 86 562
7 87 1793
7 88 909
7 89 610
7 90 1841
7 91 957
7 92 658
7 93 1889
7 94 1005
7 95 706
7 96 1937
7 97 1053
7 98 754
7 99 1985
7 100 1101
7 101 802
7 102 2033
7 103 1365
8 0 1307
8 1 1472
8 2 1474
8 3 730
8 4 735
8 5 913
8 6 443
8 7 990
8 8 0
8 9 1846
8 10 1599
8 11 577
8 12 1528
8 13 981
8 14 824
8 15 1288
8 16 1256
8 17 417
8 18 1228
8 19 1677
8 20 1253
8 21 1599
8 22 504
8 23 1216
8 24 976
8 25 1469
8 26 1494
8 27 1391
8 28 521
8 29 482
8 30 1590
8 31 1496
8 32 513
8 33 1932
8 34 1449
8 35 743
8 36 1171
8 37 937
8 38 915
8 39 657
8 40 1329
8 41 1755
8 42 825
8 43 600
8 44 1489
8 45 1551
8 46 395
8 47 1388
8 48 1136
8 49 1187
8 50 524
8 51 1755
8 52 1139
8 53 476
8 54 1707
8 55 1091
8 56 428
8 57 1659
8 58 1043
8 59 380
8 60 1611
8 61 995
8 62 332
8 63 1563
8 64 947
8 65 284
8 66 1515
8 67 995
8 68 332
8 69 1563
8 70 1043
8 71 380
8 72 1611
8 73 1091
8 74 428
8 75 1659
8 76 1139
8 77 476
8 78 1707
8 79 1187
8 80 524
8 81 1755
8 82 1235
8 83 572
8 84 1803
8 85 1283
8 86 620
8 87 1851
8 88 1331
8 89 668
8 90 1899
8 91 1379
8 92 716
8 93 1947
8 94 1427
8 95 764
8 96 1995
8 97 1475
8 98 812
8 99 2043
8 100 1523
8 101 860
8 102 2091
8 103 1307
9 0 3153
9 1 864
9 2 958
9 3 2008
9 4 1341
9 5 1423
9 6 1529
9 7 1788
9 8 1846
9 9 0
9 10 2141
9 11 1759
9 12 2134
9 13 2259
9 14 1512
9 15 1240
9 16 1080
9 17 1503
9 18 2896
9 19 2063
9 20 2531
9 21 2141
9 22 1782
9 23 1120
9 24 2062
9 25 377
9 26 2246
9 27 1517
9 28 1799
9 29 1568
9 30 1812
9 31 1032
9 32 1407
9 33 404
9 34 1271
9 35 2021
9 36 1357
9 37 2023
9 38 2193
9 39 1263
9 40 1007
9 41 91
9 42 1895
9 43 1878
9 44 2095
9 45 785
9 46 1673
9 47 948
9 48 2700
9 49 3033
9 50 1802
9 51 1061
9 52 2985
9 53 1754
9 54 1013
9 55 2937
9 56 1706
9 57 965
9 58 2889
9 59 1658
9 60 917
9 61 2841
9 62 1610
9 63 869
9 64 2793
9 65 1562
9 66 821
9 67 2745
9 68 1514
9 69 773
9 70 2697
9 71 1466
9 72 725
9 73 2649
9 74 1418
9 75 677
9 76 2601
9 77 1370
9 78 629
9 79 2553
9 80 1322
9 81 581
9 82 2505
9 83 1274
9 84 533
9 85 2457
9 86 1226
9 87 485
9 88 2409
9 89 1178
9 90 437
9 91 2361
9 92 1130
9 93 389
9 94 2313
9 95 1082
9 96 341
9 97 2265
9 98 1034
9 99 293
9 100 2217
9 101 986
9 102 245
9 103 3153
10 0 1012
10 1 2151
10 2 2921
10 3 1917
10 4 1432
10 5 1254
10 6 1698
10 7 1177
10 8 1599
10 9 2141
10 10 0
10 11 1928
10 12 639
10 13 1570
10 14 2175
10 15 2735
10 16 1743
10 17 1672
10 18 933
10 19 78
10 20 1010
10 21 0
10 22 1951
10 23 1991
10 24 1191
10 25 1764
10 26 335
10 27 624
10 28 1968
10 29 1737
10 30 577
10 31 2943
10 32 1576
10 33 2419
10 34 2896
10 35 2190
10 36 2618
10 37 1230
10 38 1348
10 39 1432
10 40 2008
10 41 2050
10 42 2272
10 43 2047
10 44 678
10 45 1942
10 46 1842
10 47 2547
10 48 841
10 49 892
10 50 1971
10 51 3202
10 52 844
10 53 1923
10 54 3154
10 55 796
10 56 1875
10 57 3106
10 58 748
10 59 1827
10 60 3058
10 61 700
10 62 1779
10 63 3010
10 64 652
10 65 1731
10 66 2962
10 67 604
10 68 1683
10 69 2914
10 70 556
10 71 1635
10 72 2866
10 73 508
10 74 1587
10 75 2818
10 76 460
10 77 1539
10 78 2770
10 79 412
10 80 1491
10 81 2722
10 82 364
10 83 1443
10 84 2674
10 85 316
10 86 1395
10 87 2626
10 88 268
10 89 1347
10 90 2578
10 91 220
10 92 1299
10 93 2530
10 94 172
10 95 1251
10 96 2482
10 97 124
10 98 1203
10 99 2434
10 100 76
10 101 1155
10 102 2386
10 103 1012
11 0 1884
11 1 1385
11 2 1171
11 3 739
11 4 648
11 5 826
11 6 356
11 7 903
11 8 577
11 9 1759
11 10 1928
11 11 0
11 12 1441
11 13 990
11 14 247
11 15 1297
11 16 1169
11 17 330
11 18 1627
11 19 1850
11 20 1262
11 21 1928
11 22 513
11 23 1129
11 24 889
11 25 1382
11 26 1745
11 27 1304
11 28 530
11 29 395
11 30 1503
11 31 1245
11 32 426
11 33 1481
11 34 1458
11 35 752
11 36 1180
11 37 850
11 38 924
11 39 570
11 40 1242
11 41 1668
11 42 834
11 43 609
11 44 1402
11 45 1464
11 46 404
11 47 1301
11 48 1431
11 49 1764
11 50 533
11 51 1274
11 52 1716
11 53 485
11 54 1226
11 55 1668
11 56 437
11 57 1178
11 58 1620
11 59 389
11 60 1130
11 61 1572
11 62 341
11 63 1082
11 64 1524
11 65 293
11 66 1034
11 67 1476
11 68 245
11 69 986
11 70 1524
11 71 293
11 72 1034
11 73 1572
11 74 341
11 75 1082
11 76 1620
11 77 389
11 78 1130
11 79 1668
11 80 437
11 81 1178
11 82 1716
11 83 485
11 84 1226
11 85 1764
11 86 533
11 87 1274
11 88 1812
11 89 581
11 90 1322
11 91 1860
11 92 629
11 93 1370
11 94 1908
11 95 677
11 96 1418
11 97 1956
11 98 725
11 99 1466
11 100 2004
11 101 773
11 102 1514
11 103 1884
12 0 1019
12 1 1760
12 2 2434
12 3 1690
12 4 793
12 5 1201
12 6 1211
12 7 1184
12 8 1528
12 9 2134
12 10 639
12 11 1441
12 12 0
12 13 1577
12 14 1688
12 15 2248
12 16 1544
12 17 1185
12 18 940
12 19 717
12 20 1017
12 21 639
12 22 1464
12 23 1504
12 24 1198
12 25 1757
12 26 534
12 27 1263
12 28 1481
12 29 1250
12 30 968
12 31 2456
12 32 1089
12 33 2220
12 34 2409
12 35 1703
12 36 2131
12 37 1237
12 38 1355
12 39 871
12 40 1617
12 41 2043
12 42 1785
12 43 1560
12 44 39
12 45 1839
12 46 1355
12 47 2060
12 48 848
12 49 899
12 50 1484
12 51 2715
12 52 851
12 53 1436
12 54 2667
12 55 803
12 56 1388
12 57 2619
12 58 755
12 59 1340
12 60 2571
12 61 707
12 62 1292
12 63 2523
12 64 659
12 65 1244
12 66 2475
12 67 611
12 68 1196
12 69 2427
12 70 563
12 71 1148
12 72 2379
12 73 515
12 74 1100
12 75 2331
12 76 467
12 77 1052
12 78 2283
12 79 419
12 80 1004
12 81 2235
12 82 371
12 83 956
12 84 2187
12 85 323
12 86 908
12 87 2139
12 88 371
12 89 956
12 90 2187
12 91 419
12 92 1004
12 93 2235
12 94 467
12 95 1052
12 96 2283
12 97 515
12 98 1100
12 99 2331
12 100 563
12 101 1148
12 102 2379
12 103 1019
13 0 894
13 1 1885
13 2 1791
13 3 759
13 4 1148
13 5 1326
13 6 856
13 7 1403
13 8 981
13 9 2259
13 10 1570
13 11 990
13 12 1577
13 13 0
13 14 1237
13 15 1509
13 16 1669
13 17 830
13 18 637
13 19 1648
13 20 1180
13 21 1570
13 22 629
13 23 1629
13 24 1389
13 25 1882
13 26 1465
13 27 1804
13 28 742
13 29 895
13 30 1899
13 31 1717
13 32 926
13 33 2345
13 34 1478
13 35 772
13 36 1392
13 37 1350
13 38 1232
13 39 1070
13 40 1742
13 41 2168
13 42 854
13 43 629
13 44 1616
13 45 1964
13 46 712
13 47 1801
13 48 1011
13 49 774
13 50 553
13 51 1784
13 52 726
13 53 505
13 54 1736
13 55 774
13 56 553
13 57 1784
13 58 822
13 59 601
13 60 1832
13 61 870
13 62 649
13 63 1880
13 64 918
13 65 697
13 66 1928
13 67 966
13 68 745
13 69 1976
13 70 1014
13 71 793
13 72 2024
13 73 1062
13 74 841
13 75 2072
13 76 1110
13 77 889
13 78 2120
13 79 1158
13 80 937
13 81 2168
13 82 1206
13 83 985
13 84 2216
13 85 1254
13 86 1033
13 87 2264
13 88 1302
13 89 1081
13 90 2312
13 91 1350
13 92 1129
13 93 2360
13 94 1398
13 95 1177
13 96 2408
13 97 1446
13 98 1225
13 99 2456
13 100 1494
13 101 1273
13 102 2504
13 103 894
14 0 2131
14 1 1502
14 2 924
14 3 986
14 4 895
14 5 1073
14 6 603
14 7 1150
14 8 824
14 9 1512
14 10 2175
14 11 247
14 12 1688
14 13 1237
14 14 0
14 15 1206
14 16 1416
14 17 577
14 18 1874
14 19 2097
14 20 1509
14 21 2175
14 22 760
14 23 1376
14 24 1136
14 25 1629
14 26 1992
14 27 1551
14 28 777
14 29 642
14 30 1750
14 31 998
14 32 673
14 33 1234
14 34 1237
14 35 999
14 36 1323
14 37 1097
14 38 1171
14 39 817
14 40 1489
14 41 1603
14 42 1081
14 43 856
14 44 1649
14 45 1711
14 46 651
14 47 1106
14 48 1678
14 49 2011
14 50 780
14 51 1027
14 52 1963
14 53 732
14 54 979
14 55 1915
14 56 684
14 57 931
14 58 1867
14 59 636
14 60 883
14 61 1819
14 62 588
14 63 835
14 64 1771
14 65 540
14 66 787
14 67 1723
14 68 492
14 69 739
14 70 1771
14 71 540
14 72 787
14 73 1819
14 74 588
14 75 835
14 76 1867
14 77 636
14 78 883
14 79 1915
14 80 684
14 81 931
14 82 1963
14 83 732
14 84 979
14 85 2011
14 86 780
14 87 1027
14 88 2059
14 89 828
14 90 1075
14 91 2107
14 92 876
14 93 1123
14 94 2155
14 95 924
14 96 1171
14 97 2203
14 98 972
14 99 1219
14 100 2251
14 101 1020
14 102 1267
14 103 2131
15 0 2403
15 1 1230
15 2 460
15 3 1258
15 4 1455
15 5 1633
15 6 1163
15 7 1710
15 8 1288
15 9 1240
15 10 2735
15 11 1297
15 12 2248
15 13 1509
15 14 1206
15 15 0
15 16 1638
15 17 1137
15 18 2146
15 19 2657
15 20 1877
15 21 2735
15 22 1032
15 23 1390
15 24 1696
15 25 1617
15 26 2552
15 27 2111
15 28 767
15 29 1202
15 30 2310
15 31 208
15 32 1233
15 33 962
15 34 677
15 35 1271
15 36 117
15 37 1657
15 38 1539
15 39 1377
15 40 1373
15 41 1331
15 42 1301
15 43 1128
15 44 2209
15 45 1439
15 46 1019
15 47 834
15 48 2046
15 49 2283
15 50 1052
15 51 467
15 52 2235
15 53 1004
15 54 419
15 55 2187
15 56 956
15 57 371
15 58 2139
15 59 908
15 60 323
15 61 2187
15 62 956
15 63 371
15 64 2235
15 65 1004
15 66 419
15 67 2283
15 68 1052
15 69 467
15 70 2331
15 71 1100
15 72 515
15 73 2379
15 74 1148
15 75 563
15 76 2427
15 77 1196
15 78 611
15 79 2475
15 80 1244
15 81 659
15 82 2523
15 83 1292
15 84 707
15 85 2571
15 86 1340
15 87 755
15 88 2619
15 89 1388
15 90 803
15 91 2667
15 92 1436
15 93 851
15 94 2715
15 95 1484
15 96 899
15 97 2763
15 98 1532
15 99 947
15 100 2811
15 101 1580
15 102 995
15 103 2403
16 0 2563
16 1 1262
16 2 1356
16 3 1418
16 4 751
16 5 833
16 6 939
16 7 1198
16 8 1256
16 9 1080
16 10 1743
16 11 1169
16 12 1544
16 13 1669
16 14 1416
16 15 1638
16 16 0
16 17 913
16 18 2306
16 19 1665
16 20 1941
16 21 1743
16 22 1192
16 23 1232
16 24 1472
16 25 1197
16 26 1656
16 27 1119
16 28 1209
16 29 978
16 30 1318
16 31 1430
16 32 817
16 33 676
16 34 1669
16 35 1431
16 36 1755
16 37 1433
16 38 1603
16 39 673
16 40 1249
16 41 1171
16 42 1513
16 43 1288
16 44 1505
16 45 1279
16 46 1083
16 47 1346
16 48 2110
16 49 2443
16 50 1212
16 51 1459
16 52 2395
16 53 1164
16 54 1411
16 55 2347
16 56 1116
16 57 1363
16 58 2299
16 59 1068
16 60 1315
16 61 2251
16 62 1020
16 63 1267
16 64 2203
16 65 972
16 66 1219
16 67 2155
16 68 924
16 69 1171
16 70 2107
16 71 876
16 72 1123
16 73 2059
16 74 828
16 75 1075
16 76 2011
16 77 780
16 78 1027
16 79 1963
16 80 732
16 81 979
16 82 1915
16 83 684
16 84 931
16 85 1867
16 86 636
16 87 883
16 88 1819
16 89 588
16 90 835
16 91 1771
16 92 540
16 93 787
16 94 1723
16 95 492
16 96 739
16 97 1771
16 98 540
16 99 787
16 100 1819
16 101 588
16 102 835
16 103 2563
17 0 1650
17 1 1129
17 2 1323
17 3 579
17 4 392
17 5 570
17 6 100
17 7 647
17 8 417
17 9 1503
17 10 1672
17 11 330
17 12 1185
17 13 830
17 14 577
17 15 1137
17 16 913
17 17 0
17 18 1467
17 19 1594
17 20 1102
17 21 1672
17 22 353
17 23 873
17 24 559
17 25 1126
17 26 1489
17 27 1048
17 28 370
17 29 139
17 30 1247
17 31 1345
17 32 170
17 33 1589
17 34 1298
17 35 592
17 36 1020
17 37 520
17 38 764
17 39 314
17 40 986
17 41 1412
17 42 674
17 43 449
17 44 1146
17 45 1208
17 46 244
17 47 1045
17 48 1271
17 49 1530
17 50 373
17 51 1604
17 52 1482
17 53 325
17 54 1556
17 55 1434
17 56 277
17 57 1508
17 58 1386
17 59 229
17 60 1460
17 61 1338
17 62 181
17 63 1412
17 64 1290
17 65 133
17 66 1364
17 67 1242
17 68 85
17 69 1316
17 70 1194
17 71 37
17 72 1268
17 73 1242
17 74 85
17 75 1316
17 76 1290
17 77 133
17 78 1364
17 79 1338
17 80 181
17 81 1412
17 82 1386
17 83 229
17 84 1460
17 85 1434
17 86 277
17 87 1508
17 88 1482
17 89 325
17 90 1556
17 91 1530
17 92 373
17 93 1604
17 94 1578
17 95 421
17 96 1652
17 97 1626
17 98 469
17 99 1700
17 100 1674
17 101 517
17 102 1748
17 103 1650
18 0 257
18 1 2522
18 2 2428
18 3 1162
18 4 1733
18 5 1651
18 6 1493
18 7 1286
18 8 1228
18 9 2896
18 10 933
18 11 1627
18 12 940
18 13 637
18 14 1874
18 15 2146
18 16 2306
18 17 1467
18 18 0
18 19 1011
18 20 543
18 21 933
18 22 1266
18 23 2266
18 24 1012
18 25 2519
18 26 828
18 27 1557
18 28 1379
18 29 1532
18 30 1262
18 31 2354
18 32 1563
18 33 2982
18 34 2115
18 35 1409
18 36 2029
18 37 1051
18 38 881
18 39 1707
18 40 2379
18 41 2805
18 42 1491
18 43 1266
18 44 979
18 45 2601
18 46 1349
18 47 2438
18 48 374
18 49 137
18 50 1190
18 51 2421
18 52 89
18 53 1142
18 54 2373
18 55 137
18 56 1190
18 57 2421
18 58 185
18 59 1238
18 60 2469
18 61 233
18 62 1286
18 63 2517
18 64 281
18 65 1334
18 66 2565
18 67 329
18 68 1382
18 69 2613
18 70 377
18 71 1430
18 72 2661
18 73 425
18 74 1478
18 75 2709
18 76 473
18 77 1526
18 78 2757
18 79 521
18 80 1574
18 81 2805
18 82 569
18 83 1622
18 84 2853
18 85 617
18 86 1670
18 87 2901
18 88 665
18 89 1718
18 90 2949
18 91 713
18 92 1766
18 93 2997
18 94 761
18 95 1814
18 96 3045
18 97 809
18 98 1862
18 99 3093
18 100 857
18 101 1910
18 102 3141
18 103 257
19 0 1090
19 1 2073
19 2 2843
19 3 1995
19 4 1432
19 5 1332
19 6 1620
19 7 1255
19 8 1677
19 9 2063
19 10 78
19 11 1850
19 12 717
19 13 1648
19 14 2097
19 15 2657
19 16 1665
19 17 1594
19 18 1011
19 19 0
19 20 1088
19 21 78
19 22 1873
19 23 1913
19 24 1269
19 25 1686
19 26 413
19 27 546
19 28 1890
19 29 1659
19 30 655
19 31 2865
19 32 1498
19 33 2341
19 34 2818
19 35 2112
19 36 2540
19 37 1308
19 38 1426
19 39 1354
19 40 1930
19 41 1972
19 42 2194
19 43 1969
19 44 756
19 45 1864
19 46 1764
19 47 2469
19 48 919
19 49 970
19 50 1893
19 51 3124
19 52 922
19 53 1845
19 54 3076
19 55 874
19 56 1797
19 57 3028
19 58 826
19 59 1749
19 60 2980
19 61 778
19 62 1701
19 63 2932
19 64 730
19 65 1653
19 66 2884
19 67 682
19 68 1605
19 69 2836
19 70 634
19 71 1557
19 72 2788
19 73 586
19 74 1509
19 75 2740
19 76 538
19 77 1461
19 78 2692
19 79 490
19 80 1413
19 81 2644
19 82 442
19 83 1365
19 84 2596
19 85 394
19 86 1317
19 87 2548
19 88 346
19 89 1269
19 90 2500
19 91 298
19 92 1221
19 93 2452
19 94 250
19 95 1173
19 96 2404
19 97 202
19 98 1125
19 99 2356
19 100 154
19 101 1077
19 102 2308
19 103 1090
20 0 622
20 1 2157
20 2 2063
20 3 1319
20 4 1420
20 5 1598
20 6 1128
20 7 1363
20 8 1253
20 9 2531
20 10 1010
20 11 1262
20 12 1017
20 13 1180
20 14 1509
20 15 1877
20 16 1941
20 17 1102
20 18 543
20 19 1088
20 20 0
20 21 1010
20 22 1093
20 23 1901
20 24 1089
20 25 2154
20 26 905
20 27 1634
20 28 1110
20 29 1167
20 30 1339
20 31 2085
20 32 1198
20 33 2617
20 34 2038
20 35 1332
20 36 1760
20 37 1128
20 38 338
20 39 1342
20 40 2014
20 41 2440
20 42 1414
20 43 1189
20 44 1056
20 45 2236
20 46 984
20 47 2073
20 48 169
20 49 502
20 50 1113
20 51 2344
20 52 454
20 53 1065
20 54 2296
20 55 406
20 56 1017
20 57 2248
20 58 358
20 59 969
20 60 2200
20 61 310
20 62 921
20 63 2152
20 64 358
20 65 969
20 66 2200
20 67 406
20 68 1017
20 69 2248
20 70 454
20 71 1065
20 72 2296
20 73 502
20 74 1113
20 75 2344
20 76 550
20 77 1161
20 78 2392
20 79 598
20 80 1209
20 81 2440
20 82 646
20 83 1257
20 84 2488
20 85 694
20 86 1305
20 87 2536
20 88 742
20 89 1353
20 90 2584
20 91 790
20 92 1401
20 93 2632
20 94 838
20 95 1449
20 96 2680
20 97 886
20 98 1497
20 99 2728
20 100 934
20 101 1545
20 102 2776
20 103 622
21 0 1012
21 1 2151
21 2 2921
21 3 1917
21 4 1432
21 5 1254
21 6 1698
21 7 1177
21 8 1599
21 9 2141
21 10 0
21 11 1928
21 12 639
21 13 1570
21 14 2175
21 15 2735
21 16 1743
21 17 1672
21 18 933
21 19 78
21 20 1010
21 21 0
21 22 1951
21 23 1991
21 24 1191
21 25 1764
21 26 335
21 27 624
21 28 1968
21 29 1737
21 30 577
21 31 2943
21 32 1576
21 33 2419
21 34 2896
21 35 2190
21 36 2618
21 37 1230
21 38 1348
21 39 1432
21 40 2008
21 41 2050
21 42 2272
21 43 2047
21 44 678
21 45 1942
21 46 1842
21 47 2547
21 48 841
21 49 892
21 50 1971
21 51 3202
21 52 844
21 53 1923
21 54 3154
21 55 796
21 56 1875
21 57 3106
21 58 748
21 59 1827
21 60 3058
21 61 700
21 62 1779
21 63 3010
21 64 652
21 65 1731
21 66 2962
21 67 604
21 68 1683
21 69 2914
21 70 556
21 71 1635
21 72 2866
21 73 508
21 74 1587
21 75 2818
21 76 460
21 77 1539
21 78 2770
21 79 412
21 80 1491
21 81 2722
21 82 364
21 83 1443
21 84 2674
21 85 316
21 86 1395
21 87 2626
21 88 268
21 89 1347
21 90 2578
21 91 220
21 92 1299
21 93 2530
21 94 172
21 95 1251
21 96 2482
21 97 124
21 98 1203
21 99 2434
21 100 76
21 101 1155
21 102 2386
21 103 1012
22 0 1523
22 1 1408
22 2 1314
22 3 378
22 4 671
22 5 849
22 6 379
22 7 926
22 8 504
22 9 1782
22 10 1951
22 11 513
22 12 1464
22 13 629
22 14 760
22 15 1032
22 16 1192
22 17 353
22 18 1266
22 19 1873
22 20 1093
22 21 1951
22 22 0
22 23 1152
22 24 912
22 25 1405
22 26 1768
22 27 1327
22 28 265
22 29 418
22 30 1526
22 31 1240
22 32 449
22 33 1842
22 34 1097
22 35 391
22 36 915
22 37 873
22 38 755
22 39 593
22 40 1265
22 41 1691
22 42 473
22 43 248
22 44 1425
22 45 1487
22 46 235
22 47 1324
22 48 1262
22 49 1403
22 50 172
22 51 1251
22 52 1355
22 53 124
22 54 1203
22 55 1307
22 56 76
22 57 1155
22 58 1355
22 59 124
22 60 1203
22 61 1403
22 62 172
22 63 1251
22 64 1451
22 65 220
22 66 1299
22 67 1499
22 68 268
22 69 1347
22 70 1547
22 71 316
22 72 1395
22 73 1595
22 74 364
22 75 1443
22 76 1643
22 77 412
22 78 1491
22 79 1691
22 80 460
22 81 1539
22 82 1739
22 83 508
22 84 1587
22 85 1787
22 86 556
22 87 1635
22 88 1835
22 89 604
22 90 1683
22 91 1883
22 92 652
22 93 1731
22 94 1931
22 95 700
22 96 1779
22 97 1979
22 98 748
22 99 1827
22 100 2027
22 101 796
22 102 1875
22 103 1523
23 0 2523
23 1 1110
23 2 1108
23 3 1378
23 4 711
23 5 889
23 6 899
23 7 1158
23 8 1216
23 9 1120
23 10 1991
23 11 1129
23 12 1504
23 13 1629
23 14 1376
23 15 1390
23 16 1232
23 17 873
23 18 2266
23 19 1913
23 20 1901
23 21 1991
23 22 1152
23 23 0
23 24 1432
23 25 1445
23 26 1808
23 27 1367
23 28 1169
23 29 938
23 30 1566
23 31 1182
23 32 777
23 33 842
23 34 1421
23 35 1391
23 36 1507
23 37 1393
23 38 1563
23 39 633
23 40 1253
23 41 1211
23 42 1473
23 43 1248
23 44 1465
23 45 1319
23 46 1043
23 47 1098
23 48 2070
23 49 2403
23 50 1172
23 51 1211
23 52 2355
23 53 1124
23 54 1163
23 55 2307
23 56 1076
23 57 1115
23 58 2259
23 59 1028
23 60 1067
23 61 2211
23 62 980
23 63 1019
23 64 2163
23 65 932
23 66 971
23 67 2115
23 68 884
23 69 923
23 70 2067
23 71 836
23 72 875
23 73 2019
23 74 788
23 75 827
23 76 1971
23 77 740
23 78 779
23 79 1923
23 80 692
23 81 731
23 82 1875
23 83 644
23 84 683
23 85 1827
23 86 596
23 87 635
23 88 1875
23 89 644
23 90 683
23 91 1923
23 92 692
23 93 731
23 94 1971
23 95 740
23 96 779
23 97 2019
23 98 788
23 99 827
23 100 2067
23 101 836
23 102 875
23 103 2523
24 0 1091
24 1 1688
24 2 1882
24 3 1138
24 4 951
24 5 1129
24 6 659
24 7 1206
24 8 976
24 9 2062
24 10 1191
24 11 889
24 12 1198
24 13 1389
24 14 1136
24 15 1696
24 16 1472
24 17 559
24 18 1012
24 19 1269
24 20 1089
24 21 1191
24 22 912
24 23 1432
24 24 0
24 25 1685
24 26 1086
24 27 1607
24 28 929
24 29 698
24 30 1520
24 31 1904
24 32 729
24 33 2148
24 34 1857
24 35 1151
24 36 1579
24 37 39
24 38 1323
24 39 873
24 40 1545
24 41 1971
24 42 1233
24 43 1008
24 44 1237
24 45 1767
24 46 803
24 47 1604
24 48 920
24 49 971
24 50 932
24 51 2163
24 52 923
24 53 884
24 54 2115
24 55 875
24 56 836
24 57 2067
24 58 827
24 59 788
24 60 2019
24 61 779
24 62 740
24 63 1971
24 64 731
24 65 692
24 66 1923
24 67 683
24 68 644
24 69 1875
24 70 635
24 71 596
24 72 1827
24 73 683
24 74 644
24 75 1875
24 76 731
24 77 692
24 78 1923
24 79 779
24 80 740
24 81 1971
24 82 827
24 83 788
24 84 2019
24 85 875
24 86 836
24 87 2067
24 88 923
24 89 884
24 90 2115
24 91 971
24 92 932
24 93 2163
24 94 1019
24 95 980
24 96 2211
24 97 1067
24 98 1028
24 99 2259
24 100 1115
24 101 1076
24 102 2307
24 103 1091
25 0 2776
25 1 1241
25 2 1335
25 3 1631
25 4 964
25 5 1046
25 6 1152
25 7 1411
25 8 1469
25 9 377
25 10 1764
25 11 1382
25 12 1757
25 13 1882
25 14 1629
25 15 1617
25 16 1197
25 17 1126
25 18 2519
25 19 1686
25 20 2154
25 21 1764
25 22 1405
25 23 1445
25 24 1685
25 25 0
25 26 1869
25 27 1140
25 28 1422
25 29 1191
25 30 1435
25 31 1409
25 32 1030
25 33 781
25 34 1648
25 35 1644
25 36 1734
25 37 1646
25 38 1816
25 39 886
25 40 1384
25 41 286
25 42 1726
25 43 1501
25 44 1718
25 45 1162
25 46 1296
25 47 1325
25 48 2323
25 49 2656
25 50 1425
25 51 1438
25 52 2608
25 53 1377
25 54 1390
25 55 2560
25 56 1329
25 57 1342
25 58 2512
25 59 1281
25 60 1294
25 61 2464
25 62 1233
25 63 1246
25 64 2416
25 65 1185
25 66 1198
25 67 2368
25 68 1137
25 69 1150
25 70 2320
25 71 1089
25 72 1102
25 73 2272
25 74 1041
25 75 1054
25 76 2224
25 77 993
25 78 1006
25 79 2176
25 80 945
25 81 958
25 82 2128
25 83 897
25 84 910
25 85 2080
25 86 849
25 87 862
25 88 2032
25 89 801
25 90 814
25 91 1984
25 92 753
25 93 766
25 94 1936
25 95 705
25 96 718
25 97 1888
25 98 657
25 99 670
25 100 1840
25 101 609
25 102 622
25 103 2776
26 0 907
26 1 1968
26 2 2738
26 3 1812
26 4 1327
26 5 1149
26 6 1515
26 7 1072
26 8 1494
26 9 2246
26 10 335
26 11 1745
26 12 534
26 13 1465
26 14 1992
26 15 2552
26 16 1656
26 17 1489
26 18 828
26 19 413
26 20 905
26 21 335
26 22 1768
26 23 1808
26 24 1086
26 25 1869
26 26 0
26 27 959
26 28 1785
26 29 1554
26 30 664
26 31 2760
26 32 1393
26 33 2332
26 34 2713
26 35 2007
26 36 2435
26 37 1125
26 38 1243
26 39 1249
26 40 1825
26 41 2155
26 42 2089
26 43 1864
26 44 573
26 45 1951
26 46 1659
26 47 2364
26 48 736
26 49 787
26 50 1788
26 51 3019
26 52 739
26 53 1740
26 54 2971
26 55 691
26 56 1692
26 57 2923
26 58 643
26 59 1644
26 60 2875
26 61 595
26 62 1596
26 63 2827
26 64 547
26 65 1548
26 66 2779
26 67 499
26 68 1500
26 69 2731
26 70 451
26 71 1452
26 72 2683
26 73 403
26 74 1404
26 75 2635
26 76 355
26 77 1356
26 78 2587
26 79 307
26 80 1308
26 81 2539
26 82 259
26 83 1260
26 84 2491
26 85 211
26 86 1212
26 87 2443
26 88 163
26 89 1164
26 90 2395
26 91 115
26 92 1116
26 93 2347
26 94 163
26 95 1164
26 96 2395
26 97 211
26 98 1212
26 99 2443
26 100 259
26 101 1260
26 102 2491
26 103 907
27 0 1636
27 1 1527
27 2 2297
27 3 1553
27 4 886
27 5 968
27 6 1074
27 7 1333
27 8 1391
27 9 1517
27 10 624
27 11 1304
27 12 1263
27 13 1804
27 14 1551
27 15 2111
27 16 1119
27 17 1048
27 18 1557
27 19 546
27 20 1634
27 21 624
27 22 1327
27 23 1367
27 24 1607
27 25 1140
27 26 959
27 27 0
27 28 1344
27 29 1113
27 30 1201
27 31 2319
27 32 952
27 33 1795
27 34 2272
27 35 1566
27 36 1994
27 37 1568
27 38 1738
27 39 808
27 40 1384
27 41 1426
27 42 1648
27 43 1423
27 44 1302
27 45 1318
27 46 1218
27 47 1923
27 48 1465
27 49 1516
27 50 1347
27 51 2578
27 52 1468
27 53 1299
27 54 2530
27 55 1420
27 56 1251
27 57 2482
27 58 1372
27 59 1203
27 60 2434
27 61 1324
27 62 1155
27 63 2386
27 64 1276
27 65 1107
27 66 2338
27 67 1228
27 68 1059
27 69 2290
27 70 1180
27 71 1011
27 72 2242
27 73 1132
27 74 963
27 75 2194
27 76 1084
27 77 915
27 78 2146
27 79 1036
27 80 867
27 81 2098
27 82 988
27 83 819
27 84 2050
27 85 940
27 86 771
27 87 2002
27 88 892
27 89 723
27 90 1954
27 91 844
27 92 675
27 93 1906
27 94 796
27 95 627
27 96 1858
27 97 748
27 98 579
27 99 1810
27 100 700
27 101 531
27 102 1762
27 103 1636
28 0 1636
28 1 1425
28 2 1227
28 3 491
28 4 688
28 5 866
28 6 396
28 7 943
28 8 521
28 9 1799
28 10 1968
28 11 530
28 12 1481
28 13 742
28 14 777
28 15 767
28 16 1209
28 17 370
28 18 1379
28 19 1890
28 20 1110
28 21 1968
28 22 265
28 23 1169
28 24 929
28 25 1422
28 26 1785
28 27 1344
28 28 0
28 29 435
28 30 1543
28 31 975
28 32 466
28 33 1729
28 34 1210
28 35 504
28 36 650
28 37 890
28 38 772
28 39 610
28 40 1282
28 41 1708
28 42 586
28 43 361
28 44 1442
28 45 1504
28 46 252
28 47 1341
28 48 1279
28 49 1516
28 50 285
28 51 1234
28 52 1468
28 53 237
28 54 1186
28 55 1420
28 56 189
28 57 1138
28 58 1372
28 59 141
28 60 1090
28 61 1420
28 62 189
28 63 1138
28 64 1468
28 65 237
28 66 1186
28 67 1516
28 68 285
28 69 1234
28 70 1564
28 71 333
28 72 1282
28 73 1612
28 74 381
28 75 1330
28 76 1660
28 77 429
28 78 1378
28 79 1708
28 80 477
28 81 1426
28 82 1756
28 83 525
28 84 1474
28 85 1804
28 86 573
28 87 1522
28 88 1852
28 89 621
28 90 1570
28 91 1900
28 92 669
28 93 1618
28 94 1948
28 95 717
28 96 1666
28 97 1996
28 98 765
28 99 1714
28 100 2044
28 101 813
28 102 1762
28 103 1636
29 0 1789
29 1 1194
29 2 1362
29 3 644
29 4 457
29 5 635
29 6 39
29 7 712
29 8 482
29 9 1568
29 10 1737
29 11 395
29 12 1250
29 13 895
29 14 642
29 15 1202
29 16 978
29 17 139
29 18 1532
29 19 1659
29 20 1167
29 21 1737
29 22 418
29 23 938
29 24 698
29 25 1191
29 26 1554
29 27 1113
29 28 435
29 29 0
29 30 1312
29 31 1410
29 32 235
29 33 1576
29 34 1363
29 35 657
29 36 1085
29 37 659
29 38 829
29 39 379
29 40 1051
29 41 1477
29 42 739
29 43 514
29 44 1211
29 45 1273
29 46 309
29 47 1110
29 48 1336
29 49 1669
29 50 438
29 51 1465
29 52 1621
29 53 390
29 54 1417
29 55 1573
29 56 342
29 57 1369
29 58 1525
29 59 294
29 60 1321
29 61 1477
29 62 246
29 63 1273
29 64 1429
29 65 198
29 66 1225
29 67 1381
29 68 150
29 69 1177
29 70 1333
29 71 102
29 72 1129
29 73 1381
29 74 150
29 75 1177
29 76 1429
29 77 198
29 78 1225
29 79 1477
29 80 246
29 81 1273
29 82 1525
29 83 294
29 84 1321
29 85 1573
29 86 342
29 87 1369
29 88 1621
29 89 390
29 90 1417
29 91 1669
29 92 438
29 93 1465
29 94 1717
29 95 486
29 96 1513
29 97 1765
29 98 534
29 99 1561
29 100 1813
29 101 582
29 102 1609
29 103 1789
30 0 1341
30 1 1726
30 2 2496
30 3 1752
30 4 1085
30 5 1167
30 6 1273
30 7 1506
30 8 1590
30 9 1812
30 10 577
30 11 1503
30 12 968
30 13 1899
30 14 1750
30 15 2310
30 16 1318
30 17 1247
30 18 1262
30 19 655
30 20 1339
30 21 577
30 22 1526
30 23 1566
30 24 1520
30 25 1435
30 26 664
30 27 1201
30 28 1543
30 29 1312
30 30 0
30 31 2518
30 32 1151
30 33 1994
30 34 2471
30 35 1765
30 36 2193
30 37 1559
30 38 1677
30 39 1007
30 40 1583
30 41 1721
30 42 1847
30 43 1622
30 44 1007
30 45 1517
30 46 1417
30 47 2122
30 48 1170
30 49 1221
30 50 1546
30 51 2777
30 52 1173
30 53 1498
30 54 2729
30 55 1125
30 56 1450
30 57 2681
30 58 1077
30 59 1402
30 60 2633
30 61 1029
30 62 1354
30 63 2585
30 64 981
30 65 1306
30 66 2537
30 67 933
30 68 1258
30 69 2489
30 70 885
30 71 1210
30 72 2441
30 73 837
30 74 1162
30 75 2393
30 76 789
30 77 1114
30 78 2345
30 79 741
30 80 1066
30 81 2297
30 82 693
30 83 1018
30 84 2249
30 85 645
30 86 970
30 87 2201
30 88 597
30 89 922
30 90 2153
30 91 549
30 92 874
30 93 2105
30 94 501
30 95 826
30 96 2057
30 97 453
30 98 778
30 99 2009
30 100 501
30 101 826
30 102 2057
30 103 1341
31 0 2611
31 1 1022
31 2 252
31 3 1466
31 4 1663
31 5 1841
31 6 1371
31 7 1918
31 8 1496
31 9 1032
31 10 2943
31 11 1245
31 12 2456
31 13 1717
31 14 998
31 15 208
31 16 1430
31 17 1345
31 18 2354
31 19 2865
31 20 2085
31 21 2943
31 22 1240
31 23 1182
31 24 1904
31 25 1409
31 26 2760
31 27 2319
31 28 975
31 29 1410
31 30 2518
31 31 0
31 32 1441
31 33 754
31 34 469
31 35 1271
31 36 325
31 37 1865
31 38 1747
31 39 1585
31 40 1165
31 41 1123
31 42 1093
31 43 1336
31 44 2417
31 45 1231
31 46 1227
31 47 626
31 48 2254
31 49 2491
31 50 1260
31 51 259
31 52 2443
31 53 1212
31 54 211
31 55 2395
31 56 1164
31 57 163
31 58 2347
31 59 1116
31 60 115
31 61 2395
31 62 1164
31 63 163
31 64 2443
31 65 1212
31 66 211
31 67 2491
31 68 1260
31 69 259
31 70 2539
31 71 1308
31 72 307
31 73 2587
31 74 1356
31 75 355
31 76 2635
31 77 1404
31 78 403
31 79 2683
31 80 1452
31 81 451
31 82 2731
31 83 1500
31 84 499
31 85 2779
31 86 1548
31 87 547
31 88 2827
31 89 1596
31 90 595
31 91 2875
31 92 1644
31 93 643
31 94 2923
31 95 1692
31 96 691
31 97 2971
31 98 1740
31 99 739
31 100 3019
31 101 1788
31 102 787
31 103 2611
32 0 1820
32 1 1033
32 2 1419
32 3 675
32 4 296
32 5 474
32 6 196
32 7 551
32 8 513
32 9 1407
32 10 1576
32 11 426
32 12 1089
32 13 926
32 14 673
32 15 1233
32 16 817
32 17 170
32 18 1563
32 19 1498
32 20 1198
32 21 1576
32 22 449
32 23 777
32 24 729
32 25 1030
32 26 1393
32 27 952
32 28 466
32 29 235
32 30 1151
32 31 1441
32 32 0
32 33 1493
32 34 1394
32 35 688
32 36 1116
32 37 690
32 38 860
32 39 218
32 40 890
32 41 1316
32 42 770
32 43 545
32 44 1050
32 45 1112
32 46 340
32 47 1045
32 48 1367
32 49 1700
32 50 469
32 51 1626
32 52 1652
32 53 421
32 54 1578
32 55 1604
32 56 373
32 57 1530
32 58 1556
32 59 325
32 60 1482
32 61 1508
32 62 277
32 63 1434
32 64 1460
32 65 229
32 66 1386
32 67 1412
32 68 181
32 69 1338
32 70 1364
32 71 133
32 72 1290
32 73 1316
32 74 85
32 75 1242
32 76 1268
32 77 37
32 78 1194
32 79 1316
32 80 85
32 81 1242
32 82 1364
32 83 133
32 84 1290
32 85 1412
32 86 181
32 87 1338
32 88 1460
32 89 229
32 90 1386
32 91 1508
32 92 277
32 93 1434
32 94 1556
32 95 325
32 96 1482
32 97 1604
32 98 373
32 99 1530
32 100 1652
32 101 421
32 102 1578
32 103 1820
33 0 3239
33 1 586
33 2 680
33 3 2094
33 4 1427
33 5 1509
33 6 1615
33 7 1874
33 8 1932
33 9 404
33 10 2419
33 11 1481
33 12 2220
33 13 2345
33 14 1234
33 15 962
33 16 676
33 17 1589
33 18 2982
33 19 2341
33 20 2617
33 21 2419
33 22 1842
33 23 842
33 24 2148
33 25 781
33 26 2332
33 27 1795
33 28 1729
33 29 1576
33 30 1994
33 31 754
33 32 1493
33 33 0
33 34 993
33 35 1795
33 36 1079
33 37 2109
33 38 2279
33 39 1349
33 40 729
33 41 495
33 42 1617
33 43 1938
33 44 2181
33 45 603
33 46 1759
33 47 670
33 48 2786
33 49 3119
33 50 1888
33 51 783
33 52 3071
33 53 1840
33 54 735
33 55 3023
33 56 1792
33 57 687
33 58 2975
33 59 1744
33 60 639
33 61 2927
33 62 1696
33 63 591
33 64 2879
33 65 1648
33 66 543
33 67 2831
33 68 1600
33 69 495
33 70 2783
33 71 1552
33 72 447
33 73 2735
33 74 1504
33 75 399
33 76 2687
33 77 1456
33 78 351
33 79 2639
33 80 1408
33 81 303
33 82 2591
33 83 1360
33 84 255
33 85 2543
