//alpha
1
//NbLocations
57
//NbProducts
39
//NbPickers
2
//CapaPicker
4
//TimeToTravelOneDistanceUnit
3
//SetupTime
5400
//PickTime
300
//Products
//Idx Location Size
1 1 1
2 2 1
3 3 1
4 4 1
5 5 1
6 6 1
7 7 1
8 8 1
9 9 1
10 10 1
11 11 1
12 12 1
13 13 1
14 14 1
15 15 1
16 16 1
17 17 1
18 18 1
19 19 1
20 20 1
21 21 1
22 22 1
23 23 1
24 24 1
25 25 1
26 26 1
27 27 1
28 28 1
29 29 1
30 30 1
31 31 1
32 32 1
33 33 1
34 34 1
35 35 1
36 36 1
37 37 1
38 38 1
39 30 1
//Orders
//NbOrders
18
//Idx DueDate TardinessPenalty NbProdInOrder ProdIdx1 Qty1 ProdIdx2 Qty2 ...
1 108000 0 2 1 1 2 1
2 108000 0 2 3 1 4 1
3 126000 0 1 5 1
4 126000 0 1 6 1
5 54000 0 4 7 1 8 1 9 1 10 1
6 108000 0 1 11 1
7 54000 0 1 12 1
8 90000 0 2 13 1 14 1
9 36000 0 3 15 1 16 1 17 1
10 144000 0 1 18 1
11 126000 0 4 19 1 20 1 21 1 22 1
12 54000 0 1 23 1
13 54000 0 1 24 1
14 72000 0 4 25 1 26 1 27 1 28 1
15 144000 0 4 29 1 30 1 31 1 32 1
16 144000 0 2 33 1 34 1
17 54000 0 3 35 1 36 1 37 1
18 36000 0 2 38 1 39 1
//Graph (Products are vertices indexed from 1 to NbProducts)
//NbVerticesIntersections
18
//DepartingDepot
0
//ArrivalDepot
57
//Arcs
//Start End Distance
0 39 120
1 5 169
1 35 26
2 18 78
2 50 323
3 43 63
3 44 388
4 12 117
4 42 37
5 1 169
5 53 76
6 11 13
6 47 362
7 55 76
7 56 375
8 24 299
8 46 76
9 15 13
9 22 0
10 35 26
10 37 13
11 6 13
11 25 39
12 4 117
12 31 65
13 32 104
13 55 297
14 24 26
14 45 50
15 9 13
15 20 39
16 32 13
16 54 37
17 26 13
17 34 286
18 2 78
18 49 50
19 38 26
19 41 245
20 15 39
20 40 37
21 29 91
21 33 0
22 9 0
22 38 91
23 26 13
23 28 0
24 8 299
24 14 26
25 11 39
25 46 37
26 17 13
26 23 13
27 30 156
27 39 50
28 23 0
28 51 63
29 21 91
29 49 258
30 27 156
30 40 245
31 12 65
31 43 232
32 13 104
32 16 13
33 21 0
33 48 102
34 17 286
34 52 76
35 1 26
35 10 26
36 37 104
36 52 37
37 10 13
37 36 104
38 19 26
38 22 91
39 27 50
39 42 48
39 57 120
40 20 37
40 30 245
40 43 48
41 19 245
41 44 48
42 4 37
42 39 48
42 45 48
43 3 63
43 31 232
43 40 48
43 46 48
44 3 388
44 41 48
44 47 48
45 14 50
45 42 48
45 48 48
46 8 76
46 25 37
46 43 48
46 49 48
47 6 362
47 44 48
47 50 48
48 33 102
48 45 48
48 51 48
49 18 50
49 29 258
49 46 48
49 52 48
50 2 323
50 47 48
50 53 48
51 28 63
51 48 48
51 54 48
52 34 76
52 36 37
52 49 48
52 55 48
53 5 76
53 50 48
53 56 48
54 16 37
54 51 48
55 7 76
55 13 297
55 52 48
56 7 375
56 53 48
//LocStart LocEnd ShortestPath
0 0 0
0 1 969
0 2 843
0 3 682
0 4 205
0 5 1138
0 6 756
0 7 887
0 8 591
0 9 660
0 10 917
0 11 743
0 12 322
0 13 514
0 14 266
0 15 647
0 16 397
0 17 401
0 18 765
0 19 777
0 20 608
0 21 366
0 22 660
0 23 375
0 24 292
0 25 704
0 26 388
0 27 170
0 28 375
0 29 457
0 30 326
0 31 387
0 32 410
0 33 366
0 34 687
0 35 943
0 36 800
0 37 904
0 38 751
0 39 120
0 40 571
0 41 1022
0 42 168
0 43 619
0 44 1070
0 45 216
0 46 667
0 47 1118
0 48 264
0 49 715
0 50 1166
0 51 312
0 52 763
0 53 1214
0 54 360
0 55 811
0 56 1262
0 57 0
1 0 969
1 1 0
1 2 382
1 3 413
1 4 764
1 5 169
1 6 391
1 7 330
1 8 378
1 9 487
1 10 52
1 11 378
1 12 647
1 13 551
1 14 703
1 15 474
1 16 668
1 17 568
1 18 304
1 19 604
1 20 435
1 21 603
1 22 487
1 23 594
1 24 677
1 25 339
1 26 581
1 27 799
1 28 594
1 29 512
1 30 643
1 31 582
1 32 655
1 33 603
1 34 282
1 35 26
1 36 169
1 37 65
1 38 578
1 39 849
1 40 398
1 41 437
1 42 801
1 43 350
1 44 389
1 45 753
1 46 302
1 47 341
1 48 705
1 49 254
1 50 293
1 51 657
1 52 206
1 53 245
1 54 705
1 55 254
1 56 293
1 57 969
2 0 843
2 1 382
2 2 0
2 3 287
2 4 638
2 5 447
2 6 265
2 7 300
2 8 252
2 9 361
2 10 330
2 11 252
2 12 521
2 13 521
2 14 577
2 15 348
2 16 638
2 17 538
2 18 78
2 19 478
2 20 309
2 21 477
2 22 361
2 23 564
2 24 551
2 25 213
2 26 551
2 27 673
2 28 564
2 29 386
2 30 517
2 31 456
2 32 625
2 33 477
2 34 252
2 35 356
2 36 213
2 37 317
2 38 452
2 39 723
2 40 272
2 41 467
2 42 675
2 43 224
2 44 419
2 45 627
2 46 176
2 47 371
2 48 579
2 49 128
2 50 323
2 51 627
2 52 176
2 53 371
2 54 675
2 55 224
2 56 419
2 57 843
3 0 682
3 1 413
3 2 287
3 3 0
3 4 477
3 5 582
3 6 200
3 7 331
3 8 187
3 9 200
3 10 361
3 11 187
3 12 360
3 13 552
3 14 512
3 15 187
3 16 669
3 17 569
3 18 209
3 19 317
3 20 148
3 21 508
3 22 200
3 23 595
3 24 486
3 25 148
3 26 582
3 27 512
3 28 595
3 29 417
3 30 356
3 31 295
3 32 656
3 33 508
3 34 283
3 35 387
3 36 244
3 37 348
3 38 291
3 39 562
3 40 111
3 41 436
3 42 514
3 43 63
3 44 388
3 45 562
3 46 111
3 47 436
3 48 610
3 49 159
3 50 484
3 51 658
3 52 207
3 53 532
3 54 706
3 55 255
3 56 580
3 57 682
4 0 205
4 1 764
4 2 638
4 3 477
4 4 0
4 5 933
4 6 551
4 7 682
4 8 460
4 9 551
4 10 712
4 11 538
4 12 117
4 13 383
4 14 135
4 15 538
4 16 266
4 17 270
4 18 560
4 19 668
4 20 499
4 21 235
4 22 551
4 23 244
4 24 161
4 25 499
4 26 257
4 27 135
4 28 244
4 29 326
4 30 291
4 31 182
4 32 279
4 33 235
4 34 556
4 35 738
4 36 595
4 37 699
4 38 642
4 39 85
4 40 462
4 41 913
4 42 37
4 43 414
4 44 865
4 45 85
4 46 462
4 47 913
4 48 133
4 49 510
4 50 961
4 51 181
4 52 558
4 53 1009
4 54 229
4 55 606
4 56 1057
4 57 205
5 0 1138
5 1 169
5 2 447
5 3 582
5 4 933
5 5 0
5 6 534
5 7 499
5 8 547
5 9 630
5 10 221
5 11 547
5 12 816
5 13 720
5 14 872
5 15 643
5 16 837
5 17 737
5 18 473
5 19 513
5 20 604
5 21 772
5 22 630
5 23 763
5 24 846
5 25 508
5 26 750
5 27 968
5 28 763
5 29 681
5 30 812
5 31 751
5 32 824
5 33 772
5 34 451
5 35 195
5 36 338
5 37 234
5 38 539
5 39 1018
5 40 567
5 41 268
5 42 970
5 43 519
5 44 220
5 45 922
5 46 471
5 47 172
5 48 874
5 49 423
5 50 124
5 51 826
5 52 375
5 53 76
5 54 874
5 55 423
5 56 124
5 57 1138
6 0 756
6 1 391
6 2 265
6 3 200
6 4 551
6 5 534
6 6 0
6 7 309
6 8 165
6 9 274
6 10 339
6 11 13
6 12 434
6 13 530
6 14 490
6 15 261
6 16 647
6 17 547
6 18 187
6 19 391
6 20 222
6 21 486
6 22 274
6 23 573
6 24 464
6 25 52
6 26 560
6 27 586
6 28 573
6 29 395
6 30 430
6 31 369
6 32 634
6 33 486
6 34 261
6 35 365
6 36 222
6 37 326
6 38 365
6 39 636
6 40 185
6 41 458
6 42 588
6 43 137
6 44 410
6 45 540
6 46 89
6 47 362
6 48 588
6 49 137
6 50 410
6 51 636
6 52 185
6 53 458
6 54 684
6 55 233
6 56 506
6 57 756
7 0 887
7 1 330
7 2 300
7 3 331
7 4 682
7 5 499
7 6 309
7 7 0
7 8 296
7 9 405
7 10 278
7 11 296
7 12 565
7 13 373
7 14 621
7 15 392
7 16 490
7 17 486
7 18 222
7 19 522
7 20 353
7 21 521
7 22 405
7 23 512
7 24 595
7 25 257
7 26 499
7 27 717
7 28 512
7 29 430
7 30 561
7 31 500
7 32 477
7 33 521
7 34 200
7 35 304
7 36 161
7 37 265
7 38 496
7 39 767
7 40 316
7 41 615
7 42 719
7 43 268
7 44 567
7 45 671
7 46 220
7 47 519
7 48 623
7 49 172
7 50 471
7 51 575
7 52 124
7 53 423
7 54 527
7 55 76
7 56 375
7 57 887
8 0 591
8 1 378
8 2 252
8 3 187
8 4 460
8 5 547
8 6 165
8 7 296
8 8 0
8 9 261
8 10 326
8 11 152
8 12 421
8 13 517
8 14 325
8 15 248
8 16 556
8 17 534
8 18 174
8 19 378
8 20 209
8 21 473
8 22 261
8 23 534
8 24 299
8 25 113
8 26 547
8 27 521
8 28 534
8 29 382
8 30 417
8 31 356
8 32 569
8 33 473
8 34 248
8 35 352
8 36 209
8 37 313
8 38 352
8 39 471
8 40 172
8 41 623
8 42 423
8 43 124
8 44 575
8 45 375
8 46 76
8 47 527
8 48 423
8 49 124
8 50 575
8 51 471
8 52 172
8 53 623
8 54 519
8 55 220
8 56 671
8 57 591
9 0 660
9 1 487
9 2 361
9 3 200
9 4 551
9 5 630
9 6 274
9 7 405
9 8 261
9 9 0
9 10 435
9 11 261
9 12 434
9 13 626
9 14 586
9 15 13
9 16 743
9 17 643
9 18 283
9 19 117
9 20 52
9 21 582
9 22 0
9 23 669
9 24 560
9 25 222
9 26 656
9 27 490
9 28 669
9 29 491
9 30 334
9 31 369
9 32 730
9 33 582
9 34 357
9 35 461
9 36 318
9 37 422
9 38 91
9 39 540
9 40 89
9 41 362
9 42 588
9 43 137
9 44 410
9 45 636
9 46 185
9 47 458
9 48 684
9 49 233
9 50 506
9 51 732
9 52 281
9 53 554
9 54 780
9 55 329
9 56 602
9 57 660
10 0 917
10 1 52
10 2 330
10 3 361
10 4 712
10 5 221
10 6 339
10 7 278
10 8 326
10 9 435
10 10 0
10 11 326
10 12 595
10 13 499
10 14 651
10 15 422
10 16 616
10 17 516
10 18 252
10 19 552
10 20 383
10 21 551
10 22 435
10 23 542
10 24 625
10 25 287
10 26 529
10 27 747
10 28 542
10 29 460
10 30 591
10 31 530
10 32 603
10 33 551
10 34 230
10 35 26
10 36 117
10 37 13
10 38 526
10 39 797
10 40 346
10 41 489
10 42 749
10 43 298
10 44 441
10 45 701
10 46 250
10 47 393
10 48 653
10 49 202
10 50 345
10 51 605
10 52 154
10 53 297
10 54 653
10 55 202
10 56 345
10 57 917
11 0 743
11 1 378
11 2 252
11 3 187
11 4 538
11 5 547
11 6 13
11 7 296
11 8 152
11 9 261
11 10 326
11 11 0
11 12 421
11 13 517
11 14 477
11 15 248
11 16 634
11 17 534
11 18 174
11 19 378
11 20 209
11 21 473
11 22 261
11 23 560
11 24 451
11 25 39
11 26 547
11 27 573
11 28 560
11 29 382
11 30 417
11 31 356
11 32 621
11 33 473
11 34 248
11 35 352
11 36 209
11 37 313
11 38 352
11 39 623
11 40 172
11 41 471
11 42 575
11 43 124
11 44 423
11 45 527
11 46 76
11 47 375
11 48 575
11 49 124
11 50 423
11 51 623
11 52 172
11 53 471
11 54 671
11 55 220
11 56 519
11 57 743
12 0 322
12 1 647
12 2 521
12 3 360
12 4 117
12 5 816
12 6 434
12 7 565
12 8 421
12 9 434
12 10 595
12 11 421
12 12 0
12 13 500
12 14 252
12 15 421
12 16 383
12 17 387
12 18 443
12 19 551
12 20 382
12 21 352
12 22 434
12 23 361
12 24 278
12 25 382
12 26 374
12 27 252
12 28 361
12 29 443
12 30 408
12 31 65
12 32 396
12 33 352
12 34 517
12 35 621
12 36 478
12 37 582
12 38 525
12 39 202
12 40 345
12 41 796
12 42 154
12 43 297
12 44 748
12 45 202
12 46 345
12 47 796
12 48 250
12 49 393
12 50 844
12 51 298
12 52 441
12 53 892
12 54 346
12 55 489
12 56 940
12 57 322
13 0 514
13 1 551
13 2 521
13 3 552
13 4 383
13 5 720
13 6 530
13 7 373
13 8 517
13 9 626
13 10 499
13 11 517
13 12 500
13 13 0
13 14 348
13 15 613
13 16 117
13 17 291
13 18 443
13 19 743
13 20 574
13 21 352
13 22 626
13 23 265
13 24 374
13 25 478
13 26 278
13 27 444
13 28 265
13 29 443
13 30 600
13 31 565
13 32 104
13 33 352
13 34 421
13 35 525
13 36 382
13 37 486
13 38 717
13 39 394
13 40 537
13 41 988
13 42 346
13 43 489
13 44 940
13 45 298
13 46 441
13 47 892
13 48 250
13 49 393
13 50 844
13 51 202
13 52 345
13 53 796
13 54 154
13 55 297
13 56 748
13 57 514
14 0 266
14 1 703
14 2 577
14 3 512
14 4 135
14 5 872
14 6 490
14 7 621
14 8 325
14 9 586
14 10 651
14 11 477
14 12 252
14 13 348
14 14 0
14 15 573
14 16 231
14 17 235
14 18 499
14 19 703
14 20 534
14 21 200
14 22 586
14 23 209
14 24 26
14 25 438
14 26 222
14 27 196
14 28 209
14 29 291
14 30 352
14 31 317
14 32 244
14 33 200
14 34 521
14 35 677
14 36 534
14 37 638
14 38 677
14 39 146
14 40 497
14 41 948
14 42 98
14 43 449
14 44 900
14 45 50
14 46 401
14 47 852
14 48 98
14 49 449
14 50 900
14 51 146
14 52 497
14 53 948
14 54 194
14 55 545
14 56 996
14 57 266
15 0 647
15 1 474
15 2 348
15 3 187
15 4 538
15 5 643
15 6 261
15 7 392
15 8 248
15 9 13
15 10 422
15 11 248
15 12 421
15 13 613
15 14 573
15 15 0
15 16 730
15 17 630
15 18 270
15 19 130
15 20 39
15 21 569
15 22 13
15 23 656
15 24 547
15 25 209
15 26 643
15 27 477
15 28 656
15 29 478
15 30 321
15 31 356
15 32 717
15 33 569
15 34 344
15 35 448
15 36 305
15 37 409
15 38 104
15 39 527
15 40 76
15 41 375
15 42 575
15 43 124
15 44 423
15 45 623
15 46 172
15 47 471
15 48 671
15 49 220
15 50 519
15 51 719
15 52 268
15 53 567
15 54 767
15 55 316
15 56 615
15 57 647
16 0 397
16 1 668
16 2 638
16 3 669
16 4 266
16 5 837
16 6 647
16 7 490
16 8 556
16 9 743
16 10 616
16 11 634
16 12 383
16 13 117
16 14 231
16 15 730
16 16 0
16 17 174
16 18 560
16 19 860
16 20 691
16 21 235
16 22 743
16 23 148
16 24 257
16 25 595
16 26 161
16 27 327
16 28 148
16 29 326
16 30 483
16 31 448
16 32 13
16 33 235
16 34 460
16 35 642
16 36 499
16 37 603
16 38 834
16 39 277
16 40 654
16 41 1105
16 42 229
16 43 606
16 44 1057
16 45 181
16 46 558
16 47 1009
16 48 133
16 49 510
16 50 961
16 51 85
16 52 462
16 53 913
16 54 37
16 55 414
16 56 865
16 57 397
17 0 401
17 1 568
17 2 538
17 3 569
17 4 270
17 5 737
17 6 547
17 7 486
17 8 534
17 9 643
17 10 516
17 11 534
17 12 387
17 13 291
17 14 235
17 15 630
17 16 174
17 17 0
17 18 460
17 19 760
17 20 591
17 21 239
17 22 643
17 23 26
17 24 261
17 25 495
17 26 13
17 27 331
17 28 26
17 29 330
17 30 487
17 31 452
17 32 187
17 33 239
17 34 286
17 35 542
17 36 399
17 37 503
17 38 734
17 39 281
17 40 554
17 41 1005
17 42 233
17 43 506
17 44 957
17 45 185
17 46 458
17 47 909
17 48 137
17 49 410
17 50 861
17 51 89
17 52 362
17 53 813
17 54 137
17 55 410
17 56 861
17 57 401
18 0 765
18 1 304
18 2 78
18 3 209
18 4 560
18 5 473
18 6 187
18 7 222
18 8 174
18 9 283
18 10 252
18 11 174
18 12 443
18 13 443
18 14 499
18 15 270
18 16 560
18 17 460
18 18 0
18 19 400
18 20 231
18 21 399
18 22 283
18 23 486
18 24 473
18 25 135
18 26 473
18 27 595
18 28 486
18 29 308
18 30 439
18 31 378
18 32 547
18 33 399
18 34 174
18 35 278
18 36 135
18 37 239
18 38 374
18 39 645
18 40 194
18 41 545
18 42 597
18 43 146
18 44 497
18 45 549
18 46 98
18 47 449
18 48 501
18 49 50
18 50 401
18 51 549
18 52 98
18 53 449
18 54 597
18 55 146
18 56 497
18 57 765
19 0 777
19 1 604
19 2 478
19 3 317
19 4 668
19 5 513
19 6 391
19 7 522
19 8 378
19 9 117
19 10 552
19 11 378
19 12 551
19 13 743
19 14 703
19 15 130
19 16 860
19 17 760
19 18 400
19 19 0
19 20 169
19 21 699
19 22 117
19 23 786
19 24 677
19 25 339
19 26 773
19 27 607
19 28 786
19 29 608
19 30 451
19 31 486
19 32 847
19 33 699
19 34 474
19 35 578
19 36 435
19 37 539
19 38 26
19 39 657
19 40 206
19 41 245
19 42 705
19 43 254
19 44 293
19 45 753
19 46 302
19 47 341
19 48 801
19 49 350
19 50 389
19 51 849
19 52 398
19 53 437
19 54 897
19 55 446
19 56 485
19 57 777
20 0 608
20 1 435
20 2 309
20 3 148
20 4 499
20 5 604
20 6 222
20 7 353
20 8 209
20 9 52
20 10 383
20 11 209
20 12 382
20 13 574
20 14 534
20 15 39
20 16 691
20 17 591
20 18 231
20 19 169
20 20 0
20 21 530
20 22 52
20 23 617
20 24 508
20 25 170
20 26 604
20 27 438
20 28 617
20 29 439
20 30 282
20 31 317
20 32 678
20 33 530
20 34 305
20 35 409
20 36 266
20 37 370
20 38 143
20 39 488
20 40 37
20 41 414
20 42 536
20 43 85
20 44 462
20 45 584
20 46 133
20 47 510
20 48 632
20 49 181
20 50 558
20 51 680
20 52 229
20 53 606
20 54 728
20 55 277
20 56 654
20 57 608
21 0 366
21 1 603
21 2 477
21 3 508
21 4 235
21 5 772
21 6 486
21 7 521
21 8 473
21 9 582
21 10 551
21 11 473
21 12 352
21 13 352
21 14 200
21 15 569
21 16 235
21 17 239
21 18 399
21 19 699
21 20 530
21 21 0
21 22 582
21 23 213
21 24 226
21 25 434
21 26 226
21 27 296
21 28 213
21 29 91
21 30 452
21 31 417
21 32 248
21 33 0
21 34 473
21 35 577
21 36 434
21 37 538
21 38 673
21 39 246
21 40 493
21 41 944
21 42 198
21 43 445
21 44 896
21 45 150
21 46 397
21 47 848
21 48 102
21 49 349
21 50 800
21 51 150
21 52 397
21 53 848
21 54 198
21 55 445
21 56 896
21 57 366
22 0 660
22 1 487
22 2 361
22 3 200
22 4 551
22 5 630
22 6 274
22 7 405
22 8 261
22 9 0
22 10 435
22 11 261
22 12 434
22 13 626
22 14 586
22 15 13
22 16 743
22 17 643
22 18 283
22 19 117
22 20 52
22 21 582
22 22 0
22 23 669
22 24 560
22 25 222
22 26 656
22 27 490
22 28 669
22 29 491
22 30 334
22 31 369
22 32 730
22 33 582
22 34 357
22 35 461
22 36 318
22 37 422
22 38 91
22 39 540
22 40 89
22 41 362
22 42 588
22 43 137
22 44 410
22 45 636
22 46 185
22 47 458
22 48 684
22 49 233
22 50 506
22 51 732
22 52 281
22 53 554
22 54 780
22 55 329
22 56 602
22 57 660
23 0 375
23 1 594
23 2 564
23 3 595
23 4 244
23 5 763
23 6 573
23 7 512
23 8 534
23 9 669
23 10 542
23 11 560
23 12 361
23 13 265
23 14 209
23 15 656
23 16 148
23 17 26
23 18 486
23 19 786
23 20 617
23 21 213
23 22 669
23 23 0
23 24 235
23 25 521
23 26 13
23 27 305
23 28 0
23 29 304
23 30 461
23 31 426
23 32 161
23 33 213
23 34 312
23 35 568
23 36 425
23 37 529
23 38 760
23 39 255
23 40 580
23 41 1031
23 42 207
23 43 532
23 44 983
23 45 159
23 46 484
23 47 935
23 48 111
23 49 436
23 50 887
23 51 63
23 52 388
23 53 839
23 54 111
23 55 436
23 56 887
23 57 375
24 0 292
24 1 677
24 2 551
24 3 486
24 4 161
24 5 846
24 6 464
24 7 595
24 8 299
24 9 560
24 10 625
24 11 451
24 12 278
24 13 374
24 14 26
24 15 547
24 16 257
24 17 261
24 18 473
24 19 677
24 20 508
24 21 226
24 22 560
24 23 235
24 24 0
24 25 412
24 26 248
24 27 222
24 28 235
24 29 317
24 30 378
24 31 343
24 32 270
24 33 226
24 34 547
24 35 651
24 36 508
24 37 612
24 38 651
24 39 172
24 40 471
24 41 922
24 42 124
24 43 423
24 44 874
24 45 76
24 46 375
24 47 826
24 48 124
24 49 423
24 50 874
24 51 172
24 52 471
24 53 922
24 54 220
24 55 519
24 56 970
24 57 292
25 0 704
25 1 339
25 2 213
25 3 148
25 4 499
25 5 508
25 6 52
25 7 257
25 8 113
25 9 222
25 10 287
25 11 39
25 12 382
25 13 478
25 14 438
25 15 209
25 16 595
25 17 495
25 18 135
25 19 339
25 20 170
25 21 434
25 22 222
25 23 521
25 24 412
25 25 0
25 26 508
25 27 534
25 28 521
25 29 343
25 30 378
25 31 317
25 32 582
25 33 434
25 34 209
25 35 313
25 36 170
25 37 274
25 38 313
25 39 584
25 40 133
25 41 510
25 42 536
25 43 85
25 44 462
25 45 488
25 46 37
25 47 414
25 48 536
25 49 85
25 50 462
25 51 584
25 52 133
25 53 510
25 54 632
25 55 181
25 56 558
25 57 704
26 0 388
26 1 581
26 2 551
26 3 582
26 4 257
26 5 750
26 6 560
26 7 499
26 8 547
26 9 656
26 10 529
26 11 547
26 12 374
26 13 278
26 14 222
26 15 643
26 16 161
26 17 13
26 18 473
26 19 773
26 20 604
26 21 226
26 22 656
26 23 13
26 24 248
26 25 508
26 26 0
26 27 318
26 28 13
26 29 317
26 30 474
26 31 439
26 32 174
26 33 226
26 34 299
26 35 555
26 36 412
26 37 516
26 38 747
26 39 268
26 40 567
26 41 1018
26 42 220
26 43 519
26 44 970
26 45 172
26 46 471
26 47 922
26 48 124
26 49 423
26 50 874
26 51 76
26 52 375
26 53 826
26 54 124
26 55 423
26 56 874
26 57 388
27 0 170
27 1 799
27 2 673
27 3 512
27 4 135
27 5 968
27 6 586
27 7 717
27 8 521
27 9 490
27 10 747
27 11 573
27 12 252
27 13 444
27 14 196
27 15 477
27 16 327
27 17 331
27 18 595
27 19 607
27 20 438
27 21 296
27 22 490
27 23 305
27 24 222
27 25 534
27 26 318
27 27 0
27 28 305
27 29 387
27 30 156
27 31 317
27 32 340
27 33 296
27 34 617
27 35 773
27 36 630
27 37 734
27 38 581
27 39 50
27 40 401
27 41 852
27 42 98
27 43 449
27 44 900
27 45 146
27 46 497
27 47 948
27 48 194
27 49 545
27 50 996
27 51 242
27 52 593
27 53 1044
27 54 290
27 55 641
27 56 1092
27 57 170
28 0 375
28 1 594
28 2 564
28 3 595
28 4 244
28 5 763
28 6 573
28 7 512
28 8 534
28 9 669
28 10 542
28 11 560
28 12 361
28 13 265
28 14 209
28 15 656
28 16 148
28 17 26
28 18 486
28 19 786
28 20 617
28 21 213
28 22 669
28 23 0
28 24 235
28 25 521
28 26 13
28 27 305
28 28 0
28 29 304
28 30 461
28 31 426
28 32 161
28 33 213
28 34 312
28 35 568
28 36 425
28 37 529
28 38 760
28 39 255
28 40 580
28 41 1031
28 42 207
28 43 532
28 44 983
28 45 159
28 46 484
28 47 935
28 48 111
28 49 436
28 50 887
28 51 63
28 52 388
28 53 839
28 54 111
28 55 436
28 56 887
28 57 375
29 0 457
29 1 512
29 2 386
29 3 417
29 4 326
29 5 681
29 6 395
29 7 430
29 8 382
29 9 491
29 10 460
29 11 382
29 12 443
29 13 443
29 14 291
29 15 478
29 16 326
29 17 330
29 18 308
29 19 608
29 20 439
29 21 91
29 22 491
29 23 304
29 24 317
29 25 343
29 26 317
29 27 387
29 28 304
29 29 0
29 30 543
29 31 508
29 32 339
29 33 91
29 34 382
29 35 486
29 36 343
29 37 447
29 38 582
29 39 337
29 40 402
29 41 853
29 42 289
29 43 354
29 44 805
29 45 241
29 46 306
29 47 757
29 48 193
29 49 258
29 50 709
29 51 241
29 52 306
29 53 757
29 54 289
29 55 354
29 56 805
29 57 457
30 0 326
30 1 643
30 2 517
30 3 356
30 4 291
30 5 812
30 6 430
30 7 561
30 8 417
30 9 334
30 10 591
30 11 417
30 12 408
30 13 600
30 14 352
30 15 321
30 16 483
30 17 487
30 18 439
30 19 451
30 20 282
30 21 452
30 22 334
30 23 461
30 24 378
30 25 378
30 26 474
30 27 156
30 28 461
30 29 543
30 30 0
30 31 473
30 32 496
30 33 452
30 34 513
30 35 617
30 36 474
30 37 578
30 38 425
30 39 206
30 40 245
30 41 696
30 42 254
30 43 293
30 44 744
30 45 302
30 46 341
30 47 792
30 48 350
30 49 389
30 50 840
30 51 398
30 52 437
30 53 888
30 54 446
30 55 485
30 56 936
30 57 326
31 0 387
31 1 582
31 2 456
31 3 295
31 4 182
31 5 751
31 6 369
31 7 500
31 8 356
31 9 369
31 10 530
31 11 356
31 12 65
31 13 565
31 14 317
31 15 356
31 16 448
31 17 452
31 18 378
31 19 486
31 20 317
31 21 417
31 22 369
31 23 426
31 24 343
31 25 317
31 26 439
31 27 317
31 28 426
31 29 508
31 30 473
31 31 0
31 32 461
31 33 417
31 34 452
31 35 556
31 36 413
31 37 517
31 38 460
31 39 267
31 40 280
31 41 731
31 42 219
31 43 232
31 44 683
31 45 267
31 46 280
31 47 731
31 48 315
31 49 328
31 50 779
31 51 363
31 52 376
31 53 827
31 54 411
31 55 424
31 56 875
31 57 387
32 0 410
32 1 655
32 2 625
32 3 656
32 4 279
32 5 824
32 6 634
32 7 477
32 8 569
32 9 730
32 10 603
32 11 621
32 12 396
32 13 104
32 14 244
32 15 717
32 16 13
32 17 187
32 18 547
32 19 847
32 20 678
32 21 248
32 22 730
32 23 161
32 24 270
32 25 582
32 26 174
32 27 340
32 28 161
32 29 339
32 30 496
32 31 461
32 32 0
32 33 248
32 34 473
32 35 629
32 36 486
32 37 590
32 38 821
32 39 290
32 40 641
32 41 1092
32 42 242
32 43 593
32 44 1044
32 45 194
32 46 545
32 47 996
32 48 146
32 49 497
32 50 948
32 51 98
32 52 449
32 53 900
32 54 50
32 55 401
32 56 852
32 57 410
33 0 366
33 1 603
33 2 477
33 3 508
33 4 235
33 5 772
33 6 486
33 7 521
33 8 473
33 9 582
33 10 551
33 11 473
33 12 352
33 13 352
33 14 200
33 15 569
33 16 235
33 17 239
33 18 399
33 19 699
33 20 530
33 21 0
33 22 582
33 23 213
33 24 226
33 25 434
33 26 226
33 27 296
33 28 213
33 29 91
33 30 452
33 31 417
33 32 248
33 33 0
33 34 473
33 35 577
33 36 434
33 37 538
33 38 673
33 39 246
33 40 493
33 41 944
33 42 198
33 43 445
33 44 896
33 45 150
33 46 397
33 47 848
33 48 102
33 49 349
33 50 800
33 51 150
33 52 397
33 53 848
33 54 198
33 55 445
33 56 896
33 57 366
34 0 687
34 1 282
34 2 252
34 3 283
34 4 556
34 5 451
34 6 261
34 7 200
34 8 248
34 9 357
34 10 230
34 11 248
34 12 517
34 13 421
34 14 521
34 15 344
34 16 460
34 17 286
34 18 174
34 19 474
34 20 305
34 21 473
34 22 357
34 23 312
34 24 547
34 25 209
34 26 299
34 27 617
34 28 312
34 29 382
34 30 513
34 31 452
34 32 473
34 33 473
34 34 0
34 35 256
34 36 113
34 37 217
34 38 448
34 39 567
34 40 268
34 41 719
34 42 519
34 43 220
34 44 671
34 45 471
34 46 172
34 47 623
34 48 423
34 49 124
34 50 575
34 51 375
34 52 76
34 53 527
34 54 423
34 55 124
34 56 575
34 57 687
35 0 943
35 1 26
35 2 356
35 3 387
35 4 738
35 5 195
35 6 365
35 7 304
35 8 352
35 9 461
35 10 26
35 11 352
35 12 621
35 13 525
35 14 677
35 15 448
35 16 642
35 17 542
35 18 278
35 19 578
35 20 409
35 21 577
35 22 461
35 23 568
35 24 651
35 25 313
35 26 555
35 27 773
35 28 568
35 29 486
35 30 617
35 31 556
35 32 629
35 33 577
35 34 256
35 35 0
35 36 143
35 37 39
35 38 552
35 39 823
35 40 372
35 41 463
35 42 775
35 43 324
35 44 415
35 45 727
35 46 276
35 47 367
35 48 679
35 49 228
35 50 319
35 51 631
35 52 180
35 53 271
35 54 679
35 55 228
35 56 319
35 57 943
36 0 800
36 1 169
36 2 213
36 3 244
36 4 595
36 5 338
36 6 222
36 7 161
36 8 209
36 9 318
36 10 117
36 11 209
36 12 478
36 13 382
36 14 534
36 15 305
36 16 499
36 17 399
36 18 135
36 19 435
36 20 266
36 21 434
36 22 318
36 23 425
36 24 508
36 25 170
36 26 412
36 27 630
36 28 425
36 29 343
36 30 474
36 31 413
36 32 486
36 33 434
36 34 113
36 35 143
36 36 0
36 37 104
36 38 409
36 39 680
36 40 229
36 41 606
36 42 632
36 43 181
36 44 558
36 45 584
36 46 133
36 47 510
36 48 536
36 49 85
36 50 462
36 51 488
36 52 37
36 53 414
36 54 536
36 55 85
36 56 462
36 57 800
37 0 904
37 1 65
37 2 317
37 3 348
37 4 699
37 5 234
37 6 326
37 7 265
37 8 313
37 9 422
37 10 13
37 11 313
37 12 582
37 13 486
37 14 638
37 15 409
37 16 603
37 17 503
37 18 239
37 19 539
37 20 370
37 21 538
37 22 422
37 23 529
37 24 612
37 25 274
37 26 516
37 27 734
37 28 529
37 29 447
37 30 578
37 31 517
37 32 590
37 33 538
37 34 217
37 35 39
37 36 104
37 37 0
37 38 513
37 39 784
37 40 333
37 41 502
37 42 736
37 43 285
37 44 454
37 45 688
37 46 237
37 47 406
37 48 640
37 49 189
37 50 358
37 51 592
37 52 141
37 53 310
37 54 640
37 55 189
37 56 358
37 57 904
38 0 751
38 1 578
38 2 452
38 3 291
38 4 642
38 5 539
38 6 365
38 7 496
38 8 352
38 9 91
38 10 526
38 11 352
38 12 525
38 13 717
38 14 677
38 15 104
38 16 834
38 17 734
38 18 374
38 19 26
38 20 143
38 21 673
38 22 91
38 23 760
38 24 651
38 25 313
38 26 747
38 27 581
38 28 760
38 29 582
38 30 425
38 31 460
38 32 821
38 33 673
38 34 448
38 35 552
38 36 409
38 37 513
38 38 0
38 39 631
38 40 180
38 41 271
38 42 679
38 43 228
38 44 319
38 45 727
38 46 276
38 47 367
38 48 775
38 49 324
38 50 415
38 51 823
38 52 372
38 53 463
38 54 871
38 55 420
38 56 511
38 57 751
39 0 120
39 1 849
39 2 723
39 3 562
39 4 85
39 5 1018
39 6 636
39 7 767
39 8 471
39 9 540
39 10 797
39 11 623
39 12 202
39 13 394
39 14 146
39 15 527
39 16 277
39 17 281
39 18 645
39 19 657
39 20 488
39 21 246
39 22 540
39 23 255
39 24 172
39 25 584
39 26 268
39 27 50
39 28 255
39 29 337
39 30 206
39 31 267
39 32 290
39 33 246
39 34 567
39 35 823
39 36 680
39 37 784
39 38 631
39 39 0
39 40 451
39 41 902
39 42 48
39 43 499
39 44 950
39 45 96
39 46 547
39 47 998
39 48 144
39 49 595
39 50 1046
39 51 192
39 52 643
39 53 1094
39 54 240
39 55 691
39 56 1142
39 57 120
40 0 571
40 1 398
40 2 272
40 3 111
40 4 462
40 5 567
40 6 185
40 7 316
40 8 172
40 9 89
40 10 346
40 11 172
40 12 345
40 13 537
40 14 497
40 15 76
40 16 654
40 17 554
40 18 194
40 19 206
40 20 37
40 21 493
40 22 89
40 23 580
40 24 471
40 25 133
40 26 567
40 27 401
40 28 580
40 29 402
40 30 245
40 31 280
40 32 641
40 33 493
40 34 268
40 35 372
40 36 229
40 37 333
40 38 180
40 39 451
40 40 0
40 41 451
40 42 499
40 43 48
40 44 499
40 45 547
40 46 96
40 47 547
40 48 595
40 49 144
40 50 595
40 51 643
40 52 192
40 53 643
40 54 691
40 55 240
40 56 691
40 57 571
41 0 1022
41 1 437
41 2 467
41 3 436
41 4 913
41 5 268
41 6 458
41 7 615
41 8 623
41 9 362
41 10 489
41 11 471
41 12 796
41 13 988
41 14 948
41 15 375
41 16 1105
41 17 1005
41 18 545
41 19 245
41 20 414
41 21 944
41 22 362
41 23 1031
41 24 922
41 25 510
41 26 1018
41 27 852
41 28 1031
41 29 853
41 30 696
41 31 731
41 32 1092
41 33 944
41 34 719
41 35 463
41 36 606
41 37 502
41 38 271
41 39 902
41 40 451
41 41 0
41 42 950
41 43 499
41 44 48
41 45 998
41 46 547
41 47 96
41 48 1046
41 49 595
41 50 144
41 51 1094
41 52 643
41 53 192
41 54 1142
41 55 691
41 56 240
41 57 1022
42 0 168
42 1 801
42 2 675
42 3 514
42 4 37
42 5 970
42 6 588
42 7 719
42 8 423
42 9 588
42 10 749
42 11 575
42 12 154
42 13 346
42 14 98
42 15 575
42 16 229
42 17 233
42 18 597
42 19 705
42 20 536
42 21 198
42 22 588
42 23 207
42 24 124
42 25 536
42 26 220
42 27 98
42 28 207
42 29 289
42 30 254
42 31 219
42 32 242
42 33 198
42 34 519
42 35 775
42 36 632
42 37 736
42 38 679
42 39 48
42 40 499
42 41 950
42 42 0
42 43 451
42 44 902
42 45 48
42 46 499
42 47 950
42 48 96
42 49 547
42 50 998
42 51 144
42 52 595
42 53 1046
42 54 192
42 55 643
42 56 1094
42 57 168
43 0 619
43 1 350
43 2 224
43 3 63
43 4 414
43 5 519
43 6 137
43 7 268
43 8 124
43 9 137
43 10 298
43 11 124
43 12 297
43 13 489
43 14 449
43 15 124
43 16 606
43 17 506
43 18 146
43 19 254
43 20 85
43 21 445
43 22 137
43 23 532
43 24 423
43 25 85
43 26 519
43 27 449
43 28 532
43 29 354
43 30 293
43 31 232
43 32 593
43 33 445
43 34 220
43 35 324
43 36 181
43 37 285
43 38 228
43 39 499
43 40 48
43 41 499
43 42 451
43 43 0
43 44 451
43 45 499
43 46 48
43 47 499
43 48 547
43 49 96
43 50 547
43 51 595
43 52 144
43 53 595
43 54 643
43 55 192
43 56 643
43 57 619
44 0 1070
44 1 389
44 2 419
44 3 388
44 4 865
44 5 220
44 6 410
44 7 567
44 8 575
44 9 410
44 10 441
44 11 423
44 12 748
44 13 940
44 14 900
44 15 423
44 16 1057
44 17 957
44 18 497
44 19 293
44 20 462
44 21 896
44 22 410
44 23 983
44 24 874
44 25 462
44 26 970
44 27 900
44 28 983
44 29 805
44 30 744
44 31 683
44 32 1044
44 33 896
44 34 671
44 35 415
44 36 558
44 37 454
44 38 319
44 39 950
44 40 499
44 41 48
44 42 902
44 43 451
44 44 0
44 45 950
44 46 499
44 47 48
44 48 998
44 49 547
44 50 96
44 51 1046
44 52 595
44 53 144
44 54 1094
44 55 643
44 56 192
44 57 1070
45 0 216
45 1 753
45 2 627
45 3 562
45 4 85
45 5 922
45 6 540
45 7 671
45 8 375
45 9 636
45 10 701
45 11 527
45 12 202
45 13 298
45 14 50
45 15 623
45 16 181
45 17 185
45 18 549
45 19 753
45 20 584
45 21 150
45 22 636
45 23 159
45 24 76
45 25 488
45 26 172
45 27 146
45 28 159
45 29 241
45 30 302
45 31 267
45 32 194
45 33 150
45 34 471
45 35 727
45 36 584
45 37 688
45 38 727
45 39 96
45 40 547
45 41 998
45 42 48
45 43 499
45 44 950
45 45 0
45 46 451
45 47 902
45 48 48
45 49 499
45 50 950
45 51 96
45 52 547
45 53 998
45 54 144
45 55 595
45 56 1046
45 57 216
46 0 667
46 1 302
46 2 176
46 3 111
46 4 462
46 5 471
46 6 89
46 7 220
46 8 76
46 9 185
46 10 250
46 11 76
46 12 345
46 13 441
46 14 401
46 15 172
46 16 558
46 17 458
46 18 98
46 19 302
46 20 133
46 21 397
46 22 185
46 23 484
46 24 375
46 25 37
46 26 471
46 27 497
46 28 484
46 29 306
46 30 341
46 31 280
46 32 545
46 33 397
46 34 172
46 35 276
46 36 133
46 37 237
46 38 276
46 39 547
46 40 96
46 41 547
46 42 499
46 43 48
46 44 499
46 45 451
46 46 0
46 47 451
46 48 499
46 49 48
46 50 499
46 51 547
46 52 96
46 53 547
46 54 595
46 55 144
46 56 595
46 57 667
47 0 1118
47 1 341
47 2 371
47 3 436
47 4 913
47 5 172
47 6 362
47 7 519
47 8 527
47 9 458
47 10 393
47 11 375
47 12 796
47 13 892
47 14 852
47 15 471
47 16 1009
47 17 909
47 18 449
47 19 341
47 20 510
47 21 848
47 22 458
47 23 935
47 24 826
47 25 414
47 26 922
47 27 948
47 28 935
47 29 757
47 30 792
47 31 731
47 32 996
47 33 848
47 34 623
47 35 367
47 36 510
47 37 406
47 38 367
47 39 998
47 40 547
47 41 96
47 42 950
47 43 499
47 44 48
47 45 902
47 46 451
47 47 0
47 48 950
47 49 499
47 50 48
47 51 998
47 52 547
47 53 96
47 54 1046
47 55 595
47 56 144
47 57 1118
48 0 264
48 1 705
48 2 579
48 3 610
48 4 133
48 5 874
48 6 588
48 7 623
48 8 423
48 9 684
48 10 653
48 11 575
48 12 250
48 13 250
48 14 98
48 15 671
48 16 133
48 17 137
48 18 501
48 19 801
48 20 632
48 21 102
48 22 684
48 23 111
48 24 124
48 25 536
48 26 124
48 27 194
48 28 111
48 29 193
48 30 350
48 31 315
48 32 146
48 33 102
48 34 423
48 35 679
48 36 536
48 37 640
48 38 775
48 39 144
48 40 595
48 41 1046
48 42 96
48 43 547
48 44 998
48 45 48
48 46 499
48 47 950
48 48 0
48 49 451
48 50 902
48 51 48
48 52 499
48 53 950
48 54 96
48 55 547
48 56 998
48 57 264
49 0 715
49 1 254
49 2 128
49 3 159
49 4 510
49 5 423
49 6 137
49 7 172
49 8 124
49 9 233
49 10 202
49 11 124
49 12 393
49 13 393
49 14 449
49 15 220
49 16 510
49 17 410
49 18 50
49 19 350
49 20 181
49 21 349
49 22 233
49 23 436
49 24 423
49 25 85
49 26 423
49 27 545
49 28 436
49 29 258
49 30 389
49 31 328
49 32 497
49 33 349
49 34 124
49 35 228
49 36 85
49 37 189
49 38 324
49 39 595
49 40 144
49 41 595
49 42 547
49 43 96
49 44 547
49 45 499
49 46 48
49 47 499
49 48 451
49 49 0
49 50 451
49 51 499
49 52 48
49 53 499
49 54 547
49 55 96
49 56 547
49 57 715
50 0 1166
50 1 293
50 2 323
50 3 484
50 4 961
50 5 124
50 6 410
50 7 471
50 8 575
50 9 506
50 10 345
50 11 423
50 12 844
50 13 844
50 14 900
50 15 519
50 16 961
50 17 861
50 18 401
50 19 389
50 20 558
50 21 800
50 22 506
50 23 887
50 24 874
50 25 462
50 26 874
50 27 996
50 28 887
50 29 709
50 30 840
50 31 779
50 32 948
50 33 800
50 34 575
50 35 319
50 36 462
50 37 358
50 38 415
50 39 1046
50 40 595
50 41 144
50 42 998
50 43 547
50 44 96
50 45 950
50 46 499
50 47 48
50 48 902
50 49 451
50 50 0
50 51 950
50 52 499
50 53 48
50 54 998
50 55 547
50 56 96
50 57 1166
51 0 312
51 1 657
51 2 627
51 3 658
51 4 181
51 5 826
51 6 636
51 7 575
51 8 471
51 9 732
51 10 605
51 11 623
51 12 298
51 13 202
51 14 146
51 15 719
51 16 85
51 17 89
51 18 549
51 19 849
51 20 680
51 21 150
51 22 732
51 23 63
51 24 172
51 25 584
51 26 76
51 27 242
51 28 63
51 29 241
51 30 398
51 31 363
51 32 98
51 33 150
51 34 375
51 35 631
51 36 488
51 37 592
51 38 823
51 39 192
51 40 643
51 41 1094
51 42 144
51 43 595
51 44 1046
51 45 96
51 46 547
51 47 998
51 48 48
51 49 499
51 50 950
51 51 0
51 52 451
51 53 902
51 54 48
51 55 499
51 56 950
51 57 312
52 0 763
52 1 206
52 2 176
52 3 207
52 4 558
52 5 375
52 6 185
52 7 124
52 8 172
52 9 281
52 10 154
52 11 172
52 12 441
52 13 345
52 14 497
52 15 268
52 16 462
52 17 362
52 18 98
52 19 398
52 20 229
52 21 397
52 22 281
52 23 388
52 24 471
52 25 133
52 26 375
52 27 593
52 28 388
52 29 306
52 30 437
52 31 376
52 32 449
52 33 397
52 34 76
52 35 180
52 36 37
52 37 141
52 38 372
52 39 643
52 40 192
52 41 643
52 42 595
52 43 144
52 44 595
52 45 547
52 46 96
52 47 547
52 48 499
52 49 48
52 50 499
52 51 451
52 52 0
52 53 451
52 54 499
52 55 48
52 56 499
52 57 763
53 0 1214
53 1 245
53 2 371
53 3 532
53 4 1009
53 5 76
53 6 458
53 7 423
53 8 623
53 9 554
53 10 297
53 11 471
53 12 892
53 13 796
53 14 948
53 15 567
53 16 913
53 17 813
53 18 449
53 19 437
53 20 606
53 21 848
53 22 554
53 23 839
53 24 922
53 25 510
53 26 826
53 27 1044
53 28 839
53 29 757
53 30 888
53 31 827
53 32 900
53 33 848
53 34 527
53 35 271
53 36 414
53 37 310
53 38 463
53 39 1094
53 40 643
53 41 192
53 42 1046
53 43 595
53 44 144
53 45 998
53 46 547
53 47 96
53 48 950
53 49 499
53 50 48
53 51 902
53 52 451
53 53 0
53 54 950
53 55 499
53 56 48
53 57 1214
54 0 360
54 1 705
54 2 675
54 3 706
54 4 229
54 5 874
54 6 684
54 7 527
54 8 519
54 9 780
54 10 653
54 11 671
54 12 346
54 13 154
54 14 194
54 15 767
54 16 37
54 17 137
54 18 597
54 19 897
54 20 728
54 21 198
54 22 780
54 23 111
54 24 220
54 25 632
54 26 124
54 27 290
54 28 111
54 29 289
54 30 446
54 31 411
54 32 50
54 33 198
54 34 423
54 35 679
54 36 536
54 37 640
54 38 871
54 39 240
54 40 691
54 41 1142
54 42 192
54 43 643
54 44 1094
54 45 144
54 46 595
54 47 1046
54 48 96
54 49 547
54 50 998
54 51 48
54 52 499
54 53 950
54 54 0
54 55 451
54 56 902
54 57 360
55 0 811
55 1 254
55 2 224
55 3 255
55 4 606
55 5 423
55 6 233
55 7 76
55 8 220
55 9 329
55 10 202
55 11 220
55 12 489
55 13 297
55 14 545
55 15 316
55 16 414
55 17 410
55 18 146
55 19 446
55 20 277
55 21 445
55 22 329
55 23 436
55 24 519
55 25 181
55 26 423
55 27 641
55 28 436
55 29 354
55 30 485
55 31 424
55 32 401
55 33 445
55 34 124
55 35 228
55 36 85
55 37 189
55 38 420
55 39 691
55 40 240
55 41 691
55 42 643
55 43 192
55 44 643
55 45 595
55 46 144
55 47 595
55 48 547
55 49 96
55 50 547
55 51 499
55 52 48
55 53 499
55 54 451
55 55 0
55 56 451
55 57 811
56 0 1262
56 1 293
56 2 419
56 3 580
56 4 1057
56 5 124
56 6 506
56 7 375
56 8 671
56 9 602
56 10 345
56 11 519
56 12 940
56 13 748
56 14 996
56 15 615
56 16 865
56 17 861
56 18 497
56 19 485
56 20 654
56 21 896
56 22 602
56 23 887
56 24 970
56 25 558
56 26 874
56 27 1092
56 28 887
56 29 805
56 30 936
56 31 875
56 32 852
56 33 896
56 34 575
56 35 319
56 36 462
56 37 358
56 38 511
56 39 1142
56 40 691
56 41 240
56 42 1094
56 43 643
56 44 192
56 45 1046
56 46 595
56 47 144
56 48 998
56 49 547
56 50 96
56 51 950
56 52 499
56 53 48
56 54 902
56 55 451
56 56 0
56 57 1262
57 0 0
57 1 969
57 2 843
57 3 682
57 4 205
57 5 1138
57 6 756
57 7 887
57 8 591
57 9 660
57 10 917
57 11 743
57 12 322
57 13 514
57 14 266
57 15 647
57 16 397
57 17 401
57 18 765
57 19 777
57 20 608
57 21 366
57 22 660
57 23 375
57 24 292
57 25 704
57 26 388
57 27 170
57 28 375
57 29 457
57 30 326
57 31 387
57 32 410
57 33 366
57 34 687
57 35 943
57 36 800
57 37 904
57 38 751
57 39 120
57 40 571
57 41 1022
57 42 168
57 43 619
57 44 1070
57 45 216
57 46 667
57 47 1118
57 48 264
57 49 715
57 50 1166
57 51 312
57 52 763
57 53 1214
57 54 360
57 55 811
57 56 1262
57 57 0
//Location coordinates LocationName
//Loc x y
0 0.0 0.0 "depot"
1 192.0 777.0 "product aisle 4 bloc 1 rank 27"
2 144.0 699.0 "product aisle 3 bloc 1 rank 15"
3 48.0 634.0 "product aisle 1 bloc 1 rank 6"
4 48.0 157.0 "product aisle 1 bloc 0 rank 2"
5 192.0 946.0 "product aisle 4 bloc 1 rank 54"
6 96.0 660.0 "product aisle 2 bloc 1 rank 9"
7 240.0 647.0 "product aisle 5 bloc 1 rank 7"
8 96.0 495.0 "product aisle 2 bloc 0 rank 53"
9 0.0 660.0 "product aisle 0 bloc 1 rank 9"
10 192.0 725.0 "product aisle 4 bloc 1 rank 19"
11 96.0 647.0 "product aisle 2 bloc 1 rank 7"
12 48.0 274.0 "product aisle 1 bloc 0 rank 20"
13 240.0 274.0 "product aisle 5 bloc 0 rank 20"
14 96.0 170.0 "product aisle 2 bloc 0 rank 4"
15 0.0 647.0 "product aisle 0 bloc 1 rank 8"
16 240.0 157.0 "product aisle 5 bloc 0 rank 2"
17 192.0 209.0 "product aisle 4 bloc 0 rank 9"
18 144.0 621.0 "product aisle 3 bloc 1 rank 3"
19 0.0 777.0 "product aisle 0 bloc 1 rank 28"
20 0.0 608.0 "product aisle 0 bloc 1 rank 1"
21 144.0 222.0 "product aisle 3 bloc 0 rank 12"
22 0.0 660.0 "product aisle 0 bloc 1 rank 10"
23 192.0 183.0 "product aisle 4 bloc 0 rank 6"
24 96.0 196.0 "product aisle 2 bloc 0 rank 8"
25 96.0 608.0 "product aisle 2 bloc 1 rank 2"
26 192.0 196.0 "product aisle 4 bloc 0 rank 7"
27 0.0 170.0 "product aisle 0 bloc 0 rank 3"
28 192.0 183.0 "product aisle 4 bloc 0 rank 5"
29 144.0 313.0 "product aisle 3 bloc 0 rank 25"
30 0.0 326.0 "product aisle 0 bloc 0 rank 27"
31 48.0 339.0 "product aisle 1 bloc 0 rank 29"
32 240.0 170.0 "product aisle 5 bloc 0 rank 3"
33 144.0 222.0 "product aisle 3 bloc 0 rank 11"
34 192.0 495.0 "product aisle 4 bloc 0 rank 54"
35 192.0 751.0 "product aisle 4 bloc 1 rank 23"
36 192.0 608.0 "product aisle 4 bloc 1 rank 2"
37 192.0 712.0 "product aisle 4 bloc 1 rank 18"
38 0.0 751.0 "product aisle 0 bloc 1 rank 24"
39 24.0 120.0 "intersection aisle 0 bloc 0 rank 0"
40 24.0 571.0 "intersection aisle 0 bloc 1 rank 1"
41 24.0 1022.0 "intersection aisle 0 bloc 2 rank 2"
42 72.0 120.0 "intersection aisle 1 bloc 0 rank 0"
43 72.0 571.0 "intersection aisle 1 bloc 1 rank 1"
44 72.0 1022.0 "intersection aisle 1 bloc 2 rank 2"
45 120.0 120.0 "intersection aisle 2 bloc 0 rank 0"
46 120.0 571.0 "intersection aisle 2 bloc 1 rank 1"
47 120.0 1022.0 "intersection aisle 2 bloc 2 rank 2"
48 168.0 120.0 "intersection aisle 3 bloc 0 rank 0"
49 168.0 571.0 "intersection aisle 3 bloc 1 rank 1"
50 168.0 1022.0 "intersection aisle 3 bloc 2 rank 2"
51 216.0 120.0 "intersection aisle 4 bloc 0 rank 0"
52 216.0 571.0 "intersection aisle 4 bloc 1 rank 1"
53 216.0 1022.0 "intersection aisle 4 bloc 2 rank 2"
54 264.0 120.0 "intersection aisle 5 bloc 0 rank 0"
55 264.0 571.0 "intersection aisle 5 bloc 1 rank 1"
56 264.0 1022.0 "intersection aisle 5 bloc 2 rank 2"
57 0.0 0.0 "depot"
