//alpha
1
//NbLocations
91
//NbProducts
36
//NbPickers
2
//CapaPicker
12
//TimeToTravelOneDistanceUnit
3
//SetupTime
5400
//PickTime
300
//Products
//Idx Location Size
1 1 1
2 2 1
3 3 1
4 4 1
5 5 1
6 6 1
7 7 1
8 8 1
9 9 1
10 10 1
11 11 1
12 12 1
13 13 1
14 14 1
15 15 1
16 16 1
17 17 1
18 18 1
19 19 1
20 20 1
21 21 1
22 22 1
23 23 1
24 24 1
25 25 1
26 26 1
27 27 1
28 28 1
29 29 1
30 30 1
31 31 1
32 32 1
33 33 1
34 34 1
35 35 1
36 36 1
//Orders
//NbOrders
18
//Idx DueDate TardinessPenalty NbProdInOrder ProdIdx1 Qty1 ProdIdx2 Qty2 ...
1 126000 0 3 1 1 2 1 3 1
2 36000 0 3 4 1 5 1 6 1
3 90000 0 2 7 1 8 1
4 108000 0 3 9 1 10 1 11 1
5 126000 0 1 12 1
6 72000 0 4 13 1 14 1 15 1 16 1
7 108000 0 2 17 1 18 1
8 54000 0 1 19 1
9 144000 0 2 20 1 21 1
10 72000 0 2 22 1 23 1
11 126000 0 1 24 1
12 54000 0 1 25 1
13 126000 0 4 26 1 27 1 28 1 29 1
14 108000 0 2 30 1 31 1
15 54000 0 1 32 1
16 54000 0 1 33 1
17 126000 0 2 34 1 35 1
18 72000 0 1 36 1
//Graph (Products are vertices indexed from 1 to NbProducts)
//NbVerticesIntersections
54
//DepartingDepot
0
//ArrivalDepot
91
//Arcs
//Start End Distance
0 37 120
1 46 765
1 47 466
2 59 284
2 60 947
3 31 208
3 44 609
4 28 65
4 76 258
5 22 78
5 68 518
6 47 791
6 48 440
7 17 0
7 80 1064
8 20 403
8 71 89
9 21 689
9 82 401
10 16 78
10 77 206
11 88 648
11 89 583
12 15 689
12 64 310
13 28 325
13 77 583
14 53 1168
14 54 63
15 12 689
15 65 232
16 10 78
16 78 947
17 7 0
17 79 167
18 86 921
18 87 310
19 38 427
19 39 804
20 8 403
20 33 286
21 9 689
21 83 141
22 5 78
22 67 635
23 65 453
23 66 778
24 83 1103
24 84 128
25 85 1090
25 86 141
26 55 713
26 56 518
27 29 494
27 73 310
28 4 65
28 13 325
29 27 494
29 74 427
30 61 960
30 62 271
31 3 208
31 43 414
32 35 351
32 40 63
33 20 286
33 72 453
34 52 947
34 53 284
35 32 351
35 41 817
36 41 622
36 42 609
37 38 1231
37 40 48
37 91 120
38 19 427
38 37 1231
38 41 48
39 19 804
39 42 48
40 32 63
40 37 48
40 43 48
41 35 817
41 36 622
41 38 48
41 44 48
42 36 609
42 39 48
42 45 48
43 31 414
43 40 48
43 46 48
44 3 609
44 41 48
44 45 1231
44 47 48
45 42 48
45 44 1231
45 48 48
46 1 765
46 43 48
46 49 48
47 1 466
47 6 791
47 44 48
47 50 48
48 6 440
48 45 48
48 51 48
49 46 48
49 50 1231
49 52 48
50 47 48
50 49 1231
50 51 1231
50 53 48
51 48 48
51 50 1231
51 54 48
52 34 947
52 49 48
52 55 48
53 14 1168
53 34 284
53 50 48
53 56 48
54 14 63
54 51 48
54 57 48
55 26 713
55 52 48
55 58 48
56 26 518
56 53 48
56 57 1231
56 59 48
57 54 48
57 56 1231
57 60 48
58 55 48
58 59 1231
58 61 48
59 2 284
59 56 48
59 58 1231
59 62 48
60 2 947
60 57 48
60 63 48
61 30 960
61 58 48
61 64 48
62 30 271
62 59 48
62 63 1231
62 65 48
63 60 48
63 62 1231
63 66 48
64 12 310
64 61 48
64 67 48
65 15 232
65 23 453
65 62 48
65 68 48
66 23 778
66 63 48
66 69 48
67 22 635
67 64 48
67 70 48
68 5 518
68 65 48
68 69 1231
68 71 48
69 66 48
69 68 1231
69 72 48
70 67 48
70 71 1231
70 73 48
71 8 89
71 68 48
71 70 1231
71 74 48
72 33 453
72 69 48
72 75 48
73 27 310
73 70 48
73 76 48
74 29 427
74 71 48
74 75 1231
74 77 48
75 72 48
75 74 1231
75 78 48
76 4 258
76 73 48
76 79 48
77 10 206
77 13 583
77 74 48
77 80 48
78 16 947
78 75 48
78 81 48
79 17 167
79 76 48
79 82 48
80 7 1064
80 77 48
80 81 1231
80 83 48
81 78 48
81 80 1231
81 84 48
82 9 401
82 79 48
82 85 48
83 21 141
83 24 1103
83 80 48
83 86 48
84 24 128
84 81 48
84 87 48
85 25 1090
85 82 48
85 88 48
86 18 921
86 25 141
86 83 48
86 89 48
87 18 310
87 84 48
87 90 48
88 11 648
88 85 48
89 11 583
89 86 48
89 90 1231
90 87 48
90 89 1231
//LocStart LocEnd ShortestPath
0 0 0
0 1 1029
0 2 1971
0 3 838
0 4 1002
0 5 1313
0 6 2286
0 7 959
0 8 1968
0 9 1241
0 10 2181
0 11 1584
0 12 862
0 13 1392
0 14 2759
0 15 1551
0 16 2259
0 17 959
0 18 3040
0 19 1778
0 20 2371
0 21 1930
0 22 1235
0 23 2236
0 24 3174
0 25 1978
0 26 1121
0 27 1006
0 28 1067
0 29 1500
0 30 1464
0 31 630
0 32 231
0 33 2657
0 34 1307
0 35 582
0 36 2021
0 37 120
0 38 1351
0 39 2582
0 40 168
0 41 1399
0 42 2630
0 43 216
0 44 1447
0 45 2678
0 46 264
0 47 1495
0 48 2726
0 49 312
0 50 1543
0 51 2774
0 52 360
0 53 1591
0 54 2822
0 55 408
0 56 1639
0 57 2870
0 58 456
0 59 1687
0 60 2918
0 61 504
0 62 1735
0 63 2966
0 64 552
0 65 1783
0 66 3014
0 67 600
0 68 1831
0 69 3062
0 70 648
0 71 1879
0 72 3110
0 73 696
0 74 1927
0 75 3158
0 76 744
0 77 1975
0 78 3206
0 79 792
0 80 2023
0 81 3254
0 82 840
0 83 2071
0 84 3302
0 85 888
0 86 2119
0 87 3350
0 88 936
0 89 2167
0 90 3398
0 91 0
1 0 1029
1 1 0
1 2 942
1 3 1123
1 4 1503
1 5 1320
1 6 1257
1 7 1460
1 8 939
1 9 1742
1 10 1152
1 11 1721
1 12 1363
1 13 1529
1 14 1730
1 15 986
1 16 1230
1 17 1460
1 18 2011
1 19 1037
1 20 1342
1 21 1183
1 22 1398
1 23 1207
1 24 2145
1 25 1231
1 26 1128
1 27 1507
1 28 1568
1 29 1325
1 30 977
1 31 1227
1 32 924
1 33 1628
1 34 846
1 35 1275
1 36 1184
1 37 909
1 38 610
1 39 1841
1 40 861
1 41 562
1 42 1793
1 43 813
1 44 514
1 45 1745
1 46 765
1 47 466
1 48 1697
1 49 813
1 50 514
1 51 1745
1 52 861
1 53 562
1 54 1793
1 55 909
1 56 610
1 57 1841
1 58 957
1 59 658
1 60 1889
1 61 1005
1 62 706
1 63 1937
1 64 1053
1 65 754
1 66 1985
1 67 1101
1 68 802
1 69 2033
1 70 1149
1 71 850
1 72 2081
1 73 1197
1 74 898
1 75 2129
1 76 1245
1 77 946
1 78 2177
1 79 1293
1 80 994
1 81 2225
1 82 1341
1 83 1042
1 84 2273
1 85 1389
1 86 1090
1 87 2321
1 88 1437
1 89 1138
1 90 2369
1 91 1029
2 0 1971
2 1 942
2 2 0
2 3 1133
2 4 1545
2 5 946
2 6 1267
2 7 1684
2 8 565
2 9 1498
2 10 778
2 11 1347
2 12 1301
2 13 1155
2 14 1106
2 15 612
2 16 856
2 17 1684
2 18 1637
2 19 1047
2 20 968
2 21 809
2 22 1024
2 23 833
2 24 1459
2 25 857
2 26 850
2 27 1445
2 28 1480
2 29 951
2 30 603
2 31 1341
2 32 1740
2 33 1254
2 34 664
2 35 1389
2 36 1194
2 37 1851
2 38 620
2 39 1283
2 40 1803
2 41 572
2 42 1235
2 43 1755
2 44 524
2 45 1187
2 46 1707
2 47 476
2 48 1139
2 49 1659
2 50 428
2 51 1091
2 52 1611
2 53 380
2 54 1043
2 55 1563
2 56 332
2 57 995
2 58 1515
2 59 284
2 60 947
2 61 1563
2 62 332
2 63 995
2 64 1611
2 65 380
2 66 1043
2 67 1659
2 68 428
2 69 1091
2 70 1707
2 71 476
2 72 1139
2 73 1755
2 74 524
2 75 1187
2 76 1803
2 77 572
2 78 1235
2 79 1851
2 80 620
2 81 1283
2 82 1899
2 83 668
2 84 1331
2 85 1947
2 86 716
2 87 1379
2 88 1995
2 89 764
2 90 1427
2 91 1971
3 0 838
3 1 1123
3 2 1133
3 3 0
3 4 1408
3 5 1511
3 6 1448
3 7 1365
3 8 1130
3 9 1647
3 10 1343
3 11 1912
3 12 1268
3 13 1720
3 14 1921
3 15 1177
3 16 1421
3 17 1365
3 18 2202
3 19 1132
3 20 1533
3 21 1374
3 22 1589
3 23 1398
3 24 2336
3 25 1422
3 26 1319
3 27 1412
3 28 1473
3 29 1516
3 30 1168
3 31 208
3 32 733
3 33 1819
3 34 1037
3 35 1084
3 36 1279
3 37 718
3 38 705
3 39 1936
3 40 670
3 41 657
3 42 1888
3 43 622
3 44 609
3 45 1840
3 46 670
3 47 657
3 48 1888
3 49 718
3 50 705
3 51 1936
3 52 766
3 53 753
3 54 1984
3 55 814
3 56 801
3 57 2032
3 58 862
3 59 849
3 60 2080
3 61 910
3 62 897
3 63 2128
3 64 958
3 65 945
3 66 2176
3 67 1006
3 68 993
3 69 2224
3 70 1054
3 71 1041
3 72 2272
3 73 1102
3 74 1089
3 75 2320
3 76 1150
3 77 1137
3 78 2368
3 79 1198
3 80 1185
3 81 2416
3 82 1246
3 83 1233
3 84 2464
3 85 1294
3 86 1281
3 87 2512
3 88 1342
3 89 1329
3 90 2560
3 91 838
4 0 1002
4 1 1503
4 2 1545
4 3 1408
4 4 0
4 5 1115
4 6 2244
4 7 473
4 8 1158
4 9 755
4 10 1179
4 11 1098
4 12 760
4 13 390
4 14 2525
4 15 1397
4 16 1257
4 17 473
4 18 2038
4 19 2024
4 20 1561
4 21 1210
4 22 1037
4 23 1618
4 24 2172
4 25 1258
4 26 1307
4 27 616
4 28 65
4 29 1110
4 30 1458
4 31 1200
4 32 897
4 33 1847
4 34 1589
4 35 1248
4 36 2171
4 37 882
4 38 1597
4 39 2828
4 40 834
4 41 1549
4 42 2780
4 43 786
4 44 1501
4 45 2732
4 46 738
4 47 1453
4 48 2684
4 49 690
4 50 1405
4 51 2636
4 52 642
4 53 1357
4 54 2588
4 55 594
4 56 1309
4 57 2540
4 58 546
4 59 1261
4 60 2492
4 61 498
4 62 1213
4 63 2444
4 64 450
4 65 1165
4 66 2396
4 67 402
4 68 1117
4 69 2348
4 70 354
4 71 1069
4 72 2300
4 73 306
4 74 1021
4 75 2252
4 76 258
4 77 973
4 78 2204
4 79 306
4 80 1021
4 81 2252
4 82 354
4 83 1069
4 84 2300
4 85 402
4 86 1117
4 87 2348
4 88 450
4 89 1165
4 90 2396
4 91 1002
5 0 1313
5 1 1320
5 2 946
5 3 1511
5 4 1115
5 5 0
5 6 1645
5 7 1072
5 8 655
5 9 1354
5 10 868
5 11 1437
5 12 1071
5 13 1245
5 14 1926
5 15 798
5 16 946
5 17 1072
5 18 1727
5 19 1425
5 20 1058
5 21 899
5 22 78
5 23 1019
5 24 1861
5 25 947
5 26 1228
5 27 1119
5 28 1180
5 29 1041
5 30 885
5 31 1511
5 32 1208
5 33 1344
5 34 1042
5 35 1559
5 36 1572
5 37 1193
5 38 998
5 39 2229
5 40 1145
5 41 950
5 42 2181
5 43 1097
5 44 902
5 45 2133
5 46 1049
5 47 854
5 48 2085
5 49 1001
5 50 806
5 51 2037
5 52 953
5 53 758
5 54 1989
5 55 905
5 56 710
5 57 1941
5 58 857
5 59 662
5 60 1893
5 61 809
5 62 614
5 63 1845
5 64 761
5 65 566
5 66 1797
5 67 713
5 68 518
5 69 1749
5 70 761
5 71 566
5 72 1797
5 73 809
5 74 614
5 75 1845
5 76 857
5 77 662
5 78 1893
5 79 905
5 80 710
5 81 1941
5 82 953
5 83 758
5 84 1989
5 85 1001
5 86 806
5 87 2037
5 88 1049
5 89 854
5 90 2085
5 91 1313
6 0 2286
6 1 1257
6 2 1267
6 3 1448
6 4 2244
6 5 1645
6 6 0
6 7 2383
6 8 1264
6 9 2197
6 10 1477
6 11 2046
6 12 2000
6 13 1854
6 14 599
6 15 1311
6 16 1555
6 17 2383
6 18 1374
6 19 1362
6 20 1563
6 21 1508
6 22 1723
6 23 1506
6 24 1144
6 25 1556
6 26 1453
6 27 2144
6 28 2179
6 29 1650
6 30 1302
6 31 1656
6 32 2055
6 33 1277
6 34 1171
6 35 1704
6 36 1145
6 37 2166
6 38 935
6 39 584
6 40 2118
6 41 887
6 42 536
6 43 2070
6 44 839
6 45 488
6 46 2022
6 47 791
6 48 440
6 49 2070
6 50 839
6 51 488
6 52 2118
6 53 887
6 54 536
6 55 2166
6 56 935
6 57 584
6 58 2214
6 59 983
6 60 632
6 61 2262
6 62 1031
6 63 680
6 64 2310
6 65 1079
6 66 728
6 67 2358
6 68 1127
6 69 776
6 70 2406
6 71 1175
6 72 824
6 73 2454
6 74 1223
6 75 872
6 76 2502
6 77 1271
6 78 920
6 79 2550
6 80 1319
6 81 968
6 82 2598
6 83 1367
6 84 1016
6 85 2646
6 86 1415
6 87 1064
6 88 2694
6 89 1463
6 90 1112
6 91 2286
7 0 959
7 1 1460
7 2 1684
7 3 1365
7 4 473
7 5 1072
7 6 2383
7 7 0
7 8 1297
7 9 616
7 10 1318
7 11 959
7 12 717
7 13 863
7 14 2664
7 15 1406
7 16 1396
7 17 0
7 18 2081
7 19 2163
7 20 1700
7 21 1253
7 22 994
7 23 1757
7 24 2215
7 25 1301
7 26 1264
7 27 573
7 28 538
7 29 1067
7 30 1415
7 31 1157
7 32 854
7 33 1986
7 34 1546
7 35 1205
7 36 2310
7 37 839
7 38 1736
7 39 2967
7 40 791
7 41 1688
7 42 2919
7 43 743
7 44 1640
7 45 2871
7 46 695
7 47 1592
7 48 2823
7 49 647
7 50 1544
7 51 2775
7 52 599
7 53 1496
7 54 2727
7 55 551
7 56 1448
7 57 2679
7 58 503
7 59 1400
7 60 2631
7 61 455
7 62 1352
7 63 2583
7 64 407
7 65 1304
7 66 2535
7 67 359
7 68 1256
7 69 2487
7 70 311
7 71 1208
7 72 2439
7 73 263
7 74 1160
7 75 2391
7 76 215
7 77 1112
7 78 2343
7 79 167
7 80 1064
7 81 2295
7 82 215
7 83 1112
7 84 2343
7 85 263
7 86 1160
7 87 2391
7 88 311
7 89 1208
7 90 2439
7 91 959
8 0 1968
8 1 939
8 2 565
8 3 1130
8 4 1158
8 5 655
8 6 1264
8 7 1297
8 8 0
8 9 1111
8 10 391
8 11 960
8 12 1106
8 13 768
8 14 1493
8 15 417
8 16 469
8 17 1297
8 18 1250
8 19 1044
8 20 403
8 21 422
8 22 733
8 23 638
8 24 1384
8 25 470
8 26 847
8 27 1058
8 28 1093
8 29 564
8 30 504
8 31 1338
8 32 1737
8 33 689
8 34 661
8 35 1386
8 36 1191
8 37 1848
8 38 617
8 39 1670
8 40 1800
8 41 569
8 42 1622
8 43 1752
8 44 521
8 45 1574
8 46 1704
8 47 473
8 48 1526
8 49 1656
8 50 425
8 51 1478
8 52 1608
8 53 377
8 54 1430
8 55 1560
8 56 329
8 57 1382
8 58 1512
8 59 281
8 60 1334
8 61 1464
8 62 233
8 63 1286
8 64 1416
8 65 185
8 66 1238
8 67 1368
8 68 137
8 69 1190
8 70 1320
8 71 89
8 72 1142
8 73 1368
8 74 137
8 75 1190
8 76 1416
8 77 185
8 78 1238
8 79 1464
8 80 233
8 81 1286
8 82 1512
8 83 281
8 84 1334
8 85 1560
8 86 329
8 87 1382
8 88 1608
8 89 377
8 90 1430
8 91 1968
9 0 1241
9 1 1742
9 2 1498
9 3 1647
9 4 755
9 5 1354
9 6 2197
9 7 616
9 8 1111
9 9 0
9 10 1132
9 11 1145
9 12 999
9 13 1145
9 14 2478
9 15 1350
9 16 1210
9 17 616
9 18 1799
9 19 1977
9 20 1514
9 21 689
9 22 1276
9 23 1571
9 24 1933
9 25 1019
9 26 1546
9 27 855
9 28 820
9 29 1349
9 30 1437
9 31 1439
9 32 1136
9 33 1800
9 34 1594
9 35 1487
9 36 2124
9 37 1121
9 38 1550
9 39 2781
9 40 1073
9 41 1502
9 42 2733
9 43 1025
9 44 1454
9 45 2685
9 46 977
9 47 1406
9 48 2637
9 49 929
9 50 1358
9 51 2589
9 52 881
9 53 1310
9 54 2541
9 55 833
9 56 1262
9 57 2493
9 58 785
9 59 1214
9 60 2445
9 61 737
9 62 1166
9 63 2397
9 64 689
9 65 1118
9 66 2349
9 67 641
9 68 1070
9 69 2301
9 70 593
9 71 1022
9 72 2253
9 73 545
9 74 974
9 75 2205
9 76 497
9 77 926
9 78 2157
9 79 449
9 80 878
9 81 2109
9 82 401
9 83 830
9 84 2061
9 85 449
9 86 878
9 87 2109
9 88 497
9 89 926
9 90 2157
9 91 1241
10 0 2181
10 1 1152
10 2 778
10 3 1343
10 4 1179
10 5 868
10 6 1477
10 7 1318
10 8 391
10 9 1132
10 10 0
10 11 981
10 12 1319
10 13 789
10 14 1472
10 15 630
10 16 78
10 17 1318
10 18 1271
10 19 1257
10 20 794
10 21 443
10 22 946
10 23 851
10 24 1249
10 25 491
10 26 1060
10 27 1175
10 28 1114
10 29 681
10 30 717
10 31 1551
10 32 1950
10 33 1080
10 34 874
10 35 1599
10 36 1404
10 37 2061
10 38 830
10 39 1649
10 40 2013
10 41 782
10 42 1601
10 43 1965
10 44 734
10 45 1553
10 46 1917
10 47 686
10 48 1505
10 49 1869
10 50 638
10 51 1457
10 52 1821
10 53 590
10 54 1409
10 55 1773
10 56 542
10 57 1361
10 58 1725
10 59 494
10 60 1313
10 61 1677
10 62 446
10 63 1265
10 64 1629
10 65 398
10 66 1217
10 67 1581
10 68 350
10 69 1169
10 70 1533
10 71 302
10 72 1121
10 73 1485
10 74 254
10 75 1073
10 76 1437
10 77 206
10 78 1025
10 79 1485
10 80 254
10 81 1073
10 82 1533
10 83 302
10 84 1121
10 85 1581
10 86 350
10 87 1169
10 88 1629
10 89 398
10 90 1217
10 91 2181
11 0 1584
11 1 1721
11 2 1347
11 3 1912
11 4 1098
11 5 1437
11 6 2046
11 7 959
11 8 960
11 9 1145
11 10 981
11 11 0
11 12 1342
11 13 1358
11 14 2327
11 15 1199
11 16 1059
11 17 959
11 18 1552
11 19 1826
11 20 1363
11 21 820
11 22 1515
11 23 1420
11 24 1782
11 25 772
11 26 1629
11 27 1198
11 28 1163
11 29 1250
11 30 1286
11 31 1782
11 32 1479
11 33 1649
11 34 1443
11 35 1830
11 36 1973
11 37 1464
11 38 1399
11 39 2630
11 40 1416
11 41 1351
11 42 2582
11 43 1368
11 44 1303
11 45 2534
11 46 1320
11 47 1255
11 48 2486
11 49 1272
11 50 1207
11 51 2438
11 52 1224
11 53 1159
11 54 2390
11 55 1176
11 56 1111
11 57 2342
11 58 1128
11 59 1063
11 60 2294
11 61 1080
11 62 1015
11 63 2246
11 64 1032
11 65 967
11 66 2198
11 67 984
11 68 919
11 69 2150
11 70 936
11 71 871
11 72 2102
11 73 888
11 74 823
11 75 2054
11 76 840
11 77 775
11 78 2006
11 79 792
11 80 727
11 81 1958
11 82 744
11 83 679
11 84 1910
11 85 696
11 86 631
11 87 1862
11 88 648
11 89 583
11 90 1814
11 91 1584
12 0 862
12 1 1363
12 2 1301
12 3 1268
12 4 760
12 5 1071
12 6 2000
12 7 717
12 8 1106
12 9 999
12 10 1319
12 11 1342
12 12 0
12 13 1150
12 14 2281
12 15 689
12 16 1397
12 17 717
12 18 2178
12 19 1780
12 20 1509
12 21 1350
12 22 993
12 23 1374
12 24 2312
12 25 1398
12 26 1167
12 27 764
12 28 825
12 29 1258
12 30 1240
12 31 1060
12 32 757
12 33 1795
12 34 1397
12 35 1108
12 36 1927
12 37 742
12 38 1353
12 39 2584
12 40 694
12 41 1305
12 42 2536
12 43 646
12 44 1257
12 45 2488
12 46 598
12 47 1209
12 48 2440
12 49 550
12 50 1161
12 51 2392
12 52 502
12 53 1113
12 54 2344
12 55 454
12 56 1065
12 57 2296
12 58 406
12 59 1017
12 60 2248
12 61 358
12 62 969
12 63 2200
12 64 310
12 65 921
12 66 2152
12 67 358
12 68 969
12 69 2200
12 70 406
12 71 1017
12 72 2248
12 73 454
12 74 1065
12 75 2296
12 76 502
12 77 1113
12 78 2344
12 79 550
12 80 1161
12 81 2392
12 82 598
12 83 1209
12 84 2440
12 85 646
12 86 1257
12 87 2488
12 88 694
12 89 1305
12 90 2536
12 91 862
13 0 1392
13 1 1529
13 2 1155
13 3 1720
13 4 390
13 5 1245
13 6 1854
13 7 863
13 8 768
13 9 1145
13 10 789
13 11 1358
13 12 1150
13 13 0
13 14 2135
13 15 1007
13 16 867
13 17 863
13 18 1648
13 19 1634
13 20 1171
13 21 820
13 22 1323
13 23 1228
13 24 1782
13 25 868
13 26 1437
13 27 1006
13 28 325
13 29 1058
13 30 1094
13 31 1590
13 32 1287
13 33 1457
13 34 1251
13 35 1638
13 36 1781
13 37 1272
13 38 1207
13 39 2438
13 40 1224
13 41 1159
13 42 2390
13 43 1176
13 44 1111
13 45 2342
13 46 1128
13 47 1063
13 48 2294
13 49 1080
13 50 1015
13 51 2246
13 52 1032
13 53 967
13 54 2198
13 55 984
13 56 919
13 57 2150
13 58 936
13 59 871
13 60 2102
13 61 888
13 62 823
13 63 2054
13 64 840
13 65 775
13 66 2006
13 67 792
13 68 727
13 69 1958
13 70 744
13 71 679
13 72 1910
13 73 696
13 74 631
13 75 1862
13 76 648
13 77 583
13 78 1814
13 79 696
13 80 631
13 81 1862
13 82 744
13 83 679
13 84 1910
13 85 792
13 86 727
13 87 1958
13 88 840
13 89 775
13 90 2006
13 91 1392
14 0 2759
14 1 1730
14 2 1106
14 3 1921
14 4 2525
14 5 1926
14 6 599
14 7 2664
14 8 1493
14 9 2478
14 10 1472
14 11 2327
14 12 2281
14 13 2135
14 14 0
14 15 1592
14 16 1394
14 17 2664
14 18 901
14 19 1107
14 20 1090
14 21 1789
14 22 2004
14 23 1033
14 24 671
14 25 1837
14 26 1734
14 27 2425
14 28 2460
14 29 1931
14 30 1583
14 31 2129
14 32 2528
14 33 804
14 34 1452
14 35 2177
14 36 864
14 37 2639
14 38 1408
14 39 303
14 40 2591
14 41 1360
14 42 255
14 43 2543
14 44 1312
14 45 207
14 46 2495
14 47 1264
14 48 159
14 49 2447
14 50 1216
14 51 111
14 52 2399
14 53 1168
14 54 63
14 55 2447
14 56 1216
14 57 111
14 58 2495
14 59 1264
14 60 159
14 61 2543
14 62 1312
14 63 207
14 64 2591
14 65 1360
14 66 255
14 67 2639
14 68 1408
14 69 303
14 70 2687
14 71 1456
14 72 351
14 73 2735
14 74 1504
14 75 399
14 76 2783
14 77 1552
14 78 447
14 79 2831
14 80 1600
14 81 495
14 82 2879
14 83 1648
14 84 543
14 85 2927
14 86 1696
14 87 591
14 88 2975
14 89 1744
14 90 639
14 91 2759
15 0 1551
15 1 986
15 2 612
15 3 1177
15 4 1397
15 5 798
15 6 1311
15 7 1406
15 8 417
15 9 1350
15 10 630
15 11 1199
15 12 689
15 13 1007
15 14 1592
15 15 0
15 16 708
15 17 1406
15 18 1489
15 19 1091
15 20 820
15 21 661
15 22 876
15 23 685
15 24 1623
15 25 709
15 26 894
15 27 1297
15 28 1332
15 29 803
15 30 551
15 31 1385
15 32 1446
15 33 1106
15 34 708
15 35 1433
15 36 1238
15 37 1431
15 38 664
15 39 1895
15 40 1383
15 41 616
15 42 1847
15 43 1335
15 44 568
15 45 1799
15 46 1287
15 47 520
15 48 1751
15 49 1239
15 50 472
15 51 1703
15 52 1191
15 53 424
15 54 1655
15 55 1143
15 56 376
15 57 1607
15 58 1095
15 59 328
15 60 1559
15 61 1047
15 62 280
15 63 1511
15 64 999
15 65 232
15 66 1463
15 67 1047
15 68 280
15 69 1511
15 70 1095
15 71 328
15 72 1559
15 73 1143
15 74 376
15 75 1607
15 76 1191
15 77 424
15 78 1655
15 79 1239
15 80 472
15 81 1703
15 82 1287
15 83 520
15 84 1751
15 85 1335
15 86 568
15 87 1799
15 88 1383
15 89 616
15 90 1847
15 91 1551
16 0 2259
16 1 1230
16 2 856
16 3 1421
16 4 1257
16 5 946
16 6 1555
16 7 1396
16 8 469
16 9 1210
16 10 78
16 11 1059
16 12 1397
16 13 867
16 14 1394
16 15 708
16 16 0
16 17 1396
16 18 1349
16 19 1335
16 20 872
16 21 521
16 22 1024
16 23 929
16 24 1171
16 25 569
16 26 1138
16 27 1253
16 28 1192
16 29 759
16 30 795
16 31 1629
16 32 2028
16 33 1158
16 34 952
16 35 1677
16 36 1482
16 37 2139
16 38 908
16 39 1571
16 40 2091
16 41 860
16 42 1523
16 43 2043
16 44 812
16 45 1475
16 46 1995
16 47 764
16 48 1427
16 49 1947
16 50 716
16 51 1379
16 52 1899
16 53 668
16 54 1331
16 55 1851
16 56 620
16 57 1283
16 58 1803
16 59 572
16 60 1235
16 61 1755
16 62 524
16 63 1187
16 64 1707
16 65 476
16 66 1139
16 67 1659
16 68 428
16 69 1091
16 70 1611
16 71 380
16 72 1043
16 73 1563
16 74 332
16 75 995
16 76 1515
16 77 284
16 78 947
16 79 1563
16 80 332
16 81 995
16 82 1611
16 83 380
16 84 1043
16 85 1659
16 86 428
16 87 1091
16 88 1707
16 89 476
16 90 1139
16 91 2259
17 0 959
17 1 1460
17 2 1684
17 3 1365
17 4 473
17 5 1072
17 6 2383
17 7 0
17 8 1297
17 9 616
17 10 1318
17 11 959
17 12 717
17 13 863
17 14 2664
17 15 1406
17 16 1396
17 17 0
17 18 2081
17 19 2163
17 20 1700
17 21 1253
17 22 994
17 23 1757
17 24 2215
17 25 1301
17 26 1264
17 27 573
17 28 538
17 29 1067
17 30 1415
17 31 1157
17 32 854
17 33 1986
17 34 1546
17 35 1205
17 36 2310
17 37 839
17 38 1736
17 39 2967
17 40 791
17 41 1688
17 42 2919
17 43 743
17 44 1640
17 45 2871
17 46 695
17 47 1592
17 48 2823
17 49 647
17 50 1544
17 51 2775
17 52 599
17 53 1496
17 54 2727
17 55 551
17 56 1448
17 57 2679
17 58 503
17 59 1400
17 60 2631
17 61 455
17 62 1352
17 63 2583
17 64 407
17 65 1304
17 66 2535
17 67 359
17 68 1256
17 69 2487
17 70 311
17 71 1208
17 72 2439
17 73 263
17 74 1160
17 75 2391
17 76 215
17 77 1112
17 78 2343
17 79 167
17 80 1064
17 81 2295
17 82 215
17 83 1112
17 84 2343
17 85 263
17 86 1160
17 87 2391
17 88 311
17 89 1208
17 90 2439
17 91 959
18 0 3040
18 1 2011
18 2 1637
18 3 2202
18 4 2038
18 5 1727
18 6 1374
18 7 2081
18 8 1250
18 9 1799
18 10 1271
18 11 1552
18 12 2178
18 13 1648
18 14 901
18 15 1489
18 16 1349
18 17 2081
18 18 0
18 19 1882
18 20 1289
18 21 1110
18 22 1805
18 23 1424
18 24 486
18 25 1062
18 26 1919
18 27 2034
18 28 1973
18 29 1540
18 30 1576
18 31 2410
18 32 2809
18 33 1003
18 34 1733
18 35 2458
18 36 1639
18 37 2920
18 38 1689
18 39 1078
18 40 2872
18 41 1641
18 42 1030
18 43 2824
18 44 1593
18 45 982
18 46 2776
18 47 1545
18 48 934
18 49 2728
18 50 1497
18 51 886
18 52 2680
18 53 1449
18 54 838
18 55 2632
18 56 1401
18 57 790
18 58 2584
18 59 1353
18 60 742
18 61 2536
18 62 1305
18 63 694
18 64 2488
18 65 1257
18 66 646
18 67 2440
18 68 1209
18 69 598
18 70 2392
18 71 1161
18 72 550
18 73 2344
18 74 1113
18 75 502
18 76 2296
18 77 1065
18 78 454
18 79 2248
18 80 1017
18 81 406
18 82 2200
18 83 969
18 84 358
18 85 2152
18 86 921
18 87 310
18 88 2200
18 89 969
18 90 358
18 91 3040
19 0 1778
19 1 1037
19 2 1047
19 3 1132
19 4 2024
19 5 1425
19 6 1362
19 7 2163
19 8 1044
19 9 1977
19 10 1257
19 11 1826
19 12 1780
19 13 1634
19 14 1107
19 15 1091
19 16 1335
19 17 2163
19 18 1882
19 19 0
19 20 1447
19 21 1288
19 22 1503
19 23 1312
19 24 1652
19 25 1336
19 26 1233
19 27 1924
19 28 1959
19 29 1430
19 30 1082
19 31 1340
19 32 1643
19 33 1733
19 34 951
19 35 1292
19 36 1097
19 37 1658
19 38 427
19 39 804
19 40 1706
19 41 475
19 42 852
19 43 1754
19 44 523
19 45 900
19 46 1802
19 47 571
19 48 948
19 49 1850
19 50 619
19 51 996
19 52 1898
19 53 667
19 54 1044
19 55 1946
19 56 715
19 57 1092
19 58 1994
19 59 763
19 60 1140
19 61 2042
19 62 811
19 63 1188
19 64 2090
19 65 859
19 66 1236
19 67 2138
19 68 907
19 69 1284
19 70 2186
19 71 955
19 72 1332
19 73 2234
19 74 1003
19 75 1380
19 76 2282
19 77 1051
19 78 1428
19 79 2330
19 80 1099
19 81 1476
19 82 2378
19 83 1147
19 84 1524
19 85 2426
19 86 1195
19 87 1572
19 88 2474
19 89 1243
19 90 1620
19 91 1778
20 0 2371
20 1 1342
20 2 968
20 3 1533
20 4 1561
20 5 1058
20 6 1563
20 7 1700
20 8 403
20 9 1514
20 10 794
20 11 1363
20 12 1509
20 13 1171
20 14 1090
20 15 820
20 16 872
20 17 1700
20 18 1289
20 19 1447
20 20 0
20 21 825
20 22 1136
20 23 1041
20 24 1059
20 25 873
20 26 1250
20 27 1461
20 28 1496
20 29 967
20 30 907
20 31 1741
20 32 2140
20 33 286
20 34 1064
20 35 1789
20 36 1594
20 37 2251
20 38 1020
20 39 1267
20 40 2203
20 41 972
20 42 1219
20 43 2155
20 44 924
20 45 1171
20 46 2107
20 47 876
20 48 1123
20 49 2059
20 50 828
20 51 1075
20 52 2011
20 53 780
20 54 1027
20 55 1963
20 56 732
20 57 979
20 58 1915
20 59 684
20 60 931
20 61 1867
20 62 636
20 63 883
20 64 1819
20 65 588
20 66 835
20 67 1771
20 68 540
20 69 787
20 70 1723
20 71 492
20 72 739
20 73 1771
20 74 540
20 75 787
20 76 1819
20 77 588
20 78 835
20 79 1867
20 80 636
20 81 883
20 82 1915
20 83 684
20 84 931
20 85 1963
20 86 732
20 87 979
20 88 2011
20 89 780
20 90 1027
20 91 2371
21 0 1930
21 1 1183
21 2 809
21 3 1374
21 4 1210
21 5 899
21 6 1508
21 7 1253
21 8 422
21 9 689
21 10 443
21 11 820
21 12 1350
21 13 820
21 14 1789
21 15 661
21 16 521
21 17 1253
21 18 1110
21 19 1288
21 20 825
21 21 0
21 22 977
21 23 882
21 24 1244
21 25 330
21 26 1091
21 27 1206
21 28 1145
21 29 712
21 30 748
21 31 1582
21 32 1825
21 33 1111
21 34 905
21 35 1630
21 36 1435
21 37 1810
21 38 861
21 39 2092
21 40 1762
21 41 813
21 42 2044
21 43 1714
21 44 765
21 45 1996
21 46 1666
21 47 717
21 48 1948
21 49 1618
21 50 669
21 51 1900
21 52 1570
21 53 621
21 54 1852
21 55 1522
21 56 573
21 57 1804
21 58 1474
21 59 525
21 60 1756
21 61 1426
21 62 477
21 63 1708
21 64 1378
21 65 429
21 66 1660
21 67 1330
21 68 381
21 69 1612
21 70 1282
21 71 333
21 72 1564
21 73 1234
21 74 285
21 75 1516
21 76 1186
21 77 237
21 78 1468
21 79 1138
21 80 189
21 81 1420
21 82 1090
21 83 141
21 84 1372
21 85 1138
21 86 189
21 87 1420
21 88 1186
21 89 237
21 90 1468
21 91 1930
22 0 1235
22 1 1398
22 2 1024
22 3 1589
22 4 1037
22 5 78
22 6 1723
22 7 994
22 8 733
22 9 1276
22 10 946
22 11 1515
22 12 993
22 13 1323
22 14 2004
22 15 876
22 16 1024
22 17 994
22 18 1805
22 19 1503
22 20 1136
22 21 977
22 22 0
22 23 1097
22 24 1939
22 25 1025
22 26 1306
22 27 1041
22 28 1102
22 29 1119
22 30 963
22 31 1433
22 32 1130
22 33 1422
22 34 1120
22 35 1481
22 36 1650
22 37 1115
22 38 1076
22 39 2307
22 40 1067
22 41 1028
22 42 2259
22 43 1019
22 44 980
22 45 2211
22 46 971
22 47 932
22 48 2163
22 49 923
22 50 884
22 51 2115
22 52 875
22 53 836
22 54 2067
22 55 827
22 56 788
22 57 2019
22 58 779
22 59 740
22 60 1971
22 61 731
22 62 692
22 63 1923
22 64 683
22 65 644
22 66 1875
22 67 635
22 68 596
22 69 1827
22 70 683
22 71 644
22 72 1875
22 73 731
22 74 692
22 75 1923
22 76 779
22 77 740
22 78 1971
22 79 827
22 80 788
22 81 2019
22 82 875
22 83 836
22 84 2067
22 85 923
22 86 884
22 87 2115
22 88 971
22 89 932
22 90 2163
22 91 1235
23 0 2236
23 1 1207
23 2 833
23 3 1398
23 4 1618
23 5 1019
23 6 1506
23 7 1757
23 8 638
23 9 1571
23 10 851
23 11 1420
23 12 1374
23 13 1228
23 14 1033
23 15 685
23 16 929
23 17 1757
23 18 1424
23 19 1312
23 20 1041
23 21 882
23 22 1097
23 23 0
23 24 1194
23 25 930
23 26 1115
23 27 1518
23 28 1553
23 29 1024
23 30 772
23 31 1606
23 32 2005
23 33 1327
23 34 929
23 35 1654
23 36 1459
23 37 2116
23 38 885
23 39 1210
23 40 2068
23 41 837
23 42 1162
23 43 2020
23 44 789
23 45 1114
23 46 1972
23 47 741
23 48 1066
23 49 1924
23 50 693
23 51 1018
23 52 1876
23 53 645
23 54 970
23 55 1828
23 56 597
23 57 922
23 58 1780
23 59 549
23 60 874
23 61 1732
23 62 501
23 63 826
23 64 1684
23 65 453
23 66 778
23 67 1732
23 68 501
23 69 826
23 70 1780
23 71 549
23 72 874
23 73 1828
23 74 597
23 75 922
23 76 1876
23 77 645
23 78 970
23 79 1924
23 80 693
23 81 1018
23 82 1972
23 83 741
23 84 1066
23 85 2020
23 86 789
23 87 1114
23 88 2068
23 89 837
23 90 1162
23 91 2236
24 0 3174
24 1 2145
24 2 1459
24 3 2336
24 4 2172
24 5 1861
24 6 1144
24 7 2215
24 8 1384
24 9 1933
24 10 1249
24 11 1782
24 12 2312
24 13 1782
24 14 671
24 15 1623
24 16 1171
24 17 2215
24 18 486
24 19 1652
24 20 1059
24 21 1244
24 22 1939
24 23 1194
24 24 0
24 25 1292
24 26 2053
24 27 2168
24 28 2107
24 29 1674
24 30 1710
24 31 2544
24 32 2943
24 33 773
24 34 1867
24 35 2592
24 36 1409
24 37 3054
24 38 1823
24 39 848
24 40 3006
24 41 1775
24 42 800
24 43 2958
24 44 1727
24 45 752
24 46 2910
24 47 1679
24 48 704
24 49 2862
24 50 1631
24 51 656
24 52 2814
24 53 1583
24 54 608
24 55 2766
24 56 1535
24 57 560
24 58 2718
24 59 1487
24 60 512
24 61 2670
24 62 1439
24 63 464
24 64 2622
24 65 1391
24 66 416
24 67 2574
24 68 1343
24 69 368
24 70 2526
24 71 1295
24 72 320
24 73 2478
24 74 1247
24 75 272
24 76 2430
24 77 1199
24 78 224
24 79 2382
24 80 1151
24 81 176
24 82 2334
24 83 1103
24 84 128
24 85 2382
24 86 1151
24 87 176
24 88 2430
24 89 1199
24 90 224
24 91 3174
25 0 1978
25 1 1231
25 2 857
25 3 1422
25 4 1258
25 5 947
25 6 1556
25 7 1301
25 8 470
25 9 1019
25 10 491
25 11 772
25 12 1398
25 13 868
25 14 1837
25 15 709
25 16 569
25 17 1301
25 18 1062
25 19 1336
25 20 873
25 21 330
25 22 1025
25 23 930
25 24 1292
25 25 0
25 26 1139
25 27 1254
25 28 1193
25 29 760
25 30 796
25 31 1630
25 32 1873
25 33 1159
25 34 953
25 35 1678
25 36 1483
25 37 1858
25 38 909
25 39 2140
25 40 1810
25 41 861
25 42 2092
25 43 1762
25 44 813
25 45 2044
25 46 1714
25 47 765
25 48 1996
25 49 1666
25 50 717
25 51 1948
25 52 1618
25 53 669
25 54 1900
25 55 1570
25 56 621
25 57 1852
25 58 1522
25 59 573
25 60 1804
25 61 1474
25 62 525
25 63 1756
25 64 1426
25 65 477
25 66 1708
25 67 1378
25 68 429
25 69 1660
25 70 1330
25 71 381
25 72 1612
25 73 1282
25 74 333
25 75 1564
25 76 1234
25 77 285
25 78 1516
25 79 1186
25 80 237
25 81 1468
25 82 1138
25 83 189
25 84 1420
25 85 1090
25 86 141
25 87 1372
25 88 1138
25 89 189
25 90 1420
25 91 1978
26 0 1121
26 1 1128
26 2 850
26 3 1319
26 4 1307
26 5 1228
26 6 1453
26 7 1264
26 8 847
26 9 1546
26 10 1060
26 11 1629
26 12 1167
26 13 1437
26 14 1734
26 15 894
26 16 1138
26 17 1264
26 18 1919
26 19 1233
26 20 1250
26 21 1091
26 22 1306
26 23 1115
26 24 2053
26 25 1139
26 26 0
26 27 1311
26 28 1372
26 29 1233
26 30 885
26 31 1319
26 32 1016
26 33 1536
26 34 850
26 35 1367
26 36 1380
26 37 1001
26 38 806
26 39 2037
26 40 953
26 41 758
26 42 1989
26 43 905
26 44 710
26 45 1941
26 46 857
26 47 662
26 48 1893
26 49 809
26 50 614
26 51 1845
26 52 761
26 53 566
26 54 1797
26 55 713
26 56 518
26 57 1749
26 58 761
26 59 566
26 60 1797
26 61 809
26 62 614
26 63 1845
26 64 857
26 65 662
26 66 1893
26 67 905
26 68 710
26 69 1941
26 70 953
26 71 758
26 72 1989
26 73 1001
26 74 806
26 75 2037
26 76 1049
26 77 854
26 78 2085
26 79 1097
26 80 902
26 81 2133
26 82 1145
26 83 950
26 84 2181
26 85 1193
26 86 998
26 87 2229
26 88 1241
26 89 1046
26 90 2277
26 91 1121
27 0 1006
27 1 1507
27 2 1445
27 3 1412
27 4 616
27 5 1119
27 6 2144
27 7 573
27 8 1058
27 9 855
27 10 1175
27 11 1198
27 12 764
27 13 1006
27 14 2425
27 15 1297
27 16 1253
27 17 573
27 18 2034
27 19 1924
27 20 1461
27 21 1206
27 22 1041
27 23 1518
27 24 2168
27 25 1254
27 26 1311
27 27 0
27 28 681
27 29 494
27 30 1384
27 31 1204
27 32 901
27 33 1747
27 34 1541
27 35 1252
27 36 2071
27 37 886
27 38 1497
27 39 2728
27 40 838
27 41 1449
27 42 2680
27 43 790
27 44 1401
27 45 2632
27 46 742
27 47 1353
27 48 2584
27 49 694
27 50 1305
27 51 2536
27 52 646
27 53 1257
27 54 2488
27 55 598
27 56 1209
27 57 2440
27 58 550
27 59 1161
27 60 2392
27 61 502
27 62 1113
27 63 2344
27 64 454
27 65 1065
27 66 2296
27 67 406
27 68 1017
27 69 2248
27 70 358
27 71 969
27 72 2200
27 73 310
27 74 921
27 75 2152
27 76 358
27 77 969
27 78 2200
27 79 406
27 80 1017
27 81 2248
27 82 454
27 83 1065
27 84 2296
27 85 502
27 86 1113
27 87 2344
27 88 550
27 89 1161
27 90 2392
27 91 1006
28 0 1067
28 1 1568
28 2 1480
28 3 1473
28 4 65
28 5 1180
28 6 2179
28 7 538
28 8 1093
28 9 820
28 10 1114
28 11 1163
28 12 825
28 13 325
28 14 2460
28 15 1332
28 16 1192
28 17 538
28 18 1973
28 19 1959
28 20 1496
28 21 1145
28 22 1102
28 23 1553
28 24 2107
28 25 1193
28 26 1372
28 27 681
28 28 0
28 29 1175
28 30 1419
28 31 1265
28 32 962
28 33 1782
28 34 1576
28 35 1313
28 36 2106
28 37 947
28 38 1532
28 39 2763
28 40 899
28 41 1484
28 42 2715
28 43 851
28 44 1436
28 45 2667
28 46 803
28 47 1388
28 48 2619
28 49 755
28 50 1340
28 51 2571
28 52 707
28 53 1292
28 54 2523
28 55 659
28 56 1244
28 57 2475
28 58 611
28 59 1196
28 60 2427
28 61 563
28 62 1148
28 63 2379
28 64 515
28 65 1100
28 66 2331
28 67 467
28 68 1052
28 69 2283
28 70 419
28 71 1004
28 72 2235
28 73 371
28 74 956
28 75 2187
28 76 323
28 77 908
28 78 2139
28 79 371
28 80 956
28 81 2187
28 82 419
28 83 1004
28 84 2235
28 85 467
28 86 1052
28 87 2283
28 88 515
28 89 1100
28 90 2331
28 91 1067
29 0 1500
29 1 1325
29 2 951
29 3 1516
29 4 1110
29 5 1041
29 6 1650
29 7 1067
29 8 564
29 9 1349
29 10 681
29 11 1250
29 12 1258
29 13 1058
29 14 1931
29 15 803
29 16 759
29 17 1067
29 18 1540
29 19 1430
29 20 967
29 21 712
29 22 1119
29 23 1024
29 24 1674
29 25 760
29 26 1233
29 27 494
29 28 1175
29 29 0
29 30 890
29 31 1698
29 32 1395
29 33 1253
29 34 1047
29 35 1746
29 36 1577
29 37 1380
29 38 1003
29 39 2234
29 40 1332
29 41 955
29 42 2186
29 43 1284
29 44 907
29 45 2138
29 46 1236
29 47 859
29 48 2090
29 49 1188
29 50 811
29 51 2042
29 52 1140
29 53 763
29 54 1994
29 55 1092
29 56 715
29 57 1946
29 58 1044
29 59 667
29 60 1898
29 61 996
29 62 619
29 63 1850
29 64 948
29 65 571
29 66 1802
29 67 900
29 68 523
29 69 1754
29 70 852
29 71 475
29 72 1706
29 73 804
29 74 427
29 75 1658
29 76 852
29 77 475
29 78 1706
29 79 900
29 80 523
29 81 1754
29 82 948
29 83 571
29 84 1802
29 85 996
29 86 619
29 87 1850
29 88 1044
29 89 667
29 90 1898
29 91 1500
30 0 1464
30 1 977
30 2 603
30 3 1168
30 4 1458
30 5 885
30 6 1302
30 7 1415
30 8 504
30 9 1437
30 10 717
30 11 1286
30 12 1240
30 13 1094
30 14 1583
30 15 551
30 16 795
30 17 1415
30 18 1576
30 19 1082
30 20 907
30 21 748
30 22 963
30 23 772
30 24 1710
30 25 796
30 26 885
30 27 1384
30 28 1419
30 29 890
30 30 0
30 31 1376
30 32 1359
30 33 1193
30 34 699
30 35 1424
30 36 1229
30 37 1344
30 38 655
30 39 1886
30 40 1296
30 41 607
30 42 1838
30 43 1248
30 44 559
30 45 1790
30 46 1200
30 47 511
30 48 1742
30 49 1152
30 50 463
30 51 1694
30 52 1104
30 53 415
30 54 1646
30 55 1056
30 56 367
30 57 1598
30 58 1008
30 59 319
30 60 1550
30 61 960
30 62 271
30 63 1502
30 64 1008
30 65 319
30 66 1550
30 67 1056
30 68 367
30 69 1598
30 70 1104
30 71 415
30 72 1646
30 73 1152
30 74 463
30 75 1694
30 76 1200
30 77 511
30 78 1742
30 79 1248
30 80 559
30 81 1790
30 82 1296
30 83 607
30 84 1838
30 85 1344
30 86 655
30 87 1886
30 88 1392
30 89 703
30 90 1934
30 91 1464
31 0 630
31 1 1227
31 2 1341
31 3 208
31 4 1200
31 5 1511
31 6 1656
31 7 1157
31 8 1338
31 9 1439
31 10 1551
31 11 1782
31 12 1060
31 13 1590
31 14 2129
31 15 1385
31 16 1629
31 17 1157
31 18 2410
31 19 1340
31 20 1741
31 21 1582
31 22 1433
31 23 1606
31 24 2544
31 25 1630
31 26 1319
31 27 1204
31 28 1265
31 29 1698
31 30 1376
31 31 0
31 32 525
31 33 2027
31 34 1245
31 35 876
31 36 1487
31 37 510
31 38 913
31 39 2144
31 40 462
31 41 865
31 42 2096
31 43 414
31 44 817
31 45 2048
31 46 462
31 47 865
31 48 2096
31 49 510
31 50 913
31 51 2144
31 52 558
31 53 961
31 54 2192
31 55 606
31 56 1009
31 57 2240
31 58 654
31 59 1057
31 60 2288
31 61 702
31 62 1105
31 63 2336
31 64 750
31 65 1153
31 66 2384
31 67 798
31 68 1201
31 69 2432
31 70 846
31 71 1249
31 72 2480
31 73 894
31 74 1297
31 75 2528
31 76 942
31 77 1345
31 78 2576
31 79 990
31 80 1393
31 81 2624
31 82 1038
31 83 1441
31 84 2672
31 85 1086
31 86 1489
31 87 2720
31 88 1134
31 89 1537
31 90 2768
31 91 630
32 0 231
32 1 924
32 2 1740
32 3 733
32 4 897
32 5 1208
32 6 2055
32 7 854
32 8 1737
32 9 1136
32 10 1950
32 11 1479
32 12 757
32 13 1287
32 14 2528
32 15 1446
32 16 2028
32 17 854
32 18 2809
32 19 1643
32 20 2140
32 21 1825
32 22 1130
32 23 2005
32 24 2943
32 25 1873
32 26 1016
32 27 901
32 28 962
32 29 1395
32 30 1359
32 31 525
32 32 0
32 33 2426
32 34 1202
32 35 351
32 36 1790
32 37 111
32 38 1216
32 39 2447
32 40 63
32 41 1168
32 42 2399
32 43 111
32 44 1216
32 45 2447
32 46 159
32 47 1264
32 48 2495
32 49 207
32 50 1312
32 51 2543
32 52 255
32 53 1360
32 54 2591
32 55 303
32 56 1408
32 57 2639
32 58 351
32 59 1456
32 60 2687
32 61 399
32 62 1504
32 63 2735
32 64 447
32 65 1552
32 66 2783
32 67 495
32 68 1600
32 69 2831
32 70 543
32 71 1648
32 72 2879
32 73 591
32 74 1696
32 75 2927
32 76 639
32 77 1744
32 78 2975
32 79 687
32 80 1792
32 81 3023
32 82 735
32 83 1840
32 84 3071
32 85 783
32 86 1888
32 87 3119
32 88 831
32 89 1936
32 90 3167
32 91 231
33 0 2657
33 1 1628
33 2 1254
33 3 1819
33 4 1847
33 5 1344
33 6 1277
33 7 1986
33 8 689
33 9 1800
33 10 1080
33 11 1649
33 12 1795
33 13 1457
33 14 804
33 15 1106
33 16 1158
33 17 1986
33 18 1003
33 19 1733
33 20 286
33 21 1111
33 22 1422
33 23 1327
33 24 773
33 25 1159
33 26 1536
33 27 1747
33 28 1782
33 29 1253
33 30 1193
33 31 2027
33 32 2426
33 33 0
33 34 1350
33 35 2075
33 36 1542
33 37 2537
33 38 1306
33 39 981
33 40 2489
33 41 1258
33 42 933
33 43 2441
33 44 1210
33 45 885
33 46 2393
33 47 1162
33 48 837
33 49 2345
33 50 1114
33 51 789
33 52 2297
33 53 1066
33 54 741
33 55 2249
33 56 1018
33 57 693
33 58 2201
33 59 970
33 60 645
33 61 2153
33 62 922
33 63 597
33 64 2105
33 65 874
33 66 549
33 67 2057
33 68 826
33 69 501
33 70 2009
33 71 778
33 72 453
33 73 2057
33 74 826
33 75 501
33 76 2105
33 77 874
33 78 549
33 79 2153
33 80 922
33 81 597
33 82 2201
33 83 970
33 84 645
33 85 2249
33 86 1018
33 87 693
33 88 2297
33 89 1066
33 90 741
33 91 2657
34 0 1307
34 1 846
34 2 664
34 3 1037
34 4 1589
34 5 1042
34 6 1171
34 7 1546
34 8 661
34 9 1594
34 10 874
34 11 1443
34 12 1397
34 13 1251
34 14 1452
34 15 708
34 16 952
34 17 1546
34 18 1733
34 19 951
34 20 1064
34 21 905
34 22 1120
34 23 929
34 24 1867
34 25 953
34 26 850
34 27 1541
34 28 1576
34 29 1047
34 30 699
34 31 1245
34 32 1202
34 33 1350
34 34 0
34 35 1293
34 36 1098
34 37 1187
34 38 524
34 39 1755
34 40 1139
34 41 476
34 42 1707
34 43 1091
34 44 428
34 45 1659
34 46 1043
34 47 380
34 48 1611
34 49 995
34 50 332
34 51 1563
34 52 947
34 53 284
34 54 1515
34 55 995
34 56 332
34 57 1563
34 58 1043
34 59 380
34 60 1611
34 61 1091
34 62 428
34 63 1659
34 64 1139
34 65 476
34 66 1707
34 67 1187
34 68 524
34 69 1755
34 70 1235
34 71 572
34 72 1803
34 73 1283
34 74 620
34 75 1851
34 76 1331
34 77 668
34 78 1899
34 79 1379
34 80 716
34 81 1947
34 82 1427
34 83 764
34 84 1995
34 85 1475
34 86 812
34 87 2043
34 88 1523
34 89 860
34 90 2091
34 91 1307
35 0 582
35 1 1275
35 2 1389
35 3 1084
35 4 1248
35 5 1559
35 6 1704
35 7 1205
35 8 1386
35 9 1487
35 10 1599
35 11 1830
35 12 1108
35 13 1638
35 14 2177
35 15 1433
35 16 1677
35 17 1205
35 18 2458
35 19 1292
35 20 1789
35 21 1630
35 22 1481
35 23 1654
35 24 2592
35 25 1678
35 26 1367
35 27 1252
35 28 1313
35 29 1746
35 30 1424
35 31 876
35 32 351
35 33 2075
35 34 1293
35 35 0
35 36 1439
35 37 462
35 38 865
35 39 2096
35 40 414
35 41 817
35 42 2048
35 43 462
35 44 865
35 45 2096
35 46 510
35 47 913
35 48 2144
35 49 558
35 50 961
35 51 2192
35 52 606
35 53 1009
35 54 2240
35 55 654
35 56 1057
35 57 2288
35 58 702
35 59 1105
35 60 2336
35 61 750
35 62 1153
35 63 2384
35 64 798
35 65 1201
35 66 2432
35 67 846
35 68 1249
35 69 2480
35 70 894
35 71 1297
35 72 2528
35 73 942
35 74 1345
35 75 2576
35 76 990
35 77 1393
35 78 2624
35 79 1038
35 80 1441
35 81 2672
35 82 1086
35 83 1489
35 84 2720
35 85 1134
35 86 1537
35 87 2768
35 88 1182
35 89 1585
35 90 2816
35 91 582
36 0 2021
36 1 1184
36 2 1194
36 3 1279
36 4 2171
36 5 1572
36 6 1145
36 7 2310
36 8 1191
36 9 2124
36 10 1404
36 11 1973
36 12 1927
36 13 1781
36 14 864
36 15 1238
36 16 1482
36 17 2310
36 18 1639
36 19 1097
36 20 1594
36 21 1435
36 22 1650
36 23 1459
36 24 1409
36 25 1483
36 26 1380
36 27 2071
36 28 2106
36 29 1577
36 30 1229
36 31 1487
36 32 1790
36 33 1542
36 34 1098
36 35 1439
36 36 0
36 37 1901
36 38 670
36 39 657
36 40 1853
36 41 622
36 42 609
36 43 1901
36 44 670
36 45 657
36 46 1949
36 47 718
36 48 705
36 49 1997
36 50 766
36 51 753
36 52 2045
36 53 814
36 54 801
36 55 2093
36 56 862
36 57 849
36 58 2141
36 59 910
36 60 897
36 61 2189
36 62 958
36 63 945
36 64 2237
36 65 1006
36 66 993
36 67 2285
36 68 1054
36 69 1041
36 70 2333
36 71 1102
36 72 1089
36 73 2381
36 74 1150
36 75 1137
36 76 2429
36 77 1198
36 78 1185
36 79 2477
36 80 1246
36 81 1233
36 82 2525
36 83 1294
36 84 1281
36 85 2573
36 86 1342
36 87 1329
36 88 2621
36 89 1390
36 90 1377
36 91 2021
37 0 120
37 1 909
37 2 1851
37 3 718
37 4 882
37 5 1193
37 6 2166
37 7 839
37 8 1848
37 9 1121
37 10 2061
37 11 1464
37 12 742
37 13 1272
37 14 2639
37 15 1431
37 16 2139
37 17 839
37 18 2920
37 19 1658
37 20 2251
37 21 1810
37 22 1115
37 23 2116
37 24 3054
37 25 1858
37 26 1001
37 27 886
37 28 947
37 29 1380
37 30 1344
37 31 510
37 32 111
37 33 2537
37 34 1187
37 35 462
37 36 1901
37 37 0
37 38 1231
37 39 2462
37 40 48
37 41 1279
37 42 2510
37 43 96
37 44 1327
37 45 2558
37 46 144
37 47 1375
37 48 2606
37 49 192
37 50 1423
37 51 2654
37 52 240
37 53 1471
37 54 2702
37 55 288
37 56 1519
37 57 2750
37 58 336
37 59 1567
37 60 2798
37 61 384
37 62 1615
37 63 2846
37 64 432
37 65 1663
37 66 2894
37 67 480
37 68 1711
37 69 2942
37 70 528
37 71 1759
37 72 2990
37 73 576
37 74 1807
37 75 3038
37 76 624
37 77 1855
37 78 3086
37 79 672
37 80 1903
37 81 3134
37 82 720
37 83 1951
37 84 3182
37 85 768
37 86 1999
37 87 3230
37 88 816
37 89 2047
37 90 3278
37 91 120
38 0 1351
38 1 610
38 2 620
38 3 705
38 4 1597
38 5 998
38 6 935
38 7 1736
38 8 617
38 9 1550
38 10 830
38 11 1399
38 12 1353
38 13 1207
38 14 1408
38 15 664
38 16 908
38 17 1736
38 18 1689
38 19 427
38 20 1020
38 21 861
38 22 1076
38 23 885
38 24 1823
38 25 909
38 26 806
38 27 1497
38 28 1532
38 29 1003
38 30 655
38 31 913
38 32 1216
38 33 1306
38 34 524
38 35 865
38 36 670
38 37 1231
38 38 0
38 39 1231
38 40 1279
38 41 48
38 42 1279
38 43 1327
38 44 96
38 45 1327
38 46 1375
38 47 144
38 48 1375
38 49 1423
38 50 192
38 51 1423
38 52 1471
38 53 240
38 54 1471
38 55 1519
38 56 288
38 57 1519
38 58 1567
38 59 336
