//alpha
1
//NbLocations
55
//NbProducts
36
//NbPickers
2
//CapaPicker
4
//TimeToTravelOneDistanceUnit
3
//SetupTime
5400
//PickTime
300
//Products
//Idx Location Size
1 1 1
2 2 1
3 3 1
4 4 1
5 5 1
6 6 1
7 7 1
8 8 1
9 9 1
10 10 1
11 11 1
12 12 1
13 13 1
14 14 1
15 15 1
16 16 1
17 17 1
18 18 1
19 19 1
20 20 1
21 21 1
22 22 1
23 23 1
24 24 1
25 25 1
26 26 1
27 27 1
28 28 1
29 29 1
30 30 1
31 31 1
32 32 1
33 33 1
34 34 1
35 35 1
36 36 1
//Orders
//NbOrders
18
//Idx DueDate TardinessPenalty NbProdInOrder ProdIdx1 Qty1 ProdIdx2 Qty2 ...
1 126000 0 1 1 1
2 108000 0 2 2 1 3 1
3 108000 0 2 4 1 5 1
4 54000 0 4 6 1 7 1 8 1 9 1
5 36000 0 2 10 1 11 1
6 108000 0 1 12 1
7 36000 0 3 13 1 14 1 15 1
8 90000 0 1 16 1
9 108000 0 1 17 1
10 108000 0 2 18 1 19 1
11 108000 0 2 20 1 21 1
12 126000 0 1 22 1
13 108000 0 3 23 1 24 1 25 1
14 108000 0 1 26 1
15 126000 0 3 27 1 28 1 29 1
16 72000 0 3 30 1 31 1 32 1
17 126000 0 1 33 1
18 126000 0 3 34 1 35 1 36 1
//Graph (Products are vertices indexed from 1 to NbProducts)
//NbVerticesIntersections
18
//DepartingDepot
0
//ArrivalDepot
55
//Arcs
//Start End Distance
0 37 120
1 10 52
1 53 141
2 3 195
2 19 130
3 2 195
3 12 13
4 31 91
4 47 50
5 12 13
5 47 37
6 50 115
6 51 336
7 36 78
7 41 37
8 21 78
8 25 26
9 28 52
9 37 50
10 1 52
10 54 258
11 20 65
11 50 349
12 3 13
12 5 13
13 25 39
13 45 219
14 28 299
14 38 50
15 18 39
15 42 37
16 52 102
16 53 349
17 24 13
17 40 193
18 15 39
18 30 91
19 2 130
19 48 63
20 11 65
20 49 37
21 8 78
21 23 26
22 43 102
22 44 349
23 21 26
23 44 63
24 17 13
24 33 65
25 8 26
25 13 39
26 32 26
26 41 154
27 35 52
27 38 154
28 9 52
28 14 299
29 31 260
29 46 50
30 18 91
30 32 104
31 4 91
31 29 260
32 26 26
32 30 104
33 24 65
33 36 65
34 35 143
34 39 102
35 27 52
35 34 143
36 7 78
36 33 65
37 9 50
37 40 48
37 55 120
38 14 50
38 27 154
38 41 48
39 34 102
39 42 48
40 17 193
40 37 48
40 43 48
41 7 37
41 26 154
41 38 48
41 44 48
42 15 37
42 39 48
42 45 48
43 22 102
43 40 48
43 46 48
44 22 349
44 23 63
44 41 48
44 47 48
45 13 219
45 42 48
45 48 48
46 29 50
46 43 48
46 49 48
47 4 50
47 5 37
47 44 48
47 50 48
48 19 63
48 45 48
48 51 48
49 20 37
49 46 48
49 52 48
50 6 115
50 11 349
50 47 48
50 53 48
51 6 336
51 48 48
51 54 48
52 16 102
52 49 48
53 1 141
53 16 349
53 50 48
54 10 258
54 51 48
//LocStart LocEnd ShortestPath
0 0 0
0 1 952
0 2 973
0 3 778
0 4 665
0 5 752
0 6 878
0 7 582
0 8 834
0 9 170
0 10 1004
0 11 414
0 12 765
0 13 899
0 14 521
0 15 1033
0 16 462
0 17 361
0 18 994
0 19 1103
0 20 349
0 21 756
0 22 318
0 23 730
0 24 374
0 25 860
0 26 773
0 27 725
0 28 222
0 29 314
0 30 903
0 31 574
0 32 799
0 33 439
0 34 920
0 35 777
0 36 504
0 37 120
0 38 571
0 39 1022
0 40 168
0 41 619
0 42 1070
0 43 216
0 44 667
0 45 1118
0 46 264
0 47 715
0 48 1166
0 49 312
0 50 763
0 51 1214
0 52 360
0 53 811
0 54 1262
0 55 0
1 0 952
1 1 0
1 2 495
1 3 300
1 4 287
1 5 274
1 6 304
1 7 370
1 8 452
1 9 782
1 10 52
1 11 538
1 12 287
1 13 517
1 14 431
1 15 539
1 16 490
1 17 591
1 18 578
1 19 469
1 20 603
1 21 374
1 22 634
1 23 348
1 24 578
1 25 478
1 26 487
1 27 535
1 28 730
1 29 638
1 30 617
1 31 378
1 32 513
1 33 513
1 34 652
1 35 587
1 36 448
1 37 832
1 38 381
1 39 550
1 40 784
1 41 333
1 42 502
1 43 736
1 44 285
1 45 454
1 46 688
1 47 237
1 48 406
1 49 640
1 50 189
1 51 358
1 52 592
1 53 141
1 54 310
1 55 952
2 0 973
2 1 495
2 2 0
2 3 195
2 4 308
2 5 221
2 6 421
2 7 391
2 8 473
2 9 803
2 10 547
2 11 655
2 12 208
2 13 460
2 14 452
2 15 326
2 16 703
2 17 612
2 18 365
2 19 130
2 20 720
2 21 395
2 22 655
2 23 369
2 24 599
2 25 499
2 26 508
2 27 556
2 28 751
2 29 659
2 30 456
2 31 399
2 32 534
2 33 534
2 34 439
2 35 582
2 36 469
2 37 853
2 38 402
2 39 337
2 40 805
2 41 354
2 42 289
2 43 757
2 44 306
2 45 241
2 46 709
2 47 258
2 48 193
2 49 757
2 50 306
2 51 241
2 52 805
2 53 354
2 54 289
2 55 973
3 0 778
3 1 300
3 2 195
3 3 0
3 4 113
3 5 26
3 6 226
3 7 196
3 8 278
3 9 608
3 10 352
3 11 460
3 12 13
3 13 343
3 14 257
3 15 521
3 16 508
3 17 417
3 18 534
3 19 325
3 20 525
3 21 200
3 22 460
3 23 174
3 24 404
3 25 304
3 26 313
3 27 361
3 28 556
3 29 464
3 30 443
3 31 204
3 32 339
3 33 339
3 34 556
3 35 413
3 36 274
3 37 658
3 38 207
3 39 532
3 40 610
3 41 159
3 42 484
3 43 562
3 44 111
3 45 436
3 46 514
3 47 63
3 48 388
3 49 562
3 50 111
3 51 436
3 52 610
3 53 159
3 54 484
3 55 778
4 0 665
4 1 287
4 2 308
4 3 113
4 4 0
4 5 87
4 6 213
4 7 183
4 8 265
4 9 595
4 10 339
4 11 447
4 12 100
4 13 330
4 14 244
4 15 560
4 16 495
4 17 404
4 18 521
4 19 438
4 20 486
4 21 187
4 22 447
4 23 161
4 24 391
4 25 291
4 26 300
4 27 348
4 28 543
4 29 351
4 30 430
4 31 91
4 32 326
4 33 326
4 34 543
4 35 400
4 36 261
4 37 545
4 38 194
4 39 645
4 40 497
4 41 146
4 42 597
4 43 449
4 44 98
4 45 549
4 46 401
4 47 50
4 48 501
4 49 449
4 50 98
4 51 549
4 52 497
4 53 146
4 54 597
4 55 665
5 0 752
5 1 274
5 2 221
5 3 26
5 4 87
5 5 0
5 6 200
5 7 170
5 8 252
5 9 582
5 10 326
5 11 434
5 12 13
5 13 317
5 14 231
5 15 547
5 16 482
5 17 391
5 18 508
5 19 351
5 20 499
5 21 174
5 22 434
5 23 148
5 24 378
5 25 278
5 26 287
5 27 335
5 28 530
5 29 438
5 30 417
5 31 178
5 32 313
5 33 313
5 34 530
5 35 387
5 36 248
5 37 632
5 38 181
5 39 558
5 40 584
5 41 133
5 42 510
5 43 536
5 44 85
5 45 462
5 46 488
5 47 37
5 48 414
5 49 536
5 50 85
5 51 462
5 52 584
5 53 133
5 54 510
5 55 752
6 0 878
6 1 304
6 2 421
6 3 226
6 4 213
6 5 200
6 6 0
6 7 296
6 8 378
6 9 708
6 10 356
6 11 464
6 12 213
6 13 443
6 14 357
6 15 517
6 16 512
6 17 517
6 18 556
6 19 447
6 20 529
6 21 300
6 22 560
6 23 274
6 24 504
6 25 404
6 26 413
6 27 461
6 28 656
6 29 564
6 30 543
6 31 304
6 32 439
6 33 439
6 34 630
6 35 513
6 36 374
6 37 758
6 38 307
6 39 528
6 40 710
6 41 259
6 42 480
6 43 662
6 44 211
6 45 432
6 46 614
6 47 163
6 48 384
6 49 566
6 50 115
6 51 336
6 52 614
6 53 163
6 54 384
6 55 878
7 0 582
7 1 370
7 2 391
7 3 196
7 4 183
7 5 170
7 6 296
7 7 0
7 8 252
7 9 486
7 10 422
7 11 530
7 12 183
7 13 317
7 14 135
7 15 451
7 16 578
7 17 221
7 18 412
7 19 521
7 20 595
7 21 174
7 22 434
7 23 148
7 24 208
7 25 278
7 26 191
7 27 239
7 28 434
7 29 534
7 30 321
7 31 274
7 32 217
7 33 143
7 34 434
7 35 291
7 36 78
7 37 462
7 38 85
7 39 536
7 40 414
7 41 37
7 42 488
7 43 462
7 44 85
7 45 536
7 46 510
7 47 133
7 48 584
7 49 558
7 50 181
7 51 632
7 52 606
7 53 229
7 54 680
7 55 582
8 0 834
8 1 452
8 2 473
8 3 278
8 4 265
8 5 252
8 6 378
8 7 252
8 8 0
8 9 664
8 10 504
8 11 612
8 12 265
8 13 65
8 14 313
8 15 369
8 16 660
8 17 473
8 18 408
8 19 395
8 20 677
8 21 78
8 22 516
8 23 104
8 24 460
8 25 26
8 26 369
8 27 417
8 28 612
8 29 616
8 30 499
8 31 356
8 32 395
8 33 395
8 34 482
8 35 469
8 36 330
8 37 714
8 38 263
8 39 380
8 40 666
8 41 215
8 42 332
8 43 618
8 44 167
8 45 284
8 46 666
8 47 215
8 48 332
8 49 714
8 50 263
8 51 380
8 52 762
8 53 311
8 54 428
8 55 834
9 0 170
9 1 782
9 2 803
9 3 608
9 4 595
9 5 582
9 6 708
9 7 486
9 8 664
9 9 0
9 10 834
9 11 344
9 12 595
9 13 729
9 14 351
9 15 863
9 16 392
9 17 291
9 18 824
9 19 933
9 20 279
9 21 586
9 22 248
9 23 560
9 24 304
9 25 690
9 26 603
9 27 555
9 28 52
9 29 244
9 30 733
9 31 504
9 32 629
9 33 369
9 34 750
9 35 607
9 36 434
9 37 50
9 38 401
9 39 852
9 40 98
9 41 449
9 42 900
9 43 146
9 44 497
9 45 948
9 46 194
9 47 545
9 48 996
9 49 242
9 50 593
9 51 1044
9 52 290
9 53 641
9 54 1092
9 55 170
10 0 1004
10 1 52
10 2 547
10 3 352
10 4 339
10 5 326
10 6 356
10 7 422
10 8 504
10 9 834
10 10 0
10 11 590
10 12 339
10 13 569
10 14 483
10 15 487
10 16 542
10 17 643
10 18 526
10 19 417
10 20 655
10 21 426
10 22 686
10 23 400
10 24 630
10 25 530
10 26 539
10 27 587
10 28 782
10 29 690
10 30 617
10 31 430
10 32 565
10 33 565
10 34 600
10 35 639
10 36 500
10 37 884
10 38 433
10 39 498
10 40 836
10 41 385
10 42 450
10 43 788
10 44 337
10 45 402
10 46 740
10 47 289
10 48 354
10 49 692
10 50 241
10 51 306
10 52 644
10 53 193
10 54 258
10 55 1004
11 0 414
11 1 538
11 2 655
11 3 460
11 4 447
11 5 434
11 6 464
11 7 530
11 8 612
11 9 344
11 10 590
11 11 0
11 12 447
11 13 677
11 14 591
11 15 907
11 16 252
11 17 439
11 18 868
11 19 785
11 20 65
11 21 534
11 22 300
11 23 508
11 24 452
11 25 638
11 26 647
11 27 695
11 28 396
11 29 200
11 30 777
11 31 460
11 32 673
11 33 517
11 34 890
11 35 747
11 36 582
11 37 294
11 38 541
11 39 992
11 40 246
11 41 493
11 42 944
11 43 198
11 44 445
11 45 896
11 46 150
11 47 397
11 48 848
11 49 102
11 50 349
11 51 800
11 52 150
11 53 397
11 54 848
11 55 414
12 0 765
12 1 287
12 2 208
12 3 13
12 4 100
12 5 13
12 6 213
12 7 183
12 8 265
12 9 595
12 10 339
12 11 447
12 12 0
12 13 330
12 14 244
12 15 534
12 16 495
12 17 404
12 18 521
12 19 338
12 20 512
12 21 187
12 22 447
12 23 161
12 24 391
12 25 291
12 26 300
12 27 348
12 28 543
12 29 451
12 30 430
12 31 191
12 32 326
12 33 326
12 34 543
12 35 400
12 36 261
12 37 645
12 38 194
12 39 545
12 40 597
12 41 146
12 42 497
12 43 549
12 44 98
12 45 449
12 46 501
12 47 50
12 48 401
12 49 549
12 50 98
12 51 449
12 52 597
12 53 146
12 54 497
12 55 765
13 0 899
13 1 517
13 2 460
13 3 343
13 4 330
13 5 317
13 6 443
13 7 317
13 8 65
13 9 729
13 10 569
13 11 677
13 12 330
13 13 0
13 14 378
13 15 304
13 16 725
13 17 538
13 18 343
13 19 330
13 20 742
13 21 143
13 22 581
13 23 169
13 24 525
13 25 39
13 26 434
13 27 482
13 28 677
13 29 681
13 30 434
13 31 421
13 32 460
13 33 460
13 34 417
13 35 534
13 36 395
13 37 779
13 38 328
13 39 315
13 40 731
13 41 280
13 42 267
13 43 683
13 44 232
13 45 219
13 46 731
13 47 280
13 48 267
13 49 779
13 50 328
13 51 315
13 52 827
13 53 376
13 54 363
13 55 899
14 0 521
14 1 431
14 2 452
14 3 257
14 4 244
14 5 231
14 6 357
14 7 135
14 8 313
14 9 351
14 10 483
14 11 591
14 12 244
14 13 378
14 14 0
14 15 512
14 16 639
14 17 356
14 18 473
14 19 582
14 20 630
14 21 235
14 22 495
14 23 209
14 24 343
14 25 339
14 26 252
14 27 204
14 28 299
14 29 595
14 30 382
14 31 335
14 32 278
14 33 278
14 34 399
14 35 256
14 36 213
14 37 401
14 38 50
14 39 501
14 40 449
14 41 98
14 42 549
14 43 497
14 44 146
14 45 597
14 46 545
14 47 194
14 48 645
14 49 593
14 50 242
14 51 693
14 52 641
14 53 290
14 54 741
14 55 521
15 0 1033
15 1 539
15 2 326
15 3 521
15 4 560
15 5 547
15 6 517
15 7 451
15 8 369
15 9 863
15 10 487
15 11 907
15 12 534
15 13 304
15 14 512
15 15 0
15 16 955
15 17 672
15 18 39
15 19 196
15 20 972
15 21 447
15 22 811
15 23 473
15 24 659
15 25 343
15 26 260
15 27 382
15 28 811
15 29 911
15 30 130
15 31 651
15 32 234
15 33 594
15 34 187
15 35 330
15 36 529
15 37 913
15 38 462
15 39 85
15 40 865
15 41 414
15 42 37
15 43 913
15 44 462
15 45 85
15 46 961
15 47 510
15 48 133
15 49 1009
15 50 558
15 51 181
15 52 1057
15 53 606
15 54 229
15 55 1033
16 0 462
16 1 490
16 2 703
16 3 508
16 4 495
16 5 482
16 6 512
16 7 578
16 8 660
16 9 392
16 10 542
16 11 252
16 12 495
16 13 725
16 14 639
16 15 955
16 16 0
16 17 487
16 18 916
16 19 833
16 20 187
16 21 582
16 22 348
16 23 556
16 24 500
16 25 686
16 26 695
16 27 743
16 28 444
16 29 248
16 30 825
16 31 508
16 32 721
16 33 565
16 34 938
16 35 795
16 36 630
16 37 342
16 38 589
16 39 1040
16 40 294
16 41 541
16 42 992
16 43 246
16 44 493
16 45 944
16 46 198
16 47 445
16 48 896
16 49 150
16 50 397
16 51 848
16 52 102
16 53 349
16 54 800
16 55 462
17 0 361
17 1 591
17 2 612
17 3 417
17 4 404
17 5 391
17 6 517
17 7 221
17 8 473
17 9 291
17 10 643
17 11 439
17 12 404
17 13 538
17 14 356
17 15 672
17 16 487
17 17 0
17 18 633
17 19 742
17 20 374
17 21 395
17 22 343
17 23 369
17 24 13
17 25 499
17 26 412
17 27 460
17 28 343
17 29 339
17 30 542
17 31 495
17 32 438
17 33 78
17 34 655
17 35 512
17 36 143
17 37 241
17 38 306
17 39 757
17 40 193
17 41 258
17 42 709
17 43 241
17 44 306
17 45 757
17 46 289
17 47 354
17 48 805
17 49 337
17 50 402
17 51 853
17 52 385
17 53 450
17 54 901
17 55 361
18 0 994
18 1 578
18 2 365
18 3 534
18 4 521
18 5 508
18 6 556
18 7 412
18 8 408
18 9 824
18 10 526
18 11 868
18 12 521
18 13 343
18 14 473
18 15 39
18 16 916
18 17 633
18 18 0
18 19 235
18 20 933
18 21 486
18 22 772
18 23 486
18 24 620
18 25 382
18 26 221
18 27 421
18 28 772
18 29 872
18 30 91
18 31 612
18 32 195
18 33 555
18 34 226
18 35 369
18 36 490
18 37 874
18 38 423
18 39 124
18 40 826
18 41 375
18 42 76
18 43 874
18 44 423
18 45 124
18 46 922
18 47 471
18 48 172
18 49 970
18 50 519
18 51 220
18 52 1018
18 53 567
18 54 268
18 55 994
19 0 1103
19 1 469
19 2 130
19 3 325
19 4 438
19 5 351
19 6 447
19 7 521
19 8 395
19 9 933
19 10 417
19 11 785
19 12 338
19 13 330
19 14 582
19 15 196
19 16 833
19 17 742
19 18 235
19 19 0
19 20 850
19 21 473
19 22 785
19 23 499
19 24 729
19 25 369
19 26 456
19 27 504
19 28 881
19 29 789
19 30 326
19 31 529
19 32 430
19 33 664
19 34 309
19 35 452
19 36 599
19 37 983
19 38 532
19 39 207
19 40 935
19 41 484
19 42 159
19 43 887
19 44 436
19 45 111
19 46 839
19 47 388
19 48 63
19 49 887
19 50 436
19 51 111
19 52 935
19 53 484
19 54 159
19 55 1103
20 0 349
20 1 603
20 2 720
20 3 525
20 4 486
20 5 499
20 6 529
20 7 595
20 8 677
20 9 279
20 10 655
20 11 65
20 12 512
20 13 742
20 14 630
20 15 972
20 16 187
20 17 374
20 18 933
20 19 850
20 20 0
20 21 599
20 22 235
20 23 573
20 24 387
20 25 703
20 26 712
20 27 760
20 28 331
20 29 135
20 30 842
20 31 395
20 32 738
20 33 452
20 34 955
20 35 812
20 36 517
20 37 229
20 38 606
20 39 1057
20 40 181
20 41 558
20 42 1009
20 43 133
20 44 510
20 45 961
20 46 85
20 47 462
20 48 913
20 49 37
20 50 414
20 51 865
20 52 85
20 53 462
20 54 913
20 55 349
21 0 756
21 1 374
21 2 395
21 3 200
21 4 187
21 5 174
21 6 300
21 7 174
21 8 78
21 9 586
21 10 426
21 11 534
21 12 187
21 13 143
21 14 235
21 15 447
21 16 582
21 17 395
21 18 486
21 19 473
21 20 599
21 21 0
21 22 438
21 23 26
21 24 382
21 25 104
21 26 291
21 27 339
21 28 534
21 29 538
21 30 421
21 31 278
21 32 317
21 33 317
21 34 534
21 35 391
21 36 252
21 37 636
21 38 185
21 39 458
21 40 588
21 41 137
21 42 410
21 43 540
21 44 89
21 45 362
21 46 588
21 47 137
21 48 410
21 49 636
21 50 185
21 51 458
21 52 684
21 53 233
21 54 506
21 55 756
22 0 318
22 1 634
22 2 655
22 3 460
22 4 447
22 5 434
22 6 560
22 7 434
22 8 516
22 9 248
22 10 686
22 11 300
22 12 447
22 13 581
22 14 495
22 15 811
22 16 348
22 17 343
22 18 772
22 19 785
22 20 235
22 21 438
22 22 0
22 23 412
22 24 356
22 25 542
22 26 551
22 27 599
22 28 300
22 29 200
22 30 681
22 31 460
22 32 577
22 33 421
22 34 794
22 35 651
22 36 486
22 37 198
22 38 445
22 39 896
22 40 150
22 41 397
22 42 848
22 43 102
22 44 349
22 45 800
22 46 150
22 47 397
22 48 848
22 49 198
22 50 445
22 51 896
22 52 246
22 53 493
22 54 944
22 55 318
23 0 730
23 1 348
23 2 369
23 3 174
23 4 161
23 5 148
23 6 274
23 7 148
23 8 104
23 9 560
23 10 400
23 11 508
23 12 161
23 13 169
23 14 209
23 15 473
23 16 556
23 17 369
23 18 486
23 19 499
23 20 573
23 21 26
23 22 412
23 23 0
23 24 356
23 25 130
23 26 265
23 27 313
23 28 508
23 29 512
23 30 395
23 31 252
23 32 291
23 33 291
23 34 508
23 35 365
23 36 226
23 37 610
23 38 159
23 39 484
23 40 562
23 41 111
23 42 436
23 43 514
23 44 63
23 45 388
23 46 562
23 47 111
23 48 436
23 49 610
23 50 159
23 51 484
23 52 658
23 53 207
23 54 532
23 55 730
24 0 374
24 1 578
24 2 599
24 3 404
24 4 391
24 5 378
24 6 504
24 7 208
24 8 460
24 9 304
24 10 630
24 11 452
24 12 391
24 13 525
24 14 343
24 15 659
24 16 500
24 17 13
24 18 620
24 19 729
24 20 387
24 21 382
24 22 356
24 23 356
24 24 0
24 25 486
24 26 399
24 27 447
24 28 356
24 29 352
24 30 529
24 31 482
24 32 425
24 33 65
24 34 642
24 35 499
24 36 130
24 37 254
24 38 293
24 39 744
24 40 206
24 41 245
24 42 696
24 43 254
24 44 293
24 45 744
24 46 302
24 47 341
24 48 792
24 49 350
24 50 389
24 51 840
24 52 398
24 53 437
24 54 888
24 55 374
25 0 860
25 1 478
25 2 499
25 3 304
25 4 291
25 5 278
25 6 404
25 7 278
25 8 26
25 9 690
25 10 530
25 11 638
25 12 291
25 13 39
25 14 339
25 15 343
25 16 686
25 17 499
25 18 382
25 19 369
25 20 703
25 21 104
25 22 542
25 23 130
25 24 486
25 25 0
25 26 395
25 27 443
25 28 638
25 29 642
25 30 473
25 31 382
25 32 421
25 33 421
25 34 456
25 35 495
25 36 356
25 37 740
25 38 289
25 39 354
25 40 692
25 41 241
25 42 306
25 43 644
25 44 193
25 45 258
25 46 692
25 47 241
25 48 306
25 49 740
25 50 289
25 51 354
25 52 788
25 53 337
25 54 402
25 55 860
26 0 773
26 1 487
26 2 508
26 3 313
26 4 300
26 5 287
26 6 413
26 7 191
26 8 369
26 9 603
26 10 539
26 11 647
26 12 300
26 13 434
26 14 252
26 15 260
26 16 695
26 17 412
26 18 221
26 19 456
26 20 712
26 21 291
26 22 551
26 23 265
26 24 399
26 25 395
26 26 0
26 27 356
26 28 551
26 29 651
26 30 130
26 31 391
26 32 26
26 33 334
26 34 447
26 35 408
26 36 269
26 37 653
26 38 202
26 39 345
26 40 605
26 41 154
26 42 297
26 43 653
26 44 202
26 45 345
26 46 701
26 47 250
26 48 393
26 49 749
26 50 298
26 51 441
26 52 797
26 53 346
26 54 489
26 55 773
27 0 725
27 1 535
27 2 556
27 3 361
27 4 348
27 5 335
27 6 461
27 7 239
27 8 417
27 9 555
27 10 587
27 11 695
27 12 348
27 13 482
27 14 204
27 15 382
27 16 743
27 17 460
27 18 421
27 19 504
27 20 760
27 21 339
27 22 599
27 23 313
27 24 447
27 25 443
27 26 356
27 27 0
27 28 503
27 29 699
27 30 486
27 31 439
27 32 382
27 33 382
27 34 195
27 35 52
27 36 317
27 37 605
27 38 154
27 39 297
27 40 653
27 41 202
27 42 345
27 43 701
27 44 250
27 45 393
27 46 749
27 47 298
27 48 441
27 49 797
27 50 346
27 51 489
27 52 845
27 53 394
27 54 537
27 55 725
28 0 222
28 1 730
28 2 751
28 3 556
28 4 543
28 5 530
28 6 656
28 7 434
28 8 612
28 9 52
28 10 782
28 11 396
28 12 543
28 13 677
28 14 299
28 15 811
28 16 444
28 17 343
28 18 772
28 19 881
28 20 331
28 21 534
28 22 300
28 23 508
28 24 356
28 25 638
28 26 551
28 27 503
28 28 0
28 29 296
28 30 681
28 31 556
28 32 577
28 33 421
28 34 698
28 35 555
28 36 486
28 37 102
28 38 349
28 39 800
28 40 150
28 41 397
28 42 848
28 43 198
28 44 445
28 45 896
28 46 246
28 47 493
28 48 944
28 49 294
28 50 541
28 51 992
28 52 342
28 53 589
28 54 1040
28 55 222
29 0 314
29 1 638
29 2 659
29 3 464
29 4 351
29 5 438
29 6 564
29 7 534
29 8 616
29 9 244
29 10 690
29 11 200
29 12 451
29 13 681
29 14 595
29 15 911
29 16 248
29 17 339
29 18 872
29 19 789
29 20 135
29 21 538
29 22 200
29 23 512
29 24 352
29 25 642
29 26 651
29 27 699
29 28 296
29 29 0
29 30 781
29 31 260
29 32 677
29 33 417
29 34 894
29 35 751
29 36 482
29 37 194
29 38 545
29 39 996
29 40 146
29 41 497
29 42 948
29 43 98
29 44 449
29 45 900
29 46 50
29 47 401
29 48 852
29 49 98
29 50 449
29 51 900
29 52 146
29 53 497
29 54 948
29 55 314
30 0 903
30 1 617
30 2 456
30 3 443
30 4 430
30 5 417
30 6 543
30 7 321
30 8 499
30 9 733
30 10 617
30 11 777
30 12 430
30 13 434
30 14 382
30 15 130
30 16 825
30 17 542
30 18 91
30 19 326
30 20 842
30 21 421
30 22 681
30 23 395
30 24 529
30 25 473
30 26 130
30 27 486
30 28 681
30 29 781
30 30 0
30 31 521
30 32 104
30 33 464
30 34 317
30 35 460
30 36 399
30 37 783
30 38 332
30 39 215
30 40 735
30 41 284
30 42 167
30 43 783
30 44 332
30 45 215
30 46 831
30 47 380
30 48 263
30 49 879
30 50 428
30 51 311
30 52 927
30 53 476
30 54 359
30 55 903
31 0 574
31 1 378
31 2 399
31 3 204
31 4 91
31 5 178
31 6 304
31 7 274
31 8 356
31 9 504
31 10 430
31 11 460
31 12 191
31 13 421
31 14 335
31 15 651
31 16 508
31 17 495
31 18 612
31 19 529
31 20 395
31 21 278
31 22 460
31 23 252
31 24 482
31 25 382
31 26 391
31 27 439
31 28 556
31 29 260
31 30 521
31 31 0
31 32 417
31 33 417
31 34 634
31 35 491
31 36 352
31 37 454
31 38 285
31 39 736
31 40 406
31 41 237
31 42 688
31 43 358
31 44 189
31 45 640
31 46 310
31 47 141
31 48 592
31 49 358
31 50 189
31 51 640
31 52 406
31 53 237
31 54 688
31 55 574
32 0 799
32 1 513
32 2 534
32 3 339
32 4 326
32 5 313
32 6 439
32 7 217
32 8 395
32 9 629
32 10 565
32 11 673
32 12 326
32 13 460
32 14 278
32 15 234
32 16 721
32 17 438
32 18 195
32 19 430
32 20 738
32 21 317
32 22 577
32 23 291
32 24 425
32 25 421
32 26 26
32 27 382
32 28 577
32 29 677
32 30 104
32 31 417
32 32 0
32 33 360
32 34 421
32 35 434
32 36 295
32 37 679
32 38 228
32 39 319
32 40 631
32 41 180
32 42 271
32 43 679
32 44 228
32 45 319
32 46 727
32 47 276
32 48 367
32 49 775
32 50 324
32 51 415
32 52 823
32 53 372
32 54 463
32 55 799
33 0 439
33 1 513
33 2 534
33 3 339
33 4 326
33 5 313
33 6 439
33 7 143
33 8 395
33 9 369
33 10 565
33 11 517
33 12 326
33 13 460
33 14 278
33 15 594
33 16 565
33 17 78
33 18 555
33 19 664
33 20 452
33 21 317
33 22 421
33 23 291
33 24 65
33 25 421
33 26 334
33 27 382
33 28 421
33 29 417
33 30 464
33 31 417
33 32 360
33 33 0
33 34 577
33 35 434
33 36 65
33 37 319
33 38 228
33 39 679
33 40 271
33 41 180
33 42 631
33 43 319
33 44 228
33 45 679
33 46 367
33 47 276
33 48 727
33 49 415
33 50 324
33 51 775
33 52 463
33 53 372
33 54 823
33 55 439
34 0 920
34 1 652
34 2 439
34 3 556
34 4 543
34 5 530
34 6 630
34 7 434
34 8 482
34 9 750
34 10 600
34 11 890
34 12 543
34 13 417
34 14 399
34 15 187
34 16 938
34 17 655
34 18 226
34 19 309
34 20 955
34 21 534
34 22 794
34 23 508
34 24 642
34 25 456
34 26 447
34 27 195
34 28 698
34 29 894
34 30 317
34 31 634
34 32 421
34 33 577
34 34 0
34 35 143
34 36 512
34 37 800
34 38 349
34 39 102
34 40 848
34 41 397
34 42 150
34 43 896
34 44 445
34 45 198
34 46 944
34 47 493
34 48 246
34 49 992
34 50 541
34 51 294
34 52 1040
34 53 589
34 54 342
34 55 920
35 0 777
35 1 587
35 2 582
35 3 413
35 4 400
35 5 387
35 6 513
35 7 291
35 8 469
35 9 607
35 10 639
35 11 747
35 12 400
35 13 534
35 14 256
35 15 330
35 16 795
35 17 512
35 18 369
35 19 452
35 20 812
35 21 391
35 22 651
35 23 365
35 24 499
35 25 495
35 26 408
35 27 52
35 28 555
35 29 751
35 30 460
35 31 491
35 32 434
35 33 434
35 34 143
35 35 0
35 36 369
35 37 657
35 38 206
35 39 245
35 40 705
35 41 254
35 42 293
35 43 753
35 44 302
35 45 341
35 46 801
35 47 350
35 48 389
35 49 849
35 50 398
35 51 437
35 52 897
35 53 446
35 54 485
35 55 777
36 0 504
36 1 448
36 2 469
36 3 274
36 4 261
36 5 248
36 6 374
36 7 78
36 8 330
36 9 434
36 10 500
36 11 582
36 12 261
36 13 395
36 14 213
36 15 529
36 16 630
36 17 143
36 18 490
36 19 599
36 20 517
36 21 252
36 22 486
36 23 226
36 24 130
36 25 356
36 26 269
36 27 317
36 28 486
36 29 482
36 30 399
36 31 352
36 32 295
36 33 65
36 34 512
36 35 369
36 36 0
36 37 384
36 38 163
36 39 614
36 40 336
36 41 115
36 42 566
36 43 384
36 44 163
36 45 614
36 46 432
36 47 211
36 48 662
36 49 480
36 50 259
36 51 710
36 52 528
36 53 307
36 54 758
36 55 504
37 0 120
37 1 832
37 2 853
37 3 658
37 4 545
37 5 632
37 6 758
37 7 462
37 8 714
37 9 50
37 10 884
37 11 294
37 12 645
37 13 779
37 14 401
37 15 913
37 16 342
37 17 241
37 18 874
37 19 983
37 20 229
37 21 636
37 22 198
37 23 610
37 24 254
37 25 740
37 26 653
37 27 605
37 28 102
37 29 194
37 30 783
37 31 454
37 32 679
37 33 319
37 34 800
37 35 657
37 36 384
37 37 0
37 38 451
37 39 902
37 40 48
37 41 499
37 42 950
37 43 96
37 44 547
37 45 998
37 46 144
37 47 595
37 48 1046
37 49 192
37 50 643
37 51 1094
37 52 240
37 53 691
37 54 1142
37 55 120
38 0 571
38 1 381
38 2 402
38 3 207
38 4 194
38 5 181
38 6 307
38 7 85
38 8 263
38 9 401
38 10 433
38 11 541
38 12 194
38 13 328
38 14 50
38 15 462
38 16 589
38 17 306
38 18 423
38 19 532
38 20 606
38 21 185
38 22 445
38 23 159
38 24 293
38 25 289
38 26 202
38 27 154
38 28 349
38 29 545
38 30 332
38 31 285
38 32 228
38 33 228
38 34 349
38 35 206
38 36 163
38 37 451
38 38 0
38 39 451
38 40 499
38 41 48
38 42 499
38 43 547
38 44 96
38 45 547
38 46 595
38 47 144
38 48 595
38 49 643
38 50 192
38 51 643
38 52 691
38 53 240
38 54 691
38 55 571
39 0 1022
39 1 550
39 2 337
39 3 532
39 4 645
39 5 558
39 6 528
39 7 536
39 8 380
39 9 852
39 10 498
39 11 992
39 12 545
39 13 315
39 14 501
39 15 85
39 16 1040
39 17 757
39 18 124
39 19 207
39 20 1057
39 21 458
39 22 896
39 23 484
39 24 744
39 25 354
39 26 345
39 27 297
39 28 800
39 29 996
39 30 215
39 31 736
39 32 319
39 33 679
39 34 102
39 35 245
39 36 614
39 37 902
39 38 451
39 39 0
39 40 950
39 41 499
39 42 48
39 43 998
39 44 547
39 45 96
39 46 1046
39 47 595
39 48 144
39 49 1094
39 50 643
39 51 192
39 52 1142
39 53 691
39 54 240
39 55 1022
40 0 168
40 1 784
40 2 805
40 3 610
40 4 497
40 5 584
40 6 710
40 7 414
40 8 666
40 9 98
40 10 836
40 11 246
40 12 597
40 13 731
40 14 449
40 15 865
40 16 294
40 17 193
40 18 826
40 19 935
40 20 181
40 21 588
40 22 150
40 23 562
40 24 206
40 25 692
40 26 605
40 27 653
40 28 150
40 29 146
40 30 735
40 31 406
40 32 631
40 33 271
40 34 848
40 35 705
40 36 336
40 37 48
40 38 499
40 39 950
40 40 0
40 41 451
40 42 902
40 43 48
40 44 499
40 45 950
40 46 96
40 47 547
40 48 998
40 49 144
40 50 595
40 51 1046
40 52 192
40 53 643
40 54 1094
40 55 168
41 0 619
41 1 333
41 2 354
41 3 159
41 4 146
41 5 133
41 6 259
41 7 37
41 8 215
41 9 449
41 10 385
41 11 493
41 12 146
41 13 280
41 14 98
41 15 414
41 16 541
41 17 258
41 18 375
41 19 484
41 20 558
41 21 137
41 22 397
41 23 111
41 24 245
41 25 241
41 26 154
41 27 202
41 28 397
41 29 497
41 30 284
41 31 237
41 32 180
41 33 180
41 34 397
41 35 254
41 36 115
41 37 499
41 38 48
41 39 499
41 40 451
41 41 0
41 42 451
41 43 499
41 44 48
41 45 499
41 46 547
41 47 96
41 48 547
41 49 595
41 50 144
41 51 595
41 52 643
41 53 192
41 54 643
41 55 619
42 0 1070
42 1 502
42 2 289
42 3 484
42 4 597
42 5 510
42 6 480
42 7 488
42 8 332
42 9 900
42 10 450
42 11 944
42 12 497
42 13 267
42 14 549
42 15 37
42 16 992
42 17 709
42 18 76
42 19 159
42 20 1009
42 21 410
42 22 848
42 23 436
42 24 696
42 25 306
42 26 297
42 27 345
42 28 848
42 29 948
42 30 167
42 31 688
42 32 271
42 33 631
42 34 150
42 35 293
42 36 566
42 37 950
42 38 499
42 39 48
42 40 902
42 41 451
42 42 0
42 43 950
42 44 499
42 45 48
42 46 998
42 47 547
42 48 96
42 49 1046
42 50 595
42 51 144
42 52 1094
42 53 643
42 54 192
42 55 1070
43 0 216
43 1 736
43 2 757
43 3 562
43 4 449
43 5 536
43 6 662
43 7 462
43 8 618
43 9 146
43 10 788
43 11 198
43 12 549
43 13 683
43 14 497
43 15 913
43 16 246
43 17 241
43 18 874
43 19 887
43 20 133
43 21 540
43 22 102
43 23 514
43 24 254
43 25 644
43 26 653
43 27 701
43 28 198
43 29 98
43 30 783
43 31 358
43 32 679
43 33 319
43 34 896
43 35 753
43 36 384
43 37 96
43 38 547
43 39 998
43 40 48
43 41 499
43 42 950
43 43 0
43 44 451
43 45 902
43 46 48
43 47 499
43 48 950
43 49 96
43 50 547
43 51 998
43 52 144
43 53 595
43 54 1046
43 55 216
44 0 667
44 1 285
44 2 306
44 3 111
44 4 98
44 5 85
44 6 211
44 7 85
44 8 167
44 9 497
44 10 337
44 11 445
44 12 98
44 13 232
44 14 146
44 15 462
44 16 493
44 17 306
44 18 423
44 19 436
44 20 510
44 21 89
44 22 349
44 23 63
44 24 293
44 25 193
44 26 202
44 27 250
44 28 445
44 29 449
44 30 332
44 31 189
44 32 228
44 33 228
44 34 445
44 35 302
44 36 163
44 37 547
44 38 96
44 39 547
44 40 499
44 41 48
44 42 499
44 43 451
44 44 0
44 45 451
44 46 499
44 47 48
44 48 499
44 49 547
44 50 96
44 51 547
44 52 595
44 53 144
44 54 595
44 55 667
45 0 1118
45 1 454
45 2 241
45 3 436
45 4 549
45 5 462
45 6 432
45 7 536
45 8 284
45 9 948
45 10 402
45 11 896
45 12 449
45 13 219
45 14 597
45 15 85
45 16 944
45 17 757
45 18 124
45 19 111
45 20 961
45 21 362
45 22 800
45 23 388
45 24 744
45 25 258
45 26 345
45 27 393
45 28 896
45 29 900
45 30 215
45 31 640
45 32 319
45 33 679
45 34 198
45 35 341
45 36 614
45 37 998
45 38 547
45 39 96
45 40 950
45 41 499
45 42 48
45 43 902
45 44 451
45 45 0
45 46 950
45 47 499
45 48 48
45 49 998
45 50 547
45 51 96
45 52 1046
45 53 595
45 54 144
45 55 1118
46 0 264
46 1 688
46 2 709
46 3 514
46 4 401
46 5 488
46 6 614
46 7 510
46 8 666
46 9 194
46 10 740
46 11 150
46 12 501
46 13 731
46 14 545
46 15 961
46 16 198
46 17 289
46 18 922
46 19 839
46 20 85
46 21 588
46 22 150
46 23 562
46 24 302
46 25 692
46 26 701
46 27 749
46 28 246
46 29 50
46 30 831
46 31 310
46 32 727
46 33 367
46 34 944
46 35 801
46 36 432
46 37 144
46 38 595
46 39 1046
46 40 96
46 41 547
46 42 998
46 43 48
46 44 499
46 45 950
46 46 0
46 47 451
46 48 902
46 49 48
46 50 499
46 51 950
46 52 96
46 53 547
46 54 998
46 55 264
47 0 715
47 1 237
47 2 258
47 3 63
47 4 50
47 5 37
47 6 163
47 7 133
47 8 215
47 9 545
47 10 289
47 11 397
47 12 50
47 13 280
47 14 194
47 15 510
47 16 445
47 17 354
47 18 471
47 19 388
47 20 462
47 21 137
47 22 397
47 23 111
47 24 341
47 25 241
47 26 250
47 27 298
47 28 493
47 29 401
47 30 380
47 31 141
47 32 276
47 33 276
47 34 493
47 35 350
47 36 211
47 37 595
47 38 144
47 39 595
47 40 547
47 41 96
47 42 547
47 43 499
47 44 48
47 45 499
47 46 451
47 47 0
47 48 451
47 49 499
47 50 48
47 51 499
47 52 547
47 53 96
47 54 547
47 55 715
48 0 1166
48 1 406
48 2 193
48 3 388
48 4 501
48 5 414
48 6 384
48 7 584
48 8 332
48 9 996
48 10 354
48 11 848
48 12 401
48 13 267
48 14 645
48 15 133
48 16 896
48 17 805
48 18 172
48 19 63
48 20 913
48 21 410
48 22 848
48 23 436
48 24 792
48 25 306
48 26 393
48 27 441
48 28 944
48 29 852
48 30 263
48 31 592
48 32 367
48 33 727
48 34 246
48 35 389
48 36 662
48 37 1046
48 38 595
48 39 144
48 40 998
48 41 547
48 42 96
48 43 950
48 44 499
48 45 48
48 46 902
48 47 451
48 48 0
48 49 950
48 50 499
48 51 48
48 52 998
48 53 547
48 54 96
48 55 1166
49 0 312
49 1 640
49 2 757
49 3 562
49 4 449
49 5 536
49 6 566
49 7 558
49 8 714
49 9 242
49 10 692
49 11 102
49 12 549
49 13 779
49 14 593
49 15 1009
49 16 150
49 17 337
49 18 970
49 19 887
49 20 37
49 21 636
49 22 198
49 23 610
49 24 350
49 25 740
49 26 749
49 27 797
49 28 294
49 29 98
49 30 879
49 31 358
49 32 775
49 33 415
49 34 992
49 35 849
49 36 480
49 37 192
49 38 643
49 39 1094
49 40 144
49 41 595
49 42 1046
49 43 96
49 44 547
49 45 998
49 46 48
49 47 499
49 48 950
49 49 0
49 50 451
49 51 902
49 52 48
49 53 499
49 54 950
49 55 312
50 0 763
50 1 189
50 2 306
50 3 111
50 4 98
50 5 85
50 6 115
50 7 181
50 8 263
50 9 593
50 10 241
50 11 349
50 12 98
50 13 328
50 14 242
50 15 558
50 16 397
50 17 402
50 18 519
50 19 436
50 20 414
50 21 185
50 22 445
50 23 159
50 24 389
50 25 289
50 26 298
50 27 346
50 28 541
50 29 449
50 30 428
50 31 189
50 32 324
50 33 324
50 34 541
50 35 398
50 36 259
50 37 643
50 38 192
50 39 643
50 40 595
50 41 144
50 42 595
50 43 547
50 44 96
50 45 547
50 46 499
50 47 48
50 48 499
50 49 451
50 50 0
50 51 451
50 52 499
50 53 48
50 54 499
50 55 763
51 0 1214
51 1 358
51 2 241
51 3 436
51 4 549
51 5 462
51 6 336
51 7 632
51 8 380
51 9 1044
51 10 306
51 11 800
51 12 449
51 13 315
51 14 693
51 15 181
51 16 848
51 17 853
51 18 220
51 19 111
51 20 865
51 21 458
51 22 896
51 23 484
51 24 840
51 25 354
51 26 441
51 27 489
51 28 992
51 29 900
51 30 311
51 31 640
51 32 415
51 33 775
51 34 294
51 35 437
51 36 710
51 37 1094
51 38 643
51 39 192
51 40 1046
51 41 595
51 42 144
51 43 998
51 44 547
51 45 96
51 46 950
51 47 499
51 48 48
51 49 902
51 50 451
51 51 0
51 52 950
51 53 499
51 54 48
51 55 1214
52 0 360
52 1 592
52 2 805
52 3 610
52 4 497
52 5 584
52 6 614
52 7 606
52 8 762
52 9 290
52 10 644
52 11 150
52 12 597
52 13 827
52 14 641
52 15 1057
52 16 102
52 17 385
52 18 1018
52 19 935
52 20 85
52 21 684
52 22 246
52 23 658
52 24 398
52 25 788
52 26 797
52 27 845
52 28 342
52 29 146
52 30 927
52 31 406
52 32 823
52 33 463
52 34 1040
52 35 897
52 36 528
52 37 240
52 38 691
52 39 1142
52 40 192
52 41 643
52 42 1094
52 43 144
52 44 595
52 45 1046
52 46 96
52 47 547
52 48 998
52 49 48
52 50 499
52 51 950
52 52 0
52 53 451
52 54 902
52 55 360
53 0 811
53 1 141
53 2 354
53 3 159
53 4 146
53 5 133
53 6 163
53 7 229
53 8 311
53 9 641
53 10 193
53 11 397
53 12 146
53 13 376
53 14 290
53 15 606
53 16 349
53 17 450
53 18 567
53 19 484
53 20 462
53 21 233
53 22 493
53 23 207
53 24 437
53 25 337
53 26 346
53 27 394
53 28 589
53 29 497
53 30 476
53 31 237
53 32 372
53 33 372
53 34 589
53 35 446
53 36 307
53 37 691
53 38 240
53 39 691
53 40 643
53 41 192
53 42 643
53 43 595
53 44 144
53 45 595
53 46 547
53 47 96
53 48 547
53 49 499
53 50 48
53 51 499
53 52 451
53 53 0
53 54 451
53 55 811
54 0 1262
54 1 310
54 2 289
54 3 484
54 4 597
54 5 510
54 6 384
54 7 680
54 8 428
54 9 1092
54 10 258
54 11 848
54 12 497
54 13 363
54 14 741
54 15 229
54 16 800
54 17 901
54 18 268
54 19 159
54 20 913
54 21 506
54 22 944
54 23 532
54 24 888
54 25 402
54 26 489
54 27 537
54 28 1040
54 29 948
54 30 359
54 31 688
54 32 463
54 33 823
54 34 342
54 35 485
54 36 758
54 37 1142
54 38 691
54 39 240
54 40 1094
54 41 643
54 42 192
54 43 1046
54 44 595
54 45 144
54 46 998
54 47 547
54 48 96
54 49 950
54 50 499
54 51 48
54 52 902
54 53 451
54 54 0
54 55 1262
55 0 0
55 1 952
55 2 973
55 3 778
55 4 665
55 5 752
55 6 878
55 7 582
55 8 834
55 9 170
55 10 1004
55 11 414
55 12 765
55 13 899
55 14 521
55 15 1033
55 16 462
55 17 361
55 18 994
55 19 1103
55 20 349
55 21 756
55 22 318
55 23 730
55 24 374
55 25 860
55 26 773
55 27 725
55 28 222
55 29 314
55 30 903
55 31 574
55 32 799
55 33 439
55 34 920
55 35 777
55 36 504
55 37 120
55 38 571
55 39 1022
55 40 168
55 41 619
55 42 1070
55 43 216
55 44 667
55 45 1118
55 46 264
55 47 715
55 48 1166
55 49 312
55 50 763
55 51 1214
55 52 360
55 53 811
55 54 1262
55 55 0
//Location coordinates LocationName
//Loc x y
0 0.0 0.0 "depot"
1 240.0 712.0 "product aisle 5 bloc 1 rank 17"
2 144.0 829.0 "product aisle 3 bloc 1 rank 36"
3 144.0 634.0 "product aisle 3 bloc 1 rank 6"
4 144.0 521.0 "product aisle 3 bloc 0 rank 57"
5 144.0 608.0 "product aisle 3 bloc 1 rank 2"
6 192.0 686.0 "product aisle 4 bloc 1 rank 13"
7 48.0 534.0 "product aisle 1 bloc 0 rank 60"
8 96.0 738.0 "product aisle 2 bloc 1 rank 22"
9 0.0 170.0 "product aisle 0 bloc 0 rank 4"
10 240.0 764.0 "product aisle 5 bloc 1 rank 25"
11 192.0 222.0 "product aisle 4 bloc 0 rank 12"
12 144.0 621.0 "product aisle 3 bloc 1 rank 4"
13 96.0 803.0 "product aisle 2 bloc 1 rank 32"
14 0.0 521.0 "product aisle 0 bloc 0 rank 58"
15 48.0 985.0 "product aisle 1 bloc 1 rank 59"
16 240.0 222.0 "product aisle 5 bloc 0 rank 12"
17 48.0 313.0 "product aisle 1 bloc 0 rank 25"
18 48.0 946.0 "product aisle 1 bloc 1 rank 54"
19 144.0 959.0 "product aisle 3 bloc 1 rank 56"
20 192.0 157.0 "product aisle 4 bloc 0 rank 2"
21 96.0 660.0 "product aisle 2 bloc 1 rank 9"
22 96.0 222.0 "product aisle 2 bloc 0 rank 11"
23 96.0 634.0 "product aisle 2 bloc 1 rank 6"
24 48.0 326.0 "product aisle 1 bloc 0 rank 27"
25 96.0 764.0 "product aisle 2 bloc 1 rank 26"
26 48.0 725.0 "product aisle 1 bloc 1 rank 19"
27 0.0 725.0 "product aisle 0 bloc 1 rank 19"
28 0.0 222.0 "product aisle 0 bloc 0 rank 12"
29 144.0 170.0 "product aisle 3 bloc 0 rank 4"
30 48.0 855.0 "product aisle 1 bloc 1 rank 40"
31 144.0 430.0 "product aisle 3 bloc 0 rank 43"
32 48.0 751.0 "product aisle 1 bloc 1 rank 24"
33 48.0 391.0 "product aisle 1 bloc 0 rank 37"
34 0.0 920.0 "product aisle 0 bloc 1 rank 50"
35 0.0 777.0 "product aisle 0 bloc 1 rank 28"
36 48.0 456.0 "product aisle 1 bloc 0 rank 47"
37 24.0 120.0 "intersection aisle 0 bloc 0 rank 0"
38 24.0 571.0 "intersection aisle 0 bloc 1 rank 1"
39 24.0 1022.0 "intersection aisle 0 bloc 2 rank 2"
40 72.0 120.0 "intersection aisle 1 bloc 0 rank 0"
41 72.0 571.0 "intersection aisle 1 bloc 1 rank 1"
42 72.0 1022.0 "intersection aisle 1 bloc 2 rank 2"
43 120.0 120.0 "intersection aisle 2 bloc 0 rank 0"
44 120.0 571.0 "intersection aisle 2 bloc 1 rank 1"
45 120.0 1022.0 "intersection aisle 2 bloc 2 rank 2"
46 168.0 120.0 "intersection aisle 3 bloc 0 rank 0"
47 168.0 571.0 "intersection aisle 3 bloc 1 rank 1"
48 168.0 1022.0 "intersection aisle 3 bloc 2 rank 2"
49 216.0 120.0 "intersection aisle 4 bloc 0 rank 0"
50 216.0 571.0 "intersection aisle 4 bloc 1 rank 1"
51 216.0 1022.0 "intersection aisle 4 bloc 2 rank 2"
52 264.0 120.0 "intersection aisle 5 bloc 0 rank 0"
53 264.0 571.0 "intersection aisle 5 bloc 1 rank 1"
54 264.0 1022.0 "intersection aisle 5 bloc 2 rank 2"
55 0.0 0.0 "depot"
