//alpha
1
//NbLocations
57
//NbProducts
41
//NbPickers
2
//CapaPicker
12
//TimeToTravelOneDistanceUnit
3
//SetupTime
5400
//PickTime
300
//Products
//Idx Location Size
1 1 1
2 2 1
3 3 1
4 4 1
5 5 1
6 6 1
7 7 1
8 8 1
9 9 1
10 10 1
11 11 1
12 12 1
13 13 1
14 14 1
15 15 1
16 16 1
17 17 1
18 18 1
19 19 1
20 20 1
21 21 1
22 12 1
23 22 1
24 23 1
25 24 1
26 25 1
27 26 1
28 27 1
29 28 1
30 29 1
31 30 1
32 31 1
33 32 1
34 33 1
35 34 1
36 2 1
37 35 1
38 36 1
39 37 1
40 18 1
41 38 1
//Orders
//NbOrders
6
//Idx DueDate TardinessPenalty NbProdInOrder ProdIdx1 Qty1 ProdIdx2 Qty2 ...
1 36000 0 1 1 1
2 90000 0 12 2 1 3 1 4 1 5 1 6 1 7 1 8 1 9 1 10 1 11 1 12 1 13 1
3 90000 0 3 14 1 15 1 16 1
4 54000 0 2 17 1 18 1
5 54000 0 12 19 1 20 1 21 1 22 1 23 1 24 1 25 1 26 1 27 1 28 1 29 1 30 1
6 36000 0 11 31 1 32 1 33 1 34 1 35 1 36 1 37 1 38 1 39 1 40 1 41 1
//Graph (Products are vertices indexed from 1 to NbProducts)
//NbVerticesIntersections
18
//DepartingDepot
0
//ArrivalDepot
57
//Arcs
//Start End Distance
0 39 120
1 25 104
1 27 130
2 14 0
2 40 50
3 20 52
3 41 76
4 17 26
4 39 193
5 14 13
5 19 13
6 16 0
6 31 13
7 8 234
7 43 128
8 7 234
8 44 89
9 52 154
9 53 297
10 11 65
10 32 91
11 10 65
11 20 39
12 23 26
12 31 39
13 15 234
13 54 167
14 2 0
14 5 13
15 13 234
15 55 50
16 6 0
16 33 13
17 4 26
17 33 26
18 23 39
18 40 76
19 5 13
19 30 0
20 3 52
20 11 39
21 24 78
21 46 232
22 28 130
22 45 37
23 12 26
23 18 39
24 21 78
24 47 141
25 1 104
25 28 0
26 37 13
26 42 63
27 1 130
27 46 50
28 22 130
28 25 0
29 36 65
29 37 169
30 19 0
30 38 39
31 6 13
31 12 39
32 10 91
32 38 13
33 16 13
33 17 26
34 35 65
34 56 141
35 34 65
35 55 245
36 29 65
36 43 141
37 26 13
37 29 169
38 30 39
38 32 13
39 4 193
39 42 48
39 57 120
40 2 50
40 18 76
40 43 48
41 3 76
41 44 48
42 26 63
42 39 48
42 45 48
43 7 128
43 36 141
43 40 48
43 46 48
44 8 89
44 41 48
44 47 48
45 22 37
45 42 48
45 48 48
46 21 232
46 27 50
46 43 48
46 49 48
47 24 141
47 44 48
47 50 48
48 45 48
48 49 451
48 51 48
49 46 48
49 48 451
49 50 451
49 52 48
50 47 48
50 49 451
50 53 48
51 48 48
51 52 451
51 54 48
52 9 154
52 49 48
52 51 451
52 55 48
53 9 297
53 50 48
53 56 48
54 13 167
54 51 48
55 15 50
55 35 245
55 52 48
56 34 141
56 53 48
//LocStart LocEnd ShortestPath
0 0 0
0 1 487
0 2 621
0 3 946
0 4 313
0 5 634
0 6 378
0 7 747
0 8 981
0 9 917
0 10 790
0 11 855
0 12 430
0 13 527
0 14 621
0 15 761
0 16 378
0 17 339
0 18 495
0 19 647
0 20 894
0 21 899
0 22 253
0 23 456
0 24 977
0 25 383
0 26 231
0 27 617
0 28 383
0 29 413
0 30 647
0 31 391
0 32 699
0 33 365
0 34 1121
0 35 1056
0 36 478
0 37 244
0 38 686
0 39 120
0 40 571
0 41 1022
0 42 168
0 43 619
0 44 1070
0 45 216
0 46 667
0 47 1118
0 48 264
0 49 715
0 50 1166
0 51 312
0 52 763
0 53 1214
0 54 360
0 55 811
0 56 1262
0 57 0
1 0 487
1 1 0
1 2 326
1 3 651
1 4 534
1 5 339
1 6 469
1 7 356
1 8 590
1 9 430
1 10 495
1 11 560
1 12 417
1 13 582
1 14 326
1 15 374
1 16 469
1 17 508
1 18 352
1 19 352
1 20 599
1 21 412
1 22 234
1 23 391
1 24 490
1 25 104
1 26 382
1 27 130
1 28 104
1 29 434
1 30 352
1 31 456
1 32 404
1 33 482
1 34 634
1 35 569
1 36 369
1 37 395
1 38 391
1 39 367
1 40 276
1 41 727
1 42 319
1 43 228
1 44 679
1 45 271
1 46 180
1 47 631
1 48 319
1 49 228
1 50 679
1 51 367
1 52 276
1 53 727
1 54 415
1 55 324
1 56 775
1 57 487
2 0 621
2 1 326
2 2 0
2 3 325
2 4 308
2 5 13
2 6 243
2 7 226
2 8 460
2 9 396
2 10 169
2 11 234
2 12 191
2 13 574
2 14 0
2 15 340
2 16 243
2 17 282
2 18 126
2 19 26
2 20 273
2 21 378
2 22 560
2 23 165
2 24 456
2 25 430
2 26 486
2 27 196
2 28 430
2 29 304
2 30 26
2 31 230
2 32 78
2 33 256
2 34 600
2 35 535
2 36 239
2 37 473
2 38 65
2 39 501
2 40 50
2 41 401
2 42 549
2 43 98
2 44 449
2 45 597
2 46 146
2 47 497
2 48 645
2 49 194
2 50 545
2 51 693
2 52 242
2 53 593
2 54 741
2 55 290
2 56 641
2 57 621
3 0 946
3 1 651
3 2 325
3 3 0
3 4 633
3 5 312
3 6 568
3 7 447
3 8 213
3 9 565
3 10 156
3 11 91
3 12 516
3 13 899
3 14 325
3 15 665
3 16 568
3 17 607
3 18 451
3 19 299
3 20 52
3 21 391
3 22 885
3 23 490
3 24 313
3 25 755
3 26 811
3 27 521
3 28 755
3 29 629
3 30 299
3 31 555
3 32 247
3 33 581
3 34 457
3 35 522
3 36 564
3 37 798
3 38 260
3 39 826
3 40 375
3 41 76
3 42 874
3 43 423
3 44 124
3 45 922
3 46 471
3 47 172
3 48 970
3 49 519
3 50 220
3 51 1018
3 52 567
3 53 268
3 54 1066
3 55 615
3 56 316
3 57 946
4 0 313
4 1 534
4 2 308
4 3 633
4 4 0
4 5 321
4 6 65
4 7 434
4 8 668
4 9 604
4 10 477
4 11 542
4 12 117
4 13 600
4 14 308
4 15 548
4 16 65
4 17 26
4 18 182
4 19 334
4 20 581
4 21 586
4 22 326
4 23 143
4 24 664
4 25 456
4 26 304
4 27 404
4 28 456
4 29 486
4 30 334
4 31 78
4 32 386
4 33 52
4 34 808
4 35 743
4 36 447
4 37 317
4 38 373
4 39 193
4 40 258
4 41 709
4 42 241
4 43 306
4 44 757
4 45 289
4 46 354
4 47 805
4 48 337
4 49 402
4 50 853
4 51 385
4 52 450
4 53 901
4 54 433
4 55 498
4 56 949
4 57 313
5 0 634
5 1 339
5 2 13
5 3 312
5 4 321
5 5 0
5 6 256
5 7 239
5 8 473
5 9 409
5 10 156
5 11 221
5 12 204
5 13 587
5 14 13
5 15 353
5 16 256
5 17 295
5 18 139
5 19 13
5 20 260
5 21 391
5 22 573
5 23 178
5 24 469
5 25 443
5 26 499
5 27 209
5 28 443
5 29 317
5 30 13
5 31 243
5 32 65
5 33 269
5 34 613
5 35 548
5 36 252
5 37 486
5 38 52
5 39 514
5 40 63
5 41 388
5 42 562
5 43 111
5 44 436
5 45 610
5 46 159
5 47 484
5 48 658
5 49 207
5 50 532
5 51 706
5 52 255
5 53 580
5 54 754
5 55 303
5 56 628
5 57 634
6 0 378
6 1 469
6 2 243
6 3 568
6 4 65
6 5 256
6 6 0
6 7 369
6 8 603
6 9 539
6 10 412
6 11 477
6 12 52
6 13 665
6 14 243
6 15 483
6 16 0
6 17 39
6 18 117
6 19 269
6 20 516
6 21 521
6 22 391
6 23 78
6 24 599
6 25 521
6 26 369
6 27 339
6 28 521
6 29 447
6 30 269
6 31 13
6 32 321
6 33 13
6 34 743
6 35 678
6 36 382
6 37 382
6 38 308
6 39 258
6 40 193
6 41 644
6 42 306
6 43 241
6 44 692
6 45 354
6 46 289
6 47 740
6 48 402
6 49 337
6 50 788
6 51 450
6 52 385
6 53 836
6 54 498
6 55 433
6 56 884
6 57 378
7 0 747
7 1 356
7 2 226
7 3 447
7 4 434
7 5 239
7 6 369
7 7 0
7 8 234
7 9 426
7 10 395
7 11 460
7 12 317
7 13 604
7 14 226
7 15 370
7 16 369
7 17 408
7 18 252
7 19 252
7 20 499
7 21 408
7 22 590
7 23 291
7 24 486
7 25 460
7 26 516
7 27 226
7 28 460
7 29 334
7 30 252
7 31 356
7 32 304
7 33 382
7 34 630
7 35 565
7 36 269
7 37 503
7 38 291
7 39 627
7 40 176
7 41 371
7 42 579
7 43 128
7 44 323
7 45 627
7 46 176
7 47 371
7 48 675
7 49 224
7 50 419
7 51 723
7 52 272
7 53 467
7 54 771
7 55 320
7 56 515
7 57 747
8 0 981
8 1 590
8 2 460
8 3 213
8 4 668
8 5 473
8 6 603
8 7 234
8 8 0
8 9 530
8 10 369
8 11 304
8 12 551
8 13 838
8 14 460
8 15 604
8 16 603
8 17 642
8 18 486
8 19 486
8 20 265
8 21 356
8 22 824
8 23 525
8 24 278
8 25 694
8 26 750
8 27 460
8 28 694
8 29 568
8 30 486
8 31 590
8 32 460
8 33 616
8 34 422
8 35 487
8 36 503
8 37 737
8 38 473
8 39 861
8 40 410
8 41 137
8 42 813
8 43 362
8 44 89
8 45 861
8 46 410
8 47 137
8 48 909
8 49 458
8 50 185
8 51 957
8 52 506
8 53 233
8 54 1005
8 55 554
8 56 281
8 57 981
9 0 917
9 1 430
9 2 396
9 3 565
9 4 604
9 5 409
9 6 539
9 7 426
9 8 530
9 9 0
9 10 565
9 11 630
9 12 487
9 13 486
9 14 396
9 15 252
9 16 539
9 17 578
9 18 422
9 19 422
9 20 617
9 21 482
9 22 664
9 23 461
9 24 534
9 25 534
9 26 686
9 27 300
9 28 534
9 29 504
9 30 422
9 31 526
9 32 474
9 33 552
9 34 486
9 35 447
9 36 439
9 37 673
9 38 461
9 39 797
9 40 346
9 41 489
9 42 749
9 43 298
9 44 441
9 45 701
9 46 250
9 47 393
9 48 653
9 49 202
9 50 345
9 51 605
9 52 154
9 53 297
9 54 653
9 55 202
9 56 345
9 57 917
10 0 790
10 1 495
10 2 169
10 3 156
10 4 477
10 5 156
10 6 412
10 7 395
10 8 369
10 9 565
10 10 0
10 11 65
10 12 360
10 13 743
10 14 169
10 15 509
10 16 412
10 17 451
10 18 295
10 19 143
10 20 104
10 21 547
10 22 729
10 23 334
10 24 469
10 25 599
10 26 655
10 27 365
10 28 599
10 29 473
10 30 143
10 31 399
10 32 91
10 33 425
10 34 613
10 35 678
10 36 408
10 37 642
10 38 104
10 39 670
10 40 219
10 41 232
10 42 718
10 43 267
10 44 280
10 45 766
10 46 315
10 47 328
10 48 814
10 49 363
10 50 376
10 51 862
10 52 411
10 53 424
10 54 910
10 55 459
10 56 472
10 57 790
11 0 855
11 1 560
11 2 234
11 3 91
11 4 542
11 5 221
11 6 477
11 7 460
11 8 304
11 9 630
11 10 65
11 11 0
11 12 425
11 13 808
11 14 234
11 15 574
11 16 477
11 17 516
11 18 360
11 19 208
11 20 39
11 21 482
11 22 794
11 23 399
11 24 404
11 25 664
11 26 720
11 27 430
11 28 664
11 29 538
11 30 208
11 31 464
11 32 156
11 33 490
11 34 548
11 35 613
11 36 473
11 37 707
11 38 169
11 39 735
11 40 284
11 41 167
11 42 783
11 43 332
11 44 215
11 45 831
11 46 380
11 47 263
11 48 879
11 49 428
11 50 311
11 51 927
11 52 476
11 53 359
11 54 975
11 55 524
11 56 407
11 57 855
12 0 430
12 1 417
12 2 191
12 3 516
12 4 117
12 5 204
12 6 52
12 7 317
12 8 551
12 9 487
12 10 360
12 11 425
12 12 0
12 13 665
12 14 191
12 15 431
12 16 52
12 17 91
12 18 65
12 19 217
12 20 464
12 21 469
12 22 443
12 23 26
12 24 547
12 25 521
12 26 421
12 27 287
12 28 521
12 29 395
12 30 217
12 31 39
12 32 269
12 33 65
12 34 691
12 35 626
12 36 330
12 37 434
12 38 256
12 39 310
12 40 141
12 41 592
12 42 358
12 43 189
12 44 640
12 45 406
12 46 237
12 47 688
12 48 454
12 49 285
12 50 736
12 51 502
12 52 333
12 53 784
12 54 550
12 55 381
12 56 832
12 57 430
13 0 527
13 1 582
13 2 574
13 3 899
13 4 600
13 5 587
13 6 665
13 7 604
13 8 838
13 9 486
13 10 743
13 11 808
13 12 665
13 13 0
13 14 574
13 15 234
13 16 665
13 17 626
13 18 600
13 19 600
13 20 847
13 21 660
13 22 348
13 23 639
13 24 738
13 25 478
13 26 422
13 27 478
13 28 478
13 29 604
13 30 600
13 31 678
13 32 652
13 33 652
13 34 594
13 35 529
13 36 617
13 37 435
13 38 639
13 39 407
13 40 524
13 41 975
13 42 359
13 43 476
13 44 927
13 45 311
13 46 428
13 47 879
13 48 263
13 49 380
13 50 831
13 51 215
13 52 332
13 53 783
13 54 167
13 55 284
13 56 735
13 57 527
14 0 621
14 1 326
14 2 0
14 3 325
14 4 308
14 5 13
14 6 243
14 7 226
14 8 460
14 9 396
14 10 169
14 11 234
14 12 191
14 13 574
14 14 0
14 15 340
14 16 243
14 17 282
14 18 126
14 19 26
14 20 273
14 21 378
14 22 560
14 23 165
14 24 456
14 25 430
14 26 486
14 27 196
14 28 430
14 29 304
14 30 26
14 31 230
14 32 78
14 33 256
14 34 600
14 35 535
14 36 239
14 37 473
14 38 65
14 39 501
14 40 50
14 41 401
14 42 549
14 43 98
14 44 449
14 45 597
14 46 146
14 47 497
14 48 645
14 49 194
14 50 545
14 51 693
14 52 242
14 53 593
14 54 741
14 55 290
14 56 641
14 57 621
15 0 761
15 1 374
15 2 340
15 3 665
15 4 548
15 5 353
15 6 483
15 7 370
15 8 604
15 9 252
15 10 509
15 11 574
15 12 431
15 13 234
15 14 340
15 15 0
15 16 483
15 17 522
15 18 366
15 19 366
15 20 613
15 21 426
15 22 582
15 23 405
15 24 504
15 25 478
15 26 630
15 27 244
15 28 478
15 29 448
15 30 366
15 31 470
15 32 418
15 33 496
15 34 360
15 35 295
15 36 383
15 37 617
15 38 405
15 39 641
15 40 290
15 41 741
15 42 593
15 43 242
15 44 693
15 45 545
15 46 194
15 47 645
15 48 497
15 49 146
15 50 597
15 51 449
15 52 98
15 53 549
15 54 401
15 55 50
15 56 501
15 57 761
16 0 378
16 1 469
16 2 243
16 3 568
16 4 65
16 5 256
16 6 0
16 7 369
16 8 603
16 9 539
16 10 412
16 11 477
16 12 52
16 13 665
16 14 243
16 15 483
16 16 0
16 17 39
16 18 117
16 19 269
16 20 516
16 21 521
16 22 391
16 23 78
16 24 599
16 25 521
16 26 369
16 27 339
16 28 521
16 29 447
16 30 269
16 31 13
16 32 321
16 33 13
16 34 743
16 35 678
16 36 382
16 37 382
16 38 308
16 39 258
16 40 193
16 41 644
16 42 306
16 43 241
16 44 692
16 45 354
16 46 289
16 47 740
16 48 402
16 49 337
16 50 788
16 51 450
16 52 385
16 53 836
16 54 498
16 55 433
16 56 884
16 57 378
17 0 339
17 1 508
17 2 282
17 3 607
17 4 26
17 5 295
17 6 39
17 7 408
17 8 642
17 9 578
17 10 451
17 11 516
17 12 91
17 13 626
17 14 282
17 15 522
17 16 39
17 17 0
17 18 156
17 19 308
17 20 555
17 21 560
17 22 352
17 23 117
17 24 638
17 25 482
17 26 330
17 27 378
17 28 482
17 29 486
17 30 308
17 31 52
17 32 360
17 33 26
17 34 782
17 35 717
17 36 421
17 37 343
17 38 347
17 39 219
17 40 232
17 41 683
17 42 267
17 43 280
17 44 731
17 45 315
17 46 328
17 47 779
17 48 363
17 49 376
17 50 827
17 51 411
17 52 424
17 53 875
17 54 459
17 55 472
17 56 923
17 57 339
18 0 495
18 1 352
18 2 126
18 3 451
18 4 182
18 5 139
18 6 117
18 7 252
18 8 486
18 9 422
18 10 295
18 11 360
18 12 65
18 13 600
18 14 126
18 15 366
18 16 117
18 17 156
18 18 0
18 19 152
18 20 399
18 21 404
18 22 508
18 23 39
18 24 482
18 25 456
18 26 486
18 27 222
18 28 456
18 29 330
18 30 152
18 31 104
18 32 204
18 33 130
18 34 626
18 35 561
18 36 265
18 37 499
18 38 191
18 39 375
18 40 76
18 41 527
18 42 423
18 43 124
18 44 575
18 45 471
18 46 172
18 47 623
18 48 519
18 49 220
18 50 671
18 51 567
18 52 268
18 53 719
18 54 615
18 55 316
18 56 767
18 57 495
19 0 647
19 1 352
19 2 26
19 3 299
19 4 334
19 5 13
19 6 269
19 7 252
19 8 486
19 9 422
19 10 143
19 11 208
19 12 217
19 13 600
19 14 26
19 15 366
19 16 269
19 17 308
19 18 152
19 19 0
19 20 247
19 21 404
19 22 586
19 23 191
19 24 482
19 25 456
19 26 512
19 27 222
19 28 456
19 29 330
19 30 0
19 31 256
19 32 52
19 33 282
19 34 626
19 35 561
19 36 265
19 37 499
19 38 39
19 39 527
19 40 76
19 41 375
19 42 575
19 43 124
19 44 423
19 45 623
19 46 172
19 47 471
19 48 671
19 49 220
19 50 519
19 51 719
19 52 268
19 53 567
19 54 767
19 55 316
19 56 615
19 57 647
20 0 894
20 1 599
20 2 273
20 3 52
20 4 581
20 5 260
20 6 516
20 7 499
20 8 265
20 9 617
20 10 104
20 11 39
20 12 464
20 13 847
20 14 273
20 15 613
20 16 516
20 17 555
20 18 399
20 19 247
20 20 0
20 21 443
20 22 833
20 23 438
20 24 365
20 25 703
20 26 759
20 27 469
20 28 703
20 29 577
20 30 247
20 31 503
20 32 195
20 33 529
20 34 509
20 35 574
20 36 512
20 37 746
20 38 208
20 39 774
20 40 323
20 41 128
20 42 822
20 43 371
20 44 176
20 45 870
20 46 419
20 47 224
20 48 918
20 49 467
20 50 272
20 51 966
20 52 515
20 53 320
20 54 1014
20 55 563
20 56 368
20 57 894
21 0 899
21 1 412
21 2 378
21 3 391
21 4 586
21 5 391
21 6 521
21 7 408
21 8 356
21 9 482
21 10 547
21 11 482
21 12 469
21 13 660
21 14 378
21 15 426
21 16 521
21 17 560
21 18 404
21 19 404
21 20 443
21 21 0
21 22 646
21 23 443
21 24 78
21 25 516
21 26 668
21 27 282
21 28 516
21 29 486
21 30 404
21 31 508
21 32 456
21 33 534
21 34 504
21 35 569
21 36 421
21 37 655
21 38 443
21 39 779
21 40 328
21 41 315
21 42 731
21 43 280
21 44 267
21 45 683
21 46 232
21 47 219
21 48 731
21 49 280
21 50 267
21 51 779
21 52 328
21 53 315
21 54 827
21 55 376
21 56 363
21 57 899
22 0 253
22 1 234
22 2 560
22 3 885
22 4 326
22 5 573
22 6 391
22 7 590
22 8 824
22 9 664
22 10 729
22 11 794
22 12 443
22 13 348
22 14 560
22 15 582
22 16 391
22 17 352
22 18 508
22 19 586
22 20 833
22 21 646
22 22 0
22 23 469
22 24 724
22 25 130
22 26 148
22 27 364
22 28 130
22 29 330
22 30 586
22 31 404
22 32 638
22 33 378
22 34 868
22 35 803
22 36 395
22 37 161
22 38 625
22 39 133
22 40 510
22 41 961
22 42 85
22 43 462
22 44 913
22 45 37
22 46 414
22 47 865
22 48 85
22 49 462
22 50 913
22 51 133
22 52 510
22 53 961
22 54 181
22 55 558
22 56 1009
22 57 253
23 0 456
23 1 391
23 2 165
23 3 490
23 4 143
23 5 178
23 6 78
23 7 291
23 8 525
23 9 461
23 10 334
23 11 399
23 12 26
23 13 639
23 14 165
23 15 405
23 16 78
23 17 117
23 18 39
23 19 191
23 20 438
23 21 443
23 22 469
23 23 0
23 24 521
23 25 495
23 26 447
23 27 261
23 28 495
23 29 369
23 30 191
23 31 65
23 32 243
23 33 91
23 34 665
23 35 600
23 36 304
23 37 460
23 38 230
23 39 336
23 40 115
23 41 566
23 42 384
23 43 163
23 44 614
23 45 432
23 46 211
23 47 662
23 48 480
23 49 259
23 50 710
23 51 528
23 52 307
23 53 758
23 54 576
23 55 355
23 56 806
23 57 456
24 0 977
24 1 490
24 2 456
24 3 313
24 4 664
24 5 469
24 6 599
24 7 486
24 8 278
24 9 534
24 10 469
24 11 404
24 12 547
24 13 738
24 14 456
24 15 504
24 16 599
24 17 638
24 18 482
24 19 482
24 20 365
24 21 78
24 22 724
24 23 521
24 24 0
24 25 594
24 26 746
24 27 360
24 28 594
24 29 564
24 30 482
24 31 586
24 32 534
24 33 612
24 34 426
24 35 491
24 36 499
24 37 733
24 38 521
24 39 857
24 40 406
24 41 237
24 42 809
24 43 358
24 44 189
24 45 761
24 46 310
24 47 141
24 48 809
24 49 358
24 50 189
24 51 857
24 52 406
24 53 237
24 54 905
24 55 454
24 56 285
24 57 977
25 0 383
25 1 104
25 2 430
25 3 755
25 4 456
25 5 443
25 6 521
25 7 460
25 8 694
25 9 534
25 10 599
25 11 664
25 12 521
25 13 478
25 14 430
25 15 478
25 16 521
25 17 482
25 18 456
25 19 456
25 20 703
25 21 516
25 22 130
25 23 495
25 24 594
25 25 0
25 26 278
25 27 234
25 28 0
25 29 460
25 30 456
25 31 534
25 32 508
25 33 508
25 34 738
25 35 673
25 36 473
25 37 291
25 38 495
25 39 263
25 40 380
25 41 831
25 42 215
25 43 332
25 44 783
25 45 167
25 46 284
25 47 735
25 48 215
25 49 332
25 50 783
25 51 263
25 52 380
25 53 831
25 54 311
25 55 428
25 56 879
25 57 383
26 0 231
26 1 382
26 2 486
26 3 811
26 4 304
26 5 499
26 6 369
26 7 516
26 8 750
26 9 686
26 10 655
26 11 720
26 12 421
26 13 422
26 14 486
26 15 630
26 16 369
26 17 330
26 18 486
26 19 512
26 20 759
26 21 668
26 22 148
26 23 447
26 24 746
26 25 278
26 26 0
26 27 486
26 28 278
26 29 182
26 30 512
26 31 382
26 32 564
26 33 356
26 34 890
26 35 825
26 36 247
26 37 13
26 38 551
26 39 111
26 40 436
26 41 887
26 42 63
26 43 388
26 44 839
26 45 111
26 46 436
26 47 887
26 48 159
26 49 484
26 50 935
26 51 207
26 52 532
26 53 983
26 54 255
26 55 580
26 56 1031
26 57 231
27 0 617
27 1 130
27 2 196
27 3 521
27 4 404
27 5 209
27 6 339
27 7 226
27 8 460
27 9 300
27 10 365
27 11 430
27 12 287
27 13 478
27 14 196
27 15 244
27 16 339
27 17 378
27 18 222
27 19 222
27 20 469
27 21 282
27 22 364
27 23 261
27 24 360
27 25 234
27 26 486
27 27 0
27 28 234
27 29 304
27 30 222
27 31 326
27 32 274
27 33 352
27 34 504
27 35 439
27 36 239
27 37 473
27 38 261
27 39 497
27 40 146
27 41 597
27 42 449
27 43 98
27 44 549
27 45 401
27 46 50
27 47 501
27 48 449
27 49 98
27 50 549
27 51 497
27 52 146
27 53 597
27 54 545
27 55 194
27 56 645
27 57 617
28 0 383
28 1 104
28 2 430
28 3 755
28 4 456
28 5 443
28 6 521
28 7 460
28 8 694
28 9 534
28 10 599
28 11 664
28 12 521
28 13 478
28 14 430
28 15 478
28 16 521
28 17 482
28 18 456
28 19 456
28 20 703
28 21 516
28 22 130
28 23 495
28 24 594
28 25 0
28 26 278
28 27 234
28 28 0
28 29 460
28 30 456
28 31 534
28 32 508
28 33 508
28 34 738
28 35 673
28 36 473
28 37 291
28 38 495
28 39 263
28 40 380
28 41 831
28 42 215
28 43 332
28 44 783
28 45 167
28 46 284
28 47 735
28 48 215
28 49 332
28 50 783
28 51 263
28 52 380
28 53 831
28 54 311
28 55 428
28 56 879
28 57 383
29 0 413
29 1 434
29 2 304
29 3 629
29 4 486
29 5 317
29 6 447
29 7 334
29 8 568
29 9 504
29 10 473
29 11 538
29 12 395
29 13 604
29 14 304
29 15 448
29 16 447
29 17 486
29 18 330
29 19 330
29 20 577
29 21 486
29 22 330
29 23 369
29 24 564
29 25 460
29 26 182
29 27 304
29 28 460
29 29 0
29 30 330
29 31 434
29 32 382
29 33 460
29 34 708
29 35 643
29 36 65
29 37 169
29 38 369
29 39 293
29 40 254
29 41 705
29 42 245
29 43 206
29 44 657
29 45 293
29 46 254
29 47 705
29 48 341
29 49 302
29 50 753
29 51 389
29 52 350
29 53 801
29 54 437
29 55 398
29 56 849
29 57 413
30 0 647
30 1 352
30 2 26
30 3 299
30 4 334
30 5 13
30 6 269
30 7 252
30 8 486
30 9 422
30 10 143
30 11 208
30 12 217
30 13 600
30 14 26
30 15 366
30 16 269
30 17 308
30 18 152
30 19 0
30 20 247
30 21 404
30 22 586
30 23 191
30 24 482
30 25 456
30 26 512
30 27 222
30 28 456
30 29 330
30 30 0
30 31 256
30 32 52
30 33 282
30 34 626
30 35 561
30 36 265
30 37 499
30 38 39
30 39 527
30 40 76
30 41 375
30 42 575
30 43 124
30 44 423
30 45 623
30 46 172
30 47 471
30 48 671
30 49 220
30 50 519
30 51 719
30 52 268
30 53 567
30 54 767
30 55 316
30 56 615
30 57 647
31 0 391
31 1 456
31 2 230
31 3 555
31 4 78
31 5 243
31 6 13
31 7 356
31 8 590
31 9 526
31 10 399
31 11 464
31 12 39
31 13 678
31 14 230
31 15 470
31 16 13
31 17 52
31 18 104
31 19 256
31 20 503
31 21 508
31 22 404
31 23 65
31 24 586
31 25 534
31 26 382
31 27 326
31 28 534
31 29 434
31 30 256
31 31 0
31 32 308
31 33 26
31 34 730
31 35 665
31 36 369
31 37 395
31 38 295
31 39 271
31 40 180
31 41 631
31 42 319
31 43 228
31 44 679
31 45 367
31 46 276
31 47 727
31 48 415
31 49 324
31 50 775
31 51 463
31 52 372
31 53 823
31 54 511
31 55 420
31 56 871
31 57 391
32 0 699
32 1 404
32 2 78
32 3 247
32 4 386
32 5 65
32 6 321
32 7 304
32 8 460
32 9 474
32 10 91
32 11 156
32 12 269
32 13 652
32 14 78
32 15 418
32 16 321
32 17 360
32 18 204
32 19 52
32 20 195
32 21 456
32 22 638
32 23 243
32 24 534
32 25 508
32 26 564
32 27 274
32 28 508
32 29 382
32 30 52
32 31 308
32 32 0
32 33 334
32 34 678
32 35 613
32 36 317
32 37 551
32 38 13
32 39 579
32 40 128
32 41 323
32 42 627
32 43 176
32 44 371
32 45 675
32 46 224
32 47 419
32 48 723
32 49 272
32 50 467
32 51 771
32 52 320
32 53 515
32 54 819
32 55 368
32 56 563
32 57 699
33 0 365
33 1 482
33 2 256
33 3 581
33 4 52
33 5 269
33 6 13
33 7 382
33 8 616
33 9 552
33 10 425
33 11 490
33 12 65
33 13 652
33 14 256
33 15 496
33 16 13
33 17 26
33 18 130
33 19 282
33 20 529
33 21 534
33 22 378
33 23 91
33 24 612
33 25 508
33 26 356
33 27 352
33 28 508
33 29 460
33 30 282
33 31 26
33 32 334
33 33 0
33 34 756
33 35 691
33 36 395
33 37 369
33 38 321
33 39 245
33 40 206
33 41 657
33 42 293
33 43 254
33 44 705
33 45 341
33 46 302
33 47 753
33 48 389
33 49 350
33 50 801
33 51 437
33 52 398
33 53 849
33 54 485
33 55 446
33 56 897
33 57 365
34 0 1121
34 1 634
34 2 600
34 3 457
34 4 808
34 5 613
34 6 743
34 7 630
34 8 422
34 9 486
34 10 613
34 11 548
34 12 691
34 13 594
34 14 600
34 15 360
34 16 743
34 17 782
34 18 626
34 19 626
34 20 509
34 21 504
34 22 868
34 23 665
34 24 426
34 25 738
34 26 890
34 27 504
34 28 738
34 29 708
34 30 626
34 31 730
34 32 678
34 33 756
34 34 0
34 35 65
34 36 643
34 37 877
34 38 665
34 39 1001
34 40 550
34 41 381
34 42 953
34 43 502
34 44 333
34 45 905
34 46 454
34 47 285
34 48 857
34 49 406
34 50 237
34 51 809
34 52 358
34 53 189
34 54 761
34 55 310
34 56 141
34 57 1121
35 0 1056
35 1 569
35 2 535
35 3 522
35 4 743
35 5 548
35 6 678
35 7 565
35 8 487
35 9 447
35 10 678
35 11 613
35 12 626
35 13 529
35 14 535
35 15 295
35 16 678
35 17 717
35 18 561
35 19 561
35 20 574
35 21 569
35 22 803
35 23 600
35 24 491
35 25 673
35 26 825
35 27 439
35 28 673
35 29 643
35 30 561
35 31 665
35 32 613
35 33 691
35 34 65
35 35 0
35 36 578
35 37 812
35 38 600
35 39 936
35 40 485
35 41 446
35 42 888
35 43 437
35 44 398
35 45 840
35 46 389
35 47 350
35 48 792
35 49 341
35 50 302
35 51 744
35 52 293
35 53 254
35 54 696
35 55 245
35 56 206
35 57 1056
36 0 478
36 1 369
36 2 239
36 3 564
36 4 447
36 5 252
36 6 382
36 7 269
36 8 503
36 9 439
36 10 408
36 11 473
36 12 330
36 13 617
36 14 239
36 15 383
36 16 382
36 17 421
36 18 265
36 19 265
36 20 512
36 21 421
36 22 395
36 23 304
36 24 499
36 25 473
36 26 247
36 27 239
36 28 473
36 29 65
36 30 265
36 31 369
36 32 317
36 33 395
36 34 643
36 35 578
36 36 0
36 37 234
36 38 304
36 39 358
36 40 189
36 41 640
36 42 310
36 43 141
36 44 592
36 45 358
36 46 189
36 47 640
36 48 406
36 49 237
36 50 688
36 51 454
36 52 285
36 53 736
36 54 502
36 55 333
36 56 784
36 57 478
37 0 244
37 1 395
37 2 473
37 3 798
37 4 317
37 5 486
37 6 382
37 7 503
37 8 737
37 9 673
37 10 642
37 11 707
37 12 434
37 13 435
37 14 473
37 15 617
37 16 382
37 17 343
37 18 499
37 19 499
37 20 746
37 21 655
37 22 161
37 23 460
37 24 733
37 25 291
37 26 13
37 27 473
37 28 291
37 29 169
37 30 499
37 31 395
37 32 551
37 33 369
37 34 877
37 35 812
37 36 234
37 37 0
37 38 538
37 39 124
37 40 423
37 41 874
37 42 76
37 43 375
37 44 826
37 45 124
37 46 423
37 47 874
37 48 172
37 49 471
37 50 922
37 51 220
37 52 519
37 53 970
37 54 268
37 55 567
37 56 1018
37 57 244
38 0 686
38 1 391
38 2 65
38 3 260
38 4 373
38 5 52
38 6 308
38 7 291
38 8 473
38 9 461
38 10 104
38 11 169
38 12 256
38 13 639
38 14 65
38 15 405
38 16 308
38 17 347
38 18 191
38 19 39
38 20 208
38 21 443
38 22 625
38 23 230
38 24 521
38 25 495
38 26 551
38 27 261
38 28 495
38 29 369
38 30 39
38 31 295
38 32 13
38 33 321
38 34 665
38 35 600
38 36 304
38 37 538
38 38 0
38 39 566
38 40 115
38 41 336
38 42 614
38 43 163
38 44 384
38 45 662
38 46 211
38 47 432
38 48 710
38 49 259
38 50 480
38 51 758
38 52 307
38 53 528
38 54 806
38 55 355
38 56 576
38 57 686
39 0 120
39 1 367
39 2 501
39 3 826
39 4 193
39 5 514
39 6 258
39 7 627
39 8 861
39 9 797
39 10 670
39 11 735
39 12 310
39 13 407
39 14 501
39 15 641
39 16 258
39 17 219
39 18 375
39 19 527
39 20 774
39 21 779
39 22 133
39 23 336
39 24 857
39 25 263
39 26 111
39 27 497
39 28 263
39 29 293
39 30 527
39 31 271
39 32 579
39 33 245
39 34 1001
39 35 936
39 36 358
39 37 124
39 38 566
39 39 0
39 40 451
39 41 902
39 42 48
39 43 499
39 44 950
39 45 96
39 46 547
39 47 998
39 48 144
39 49 595
39 50 1046
39 51 192
39 52 643
39 53 1094
39 54 240
39 55 691
39 56 1142
39 57 120
40 0 571
40 1 276
40 2 50
40 3 375
40 4 258
40 5 63
40 6 193
40 7 176
40 8 410
40 9 346
40 10 219
40 11 284
40 12 141
40 13 524
40 14 50
40 15 290
40 16 193
40 17 232
40 18 76
40 19 76
40 20 323
40 21 328
40 22 510
40 23 115
40 24 406
40 25 380
40 26 436
40 27 146
40 28 380
40 29 254
40 30 76
40 31 180
40 32 128
40 33 206
40 34 550
40 35 485
40 36 189
40 37 423
40 38 115
40 39 451
40 40 0
40 41 451
40 42 499
40 43 48
40 44 499
40 45 547
40 46 96
40 47 547
40 48 595
40 49 144
40 50 595
40 51 643
40 52 192
40 53 643
40 54 691
40 55 240
40 56 691
40 57 571
41 0 1022
41 1 727
41 2 401
41 3 76
41 4 709
41 5 388
41 6 644
41 7 371
41 8 137
41 9 489
41 10 232
41 11 167
41 12 592
41 13 975
41 14 401
41 15 741
41 16 644
41 17 683
41 18 527
41 19 375
41 20 128
41 21 315
41 22 961
41 23 566
41 24 237
41 25 831
41 26 887
41 27 597
41 28 831
41 29 705
41 30 375
41 31 631
41 32 323
41 33 657
41 34 381
41 35 446
41 36 640
41 37 874
41 38 336
41 39 902
41 40 451
41 41 0
41 42 950
41 43 499
41 44 48
41 45 998
41 46 547
41 47 96
41 48 1046
41 49 595
41 50 144
41 51 1094
41 52 643
41 53 192
41 54 1142
41 55 691
41 56 240
41 57 1022
42 0 168
42 1 319
42 2 549
42 3 874
42 4 241
42 5 562
42 6 306
42 7 579
42 8 813
42 9 749
42 10 718
42 11 783
42 12 358
42 13 359
42 14 549
42 15 593
42 16 306
42 17 267
42 18 423
42 19 575
42 20 822
42 21 731
42 22 85
42 23 384
42 24 809
42 25 215
42 26 63
42 27 449
42 28 215
42 29 245
42 30 575
42 31 319
42 32 627
42 33 293
42 34 953
42 35 888
42 36 310
42 37 76
42 38 614
42 39 48
42 40 499
42 41 950
42 42 0
42 43 451
42 44 902
42 45 48
42 46 499
42 47 950
42 48 96
42 49 547
42 50 998
42 51 144
42 52 595
42 53 1046
42 54 192
42 55 643
42 56 1094
42 57 168
43 0 619
43 1 228
43 2 98
43 3 423
43 4 306
43 5 111
43 6 241
43 7 128
43 8 362
43 9 298
43 10 267
43 11 332
43 12 189
43 13 476
43 14 98
43 15 242
43 16 241
43 17 280
43 18 124
43 19 124
43 20 371
43 21 280
43 22 462
43 23 163
43 24 358
43 25 332
43 26 388
43 27 98
43 28 332
43 29 206
43 30 124
43 31 228
43 32 176
43 33 254
43 34 502
43 35 437
43 36 141
43 37 375
43 38 163
43 39 499
43 40 48
43 41 499
43 42 451
43 43 0
43 44 451
43 45 499
43 46 48
43 47 499
43 48 547
43 49 96
43 50 547
43 51 595
43 52 144
43 53 595
43 54 643
43 55 192
43 56 643
43 57 619
44 0 1070
44 1 679
44 2 449
44 3 124
44 4 757
44 5 436
44 6 692
44 7 323
44 8 89
44 9 441
44 10 280
44 11 215
44 12 640
44 13 927
44 14 449
44 15 693
44 16 692
44 17 731
44 18 575
44 19 423
44 20 176
44 21 267
44 22 913
44 23 614
44 24 189
44 25 783
44 26 839
44 27 549
44 28 783
44 29 657
44 30 423
44 31 679
44 32 371
44 33 705
44 34 333
44 35 398
44 36 592
44 37 826
44 38 384
44 39 950
44 40 499
44 41 48
44 42 902
44 43 451
44 44 0
44 45 950
44 46 499
44 47 48
44 48 998
44 49 547
44 50 96
44 51 1046
44 52 595
44 53 144
44 54 1094
44 55 643
44 56 192
44 57 1070
45 0 216
45 1 271
45 2 597
45 3 922
45 4 289
45 5 610
45 6 354
45 7 627
45 8 861
45 9 701
45 10 766
45 11 831
45 12 406
45 13 311
45 14 597
45 15 545
45 16 354
45 17 315
45 18 471
45 19 623
45 20 870
45 21 683
45 22 37
45 23 432
45 24 761
45 25 167
45 26 111
45 27 401
45 28 167
45 29 293
45 30 623
45 31 367
45 32 675
45 33 341
45 34 905
45 35 840
45 36 358
45 37 124
45 38 662
45 39 96
45 40 547
45 41 998
45 42 48
45 43 499
45 44 950
45 45 0
45 46 451
45 47 902
45 48 48
45 49 499
45 50 950
45 51 96
45 52 547
45 53 998
45 54 144
45 55 595
45 56 1046
45 57 216
46 0 667
46 1 180
46 2 146
46 3 471
46 4 354
46 5 159
46 6 289
46 7 176
46 8 410
46 9 250
46 10 315
46 11 380
46 12 237
46 13 428
46 14 146
46 15 194
46 16 289
46 17 328
46 18 172
46 19 172
46 20 419
46 21 232
46 22 414
46 23 211
46 24 310
46 25 284
46 26 436
46 27 50
46 28 284
46 29 254
46 30 172
46 31 276
46 32 224
46 33 302
46 34 454
46 35 389
46 36 189
46 37 423
46 38 211
46 39 547
46 40 96
46 41 547
46 42 499
46 43 48
46 44 499
46 45 451
46 46 0
46 47 451
46 48 499
46 49 48
46 50 499
46 51 547
46 52 96
46 53 547
46 54 595
46 55 144
46 56 595
46 57 667
47 0 1118
47 1 631
47 2 497
47 3 172
47 4 805
47 5 484
47 6 740
47 7 371
47 8 137
47 9 393
47 10 328
47 11 263
47 12 688
47 13 879
47 14 497
47 15 645
47 16 740
47 17 779
47 18 623
47 19 471
47 20 224
47 21 219
47 22 865
47 23 662
47 24 141
47 25 735
47 26 887
47 27 501
47 28 735
47 29 705
47 30 471
47 31 727
47 32 419
47 33 753
47 34 285
47 35 350
47 36 640
47 37 874
47 38 432
47 39 998
47 40 547
47 41 96
47 42 950
47 43 499
47 44 48
47 45 902
47 46 451
47 47 0
47 48 950
47 49 499
47 50 48
47 51 998
47 52 547
47 53 96
47 54 1046
47 55 595
47 56 144
47 57 1118
48 0 264
48 1 319
48 2 645
48 3 970
48 4 337
48 5 658
48 6 402
48 7 675
48 8 909
48 9 653
48 10 814
48 11 879
48 12 454
48 13 263
48 14 645
48 15 497
48 16 402
48 17 363
48 18 519
48 19 671
48 20 918
48 21 731
48 22 85
48 23 480
48 24 809
48 25 215
48 26 159
48 27 449
48 28 215
48 29 341
48 30 671
48 31 415
48 32 723
48 33 389
48 34 857
48 35 792
48 36 406
48 37 172
48 38 710
48 39 144
48 40 595
48 41 1046
48 42 96
48 43 547
48 44 998
48 45 48
48 46 499
48 47 950
48 48 0
48 49 451
48 50 902
48 51 48
48 52 499
48 53 950
48 54 96
48 55 547
48 56 998
48 57 264
49 0 715
49 1 228
49 2 194
49 3 519
49 4 402
49 5 207
49 6 337
49 7 224
49 8 458
49 9 202
49 10 363
49 11 428
49 12 285
49 13 380
49 14 194
49 15 146
49 16 337
49 17 376
49 18 220
49 19 220
49 20 467
49 21 280
49 22 462
49 23 259
49 24 358
49 25 332
49 26 484
49 27 98
49 28 332
49 29 302
49 30 220
49 31 324
49 32 272
49 33 350
49 34 406
49 35 341
49 36 237
49 37 471
49 38 259
49 39 595
49 40 144
49 41 595
49 42 547
49 43 96
49 44 547
49 45 499
49 46 48
49 47 499
49 48 451
49 49 0
49 50 451
49 51 499
49 52 48
49 53 499
49 54 547
49 55 96
49 56 547
49 57 715
50 0 1166
50 1 679
50 2 545
50 3 220
50 4 853
50 5 532
50 6 788
50 7 419
50 8 185
50 9 345
50 10 376
50 11 311
50 12 736
50 13 831
50 14 545
50 15 597
50 16 788
50 17 827
50 18 671
50 19 519
50 20 272
50 21 267
50 22 913
50 23 710
50 24 189
50 25 783
50 26 935
50 27 549
50 28 783
50 29 753
50 30 519
50 31 775
50 32 467
50 33 801
50 34 237
50 35 302
50 36 688
50 37 922
50 38 480
50 39 1046
50 40 595
50 41 144
50 42 998
50 43 547
50 44 96
50 45 950
50 46 499
50 47 48
50 48 902
50 49 451
50 50 0
50 51 950
50 52 499
50 53 48
50 54 998
50 55 547
50 56 96
50 57 1166
51 0 312
51 1 367
51 2 693
51 3 1018
51 4 385
51 5 706
51 6 450
51 7 723
51 8 957
51 9 605
51 10 862
51 11 927
51 12 502
51 13 215
51 14 693
51 15 449
51 16 450
51 17 411
51 18 567
51 19 719
51 20 966
51 21 779
51 22 133
51 23 528
51 24 857
51 25 263
51 26 207
51 27 497
51 28 263
51 29 389
51 30 719
51 31 463
51 32 771
51 33 437
51 34 809
51 35 744
51 36 454
51 37 220
51 38 758
51 39 192
51 40 643
51 41 1094
51 42 144
51 43 595
51 44 1046
51 45 96
51 46 547
51 47 998
51 48 48
51 49 499
51 50 950
51 51 0
51 52 451
51 53 902
51 54 48
51 55 499
51 56 950
51 57 312
52 0 763
52 1 276
52 2 242
52 3 567
52 4 450
52 5 255
52 6 385
52 7 272
52 8 506
52 9 154
52 10 411
52 11 476
52 12 333
52 13 332
52 14 242
52 15 98
52 16 385
52 17 424
52 18 268
52 19 268
52 20 515
52 21 328
52 22 510
52 23 307
52 24 406
52 25 380
52 26 532
52 27 146
52 28 380
52 29 350
52 30 268
52 31 372
52 32 320
52 33 398
52 34 358
52 35 293
52 36 285
52 37 519
52 38 307
52 39 643
52 40 192
52 41 643
52 42 595
52 43 144
52 44 595
52 45 547
52 46 96
52 47 547
52 48 499
52 49 48
52 50 499
52 51 451
52 52 0
52 53 451
52 54 499
52 55 48
52 56 499
52 57 763
53 0 1214
53 1 727
53 2 593
53 3 268
53 4 901
53 5 580
53 6 836
53 7 467
53 8 233
53 9 297
53 10 424
53 11 359
53 12 784
53 13 783
53 14 593
53 15 549
53 16 836
53 17 875
53 18 719
53 19 567
53 20 320
53 21 315
53 22 961
53 23 758
53 24 237
53 25 831
53 26 983
53 27 597
53 28 831
53 29 801
53 30 567
53 31 823
53 32 515
53 33 849
53 34 189
53 35 254
53 36 736
53 37 970
53 38 528
53 39 1094
53 40 643
53 41 192
53 42 1046
53 43 595
53 44 144
53 45 998
53 46 547
53 47 96
53 48 950
53 49 499
53 50 48
53 51 902
53 52 451
53 53 0
53 54 950
53 55 499
53 56 48
53 57 1214
54 0 360
54 1 415
54 2 741
54 3 1066
54 4 433
54 5 754
54 6 498
54 7 771
54 8 1005
54 9 653
54 10 910
54 11 975
54 12 550
54 13 167
54 14 741
54 15 401
54 16 498
54 17 459
54 18 615
54 19 767
54 20 1014
54 21 827
54 22 181
54 23 576
54 24 905
54 25 311
54 26 255
54 27 545
54 28 311
54 29 437
54 30 767
54 31 511
54 32 819
54 33 485
54 34 761
54 35 696
54 36 502
54 37 268
54 38 806
54 39 240
54 40 691
54 41 1142
54 42 192
54 43 643
54 44 1094
54 45 144
54 46 595
54 47 1046
54 48 96
54 49 547
54 50 998
54 51 48
54 52 499
54 53 950
54 54 0
54 55 451
54 56 902
54 57 360
55 0 811
55 1 324
55 2 290
55 3 615
55 4 498
55 5 303
55 6 433
55 7 320
55 8 554
55 9 202
55 10 459
55 11 524
55 12 381
55 13 284
55 14 290
55 15 50
55 16 433
55 17 472
55 18 316
55 19 316
55 20 563
55 21 376
55 22 558
55 23 355
55 24 454
55 25 428
55 26 580
55 27 194
55 28 428
55 29 398
55 30 316
55 31 420
55 32 368
55 33 446
55 34 310
55 35 245
55 36 333
55 37 567
55 38 355
55 39 691
55 40 240
55 41 691
55 42 643
55 43 192
55 44 643
55 45 595
55 46 144
55 47 595
55 48 547
55 49 96
55 50 547
55 51 499
55 52 48
55 53 499
55 54 451
55 55 0
55 56 451
55 57 811
56 0 1262
56 1 775
56 2 641
56 3 316
56 4 949
56 5 628
56 6 884
56 7 515
56 8 281
56 9 345
56 10 472
56 11 407
56 12 832
56 13 735
56 14 641
56 15 501
56 16 884
56 17 923
56 18 767
56 19 615
56 20 368
56 21 363
56 22 1009
56 23 806
56 24 285
56 25 879
56 26 1031
56 27 645
56 28 879
56 29 849
56 30 615
56 31 871
56 32 563
56 33 897
56 34 141
56 35 206
56 36 784
56 37 1018
56 38 576
56 39 1142
56 40 691
56 41 240
56 42 1094
56 43 643
56 44 192
56 45 1046
56 46 595
56 47 144
56 48 998
56 49 547
56 50 96
56 51 950
56 52 499
56 53 48
56 54 902
56 55 451
56 56 0
56 57 1262
57 0 0
57 1 487
57 2 621
57 3 946
57 4 313
57 5 634
57 6 378
57 7 747
57 8 981
57 9 917
57 10 790
57 11 855
57 12 430
57 13 527
57 14 621
57 15 761
57 16 378
57 17 339
57 18 495
57 19 647
57 20 894
57 21 899
57 22 253
57 23 456
57 24 977
57 25 383
57 26 231
57 27 617
57 28 383
57 29 413
57 30 647
57 31 391
57 32 699
57 33 365
57 34 1121
57 35 1056
57 36 478
57 37 244
57 38 686
57 39 120
57 40 571
57 41 1022
57 42 168
57 43 619
57 44 1070
57 45 216
57 46 667
57 47 1118
57 48 264
57 49 715
57 50 1166
57 51 312
57 52 763
57 53 1214
57 54 360
57 55 811
57 56 1262
57 57 0
//Location coordinates LocationName
//Loc x y
0 0.0 0.0 "depot"
1 96.0 391.0 "product aisle 2 bloc 0 rank 38"
2 0.0 621.0 "product aisle 0 bloc 1 rank 3"
3 0.0 946.0 "product aisle 0 bloc 1 rank 54"
4 0.0 313.0 "product aisle 0 bloc 0 rank 25"
5 0.0 634.0 "product aisle 0 bloc 1 rank 5"
6 0.0 378.0 "product aisle 0 bloc 0 rank 36"
7 48.0 699.0 "product aisle 1 bloc 1 rank 16"
8 48.0 933.0 "product aisle 1 bloc 1 rank 51"
9 192.0 725.0 "product aisle 4 bloc 1 rank 20"
10 0.0 790.0 "product aisle 0 bloc 1 rank 29"
11 0.0 855.0 "product aisle 0 bloc 1 rank 40"
12 0.0 430.0 "product aisle 0 bloc 0 rank 43"
13 240.0 287.0 "product aisle 5 bloc 0 rank 21"
14 0.0 621.0 "product aisle 0 bloc 1 rank 4"
15 240.0 521.0 "product aisle 5 bloc 0 rank 58"
16 0.0 378.0 "product aisle 0 bloc 0 rank 35"
17 0.0 339.0 "product aisle 0 bloc 0 rank 29"
18 0.0 495.0 "product aisle 0 bloc 0 rank 53"
19 0.0 647.0 "product aisle 0 bloc 1 rank 7"
20 0.0 894.0 "product aisle 0 bloc 1 rank 45"
21 96.0 803.0 "product aisle 2 bloc 1 rank 32"
22 96.0 157.0 "product aisle 2 bloc 0 rank 1"
23 0.0 456.0 "product aisle 0 bloc 0 rank 48"
24 96.0 881.0 "product aisle 2 bloc 1 rank 44"
25 96.0 287.0 "product aisle 2 bloc 0 rank 22"
26 48.0 183.0 "product aisle 1 bloc 0 rank 6"
27 96.0 521.0 "product aisle 2 bloc 0 rank 58"
28 96.0 287.0 "product aisle 2 bloc 0 rank 21"
29 48.0 365.0 "product aisle 1 bloc 0 rank 34"
30 0.0 647.0 "product aisle 0 bloc 1 rank 8"
31 0.0 391.0 "product aisle 0 bloc 0 rank 38"
32 0.0 699.0 "product aisle 0 bloc 1 rank 16"
33 0.0 365.0 "product aisle 0 bloc 0 rank 34"
34 240.0 881.0 "product aisle 5 bloc 1 rank 44"
35 240.0 816.0 "product aisle 5 bloc 1 rank 34"
36 48.0 430.0 "product aisle 1 bloc 0 rank 44"
37 48.0 196.0 "product aisle 1 bloc 0 rank 7"
38 0.0 686.0 "product aisle 0 bloc 1 rank 13"
39 24.0 120.0 "intersection aisle 0 bloc 0 rank 0"
40 24.0 571.0 "intersection aisle 0 bloc 1 rank 1"
41 24.0 1022.0 "intersection aisle 0 bloc 2 rank 2"
42 72.0 120.0 "intersection aisle 1 bloc 0 rank 0"
43 72.0 571.0 "intersection aisle 1 bloc 1 rank 1"
44 72.0 1022.0 "intersection aisle 1 bloc 2 rank 2"
45 120.0 120.0 "intersection aisle 2 bloc 0 rank 0"
46 120.0 571.0 "intersection aisle 2 bloc 1 rank 1"
47 120.0 1022.0 "intersection aisle 2 bloc 2 rank 2"
48 168.0 120.0 "intersection aisle 3 bloc 0 rank 0"
49 168.0 571.0 "intersection aisle 3 bloc 1 rank 1"
50 168.0 1022.0 "intersection aisle 3 bloc 2 rank 2"
51 216.0 120.0 "intersection aisle 4 bloc 0 rank 0"
52 216.0 571.0 "intersection aisle 4 bloc 1 rank 1"
53 216.0 1022.0 "intersection aisle 4 bloc 2 rank 2"
54 264.0 120.0 "intersection aisle 5 bloc 0 rank 0"
55 264.0 571.0 "intersection aisle 5 bloc 1 rank 1"
56 264.0 1022.0 "intersection aisle 5 bloc 2 rank 2"
57 0.0 0.0 "depot"
