//alpha
1
//NbLocations
88
//NbProducts
33
//NbPickers
2
//CapaPicker
12
//TimeToTravelOneDistanceUnit
3
//SetupTime
5400
//PickTime
300
//Products
//Idx Location Size
1 1 1
2 2 1
3 3 1
4 4 1
5 5 1
6 6 1
7 7 1
8 8 1
9 9 1
10 10 1
11 11 1
12 12 1
13 13 1
14 14 1
15 15 1
16 16 1
17 17 1
18 18 1
19 19 1
20 20 1
21 21 1
22 22 1
23 23 1
24 24 1
25 25 1
26 26 1
27 27 1
28 28 1
29 29 1
30 30 1
31 31 1
32 32 1
33 33 1
//Orders
//NbOrders
12
//Idx DueDate TardinessPenalty NbProdInOrder ProdIdx1 Qty1 ProdIdx2 Qty2 ...
1 54000 0 1 1 1
2 126000 0 3 2 1 3 1 4 1
3 36000 0 1 5 1
4 36000 0 11 6 1 7 1 8 1 9 1 10 1 11 1 12 1 13 1 14 1 15 1 16 1
5 72000 0 2 17 1 18 1
6 54000 0 2 19 1 20 1
7 72000 0 2 21 1 22 1
8 108000 0 1 23 1
9 54000 0 3 24 1 25 1 26 1
10 54000 0 3 27 1 28 1 29 1
11 36000 0 1 30 1
12 108000 0 3 31 1 32 1 33 1
//Graph (Products are vertices indexed from 1 to NbProducts)
//NbVerticesIntersections
54
//DepartingDepot
0
//ArrivalDepot
88
//Arcs
//Start End Distance
0 34 120
1 14 143
1 24 65
2 22 273
2 42 37
3 29 182
3 57 596
4 33 39
4 45 141
5 14 104
5 35 128
6 10 325
6 38 76
7 16 26
7 19 169
8 55 1064
8 56 167
9 24 585
9 34 206
10 6 325
10 31 390
11 86 830
11 87 401
12 22 39
12 27 39
13 18 13
13 21 390
14 1 143
14 5 104
15 19 481
15 27 78
16 7 26
16 41 89
17 35 1012
17 36 219
18 13 13
18 41 518
19 7 169
19 15 481
20 64 89
20 65 1142
21 13 390
21 40 310
22 2 273
22 12 39
23 25 208
23 38 76
24 1 65
24 9 585
25 23 208
25 30 247
26 82 973
26 83 258
27 12 39
27 15 78
28 59 752
28 60 479
29 3 182
29 56 453
30 25 247
30 37 700
31 10 390
31 32 13
32 31 13
32 39 427
33 4 39
33 44 1051
34 9 206
34 37 48
34 88 120
35 5 128
35 17 1012
35 38 48
36 17 219
36 39 48
37 30 700
37 34 48
37 40 48
38 6 76
38 23 76
38 35 48
38 41 48
39 32 427
39 36 48
39 42 48
40 21 310
40 37 48
40 43 48
41 16 89
41 18 518
41 38 48
41 44 48
42 2 37
42 39 48
42 45 48
43 40 48
43 44 1231
43 46 48
44 33 1051
44 41 48
44 43 1231
44 47 48
45 4 141
45 42 48
45 48 48
46 43 48
46 47 1231
46 49 48
47 44 48
47 46 1231
47 48 1231
47 50 48
48 45 48
48 47 1231
48 51 48
49 46 48
49 50 1231
49 52 48
50 47 48
50 49 1231
50 51 1231
50 53 48
51 48 48
51 50 1231
51 54 48
52 49 48
52 53 1231
52 55 48
53 50 48
53 52 1231
53 54 1231
53 56 48
54 51 48
54 53 1231
54 57 48
55 8 1064
55 52 48
55 58 48
56 8 167
56 29 453
56 53 48
56 59 48
57 3 596
57 54 48
57 60 48
58 55 48
58 59 1231
58 61 48
59 28 752
59 56 48
59 58 1231
59 62 48
60 28 479
60 57 48
60 63 48
61 58 48
61 62 1231
61 64 48
62 59 48
62 61 1231
62 63 1231
62 65 48
63 60 48
63 62 1231
63 66 48
64 20 89
64 61 48
64 67 48
65 20 1142
65 62 48
65 66 1231
65 68 48
66 63 48
66 65 1231
66 69 48
67 64 48
67 68 1231
67 70 48
68 65 48
68 67 1231
68 69 1231
68 71 48
69 66 48
69 68 1231
69 72 48
70 67 48
70 71 1231
70 73 48
71 68 48
71 70 1231
71 72 1231
71 74 48
72 69 48
72 71 1231
72 75 48
73 70 48
73 74 1231
73 76 48
74 71 48
74 73 1231
74 75 1231
74 77 48
75 72 48
75 74 1231
75 78 48
76 73 48
76 77 1231
76 79 48
77 74 48
77 76 1231
77 78 1231
77 80 48
78 75 48
78 77 1231
78 81 48
79 76 48
79 80 1231
79 82 48
80 77 48
80 79 1231
80 81 1231
80 83 48
81 78 48
81 80 1231
81 84 48
82 26 973
82 79 48
82 85 48
83 26 258
83 80 48
83 84 1231
83 86 48
84 81 48
84 83 1231
84 87 48
85 82 48
85 86 1231
86 11 830
86 83 48
86 85 1231
87 11 401
87 84 48
//LocStart LocEnd ShortestPath
0 0 0
0 1 976
0 2 2641
0 3 2322
0 4 2585
0 5 1223
0 6 1475
0 7 1562
0 8 1520
0 9 326
0 10 1800
0 11 2997
0 12 2329
0 13 916
0 14 1119
0 15 2212
0 16 1536
0 17 2363
0 18 929
0 19 1731
0 20 689
0 21 526
0 22 2368
0 23 1323
0 24 911
0 25 1115
0 26 1861
0 27 2290
0 28 2487
0 29 2140
0 30 868
0 31 2190
0 32 2203
0 33 2546
0 34 120
0 35 1351
0 36 2582
0 37 168
0 38 1399
0 39 2630
0 40 216
0 41 1447
0 42 2678
0 43 264
0 44 1495
0 45 2726
0 46 312
0 47 1543
0 48 2774
0 49 360
0 50 1591
0 51 2822
0 52 408
0 53 1639
0 54 2870
0 55 456
0 56 1687
0 57 2918
0 58 504
0 59 1735
0 60 2966
0 61 552
0 62 1783
0 63 3014
0 64 600
0 65 1831
0 66 3062
0 67 648
0 68 1879
0 69 3110
0 70 696
0 71 1927
0 72 3158
0 73 744
0 74 1975
0 75 3206
0 76 792
0 77 2023
0 78 3254
0 79 840
0 80 2071
0 81 3302
0 82 888
0 83 2119
0 84 3350
0 85 936
0 86 2167
0 87 3398
0 88 0
1 0 976
1 1 0
1 2 1665
1 3 1346
1 4 1609
1 5 247
1 6 499
1 7 586
1 8 878
1 9 650
1 10 824
1 11 2021
1 12 1353
1 13 1002
1 14 143
1 15 1236
1 16 560
1 17 1387
1 18 989
1 19 755
1 20 1425
1 21 1262
1 22 1392
1 23 499
1 24 65
1 25 707
1 26 1401
1 27 1314
1 28 1511
1 29 1164
1 30 954
1 31 1214
1 32 1227
1 33 1570
1 34 856
1 35 375
1 36 1606
1 37 904
1 38 423
1 39 1654
1 40 952
1 41 471
1 42 1702
1 43 1000
1 44 519
1 45 1750
1 46 1048
1 47 567
1 48 1798
1 49 1096
1 50 615
1 51 1846
1 52 1144
1 53 663
1 54 1894
1 55 1192
1 56 711
1 57 1942
1 58 1240
1 59 759
1 60 1990
1 61 1288
1 62 807
1 63 2038
1 64 1336
1 65 855
1 66 2086
1 67 1384
1 68 903
1 69 2134
1 70 1432
1 71 951
1 72 2182
1 73 1480
1 74 999
1 75 2230
1 76 1528
1 77 1047
1 78 2278
1 79 1576
1 80 1095
1 81 2326
1 82 1624
1 83 1143
1 84 2374
1 85 1672
1 86 1191
1 87 2422
1 88 976
2 0 2641
2 1 1665
2 2 0
2 3 873
2 4 226
2 5 1418
2 6 1240
2 7 1079
2 8 1601
2 9 2315
2 10 915
2 11 1158
2 12 312
2 13 1725
2 14 1522
2 15 429
2 16 1105
2 17 352
2 18 1712
2 19 910
2 20 2720
2 21 2115
2 22 273
2 23 1318
2 24 1730
2 25 1526
2 26 2124
2 27 351
2 28 804
2 29 1055
2 30 1773
2 31 525
2 32 512
2 33 265
2 34 2521
2 35 1290
2 36 133
2 37 2473
2 38 1242
2 39 85
2 40 2425
2 41 1194
2 42 37
2 43 2473
2 44 1242
2 45 85
2 46 2521
2 47 1290
2 48 133
2 49 2569
2 50 1338
2 51 181
2 52 2617
2 53 1386
2 54 229
2 55 2665
2 56 1434
2 57 277
2 58 2713
2 59 1482
2 60 325
2 61 2761
2 62 1530
2 63 373
2 64 2809
2 65 1578
2 66 421
2 67 2857
2 68 1626
2 69 469
2 70 2905
2 71 1674
2 72 517
2 73 2953
2 74 1722
2 75 565
2 76 3001
2 77 1770
2 78 613
2 79 3049
2 80 1818
2 81 661
2 82 3097
2 83 1866
2 84 709
2 85 3145
2 86 1914
2 87 757
2 88 2641
3 0 2322
3 1 1346
3 2 873
3 3 0
3 4 929
3 5 1099
3 6 999
3 7 990
3 8 802
3 9 1996
3 10 1324
3 11 1477
3 12 1185
3 13 1406
3 14 1203
3 15 1302
3 16 964
3 17 1151
3 18 1393
3 19 1159
3 20 1921
3 21 1796
3 22 1146
3 23 999
3 24 1411
3 25 1207
3 26 1325
3 27 1224
3 28 1123
3 29 182
3 30 1454
3 31 1324
3 32 1311
3 33 968
3 34 2202
3 35 971
3 36 932
3 37 2154
3 38 923
3 39 884
3 40 2106
3 41 875
3 42 836
3 43 2058
3 44 827
3 45 788
3 46 2010
3 47 779
3 48 740
3 49 1962
3 50 731
3 51 692
3 52 1914
3 53 683
3 54 644
3 55 1866
3 56 635
3 57 596
3 58 1914
3 59 683
3 60 644
3 61 1962
3 62 731
3 63 692
3 64 2010
3 65 779
3 66 740
3 67 2058
3 68 827
3 69 788
3 70 2106
3 71 875
3 72 836
3 73 2154
3 74 923
3 75 884
3 76 2202
3 77 971
3 78 932
3 79 2250
3 80 1019
3 81 980
3 82 2298
3 83 1067
3 84 1028
3 85 2346
3 86 1115
3 87 1076
3 88 2322
4 0 2585
4 1 1609
4 2 226
4 3 929
4 4 0
4 5 1362
4 6 1262
4 7 1253
4 8 1449
4 9 2259
4 10 1067
4 11 1214
4 12 538
4 13 1669
4 14 1466
4 15 655
4 16 1227
4 17 504
4 18 1656
4 19 1136
4 20 2568
4 21 2059
4 22 499
4 23 1262
4 24 1674
4 25 1470
4 26 1972
4 27 577
4 28 860
4 29 1111
4 30 1717
4 31 677
4 32 664
4 33 39
4 34 2465
4 35 1234
4 36 285
4 37 2417
4 38 1186
4 39 237
4 40 2369
4 41 1138
4 42 189
4 43 2321
4 44 1090
4 45 141
4 46 2369
4 47 1138
4 48 189
4 49 2417
4 50 1186
4 51 237
4 52 2465
4 53 1234
4 54 285
4 55 2513
4 56 1282
4 57 333
4 58 2561
4 59 1330
4 60 381
4 61 2609
4 62 1378
4 63 429
4 64 2657
4 65 1426
4 66 477
4 67 2705
4 68 1474
4 69 525
4 70 2753
4 71 1522
4 72 573
4 73 2801
4 74 1570
4 75 621
4 76 2849
4 77 1618
4 78 669
4 79 2897
4 80 1666
4 81 717
4 82 2945
4 83 1714
4 84 765
4 85 2993
4 86 1762
4 87 813
4 88 2585
5 0 1223
5 1 247
5 2 1418
5 3 1099
5 4 1362
5 5 0
5 6 252
5 7 339
5 8 631
5 9 897
5 10 577
5 11 1774
5 12 1106
5 13 755
5 14 104
5 15 989
5 16 313
5 17 1140
5 18 742
5 19 508
5 20 1672
5 21 1145
5 22 1145
5 23 252
5 24 312
5 25 460
5 26 1154
5 27 1067
5 28 1264
5 29 917
5 30 707
5 31 967
5 32 980
5 33 1323
5 34 1103
5 35 128
5 36 1359
5 37 1151
5 38 176
5 39 1407
5 40 1199
5 41 224
5 42 1455
5 43 1247
5 44 272
5 45 1503
5 46 1295
5 47 320
5 48 1551
5 49 1343
5 50 368
5 51 1599
5 52 1391
5 53 416
5 54 1647
5 55 1439
5 56 464
5 57 1695
5 58 1487
5 59 512
5 60 1743
5 61 1535
5 62 560
5 63 1791
5 64 1583
5 65 608
5 66 1839
5 67 1631
5 68 656
5 69 1887
5 70 1679
5 71 704
5 72 1935
5 73 1727
5 74 752
5 75 1983
5 76 1775
5 77 800
5 78 2031
5 79 1823
5 80 848
5 81 2079
5 82 1871
5 83 896
5 84 2127
5 85 1919
5 86 944
5 87 2175
5 88 1223
6 0 1475
6 1 499
6 2 1240
6 3 999
6 4 1262
6 5 252
6 6 0
6 7 239
6 8 531
6 9 1149
6 10 325
6 11 1674
6 12 1006
6 13 655
6 14 356
6 15 889
6 16 213
6 17 1136
6 18 642
6 19 408
6 20 1650
6 21 1045
6 22 1045
6 23 152
6 24 564
6 25 360
6 26 1054
6 27 967
6 28 1164
6 29 817
6 30 607
6 31 715
6 32 728
6 33 1223
6 34 1355
6 35 124
6 36 1203
6 37 1307
6 38 76
6 39 1155
6 40 1355
6 41 124
6 42 1203
6 43 1403
6 44 172
6 45 1251
6 46 1451
6 47 220
6 48 1299
6 49 1499
6 50 268
6 51 1347
6 52 1547
6 53 316
6 54 1395
6 55 1595
6 56 364
6 57 1443
6 58 1643
6 59 412
6 60 1491
6 61 1691
6 62 460
6 63 1539
6 64 1739
6 65 508
6 66 1587
6 67 1787
6 68 556
6 69 1635
6 70 1835
6 71 604
6 72 1683
6 73 1883
6 74 652
6 75 1731
6 76 1931
6 77 700
6 78 1779
6 79 1979
6 80 748
6 81 1827
6 82 2027
6 83 796
6 84 1875
6 85 2075
6 86 844
6 87 1923
6 88 1475
7 0 1562
7 1 586
7 2 1079
7 3 990
7 4 1253
7 5 339
7 6 239
7 7 0
7 8 522
7 9 1236
7 10 564
7 11 1665
7 12 767
7 13 646
7 14 443
7 15 650
7 16 26
7 17 1223
7 18 633
7 19 169
7 20 1641
7 21 1036
7 22 806
7 23 239
7 24 651
7 25 447
7 26 1045
7 27 728
7 28 1155
7 29 808
7 30 694
7 31 954
7 32 967
7 33 1214
7 34 1442
7 35 211
7 36 1212
7 37 1394
7 38 163
7 39 1164
7 40 1346
7 41 115
7 42 1116
7 43 1394
7 44 163
7 45 1164
7 46 1442
7 47 211
7 48 1212
7 49 1490
7 50 259
7 51 1260
7 52 1538
7 53 307
7 54 1308
7 55 1586
7 56 355
7 57 1356
7 58 1634
7 59 403
7 60 1404
7 61 1682
7 62 451
7 63 1452
7 64 1730
7 65 499
7 66 1500
7 67 1778
7 68 547
7 69 1548
7 70 1826
7 71 595
7 72 1596
7 73 1874
7 74 643
7 75 1644
7 76 1922
7 77 691
7 78 1692
7 79 1970
7 80 739
7 81 1740
7 82 2018
7 83 787
7 84 1788
7 85 2066
7 86 835
7 87 1836
7 88 1562
8 0 1520
8 1 878
8 2 1601
8 3 802
8 4 1449
8 5 631
8 6 531
8 7 522
8 8 0
8 9 1528
8 10 856
8 11 1477
8 12 1289
8 13 938
8 14 735
8 15 1172
8 16 496
8 17 1515
8 18 925
8 19 691
8 20 1297
8 21 1328
8 22 1328
8 23 531
8 24 943
8 25 739
8 26 857
8 27 1250
8 28 967
8 29 620
8 30 986
8 31 1246
8 32 1259
8 33 1410
8 34 1400
8 35 503
8 36 1734
8 37 1352
8 38 455
8 39 1686
8 40 1304
8 41 407
8 42 1638
8 43 1256
8 44 359
8 45 1590
8 46 1208
8 47 311
8 48 1542
8 49 1160
8 50 263
8 51 1494
8 52 1112
8 53 215
8 54 1446
8 55 1064
8 56 167
8 57 1398
8 58 1112
8 59 215
8 60 1446
8 61 1160
8 62 263
8 63 1494
8 64 1208
8 65 311
8 66 1542
8 67 1256
8 68 359
8 69 1590
8 70 1304
8 71 407
8 72 1638
8 73 1352
8 74 455
8 75 1686
8 76 1400
8 77 503
8 78 1734
8 79 1448
8 80 551
8 81 1782
8 82 1496
8 83 599
8 84 1830
8 85 1544
8 86 647
8 87 1878
8 88 1520
9 0 326
9 1 650
9 2 2315
9 3 1996
9 4 2259
9 5 897
9 6 1149
9 7 1236
9 8 1528
9 9 0
9 10 1474
9 11 2671
9 12 2003
9 13 1002
9 14 793
9 15 1886
9 16 1210
9 17 2037
9 18 1015
9 19 1405
9 20 775
9 21 612
9 22 2042
9 23 1149
9 24 585
9 25 1201
9 26 1947
9 27 1964
9 28 2161
9 29 1814
9 30 954
9 31 1864
9 32 1877
9 33 2220
9 34 206
9 35 1025
9 36 2256
9 37 254
9 38 1073
9 39 2304
9 40 302
9 41 1121
9 42 2352
9 43 350
9 44 1169
9 45 2400
9 46 398
9 47 1217
9 48 2448
9 49 446
9 50 1265
9 51 2496
9 52 494
9 53 1313
9 54 2544
9 55 542
9 56 1361
9 57 2592
9 58 590
9 59 1409
9 60 2640
9 61 638
9 62 1457
9 63 2688
9 64 686
9 65 1505
9 66 2736
9 67 734
9 68 1553
9 69 2784
9 70 782
9 71 1601
9 72 2832
9 73 830
9 74 1649
9 75 2880
9 76 878
9 77 1697
9 78 2928
9 79 926
9 80 1745
9 81 2976
9 82 974
9 83 1793
9 84 3024
9 85 1022
9 86 1841
9 87 3072
9 88 326
10 0 1800
10 1 824
10 2 915
10 3 1324
10 4 1067
10 5 577
10 6 325
10 7 564
10 8 856
10 9 1474
10 10 0
10 11 1999
10 12 1227
10 13 980
10 14 681
10 15 1214
10 16 538
10 17 1097
10 18 967
10 19 733
10 20 1975
10 21 1370
10 22 1188
10 23 477
10 24 889
10 25 685
10 26 1379
10 27 1266
10 28 1489
10 29 1142
10 30 932
10 31 390
10 32 403
10 33 1106
10 34 1680
10 35 449
10 36 878
10 37 1632
10 38 401
10 39 830
10 40 1680
10 41 449
10 42 878
10 43 1728
10 44 497
10 45 926
10 46 1776
10 47 545
10 48 974
10 49 1824
10 50 593
10 51 1022
10 52 1872
10 53 641
10 54 1070
10 55 1920
10 56 689
10 57 1118
10 58 1968
10 59 737
10 60 1166
10 61 2016
10 62 785
10 63 1214
10 64 2064
10 65 833
10 66 1262
10 67 2112
10 68 881
10 69 1310
10 70 2160
10 71 929
10 72 1358
10 73 2208
10 74 977
10 75 1406
10 76 2256
10 77 1025
10 78 1454
10 79 2304
10 80 1073
10 81 1502
10 82 2352
10 83 1121
10 84 1550
10 85 2400
10 86 1169
10 87 1598
10 88 1800
11 0 2997
11 1 2021
11 2 1158
11 3 1477
11 4 1214
11 5 1774
11 6 1674
11 7 1665
11 8 1477
11 9 2671
11 10 1999
11 11 0
11 12 1470
11 13 2081
11 14 1878
11 15 1587
11 16 1639
11 17 1436
11 18 2068
11 19 1834
11 20 2308
11 21 2471
11 22 1431
11 23 1674
11 24 2086
11 25 1882
11 26 1136
11 27 1509
11 28 1312
11 29 1659
11 30 2129
11 31 1609
11 32 1596
11 33 1253
11 34 2877
11 35 1646
11 36 1217
11 37 2829
11 38 1598
11 39 1169
11 40 2781
11 41 1550
11 42 1121
11 43 2733
11 44 1502
11 45 1073
11 46 2685
11 47 1454
11 48 1025
11 49 2637
11 50 1406
11 51 977
11 52 2589
11 53 1358
11 54 929
11 55 2541
11 56 1310
11 57 881
11 58 2493
11 59 1262
11 60 833
11 61 2445
11 62 1214
11 63 785
11 64 2397
11 65 1166
11 66 737
11 67 2349
11 68 1118
11 69 689
11 70 2301
11 71 1070
11 72 641
11 73 2253
11 74 1022
11 75 593
11 76 2205
11 77 974
11 78 545
11 79 2157
11 80 926
11 81 497
11 82 2109
11 83 878
11 84 449
11 85 2061
11 86 830
11 87 401
11 88 2997
12 0 2329
12 1 1353
12 2 312
12 3 1185
12 4 538
12 5 1106
12 6 1006
12 7 767
12 8 1289
12 9 2003
12 10 1227
12 11 1470
12 12 0
12 13 1413
12 14 1210
12 15 117
12 16 793
12 17 664
12 18 1400
12 19 598
12 20 2408
12 21 1803
12 22 39
12 23 1006
12 24 1418
12 25 1214
12 26 1812
12 27 39
12 28 1116
12 29 1367
12 30 1461
12 31 837
12 32 824
12 33 577
12 34 2209
12 35 978
12 36 445
12 37 2161
12 38 930
12 39 397
12 40 2113
12 41 882
12 42 349
12 43 2161
12 44 930
12 45 397
12 46 2209
12 47 978
12 48 445
12 49 2257
12 50 1026
12 51 493
12 52 2305
12 53 1074
12 54 541
12 55 2353
12 56 1122
12 57 589
12 58 2401
12 59 1170
12 60 637
12 61 2449
12 62 1218
12 63 685
12 64 2497
12 65 1266
12 66 733
12 67 2545
12 68 1314
12 69 781
12 70 2593
12 71 1362
12 72 829
12 73 2641
12 74 1410
12 75 877
12 76 2689
12 77 1458
12 78 925
12 79 2737
12 80 1506
12 81 973
12 82 2785
12 83 1554
12 84 1021
12 85 2833
12 86 1602
12 87 1069
12 88 2329
13 0 916
13 1 1002
13 2 1725
13 3 1406
13 4 1669
13 5 755
13 6 655
13 7 646
13 8 938
13 9 1002
13 10 980
13 11 2081
13 12 1413
13 13 0
13 14 859
13 15 1296
13 16 620
13 17 1639
13 18 13
13 19 815
13 20 1173
13 21 390
13 22 1452
13 23 655
13 24 1067
13 25 863
13 26 1461
13 27 1374
13 28 1571
13 29 1224
13 30 1110
13 31 1370
13 32 1383
13 33 1630
13 34 796
13 35 627
13 36 1858
13 37 748
13 38 579
13 39 1810
13 40 700
13 41 531
13 42 1762
13 43 748
13 44 579
13 45 1810
13 46 796
13 47 627
13 48 1858
13 49 844
13 50 675
13 51 1906
13 52 892
13 53 723
13 54 1954
13 55 940
13 56 771
13 57 2002
13 58 988
13 59 819
13 60 2050
13 61 1036
13 62 867
13 63 2098
13 64 1084
13 65 915
13 66 2146
13 67 1132
13 68 963
13 69 2194
13 70 1180
13 71 1011
13 72 2242
13 73 1228
13 74 1059
13 75 2290
13 76 1276
13 77 1107
13 78 2338
13 79 1324
13 80 1155
13 81 2386
13 82 1372
13 83 1203
13 84 2434
13 85 1420
13 86 1251
13 87 2482
13 88 916
14 0 1119
14 1 143
14 2 1522
14 3 1203
14 4 1466
14 5 104
14 6 356
14 7 443
14 8 735
14 9 793
14 10 681
14 11 1878
14 12 1210
14 13 859
14 14 0
14 15 1093
14 16 417
14 17 1244
14 18 846
14 19 612
14 20 1568
14 21 1249
14 22 1249
14 23 356
14 24 208
14 25 564
14 26 1258
14 27 1171
14 28 1368
14 29 1021
14 30 811
14 31 1071
14 32 1084
14 33 1427
14 34 999
14 35 232
14 36 1463
14 37 1047
14 38 280
14 39 1511
14 40 1095
14 41 328
14 42 1559
14 43 1143
14 44 376
14 45 1607
14 46 1191
14 47 424
14 48 1655
14 49 1239
14 50 472
14 51 1703
14 52 1287
14 53 520
14 54 1751
14 55 1335
14 56 568
14 57 1799
14 58 1383
14 59 616
14 60 1847
14 61 1431
14 62 664
14 63 1895
14 64 1479
14 65 712
14 66 1943
14 67 1527
14 68 760
14 69 1991
14 70 1575
14 71 808
14 72 2039
14 73 1623
14 74 856
14 75 2087
14 76 1671
14 77 904
14 78 2135
14 79 1719
14 80 952
14 81 2183
14 82 1767
14 83 1000
14 84 2231
14 85 1815
14 86 1048
14 87 2279
14 88 1119
15 0 2212
15 1 1236
15 2 429
15 3 1302
15 4 655
15 5 989
15 6 889
15 7 650
15 8 1172
15 9 1886
15 10 1214
15 11 1587
15 12 117
15 13 1296
15 14 1093
15 15 0
15 16 676
15 17 781
15 18 1283
15 19 481
15 20 2291
15 21 1686
15 22 156
15 23 889
15 24 1301
15 25 1097
15 26 1695
15 27 78
15 28 1233
15 29 1458
15 30 1344
15 31 954
15 32 941
15 33 694
15 34 2092
15 35 861
15 36 562
15 37 2044
15 38 813
15 39 514
15 40 1996
15 41 765
15 42 466
15 43 2044
15 44 813
15 45 514
15 46 2092
15 47 861
15 48 562
15 49 2140
15 50 909
15 51 610
15 52 2188
15 53 957
15 54 658
15 55 2236
15 56 1005
15 57 706
15 58 2284
15 59 1053
15 60 754
15 61 2332
15 62 1101
15 63 802
15 64 2380
15 65 1149
15 66 850
15 67 2428
15 68 1197
15 69 898
15 70 2476
15 71 1245
15 72 946
15 73 2524
15 74 1293
15 75 994
15 76 2572
15 77 1341
15 78 1042
15 79 2620
15 80 1389
15 81 1090
15 82 2668
15 83 1437
15 84 1138
15 85 2716
15 86 1485
15 87 1186
15 88 2212
16 0 1536
16 1 560
16 2 1105
16 3 964
16 4 1227
16 5 313
16 6 213
16 7 26
16 8 496
16 9 1210
16 10 538
16 11 1639
16 12 793
16 13 620
16 14 417
16 15 676
16 16 0
16 17 1197
16 18 607
16 19 195
16 20 1615
16 21 1010
16 22 832
16 23 213
16 24 625
16 25 421
16 26 1019
16 27 754
16 28 1129
16 29 782
16 30 668
16 31 928
16 32 941
16 33 1188
16 34 1416
16 35 185
16 36 1238
16 37 1368
16 38 137
16 39 1190
16 40 1320
16 41 89
16 42 1142
16 43 1368
16 44 137
16 45 1190
16 46 1416
16 47 185
16 48 1238
16 49 1464
16 50 233
16 51 1286
16 52 1512
16 53 281
16 54 1334
16 55 1560
16 56 329
16 57 1382
16 58 1608
16 59 377
16 60 1430
16 61 1656
16 62 425
16 63 1478
16 64 1704
16 65 473
16 66 1526
16 67 1752
16 68 521
16 69 1574
16 70 1800
16 71 569
16 72 1622
16 73 1848
16 74 617
16 75 1670
16 76 1896
16 77 665
16 78 1718
16 79 1944
16 80 713
16 81 1766
16 82 1992
16 83 761
16 84 1814
16 85 2040
16 86 809
16 87 1862
16 88 1536
17 0 2363
17 1 1387
17 2 352
17 3 1151
17 4 504
17 5 1140
17 6 1136
17 7 1223
17 8 1515
17 9 2037
17 10 1097
17 11 1436
17 12 664
17 13 1639
17 14 1244
17 15 781
17 16 1197
17 17 0
17 18 1626
17 19 1262
17 20 2634
17 21 2029
17 22 625
17 23 1136
17 24 1452
17 25 1344
17 26 2038
17 27 703
17 28 1082
17 29 1333
17 30 1591
17 31 707
17 32 694
17 33 543
17 34 2243
17 35 1012
17 36 219
17 37 2291
17 38 1060
17 39 267
17 40 2339
17 41 1108
17 42 315
17 43 2387
17 44 1156
17 45 363
17 46 2435
17 47 1204
17 48 411
17 49 2483
17 50 1252
17 51 459
17 52 2531
17 53 1300
17 54 507
17 55 2579
17 56 1348
17 57 555
17 58 2627
17 59 1396
17 60 603
17 61 2675
17 62 1444
17 63 651
17 64 2723
17 65 1492
17 66 699
17 67 2771
17 68 1540
17 69 747
17 70 2819
17 71 1588
17 72 795
17 73 2867
17 74 1636
17 75 843
17 76 2915
17 77 1684
17 78 891
17 79 2963
17 80 1732
17 81 939
17 82 3011
17 83 1780
17 84 987
17 85 3059
17 86 1828
17 87 1035
17 88 2363
18 0 929
18 1 989
18 2 1712
18 3 1393
18 4 1656
18 5 742
18 6 642
18 7 633
18 8 925
18 9 1015
18 10 967
18 11 2068
18 12 1400
18 13 13
18 14 846
18 15 1283
18 16 607
18 17 1626
18 18 0
18 19 802
18 20 1186
18 21 403
18 22 1439
18 23 642
18 24 1054
18 25 850
18 26 1448
18 27 1361
18 28 1558
18 29 1211
18 30 1097
18 31 1357
18 32 1370
18 33 1617
18 34 809
18 35 614
18 36 1845
18 37 761
18 38 566
18 39 1797
18 40 713
18 41 518
18 42 1749
18 43 761
18 44 566
18 45 1797
18 46 809
18 47 614
18 48 1845
18 49 857
18 50 662
18 51 1893
18 52 905
18 53 710
18 54 1941
18 55 953
18 56 758
18 57 1989
18 58 1001
18 59 806
18 60 2037
18 61 1049
18 62 854
18 63 2085
18 64 1097
18 65 902
18 66 2133
18 67 1145
18 68 950
18 69 2181
18 70 1193
18 71 998
18 72 2229
18 73 1241
18 74 1046
18 75 2277
18 76 1289
18 77 1094
18 78 2325
18 79 1337
18 80 1142
18 81 2373
18 82 1385
18 83 1190
18 84 2421
18 85 1433
18 86 1238
18 87 2469
18 88 929
19 0 1731
19 1 755
19 2 910
19 3 1159
19 4 1136
19 5 508
19 6 408
19 7 169
19 8 691
19 9 1405
19 10 733
19 11 1834
19 12 598
19 13 815
19 14 612
19 15 481
19 16 195
19 17 1262
19 18 802
19 19 0
19 20 1810
19 21 1205
19 22 637
19 23 408
19 24 820
19 25 616
19 26 1214
19 27 559
19 28 1324
19 29 977
19 30 863
19 31 1123
19 32 1136
19 33 1175
19 34 1611
19 35 380
19 36 1043
19 37 1563
19 38 332
19 39 995
19 40 1515
19 41 284
19 42 947
19 43 1563
19 44 332
19 45 995
19 46 1611
19 47 380
19 48 1043
19 49 1659
19 50 428
19 51 1091
19 52 1707
19 53 476
19 54 1139
19 55 1755
19 56 524
19 57 1187
19 58 1803
19 59 572
19 60 1235
19 61 1851
19 62 620
19 63 1283
19 64 1899
19 65 668
19 66 1331
19 67 1947
19 68 716
19 69 1379
19 70 1995
19 71 764
19 72 1427
19 73 2043
19 74 812
19 75 1475
19 76 2091
19 77 860
19 78 1523
19 79 2139
19 80 908
19 81 1571
19 82 2187
19 83 956
19 84 1619
19 85 2235
19 86 1004
19 87 1667
19 88 1731
20 0 689
20 1 1425
20 2 2720
20 3 1921
20 4 2568
20 5 1672
20 6 1650
20 7 1641
20 8 1297
20 9 775
20 10 1975
20 11 2308
20 12 2408
20 13 1173
20 14 1568
20 15 2291
20 16 1615
20 17 2634
20 18 1186
20 19 1810
20 20 0
20 21 783
20 22 2447
20 23 1650
20 24 1360
20 25 1468
20 26 1350
20 27 2369
20 28 1990
20 29 1739
20 30 1221
20 31 2365
20 32 2378
20 33 2529
20 34 569
20 35 1622
20 36 2853
20 37 521
20 38 1574
20 39 2805
20 40 473
20 41 1526
20 42 2757
20 43 425
20 44 1478
20 45 2709
20 46 377
20 47 1430
20 48 2661
20 49 329
20 50 1382
20 51 2613
20 52 281
20 53 1334
20 54 2565
20 55 233
20 56 1286
20 57 2517
20 58 185
20 59 1238
20 60 2469
20 61 137
20 62 1190
20 63 2421
20 64 89
20 65 1142
20 66 2373
20 67 137
20 68 1190
20 69 2421
20 70 185
20 71 1238
20 72 2469
20 73 233
20 74 1286
20 75 2517
20 76 281
20 77 1334
20 78 2565
20 79 329
20 80 1382
20 81 2613
20 82 377
20 83 1430
20 84 2661
20 85 425
20 86 1478
20 87 2709
20 88 689
21 0 526
21 1 1262
21 2 2115
21 3 1796
21 4 2059
21 5 1145
21 6 1045
21 7 1036
21 8 1328
21 9 612
21 10 1370
21 11 2471
21 12 1803
21 13 390
21 14 1249
21 15 1686
21 16 1010
21 17 2029
21 18 403
21 19 1205
21 20 783
21 21 0
21 22 1842
21 23 1045
21 24 1197
21 25 1253
21 26 1851
21 27 1764
21 28 1961
21 29 1614
21 30 1058
21 31 1760
21 32 1773
21 33 2020
21 34 406
21 35 1017
21 36 2248
21 37 358
21 38 969
21 39 2200
21 40 310
21 41 921
21 42 2152
21 43 358
21 44 969
21 45 2200
21 46 406
21 47 1017
21 48 2248
21 49 454
21 50 1065
21 51 2296
21 52 502
21 53 1113
21 54 2344
21 55 550
21 56 1161
21 57 2392
21 58 598
21 59 1209
21 60 2440
21 61 646
21 62 1257
21 63 2488
21 64 694
21 65 1305
21 66 2536
21 67 742
21 68 1353
21 69 2584
21 70 790
21 71 1401
21 72 2632
21 73 838
21 74 1449
21 75 2680
21 76 886
21 77 1497
21 78 2728
21 79 934
21 80 1545
21 81 2776
21 82 982
21 83 1593
21 84 2824
21 85 1030
21 86 1641
21 87 2872
21 88 526
22 0 2368
22 1 1392
22 2 273
22 3 1146
22 4 499
22 5 1145
22 6 1045
22 7 806
22 8 1328
22 9 2042
22 10 1188
22 11 1431
22 12 39
22 13 1452
22 14 1249
22 15 156
22 16 832
22 17 625
22 18 1439
22 19 637
22 20 2447
22 21 1842
22 22 0
22 23 1045
22 24 1457
22 25 1253
22 26 1851
22 27 78
22 28 1077
22 29 1328
22 30 1500
22 31 798
22 32 785
22 33 538
22 34 2248
22 35 1017
22 36 406
22 37 2200
22 38 969
22 39 358
22 40 2152
22 41 921
22 42 310
22 43 2200
22 44 969
22 45 358
22 46 2248
22 47 1017
22 48 406
22 49 2296
22 50 1065
22 51 454
22 52 2344
22 53 1113
22 54 502
22 55 2392
22 56 1161
22 57 550
22 58 2440
22 59 1209
22 60 598
22 61 2488
22 62 1257
22 63 646
22 64 2536
22 65 1305
22 66 694
22 67 2584
22 68 1353
22 69 742
22 70 2632
22 71 1401
22 72 790
22 73 2680
22 74 1449
22 75 838
22 76 2728
22 77 1497
22 78 886
22 79 2776
22 80 1545
22 81 934
22 82 2824
22 83 1593
22 84 982
22 85 2872
22 86 1641
22 87 1030
22 88 2368
23 0 1323
23 1 499
23 2 1318
23 3 999
23 4 1262
23 5 252
23 6 152
23 7 239
23 8 531
23 9 1149
23 10 477
23 11 1674
23 12 1006
23 13 655
23 14 356
23 15 889
23 16 213
23 17 1136
23 18 642
23 19 408
23 20 1650
23 21 1045
23 22 1045
23 23 0
23 24 564
23 25 208
23 26 1054
23 27 967
23 28 1164
23 29 817
23 30 455
23 31 867
23 32 880
23 33 1223
23 34 1203
23 35 124
23 36 1355
23 37 1155
23 38 76
23 39 1307
23 40 1203
23 41 124
23 42 1355
23 43 1251
23 44 172
23 45 1403
23 46 1299
23 47 220
23 48 1451
23 49 1347
23 50 268
23 51 1499
23 52 1395
23 53 316
23 54 1547
23 55 1443
23 56 364
23 57 1595
23 58 1491
23 59 412
23 60 1643
23 61 1539
23 62 460
23 63 1691
23 64 1587
23 65 508
23 66 1739
23 67 1635
23 68 556
23 69 1787
23 70 1683
23 71 604
23 72 1835
23 73 1731
23 74 652
23 75 1883
23 76 1779
23 77 700
23 78 1931
23 79 1827
23 80 748
23 81 1979
23 82 1875
23 83 796
23 84 2027
23 85 1923
23 86 844
23 87 2075
23 88 1323
24 0 911
24 1 65
24 2 1730
24 3 1411
24 4 1674
24 5 312
24 6 564
24 7 651
24 8 943
24 9 585
24 10 889
24 11 2086
24 12 1418
24 13 1067
24 14 208
24 15 1301
24 16 625
24 17 1452
24 18 1054
24 19 820
24 20 1360
24 21 1197
24 22 1457
24 23 564
24 24 0
24 25 772
24 26 1466
24 27 1379
24 28 1576
24 29 1229
24 30 1019
24 31 1279
24 32 1292
24 33 1635
24 34 791
24 35 440
24 36 1671
24 37 839
24 38 488
24 39 1719
24 40 887
24 41 536
24 42 1767
24 43 935
24 44 584
24 45 1815
24 46 983
24 47 632
24 48 1863
24 49 1031
24 50 680
24 51 1911
24 52 1079
24 53 728
24 54 1959
24 55 1127
24 56 776
24 57 2007
24 58 1175
24 59 824
24 60 2055
24 61 1223
24 62 872
24 63 2103
24 64 1271
24 65 920
24 66 2151
24 67 1319
24 68 968
24 69 2199
24 70 1367
24 71 1016
24 72 2247
24 73 1415
24 74 1064
24 75 2295
24 76 1463
24 77 1112
24 78 2343
24 79 1511
24 80 1160
24 81 2391
24 82 1559
24 83 1208
24 84 2439
24 85 1607
24 86 1256
24 87 2487
24 88 911
25 0 1115
25 1 707
25 2 1526
25 3 1207
25 4 1470
25 5 460
25 6 360
25 7 447
25 8 739
25 9 1201
25 10 685
25 11 1882
25 12 1214
25 13 863
25 14 564
25 15 1097
25 16 421
25 17 1344
25 18 850
25 19 616
25 20 1468
25 21 1253
25 22 1253
25 23 208
25 24 772
25 25 0
25 26 1262
25 27 1175
25 28 1372
25 29 1025
25 30 247
25 31 1075
25 32 1088
25 33 1431
25 34 995
25 35 332
25 36 1563
25 37 947
25 38 284
25 39 1515
25 40 995
25 41 332
25 42 1563
25 43 1043
25 44 380
25 45 1611
25 46 1091
25 47 428
25 48 1659
25 49 1139
25 50 476
25 51 1707
25 52 1187
25 53 524
25 54 1755
25 55 1235
25 56 572
25 57 1803
25 58 1283
25 59 620
25 60 1851
25 61 1331
25 62 668
25 63 1899
25 64 1379
25 65 716
25 66 1947
25 67 1427
25 68 764
25 69 1995
25 70 1475
25 71 812
25 72 2043
25 73 1523
25 74 860
25 75 2091
25 76 1571
25 77 908
25 78 2139
25 79 1619
25 80 956
25 81 2187
25 82 1667
25 83 1004
25 84 2235
25 85 1715
25 86 1052
25 87 2283
25 88 1115
26 0 1861
26 1 1401
26 2 2124
26 3 1325
26 4 1972
26 5 1154
26 6 1054
26 7 1045
26 8 857
26 9 1947
26 10 1379
26 11 1136
26 12 1812
26 13 1461
26 14 1258
26 15 1695
26 16 1019
26 17 2038
26 18 1448
26 19 1214
26 20 1350
26 21 1851
26 22 1851
26 23 1054
26 24 1466
26 25 1262
26 26 0
26 27 1773
26 28 1394
26 29 1143
26 30 1509
26 31 1769
26 32 1782
26 33 1933
26 34 1741
26 35 1026
26 36 2257
26 37 1693
26 38 978
26 39 2209
26 40 1645
26 41 930
26 42 2161
26 43 1597
26 44 882
26 45 2113
26 46 1549
26 47 834
26 48 2065
26 49 1501
26 50 786
26 51 2017
26 52 1453
26 53 738
26 54 1969
26 55 1405
26 56 690
26 57 1921
26 58 1357
26 59 642
26 60 1873
26 61 1309
26 62 594
26 63 1825
26 64 1261
26 65 546
26 66 1777
26 67 1213
26 68 498
26 69 1729
26 70 1165
26 71 450
26 72 1681
26 73 1117
26 74 402
26 75 1633
26 76 1069
26 77 354
26 78 1585
26 79 1021
26 80 306
26 81 1537
26 82 973
26 83 258
26 84 1489
26 85 1021
26 86 306
26 87 1537
26 88 1861
27 0 2290
27 1 1314
27 2 351
27 3 1224
27 4 577
27 5 1067
27 6 967
27 7 728
27 8 1250
27 9 1964
27 10 1266
27 11 1509
27 12 39
27 13 1374
27 14 1171
27 15 78
27 16 754
27 17 703
27 18 1361
27 19 559
27 20 2369
27 21 1764
27 22 78
27 23 967
27 24 1379
27 25 1175
27 26 1773
27 27 0
27 28 1155
27 29 1406
27 30 1422
27 31 876
27 32 863
27 33 616
27 34 2170
27 35 939
27 36 484
27 37 2122
27 38 891
27 39 436
27 40 2074
27 41 843
27 42 388
27 43 2122
27 44 891
27 45 436
27 46 2170
27 47 939
27 48 484
27 49 2218
27 50 987
27 51 532
27 52 2266
27 53 1035
27 54 580
27 55 2314
27 56 1083
27 57 628
27 58 2362
27 59 1131
27 60 676
27 61 2410
27 62 1179
27 63 724
27 64 2458
27 65 1227
27 66 772
27 67 2506
27 68 1275
27 69 820
27 70 2554
27 71 1323
27 72 868
27 73 2602
27 74 1371
27 75 916
27 76 2650
27 77 1419
27 78 964
27 79 2698
27 80 1467
27 81 1012
27 82 2746
27 83 1515
27 84 1060
27 85 2794
27 86 1563
27 87 1108
27 88 2290
28 0 2487
28 1 1511
28 2 804
28 3 1123
28 4 860
28 5 1264
28 6 1164
28 7 1155
28 8 967
28 9 2161
28 10 1489
28 11 1312
28 12 1116
28 13 1571
28 14 1368
28 15 1233
28 16 1129
28 17 1082
28 18 1558
28 19 1324
28 20 1990
28 21 1961
28 22 1077
28 23 1164
28 24 1576
28 25 1372
28 26 1394
28 27 1155
28 28 0
28 29 1253
28 30 1619
28 31 1255
28 32 1242
28 33 899
28 34 2367
28 35 1136
28 36 863
28 37 2319
28 38 1088
28 39 815
28 40 2271
28 41 1040
28 42 767
28 43 2223
28 44 992
28 45 719
28 46 2175
28 47 944
28 48 671
28 49 2127
28 50 896
28 51 623
28 52 2079
28 53 848
28 54 575
28 55 2031
28 56 800
28 57 527
28 58 1983
28 59 752
28 60 479
28 61 2031
28 62 800
28 63 527
28 64 2079
28 65 848
28 66 575
28 67 2127
28 68 896
28 69 623
28 70 2175
28 71 944
28 72 671
28 73 2223
28 74 992
28 75 719
28 76 2271
28 77 1040
28 78 767
28 79 2319
28 80 1088
28 81 815
28 82 2367
28 83 1136
28 84 863
28 85 2415
28 86 1184
28 87 911
28 88 2487
29 0 2140
29 1 1164
29 2 1055
29 3 182
29 4 1111
29 5 917
29 6 817
29 7 808
29 8 620
29 9 1814
29 10 1142
29 11 1659
29 12 1367
29 13 1224
29 14 1021
29 15 1458
29 16 782
29 17 1333
29 18 1211
29 19 977
29 20 1739
29 21 1614
29 22 1328
29 23 817
29 24 1229
29 25 1025
29 26 1143
29 27 1406
29 28 1253
29 29 0
29 30 1272
29 31 1506
29 32 1493
29 33 1150
29 34 2020
29 35 789
29 36 1114
29 37 1972
29 38 741
29 39 1066
29 40 1924
29 41 693
29 42 1018
29 43 1876
29 44 645
29 45 970
29 46 1828
29 47 597
29 48 922
29 49 1780
29 50 549
29 51 874
29 52 1732
29 53 501
29 54 826
29 55 1684
29 56 453
29 57 778
29 58 1732
29 59 501
29 60 826
29 61 1780
29 62 549
29 63 874
29 64 1828
29 65 597
29 66 922
29 67 1876
29 68 645
29 69 970
29 70 1924
29 71 693
29 72 1018
29 73 1972
29 74 741
29 75 1066
29 76 2020
29 77 789
29 78 1114
29 79 2068
29 80 837
29 81 1162
29 82 2116
29 83 885
29 84 1210
29 85 2164
29 86 933
29 87 1258
29 88 2140
30 0 868
30 1 954
30 2 1773
30 3 1454
30 4 1717
30 5 707
30 6 607
30 7 694
30 8 986
30 9 954
30 10 932
30 11 2129
30 12 1461
30 13 1110
30 14 811
30 15 1344
30 16 668
30 17 1591
30 18 1097
30 19 863
30 20 1221
30 21 1058
30 22 1500
30 23 455
30 24 1019
30 25 247
30 26 1509
30 27 1422
30 28 1619
30 29 1272
30 30 0
30 31 1322
30 32 1335
30 33 1678
30 34 748
30 35 579
30 36 1810
30 37 700
30 38 531
30 39 1762
30 40 748
30 41 579
30 42 1810
30 43 796
30 44 627
30 45 1858
30 46 844
30 47 675
30 48 1906
30 49 892
30 50 723
30 51 1954
30 52 940
30 53 771
30 54 2002
30 55 988
30 56 819
30 57 2050
30 58 1036
30 59 867
30 60 2098
30 61 1084
30 62 915
30 63 2146
30 64 1132
30 65 963
30 66 2194
30 67 1180
30 68 1011
30 69 2242
30 70 1228
30 71 1059
30 72 2290
30 73 1276
30 74 1107
30 75 2338
30 76 1324
30 77 1155
30 78 2386
30 79 1372
30 80 1203
30 81 2434
30 82 1420
30 83 1251
30 84 2482
30 85 1468
30 86 1299
30 87 2530
30 88 868
31 0 2190
31 1 1214
31 2 525
31 3 1324
31 4 677
31 5 967
31 6 715
31 7 954
31 8 1246
31 9 1864
31 10 390
31 11 1609
31 12 837
31 13 1370
31 14 1071
31 15 954
31 16 928
31 17 707
31 18 1357
31 19 1123
31 20 2365
31 21 1760
31 22 798
31 23 867
31 24 1279
31 25 1075
31 26 1769
31 27 876
31 28 1255
31 29 1506
31 30 1322
31 31 0
31 32 13
31 33 716
31 34 2070
31 35 839
31 36 488
31 37 2022
31 38 791
31 39 440
31 40 2070
31 41 839
31 42 488
31 43 2118
31 44 887
31 45 536
31 46 2166
31 47 935
31 48 584
31 49 2214
31 50 983
31 51 632
31 52 2262
31 53 1031
31 54 680
31 55 2310
31 56 1079
31 57 728
31 58 2358
31 59 1127
31 60 776
31 61 2406
31 62 1175
31 63 824
31 64 2454
31 65 1223
31 66 872
31 67 2502
31 68 1271
31 69 920
31 70 2550
31 71 1319
31 72 968
31 73 2598
31 74 1367
31 75 1016
31 76 2646
31 77 1415
31 78 1064
31 79 2694
31 80 1463
31 81 1112
31 82 2742
31 83 1511
31 84 1160
31 85 2790
31 86 1559
31 87 1208
31 88 2190
32 0 2203
32 1 1227
32 2 512
32 3 1311
32 4 664
32 5 980
32 6 728
32 7 967
32 8 1259
32 9 1877
32 10 403
32 11 1596
32 12 824
32 13 1383
32 14 1084
32 15 941
32 16 941
32 17 694
32 18 1370
32 19 1136
32 20 2378
32 21 1773
32 22 785
32 23 880
32 24 1292
32 25 1088
32 26 1782
32 27 863
32 28 1242
32 29 1493
32 30 1335
32 31 13
32 32 0
32 33 703
32 34 2083
32 35 852
32 36 475
32 37 2035
32 38 804
32 39 427
32 40 2083
32 41 852
32 42 475
32 43 2131
32 44 900
32 45 523
32 46 2179
32 47 948
32 48 571
32 49 2227
32 50 996
32 51 619
32 52 2275
32 53 1044
32 54 667
32 55 2323
32 56 1092
32 57 715
32 58 2371
32 59 1140
32 60 763
32 61 2419
32 62 1188
32 63 811
32 64 2467
32 65 1236
32 66 859
32 67 2515
32 68 1284
32 69 907
32 70 2563
32 71 1332
32 72 955
32 73 2611
32 74 1380
32 75 1003
32 76 2659
32 77 1428
32 78 1051
32 79 2707
32 80 1476
32 81 1099
32 82 2755
32 83 1524
32 84 1147
32 85 2803
32 86 1572
32 87 1195
32 88 2203
33 0 2546
33 1 1570
33 2 265
33 3 968
33 4 39
33 5 1323
33 6 1223
33 7 1214
33 8 1410
33 9 2220
33 10 1106
33 11 1253
33 12 577
33 13 1630
33 14 1427
33 15 694
33 16 1188
33 17 543
33 18 1617
33 19 1175
33 20 2529
33 21 2020
33 22 538
33 23 1223
33 24 1635
33 25 1431
33 26 1933
33 27 616
33 28 899
33 29 1150
33 30 1678
33 31 716
33 32 703
33 33 0
33 34 2426
33 35 1195
33 36 324
33 37 2378
33 38 1147
33 39 276
33 40 2330
33 41 1099
33 42 228
33 43 2282
33 44 1051
33 45 180
33 46 2330
33 47 1099
33 48 228
33 49 2378
33 50 1147
33 51 276
33 52 2426
33 53 1195
33 54 324
33 55 2474
33 56 1243
33 57 372
33 58 2522
33 59 1291
33 60 420
33 61 2570
33 62 1339
33 63 468
33 64 2618
33 65 1387
33 66 516
33 67 2666
33 68 1435
33 69 564
33 70 2714
33 71 1483
33 72 612
33 73 2762
33 74 1531
33 75 660
33 76 2810
33 77 1579
33 78 708
33 79 2858
33 80 1627
33 81 756
33 82 2906
33 83 1675
33 84 804
33 85 2954
33 86 1723
33 87 852
33 88 2546
34 0 120
34 1 856
34 2 2521
34 3 2202
34 4 2465
34 5 1103
34 6 1355
34 7 1442
34 8 1400
34 9 206
34 10 1680
34 11 2877
34 12 2209
34 13 796
34 14 999
34 15 2092
34 16 1416
34 17 2243
34 18 809
34 19 1611
34 20 569
34 21 406
34 22 2248
34 23 1203
34 24 791
34 25 995
34 26 1741
34 27 2170
34 28 2367
34 29 2020
34 30 748
34 31 2070
34 32 2083
34 33 2426
34 34 0
34 35 1231
34 36 2462
34 37 48
34 38 1279
34 39 2510
34 40 96
34 41 1327
34 42 2558
34 43 144
34 44 1375
34 45 2606
34 46 192
34 47 1423
34 48 2654
34 49 240
34 50 1471
34 51 2702
34 52 288
34 53 1519
34 54 2750
34 55 336
34 56 1567
34 57 2798
34 58 384
34 59 1615
34 60 2846
34 61 432
34 62 1663
34 63 2894
34 64 480
34 65 1711
34 66 2942
34 67 528
34 68 1759
34 69 2990
34 70 576
34 71 1807
34 72 3038
34 73 624
34 74 1855
34 75 3086
34 76 672
34 77 1903
34 78 3134
34 79 720
34 80 1951
34 81 3182
34 82 768
34 83 1999
34 84 3230
34 85 816
34 86 2047
34 87 3278
34 88 120
35 0 1351
35 1 375
35 2 1290
35 3 971
35 4 1234
35 5 128
35 6 124
35 7 211
35 8 503
35 9 1025
35 10 449
35 11 1646
35 12 978
35 13 627
35 14 232
35 15 861
35 16 185
35 17 1012
35 18 614
35 19 380
35 20 1622
35 21 1017
35 22 1017
35 23 124
35 24 440
35 25 332
35 26 1026
35 27 939
35 28 1136
35 29 789
35 30 579
35 31 839
35 32 852
35 33 1195
35 34 1231
35 35 0
35 36 1231
35 37 1279
35 38 48
35 39 1279
35 40 1327
35 41 96
35 42 1327
35 43 1375
35 44 144
35 45 1375
35 46 1423
35 47 192
35 48 1423
35 49 1471
35 50 240
35 51 1471
35 52 1519
35 53 288
35 54 1519
35 55 1567
35 56 336
35 57 1567
35 58 1615
35 59 384
35 60 1615
35 61 1663
35 62 432
35 63 1663
35 64 1711
35 65 480
35 66 1711
35 67 1759
35 68 528
35 69 1759
35 70 1807
35 71 576
35 72 1807
35 73 1855
35 74 624
35 75 1855
35 76 1903
35 77 672
35 78 1903
35 79 1951
35 80 720
35 81 1951
35 82 1999
35 83 768
35 84 1999
35 85 2047
35 86 816
35 87 2047
35 88 1351
36 0 2582
36 1 1606
36 2 133
36 3 932
36 4 285
36 5 1359
36 6 1203
36 7 1212
36 8 1734
36 9 2256
36 10 878
36 11 1217
36 12 445
36 13 1858
36 14 1463
36 15 562
36 16 1238
36 17 219
36 18 1845
36 19 1043
36 20 2853
36 21 2248
36 22 406
36 23 1355
36 24 1671
36 25 1563
36 26 2257
36 27 484
36 28 863
36 29 1114
36 30 1810
36 31 488
36 32 475
36 33 324
36 34 2462
36 35 1231
36 36 0
36 37 2510
36 38 1279
36 39 48
36 40 2558
36 41 1327
36 42 96
36 43 2606
36 44 1375
36 45 144
36 46 2654
36 47 1423
36 48 192
36 49 2702
36 50 1471
36 51 240
36 52 2750
36 53 1519
36 54 288
36 55 2798
36 56 1567
36 57 336
36 58 2846
36 59 1615
36 60 384
36 61 2894
36 62 1663
36 63 432
36 64 2942
36 65 1711
36 66 480
36 67 2990
36 68 1759
36 69 528
36 70 3038
36 71 1807
36 72 576
36 73 3086
36 74 1855
36 75 624
36 76 3134
36 77 1903
36 78 672
36 79 3182
36 80 1951
36 81 720
36 82 3230
36 83 1999
36 84 768
36 85 3278
36 86 2047
36 87 816
36 88 2582
37 0 168
37 1 904
37 2 2473
37 3 2154
37 4 2417
37 5 1151
37 6 1307
37 7 1394
37 8 1352
37 9 254
37 10 1632
37 11 2829
37 12 2161
37 13 748
37 14 1047
37 15 2044
37 16 1368
37 17 2291
37 18 761
37 19 1563
37 20 521
37 21 358
37 22 2200
37 23 1155
37 24 839
37 25 947
37 26 1693
37 27 2122
37 28 2319
37 29 1972
37 30 700
37 31 2022
37 32 2035
37 33 2378
37 34 48
37 35 1279
37 36 2510
37 37 0
37 38 1231
37 39 2462
37 40 48
37 41 1279
37 42 2510
37 43 96
37 44 1327
37 45 2558
37 46 144
37 47 1375
37 48 2606
37 49 192
37 50 1423
37 51 2654
37 52 240
37 53 1471
37 54 2702
37 55 288
37 56 1519
37 57 2750
37 58 336
37 59 1567
37 60 2798
37 61 384
37 62 1615
37 63 2846
37 64 432
37 65 1663
37 66 2894
37 67 480
37 68 1711
37 69 2942
37 70 528
37 71 1759
37 72 2990
37 73 576
37 74 1807
37 75 3038
37 76 624
37 77 1855
37 78 3086
37 79 672
37 80 1903
37 81 3134
37 82 720
37 83 1951
37 84 3182
37 85 768
37 86 1999
37 87 3230
37 88 168
38 0 1399
38 1 423
38 2 1242
38 3 923
38 4 1186
38 5 176
38 6 76
38 7 163
38 8 455
38 9 1073
38 10 401
38 11 1598
38 12 930
38 13 579
38 14 280
38 15 813
38 16 137
38 17 1060
38 18 566
38 19 332
38 20 1574
38 21 969
38 22 969
38 23 76
38 24 488
38 25 284
38 26 978
38 27 891
38 28 1088
38 29 741
38 30 531
38 31 791
38 32 804
38 33 1147
38 34 1279
38 35 48
38 36 1279
38 37 1231
38 38 0
38 39 1231
38 40 1279
38 41 48
38 42 1279
38 43 1327
38 44 96
38 45 1327
38 46 1375
38 47 144
38 48 1375
38 49 1423
38 50 192
38 51 1423
38 52 1471
38 53 240
38 54 1471
38 55 1519
38 56 288
38 57 1519
38 58 1567
38 59 336
38 60 1567
38 61 1615
38 62 384
38 63 1615
38 64 1663
38 65 432
38 66 1663
38 67 1711
38 68 480
38 69 1711
38 70 1759
38 71 528
38 72 1759
38 73 1807
38 74 576
38 75 1807
38 76 1855
38 77 624
38 78 1855
38 79 1903
38 80 672
38 81 1903
38 82 1951
38 83 720
38 84 1951
38 85 1999
38 86 768
38 87 1999
38 88 1399
39 0 2630
39 1 1654
39 2 85
39 3 884
39 4 237
39 5 1407
39 6 1155
39 7 1164
39 8 1686
39 9 2304
39 10 830
39 11 1169
39 12 397
39 13 1810
39 14 1511
39 15 514
39 16 1190
39 17 267
39 18 1797
39 19 995
39 20 2805
39 21 2200
39 22 358
39 23 1307
39 24 1719
39 25 1515
39 26 2209
39 27 436
39 28 815
39 29 1066
39 30 1762
39 31 440
39 32 427
39 33 276
39 34 2510
39 35 1279
39 36 48
39 37 2462
39 38 1231
39 39 0
39 40 2510
39 41 1279
39 42 48
39 43 2558
39 44 1327
39 45 96
39 46 2606
39 47 1375
39 48 144
39 49 2654
39 50 1423
39 51 192
39 52 2702
39 53 1471
39 54 240
39 55 2750
39 56 1519
39 57 288
39 58 2798
39 59 1567
39 60 336
39 61 2846
39 62 1615
39 63 384
39 64 2894
39 65 1663
39 66 432
39 67 2942
39 68 1711
39 69 480
39 70 2990
39 71 1759
39 72 528
39 73 3038
39 74 1807
39 75 576
39 76 3086
39 77 1855
39 78 624
39 79 3134
39 80 1903
39 81 672
39 82 3182
39 83 1951
39 84 720
39 85 3230
39 86 1999
39 87 768
39 88 2630
40 0 216
40 1 952
40 2 2425
40 3 2106
40 4 2369
40 5 1199
40 6 1355
40 7 1346
40 8 1304
40 9 302
40 10 1680
40 11 2781
40 12 2113
40 13 700
40 14 1095
40 15 1996
40 16 1320
40 17 2339
40 18 713
40 19 1515
40 20 473
40 21 310
40 22 2152
40 23 1203
40 24 887
40 25 995
40 26 1645
