//alpha
1
//NbLocations
62
//NbProducts
25
//NbPickers
2
//CapaPicker
4
//TimeToTravelOneDistanceUnit
3
//SetupTime
5400
//PickTime
300
//Products
//Idx Location Size
1 1 1
2 2 1
3 3 1
4 4 1
5 5 1
6 6 1
7 7 1
8 8 1
9 9 1
10 10 1
11 11 1
12 12 1
13 13 1
14 14 1
15 15 1
16 16 1
17 17 1
18 18 1
19 19 1
20 20 1
21 21 1
22 22 1
23 23 1
24 24 1
25 25 1
//Orders
//NbOrders
18
//Idx DueDate TardinessPenalty NbProdInOrder ProdIdx1 Qty1 ProdIdx2 Qty2 ...
1 90000 0 2 1 1 2 1
2 144000 0 1 3 1
3 72000 0 1 4 1
4 54000 0 1 5 1
5 90000 0 1 6 1
6 54000 0 2 7 1 8 1
7 54000 0 1 9 1
8 36000 0 2 10 1 11 1
9 72000 0 3 12 1 13 1 14 1
10 72000 0 2 15 1 16 1
11 72000 0 1 17 1
12 90000 0 1 18 1
13 54000 0 1 19 1
14 54000 0 1 20 1
15 36000 0 1 21 1
16 72000 0 2 22 1 23 1
17 54000 0 1 24 1
18 90000 0 1 25 1
//Graph (Products are vertices indexed from 1 to NbProducts)
//NbVerticesIntersections
36
//DepartingDepot
0
//ArrivalDepot
62
//Arcs
//Start End Distance
0 26 120
1 36 492
1 37 349
2 59 258
2 60 583
3 47 141
3 48 700
4 21 455
4 30 349
5 17 403
5 54 76
6 38 258
6 39 583
7 12 104
7 26 544
8 11 78
8 32 180
9 39 752
9 40 89
10 50 154
10 51 687
11 8 78
11 33 583
12 7 104
12 25 143
13 15 520
13 42 76
14 35 297
14 36 544
15 13 520
15 43 245
16 48 154
16 49 687
17 5 403
17 18 286
18 17 286
18 53 76
19 44 375
19 45 466
20 56 804
20 57 37
21 4 455
21 29 37
22 57 648
22 58 193
23 54 180
23 55 661
24 27 713
24 28 128
25 12 143
25 27 50
26 7 544
26 29 48
26 62 120
27 24 713
27 25 50
27 30 48
28 24 128
28 31 48
29 21 37
29 26 48
29 32 48
30 4 349
30 27 48
30 31 841
30 33 48
31 28 48
31 30 841
31 34 48
32 8 180
32 29 48
32 35 48
33 11 583
33 30 48
33 34 841
33 36 48
34 31 48
34 33 841
34 37 48
35 14 297
35 32 48
35 38 48
36 1 492
36 14 544
36 33 48
36 39 48
37 1 349
37 34 48
37 40 48
38 6 258
38 35 48
38 41 48
39 6 583
39 9 752
39 36 48
39 42 48
40 9 89
40 37 48
40 43 48
41 38 48
41 42 841
41 44 48
42 13 76
42 39 48
42 41 841
42 45 48
43 15 245
43 40 48
43 46 48
44 19 375
44 41 48
44 47 48
45 19 466
45 42 48
45 46 841
45 48 48
46 43 48
46 45 841
46 49 48
47 3 141
47 44 48
47 50 48
48 3 700
48 16 154
48 45 48
48 51 48
49 16 687
49 46 48
49 52 48
50 10 154
50 47 48
50 53 48
51 10 687
51 48 48
51 52 841
51 54 48
52 49 48
52 51 841
52 55 48
53 18 76
53 50 48
53 56 48
54 5 76
54 23 180
54 51 48
54 57 48
55 23 661
55 52 48
55 58 48
56 20 804
56 53 48
56 59 48
57 20 37
57 22 648
57 54 48
57 60 48
58 22 193
58 55 48
58 61 48
59 2 258
59 56 48
60 2 583
60 57 48
60 61 841
61 58 48
61 60 841
//LocStart LocEnd ShortestPath
0 0 0
0 1 1597
0 2 906
0 3 597
0 4 660
0 5 1317
0 6 570
0 7 664
0 8 396
0 9 1905
0 10 658
0 11 474
0 12 768
0 13 1277
0 14 561
0 15 1797
0 16 1451
0 17 914
0 18 628
0 19 783
0 20 1404
0 21 205
0 22 2089
0 23 1573
0 24 1674
0 25 911
0 26 120
0 27 961
0 28 1802
0 29 168
0 30 1009
0 31 1850
0 32 216
0 33 1057
0 34 1898
0 35 264
0 36 1105
0 37 1946
0 38 312
0 39 1153
0 40 1994
0 41 360
0 42 1201
0 43 2042
0 44 408
0 45 1249
0 46 2090
0 47 456
0 48 1297
0 49 2138
0 50 504
0 51 1345
0 52 2186
0 53 552
0 54 1393
0 55 2234
0 56 600
0 57 1441
0 58 2282
0 59 648
0 60 1489
0 61 2330
0 62 0
1 0 1597
1 1 0
1 2 1459
1 3 1384
1 4 937
1 5 856
1 6 1123
1 7 933
1 8 1201
1 9 486
1 10 1419
1 11 1123
1 12 829
1 13 664
1 14 1036
1 15 690
1 16 838
1 17 1259
1 18 1545
1 19 1102
1 20 865
1 21 1392
1 22 878
1 23 960
1 24 621
1 25 686
1 26 1477
1 27 636
1 28 493
1 29 1429
1 30 588
1 31 445
1 32 1381
1 33 540
1 34 397
1 35 1333
1 36 492
1 37 349
1 38 1381
1 39 540
1 40 397
1 41 1429
1 42 588
1 43 445
1 44 1477
1 45 636
1 46 493
1 47 1525
1 48 684
1 49 541
1 50 1573
1 51 732
1 52 589
1 53 1621
1 54 780
1 55 637
1 56 1669
1 57 828
1 58 685
1 59 1717
1 60 876
1 61 733
1 62 1597
2 0 906
2 1 1459
2 2 0
2 3 591
2 4 1230
2 5 755
2 6 852
2 7 1330
2 8 870
2 9 1671
2 10 556
2 11 948
2 12 1304
2 13 947
2 14 939
2 15 1467
2 16 929
2 17 716
2 18 430
2 19 873
2 20 668
2 21 775
2 22 1279
2 23 859
2 24 1824
2 25 1161
2 26 786
2 27 1111
2 28 1952
2 29 738
2 30 1063
2 31 1904
2 32 690
2 33 1015
2 34 1856
2 35 642
2 36 967
2 37 1808
2 38 594
2 39 919
2 40 1760
2 41 546
2 42 871
2 43 1712
2 44 498
2 45 823
2 46 1664
2 47 450
2 48 775
2 49 1616
2 50 402
2 51 727
2 52 1568
2 53 354
2 54 679
2 55 1520
2 56 306
2 57 631
2 58 1472
2 59 258
2 60 583
2 61 1424
2 62 906
3 0 597
3 1 1384
3 2 591
3 3 0
3 4 921
3 5 872
3 6 543
3 7 1021
3 8 561
3 9 1596
3 10 343
3 11 639
3 12 1125
3 13 872
3 14 630
3 15 1392
3 16 854
3 17 599
3 18 313
3 19 564
3 20 881
3 21 466
3 22 1492
3 23 976
3 24 1749
3 25 1086
3 26 477
3 27 1036
3 28 1877
3 29 429
3 30 988
3 31 1829
3 32 381
3 33 940
3 34 1781
3 35 333
3 36 892
3 37 1733
3 38 285
3 39 844
3 40 1685
3 41 237
3 42 796
3 43 1637
3 44 189
3 45 748
3 46 1589
3 47 141
3 48 700
3 49 1541
3 50 189
3 51 748
3 52 1589
3 53 237
3 54 796
3 55 1637
3 56 285
3 57 844
3 58 1685
3 59 333
3 60 892
3 61 1733
3 62 597
4 0 660
4 1 937
4 2 1230
4 3 921
4 4 0
4 5 809
4 6 894
4 7 694
4 8 720
4 9 1245
4 10 982
4 11 798
4 12 590
4 13 617
4 14 885
4 15 1137
4 16 791
4 17 1212
4 18 952
4 19 1055
4 20 818
4 21 455
4 22 1429
4 23 913
4 24 1110
4 25 447
4 26 540
4 27 397
4 28 1238
4 29 492
4 30 349
4 31 1190
4 32 540
4 33 397
4 34 1238
4 35 588
4 36 445
4 37 1286
4 38 636
4 39 493
4 40 1334
4 41 684
4 42 541
4 43 1382
4 44 732
4 45 589
4 46 1430
4 47 780
4 48 637
4 49 1478
4 50 828
4 51 685
4 52 1526
4 53 876
4 54 733
4 55 1574
4 56 924
4 57 781
4 58 1622
4 59 972
4 60 829
4 61 1670
4 62 660
5 0 1317
5 1 856
5 2 755
5 3 872
5 4 809
5 5 0
5 6 899
5 7 805
5 8 1073
5 9 1068
5 10 811
5 11 995
5 12 701
5 13 344
5 14 908
5 15 864
5 16 326
5 17 403
5 18 689
5 19 686
5 20 161
5 21 1186
5 22 772
5 23 256
5 24 1221
5 25 558
5 26 1197
5 27 508
5 28 1349
5 29 1149
5 30 460
5 31 1301
5 32 1101
5 33 412
5 34 1253
5 35 1053
5 36 364
5 37 1205
5 38 1005
5 39 316
5 40 1157
5 41 957
5 42 268
5 43 1109
5 44 909
5 45 220
5 46 1061
5 47 861
5 48 172
5 49 1013
5 50 813
5 51 124
5 52 965
5 53 765
5 54 76
5 55 917
5 56 813
5 57 124
5 58 965
5 59 861
5 60 172
5 61 1013
5 62 1317
6 0 570
6 1 1123
6 2 852
6 3 543
6 4 894
6 5 899
6 6 0
6 7 994
6 8 534
6 9 1335
6 10 604
6 11 612
6 12 968
6 13 707
6 14 603
6 15 1227
6 16 881
6 17 860
6 18 574
6 19 729
6 20 908
6 21 439
6 22 1519
6 23 1003
6 24 1488
6 25 825
6 26 450
6 27 775
6 28 1616
6 29 402
6 30 727
6 31 1568
6 32 354
6 33 679
6 34 1520
6 35 306
6 36 631
6 37 1472
6 38 258
6 39 583
6 40 1424
6 41 306
6 42 631
6 43 1472
6 44 354
6 45 679
6 46 1520
6 47 402
6 48 727
6 49 1568
6 50 450
6 51 775
6 52 1616
6 53 498
6 54 823
6 55 1664
6 56 546
6 57 871
6 58 1712
6 59 594
6 60 919
6 61 1760
6 62 570
7 0 664
7 1 933
7 2 1330
7 3 1021
7 4 694
7 5 805
7 6 994
7 7 0
7 8 820
7 9 1241
7 10 1082
7 11 898
7 12 104
7 13 613
7 14 985
7 15 1133
7 16 787
7 17 1208
7 18 1052
7 19 1051
7 20 814
7 21 629
7 22 1425
7 23 909
7 24 1010
7 25 247
7 26 544
7 27 297
7 28 1138
7 29 592
7 30 345
7 31 1186
7 32 640
7 33 393
7 34 1234
7 35 688
7 36 441
7 37 1282
7 38 736
7 39 489
7 40 1330
7 41 784
7 42 537
7 43 1378
7 44 832
7 45 585
7 46 1426
7 47 880
7 48 633
7 49 1474
7 50 928
7 51 681
7 52 1522
7 53 976
7 54 729
7 55 1570
7 56 1024
7 57 777
7 58 1618
7 59 1072
7 60 825
7 61 1666
7 62 664
8 0 396
8 1 1201
8 2 870
8 3 561
8 4 720
8 5 1073
8 6 534
8 7 820
8 8 0
8 9 1509
8 10 622
8 11 78
8 12 924
8 13 881
8 14 525
8 15 1401
8 16 1055
8 17 878
8 18 592
8 19 747
8 20 1082
8 21 265
8 22 1693
8 23 1177
8 24 1470
8 25 807
8 26 276
8 27 757
8 28 1598
8 29 228
8 30 709
8 31 1550
8 32 180
8 33 661
8 34 1502
8 35 228
8 36 709
8 37 1550
8 38 276
8 39 757
8 40 1598
8 41 324
8 42 805
8 43 1646
8 44 372
8 45 853
8 46 1694
8 47 420
8 48 901
8 49 1742
8 50 468
8 51 949
8 52 1790
8 53 516
8 54 997
8 55 1838
8 56 564
8 57 1045
8 58 1886
8 59 612
8 60 1093
8 61 1934
8 62 396
9 0 1905
9 1 486
9 2 1671
9 3 1596
9 4 1245
9 5 1068
9 6 1335
9 7 1241
9 8 1509
9 9 0
9 10 1631
9 11 1431
9 12 1137
9 13 876
9 14 1344
9 15 382
9 16 920
9 17 1471
9 18 1757
9 19 1314
9 20 1077
9 21 1700
9 22 570
9 23 990
9 24 409
9 25 994
9 26 1785
9 27 944
9 28 281
9 29 1737
9 30 896
9 31 233
9 32 1689
9 33 848
9 34 185
9 35 1641
9 36 800
9 37 137
9 38 1593
9 39 752
9 40 89
9 41 1641
9 42 800
9 43 137
9 44 1689
9 45 848
9 46 185
9 47 1737
9 48 896
9 49 233
9 50 1785
9 51 944
9 52 281
9 53 1833
9 54 992
9 55 329
9 56 1881
9 57 1040
9 58 377
9 59 1929
9 60 1088
9 61 425
9 62 1905
10 0 658
10 1 1419
10 2 556
10 3 343
10 4 982
10 5 811
10 6 604
10 7 1082
10 8 622
10 9 1631
10 10 0
10 11 700
10 12 1186
10 13 907
10 14 691
10 15 1427
10 16 889
10 17 564
10 18 278
10 19 625
10 20 820
10 21 527
10 22 1431
10 23 915
10 24 1784
10 25 1121
10 26 538
10 27 1071
10 28 1912
10 29 490
10 30 1023
10 31 1864
10 32 442
10 33 975
10 34 1816
10 35 394
10 36 927
10 37 1768
10 38 346
10 39 879
10 40 1720
10 41 298
10 42 831
10 43 1672
10 44 250
10 45 783
10 46 1624
10 47 202
10 48 735
10 49 1576
10 50 154
10 51 687
10 52 1528
10 53 202
10 54 735
10 55 1576
10 56 250
10 57 783
10 58 1624
10 59 298
10 60 831
10 61 1672
10 62 658
11 0 474
11 1 1123
11 2 948
11 3 639
11 4 798
11 5 995
11 6 612
11 7 898
11 8 78
11 9 1431
11 10 700
11 11 0
11 12 872
11 13 803
11 14 603
11 15 1323
11 16 977
11 17 956
11 18 670
11 19 825
11 20 1004
11 21 343
11 22 1615
11 23 1099
11 24 1392
11 25 729
11 26 354
11 27 679
11 28 1520
11 29 306
11 30 631
11 31 1472
11 32 258
11 33 583
11 34 1424
11 35 306
11 36 631
11 37 1472
11 38 354
11 39 679
11 40 1520
11 41 402
11 42 727
11 43 1568
11 44 450
11 45 775
11 46 1616
11 47 498
11 48 823
11 49 1664
11 50 546
11 51 871
11 52 1712
11 53 594
11 54 919
11 55 1760
11 56 642
11 57 967
11 58 1808
11 59 690
11 60 1015
11 61 1856
11 62 474
12 0 768
12 1 829
12 2 1304
12 3 1125
12 4 590
12 5 701
12 6 968
12 7 104
12 8 924
12 9 1137
12 10 1186
12 11 872
12 12 0
12 13 509
12 14 881
12 15 1029
12 16 683
12 17 1104
12 18 1156
12 19 947
12 20 710
12 21 733
12 22 1321
12 23 805
12 24 906
12 25 143
12 26 648
12 27 193
12 28 1034
12 29 696
12 30 241
12 31 1082
12 32 744
12 33 289
12 34 1130
12 35 792
12 36 337
12 37 1178
12 38 840
12 39 385
12 40 1226
12 41 888
12 42 433
12 43 1274
12 44 936
12 45 481
12 46 1322
12 47 984
12 48 529
12 49 1370
12 50 1032
12 51 577
12 52 1418
12 53 1080
12 54 625
12 55 1466
12 56 1128
12 57 673
12 58 1514
12 59 1176
12 60 721
12 61 1562
12 62 768
13 0 1277
13 1 664
13 2 947
13 3 872
13 4 617
13 5 344
13 6 707
13 7 613
13 8 881
13 9 876
13 10 907
13 11 803
13 12 509
13 13 0
13 14 716
13 15 520
13 16 326
13 17 747
13 18 1033
13 19 590
13 20 353
13 21 1072
13 22 964
13 23 448
13 24 1029
13 25 366
13 26 1157
13 27 316
13 28 1005
13 29 1109
13 30 268
13 31 957
13 32 1061
13 33 220
13 34 909
13 35 1013
13 36 172
13 37 861
13 38 965
13 39 124
13 40 813
13 41 917
13 42 76
13 43 765
13 44 965
13 45 124
13 46 813
13 47 1013
13 48 172
13 49 861
13 50 1061
13 51 220
13 52 909
13 53 1109
13 54 268
13 55 957
13 56 1157
13 57 316
13 58 1005
13 59 1205
13 60 364
13 61 1053
13 62 1277
14 0 561
14 1 1036
14 2 939
14 3 630
14 4 885
14 5 908
14 6 603
14 7 985
14 8 525
14 9 1344
14 10 691
14 11 603
14 12 881
14 13 716
14 14 0
14 15 1236
14 16 890
14 17 947
14 18 661
14 19 816
14 20 917
14 21 430
14 22 1528
14 23 1012
14 24 1401
14 25 738
14 26 441
14 27 688
14 28 1529
14 29 393
14 30 640
14 31 1481
14 32 345
14 33 592
14 34 1433
14 35 297
14 36 544
14 37 1385
14 38 345
14 39 592
14 40 1433
14 41 393
14 42 640
14 43 1481
14 44 441
14 45 688
14 46 1529
14 47 489
14 48 736
14 49 1577
14 50 537
14 51 784
14 52 1625
14 53 585
14 54 832
14 55 1673
14 56 633
14 57 880
14 58 1721
14 59 681
14 60 928
14 61 1769
14 62 561
15 0 1797
15 1 690
15 2 1467
15 3 1392
15 4 1137
15 5 864
15 6 1227
15 7 1133
15 8 1401
15 9 382
15 10 1427
15 11 1323
15 12 1029
15 13 520
15 14 1236
15 15 0
15 16 846
15 17 1267
15 18 1553
15 19 1110
15 20 873
15 21 1592
15 22 678
15 23 968
15 24 613
15 25 886
15 26 1677
15 27 836
15 28 485
15 29 1629
15 30 788
15 31 437
15 32 1581
15 33 740
15 34 389
15 35 1533
15 36 692
15 37 341
15 38 1485
15 39 644
15 40 293
15 41 1437
15 42 596
15 43 245
15 44 1485
15 45 644
15 46 293
15 47 1533
15 48 692
15 49 341
15 50 1581
15 51 740
15 52 389
15 53 1629
15 54 788
15 55 437
15 56 1677
15 57 836
15 58 485
15 59 1725
15 60 884
15 61 533
15 62 1797
16 0 1451
16 1 838
16 2 929
16 3 854
16 4 791
16 5 326
16 6 881
16 7 787
16 8 1055
16 9 920
16 10 889
16 11 977
16 12 683
16 13 326
16 14 890
16 15 846
16 16 0
16 17 729
16 18 1015
16 19 668
16 20 335
16 21 1246
16 22 946
16 23 430
16 24 1151
16 25 540
16 26 1331
16 27 490
16 28 1023
16 29 1283
16 30 442
16 31 975
16 32 1235
16 33 394
16 34 927
16 35 1187
16 36 346
16 37 879
16 38 1139
16 39 298
16 40 831
16 41 1091
16 42 250
16 43 783
16 44 1043
16 45 202
16 46 735
16 47 995
16 48 154
16 49 687
16 50 1043
16 51 202
16 52 735
16 53 1091
16 54 250
16 55 783
16 56 1139
16 57 298
16 58 831
16 59 1187
16 60 346
16 61 879
16 62 1451
17 0 914
17 1 1259
17 2 716
17 3 599
17 4 1212
17 5 403
17 6 860
17 7 1208
17 8 878
17 9 1471
17 10 564
17 11 956
17 12 1104
17 13 747
17 14 947
17 15 1267
17 16 729
17 17 0
17 18 286
17 19 881
17 20 564
17 21 783
17 22 1175
17 23 659
17 24 1624
17 25 961
17 26 794
17 27 911
17 28 1752
17 29 746
17 30 863
17 31 1704
17 32 698
17 33 815
17 34 1656
17 35 650
17 36 767
17 37 1608
17 38 602
17 39 719
17 40 1560
17 41 554
17 42 671
17 43 1512
17 44 506
17 45 623
17 46 1464
17 47 458
17 48 575
17 49 1416
17 50 410
17 51 527
17 52 1368
17 53 362
17 54 479
17 55 1320
17 56 410
17 57 527
17 58 1368
17 59 458
17 60 575
17 61 1416
17 62 914
18 0 628
18 1 1545
18 2 430
18 3 313
18 4 952
18 5 689
18 6 574
18 7 1052
18 8 592
18 9 1757
18 10 278
18 11 670
18 12 1156
18 13 1033
18 14 661
18 15 1553
18 16 1015
18 17 286
18 18 0
18 19 595
18 20 850
18 21 497
18 22 1461
18 23 945
18 24 1910
18 25 1247
18 26 508
18 27 1197
18 28 2038
18 29 460
18 30 1149
18 31 1990
18 32 412
18 33 1101
18 34 1942
18 35 364
18 36 1053
18 37 1894
18 38 316
18 39 1005
18 40 1846
18 41 268
18 42 957
18 43 1798
18 44 220
18 45 909
18 46 1750
18 47 172
18 48 861
18 49 1702
18 50 124
18 51 813
18 52 1654
18 53 76
18 54 765
18 55 1606
18 56 124
18 57 813
18 58 1654
18 59 172
18 60 861
18 61 1702
18 62 628
19 0 783
19 1 1102
19 2 873
19 3 564
19 4 1055
19 5 686
19 6 729
19 7 1051
19 8 747
19 9 1314
19 10 625
19 11 825
19 12 947
19 13 590
19 14 816
19 15 1110
19 16 668
19 17 881
19 18 595
19 19 0
19 20 695
19 21 652
19 22 1306
19 23 790
19 24 1467
19 25 804
19 26 663
19 27 754
19 28 1595
19 29 615
19 30 706
19 31 1547
19 32 567
19 33 658
19 34 1499
19 35 519
19 36 610
19 37 1451
19 38 471
19 39 562
19 40 1403
19 41 423
19 42 514
19 43 1355
19 44 375
19 45 466
19 46 1307
19 47 423
19 48 514
19 49 1355
19 50 471
19 51 562
19 52 1403
19 53 519
19 54 610
19 55 1451
19 56 567
19 57 658
19 58 1499
19 59 615
19 60 706
19 61 1547
19 62 783
20 0 1404
20 1 865
20 2 668
20 3 881
20 4 818
20 5 161
20 6 908
20 7 814
20 8 1082
20 9 1077
20 10 820
20 11 1004
20 12 710
20 13 353
20 14 917
20 15 873
20 16 335
20 17 564
20 18 850
20 19 695
20 20 0
20 21 1273
20 22 685
20 23 265
20 24 1230
20 25 567
20 26 1284
20 27 517
20 28 1358
20 29 1236
20 30 469
20 31 1310
20 32 1188
20 33 421
20 34 1262
20 35 1140
20 36 373
20 37 1214
20 38 1092
20 39 325
20 40 1166
20 41 1044
20 42 277
20 43 1118
20 44 996
20 45 229
20 46 1070
20 47 948
20 48 181
20 49 1022
20 50 900
20 51 133
20 52 974
20 53 852
20 54 85
20 55 926
20 56 804
20 57 37
20 58 878
20 59 852
20 60 85
20 61 926
20 62 1404
21 0 205
21 1 1392
21 2 775
21 3 466
21 4 455
21 5 1186
21 6 439
21 7 629
21 8 265
21 9 1700
21 10 527
21 11 343
21 12 733
21 13 1072
21 14 430
21 15 1592
21 16 1246
21 17 783
21 18 497
21 19 652
21 20 1273
21 21 0
21 22 1884
21 23 1368
21 24 1565
21 25 876
21 26 85
21 27 852
21 28 1693
21 29 37
21 30 804
21 31 1645
21 32 85
21 33 852
21 34 1693
21 35 133
21 36 900
21 37 1741
21 38 181
21 39 948
21 40 1789
21 41 229
21 42 996
21 43 1837
21 44 277
21 45 1044
21 46 1885
21 47 325
21 48 1092
21 49 1933
21 50 373
21 51 1140
21 52 1981
21 53 421
21 54 1188
21 55 2029
21 56 469
21 57 1236
21 58 2077
21 59 517
21 60 1284
21 61 2125
21 62 205
22 0 2089
22 1 878
22 2 1279
22 3 1492
22 4 1429
22 5 772
22 6 1519
22 7 1425
22 8 1693
22 9 570
22 10 1431
22 11 1615
22 12 1321
22 13 964
22 14 1528
22 15 678
22 16 946
22 17 1175
22 18 1461
22 19 1306
22 20 685
22 21 1884
22 22 0
22 23 876
22 24 801
22 25 1178
22 26 1969
22 27 1128
22 28 673
22 29 1921
22 30 1080
22 31 625
22 32 1873
22 33 1032
22 34 577
22 35 1825
22 36 984
22 37 529
22 38 1777
22 39 936
22 40 481
22 41 1729
22 42 888
22 43 433
22 44 1681
22 45 840
22 46 385
22 47 1633
22 48 792
22 49 337
22 50 1585
22 51 744
22 52 289
22 53 1537
22 54 696
22 55 241
22 56 1489
22 57 648
22 58 193
22 59 1537
22 60 696
22 61 241
22 62 2089
23 0 1573
23 1 960
23 2 859
23 3 976
23 4 913
23 5 256
23 6 1003
23 7 909
23 8 1177
23 9 990
23 10 915
23 11 1099
23 12 805
23 13 448
23 14 1012
23 15 968
23 16 430
23 17 659
23 18 945
23 19 790
23 20 265
23 21 1368
23 22 876
23 23 0
23 24 1221
23 25 662
23 26 1453
23 27 612
23 28 1093
23 29 1405
23 30 564
23 31 1045
23 32 1357
23 33 516
23 34 997
23 35 1309
23 36 468
23 37 949
23 38 1261
23 39 420
23 40 901
23 41 1213
23 42 372
23 43 853
23 44 1165
23 45 324
23 46 805
23 47 1117
23 48 276
23 49 757
23 50 1069
23 51 228
23 52 709
23 53 1021
23 54 180
23 55 661
23 56 1069
23 57 228
23 58 709
23 59 1117
23 60 276
23 61 757
23 62 1573
24 0 1674
24 1 621
24 2 1824
24 3 1749
24 4 1110
24 5 1221
24 6 1488
24 7 1010
24 8 1470
24 9 409
24 10 1784
24 11 1392
24 12 906
24 13 1029
24 14 1401
24 15 613
24 16 1151
24 17 1624
24 18 1910
24 19 1467
24 20 1230
24 21 1565
24 22 801
24 23 1221
24 24 0
24 25 763
24 26 1554
24 27 713
24 28 128
24 29 1602
24 30 761
24 31 176
24 32 1650
24 33 809
24 34 224
24 35 1698
24 36 857
24 37 272
24 38 1746
24 39 905
24 40 320
24 41 1794
24 42 953
24 43 368
24 44 1842
24 45 1001
24 46 416
24 47 1890
24 48 1049
24 49 464
24 50 1938
24 51 1097
24 52 512
24 53 1986
24 54 1145
24 55 560
24 56 2034
24 57 1193
24 58 608
24 59 2082
24 60 1241
24 61 656
24 62 1674
25 0 911
25 1 686
25 2 1161
25 3 1086
25 4 447
25 5 558
25 6 825
25 7 247
25 8 807
25 9 994
25 10 1121
25 11 729
25 12 143
25 13 366
25 14 738
25 15 886
25 16 540
25 17 961
25 18 1247
25 19 804
25 20 567
25 21 876
25 22 1178
25 23 662
25 24 763
25 25 0
25 26 791
25 27 50
25 28 891
25 29 839
25 30 98
25 31 939
25 32 887
25 33 146
25 34 987
25 35 935
25 36 194
25 37 1035
25 38 983
25 39 242
25 40 1083
25 41 1031
25 42 290
25 43 1131
25 44 1079
25 45 338
25 46 1179
25 47 1127
25 48 386
25 49 1227
25 50 1175
25 51 434
25 52 1275
25 53 1223
25 54 482
25 55 1323
25 56 1271
25 57 530
25 58 1371
25 59 1319
25 60 578
25 61 1419
25 62 911
26 0 120
26 1 1477
26 2 786
26 3 477
26 4 540
26 5 1197
26 6 450
26 7 544
26 8 276
26 9 1785
26 10 538
26 11 354
26 12 648
26 13 1157
26 14 441
26 15 1677
26 16 1331
26 17 794
26 18 508
26 19 663
26 20 1284
26 21 85
26 22 1969
26 23 1453
26 24 1554
26 25 791
26 26 0
26 27 841
26 28 1682
26 29 48
26 30 889
26 31 1730
26 32 96
26 33 937
26 34 1778
26 35 144
26 36 985
26 37 1826
26 38 192
26 39 1033
26 40 1874
26 41 240
26 42 1081
26 43 1922
26 44 288
26 45 1129
26 46 1970
26 47 336
26 48 1177
26 49 2018
26 50 384
26 51 1225
26 52 2066
26 53 432
26 54 1273
26 55 2114
26 56 480
26 57 1321
26 58 2162
26 59 528
26 60 1369
26 61 2210
26 62 120
27 0 961
27 1 636
27 2 1111
27 3 1036
27 4 397
27 5 508
27 6 775
27 7 297
27 8 757
27 9 944
27 10 1071
27 11 679
27 12 193
27 13 316
27 14 688
27 15 836
27 16 490
27 17 911
27 18 1197
27 19 754
27 20 517
27 21 852
27 22 1128
27 23 612
27 24 713
27 25 50
27 26 841
27 27 0
27 28 841
27 29 889
27 30 48
27 31 889
27 32 937
27 33 96
27 34 937
27 35 985
27 36 144
27 37 985
27 38 1033
27 39 192
27 40 1033
27 41 1081
27 42 240
27 43 1081
27 44 1129
27 45 288
27 46 1129
27 47 1177
27 48 336
27 49 1177
27 50 1225
27 51 384
27 52 1225
27 53 1273
27 54 432
27 55 1273
27 56 1321
27 57 480
27 58 1321
27 59 1369
27 60 528
27 61 1369
27 62 961
28 0 1802
28 1 493
28 2 1952
28 3 1877
28 4 1238
28 5 1349
28 6 1616
28 7 1138
28 8 1598
28 9 281
28 10 1912
28 11 1520
28 12 1034
28 13 1005
28 14 1529
28 15 485
28 16 1023
28 17 1752
28 18 2038
28 19 1595
28 20 1358
28 21 1693
28 22 673
28 23 1093
28 24 128
28 25 891
28 26 1682
28 27 841
28 28 0
28 29 1730
28 30 889
28 31 48
28 32 1778
28 33 937
28 34 96
28 35 1826
28 36 985
28 37 144
28 38 1874
28 39 1033
28 40 192
28 41 1922
28 42 1081
28 43 240
28 44 1970
28 45 1129
28 46 288
28 47 2018
28 48 1177
28 49 336
28 50 2066
28 51 1225
28 52 384
28 53 2114
28 54 1273
28 55 432
28 56 2162
28 57 1321
28 58 480
28 59 2210
28 60 1369
28 61 528
28 62 1802
29 0 168
29 1 1429
29 2 738
29 3 429
29 4 492
29 5 1149
29 6 402
29 7 592
29 8 228
29 9 1737
29 10 490
29 11 306
29 12 696
29 13 1109
29 14 393
29 15 1629
29 16 1283
29 17 746
29 18 460
29 19 615
29 20 1236
29 21 37
29 22 1921
29 23 1405
29 24 1602
29 25 839
29 26 48
29 27 889
29 28 1730
29 29 0
29 30 841
29 31 1682
29 32 48
29 33 889
29 34 1730
29 35 96
29 36 937
29 37 1778
29 38 144
29 39 985
29 40 1826
29 41 192
29 42 1033
29 43 1874
29 44 240
29 45 1081
29 46 1922
29 47 288
29 48 1129
29 49 1970
29 50 336
29 51 1177
29 52 2018
29 53 384
29 54 1225
29 55 2066
29 56 432
29 57 1273
29 58 2114
29 59 480
29 60 1321
29 61 2162
29 62 168
30 0 1009
30 1 588
30 2 1063
30 3 988
30 4 349
30 5 460
30 6 727
30 7 345
30 8 709
30 9 896
30 10 1023
30 11 631
30 12 241
30 13 268
30 14 640
30 15 788
30 16 442
30 17 863
30 18 1149
30 19 706
30 20 469
30 21 804
30 22 1080
30 23 564
30 24 761
30 25 98
30 26 889
30 27 48
30 28 889
30 29 841
30 30 0
30 31 841
30 32 889
30 33 48
30 34 889
30 35 937
30 36 96
30 37 937
30 38 985
30 39 144
30 40 985
30 41 1033
30 42 192
30 43 1033
30 44 1081
30 45 240
30 46 1081
30 47 1129
30 48 288
30 49 1129
30 50 1177
30 51 336
30 52 1177
30 53 1225
30 54 384
30 55 1225
30 56 1273
30 57 432
30 58 1273
30 59 1321
30 60 480
30 61 1321
30 62 1009
31 0 1850
31 1 445
31 2 1904
31 3 1829
31 4 1190
31 5 1301
31 6 1568
31 7 1186
31 8 1550
31 9 233
31 10 1864
31 11 1472
31 12 1082
31 13 957
31 14 1481
31 15 437
31 16 975
31 17 1704
31 18 1990
31 19 1547
31 20 1310
31 21 1645
31 22 625
31 23 1045
31 24 176
31 25 939
31 26 1730
31 27 889
31 28 48
31 29 1682
31 30 841
31 31 0
31 32 1730
31 33 889
31 34 48
31 35 1778
31 36 937
31 37 96
31 38 1826
31 39 985
31 40 144
31 41 1874
31 42 1033
31 43 192
31 44 1922
31 45 1081
31 46 240
31 47 1970
31 48 1129
31 49 288
31 50 2018
31 51 1177
31 52 336
31 53 2066
31 54 1225
31 55 384
31 56 2114
31 57 1273
31 58 432
31 59 2162
31 60 1321
31 61 480
31 62 1850
32 0 216
32 1 1381
32 2 690
32 3 381
32 4 540
32 5 1101
32 6 354
32 7 640
32 8 180
32 9 1689
32 10 442
32 11 258
32 12 744
32 13 1061
32 14 345
32 15 1581
32 16 1235
32 17 698
32 18 412
32 19 567
32 20 1188
32 21 85
32 22 1873
32 23 1357
32 24 1650
32 25 887
32 26 96
32 27 937
32 28 1778
32 29 48
32 30 889
32 31 1730
32 32 0
32 33 841
32 34 1682
32 35 48
32 36 889
32 37 1730
32 38 96
32 39 937
32 40 1778
32 41 144
32 42 985
32 43 1826
32 44 192
32 45 1033
32 46 1874
32 47 240
32 48 1081
32 49 1922
32 50 288
32 51 1129
32 52 1970
32 53 336
32 54 1177
32 55 2018
32 56 384
32 57 1225
32 58 2066
32 59 432
32 60 1273
32 61 2114
32 62 216
33 0 1057
33 1 540
33 2 1015
33 3 940
33 4 397
33 5 412
33 6 679
33 7 393
33 8 661
33 9 848
33 10 975
33 11 583
33 12 289
33 13 220
33 14 592
33 15 740
33 16 394
33 17 815
33 18 1101
33 19 658
33 20 421
33 21 852
33 22 1032
33 23 516
33 24 809
33 25 146
33 26 937
33 27 96
33 28 937
33 29 889
33 30 48
33 31 889
33 32 841
33 33 0
33 34 841
33 35 889
33 36 48
33 37 889
33 38 937
33 39 96
33 40 937
33 41 985
33 42 144
33 43 985
33 44 1033
33 45 192
33 46 1033
33 47 1081
33 48 240
33 49 1081
33 50 1129
33 51 288
33 52 1129
33 53 1177
33 54 336
33 55 1177
33 56 1225
33 57 384
33 58 1225
33 59 1273
33 60 432
33 61 1273
33 62 1057
34 0 1898
34 1 397
34 2 1856
34 3 1781
34 4 1238
34 5 1253
34 6 1520
34 7 1234
34 8 1502
34 9 185
34 10 1816
34 11 1424
34 12 1130
34 13 909
34 14 1433
34 15 389
34 16 927
34 17 1656
34 18 1942
34 19 1499
34 20 1262
34 21 1693
34 22 577
34 23 997
34 24 224
34 25 987
34 26 1778
34 27 937
34 28 96
34 29 1730
34 30 889
34 31 48
34 32 1682
34 33 841
34 34 0
34 35 1730
34 36 889
34 37 48
34 38 1778
34 39 937
34 40 96
34 41 1826
34 42 985
34 43 144
34 44 1874
34 45 1033
34 46 192
34 47 1922
34 48 1081
34 49 240
34 50 1970
34 51 1129
34 52 288
34 53 2018
34 54 1177
34 55 336
34 56 2066
34 57 1225
34 58 384
34 59 2114
34 60 1273
34 61 432
34 62 1898
35 0 264
35 1 1333
35 2 642
35 3 333
35 4 588
35 5 1053
35 6 306
35 7 688
35 8 228
35 9 1641
35 10 394
35 11 306
35 12 792
35 13 1013
35 14 297
35 15 1533
35 16 1187
35 17 650
35 18 364
35 19 519
35 20 1140
35 21 133
35 22 1825
35 23 1309
35 24 1698
35 25 935
35 26 144
35 27 985
35 28 1826
35 29 96
35 30 937
35 31 1778
35 32 48
35 33 889
35 34 1730
35 35 0
35 36 841
35 37 1682
35 38 48
35 39 889
35 40 1730
35 41 96
35 42 937
35 43 1778
35 44 144
35 45 985
35 46 1826
35 47 192
35 48 1033
35 49 1874
35 50 240
35 51 1081
35 52 1922
35 53 288
35 54 1129
35 55 1970
35 56 336
35 57 1177
35 58 2018
35 59 384
35 60 1225
35 61 2066
35 62 264
36 0 1105
36 1 492
36 2 967
36 3 892
36 4 445
36 5 364
36 6 631
36 7 441
36 8 709
36 9 800
36 10 927
36 11 631
36 12 337
36 13 172
36 14 544
36 15 692
36 16 346
36 17 767
36 18 1053
36 19 610
36 20 373
36 21 900
36 22 984
36 23 468
36 24 857
36 25 194
36 26 985
36 27 144
36 28 985
36 29 937
36 30 96
36 31 937
36 32 889
36 33 48
36 34 889
36 35 841
36 36 0
36 37 841
36 38 889
36 39 48
36 40 889
36 41 937
36 42 96
36 43 937
36 44 985
36 45 144
36 46 985
36 47 1033
36 48 192
36 49 1033
36 50 1081
36 51 240
36 52 1081
36 53 1129
36 54 288
36 55 1129
36 56 1177
36 57 336
36 58 1177
36 59 1225
36 60 384
36 61 1225
36 62 1105
37 0 1946
37 1 349
37 2 1808
37 3 1733
37 4 1286
37 5 1205
37 6 1472
37 7 1282
37 8 1550
37 9 137
37 10 1768
37 11 1472
37 12 1178
37 13 861
37 14 1385
37 15 341
37 16 879
37 17 1608
37 18 1894
37 19 1451
37 20 1214
37 21 1741
37 22 529
37 23 949
37 24 272
37 25 1035
37 26 1826
37 27 985
37 28 144
37 29 1778
37 30 937
37 31 96
37 32 1730
37 33 889
37 34 48
37 35 1682
37 36 841
37 37 0
37 38 1730
37 39 889
37 40 48
37 41 1778
37 42 937
37 43 96
37 44 1826
37 45 985
37 46 144
37 47 1874
37 48 1033
37 49 192
37 50 1922
37 51 1081
37 52 240
37 53 1970
37 54 1129
37 55 288
37 56 2018
37 57 1177
37 58 336
37 59 2066
37 60 1225
37 61 384
37 62 1946
38 0 312
38 1 1381
38 2 594
38 3 285
38 4 636
38 5 1005
38 6 258
38 7 736
38 8 276
38 9 1593
38 10 346
38 11 354
38 12 840
38 13 965
38 14 345
38 15 1485
38 16 1139
38 17 602
38 18 316
38 19 471
38 20 1092
38 21 181
38 22 1777
38 23 1261
38 24 1746
38 25 983
38 26 192
38 27 1033
38 28 1874
38 29 144
38 30 985
38 31 1826
38 32 96
38 33 937
38 34 1778
38 35 48
38 36 889
38 37 1730
38 38 0
38 39 841
38 40 1682
38 41 48
38 42 889
38 43 1730
38 44 96
38 45 937
38 46 1778
38 47 144
38 48 985
38 49 1826
38 50 192
38 51 1033
38 52 1874
38 53 240
38 54 1081
38 55 1922
38 56 288
38 57 1129
38 58 1970
38 59 336
38 60 1177
38 61 2018
38 62 312
39 0 1153
39 1 540
39 2 919
39 3 844
39 4 493
39 5 316
39 6 583
39 7 489
39 8 757
39 9 752
39 10 879
39 11 679
39 12 385
39 13 124
39 14 592
39 15 644
39 16 298
39 17 719
39 18 1005
39 19 562
39 20 325
39 21 948
39 22 936
39 23 420
39 24 905
39 25 242
39 26 1033
39 27 192
39 28 1033
39 29 985
39 30 144
39 31 985
39 32 937
39 33 96
39 34 937
39 35 889
39 36 48
39 37 889
39 38 841
39 39 0
39 40 841
39 41 889
39 42 48
39 43 889
39 44 937
39 45 96
39 46 937
39 47 985
39 48 144
39 49 985
39 50 1033
39 51 192
39 52 1033
39 53 1081
39 54 240
39 55 1081
39 56 1129
39 57 288
39 58 1129
39 59 1177
39 60 336
39 61 1177
39 62 1153
40 0 1994
40 1 397
40 2 1760
40 3 1685
40 4 1334
40 5 1157
40 6 1424
40 7 1330
40 8 1598
40 9 89
40 10 1720
40 11 1520
40 12 1226
40 13 813
40 14 1433
40 15 293
40 16 831
40 17 1560
40 18 1846
40 19 1403
40 20 1166
40 21 1789
40 22 481
40 23 901
40 24 320
40 25 1083
40 26 1874
40 27 1033
40 28 192
40 29 1826
40 30 985
40 31 144
40 32 1778
40 33 937
40 34 96
40 35 1730
40 36 889
40 37 48
40 38 1682
40 39 841
40 40 0
40 41 1730
40 42 889
40 43 48
40 44 1778
40 45 937
40 46 96
40 47 1826
40 48 985
40 49 144
40 50 1874
40 51 1033
40 52 192
40 53 1922
40 54 1081
40 55 240
40 56 1970
40 57 1129
40 58 288
40 59 2018
40 60 1177
40 61 336
40 62 1994
41 0 360
41 1 1429
41 2 546
41 3 237
41 4 684
41 5 957
41 6 306
41 7 784
41 8 324
41 9 1641
41 10 298
41 11 402
41 12 888
41 13 917
41 14 393
41 15 1437
41 16 1091
41 17 554
41 18 268
41 19 423
41 20 1044
41 21 229
41 22 1729
41 23 1213
41 24 1794
41 25 1031
41 26 240
41 27 1081
41 28 1922
41 29 192
41 30 1033
41 31 1874
41 32 144
41 33 985
41 34 1826
41 35 96
41 36 937
41 37 1778
41 38 48
41 39 889
41 40 1730
41 41 0
41 42 841
41 43 1682
41 44 48
41 45 889
41 46 1730
41 47 96
41 48 937
41 49 1778
41 50 144
41 51 985
41 52 1826
41 53 192
41 54 1033
41 55 1874
41 56 240
41 57 1081
41 58 1922
41 59 288
41 60 1129
41 61 1970
41 62 360
42 0 1201
42 1 588
42 2 871
42 3 796
42 4 541
42 5 268
42 6 631
42 7 537
42 8 805
42 9 800
42 10 831
42 11 727
42 12 433
42 13 76
42 14 640
42 15 596
42 16 250
42 17 671
42 18 957
42 19 514
42 20 277
42 21 996
42 22 888
42 23 372
42 24 953
42 25 290
42 26 1081
42 27 240
42 28 1081
42 29 1033
42 30 192
42 31 1033
42 32 985
42 33 144
42 34 985
42 35 937
42 36 96
42 37 937
42 38 889
42 39 48
42 40 889
42 41 841
42 42 0
42 43 841
42 44 889
42 45 48
42 46 889
42 47 937
42 48 96
42 49 937
42 50 985
42 51 144
42 52 985
42 53 1033
42 54 192
42 55 1033
42 56 1081
42 57 240
42 58 1081
42 59 1129
42 60 288
42 61 1129
42 62 1201
43 0 2042
43 1 445
43 2 1712
43 3 1637
43 4 1382
43 5 1109
43 6 1472
43 7 1378
43 8 1646
43 9 137
43 10 1672
43 11 1568
43 12 1274
43 13 765
43 14 1481
43 15 245
43 16 783
43 17 1512
43 18 1798
43 19 1355
43 20 1118
43 21 1837
43 22 433
43 23 853
43 24 368
43 25 1131
43 26 1922
43 27 1081
43 28 240
43 29 1874
43 30 1033
43 31 192
43 32 1826
43 33 985
43 34 144
43 35 1778
43 36 937
43 37 96
43 38 1730
43 39 889
43 40 48
43 41 1682
43 42 841
43 43 0
43 44 1730
43 45 889
43 46 48
43 47 1778
43 48 937
43 49 96
43 50 1826
43 51 985
43 52 144
43 53 1874
43 54 1033
43 55 192
43 56 1922
43 57 1081
43 58 240
43 59 1970
43 60 1129
43 61 288
43 62 2042
44 0 408
44 1 1477
44 2 498
44 3 189
44 4 732
44 5 909
44 6 354
44 7 832
44 8 372
44 9 1689
44 10 250
44 11 450
44 12 936
44 13 965
44 14 441
44 15 1485
44 16 1043
44 17 506
44 18 220
44 19 375
44 20 996
44 21 277
44 22 1681
44 23 1165
44 24 1842
44 25 1079
44 26 288
44 27 1129
44 28 1970
44 29 240
44 30 1081
44 31 1922
44 32 192
44 33 1033
44 34 1874
44 35 144
44 36 985
44 37 1826
44 38 96
44 39 937
44 40 1778
44 41 48
44 42 889
44 43 1730
44 44 0
44 45 841
44 46 1682
44 47 48
44 48 889
44 49 1730
44 50 96
44 51 937
44 52 1778
44 53 144
44 54 985
44 55 1826
44 56 192
44 57 1033
44 58 1874
44 59 240
44 60 1081
44 61 1922
44 62 408
45 0 1249
45 1 636
45 2 823
45 3 748
45 4 589
45 5 220
45 6 679
45 7 585
45 8 853
45 9 848
45 10 783
45 11 775
45 12 481
45 13 124
45 14 688
45 15 644
45 16 202
45 17 623
45 18 909
45 19 466
45 20 229
45 21 1044
45 22 840
45 23 324
45 24 1001
45 25 338
45 26 1129
45 27 288
45 28 1129
45 29 1081
45 30 240
45 31 1081
45 32 1033
45 33 192
45 34 1033
45 35 985
45 36 144
45 37 985
45 38 937
45 39 96
45 40 937
45 41 889
45 42 48
45 43 889
45 44 841
45 45 0
45 46 841
45 47 889
45 48 48
45 49 889
45 50 937
45 51 96
45 52 937
45 53 985
45 54 144
45 55 985
45 56 1033
45 57 192
45 58 1033
45 59 1081
45 60 240
45 61 1081
45 62 1249
46 0 2090
46 1 493
46 2 1664
46 3 1589
46 4 1430
46 5 1061
46 6 1520
46 7 1426
46 8 1694
46 9 185
46 10 1624
46 11 1616
46 12 1322
46 13 813
46 14 1529
46 15 293
46 16 735
46 17 1464
46 18 1750
46 19 1307
46 20 1070
46 21 1885
46 22 385
46 23 805
46 24 416
46 25 1179
46 26 1970
46 27 1129
46 28 288
46 29 1922
46 30 1081
46 31 240
46 32 1874
46 33 1033
46 34 192
46 35 1826
46 36 985
46 37 144
46 38 1778
46 39 937
46 40 96
46 41 1730
46 42 889
46 43 48
46 44 1682
46 45 841
46 46 0
46 47 1730
46 48 889
46 49 48
46 50 1778
46 51 937
46 52 96
46 53 1826
46 54 985
46 55 144
46 56 1874
46 57 1033
46 58 192
46 59 1922
46 60 1081
46 61 240
46 62 2090
47 0 456
47 1 1525
47 2 450
47 3 141
47 4 780
47 5 861
47 6 402
47 7 880
47 8 420
47 9 1737
47 10 202
47 11 498
47 12 984
47 13 1013
47 14 489
47 15 1533
47 16 995
47 17 458
47 18 172
47 19 423
47 20 948
47 21 325
47 22 1633
47 23 1117
47 24 1890
47 25 1127
47 26 336
47 27 1177
47 28 2018
47 29 288
47 30 1129
47 31 1970
47 32 240
47 33 1081
47 34 1922
47 35 192
47 36 1033
47 37 1874
47 38 144
47 39 985
47 40 1826
47 41 96
47 42 937
47 43 1778
47 44 48
47 45 889
47 46 1730
47 47 0
47 48 841
47 49 1682
47 50 48
47 51 889
47 52 1730
47 53 96
47 54 937
47 55 1778
47 56 144
47 57 985
47 58 1826
47 59 192
47 60 1033
47 61 1874
47 62 456
48 0 1297
48 1 684
48 2 775
48 3 700
48 4 637
48 5 172
48 6 727
48 7 633
48 8 901
48 9 896
48 10 735
48 11 823
48 12 529
48 13 172
48 14 736
48 15 692
48 16 154
48 17 575
48 18 861
48 19 514
48 20 181
48 21 1092
48 22 792
48 23 276
48 24 1049
48 25 386
48 26 1177
48 27 336
48 28 1177
48 29 1129
48 30 288
48 31 1129
48 32 1081
48 33 240
48 34 1081
48 35 1033
48 36 192
48 37 1033
48 38 985
48 39 144
48 40 985
48 41 937
48 42 96
48 43 937
48 44 889
48 45 48
48 46 889
48 47 841
48 48 0
48 49 841
48 50 889
48 51 48
48 52 889
48 53 937
48 54 96
48 55 937
48 56 985
48 57 144
48 58 985
48 59 1033
48 60 192
48 61 1033
48 62 1297
49 0 2138
49 1 541
49 2 1616
49 3 1541
49 4 1478
49 5 1013
49 6 1568
49 7 1474
49 8 1742
49 9 233
49 10 1576
49 11 1664
49 12 1370
49 13 861
49 14 1577
49 15 341
49 16 687
49 17 1416
49 18 1702
49 19 1355
49 20 1022
49 21 1933
49 22 337
49 23 757
49 24 464
49 25 1227
49 26 2018
49 27 1177
49 28 336
49 29 1970
49 30 1129
49 31 288
49 32 1922
49 33 1081
49 34 240
49 35 1874
49 36 1033
49 37 192
49 38 1826
49 39 985
49 40 144
49 41 1778
49 42 937
49 43 96
49 44 1730
49 45 889
49 46 48
49 47 1682
49 48 841
49 49 0
49 50 1730
49 51 889
49 52 48
49 53 1778
49 54 937
49 55 96
49 56 1826
49 57 985
49 58 144
49 59 1874
49 60 1033
49 61 192
49 62 2138
50 0 504
50 1 1573
50 2 402
50 3 189
50 4 828
50 5 813
50 6 450
50 7 928
50 8 468
50 9 1785
50 10 154
50 11 546
50 12 1032
50 13 1061
50 14 537
50 15 1581
50 16 1043
50 17 410
50 18 124
50 19 471
50 20 900
50 21 373
50 22 1585
50 23 1069
50 24 1938
50 25 1175
50 26 384
50 27 1225
50 28 2066
50 29 336
50 30 1177
50 31 2018
50 32 288
50 33 1129
50 34 1970
50 35 240
50 36 1081
50 37 1922
50 38 192
50 39 1033
50 40 1874
50 41 144
50 42 985
50 43 1826
50 44 96
50 45 937
50 46 1778
50 47 48
50 48 889
50 49 1730
50 50 0
50 51 841
50 52 1682
50 53 48
50 54 889
50 55 1730
50 56 96
50 57 937
50 58 1778
50 59 144
50 60 985
50 61 1826
50 62 504
51 0 1345
51 1 732
51 2 727
51 3 748
51 4 685
51 5 124
51 6 775
51 7 681
51 8 949
51 9 944
51 10 687
51 11 871
51 12 577
51 13 220
51 14 784
51 15 740
51 16 202
51 17 527
51 18 813
51 19 562
51 20 133
51 21 1140
51 22 744
51 23 228
51 24 1097
51 25 434
51 26 1225
51 27 384
51 28 1225
51 29 1177
51 30 336
51 31 1177
51 32 1129
51 33 288
51 34 1129
51 35 1081
51 36 240
51 37 1081
51 38 1033
51 39 192
51 40 1033
51 41 985
51 42 144
51 43 985
51 44 937
51 45 96
51 46 937
51 47 889
51 48 48
51 49 889
51 50 841
51 51 0
51 52 841
51 53 889
51 54 48
51 55 889
51 56 937
51 57 96
51 58 937
51 59 985
51 60 144
51 61 985
51 62 1345
52 0 2186
52 1 589
52 2 1568
52 3 1589
52 4 1526
52 5 965
52 6 1616
52 7 1522
52 8 1790
52 9 281
52 10 1528
52 11 1712
52 12 1418
52 13 909
52 14 1625
52 15 389
52 16 735
52 17 1368
52 18 1654
52 19 1403
52 20 974
52 21 1981
52 22 289
52 23 709
52 24 512
52 25 1275
52 26 2066
52 27 1225
52 28 384
52 29 2018
52 30 1177
52 31 336
52 32 1970
52 33 1129
52 34 288
52 35 1922
52 36 1081
52 37 240
52 38 1874
52 39 1033
52 40 192
52 41 1826
52 42 985
52 43 144
52 44 1778
52 45 937
52 46 96
52 47 1730
52 48 889
52 49 48
52 50 1682
52 51 841
52 52 0
52 53 1730
52 54 889
52 55 48
52 56 1778
52 57 937
52 58 96
52 59 1826
52 60 985
52 61 144
52 62 2186
53 0 552
53 1 1621
53 2 354
53 3 237
53 4 876
53 5 765
53 6 498
53 7 976
53 8 516
53 9 1833
53 10 202
53 11 594
53 12 1080
53 13 1109
53 14 585
53 15 1629
53 16 1091
53 17 362
53 18 76
53 19 519
53 20 852
53 21 421
53 22 1537
53 23 1021
53 24 1986
53 25 1223
53 26 432
53 27 1273
53 28 2114
53 29 384
53 30 1225
53 31 2066
53 32 336
53 33 1177
53 34 2018
53 35 288
53 36 1129
53 37 1970
53 38 240
53 39 1081
53 40 1922
53 41 192
53 42 1033
53 43 1874
53 44 144
53 45 985
53 46 1826
53 47 96
53 48 937
53 49 1778
53 50 48
53 51 889
53 52 1730
53 53 0
53 54 841
53 55 1682
53 56 48
53 57 889
53 58 1730
53 59 96
53 60 937
53 61 1778
53 62 552
54 0 1393
54 1 780
54 2 679
54 3 796
54 4 733
54 5 76
54 6 823
54 7 729
54 8 997
54 9 992
54 10 735
54 11 919
54 12 625
54 13 268
54 14 832
54 15 788
54 16 250
54 17 479
54 18 765
54 19 610
54 20 85
54 21 1188
54 22 696
54 23 180
54 24 1145
54 25 482
54 26 1273
54 27 432
54 28 1273
54 29 1225
54 30 384
54 31 1225
54 32 1177
54 33 336
54 34 1177
54 35 1129
54 36 288
54 37 1129
54 38 1081
54 39 240
54 40 1081
54 41 1033
54 42 192
54 43 1033
54 44 985
54 45 144
54 46 985
54 47 937
54 48 96
54 49 937
54 50 889
54 51 48
54 52 889
54 53 841
54 54 0
54 55 841
54 56 889
54 57 48
54 58 889
54 59 937
54 60 96
54 61 937
54 62 1393
55 0 2234
55 1 637
55 2 1520
55 3 1637
55 4 1574
55 5 917
55 6 1664
55 7 1570
55 8 1838
55 9 329
55 10 1576
55 11 1760
55 12 1466
55 13 957
55 14 1673
55 15 437
55 16 783
55 17 1320
55 18 1606
55 19 1451
55 20 926
55 21 2029
55 22 241
55 23 661
55 24 560
55 25 1323
55 26 2114
55 27 1273
55 28 432
55 29 2066
55 30 1225
55 31 384
55 32 2018
55 33 1177
55 34 336
55 35 1970
55 36 1129
55 37 288
55 38 1922
55 39 1081
55 40 240
55 41 1874
55 42 1033
55 43 192
55 44 1826
55 45 985
55 46 144
55 47 1778
55 48 937
55 49 96
55 50 1730
55 51 889
55 52 48
55 53 1682
55 54 841
55 55 0
55 56 1730
55 57 889
55 58 48
55 59 1778
55 60 937
55 61 96
55 62 2234
56 0 600
56 1 1669
56 2 306
56 3 285
56 4 924
56 5 813
56 6 546
56 7 1024
56 8 564
56 9 1881
56 10 250
56 11 642
56 12 1128
56 13 1157
56 14 633
56 15 1677
56 16 1139
56 17 410
56 18 124
56 19 567
56 20 804
56 21 469
56 22 1489
56 23 1069
56 24 2034
56 25 1271
56 26 480
56 27 1321
56 28 2162
56 29 432
56 30 1273
56 31 2114
56 32 384
56 33 1225
56 34 2066
56 35 336
56 36 1177
56 37 2018
56 38 288
56 39 1129
56 40 1970
56 41 240
56 42 1081
56 43 1922
56 44 192
56 45 1033
56 46 1874
56 47 144
56 48 985
56 49 1826
56 50 96
56 51 937
56 52 1778
56 53 48
56 54 889
56 55 1730
56 56 0
56 57 841
56 58 1682
56 59 48
56 60 889
56 61 1730
56 62 600
57 0 1441
57 1 828
57 2 631
57 3 844
57 4 781
57 5 124
57 6 871
57 7 777
57 8 1045
57 9 1040
57 10 783
57 11 967
57 12 673
57 13 316
57 14 880
57 15 836
57 16 298
57 17 527
57 18 813
57 19 658
57 20 37
57 21 1236
57 22 648
57 23 228
57 24 1193
57 25 530
57 26 1321
57 27 480
57 28 1321
57 29 1273
57 30 432
57 31 1273
57 32 1225
57 33 384
57 34 1225
57 35 1177
57 36 336
57 37 1177
57 38 1129
57 39 288
57 40 1129
57 41 1081
57 42 240
57 43 1081
57 44 1033
57 45 192
57 46 1033
57 47 985
57 48 144
57 49 985
57 50 937
57 51 96
57 52 937
57 53 889
57 54 48
57 55 889
57 56 841
57 57 0
57 58 841
57 59 889
57 60 48
57 61 889
57 62 1441
58 0 2282
58 1 685
58 2 1472
58 3 1685
58 4 1622
58 5 965
58 6 1712
58 7 1618
58 8 1886
58 9 377
58 10 1624
58 11 1808
58 12 1514
58 13 1005
58 14 1721
58 15 485
58 16 831
58 17 1368
58 18 1654
58 19 1499
58 20 878
58 21 2077
58 22 193
58 23 709
58 24 608
58 25 1371
58 26 2162
58 27 1321
58 28 480
58 29 2114
58 30 1273
58 31 432
58 32 2066
58 33 1225
58 34 384
58 35 2018
58 36 1177
58 37 336
58 38 1970
58 39 1129
58 40 288
58 41 1922
58 42 1081
58 43 240
58 44 1874
58 45 1033
58 46 192
58 47 1826
58 48 985
58 49 144
58 50 1778
58 51 937
58 52 96
58 53 1730
58 54 889
58 55 48
58 56 1682
58 57 841
58 58 0
58 59 1730
58 60 889
58 61 48
58 62 2282
59 0 648
59 1 1717
59 2 258
59 3 333
59 4 972
59 5 861
59 6 594
59 7 1072
59 8 612
59 9 1929
59 10 298
59 11 690
59 12 1176
59 13 1205
59 14 681
59 15 1725
59 16 1187
59 17 458
59 18 172
59 19 615
59 20 852
59 21 517
59 22 1537
59 23 1117
59 24 2082
59 25 1319
59 26 528
59 27 1369
59 28 2210
59 29 480
