//alpha
1
//NbLocations
54
//NbProducts
39
//NbPickers
2
//CapaPicker
8
//TimeToTravelOneDistanceUnit
3
//SetupTime
5400
//PickTime
300
//Products
//Idx Location Size
1 1 1
2 2 1
3 3 1
4 4 1
5 5 1
6 6 1
7 7 1
8 8 1
9 9 1
10 10 1
11 11 1
12 12 1
13 13 1
14 14 1
15 15 1
16 6 1
17 16 1
18 17 1
19 18 1
20 19 1
21 20 1
22 21 1
23 22 1
24 23 1
25 24 1
26 15 1
27 25 1
28 26 1
29 27 1
30 28 1
31 29 1
32 30 1
33 31 1
34 32 1
35 33 1
36 29 1
37 34 1
38 32 1
39 35 1
//Orders
//NbOrders
18
//Idx DueDate TardinessPenalty NbProdInOrder ProdIdx1 Qty1 ProdIdx2 Qty2 ...
1 144000 0 1 1 1
2 108000 0 2 2 1 3 1
3 90000 0 2 4 1 5 1
4 54000 0 2 6 1 7 1
5 108000 0 3 8 1 9 1 10 1
6 126000 0 2 11 1 12 1
7 90000 0 2 13 1 14 1
8 54000 0 2 15 1 16 1
9 54000 0 6 17 1 18 1 19 1 20 1 21 1 22 1
10 72000 0 2 23 1 24 1
11 54000 0 5 25 1 26 1 27 1 28 1 29 1
12 54000 0 1 30 1
13 72000 0 2 31 1 32 1
14 126000 0 1 33 1
15 54000 0 3 34 1 35 1 36 1
16 108000 0 1 37 1
17 108000 0 1 38 1
18 90000 0 1 39 1
//Graph (Products are vertices indexed from 1 to NbProducts)
//NbVerticesIntersections
18
//DepartingDepot
0
//ArrivalDepot
54
//Arcs
//Start End Distance
0 36 120
1 20 52
1 37 50
2 13 130
2 21 26
3 4 26
3 15 13
4 3 26
4 32 13
5 33 13
5 51 76
6 22 13
6 46 115
7 20 234
7 38 115
8 18 13
8 40 362
9 11 13
9 31 13
10 17 13
10 36 37
11 9 13
11 26 13
12 27 91
12 42 63
13 2 130
13 41 258
14 26 117
14 46 258
15 3 13
15 19 91
16 23 13
16 43 63
17 10 13
17 25 78
18 8 13
18 34 39
19 15 91
19 50 258
20 1 52
20 7 234
21 2 26
21 40 37
22 6 13
22 24 13
23 16 13
23 29 65
24 22 13
24 28 65
25 17 78
25 35 273
26 11 13
26 14 117
27 12 91
27 43 297
28 24 65
28 47 245
29 23 65
29 44 310
30 52 89
30 53 362
31 9 13
31 45 37
32 4 13
32 49 50
33 5 13
33 52 362
34 18 39
34 39 37
35 25 273
35 37 50
36 10 37
36 39 48
36 54 120
37 1 50
37 35 50
37 40 48
38 7 115
38 41 48
39 34 37
39 36 48
39 42 48
40 8 362
40 21 37
40 37 48
40 43 48
41 13 258
41 38 48
41 44 48
42 12 63
42 39 48
42 45 48
43 16 63
43 27 297
43 40 48
43 46 48
44 29 310
44 41 48
44 47 48
45 31 37
45 42 48
45 48 48
46 6 115
46 14 258
46 43 48
46 49 48
47 28 245
47 44 48
47 50 48
48 45 48
48 49 451
48 51 48
49 32 50
49 46 48
49 48 451
49 52 48
50 19 258
50 47 48
50 53 48
51 5 76
51 48 48
52 30 89
52 33 362
52 49 48
53 30 362
53 50 48
//LocStart LocEnd ShortestPath
0 0 0
0 1 621
0 2 682
0 3 852
0 4 826
0 5 436
0 6 830
0 7 907
0 8 257
0 9 314
0 10 157
0 11 327
0 12 279
0 13 812
0 14 457
0 15 865
0 16 730
0 17 170
0 18 244
0 19 956
0 20 673
0 21 656
0 22 843
0 23 743
0 24 856
0 25 248
0 26 340
0 27 370
0 28 921
0 29 808
0 30 900
0 31 301
0 32 813
0 33 449
0 34 205
0 35 521
0 36 120
0 37 571
0 38 1022
0 39 168
0 40 619
0 41 1070
0 42 216
0 43 667
0 44 1118
0 45 264
0 46 715
0 47 1166
0 48 312
0 49 763
0 50 1214
0 51 360
0 52 811
0 53 1262
0 54 0
1 0 621
1 1 0
1 2 161
1 3 331
1 4 305
1 5 665
1 6 309
1 7 286
1 8 460
1 9 595
1 10 464
1 11 582
1 12 534
1 13 291
1 14 452
1 15 344
1 16 209
1 17 451
1 18 473
1 19 435
1 20 52
1 21 135
1 22 322
1 23 222
1 24 335
1 25 373
1 26 569
1 27 443
1 28 400
1 29 287
1 30 379
1 31 608
1 32 292
1 33 652
1 34 512
1 35 100
1 36 501
1 37 50
1 38 401
1 39 549
1 40 98
1 41 449
1 42 597
1 43 146
1 44 497
1 45 645
1 46 194
1 47 545
1 48 693
1 49 242
1 50 593
1 51 741
1 52 290
1 53 641
1 54 621
2 0 682
2 1 161
2 2 0
2 3 296
2 4 270
2 5 630
2 6 274
2 7 447
2 8 425
2 9 560
2 10 525
2 11 547
2 12 499
2 13 130
2 14 417
2 15 309
2 16 174
2 17 512
2 18 438
2 19 400
2 20 213
2 21 26
2 22 287
2 23 187
2 24 300
2 25 434
2 26 534
2 27 408
2 28 365
2 29 252
2 30 344
2 31 573
2 32 257
2 33 617
2 34 477
2 35 161
2 36 562
2 37 111
2 38 436
2 39 514
2 40 63
2 41 388
2 42 562
2 43 111
2 44 436
2 45 610
2 46 159
2 47 484
2 48 658
2 49 207
2 50 532
2 51 706
2 52 255
2 53 580
2 54 682
3 0 852
3 1 331
3 2 296
3 3 0
3 4 26
3 5 512
3 6 252
3 7 617
3 8 595
3 9 538
3 10 695
3 11 525
3 12 573
3 13 426
3 14 395
3 15 13
3 16 248
3 17 682
3 18 608
3 19 104
3 20 383
3 21 270
3 22 265
3 23 261
3 24 278
3 25 604
3 26 512
3 27 482
3 28 343
3 29 326
3 30 226
3 31 551
3 32 39
3 33 499
3 34 647
3 35 331
3 36 732
3 37 281
3 38 554
3 39 684
3 40 233
3 41 506
3 42 636
3 43 185
3 44 458
3 45 588
3 46 137
3 47 410
3 48 540
3 49 89
3 50 362
3 51 588
3 52 137
3 53 410
3 54 852
4 0 826
4 1 305
4 2 270
4 3 26
4 4 0
4 5 486
4 6 226
4 7 591
4 8 569
4 9 512
4 10 669
4 11 499
4 12 547
4 13 400
4 14 369
4 15 39
4 16 222
4 17 656
4 18 582
4 19 130
4 20 357
4 21 244
4 22 239
4 23 235
4 24 252
4 25 578
4 26 486
4 27 456
4 28 317
4 29 300
4 30 200
4 31 525
4 32 13
4 33 473
4 34 621
4 35 305
4 36 706
4 37 255
4 38 580
4 39 658
4 40 207
4 41 532
4 42 610
4 43 159
4 44 484
4 45 562
4 46 111
4 47 436
4 48 514
4 49 63
4 50 388
4 51 562
4 52 111
4 53 436
4 54 826
5 0 436
5 1 665
5 2 630
5 3 512
5 4 486
5 5 0
5 6 586
5 7 951
5 8 357
5 9 222
5 10 353
5 11 235
5 12 283
5 13 760
5 14 365
5 15 525
5 16 582
5 17 366
5 18 344
5 19 616
5 20 717
5 21 604
5 22 599
5 23 595
5 24 612
5 25 444
5 26 248
5 27 374
5 28 677
5 29 660
5 30 464
5 31 209
5 32 473
5 33 13
5 34 305
5 35 665
5 36 316
5 37 615
5 38 1066
5 39 268
5 40 567
5 41 1018
5 42 220
5 43 519
5 44 970
5 45 172
5 46 471
5 47 922
5 48 124
5 49 423
5 50 874
5 51 76
5 52 375
5 53 826
5 54 436
6 0 830
6 1 309
6 2 274
6 3 252
6 4 226
6 5 586
6 6 0
6 7 595
6 8 573
6 9 516
6 10 673
6 11 503
6 12 551
6 13 404
6 14 373
6 15 265
6 16 226
6 17 660
6 18 586
6 19 356
6 20 361
6 21 248
6 22 13
6 23 239
6 24 26
6 25 582
6 26 490
6 27 460
6 28 91
6 29 304
6 30 300
6 31 529
6 32 213
6 33 573
6 34 625
6 35 309
6 36 710
6 37 259
6 38 480
6 39 662
6 40 211
6 41 432
6 42 614
6 43 163
6 44 384
6 45 566
6 46 115
6 47 336
6 48 614
6 49 163
6 50 384
6 51 662
6 52 211
6 53 432
6 54 830
7 0 907
7 1 286
7 2 447
7 3 617
7 4 591
7 5 951
7 6 595
7 7 0
7 8 746
7 9 881
7 10 750
7 11 868
7 12 820
7 13 421
7 14 738
7 15 630
7 16 495
7 17 737
7 18 759
7 19 565
7 20 234
7 21 421
7 22 582
7 23 508
7 24 569
7 25 659
7 26 855
7 27 729
7 28 504
7 29 521
7 30 665
7 31 894
7 32 578
7 33 938
7 34 798
7 35 386
7 36 787
7 37 336
7 38 115
7 39 835
7 40 384
7 41 163
7 42 883
7 43 432
7 44 211
7 45 931
7 46 480
7 47 259
7 48 979
7 49 528
7 50 307
7 51 1027
7 52 576
7 53 355
7 54 907
8 0 257
8 1 460
8 2 425
8 3 595
8 4 569
8 5 357
8 6 573
8 7 746
8 8 0
8 9 235
8 10 174
8 11 248
8 12 200
8 13 555
8 14 378
8 15 608
8 16 473
8 17 187
8 18 13
8 19 699
8 20 512
8 21 399
8 22 586
8 23 486
8 24 599
8 25 265
8 26 261
8 27 291
8 28 664
8 29 551
8 30 643
8 31 222
8 32 556
8 33 370
8 34 52
8 35 460
8 36 137
8 37 410
8 38 861
8 39 89
8 40 362
8 41 813
8 42 137
8 43 410
8 44 861
8 45 185
8 46 458
8 47 909
8 48 233
8 49 506
8 50 957
8 51 281
8 52 554
8 53 1005
8 54 257
9 0 314
9 1 595
9 2 560
9 3 538
9 4 512
9 5 222
9 6 516
9 7 881
9 8 235
9 9 0
9 10 231
9 11 13
9 12 161
9 13 690
9 14 143
9 15 551
9 16 512
9 17 244
9 18 222
9 19 642
9 20 647
9 21 534
9 22 529
9 23 525
9 24 542
9 25 322
9 26 26
9 27 252
9 28 607
9 29 590
9 30 586
9 31 13
9 32 499
9 33 235
9 34 183
9 35 595
9 36 194
9 37 545
9 38 996
9 39 146
9 40 497
9 41 948
9 42 98
9 43 449
9 44 900
9 45 50
9 46 401
9 47 852
9 48 98
9 49 449
9 50 900
9 51 146
9 52 497
9 53 948
9 54 314
10 0 157
10 1 464
10 2 525
10 3 695
10 4 669
10 5 353
10 6 673
10 7 750
10 8 174
10 9 231
10 10 0
10 11 244
10 12 196
10 13 655
10 14 374
10 15 708
10 16 573
10 17 13
10 18 161
10 19 799
10 20 516
10 21 499
10 22 686
10 23 586
10 24 699
10 25 91
10 26 257
10 27 287
10 28 764
10 29 651
10 30 743
10 31 218
10 32 656
10 33 366
10 34 122
10 35 364
10 36 37
10 37 414
10 38 865
10 39 85
10 40 462
10 41 913
10 42 133
10 43 510
10 44 961
10 45 181
10 46 558
10 47 1009
10 48 229
10 49 606
10 50 1057
10 51 277
10 52 654
10 53 1105
10 54 157
11 0 327
11 1 582
11 2 547
11 3 525
11 4 499
11 5 235
11 6 503
11 7 868
11 8 248
11 9 13
11 10 244
11 11 0
11 12 174
11 13 677
11 14 130
11 15 538
11 16 499
11 17 257
11 18 235
11 19 629
11 20 634
11 21 521
11 22 516
11 23 512
11 24 529
11 25 335
11 26 13
11 27 265
11 28 594
11 29 577
11 30 573
11 31 26
11 32 486
11 33 248
11 34 196
11 35 582
11 36 207
11 37 532
11 38 983
11 39 159
11 40 484
11 41 935
11 42 111
11 43 436
11 44 887
11 45 63
11 46 388
11 47 839
11 48 111
11 49 436
11 50 887
11 51 159
11 52 484
11 53 935
11 54 327
12 0 279
12 1 534
12 2 499
12 3 573
12 4 547
12 5 283
12 6 551
12 7 820
12 8 200
12 9 161
12 10 196
12 11 174
12 12 0
12 13 629
12 14 304
12 15 586
12 16 451
12 17 209
12 18 187
12 19 677
12 20 586
12 21 473
12 22 564
12 23 464
12 24 577
12 25 287
12 26 187
12 27 91
12 28 642
12 29 529
12 30 621
12 31 148
12 32 534
12 33 296
12 34 148
12 35 534
12 36 159
12 37 484
12 38 935
12 39 111
12 40 436
12 41 887
12 42 63
12 43 388
12 44 839
12 45 111
12 46 436
12 47 887
12 48 159
12 49 484
12 50 935
12 51 207
12 52 532
12 53 983
12 54 279
13 0 812
13 1 291
13 2 130
13 3 426
13 4 400
13 5 760
13 6 404
13 7 421
13 8 555
13 9 690
13 10 655
13 11 677
13 12 629
13 13 0
13 14 547
13 15 439
13 16 304
13 17 642
13 18 568
13 19 530
13 20 343
13 21 156
13 22 417
13 23 317
13 24 430
13 25 564
13 26 664
13 27 538
13 28 495
13 29 382
13 30 474
13 31 703
13 32 387
13 33 747
13 34 607
13 35 291
13 36 692
13 37 241
13 38 306
13 39 644
13 40 193
13 41 258
13 42 692
13 43 241
13 44 306
13 45 740
13 46 289
13 47 354
13 48 788
13 49 337
13 50 402
13 51 836
13 52 385
13 53 450
13 54 812
14 0 457
14 1 452
14 2 417
14 3 395
14 4 369
14 5 365
14 6 373
14 7 738
14 8 378
14 9 143
14 10 374
14 11 130
14 12 304
14 13 547
14 14 0
14 15 408
14 16 369
14 17 387
14 18 365
14 19 499
14 20 504
14 21 391
14 22 386
14 23 382
14 24 399
14 25 465
14 26 117
14 27 395
14 28 464
14 29 447
14 30 443
14 31 156
14 32 356
14 33 378
14 34 326
14 35 452
14 36 337
14 37 402
14 38 853
14 39 289
14 40 354
14 41 805
14 42 241
14 43 306
14 44 757
14 45 193
14 46 258
14 47 709
14 48 241
14 49 306
14 50 757
14 51 289
14 52 354
14 53 805
14 54 457
15 0 865
15 1 344
15 2 309
15 3 13
15 4 39
15 5 525
15 6 265
15 7 630
15 8 608
15 9 551
15 10 708
15 11 538
15 12 586
15 13 439
15 14 408
15 15 0
15 16 261
15 17 695
15 18 621
15 19 91
15 20 396
15 21 283
15 22 278
15 23 274
15 24 291
15 25 617
15 26 525
15 27 495
15 28 356
15 29 339
15 30 239
15 31 564
15 32 52
15 33 512
15 34 660
15 35 344
15 36 745
15 37 294
15 38 541
15 39 697
15 40 246
15 41 493
15 42 649
15 43 198
15 44 445
15 45 601
15 46 150
15 47 397
15 48 553
15 49 102
15 50 349
15 51 601
15 52 150
15 53 397
15 54 865
16 0 730
16 1 209
16 2 174
16 3 248
16 4 222
16 5 582
16 6 226
16 7 495
16 8 473
16 9 512
16 10 573
16 11 499
16 12 451
16 13 304
16 14 369
16 15 261
16 16 0
16 17 560
16 18 486
16 19 352
16 20 261
16 21 148
16 22 239
16 23 13
16 24 252
16 25 482
16 26 486
16 27 360
16 28 317
16 29 78
16 30 296
16 31 525
16 32 209
16 33 569
16 34 525
16 35 209
16 36 610
16 37 159
16 38 484
16 39 562
16 40 111
16 41 436
16 42 514
16 43 63
16 44 388
16 45 562
16 46 111
16 47 436
16 48 610
16 49 159
16 50 484
16 51 658
16 52 207
16 53 532
16 54 730
17 0 170
17 1 451
17 2 512
17 3 682
17 4 656
17 5 366
17 6 660
17 7 737
17 8 187
17 9 244
17 10 13
17 11 257
17 12 209
17 13 642
17 14 387
17 15 695
17 16 560
17 17 0
17 18 174
17 19 786
17 20 503
17 21 486
17 22 673
17 23 573
17 24 686
17 25 78
17 26 270
17 27 300
17 28 751
17 29 638
17 30 730
17 31 231
17 32 643
17 33 379
17 34 135
17 35 351
17 36 50
17 37 401
17 38 852
17 39 98
17 40 449
17 41 900
17 42 146
17 43 497
17 44 948
17 45 194
17 46 545
17 47 996
17 48 242
17 49 593
17 50 1044
17 51 290
17 52 641
17 53 1092
17 54 170
18 0 244
18 1 473
18 2 438
18 3 608
18 4 582
18 5 344
18 6 586
18 7 759
18 8 13
18 9 222
18 10 161
18 11 235
18 12 187
18 13 568
18 14 365
18 15 621
18 16 486
18 17 174
18 18 0
18 19 712
18 20 525
18 21 412
18 22 599
18 23 499
18 24 612
18 25 252
18 26 248
18 27 278
18 28 677
18 29 564
18 30 656
18 31 209
18 32 569
18 33 357
18 34 39
18 35 473
18 36 124
18 37 423
18 38 874
18 39 76
18 40 375
18 41 826
18 42 124
18 43 423
18 44 874
18 45 172
18 46 471
18 47 922
18 48 220
18 49 519
18 50 970
18 51 268
18 52 567
18 53 1018
18 54 244
19 0 956
19 1 435
19 2 400
19 3 104
19 4 130
19 5 616
19 6 356
19 7 565
19 8 699
19 9 642
19 10 799
19 11 629
19 12 677
19 13 530
19 14 499
19 15 91
19 16 352
19 17 786
19 18 712
19 19 0
19 20 487
19 21 374
19 22 369
19 23 365
19 24 382
19 25 708
19 26 616
19 27 586
19 28 447
19 29 430
19 30 330
19 31 655
19 32 143
19 33 603
19 34 751
19 35 435
19 36 836
19 37 385
19 38 450
19 39 788
19 40 337
19 41 402
19 42 740
19 43 289
19 44 354
19 45 692
19 46 241
19 47 306
19 48 644
19 49 193
19 50 258
19 51 692
19 52 241
19 53 306
19 54 956
20 0 673
20 1 52
20 2 213
20 3 383
20 4 357
20 5 717
20 6 361
20 7 234
20 8 512
20 9 647
20 10 516
20 11 634
20 12 586
20 13 343
20 14 504
20 15 396
20 16 261
20 17 503
20 18 525
20 19 487
20 20 0
20 21 187
20 22 374
20 23 274
20 24 387
20 25 425
20 26 621
20 27 495
20 28 452
20 29 339
20 30 431
20 31 660
20 32 344
20 33 704
20 34 564
20 35 152
20 36 553
20 37 102
20 38 349
20 39 601
20 40 150
20 41 397
20 42 649
20 43 198
20 44 445
20 45 697
20 46 246
20 47 493
20 48 745
20 49 294
20 50 541
20 51 793
20 52 342
20 53 589
20 54 673
21 0 656
21 1 135
21 2 26
21 3 270
21 4 244
21 5 604
21 6 248
21 7 421
21 8 399
21 9 534
21 10 499
21 11 521
21 12 473
21 13 156
21 14 391
21 15 283
21 16 148
21 17 486
21 18 412
21 19 374
21 20 187
21 21 0
21 22 261
21 23 161
21 24 274
21 25 408
21 26 508
21 27 382
21 28 339
21 29 226
21 30 318
21 31 547
21 32 231
21 33 591
21 34 451
21 35 135
21 36 536
21 37 85
21 38 462
21 39 488
21 40 37
21 41 414
21 42 536
21 43 85
21 44 462
21 45 584
21 46 133
21 47 510
21 48 632
21 49 181
21 50 558
21 51 680
21 52 229
21 53 606
21 54 656
22 0 843
22 1 322
22 2 287
22 3 265
22 4 239
22 5 599
22 6 13
22 7 582
22 8 586
22 9 529
22 10 686
22 11 516
22 12 564
22 13 417
22 14 386
22 15 278
22 16 239
22 17 673
22 18 599
22 19 369
22 20 374
22 21 261
22 22 0
22 23 252
22 24 13
22 25 595
22 26 503
22 27 473
22 28 78
22 29 317
22 30 313
22 31 542
22 32 226
22 33 586
22 34 638
22 35 322
22 36 723
22 37 272
22 38 467
22 39 675
22 40 224
22 41 419
22 42 627
22 43 176
22 44 371
22 45 579
22 46 128
22 47 323
22 48 627
22 49 176
22 50 371
22 51 675
22 52 224
22 53 419
22 54 843
23 0 743
23 1 222
23 2 187
23 3 261
23 4 235
23 5 595
23 6 239
23 7 508
23 8 486
23 9 525
23 10 586
23 11 512
23 12 464
23 13 317
23 14 382
23 15 274
23 16 13
23 17 573
23 18 499
23 19 365
23 20 274
23 21 161
23 22 252
23 23 0
23 24 265
23 25 495
23 26 499
23 27 373
23 28 330
23 29 65
23 30 309
23 31 538
23 32 222
23 33 582
23 34 538
23 35 222
23 36 623
23 37 172
23 38 471
23 39 575
23 40 124
23 41 423
23 42 527
23 43 76
23 44 375
23 45 575
23 46 124
23 47 423
23 48 623
23 49 172
23 50 471
23 51 671
23 52 220
23 53 519
23 54 743
24 0 856
24 1 335
24 2 300
24 3 278
24 4 252
24 5 612
24 6 26
24 7 569
24 8 599
24 9 542
24 10 699
24 11 529
24 12 577
24 13 430
24 14 399
24 15 291
24 16 252
24 17 686
24 18 612
24 19 382
24 20 387
24 21 274
24 22 13
24 23 265
24 24 0
24 25 608
24 26 516
24 27 486
24 28 65
24 29 330
24 30 326
24 31 555
24 32 239
24 33 599
24 34 651
24 35 335
24 36 736
24 37 285
24 38 454
24 39 688
24 40 237
24 41 406
24 42 640
24 43 189
24 44 358
24 45 592
24 46 141
24 47 310
24 48 640
24 49 189
24 50 358
24 51 688
24 52 237
24 53 406
24 54 856
25 0 248
25 1 373
25 2 434
25 3 604
25 4 578
25 5 444
25 6 582
25 7 659
25 8 265
25 9 322
25 10 91
25 11 335
25 12 287
25 13 564
25 14 465
25 15 617
25 16 482
25 17 78
25 18 252
25 19 708
25 20 425
25 21 408
25 22 595
25 23 495
25 24 608
25 25 0
25 26 348
25 27 378
25 28 673
25 29 560
25 30 652
25 31 309
25 32 565
25 33 457
25 34 213
25 35 273
25 36 128
25 37 323
25 38 774
25 39 176
25 40 371
25 41 822
25 42 224
25 43 419
25 44 870
25 45 272
25 46 467
25 47 918
25 48 320
25 49 515
25 50 966
25 51 368
25 52 563
25 53 1014
25 54 248
26 0 340
26 1 569
26 2 534
26 3 512
26 4 486
26 5 248
26 6 490
26 7 855
26 8 261
26 9 26
26 10 257
26 11 13
26 12 187
26 13 664
26 14 117
26 15 525
26 16 486
26 17 270
26 18 248
26 19 616
26 20 621
26 21 508
26 22 503
26 23 499
26 24 516
26 25 348
26 26 0
26 27 278
26 28 581
26 29 564
26 30 560
26 31 39
26 32 473
26 33 261
26 34 209
26 35 569
26 36 220
26 37 519
26 38 970
26 39 172
26 40 471
26 41 922
26 42 124
26 43 423
26 44 874
26 45 76
26 46 375
26 47 826
26 48 124
26 49 423
26 50 874
26 51 172
26 52 471
26 53 922
26 54 340
27 0 370
27 1 443
27 2 408
27 3 482
27 4 456
27 5 374
27 6 460
27 7 729
27 8 291
27 9 252
27 10 287
27 11 265
27 12 91
27 13 538
27 14 395
27 15 495
27 16 360
27 17 300
27 18 278
27 19 586
27 20 495
27 21 382
27 22 473
27 23 373
27 24 486
27 25 378
27 26 278
27 27 0
27 28 551
27 29 438
27 30 530
27 31 239
27 32 443
27 33 387
27 34 239
27 35 443
27 36 250
27 37 393
27 38 844
27 39 202
27 40 345
27 41 796
27 42 154
27 43 297
27 44 748
27 45 202
27 46 345
27 47 796
27 48 250
27 49 393
27 50 844
27 51 298
27 52 441
27 53 892
27 54 370
28 0 921
28 1 400
28 2 365
28 3 343
28 4 317
28 5 677
28 6 91
28 7 504
28 8 664
28 9 607
28 10 764
28 11 594
28 12 642
28 13 495
28 14 464
28 15 356
28 16 317
28 17 751
28 18 677
28 19 447
28 20 452
28 21 339
28 22 78
28 23 330
28 24 65
28 25 673
28 26 581
28 27 551
28 28 0
28 29 395
28 30 391
28 31 620
28 32 304
28 33 664
28 34 716
28 35 400
28 36 801
28 37 350
28 38 389
28 39 753
28 40 302
28 41 341
28 42 705
28 43 254
28 44 293
28 45 657
28 46 206
28 47 245
28 48 705
28 49 254
28 50 293
28 51 753
28 52 302
28 53 341
28 54 921
29 0 808
29 1 287
29 2 252
29 3 326
29 4 300
29 5 660
29 6 304
29 7 521
29 8 551
29 9 590
29 10 651
29 11 577
29 12 529
29 13 382
29 14 447
29 15 339
29 16 78
29 17 638
29 18 564
29 19 430
29 20 339
29 21 226
29 22 317
29 23 65
29 24 330
29 25 560
29 26 564
29 27 438
29 28 395
29 29 0
29 30 374
29 31 603
29 32 287
29 33 647
29 34 603
29 35 287
29 36 688
29 37 237
29 38 406
29 39 640
29 40 189
29 41 358
29 42 592
29 43 141
29 44 310
29 45 640
29 46 189
29 47 358
29 48 688
29 49 237
29 50 406
29 51 736
29 52 285
29 53 454
29 54 808
30 0 900
30 1 379
30 2 344
30 3 226
30 4 200
30 5 464
30 6 300
30 7 665
30 8 643
30 9 586
30 10 743
30 11 573
30 12 621
30 13 474
30 14 443
30 15 239
30 16 296
30 17 730
30 18 656
30 19 330
30 20 431
30 21 318
30 22 313
30 23 309
30 24 326
30 25 652
30 26 560
30 27 530
30 28 391
30 29 374
30 30 0
30 31 599
30 32 187
30 33 451
30 34 695
30 35 379
30 36 780
30 37 329
30 38 602
30 39 732
30 40 281
30 41 554
30 42 684
30 43 233
30 44 506
30 45 636
30 46 185
30 47 458
30 48 588
30 49 137
30 50 410
30 51 540
30 52 89
30 53 362
30 54 900
31 0 301
31 1 608
31 2 573
31 3 551
31 4 525
31 5 209
31 6 529
31 7 894
31 8 222
31 9 13
31 10 218
31 11 26
31 12 148
31 13 703
31 14 156
31 15 564
31 16 525
31 17 231
31 18 209
31 19 655
31 20 660
31 21 547
31 22 542
31 23 538
31 24 555
31 25 309
31 26 39
31 27 239
31 28 620
31 29 603
31 30 599
31 31 0
31 32 512
31 33 222
31 34 170
31 35 582
31 36 181
31 37 558
31 38 1009
31 39 133
31 40 510
31 41 961
31 42 85
31 43 462
31 44 913
31 45 37
31 46 414
31 47 865
31 48 85
31 49 462
31 50 913
31 51 133
31 52 510
31 53 961
31 54 301
32 0 813
32 1 292
32 2 257
32 3 39
32 4 13
32 5 473
32 6 213
32 7 578
32 8 556
32 9 499
32 10 656
32 11 486
32 12 534
32 13 387
32 14 356
32 15 52
32 16 209
32 17 643
32 18 569
32 19 143
32 20 344
32 21 231
32 22 226
32 23 222
32 24 239
32 25 565
32 26 473
32 27 443
32 28 304
32 29 287
32 30 187
32 31 512
32 32 0
32 33 460
32 34 608
32 35 292
32 36 693
32 37 242
32 38 593
32 39 645
32 40 194
32 41 545
32 42 597
32 43 146
32 44 497
32 45 549
32 46 98
32 47 449
32 48 501
32 49 50
32 50 401
32 51 549
32 52 98
32 53 449
32 54 813
33 0 449
33 1 652
33 2 617
33 3 499
33 4 473
33 5 13
33 6 573
33 7 938
33 8 370
33 9 235
33 10 366
33 11 248
33 12 296
33 13 747
33 14 378
33 15 512
33 16 569
33 17 379
33 18 357
33 19 603
33 20 704
33 21 591
33 22 586
33 23 582
33 24 599
33 25 457
33 26 261
33 27 387
33 28 664
33 29 647
33 30 451
33 31 222
33 32 460
33 33 0
33 34 318
33 35 652
33 36 329
33 37 602
33 38 1053
33 39 281
33 40 554
33 41 1005
33 42 233
33 43 506
33 44 957
33 45 185
33 46 458
33 47 909
33 48 137
33 49 410
33 50 861
33 51 89
33 52 362
33 53 813
33 54 449
34 0 205
34 1 512
34 2 477
34 3 647
34 4 621
34 5 305
34 6 625
34 7 798
34 8 52
34 9 183
34 10 122
34 11 196
34 12 148
34 13 607
34 14 326
34 15 660
34 16 525
34 17 135
34 18 39
34 19 751
34 20 564
34 21 451
34 22 638
34 23 538
34 24 651
34 25 213
34 26 209
34 27 239
34 28 716
34 29 603
34 30 695
34 31 170
34 32 608
34 33 318
34 34 0
34 35 486
34 36 85
34 37 462
34 38 913
34 39 37
34 40 414
34 41 865
34 42 85
34 43 462
34 44 913
34 45 133
34 46 510
34 47 961
34 48 181
34 49 558
34 50 1009
34 51 229
34 52 606
34 53 1057
34 54 205
35 0 521
35 1 100
35 2 161
35 3 331
35 4 305
35 5 665
35 6 309
35 7 386
35 8 460
35 9 595
35 10 364
35 11 582
35 12 534
35 13 291
35 14 452
35 15 344
35 16 209
35 17 351
35 18 473
35 19 435
35 20 152
35 21 135
35 22 322
35 23 222
35 24 335
35 25 273
35 26 569
35 27 443
35 28 400
35 29 287
35 30 379
35 31 582
35 32 292
35 33 652
35 34 486
35 35 0
35 36 401
35 37 50
35 38 501
35 39 449
35 40 98
35 41 549
35 42 497
35 43 146
35 44 597
35 45 545
35 46 194
35 47 645
35 48 593
35 49 242
35 50 693
35 51 641
35 52 290
35 53 741
35 54 521
36 0 120
36 1 501
36 2 562
36 3 732
36 4 706
36 5 316
36 6 710
36 7 787
36 8 137
36 9 194
36 10 37
36 11 207
36 12 159
36 13 692
36 14 337
36 15 745
36 16 610
36 17 50
36 18 124
36 19 836
36 20 553
36 21 536
36 22 723
36 23 623
36 24 736
36 25 128
36 26 220
36 27 250
36 28 801
36 29 688
36 30 780
36 31 181
36 32 693
36 33 329
36 34 85
36 35 401
36 36 0
36 37 451
36 38 902
36 39 48
36 40 499
36 41 950
36 42 96
36 43 547
36 44 998
36 45 144
36 46 595
36 47 1046
36 48 192
36 49 643
36 50 1094
36 51 240
36 52 691
36 53 1142
36 54 120
37 0 571
37 1 50
37 2 111
37 3 281
37 4 255
37 5 615
37 6 259
37 7 336
37 8 410
37 9 545
37 10 414
37 11 532
37 12 484
37 13 241
37 14 402
37 15 294
37 16 159
37 17 401
37 18 423
37 19 385
37 20 102
37 21 85
37 22 272
37 23 172
37 24 285
37 25 323
37 26 519
37 27 393
37 28 350
37 29 237
37 30 329
37 31 558
37 32 242
37 33 602
37 34 462
37 35 50
37 36 451
37 37 0
37 38 451
37 39 499
37 40 48
37 41 499
37 42 547
37 43 96
37 44 547
37 45 595
37 46 144
37 47 595
37 48 643
37 49 192
37 50 643
37 51 691
37 52 240
37 53 691
37 54 571
38 0 1022
38 1 401
38 2 436
38 3 554
38 4 580
38 5 1066
38 6 480
38 7 115
38 8 861
38 9 996
38 10 865
38 11 983
38 12 935
38 13 306
38 14 853
38 15 541
38 16 484
38 17 852
38 18 874
38 19 450
38 20 349
38 21 462
38 22 467
38 23 471
38 24 454
38 25 774
38 26 970
38 27 844
38 28 389
38 29 406
38 30 602
38 31 1009
38 32 593
38 33 1053
38 34 913
38 35 501
38 36 902
38 37 451
38 38 0
38 39 950
38 40 499
38 41 48
38 42 998
38 43 547
38 44 96
38 45 1046
38 46 595
38 47 144
38 48 1094
38 49 643
38 50 192
38 51 1142
38 52 691
38 53 240
38 54 1022
39 0 168
39 1 549
39 2 514
39 3 684
39 4 658
39 5 268
39 6 662
39 7 835
39 8 89
39 9 146
39 10 85
39 11 159
39 12 111
39 13 644
39 14 289
39 15 697
39 16 562
39 17 98
39 18 76
39 19 788
39 20 601
39 21 488
39 22 675
39 23 575
39 24 688
39 25 176
39 26 172
39 27 202
39 28 753
39 29 640
39 30 732
39 31 133
39 32 645
39 33 281
39 34 37
39 35 449
39 36 48
39 37 499
39 38 950
39 39 0
39 40 451
39 41 902
39 42 48
39 43 499
39 44 950
39 45 96
39 46 547
39 47 998
39 48 144
39 49 595
39 50 1046
39 51 192
39 52 643
39 53 1094
39 54 168
40 0 619
40 1 98
40 2 63
40 3 233
40 4 207
40 5 567
40 6 211
40 7 384
40 8 362
40 9 497
40 10 462
40 11 484
40 12 436
40 13 193
40 14 354
40 15 246
40 16 111
40 17 449
40 18 375
40 19 337
40 20 150
40 21 37
40 22 224
40 23 124
40 24 237
40 25 371
40 26 471
40 27 345
40 28 302
40 29 189
40 30 281
40 31 510
40 32 194
40 33 554
40 34 414
40 35 98
40 36 499
40 37 48
40 38 499
40 39 451
40 40 0
40 41 451
40 42 499
40 43 48
40 44 499
40 45 547
40 46 96
40 47 547
40 48 595
40 49 144
40 50 595
40 51 643
40 52 192
40 53 643
40 54 619
41 0 1070
41 1 449
41 2 388
41 3 506
41 4 532
41 5 1018
41 6 432
41 7 163
41 8 813
41 9 948
41 10 913
41 11 935
41 12 887
41 13 258
41 14 805
41 15 493
41 16 436
41 17 900
41 18 826
41 19 402
41 20 397
41 21 414
41 22 419
41 23 423
41 24 406
41 25 822
41 26 922
41 27 796
41 28 341
41 29 358
41 30 554
41 31 961
41 32 545
41 33 1005
41 34 865
41 35 549
41 36 950
41 37 499
41 38 48
41 39 902
41 40 451
41 41 0
41 42 950
41 43 499
41 44 48
41 45 998
41 46 547
41 47 96
41 48 1046
41 49 595
41 50 144
41 51 1094
41 52 643
41 53 192
41 54 1070
42 0 216
42 1 597
42 2 562
42 3 636
42 4 610
42 5 220
42 6 614
42 7 883
42 8 137
42 9 98
42 10 133
42 11 111
42 12 63
42 13 692
42 14 241
42 15 649
42 16 514
42 17 146
42 18 124
42 19 740
42 20 649
42 21 536
42 22 627
42 23 527
42 24 640
42 25 224
42 26 124
42 27 154
42 28 705
42 29 592
42 30 684
42 31 85
42 32 597
42 33 233
42 34 85
42 35 497
42 36 96
42 37 547
42 38 998
42 39 48
42 40 499
42 41 950
42 42 0
42 43 451
42 44 902
42 45 48
42 46 499
42 47 950
42 48 96
42 49 547
42 50 998
42 51 144
42 52 595
42 53 1046
42 54 216
43 0 667
43 1 146
43 2 111
43 3 185
43 4 159
43 5 519
43 6 163
43 7 432
43 8 410
43 9 449
43 10 510
43 11 436
43 12 388
43 13 241
43 14 306
43 15 198
43 16 63
43 17 497
43 18 423
43 19 289
43 20 198
43 21 85
43 22 176
43 23 76
43 24 189
43 25 419
43 26 423
43 27 297
43 28 254
43 29 141
43 30 233
43 31 462
43 32 146
43 33 506
43 34 462
43 35 146
43 36 547
43 37 96
43 38 547
43 39 499
43 40 48
43 41 499
43 42 451
43 43 0
43 44 451
43 45 499
43 46 48
43 47 499
43 48 547
43 49 96
43 50 547
43 51 595
43 52 144
43 53 595
43 54 667
44 0 1118
44 1 497
44 2 436
44 3 458
44 4 484
44 5 970
44 6 384
44 7 211
44 8 861
44 9 900
44 10 961
44 11 887
44 12 839
44 13 306
44 14 757
44 15 445
44 16 388
44 17 948
44 18 874
44 19 354
44 20 445
44 21 462
44 22 371
44 23 375
44 24 358
44 25 870
44 26 874
44 27 748
44 28 293
44 29 310
44 30 506
44 31 913
44 32 497
44 33 957
44 34 913
44 35 597
44 36 998
44 37 547
44 38 96
44 39 950
44 40 499
44 41 48
44 42 902
44 43 451
44 44 0
44 45 950
44 46 499
44 47 48
44 48 998
44 49 547
44 50 96
44 51 1046
44 52 595
44 53 144
44 54 1118
45 0 264
45 1 645
45 2 610
45 3 588
45 4 562
45 5 172
45 6 566
45 7 931
45 8 185
45 9 50
45 10 181
45 11 63
45 12 111
45 13 740
45 14 193
45 15 601
45 16 562
45 17 194
45 18 172
45 19 692
45 20 697
45 21 584
45 22 579
45 23 575
45 24 592
45 25 272
45 26 76
45 27 202
45 28 657
45 29 640
45 30 636
45 31 37
45 32 549
45 33 185
45 34 133
45 35 545
45 36 144
45 37 595
45 38 1046
45 39 96
45 40 547
45 41 998
45 42 48
45 43 499
45 44 950
45 45 0
45 46 451
45 47 902
45 48 48
45 49 499
45 50 950
45 51 96
45 52 547
45 53 998
45 54 264
46 0 715
46 1 194
46 2 159
46 3 137
46 4 111
46 5 471
46 6 115
46 7 480
46 8 458
46 9 401
46 10 558
46 11 388
46 12 436
46 13 289
46 14 258
46 15 150
46 16 111
46 17 545
46 18 471
46 19 241
46 20 246
46 21 133
46 22 128
46 23 124
46 24 141
46 25 467
46 26 375
46 27 345
46 28 206
46 29 189
46 30 185
46 31 414
46 32 98
46 33 458
46 34 510
46 35 194
46 36 595
46 37 144
46 38 595
46 39 547
46 40 96
46 41 547
46 42 499
46 43 48
46 44 499
46 45 451
46 46 0
46 47 451
46 48 499
46 49 48
46 50 499
46 51 547
46 52 96
46 53 547
46 54 715
47 0 1166
47 1 545
47 2 484
47 3 410
47 4 436
47 5 922
47 6 336
47 7 259
47 8 909
47 9 852
47 10 1009
47 11 839
47 12 887
47 13 354
47 14 709
47 15 397
47 16 436
47 17 996
47 18 922
47 19 306
47 20 493
47 21 510
47 22 323
47 23 423
47 24 310
47 25 918
47 26 826
47 27 796
47 28 245
47 29 358
47 30 458
47 31 865
47 32 449
47 33 909
47 34 961
47 35 645
47 36 1046
47 37 595
47 38 144
47 39 998
47 40 547
47 41 96
47 42 950
47 43 499
47 44 48
47 45 902
47 46 451
47 47 0
47 48 950
47 49 499
47 50 48
47 51 998
47 52 547
47 53 96
47 54 1166
48 0 312
48 1 693
48 2 658
48 3 540
48 4 514
48 5 124
48 6 614
48 7 979
48 8 233
48 9 98
48 10 229
48 11 111
48 12 159
48 13 788
48 14 241
48 15 553
48 16 610
48 17 242
48 18 220
48 19 644
48 20 745
48 21 632
48 22 627
48 23 623
48 24 640
48 25 320
48 26 124
48 27 250
48 28 705
48 29 688
48 30 588
48 31 85
48 32 501
48 33 137
48 34 181
48 35 593
48 36 192
48 37 643
48 38 1094
48 39 144
48 40 595
48 41 1046
48 42 96
48 43 547
48 44 998
48 45 48
48 46 499
48 47 950
48 48 0
48 49 451
48 50 902
48 51 48
48 52 499
48 53 950
48 54 312
49 0 763
49 1 242
49 2 207
49 3 89
49 4 63
49 5 423
49 6 163
49 7 528
49 8 506
49 9 449
49 10 606
49 11 436
49 12 484
49 13 337
49 14 306
49 15 102
49 16 159
49 17 593
49 18 519
49 19 193
49 20 294
49 21 181
49 22 176
49 23 172
49 24 189
49 25 515
49 26 423
49 27 393
49 28 254
49 29 237
49 30 137
49 31 462
49 32 50
49 33 410
49 34 558
49 35 242
49 36 643
49 37 192
49 38 643
49 39 595
49 40 144
49 41 595
49 42 547
49 43 96
49 44 547
49 45 499
49 46 48
49 47 499
49 48 451
49 49 0
49 50 451
49 51 499
49 52 48
49 53 499
49 54 763
50 0 1214
50 1 593
50 2 532
50 3 362
50 4 388
50 5 874
50 6 384
50 7 307
50 8 957
50 9 900
50 10 1057
50 11 887
50 12 935
50 13 402
50 14 757
50 15 349
50 16 484
50 17 1044
50 18 970
50 19 258
50 20 541
50 21 558
50 22 371
50 23 471
50 24 358
50 25 966
50 26 874
50 27 844
50 28 293
50 29 406
50 30 410
50 31 913
50 32 401
50 33 861
50 34 1009
50 35 693
50 36 1094
50 37 643
50 38 192
50 39 1046
50 40 595
50 41 144
50 42 998
50 43 547
50 44 96
50 45 950
50 46 499
50 47 48
50 48 902
50 49 451
50 50 0
50 51 950
50 52 499
50 53 48
50 54 1214
51 0 360
51 1 741
51 2 706
51 3 588
51 4 562
51 5 76
51 6 662
51 7 1027
51 8 281
51 9 146
51 10 277
51 11 159
51 12 207
51 13 836
51 14 289
51 15 601
51 16 658
51 17 290
51 18 268
51 19 692
51 20 793
51 21 680
51 22 675
51 23 671
51 24 688
51 25 368
51 26 172
51 27 298
51 28 753
51 29 736
51 30 540
51 31 133
51 32 549
51 33 89
51 34 229
51 35 641
51 36 240
51 37 691
51 38 1142
51 39 192
51 40 643
51 41 1094
51 42 144
51 43 595
51 44 1046
51 45 96
51 46 547
51 47 998
51 48 48
51 49 499
51 50 950
51 51 0
51 52 451
51 53 902
51 54 360
52 0 811
52 1 290
52 2 255
52 3 137
52 4 111
52 5 375
52 6 211
52 7 576
52 8 554
52 9 497
52 10 654
52 11 484
52 12 532
52 13 385
52 14 354
52 15 150
52 16 207
52 17 641
52 18 567
52 19 241
52 20 342
52 21 229
52 22 224
52 23 220
52 24 237
52 25 563
52 26 471
52 27 441
52 28 302
52 29 285
52 30 89
52 31 510
52 32 98
52 33 362
52 34 606
52 35 290
52 36 691
52 37 240
52 38 691
52 39 643
52 40 192
52 41 643
52 42 595
52 43 144
52 44 595
52 45 547
52 46 96
52 47 547
52 48 499
52 49 48
52 50 499
52 51 451
52 52 0
52 53 451
52 54 811
53 0 1262
53 1 641
53 2 580
53 3 410
53 4 436
53 5 826
53 6 432
53 7 355
53 8 1005
53 9 948
53 10 1105
53 11 935
53 12 983
53 13 450
53 14 805
53 15 397
53 16 532
53 17 1092
53 18 1018
53 19 306
53 20 589
53 21 606
53 22 419
53 23 519
53 24 406
53 25 1014
53 26 922
53 27 892
53 28 341
53 29 454
53 30 362
53 31 961
53 32 449
53 33 813
53 34 1057
53 35 741
53 36 1142
53 37 691
53 38 240
53 39 1094
53 40 643
53 41 192
53 42 1046
53 43 595
53 44 144
53 45 998
53 46 547
53 47 96
53 48 950
53 49 499
53 50 48
53 51 902
53 52 451
53 53 0
53 54 1262
54 0 0
54 1 621
54 2 682
54 3 852
54 4 826
54 5 436
54 6 830
54 7 907
54 8 257
54 9 314
54 10 157
54 11 327
54 12 279
54 13 812
54 14 457
54 15 865
54 16 730
54 17 170
54 18 244
54 19 956
54 20 673
54 21 656
54 22 843
54 23 743
54 24 856
54 25 248
54 26 340
54 27 370
54 28 921
54 29 808
54 30 900
54 31 301
54 32 813
54 33 449
54 34 205
54 35 521
54 36 120
54 37 571
54 38 1022
54 39 168
54 40 619
54 41 1070
54 42 216
54 43 667
54 44 1118
54 45 264
54 46 715
54 47 1166
54 48 312
54 49 763
54 50 1214
54 51 360
54 52 811
54 53 1262
54 54 0
//Location coordinates LocationName
//Loc x y
0 0.0 0.0 "depot"
1 0.0 621.0 "product aisle 0 bloc 1 rank 4"
2 48.0 634.0 "product aisle 1 bloc 1 rank 6"
3 192.0 660.0 "product aisle 4 bloc 1 rank 10"
4 192.0 634.0 "product aisle 4 bloc 1 rank 5"
5 240.0 196.0 "product aisle 5 bloc 0 rank 7"
6 144.0 686.0 "product aisle 3 bloc 1 rank 13"
7 0.0 907.0 "product aisle 0 bloc 1 rank 47"
8 48.0 209.0 "product aisle 1 bloc 0 rank 10"
9 144.0 170.0 "product aisle 3 bloc 0 rank 3"
10 0.0 157.0 "product aisle 0 bloc 0 rank 2"
11 144.0 183.0 "product aisle 3 bloc 0 rank 5"
12 96.0 183.0 "product aisle 2 bloc 0 rank 6"
13 48.0 764.0 "product aisle 1 bloc 1 rank 25"
14 144.0 313.0 "product aisle 3 bloc 0 rank 25"
15 192.0 673.0 "product aisle 4 bloc 1 rank 12"
16 96.0 634.0 "product aisle 2 bloc 1 rank 6"
17 0.0 170.0 "product aisle 0 bloc 0 rank 4"
18 48.0 196.0 "product aisle 1 bloc 0 rank 7"
19 192.0 764.0 "product aisle 4 bloc 1 rank 26"
20 0.0 673.0 "product aisle 0 bloc 1 rank 12"
21 48.0 608.0 "product aisle 1 bloc 1 rank 2"
22 144.0 699.0 "product aisle 3 bloc 1 rank 16"
23 96.0 647.0 "product aisle 2 bloc 1 rank 7"
24 144.0 712.0 "product aisle 3 bloc 1 rank 17"
25 0.0 248.0 "product aisle 0 bloc 0 rank 16"
26 144.0 196.0 "product aisle 3 bloc 0 rank 8"
27 96.0 274.0 "product aisle 2 bloc 0 rank 19"
28 144.0 777.0 "product aisle 3 bloc 1 rank 28"
29 96.0 712.0 "product aisle 2 bloc 1 rank 17"
30 240.0 660.0 "product aisle 5 bloc 1 rank 10"
31 144.0 157.0 "product aisle 3 bloc 0 rank 1"
32 192.0 621.0 "product aisle 4 bloc 1 rank 4"
33 240.0 209.0 "product aisle 5 bloc 0 rank 9"
34 48.0 157.0 "product aisle 1 bloc 0 rank 1"
35 0.0 521.0 "product aisle 0 bloc 0 rank 58"
36 24.0 120.0 "intersection aisle 0 bloc 0 rank 0"
37 24.0 571.0 "intersection aisle 0 bloc 1 rank 1"
38 24.0 1022.0 "intersection aisle 0 bloc 2 rank 2"
39 72.0 120.0 "intersection aisle 1 bloc 0 rank 0"
40 72.0 571.0 "intersection aisle 1 bloc 1 rank 1"
41 72.0 1022.0 "intersection aisle 1 bloc 2 rank 2"
42 120.0 120.0 "intersection aisle 2 bloc 0 rank 0"
43 120.0 571.0 "intersection aisle 2 bloc 1 rank 1"
44 120.0 1022.0 "intersection aisle 2 bloc 2 rank 2"
45 168.0 120.0 "intersection aisle 3 bloc 0 rank 0"
46 168.0 571.0 "intersection aisle 3 bloc 1 rank 1"
47 168.0 1022.0 "intersection aisle 3 bloc 2 rank 2"
48 216.0 120.0 "intersection aisle 4 bloc 0 rank 0"
49 216.0 571.0 "intersection aisle 4 bloc 1 rank 1"
50 216.0 1022.0 "intersection aisle 4 bloc 2 rank 2"
51 264.0 120.0 "intersection aisle 5 bloc 0 rank 0"
52 264.0 571.0 "intersection aisle 5 bloc 1 rank 1"
53 264.0 1022.0 "intersection aisle 5 bloc 2 rank 2"
54 0.0 0.0 "depot"
