//alpha
1
//NbLocations
75
//NbProducts
21
//NbPickers
2
//CapaPicker
4
//TimeToTravelOneDistanceUnit
3
//SetupTime
5400
//PickTime
300
//Products
//Idx Location Size
1 1 1
2 2 1
3 3 1
4 4 1
5 5 1
6 6 1
7 7 1
8 8 1
9 9 1
10 10 1
11 5 1
12 11 1
13 12 1
14 13 1
15 14 1
16 15 1
17 16 1
18 17 1
19 18 1
20 19 1
21 20 1
//Orders
//NbOrders
12
//Idx DueDate TardinessPenalty NbProdInOrder ProdIdx1 Qty1 ProdIdx2 Qty2 ...
1 54000 0 3 1 1 2 1 3 1
2 72000 0 4 4 1 5 1 6 1 7 1
3 36000 0 1 8 1
4 144000 0 1 9 1
5 36000 0 1 10 1
6 90000 0 1 11 1
7 72000 0 1 12 1
8 54000 0 4 13 1 14 1 15 1 16 1
9 108000 0 1 17 1
10 54000 0 2 18 1 19 1
11 36000 0 1 20 1
12 36000 0 1 21 1
//Graph (Products are vertices indexed from 1 to NbProducts)
//NbVerticesIntersections
54
//DepartingDepot
0
//ArrivalDepot
75
//Arcs
//Start End Distance
0 21 120
1 6 364
1 70 193
2 31 466
2 32 765
3 13 130
3 69 50
4 40 843
4 41 388
5 37 141
5 38 1090
6 1 364
6 71 674
7 54 349
7 55 882
8 20 208
8 50 167
9 18 988
9 21 37
10 45 375
10 46 856
11 34 505
11 35 726
12 15 208
12 43 882
13 3 130
13 70 1051
14 52 219
14 53 1012
15 12 208
15 42 141
16 51 50
16 52 1181
17 57 609
17 58 622
18 9 988
18 22 206
19 36 128
19 37 1103
20 8 208
20 49 856
21 9 37
21 24 48
21 75 120
22 18 206
22 23 1231
22 25 48
23 22 1231
23 26 48
24 21 48
24 25 1231
24 27 48
25 22 48
25 24 1231
25 26 1231
25 28 48
26 23 48
26 25 1231
26 29 48
27 24 48
27 28 1231
27 30 48
28 25 48
28 27 1231
28 29 1231
28 31 48
29 26 48
29 28 1231
29 32 48
30 27 48
30 31 1231
30 33 48
31 2 466
31 28 48
31 30 1231
31 34 48
32 2 765
32 29 48
32 35 48
33 30 48
33 34 1231
33 36 48
34 11 505
34 31 48
34 33 1231
34 37 48
35 11 726
35 32 48
35 38 48
36 19 128
36 33 48
36 39 48
37 5 141
37 19 1103
37 34 48
37 40 48
38 5 1090
38 35 48
38 41 48
39 36 48
39 40 1231
39 42 48
40 4 843
40 37 48
40 39 1231
40 43 48
41 4 388
41 38 48
41 44 48
42 15 141
42 39 48
42 45 48
43 12 882
43 40 48
43 44 1231
43 46 48
44 41 48
44 43 1231
44 47 48
45 10 375
45 42 48
45 48 48
46 10 856
46 43 48
46 47 1231
46 49 48
47 44 48
47 46 1231
47 50 48
48 45 48
48 49 1231
48 51 48
49 20 856
49 46 48
49 48 1231
49 52 48
50 8 167
50 47 48
50 53 48
51 16 50
51 48 48
51 54 48
52 14 219
52 16 1181
52 49 48
52 55 48
53 14 1012
53 50 48
53 56 48
54 7 349
54 51 48
54 57 48
55 7 882
55 52 48
55 56 1231
55 58 48
56 53 48
56 55 1231
56 59 48
57 17 609
57 54 48
57 60 48
58 17 622
58 55 48
58 59 1231
58 61 48
59 56 48
59 58 1231
59 62 48
60 57 48
60 61 1231
60 63 48
61 58 48
61 60 1231
61 62 1231
61 64 48
62 59 48
62 61 1231
62 65 48
63 60 48
63 64 1231
63 66 48
64 61 48
64 63 1231
64 65 1231
64 67 48
65 62 48
65 64 1231
65 68 48
66 63 48
66 67 1231
66 69 48
67 64 48
67 66 1231
67 68 1231
67 70 48
68 65 48
68 67 1231
68 71 48
69 3 50
69 66 48
69 72 48
70 1 193
70 13 1051
70 67 48
70 73 48
71 6 674
71 68 48
71 74 48
72 69 48
72 73 1231
73 70 48
73 72 1231
73 74 1231
74 71 48
74 73 1231
//LocStart LocEnd ShortestPath
0 0 0
0 1 2312
0 2 1961
0 3 938
0 4 2482
0 5 1732
0 6 2676
0 7 997
0 8 2847
0 9 157
0 10 879
0 11 2048
0 12 805
0 13 1068
0 14 2050
0 15 597
0 16 650
0 17 1305
0 18 1145
0 19 488
0 20 2639
0 21 120
0 22 1351
0 23 2582
0 24 168
0 25 1399
0 26 2630
0 27 216
0 28 1447
0 29 2678
0 30 264
0 31 1495
0 32 2726
0 33 312
0 34 1543
0 35 2774
0 36 360
0 37 1591
0 38 2822
0 39 408
0 40 1639
0 41 2870
0 42 456
0 43 1687
0 44 2918
0 45 504
0 46 1735
0 47 2966
0 48 552
0 49 1783
0 50 3014
0 51 600
0 52 1831
0 53 3062
0 54 648
0 55 1879
0 56 3110
0 57 696
0 58 1927
0 59 3158
0 60 744
0 61 1975
0 62 3206
0 63 792
0 64 2023
0 65 3254
0 66 840
0 67 2071
0 68 3302
0 69 888
0 70 2119
0 71 3350
0 72 936
0 73 2167
0 74 3398
0 75 0
1 0 2312
1 1 0
1 2 1283
1 3 1374
1 4 1516
1 5 862
1 6 364
1 7 1315
1 8 1541
1 9 2155
1 10 1433
1 11 1274
1 12 1507
1 13 1244
1 14 700
1 15 1715
1 16 1662
1 17 1007
1 18 1167
1 19 1824
1 20 1385
1 21 2192
1 22 961
1 23 1806
1 24 2144
1 25 913
1 26 1758
1 27 2096
1 28 865
1 29 1710
1 30 2048
1 31 817
1 32 1662
1 33 2000
1 34 769
1 35 1614
1 36 1952
1 37 721
1 38 1566
1 39 1904
1 40 673
1 41 1518
1 42 1856
1 43 625
1 44 1470
1 45 1808
1 46 577
1 47 1422
1 48 1760
1 49 529
1 50 1374
1 51 1712
1 52 481
1 53 1326
1 54 1664
1 55 433
1 56 1278
1 57 1616
1 58 385
1 59 1230
1 60 1568
1 61 337
1 62 1182
1 63 1520
1 64 289
1 65 1134
1 66 1472
1 67 241
1 68 1086
1 69 1424
1 70 193
1 71 1038
1 72 1472
1 73 241
1 74 1086
1 75 2312
2 0 1961
2 1 1283
2 2 0
2 3 2271
2 4 1297
2 5 703
2 6 1647
2 7 1732
2 8 1220
2 9 1804
2 10 1562
2 11 1019
2 12 1540
2 13 2141
2 14 1021
2 15 1748
2 16 1983
2 17 1520
2 18 816
2 19 1665
2 20 1428
2 21 1841
2 22 610
2 23 909
2 24 1793
2 25 562
2 26 861
2 27 1745
2 28 514
2 29 813
2 30 1697
2 31 466
2 32 765
2 33 1745
2 34 514
2 35 813
2 36 1793
2 37 562
2 38 861
2 39 1841
2 40 610
2 41 909
2 42 1889
2 43 658
2 44 957
2 45 1937
2 46 706
2 47 1005
2 48 1985
2 49 754
2 50 1053
2 51 2033
2 52 802
2 53 1101
2 54 2081
2 55 850
2 56 1149
2 57 2129
2 58 898
2 59 1197
2 60 2177
2 61 946
2 62 1245
2 63 2225
2 64 994
2 65 1293
2 66 2273
2 67 1042
2 68 1341
2 69 2321
2 70 1090
2 71 1389
2 72 2369
2 73 1138
2 74 1437
2 75 1961
3 0 938
3 1 1374
3 2 2271
3 3 0
3 4 2504
3 5 1850
3 6 1738
3 7 639
3 8 2581
3 9 855
3 10 809
3 11 2262
3 12 831
3 13 130
3 14 1688
3 15 623
3 16 388
3 17 851
3 18 1843
3 19 706
3 20 2373
3 21 818
3 22 1949
3 23 3180
3 24 770
3 25 1901
3 26 3132
3 27 722
3 28 1853
3 29 3084
3 30 674
3 31 1805
3 32 3036
3 33 626
3 34 1757
3 35 2988
3 36 578
3 37 1709
3 38 2940
3 39 530
3 40 1661
3 41 2892
3 42 482
3 43 1613
3 44 2844
3 45 434
3 46 1565
3 47 2796
3 48 386
3 49 1517
3 50 2748
3 51 338
3 52 1469
3 53 2700
3 54 290
3 55 1421
3 56 2652
3 57 242
3 58 1373
3 59 2604
3 60 194
3 61 1325
3 62 2556
3 63 146
3 64 1277
3 65 2508
3 66 98
3 67 1229
3 68 2460
3 69 50
3 70 1181
3 71 2412
3 72 98
3 73 1229
3 74 2460
3 75 938
4 0 2482
4 1 1516
4 2 1297
4 3 2504
4 4 0
4 5 1032
4 6 1542
4 7 1965
4 8 699
4 9 2325
4 10 1795
4 11 1210
4 12 1773
4 13 2374
4 14 1254
4 15 1981
4 16 2216
4 17 1753
4 18 1337
4 19 1994
4 20 907
4 21 2362
4 22 1131
4 23 676
4 24 2314
4 25 1083
4 26 628
4 27 2266
4 28 1035
4 29 580
4 30 2218
4 31 987
4 32 532
4 33 2170
4 34 939
4 35 484
4 36 2122
4 37 891
4 38 436
4 39 2074
4 40 843
4 41 388
4 42 2122
4 43 891
4 44 436
4 45 2170
4 46 939
4 47 484
4 48 2218
4 49 987
4 50 532
4 51 2266
4 52 1035
4 53 580
4 54 2314
4 55 1083
4 56 628
4 57 2362
4 58 1131
4 59 676
4 60 2410
4 61 1179
4 62 724
4 63 2458
4 64 1227
4 65 772
4 66 2506
4 67 1275
4 68 820
4 69 2554
4 70 1323
4 71 868
4 72 2602
4 73 1371
4 74 916
4 75 2482
5 0 1732
5 1 862
5 2 703
5 3 1850
5 4 1032
5 5 0
5 6 1226
5 7 1311
5 8 1397
5 9 1575
5 10 1141
5 11 694
5 12 1119
5 13 1720
5 14 600
5 15 1327
5 16 1562
5 17 1099
5 18 587
5 19 1244
5 20 1189
5 21 1612
5 22 381
5 23 1330
5 24 1564
5 25 333
5 26 1282
5 27 1516
5 28 285
5 29 1234
5 30 1468
5 31 237
5 32 1186
5 33 1420
5 34 189
5 35 1138
5 36 1372
5 37 141
5 38 1090
5 39 1420
5 40 189
5 41 1138
5 42 1468
5 43 237
5 44 1186
5 45 1516
5 46 285
5 47 1234
5 48 1564
5 49 333
5 50 1282
5 51 1612
5 52 381
5 53 1330
5 54 1660
5 55 429
5 56 1378
5 57 1708
5 58 477
5 59 1426
5 60 1756
5 61 525
5 62 1474
5 63 1804
5 64 573
5 65 1522
5 66 1852
5 67 621
5 68 1570
5 69 1900
5 70 669
5 71 1618
5 72 1948
5 73 717
5 74 1666
5 75 1732
6 0 2676
6 1 364
6 2 1647
6 3 1738
6 4 1542
6 5 1226
6 6 0
6 7 1679
6 8 1177
6 9 2519
6 10 1797
6 11 1638
6 12 1871
6 13 1608
6 14 1064
6 15 2079
6 16 2026
6 17 1371
6 18 1531
6 19 2188
6 20 1385
6 21 2556
6 22 1325
6 23 1442
6 24 2508
6 25 1277
6 26 1394
6 27 2460
6 28 1229
6 29 1346
6 30 2412
6 31 1181
6 32 1298
6 33 2364
6 34 1133
6 35 1250
6 36 2316
6 37 1085
6 38 1202
6 39 2268
6 40 1037
6 41 1154
6 42 2220
6 43 989
6 44 1106
6 45 2172
6 46 941
6 47 1058
6 48 2124
6 49 893
6 50 1010
6 51 2076
6 52 845
6 53 962
6 54 2028
6 55 797
6 56 914
6 57 1980
6 58 749
6 59 866
6 60 1932
6 61 701
6 62 818
6 63 1884
6 64 653
6 65 770
6 66 1836
6 67 605
6 68 722
6 69 1788
6 70 557
6 71 674
6 72 1836
6 73 605
6 74 722
6 75 2676
7 0 997
7 1 1315
7 2 1732
7 3 639
7 4 1965
7 5 1311
7 6 1679
7 7 0
7 8 2042
7 9 914
7 10 868
7 11 1723
7 12 890
7 13 769
7 14 1149
7 15 682
7 16 447
7 17 1006
7 18 1616
7 19 765
7 20 1834
7 21 877
7 22 1410
7 23 2641
7 24 829
7 25 1362
7 26 2593
7 27 781
7 28 1314
7 29 2545
7 30 733
7 31 1266
7 32 2497
7 33 685
7 34 1218
7 35 2449
7 36 637
7 37 1170
7 38 2401
7 39 589
7 40 1122
7 41 2353
7 42 541
7 43 1074
7 44 2305
7 45 493
7 46 1026
7 47 2257
7 48 445
7 49 978
7 50 2209
7 51 397
7 52 930
7 53 2161
7 54 349
7 55 882
7 56 2113
7 57 397
7 58 930
7 59 2161
7 60 445
7 61 978
7 62 2209
7 63 493
7 64 1026
7 65 2257
7 66 541
7 67 1074
7 68 2305
7 69 589
7 70 1122
7 71 2353
7 72 637
7 73 1170
7 74 2401
7 75 997
8 0 2847
8 1 1541
8 2 1220
8 3 2581
8 4 699
8 5 1397
8 6 1177
8 7 2042
8 8 0
8 9 2690
8 10 1968
8 11 1133
8 12 2042
8 13 2451
8 14 1227
8 15 2250
8 16 2293
8 17 1830
8 18 1702
8 19 2359
8 20 208
8 21 2727
8 22 1496
8 23 599
8 24 2679
8 25 1448
8 26 551
8 27 2631
8 28 1400
8 29 503
8 30 2583
8 31 1352
8 32 455
8 33 2535
8 34 1304
8 35 407
8 36 2487
8 37 1256
8 38 359
8 39 2439
8 40 1208
8 41 311
8 42 2391
8 43 1160
8 44 263
8 45 2343
8 46 1112
8 47 215
8 48 2295
8 49 1064
8 50 167
8 51 2343
8 52 1112
8 53 215
8 54 2391
8 55 1160
8 56 263
8 57 2439
8 58 1208
8 59 311
8 60 2487
8 61 1256
8 62 359
8 63 2535
8 64 1304
8 65 407
8 66 2583
8 67 1352
8 68 455
8 69 2631
8 70 1400
8 71 503
8 72 2679
8 73 1448
8 74 551
8 75 2847
9 0 157
9 1 2155
9 2 1804
9 3 855
9 4 2325
9 5 1575
9 6 2519
9 7 914
9 8 2690
9 9 0
9 10 796
9 11 1891
9 12 722
9 13 985
9 14 1893
9 15 514
9 16 567
9 17 1222
9 18 988
9 19 405
9 20 2482
9 21 37
9 22 1194
9 23 2425
9 24 85
9 25 1242
9 26 2473
9 27 133
9 28 1290
9 29 2521
9 30 181
9 31 1338
9 32 2569
9 33 229
9 34 1386
9 35 2617
9 36 277
9 37 1434
9 38 2665
9 39 325
9 40 1482
9 41 2713
9 42 373
9 43 1530
9 44 2761
9 45 421
9 46 1578
9 47 2809
9 48 469
9 49 1626
9 50 2857
9 51 517
9 52 1674
9 53 2905
9 54 565
9 55 1722
9 56 2953
9 57 613
9 58 1770
9 59 3001
9 60 661
9 61 1818
9 62 3049
9 63 709
9 64 1866
9 65 3097
9 66 757
9 67 1914
9 68 3145
9 69 805
9 70 1962
9 71 3193
9 72 853
9 73 2010
9 74 3241
9 75 157
10 0 879
10 1 1433
10 2 1562
10 3 809
10 4 1795
10 5 1141
10 6 1797
10 7 868
10 8 1968
10 9 796
10 10 0
10 11 1553
10 12 772
10 13 939
10 14 1171
10 15 564
10 16 521
10 17 1176
10 18 1446
10 19 647
10 20 1760
10 21 759
10 22 1240
10 23 2471
10 24 711
10 25 1192
10 26 2423
10 27 663
10 28 1144
10 29 2375
10 30 615
10 31 1096
10 32 2327
10 33 567
10 34 1048
10 35 2279
10 36 519
10 37 1000
10 38 2231
10 39 471
10 40 952
10 41 2183
10 42 423
10 43 904
10 44 2135
10 45 375
10 46 856
10 47 2087
10 48 423
10 49 904
10 50 2135
10 51 471
10 52 952
10 53 2183
10 54 519
10 55 1000
10 56 2231
10 57 567
10 58 1048
10 59 2279
10 60 615
10 61 1096
10 62 2327
10 63 663
10 64 1144
10 65 2375
10 66 711
10 67 1192
10 68 2423
10 69 759
10 70 1240
10 71 2471
10 72 807
10 73 1288
10 74 2519
10 75 879
11 0 2048
11 1 1274
11 2 1019
11 3 2262
11 4 1210
11 5 694
11 6 1638
11 7 1723
11 8 1133
11 9 1891
11 10 1553
11 11 0
11 12 1531
11 13 2132
11 14 1012
11 15 1739
11 16 1974
11 17 1511
11 18 903
11 19 1656
11 20 1341
11 21 1928
11 22 697
11 23 918
11 24 1880
11 25 649
11 26 870
11 27 1832
11 28 601
11 29 822
11 30 1784
11 31 553
11 32 774
11 33 1736
11 34 505
11 35 726
11 36 1784
11 37 553
11 38 774
11 39 1832
11 40 601
11 41 822
11 42 1880
11 43 649
11 44 870
11 45 1928
11 46 697
11 47 918
11 48 1976
11 49 745
11 50 966
11 51 2024
11 52 793
11 53 1014
11 54 2072
11 55 841
11 56 1062
11 57 2120
11 58 889
11 59 1110
11 60 2168
11 61 937
11 62 1158
11 63 2216
11 64 985
11 65 1206
11 66 2264
11 67 1033
11 68 1254
11 69 2312
11 70 1081
11 71 1302
11 72 2360
11 73 1129
11 74 1350
11 75 2048
12 0 805
12 1 1507
12 2 1540
12 3 831
12 4 1773
12 5 1119
12 6 1871
12 7 890
12 8 2042
12 9 722
12 10 772
12 11 1531
12 12 0
12 13 961
12 14 1245
12 15 208
12 16 543
12 17 1198
12 18 1424
12 19 573
12 20 1834
12 21 685
12 22 1218
12 23 2449
12 24 637
12 25 1170
12 26 2401
12 27 589
12 28 1122
12 29 2353
12 30 541
12 31 1074
12 32 2305
12 33 493
12 34 1026
12 35 2257
12 36 445
12 37 978
12 38 2209
12 39 397
12 40 930
12 41 2161
12 42 349
12 43 882
12 44 2113
12 45 397
12 46 930
12 47 2161
12 48 445
12 49 978
12 50 2209
12 51 493
12 52 1026
12 53 2257
12 54 541
12 55 1074
12 56 2305
12 57 589
12 58 1122
12 59 2353
12 60 637
12 61 1170
12 62 2401
12 63 685
12 64 1218
12 65 2449
12 66 733
12 67 1266
12 68 2497
12 69 781
12 70 1314
12 71 2545
12 72 829
12 73 1362
12 74 2593
12 75 805
13 0 1068
13 1 1244
13 2 2141
13 3 130
13 4 2374
13 5 1720
13 6 1608
13 7 769
13 8 2451
13 9 985
13 10 939
13 11 2132
13 12 961
13 13 0
13 14 1558
13 15 753
13 16 518
13 17 981
13 18 1973
13 19 836
13 20 2243
13 21 948
13 22 1819
13 23 3050
13 24 900
13 25 1771
13 26 3002
13 27 852
13 28 1723
13 29 2954
13 30 804
13 31 1675
13 32 2906
13 33 756
13 34 1627
13 35 2858
13 36 708
13 37 1579
13 38 2810
13 39 660
13 40 1531
13 41 2762
13 42 612
13 43 1483
13 44 2714
13 45 564
13 46 1435
13 47 2666
13 48 516
13 49 1387
13 50 2618
13 51 468
13 52 1339
13 53 2570
13 54 420
13 55 1291
13 56 2522
13 57 372
13 58 1243
13 59 2474
13 60 324
13 61 1195
13 62 2426
13 63 276
13 64 1147
13 65 2378
13 66 228
13 67 1099
13 68 2330
13 69 180
13 70 1051
13 71 2282
13 72 228
13 73 1099
13 74 2330
13 75 1068
14 0 2050
14 1 700
14 2 1021
14 3 1688
14 4 1254
14 5 600
14 6 1064
14 7 1149
14 8 1227
14 9 1893
14 10 1171
14 11 1012
14 12 1245
14 13 1558
14 14 0
14 15 1453
14 16 1400
14 17 937
14 18 905
14 19 1562
14 20 1123
14 21 1930
14 22 699
14 23 1492
14 24 1882
14 25 651
14 26 1444
14 27 1834
14 28 603
14 29 1396
14 30 1786
14 31 555
14 32 1348
14 33 1738
14 34 507
14 35 1300
14 36 1690
14 37 459
14 38 1252
14 39 1642
14 40 411
14 41 1204
14 42 1594
14 43 363
14 44 1156
14 45 1546
14 46 315
14 47 1108
14 48 1498
14 49 267
14 50 1060
14 51 1450
14 52 219
14 53 1012
14 54 1498
14 55 267
14 56 1060
14 57 1546
14 58 315
14 59 1108
14 60 1594
14 61 363
14 62 1156
14 63 1642
14 64 411
14 65 1204
14 66 1690
14 67 459
14 68 1252
14 69 1738
14 70 507
14 71 1300
14 72 1786
14 73 555
14 74 1348
14 75 2050
15 0 597
15 1 1715
15 2 1748
15 3 623
15 4 1981
15 5 1327
15 6 2079
15 7 682
15 8 2250
15 9 514
15 10 564
15 11 1739
15 12 208
15 13 753
15 14 1453
15 15 0
15 16 335
15 17 990
15 18 1502
15 19 365
15 20 2042
15 21 477
15 22 1426
15 23 2657
15 24 429
15 25 1378
15 26 2609
15 27 381
15 28 1330
15 29 2561
15 30 333
15 31 1282
15 32 2513
15 33 285
15 34 1234
15 35 2465
15 36 237
15 37 1186
15 38 2417
15 39 189
15 40 1138
15 41 2369
15 42 141
15 43 1090
15 44 2321
15 45 189
15 46 1138
15 47 2369
15 48 237
15 49 1186
15 50 2417
15 51 285
15 52 1234
15 53 2465
15 54 333
15 55 1282
15 56 2513
15 57 381
15 58 1330
15 59 2561
15 60 429
15 61 1378
15 62 2609
15 63 477
15 64 1426
15 65 2657
15 66 525
15 67 1474
15 68 2705
15 69 573
15 70 1522
15 71 2753
15 72 621
15 73 1570
15 74 2801
15 75 597
16 0 650
16 1 1662
16 2 1983
16 3 388
16 4 2216
16 5 1562
16 6 2026
16 7 447
16 8 2293
16 9 567
16 10 521
16 11 1974
16 12 543
16 13 518
16 14 1400
16 15 335
16 16 0
16 17 755
16 18 1555
16 19 418
16 20 2085
16 21 530
16 22 1661
16 23 2892
16 24 482
16 25 1613
16 26 2844
16 27 434
16 28 1565
16 29 2796
16 30 386
16 31 1517
16 32 2748
16 33 338
16 34 1469
16 35 2700
16 36 290
16 37 1421
16 38 2652
16 39 242
16 40 1373
16 41 2604
16 42 194
16 43 1325
16 44 2556
16 45 146
16 46 1277
16 47 2508
16 48 98
16 49 1229
16 50 2460
16 51 50
16 52 1181
16 53 2412
16 54 98
16 55 1229
16 56 2460
16 57 146
16 58 1277
16 59 2508
16 60 194
16 61 1325
16 62 2556
16 63 242
16 64 1373
16 65 2604
16 66 290
16 67 1421
16 68 2652
16 69 338
16 70 1469
16 71 2700
16 72 386
16 73 1517
16 74 2748
16 75 650
17 0 1305
17 1 1007
17 2 1520
17 3 851
17 4 1753
17 5 1099
17 6 1371
17 7 1006
17 8 1830
17 9 1222
17 10 1176
17 11 1511
17 12 1198
17 13 981
17 14 937
17 15 990
17 16 755
17 17 0
17 18 1404
17 19 1073
17 20 1622
17 21 1185
17 22 1198
17 23 2429
17 24 1137
17 25 1150
17 26 2381
17 27 1089
17 28 1102
17 29 2333
17 30 1041
17 31 1054
17 32 2285
17 33 993
17 34 1006
17 35 2237
17 36 945
17 37 958
17 38 2189
17 39 897
17 40 910
17 41 2141
17 42 849
17 43 862
17 44 2093
17 45 801
17 46 814
17 47 2045
17 48 753
17 49 766
17 50 1997
17 51 705
17 52 718
17 53 1949
17 54 657
17 55 670
17 56 1901
17 57 609
17 58 622
17 59 1853
17 60 657
17 61 670
17 62 1901
17 63 705
17 64 718
17 65 1949
17 66 753
17 67 766
17 68 1997
17 69 801
17 70 814
17 71 2045
17 72 849
17 73 862
17 74 2093
17 75 1305
18 0 1145
18 1 1167
18 2 816
18 3 1843
18 4 1337
18 5 587
18 6 1531
18 7 1616
18 8 1702
18 9 988
18 10 1446
18 11 903
18 12 1424
18 13 1973
18 14 905
18 15 1502
18 16 1555
18 17 1404
18 18 0
18 19 1393
18 20 1494
18 21 1025
18 22 206
18 23 1437
18 24 1073
18 25 254
18 26 1485
18 27 1121
18 28 302
18 29 1533
18 30 1169
18 31 350
18 32 1581
18 33 1217
18 34 398
18 35 1629
18 36 1265
18 37 446
18 38 1677
18 39 1313
18 40 494
18 41 1725
18 42 1361
18 43 542
18 44 1773
18 45 1409
18 46 590
18 47 1821
18 48 1457
18 49 638
18 50 1869
18 51 1505
18 52 686
18 53 1917
18 54 1553
18 55 734
18 56 1965
18 57 1601
18 58 782
18 59 2013
18 60 1649
18 61 830
18 62 2061
18 63 1697
18 64 878
18 65 2109
18 66 1745
18 67 926
18 68 2157
18 69 1793
18 70 974
18 71 2205
18 72 1841
18 73 1022
18 74 2253
18 75 1145
19 0 488
19 1 1824
19 2 1665
19 3 706
19 4 1994
19 5 1244
19 6 2188
19 7 765
19 8 2359
19 9 405
19 10 647
19 11 1656
19 12 573
19 13 836
19 14 1562
19 15 365
19 16 418
19 17 1073
19 18 1393
19 19 0
19 20 2151
19 21 368
19 22 1343
19 23 2574
19 24 320
19 25 1295
19 26 2526
19 27 272
19 28 1247
19 29 2478
19 30 224
19 31 1199
19 32 2430
19 33 176
19 34 1151
19 35 2382
19 36 128
19 37 1103
19 38 2334
19 39 176
19 40 1151
19 41 2382
19 42 224
19 43 1199
19 44 2430
19 45 272
19 46 1247
19 47 2478
19 48 320
19 49 1295
19 50 2526
19 51 368
19 52 1343
19 53 2574
19 54 416
19 55 1391
19 56 2622
19 57 464
19 58 1439
19 59 2670
19 60 512
19 61 1487
19 62 2718
19 63 560
19 64 1535
19 65 2766
19 66 608
19 67 1583
19 68 2814
19 69 656
19 70 1631
19 71 2862
19 72 704
19 73 1679
19 74 2910
19 75 488
20 0 2639
20 1 1385
20 2 1428
20 3 2373
20 4 907
20 5 1189
20 6 1385
20 7 1834
20 8 208
20 9 2482
20 10 1760
20 11 1341
20 12 1834
20 13 2243
20 14 1123
20 15 2042
20 16 2085
20 17 1622
20 18 1494
20 19 2151
20 20 0
20 21 2519
20 22 1288
20 23 807
20 24 2471
20 25 1240
20 26 759
20 27 2423
20 28 1192
20 29 711
20 30 2375
20 31 1144
20 32 663
20 33 2327
20 34 1096
20 35 615
20 36 2279
20 37 1048
20 38 567
20 39 2231
20 40 1000
20 41 519
20 42 2183
20 43 952
20 44 471
20 45 2135
20 46 904
20 47 423
20 48 2087
20 49 856
20 50 375
20 51 2135
20 52 904
20 53 423
20 54 2183
20 55 952
20 56 471
20 57 2231
20 58 1000
20 59 519
20 60 2279
20 61 1048
20 62 567
20 63 2327
20 64 1096
20 65 615
20 66 2375
20 67 1144
20 68 663
20 69 2423
20 70 1192
20 71 711
20 72 2471
20 73 1240
20 74 759
20 75 2639
21 0 120
21 1 2192
21 2 1841
21 3 818
21 4 2362
21 5 1612
21 6 2556
21 7 877
21 8 2727
21 9 37
21 10 759
21 11 1928
21 12 685
21 13 948
21 14 1930
21 15 477
21 16 530
21 17 1185
21 18 1025
21 19 368
21 20 2519
21 21 0
21 22 1231
21 23 2462
21 24 48
21 25 1279
21 26 2510
21 27 96
21 28 1327
21 29 2558
21 30 144
21 31 1375
21 32 2606
21 33 192
21 34 1423
21 35 2654
21 36 240
21 37 1471
21 38 2702
21 39 288
21 40 1519
21 41 2750
21 42 336
21 43 1567
21 44 2798
21 45 384
21 46 1615
21 47 2846
21 48 432
21 49 1663
21 50 2894
21 51 480
21 52 1711
21 53 2942
21 54 528
21 55 1759
21 56 2990
21 57 576
21 58 1807
21 59 3038
21 60 624
21 61 1855
21 62 3086
21 63 672
21 64 1903
21 65 3134
21 66 720
21 67 1951
21 68 3182
21 69 768
21 70 1999
21 71 3230
21 72 816
21 73 2047
21 74 3278
21 75 120
22 0 1351
22 1 961
22 2 610
22 3 1949
22 4 1131
22 5 381
22 6 1325
22 7 1410
22 8 1496
22 9 1194
22 10 1240
22 11 697
22 12 1218
22 13 1819
22 14 699
22 15 1426
22 16 1661
22 17 1198
22 18 206
22 19 1343
22 20 1288
22 21 1231
22 22 0
22 23 1231
22 24 1279
22 25 48
22 26 1279
22 27 1327
22 28 96
22 29 1327
22 30 1375
22 31 144
22 32 1375
22 33 1423
22 34 192
22 35 1423
22 36 1471
22 37 240
22 38 1471
22 39 1519
22 40 288
22 41 1519
22 42 1567
22 43 336
22 44 1567
22 45 1615
22 46 384
22 47 1615
22 48 1663
22 49 432
22 50 1663
22 51 1711
22 52 480
22 53 1711
22 54 1759
22 55 528
22 56 1759
22 57 1807
22 58 576
22 59 1807
22 60 1855
22 61 624
22 62 1855
22 63 1903
22 64 672
22 65 1903
22 66 1951
22 67 720
22 68 1951
22 69 1999
22 70 768
22 71 1999
22 72 2047
22 73 816
22 74 2047
22 75 1351
23 0 2582
23 1 1806
23 2 909
23 3 3180
23 4 676
23 5 1330
23 6 1442
23 7 2641
23 8 599
23 9 2425
23 10 2471
23 11 918
23 12 2449
23 13 3050
23 14 1492
23 15 2657
23 16 2892
23 17 2429
23 18 1437
23 19 2574
23 20 807
23 21 2462
23 22 1231
23 23 0
23 24 2510
23 25 1279
23 26 48
23 27 2558
23 28 1327
23 29 96
23 30 2606
23 31 1375
23 32 144
23 33 2654
23 34 1423
23 35 192
23 36 2702
23 37 1471
23 38 240
23 39 2750
23 40 1519
23 41 288
23 42 2798
23 43 1567
23 44 336
23 45 2846
23 46 1615
23 47 384
23 48 2894
23 49 1663
23 50 432
23 51 2942
23 52 1711
23 53 480
23 54 2990
23 55 1759
23 56 528
23 57 3038
23 58 1807
23 59 576
23 60 3086
23 61 1855
23 62 624
23 63 3134
23 64 1903
23 65 672
23 66 3182
23 67 1951
23 68 720
23 69 3230
23 70 1999
23 71 768
23 72 3278
23 73 2047
23 74 816
23 75 2582
24 0 168
24 1 2144
24 2 1793
24 3 770
24 4 2314
24 5 1564
24 6 2508
24 7 829
24 8 2679
24 9 85
24 10 711
24 11 1880
24 12 637
24 13 900
24 14 1882
24 15 429
24 16 482
24 17 1137
24 18 1073
24 19 320
24 20 2471
24 21 48
24 22 1279
24 23 2510
24 24 0
24 25 1231
24 26 2462
24 27 48
24 28 1279
24 29 2510
24 30 96
24 31 1327
24 32 2558
24 33 144
24 34 1375
24 35 2606
24 36 192
24 37 1423
24 38 2654
24 39 240
24 40 1471
24 41 2702
24 42 288
24 43 1519
24 44 2750
24 45 336
24 46 1567
24 47 2798
24 48 384
24 49 1615
24 50 2846
24 51 432
24 52 1663
24 53 2894
24 54 480
24 55 1711
24 56 2942
24 57 528
24 58 1759
24 59 2990
24 60 576
24 61 1807
24 62 3038
24 63 624
24 64 1855
24 65 3086
24 66 672
24 67 1903
24 68 3134
24 69 720
24 70 1951
24 71 3182
24 72 768
24 73 1999
24 74 3230
24 75 168
25 0 1399
25 1 913
25 2 562
25 3 1901
25 4 1083
25 5 333
25 6 1277
25 7 1362
25 8 1448
25 9 1242
25 10 1192
25 11 649
25 12 1170
25 13 1771
25 14 651
25 15 1378
25 16 1613
25 17 1150
25 18 254
25 19 1295
25 20 1240
25 21 1279
25 22 48
25 23 1279
25 24 1231
25 25 0
25 26 1231
25 27 1279
25 28 48
25 29 1279
25 30 1327
25 31 96
25 32 1327
25 33 1375
25 34 144
25 35 1375
25 36 1423
25 37 192
25 38 1423
25 39 1471
25 40 240
25 41 1471
25 42 1519
25 43 288
25 44 1519
25 45 1567
25 46 336
25 47 1567
25 48 1615
25 49 384
25 50 1615
25 51 1663
25 52 432
25 53 1663
25 54 1711
25 55 480
25 56 1711
25 57 1759
25 58 528
25 59 1759
25 60 1807
25 61 576
25 62 1807
25 63 1855
25 64 624
25 65 1855
25 66 1903
25 67 672
25 68 1903
25 69 1951
25 70 720
25 71 1951
25 72 1999
25 73 768
25 74 1999
25 75 1399
26 0 2630
26 1 1758
26 2 861
26 3 3132
26 4 628
26 5 1282
26 6 1394
26 7 2593
26 8 551
26 9 2473
26 10 2423
26 11 870
26 12 2401
26 13 3002
26 14 1444
26 15 2609
26 16 2844
26 17 2381
26 18 1485
26 19 2526
26 20 759
26 21 2510
26 22 1279
26 23 48
26 24 2462
26 25 1231
26 26 0
26 27 2510
26 28 1279
26 29 48
26 30 2558
26 31 1327
26 32 96
26 33 2606
26 34 1375
26 35 144
26 36 2654
26 37 1423
26 38 192
26 39 2702
26 40 1471
26 41 240
26 42 2750
26 43 1519
26 44 288
26 45 2798
26 46 1567
26 47 336
26 48 2846
26 49 1615
26 50 384
26 51 2894
26 52 1663
26 53 432
26 54 2942
26 55 1711
26 56 480
26 57 2990
26 58 1759
26 59 528
26 60 3038
26 61 1807
26 62 576
26 63 3086
26 64 1855
26 65 624
26 66 3134
26 67 1903
26 68 672
26 69 3182
26 70 1951
26 71 720
26 72 3230
26 73 1999
26 74 768
26 75 2630
27 0 216
27 1 2096
27 2 1745
27 3 722
27 4 2266
27 5 1516
27 6 2460
27 7 781
27 8 2631
27 9 133
27 10 663
27 11 1832
27 12 589
27 13 852
27 14 1834
27 15 381
27 16 434
27 17 1089
27 18 1121
27 19 272
27 20 2423
27 21 96
27 22 1327
27 23 2558
27 24 48
27 25 1279
27 26 2510
27 27 0
27 28 1231
27 29 2462
27 30 48
27 31 1279
27 32 2510
27 33 96
27 34 1327
27 35 2558
27 36 144
27 37 1375
27 38 2606
27 39 192
27 40 1423
27 41 2654
27 42 240
27 43 1471
27 44 2702
27 45 288
27 46 1519
27 47 2750
27 48 336
27 49 1567
27 50 2798
27 51 384
27 52 1615
27 53 2846
27 54 432
27 55 1663
27 56 2894
27 57 480
27 58 1711
27 59 2942
27 60 528
27 61 1759
27 62 2990
27 63 576
27 64 1807
27 65 3038
27 66 624
27 67 1855
27 68 3086
27 69 672
27 70 1903
27 71 3134
27 72 720
27 73 1951
27 74 3182
27 75 216
28 0 1447
28 1 865
28 2 514
28 3 1853
28 4 1035
28 5 285
28 6 1229
28 7 1314
28 8 1400
28 9 1290
28 10 1144
28 11 601
28 12 1122
28 13 1723
28 14 603
28 15 1330
28 16 1565
28 17 1102
28 18 302
28 19 1247
28 20 1192
28 21 1327
28 22 96
28 23 1327
28 24 1279
28 25 48
28 26 1279
28 27 1231
28 28 0
28 29 1231
28 30 1279
28 31 48
28 32 1279
28 33 1327
28 34 96
28 35 1327
28 36 1375
28 37 144
28 38 1375
28 39 1423
28 40 192
28 41 1423
28 42 1471
28 43 240
28 44 1471
28 45 1519
28 46 288
28 47 1519
28 48 1567
28 49 336
28 50 1567
28 51 1615
28 52 384
28 53 1615
28 54 1663
28 55 432
28 56 1663
28 57 1711
28 58 480
28 59 1711
28 60 1759
28 61 528
28 62 1759
28 63 1807
28 64 576
28 65 1807
28 66 1855
28 67 624
28 68 1855
28 69 1903
28 70 672
28 71 1903
28 72 1951
28 73 720
28 74 1951
28 75 1447
29 0 2678
29 1 1710
29 2 813
29 3 3084
29 4 580
29 5 1234
29 6 1346
29 7 2545
29 8 503
29 9 2521
29 10 2375
29 11 822
29 12 2353
29 13 2954
29 14 1396
29 15 2561
29 16 2796
29 17 2333
29 18 1533
29 19 2478
29 20 711
29 21 2558
29 22 1327
29 23 96
29 24 2510
29 25 1279
29 26 48
29 27 2462
29 28 1231
29 29 0
29 30 2510
29 31 1279
29 32 48
29 33 2558
29 34 1327
29 35 96
29 36 2606
29 37 1375
29 38 144
29 39 2654
29 40 1423
29 41 192
29 42 2702
29 43 1471
29 44 240
29 45 2750
29 46 1519
29 47 288
29 48 2798
29 49 1567
29 50 336
29 51 2846
29 52 1615
29 53 384
29 54 2894
29 55 1663
29 56 432
29 57 2942
29 58 1711
29 59 480
29 60 2990
29 61 1759
29 62 528
29 63 3038
29 64 1807
29 65 576
29 66 3086
29 67 1855
29 68 624
29 69 3134
29 70 1903
29 71 672
29 72 3182
29 73 1951
29 74 720
29 75 2678
30 0 264
30 1 2048
30 2 1697
30 3 674
30 4 2218
30 5 1468
30 6 2412
30 7 733
30 8 2583
30 9 181
30 10 615
30 11 1784
30 12 541
30 13 804
30 14 1786
30 15 333
30 16 386
30 17 1041
30 18 1169
30 19 224
30 20 2375
30 21 144
30 22 1375
30 23 2606
30 24 96
30 25 1327
30 26 2558
30 27 48
30 28 1279
30 29 2510
30 30 0
30 31 1231
30 32 2462
30 33 48
30 34 1279
30 35 2510
30 36 96
30 37 1327
30 38 2558
30 39 144
30 40 1375
30 41 2606
30 42 192
30 43 1423
30 44 2654
30 45 240
30 46 1471
30 47 2702
30 48 288
30 49 1519
30 50 2750
30 51 336
30 52 1567
30 53 2798
30 54 384
30 55 1615
30 56 2846
30 57 432
30 58 1663
30 59 2894
30 60 480
30 61 1711
30 62 2942
30 63 528
30 64 1759
30 65 2990
30 66 576
30 67 1807
30 68 3038
30 69 624
30 70 1855
30 71 3086
30 72 672
30 73 1903
30 74 3134
30 75 264
31 0 1495
31 1 817
31 2 466
31 3 1805
31 4 987
31 5 237
31 6 1181
31 7 1266
31 8 1352
31 9 1338
31 10 1096
31 11 553
31 12 1074
31 13 1675
31 14 555
31 15 1282
31 16 1517
31 17 1054
31 18 350
31 19 1199
31 20 1144
31 21 1375
31 22 144
31 23 1375
31 24 1327
31 25 96
31 26 1327
31 27 1279
31 28 48
31 29 1279
31 30 1231
31 31 0
31 32 1231
31 33 1279
31 34 48
31 35 1279
31 36 1327
31 37 96
31 38 1327
31 39 1375
31 40 144
31 41 1375
31 42 1423
31 43 192
31 44 1423
31 45 1471
31 46 240
31 47 1471
31 48 1519
31 49 288
31 50 1519
31 51 1567
31 52 336
31 53 1567
31 54 1615
31 55 384
31 56 1615
31 57 1663
31 58 432
31 59 1663
31 60 1711
31 61 480
31 62 1711
31 63 1759
31 64 528
31 65 1759
31 66 1807
31 67 576
31 68 1807
31 69 1855
31 70 624
31 71 1855
31 72 1903
31 73 672
31 74 1903
31 75 1495
32 0 2726
32 1 1662
32 2 765
32 3 3036
32 4 532
32 5 1186
32 6 1298
32 7 2497
32 8 455
32 9 2569
32 10 2327
32 11 774
32 12 2305
32 13 2906
32 14 1348
32 15 2513
32 16 2748
32 17 2285
32 18 1581
32 19 2430
32 20 663
32 21 2606
32 22 1375
32 23 144
32 24 2558
32 25 1327
32 26 96
32 27 2510
32 28 1279
32 29 48
32 30 2462
32 31 1231
32 32 0
32 33 2510
32 34 1279
32 35 48
32 36 2558
32 37 1327
32 38 96
32 39 2606
32 40 1375
32 41 144
32 42 2654
32 43 1423
32 44 192
32 45 2702
32 46 1471
32 47 240
32 48 2750
32 49 1519
32 50 288
32 51 2798
32 52 1567
32 53 336
32 54 2846
32 55 1615
32 56 384
32 57 2894
32 58 1663
32 59 432
32 60 2942
32 61 1711
32 62 480
32 63 2990
32 64 1759
32 65 528
32 66 3038
32 67 1807
32 68 576
32 69 3086
32 70 1855
32 71 624
32 72 3134
32 73 1903
32 74 672
32 75 2726
33 0 312
33 1 2000
33 2 1745
33 3 626
33 4 2170
33 5 1420
33 6 2364
33 7 685
33 8 2535
33 9 229
33 10 567
33 11 1736
33 12 493
33 13 756
33 14 1738
33 15 285
33 16 338
33 17 993
33 18 1217
33 19 176
33 20 2327
33 21 192
33 22 1423
33 23 2654
33 24 144
33 25 1375
33 26 2606
33 27 96
33 28 1327
33 29 2558
33 30 48
33 31 1279
33 32 2510
33 33 0
33 34 1231
33 35 2462
33 36 48
33 37 1279
33 38 2510
33 39 96
33 40 1327
33 41 2558
33 42 144
33 43 1375
33 44 2606
33 45 192
33 46 1423
33 47 2654
33 48 240
33 49 1471
33 50 2702
33 51 288
33 52 1519
33 53 2750
33 54 336
33 55 1567
33 56 2798
33 57 384
33 58 1615
33 59 2846
33 60 432
33 61 1663
33 62 2894
33 63 480
33 64 1711
33 65 2942
33 66 528
33 67 1759
33 68 2990
33 69 576
33 70 1807
33 71 3038
33 72 624
33 73 1855
33 74 3086
33 75 312
34 0 1543
34 1 769
34 2 514
34 3 1757
34 4 939
34 5 189
34 6 1133
34 7 1218
34 8 1304
34 9 1386
34 10 1048
34 11 505
34 12 1026
34 13 1627
34 14 507
34 15 1234
34 16 1469
34 17 1006
34 18 398
34 19 1151
34 20 1096
34 21 1423
34 22 192
34 23 1423
34 24 1375
34 25 144
34 26 1375
34 27 1327
34 28 96
34 29 1327
34 30 1279
34 31 48
34 32 1279
34 33 1231
34 34 0
34 35 1231
34 36 1279
34 37 48
34 38 1279
34 39 1327
34 40 96
34 41 1327
34 42 1375
34 43 144
34 44 1375
34 45 1423
34 46 192
34 47 1423
34 48 1471
34 49 240
34 50 1471
34 51 1519
34 52 288
34 53 1519
34 54 1567
34 55 336
34 56 1567
34 57 1615
34 58 384
34 59 1615
34 60 1663
34 61 432
34 62 1663
34 63 1711
34 64 480
34 65 1711
34 66 1759
34 67 528
34 68 1759
34 69 1807
34 70 576
34 71 1807
34 72 1855
34 73 624
34 74 1855
34 75 1543
35 0 2774
35 1 1614
35 2 813
35 3 2988
35 4 484
35 5 1138
35 6 1250
35 7 2449
35 8 407
35 9 2617
35 10 2279
35 11 726
35 12 2257
35 13 2858
35 14 1300
35 15 2465
35 16 2700
35 17 2237
35 18 1629
35 19 2382
35 20 615
35 21 2654
35 22 1423
35 23 192
35 24 2606
35 25 1375
35 26 144
35 27 2558
35 28 1327
35 29 96
35 30 2510
35 31 1279
35 32 48
35 33 2462
35 34 1231
35 35 0
35 36 2510
35 37 1279
35 38 48
35 39 2558
35 40 1327
35 41 96
35 42 2606
35 43 1375
35 44 144
35 45 2654
35 46 1423
35 47 192
35 48 2702
35 49 1471
35 50 240
35 51 2750
35 52 1519
35 53 288
35 54 2798
35 55 1567
35 56 336
35 57 2846
35 58 1615
35 59 384
35 60 2894
35 61 1663
35 62 432
35 63 2942
35 64 1711
35 65 480
35 66 2990
35 67 1759
35 68 528
35 69 3038
35 70 1807
35 71 576
35 72 3086
35 73 1855
35 74 624
35 75 2774
36 0 360
36 1 1952
36 2 1793
36 3 578
36 4 2122
36 5 1372
36 6 2316
36 7 637
36 8 2487
36 9 277
36 10 519
36 11 1784
36 12 445
36 13 708
36 14 1690
36 15 237
36 16 290
36 17 945
36 18 1265
36 19 128
36 20 2279
36 21 240
36 22 1471
36 23 2702
36 24 192
36 25 1423
36 26 2654
36 27 144
36 28 1375
36 29 2606
36 30 96
36 31 1327
36 32 2558
36 33 48
36 34 1279
36 35 2510
36 36 0
36 37 1231
36 38 2462
36 39 48
36 40 1279
36 41 2510
36 42 96
36 43 1327
36 44 2558
36 45 144
36 46 1375
36 47 2606
36 48 192
36 49 1423
36 50 2654
36 51 240
36 52 1471
36 53 2702
36 54 288
36 55 1519
36 56 2750
36 57 336
36 58 1567
36 59 2798
36 60 384
36 61 1615
36 62 2846
36 63 432
36 64 1663
36 65 2894
36 66 480
36 67 1711
36 68 2942
36 69 528
36 70 1759
36 71 2990
36 72 576
36 73 1807
36 74 3038
36 75 360
37 0 1591
37 1 721
37 2 562
37 3 1709
37 4 891
37 5 141
37 6 1085
37 7 1170
37 8 1256
37 9 1434
37 10 1000
37 11 553
37 12 978
37 13 1579
37 14 459
37 15 1186
37 16 1421
37 17 958
37 18 446
37 19 1103
37 20 1048
37 21 1471
37 22 240
37 23 1471
37 24 1423
37 25 192
37 26 1423
37 27 1375
37 28 144
37 29 1375
37 30 1327
37 31 96
37 32 1327
37 33 1279
37 34 48
37 35 1279
37 36 1231
37 37 0
37 38 1231
37 39 1279
37 40 48
37 41 1279
37 42 1327
37 43 96
37 44 1327
37 45 1375
37 46 144
37 47 1375
37 48 1423
37 49 192
37 50 1423
37 51 1471
37 52 240
37 53 1471
37 54 1519
37 55 288
37 56 1519
37 57 1567
37 58 336
37 59 1567
37 60 1615
37 61 384
37 62 1615
37 63 1663
37 64 432
37 65 1663
37 66 1711
37 67 480
37 68 1711
37 69 1759
37 70 528
37 71 1759
37 72 1807
37 73 576
37 74 1807
37 75 1591
38 0 2822
38 1 1566
38 2 861
38 3 2940
38 4 436
38 5 1090
38 6 1202
38 7 2401
38 8 359
38 9 2665
38 10 2231
38 11 774
38 12 2209
38 13 2810
38 14 1252
38 15 2417
38 16 2652
38 17 2189
38 18 1677
38 19 2334
38 20 567
38 21 2702
38 22 1471
38 23 240
38 24 2654
38 25 1423
38 26 192
38 27 2606
38 28 1375
38 29 144
38 30 2558
38 31 1327
38 32 96
38 33 2510
38 34 1279
38 35 48
38 36 2462
38 37 1231
38 38 0
38 39 2510
38 40 1279
38 41 48
38 42 2558
38 43 1327
38 44 96
38 45 2606
38 46 1375
38 47 144
38 48 2654
38 49 1423
38 50 192
38 51 2702
38 52 1471
38 53 240
38 54 2750
38 55 1519
38 56 288
38 57 2798
38 58 1567
38 59 336
38 60 2846
38 61 1615
38 62 384
38 63 2894
38 64 1663
38 65 432
38 66 2942
38 67 1711
38 68 480
38 69 2990
38 70 1759
38 71 528
38 72 3038
38 73 1807
38 74 576
38 75 2822
39 0 408
39 1 1904
39 2 1841
39 3 530
39 4 2074
39 5 1420
39 6 2268
39 7 589
39 8 2439
39 9 325
39 10 471
39 11 1832
39 12 397
39 13 660
39 14 1642
39 15 189
39 16 242
39 17 897
39 18 1313
39 19 176
39 20 2231
39 21 288
39 22 1519
39 23 2750
39 24 240
39 25 1471
39 26 2702
39 27 192
39 28 1423
39 29 2654
39 30 144
39 31 1375
39 32 2606
39 33 96
39 34 1327
39 35 2558
39 36 48
39 37 1279
39 38 2510
39 39 0
39 40 1231
39 41 2462
39 42 48
39 43 1279
39 44 2510
39 45 96
39 46 1327
39 47 2558
39 48 144
39 49 1375
39 50 2606
39 51 192
39 52 1423
39 53 2654
39 54 240
39 55 1471
39 56 2702
39 57 288
39 58 1519
39 59 2750
39 60 336
39 61 1567
39 62 2798
39 63 384
39 64 1615
39 65 2846
39 66 432
39 67 1663
39 68 2894
39 69 480
39 70 1711
39 71 2942
39 72 528
39 73 1759
39 74 2990
39 75 408
40 0 1639
40 1 673
40 2 610
40 3 1661
40 4 843
40 5 189
40 6 1037
40 7 1122
40 8 1208
40 9 1482
40 10 952
40 11 601
40 12 930
40 13 1531
40 14 411
40 15 1138
40 16 1373
40 17 910
40 18 494
40 19 1151
40 20 1000
40 21 1519
40 22 288
40 23 1519
40 24 1471
40 25 240
40 26 1471
40 27 1423
40 28 192
40 29 1423
40 30 1375
40 31 144
40 32 1375
40 33 1327
40 34 96
40 35 1327
40 36 1279
40 37 48
40 38 1279
40 39 1231
40 40 0
40 41 1231
40 42 1279
40 43 48
40 44 1279
40 45 1327
40 46 96
40 47 1327
40 48 1375
40 49 144
40 50 1375
40 51 1423
40 52 192
40 53 1423
40 54 1471
40 55 240
40 56 1471
40 57 1519
40 58 288
40 59 1519
40 60 1567
40 61 336
40 62 1567
40 63 1615
40 64 384
40 65 1615
40 66 1663
40 67 432
40 68 1663
40 69 1711
40 70 480
40 71 1711
40 72 1759
40 73 528
40 74 1759
40 75 1639
41 0 2870
41 1 1518
41 2 909
41 3 2892
41 4 388
41 5 1138
41 6 1154
41 7 2353
41 8 311
41 9 2713
41 10 2183
41 11 822
41 12 2161
41 13 2762
41 14 1204
41 15 2369
41 16 2604
41 17 2141
41 18 1725
41 19 2382
41 20 519
41 21 2750
41 22 1519
41 23 288
41 24 2702
41 25 1471
41 26 240
41 27 2654
41 28 1423
41 29 192
41 30 2606
41 31 1375
41 32 144
41 33 2558
41 34 1327
41 35 96
41 36 2510
41 37 1279
41 38 48
41 39 2462
41 40 1231
41 41 0
41 42 2510
41 43 1279
41 44 48
41 45 2558
41 46 1327
41 47 96
41 48 2606
41 49 1375
41 50 144
41 51 2654
41 52 1423
41 53 192
41 54 2702
41 55 1471
41 56 240
41 57 2750
41 58 1519
41 59 288
41 60 2798
41 61 1567
41 62 336
41 63 2846
41 64 1615
41 65 384
41 66 2894
41 67 1663
41 68 432
41 69 2942
41 70 1711
41 71 480
41 72 2990
41 73 1759
41 74 528
41 75 2870
42 0 456
42 1 1856
42 2 1889
42 3 482
42 4 2122
42 5 1468
42 6 2220
42 7 541
42 8 2391
42 9 373
42 10 423
42 11 1880
42 12 349
42 13 612
42 14 1594
42 15 141
42 16 194
42 17 849
42 18 1361
42 19 224
42 20 2183
42 21 336
42 22 1567
42 23 2798
42 24 288
42 25 1519
42 26 2750
42 27 240
42 28 1471
42 29 2702
42 30 192
42 31 1423
42 32 2654
42 33 144
42 34 1375
42 35 2606
42 36 96
42 37 1327
42 38 2558
42 39 48
42 40 1279
42 41 2510
42 42 0
42 43 1231
42 44 2462
42 45 48
42 46 1279
42 47 2510
42 48 96
42 49 1327
42 50 2558
42 51 144
42 52 1375
42 53 2606
42 54 192
42 55 1423
42 56 2654
42 57 240
42 58 1471
42 59 2702
42 60 288
42 61 1519
42 62 2750
42 63 336
42 64 1567
42 65 2798
42 66 384
42 67 1615
42 68 2846
42 69 432
42 70 1663
42 71 2894
42 72 480
42 73 1711
42 74 2942
42 75 456
43 0 1687
43 1 625
43 2 658
43 3 1613
43 4 891
43 5 237
43 6 989
43 7 1074
43 8 1160
43 9 1530
43 10 904
43 11 649
43 12 882
43 13 1483
43 14 363
43 15 1090
43 16 1325
43 17 862
43 18 542
43 19 1199
43 20 952
43 21 1567
43 22 336
43 23 1567
43 24 1519
43 25 288
43 26 1519
43 27 1471
43 28 240
43 29 1471
43 30 1423
43 31 192
43 32 1423
43 33 1375
43 34 144
43 35 1375
43 36 1327
43 37 96
43 38 1327
43 39 1279
43 40 48
43 41 1279
43 42 1231
43 43 0
43 44 1231
43 45 1279
43 46 48
43 47 1279
43 48 1327
43 49 96
43 50 1327
43 51 1375
43 52 144
43 53 1375
43 54 1423
43 55 192
43 56 1423
43 57 1471
43 58 240
43 59 1471
43 60 1519
43 61 288
43 62 1519
43 63 1567
43 64 336
43 65 1567
43 66 1615
43 67 384
43 68 1615
43 69 1663
43 70 432
43 71 1663
43 72 1711
43 73 480
43 74 1711
43 75 1687
44 0 2918
44 1 1470
44 2 957
44 3 2844
44 4 436
44 5 1186
44 6 1106
44 7 2305
44 8 263
44 9 2761
44 10 2135
44 11 870
44 12 2113
44 13 2714
44 14 1156
44 15 2321
44 16 2556
44 17 2093
44 18 1773
44 19 2430
44 20 471
44 21 2798
44 22 1567
44 23 336
44 24 2750
44 25 1519
44 26 288
44 27 2702
44 28 1471
44 29 240
44 30 2654
44 31 1423
44 32 192
44 33 2606
44 34 1375
44 35 144
44 36 2558
44 37 1327
44 38 96
44 39 2510
44 40 1279
44 41 48
44 42 2462
44 43 1231
44 44 0
44 45 2510
44 46 1279
44 47 48
44 48 2558
44 49 1327
44 50 96
44 51 2606
44 52 1375
44 53 144
44 54 2654
44 55 1423
44 56 192
44 57 2702
44 58 1471
44 59 240
44 60 2750
44 61 1519
44 62 288
44 63 2798
44 64 1567
44 65 336
44 66 2846
44 67 1615
44 68 384
44 69 2894
44 70 1663
44 71 432
44 72 2942
44 73 1711
44 74 480
44 75 2918
45 0 504
45 1 1808
45 2 1937
45 3 434
45 4 2170
45 5 1516
45 6 2172
45 7 493
45 8 2343
45 9 421
45 10 375
45 11 1928
45 12 397
45 13 564
45 14 1546
45 15 189
45 16 146
45 17 801
45 18 1409
45 19 272
45 20 2135
45 21 384
45 22 1615
45 23 2846
45 24 336
45 25 1567
45 26 2798
45 27 288
45 28 1519
45 29 2750
45 30 240
45 31 1471
45 32 2702
45 33 192
45 34 1423
45 35 2654
45 36 144
45 37 1375
45 38 2606
45 39 96
45 40 1327
45 41 2558
45 42 48
45 43 1279
45 44 2510
45 45 0
45 46 1231
45 47 2462
45 48 48
45 49 1279
45 50 2510
45 51 96
45 52 1327
45 53 2558
45 54 144
45 55 1375
45 56 2606
45 57 192
45 58 1423
45 59 2654
45 60 240
45 61 1471
45 62 2702
45 63 288
45 64 1519
45 65 2750
45 66 336
45 67 1567
45 68 2798
45 69 384
45 70 1615
45 71 2846
45 72 432
45 73 1663
45 74 2894
45 75 504
46 0 1735
46 1 577
46 2 706
46 3 1565
46 4 939
46 5 285
46 6 941
46 7 1026
46 8 1112
46 9 1578
46 10 856
46 11 697
46 12 930
46 13 1435
46 14 315
46 15 1138
46 16 1277
46 17 814
46 18 590
46 19 1247
46 20 904
46 21 1615
46 22 384
46 23 1615
46 24 1567
46 25 336
46 26 1567
46 27 1519
46 28 288
46 29 1519
46 30 1471
46 31 240
46 32 1471
46 33 1423
46 34 192
46 35 1423
46 36 1375
46 37 144
46 38 1375
46 39 1327
46 40 96
46 41 1327
46 42 1279
46 43 48
46 44 1279
46 45 1231
46 46 0
46 47 1231
46 48 1279
46 49 48
46 50 1279
46 51 1327
46 52 96
46 53 1327
46 54 1375
46 55 144
46 56 1375
46 57 1423
46 58 192
46 59 1423
46 60 1471
46 61 240
46 62 1471
46 63 1519
46 64 288
46 65 1519
46 66 1567
46 67 336
46 68 1567
46 69 1615
46 70 384
46 71 1615
46 72 1663
46 73 432
46 74 1663
46 75 1735
47 0 2966
47 1 1422
47 2 1005
47 3 2796
47 4 484
47 5 1234
47 6 1058
47 7 2257
47 8 215
47 9 2809
47 10 2087
47 11 918
47 12 2161
47 13 2666
47 14 1108
47 15 2369
47 16 2508
47 17 2045
47 18 1821
47 19 2478
47 20 423
47 21 2846
47 22 1615
47 23 384
47 24 2798
47 25 1567
47 26 336
47 27 2750
47 28 1519
47 29 288
47 30 2702
47 31 1471
47 32 240
47 33 2654
47 34 1423
47 35 192
47 36 2606
47 37 1375
47 38 144
47 39 2558
47 40 1327
47 41 96
47 42 2510
47 43 1279
47 44 48
47 45 2462
47 46 1231
