//alpha
1
//NbLocations
87
//NbProducts
32
//NbPickers
2
//CapaPicker
12
//TimeToTravelOneDistanceUnit
3
//SetupTime
5400
//PickTime
300
//Products
//Idx Location Size
1 1 1
2 2 1
3 3 1
4 4 1
5 5 1
6 6 1
7 7 1
8 8 1
9 9 1
10 10 1
11 11 1
12 12 1
13 13 1
14 14 1
15 15 1
16 16 1
17 17 1
18 18 1
19 19 1
20 20 1
21 21 1
22 22 1
23 23 1
24 24 1
25 25 1
26 26 1
27 27 1
28 28 1
29 29 1
30 30 1
31 31 1
32 32 1
//Orders
//NbOrders
12
//Idx DueDate TardinessPenalty NbProdInOrder ProdIdx1 Qty1 ProdIdx2 Qty2 ...
1 36000 0 1 1 1
2 72000 0 9 2 1 3 1 4 1 5 1 6 1 7 1 8 1 9 1 10 1
3 126000 0 1 11 1
4 108000 0 2 12 1 13 1
5 144000 0 4 14 1 15 1 16 1 17 1
6 72000 0 1 18 1
7 108000 0 4 19 1 20 1 21 1 22 1
8 126000 0 2 23 1 24 1
9 126000 0 3 25 1 26 1 27 1
10 36000 0 2 28 1 29 1
11 126000 0 2 30 1 31 1
12 72000 0 1 32 1
//Graph (Products are vertices indexed from 1 to NbProducts)
//NbVerticesIntersections
54
//DepartingDepot
0
//ArrivalDepot
87
//Arcs
//Start End Distance
0 33 120
1 54 63
1 55 1168
2 85 37
2 86 1194
3 26 910
3 56 76
4 5 104
4 43 50
5 4 104
5 44 1077
6 27 806
6 28 26
7 73 557
7 74 674
8 40 128
8 41 1103
9 30 260
9 50 869
10 25 91
10 52 245
11 45 492
11 46 739
12 48 466
12 49 765
13 14 442
13 78 89
14 13 442
14 79 700
15 58 219
15 59 1012
16 20 65
16 63 50
17 75 388
17 76 843
18 36 778
18 37 453
19 61 154
19 62 1077
20 16 65
20 64 1116
21 60 128
21 61 1103
22 31 130
22 40 635
23 37 557
23 38 674
24 82 102
24 83 1129
25 10 91
25 53 895
26 3 910
26 55 245
27 6 806
27 77 323
28 6 26
28 76 76
29 67 531
29 68 700
30 9 260
30 49 102
31 22 130
31 39 466
32 66 531
32 67 700
33 34 1231
33 36 48
33 87 120
34 33 1231
34 35 1231
34 37 48
35 34 1231
35 38 48
36 18 778
36 33 48
36 39 48
37 18 453
37 23 557
37 34 48
37 40 48
38 23 674
38 35 48
38 41 48
39 31 466
39 36 48
39 42 48
40 8 128
40 22 635
40 37 48
40 43 48
41 8 1103
41 38 48
41 44 48
42 39 48
42 43 1231
42 45 48
43 4 50
43 40 48
43 42 1231
43 46 48
44 5 1077
44 41 48
44 47 48
45 11 492
45 42 48
45 48 48
46 11 739
46 43 48
46 47 1231
46 49 48
47 44 48
47 46 1231
47 50 48
48 12 466
48 45 48
48 51 48
49 12 765
49 30 102
49 46 48
49 52 48
50 9 869
50 47 48
50 53 48
51 48 48
51 52 1231
51 54 48
52 10 245
52 49 48
52 51 1231
52 55 48
53 25 895
53 50 48
53 56 48
54 1 63
54 51 48
54 57 48
55 1 1168
55 26 245
55 52 48
55 58 48
56 3 76
56 53 48
56 59 48
57 54 48
57 58 1231
57 60 48
58 15 219
58 55 48
58 57 1231
58 61 48
59 15 1012
59 56 48
59 62 48
60 21 128
60 57 48
60 63 48
61 19 154
61 21 1103
61 58 48
61 64 48
62 19 1077
62 59 48
62 65 48
63 16 50
63 60 48
63 66 48
64 20 1116
64 61 48
64 65 1231
64 67 48
65 62 48
65 64 1231
65 68 48
66 32 531
66 63 48
66 69 48
67 29 531
67 32 700
67 64 48
67 70 48
68 29 700
68 65 48
68 71 48
69 66 48
69 70 1231
69 72 48
70 67 48
70 69 1231
70 71 1231
70 73 48
71 68 48
71 70 1231
71 74 48
72 69 48
72 73 1231
72 75 48
73 7 557
73 70 48
73 72 1231
73 76 48
74 7 674
74 71 48
74 77 48
75 17 388
75 72 48
75 78 48
76 17 843
76 28 76
76 73 48
76 79 48
77 27 323
77 74 48
77 80 48
78 13 89
78 75 48
78 81 48
79 14 700
79 76 48
79 80 1231
79 82 48
80 77 48
80 79 1231
80 83 48
81 78 48
81 82 1231
81 84 48
82 24 102
82 79 48
82 81 1231
82 85 48
83 24 1129
83 80 48
83 86 48
84 81 48
84 85 1231
85 2 37
85 82 48
85 84 1231
86 2 1194
86 83 48
//LocStart LocEnd ShortestPath
0 0 0
0 1 519
0 2 2204
0 3 2842
0 4 1545
0 5 1649
0 6 2125
0 7 2532
0 8 1575
0 9 1953
0 10 1884
0 11 804
0 12 826
0 13 929
0 14 1371
0 15 1954
0 16 650
0 17 1180
0 18 946
0 19 1937
0 20 715
0 21 680
0 22 812
0 23 1956
0 24 2221
0 25 1975
0 26 1932
0 27 2931
0 28 2099
0 29 2410
0 30 1693
0 31 682
0 32 1179
0 33 120
0 34 1351
0 35 2582
0 36 168
0 37 1399
0 38 2630
0 39 216
0 40 1447
0 41 2678
0 42 264
0 43 1495
0 44 2726
0 45 312
0 46 1543
0 47 2774
0 48 360
0 49 1591
0 50 2822
0 51 408
0 52 1639
0 53 2870
0 54 456
0 55 1687
0 56 2918
0 57 504
0 58 1735
0 59 2966
0 60 552
0 61 1783
0 62 3014
0 63 600
0 64 1831
0 65 3062
0 66 648
0 67 1879
0 68 3110
0 69 696
0 70 1927
0 71 3158
0 72 744
0 73 1975
0 74 3206
0 75 792
0 76 2023
0 77 3254
0 78 840
0 79 2071
0 80 3302
0 81 888
0 82 2119
0 83 3350
0 84 936
0 85 2167
0 86 3398
0 87 0
1 0 519
1 1 0
1 2 1685
1 3 2323
1 4 1410
1 5 1514
1 6 1606
1 7 2013
1 8 1536
1 9 1626
1 10 1461
1 11 699
1 12 625
1 13 536
1 14 978
1 15 1435
1 16 257
1 17 787
1 18 1129
1 19 1418
1 20 322
1 21 287
1 22 899
1 23 2013
1 24 1702
1 25 1552
1 26 1413
1 27 2412
1 28 1580
1 29 1891
1 30 1366
1 31 769
1 32 786
1 33 399
1 34 1504
1 35 2735
1 36 351
1 37 1456
1 38 2687
1 39 303
1 40 1408
1 41 2639
1 42 255
1 43 1360
1 44 2591
1 45 207
1 46 1312
1 47 2543
1 48 159
1 49 1264
1 50 2495
1 51 111
1 52 1216
1 53 2447
1 54 63
1 55 1168
1 56 2399
1 57 111
1 58 1216
1 59 2447
1 60 159
1 61 1264
1 62 2495
1 63 207
1 64 1312
1 65 2543
1 66 255
1 67 1360
1 68 2591
1 69 303
1 70 1408
1 71 2639
1 72 351
1 73 1456
1 74 2687
1 75 399
1 76 1504
1 77 2735
1 78 447
1 79 1552
1 80 2783
1 81 495
1 82 1600
1 83 2831
1 84 543
1 85 1648
1 86 2879
1 87 519
2 0 2204
2 1 1685
2 2 0
2 3 1672
2 4 759
2 5 863
2 6 283
2 7 786
2 8 885
2 9 975
2 10 810
2 11 1400
2 12 1378
2 13 1275
2 14 833
2 15 688
2 16 1554
2 17 1024
2 18 1258
2 19 575
2 20 1489
2 21 1524
2 22 1392
2 23 1362
2 24 187
2 25 901
2 26 762
2 27 1089
2 28 257
2 29 856
2 30 715
2 31 1522
2 32 1025
2 33 2084
2 34 853
2 35 2010
2 36 2036
2 37 805
2 38 1962
2 39 1988
2 40 757
2 41 1914
2 42 1940
2 43 709
2 44 1866
2 45 1892
2 46 661
2 47 1818
2 48 1844
2 49 613
2 50 1770
2 51 1796
2 52 565
2 53 1722
2 54 1748
2 55 517
2 56 1674
2 57 1700
2 58 469
2 59 1626
2 60 1652
2 61 421
2 62 1578
2 63 1604
2 64 373
2 65 1530
2 66 1556
2 67 325
2 68 1482
2 69 1508
2 70 277
2 71 1434
2 72 1460
2 73 229
2 74 1386
2 75 1412
2 76 181
2 77 1338
2 78 1364
2 79 133
2 80 1290
2 81 1316
2 82 85
2 83 1242
2 84 1268
2 85 37
2 86 1194
2 87 2204
3 0 2842
3 1 2323
3 2 1672
3 3 0
3 4 1397
3 5 1345
3 6 1541
3 7 1038
3 8 1419
3 9 1041
3 10 1110
3 11 2038
3 12 2016
3 13 2681
3 14 2239
3 15 1136
3 16 2480
3 17 2334
3 18 1896
3 19 1249
3 20 2415
3 21 2354
3 22 2030
3 23 1038
3 24 1637
3 25 1019
3 26 910
3 27 735
3 28 1567
3 29 968
3 30 1301
3 31 2160
3 32 2047
3 33 2722
3 34 1491
3 35 412
3 36 2674
3 37 1443
3 38 364
3 39 2626
3 40 1395
3 41 316
3 42 2578
3 43 1347
3 44 268
3 45 2530
3 46 1299
3 47 220
3 48 2482
3 49 1251
3 50 172
3 51 2434
3 52 1203
3 53 124
3 54 2386
3 55 1155
3 56 76
3 57 2434
3 58 1203
3 59 124
3 60 2482
3 61 1251
3 62 172
3 63 2530
3 64 1299
3 65 220
3 66 2578
3 67 1347
3 68 268
3 69 2626
3 70 1395
3 71 316
3 72 2674
3 73 1443
3 74 364
3 75 2722
3 76 1491
3 77 412
3 78 2770
3 79 1539
3 80 460
3 81 2818
3 82 1587
3 83 508
3 84 2866
3 85 1635
3 86 556
3 87 2842
4 0 1545
4 1 1410
4 2 759
4 3 1397
4 4 0
4 5 104
4 6 680
4 7 1087
4 8 226
4 9 508
4 10 439
4 11 837
4 12 911
4 13 1768
4 14 1326
4 15 509
4 16 1567
4 17 1421
4 18 599
4 19 492
4 20 1502
4 21 1441
4 22 733
4 23 703
4 24 776
4 25 530
4 26 487
4 27 1486
4 28 654
4 29 965
4 30 248
4 31 863
4 32 1134
4 33 1425
4 34 194
4 35 1325
4 36 1377
4 37 146
4 38 1277
4 39 1329
4 40 98
4 41 1229
4 42 1281
4 43 50
4 44 1181
4 45 1329
4 46 98
4 47 1229
4 48 1377
4 49 146
4 50 1277
4 51 1425
4 52 194
4 53 1325
4 54 1473
4 55 242
4 56 1373
4 57 1521
4 58 290
4 59 1421
4 60 1569
4 61 338
4 62 1469
4 63 1617
4 64 386
4 65 1517
4 66 1665
4 67 434
4 68 1565
4 69 1713
4 70 482
4 71 1613
4 72 1761
4 73 530
4 74 1661
4 75 1809
4 76 578
4 77 1709
4 78 1857
4 79 626
4 80 1757
4 81 1905
4 82 674
4 83 1805
4 84 1953
4 85 722
4 86 1853
4 87 1545
5 0 1649
5 1 1514
5 2 863
5 3 1345
5 4 104
5 5 0
5 6 784
5 7 1191
5 8 330
5 9 612
5 10 543
5 11 941
5 12 1015
5 13 1872
5 14 1430
5 15 613
5 16 1671
5 17 1525
5 18 703
5 19 596
5 20 1606
5 21 1545
5 22 837
5 23 807
5 24 880
5 25 634
5 26 591
5 27 1590
5 28 758
5 29 1069
5 30 352
5 31 967
5 32 1238
5 33 1529
5 34 298
5 35 1221
5 36 1481
5 37 250
5 38 1173
5 39 1433
5 40 202
5 41 1125
5 42 1385
5 43 154
5 44 1077
5 45 1433
5 46 202
5 47 1125
5 48 1481
5 49 250
5 50 1173
5 51 1529
5 52 298
5 53 1221
5 54 1577
5 55 346
5 56 1269
5 57 1625
5 58 394
5 59 1317
5 60 1673
5 61 442
5 62 1365
5 63 1721
5 64 490
5 65 1413
5 66 1769
5 67 538
5 68 1461
5 69 1817
5 70 586
5 71 1509
5 72 1865
5 73 634
5 74 1557
5 75 1913
5 76 682
5 77 1605
5 78 1961
5 79 730
5 80 1653
5 81 2009
5 82 778
5 83 1701
5 84 2057
5 85 826
5 86 1749
5 87 1649
6 0 2125
6 1 1606
6 2 283
6 3 1541
6 4 680
6 5 784
6 6 0
6 7 707
6 8 806
6 9 896
6 10 731
6 11 1321
6 12 1299
6 13 1292
6 14 850
6 15 609
6 16 1475
6 17 945
6 18 1179
6 19 496
6 20 1410
6 21 1445
6 22 1313
6 23 1283
6 24 300
6 25 822
6 26 683
6 27 806
6 28 26
6 29 777
6 30 636
6 31 1443
6 32 946
6 33 2005
6 34 774
6 35 1801
6 36 1957
6 37 726
6 38 1753
6 39 1909
6 40 678
6 41 1705
6 42 1861
6 43 630
6 44 1657
6 45 1813
6 46 582
6 47 1609
6 48 1765
6 49 534
6 50 1561
6 51 1717
6 52 486
6 53 1513
6 54 1669
6 55 438
6 56 1465
6 57 1621
6 58 390
6 59 1417
6 60 1573
6 61 342
6 62 1369
6 63 1525
6 64 294
6 65 1321
6 66 1477
6 67 246
6 68 1273
6 69 1429
6 70 198
6 71 1225
6 72 1381
6 73 150
6 74 1177
6 75 1333
6 76 102
6 77 1129
6 78 1381
6 79 150
6 80 1177
6 81 1429
6 82 198
6 83 1225
6 84 1477
6 85 246
6 86 1273
6 87 2125
7 0 2532
7 1 2013
7 2 786
7 3 1038
7 4 1087
7 5 1191
7 6 707
7 7 0
7 8 1213
7 9 1303
7 10 1138
7 11 1728
7 12 1706
7 13 1795
7 14 1353
7 15 1016
7 16 1882
7 17 1448
7 18 1586
7 19 903
7 20 1817
7 21 1852
7 22 1720
7 23 1690
7 24 803
7 25 1229
7 26 1090
7 27 1045
7 28 681
7 29 1184
7 30 1043
7 31 1850
7 32 1353
7 33 2412
7 34 1181
7 35 1298
7 36 2364
7 37 1133
7 38 1250
7 39 2316
7 40 1085
7 41 1202
7 42 2268
7 43 1037
7 44 1154
7 45 2220
7 46 989
7 47 1106
7 48 2172
7 49 941
7 50 1058
7 51 2124
7 52 893
7 53 1010
7 54 2076
7 55 845
7 56 962
7 57 2028
7 58 797
7 59 914
7 60 1980
7 61 749
7 62 866
7 63 1932
7 64 701
7 65 818
7 66 1884
7 67 653
7 68 770
7 69 1836
7 70 605
7 71 722
7 72 1788
7 73 557
7 74 674
7 75 1836
7 76 605
7 77 722
7 78 1884
7 79 653
7 80 770
7 81 1932
7 82 701
7 83 818
7 84 1980
7 85 749
7 86 866
7 87 2532
8 0 1575
8 1 1536
8 2 885
8 3 1419
8 4 226
8 5 330
8 6 806
8 7 1213
8 8 0
8 9 634
8 10 565
8 11 963
8 12 1037
8 13 1894
8 14 1452
8 15 635
8 16 1693
8 17 1547
8 18 629
8 19 618
8 20 1628
8 21 1567
8 22 763
8 23 733
8 24 902
8 25 656
8 26 613
8 27 1612
8 28 780
8 29 1091
8 30 374
8 31 893
8 32 1260
8 33 1455
8 34 224
8 35 1199
8 36 1407
8 37 176
8 38 1151
8 39 1359
8 40 128
8 41 1103
8 42 1407
8 43 176
8 44 1151
8 45 1455
8 46 224
8 47 1199
8 48 1503
8 49 272
8 50 1247
8 51 1551
8 52 320
8 53 1295
8 54 1599
8 55 368
8 56 1343
8 57 1647
8 58 416
8 59 1391
8 60 1695
8 61 464
8 62 1439
8 63 1743
8 64 512
8 65 1487
8 66 1791
8 67 560
8 68 1535
8 69 1839
8 70 608
8 71 1583
8 72 1887
8 73 656
8 74 1631
8 75 1935
8 76 704
8 77 1679
8 78 1983
8 79 752
8 80 1727
8 81 2031
8 82 800
8 83 1775
8 84 2079
8 85 848
8 86 1823
8 87 1575
9 0 1953
9 1 1626
9 2 975
9 3 1041
9 4 508
9 5 612
9 6 896
9 7 1303
9 8 634
9 9 0
9 10 655
9 11 1149
9 12 1127
9 13 1984
9 14 1542
9 15 725
9 16 1783
9 17 1637
9 18 1007
9 19 708
9 20 1718
9 21 1657
9 22 1141
9 23 1111
9 24 992
9 25 746
9 26 703
9 27 1624
9 28 870
9 29 1181
9 30 260
9 31 1271
9 32 1350
9 33 1833
9 34 602
9 35 1109
9 36 1785
9 37 554
9 38 1061
9 39 1737
9 40 506
9 41 1013
9 42 1689
9 43 458
9 44 965
9 45 1641
9 46 410
9 47 917
9 48 1593
9 49 362
9 50 869
9 51 1641
9 52 410
9 53 917
9 54 1689
9 55 458
9 56 965
9 57 1737
9 58 506
9 59 1013
9 60 1785
9 61 554
9 62 1061
9 63 1833
9 64 602
9 65 1109
9 66 1881
9 67 650
9 68 1157
9 69 1929
9 70 698
9 71 1205
9 72 1977
9 73 746
9 74 1253
9 75 2025
9 76 794
9 77 1301
9 78 2073
9 79 842
9 80 1349
9 81 2121
9 82 890
9 83 1397
9 84 2169
9 85 938
9 86 1445
9 87 1953
10 0 1884
10 1 1461
10 2 810
10 3 1110
10 4 439
10 5 543
10 6 731
10 7 1138
10 8 565
10 9 655
10 10 0
10 11 1080
10 12 1058
10 13 1819
10 14 1377
10 15 560
10 16 1618
10 17 1472
10 18 938
10 19 543
10 20 1553
10 21 1492
10 22 1072
10 23 1042
10 24 827
10 25 91
10 26 538
10 27 1537
10 28 705
10 29 1016
10 30 395
10 31 1202
10 32 1185
10 33 1764
10 34 533
10 35 1274
10 36 1716
10 37 485
10 38 1226
10 39 1668
10 40 437
10 41 1178
10 42 1620
10 43 389
10 44 1130
10 45 1572
10 46 341
10 47 1082
10 48 1524
10 49 293
10 50 1034
10 51 1476
10 52 245
10 53 986
10 54 1524
10 55 293
10 56 1034
10 57 1572
10 58 341
10 59 1082
10 60 1620
10 61 389
10 62 1130
10 63 1668
10 64 437
10 65 1178
10 66 1716
10 67 485
10 68 1226
10 69 1764
10 70 533
10 71 1274
10 72 1812
10 73 581
10 74 1322
10 75 1860
10 76 629
10 77 1370
10 78 1908
10 79 677
10 80 1418
10 81 1956
10 82 725
10 83 1466
10 84 2004
10 85 773
10 86 1514
10 87 1884
11 0 804
11 1 699
11 2 1400
11 3 2038
11 4 837
11 5 941
11 6 1321
11 7 1728
11 8 963
11 9 1149
11 10 1080
11 11 0
11 12 1006
11 13 1109
11 14 1551
11 15 1150
11 16 830
11 17 1360
11 18 1336
11 19 1133
11 20 895
11 21 860
11 22 1184
11 23 1440
11 24 1417
11 25 1171
11 26 1128
11 27 2127
11 28 1295
11 29 1606
11 30 889
11 31 1054
11 32 1359
11 33 684
11 34 931
11 35 2162
11 36 636
11 37 883
11 38 2114
11 39 588
11 40 835
11 41 2066
11 42 540
11 43 787
11 44 2018
11 45 492
11 46 739
11 47 1970
11 48 540
11 49 787
11 50 2018
11 51 588
11 52 835
11 53 2066
11 54 636
11 55 883
11 56 2114
11 57 684
11 58 931
11 59 2162
11 60 732
11 61 979
11 62 2210
11 63 780
11 64 1027
11 65 2258
11 66 828
11 67 1075
11 68 2306
11 69 876
11 70 1123
11 71 2354
11 72 924
11 73 1171
11 74 2402
11 75 972
11 76 1219
11 77 2450
11 78 1020
11 79 1267
11 80 2498
11 81 1068
11 82 1315
11 83 2546
11 84 1116
11 85 1363
11 86 2594
11 87 804
12 0 826
12 1 625
12 2 1378
12 3 2016
12 4 911
12 5 1015
12 6 1299
12 7 1706
12 8 1037
12 9 1127
12 10 1058
12 11 1006
12 12 0
12 13 1035
12 14 1477
12 15 1128
12 16 756
12 17 1286
12 18 1410
12 19 1111
12 20 821
12 21 786
12 22 1206
12 23 1514
12 24 1395
12 25 1149
12 26 1106
12 27 2105
12 28 1273
12 29 1584
12 30 867
12 31 1076
12 32 1285
12 33 706
12 34 1005
12 35 2236
12 36 658
12 37 957
12 38 2188
12 39 610
12 40 909
12 41 2140
12 42 562
12 43 861
12 44 2092
12 45 514
12 46 813
12 47 2044
12 48 466
12 49 765
12 50 1996
12 51 514
12 52 813
12 53 2044
12 54 562
12 55 861
12 56 2092
12 57 610
12 58 909
12 59 2140
12 60 658
12 61 957
12 62 2188
12 63 706
12 64 1005
12 65 2236
12 66 754
12 67 1053
12 68 2284
12 69 802
12 70 1101
12 71 2332
12 72 850
12 73 1149
12 74 2380
12 75 898
12 76 1197
12 77 2428
12 78 946
12 79 1245
12 80 2476
12 81 994
12 82 1293
12 83 2524
12 84 1042
12 85 1341
12 86 2572
12 87 826
13 0 929
13 1 536
13 2 1275
13 3 2681
13 4 1768
13 5 1872
13 6 1292
13 7 1795
13 8 1894
13 9 1984
13 10 1819
13 11 1109
13 12 1035
13 13 0
13 14 442
13 15 1697
13 16 379
13 17 525
13 18 1539
13 19 1584
13 20 444
13 21 505
13 22 1309
13 23 2371
13 24 1292
13 25 1910
13 26 1771
13 27 2098
13 28 1266
13 29 1865
13 30 1724
13 31 1179
13 32 812
13 33 809
13 34 1862
13 35 3093
13 36 761
13 37 1814
13 38 3045
13 39 713
13 40 1766
13 41 2997
13 42 665
13 43 1718
13 44 2949
13 45 617
13 46 1670
13 47 2901
13 48 569
13 49 1622
13 50 2853
13 51 521
13 52 1574
13 53 2805
13 54 473
13 55 1526
13 56 2757
13 57 425
13 58 1478
13 59 2709
13 60 377
13 61 1430
13 62 2661
13 63 329
13 64 1382
13 65 2613
13 66 281
13 67 1334
13 68 2565
13 69 233
13 70 1286
13 71 2517
13 72 185
13 73 1238
13 74 2469
13 75 137
13 76 1190
13 77 2421
13 78 89
13 79 1142
13 80 2373
13 81 137
13 82 1190
13 83 2421
13 84 185
13 85 1238
13 86 2469
13 87 929
14 0 1371
14 1 978
14 2 833
14 3 2239
14 4 1326
14 5 1430
14 6 850
14 7 1353
14 8 1452
14 9 1542
14 10 1377
14 11 1551
14 12 1477
14 13 442
14 14 0
14 15 1255
14 16 821
14 17 967
14 18 1825
14 19 1142
14 20 886
14 21 947
14 22 1751
14 23 1929
14 24 850
14 25 1468
14 26 1329
14 27 1656
14 28 824
14 29 1423
14 30 1282
14 31 1621
14 32 1254
14 33 1251
14 34 1420
14 35 2651
14 36 1203
14 37 1372
14 38 2603
14 39 1155
14 40 1324
14 41 2555
14 42 1107
14 43 1276
14 44 2507
14 45 1059
14 46 1228
14 47 2459
14 48 1011
14 49 1180
14 50 2411
14 51 963
14 52 1132
14 53 2363
14 54 915
14 55 1084
14 56 2315
14 57 867
14 58 1036
14 59 2267
14 60 819
14 61 988
14 62 2219
14 63 771
14 64 940
14 65 2171
14 66 723
14 67 892
14 68 2123
14 69 675
14 70 844
14 71 2075
14 72 627
14 73 796
14 74 2027
14 75 579
14 76 748
14 77 1979
14 78 531
14 79 700
14 80 1931
14 81 579
14 82 748
14 83 1979
14 84 627
14 85 796
14 86 2027
14 87 1371
15 0 1954
15 1 1435
15 2 688
15 3 1136
15 4 509
15 5 613
15 6 609
15 7 1016
15 8 635
15 9 725
15 10 560
15 11 1150
15 12 1128
15 13 1697
15 14 1255
15 15 0
15 16 1496
15 17 1350
15 18 1008
15 19 421
15 20 1431
15 21 1370
15 22 1142
15 23 1112
15 24 705
15 25 651
15 26 512
15 27 1415
15 28 583
15 29 894
15 30 465
15 31 1272
15 32 1063
15 33 1834
15 34 603
15 35 1396
15 36 1786
15 37 555
15 38 1348
15 39 1738
15 40 507
15 41 1300
15 42 1690
15 43 459
15 44 1252
15 45 1642
15 46 411
15 47 1204
15 48 1594
15 49 363
15 50 1156
15 51 1546
15 52 315
15 53 1108
15 54 1498
15 55 267
15 56 1060
15 57 1450
15 58 219
15 59 1012
15 60 1498
15 61 267
15 62 1060
15 63 1546
15 64 315
15 65 1108
15 66 1594
15 67 363
15 68 1156
15 69 1642
15 70 411
15 71 1204
15 72 1690
15 73 459
15 74 1252
15 75 1738
15 76 507
15 77 1300
15 78 1786
15 79 555
15 80 1348
15 81 1834
15 82 603
15 83 1396
15 84 1882
15 85 651
15 86 1444
15 87 1954
16 0 650
16 1 257
16 2 1554
16 3 2480
16 4 1567
16 5 1671
16 6 1475
16 7 1882
16 8 1693
16 9 1783
16 10 1618
16 11 830
16 12 756
16 13 379
16 14 821
16 15 1496
16 16 0
16 17 630
16 18 1260
16 19 1383
16 20 65
16 21 226
16 22 1030
16 23 2170
16 24 1571
16 25 1709
16 26 1570
16 27 2281
16 28 1449
16 29 1760
16 30 1523
16 31 900
16 32 629
16 33 530
16 34 1661
16 35 2892
16 36 482
16 37 1613
16 38 2844
16 39 434
16 40 1565
16 41 2796
16 42 386
16 43 1517
16 44 2748
16 45 338
16 46 1469
16 47 2700
16 48 290
16 49 1421
16 50 2652
16 51 242
16 52 1373
16 53 2604
16 54 194
16 55 1325
16 56 2556
16 57 146
16 58 1277
16 59 2508
16 60 98
16 61 1229
16 62 2460
16 63 50
16 64 1181
16 65 2412
16 66 98
16 67 1229
16 68 2460
16 69 146
16 70 1277
16 71 2508
16 72 194
16 73 1325
16 74 2556
16 75 242
16 76 1373
16 77 2604
16 78 290
16 79 1421
16 80 2652
16 81 338
16 82 1469
16 83 2700
16 84 386
16 85 1517
16 86 2748
16 87 650
17 0 1180
17 1 787
17 2 1024
17 3 2334
17 4 1421
17 5 1525
17 6 945
17 7 1448
17 8 1547
17 9 1637
17 10 1472
17 11 1360
17 12 1286
17 13 525
17 14 967
17 15 1350
17 16 630
17 17 0
17 18 1790
17 19 1237
17 20 695
17 21 756
17 22 1560
17 23 2024
17 24 1041
17 25 1563
17 26 1424
17 27 1751
17 28 919
17 29 1518
17 30 1377
17 31 1430
17 32 1063
17 33 1060
17 34 1515
17 35 2746
17 36 1012
17 37 1467
17 38 2698
17 39 964
17 40 1419
17 41 2650
17 42 916
17 43 1371
17 44 2602
17 45 868
17 46 1323
17 47 2554
17 48 820
17 49 1275
17 50 2506
17 51 772
17 52 1227
17 53 2458
17 54 724
17 55 1179
17 56 2410
17 57 676
17 58 1131
17 59 2362
17 60 628
17 61 1083
17 62 2314
17 63 580
17 64 1035
17 65 2266
17 66 532
17 67 987
17 68 2218
17 69 484
17 70 939
17 71 2170
17 72 436
17 73 891
17 74 2122
17 75 388
17 76 843
17 77 2074
17 78 436
17 79 891
17 80 2122
17 81 484
17 82 939
17 83 2170
17 84 532
17 85 987
17 86 2218
17 87 1180
18 0 946
18 1 1129
18 2 1258
18 3 1896
18 4 599
18 5 703
18 6 1179
18 7 1586
18 8 629
18 9 1007
18 10 938
18 11 1336
18 12 1410
18 13 1539
18 14 1825
18 15 1008
18 16 1260
18 17 1790
18 18 0
18 19 991
18 20 1325
18 21 1290
18 22 1136
18 23 1010
18 24 1275
18 25 1029
18 26 986
18 27 1985
18 28 1153
18 29 1464
18 30 747
18 31 1266
18 32 1633
18 33 826
18 34 501
18 35 1732
18 36 778
18 37 453
18 38 1684
18 39 826
18 40 501
18 41 1732
18 42 874
18 43 549
18 44 1780
18 45 922
18 46 597
18 47 1828
18 48 970
18 49 645
18 50 1876
18 51 1018
18 52 693
18 53 1924
18 54 1066
18 55 741
18 56 1972
18 57 1114
18 58 789
18 59 2020
18 60 1162
18 61 837
18 62 2068
18 63 1210
18 64 885
18 65 2116
18 66 1258
18 67 933
18 68 2164
18 69 1306
18 70 981
18 71 2212
18 72 1354
18 73 1029
18 74 2260
18 75 1402
18 76 1077
18 77 2308
18 78 1450
18 79 1125
18 80 2356
18 81 1498
18 82 1173
18 83 2404
18 84 1546
18 85 1221
18 86 2452
18 87 946
19 0 1937
19 1 1418
19 2 575
19 3 1249
19 4 492
19 5 596
19 6 496
19 7 903
19 8 618
19 9 708
19 10 543
19 11 1133
19 12 1111
19 13 1584
19 14 1142
19 15 421
19 16 1383
19 17 1237
19 18 991
19 19 0
19 20 1318
19 21 1257
19 22 1125
19 23 1095
19 24 592
19 25 634
19 26 495
19 27 1302
19 28 470
19 29 781
19 30 448
19 31 1255
19 32 950
19 33 1817
19 34 586
19 35 1509
19 36 1769
19 37 538
19 38 1461
19 39 1721
19 40 490
19 41 1413
19 42 1673
19 43 442
19 44 1365
19 45 1625
19 46 394
19 47 1317
19 48 1577
19 49 346
19 50 1269
19 51 1529
19 52 298
19 53 1221
19 54 1481
19 55 250
19 56 1173
19 57 1433
19 58 202
19 59 1125
19 60 1385
19 61 154
19 62 1077
19 63 1433
19 64 202
19 65 1125
19 66 1481
19 67 250
19 68 1173
19 69 1529
19 70 298
19 71 1221
19 72 1577
19 73 346
19 74 1269
19 75 1625
19 76 394
19 77 1317
19 78 1673
19 79 442
19 80 1365
19 81 1721
19 82 490
19 83 1413
19 84 1769
19 85 538
19 86 1461
19 87 1937
20 0 715
20 1 322
20 2 1489
20 3 2415
20 4 1502
20 5 1606
20 6 1410
20 7 1817
20 8 1628
20 9 1718
20 10 1553
20 11 895
20 12 821
20 13 444
20 14 886
20 15 1431
20 16 65
20 17 695
20 18 1325
20 19 1318
20 20 0
20 21 291
20 22 1095
20 23 2105
20 24 1506
20 25 1644
20 26 1505
20 27 2216
20 28 1384
20 29 1695
20 30 1458
20 31 965
20 32 694
20 33 595
20 34 1596
20 35 2827
20 36 547
20 37 1548
20 38 2779
20 39 499
20 40 1500
20 41 2731
20 42 451
20 43 1452
20 44 2683
20 45 403
20 46 1404
20 47 2635
20 48 355
20 49 1356
20 50 2587
20 51 307
20 52 1308
20 53 2539
20 54 259
20 55 1260
20 56 2491
20 57 211
20 58 1212
20 59 2443
20 60 163
20 61 1164
20 62 2395
20 63 115
20 64 1116
20 65 2347
20 66 163
20 67 1164
20 68 2395
20 69 211
20 70 1212
20 71 2443
20 72 259
20 73 1260
20 74 2491
20 75 307
20 76 1308
20 77 2539
20 78 355
20 79 1356
20 80 2587
20 81 403
20 82 1404
20 83 2635
20 84 451
20 85 1452
20 86 2683
20 87 715
21 0 680
21 1 287
21 2 1524
21 3 2354
21 4 1441
21 5 1545
21 6 1445
21 7 1852
21 8 1567
21 9 1657
21 10 1492
21 11 860
21 12 786
21 13 505
21 14 947
21 15 1370
21 16 226
21 17 756
21 18 1290
21 19 1257
21 20 291
21 21 0
21 22 1060
21 23 2044
21 24 1541
21 25 1583
21 26 1444
21 27 2251
21 28 1419
21 29 1730
21 30 1397
21 31 930
21 32 755
21 33 560
21 34 1535
21 35 2766
21 36 512
21 37 1487
21 38 2718
21 39 464
21 40 1439
21 41 2670
21 42 416
21 43 1391
21 44 2622
21 45 368
21 46 1343
21 47 2574
21 48 320
21 49 1295
21 50 2526
21 51 272
21 52 1247
21 53 2478
21 54 224
21 55 1199
21 56 2430
21 57 176
21 58 1151
21 59 2382
21 60 128
21 61 1103
21 62 2334
21 63 176
21 64 1151
21 65 2382
21 66 224
21 67 1199
21 68 2430
21 69 272
21 70 1247
21 71 2478
21 72 320
21 73 1295
21 74 2526
21 75 368
21 76 1343
21 77 2574
21 78 416
21 79 1391
21 80 2622
21 81 464
21 82 1439
21 83 2670
21 84 512
21 85 1487
21 86 2718
21 87 680
22 0 812
22 1 899
22 2 1392
22 3 2030
22 4 733
22 5 837
22 6 1313
22 7 1720
22 8 763
22 9 1141
22 10 1072
22 11 1184
22 12 1206
22 13 1309
22 14 1751
22 15 1142
22 16 1030
22 17 1560
22 18 1136
22 19 1125
22 20 1095
22 21 1060
22 22 0
22 23 1240
22 24 1409
22 25 1163
22 26 1120
22 27 2119
22 28 1287
22 29 1598
22 30 881
22 31 130
22 32 1559
22 33 692
22 34 731
22 35 1962
22 36 644
22 37 683
22 38 1914
22 39 596
22 40 635
22 41 1866
22 42 644
22 43 683
22 44 1914
22 45 692
22 46 731
22 47 1962
22 48 740
22 49 779
22 50 2010
22 51 788
22 52 827
22 53 2058
22 54 836
22 55 875
22 56 2106
22 57 884
22 58 923
22 59 2154
22 60 932
22 61 971
22 62 2202
22 63 980
22 64 1019
22 65 2250
22 66 1028
22 67 1067
22 68 2298
22 69 1076
22 70 1115
22 71 2346
22 72 1124
22 73 1163
22 74 2394
22 75 1172
22 76 1211
22 77 2442
22 78 1220
22 79 1259
22 80 2490
22 81 1268
22 82 1307
22 83 2538
22 84 1316
22 85 1355
22 86 2586
22 87 812
23 0 1956
23 1 2013
23 2 1362
23 3 1038
23 4 703
23 5 807
23 6 1283
23 7 1690
23 8 733
23 9 1111
23 10 1042
23 11 1440
23 12 1514
23 13 2371
23 14 1929
23 15 1112
23 16 2170
23 17 2024
23 18 1010
23 19 1095
23 20 2105
23 21 2044
23 22 1240
23 23 0
23 24 1379
23 25 1133
23 26 1090
23 27 1621
23 28 1257
23 29 1568
23 30 851
23 31 1370
23 32 1737
23 33 1836
23 34 605
23 35 722
23 36 1788
23 37 557
23 38 674
23 39 1836
23 40 605
23 41 722
23 42 1884
23 43 653
23 44 770
23 45 1932
23 46 701
23 47 818
23 48 1980
23 49 749
23 50 866
23 51 2028
23 52 797
23 53 914
23 54 2076
23 55 845
23 56 962
23 57 2124
23 58 893
23 59 1010
23 60 2172
23 61 941
23 62 1058
23 63 2220
23 64 989
23 65 1106
23 66 2268
23 67 1037
23 68 1154
23 69 2316
23 70 1085
23 71 1202
23 72 2364
23 73 1133
23 74 1250
23 75 2412
23 76 1181
23 77 1298
23 78 2460
23 79 1229
23 80 1346
23 81 2508
23 82 1277
23 83 1394
23 84 2556
23 85 1325
23 86 1442
23 87 1956
24 0 2221
24 1 1702
24 2 187
24 3 1637
24 4 776
24 5 880
24 6 300
24 7 803
24 8 902
24 9 992
24 10 827
24 11 1417
24 12 1395
24 13 1292
24 14 850
24 15 705
24 16 1571
24 17 1041
24 18 1275
24 19 592
24 20 1506
24 21 1541
24 22 1409
24 23 1379
24 24 0
24 25 918
24 26 779
24 27 1106
24 28 274
24 29 873
24 30 732
24 31 1539
24 32 1042
24 33 2101
24 34 870
24 35 1897
24 36 2053
24 37 822
24 38 1849
24 39 2005
24 40 774
24 41 1801
24 42 1957
24 43 726
24 44 1753
24 45 1909
24 46 678
24 47 1705
24 48 1861
24 49 630
24 50 1657
24 51 1813
24 52 582
24 53 1609
24 54 1765
24 55 534
24 56 1561
24 57 1717
24 58 486
24 59 1513
24 60 1669
24 61 438
24 62 1465
24 63 1621
24 64 390
24 65 1417
24 66 1573
24 67 342
24 68 1369
24 69 1525
24 70 294
24 71 1321
24 72 1477
24 73 246
24 74 1273
24 75 1429
24 76 198
24 77 1225
24 78 1381
24 79 150
24 80 1177
24 81 1333
24 82 102
24 83 1129
24 84 1381
24 85 150
24 86 1177
24 87 2221
25 0 1975
25 1 1552
25 2 901
25 3 1019
25 4 530
25 5 634
25 6 822
25 7 1229
25 8 656
25 9 746
25 10 91
25 11 1171
25 12 1149
25 13 1910
25 14 1468
25 15 651
25 16 1709
25 17 1563
25 18 1029
25 19 634
25 20 1644
25 21 1583
25 22 1163
25 23 1133
25 24 918
25 25 0
25 26 629
25 27 1602
25 28 796
25 29 1107
25 30 486
25 31 1293
25 32 1276
25 33 1855
25 34 624
25 35 1183
25 36 1807
25 37 576
25 38 1135
25 39 1759
25 40 528
25 41 1087
25 42 1711
25 43 480
25 44 1039
25 45 1663
25 46 432
25 47 991
25 48 1615
25 49 384
25 50 943
25 51 1567
25 52 336
25 53 895
25 54 1615
25 55 384
25 56 943
25 57 1663
25 58 432
25 59 991
25 60 1711
25 61 480
25 62 1039
25 63 1759
25 64 528
25 65 1087
25 66 1807
25 67 576
25 68 1135
25 69 1855
25 70 624
25 71 1183
25 72 1903
25 73 672
25 74 1231
25 75 1951
25 76 720
25 77 1279
25 78 1999
25 79 768
25 80 1327
25 81 2047
25 82 816
25 83 1375
25 84 2095
25 85 864
25 86 1423
25 87 1975
26 0 1932
26 1 1413
26 2 762
26 3 910
26 4 487
26 5 591
26 6 683
26 7 1090
26 8 613
26 9 703
26 10 538
26 11 1128
26 12 1106
26 13 1771
26 14 1329
26 15 512
26 16 1570
26 17 1424
26 18 986
26 19 495
26 20 1505
26 21 1444
26 22 1120
26 23 1090
26 24 779
26 25 629
26 26 0
26 27 1489
26 28 657
26 29 968
26 30 443
26 31 1250
26 32 1137
26 33 1812
26 34 581
26 35 1322
26 36 1764
26 37 533
26 38 1274
26 39 1716
26 40 485
26 41 1226
26 42 1668
26 43 437
26 44 1178
26 45 1620
26 46 389
26 47 1130
26 48 1572
26 49 341
26 50 1082
26 51 1524
26 52 293
26 53 1034
26 54 1476
26 55 245
26 56 986
26 57 1524
26 58 293
26 59 1034
26 60 1572
26 61 341
26 62 1082
26 63 1620
26 64 389
26 65 1130
26 66 1668
26 67 437
26 68 1178
26 69 1716
26 70 485
26 71 1226
26 72 1764
26 73 533
26 74 1274
26 75 1812
26 76 581
26 77 1322
26 78 1860
26 79 629
26 80 1370
26 81 1908
26 82 677
26 83 1418
26 84 1956
26 85 725
26 86 1466
26 87 1932
27 0 2931
27 1 2412
27 2 1089
27 3 735
27 4 1486
27 5 1590
27 6 806
27 7 1045
27 8 1612
27 9 1624
27 10 1537
27 11 2127
27 12 2105
27 13 2098
27 14 1656
27 15 1415
27 16 2281
27 17 1751
27 18 1985
27 19 1302
27 20 2216
27 21 2251
27 22 2119
27 23 1621
27 24 1106
27 25 1602
27 26 1489
27 27 0
27 28 832
27 29 1167
27 30 1442
27 31 2249
27 32 1752
27 33 2811
27 34 1580
27 35 995
27 36 2763
27 37 1532
27 38 947
27 39 2715
27 40 1484
27 41 899
27 42 2667
27 43 1436
27 44 851
27 45 2619
27 46 1388
27 47 803
27 48 2571
27 49 1340
27 50 755
27 51 2523
27 52 1292
27 53 707
27 54 2475
27 55 1244
27 56 659
27 57 2427
27 58 1196
27 59 611
27 60 2379
27 61 1148
27 62 563
27 63 2331
27 64 1100
27 65 515
27 66 2283
27 67 1052
27 68 467
27 69 2235
27 70 1004
27 71 419
27 72 2187
27 73 956
27 74 371
27 75 2139
27 76 908
27 77 323
27 78 2187
27 79 956
27 80 371
27 81 2235
27 82 1004
27 83 419
27 84 2283
27 85 1052
27 86 467
27 87 2931
28 0 2099
28 1 1580
28 2 257
28 3 1567
28 4 654
28 5 758
28 6 26
28 7 681
28 8 780
28 9 870
28 10 705
28 11 1295
28 12 1273
28 13 1266
28 14 824
28 15 583
28 16 1449
28 17 919
28 18 1153
28 19 470
28 20 1384
28 21 1419
28 22 1287
28 23 1257
28 24 274
28 25 796
28 26 657
28 27 832
28 28 0
28 29 751
28 30 610
28 31 1417
28 32 920
28 33 1979
28 34 748
28 35 1827
28 36 1931
28 37 700
28 38 1779
28 39 1883
28 40 652
28 41 1731
28 42 1835
28 43 604
28 44 1683
28 45 1787
28 46 556
28 47 1635
28 48 1739
28 49 508
28 50 1587
28 51 1691
28 52 460
28 53 1539
28 54 1643
28 55 412
28 56 1491
28 57 1595
28 58 364
28 59 1443
28 60 1547
28 61 316
28 62 1395
28 63 1499
28 64 268
28 65 1347
28 66 1451
28 67 220
28 68 1299
28 69 1403
28 70 172
28 71 1251
28 72 1355
28 73 124
28 74 1203
28 75 1307
28 76 76
28 77 1155
28 78 1355
28 79 124
28 80 1203
28 81 1403
28 82 172
28 83 1251
28 84 1451
28 85 220
28 86 1299
28 87 2099
29 0 2410
29 1 1891
29 2 856
29 3 968
29 4 965
29 5 1069
29 6 777
29 7 1184
29 8 1091
29 9 1181
29 10 1016
29 11 1606
29 12 1584
29 13 1865
29 14 1423
29 15 894
29 16 1760
29 17 1518
29 18 1464
29 19 781
29 20 1695
29 21 1730
29 22 1598
29 23 1568
29 24 873
29 25 1107
29 26 968
29 27 1167
29 28 751
29 29 0
29 30 921
29 31 1728
29 32 1231
29 33 2290
29 34 1059
29 35 1228
29 36 2242
29 37 1011
29 38 1180
29 39 2194
29 40 963
29 41 1132
29 42 2146
29 43 915
29 44 1084
29 45 2098
29 46 867
29 47 1036
29 48 2050
29 49 819
29 50 988
29 51 2002
29 52 771
29 53 940
29 54 1954
29 55 723
29 56 892
29 57 1906
29 58 675
29 59 844
29 60 1858
29 61 627
29 62 796
29 63 1810
29 64 579
29 65 748
29 66 1762
29 67 531
29 68 700
29 69 1810
29 70 579
29 71 748
29 72 1858
29 73 627
29 74 796
29 75 1906
29 76 675
29 77 844
29 78 1954
29 79 723
29 80 892
29 81 2002
29 82 771
29 83 940
29 84 2050
29 85 819
29 86 988
29 87 2410
30 0 1693
30 1 1366
30 2 715
30 3 1301
30 4 248
30 5 352
30 6 636
30 7 1043
30 8 374
30 9 260
30 10 395
30 11 889
30 12 867
30 13 1724
30 14 1282
30 15 465
30 16 1523
30 17 1377
30 18 747
30 19 448
30 20 1458
30 21 1397
30 22 881
30 23 851
30 24 732
30 25 486
30 26 443
30 27 1442
30 28 610
30 29 921
30 30 0
30 31 1011
30 32 1090
30 33 1573
30 34 342
30 35 1369
30 36 1525
30 37 294
30 38 1321
30 39 1477
30 40 246
30 41 1273
30 42 1429
30 43 198
30 44 1225
30 45 1381
30 46 150
30 47 1177
30 48 1333
30 49 102
30 50 1129
30 51 1381
30 52 150
30 53 1177
30 54 1429
30 55 198
30 56 1225
30 57 1477
30 58 246
30 59 1273
30 60 1525
30 61 294
30 62 1321
30 63 1573
30 64 342
30 65 1369
30 66 1621
30 67 390
30 68 1417
30 69 1669
30 70 438
30 71 1465
30 72 1717
30 73 486
30 74 1513
30 75 1765
30 76 534
30 77 1561
30 78 1813
30 79 582
30 80 1609
30 81 1861
30 82 630
30 83 1657
30 84 1909
30 85 678
30 86 1705
30 87 1693
31 0 682
31 1 769
31 2 1522
31 3 2160
31 4 863
31 5 967
31 6 1443
31 7 1850
31 8 893
31 9 1271
31 10 1202
31 11 1054
31 12 1076
31 13 1179
31 14 1621
31 15 1272
31 16 900
31 17 1430
31 18 1266
31 19 1255
31 20 965
31 21 930
31 22 130
31 23 1370
31 24 1539
31 25 1293
31 26 1250
31 27 2249
31 28 1417
31 29 1728
31 30 1011
31 31 0
31 32 1429
31 33 562
31 34 861
31 35 2092
31 36 514
31 37 813
31 38 2044
31 39 466
31 40 765
31 41 1996
31 42 514
31 43 813
31 44 2044
31 45 562
31 46 861
31 47 2092
31 48 610
31 49 909
31 50 2140
31 51 658
31 52 957
31 53 2188
31 54 706
31 55 1005
31 56 2236
31 57 754
31 58 1053
31 59 2284
31 60 802
31 61 1101
31 62 2332
31 63 850
31 64 1149
31 65 2380
31 66 898
31 67 1197
31 68 2428
31 69 946
31 70 1245
31 71 2476
31 72 994
31 73 1293
31 74 2524
31 75 1042
31 76 1341
31 77 2572
31 78 1090
31 79 1389
31 80 2620
31 81 1138
31 82 1437
31 83 2668
31 84 1186
31 85 1485
31 86 2716
31 87 682
32 0 1179
32 1 786
32 2 1025
32 3 2047
32 4 1134
32 5 1238
32 6 946
32 7 1353
32 8 1260
32 9 1350
32 10 1185
32 11 1359
32 12 1285
32 13 812
32 14 1254
32 15 1063
32 16 629
32 17 1063
32 18 1633
32 19 950
32 20 694
32 21 755
32 22 1559
32 23 1737
32 24 1042
32 25 1276
32 26 1137
32 27 1752
32 28 920
32 29 1231
32 30 1090
32 31 1429
32 32 0
32 33 1059
32 34 1228
32 35 2459
32 36 1011
32 37 1180
32 38 2411
32 39 963
32 40 1132
32 41 2363
32 42 915
32 43 1084
32 44 2315
32 45 867
32 46 1036
32 47 2267
32 48 819
32 49 988
32 50 2219
32 51 771
32 52 940
32 53 2171
32 54 723
32 55 892
32 56 2123
32 57 675
32 58 844
32 59 2075
32 60 627
32 61 796
32 62 2027
32 63 579
32 64 748
32 65 1979
32 66 531
32 67 700
32 68 1931
32 69 579
32 70 748
32 71 1979
32 72 627
32 73 796
32 74 2027
32 75 675
32 76 844
32 77 2075
32 78 723
32 79 892
32 80 2123
32 81 771
32 82 940
32 83 2171
32 84 819
32 85 988
32 86 2219
32 87 1179
33 0 120
33 1 399
33 2 2084
33 3 2722
33 4 1425
33 5 1529
33 6 2005
33 7 2412
33 8 1455
33 9 1833
33 10 1764
33 11 684
33 12 706
33 13 809
33 14 1251
33 15 1834
33 16 530
33 17 1060
33 18 826
33 19 1817
33 20 595
33 21 560
33 22 692
33 23 1836
33 24 2101
33 25 1855
33 26 1812
33 27 2811
33 28 1979
33 29 2290
33 30 1573
33 31 562
33 32 1059
33 33 0
33 34 1231
33 35 2462
33 36 48
33 37 1279
33 38 2510
33 39 96
33 40 1327
33 41 2558
33 42 144
33 43 1375
33 44 2606
33 45 192
33 46 1423
33 47 2654
33 48 240
33 49 1471
33 50 2702
33 51 288
33 52 1519
33 53 2750
33 54 336
33 55 1567
33 56 2798
33 57 384
33 58 1615
33 59 2846
33 60 432
33 61 1663
33 62 2894
33 63 480
33 64 1711
33 65 2942
33 66 528
33 67 1759
33 68 2990
33 69 576
33 70 1807
33 71 3038
33 72 624
33 73 1855
33 74 3086
33 75 672
33 76 1903
33 77 3134
33 78 720
33 79 1951
33 80 3182
33 81 768
33 82 1999
33 83 3230
33 84 816
33 85 2047
33 86 3278
33 87 120
34 0 1351
34 1 1504
34 2 853
34 3 1491
34 4 194
34 5 298
34 6 774
34 7 1181
34 8 224
34 9 602
34 10 533
34 11 931
34 12 1005
34 13 1862
34 14 1420
34 15 603
34 16 1661
34 17 1515
34 18 501
34 19 586
34 20 1596
34 21 1535
34 22 731
34 23 605
34 24 870
34 25 624
34 26 581
34 27 1580
34 28 748
34 29 1059
34 30 342
34 31 861
34 32 1228
34 33 1231
34 34 0
34 35 1231
34 36 1279
34 37 48
34 38 1279
34 39 1327
34 40 96
34 41 1327
34 42 1375
34 43 144
34 44 1375
34 45 1423
34 46 192
34 47 1423
34 48 1471
34 49 240
34 50 1471
34 51 1519
34 52 288
34 53 1519
34 54 1567
34 55 336
34 56 1567
34 57 1615
34 58 384
34 59 1615
34 60 1663
34 61 432
34 62 1663
34 63 1711
34 64 480
34 65 1711
34 66 1759
34 67 528
34 68 1759
34 69 1807
34 70 576
34 71 1807
34 72 1855
34 73 624
34 74 1855
34 75 1903
34 76 672
34 77 1903
34 78 1951
34 79 720
34 80 1951
34 81 1999
34 82 768
34 83 1999
34 84 2047
34 85 816
34 86 2047
34 87 1351
35 0 2582
35 1 2735
35 2 2010
35 3 412
35 4 1325
35 5 1221
35 6 1801
35 7 1298
35 8 1199
35 9 1109
35 10 1274
35 11 2162
35 12 2236
35 13 3093
35 14 2651
35 15 1396
35 16 2892
35 17 2746
35 18 1732
35 19 1509
35 20 2827
35 21 2766
35 22 1962
35 23 722
35 24 1897
35 25 1183
35 26 1322
35 27 995
35 28 1827
35 29 1228
35 30 1369
35 31 2092
35 32 2459
35 33 2462
35 34 1231
35 35 0
35 36 2510
35 37 1279
35 38 48
35 39 2558
35 40 1327
35 41 96
35 42 2606
35 43 1375
35 44 144
35 45 2654
35 46 1423
35 47 192
35 48 2702
35 49 1471
35 50 240
35 51 2750
35 52 1519
35 53 288
35 54 2798
35 55 1567
35 56 336
35 57 2846
35 58 1615
35 59 384
35 60 2894
35 61 1663
35 62 432
35 63 2942
35 64 1711
35 65 480
35 66 2990
35 67 1759
35 68 528
35 69 3038
35 70 1807
35 71 576
35 72 3086
35 73 1855
35 74 624
35 75 3134
35 76 1903
35 77 672
35 78 3182
35 79 1951
35 80 720
35 81 3230
35 82 1999
35 83 768
35 84 3278
35 85 2047
35 86 816
35 87 2582
36 0 168
36 1 351
36 2 2036
36 3 2674
36 4 1377
36 5 1481
36 6 1957
36 7 2364
36 8 1407
36 9 1785
36 10 1716
36 11 636
36 12 658
36 13 761
36 14 1203
36 15 1786
36 16 482
36 17 1012
36 18 778
36 19 1769
36 20 547
36 21 512
36 22 644
36 23 1788
36 24 2053
36 25 1807
36 26 1764
36 27 2763
36 28 1931
36 29 2242
36 30 1525
36 31 514
36 32 1011
36 33 48
36 34 1279
36 35 2510
36 36 0
36 37 1231
36 38 2462
36 39 48
36 40 1279
36 41 2510
36 42 96
36 43 1327
36 44 2558
36 45 144
36 46 1375
36 47 2606
36 48 192
36 49 1423
36 50 2654
36 51 240
36 52 1471
36 53 2702
36 54 288
36 55 1519
36 56 2750
36 57 336
36 58 1567
36 59 2798
36 60 384
36 61 1615
36 62 2846
36 63 432
36 64 1663
36 65 2894
36 66 480
36 67 1711
36 68 2942
36 69 528
36 70 1759
36 71 2990
36 72 576
36 73 1807
36 74 3038
36 75 624
36 76 1855
36 77 3086
36 78 672
36 79 1903
36 80 3134
36 81 720
36 82 1951
36 83 3182
36 84 768
36 85 1999
36 86 3230
36 87 168
37 0 1399
37 1 1456
37 2 805
37 3 1443
37 4 146
37 5 250
37 6 726
37 7 1133
37 8 176
37 9 554
37 10 485
37 11 883
37 12 957
37 13 1814
37 14 1372
37 15 555
37 16 1613
37 17 1467
37 18 453
37 19 538
37 20 1548
37 21 1487
37 22 683
37 23 557
37 24 822
37 25 576
37 26 533
37 27 1532
37 28 700
37 29 1011
37 30 294
37 31 813
37 32 1180
37 33 1279
37 34 48
37 35 1279
37 36 1231
37 37 0
37 38 1231
37 39 1279
37 40 48
37 41 1279
37 42 1327
37 43 96
37 44 1327
37 45 1375
37 46 144
37 47 1375
37 48 1423
37 49 192
37 50 1423
37 51 1471
37 52 240
37 53 1471
37 54 1519
37 55 288
37 56 1519
37 57 1567
37 58 336
37 59 1567
37 60 1615
37 61 384
37 62 1615
37 63 1663
37 64 432
37 65 1663
37 66 1711
37 67 480
37 68 1711
37 69 1759
37 70 528
37 71 1759
37 72 1807
37 73 576
37 74 1807
37 75 1855
37 76 624
37 77 1855
37 78 1903
37 79 672
37 80 1903
37 81 1951
37 82 720
37 83 1951
37 84 1999
37 85 768
37 86 1999
37 87 1399
38 0 2630
38 1 2687
38 2 1962
38 3 364
38 4 1277
38 5 1173
38 6 1753
38 7 1250
38 8 1151
38 9 1061
38 10 1226
38 11 2114
38 12 2188
38 13 3045
38 14 2603
38 15 1348
38 16 2844
38 17 2698
38 18 1684
38 19 1461
38 20 2779
38 21 2718
38 22 1914
38 23 674
38 24 1849
38 25 1135
38 26 1274
38 27 947
38 28 1779
38 29 1180
38 30 1321
38 31 2044
38 32 2411
38 33 2510
38 34 1279
38 35 48
38 36 2462
38 37 1231
38 38 0
38 39 2510
38 40 1279
38 41 48
38 42 2558
38 43 1327
38 44 96
38 45 2606
38 46 1375
38 47 144
38 48 2654
38 49 1423
38 50 192
38 51 2702
38 52 1471
38 53 240
38 54 2750
38 55 1519
38 56 288
38 57 2798
38 58 1567
38 59 336
38 60 2846
38 61 1615
38 62 384
38 63 2894
38 64 1663
38 65 432
38 66 2942
38 67 1711
38 68 480
38 69 2990
38 70 1759
38 71 528
38 72 3038
38 73 1807
38 74 576
38 75 3086
38 76 1855
38 77 624
38 78 3134
38 79 1903
38 80 672
38 81 3182
38 82 1951
38 83 720
38 84 3230
38 85 1999
38 86 768
38 87 2630
39 0 216
39 1 303
39 2 1988
39 3 2626
39 4 1329
39 5 1433
39 6 1909
39 7 2316
39 8 1359
39 9 1737
39 10 1668
39 11 588
39 12 610
39 13 713
39 14 1155
39 15 1738
39 16 434
39 17 964
39 18 826
39 19 1721
39 20 499
39 21 464
39 22 596
39 23 1836
39 24 2005
39 25 1759
39 26 1716
39 27 2715
39 28 1883
39 29 2194
39 30 1477
39 31 466
39 32 963
39 33 96
39 34 1327
39 35 2558
39 36 48
39 37 1279
39 38 2510
39 39 0
39 40 1231
39 41 2462
39 42 48
39 43 1279
39 44 2510
39 45 96
39 46 1327
39 47 2558
39 48 144
39 49 1375
39 50 2606
39 51 192
39 52 1423
39 53 2654
39 54 240
39 55 1471
39 56 2702
39 57 288
39 58 1519
39 59 2750
39 60 336
39 61 1567
39 62 2798
39 63 384
39 64 1615
39 65 2846
39 66 432
39 67 1663
39 68 2894
39 69 480
39 70 1711
39 71 2942
39 72 528
39 73 1759
39 74 2990
39 75 576
39 76 1807
39 77 3038
39 78 624
39 79 1855
39 80 3086
39 81 672
39 82 1903
39 83 3134
39 84 720
39 85 1951
39 86 3182
39 87 216
40 0 1447
40 1 1408
40 2 757
40 3 1395
40 4 98
40 5 202
40 6 678
40 7 1085
40 8 128
40 9 506
40 10 437
40 11 835
40 12 909
40 13 1766
40 14 1324
40 15 507
40 16 1565
40 17 1419
40 18 501
40 19 490
40 20 1500
40 21 1439
40 22 635
40 23 605
40 24 774
40 25 528
40 26 485
40 27 1484
40 28 652
40 29 963
40 30 246
40 31 765
40 32 1132
40 33 1327
40 34 96
40 35 1327
40 36 1279
40 37 48
40 38 1279
40 39 1231
40 40 0
40 41 1231
40 42 1279
40 43 48
40 44 1279
40 45 1327
40 46 96
40 47 1327
40 48 1375
40 49 144
40 50 1375
40 51 1423
40 52 192
40 53 1423
40 54 1471
40 55 240
40 56 1471
40 57 1519
40 58 288
40 59 1519
40 60 1567
40 61 336
40 62 1567
40 63 1615
40 64 384
40 65 1615
40 66 1663
40 67 432
