//alpha
1
//NbLocations
51
//NbProducts
32
//NbPickers
2
//CapaPicker
8
//TimeToTravelOneDistanceUnit
3
//SetupTime
5400
//PickTime
300
//Products
//Idx Location Size
1 1 1
2 2 1
3 3 1
4 4 1
5 5 1
6 6 1
7 7 1
8 8 1
9 9 1
10 10 1
11 11 1
12 12 1
13 13 1
14 14 1
15 15 1
16 16 1
17 17 1
18 18 1
19 19 1
20 20 1
21 21 1
22 22 1
23 23 1
24 24 1
25 25 1
26 26 1
27 27 1
28 28 1
29 29 1
30 30 1
31 31 1
32 32 1
//Orders
//NbOrders
18
//Idx DueDate TardinessPenalty NbProdInOrder ProdIdx1 Qty1 ProdIdx2 Qty2 ...
1 54000 0 1 1 1
2 36000 0 1 2 1
3 72000 0 1 3 1
4 72000 0 3 4 1 5 1 6 1
5 90000 0 4 7 1 8 1 9 1 10 1
6 54000 0 1 11 1
7 126000 0 1 12 1
8 54000 0 1 13 1
9 90000 0 1 14 1
10 72000 0 1 15 1
11 72000 0 3 16 1 17 1 18 1
12 90000 0 2 19 1 20 1
13 72000 0 3 21 1 22 1 23 1
14 72000 0 2 24 1 25 1
15 36000 0 1 26 1
16 36000 0 3 27 1 28 1 29 1
17 72000 0 2 30 1 31 1
18 144000 0 1 32 1
//Graph (Products are vertices indexed from 1 to NbProducts)
//NbVerticesIntersections
18
//DepartingDepot
0
//ArrivalDepot
51
//Arcs
//Start End Distance
0 33 120
1 20 195
1 43 154
2 33 63
2 34 388
3 4 26
3 15 91
4 3 26
4 46 284
5 9 143
5 16 65
6 7 13
6 21 91
7 6 13
7 22 13
8 17 169
8 49 63
9 5 143
9 41 37
10 13 26
10 47 336
11 19 182
11 31 39
12 26 117
12 49 76
13 10 26
13 46 89
14 27 91
14 35 206
15 3 91
15 45 50
16 5 65
16 24 39
17 8 169
17 25 78
18 19 65
18 37 128
19 11 182
19 18 65
20 1 195
20 42 102
21 6 91
21 40 76
22 7 13
22 28 13
23 24 117
23 40 50
24 16 39
24 23 117
25 17 78
25 50 141
26 12 117
26 48 258
27 14 91
27 34 154
28 22 13
28 39 245
29 32 65
29 37 323
30 43 180
30 44 271
31 11 39
31 36 37
32 29 65
32 38 63
33 2 63
33 36 48
33 51 120
34 2 388
34 27 154
34 37 48
35 14 206
35 38 48
36 31 37
36 33 48
36 39 48
37 18 128
37 29 323
37 34 48
37 40 48
38 32 63
38 35 48
38 41 48
39 28 245
39 36 48
39 42 48
40 21 76
40 23 50
40 37 48
40 43 48
41 9 37
41 38 48
41 44 48
42 20 102
42 39 48
42 45 48
43 1 154
43 30 180
43 40 48
43 46 48
44 30 271
44 41 48
44 47 48
45 15 50
45 42 48
45 48 48
46 4 284
46 13 89
46 43 48
46 49 48
47 10 336
47 44 48
47 50 48
48 26 258
48 45 48
49 8 63
49 12 76
49 46 48
50 25 141
50 47 48
//LocStart LocEnd ShortestPath
0 0 0
0 1 561
0 2 183
0 3 453
0 4 479
0 5 938
0 6 500
0 7 487
0 8 874
0 9 1081
0 10 878
0 11 244
0 12 735
0 13 852
0 14 816
0 15 362
0 16 873
0 17 1043
0 18 491
0 19 426
0 20 366
0 21 591
0 22 474
0 23 717
0 24 834
0 25 1121
0 26 618
0 27 725
0 28 461
0 29 942
0 30 895
0 31 205
0 32 1007
0 33 120
0 34 571
0 35 1022
0 36 168
0 37 619
0 38 1070
0 39 216
0 40 667
0 41 1118
0 42 264
0 43 715
0 44 1166
0 45 312
0 46 763
0 47 1214
0 48 360
0 49 811
0 50 1262
0 51 0
1 0 561
1 1 0
1 2 504
1 3 486
1 4 486
1 5 473
1 6 369
1 7 382
1 8 313
1 9 616
1 10 317
1 11 469
1 12 326
1 13 291
1 14 543
1 15 395
1 16 408
1 17 482
1 18 378
1 19 443
1 20 195
1 21 278
1 22 395
1 23 252
1 24 369
1 25 560
1 26 443
1 27 452
1 28 408
1 29 573
1 30 334
1 31 430
1 32 638
1 33 441
1 34 298
1 35 749
1 36 393
1 37 250
1 38 701
1 39 345
1 40 202
1 41 653
1 42 297
1 43 154
1 44 605
1 45 345
1 46 202
1 47 653
1 48 393
1 49 250
1 50 701
1 51 561
2 0 183
2 1 504
2 2 0
2 3 396
2 4 422
2 5 755
2 6 443
2 7 430
2 8 691
2 9 898
2 10 695
2 11 187
2 12 678
2 13 669
2 14 633
2 15 305
2 16 690
2 17 860
2 18 434
2 19 369
2 20 309
2 21 534
2 22 417
2 23 534
2 24 651
2 25 938
2 26 561
2 27 542
2 28 404
2 29 759
2 30 712
2 31 148
2 32 824
2 33 63
2 34 388
2 35 839
2 36 111
2 37 436
2 38 887
2 39 159
2 40 484
2 41 935
2 42 207
2 43 532
2 44 983
2 45 255
2 46 580
2 47 1031
2 48 303
2 49 628
2 50 1079
2 51 183
3 0 453
3 1 486
3 2 396
3 3 0
3 4 26
3 5 677
3 6 521
3 7 508
3 8 421
3 9 820
3 10 425
3 11 361
3 12 434
3 13 399
3 14 747
3 15 91
3 16 612
3 17 590
3 18 582
3 19 543
3 20 291
3 21 482
3 22 495
3 23 456
3 24 573
3 25 668
3 26 447
3 27 656
3 28 482
3 29 777
3 30 538
3 31 322
3 32 842
3 33 333
3 34 502
3 35 953
3 36 285
3 37 454
3 38 905
3 39 237
3 40 406
3 41 857
3 42 189
3 43 358
3 44 809
3 45 141
3 46 310
3 47 761
3 48 189
3 49 358
3 50 809
3 51 453
4 0 479
4 1 486
4 2 422
4 3 26
4 4 0
4 5 651
4 6 547
4 7 534
4 8 395
4 9 794
4 10 399
4 11 387
4 12 408
4 13 373
4 14 721
4 15 117
4 16 586
4 17 564
4 18 556
4 19 569
4 20 317
4 21 456
4 22 521
4 23 430
4 24 547
4 25 642
4 26 473
4 27 630
4 28 508
4 29 751
4 30 512
4 31 348
4 32 816
4 33 359
4 34 476
4 35 927
4 36 311
4 37 428
4 38 879
4 39 263
4 40 380
4 41 831
4 42 215
4 43 332
4 44 783
4 45 167
4 46 284
4 47 735
4 48 215
4 49 332
4 50 783
4 51 479
5 0 938
5 1 473
5 2 755
5 3 677
5 4 651
5 5 0
5 6 438
5 7 451
5 8 478
5 9 143
5 10 482
5 11 694
5 12 491
5 13 456
5 14 482
5 15 768
5 16 65
5 17 543
5 18 447
5 19 512
5 20 668
5 21 347
5 22 464
5 23 221
5 24 104
5 25 465
5 26 608
5 27 521
5 28 477
5 29 356
5 30 499
5 31 733
5 32 291
5 33 818
5 34 367
5 35 276
5 36 770
5 37 319
5 38 228
5 39 722
5 40 271
5 41 180
5 42 770
5 43 319
5 44 228
5 45 818
5 46 367
5 47 276
5 48 866
5 49 415
5 50 324
5 51 938
6 0 500
6 1 369
6 2 443
6 3 521
6 4 547
6 5 438
6 6 0
6 7 13
6 8 374
6 9 581
6 10 378
6 11 408
6 12 387
6 13 352
6 14 508
6 15 430
6 16 373
6 17 543
6 18 343
6 19 408
6 20 434
6 21 91
6 22 26
6 23 217
6 24 334
6 25 621
6 26 504
6 27 417
6 28 39
6 29 538
6 30 395
6 31 369
6 32 603
6 33 380
6 34 263
6 35 714
6 36 332
6 37 215
6 38 666
6 39 284
6 40 167
6 41 618
6 42 332
6 43 215
6 44 666
6 45 380
6 46 263
6 47 714
6 48 428
6 49 311
6 50 762
6 51 500
7 0 487
7 1 382
7 2 430
7 3 508
7 4 534
7 5 451
7 6 13
7 7 0
7 8 387
7 9 594
7 10 391
7 11 395
7 12 400
7 13 365
7 14 521
7 15 417
7 16 386
7 17 556
7 18 356
7 19 421
7 20 421
7 21 104
7 22 13
7 23 230
7 24 347
7 25 634
7 26 517
7 27 430
7 28 26
7 29 551
7 30 408
7 31 356
7 32 616
7 33 367
7 34 276
7 35 727
7 36 319
7 37 228
7 38 679
7 39 271
7 40 180
7 41 631
7 42 319
7 43 228
7 44 679
7 45 367
7 46 276
7 47 727
7 48 415
7 49 324
7 50 775
7 51 487
8 0 874
8 1 313
8 2 691
8 3 421
8 4 395
8 5 478
8 6 374
8 7 387
8 8 0
8 9 569
8 10 226
8 11 630
8 12 139
8 13 200
8 14 548
8 15 512
8 16 413
8 17 169
8 18 383
8 19 448
8 20 508
8 21 283
8 22 400
8 23 257
8 24 374
8 25 247
8 26 256
8 27 457
8 28 413
8 29 578
8 30 339
8 31 669
8 32 643
8 33 754
8 34 303
8 35 628
8 36 706
8 37 255
8 38 580
8 39 658
8 40 207
8 41 532
8 42 610
8 43 159
8 44 484
8 45 562
8 46 111
8 47 436
8 48 514
8 49 63
8 50 388
8 51 874
9 0 1081
9 1 616
9 2 898
9 3 820
9 4 794
9 5 143
9 6 581
9 7 594
9 8 569
9 9 0
9 10 469
9 11 837
9 12 634
9 13 495
9 14 339
9 15 911
9 16 208
9 17 400
9 18 590
9 19 655
9 20 811
9 21 490
9 22 607
9 23 364
9 24 247
9 25 322
9 26 751
9 27 430
9 28 620
9 29 213
9 30 356
9 31 876
9 32 148
9 33 961
9 34 510
9 35 133
9 36 913
9 37 462
9 38 85
9 39 865
9 40 414
9 41 37
9 42 913
9 43 462
9 44 85
9 45 961
9 46 510
9 47 133
9 48 1009
9 49 558
9 50 181
9 51 1081
10 0 878
10 1 317
10 2 695
10 3 425
10 4 399
10 5 482
10 6 378
10 7 391
10 8 226
10 9 469
10 10 0
10 11 634
10 12 239
10 13 26
10 14 552
10 15 516
10 16 417
10 17 395
10 18 387
10 19 452
10 20 512
10 21 287
10 22 404
10 23 261
10 24 378
10 25 473
10 26 356
10 27 461
10 28 417
10 29 582
10 30 343
10 31 673
10 32 543
10 33 758
10 34 307
10 35 528
10 36 710
10 37 259
10 38 480
10 39 662
10 40 211
10 41 432
10 42 614
10 43 163
10 44 384
10 45 566
10 46 115
10 47 336
10 48 614
10 49 163
10 50 384
10 51 878
11 0 244
11 1 469
11 2 187
11 3 361
11 4 387
11 5 694
11 6 408
11 7 395
11 8 630
11 9 837
11 10 634
11 11 0
11 12 643
11 13 608
11 14 668
11 15 270
11 16 629
11 17 799
11 18 247
11 19 182
11 20 274
11 21 499
11 22 382
11 23 473
11 24 590
11 25 877
11 26 526
11 27 577
11 28 369
11 29 698
11 30 651
11 31 39
11 32 763
11 33 124
11 34 423
11 35 874
11 36 76
11 37 375
11 38 826
11 39 124
11 40 423
11 41 874
11 42 172
11 43 471
11 44 922
11 45 220
11 46 519
11 47 970
11 48 268
11 49 567
11 50 1018
11 51 244
12 0 735
12 1 326
12 2 678
12 3 434
12 4 408
12 5 491
12 6 387
12 7 400
12 8 139
12 9 634
12 10 239
12 11 643
12 12 0
12 13 213
12 14 561
12 15 473
12 16 426
12 17 308
12 18 396
12 19 461
12 20 521
12 21 296
12 22 413
12 23 270
12 24 387
12 25 386
12 26 117
12 27 470
12 28 426
12 29 591
12 30 352
12 31 604
12 32 656
12 33 615
12 34 316
12 35 767
12 36 567
12 37 268
12 38 719
12 39 519
12 40 220
12 41 671
12 42 471
12 43 172
12 44 623
12 45 423
12 46 124
12 47 575
12 48 375
12 49 76
12 50 527
12 51 735
13 0 852
13 1 291
13 2 669
13 3 399
13 4 373
13 5 456
13 6 352
13 7 365
13 8 200
13 9 495
13 10 26
13 11 608
13 12 213
13 13 0
13 14 526
13 15 490
13 16 391
13 17 369
13 18 361
13 19 426
13 20 486
13 21 261
13 22 378
13 23 235
13 24 352
13 25 447
13 26 330
13 27 435
13 28 391
13 29 556
13 30 317
13 31 647
13 32 569
13 33 732
13 34 281
13 35 554
13 36 684
13 37 233
13 38 506
13 39 636
13 40 185
13 41 458
13 42 588
13 43 137
13 44 410
13 45 540
13 46 89
13 47 362
13 48 588
13 49 137
13 50 410
13 51 852
14 0 816
14 1 543
14 2 633
14 3 747
14 4 721
14 5 482
14 6 508
14 7 521
14 8 548
14 9 339
14 10 552
14 11 668
14 12 561
14 13 526
14 14 0
14 15 838
14 16 547
14 17 665
14 18 421
14 19 486
14 20 738
14 21 417
14 22 534
14 23 391
14 24 508
14 25 587
14 26 678
14 27 91
14 28 547
14 29 382
14 30 569
14 31 707
14 32 317
14 33 696
14 34 245
14 35 206
14 36 744
14 37 293
14 38 254
14 39 792
14 40 341
14 41 302
14 42 840
14 43 389
14 44 350
14 45 888
14 46 437
14 47 398
14 48 936
14 49 485
14 50 446
14 51 816
15 0 362
15 1 395
15 2 305
15 3 91
15 4 117
15 5 768
15 6 430
15 7 417
15 8 512
15 9 911
15 10 516
15 11 270
15 12 473
15 13 490
15 14 838
15 15 0
15 16 703
15 17 681
15 18 517
15 19 452
15 20 200
15 21 521
15 22 404
15 23 547
15 24 664
15 25 759
15 26 356
15 27 747
15 28 391
15 29 868
15 30 629
15 31 231
15 32 933
15 33 242
15 34 593
15 35 1044
15 36 194
15 37 545
15 38 996
15 39 146
15 40 497
15 41 948
15 42 98
15 43 449
15 44 900
15 45 50
15 46 401
15 47 852
15 48 98
15 49 449
15 50 900
15 51 362
16 0 873
16 1 408
16 2 690
16 3 612
16 4 586
16 5 65
16 6 373
16 7 386
16 8 413
16 9 208
16 10 417
16 11 629
16 12 426
16 13 391
16 14 547
16 15 703
16 16 0
16 17 582
16 18 382
16 19 447
16 20 603
16 21 282
16 22 399
16 23 156
16 24 39
16 25 530
16 26 543
16 27 456
16 28 412
16 29 421
16 30 434
16 31 668
16 32 356
16 33 753
16 34 302
16 35 341
16 36 705
16 37 254
16 38 293
16 39 657
16 40 206
16 41 245
16 42 705
16 43 254
16 44 293
16 45 753
16 46 302
16 47 341
16 48 801
16 49 350
16 50 389
16 51 873
17 0 1043
17 1 482
17 2 860
17 3 590
17 4 564
17 5 543
17 6 543
17 7 556
17 8 169
17 9 400
17 10 395
17 11 799
17 12 308
17 13 369
17 14 665
17 15 681
17 16 582
17 17 0
17 18 552
17 19 617
17 20 677
17 21 452
17 22 569
17 23 426
17 24 543
17 25 78
17 26 425
17 27 626
17 28 582
17 29 539
17 30 508
17 31 838
17 32 474
17 33 923
17 34 472
17 35 459
17 36 875
17 37 424
17 38 411
17 39 827
17 40 376
17 41 363
17 42 779
17 43 328
17 44 315
17 45 731
17 46 280
17 47 267
17 48 683
17 49 232
17 50 219
17 51 1043
18 0 491
18 1 378
18 2 434
18 3 582
18 4 556
18 5 447
18 6 343
18 7 356
18 8 383
18 9 590
18 10 387
18 11 247
18 12 396
18 13 361
18 14 421
18 15 517
18 16 382
18 17 552
18 18 0
18 19 65
18 20 521
18 21 252
18 22 369
18 23 226
18 24 343
18 25 630
18 26 513
18 27 330
18 28 382
18 29 451
18 30 404
18 31 286
18 32 516
18 33 371
18 34 176
18 35 627
18 36 323
18 37 128
18 38 579
18 39 371
18 40 176
18 41 627
18 42 419
18 43 224
18 44 675
18 45 467
18 46 272
18 47 723
18 48 515
18 49 320
18 50 771
18 51 491
19 0 426
19 1 443
19 2 369
19 3 543
19 4 569
19 5 512
19 6 408
19 7 421
19 8 448
19 9 655
19 10 452
19 11 182
19 12 461
19 13 426
19 14 486
19 15 452
19 16 447
19 17 617
19 18 65
19 19 0
19 20 456
19 21 317
19 22 434
19 23 291
19 24 408
19 25 695
19 26 578
19 27 395
19 28 447
19 29 516
19 30 469
19 31 221
19 32 581
19 33 306
19 34 241
19 35 692
19 36 258
19 37 193
19 38 644
19 39 306
19 40 241
19 41 692
19 42 354
19 43 289
19 44 740
19 45 402
19 46 337
19 47 788
19 48 450
19 49 385
19 50 836
19 51 426
20 0 366
20 1 195
20 2 309
20 3 291
20 4 317
20 5 668
20 6 434
20 7 421
20 8 508
20 9 811
20 10 512
20 11 274
20 12 521
20 13 486
20 14 738
20 15 200
20 16 603
20 17 677
20 18 521
20 19 456
20 20 0
20 21 473
20 22 408
20 23 447
20 24 564
20 25 755
20 26 456
20 27 647
20 28 395
20 29 768
20 30 529
20 31 235
20 32 833
20 33 246
20 34 493
20 35 944
20 36 198
20 37 445
20 38 896
20 39 150
20 40 397
20 41 848
20 42 102
20 43 349
20 44 800
20 45 150
20 46 397
20 47 848
20 48 198
20 49 445
20 50 896
20 51 366
21 0 591
21 1 278
21 2 534
21 3 482
21 4 456
21 5 347
21 6 91
21 7 104
21 8 283
21 9 490
21 10 287
21 11 499
21 12 296
21 13 261
21 14 417
21 15 521
21 16 282
21 17 452
21 18 252
21 19 317
21 20 473
21 21 0
21 22 117
21 23 126
21 24 243
21 25 530
21 26 413
21 27 326
21 28 130
21 29 447
21 30 304
21 31 460
21 32 512
21 33 471
21 34 172
21 35 623
21 36 423
21 37 124
21 38 575
21 39 375
21 40 76
21 41 527
21 42 423
21 43 124
21 44 575
21 45 471
21 46 172
21 47 623
21 48 519
21 49 220
21 50 671
21 51 591
22 0 474
22 1 395
22 2 417
22 3 495
22 4 521
22 5 464
22 6 26
22 7 13
22 8 400
22 9 607
22 10 404
22 11 382
22 12 413
22 13 378
22 14 534
22 15 404
22 16 399
22 17 569
22 18 369
22 19 434
22 20 408
22 21 117
22 22 0
22 23 243
22 24 360
22 25 647
22 26 530
22 27 443
22 28 13
22 29 564
22 30 421
22 31 343
22 32 629
22 33 354
22 34 289
22 35 740
22 36 306
22 37 241
22 38 692
22 39 258
22 40 193
22 41 644
22 42 306
22 43 241
22 44 692
22 45 354
22 46 289
22 47 740
22 48 402
22 49 337
22 50 788
22 51 474
23 0 717
23 1 252
23 2 534
23 3 456
23 4 430
23 5 221
23 6 217
23 7 230
23 8 257
23 9 364
23 10 261
23 11 473
23 12 270
23 13 235
23 14 391
23 15 547
23 16 156
23 17 426
23 18 226
23 19 291
23 20 447
23 21 126
23 22 243
23 23 0
23 24 117
23 25 504
23 26 387
23 27 300
23 28 256
23 29 421
23 30 278
23 31 512
23 32 486
23 33 597
23 34 146
23 35 497
23 36 549
23 37 98
23 38 449
23 39 501
23 40 50
23 41 401
23 42 549
23 43 98
23 44 449
23 45 597
23 46 146
23 47 497
23 48 645
23 49 194
23 50 545
23 51 717
24 0 834
24 1 369
24 2 651
24 3 573
24 4 547
24 5 104
24 6 334
24 7 347
24 8 374
24 9 247
24 10 378
24 11 590
24 12 387
24 13 352
24 14 508
24 15 664
24 16 39
24 17 543
24 18 343
24 19 408
24 20 564
24 21 243
24 22 360
24 23 117
24 24 0
24 25 569
24 26 504
24 27 417
24 28 373
24 29 460
24 30 395
24 31 629
24 32 395
24 33 714
24 34 263
24 35 380
24 36 666
24 37 215
24 38 332
24 39 618
24 40 167
24 41 284
24 42 666
24 43 215
24 44 332
24 45 714
24 46 263
24 47 380
24 48 762
24 49 311
24 50 428
24 51 834
25 0 1121
25 1 560
25 2 938
25 3 668
25 4 642
25 5 465
25 6 621
25 7 634
25 8 247
25 9 322
25 10 473
25 11 877
25 12 386
25 13 447
25 14 587
25 15 759
25 16 530
25 17 78
25 18 630
25 19 695
25 20 755
25 21 530
25 22 647
25 23 504
25 24 569
25 25 0
25 26 503
25 27 678
25 28 660
25 29 461
25 30 508
25 31 916
25 32 396
25 33 1001
25 34 550
25 35 381
25 36 953
25 37 502
25 38 333
25 39 905
25 40 454
25 41 285
25 42 857
25 43 406
25 44 237
25 45 809
25 46 358
25 47 189
25 48 761
25 49 310
25 50 141
25 51 1121
26 0 618
26 1 443
26 2 561
26 3 447
26 4 473
26 5 608
26 6 504
26 7 517
26 8 256
26 9 751
26 10 356
26 11 526
26 12 117
26 13 330
26 14 678
26 15 356
26 16 543
26 17 425
26 18 513
26 19 578
26 20 456
26 21 413
26 22 530
26 23 387
26 24 504
26 25 503
26 26 0
26 27 587
26 28 543
26 29 708
26 30 469
26 31 487
26 32 773
26 33 498
26 34 433
26 35 884
26 36 450
26 37 385
26 38 836
26 39 402
26 40 337
26 41 788
26 42 354
26 43 289
26 44 740
26 45 306
26 46 241
26 47 692
26 48 258
26 49 193
26 50 644
26 51 618
27 0 725
27 1 452
27 2 542
27 3 656
27 4 630
27 5 521
27 6 417
27 7 430
27 8 457
27 9 430
27 10 461
27 11 577
27 12 470
27 13 435
27 14 91
27 15 747
27 16 456
27 17 626
27 18 330
27 19 395
27 20 647
27 21 326
27 22 443
27 23 300
27 24 417
27 25 678
27 26 587
27 27 0
27 28 456
27 29 473
27 30 478
27 31 616
27 32 408
27 33 605
27 34 154
27 35 297
27 36 653
27 37 202
27 38 345
27 39 701
27 40 250
27 41 393
27 42 749
27 43 298
27 44 441
27 45 797
27 46 346
27 47 489
27 48 845
27 49 394
27 50 537
27 51 725
28 0 461
28 1 408
28 2 404
28 3 482
28 4 508
28 5 477
28 6 39
28 7 26
28 8 413
28 9 620
28 10 417
28 11 369
28 12 426
28 13 391
28 14 547
28 15 391
28 16 412
28 17 582
28 18 382
28 19 447
28 20 395
28 21 130
28 22 13
28 23 256
28 24 373
28 25 660
28 26 543
28 27 456
28 28 0
28 29 577
28 30 434
28 31 330
28 32 642
28 33 341
28 34 302
28 35 753
28 36 293
28 37 254
28 38 705
28 39 245
28 40 206
28 41 657
28 42 293
28 43 254
28 44 705
28 45 341
28 46 302
28 47 753
28 48 389
28 49 350
28 50 801
28 51 461
29 0 942
29 1 573
29 2 759
29 3 777
29 4 751
29 5 356
29 6 538
29 7 551
29 8 578
29 9 213
29 10 582
29 11 698
29 12 591
29 13 556
29 14 382
29 15 868
29 16 421
29 17 539
29 18 451
29 19 516
29 20 768
29 21 447
29 22 564
29 23 421
29 24 460
29 25 461
29 26 708
29 27 473
29 28 577
29 29 0
29 30 495
29 31 737
29 32 65
29 33 822
29 34 371
29 35 176
29 36 774
29 37 323
29 38 128
29 39 822
29 40 371
29 41 176
29 42 870
29 43 419
29 44 224
29 45 918
29 46 467
29 47 272
29 48 966
29 49 515
29 50 320
29 51 942
30 0 895
30 1 334
30 2 712
30 3 538
30 4 512
30 5 499
30 6 395
30 7 408
30 8 339
30 9 356
30 10 343
30 11 651
30 12 352
30 13 317
30 14 569
30 15 629
30 16 434
30 17 508
30 18 404
30 19 469
30 20 529
30 21 304
30 22 421
30 23 278
30 24 395
30 25 508
30 26 469
30 27 478
30 28 434
30 29 495
30 30 0
30 31 690
30 32 430
30 33 775
30 34 324
30 35 415
30 36 727
30 37 276
30 38 367
30 39 679
30 40 228
30 41 319
30 42 631
30 43 180
30 44 271
30 45 679
30 46 228
30 47 319
30 48 727
30 49 276
30 50 367
30 51 895
31 0 205
31 1 430
31 2 148
31 3 322
31 4 348
31 5 733
31 6 369
31 7 356
31 8 669
31 9 876
31 10 673
31 11 39
31 12 604
31 13 647
31 14 707
31 15 231
31 16 668
31 17 838
31 18 286
31 19 221
31 20 235
31 21 460
31 22 343
31 23 512
31 24 629
31 25 916
31 26 487
31 27 616
31 28 330
31 29 737
31 30 690
31 31 0
31 32 802
31 33 85
31 34 462
31 35 913
31 36 37
31 37 414
31 38 865
31 39 85
31 40 462
31 41 913
31 42 133
31 43 510
31 44 961
31 45 181
31 46 558
31 47 1009
31 48 229
31 49 606
31 50 1057
31 51 205
32 0 1007
32 1 638
32 2 824
32 3 842
32 4 816
32 5 291
32 6 603
32 7 616
32 8 643
32 9 148
32 10 543
32 11 763
32 12 656
32 13 569
32 14 317
32 15 933
32 16 356
32 17 474
32 18 516
32 19 581
32 20 833
32 21 512
32 22 629
32 23 486
32 24 395
32 25 396
32 26 773
32 27 408
32 28 642
32 29 65
32 30 430
32 31 802
32 32 0
32 33 887
32 34 436
32 35 111
32 36 839
32 37 388
32 38 63
32 39 887
32 40 436
32 41 111
32 42 935
32 43 484
32 44 159
32 45 983
32 46 532
32 47 207
32 48 1031
32 49 580
32 50 255
32 51 1007
33 0 120
33 1 441
33 2 63
33 3 333
33 4 359
33 5 818
33 6 380
33 7 367
33 8 754
33 9 961
33 10 758
33 11 124
33 12 615
33 13 732
33 14 696
33 15 242
33 16 753
33 17 923
33 18 371
33 19 306
33 20 246
33 21 471
33 22 354
33 23 597
33 24 714
33 25 1001
33 26 498
33 27 605
33 28 341
33 29 822
33 30 775
33 31 85
33 32 887
33 33 0
33 34 451
33 35 902
33 36 48
33 37 499
33 38 950
33 39 96
33 40 547
33 41 998
33 42 144
33 43 595
33 44 1046
33 45 192
33 46 643
33 47 1094
33 48 240
33 49 691
33 50 1142
33 51 120
34 0 571
34 1 298
34 2 388
34 3 502
34 4 476
34 5 367
34 6 263
34 7 276
34 8 303
34 9 510
34 10 307
34 11 423
34 12 316
34 13 281
34 14 245
34 15 593
34 16 302
34 17 472
34 18 176
34 19 241
34 20 493
34 21 172
34 22 289
34 23 146
34 24 263
34 25 550
34 26 433
34 27 154
34 28 302
34 29 371
34 30 324
34 31 462
34 32 436
34 33 451
34 34 0
34 35 451
34 36 499
34 37 48
34 38 499
34 39 547
34 40 96
34 41 547
34 42 595
34 43 144
34 44 595
34 45 643
34 46 192
34 47 643
34 48 691
34 49 240
34 50 691
34 51 571
35 0 1022
35 1 749
35 2 839
35 3 953
35 4 927
35 5 276
35 6 714
35 7 727
35 8 628
35 9 133
35 10 528
35 11 874
35 12 767
35 13 554
35 14 206
35 15 1044
35 16 341
35 17 459
35 18 627
35 19 692
35 20 944
35 21 623
35 22 740
35 23 497
35 24 380
35 25 381
35 26 884
35 27 297
35 28 753
35 29 176
35 30 415
35 31 913
35 32 111
35 33 902
35 34 451
35 35 0
35 36 950
35 37 499
35 38 48
35 39 998
35 40 547
35 41 96
35 42 1046
35 43 595
35 44 144
35 45 1094
35 46 643
35 47 192
35 48 1142
35 49 691
35 50 240
35 51 1022
36 0 168
36 1 393
36 2 111
36 3 285
36 4 311
36 5 770
36 6 332
36 7 319
36 8 706
36 9 913
36 10 710
36 11 76
36 12 567
36 13 684
36 14 744
36 15 194
36 16 705
36 17 875
36 18 323
36 19 258
36 20 198
36 21 423
36 22 306
36 23 549
36 24 666
36 25 953
36 26 450
36 27 653
36 28 293
36 29 774
36 30 727
36 31 37
36 32 839
36 33 48
36 34 499
36 35 950
36 36 0
36 37 451
36 38 902
36 39 48
36 40 499
36 41 950
36 42 96
36 43 547
36 44 998
36 45 144
36 46 595
36 47 1046
36 48 192
36 49 643
36 50 1094
36 51 168
37 0 619
37 1 250
37 2 436
37 3 454
37 4 428
37 5 319
37 6 215
37 7 228
37 8 255
37 9 462
37 10 259
37 11 375
37 12 268
37 13 233
37 14 293
37 15 545
37 16 254
37 17 424
37 18 128
37 19 193
37 20 445
37 21 124
37 22 241
37 23 98
37 24 215
37 25 502
37 26 385
37 27 202
37 28 254
37 29 323
37 30 276
37 31 414
37 32 388
37 33 499
37 34 48
37 35 499
37 36 451
37 37 0
37 38 451
37 39 499
37 40 48
37 41 499
37 42 547
37 43 96
37 44 547
37 45 595
37 46 144
37 47 595
37 48 643
37 49 192
37 50 643
37 51 619
38 0 1070
38 1 701
38 2 887
38 3 905
38 4 879
38 5 228
38 6 666
38 7 679
38 8 580
38 9 85
38 10 480
38 11 826
38 12 719
38 13 506
38 14 254
38 15 996
38 16 293
38 17 411
38 18 579
38 19 644
38 20 896
38 21 575
38 22 692
38 23 449
38 24 332
38 25 333
38 26 836
38 27 345
38 28 705
38 29 128
38 30 367
38 31 865
38 32 63
38 33 950
38 34 499
38 35 48
38 36 902
38 37 451
38 38 0
38 39 950
38 40 499
38 41 48
38 42 998
38 43 547
38 44 96
38 45 1046
38 46 595
38 47 144
38 48 1094
38 49 643
38 50 192
38 51 1070
39 0 216
39 1 345
39 2 159
39 3 237
39 4 263
39 5 722
39 6 284
39 7 271
39 8 658
39 9 865
39 10 662
39 11 124
39 12 519
39 13 636
39 14 792
39 15 146
39 16 657
39 17 827
39 18 371
39 19 306
39 20 150
39 21 375
39 22 258
39 23 501
39 24 618
39 25 905
39 26 402
39 27 701
39 28 245
39 29 822
39 30 679
39 31 85
39 32 887
39 33 96
39 34 547
39 35 998
39 36 48
39 37 499
39 38 950
39 39 0
39 40 451
39 41 902
39 42 48
39 43 499
39 44 950
39 45 96
39 46 547
39 47 998
39 48 144
39 49 595
39 50 1046
39 51 216
40 0 667
40 1 202
40 2 484
40 3 406
40 4 380
40 5 271
40 6 167
40 7 180
40 8 207
40 9 414
40 10 211
40 11 423
40 12 220
40 13 185
40 14 341
40 15 497
40 16 206
40 17 376
40 18 176
40 19 241
40 20 397
40 21 76
40 22 193
40 23 50
40 24 167
40 25 454
40 26 337
40 27 250
40 28 206
40 29 371
40 30 228
40 31 462
40 32 436
40 33 547
40 34 96
40 35 547
40 36 499
40 37 48
40 38 499
40 39 451
40 40 0
40 41 451
40 42 499
40 43 48
40 44 499
40 45 547
40 46 96
40 47 547
40 48 595
40 49 144
40 50 595
40 51 667
41 0 1118
41 1 653
41 2 935
41 3 857
41 4 831
41 5 180
41 6 618
41 7 631
41 8 532
41 9 37
41 10 432
41 11 874
41 12 671
41 13 458
41 14 302
41 15 948
41 16 245
41 17 363
41 18 627
41 19 692
41 20 848
41 21 527
41 22 644
41 23 401
41 24 284
41 25 285
41 26 788
41 27 393
41 28 657
41 29 176
41 30 319
41 31 913
41 32 111
41 33 998
41 34 547
41 35 96
41 36 950
41 37 499
41 38 48
41 39 902
41 40 451
41 41 0
41 42 950
41 43 499
41 44 48
41 45 998
41 46 547
41 47 96
41 48 1046
41 49 595
41 50 144
41 51 1118
42 0 264
42 1 297
42 2 207
42 3 189
42 4 215
42 5 770
42 6 332
42 7 319
42 8 610
42 9 913
42 10 614
42 11 172
42 12 471
42 13 588
42 14 840
42 15 98
42 16 705
42 17 779
42 18 419
42 19 354
42 20 102
42 21 423
42 22 306
42 23 549
42 24 666
42 25 857
42 26 354
42 27 749
42 28 293
42 29 870
42 30 631
42 31 133
42 32 935
42 33 144
42 34 595
42 35 1046
42 36 96
42 37 547
42 38 998
42 39 48
42 40 499
42 41 950
42 42 0
42 43 451
42 44 902
42 45 48
42 46 499
42 47 950
42 48 96
42 49 547
42 50 998
42 51 264
43 0 715
43 1 154
43 2 532
43 3 358
43 4 332
43 5 319
43 6 215
43 7 228
43 8 159
43 9 462
43 10 163
43 11 471
43 12 172
43 13 137
43 14 389
43 15 449
43 16 254
43 17 328
43 18 224
43 19 289
43 20 349
43 21 124
43 22 241
43 23 98
43 24 215
43 25 406
43 26 289
43 27 298
43 28 254
43 29 419
43 30 180
43 31 510
43 32 484
43 33 595
43 34 144
43 35 595
43 36 547
43 37 96
43 38 547
43 39 499
43 40 48
43 41 499
43 42 451
43 43 0
43 44 451
43 45 499
43 46 48
43 47 499
43 48 547
43 49 96
43 50 547
43 51 715
44 0 1166
44 1 605
44 2 983
44 3 809
44 4 783
44 5 228
44 6 666
44 7 679
44 8 484
44 9 85
44 10 384
44 11 922
44 12 623
44 13 410
44 14 350
44 15 900
44 16 293
44 17 315
44 18 675
44 19 740
44 20 800
44 21 575
44 22 692
44 23 449
44 24 332
44 25 237
44 26 740
44 27 441
44 28 705
44 29 224
44 30 271
44 31 961
44 32 159
44 33 1046
44 34 595
44 35 144
44 36 998
44 37 547
44 38 96
44 39 950
44 40 499
44 41 48
44 42 902
44 43 451
44 44 0
44 45 950
44 46 499
44 47 48
44 48 998
44 49 547
44 50 96
44 51 1166
45 0 312
45 1 345
45 2 255
45 3 141
45 4 167
45 5 818
45 6 380
45 7 367
45 8 562
45 9 961
45 10 566
45 11 220
45 12 423
45 13 540
45 14 888
45 15 50
45 16 753
45 17 731
45 18 467
45 19 402
45 20 150
45 21 471
45 22 354
45 23 597
45 24 714
45 25 809
45 26 306
45 27 797
45 28 341
45 29 918
45 30 679
45 31 181
45 32 983
45 33 192
45 34 643
45 35 1094
45 36 144
45 37 595
45 38 1046
45 39 96
45 40 547
45 41 998
45 42 48
45 43 499
45 44 950
45 45 0
45 46 451
45 47 902
45 48 48
45 49 499
45 50 950
45 51 312
46 0 763
46 1 202
46 2 580
46 3 310
46 4 284
46 5 367
46 6 263
46 7 276
46 8 111
46 9 510
46 10 115
46 11 519
46 12 124
46 13 89
46 14 437
46 15 401
46 16 302
46 17 280
46 18 272
46 19 337
46 20 397
46 21 172
46 22 289
46 23 146
46 24 263
46 25 358
46 26 241
46 27 346
46 28 302
46 29 467
46 30 228
46 31 558
46 32 532
46 33 643
46 34 192
46 35 643
46 36 595
46 37 144
46 38 595
46 39 547
46 40 96
46 41 547
46 42 499
46 43 48
46 44 499
46 45 451
46 46 0
46 47 451
46 48 499
46 49 48
46 50 499
46 51 763
47 0 1214
47 1 653
47 2 1031
47 3 761
47 4 735
47 5 276
47 6 714
47 7 727
47 8 436
47 9 133
47 10 336
47 11 970
47 12 575
47 13 362
47 14 398
47 15 852
47 16 341
47 17 267
47 18 723
47 19 788
47 20 848
47 21 623
47 22 740
47 23 497
47 24 380
47 25 189
47 26 692
47 27 489
47 28 753
47 29 272
47 30 319
47 31 1009
47 32 207
47 33 1094
47 34 643
47 35 192
47 36 1046
47 37 595
47 38 144
47 39 998
47 40 547
47 41 96
47 42 950
47 43 499
47 44 48
47 45 902
47 46 451
47 47 0
47 48 950
47 49 499
47 50 48
47 51 1214
48 0 360
48 1 393
48 2 303
48 3 189
48 4 215
48 5 866
48 6 428
48 7 415
48 8 514
48 9 1009
48 10 614
48 11 268
48 12 375
48 13 588
48 14 936
48 15 98
48 16 801
48 17 683
48 18 515
48 19 450
48 20 198
48 21 519
48 22 402
48 23 645
48 24 762
48 25 761
48 26 258
48 27 845
48 28 389
48 29 966
48 30 727
48 31 229
48 32 1031
48 33 240
48 34 691
48 35 1142
48 36 192
48 37 643
48 38 1094
48 39 144
48 40 595
48 41 1046
48 42 96
48 43 547
48 44 998
48 45 48
48 46 499
48 47 950
48 48 0
48 49 451
48 50 902
48 51 360
49 0 811
49 1 250
49 2 628
49 3 358
49 4 332
49 5 415
49 6 311
49 7 324
49 8 63
49 9 558
49 10 163
49 11 567
49 12 76
49 13 137
49 14 485
49 15 449
49 16 350
49 17 232
49 18 320
49 19 385
49 20 445
49 21 220
49 22 337
49 23 194
49 24 311
49 25 310
49 26 193
49 27 394
49 28 350
49 29 515
49 30 276
49 31 606
49 32 580
49 33 691
49 34 240
49 35 691
49 36 643
49 37 192
49 38 643
49 39 595
49 40 144
49 41 595
49 42 547
49 43 96
49 44 547
49 45 499
49 46 48
49 47 499
49 48 451
49 49 0
49 50 451
49 51 811
50 0 1262
50 1 701
50 2 1079
50 3 809
50 4 783
50 5 324
50 6 762
50 7 775
50 8 388
50 9 181
50 10 384
50 11 1018
50 12 527
50 13 410
50 14 446
50 15 900
50 16 389
50 17 219
50 18 771
50 19 836
50 20 896
50 21 671
50 22 788
50 23 545
50 24 428
50 25 141
50 26 644
50 27 537
50 28 801
50 29 320
50 30 367
50 31 1057
50 32 255
50 33 1142
50 34 691
50 35 240
50 36 1094
50 37 643
50 38 192
50 39 1046
50 40 595
50 41 144
50 42 998
50 43 547
50 44 96
50 45 950
50 46 499
50 47 48
50 48 902
50 49 451
50 50 0
50 51 1262
51 0 0
51 1 561
51 2 183
51 3 453
51 4 479
51 5 938
51 6 500
51 7 487
51 8 874
51 9 1081
51 10 878
51 11 244
51 12 735
51 13 852
51 14 816
51 15 362
51 16 873
51 17 1043
51 18 491
51 19 426
51 20 366
51 21 591
51 22 474
51 23 717
51 24 834
51 25 1121
51 26 618
51 27 725
51 28 461
51 29 942
51 30 895
51 31 205
51 32 1007
51 33 120
51 34 571
51 35 1022
51 36 168
51 37 619
51 38 1070
51 39 216
51 40 667
51 41 1118
51 42 264
51 43 715
51 44 1166
51 45 312
51 46 763
51 47 1214
51 48 360
51 49 811
51 50 1262
51 51 0
//Location coordinates LocationName
//Loc x y
0 0.0 0.0 "depot"
1 144.0 417.0 "product aisle 3 bloc 0 rank 42"
2 0.0 183.0 "product aisle 0 bloc 0 rank 6"
3 192.0 261.0 "product aisle 4 bloc 0 rank 17"
4 192.0 287.0 "product aisle 4 bloc 0 rank 22"
5 96.0 842.0 "product aisle 2 bloc 1 rank 37"
6 96.0 404.0 "product aisle 2 bloc 0 rank 39"
7 96.0 391.0 "product aisle 2 bloc 0 rank 37"
8 240.0 634.0 "product aisle 5 bloc 1 rank 5"
9 96.0 985.0 "product aisle 2 bloc 1 rank 60"
10 192.0 686.0 "product aisle 4 bloc 1 rank 14"
11 48.0 196.0 "product aisle 1 bloc 0 rank 8"
12 240.0 495.0 "product aisle 5 bloc 0 rank 54"
13 192.0 660.0 "product aisle 4 bloc 1 rank 10"
14 0.0 816.0 "product aisle 0 bloc 1 rank 34"
15 192.0 170.0 "product aisle 4 bloc 0 rank 4"
16 96.0 777.0 "product aisle 2 bloc 1 rank 27"
17 240.0 803.0 "product aisle 5 bloc 1 rank 32"
18 48.0 443.0 "product aisle 1 bloc 0 rank 45"
19 48.0 378.0 "product aisle 1 bloc 0 rank 35"
20 144.0 222.0 "product aisle 3 bloc 0 rank 12"
21 96.0 495.0 "product aisle 2 bloc 0 rank 53"
22 96.0 378.0 "product aisle 2 bloc 0 rank 36"
23 96.0 621.0 "product aisle 2 bloc 1 rank 3"
24 96.0 738.0 "product aisle 2 bloc 1 rank 22"
25 240.0 881.0 "product aisle 5 bloc 1 rank 44"
26 240.0 378.0 "product aisle 5 bloc 0 rank 35"
27 0.0 725.0 "product aisle 0 bloc 1 rank 20"
28 96.0 365.0 "product aisle 2 bloc 0 rank 34"
29 48.0 894.0 "product aisle 1 bloc 1 rank 46"
30 144.0 751.0 "product aisle 3 bloc 1 rank 24"
31 48.0 157.0 "product aisle 1 bloc 0 rank 2"
32 48.0 959.0 "product aisle 1 bloc 1 rank 55"
33 24.0 120.0 "intersection aisle 0 bloc 0 rank 0"
34 24.0 571.0 "intersection aisle 0 bloc 1 rank 1"
35 24.0 1022.0 "intersection aisle 0 bloc 2 rank 2"
36 72.0 120.0 "intersection aisle 1 bloc 0 rank 0"
37 72.0 571.0 "intersection aisle 1 bloc 1 rank 1"
38 72.0 1022.0 "intersection aisle 1 bloc 2 rank 2"
39 120.0 120.0 "intersection aisle 2 bloc 0 rank 0"
40 120.0 571.0 "intersection aisle 2 bloc 1 rank 1"
41 120.0 1022.0 "intersection aisle 2 bloc 2 rank 2"
42 168.0 120.0 "intersection aisle 3 bloc 0 rank 0"
43 168.0 571.0 "intersection aisle 3 bloc 1 rank 1"
44 168.0 1022.0 "intersection aisle 3 bloc 2 rank 2"
45 216.0 120.0 "intersection aisle 4 bloc 0 rank 0"
46 216.0 571.0 "intersection aisle 4 bloc 1 rank 1"
47 216.0 1022.0 "intersection aisle 4 bloc 2 rank 2"
48 264.0 120.0 "intersection aisle 5 bloc 0 rank 0"
49 264.0 571.0 "intersection aisle 5 bloc 1 rank 1"
50 264.0 1022.0 "intersection aisle 5 bloc 2 rank 2"
51 0.0 0.0 "depot"
