//alpha
1
//NbLocations
82
//NbProducts
27
//NbPickers
2
//CapaPicker
12
//TimeToTravelOneDistanceUnit
3
//SetupTime
5400
//PickTime
300
//Products
//Idx Location Size
1 1 1
2 2 1
3 3 1
4 4 1
5 5 1
6 6 1
7 7 1
8 8 1
9 9 1
10 10 1
11 11 1
12 12 1
13 13 1
14 14 1
15 15 1
16 16 1
17 17 1
18 18 1
19 19 1
20 20 1
21 21 1
22 22 1
23 23 1
24 24 1
25 25 1
26 26 1
27 27 1
//Orders
//NbOrders
18
//Idx DueDate TardinessPenalty NbProdInOrder ProdIdx1 Qty1 ProdIdx2 Qty2 ...
1 72000 0 1 1 1
2 90000 0 1 2 1
3 54000 0 1 3 1
4 54000 0 1 4 1
5 108000 0 1 5 1
6 108000 0 1 6 1
7 90000 0 2 7 1 8 1
8 54000 0 2 9 1 10 1
9 90000 0 1 11 1
10 54000 0 2 12 1 13 1
11 54000 0 1 14 1
12 90000 0 1 15 1
13 54000 0 2 16 1 17 1
14 54000 0 1 18 1
15 72000 0 1 19 1
16 54000 0 1 20 1
17 72000 0 5 21 1 22 1 23 1 24 1 25 1
18 72000 0 2 26 1 27 1
//Graph (Products are vertices indexed from 1 to NbProducts)
//NbVerticesIntersections
54
//DepartingDepot
0
//ArrivalDepot
82
//Arcs
//Start End Distance
0 28 120
1 16 117
1 31 37
2 27 39
2 55 128
3 8 208
3 68 674
4 26 494
4 35 89
5 14 65
5 29 63
6 41 141
6 42 1090
7 16 91
7 32 986
8 3 208
8 67 349
9 11 247
9 65 661
10 20 312
10 27 377
11 9 247
11 64 323
12 14 429
12 30 674
13 58 206
13 59 1025
14 5 65
14 12 429
15 32 297
15 33 934
16 1 117
16 7 91
17 53 1155
17 54 76
18 22 39
18 77 1051
19 38 180
19 39 1051
20 10 312
20 56 375
21 28 362
21 29 869
22 18 39
22 76 141
23 50 76
23 51 1155
24 68 219
24 69 1012
25 56 219
25 57 1012
26 4 494
26 36 648
27 2 39
27 10 377
28 21 362
28 31 48
28 82 120
29 5 63
29 21 869
29 32 48
30 12 674
30 33 48
31 1 37
31 28 48
31 34 48
32 7 986
32 15 297
32 29 48
32 35 48
33 15 934
33 30 48
33 36 48
34 31 48
34 35 1231
34 37 48
35 4 89
35 32 48
35 34 1231
35 38 48
36 26 648
36 33 48
36 39 48
37 34 48
37 38 1231
37 40 48
38 19 180
38 35 48
38 37 1231
38 41 48
39 19 1051
39 36 48
39 42 48
40 37 48
40 41 1231
40 43 48
41 6 141
41 38 48
41 40 1231
41 44 48
42 6 1090
42 39 48
42 45 48
43 40 48
43 44 1231
43 46 48
44 41 48
44 43 1231
44 45 1231
44 47 48
45 42 48
45 44 1231
45 48 48
46 43 48
46 47 1231
46 49 48
47 44 48
47 46 1231
47 48 1231
47 50 48
48 45 48
48 47 1231
48 51 48
49 46 48
49 50 1231
49 52 48
50 23 76
50 47 48
50 49 1231
50 53 48
51 23 1155
51 48 48
51 54 48
52 49 48
52 53 1231
52 55 48
53 17 1155
53 50 48
53 52 1231
53 56 48
54 17 76
54 51 48
54 57 48
55 2 128
55 52 48
55 58 48
56 20 375
56 25 219
56 53 48
56 59 48
57 25 1012
57 54 48
57 60 48
58 13 206
58 55 48
58 61 48
59 13 1025
59 56 48
59 60 1231
59 62 48
60 57 48
60 59 1231
60 63 48
61 58 48
61 62 1231
61 64 48
62 59 48
62 61 1231
62 63 1231
62 65 48
63 60 48
63 62 1231
63 66 48
64 11 323
64 61 48
64 67 48
65 9 661
65 62 48
65 66 1231
65 68 48
66 63 48
66 65 1231
66 69 48
67 8 349
67 64 48
67 70 48
68 3 674
68 24 219
68 65 48
68 71 48
69 24 1012
69 66 48
69 72 48
70 67 48
70 71 1231
70 73 48
71 68 48
71 70 1231
71 72 1231
71 74 48
72 69 48
72 71 1231
72 75 48
73 70 48
73 74 1231
73 76 48
74 71 48
74 73 1231
74 75 1231
74 77 48
75 72 48
75 74 1231
75 78 48
76 22 141
76 73 48
76 79 48
77 18 1051
77 74 48
77 78 1231
77 80 48
78 75 48
78 77 1231
78 81 48
79 76 48
79 80 1231
80 77 48
80 79 1231
80 81 1231
81 78 48
81 80 1231
//LocStart LocEnd ShortestPath
0 0 0
0 1 205
0 2 680
0 3 1301
0 4 1536
0 5 1414
0 6 1684
0 7 413
0 8 1093
0 9 1266
0 10 1096
0 11 1019
0 12 1908
0 13 806
0 14 1479
0 15 1696
0 16 322
0 17 2890
0 18 1068
0 19 1675
0 20 1408
0 21 482
0 22 1029
0 23 1763
0 24 2194
0 25 2002
0 26 2030
0 27 719
0 28 120
0 29 1351
0 30 2582
0 31 168
0 32 1399
0 33 2630
0 34 216
0 35 1447
0 36 2678
0 37 264
0 38 1495
0 39 2726
0 40 312
0 41 1543
0 42 2774
0 43 360
0 44 1591
0 45 2822
0 46 408
0 47 1639
0 48 2870
0 49 456
0 50 1687
0 51 2918
0 52 504
0 53 1735
0 54 2966
0 55 552
0 56 1783
0 57 3014
0 58 600
0 59 1831
0 60 3062
0 61 648
0 62 1879
0 63 3110
0 64 696
0 65 1927
0 66 3158
0 67 744
0 68 1975
0 69 3206
0 70 792
0 71 2023
0 72 3254
0 73 840
0 74 2071
0 75 3302
0 76 888
0 77 2119
0 78 3350
0 79 936
0 80 2167
0 81 3398
0 82 0
1 0 205
1 1 0
1 2 549
1 3 1170
1 4 1331
1 5 1305
1 6 1479
1 7 208
1 8 962
1 9 1135
1 10 965
1 11 888
1 12 1799
1 13 675
1 14 1370
1 15 1491
1 16 117
1 17 2685
1 18 937
1 19 1470
1 20 1277
1 21 447
1 22 898
1 23 1558
1 24 1989
1 25 1797
1 26 1825
1 27 588
1 28 85
1 29 1242
1 30 2473
1 31 37
1 32 1194
1 33 2425
1 34 85
1 35 1242
1 36 2473
1 37 133
1 38 1290
1 39 2521
1 40 181
1 41 1338
1 42 2569
1 43 229
1 44 1386
1 45 2617
1 46 277
1 47 1434
1 48 2665
1 49 325
1 50 1482
1 51 2713
1 52 373
1 53 1530
1 54 2761
1 55 421
1 56 1578
1 57 2809
1 58 469
1 59 1626
1 60 2857
1 61 517
1 62 1674
1 63 2905
1 64 565
1 65 1722
1 66 2953
1 67 613
1 68 1770
1 69 3001
1 70 661
1 71 1818
1 72 3049
1 73 709
1 74 1866
1 75 3097
1 76 757
1 77 1914
1 78 3145
1 79 805
1 80 1962
1 81 3193
1 82 205
2 0 680
2 1 549
2 2 0
2 3 877
2 4 1528
2 5 1598
2 6 1484
2 7 757
2 8 669
2 9 842
2 10 416
2 11 595
2 12 2092
2 13 382
2 14 1663
2 15 1784
2 16 666
2 17 2306
2 18 644
2 19 1571
2 20 728
2 21 922
2 22 605
2 23 1275
2 24 1514
2 25 1322
2 26 2022
2 27 39
2 28 560
2 29 1535
2 30 2766
2 31 512
2 32 1487
2 33 2718
2 34 464
2 35 1439
2 36 2670
2 37 416
2 38 1391
2 39 2622
2 40 368
2 41 1343
2 42 2574
2 43 320
2 44 1295
2 45 2526
2 46 272
2 47 1247
2 48 2478
2 49 224
2 50 1199
2 51 2430
2 52 176
2 53 1151
2 54 2382
2 55 128
2 56 1103
2 57 2334
2 58 176
2 59 1151
2 60 2382
2 61 224
2 62 1199
2 63 2430
2 64 272
2 65 1247
2 66 2478
2 67 320
2 68 1295
2 69 2526
2 70 368
2 71 1343
2 72 2574
2 73 416
2 74 1391
2 75 2622
2 76 464
2 77 1439
2 78 2670
2 79 512
2 80 1487
2 81 2718
2 82 680
3 0 1301
3 1 1170
3 2 877
3 3 0
3 4 1291
3 5 1361
3 6 1247
3 7 1378
3 8 208
3 9 1175
3 10 1293
3 11 928
3 12 1855
3 13 907
3 14 1426
3 15 1547
3 16 1287
3 17 2069
3 18 881
3 19 1334
3 20 1241
3 21 1543
3 22 842
3 23 1038
3 24 893
3 25 1085
3 26 1785
3 27 916
3 28 1181
3 29 1298
3 30 2529
3 31 1133
3 32 1250
3 33 2481
3 34 1085
3 35 1202
3 36 2433
3 37 1037
3 38 1154
3 39 2385
3 40 989
3 41 1106
3 42 2337
3 43 941
3 44 1058
3 45 2289
3 46 893
3 47 1010
3 48 2241
3 49 845
3 50 962
3 51 2193
3 52 797
3 53 914
3 54 2145
3 55 749
3 56 866
3 57 2097
3 58 701
3 59 818
3 60 2049
3 61 653
3 62 770
3 63 2001
3 64 605
3 65 722
3 66 1953
3 67 557
3 68 674
3 69 1905
3 70 605
3 71 722
3 72 1953
3 73 653
3 74 770
3 75 2001
3 76 701
3 77 818
3 78 2049
3 79 749
3 80 866
3 81 2097
3 82 1301
4 0 1536
4 1 1331
4 2 1528
4 3 1291
4 4 0
4 5 248
4 6 326
4 7 1123
4 8 1499
4 9 1230
4 10 1112
4 11 1477
4 12 742
4 13 1498
4 14 313
4 15 434
4 16 1214
4 17 1506
4 18 1812
4 19 317
4 20 800
4 21 1054
4 22 1851
4 23 405
4 24 836
4 25 644
4 26 494
4 27 1489
4 28 1416
4 29 185
4 30 1238
4 31 1368
4 32 137
4 33 1190
4 34 1320
4 35 89
4 36 1142
4 37 1368
4 38 137
4 39 1190
4 40 1416
4 41 185
4 42 1238
4 43 1464
4 44 233
4 45 1286
4 46 1512
4 47 281
4 48 1334
4 49 1560
4 50 329
4 51 1382
4 52 1608
4 53 377
4 54 1430
4 55 1656
4 56 425
4 57 1478
4 58 1704
4 59 473
4 60 1526
4 61 1752
4 62 521
4 63 1574
4 64 1800
4 65 569
4 66 1622
4 67 1848
4 68 617
4 69 1670
4 70 1896
4 71 665
4 72 1718
4 73 1944
4 74 713
4 75 1766
4 76 1992
4 77 761
4 78 1814
4 79 2040
4 80 809
4 81 1862
4 82 1536
5 0 1414
5 1 1305
5 2 1598
5 3 1361
5 4 248
5 5 0
5 6 396
5 7 1097
5 8 1569
5 9 1300
5 10 1182
5 11 1547
5 12 494
5 13 1568
5 14 65
5 15 408
5 16 1188
5 17 1602
5 18 1882
5 19 387
5 20 870
5 21 932
5 22 1921
5 23 475
5 24 906
5 25 714
5 26 742
5 27 1559
5 28 1294
5 29 63
5 30 1168
5 31 1342
5 32 111
5 33 1216
5 34 1390
5 35 159
5 36 1264
5 37 1438
5 38 207
5 39 1312
5 40 1486
5 41 255
5 42 1360
5 43 1534
5 44 303
5 45 1408
5 46 1582
5 47 351
5 48 1456
5 49 1630
5 50 399
5 51 1504
5 52 1678
5 53 447
5 54 1552
5 55 1726
5 56 495
5 57 1600
5 58 1774
5 59 543
5 60 1648
5 61 1822
5 62 591
5 63 1696
5 64 1870
5 65 639
5 66 1744
5 67 1918
5 68 687
5 69 1792
5 70 1966
5 71 735
5 72 1840
5 73 2014
5 74 783
5 75 1888
5 76 2062
5 77 831
5 78 1936
5 79 2110
5 80 879
5 81 1984
5 82 1414
6 0 1684
6 1 1479
6 2 1484
6 3 1247
6 4 326
6 5 396
6 6 0
6 7 1271
6 8 1455
6 9 1186
6 10 1068
6 11 1433
6 12 890
6 13 1454
6 14 461
6 15 582
6 16 1362
6 17 1358
6 18 1768
6 19 369
6 20 756
6 21 1202
6 22 1807
6 23 361
6 24 792
6 25 600
6 26 820
6 27 1445
6 28 1564
6 29 333
6 30 1282
6 31 1516
6 32 285
6 33 1234
6 34 1468
6 35 237
6 36 1186
6 37 1420
6 38 189
6 39 1138
6 40 1372
6 41 141
6 42 1090
6 43 1420
6 44 189
6 45 1138
6 46 1468
6 47 237
6 48 1186
6 49 1516
6 50 285
6 51 1234
6 52 1564
6 53 333
6 54 1282
6 55 1612
6 56 381
6 57 1330
6 58 1660
6 59 429
6 60 1378
6 61 1708
6 62 477
6 63 1426
6 64 1756
6 65 525
6 66 1474
6 67 1804
6 68 573
6 69 1522
6 70 1852
6 71 621
6 72 1570
6 73 1900
6 74 669
6 75 1618
6 76 1948
6 77 717
6 78 1666
6 79 1996
6 80 765
6 81 1714
6 82 1684
7 0 413
7 1 208
7 2 757
7 3 1378
7 4 1123
7 5 1097
7 6 1271
7 7 0
7 8 1170
7 9 1343
7 10 1173
7 11 1096
7 12 1591
7 13 883
7 14 1162
7 15 1283
7 16 91
7 17 2477
7 18 1145
7 19 1262
7 20 1485
7 21 655
7 22 1106
7 23 1350
7 24 1781
7 25 1589
7 26 1617
7 27 796
7 28 293
7 29 1034
7 30 2265
7 31 245
7 32 986
7 33 2217
7 34 293
7 35 1034
7 36 2265
7 37 341
7 38 1082
7 39 2313
7 40 389
7 41 1130
7 42 2361
7 43 437
7 44 1178
7 45 2409
7 46 485
7 47 1226
7 48 2457
7 49 533
7 50 1274
7 51 2505
7 52 581
7 53 1322
7 54 2553
7 55 629
7 56 1370
7 57 2601
7 58 677
7 59 1418
7 60 2649
7 61 725
7 62 1466
7 63 2697
7 64 773
7 65 1514
7 66 2745
7 67 821
7 68 1562
7 69 2793
7 70 869
7 71 1610
7 72 2841
7 73 917
7 74 1658
7 75 2889
7 76 965
7 77 1706
7 78 2937
7 79 1013
7 80 1754
7 81 2985
7 82 413
8 0 1093
8 1 962
8 2 669
8 3 208
8 4 1499
8 5 1569
8 6 1455
8 7 1170
8 8 0
8 9 967
8 10 1085
8 11 720
8 12 2063
8 13 699
8 14 1634
8 15 1755
8 16 1079
8 17 2277
8 18 673
8 19 1542
8 20 1397
8 21 1335
8 22 634
8 23 1246
8 24 1101
8 25 1293
8 26 1993
8 27 708
8 28 973
8 29 1506
8 30 2737
8 31 925
8 32 1458
8 33 2689
8 34 877
8 35 1410
8 36 2641
8 37 829
8 38 1362
8 39 2593
8 40 781
8 41 1314
8 42 2545
8 43 733
8 44 1266
8 45 2497
8 46 685
8 47 1218
8 48 2449
8 49 637
8 50 1170
8 51 2401
8 52 589
8 53 1122
8 54 2353
8 55 541
8 56 1074
8 57 2305
8 58 493
8 59 1026
8 60 2257
8 61 445
8 62 978
8 63 2209
8 64 397
8 65 930
8 66 2161
8 67 349
8 68 882
8 69 2113
8 70 397
8 71 930
8 72 2161
8 73 445
8 74 978
8 75 2209
8 76 493
8 77 1026
8 78 2257
8 79 541
8 80 1074
8 81 2305
8 82 1093
9 0 1266
9 1 1135
9 2 842
9 3 1175
9 4 1230
9 5 1300
9 6 1186
9 7 1343
9 8 967
9 9 0
9 10 1258
9 11 247
9 12 1794
9 13 872
9 14 1365
9 15 1486
9 16 1252
9 17 2008
9 18 942
9 19 1273
9 20 1180
9 21 1508
9 22 903
9 23 977
9 24 928
9 25 1024
9 26 1724
9 27 881
9 28 1146
9 29 1237
9 30 2468
9 31 1098
9 32 1189
9 33 2420
9 34 1050
9 35 1141
9 36 2372
9 37 1002
9 38 1093
9 39 2324
9 40 954
9 41 1045
9 42 2276
9 43 906
9 44 997
9 45 2228
9 46 858
9 47 949
9 48 2180
9 49 810
9 50 901
9 51 2132
9 52 762
9 53 853
9 54 2084
9 55 714
9 56 805
9 57 2036
9 58 666
9 59 757
9 60 1988
9 61 618
9 62 709
9 63 1940
9 64 570
9 65 661
9 66 1892
9 67 618
9 68 709
9 69 1940
9 70 666
9 71 757
9 72 1988
9 73 714
9 74 805
9 75 2036
9 76 762
9 77 853
9 78 2084
9 79 810
9 80 901
9 81 2132
9 82 1266
10 0 1096
10 1 965
10 2 416
10 3 1293
10 4 1112
10 5 1182
10 6 1068
10 7 1173
10 8 1085
10 9 1258
10 10 0
10 11 1011
10 12 1676
10 13 798
10 14 1247
10 15 1368
10 16 1082
10 17 1890
10 18 1060
10 19 1155
10 20 312
10 21 1338
10 22 1021
10 23 859
10 24 1098
10 25 906
10 26 1606
10 27 377
10 28 976
10 29 1119
10 30 2350
10 31 928
10 32 1071
10 33 2302
10 34 880
10 35 1023
10 36 2254
10 37 832
10 38 975
10 39 2206
10 40 784
10 41 927
10 42 2158
10 43 736
10 44 879
10 45 2110
10 46 688
10 47 831
10 48 2062
10 49 640
10 50 783
10 51 2014
10 52 592
10 53 735
10 54 1966
10 55 544
10 56 687
10 57 1918
10 58 592
10 59 735
10 60 1966
10 61 640
10 62 783
10 63 2014
10 64 688
10 65 831
10 66 2062
10 67 736
10 68 879
10 69 2110
10 70 784
10 71 927
10 72 2158
10 73 832
10 74 975
10 75 2206
10 76 880
10 77 1023
10 78 2254
10 79 928
10 80 1071
10 81 2302
10 82 1096
11 0 1019
11 1 888
11 2 595
11 3 928
11 4 1477
11 5 1547
11 6 1433
11 7 1096
11 8 720
11 9 247
11 10 1011
11 11 0
11 12 2041
11 13 625
11 14 1612
11 15 1733
11 16 1005
11 17 2255
11 18 695
11 19 1520
11 20 1323
11 21 1261
11 22 656
11 23 1224
11 24 1175
11 25 1271
11 26 1971
11 27 634
11 28 899
11 29 1484
11 30 2715
11 31 851
11 32 1436
11 33 2667
11 34 803
11 35 1388
11 36 2619
11 37 755
11 38 1340
11 39 2571
11 40 707
11 41 1292
11 42 2523
11 43 659
11 44 1244
11 45 2475
11 46 611
11 47 1196
11 48 2427
11 49 563
11 50 1148
11 51 2379
11 52 515
11 53 1100
11 54 2331
11 55 467
11 56 1052
11 57 2283
11 58 419
11 59 1004
11 60 2235
11 61 371
11 62 956
11 63 2187
11 64 323
11 65 908
11 66 2139
11 67 371
11 68 956
11 69 2187
11 70 419
11 71 1004
11 72 2235
11 73 467
11 74 1052
11 75 2283
11 76 515
11 77 1100
11 78 2331
11 79 563
11 80 1148
11 81 2379
11 82 1019
12 0 1908
12 1 1799
12 2 2092
12 3 1855
12 4 742
12 5 494
12 6 890
12 7 1591
12 8 2063
12 9 1794
12 10 1676
12 11 2041
12 12 0
12 13 2062
12 14 429
12 15 902
12 16 1682
12 17 1134
12 18 2376
12 19 881
12 20 1364
12 21 1426
12 22 2415
12 23 969
12 24 1400
12 25 1208
12 26 1236
12 27 2053
12 28 1788
12 29 557
12 30 674
12 31 1836
12 32 605
12 33 722
12 34 1884
12 35 653
12 36 770
12 37 1932
12 38 701
12 39 818
12 40 1980
12 41 749
12 42 866
12 43 2028
12 44 797
12 45 914
12 46 2076
12 47 845
12 48 962
12 49 2124
12 50 893
12 51 1010
12 52 2172
12 53 941
12 54 1058
12 55 2220
12 56 989
12 57 1106
12 58 2268
12 59 1037
12 60 1154
12 61 2316
12 62 1085
12 63 1202
12 64 2364
12 65 1133
12 66 1250
12 67 2412
12 68 1181
12 69 1298
12 70 2460
12 71 1229
12 72 1346
12 73 2508
12 74 1277
12 75 1394
12 76 2556
12 77 1325
12 78 1442
12 79 2604
12 80 1373
12 81 1490
12 82 1908
13 0 806
13 1 675
13 2 382
13 3 907
13 4 1498
13 5 1568
13 6 1454
13 7 883
13 8 699
13 9 872
13 10 798
13 11 625
13 12 2062
13 13 0
13 14 1633
13 15 1754
13 16 792
13 17 2276
13 18 674
13 19 1541
13 20 1110
13 21 1048
13 22 635
13 23 1245
13 24 1388
13 25 1292
13 26 1992
13 27 421
13 28 686
13 29 1505
13 30 2736
13 31 638
13 32 1457
13 33 2688
13 34 590
13 35 1409
13 36 2640
13 37 542
13 38 1361
13 39 2592
13 40 494
13 41 1313
13 42 2544
13 43 446
13 44 1265
13 45 2496
13 46 398
13 47 1217
13 48 2448
13 49 350
13 50 1169
13 51 2400
13 52 302
13 53 1121
13 54 2352
13 55 254
13 56 1073
13 57 2304
13 58 206
13 59 1025
13 60 2256
13 61 254
13 62 1073
13 63 2304
13 64 302
13 65 1121
13 66 2352
13 67 350
13 68 1169
13 69 2400
13 70 398
13 71 1217
13 72 2448
13 73 446
13 74 1265
13 75 2496
13 76 494
13 77 1313
13 78 2544
13 79 542
13 80 1361
13 81 2592
13 82 806
14 0 1479
14 1 1370
14 2 1663
14 3 1426
14 4 313
14 5 65
14 6 461
14 7 1162
14 8 1634
14 9 1365
14 10 1247
14 11 1612
14 12 429
14 13 1633
14 14 0
14 15 473
14 16 1253
14 17 1563
14 18 1947
14 19 452
14 20 935
14 21 997
14 22 1986
14 23 540
14 24 971
14 25 779
14 26 807
14 27 1624
14 28 1359
14 29 128
14 30 1103
14 31 1407
14 32 176
14 33 1151
14 34 1455
14 35 224
14 36 1199
14 37 1503
14 38 272
14 39 1247
14 40 1551
14 41 320
14 42 1295
14 43 1599
14 44 368
14 45 1343
14 46 1647
14 47 416
14 48 1391
14 49 1695
14 50 464
14 51 1439
14 52 1743
14 53 512
14 54 1487
14 55 1791
14 56 560
14 57 1535
14 58 1839
14 59 608
14 60 1583
14 61 1887
14 62 656
14 63 1631
14 64 1935
14 65 704
14 66 1679
14 67 1983
14 68 752
14 69 1727
14 70 2031
14 71 800
14 72 1775
14 73 2079
14 74 848
14 75 1823
14 76 2127
14 77 896
14 78 1871
14 79 2175
14 80 944
14 81 1919
14 82 1479
15 0 1696
15 1 1491
15 2 1784
15 3 1547
15 4 434
15 5 408
15 6 582
15 7 1283
15 8 1755
15 9 1486
15 10 1368
15 11 1733
15 12 902
15 13 1754
15 14 473
15 15 0
15 16 1374
15 17 1346
15 18 2068
15 19 573
15 20 1056
15 21 1214
15 22 2107
15 23 661
15 24 1092
15 25 900
15 26 928
15 27 1745
15 28 1576
15 29 345
15 30 982
15 31 1528
15 32 297
15 33 934
15 34 1576
15 35 345
15 36 982
15 37 1624
15 38 393
15 39 1030
15 40 1672
15 41 441
15 42 1078
15 43 1720
15 44 489
15 45 1126
15 46 1768
15 47 537
15 48 1174
15 49 1816
15 50 585
15 51 1222
15 52 1864
15 53 633
15 54 1270
15 55 1912
15 56 681
15 57 1318
15 58 1960
15 59 729
15 60 1366
15 61 2008
15 62 777
15 63 1414
15 64 2056
15 65 825
15 66 1462
15 67 2104
15 68 873
15 69 1510
15 70 2152
15 71 921
15 72 1558
15 73 2200
15 74 969
15 75 1606
15 76 2248
15 77 1017
15 78 1654
15 79 2296
15 80 1065
15 81 1702
15 82 1696
16 0 322
16 1 117
16 2 666
16 3 1287
16 4 1214
16 5 1188
16 6 1362
16 7 91
16 8 1079
16 9 1252
16 10 1082
16 11 1005
16 12 1682
16 13 792
16 14 1253
16 15 1374
16 16 0
16 17 2568
16 18 1054
16 19 1353
16 20 1394
16 21 564
16 22 1015
16 23 1441
16 24 1872
16 25 1680
16 26 1708
16 27 705
16 28 202
16 29 1125
16 30 2356
16 31 154
16 32 1077
16 33 2308
16 34 202
16 35 1125
16 36 2356
16 37 250
16 38 1173
16 39 2404
16 40 298
16 41 1221
16 42 2452
16 43 346
16 44 1269
16 45 2500
16 46 394
16 47 1317
16 48 2548
16 49 442
16 50 1365
16 51 2596
16 52 490
16 53 1413
16 54 2644
16 55 538
16 56 1461
16 57 2692
16 58 586
16 59 1509
16 60 2740
16 61 634
16 62 1557
16 63 2788
16 64 682
16 65 1605
16 66 2836
16 67 730
16 68 1653
16 69 2884
16 70 778
16 71 1701
16 72 2932
16 73 826
16 74 1749
16 75 2980
16 76 874
16 77 1797
16 78 3028
16 79 922
16 80 1845
16 81 3076
16 82 322
17 0 2890
17 1 2685
17 2 2306
17 3 2069
17 4 1506
17 5 1602
17 6 1358
17 7 2477
17 8 2277
17 9 2008
17 10 1890
17 11 2255
17 12 1134
17 13 2276
17 14 1563
17 15 1346
17 16 2568
17 17 0
17 18 2590
17 19 1367
17 20 1578
17 21 2408
17 22 2629
17 23 1279
17 24 1328
17 25 1136
17 26 1012
17 27 2267
17 28 2770
17 29 1539
17 30 460
17 31 2722
17 32 1491
17 33 412
17 34 2674
17 35 1443
17 36 364
17 37 2626
17 38 1395
17 39 316
17 40 2578
17 41 1347
17 42 268
17 43 2530
17 44 1299
17 45 220
17 46 2482
17 47 1251
17 48 172
17 49 2434
17 50 1203
17 51 124
17 52 2386
17 53 1155
17 54 76
17 55 2434
17 56 1203
17 57 124
17 58 2482
17 59 1251
17 60 172
17 61 2530
17 62 1299
17 63 220
17 64 2578
17 65 1347
17 66 268
17 67 2626
17 68 1395
17 69 316
17 70 2674
17 71 1443
17 72 364
17 73 2722
17 74 1491
17 75 412
17 76 2770
17 77 1539
17 78 460
17 79 2818
17 80 1587
17 81 508
17 82 2890
18 0 1068
18 1 937
18 2 644
18 3 881
18 4 1812
18 5 1882
18 6 1768
18 7 1145
18 8 673
18 9 942
18 10 1060
18 11 695
18 12 2376
18 13 674
18 14 1947
18 15 2068
18 16 1054
18 17 2590
18 18 0
18 19 1855
18 20 1372
18 21 1310
18 22 39
18 23 1559
18 24 1414
18 25 1606
18 26 2306
18 27 683
18 28 948
18 29 1819
18 30 3050
18 31 900
18 32 1771
18 33 3002
18 34 852
18 35 1723
18 36 2954
18 37 804
18 38 1675
18 39 2906
18 40 756
18 41 1627
18 42 2858
18 43 708
18 44 1579
18 45 2810
18 46 660
18 47 1531
18 48 2762
18 49 612
18 50 1483
18 51 2714
18 52 564
18 53 1435
18 54 2666
18 55 516
18 56 1387
18 57 2618
18 58 468
18 59 1339
18 60 2570
18 61 420
18 62 1291
18 63 2522
18 64 372
18 65 1243
18 66 2474
18 67 324
18 68 1195
18 69 2426
18 70 276
18 71 1147
18 72 2378
18 73 228
18 74 1099
18 75 2330
18 76 180
18 77 1051
18 78 2282
18 79 228
18 80 1099
18 81 2330
18 82 1068
19 0 1675
19 1 1470
19 2 1571
19 3 1334
19 4 317
19 5 387
19 6 369
19 7 1262
19 8 1542
19 9 1273
19 10 1155
19 11 1520
19 12 881
19 13 1541
19 14 452
19 15 573
19 16 1353
19 17 1367
19 18 1855
19 19 0
19 20 843
19 21 1193
19 22 1894
19 23 448
19 24 879
19 25 687
19 26 811
19 27 1532
19 28 1555
19 29 324
19 30 1195
19 31 1507
19 32 276
19 33 1147
19 34 1459
19 35 228
19 36 1099
19 37 1411
19 38 180
19 39 1051
19 40 1459
19 41 228
19 42 1099
19 43 1507
19 44 276
19 45 1147
19 46 1555
19 47 324
19 48 1195
19 49 1603
19 50 372
19 51 1243
19 52 1651
19 53 420
19 54 1291
19 55 1699
19 56 468
19 57 1339
19 58 1747
19 59 516
19 60 1387
19 61 1795
19 62 564
19 63 1435
19 64 1843
19 65 612
19 66 1483
19 67 1891
19 68 660
19 69 1531
19 70 1939
19 71 708
19 72 1579
19 73 1987
19 74 756
19 75 1627
19 76 2035
19 77 804
19 78 1675
19 79 2083
19 80 852
19 81 1723
19 82 1675
20 0 1408
20 1 1277
20 2 728
20 3 1241
20 4 800
20 5 870
20 6 756
20 7 1485
20 8 1397
20 9 1180
20 10 312
20 11 1323
20 12 1364
20 13 1110
20 14 935
20 15 1056
20 16 1394
20 17 1578
20 18 1372
20 19 843
20 20 0
20 21 1650
20 22 1333
20 23 547
20 24 786
20 25 594
20 26 1294
20 27 689
20 28 1288
20 29 807
20 30 2038
20 31 1240
20 32 759
20 33 1990
20 34 1192
20 35 711
20 36 1942
20 37 1144
20 38 663
20 39 1894
20 40 1096
20 41 615
20 42 1846
20 43 1048
20 44 567
20 45 1798
20 46 1000
20 47 519
20 48 1750
20 49 952
20 50 471
20 51 1702
20 52 904
20 53 423
20 54 1654
20 55 856
20 56 375
20 57 1606
20 58 904
20 59 423
20 60 1654
20 61 952
20 62 471
20 63 1702
20 64 1000
20 65 519
20 66 1750
20 67 1048
20 68 567
20 69 1798
20 70 1096
20 71 615
20 72 1846
20 73 1144
20 74 663
20 75 1894
20 76 1192
20 77 711
20 78 1942
20 79 1240
20 80 759
20 81 1990
20 82 1408
21 0 482
21 1 447
21 2 922
21 3 1543
21 4 1054
21 5 932
21 6 1202
21 7 655
21 8 1335
21 9 1508
21 10 1338
21 11 1261
21 12 1426
21 13 1048
21 14 997
21 15 1214
21 16 564
21 17 2408
21 18 1310
21 19 1193
21 20 1650
21 21 0
21 22 1271
21 23 1281
21 24 1712
21 25 1520
21 26 1548
21 27 961
21 28 362
21 29 869
21 30 2100
21 31 410
21 32 917
21 33 2148
21 34 458
21 35 965
21 36 2196
21 37 506
21 38 1013
21 39 2244
21 40 554
21 41 1061
21 42 2292
21 43 602
21 44 1109
21 45 2340
21 46 650
21 47 1157
21 48 2388
21 49 698
21 50 1205
21 51 2436
21 52 746
21 53 1253
21 54 2484
21 55 794
21 56 1301
21 57 2532
21 58 842
21 59 1349
21 60 2580
21 61 890
21 62 1397
21 63 2628
21 64 938
21 65 1445
21 66 2676
21 67 986
21 68 1493
21 69 2724
21 70 1034
21 71 1541
21 72 2772
21 73 1082
21 74 1589
21 75 2820
21 76 1130
21 77 1637
21 78 2868
21 79 1178
21 80 1685
21 81 2916
21 82 482
22 0 1029
22 1 898
22 2 605
22 3 842
22 4 1851
22 5 1921
22 6 1807
22 7 1106
22 8 634
22 9 903
22 10 1021
22 11 656
22 12 2415
22 13 635
22 14 1986
22 15 2107
22 16 1015
22 17 2629
22 18 39
22 19 1894
22 20 1333
22 21 1271
22 22 0
22 23 1598
22 24 1453
22 25 1645
22 26 2345
22 27 644
22 28 909
22 29 1858
22 30 3089
22 31 861
22 32 1810
22 33 3041
22 34 813
22 35 1762
22 36 2993
22 37 765
22 38 1714
22 39 2945
22 40 717
22 41 1666
22 42 2897
22 43 669
22 44 1618
22 45 2849
22 46 621
22 47 1570
22 48 2801
22 49 573
22 50 1522
22 51 2753
22 52 525
22 53 1474
22 54 2705
22 55 477
22 56 1426
22 57 2657
22 58 429
22 59 1378
22 60 2609
22 61 381
22 62 1330
22 63 2561
22 64 333
22 65 1282
22 66 2513
22 67 285
22 68 1234
22 69 2465
22 70 237
22 71 1186
22 72 2417
22 73 189
22 74 1138
22 75 2369
22 76 141
22 77 1090
22 78 2321
22 79 189
22 80 1138
22 81 2369
22 82 1029
23 0 1763
23 1 1558
23 2 1275
23 3 1038
23 4 405
23 5 475
23 6 361
23 7 1350
23 8 1246
23 9 977
23 10 859
23 11 1224
23 12 969
23 13 1245
23 14 540
23 15 661
23 16 1441
23 17 1279
23 18 1559
23 19 448
23 20 547
23 21 1281
23 22 1598
23 23 0
23 24 583
23 25 391
23 26 899
23 27 1236
23 28 1643
23 29 412
23 30 1491
23 31 1595
23 32 364
23 33 1443
23 34 1547
23 35 316
23 36 1395
23 37 1499
23 38 268
23 39 1347
23 40 1451
23 41 220
23 42 1299
23 43 1403
23 44 172
23 45 1251
23 46 1355
23 47 124
23 48 1203
23 49 1307
23 50 76
23 51 1155
23 52 1355
23 53 124
23 54 1203
23 55 1403
23 56 172
23 57 1251
23 58 1451
23 59 220
23 60 1299
23 61 1499
23 62 268
23 63 1347
23 64 1547
23 65 316
23 66 1395
23 67 1595
23 68 364
23 69 1443
23 70 1643
23 71 412
23 72 1491
23 73 1691
23 74 460
23 75 1539
23 76 1739
23 77 508
23 78 1587
23 79 1787
23 80 556
23 81 1635
23 82 1763
24 0 2194
24 1 1989
24 2 1514
24 3 893
24 4 836
24 5 906
24 6 792
24 7 1781
24 8 1101
24 9 928
24 10 1098
24 11 1175
24 12 1400
24 13 1388
24 14 971
24 15 1092
24 16 1872
24 17 1328
24 18 1414
24 19 879
24 20 786
24 21 1712
24 22 1453
24 23 583
24 24 0
24 25 630
24 26 1330
24 27 1475
24 28 2074
24 29 843
24 30 1636
24 31 2026
24 32 795
24 33 1588
24 34 1978
24 35 747
24 36 1540
24 37 1930
24 38 699
24 39 1492
24 40 1882
24 41 651
24 42 1444
24 43 1834
24 44 603
24 45 1396
24 46 1786
24 47 555
24 48 1348
24 49 1738
24 50 507
24 51 1300
24 52 1690
24 53 459
24 54 1252
24 55 1642
24 56 411
24 57 1204
24 58 1594
24 59 363
24 60 1156
24 61 1546
24 62 315
24 63 1108
24 64 1498
24 65 267
24 66 1060
24 67 1450
24 68 219
24 69 1012
24 70 1498
24 71 267
24 72 1060
24 73 1546
24 74 315
24 75 1108
24 76 1594
24 77 363
24 78 1156
24 79 1642
24 80 411
24 81 1204
24 82 2194
25 0 2002
25 1 1797
25 2 1322
25 3 1085
25 4 644
25 5 714
25 6 600
25 7 1589
25 8 1293
25 9 1024
25 10 906
25 11 1271
25 12 1208
25 13 1292
25 14 779
25 15 900
25 16 1680
25 17 1136
25 18 1606
25 19 687
25 20 594
25 21 1520
25 22 1645
25 23 391
25 24 630
25 25 0
25 26 1138
25 27 1283
25 28 1882
25 29 651
25 30 1444
25 31 1834
25 32 603
25 33 1396
25 34 1786
25 35 555
25 36 1348
25 37 1738
25 38 507
25 39 1300
25 40 1690
25 41 459
25 42 1252
25 43 1642
25 44 411
25 45 1204
25 46 1594
25 47 363
25 48 1156
25 49 1546
25 50 315
25 51 1108
25 52 1498
25 53 267
25 54 1060
25 55 1450
25 56 219
25 57 1012
25 58 1498
25 59 267
25 60 1060
25 61 1546
25 62 315
25 63 1108
25 64 1594
25 65 363
25 66 1156
25 67 1642
25 68 411
25 69 1204
25 70 1690
25 71 459
25 72 1252
25 73 1738
25 74 507
25 75 1300
25 76 1786
25 77 555
25 78 1348
25 79 1834
25 80 603
25 81 1396
25 82 2002
26 0 2030
26 1 1825
26 2 2022
26 3 1785
26 4 494
26 5 742
26 6 820
26 7 1617
26 8 1993
26 9 1724
26 10 1606
26 11 1971
26 12 1236
26 13 1992
26 14 807
26 15 928
26 16 1708
26 17 1012
26 18 2306
26 19 811
26 20 1294
26 21 1548
26 22 2345
26 23 899
26 24 1330
26 25 1138
26 26 0
26 27 1983
26 28 1910
26 29 679
26 30 744
26 31 1862
26 32 631
26 33 696
26 34 1814
26 35 583
26 36 648
26 37 1862
26 38 631
26 39 696
26 40 1910
26 41 679
26 42 744
26 43 1958
26 44 727
26 45 792
26 46 2006
26 47 775
26 48 840
26 49 2054
26 50 823
26 51 888
26 52 2102
26 53 871
26 54 936
26 55 2150
26 56 919
26 57 984
26 58 2198
26 59 967
26 60 1032
26 61 2246
26 62 1015
26 63 1080
26 64 2294
26 65 1063
26 66 1128
26 67 2342
26 68 1111
26 69 1176
26 70 2390
26 71 1159
26 72 1224
26 73 2438
26 74 1207
26 75 1272
26 76 2486
26 77 1255
26 78 1320
26 79 2534
26 80 1303
26 81 1368
26 82 2030
27 0 719
27 1 588
27 2 39
27 3 916
27 4 1489
27 5 1559
27 6 1445
27 7 796
27 8 708
27 9 881
27 10 377
27 11 634
27 12 2053
27 13 421
27 14 1624
27 15 1745
27 16 705
27 17 2267
27 18 683
27 19 1532
27 20 689
27 21 961
27 22 644
27 23 1236
27 24 1475
27 25 1283
27 26 1983
27 27 0
27 28 599
27 29 1496
27 30 2727
27 31 551
27 32 1448
27 33 2679
27 34 503
27 35 1400
27 36 2631
27 37 455
27 38 1352
27 39 2583
27 40 407
27 41 1304
27 42 2535
27 43 359
27 44 1256
27 45 2487
27 46 311
27 47 1208
27 48 2439
27 49 263
27 50 1160
27 51 2391
27 52 215
27 53 1112
27 54 2343
27 55 167
27 56 1064
27 57 2295
27 58 215
27 59 1112
27 60 2343
27 61 263
27 62 1160
27 63 2391
27 64 311
27 65 1208
27 66 2439
27 67 359
27 68 1256
27 69 2487
27 70 407
27 71 1304
27 72 2535
27 73 455
27 74 1352
27 75 2583
27 76 503
27 77 1400
27 78 2631
27 79 551
27 80 1448
27 81 2679
27 82 719
28 0 120
28 1 85
28 2 560
28 3 1181
28 4 1416
28 5 1294
28 6 1564
28 7 293
28 8 973
28 9 1146
28 10 976
28 11 899
28 12 1788
28 13 686
28 14 1359
28 15 1576
28 16 202
28 17 2770
28 18 948
28 19 1555
28 20 1288
28 21 362
28 22 909
28 23 1643
28 24 2074
28 25 1882
28 26 1910
28 27 599
28 28 0
28 29 1231
28 30 2462
28 31 48
28 32 1279
28 33 2510
28 34 96
28 35 1327
28 36 2558
28 37 144
28 38 1375
28 39 2606
28 40 192
28 41 1423
28 42 2654
28 43 240
28 44 1471
28 45 2702
28 46 288
28 47 1519
28 48 2750
28 49 336
28 50 1567
28 51 2798
28 52 384
28 53 1615
28 54 2846
28 55 432
28 56 1663
28 57 2894
28 58 480
28 59 1711
28 60 2942
28 61 528
28 62 1759
28 63 2990
28 64 576
28 65 1807
28 66 3038
28 67 624
28 68 1855
28 69 3086
28 70 672
28 71 1903
28 72 3134
28 73 720
28 74 1951
28 75 3182
28 76 768
28 77 1999
28 78 3230
28 79 816
28 80 2047
28 81 3278
28 82 120
29 0 1351
29 1 1242
29 2 1535
29 3 1298
29 4 185
29 5 63
29 6 333
29 7 1034
29 8 1506
29 9 1237
29 10 1119
29 11 1484
29 12 557
29 13 1505
29 14 128
29 15 345
29 16 1125
29 17 1539
29 18 1819
29 19 324
29 20 807
29 21 869
29 22 1858
29 23 412
29 24 843
29 25 651
29 26 679
29 27 1496
29 28 1231
29 29 0
29 30 1231
29 31 1279
29 32 48
29 33 1279
29 34 1327
29 35 96
29 36 1327
29 37 1375
29 38 144
29 39 1375
29 40 1423
29 41 192
29 42 1423
29 43 1471
29 44 240
29 45 1471
29 46 1519
29 47 288
29 48 1519
29 49 1567
29 50 336
29 51 1567
29 52 1615
29 53 384
29 54 1615
29 55 1663
29 56 432
29 57 1663
29 58 1711
29 59 480
29 60 1711
29 61 1759
29 62 528
29 63 1759
29 64 1807
29 65 576
29 66 1807
29 67 1855
29 68 624
29 69 1855
29 70 1903
29 71 672
29 72 1903
29 73 1951
29 74 720
29 75 1951
29 76 1999
29 77 768
29 78 1999
29 79 2047
29 80 816
29 81 2047
29 82 1351
30 0 2582
30 1 2473
30 2 2766
30 3 2529
30 4 1238
30 5 1168
30 6 1282
30 7 2265
30 8 2737
30 9 2468
30 10 2350
30 11 2715
30 12 674
30 13 2736
30 14 1103
30 15 982
30 16 2356
30 17 460
30 18 3050
30 19 1195
30 20 2038
30 21 2100
30 22 3089
30 23 1491
30 24 1636
30 25 1444
30 26 744
30 27 2727
30 28 2462
30 29 1231
30 30 0
30 31 2510
30 32 1279
30 33 48
30 34 2558
30 35 1327
30 36 96
30 37 2606
30 38 1375
30 39 144
30 40 2654
30 41 1423
30 42 192
30 43 2702
30 44 1471
30 45 240
30 46 2750
30 47 1519
30 48 288
30 49 2798
30 50 1567
30 51 336
30 52 2846
30 53 1615
30 54 384
30 55 2894
30 56 1663
30 57 432
30 58 2942
30 59 1711
30 60 480
30 61 2990
30 62 1759
30 63 528
30 64 3038
30 65 1807
30 66 576
30 67 3086
30 68 1855
30 69 624
30 70 3134
30 71 1903
30 72 672
30 73 3182
30 74 1951
30 75 720
30 76 3230
30 77 1999
30 78 768
30 79 3278
30 80 2047
30 81 816
30 82 2582
31 0 168
31 1 37
31 2 512
31 3 1133
31 4 1368
31 5 1342
31 6 1516
31 7 245
31 8 925
31 9 1098
31 10 928
31 11 851
31 12 1836
31 13 638
31 14 1407
31 15 1528
31 16 154
31 17 2722
31 18 900
31 19 1507
31 20 1240
31 21 410
31 22 861
31 23 1595
31 24 2026
31 25 1834
31 26 1862
31 27 551
31 28 48
31 29 1279
31 30 2510
31 31 0
31 32 1231
31 33 2462
31 34 48
31 35 1279
31 36 2510
31 37 96
31 38 1327
31 39 2558
31 40 144
31 41 1375
31 42 2606
31 43 192
31 44 1423
31 45 2654
31 46 240
31 47 1471
31 48 2702
31 49 288
31 50 1519
31 51 2750
31 52 336
31 53 1567
31 54 2798
31 55 384
31 56 1615
31 57 2846
31 58 432
31 59 1663
31 60 2894
31 61 480
31 62 1711
31 63 2942
31 64 528
31 65 1759
31 66 2990
31 67 576
31 68 1807
31 69 3038
31 70 624
31 71 1855
31 72 3086
31 73 672
31 74 1903
31 75 3134
31 76 720
31 77 1951
31 78 3182
31 79 768
31 80 1999
31 81 3230
31 82 168
32 0 1399
32 1 1194
32 2 1487
32 3 1250
32 4 137
32 5 111
32 6 285
32 7 986
32 8 1458
32 9 1189
32 10 1071
32 11 1436
32 12 605
32 13 1457
32 14 176
32 15 297
32 16 1077
32 17 1491
32 18 1771
32 19 276
32 20 759
32 21 917
32 22 1810
32 23 364
32 24 795
32 25 603
32 26 631
32 27 1448
32 28 1279
32 29 48
32 30 1279
32 31 1231
32 32 0
32 33 1231
32 34 1279
32 35 48
32 36 1279
32 37 1327
32 38 96
32 39 1327
32 40 1375
32 41 144
32 42 1375
32 43 1423
32 44 192
32 45 1423
32 46 1471
32 47 240
32 48 1471
32 49 1519
32 50 288
32 51 1519
32 52 1567
32 53 336
32 54 1567
32 55 1615
32 56 384
32 57 1615
32 58 1663
32 59 432
32 60 1663
32 61 1711
32 62 480
32 63 1711
32 64 1759
32 65 528
32 66 1759
32 67 1807
32 68 576
32 69 1807
32 70 1855
32 71 624
32 72 1855
32 73 1903
32 74 672
32 75 1903
32 76 1951
32 77 720
32 78 1951
32 79 1999
32 80 768
32 81 1999
32 82 1399
33 0 2630
33 1 2425
33 2 2718
33 3 2481
33 4 1190
33 5 1216
33 6 1234
33 7 2217
33 8 2689
33 9 2420
33 10 2302
33 11 2667
33 12 722
33 13 2688
33 14 1151
33 15 934
33 16 2308
33 17 412
33 18 3002
33 19 1147
33 20 1990
33 21 2148
33 22 3041
33 23 1443
33 24 1588
33 25 1396
33 26 696
33 27 2679
33 28 2510
33 29 1279
33 30 48
33 31 2462
33 32 1231
33 33 0
33 34 2510
33 35 1279
33 36 48
33 37 2558
33 38 1327
33 39 96
33 40 2606
33 41 1375
33 42 144
33 43 2654
33 44 1423
33 45 192
33 46 2702
33 47 1471
33 48 240
33 49 2750
33 50 1519
33 51 288
33 52 2798
33 53 1567
33 54 336
33 55 2846
33 56 1615
33 57 384
33 58 2894
33 59 1663
33 60 432
33 61 2942
33 62 1711
33 63 480
33 64 2990
33 65 1759
33 66 528
33 67 3038
33 68 1807
33 69 576
33 70 3086
33 71 1855
33 72 624
33 73 3134
33 74 1903
33 75 672
33 76 3182
33 77 1951
33 78 720
33 79 3230
33 80 1999
33 81 768
33 82 2630
34 0 216
34 1 85
34 2 464
34 3 1085
34 4 1320
34 5 1390
34 6 1468
34 7 293
34 8 877
34 9 1050
34 10 880
34 11 803
34 12 1884
34 13 590
34 14 1455
34 15 1576
34 16 202
34 17 2674
34 18 852
34 19 1459
34 20 1192
34 21 458
34 22 813
34 23 1547
34 24 1978
34 25 1786
34 26 1814
34 27 503
34 28 96
34 29 1327
34 30 2558
34 31 48
34 32 1279
34 33 2510
34 34 0
34 35 1231
34 36 2462
34 37 48
34 38 1279
34 39 2510
34 40 96
34 41 1327
34 42 2558
34 43 144
34 44 1375
34 45 2606
34 46 192
34 47 1423
34 48 2654
34 49 240
34 50 1471
34 51 2702
34 52 288
34 53 1519
34 54 2750
34 55 336
34 56 1567
34 57 2798
34 58 384
34 59 1615
34 60 2846
34 61 432
34 62 1663
34 63 2894
34 64 480
34 65 1711
34 66 2942
34 67 528
34 68 1759
34 69 2990
34 70 576
34 71 1807
34 72 3038
34 73 624
34 74 1855
34 75 3086
34 76 672
34 77 1903
34 78 3134
34 79 720
34 80 1951
34 81 3182
34 82 216
35 0 1447
35 1 1242
35 2 1439
35 3 1202
35 4 89
35 5 159
35 6 237
35 7 1034
35 8 1410
35 9 1141
35 10 1023
35 11 1388
35 12 653
35 13 1409
35 14 224
35 15 345
35 16 1125
35 17 1443
35 18 1723
35 19 228
35 20 711
35 21 965
35 22 1762
35 23 316
35 24 747
35 25 555
35 26 583
35 27 1400
35 28 1327
35 29 96
35 30 1327
35 31 1279
35 32 48
35 33 1279
35 34 1231
35 35 0
35 36 1231
35 37 1279
35 38 48
35 39 1279
35 40 1327
35 41 96
35 42 1327
35 43 1375
35 44 144
35 45 1375
35 46 1423
35 47 192
35 48 1423
35 49 1471
35 50 240
35 51 1471
35 52 1519
35 53 288
35 54 1519
35 55 1567
35 56 336
35 57 1567
35 58 1615
35 59 384
35 60 1615
35 61 1663
35 62 432
35 63 1663
35 64 1711
35 65 480
35 66 1711
35 67 1759
35 68 528
35 69 1759
35 70 1807
35 71 576
35 72 1807
35 73 1855
35 74 624
35 75 1855
35 76 1903
35 77 672
35 78 1903
35 79 1951
35 80 720
35 81 1951
35 82 1447
36 0 2678
36 1 2473
36 2 2670
36 3 2433
36 4 1142
36 5 1264
36 6 1186
36 7 2265
36 8 2641
36 9 2372
36 10 2254
36 11 2619
36 12 770
36 13 2640
36 14 1199
36 15 982
36 16 2356
36 17 364
36 18 2954
36 19 1099
36 20 1942
36 21 2196
36 22 2993
36 23 1395
36 24 1540
36 25 1348
36 26 648
36 27 2631
36 28 2558
36 29 1327
36 30 96
36 31 2510
36 32 1279
36 33 48
36 34 2462
36 35 1231
36 36 0
36 37 2510
36 38 1279
36 39 48
36 40 2558
36 41 1327
36 42 96
36 43 2606
36 44 1375
36 45 144
36 46 2654
36 47 1423
36 48 192
36 49 2702
36 50 1471
36 51 240
36 52 2750
36 53 1519
36 54 288
36 55 2798
36 56 1567
36 57 336
36 58 2846
36 59 1615
36 60 384
36 61 2894
36 62 1663
36 63 432
36 64 2942
36 65 1711
36 66 480
36 67 2990
36 68 1759
36 69 528
36 70 3038
36 71 1807
36 72 576
36 73 3086
36 74 1855
36 75 624
36 76 3134
36 77 1903
36 78 672
36 79 3182
36 80 1951
36 81 720
36 82 2678
37 0 264
37 1 133
37 2 416
37 3 1037
37 4 1368
37 5 1438
37 6 1420
37 7 341
37 8 829
37 9 1002
37 10 832
37 11 755
37 12 1932
37 13 542
37 14 1503
37 15 1624
37 16 250
37 17 2626
37 18 804
37 19 1411
37 20 1144
37 21 506
37 22 765
37 23 1499
37 24 1930
37 25 1738
37 26 1862
37 27 455
37 28 144
37 29 1375
37 30 2606
37 31 96
37 32 1327
37 33 2558
37 34 48
37 35 1279
37 36 2510
37 37 0
37 38 1231
37 39 2462
37 40 48
37 41 1279
37 42 2510
37 43 96
37 44 1327
37 45 2558
37 46 144
37 47 1375
37 48 2606
37 49 192
37 50 1423
37 51 2654
37 52 240
37 53 1471
37 54 2702
37 55 288
37 56 1519
37 57 2750
37 58 336
37 59 1567
37 60 2798
37 61 384
37 62 1615
37 63 2846
37 64 432
37 65 1663
37 66 2894
37 67 480
37 68 1711
37 69 2942
37 70 528
37 71 1759
37 72 2990
37 73 576
37 74 1807
37 75 3038
37 76 624
37 77 1855
37 78 3086
37 79 672
37 80 1903
37 81 3134
37 82 264
38 0 1495
38 1 1290
38 2 1391
38 3 1154
38 4 137
38 5 207
38 6 189
38 7 1082
38 8 1362
38 9 1093
38 10 975
38 11 1340
38 12 701
38 13 1361
38 14 272
38 15 393
38 16 1173
38 17 1395
38 18 1675
38 19 180
38 20 663
38 21 1013
38 22 1714
38 23 268
38 24 699
38 25 507
38 26 631
38 27 1352
38 28 1375
38 29 144
38 30 1375
38 31 1327
38 32 96
38 33 1327
38 34 1279
38 35 48
38 36 1279
38 37 1231
38 38 0
38 39 1231
38 40 1279
38 41 48
38 42 1279
38 43 1327
38 44 96
38 45 1327
38 46 1375
38 47 144
38 48 1375
38 49 1423
38 50 192
38 51 1423
38 52 1471
38 53 240
38 54 1471
38 55 1519
38 56 288
38 57 1519
38 58 1567
38 59 336
38 60 1567
38 61 1615
38 62 384
38 63 1615
38 64 1663
38 65 432
38 66 1663
38 67 1711
38 68 480
38 69 1711
38 70 1759
38 71 528
38 72 1759
38 73 1807
38 74 576
38 75 1807
38 76 1855
38 77 624
38 78 1855
38 79 1903
38 80 672
38 81 1903
38 82 1495
39 0 2726
39 1 2521
39 2 2622
39 3 2385
39 4 1190
39 5 1312
39 6 1138
39 7 2313
39 8 2593
39 9 2324
39 10 2206
39 11 2571
39 12 818
39 13 2592
39 14 1247
39 15 1030
39 16 2404
39 17 316
39 18 2906
39 19 1051
39 20 1894
39 21 2244
39 22 2945
39 23 1347
39 24 1492
39 25 1300
39 26 696
39 27 2583
39 28 2606
39 29 1375
39 30 144
39 31 2558
39 32 1327
39 33 96
39 34 2510
39 35 1279
39 36 48
39 37 2462
39 38 1231
39 39 0
39 40 2510
39 41 1279
39 42 48
39 43 2558
39 44 1327
39 45 96
39 46 2606
39 47 1375
39 48 144
39 49 2654
39 50 1423
39 51 192
39 52 2702
39 53 1471
39 54 240
39 55 2750
39 56 1519
39 57 288
39 58 2798
39 59 1567
39 60 336
39 61 2846
39 62 1615
39 63 384
39 64 2894
39 65 1663
39 66 432
39 67 2942
39 68 1711
39 69 480
39 70 2990
39 71 1759
39 72 528
39 73 3038
39 74 1807
39 75 576
39 76 3086
39 77 1855
39 78 624
39 79 3134
39 80 1903
39 81 672
39 82 2726
40 0 312
40 1 181
40 2 368
40 3 989
40 4 1416
40 5 1486
40 6 1372
40 7 389
40 8 781
40 9 954
40 10 784
40 11 707
40 12 1980
40 13 494
40 14 1551
40 15 1672
40 16 298
40 17 2578
40 18 756
40 19 1459
40 20 1096
40 21 554
40 22 717
40 23 1451
40 24 1882
40 25 1690
40 26 1910
40 27 407
40 28 192
40 29 1423
40 30 2654
40 31 144
40 32 1375
40 33 2606
40 34 96
40 35 1327
40 36 2558
40 37 48
40 38 1279
40 39 2510
40 40 0
40 41 1231
40 42 2462
40 43 48
40 44 1279
40 45 2510
40 46 96
40 47 1327
40 48 2558
40 49 144
40 50 1375
40 51 2606
40 52 192
40 53 1423
40 54 2654
40 55 240
40 56 1471
40 57 2702
40 58 288
40 59 1519
40 60 2750
40 61 336
40 62 1567
40 63 2798
40 64 384
40 65 1615
40 66 2846
40 67 432
40 68 1663
40 69 2894
40 70 480
40 71 1711
40 72 2942
40 73 528
40 74 1759
40 75 2990
40 76 576
40 77 1807
40 78 3038
40 79 624
40 80 1855
40 81 3086
40 82 312
41 0 1543
41 1 1338
41 2 1343
41 3 1106
41 4 185
41 5 255
41 6 141
41 7 1130
41 8 1314
41 9 1045
41 10 927
41 11 1292
41 12 749
41 13 1313
41 14 320
41 15 441
41 16 1221
41 17 1347
41 18 1627
41 19 228
41 20 615
41 21 1061
41 22 1666
41 23 220
41 24 651
41 25 459
41 26 679
41 27 1304
41 28 1423
41 29 192
41 30 1423
41 31 1375
41 32 144
41 33 1375
41 34 1327
41 35 96
41 36 1327
41 37 1279
41 38 48
41 39 1279
41 40 1231
41 41 0
41 42 1231
41 43 1279
41 44 48
41 45 1279
41 46 1327
41 47 96
41 48 1327
41 49 1375
41 50 144
41 51 1375
41 52 1423
41 53 192
41 54 1423
41 55 1471
41 56 240
41 57 1471
41 58 1519
41 59 288
41 60 1519
41 61 1567
41 62 336
41 63 1567
41 64 1615
41 65 384
41 66 1615
41 67 1663
41 68 432
41 69 1663
41 70 1711
41 71 480
41 72 1711
41 73 1759
41 74 528
41 75 1759
41 76 1807
41 77 576
41 78 1807
41 79 1855
41 80 624
41 81 1855
41 82 1543
42 0 2774
42 1 2569
42 2 2574
42 3 2337
42 4 1238
42 5 1360
42 6 1090
42 7 2361
42 8 2545
42 9 2276
42 10 2158
42 11 2523
42 12 866
42 13 2544
42 14 1295
42 15 1078
42 16 2452
42 17 268
42 18 2858
42 19 1099
42 20 1846
42 21 2292
42 22 2897
42 23 1299
42 24 1444
42 25 1252
42 26 744
42 27 2535
42 28 2654
42 29 1423
42 30 192
42 31 2606
42 32 1375
42 33 144
42 34 2558
42 35 1327
42 36 96
42 37 2510
42 38 1279
42 39 48
42 40 2462
42 41 1231
42 42 0
42 43 2510
42 44 1279
42 45 48
42 46 2558
42 47 1327
42 48 96
42 49 2606
42 50 1375
42 51 144
42 52 2654
42 53 1423
42 54 192
42 55 2702
42 56 1471
42 57 240
42 58 2750
42 59 1519
42 60 288
42 61 2798
42 62 1567
42 63 336
42 64 2846
42 65 1615
42 66 384
42 67 2894
42 68 1663
42 69 432
42 70 2942
42 71 1711
42 72 480
42 73 2990
42 74 1759
42 75 528
42 76 3038
42 77 1807
42 78 576
42 79 3086
42 80 1855
42 81 624
42 82 2774
43 0 360
43 1 229
43 2 320
43 3 941
43 4 1464
43 5 1534
43 6 1420
43 7 437
43 8 733
43 9 906
43 10 736
43 11 659
43 12 2028
43 13 446
43 14 1599
43 15 1720
43 16 346
43 17 2530
43 18 708
43 19 1507
43 20 1048
43 21 602
43 22 669
