//alpha
1
//NbLocations
58
//NbProducts
21
//NbPickers
2
//CapaPicker
8
//TimeToTravelOneDistanceUnit
3
//SetupTime
5400
//PickTime
300
//Products
//Idx Location Size
1 1 1
2 2 1
3 3 1
4 4 1
5 5 1
6 6 1
7 7 1
8 8 1
9 9 1
10 10 1
11 11 1
12 12 1
13 13 1
14 14 1
15 15 1
16 16 1
17 17 1
18 18 1
19 19 1
20 20 1
21 21 1
//Orders
//NbOrders
12
//Idx DueDate TardinessPenalty NbProdInOrder ProdIdx1 Qty1 ProdIdx2 Qty2 ...
1 36000 0 2 1 1 2 1
2 36000 0 1 3 1
3 72000 0 1 4 1
4 36000 0 1 5 1
5 90000 0 3 6 1 7 1 8 1
6 90000 0 4 9 1 10 1 11 1 12 1
7 126000 0 1 13 1
8 72000 0 1 14 1
9 54000 0 1 15 1
10 144000 0 1 16 1
11 144000 0 2 17 1 18 1
12 54000 0 3 19 1 20 1 21 1
//Graph (Products are vertices indexed from 1 to NbProducts)
//NbVerticesIntersections
36
//DepartingDepot
0
//ArrivalDepot
58
//Arcs
//Start End Distance
0 22 120
1 47 219
1 48 622
2 13 663
2 54 141
3 5 0
3 22 115
4 26 63
4 27 778
5 3 0
5 23 726
6 10 91
6 44 219
7 9 598
7 25 128
8 34 310
8 35 531
9 7 598
9 26 115
10 6 91
10 45 531
11 41 505
11 42 336
12 20 78
12 24 687
13 2 663
13 53 37
14 55 102
14 56 739
15 56 141
15 57 700
16 18 351
16 35 128
17 19 91
17 41 713
18 16 351
18 36 362
19 17 91
19 40 37
20 12 78
20 23 76
21 29 37
21 30 804
22 3 115
22 25 48
22 58 120
23 5 726
23 20 76
23 26 48
24 12 687
24 27 48
25 7 128
25 22 48
25 28 48
26 4 63
26 9 115
26 23 48
26 29 48
27 4 778
27 24 48
27 30 48
28 25 48
28 29 841
28 31 48
29 21 37
29 26 48
29 28 841
29 32 48
30 21 804
30 27 48
30 33 48
31 28 48
31 32 841
31 34 48
32 29 48
32 31 841
32 33 841
32 35 48
33 30 48
33 32 841
33 36 48
34 8 310
34 31 48
34 37 48
35 8 531
35 16 128
35 32 48
35 38 48
36 18 362
36 33 48
36 39 48
37 34 48
37 38 841
37 40 48
38 35 48
38 37 841
38 39 841
38 41 48
39 36 48
39 38 841
39 42 48
40 19 37
40 37 48
40 43 48
41 11 505
41 17 713
41 38 48
41 44 48
42 11 336
42 39 48
42 45 48
43 40 48
43 44 841
43 46 48
44 6 219
44 41 48
44 43 841
44 47 48
45 10 531
45 42 48
45 48 48
46 43 48
46 47 841
46 49 48
47 1 219
47 44 48
47 46 841
47 50 48
48 1 622
48 45 48
48 51 48
49 46 48
49 50 841
49 52 48
50 47 48
50 49 841
50 51 841
50 53 48
51 48 48
51 50 841
51 54 48
52 49 48
52 53 841
52 55 48
53 13 37
53 50 48
53 52 841
53 56 48
54 2 141
54 51 48
54 57 48
55 14 102
55 52 48
56 14 739
56 15 141
56 53 48
57 15 700
57 54 48
//LocStart LocEnd ShortestPath
0 0 0
0 1 1564
0 2 2141
0 3 235
0 4 1072
0 5 235
0 6 1516
0 7 296
0 8 622
0 9 894
0 10 1607
0 11 1754
0 12 1115
0 13 1478
0 14 750
0 15 1630
0 16 1281
0 17 536
0 18 1632
0 19 445
0 20 1037
0 21 1094
0 22 120
0 23 961
0 24 1802
0 25 168
0 26 1009
0 27 1850
0 28 216
0 29 1057
0 30 1898
0 31 264
0 32 1105
0 33 1946
0 34 312
0 35 1153
0 36 1994
0 37 360
0 38 1201
0 39 2042
0 40 408
0 41 1249
0 42 2090
0 43 456
0 44 1297
0 45 2138
0 46 504
0 47 1345
0 48 2186
0 49 552
0 50 1393
0 51 2234
0 52 600
0 53 1441
0 54 2282
0 55 648
0 56 1489
0 57 2330
0 58 0
1 0 1564
1 1 0
1 2 859
1 3 1329
1 4 618
1 5 1329
1 6 486
1 7 1268
1 8 942
1 9 670
1 10 577
1 11 820
1 12 757
1 13 352
1 14 1102
1 15 504
1 16 539
1 17 1028
1 18 890
1 19 1119
1 20 679
1 21 544
1 22 1444
1 23 603
1 24 1006
1 25 1396
1 26 555
1 27 958
1 28 1348
1 29 507
1 30 910
1 31 1300
1 32 459
1 33 862
1 34 1252
1 35 411
1 36 814
1 37 1204
1 38 363
1 39 766
1 40 1156
1 41 315
1 42 718
1 43 1108
1 44 267
1 45 670
1 46 1060
1 47 219
1 48 622
1 49 1108
1 50 267
1 51 670
1 52 1156
1 53 315
1 54 718
1 55 1204
1 56 363
1 57 766
1 58 1564
2 0 2141
2 1 859
2 2 0
2 3 1906
2 4 1195
2 5 1906
2 6 907
2 7 1845
2 8 1519
2 9 1247
2 10 816
2 11 669
2 12 1308
2 13 663
2 14 1487
2 15 889
2 16 1116
2 17 1605
2 18 791
2 19 1696
2 20 1256
2 21 1121
2 22 2021
2 23 1180
2 24 621
2 25 1973
2 26 1132
2 27 573
2 28 1925
2 29 1084
2 30 525
2 31 1877
2 32 1036
2 33 477
2 34 1829
2 35 988
2 36 429
2 37 1781
2 38 940
2 39 381
2 40 1733
2 41 892
2 42 333
2 43 1685
2 44 844
2 45 285
2 46 1637
2 47 796
2 48 237
2 49 1589
2 50 748
2 51 189
2 52 1541
2 53 700
2 54 141
2 55 1589
2 56 748
2 57 189
2 58 2141
3 0 235
3 1 1329
3 2 1906
3 3 0
3 4 837
3 5 0
3 6 1281
3 7 291
3 8 617
3 9 889
3 10 1372
3 11 1519
3 12 880
3 13 1243
3 14 745
3 15 1395
3 16 1046
3 17 531
3 18 1397
3 19 440
3 20 802
3 21 859
3 22 115
3 23 726
3 24 1567
3 25 163
3 26 774
3 27 1615
3 28 211
3 29 822
3 30 1663
3 31 259
3 32 870
3 33 1711
3 34 307
3 35 918
3 36 1759
3 37 355
3 38 966
3 39 1807
3 40 403
3 41 1014
3 42 1855
3 43 451
3 44 1062
3 45 1903
3 46 499
3 47 1110
3 48 1951
3 49 547
3 50 1158
3 51 1999
3 52 595
3 53 1206
3 54 2047
3 55 643
3 56 1254
3 57 2095
3 58 235
4 0 1072
4 1 618
4 2 1195
4 3 837
4 4 0
4 5 837
4 6 570
4 7 776
4 8 738
4 9 178
4 10 661
4 11 808
4 12 265
4 13 532
4 14 1282
4 15 684
4 16 335
4 17 1016
4 18 686
4 19 1107
4 20 187
4 21 148
4 22 952
4 23 111
4 24 826
4 25 904
4 26 63
4 27 778
4 28 952
4 29 111
4 30 826
4 31 1000
4 32 159
4 33 874
4 34 1048
4 35 207
4 36 922
4 37 1096
4 38 255
4 39 970
4 40 1144
4 41 303
4 42 1018
4 43 1192
4 44 351
4 45 1066
4 46 1240
4 47 399
4 48 1114
4 49 1288
4 50 447
4 51 1162
4 52 1336
4 53 495
4 54 1210
4 55 1384
4 56 543
4 57 1258
4 58 1072
5 0 235
5 1 1329
5 2 1906
5 3 0
5 4 837
5 5 0
5 6 1281
5 7 291
5 8 617
5 9 889
5 10 1372
5 11 1519
5 12 880
5 13 1243
5 14 745
5 15 1395
5 16 1046
5 17 531
5 18 1397
5 19 440
5 20 802
5 21 859
5 22 115
5 23 726
5 24 1567
5 25 163
5 26 774
5 27 1615
5 28 211
5 29 822
5 30 1663
5 31 259
5 32 870
5 33 1711
5 34 307
5 35 918
5 36 1759
5 37 355
5 38 966
5 39 1807
5 40 403
5 41 1014
5 42 1855
5 43 451
5 44 1062
5 45 1903
5 46 499
5 47 1110
5 48 1951
5 49 547
5 50 1158
5 51 1999
5 52 595
5 53 1206
5 54 2047
5 55 643
5 56 1254
5 57 2095
5 58 235
6 0 1516
6 1 486
6 2 907
6 3 1281
6 4 570
6 5 1281
6 6 0
6 7 1220
6 8 894
6 9 622
6 10 91
6 11 772
6 12 709
6 13 400
6 14 1150
6 15 552
6 16 491
6 17 980
6 18 842
6 19 1071
6 20 631
6 21 496
6 22 1396
6 23 555
6 24 958
6 25 1348
6 26 507
6 27 910
6 28 1300
6 29 459
6 30 862
6 31 1252
6 32 411
6 33 814
6 34 1204
6 35 363
6 36 766
6 37 1156
6 38 315
6 39 718
6 40 1108
6 41 267
6 42 670
6 43 1060
6 44 219
6 45 622
6 46 1108
6 47 267
6 48 670
6 49 1156
6 50 315
6 51 718
6 52 1204
6 53 363
6 54 766
6 55 1252
6 56 411
6 57 814
6 58 1516
7 0 296
7 1 1268
7 2 1845
7 3 291
7 4 776
7 5 291
7 6 1220
7 7 0
7 8 582
7 9 598
7 10 1311
7 11 1458
7 12 915
7 13 1182
7 14 710
7 15 1334
7 16 985
7 17 496
7 18 1336
7 19 405
7 20 837
7 21 798
7 22 176
7 23 761
7 24 1602
7 25 128
7 26 713
7 27 1554
7 28 176
7 29 761
7 30 1602
7 31 224
7 32 809
7 33 1650
7 34 272
7 35 857
7 36 1698
7 37 320
7 38 905
7 39 1746
7 40 368
7 41 953
7 42 1794
7 43 416
7 44 1001
7 45 1842
7 46 464
7 47 1049
7 48 1890
7 49 512
7 50 1097
7 51 1938
7 52 560
7 53 1145
7 54 1986
7 55 608
7 56 1193
7 57 2034
7 58 296
8 0 622
8 1 942
8 2 1519
8 3 617
8 4 738
8 5 617
8 6 894
8 7 582
8 8 0
8 9 790
8 10 985
8 11 1132
8 12 877
8 13 856
8 14 748
8 15 1008
8 16 659
8 17 534
8 18 1010
8 19 443
8 20 799
8 21 664
8 22 502
8 23 723
8 24 1564
8 25 454
8 26 675
8 27 1516
8 28 406
8 29 627
8 30 1468
8 31 358
8 32 579
8 33 1420
8 34 310
8 35 531
8 36 1372
8 37 358
8 38 579
8 39 1420
8 40 406
8 41 627
8 42 1468
8 43 454
8 44 675
8 45 1516
8 46 502
8 47 723
8 48 1564
8 49 550
8 50 771
8 51 1612
8 52 598
8 53 819
8 54 1660
8 55 646
8 56 867
8 57 1708
8 58 622
9 0 894
9 1 670
9 2 1247
9 3 889
9 4 178
9 5 889
9 6 622
9 7 598
9 8 790
9 9 0
9 10 713
9 11 860
9 12 317
9 13 584
9 14 1308
9 15 736
9 16 387
9 17 1068
9 18 738
9 19 1003
9 20 239
9 21 200
9 22 774
9 23 163
9 24 1004
9 25 726
9 26 115
9 27 956
9 28 774
9 29 163
9 30 1004
9 31 822
9 32 211
9 33 1052
9 34 870
9 35 259
9 36 1100
9 37 918
9 38 307
9 39 1148
9 40 966
9 41 355
9 42 1196
9 43 1014
9 44 403
9 45 1244
9 46 1062
9 47 451
9 48 1292
9 49 1110
9 50 499
9 51 1340
9 52 1158
9 53 547
9 54 1388
9 55 1206
9 56 595
9 57 1436
9 58 894
10 0 1607
10 1 577
10 2 816
10 3 1372
10 4 661
10 5 1372
10 6 91
10 7 1311
10 8 985
10 9 713
10 10 0
10 11 863
10 12 800
10 13 491
10 14 1241
10 15 643
10 16 582
10 17 1071
10 18 933
10 19 1162
10 20 722
10 21 587
10 22 1487
10 23 646
10 24 867
10 25 1439
10 26 598
10 27 819
10 28 1391
10 29 550
10 30 771
10 31 1343
10 32 502
10 33 723
10 34 1295
10 35 454
10 36 675
10 37 1247
10 38 406
10 39 627
10 40 1199
10 41 358
10 42 579
10 43 1151
10 44 310
10 45 531
10 46 1199
10 47 358
10 48 579
10 49 1247
10 50 406
10 51 627
10 52 1295
10 53 454
10 54 675
10 55 1343
10 56 502
10 57 723
10 58 1607
11 0 1754
11 1 820
11 2 669
11 3 1519
11 4 808
11 5 1519
11 6 772
11 7 1458
11 8 1132
11 9 860
11 10 863
11 11 0
11 12 947
11 13 734
11 14 1484
11 15 886
11 16 729
11 17 1218
11 18 794
11 19 1309
11 20 869
11 21 734
11 22 1634
11 23 793
11 24 624
11 25 1586
11 26 745
11 27 576
11 28 1538
11 29 697
11 30 528
11 31 1490
11 32 649
11 33 480
11 34 1442
11 35 601
11 36 432
11 37 1394
11 38 553
11 39 384
11 40 1346
11 41 505
11 42 336
11 43 1394
11 44 553
11 45 384
11 46 1442
11 47 601
11 48 432
11 49 1490
11 50 649
11 51 480
11 52 1538
11 53 697
11 54 528
11 55 1586
11 56 745
11 57 576
11 58 1754
12 0 1115
12 1 757
12 2 1308
12 3 880
12 4 265
12 5 880
12 6 709
12 7 915
12 8 877
12 9 317
12 10 800
12 11 947
12 12 0
12 13 671
12 14 1421
12 15 823
12 16 474
12 17 1155
12 18 825
12 19 1246
12 20 78
12 21 287
12 22 995
12 23 154
12 24 687
12 25 1043
12 26 202
12 27 735
12 28 1091
12 29 250
12 30 783
12 31 1139
12 32 298
12 33 831
12 34 1187
12 35 346
12 36 879
12 37 1235
12 38 394
12 39 927
12 40 1283
12 41 442
12 42 975
12 43 1331
12 44 490
12 45 1023
12 46 1379
12 47 538
12 48 1071
12 49 1427
12 50 586
12 51 1119
12 52 1475
12 53 634
12 54 1167
12 55 1523
12 56 682
12 57 1215
12 58 1115
13 0 1478
13 1 352
13 2 663
13 3 1243
13 4 532
13 5 1243
13 6 400
13 7 1182
13 8 856
13 9 584
13 10 491
13 11 734
13 12 671
13 13 0
13 14 824
13 15 226
13 16 453
13 17 942
13 18 804
13 19 1033
13 20 593
13 21 458
13 22 1358
13 23 517
13 24 1284
13 25 1310
13 26 469
13 27 1236
13 28 1262
13 29 421
13 30 1188
13 31 1214
13 32 373
13 33 1140
13 34 1166
13 35 325
13 36 1092
13 37 1118
13 38 277
13 39 1044
13 40 1070
13 41 229
13 42 996
13 43 1022
13 44 181
13 45 948
13 46 974
13 47 133
13 48 900
13 49 926
13 50 85
13 51 852
13 52 878
13 53 37
13 54 804
13 55 926
13 56 85
13 57 852
13 58 1478
14 0 750
14 1 1102
14 2 1487
14 3 745
14 4 1282
14 5 745
14 6 1150
14 7 710
14 8 748
14 9 1308
14 10 1241
14 11 1484
14 12 1421
14 13 824
14 14 0
14 15 880
14 16 1203
14 17 470
14 18 1554
14 19 379
14 20 1343
14 21 1208
14 22 630
14 23 1267
14 24 2108
14 25 582
14 26 1219
14 27 2060
14 28 534
14 29 1171
14 30 2012
14 31 486
14 32 1123
14 33 1964
14 34 438
14 35 1075
14 36 1916
14 37 390
14 38 1027
14 39 1868
14 40 342
14 41 979
14 42 1820
14 43 294
14 44 931
14 45 1772
14 46 246
14 47 883
14 48 1724
14 49 198
14 50 835
14 51 1676
14 52 150
14 53 787
14 54 1628
14 55 102
14 56 739
14 57 1580
14 58 750
15 0 1630
15 1 504
15 2 889
15 3 1395
15 4 684
15 5 1395
15 6 552
15 7 1334
15 8 1008
15 9 736
15 10 643
15 11 886
15 12 823
15 13 226
15 14 880
15 15 0
15 16 605
15 17 1094
15 18 956
15 19 1185
15 20 745
15 21 610
15 22 1510
15 23 669
15 24 1228
15 25 1462
15 26 621
15 27 1180
15 28 1414
15 29 573
15 30 1132
15 31 1366
15 32 525
15 33 1084
15 34 1318
15 35 477
15 36 1036
15 37 1270
15 38 429
15 39 988
15 40 1222
15 41 381
15 42 940
15 43 1174
15 44 333
15 45 892
15 46 1126
15 47 285
15 48 844
15 49 1078
15 50 237
15 51 796
15 52 1030
15 53 189
15 54 748
15 55 982
15 56 141
15 57 700
15 58 1630
16 0 1281
16 1 539
16 2 1116
16 3 1046
16 4 335
16 5 1046
16 6 491
16 7 985
16 8 659
16 9 387
16 10 582
16 11 729
16 12 474
16 13 453
16 14 1203
16 15 605
16 16 0
16 17 937
16 18 351
16 19 1028
16 20 396
16 21 261
16 22 1161
16 23 320
16 24 905
16 25 1113
16 26 272
16 27 857
16 28 1065
16 29 224
16 30 809
16 31 1017
16 32 176
16 33 761
16 34 969
16 35 128
16 36 713
16 37 1017
16 38 176
16 39 761
16 40 1065
16 41 224
16 42 809
16 43 1113
16 44 272
16 45 857
16 46 1161
16 47 320
16 48 905
16 49 1209
16 50 368
16 51 953
16 52 1257
16 53 416
16 54 1001
16 55 1305
16 56 464
16 57 1049
16 58 1281
17 0 536
17 1 1028
17 2 1605
17 3 531
17 4 1016
17 5 531
17 6 980
17 7 496
17 8 534
17 9 1068
17 10 1071
17 11 1218
17 12 1155
17 13 942
17 14 470
17 15 1094
17 16 937
17 17 0
17 18 1288
17 19 91
17 20 1077
17 21 942
17 22 416
17 23 1001
17 24 1842
17 25 368
17 26 953
17 27 1794
17 28 320
17 29 905
17 30 1746
17 31 272
17 32 857
17 33 1698
17 34 224
17 35 809
17 36 1650
17 37 176
17 38 761
17 39 1602
17 40 128
17 41 713
17 42 1554
17 43 176
17 44 761
17 45 1602
17 46 224
17 47 809
17 48 1650
17 49 272
17 50 857
17 51 1698
17 52 320
17 53 905
17 54 1746
17 55 368
17 56 953
17 57 1794
17 58 536
18 0 1632
18 1 890
18 2 791
18 3 1397
18 4 686
18 5 1397
18 6 842
18 7 1336
18 8 1010
18 9 738
18 10 933
18 11 794
18 12 825
18 13 804
18 14 1554
18 15 956
18 16 351
18 17 1288
18 18 0
18 19 1379
18 20 747
18 21 612
18 22 1512
18 23 671
18 24 554
18 25 1464
18 26 623
18 27 506
18 28 1416
18 29 575
18 30 458
18 31 1368
18 32 527
18 33 410
18 34 1320
18 35 479
18 36 362
18 37 1368
18 38 527
18 39 410
18 40 1416
18 41 575
18 42 458
18 43 1464
18 44 623
18 45 506
18 46 1512
18 47 671
18 48 554
18 49 1560
18 50 719
18 51 602
18 52 1608
18 53 767
18 54 650
18 55 1656
18 56 815
18 57 698
18 58 1632
19 0 445
19 1 1119
19 2 1696
19 3 440
19 4 1107
19 5 440
19 6 1071
19 7 405
19 8 443
19 9 1003
19 10 1162
19 11 1309
19 12 1246
19 13 1033
19 14 379
19 15 1185
19 16 1028
19 17 91
19 18 1379
19 19 0
19 20 1168
19 21 1033
19 22 325
19 23 1092
19 24 1933
19 25 277
19 26 1044
19 27 1885
19 28 229
19 29 996
19 30 1837
19 31 181
19 32 948
19 33 1789
19 34 133
19 35 900
19 36 1741
19 37 85
19 38 852
19 39 1693
19 40 37
19 41 804
19 42 1645
19 43 85
19 44 852
19 45 1693
19 46 133
19 47 900
19 48 1741
19 49 181
19 50 948
19 51 1789
19 52 229
19 53 996
19 54 1837
19 55 277
19 56 1044
19 57 1885
19 58 445
20 0 1037
20 1 679
20 2 1256
20 3 802
20 4 187
20 5 802
20 6 631
20 7 837
20 8 799
20 9 239
20 10 722
20 11 869
20 12 78
20 13 593
20 14 1343
20 15 745
20 16 396
20 17 1077
20 18 747
20 19 1168
20 20 0
20 21 209
20 22 917
20 23 76
20 24 765
20 25 965
20 26 124
20 27 813
20 28 1013
20 29 172
20 30 861
20 31 1061
20 32 220
20 33 909
20 34 1109
20 35 268
20 36 957
20 37 1157
20 38 316
20 39 1005
20 40 1205
20 41 364
20 42 1053
20 43 1253
20 44 412
20 45 1101
20 46 1301
20 47 460
20 48 1149
20 49 1349
20 50 508
20 51 1197
20 52 1397
20 53 556
20 54 1245
20 55 1445
20 56 604
20 57 1293
20 58 1037
21 0 1094
21 1 544
21 2 1121
21 3 859
21 4 148
21 5 859
21 6 496
21 7 798
21 8 664
21 9 200
21 10 587
21 11 734
21 12 287
21 13 458
21 14 1208
21 15 610
21 16 261
21 17 942
21 18 612
21 19 1033
21 20 209
21 21 0
21 22 974
21 23 133
21 24 900
21 25 926
21 26 85
21 27 852
21 28 878
21 29 37
21 30 804
21 31 926
21 32 85
21 33 852
21 34 974
21 35 133
21 36 900
21 37 1022
21 38 181
21 39 948
21 40 1070
21 41 229
21 42 996
21 43 1118
21 44 277
21 45 1044
21 46 1166
21 47 325
21 48 1092
21 49 1214
21 50 373
21 51 1140
21 52 1262
21 53 421
21 54 1188
21 55 1310
21 56 469
21 57 1236
21 58 1094
22 0 120
22 1 1444
22 2 2021
22 3 115
22 4 952
22 5 115
22 6 1396
22 7 176
22 8 502
22 9 774
22 10 1487
22 11 1634
22 12 995
22 13 1358
22 14 630
22 15 1510
22 16 1161
22 17 416
22 18 1512
22 19 325
22 20 917
22 21 974
22 22 0
22 23 841
22 24 1682
22 25 48
22 26 889
22 27 1730
22 28 96
22 29 937
22 30 1778
22 31 144
22 32 985
22 33 1826
22 34 192
22 35 1033
22 36 1874
22 37 240
22 38 1081
22 39 1922
22 40 288
22 41 1129
22 42 1970
22 43 336
22 44 1177
22 45 2018
22 46 384
22 47 1225
22 48 2066
22 49 432
22 50 1273
22 51 2114
22 52 480
22 53 1321
22 54 2162
22 55 528
22 56 1369
22 57 2210
22 58 120
23 0 961
23 1 603
23 2 1180
23 3 726
23 4 111
23 5 726
23 6 555
23 7 761
23 8 723
23 9 163
23 10 646
23 11 793
23 12 154
23 13 517
23 14 1267
23 15 669
23 16 320
23 17 1001
23 18 671
23 19 1092
23 20 76
23 21 133
23 22 841
23 23 0
23 24 841
23 25 889
23 26 48
23 27 889
23 28 937
23 29 96
23 30 937
23 31 985
23 32 144
23 33 985
23 34 1033
23 35 192
23 36 1033
23 37 1081
23 38 240
23 39 1081
23 40 1129
23 41 288
23 42 1129
23 43 1177
23 44 336
23 45 1177
23 46 1225
23 47 384
23 48 1225
23 49 1273
23 50 432
23 51 1273
23 52 1321
23 53 480
23 54 1321
23 55 1369
23 56 528
23 57 1369
23 58 961
24 0 1802
24 1 1006
24 2 621
24 3 1567
24 4 826
24 5 1567
24 6 958
24 7 1602
24 8 1564
24 9 1004
24 10 867
24 11 624
24 12 687
24 13 1284
24 14 2108
24 15 1228
24 16 905
24 17 1842
24 18 554
24 19 1933
24 20 765
24 21 900
24 22 1682
24 23 841
24 24 0
24 25 1730
24 26 889
24 27 48
24 28 1778
24 29 937
24 30 96
24 31 1826
24 32 985
24 33 144
24 34 1874
24 35 1033
24 36 192
24 37 1922
24 38 1081
24 39 240
24 40 1970
24 41 1129
24 42 288
24 43 2018
24 44 1177
24 45 336
24 46 2066
24 47 1225
24 48 384
24 49 2114
24 50 1273
24 51 432
24 52 2162
24 53 1321
24 54 480
24 55 2210
24 56 1369
24 57 528
24 58 1802
25 0 168
25 1 1396
25 2 1973
25 3 163
25 4 904
25 5 163
25 6 1348
25 7 128
25 8 454
25 9 726
25 10 1439
25 11 1586
25 12 1043
25 13 1310
25 14 582
25 15 1462
25 16 1113
25 17 368
25 18 1464
25 19 277
25 20 965
25 21 926
25 22 48
25 23 889
25 24 1730
25 25 0
25 26 841
25 27 1682
25 28 48
25 29 889
25 30 1730
25 31 96
25 32 937
25 33 1778
25 34 144
25 35 985
25 36 1826
25 37 192
25 38 1033
25 39 1874
25 40 240
25 41 1081
25 42 1922
25 43 288
25 44 1129
25 45 1970
25 46 336
25 47 1177
25 48 2018
25 49 384
25 50 1225
25 51 2066
25 52 432
25 53 1273
25 54 2114
25 55 480
25 56 1321
25 57 2162
25 58 168
26 0 1009
26 1 555
26 2 1132
26 3 774
26 4 63
26 5 774
26 6 507
26 7 713
26 8 675
26 9 115
26 10 598
26 11 745
26 12 202
26 13 469
26 14 1219
26 15 621
26 16 272
26 17 953
26 18 623
26 19 1044
26 20 124
26 21 85
26 22 889
26 23 48
26 24 889
26 25 841
26 26 0
26 27 841
26 28 889
26 29 48
26 30 889
26 31 937
26 32 96
26 33 937
26 34 985
26 35 144
26 36 985
26 37 1033
26 38 192
26 39 1033
26 40 1081
26 41 240
26 42 1081
26 43 1129
26 44 288
26 45 1129
26 46 1177
26 47 336
26 48 1177
26 49 1225
26 50 384
26 51 1225
26 52 1273
26 53 432
26 54 1273
26 55 1321
26 56 480
26 57 1321
26 58 1009
27 0 1850
27 1 958
27 2 573
27 3 1615
27 4 778
27 5 1615
27 6 910
27 7 1554
27 8 1516
27 9 956
27 10 819
27 11 576
27 12 735
27 13 1236
27 14 2060
27 15 1180
27 16 857
27 17 1794
27 18 506
27 19 1885
27 20 813
27 21 852
27 22 1730
27 23 889
27 24 48
27 25 1682
27 26 841
27 27 0
27 28 1730
27 29 889
27 30 48
27 31 1778
27 32 937
27 33 96
27 34 1826
27 35 985
27 36 144
27 37 1874
27 38 1033
27 39 192
27 40 1922
27 41 1081
27 42 240
27 43 1970
27 44 1129
27 45 288
27 46 2018
27 47 1177
27 48 336
27 49 2066
27 50 1225
27 51 384
27 52 2114
27 53 1273
27 54 432
27 55 2162
27 56 1321
27 57 480
27 58 1850
28 0 216
28 1 1348
28 2 1925
28 3 211
28 4 952
28 5 211
28 6 1300
28 7 176
28 8 406
28 9 774
28 10 1391
28 11 1538
28 12 1091
28 13 1262
28 14 534
28 15 1414
28 16 1065
28 17 320
28 18 1416
28 19 229
28 20 1013
28 21 878
28 22 96
28 23 937
28 24 1778
28 25 48
28 26 889
28 27 1730
28 28 0
28 29 841
28 30 1682
28 31 48
28 32 889
28 33 1730
28 34 96
28 35 937
28 36 1778
28 37 144
28 38 985
28 39 1826
28 40 192
28 41 1033
28 42 1874
28 43 240
28 44 1081
28 45 1922
28 46 288
28 47 1129
28 48 1970
28 49 336
28 50 1177
28 51 2018
28 52 384
28 53 1225
28 54 2066
28 55 432
28 56 1273
28 57 2114
28 58 216
29 0 1057
29 1 507
29 2 1084
29 3 822
29 4 111
29 5 822
29 6 459
29 7 761
29 8 627
29 9 163
29 10 550
29 11 697
29 12 250
29 13 421
29 14 1171
29 15 573
29 16 224
29 17 905
29 18 575
29 19 996
29 20 172
29 21 37
29 22 937
29 23 96
29 24 937
29 25 889
29 26 48
29 27 889
29 28 841
29 29 0
29 30 841
29 31 889
29 32 48
29 33 889
29 34 937
29 35 96
29 36 937
29 37 985
29 38 144
29 39 985
29 40 1033
29 41 192
29 42 1033
29 43 1081
29 44 240
29 45 1081
29 46 1129
29 47 288
29 48 1129
29 49 1177
29 50 336
29 51 1177
29 52 1225
29 53 384
29 54 1225
29 55 1273
29 56 432
29 57 1273
29 58 1057
30 0 1898
30 1 910
30 2 525
30 3 1663
30 4 826
30 5 1663
30 6 862
30 7 1602
30 8 1468
30 9 1004
30 10 771
30 11 528
30 12 783
30 13 1188
30 14 2012
30 15 1132
30 16 809
30 17 1746
30 18 458
30 19 1837
30 20 861
30 21 804
30 22 1778
30 23 937
30 24 96
30 25 1730
30 26 889
30 27 48
30 28 1682
30 29 841
30 30 0
30 31 1730
30 32 889
30 33 48
30 34 1778
30 35 937
30 36 96
30 37 1826
30 38 985
30 39 144
30 40 1874
30 41 1033
30 42 192
30 43 1922
30 44 1081
30 45 240
30 46 1970
30 47 1129
30 48 288
30 49 2018
30 50 1177
30 51 336
30 52 2066
30 53 1225
30 54 384
30 55 2114
30 56 1273
30 57 432
30 58 1898
31 0 264
31 1 1300
31 2 1877
31 3 259
31 4 1000
31 5 259
31 6 1252
31 7 224
31 8 358
31 9 822
31 10 1343
31 11 1490
31 12 1139
31 13 1214
31 14 486
31 15 1366
31 16 1017
31 17 272
31 18 1368
31 19 181
31 20 1061
31 21 926
31 22 144
31 23 985
31 24 1826
31 25 96
31 26 937
31 27 1778
31 28 48
31 29 889
31 30 1730
31 31 0
31 32 841
31 33 1682
31 34 48
31 35 889
31 36 1730
31 37 96
31 38 937
31 39 1778
31 40 144
31 41 985
31 42 1826
31 43 192
31 44 1033
31 45 1874
31 46 240
31 47 1081
31 48 1922
31 49 288
31 50 1129
31 51 1970
31 52 336
31 53 1177
31 54 2018
31 55 384
31 56 1225
31 57 2066
31 58 264
32 0 1105
32 1 459
32 2 1036
32 3 870
32 4 159
32 5 870
32 6 411
32 7 809
32 8 579
32 9 211
32 10 502
32 11 649
32 12 298
32 13 373
32 14 1123
32 15 525
32 16 176
32 17 857
32 18 527
32 19 948
32 20 220
32 21 85
32 22 985
32 23 144
32 24 985
32 25 937
32 26 96
32 27 937
32 28 889
32 29 48
32 30 889
32 31 841
32 32 0
32 33 841
32 34 889
32 35 48
32 36 889
32 37 937
32 38 96
32 39 937
32 40 985
32 41 144
32 42 985
32 43 1033
32 44 192
32 45 1033
32 46 1081
32 47 240
32 48 1081
32 49 1129
32 50 288
32 51 1129
32 52 1177
32 53 336
32 54 1177
32 55 1225
32 56 384
32 57 1225
32 58 1105
33 0 1946
33 1 862
33 2 477
33 3 1711
33 4 874
33 5 1711
33 6 814
33 7 1650
33 8 1420
33 9 1052
33 10 723
33 11 480
33 12 831
33 13 1140
33 14 1964
33 15 1084
33 16 761
33 17 1698
33 18 410
33 19 1789
33 20 909
33 21 852
33 22 1826
33 23 985
33 24 144
33 25 1778
33 26 937
33 27 96
33 28 1730
33 29 889
33 30 48
33 31 1682
33 32 841
33 33 0
33 34 1730
33 35 889
33 36 48
33 37 1778
33 38 937
33 39 96
33 40 1826
33 41 985
33 42 144
33 43 1874
33 44 1033
33 45 192
33 46 1922
33 47 1081
33 48 240
33 49 1970
33 50 1129
33 51 288
33 52 2018
33 53 1177
33 54 336
33 55 2066
33 56 1225
33 57 384
33 58 1946
34 0 312
34 1 1252
34 2 1829
34 3 307
34 4 1048
34 5 307
34 6 1204
34 7 272
34 8 310
34 9 870
34 10 1295
34 11 1442
34 12 1187
34 13 1166
34 14 438
34 15 1318
34 16 969
34 17 224
34 18 1320
34 19 133
34 20 1109
34 21 974
34 22 192
34 23 1033
34 24 1874
34 25 144
34 26 985
34 27 1826
34 28 96
34 29 937
34 30 1778
34 31 48
34 32 889
34 33 1730
34 34 0
34 35 841
34 36 1682
34 37 48
34 38 889
34 39 1730
34 40 96
34 41 937
34 42 1778
34 43 144
34 44 985
34 45 1826
34 46 192
34 47 1033
34 48 1874
34 49 240
34 50 1081
34 51 1922
34 52 288
34 53 1129
34 54 1970
34 55 336
34 56 1177
34 57 2018
34 58 312
35 0 1153
35 1 411
35 2 988
35 3 918
35 4 207
35 5 918
35 6 363
35 7 857
35 8 531
35 9 259
35 10 454
35 11 601
35 12 346
35 13 325
35 14 1075
35 15 477
35 16 128
35 17 809
35 18 479
35 19 900
35 20 268
35 21 133
35 22 1033
35 23 192
35 24 1033
35 25 985
35 26 144
35 27 985
35 28 937
35 29 96
35 30 937
35 31 889
35 32 48
35 33 889
35 34 841
35 35 0
35 36 841
35 37 889
35 38 48
35 39 889
35 40 937
35 41 96
35 42 937
35 43 985
35 44 144
35 45 985
35 46 1033
35 47 192
35 48 1033
35 49 1081
35 50 240
35 51 1081
35 52 1129
35 53 288
35 54 1129
35 55 1177
35 56 336
35 57 1177
35 58 1153
36 0 1994
36 1 814
36 2 429
36 3 1759
36 4 922
36 5 1759
36 6 766
36 7 1698
36 8 1372
36 9 1100
36 10 675
36 11 432
36 12 879
36 13 1092
36 14 1916
36 15 1036
36 16 713
36 17 1650
36 18 362
36 19 1741
36 20 957
36 21 900
36 22 1874
36 23 1033
36 24 192
36 25 1826
36 26 985
36 27 144
36 28 1778
36 29 937
36 30 96
36 31 1730
36 32 889
36 33 48
36 34 1682
36 35 841
36 36 0
36 37 1730
36 38 889
36 39 48
36 40 1778
36 41 937
36 42 96
36 43 1826
36 44 985
36 45 144
36 46 1874
36 47 1033
36 48 192
36 49 1922
36 50 1081
36 51 240
36 52 1970
36 53 1129
36 54 288
36 55 2018
36 56 1177
36 57 336
36 58 1994
37 0 360
37 1 1204
37 2 1781
37 3 355
37 4 1096
37 5 355
37 6 1156
37 7 320
37 8 358
37 9 918
37 10 1247
37 11 1394
37 12 1235
37 13 1118
37 14 390
37 15 1270
37 16 1017
37 17 176
37 18 1368
37 19 85
37 20 1157
37 21 1022
37 22 240
37 23 1081
37 24 1922
37 25 192
37 26 1033
37 27 1874
37 28 144
37 29 985
37 30 1826
37 31 96
37 32 937
37 33 1778
37 34 48
37 35 889
37 36 1730
37 37 0
37 38 841
37 39 1682
37 40 48
37 41 889
37 42 1730
37 43 96
37 44 937
37 45 1778
37 46 144
37 47 985
37 48 1826
37 49 192
37 50 1033
37 51 1874
37 52 240
37 53 1081
37 54 1922
37 55 288
37 56 1129
37 57 1970
37 58 360
38 0 1201
38 1 363
38 2 940
38 3 966
38 4 255
38 5 966
38 6 315
38 7 905
38 8 579
38 9 307
38 10 406
38 11 553
38 12 394
38 13 277
38 14 1027
38 15 429
38 16 176
38 17 761
38 18 527
38 19 852
38 20 316
38 21 181
38 22 1081
38 23 240
38 24 1081
38 25 1033
38 26 192
38 27 1033
38 28 985
38 29 144
38 30 985
38 31 937
38 32 96
38 33 937
38 34 889
38 35 48
38 36 889
38 37 841
38 38 0
38 39 841
38 40 889
38 41 48
38 42 889
38 43 937
38 44 96
38 45 937
38 46 985
38 47 144
38 48 985
38 49 1033
38 50 192
38 51 1033
38 52 1081
38 53 240
38 54 1081
38 55 1129
38 56 288
38 57 1129
38 58 1201
39 0 2042
39 1 766
39 2 381
39 3 1807
39 4 970
39 5 1807
39 6 718
39 7 1746
39 8 1420
39 9 1148
39 10 627
39 11 384
39 12 927
39 13 1044
39 14 1868
39 15 988
39 16 761
39 17 1602
39 18 410
39 19 1693
39 20 1005
39 21 948
39 22 1922
39 23 1081
39 24 240
39 25 1874
39 26 1033
39 27 192
39 28 1826
39 29 985
39 30 144
39 31 1778
39 32 937
39 33 96
39 34 1730
39 35 889
39 36 48
39 37 1682
39 38 841
39 39 0
39 40 1730
39 41 889
39 42 48
39 43 1778
39 44 937
39 45 96
39 46 1826
39 47 985
39 48 144
39 49 1874
39 50 1033
39 51 192
39 52 1922
39 53 1081
39 54 240
39 55 1970
39 56 1129
39 57 288
39 58 2042
40 0 408
40 1 1156
40 2 1733
40 3 403
40 4 1144
40 5 403
40 6 1108
40 7 368
40 8 406
40 9 966
40 10 1199
40 11 1346
40 12 1283
40 13 1070
40 14 342
40 15 1222
40 16 1065
40 17 128
40 18 1416
40 19 37
40 20 1205
40 21 1070
40 22 288
40 23 1129
40 24 1970
40 25 240
40 26 1081
40 27 1922
40 28 192
40 29 1033
40 30 1874
40 31 144
40 32 985
40 33 1826
40 34 96
40 35 937
40 36 1778
40 37 48
40 38 889
40 39 1730
40 40 0
40 41 841
40 42 1682
40 43 48
40 44 889
40 45 1730
40 46 96
40 47 937
40 48 1778
40 49 144
40 50 985
40 51 1826
40 52 192
40 53 1033
40 54 1874
40 55 240
40 56 1081
40 57 1922
40 58 408
41 0 1249
41 1 315
41 2 892
41 3 1014
41 4 303
41 5 1014
41 6 267
41 7 953
41 8 627
41 9 355
41 10 358
41 11 505
41 12 442
41 13 229
41 14 979
41 15 381
41 16 224
41 17 713
41 18 575
41 19 804
41 20 364
41 21 229
41 22 1129
41 23 288
41 24 1129
41 25 1081
41 26 240
41 27 1081
41 28 1033
41 29 192
41 30 1033
41 31 985
41 32 144
41 33 985
41 34 937
41 35 96
41 36 937
41 37 889
41 38 48
41 39 889
41 40 841
41 41 0
41 42 841
41 43 889
41 44 48
41 45 889
41 46 937
41 47 96
41 48 937
41 49 985
41 50 144
41 51 985
41 52 1033
41 53 192
41 54 1033
41 55 1081
41 56 240
41 57 1081
41 58 1249
42 0 2090
42 1 718
42 2 333
42 3 1855
42 4 1018
42 5 1855
42 6 670
42 7 1794
42 8 1468
42 9 1196
42 10 579
42 11 336
42 12 975
42 13 996
42 14 1820
42 15 940
42 16 809
42 17 1554
42 18 458
42 19 1645
42 20 1053
42 21 996
42 22 1970
42 23 1129
42 24 288
42 25 1922
42 26 1081
42 27 240
42 28 1874
42 29 1033
42 30 192
42 31 1826
42 32 985
42 33 144
42 34 1778
42 35 937
42 36 96
42 37 1730
42 38 889
42 39 48
42 40 1682
42 41 841
42 42 0
42 43 1730
42 44 889
42 45 48
42 46 1778
42 47 937
42 48 96
42 49 1826
42 50 985
42 51 144
42 52 1874
42 53 1033
42 54 192
42 55 1922
42 56 1081
42 57 240
42 58 2090
43 0 456
43 1 1108
43 2 1685
43 3 451
43 4 1192
43 5 451
43 6 1060
43 7 416
43 8 454
43 9 1014
43 10 1151
43 11 1394
43 12 1331
43 13 1022
43 14 294
43 15 1174
43 16 1113
43 17 176
43 18 1464
43 19 85
43 20 1253
43 21 1118
43 22 336
43 23 1177
43 24 2018
43 25 288
43 26 1129
43 27 1970
43 28 240
43 29 1081
43 30 1922
43 31 192
43 32 1033
43 33 1874
43 34 144
43 35 985
43 36 1826
43 37 96
43 38 937
43 39 1778
43 40 48
43 41 889
43 42 1730
43 43 0
43 44 841
43 45 1682
43 46 48
43 47 889
43 48 1730
43 49 96
43 50 937
43 51 1778
43 52 144
43 53 985
43 54 1826
43 55 192
43 56 1033
43 57 1874
43 58 456
44 0 1297
44 1 267
44 2 844
44 3 1062
44 4 351
44 5 1062
44 6 219
44 7 1001
44 8 675
44 9 403
44 10 310
44 11 553
44 12 490
44 13 181
44 14 931
44 15 333
44 16 272
44 17 761
44 18 623
44 19 852
44 20 412
44 21 277
44 22 1177
44 23 336
44 24 1177
44 25 1129
44 26 288
44 27 1129
44 28 1081
44 29 240
44 30 1081
44 31 1033
44 32 192
44 33 1033
44 34 985
44 35 144
44 36 985
44 37 937
44 38 96
44 39 937
44 40 889
44 41 48
44 42 889
44 43 841
44 44 0
44 45 841
44 46 889
44 47 48
44 48 889
44 49 937
44 50 96
44 51 937
44 52 985
44 53 144
44 54 985
44 55 1033
44 56 192
44 57 1033
44 58 1297
45 0 2138
45 1 670
45 2 285
45 3 1903
45 4 1066
45 5 1903
45 6 622
45 7 1842
45 8 1516
45 9 1244
45 10 531
45 11 384
45 12 1023
45 13 948
45 14 1772
45 15 892
45 16 857
45 17 1602
45 18 506
45 19 1693
45 20 1101
45 21 1044
45 22 2018
45 23 1177
45 24 336
45 25 1970
45 26 1129
45 27 288
45 28 1922
45 29 1081
45 30 240
45 31 1874
45 32 1033
45 33 192
45 34 1826
45 35 985
45 36 144
45 37 1778
45 38 937
45 39 96
45 40 1730
45 41 889
45 42 48
45 43 1682
45 44 841
45 45 0
45 46 1730
45 47 889
45 48 48
45 49 1778
45 50 937
45 51 96
45 52 1826
45 53 985
45 54 144
45 55 1874
45 56 1033
45 57 192
45 58 2138
46 0 504
46 1 1060
46 2 1637
46 3 499
46 4 1240
46 5 499
46 6 1108
46 7 464
46 8 502
46 9 1062
46 10 1199
46 11 1442
46 12 1379
46 13 974
46 14 246
46 15 1126
46 16 1161
46 17 224
46 18 1512
46 19 133
46 20 1301
46 21 1166
46 22 384
46 23 1225
46 24 2066
46 25 336
46 26 1177
46 27 2018
46 28 288
46 29 1129
46 30 1970
46 31 240
46 32 1081
46 33 1922
46 34 192
46 35 1033
46 36 1874
46 37 144
46 38 985
46 39 1826
46 40 96
46 41 937
46 42 1778
46 43 48
46 44 889
46 45 1730
46 46 0
46 47 841
46 48 1682
46 49 48
46 50 889
46 51 1730
46 52 96
46 53 937
46 54 1778
46 55 144
46 56 985
46 57 1826
46 58 504
47 0 1345
47 1 219
47 2 796
47 3 1110
47 4 399
47 5 1110
47 6 267
47 7 1049
47 8 723
47 9 451
47 10 358
47 11 601
47 12 538
47 13 133
47 14 883
47 15 285
47 16 320
47 17 809
47 18 671
47 19 900
47 20 460
47 21 325
47 22 1225
47 23 384
47 24 1225
47 25 1177
47 26 336
47 27 1177
47 28 1129
47 29 288
47 30 1129
47 31 1081
47 32 240
47 33 1081
47 34 1033
47 35 192
47 36 1033
47 37 985
47 38 144
47 39 985
47 40 937
47 41 96
47 42 937
47 43 889
47 44 48
47 45 889
47 46 841
47 47 0
47 48 841
47 49 889
47 50 48
47 51 889
47 52 937
47 53 96
47 54 937
47 55 985
47 56 144
47 57 985
47 58 1345
48 0 2186
48 1 622
48 2 237
48 3 1951
48 4 1114
48 5 1951
48 6 670
48 7 1890
48 8 1564
48 9 1292
48 10 579
48 11 432
48 12 1071
48 13 900
48 14 1724
48 15 844
48 16 905
48 17 1650
48 18 554
48 19 1741
48 20 1149
48 21 1092
48 22 2066
48 23 1225
48 24 384
48 25 2018
48 26 1177
48 27 336
48 28 1970
48 29 1129
48 30 288
48 31 1922
48 32 1081
48 33 240
48 34 1874
48 35 1033
48 36 192
48 37 1826
48 38 985
48 39 144
48 40 1778
48 41 937
48 42 96
48 43 1730
48 44 889
48 45 48
48 46 1682
48 47 841
48 48 0
48 49 1730
48 50 889
48 51 48
48 52 1778
48 53 937
48 54 96
48 55 1826
48 56 985
48 57 144
48 58 2186
49 0 552
49 1 1108
49 2 1589
49 3 547
49 4 1288
49 5 547
49 6 1156
49 7 512
49 8 550
49 9 1110
49 10 1247
49 11 1490
49 12 1427
49 13 926
49 14 198
49 15 1078
49 16 1209
49 17 272
49 18 1560
49 19 181
49 20 1349
49 21 1214
49 22 432
49 23 1273
49 24 2114
49 25 384
49 26 1225
49 27 2066
49 28 336
49 29 1177
49 30 2018
49 31 288
49 32 1129
49 33 1970
49 34 240
49 35 1081
49 36 1922
49 37 192
49 38 1033
49 39 1874
49 40 144
49 41 985
49 42 1826
49 43 96
49 44 937
49 45 1778
49 46 48
49 47 889
49 48 1730
49 49 0
49 50 841
49 51 1682
49 52 48
49 53 889
49 54 1730
49 55 96
49 56 937
49 57 1778
49 58 552
50 0 1393
50 1 267
50 2 748
50 3 1158
50 4 447
50 5 1158
50 6 315
50 7 1097
50 8 771
50 9 499
50 10 406
50 11 649
50 12 586
50 13 85
50 14 835
50 15 237
50 16 368
50 17 857
50 18 719
50 19 948
50 20 508
50 21 373
50 22 1273
50 23 432
50 24 1273
50 25 1225
50 26 384
50 27 1225
50 28 1177
50 29 336
50 30 1177
50 31 1129
50 32 288
50 33 1129
50 34 1081
50 35 240
50 36 1081
50 37 1033
50 38 192
50 39 1033
50 40 985
50 41 144
50 42 985
50 43 937
50 44 96
50 45 937
50 46 889
50 47 48
50 48 889
50 49 841
50 50 0
50 51 841
50 52 889
50 53 48
50 54 889
50 55 937
50 56 96
50 57 937
50 58 1393
51 0 2234
51 1 670
51 2 189
51 3 1999
51 4 1162
51 5 1999
51 6 718
51 7 1938
51 8 1612
51 9 1340
51 10 627
51 11 480
51 12 1119
51 13 852
51 14 1676
51 15 796
51 16 953
51 17 1698
51 18 602
51 19 1789
51 20 1197
51 21 1140
51 22 2114
51 23 1273
51 24 432
51 25 2066
51 26 1225
51 27 384
51 28 2018
51 29 1177
51 30 336
51 31 1970
51 32 1129
51 33 288
51 34 1922
51 35 1081
51 36 240
51 37 1874
51 38 1033
51 39 192
51 40 1826
51 41 985
51 42 144
51 43 1778
51 44 937
51 45 96
51 46 1730
51 47 889
51 48 48
51 49 1682
51 50 841
51 51 0
51 52 1730
51 53 889
51 54 48
51 55 1778
51 56 937
51 57 96
51 58 2234
52 0 600
52 1 1156
52 2 1541
52 3 595
52 4 1336
52 5 595
52 6 1204
52 7 560
52 8 598
52 9 1158
52 10 1295
52 11 1538
52 12 1475
52 13 878
52 14 150
52 15 1030
52 16 1257
52 17 320
52 18 1608
52 19 229
52 20 1397
52 21 1262
52 22 480
52 23 1321
52 24 2162
52 25 432
52 26 1273
52 27 2114
52 28 384
52 29 1225
52 30 2066
52 31 336
52 32 1177
52 33 2018
52 34 288
52 35 1129
52 36 1970
52 37 240
52 38 1081
52 39 1922
52 40 192
52 41 1033
52 42 1874
52 43 144
52 44 985
52 45 1826
52 46 96
52 47 937
52 48 1778
52 49 48
52 50 889
52 51 1730
52 52 0
52 53 841
52 54 1682
52 55 48
52 56 889
52 57 1730
52 58 600
53 0 1441
53 1 315
53 2 700
53 3 1206
53 4 495
53 5 1206
53 6 363
53 7 1145
53 8 819
53 9 547
53 10 454
53 11 697
53 12 634
53 13 37
53 14 787
53 15 189
53 16 416
53 17 905
53 18 767
53 19 996
53 20 556
53 21 421
53 22 1321
53 23 480
53 24 1321
53 25 1273
53 26 432
53 27 1273
53 28 1225
53 29 384
53 30 1225
53 31 1177
53 32 336
53 33 1177
53 34 1129
53 35 288
53 36 1129
53 37 1081
53 38 240
53 39 1081
53 40 1033
53 41 192
53 42 1033
53 43 985
53 44 144
53 45 985
53 46 937
53 47 96
53 48 937
53 49 889
53 50 48
53 51 889
53 52 841
53 53 0
53 54 841
53 55 889
53 56 48
53 57 889
53 58 1441
54 0 2282
54 1 718
54 2 141
54 3 2047
54 4 1210
54 5 2047
54 6 766
54 7 1986
54 8 1660
54 9 1388
54 10 675
54 11 528
54 12 1167
54 13 804
54 14 1628
54 15 748
54 16 1001
54 17 1746
54 18 650
54 19 1837
54 20 1245
54 21 1188
54 22 2162
54 23 1321
54 24 480
54 25 2114
54 26 1273
54 27 432
54 28 2066
54 29 1225
54 30 384
54 31 2018
54 32 1177
54 33 336
54 34 1970
54 35 1129
54 36 288
54 37 1922
54 38 1081
54 39 240
54 40 1874
54 41 1033
54 42 192
54 43 1826
54 44 985
54 45 144
54 46 1778
54 47 937
54 48 96
54 49 1730
54 50 889
54 51 48
54 52 1682
54 53 841
54 54 0
54 55 1730
54 56 889
54 57 48
54 58 2282
55 0 648
55 1 1204
55 2 1589
55 3 643
55 4 1384
55 5 643
55 6 1252
55 7 608
55 8 646
55 9 1206
55 10 1343
55 11 1586
55 12 1523
55 13 926
55 14 102
55 15 982
55 16 1305
55 17 368
55 18 1656
55 19 277
55 20 1445
55 21 1310
55 22 528
55 23 1369
55 24 2210
55 25 480
55 26 1321
55 27 2162
55 28 432
55 29 1273
55 30 2114
55 31 384
55 32 1225
55 33 2066
55 34 336
55 35 1177
55 36 2018
55 37 288
55 38 1129
55 39 1970
55 40 240
55 41 1081
55 42 1922
55 43 192
55 44 1033
55 45 1874
55 46 144
55 47 985
55 48 1826
55 49 96
55 50 937
55 51 1778
55 52 48
55 53 889
55 54 1730
55 55 0
55 56 841
55 57 1682
55 58 648
56 0 1489
56 1 363
56 2 748
56 3 1254
56 4 543
56 5 1254
56 6 411
56 7 1193
56 8 867
56 9 595
56 10 502
56 11 745
56 12 682
56 13 85
56 14 739
56 15 141
56 16 464
56 17 953
56 18 815
56 19 1044
56 20 604
56 21 469
56 22 1369
56 23 528
56 24 1369
56 25 1321
56 26 480
56 27 1321
56 28 1273
56 29 432
56 30 1273
56 31 1225
56 32 384
56 33 1225
56 34 1177
56 35 336
56 36 1177
56 37 1129
56 38 288
56 39 1129
56 40 1081
56 41 240
56 42 1081
56 43 1033
56 44 192
56 45 1033
56 46 985
56 47 144
56 48 985
56 49 937
56 50 96
56 51 937
56 52 889
56 53 48
56 54 889
56 55 841
56 56 0
56 57 841
56 58 1489
57 0 2330
57 1 766
57 2 189
57 3 2095
57 4 1258
57 5 2095
57 6 814
57 7 2034
57 8 1708
57 9 1436
57 10 723
57 11 576
57 12 1215
57 13 852
57 14 1580
57 15 700
57 16 1049
57 17 1794
57 18 698
57 19 1885
57 20 1293
57 21 1236
57 22 2210
57 23 1369
57 24 528
57 25 2162
57 26 1321
57 27 480
57 28 2114
57 29 1273
57 30 432
57 31 2066
57 32 1225
57 33 384
57 34 2018
57 35 1177
57 36 336
57 37 1970
57 38 1129
57 39 288
57 40 1922
57 41 1081
57 42 240
57 43 1874
57 44 1033
57 45 192
57 46 1826
57 47 985
57 48 144
57 49 1778
57 50 937
57 51 96
57 52 1730
57 53 889
57 54 48
57 55 1682
57 56 841
57 57 0
57 58 2330
58 0 0
58 1 1564
58 2 2141
58 3 235
58 4 1072
58 5 235
58 6 1516
58 7 296
58 8 622
58 9 894
58 10 1607
58 11 1754
58 12 1115
58 13 1478
58 14 750
58 15 1630
58 16 1281
58 17 536
58 18 1632
58 19 445
58 20 1037
58 21 1094
58 22 120
58 23 961
58 24 1802
58 25 168
58 26 1009
58 27 1850
58 28 216
58 29 1057
58 30 1898
58 31 264
58 32 1105
58 33 1946
58 34 312
58 35 1153
58 36 1994
58 37 360
58 38 1201
58 39 2042
58 40 408
58 41 1249
58 42 2090
58 43 456
58 44 1297
58 45 2138
58 46 504
58 47 1345
58 48 2186
58 49 552
58 50 1393
58 51 2234
58 52 600
58 53 1441
58 54 2282
58 55 648
58 56 1489
58 57 2330
58 58 0
//Location coordinates LocationName
//Loc x y
0 0.0 0.0 "depot"
1 384.0 1180.0 "product aisle 8 bloc 1 rank 30"
2 480.0 1661.0 "product aisle 10 bloc 1 rank 103"
3 0.0 235.0 "product aisle 0 bloc 0 rank 13"
4 48.0 1024.0 "product aisle 1 bloc 1 rank 6"
5 0.0 235.0 "product aisle 0 bloc 0 rank 14"
6 336.0 1180.0 "product aisle 7 bloc 1 rank 30"
7 48.0 248.0 "product aisle 1 bloc 0 rank 16"
8 192.0 430.0 "product aisle 4 bloc 0 rank 44"
9 48.0 846.0 "product aisle 1 bloc 0 rank 107"
10 336.0 1271.0 "product aisle 7 bloc 1 rank 44"
11 288.0 1466.0 "product aisle 6 bloc 1 rank 74"
12 0.0 1115.0 "product aisle 0 bloc 1 rank 19"
13 480.0 998.0 "product aisle 10 bloc 1 rank 1"
14 528.0 222.0 "product aisle 11 bloc 0 rank 12"
15 528.0 1102.0 "product aisle 11 bloc 1 rank 18"
16 192.0 1089.0 "product aisle 4 bloc 1 rank 15"
17 288.0 248.0 "product aisle 6 bloc 0 rank 16"
18 192.0 1440.0 "product aisle 4 bloc 1 rank 70"
19 288.0 157.0 "product aisle 6 bloc 0 rank 1"
20 0.0 1037.0 "product aisle 0 bloc 1 rank 7"
21 96.0 998.0 "product aisle 2 bloc 1 rank 2"
22 24.0 120.0 "intersection aisle 0 bloc 0 rank 0"
23 24.0 961.0 "intersection aisle 0 bloc 1 rank 1"
24 24.0 1802.0 "intersection aisle 0 bloc 2 rank 2"
25 72.0 120.0 "intersection aisle 1 bloc 0 rank 0"
26 72.0 961.0 "intersection aisle 1 bloc 1 rank 1"
27 72.0 1802.0 "intersection aisle 1 bloc 2 rank 2"
28 120.0 120.0 "intersection aisle 2 bloc 0 rank 0"
29 120.0 961.0 "intersection aisle 2 bloc 1 rank 1"
30 120.0 1802.0 "intersection aisle 2 bloc 2 rank 2"
31 168.0 120.0 "intersection aisle 3 bloc 0 rank 0"
32 168.0 961.0 "intersection aisle 3 bloc 1 rank 1"
33 168.0 1802.0 "intersection aisle 3 bloc 2 rank 2"
34 216.0 120.0 "intersection aisle 4 bloc 0 rank 0"
35 216.0 961.0 "intersection aisle 4 bloc 1 rank 1"
36 216.0 1802.0 "intersection aisle 4 bloc 2 rank 2"
37 264.0 120.0 "intersection aisle 5 bloc 0 rank 0"
38 264.0 961.0 "intersection aisle 5 bloc 1 rank 1"
39 264.0 1802.0 "intersection aisle 5 bloc 2 rank 2"
40 312.0 120.0 "intersection aisle 6 bloc 0 rank 0"
41 312.0 961.0 "intersection aisle 6 bloc 1 rank 1"
42 312.0 1802.0 "intersection aisle 6 bloc 2 rank 2"
43 360.0 120.0 "intersection aisle 7 bloc 0 rank 0"
44 360.0 961.0 "intersection aisle 7 bloc 1 rank 1"
45 360.0 1802.0 "intersection aisle 7 bloc 2 rank 2"
46 408.0 120.0 "intersection aisle 8 bloc 0 rank 0"
47 408.0 961.0 "intersection aisle 8 bloc 1 rank 1"
48 408.0 1802.0 "intersection aisle 8 bloc 2 rank 2"
49 456.0 120.0 "intersection aisle 9 bloc 0 rank 0"
50 456.0 961.0 "intersection aisle 9 bloc 1 rank 1"
51 456.0 1802.0 "intersection aisle 9 bloc 2 rank 2"
52 504.0 120.0 "intersection aisle 10 bloc 0 rank 0"
53 504.0 961.0 "intersection aisle 10 bloc 1 rank 1"
54 504.0 1802.0 "intersection aisle 10 bloc 2 rank 2"
55 552.0 120.0 "intersection aisle 11 bloc 0 rank 0"
