//alpha
1
//NbLocations
89
//NbProducts
34
//NbPickers
2
//CapaPicker
8
//TimeToTravelOneDistanceUnit
3
//SetupTime
5400
//PickTime
300
//Products
//Idx Location Size
1 1 1
2 2 1
3 3 1
4 4 1
5 5 1
6 6 1
7 7 1
8 8 1
9 9 1
10 10 1
11 11 1
12 12 1
13 13 1
14 14 1
15 15 1
16 16 1
17 17 1
18 18 1
19 19 1
20 20 1
21 21 1
22 22 1
23 23 1
24 24 1
25 25 1
26 26 1
27 27 1
28 28 1
29 29 1
30 30 1
31 31 1
32 32 1
33 33 1
34 34 1
//Orders
//NbOrders
18
//Idx DueDate TardinessPenalty NbProdInOrder ProdIdx1 Qty1 ProdIdx2 Qty2 ...
1 126000 0 2 1 1 2 1
2 126000 0 2 3 1 4 1
3 36000 0 2 5 1 6 1
4 72000 0 4 7 1 8 1 9 1 10 1
5 108000 0 4 11 1 12 1 13 1 14 1
6 126000 0 1 15 1
7 90000 0 1 16 1
8 108000 0 2 17 1 18 1
9 126000 0 2 19 1 20 1
10 126000 0 1 21 1
11 126000 0 1 22 1
12 90000 0 1 23 1
13 90000 0 3 24 1 25 1 26 1
14 54000 0 1 27 1
15 54000 0 1 28 1
16 126000 0 2 29 1 30 1
17 54000 0 2 31 1 32 1
18 72000 0 2 33 1 34 1
//Graph (Products are vertices indexed from 1 to NbProducts)
//NbVerticesIntersections
54
//DepartingDepot
0
//ArrivalDepot
89
//Arcs
//Start End Distance
0 35 120
1 14 416
1 32 247
2 72 830
2 73 401
3 20 455
3 58 466
4 39 882
4 40 349
5 74 1064
5 75 167
6 41 739
6 42 492
7 15 468
7 36 154
8 23 663
8 52 440
9 83 401
9 84 830
10 30 65
10 32 78
11 18 169
11 61 856
12 22 26
12 43 89
13 21 65
13 39 37
14 1 416
14 42 63
15 7 468
15 31 455
16 29 403
16 36 115
17 33 598
17 63 362
18 11 169
18 24 169
19 29 13
19 35 700
20 3 455
20 57 310
21 13 65
21 38 1129
22 12 26
22 25 78
23 8 663
23 51 128
24 18 169
24 60 37
25 22 78
25 30 169
26 50 908
26 51 323
27 81 518
27 82 713
28 47 1168
28 48 63
29 16 403
29 19 13
30 10 65
30 25 169
31 15 455
31 37 154
32 1 247
32 10 78
33 17 598
33 62 271
34 59 843
34 60 388
35 19 700
35 38 48
35 89 120
36 7 154
36 16 115
36 39 48
37 31 154
37 40 48
38 21 1129
38 35 48
38 41 48
39 4 882
39 13 37
39 36 48
39 42 48
40 4 349
40 37 48
40 43 48
41 6 739
41 38 48
41 44 48
42 6 492
42 14 63
42 39 48
42 45 48
43 12 89
43 40 48
43 46 48
44 41 48
44 45 1231
44 47 48
45 42 48
45 44 1231
45 46 1231
45 48 48
46 43 48
46 45 1231
46 49 48
47 28 1168
47 44 48
47 50 48
48 28 63
48 45 48
48 49 1231
48 51 48
49 46 48
49 48 1231
49 52 48
50 26 908
50 47 48
50 53 48
51 23 128
51 26 323
51 48 48
51 54 48
52 8 440
52 49 48
52 55 48
53 50 48
53 54 1231
53 56 48
54 51 48
54 53 1231
54 55 1231
54 57 48
55 52 48
55 54 1231
55 58 48
56 53 48
56 57 1231
56 59 48
57 20 310
57 54 48
57 56 1231
57 60 48
58 3 466
58 55 48
58 61 48
59 34 843
59 56 48
59 62 48
60 24 37
60 34 388
60 57 48
60 63 48
61 11 856
61 58 48
61 64 48
62 33 271
62 59 48
62 65 48
63 17 362
63 60 48
63 64 1231
63 66 48
64 61 48
64 63 1231
64 67 48
65 62 48
65 66 1231
65 68 48
66 63 48
66 65 1231
66 67 1231
66 69 48
67 64 48
67 66 1231
67 70 48
68 65 48
68 69 1231
68 71 48
69 66 48
69 68 1231
69 70 1231
69 72 48
70 67 48
70 69 1231
70 73 48
71 68 48
71 72 1231
71 74 48
72 2 830
72 69 48
72 71 1231
72 75 48
73 2 401
73 70 48
73 76 48
74 5 1064
74 71 48
74 77 48
75 5 167
75 72 48
75 76 1231
75 78 48
76 73 48
76 75 1231
76 79 48
77 74 48
77 78 1231
77 80 48
78 75 48
78 77 1231
78 79 1231
78 81 48
79 76 48
79 78 1231
79 82 48
80 77 48
80 81 1231
80 83 48
81 27 518
81 78 48
81 80 1231
81 84 48
82 27 713
82 79 48
82 85 48
83 9 401
83 80 48
83 86 48
84 9 830
84 81 48
84 85 1231
84 87 48
85 82 48
85 84 1231
85 88 48
86 83 48
86 87 1231
87 84 48
87 86 1231
87 88 1231
88 85 48
88 87 1231
//LocStart LocEnd ShortestPath
0 0 0
0 1 1926
0 2 2757
0 3 2452
0 4 2281
0 5 1808
0 6 955
0 7 1505
0 8 2382
0 9 1289
0 10 2251
0 11 2110
0 12 2589
0 13 1362
0 14 1510
0 15 1973
0 16 1236
0 17 1421
0 18 1941
0 19 820
0 20 1997
0 21 1297
0 22 2563
0 23 1719
0 24 1772
0 25 2485
0 26 1268
0 27 2589
0 28 1480
0 29 833
0 30 2316
0 31 2428
0 32 2173
0 33 823
0 34 1347
0 35 120
0 36 1351
0 37 2582
0 38 168
0 39 1399
0 40 2630
0 41 216
0 42 1447
0 43 2678
0 44 264
0 45 1495
0 46 2726
0 47 312
0 48 1543
0 49 2774
0 50 360
0 51 1591
0 52 2822
0 53 408
0 54 1639
0 55 2870
0 56 456
0 57 1687
0 58 2918
0 59 504
0 60 1735
0 61 2966
0 62 552
0 63 1783
0 64 3014
0 65 600
0 66 1831
0 67 3062
0 68 648
0 69 1879
0 70 3110
0 71 696
0 72 1927
0 73 3158
0 74 744
0 75 1975
0 76 3206
0 77 792
0 78 2023
0 79 3254
0 80 840
0 81 2071
0 82 3302
0 83 888
0 84 2119
0 85 3350
0 86 936
0 87 2167
0 88 3398
0 89 0
1 0 1926
1 1 0
1 2 1633
1 3 1458
1 4 1149
1 5 1174
1 6 971
1 7 729
1 8 1336
1 9 1981
1 10 325
1 11 1142
1 12 663
1 13 564
1 14 416
1 15 1197
1 16 690
1 17 1177
1 18 973
1 19 1106
1 20 1029
1 21 629
1 22 637
1 23 751
1 24 804
1 25 559
1 26 946
1 27 1621
1 28 638
1 29 1093
1 30 390
1 31 1002
1 32 247
1 33 1775
1 34 1155
1 35 1806
1 36 575
1 37 848
1 38 1758
1 39 527
1 40 800
1 41 1710
1 42 479
1 43 752
1 44 1758
1 45 527
1 46 800
1 47 1806
1 48 575
1 49 848
1 50 1854
1 51 623
1 52 896
1 53 1902
1 54 671
1 55 944
1 56 1950
1 57 719
1 58 992
1 59 1998
1 60 767
1 61 1040
1 62 2046
1 63 815
1 64 1088
1 65 2094
1 66 863
1 67 1136
1 68 2142
1 69 911
1 70 1184
1 71 2190
1 72 959
1 73 1232
1 74 2238
1 75 1007
1 76 1280
1 77 2286
1 78 1055
1 79 1328
1 80 2334
1 81 1103
1 82 1376
1 83 2382
1 84 1151
1 85 1424
1 86 2430
1 87 1199
1 88 1472
1 89 1926
2 0 2757
2 1 1633
2 2 0
2 3 1107
2 4 1278
2 5 1045
2 6 1802
2 7 1560
2 8 1177
2 9 1852
2 10 1308
2 11 1397
2 12 970
2 13 1395
2 14 1373
2 15 1586
2 16 1521
2 17 1336
2 18 1228
2 19 1937
2 20 1380
2 21 1460
2 22 996
2 23 1294
2 24 1059
2 25 1074
2 26 1489
2 27 1258
2 28 1277
2 29 1924
2 30 1243
2 31 1131
2 32 1386
2 33 1934
2 34 1410
2 35 2637
2 36 1406
2 37 977
2 38 2589
2 39 1358
2 40 929
2 41 2541
2 42 1310
2 43 881
2 44 2493
2 45 1262
2 46 833
2 47 2445
2 48 1214
2 49 785
2 50 2397
2 51 1166
2 52 737
2 53 2349
2 54 1118
2 55 689
2 56 2301
2 57 1070
2 58 641
2 59 2253
2 60 1022
2 61 593
2 62 2205
2 63 974
2 64 545
2 65 2157
2 66 926
2 67 497
2 68 2109
2 69 878
2 70 449
2 71 2061
2 72 830
2 73 401
2 74 2109
2 75 878
2 76 449
2 77 2157
2 78 926
2 79 497
2 80 2205
2 81 974
2 82 545
2 83 2253
2 84 1022
2 85 593
2 86 2301
2 87 1070
2 88 641
2 89 2757
3 0 2452
3 1 1458
3 2 1107
3 3 0
3 4 1103
3 5 1220
3 6 1497
3 7 1255
3 8 1002
3 9 2027
3 10 1133
3 11 1188
3 12 795
3 13 1090
3 14 1068
3 15 1411
3 16 1216
3 17 1223
3 18 1019
3 19 1632
3 20 455
3 21 1155
3 22 821
3 23 989
3 24 850
3 25 899
3 26 1184
3 27 1563
3 28 972
3 29 1619
3 30 1068
3 31 956
3 32 1211
3 33 1821
3 34 1201
3 35 2332
3 36 1101
3 37 802
3 38 2284
3 39 1053
3 40 754
3 41 2236
3 42 1005
3 43 706
3 44 2188
3 45 957
3 46 658
3 47 2140
3 48 909
3 49 610
3 50 2092
3 51 861
3 52 562
3 53 2044
3 54 813
3 55 514
3 56 1996
3 57 765
3 58 466
3 59 2044
3 60 813
3 61 514
3 62 2092
3 63 861
3 64 562
3 65 2140
3 66 909
3 67 610
3 68 2188
3 69 957
3 70 658
3 71 2236
3 72 1005
3 73 706
3 74 2284
3 75 1053
3 76 754
3 77 2332
3 78 1101
3 79 802
3 80 2380
3 81 1149
3 82 850
3 83 2428
3 84 1197
3 85 898
3 86 2476
3 87 1245
3 88 946
3 89 2452
4 0 2281
4 1 1149
4 2 1278
4 3 1103
4 4 0
4 5 1625
4 6 1422
4 7 1084
4 8 981
4 9 2432
4 10 824
4 11 1541
4 12 486
4 13 919
4 14 993
4 15 1006
4 16 1045
4 17 1628
4 18 1424
4 19 1461
4 20 1480
4 21 984
4 22 512
4 23 1202
4 24 1255
4 25 590
4 26 1397
4 27 1734
4 28 1089
4 29 1448
4 30 759
4 31 551
4 32 902
4 33 2226
4 34 1606
4 35 2161
4 36 930
4 37 397
4 38 2113
4 39 882
4 40 349
4 41 2161
4 42 930
4 43 397
4 44 2209
4 45 978
4 46 445
4 47 2257
4 48 1026
4 49 493
4 50 2305
4 51 1074
4 52 541
4 53 2353
4 54 1122
4 55 589
4 56 2401
4 57 1170
4 58 637
4 59 2449
4 60 1218
4 61 685
4 62 2497
4 63 1266
4 64 733
4 65 2545
4 66 1314
4 67 781
4 68 2593
4 69 1362
4 70 829
4 71 2641
4 72 1410
4 73 877
4 74 2689
4 75 1458
4 76 925
4 77 2737
4 78 1506
4 79 973
4 80 2785
4 81 1554
4 82 1021
4 83 2833
4 84 1602
4 85 1069
4 86 2881
4 87 1650
4 88 1117
4 89 2281
5 0 1808
5 1 1174
5 2 1045
5 3 1220
5 4 1625
5 5 0
5 6 1187
5 7 945
5 8 1342
5 9 1141
5 10 1499
5 11 782
5 12 1837
5 13 780
5 14 758
5 15 1413
5 16 906
5 17 721
5 18 613
5 19 1322
5 20 765
5 21 845
5 22 1811
5 23 679
5 24 444
5 25 1733
5 26 874
5 27 781
5 28 662
5 29 1309
5 30 1564
5 31 1868
5 32 1421
5 33 1319
5 34 795
5 35 1688
5 36 791
5 37 2022
5 38 1640
5 39 743
5 40 1974
5 41 1592
5 42 695
5 43 1926
5 44 1544
5 45 647
5 46 1878
5 47 1496
5 48 599
5 49 1830
5 50 1448
5 51 551
5 52 1782
5 53 1400
5 54 503
5 55 1734
5 56 1352
5 57 455
5 58 1686
5 59 1304
5 60 407
5 61 1638
5 62 1256
5 63 359
5 64 1590
5 65 1208
5 66 311
5 67 1542
5 68 1160
5 69 263
5 70 1494
5 71 1112
5 72 215
5 73 1446
5 74 1064
5 75 167
5 76 1398
5 77 1112
5 78 215
5 79 1446
5 80 1160
5 81 263
5 82 1494
5 83 1208
5 84 311
5 85 1542
5 86 1256
5 87 359
5 88 1590
5 89 1808
6 0 955
6 1 971
6 2 1802
6 3 1497
6 4 1422
6 5 1187
6 6 0
6 7 742
6 8 1427
6 9 1812
6 10 1296
6 11 1155
6 12 1634
6 13 577
6 14 555
6 15 1210
6 16 703
6 17 1190
6 18 986
6 19 1119
6 20 1042
6 21 642
6 22 1608
6 23 764
6 24 817
6 25 1530
6 26 959
6 27 1634
6 28 651
6 29 1106
6 30 1361
6 31 1665
6 32 1218
6 33 1346
6 34 1168
6 35 835
6 36 588
6 37 1819
6 38 787
6 39 540
6 40 1771
6 41 739
6 42 492
6 43 1723
6 44 787
6 45 540
6 46 1771
6 47 835
6 48 588
6 49 1819
6 50 883
6 51 636
6 52 1867
6 53 931
6 54 684
6 55 1915
6 56 979
6 57 732
6 58 1963
6 59 1027
6 60 780
6 61 2011
6 62 1075
6 63 828
6 64 2059
6 65 1123
6 66 876
6 67 2107
6 68 1171
6 69 924
6 70 2155
6 71 1219
6 72 972
6 73 2203
6 74 1267
6 75 1020
6 76 2251
6 77 1315
6 78 1068
6 79 2299
6 80 1363
6 81 1116
6 82 2347
6 83 1411
6 84 1164
6 85 2395
6 86 1459
6 87 1212
6 88 2443
6 89 955
7 0 1505
7 1 729
7 2 1560
7 3 1255
7 4 1084
7 5 945
7 6 742
7 7 0
7 8 1185
7 9 1752
7 10 1054
7 11 913
7 12 1262
7 13 239
7 14 313
7 15 468
7 16 269
7 17 948
7 18 744
7 19 685
7 20 800
7 21 304
7 22 1288
7 23 522
7 24 575
7 25 1288
7 26 717
7 27 1392
7 28 409
7 29 672
7 30 1119
7 31 923
7 32 976
7 33 1546
7 34 926
7 35 1385
7 36 154
7 37 1077
7 38 1433
7 39 202
7 40 1125
7 41 1481
7 42 250
7 43 1173
7 44 1529
7 45 298
7 46 1221
7 47 1577
7 48 346
7 49 1269
7 50 1625
7 51 394
7 52 1317
7 53 1673
7 54 442
7 55 1365
7 56 1721
7 57 490
7 58 1413
7 59 1769
7 60 538
7 61 1461
7 62 1817
7 63 586
7 64 1509
7 65 1865
7 66 634
7 67 1557
7 68 1913
7 69 682
7 70 1605
7 71 1961
7 72 730
7 73 1653
7 74 2009
7 75 778
7 76 1701
7 77 2057
7 78 826
7 79 1749
7 80 2105
7 81 874
7 82 1797
7 83 2153
7 84 922
7 85 1845
7 86 2201
7 87 970
7 88 1893
7 89 1505
8 0 2382
8 1 1336
8 2 1177
8 3 1002
8 4 981
8 5 1342
8 6 1427
8 7 1185
8 8 0
8 9 2149
8 10 1011
8 11 1310
8 12 673
8 13 1020
8 14 998
8 15 1289
8 16 1146
8 17 1345
8 18 1141
8 19 1562
8 20 1197
8 21 1085
8 22 699
8 23 663
8 24 972
8 25 777
8 26 1114
8 27 1633
8 28 902
8 29 1549
8 30 946
8 31 834
8 32 1089
8 33 1943
8 34 1323
8 35 2262
8 36 1031
8 37 680
8 38 2214
8 39 983
8 40 632
8 41 2166
8 42 935
8 43 584
8 44 2118
8 45 887
8 46 536
8 47 2070
8 48 839
8 49 488
8 50 2022
8 51 791
8 52 440
8 53 2070
8 54 839
8 55 488
8 56 2118
8 57 887
8 58 536
8 59 2166
8 60 935
8 61 584
8 62 2214
8 63 983
8 64 632
8 65 2262
8 66 1031
8 67 680
8 68 2310
8 69 1079
8 70 728
8 71 2358
8 72 1127
8 73 776
8 74 2406
8 75 1175
8 76 824
8 77 2454
8 78 1223
8 79 872
8 80 2502
8 81 1271
8 82 920
8 83 2550
8 84 1319
8 85 968
8 86 2598
8 87 1367
8 88 1016
8 89 2382
9 0 1289
9 1 1981
9 2 1852
9 3 2027
9 4 2432
9 5 1141
9 6 1812
9 7 1752
9 8 2149
9 9 0
9 10 2306
9 11 1589
9 12 2644
9 13 1587
9 14 1565
9 15 2220
9 16 1713
9 17 1528
9 18 1420
9 19 1869
9 20 1572
9 21 1652
9 22 2618
9 23 1486
9 24 1251
9 25 2540
9 26 1681
9 27 1396
9 28 1469
9 29 1882
9 30 2371
9 31 2675
9 32 2228
9 33 1008
9 34 1602
9 35 1169
9 36 1598
9 37 2829
9 38 1121
9 39 1550
9 40 2781
9 41 1073
9 42 1502
9 43 2733
9 44 1025
9 45 1454
9 46 2685
9 47 977
9 48 1406
9 49 2637
9 50 929
9 51 1358
9 52 2589
9 53 881
9 54 1310
9 55 2541
9 56 833
9 57 1262
9 58 2493
9 59 785
9 60 1214
9 61 2445
9 62 737
9 63 1166
9 64 2397
9 65 689
9 66 1118
9 67 2349
9 68 641
9 69 1070
9 70 2301
9 71 593
9 72 1022
9 73 2253
9 74 545
9 75 974
9 76 2205
9 77 497
9 78 926
9 79 2157
9 80 449
9 81 878
9 82 2109
9 83 401
9 84 830
9 85 2061
9 86 449
9 87 878
9 88 2109
9 89 1289
10 0 2251
10 1 325
10 2 1308
10 3 1133
10 4 824
10 5 1499
10 6 1296
10 7 1054
10 8 1011
10 9 2306
10 10 0
10 11 1467
10 12 338
10 13 889
10 14 741
10 15 1132
10 16 1015
10 17 1502
10 18 1298
10 19 1431
10 20 1354
10 21 954
10 22 312
10 23 1076
10 24 1129
10 25 234
10 26 1271
10 27 1764
10 28 963
10 29 1418
10 30 65
10 31 677
10 32 78
10 33 2100
10 34 1480
10 35 2131
10 36 900
10 37 523
10 38 2083
10 39 852
10 40 475
10 41 2035
10 42 804
10 43 427
10 44 2083
10 45 852
10 46 475
10 47 2131
10 48 900
10 49 523
10 50 2179
10 51 948
10 52 571
10 53 2227
10 54 996
10 55 619
10 56 2275
10 57 1044
10 58 667
10 59 2323
10 60 1092
10 61 715
10 62 2371
10 63 1140
10 64 763
10 65 2419
10 66 1188
10 67 811
10 68 2467
10 69 1236
10 70 859
10 71 2515
10 72 1284
10 73 907
10 74 2563
10 75 1332
10 76 955
10 77 2611
10 78 1380
10 79 1003
10 80 2659
10 81 1428
10 82 1051
10 83 2707
10 84 1476
10 85 1099
10 86 2755
10 87 1524
10 88 1147
10 89 2251
11 0 2110
11 1 1142
11 2 1397
11 3 1188
11 4 1541
11 5 782
11 6 1155
11 7 913
11 8 1310
11 9 1589
11 10 1467
11 11 0
11 12 1233
11 13 748
11 14 726
11 15 1381
11 16 874
11 17 785
11 18 169
11 19 1290
11 20 733
11 21 813
11 22 1259
11 23 647
11 24 338
11 25 1337
11 26 842
11 27 1229
11 28 630
11 29 1277
11 30 1506
11 31 1394
11 32 1389
11 33 1383
11 34 763
11 35 1990
11 36 759
11 37 1240
11 38 1942
11 39 711
11 40 1192
11 41 1894
11 42 663
11 43 1144
11 44 1846
11 45 615
11 46 1096
11 47 1798
11 48 567
11 49 1048
11 50 1750
11 51 519
11 52 1000
11 53 1702
11 54 471
11 55 952
11 56 1654
11 57 423
11 58 904
11 59 1606
11 60 375
11 61 856
11 62 1654
11 63 423
11 64 904
11 65 1702
11 66 471
11 67 952
11 68 1750
11 69 519
11 70 1000
11 71 1798
11 72 567
11 73 1048
11 74 1846
11 75 615
11 76 1096
11 77 1894
11 78 663
11 79 1144
11 80 1942
11 81 711
11 82 1192
11 83 1990
11 84 759
11 85 1240
11 86 2038
11 87 807
11 88 1288
11 89 2110
12 0 2589
12 1 663
12 2 970
12 3 795
12 4 486
12 5 1837
12 6 1634
12 7 1262
12 8 673
12 9 2644
12 10 338
12 11 1233
12 12 0
12 13 1227
12 14 1079
12 15 794
12 16 1353
12 17 1840
12 18 1402
12 19 1769
12 20 1250
12 21 1292
12 22 26
12 23 1336
12 24 1467
12 25 104
12 26 1609
12 27 1426
12 28 1301
12 29 1756
12 30 273
12 31 339
12 32 416
12 33 2438
12 34 1818
12 35 2469
12 36 1238
12 37 185
12 38 2421
12 39 1190
12 40 137
12 41 2373
12 42 1142
12 43 89
12 44 2421
12 45 1190
12 46 137
12 47 2469
12 48 1238
12 49 185
12 50 2517
12 51 1286
12 52 233
12 53 2565
12 54 1334
12 55 281
12 56 2613
12 57 1382
12 58 329
12 59 2661
12 60 1430
12 61 377
12 62 2709
12 63 1478
12 64 425
12 65 2757
12 66 1526
12 67 473
12 68 2805
12 69 1574
12 70 521
12 71 2853
12 72 1622
12 73 569
12 74 2901
12 75 1670
12 76 617
12 77 2949
12 78 1718
12 79 665
12 80 2997
12 81 1766
12 82 713
12 83 3045
12 84 1814
12 85 761
12 86 3093
12 87 1862
12 88 809
12 89 2589
13 0 1362
13 1 564
13 2 1395
13 3 1090
13 4 919
13 5 780
13 6 577
13 7 239
13 8 1020
13 9 1587
13 10 889
13 11 748
13 12 1227
13 13 0
13 14 148
13 15 707
13 16 200
13 17 783
13 18 579
13 19 616
13 20 635
13 21 65
13 22 1201
13 23 357
13 24 410
13 25 1123
13 26 552
13 27 1227
13 28 244
13 29 603
13 30 954
13 31 1162
13 32 811
13 33 1381
13 34 761
13 35 1242
13 36 85
13 37 1316
13 38 1194
13 39 37
13 40 1268
13 41 1242
13 42 85
13 43 1316
13 44 1290
13 45 133
13 46 1364
13 47 1338
13 48 181
13 49 1412
13 50 1386
13 51 229
13 52 1460
13 53 1434
13 54 277
13 55 1508
13 56 1482
13 57 325
13 58 1556
13 59 1530
13 60 373
13 61 1604
13 62 1578
13 63 421
13 64 1652
13 65 1626
13 66 469
13 67 1700
13 68 1674
13 69 517
13 70 1748
13 71 1722
13 72 565
13 73 1796
13 74 1770
13 75 613
13 76 1844
13 77 1818
13 78 661
13 79 1892
13 80 1866
13 81 709
13 82 1940
13 83 1914
13 84 757
13 85 1988
13 86 1962
13 87 805
13 88 2036
13 89 1362
14 0 1510
14 1 416
14 2 1373
14 3 1068
14 4 993
14 5 758
14 6 555
14 7 313
14 8 998
14 9 1565
14 10 741
14 11 726
14 12 1079
14 13 148
14 14 0
14 15 781
14 16 274
14 17 761
14 18 557
14 19 690
14 20 613
14 21 213
14 22 1053
14 23 335
14 24 388
14 25 975
14 26 530
14 27 1205
14 28 222
14 29 677
14 30 806
14 31 1236
14 32 663
14 33 1359
14 34 739
14 35 1390
14 36 159
14 37 1264
14 38 1342
14 39 111
14 40 1216
14 41 1294
14 42 63
14 43 1168
14 44 1342
14 45 111
14 46 1216
14 47 1390
14 48 159
14 49 1264
14 50 1438
14 51 207
14 52 1312
14 53 1486
14 54 255
14 55 1360
14 56 1534
14 57 303
14 58 1408
14 59 1582
14 60 351
14 61 1456
14 62 1630
14 63 399
14 64 1504
14 65 1678
14 66 447
14 67 1552
14 68 1726
14 69 495
14 70 1600
14 71 1774
14 72 543
14 73 1648
14 74 1822
14 75 591
14 76 1696
14 77 1870
14 78 639
14 79 1744
14 80 1918
14 81 687
14 82 1792
14 83 1966
14 84 735
14 85 1840
14 86 2014
14 87 783
14 88 1888
14 89 1510
15 0 1973
15 1 1197
15 2 1586
15 3 1411
15 4 1006
15 5 1413
15 6 1210
15 7 468
15 8 1289
15 9 2220
15 10 1132
15 11 1381
15 12 794
15 13 707
15 14 781
15 15 0
15 16 737
15 17 1416
15 18 1212
15 19 1153
15 20 1268
15 21 772
15 22 820
15 23 990
15 24 1043
15 25 898
15 26 1185
15 27 1860
15 28 877
15 29 1140
15 30 1067
15 31 455
15 32 1210
15 33 2014
15 34 1394
15 35 1853
15 36 622
15 37 609
15 38 1901
15 39 670
15 40 657
15 41 1949
15 42 718
15 43 705
15 44 1997
15 45 766
15 46 753
15 47 2045
15 48 814
15 49 801
15 50 2093
15 51 862
15 52 849
15 53 2141
15 54 910
15 55 897
15 56 2189
15 57 958
15 58 945
15 59 2237
15 60 1006
15 61 993
15 62 2285
15 63 1054
15 64 1041
15 65 2333
15 66 1102
15 67 1089
15 68 2381
15 69 1150
15 70 1137
15 71 2429
15 72 1198
15 73 1185
15 74 2477
15 75 1246
15 76 1233
15 77 2525
15 78 1294
15 79 1281
15 80 2573
15 81 1342
15 82 1329
15 83 2621
15 84 1390
15 85 1377
15 86 2669
15 87 1438
15 88 1425
15 89 1973
16 0 1236
16 1 690
16 2 1521
16 3 1216
16 4 1045
16 5 906
16 6 703
16 7 269
16 8 1146
16 9 1713
16 10 1015
16 11 874
16 12 1353
16 13 200
16 14 274
16 15 737
16 16 0
16 17 909
16 18 705
16 19 416
16 20 761
16 21 265
16 22 1327
16 23 483
16 24 536
16 25 1249
16 26 678
16 27 1353
16 28 370
16 29 403
16 30 1080
16 31 1192
16 32 937
16 33 1507
16 34 887
16 35 1116
16 36 115
16 37 1346
16 38 1164
16 39 163
16 40 1394
16 41 1212
16 42 211
16 43 1442
16 44 1260
16 45 259
16 46 1490
16 47 1308
16 48 307
16 49 1538
16 50 1356
16 51 355
16 52 1586
16 53 1404
16 54 403
16 55 1634
16 56 1452
16 57 451
16 58 1682
16 59 1500
16 60 499
16 61 1730
16 62 1548
16 63 547
16 64 1778
16 65 1596
16 66 595
16 67 1826
16 68 1644
16 69 643
16 70 1874
16 71 1692
16 72 691
16 73 1922
16 74 1740
16 75 739
16 76 1970
16 77 1788
16 78 787
16 79 2018
16 80 1836
16 81 835
16 82 2066
16 83 1884
16 84 883
16 85 2114
16 86 1932
16 87 931
16 88 2162
16 89 1236
17 0 1421
17 1 1177
17 2 1336
17 3 1223
17 4 1628
17 5 721
17 6 1190
17 7 948
17 8 1345
17 9 1528
17 10 1502
17 11 785
17 12 1840
17 13 783
17 14 761
17 15 1416
17 16 909
17 17 0
17 18 616
17 19 1325
17 20 768
17 21 848
17 22 1814
17 23 682
17 24 447
17 25 1736
17 26 877
17 27 1168
17 28 665
17 29 1312
17 30 1567
17 31 1871
17 32 1424
17 33 598
17 34 798
17 35 1301
17 36 794
17 37 2025
17 38 1253
17 39 746
17 40 1977
17 41 1205
17 42 698
17 43 1929
17 44 1157
17 45 650
17 46 1881
17 47 1109
17 48 602
17 49 1833
17 50 1061
17 51 554
17 52 1785
17 53 1013
17 54 506
17 55 1737
17 56 965
17 57 458
17 58 1689
17 59 917
17 60 410
17 61 1641
17 62 869
17 63 362
17 64 1593
17 65 917
17 66 410
17 67 1641
17 68 965
17 69 458
17 70 1689
17 71 1013
17 72 506
17 73 1737
17 74 1061
17 75 554
17 76 1785
17 77 1109
17 78 602
17 79 1833
17 80 1157
17 81 650
17 82 1881
17 83 1205
17 84 698
17 85 1929
17 86 1253
17 87 746
17 88 1977
17 89 1421
18 0 1941
18 1 973
18 2 1228
18 3 1019
18 4 1424
18 5 613
18 6 986
18 7 744
18 8 1141
18 9 1420
18 10 1298
18 11 169
18 12 1402
18 13 579
18 14 557
18 15 1212
18 16 705
18 17 616
18 18 0
18 19 1121
18 20 564
18 21 644
18 22 1428
18 23 478
18 24 169
18 25 1506
18 26 673
18 27 1060
18 28 461
18 29 1108
18 30 1363
18 31 1563
18 32 1220
18 33 1214
18 34 594
18 35 1821
18 36 590
18 37 1409
18 38 1773
18 39 542
18 40 1361
18 41 1725
18 42 494
18 43 1313
18 44 1677
18 45 446
18 46 1265
18 47 1629
18 48 398
18 49 1217
18 50 1581
18 51 350
18 52 1169
18 53 1533
18 54 302
18 55 1121
18 56 1485
18 57 254
18 58 1073
18 59 1437
18 60 206
18 61 1025
18 62 1485
18 63 254
18 64 1073
18 65 1533
18 66 302
18 67 1121
18 68 1581
18 69 350
18 70 1169
18 71 1629
18 72 398
18 73 1217
18 74 1677
18 75 446
18 76 1265
18 77 1725
18 78 494
18 79 1313
18 80 1773
18 81 542
18 82 1361
18 83 1821
18 84 590
18 85 1409
18 86 1869
18 87 638
18 88 1457
18 89 1941
19 0 820
19 1 1106
19 2 1937
19 3 1632
19 4 1461
19 5 1322
19 6 1119
19 7 685
19 8 1562
19 9 1869
19 10 1431
19 11 1290
19 12 1769
19 13 616
19 14 690
19 15 1153
19 16 416
19 17 1325
19 18 1121
19 19 0
19 20 1177
19 21 681
19 22 1743
19 23 899
19 24 952
19 25 1665
19 26 1094
19 27 1769
19 28 786
19 29 13
19 30 1496
19 31 1608
19 32 1353
19 33 1403
19 34 1303
19 35 700
19 36 531
19 37 1762
19 38 748
19 39 579
19 40 1810
19 41 796
19 42 627
19 43 1858
19 44 844
19 45 675
19 46 1906
19 47 892
19 48 723
19 49 1954
19 50 940
19 51 771
19 52 2002
19 53 988
19 54 819
19 55 2050
19 56 1036
19 57 867
19 58 2098
19 59 1084
19 60 915
19 61 2146
19 62 1132
19 63 963
19 64 2194
19 65 1180
19 66 1011
19 67 2242
19 68 1228
19 69 1059
19 70 2290
19 71 1276
19 72 1107
19 73 2338
19 74 1324
19 75 1155
19 76 2386
19 77 1372
19 78 1203
19 79 2434
19 80 1420
19 81 1251
19 82 2482
19 83 1468
19 84 1299
19 85 2530
19 86 1516
19 87 1347
19 88 2578
19 89 820
20 0 1997
20 1 1029
20 2 1380
20 3 455
20 4 1480
20 5 765
20 6 1042
20 7 800
20 8 1197
20 9 1572
20 10 1354
20 11 733
20 12 1250
20 13 635
20 14 613
20 15 1268
20 16 761
20 17 768
20 18 564
20 19 1177
20 20 0
20 21 700
20 22 1276
20 23 534
20 24 395
20 25 1354
20 26 729
20 27 1212
20 28 517
20 29 1164
20 30 1419
20 31 1411
20 32 1276
20 33 1366
20 34 746
20 35 1877
20 36 646
20 37 1257
20 38 1829
20 39 598
20 40 1209
20 41 1781
20 42 550
20 43 1161
20 44 1733
20 45 502
20 46 1113
20 47 1685
20 48 454
20 49 1065
20 50 1637
20 51 406
20 52 1017
20 53 1589
20 54 358
20 55 969
20 56 1541
20 57 310
20 58 921
20 59 1589
20 60 358
20 61 969
20 62 1637
20 63 406
20 64 1017
20 65 1685
20 66 454
20 67 1065
20 68 1733
20 69 502
20 70 1113
20 71 1781
20 72 550
20 73 1161
20 74 1829
20 75 598
20 76 1209
20 77 1877
20 78 646
20 79 1257
20 80 1925
20 81 694
20 82 1305
20 83 1973
20 84 742
20 85 1353
20 86 2021
20 87 790
20 88 1401
20 89 1997
21 0 1297
21 1 629
21 2 1460
21 3 1155
21 4 984
21 5 845
21 6 642
21 7 304
21 8 1085
21 9 1652
21 10 954
21 11 813
21 12 1292
21 13 65
21 14 213
21 15 772
21 16 265
21 17 848
21 18 644
21 19 681
21 20 700
21 21 0
21 22 1266
21 23 422
21 24 475
21 25 1188
21 26 617
21 27 1292
21 28 309
21 29 668
21 30 1019
21 31 1227
21 32 876
21 33 1446
21 34 826
21 35 1177
21 36 150
21 37 1381
21 38 1129
21 39 102
21 40 1333
21 41 1177
21 42 150
21 43 1381
21 44 1225
21 45 198
21 46 1429
21 47 1273
21 48 246
21 49 1477
21 50 1321
21 51 294
21 52 1525
21 53 1369
21 54 342
21 55 1573
21 56 1417
21 57 390
21 58 1621
21 59 1465
21 60 438
21 61 1669
21 62 1513
21 63 486
21 64 1717
21 65 1561
21 66 534
21 67 1765
21 68 1609
21 69 582
21 70 1813
21 71 1657
21 72 630
21 73 1861
21 74 1705
21 75 678
21 76 1909
21 77 1753
21 78 726
21 79 1957
21 80 1801
21 81 774
21 82 2005
21 83 1849
21 84 822
21 85 2053
21 86 1897
21 87 870
21 88 2101
21 89 1297
22 0 2563
22 1 637
22 2 996
22 3 821
22 4 512
22 5 1811
22 6 1608
22 7 1288
22 8 699
22 9 2618
22 10 312
22 11 1259
22 12 26
22 13 1201
22 14 1053
22 15 820
22 16 1327
22 17 1814
22 18 1428
22 19 1743
22 20 1276
22 21 1266
22 22 0
22 23 1362
22 24 1441
22 25 78
22 26 1583
22 27 1452
22 28 1275
22 29 1730
22 30 247
22 31 365
22 32 390
22 33 2412
22 34 1792
22 35 2443
22 36 1212
22 37 211
22 38 2395
22 39 1164
22 40 163
22 41 2347
22 42 1116
22 43 115
22 44 2395
22 45 1164
22 46 163
22 47 2443
22 48 1212
22 49 211
22 50 2491
22 51 1260
22 52 259
22 53 2539
22 54 1308
22 55 307
22 56 2587
22 57 1356
22 58 355
22 59 2635
22 60 1404
22 61 403
22 62 2683
22 63 1452
22 64 451
22 65 2731
22 66 1500
22 67 499
22 68 2779
22 69 1548
22 70 547
22 71 2827
22 72 1596
22 73 595
22 74 2875
22 75 1644
22 76 643
22 77 2923
22 78 1692
22 79 691
22 80 2971
22 81 1740
22 82 739
22 83 3019
22 84 1788
22 85 787
22 86 3067
22 87 1836
22 88 835
22 89 2563
23 0 1719
23 1 751
23 2 1294
23 3 989
23 4 1202
23 5 679
23 6 764
23 7 522
23 8 663
23 9 1486
23 10 1076
23 11 647
23 12 1336
23 13 357
23 14 335
23 15 990
23 16 483
23 17 682
23 18 478
23 19 899
23 20 534
23 21 422
23 22 1362
23 23 0
23 24 309
23 25 1310
23 26 451
23 27 1126
23 28 239
23 29 886
23 30 1141
23 31 1445
23 32 998
23 33 1280
23 34 660
23 35 1599
23 36 368
23 37 1343
23 38 1551
23 39 320
23 40 1295
23 41 1503
23 42 272
23 43 1247
23 44 1455
23 45 224
23 46 1199
23 47 1407
23 48 176
23 49 1151
23 50 1359
23 51 128
23 52 1103
23 53 1407
23 54 176
23 55 1151
23 56 1455
23 57 224
23 58 1199
23 59 1503
23 60 272
23 61 1247
23 62 1551
23 63 320
23 64 1295
23 65 1599
23 66 368
23 67 1343
23 68 1647
23 69 416
23 70 1391
23 71 1695
23 72 464
23 73 1439
23 74 1743
23 75 512
23 76 1487
23 77 1791
23 78 560
23 79 1535
23 80 1839
23 81 608
23 82 1583
23 83 1887
23 84 656
23 85 1631
23 86 1935
23 87 704
23 88 1679
23 89 1719
24 0 1772
24 1 804
24 2 1059
24 3 850
24 4 1255
24 5 444
24 6 817
24 7 575
24 8 972
24 9 1251
24 10 1129
24 11 338
24 12 1467
24 13 410
24 14 388
24 15 1043
24 16 536
24 17 447
24 18 169
24 19 952
24 20 395
24 21 475
24 22 1441
24 23 309
24 24 0
24 25 1363
24 26 504
24 27 891
24 28 292
24 29 939
24 30 1194
24 31 1498
24 32 1051
24 33 1045
24 34 425
24 35 1652
24 36 421
24 37 1578
24 38 1604
24 39 373
24 40 1530
24 41 1556
24 42 325
24 43 1482
24 44 1508
24 45 277
24 46 1434
24 47 1460
24 48 229
24 49 1386
24 50 1412
24 51 181
24 52 1338
24 53 1364
24 54 133
24 55 1290
24 56 1316
24 57 85
24 58 1242
24 59 1268
24 60 37
24 61 1194
24 62 1316
24 63 85
24 64 1242
24 65 1364
24 66 133
24 67 1290
24 68 1412
24 69 181
24 70 1338
24 71 1460
24 72 229
24 73 1386
24 74 1508
24 75 277
24 76 1434
24 77 1556
24 78 325
24 79 1482
24 80 1604
24 81 373
24 82 1530
24 83 1652
24 84 421
24 85 1578
24 86 1700
24 87 469
24 88 1626
24 89 1772
25 0 2485
25 1 559
25 2 1074
25 3 899
25 4 590
25 5 1733
25 6 1530
25 7 1288
25 8 777
25 9 2540
25 10 234
25 11 1337
25 12 104
25 13 1123
25 14 975
25 15 898
25 16 1249
25 17 1736
25 18 1506
25 19 1665
25 20 1354
25 21 1188
25 22 78
25 23 1310
25 24 1363
25 25 0
25 26 1505
25 27 1530
25 28 1197
25 29 1652
25 30 169
25 31 443
25 32 312
25 33 2334
25 34 1714
25 35 2365
25 36 1134
25 37 289
25 38 2317
25 39 1086
25 40 241
25 41 2269
25 42 1038
25 43 193
25 44 2317
25 45 1086
25 46 241
25 47 2365
25 48 1134
25 49 289
25 50 2413
25 51 1182
25 52 337
25 53 2461
25 54 1230
25 55 385
25 56 2509
25 57 1278
25 58 433
25 59 2557
25 60 1326
25 61 481
25 62 2605
25 63 1374
25 64 529
25 65 2653
25 66 1422
25 67 577
25 68 2701
25 69 1470
25 70 625
25 71 2749
25 72 1518
25 73 673
25 74 2797
25 75 1566
25 76 721
25 77 2845
25 78 1614
25 79 769
25 80 2893
25 81 1662
25 82 817
25 83 2941
25 84 1710
25 85 865
25 86 2989
25 87 1758
25 88 913
25 89 2485
26 0 1268
26 1 946
26 2 1489
26 3 1184
26 4 1397
26 5 874
26 6 959
26 7 717
26 8 1114
26 9 1681
26 10 1271
26 11 842
26 12 1609
26 13 552
26 14 530
26 15 1185
26 16 678
26 17 877
26 18 673
26 19 1094
26 20 729
26 21 617
26 22 1583
26 23 451
26 24 504
26 25 1505
26 26 0
26 27 1321
26 28 434
26 29 1081
26 30 1336
26 31 1640
26 32 1193
26 33 1371
26 34 855
26 35 1148
26 36 563
26 37 1794
26 38 1100
26 39 515
26 40 1746
26 41 1052
26 42 467
26 43 1698
26 44 1004
26 45 419
26 46 1650
26 47 956
26 48 371
26 49 1602
26 50 908
26 51 323
26 52 1554
26 53 956
26 54 371
26 55 1602
26 56 1004
26 57 419
26 58 1650
26 59 1052
26 60 467
26 61 1698
26 62 1100
26 63 515
26 64 1746
26 65 1148
26 66 563
26 67 1794
26 68 1196
26 69 611
26 70 1842
26 71 1244
26 72 659
26 73 1890
26 74 1292
26 75 707
26 76 1938
26 77 1340
26 78 755
26 79 1986
26 80 1388
26 81 803
26 82 2034
26 83 1436
26 84 851
26 85 2082
26 86 1484
26 87 899
26 88 2130
26 89 1268
27 0 2589
27 1 1621
27 2 1258
27 3 1563
27 4 1734
27 5 781
27 6 1634
27 7 1392
27 8 1633
27 9 1396
27 10 1764
27 11 1229
27 12 1426
27 13 1227
27 14 1205
27 15 1860
27 16 1353
27 17 1168
27 18 1060
27 19 1769
27 20 1212
27 21 1292
27 22 1452
27 23 1126
27 24 891
27 25 1530
27 26 1321
27 27 0
27 28 1109
27 29 1756
27 30 1699
27 31 1587
27 32 1842
27 33 1766
27 34 1242
27 35 2469
27 36 1238
27 37 1433
27 38 2421
27 39 1190
27 40 1385
27 41 2373
27 42 1142
27 43 1337
27 44 2325
27 45 1094
27 46 1289
27 47 2277
27 48 1046
27 49 1241
27 50 2229
27 51 998
27 52 1193
27 53 2181
27 54 950
27 55 1145
27 56 2133
27 57 902
27 58 1097
27 59 2085
27 60 854
27 61 1049
27 62 2037
27 63 806
27 64 1001
27 65 1989
27 66 758
27 67 953
27 68 1941
27 69 710
27 70 905
27 71 1893
27 72 662
27 73 857
27 74 1845
27 75 614
27 76 809
27 77 1797
27 78 566
27 79 761
27 80 1749
27 81 518
27 82 713
27 83 1797
27 84 566
27 85 761
27 86 1845
27 87 614
27 88 809
27 89 2589
28 0 1480
28 1 638
28 2 1277
28 3 972
28 4 1089
28 5 662
28 6 651
28 7 409
28 8 902
28 9 1469
28 10 963
28 11 630
28 12 1301
28 13 244
28 14 222
28 15 877
28 16 370
28 17 665
28 18 461
28 19 786
28 20 517
28 21 309
28 22 1275
28 23 239
28 24 292
28 25 1197
28 26 434
28 27 1109
28 28 0
28 29 773
28 30 1028
28 31 1332
28 32 885
28 33 1263
28 34 643
28 35 1360
28 36 255
28 37 1486
28 38 1312
28 39 207
28 40 1438
28 41 1264
28 42 159
28 43 1390
28 44 1216
28 45 111
28 46 1342
28 47 1168
28 48 63
28 49 1294
28 50 1216
28 51 111
28 52 1342
28 53 1264
28 54 159
28 55 1390
28 56 1312
28 57 207
28 58 1438
28 59 1360
28 60 255
28 61 1486
28 62 1408
28 63 303
28 64 1534
28 65 1456
28 66 351
28 67 1582
28 68 1504
28 69 399
28 70 1630
28 71 1552
28 72 447
28 73 1678
28 74 1600
28 75 495
28 76 1726
28 77 1648
28 78 543
28 79 1774
28 80 1696
28 81 591
28 82 1822
28 83 1744
28 84 639
28 85 1870
28 86 1792
28 87 687
28 88 1918
28 89 1480
29 0 833
29 1 1093
29 2 1924
29 3 1619
29 4 1448
29 5 1309
29 6 1106
29 7 672
29 8 1549
29 9 1882
29 10 1418
29 11 1277
29 12 1756
29 13 603
29 14 677
29 15 1140
29 16 403
29 17 1312
29 18 1108
29 19 13
29 20 1164
29 21 668
29 22 1730
29 23 886
29 24 939
29 25 1652
29 26 1081
29 27 1756
29 28 773
29 29 0
29 30 1483
29 31 1595
29 32 1340
29 33 1416
29 34 1290
29 35 713
29 36 518
29 37 1749
29 38 761
29 39 566
29 40 1797
29 41 809
29 42 614
29 43 1845
29 44 857
29 45 662
29 46 1893
29 47 905
29 48 710
29 49 1941
29 50 953
29 51 758
29 52 1989
29 53 1001
29 54 806
29 55 2037
29 56 1049
29 57 854
29 58 2085
29 59 1097
29 60 902
29 61 2133
29 62 1145
29 63 950
29 64 2181
29 65 1193
29 66 998
29 67 2229
29 68 1241
29 69 1046
29 70 2277
29 71 1289
29 72 1094
29 73 2325
29 74 1337
29 75 1142
29 76 2373
29 77 1385
29 78 1190
29 79 2421
29 80 1433
29 81 1238
29 82 2469
29 83 1481
29 84 1286
29 85 2517
29 86 1529
29 87 1334
29 88 2565
29 89 833
30 0 2316
30 1 390
30 2 1243
30 3 1068
30 4 759
30 5 1564
30 6 1361
30 7 1119
30 8 946
30 9 2371
30 10 65
30 11 1506
30 12 273
30 13 954
30 14 806
30 15 1067
30 16 1080
30 17 1567
30 18 1363
30 19 1496
30 20 1419
30 21 1019
30 22 247
30 23 1141
30 24 1194
30 25 169
30 26 1336
30 27 1699
30 28 1028
30 29 1483
30 30 0
30 31 612
30 32 143
30 33 2165
30 34 1545
30 35 2196
30 36 965
30 37 458
30 38 2148
30 39 917
30 40 410
30 41 2100
30 42 869
30 43 362
30 44 2148
30 45 917
30 46 410
30 47 2196
30 48 965
30 49 458
30 50 2244
30 51 1013
30 52 506
30 53 2292
30 54 1061
30 55 554
30 56 2340
30 57 1109
30 58 602
30 59 2388
30 60 1157
30 61 650
30 62 2436
30 63 1205
30 64 698
30 65 2484
30 66 1253
30 67 746
30 68 2532
30 69 1301
30 70 794
30 71 2580
30 72 1349
30 73 842
30 74 2628
30 75 1397
30 76 890
30 77 2676
30 78 1445
30 79 938
30 80 2724
30 81 1493
30 82 986
30 83 2772
30 84 1541
30 85 1034
30 86 2820
30 87 1589
30 88 1082
30 89 2316
31 0 2428
31 1 1002
31 2 1131
31 3 956
31 4 551
31 5 1868
31 6 1665
31 7 923
31 8 834
31 9 2675
31 10 677
31 11 1394
31 12 339
31 13 1162
31 14 1236
31 15 455
31 16 1192
31 17 1871
31 18 1563
31 19 1608
31 20 1411
31 21 1227
31 22 365
31 23 1445
31 24 1498
31 25 443
31 26 1640
31 27 1587
31 28 1332
31 29 1595
31 30 612
31 31 0
31 32 755
31 33 2469
31 34 1849
31 35 2308
31 36 1077
31 37 154
31 38 2356
31 39 1125
31 40 202
31 41 2404
31 42 1173
31 43 250
31 44 2452
31 45 1221
31 46 298
31 47 2500
31 48 1269
31 49 346
31 50 2548
31 51 1317
31 52 394
31 53 2596
31 54 1365
31 55 442
31 56 2644
31 57 1413
31 58 490
31 59 2692
31 60 1461
31 61 538
31 62 2740
31 63 1509
31 64 586
31 65 2788
31 66 1557
31 67 634
31 68 2836
31 69 1605
31 70 682
31 71 2884
31 72 1653
31 73 730
31 74 2932
31 75 1701
31 76 778
31 77 2980
31 78 1749
31 79 826
31 80 3028
31 81 1797
31 82 874
31 83 3076
31 84 1845
31 85 922
31 86 3124
31 87 1893
31 88 970
31 89 2428
32 0 2173
32 1 247
32 2 1386
32 3 1211
32 4 902
32 5 1421
32 6 1218
32 7 976
32 8 1089
32 9 2228
32 10 78
32 11 1389
32 12 416
32 13 811
32 14 663
32 15 1210
32 16 937
32 17 1424
32 18 1220
32 19 1353
32 20 1276
32 21 876
32 22 390
32 23 998
32 24 1051
32 25 312
32 26 1193
32 27 1842
32 28 885
32 29 1340
32 30 143
32 31 755
32 32 0
32 33 2022
32 34 1402
32 35 2053
32 36 822
32 37 601
32 38 2005
32 39 774
32 40 553
32 41 1957
32 42 726
32 43 505
32 44 2005
32 45 774
32 46 553
32 47 2053
32 48 822
32 49 601
32 50 2101
32 51 870
32 52 649
32 53 2149
32 54 918
32 55 697
32 56 2197
32 57 966
32 58 745
32 59 2245
32 60 1014
32 61 793
32 62 2293
32 63 1062
32 64 841
32 65 2341
32 66 1110
32 67 889
32 68 2389
32 69 1158
32 70 937
32 71 2437
32 72 1206
32 73 985
32 74 2485
32 75 1254
32 76 1033
32 77 2533
32 78 1302
32 79 1081
32 80 2581
32 81 1350
32 82 1129
32 83 2629
32 84 1398
32 85 1177
32 86 2677
32 87 1446
32 88 1225
32 89 2173
33 0 823
33 1 1775
33 2 1934
33 3 1821
33 4 2226
33 5 1319
33 6 1346
33 7 1546
33 8 1943
33 9 1008
33 10 2100
33 11 1383
33 12 2438
33 13 1381
33 14 1359
33 15 2014
33 16 1507
33 17 598
33 18 1214
33 19 1403
33 20 1366
33 21 1446
33 22 2412
33 23 1280
33 24 1045
33 25 2334
33 26 1371
33 27 1766
33 28 1263
33 29 1416
33 30 2165
33 31 2469
33 32 2022
33 33 0
33 34 1162
33 35 703
33 36 1392
33 37 2623
33 38 655
33 39 1344
33 40 2575
33 41 607
33 42 1296
33 43 2527
33 44 559
33 45 1248
33 46 2479
33 47 511
33 48 1200
33 49 2431
33 50 463
33 51 1152
33 52 2383
33 53 415
33 54 1104
33 55 2335
33 56 367
33 57 1056
33 58 2287
33 59 319
33 60 1008
33 61 2239
33 62 271
33 63 960
33 64 2191
33 65 319
33 66 1008
33 67 2239
33 68 367
33 69 1056
33 70 2287
33 71 415
33 72 1104
33 73 2335
33 74 463
33 75 1152
33 76 2383
33 77 511
33 78 1200
33 79 2431
33 80 559
33 81 1248
33 82 2479
33 83 607
33 84 1296
33 85 2527
33 86 655
33 87 1344
33 88 2575
33 89 823
34 0 1347
34 1 1155
34 2 1410
34 3 1201
34 4 1606
34 5 795
34 6 1168
34 7 926
34 8 1323
34 9 1602
34 10 1480
34 11 763
34 12 1818
34 13 761
34 14 739
34 15 1394
34 16 887
34 17 798
34 18 594
34 19 1303
34 20 746
34 21 826
34 22 1792
34 23 660
34 24 425
34 25 1714
34 26 855
34 27 1242
34 28 643
34 29 1290
34 30 1545
34 31 1849
34 32 1402
34 33 1162
34 34 0
34 35 1227
34 36 772
34 37 2003
34 38 1179
34 39 724
34 40 1955
34 41 1131
34 42 676
34 43 1907
34 44 1083
34 45 628
34 46 1859
34 47 1035
34 48 580
34 49 1811
34 50 987
34 51 532
34 52 1763
34 53 939
34 54 484
34 55 1715
34 56 891
34 57 436
34 58 1667
34 59 843
34 60 388
34 61 1619
34 62 891
34 63 436
34 64 1667
34 65 939
34 66 484
34 67 1715
34 68 987
34 69 532
34 70 1763
34 71 1035
34 72 580
34 73 1811
34 74 1083
34 75 628
34 76 1859
34 77 1131
34 78 676
34 79 1907
34 80 1179
34 81 724
34 82 1955
34 83 1227
34 84 772
34 85 2003
34 86 1275
34 87 820
34 88 2051
34 89 1347
35 0 120
35 1 1806
35 2 2637
35 3 2332
35 4 2161
35 5 1688
35 6 835
35 7 1385
35 8 2262
35 9 1169
35 10 2131
35 11 1990
35 12 2469
35 13 1242
35 14 1390
35 15 1853
35 16 1116
35 17 1301
35 18 1821
35 19 700
35 20 1877
35 21 1177
35 22 2443
35 23 1599
35 24 1652
35 25 2365
35 26 1148
35 27 2469
35 28 1360
35 29 713
35 30 2196
35 31 2308
35 32 2053
35 33 703
35 34 1227
35 35 0
35 36 1231
35 37 2462
35 38 48
35 39 1279
35 40 2510
35 41 96
35 42 1327
35 43 2558
35 44 144
35 45 1375
35 46 2606
35 47 192
35 48 1423
35 49 2654
35 50 240
35 51 1471
35 52 2702
35 53 288
35 54 1519
35 55 2750
35 56 336
35 57 1567
35 58 2798
35 59 384
35 60 1615
35 61 2846
35 62 432
35 63 1663
35 64 2894
35 65 480
35 66 1711
35 67 2942
35 68 528
35 69 1759
35 70 2990
35 71 576
35 72 1807
35 73 3038
35 74 624
35 75 1855
35 76 3086
35 77 672
35 78 1903
35 79 3134
35 80 720
35 81 1951
35 82 3182
35 83 768
35 84 1999
35 85 3230
35 86 816
35 87 2047
35 88 3278
35 89 120
36 0 1351
36 1 575
36 2 1406
36 3 1101
36 4 930
36 5 791
36 6 588
36 7 154
36 8 1031
36 9 1598
36 10 900
36 11 759
36 12 1238
36 13 85
36 14 159
36 15 622
36 16 115
36 17 794
36 18 590
36 19 531
36 20 646
36 21 150
36 22 1212
36 23 368
36 24 421
36 25 1134
36 26 563
36 27 1238
36 28 255
36 29 518
36 30 965
36 31 1077
36 32 822
36 33 1392
36 34 772
36 35 1231
36 36 0
36 37 1231
36 38 1279
36 39 48
36 40 1279
36 41 1327
36 42 96
36 43 1327
36 44 1375
36 45 144
36 46 1375
36 47 1423
36 48 192
36 49 1423
36 50 1471
36 51 240
36 52 1471
36 53 1519
36 54 288
36 55 1519
36 56 1567
36 57 336
36 58 1567
36 59 1615
36 60 384
36 61 1615
36 62 1663
36 63 432
36 64 1663
36 65 1711
36 66 480
36 67 1711
36 68 1759
36 69 528
36 70 1759
36 71 1807
36 72 576
36 73 1807
36 74 1855
36 75 624
36 76 1855
36 77 1903
36 78 672
36 79 1903
36 80 1951
36 81 720
36 82 1951
36 83 1999
36 84 768
36 85 1999
36 86 2047
36 87 816
36 88 2047
36 89 1351
37 0 2582
37 1 848
37 2 977
37 3 802
37 4 397
37 5 2022
37 6 1819
37 7 1077
37 8 680
37 9 2829
37 10 523
37 11 1240
37 12 185
37 13 1316
37 14 1264
37 15 609
37 16 1346
37 17 2025
37 18 1409
37 19 1762
37 20 1257
37 21 1381
37 22 211
37 23 1343
37 24 1578
37 25 289
37 26 1794
37 27 1433
37 28 1486
37 29 1749
37 30 458
37 31 154
37 32 601
37 33 2623
37 34 2003
37 35 2462
37 36 1231
37 37 0
37 38 2510
37 39 1279
37 40 48
37 41 2558
37 42 1327
37 43 96
37 44 2606
37 45 1375
37 46 144
37 47 2654
37 48 1423
37 49 192
37 50 2702
37 51 1471
37 52 240
37 53 2750
37 54 1519
37 55 288
37 56 2798
37 57 1567
37 58 336
37 59 2846
37 60 1615
37 61 384
37 62 2894
37 63 1663
37 64 432
37 65 2942
37 66 1711
37 67 480
37 68 2990
37 69 1759
37 70 528
37 71 3038
37 72 1807
37 73 576
37 74 3086
37 75 1855
37 76 624
37 77 3134
37 78 1903
37 79 672
37 80 3182
37 81 1951
37 82 720
37 83 3230
37 84 1999
37 85 768
37 86 3278
37 87 2047
37 88 816
37 89 2582
38 0 168
38 1 1758
38 2 2589
38 3 2284
38 4 2113
38 5 1640
38 6 787
38 7 1433
38 8 2214
38 9 1121
38 10 2083
38 11 1942
38 12 2421
38 13 1194
38 14 1342
38 15 1901
38 16 1164
38 17 1253
38 18 1773
38 19 748
38 20 1829
38 21 1129
38 22 2395
38 23 1551
38 24 1604
38 25 2317
38 26 1100
38 27 2421
38 28 1312
38 29 761
38 30 2148
38 31 2356
38 32 2005
38 33 655
38 34 1179
38 35 48
38 36 1279
38 37 2510
38 38 0
38 39 1231
38 40 2462
38 41 48
38 42 1279
38 43 2510
38 44 96
38 45 1327
38 46 2558
38 47 144
38 48 1375
38 49 2606
38 50 192
38 51 1423
38 52 2654
38 53 240
38 54 1471
38 55 2702
38 56 288
38 57 1519
38 58 2750
38 59 336
38 60 1567
38 61 2798
38 62 384
38 63 1615
38 64 2846
38 65 432
38 66 1663
38 67 2894
38 68 480
38 69 1711
38 70 2942
38 71 528
38 72 1759
38 73 2990
38 74 576
38 75 1807
38 76 3038
38 77 624
38 78 1855
38 79 3086
38 80 672
38 81 1903
38 82 3134
38 83 720
38 84 1951
38 85 3182
38 86 768
38 87 1999
38 88 3230
38 89 168
39 0 1399
39 1 527
39 2 1358
39 3 1053
39 4 882
39 5 743
39 6 540
39 7 202
39 8 983
39 9 1550
39 10 852
39 11 711
39 12 1190
39 13 37
39 14 111
39 15 670
39 16 163
39 17 746
39 18 542
39 19 579
39 20 598
39 21 102
39 22 1164
39 23 320
39 24 373
39 25 1086
39 26 515
39 27 1190
39 28 207
39 29 566
39 30 917
39 31 1125
39 32 774
39 33 1344
39 34 724
39 35 1279
39 36 48
39 37 1279
39 38 1231
39 39 0
39 40 1231
39 41 1279
39 42 48
39 43 1279
39 44 1327
39 45 96
39 46 1327
39 47 1375
39 48 144
39 49 1375
39 50 1423
39 51 192
39 52 1423
39 53 1471
39 54 240
39 55 1471
39 56 1519
39 57 288
39 58 1519
39 59 1567
39 60 336
39 61 1567
39 62 1615
39 63 384
39 64 1615
39 65 1663
39 66 432
