//alpha
1
//NbLocations
74
//NbProducts
19
//NbPickers
2
//CapaPicker
8
//TimeToTravelOneDistanceUnit
3
//SetupTime
5400
//PickTime
300
//Products
//Idx Location Size
1 1 1
2 2 1
3 3 1
4 4 1
5 5 1
6 6 1
7 7 1
8 8 1
9 9 1
10 10 1
11 11 1
12 12 1
13 13 1
14 14 1
15 15 1
16 16 1
17 17 1
18 18 1
19 19 1
//Orders
//NbOrders
6
//Idx DueDate TardinessPenalty NbProdInOrder ProdIdx1 Qty1 ProdIdx2 Qty2 ...
1 72000 0 3 1 1 2 1 3 1
2 126000 0 5 4 1 5 1 6 1 7 1 8 1
3 72000 0 1 9 1
4 144000 0 6 10 1 11 1 12 1 13 1 14 1 15 1
5 126000 0 2 16 1 17 1
6 126000 0 2 18 1 19 1
//Graph (Products are vertices indexed from 1 to NbProducts)
//NbVerticesIntersections
54
//DepartingDepot
0
//ArrivalDepot
74
//Arcs
//Start End Distance
0 20 120
1 60 1116
1 61 115
2 36 635
2 37 596
3 19 442
3 41 50
4 32 1142
4 33 89
5 53 921
5 54 310
6 42 271
6 43 960
7 57 1194
7 58 37
8 10 182
8 51 635
9 27 895
9 28 336
10 8 182
10 50 414
11 24 661
11 25 570
12 48 518
12 49 713
13 71 492
13 72 739
14 51 960
14 52 271
15 35 349
15 36 882
16 33 583
16 34 648
17 44 375
17 45 856
18 30 1155
18 31 76
19 3 442
19 42 739
20 21 1231
20 23 48
20 74 120
21 20 1231
21 22 1231
21 24 48
22 21 1231
22 25 48
23 20 48
23 24 1231
23 26 48
24 11 661
24 21 48
24 23 1231
24 27 48
25 11 570
25 22 48
25 28 48
26 23 48
26 27 1231
26 29 48
27 9 895
27 24 48
27 26 1231
27 30 48
28 9 336
28 25 48
28 31 48
29 26 48
29 30 1231
29 32 48
30 18 1155
30 27 48
30 29 1231
30 33 48
31 18 76
31 28 48
31 34 48
32 4 1142
32 29 48
32 35 48
33 4 89
33 16 583
33 30 48
33 36 48
34 16 648
34 31 48
34 37 48
35 15 349
35 32 48
35 38 48
36 2 635
36 15 882
36 33 48
36 39 48
37 2 596
37 34 48
37 40 48
38 35 48
38 39 1231
38 41 48
39 36 48
39 38 1231
39 40 1231
39 42 48
40 37 48
40 39 1231
40 43 48
41 3 50
41 38 48
41 44 48
42 6 271
42 19 739
42 39 48
42 45 48
43 6 960
43 40 48
43 46 48
44 17 375
44 41 48
44 47 48
45 17 856
45 42 48
45 46 1231
45 48 48
46 43 48
46 45 1231
46 49 48
47 44 48
47 48 1231
47 50 48
48 12 518
48 45 48
48 47 1231
48 51 48
49 12 713
49 46 48
49 52 48
50 10 414
50 47 48
50 53 48
51 8 635
51 14 960
51 48 48
51 54 48
52 14 271
52 49 48
52 55 48
53 5 921
53 50 48
53 56 48
54 5 310
54 51 48
54 55 1231
54 57 48
55 52 48
55 54 1231
55 58 48
56 53 48
56 57 1231
56 59 48
57 7 1194
57 54 48
57 56 1231
57 60 48
58 7 37
58 55 48
58 61 48
59 56 48
59 60 1231
59 62 48
60 1 1116
60 57 48
60 59 1231
60 63 48
61 1 115
61 58 48
61 64 48
62 59 48
62 63 1231
62 65 48
63 60 48
63 62 1231
63 64 1231
63 66 48
64 61 48
64 63 1231
64 67 48
65 62 48
65 66 1231
65 68 48
66 63 48
66 65 1231
66 67 1231
66 69 48
67 64 48
67 66 1231
67 70 48
68 65 48
68 69 1231
68 71 48
69 66 48
69 68 1231
69 70 1231
69 72 48
70 67 48
70 69 1231
70 73 48
71 13 492
71 68 48
72 13 739
72 69 48
72 73 1231
73 70 48
73 72 1231
//LocStart LocEnd ShortestPath
0 0 0
0 1 3091
0 2 2226
0 3 506
0 4 1454
0 5 1569
0 6 1958
0 7 3121
0 8 1196
0 9 2342
0 10 1014
0 11 2060
0 12 2301
0 13 1428
0 14 2791
0 15 709
0 16 2126
0 17 879
0 18 2650
0 19 948
0 20 120
0 21 1351
0 22 2582
0 23 168
0 24 1399
0 25 2630
0 26 216
0 27 1447
0 28 2678
0 29 264
0 30 1495
0 31 2726
0 32 312
0 33 1543
0 34 2774
0 35 360
0 36 1591
0 37 2822
0 38 408
0 39 1639
0 40 2870
0 41 456
0 42 1687
0 43 2918
0 44 504
0 45 1735
0 46 2966
0 47 552
0 48 1783
0 49 3014
0 50 600
0 51 1831
0 52 3062
0 53 648
0 54 1879
0 55 3110
0 56 696
0 57 1927
0 58 3158
0 59 744
0 60 1975
0 61 3206
0 62 792
0 63 2023
0 64 3254
0 65 840
0 66 2071
0 67 3302
0 68 888
0 69 2119
0 70 3350
0 71 936
0 72 2167
0 73 3398
0 74 0
1 0 3091
1 1 0
1 2 1095
1 3 2585
1 4 1637
1 5 1522
1 6 1363
1 7 200
1 8 1895
1 9 979
1 10 2077
1 11 1261
1 12 1020
1 13 2047
1 14 530
1 15 2382
1 16 1195
1 17 2212
1 18 671
1 19 2143
1 20 2971
1 21 1740
1 22 739
1 23 2923
1 24 1692
1 25 691
1 26 2875
1 27 1644
1 28 643
1 29 2827
1 30 1596
1 31 595
1 32 2779
1 33 1548
1 34 547
1 35 2731
1 36 1500
1 37 499
1 38 2683
1 39 1452
1 40 451
1 41 2635
1 42 1404
1 43 403
1 44 2587
1 45 1356
1 46 355
1 47 2539
1 48 1308
1 49 307
1 50 2491
1 51 1260
1 52 259
1 53 2443
1 54 1212
1 55 211
1 56 2395
1 57 1164
1 58 163
1 59 2347
1 60 1116
1 61 115
1 62 2395
1 63 1164
1 64 163
1 65 2443
1 66 1212
1 67 211
1 68 2491
1 69 1260
1 70 259
1 71 2539
1 72 1308
1 73 307
1 74 3091
2 0 2226
2 1 1095
2 2 0
2 3 1912
2 4 772
2 5 1233
2 6 1002
2 7 969
2 8 1510
2 9 1076
2 10 1692
2 11 1358
2 12 1345
2 13 1950
2 14 1107
2 15 1517
2 16 1266
2 17 1635
2 18 768
2 19 1470
2 20 2106
2 21 875
2 22 836
2 23 2058
2 24 827
2 25 788
2 26 2010
2 27 779
2 28 740
2 29 1962
2 30 731
2 31 692
2 32 1914
2 33 683
2 34 644
2 35 1866
2 36 635
2 37 596
2 38 1914
2 39 683
2 40 644
2 41 1962
2 42 731
2 43 692
2 44 2010
2 45 779
2 46 740
2 47 2058
2 48 827
2 49 788
2 50 2106
2 51 875
2 52 836
2 53 2154
2 54 923
2 55 884
2 56 2202
2 57 971
2 58 932
2 59 2250
2 60 1019
2 61 980
2 62 2298
2 63 1067
2 64 1028
2 65 2346
2 66 1115
2 67 1076
2 68 2394
2 69 1163
2 70 1124
2 71 2442
2 72 1211
2 73 1172
2 74 2226
3 0 506
3 1 2585
3 2 1912
3 3 0
3 4 1336
3 5 1163
3 6 1452
3 7 2615
3 8 790
3 9 2316
3 10 608
3 11 2130
3 12 1795
3 13 1022
3 14 2285
3 15 495
3 16 1908
3 17 473
3 18 2528
3 19 442
3 20 386
3 21 1517
3 22 2748
3 23 338
3 24 1469
3 25 2700
3 26 290
3 27 1421
3 28 2652
3 29 242
3 30 1373
3 31 2604
3 32 194
3 33 1325
3 34 2556
3 35 146
3 36 1277
3 37 2508
3 38 98
3 39 1229
3 40 2460
3 41 50
3 42 1181
3 43 2412
3 44 98
3 45 1229
3 46 2460
3 47 146
3 48 1277
3 49 2508
3 50 194
3 51 1325
3 52 2556
3 53 242
3 54 1373
3 55 2604
3 56 290
3 57 1421
3 58 2652
3 59 338
3 60 1469
3 61 2700
3 62 386
3 63 1517
3 64 2748
3 65 434
3 66 1565
3 67 2796
3 68 482
3 69 1613
3 70 2844
3 71 530
3 72 1661
3 73 2892
3 74 506
4 0 1454
4 1 1637
4 2 772
4 3 1336
4 4 0
4 5 735
4 6 504
4 7 1667
4 8 1012
4 9 1080
4 10 1194
4 11 894
4 12 847
4 13 1452
4 14 1337
4 15 1019
4 16 672
4 17 1137
4 18 1292
4 19 972
4 20 1334
4 21 281
4 22 1512
4 23 1286
4 24 233
4 25 1464
4 26 1238
4 27 185
4 28 1416
4 29 1190
4 30 137
4 31 1368
4 32 1142
4 33 89
4 34 1320
4 35 1190
4 36 137
4 37 1368
4 38 1238
4 39 185
4 40 1416
4 41 1286
4 42 233
4 43 1464
4 44 1334
4 45 281
4 46 1512
4 47 1382
4 48 329
4 49 1560
4 50 1430
4 51 377
4 52 1608
4 53 1478
4 54 425
4 55 1656
4 56 1526
4 57 473
4 58 1704
4 59 1574
4 60 521
4 61 1752
4 62 1622
4 63 569
4 64 1800
4 65 1670
4 66 617
4 67 1848
4 68 1718
4 69 665
4 70 1896
4 71 1766
4 72 713
4 73 1944
4 74 1454
5 0 1569
5 1 1522
5 2 1233
5 3 1163
5 4 735
5 5 0
5 6 773
5 7 1552
5 8 993
5 9 1637
5 10 1175
5 11 1451
5 12 924
5 13 1337
5 14 1318
5 15 1480
5 16 1229
5 17 1310
5 18 1849
5 19 1241
5 20 1449
5 21 838
5 22 2069
5 23 1401
5 24 790
5 25 2021
5 26 1353
5 27 742
5 28 1973
5 29 1305
5 30 694
5 31 1925
5 32 1257
5 33 646
5 34 1877
5 35 1209
5 36 598
5 37 1829
5 38 1161
5 39 550
5 40 1781
5 41 1113
5 42 502
5 43 1733
5 44 1065
5 45 454
5 46 1685
5 47 1017
5 48 406
5 49 1637
5 50 969
5 51 358
5 52 1589
5 53 921
5 54 310
5 55 1541
5 56 969
5 57 358
5 58 1589
5 59 1017
5 60 406
5 61 1637
5 62 1065
5 63 454
5 64 1685
5 65 1113
5 66 502
5 67 1733
5 68 1161
5 69 550
5 70 1781
5 71 1209
5 72 598
5 73 1829
5 74 1569
6 0 1958
6 1 1363
6 2 1002
6 3 1452
6 4 504
6 5 773
6 6 0
6 7 1237
6 8 1050
6 9 1406
6 10 1232
6 11 1220
6 12 885
6 13 1490
6 14 1375
6 15 1249
6 16 998
6 17 1175
6 18 1228
6 19 1010
6 20 1838
6 21 607
6 22 1296
6 23 1790
6 24 559
6 25 1248
6 26 1742
6 27 511
6 28 1200
6 29 1694
6 30 463
6 31 1152
6 32 1646
6 33 415
6 34 1104
6 35 1598
6 36 367
6 37 1056
6 38 1550
6 39 319
6 40 1008
6 41 1502
6 42 271
6 43 960
6 44 1550
6 45 319
6 46 1008
6 47 1598
6 48 367
6 49 1056
6 50 1646
6 51 415
6 52 1104
6 53 1694
6 54 463
6 55 1152
6 56 1742
6 57 511
6 58 1200
6 59 1790
6 60 559
6 61 1248
6 62 1838
6 63 607
6 64 1296
6 65 1886
6 66 655
6 67 1344
6 68 1934
6 69 703
6 70 1392
6 71 1982
6 72 751
6 73 1440
6 74 1958
7 0 3121
7 1 200
7 2 969
7 3 2615
7 4 1667
7 5 1552
7 6 1237
7 7 0
7 8 1925
7 9 853
7 10 2107
7 11 1135
7 12 894
7 13 2173
7 14 404
7 15 2412
7 16 1069
7 17 2242
7 18 545
7 19 2173
7 20 3001
7 21 1770
7 22 613
7 23 2953
7 24 1722
7 25 565
7 26 2905
7 27 1674
7 28 517
7 29 2857
7 30 1626
7 31 469
7 32 2809
7 33 1578
7 34 421
7 35 2761
7 36 1530
7 37 373
7 38 2713
7 39 1482
7 40 325
7 41 2665
7 42 1434
7 43 277
7 44 2617
7 45 1386
7 46 229
7 47 2569
7 48 1338
7 49 181
7 50 2521
7 51 1290
7 52 133
7 53 2473
7 54 1242
7 55 85
7 56 2425
7 57 1194
7 58 37
7 59 2473
7 60 1242
7 61 85
7 62 2521
7 63 1290
7 64 133
7 65 2569
7 66 1338
7 67 181
7 68 2617
7 69 1386
7 70 229
7 71 2665
7 72 1434
7 73 277
7 74 3121
8 0 1196
8 1 1895
8 2 1510
8 3 790
8 4 1012
8 5 993
8 6 1050
8 7 1925
8 8 0
8 9 1914
8 10 182
8 11 1728
8 12 1201
8 13 1424
8 14 1595
8 15 1185
8 16 1506
8 17 1067
8 18 2126
8 19 1232
8 20 1076
8 21 1115
8 22 2346
8 23 1028
8 24 1067
8 25 2298
8 26 980
8 27 1019
8 28 2250
8 29 932
8 30 971
8 31 2202
8 32 884
8 33 923
8 34 2154
8 35 836
8 36 875
8 37 2106
8 38 788
8 39 827
8 40 2058
8 41 740
8 42 779
8 43 2010
8 44 692
8 45 731
8 46 1962
8 47 644
8 48 683
8 49 1914
8 50 596
8 51 635
8 52 1866
8 53 644
8 54 683
8 55 1914
8 56 692
8 57 731
8 58 1962
8 59 740
8 60 779
8 61 2010
8 62 788
8 63 827
8 64 2058
8 65 836
8 66 875
8 67 2106
8 68 884
8 69 923
8 70 2154
8 71 932
8 72 971
8 73 2202
8 74 1196
9 0 2342
9 1 979
9 2 1076
9 3 2316
9 4 1080
9 5 1637
9 6 1406
9 7 853
9 8 1914
9 9 0
9 10 2096
9 11 954
9 12 1385
9 13 2354
9 14 991
9 15 1921
9 16 1080
9 17 2039
9 18 460
9 19 1874
9 20 2222
9 21 991
9 22 432
9 23 2174
9 24 943
9 25 384
9 26 2126
9 27 895
9 28 336
9 29 2174
9 30 943
9 31 384
9 32 2222
9 33 991
9 34 432
9 35 2270
9 36 1039
9 37 480
9 38 2318
9 39 1087
9 40 528
9 41 2366
9 42 1135
9 43 576
9 44 2414
9 45 1183
9 46 624
9 47 2462
9 48 1231
9 49 672
9 50 2510
9 51 1279
9 52 720
9 53 2558
9 54 1327
9 55 768
9 56 2606
9 57 1375
9 58 816
9 59 2654
9 60 1423
9 61 864
9 62 2702
9 63 1471
9 64 912
9 65 2750
9 66 1519
9 67 960
9 68 2798
9 69 1567
9 70 1008
9 71 2846
9 72 1615
9 73 1056
9 74 2342
10 0 1014
10 1 2077
10 2 1692
10 3 608
10 4 1194
10 5 1175
10 6 1232
10 7 2107
10 8 182
10 9 2096
10 10 0
10 11 1910
10 12 1383
10 13 1242
10 14 1777
10 15 1003
10 16 1688
10 17 885
10 18 2308
10 19 1050
10 20 894
10 21 1297
10 22 2528
10 23 846
10 24 1249
10 25 2480
10 26 798
10 27 1201
10 28 2432
10 29 750
10 30 1153
10 31 2384
10 32 702
10 33 1105
10 34 2336
10 35 654
10 36 1057
10 37 2288
10 38 606
10 39 1009
10 40 2240
10 41 558
10 42 961
10 43 2192
10 44 510
10 45 913
10 46 2144
10 47 462
10 48 865
10 49 2096
10 50 414
10 51 817
10 52 2048
10 53 462
10 54 865
10 55 2096
10 56 510
10 57 913
10 58 2144
10 59 558
10 60 961
10 61 2192
10 62 606
10 63 1009
10 64 2240
10 65 654
10 66 1057
10 67 2288
10 68 702
10 69 1105
10 70 2336
10 71 750
10 72 1153
10 73 2384
10 74 1014
11 0 2060
11 1 1261
11 2 1358
11 3 2130
11 4 894
11 5 1451
11 6 1220
11 7 1135
11 8 1728
11 9 954
11 10 1910
11 11 0
11 12 1563
11 13 2168
11 14 1273
11 15 1735
11 16 1362
11 17 1853
11 18 742
11 19 1688
11 20 1940
11 21 709
11 22 618
11 23 1892
11 24 661
11 25 570
11 26 1940
11 27 709
11 28 618
11 29 1988
11 30 757
11 31 666
11 32 2036
11 33 805
11 34 714
11 35 2084
11 36 853
11 37 762
11 38 2132
11 39 901
11 40 810
11 41 2180
11 42 949
11 43 858
11 44 2228
11 45 997
11 46 906
11 47 2276
11 48 1045
11 49 954
11 50 2324
11 51 1093
11 52 1002
11 53 2372
11 54 1141
11 55 1050
11 56 2420
11 57 1189
11 58 1098
11 59 2468
11 60 1237
11 61 1146
11 62 2516
11 63 1285
11 64 1194
11 65 2564
11 66 1333
11 67 1242
11 68 2612
11 69 1381
11 70 1290
11 71 2660
11 72 1429
11 73 1338
11 74 2060
12 0 2301
12 1 1020
12 2 1345
12 3 1795
12 4 847
12 5 924
12 6 885
12 7 894
12 8 1201
12 9 1385
12 10 1383
12 11 1563
12 12 0
12 13 1641
12 14 1032
12 15 1592
12 16 1341
12 17 1422
12 18 1077
12 19 1353
12 20 2181
12 21 950
12 22 1145
12 23 2133
12 24 902
12 25 1097
12 26 2085
12 27 854
12 28 1049
12 29 2037
12 30 806
12 31 1001
12 32 1989
12 33 758
12 34 953
12 35 1941
12 36 710
12 37 905
12 38 1893
12 39 662
12 40 857
12 41 1845
12 42 614
12 43 809
12 44 1797
12 45 566
12 46 761
12 47 1749
12 48 518
12 49 713
12 50 1797
12 51 566
12 52 761
12 53 1845
12 54 614
12 55 809
12 56 1893
12 57 662
12 58 857
12 59 1941
12 60 710
12 61 905
12 62 1989
12 63 758
12 64 953
12 65 2037
12 66 806
12 67 1001
12 68 2085
12 69 854
12 70 1049
12 71 2133
12 72 902
12 73 1097
12 74 2301
13 0 1428
13 1 2047
13 2 1950
13 3 1022
13 4 1452
13 5 1337
13 6 1490
13 7 2173
13 8 1424
13 9 2354
13 10 1242
13 11 2168
13 12 1641
13 13 0
13 14 2035
13 15 1417
13 16 1946
13 17 1299
13 18 2566
13 19 1464
13 20 1308
13 21 1555
13 22 2786
13 23 1260
13 24 1507
13 25 2738
13 26 1212
13 27 1459
13 28 2690
13 29 1164
13 30 1411
13 31 2642
13 32 1116
13 33 1363
13 34 2594
13 35 1068
13 36 1315
13 37 2546
13 38 1020
13 39 1267
13 40 2498
13 41 972
13 42 1219
13 43 2450
13 44 924
13 45 1171
13 46 2402
13 47 876
13 48 1123
13 49 2354
13 50 828
13 51 1075
13 52 2306
13 53 780
13 54 1027
13 55 2258
13 56 732
13 57 979
13 58 2210
13 59 684
13 60 931
13 61 2162
13 62 636
13 63 883
13 64 2114
13 65 588
13 66 835
13 67 2066
13 68 540
13 69 787
13 70 2018
13 71 492
13 72 739
13 73 1970
13 74 1428
14 0 2791
14 1 530
14 2 1107
14 3 2285
14 4 1337
14 5 1318
14 6 1375
14 7 404
14 8 1595
14 9 991
14 10 1777
14 11 1273
14 12 1032
14 13 2035
14 14 0
14 15 2082
14 16 1207
14 17 1912
14 18 683
14 19 1843
14 20 2671
14 21 1440
14 22 751
14 23 2623
14 24 1392
14 25 703
14 26 2575
14 27 1344
14 28 655
14 29 2527
14 30 1296
14 31 607
14 32 2479
14 33 1248
14 34 559
14 35 2431
14 36 1200
14 37 511
14 38 2383
14 39 1152
14 40 463
14 41 2335
14 42 1104
14 43 415
14 44 2287
14 45 1056
14 46 367
14 47 2239
14 48 1008
14 49 319
14 50 2191
14 51 960
14 52 271
14 53 2239
14 54 1008
14 55 319
14 56 2287
14 57 1056
14 58 367
14 59 2335
14 60 1104
14 61 415
14 62 2383
14 63 1152
14 64 463
14 65 2431
14 66 1200
14 67 511
14 68 2479
14 69 1248
14 70 559
14 71 2527
14 72 1296
14 73 607
14 74 2791
15 0 709
15 1 2382
15 2 1517
15 3 495
15 4 1019
15 5 1480
15 6 1249
15 7 2412
15 8 1185
15 9 1921
15 10 1003
15 11 1735
15 12 1592
15 13 1417
15 14 2082
15 15 0
15 16 1513
15 17 868
15 18 2133
15 19 937
15 20 589
15 21 1122
15 22 2353
15 23 541
15 24 1074
15 25 2305
15 26 493
15 27 1026
15 28 2257
15 29 445
15 30 978
15 31 2209
15 32 397
15 33 930
15 34 2161
15 35 349
15 36 882
15 37 2113
15 38 397
15 39 930
15 40 2161
15 41 445
15 42 978
15 43 2209
15 44 493
15 45 1026
15 46 2257
15 47 541
15 48 1074
15 49 2305
15 50 589
15 51 1122
15 52 2353
15 53 637
15 54 1170
15 55 2401
15 56 685
15 57 1218
15 58 2449
15 59 733
15 60 1266
15 61 2497
15 62 781
15 63 1314
15 64 2545
15 65 829
15 66 1362
15 67 2593
15 68 877
15 69 1410
15 70 2641
15 71 925
15 72 1458
15 73 2689
15 74 709
16 0 2126
16 1 1195
16 2 1266
16 3 1908
16 4 672
16 5 1229
16 6 998
16 7 1069
16 8 1506
16 9 1080
16 10 1688
16 11 1362
16 12 1341
16 13 1946
16 14 1207
16 15 1513
16 16 0
16 17 1631
16 18 772
16 19 1466
16 20 2006
16 21 775
16 22 840
16 23 1958
16 24 727
16 25 792
16 26 1910
16 27 679
16 28 744
16 29 1862
16 30 631
16 31 696
16 32 1814
16 33 583
16 34 648
16 35 1862
16 36 631
16 37 696
16 38 1910
16 39 679
16 40 744
16 41 1958
16 42 727
16 43 792
16 44 2006
16 45 775
16 46 840
16 47 2054
16 48 823
16 49 888
16 50 2102
16 51 871
16 52 936
16 53 2150
16 54 919
16 55 984
16 56 2198
16 57 967
16 58 1032
16 59 2246
16 60 1015
16 61 1080
16 62 2294
16 63 1063
16 64 1128
16 65 2342
16 66 1111
16 67 1176
16 68 2390
16 69 1159
16 70 1224
16 71 2438
16 72 1207
16 73 1272
16 74 2126
17 0 879
17 1 2212
17 2 1635
17 3 473
17 4 1137
17 5 1310
17 6 1175
17 7 2242
17 8 1067
17 9 2039
17 10 885
17 11 1853
17 12 1422
17 13 1299
17 14 1912
17 15 868
17 16 1631
17 17 0
17 18 2251
17 19 915
17 20 759
17 21 1240
17 22 2471
17 23 711
17 24 1192
17 25 2423
17 26 663
17 27 1144
17 28 2375
17 29 615
17 30 1096
17 31 2327
17 32 567
17 33 1048
17 34 2279
17 35 519
17 36 1000
17 37 2231
17 38 471
17 39 952
17 40 2183
17 41 423
17 42 904
17 43 2135
17 44 375
17 45 856
17 46 2087
17 47 423
17 48 904
17 49 2135
17 50 471
17 51 952
17 52 2183
17 53 519
17 54 1000
17 55 2231
17 56 567
17 57 1048
17 58 2279
17 59 615
17 60 1096
17 61 2327
17 62 663
17 63 1144
17 64 2375
17 65 711
17 66 1192
17 67 2423
17 68 759
17 69 1240
17 70 2471
17 71 807
17 72 1288
17 73 2519
17 74 879
18 0 2650
18 1 671
18 2 768
18 3 2528
18 4 1292
18 5 1849
18 6 1228
18 7 545
18 8 2126
18 9 460
18 10 2308
18 11 742
18 12 1077
18 13 2566
18 14 683
18 15 2133
18 16 772
18 17 2251
18 18 0
18 19 2086
18 20 2530
18 21 1299
18 22 220
18 23 2482
18 24 1251
18 25 172
18 26 2434
18 27 1203
18 28 124
18 29 2386
18 30 1155
18 31 76
18 32 2434
18 33 1203
18 34 124
18 35 2482
18 36 1251
18 37 172
18 38 2530
18 39 1299
18 40 220
18 41 2578
18 42 1347
18 43 268
18 44 2626
18 45 1395
18 46 316
18 47 2674
18 48 1443
18 49 364
18 50 2722
18 51 1491
18 52 412
18 53 2770
18 54 1539
18 55 460
18 56 2818
18 57 1587
18 58 508
18 59 2866
18 60 1635
18 61 556
18 62 2914
18 63 1683
18 64 604
18 65 2962
18 66 1731
18 67 652
18 68 3010
18 69 1779
18 70 700
18 71 3058
18 72 1827
18 73 748
18 74 2650
19 0 948
19 1 2143
19 2 1470
19 3 442
19 4 972
19 5 1241
19 6 1010
19 7 2173
19 8 1232
19 9 1874
19 10 1050
19 11 1688
19 12 1353
19 13 1464
19 14 1843
19 15 937
19 16 1466
19 17 915
19 18 2086
19 19 0
19 20 828
19 21 1075
19 22 2306
19 23 780
19 24 1027
19 25 2258
19 26 732
19 27 979
19 28 2210
19 29 684
19 30 931
19 31 2162
19 32 636
19 33 883
19 34 2114
19 35 588
19 36 835
19 37 2066
19 38 540
19 39 787
19 40 2018
19 41 492
19 42 739
19 43 1970
19 44 540
19 45 787
19 46 2018
19 47 588
19 48 835
19 49 2066
19 50 636
19 51 883
19 52 2114
19 53 684
19 54 931
19 55 2162
19 56 732
19 57 979
19 58 2210
19 59 780
19 60 1027
19 61 2258
19 62 828
19 63 1075
19 64 2306
19 65 876
19 66 1123
19 67 2354
19 68 924
19 69 1171
19 70 2402
19 71 972
19 72 1219
19 73 2450
19 74 948
20 0 120
20 1 2971
20 2 2106
20 3 386
20 4 1334
20 5 1449
20 6 1838
20 7 3001
20 8 1076
20 9 2222
20 10 894
20 11 1940
20 12 2181
20 13 1308
20 14 2671
20 15 589
20 16 2006
20 17 759
20 18 2530
20 19 828
20 20 0
20 21 1231
20 22 2462
20 23 48
20 24 1279
20 25 2510
20 26 96
20 27 1327
20 28 2558
20 29 144
20 30 1375
20 31 2606
20 32 192
20 33 1423
20 34 2654
20 35 240
20 36 1471
20 37 2702
20 38 288
20 39 1519
20 40 2750
20 41 336
20 42 1567
20 43 2798
20 44 384
20 45 1615
20 46 2846
20 47 432
20 48 1663
20 49 2894
20 50 480
20 51 1711
20 52 2942
20 53 528
20 54 1759
20 55 2990
20 56 576
20 57 1807
20 58 3038
20 59 624
20 60 1855
20 61 3086
20 62 672
20 63 1903
20 64 3134
20 65 720
20 66 1951
20 67 3182
20 68 768
20 69 1999
20 70 3230
20 71 816
20 72 2047
20 73 3278
20 74 120
21 0 1351
21 1 1740
21 2 875
21 3 1517
21 4 281
21 5 838
21 6 607
21 7 1770
21 8 1115
21 9 991
21 10 1297
21 11 709
21 12 950
21 13 1555
21 14 1440
21 15 1122
21 16 775
21 17 1240
21 18 1299
21 19 1075
21 20 1231
21 21 0
21 22 1231
21 23 1279
21 24 48
21 25 1279
21 26 1327
21 27 96
21 28 1327
21 29 1375
21 30 144
21 31 1375
21 32 1423
21 33 192
21 34 1423
21 35 1471
21 36 240
21 37 1471
21 38 1519
21 39 288
21 40 1519
21 41 1567
21 42 336
21 43 1567
21 44 1615
21 45 384
21 46 1615
21 47 1663
21 48 432
21 49 1663
21 50 1711
21 51 480
21 52 1711
21 53 1759
21 54 528
21 55 1759
21 56 1807
21 57 576
21 58 1807
21 59 1855
21 60 624
21 61 1855
21 62 1903
21 63 672
21 64 1903
21 65 1951
21 66 720
21 67 1951
21 68 1999
21 69 768
21 70 1999
21 71 2047
21 72 816
21 73 2047
21 74 1351
22 0 2582
22 1 739
22 2 836
22 3 2748
22 4 1512
22 5 2069
22 6 1296
22 7 613
22 8 2346
22 9 432
22 10 2528
22 11 618
22 12 1145
22 13 2786
22 14 751
22 15 2353
22 16 840
22 17 2471
22 18 220
22 19 2306
22 20 2462
22 21 1231
22 22 0
22 23 2510
22 24 1279
22 25 48
22 26 2558
22 27 1327
22 28 96
22 29 2606
22 30 1375
22 31 144
22 32 2654
22 33 1423
22 34 192
22 35 2702
22 36 1471
22 37 240
22 38 2750
22 39 1519
22 40 288
22 41 2798
22 42 1567
22 43 336
22 44 2846
22 45 1615
22 46 384
22 47 2894
22 48 1663
22 49 432
22 50 2942
22 51 1711
22 52 480
22 53 2990
22 54 1759
22 55 528
22 56 3038
22 57 1807
22 58 576
22 59 3086
22 60 1855
22 61 624
22 62 3134
22 63 1903
22 64 672
22 65 3182
22 66 1951
22 67 720
22 68 3230
22 69 1999
22 70 768
22 71 3278
22 72 2047
22 73 816
22 74 2582
23 0 168
23 1 2923
23 2 2058
23 3 338
23 4 1286
23 5 1401
23 6 1790
23 7 2953
23 8 1028
23 9 2174
23 10 846
23 11 1892
23 12 2133
23 13 1260
23 14 2623
23 15 541
23 16 1958
23 17 711
23 18 2482
23 19 780
23 20 48
23 21 1279
23 22 2510
23 23 0
23 24 1231
23 25 2462
23 26 48
23 27 1279
23 28 2510
23 29 96
23 30 1327
23 31 2558
23 32 144
23 33 1375
23 34 2606
23 35 192
23 36 1423
23 37 2654
23 38 240
23 39 1471
23 40 2702
23 41 288
23 42 1519
23 43 2750
23 44 336
23 45 1567
23 46 2798
23 47 384
23 48 1615
23 49 2846
23 50 432
23 51 1663
23 52 2894
23 53 480
23 54 1711
23 55 2942
23 56 528
23 57 1759
23 58 2990
23 59 576
23 60 1807
23 61 3038
23 62 624
23 63 1855
23 64 3086
23 65 672
23 66 1903
23 67 3134
23 68 720
23 69 1951
23 70 3182
23 71 768
23 72 1999
23 73 3230
23 74 168
24 0 1399
24 1 1692
24 2 827
24 3 1469
24 4 233
24 5 790
24 6 559
24 7 1722
24 8 1067
24 9 943
24 10 1249
24 11 661
24 12 902
24 13 1507
24 14 1392
24 15 1074
24 16 727
24 17 1192
24 18 1251
24 19 1027
24 20 1279
24 21 48
24 22 1279
24 23 1231
24 24 0
24 25 1231
24 26 1279
24 27 48
24 28 1279
24 29 1327
24 30 96
24 31 1327
24 32 1375
24 33 144
24 34 1375
24 35 1423
24 36 192
24 37 1423
24 38 1471
24 39 240
24 40 1471
24 41 1519
24 42 288
24 43 1519
24 44 1567
24 45 336
24 46 1567
24 47 1615
24 48 384
24 49 1615
24 50 1663
24 51 432
24 52 1663
24 53 1711
24 54 480
24 55 1711
24 56 1759
24 57 528
24 58 1759
24 59 1807
24 60 576
24 61 1807
24 62 1855
24 63 624
24 64 1855
24 65 1903
24 66 672
24 67 1903
24 68 1951
24 69 720
24 70 1951
24 71 1999
24 72 768
24 73 1999
24 74 1399
25 0 2630
25 1 691
25 2 788
25 3 2700
25 4 1464
25 5 2021
25 6 1248
25 7 565
25 8 2298
25 9 384
25 10 2480
25 11 570
25 12 1097
25 13 2738
25 14 703
25 15 2305
25 16 792
25 17 2423
25 18 172
25 19 2258
25 20 2510
25 21 1279
25 22 48
25 23 2462
25 24 1231
25 25 0
25 26 2510
25 27 1279
25 28 48
25 29 2558
25 30 1327
25 31 96
25 32 2606
25 33 1375
25 34 144
25 35 2654
25 36 1423
25 37 192
25 38 2702
25 39 1471
25 40 240
25 41 2750
25 42 1519
25 43 288
25 44 2798
25 45 1567
25 46 336
25 47 2846
25 48 1615
25 49 384
25 50 2894
25 51 1663
25 52 432
25 53 2942
25 54 1711
25 55 480
25 56 2990
25 57 1759
25 58 528
25 59 3038
25 60 1807
25 61 576
25 62 3086
25 63 1855
25 64 624
25 65 3134
25 66 1903
25 67 672
25 68 3182
25 69 1951
25 70 720
25 71 3230
25 72 1999
25 73 768
25 74 2630
26 0 216
26 1 2875
26 2 2010
26 3 290
26 4 1238
26 5 1353
26 6 1742
26 7 2905
26 8 980
26 9 2126
26 10 798
26 11 1940
26 12 2085
26 13 1212
26 14 2575
26 15 493
26 16 1910
26 17 663
26 18 2434
26 19 732
26 20 96
26 21 1327
26 22 2558
26 23 48
26 24 1279
26 25 2510
26 26 0
26 27 1231
26 28 2462
26 29 48
26 30 1279
26 31 2510
26 32 96
26 33 1327
26 34 2558
26 35 144
26 36 1375
26 37 2606
26 38 192
26 39 1423
26 40 2654
26 41 240
26 42 1471
26 43 2702
26 44 288
26 45 1519
26 46 2750
26 47 336
26 48 1567
26 49 2798
26 50 384
26 51 1615
26 52 2846
26 53 432
26 54 1663
26 55 2894
26 56 480
26 57 1711
26 58 2942
26 59 528
26 60 1759
26 61 2990
26 62 576
26 63 1807
26 64 3038
26 65 624
26 66 1855
26 67 3086
26 68 672
26 69 1903
26 70 3134
26 71 720
26 72 1951
26 73 3182
26 74 216
27 0 1447
27 1 1644
27 2 779
27 3 1421
27 4 185
27 5 742
27 6 511
27 7 1674
27 8 1019
27 9 895
27 10 1201
27 11 709
27 12 854
27 13 1459
27 14 1344
27 15 1026
27 16 679
27 17 1144
27 18 1203
27 19 979
27 20 1327
27 21 96
27 22 1327
27 23 1279
27 24 48
27 25 1279
27 26 1231
27 27 0
27 28 1231
27 29 1279
27 30 48
27 31 1279
27 32 1327
27 33 96
27 34 1327
27 35 1375
27 36 144
27 37 1375
27 38 1423
27 39 192
27 40 1423
27 41 1471
27 42 240
27 43 1471
27 44 1519
27 45 288
27 46 1519
27 47 1567
27 48 336
27 49 1567
27 50 1615
27 51 384
27 52 1615
27 53 1663
27 54 432
27 55 1663
27 56 1711
27 57 480
27 58 1711
27 59 1759
27 60 528
27 61 1759
27 62 1807
27 63 576
27 64 1807
27 65 1855
27 66 624
27 67 1855
27 68 1903
27 69 672
27 70 1903
27 71 1951
27 72 720
27 73 1951
27 74 1447
28 0 2678
28 1 643
28 2 740
28 3 2652
28 4 1416
28 5 1973
28 6 1200
28 7 517
28 8 2250
28 9 336
28 10 2432
28 11 618
28 12 1049
28 13 2690
28 14 655
28 15 2257
28 16 744
28 17 2375
28 18 124
28 19 2210
28 20 2558
28 21 1327
28 22 96
28 23 2510
28 24 1279
28 25 48
28 26 2462
28 27 1231
28 28 0
28 29 2510
28 30 1279
28 31 48
28 32 2558
28 33 1327
28 34 96
28 35 2606
28 36 1375
28 37 144
28 38 2654
28 39 1423
28 40 192
28 41 2702
28 42 1471
28 43 240
28 44 2750
28 45 1519
28 46 288
28 47 2798
28 48 1567
28 49 336
28 50 2846
28 51 1615
28 52 384
28 53 2894
28 54 1663
28 55 432
28 56 2942
28 57 1711
28 58 480
28 59 2990
28 60 1759
28 61 528
28 62 3038
28 63 1807
28 64 576
28 65 3086
28 66 1855
28 67 624
28 68 3134
28 69 1903
28 70 672
28 71 3182
28 72 1951
28 73 720
28 74 2678
29 0 264
29 1 2827
29 2 1962
29 3 242
29 4 1190
29 5 1305
29 6 1694
29 7 2857
29 8 932
29 9 2174
29 10 750
29 11 1988
29 12 2037
29 13 1164
29 14 2527
29 15 445
29 16 1862
29 17 615
29 18 2386
29 19 684
29 20 144
29 21 1375
29 22 2606
29 23 96
29 24 1327
29 25 2558
29 26 48
29 27 1279
29 28 2510
29 29 0
29 30 1231
29 31 2462
29 32 48
29 33 1279
29 34 2510
29 35 96
29 36 1327
29 37 2558
29 38 144
29 39 1375
29 40 2606
29 41 192
29 42 1423
29 43 2654
29 44 240
29 45 1471
29 46 2702
29 47 288
29 48 1519
29 49 2750
29 50 336
29 51 1567
29 52 2798
29 53 384
29 54 1615
29 55 2846
29 56 432
29 57 1663
29 58 2894
29 59 480
29 60 1711
29 61 2942
29 62 528
29 63 1759
29 64 2990
29 65 576
29 66 1807
29 67 3038
29 68 624
29 69 1855
29 70 3086
29 71 672
29 72 1903
29 73 3134
29 74 264
30 0 1495
30 1 1596
30 2 731
30 3 1373
30 4 137
30 5 694
30 6 463
30 7 1626
30 8 971
30 9 943
30 10 1153
30 11 757
30 12 806
30 13 1411
30 14 1296
30 15 978
30 16 631
30 17 1096
30 18 1155
30 19 931
30 20 1375
30 21 144
30 22 1375
30 23 1327
30 24 96
30 25 1327
30 26 1279
30 27 48
30 28 1279
30 29 1231
30 30 0
30 31 1231
30 32 1279
30 33 48
30 34 1279
30 35 1327
30 36 96
30 37 1327
30 38 1375
30 39 144
30 40 1375
30 41 1423
30 42 192
30 43 1423
30 44 1471
30 45 240
30 46 1471
30 47 1519
30 48 288
30 49 1519
30 50 1567
30 51 336
30 52 1567
30 53 1615
30 54 384
30 55 1615
30 56 1663
30 57 432
30 58 1663
30 59 1711
30 60 480
30 61 1711
30 62 1759
30 63 528
30 64 1759
30 65 1807
30 66 576
30 67 1807
30 68 1855
30 69 624
30 70 1855
30 71 1903
30 72 672
30 73 1903
30 74 1495
31 0 2726
31 1 595
31 2 692
31 3 2604
31 4 1368
31 5 1925
31 6 1152
31 7 469
31 8 2202
31 9 384
31 10 2384
31 11 666
31 12 1001
31 13 2642
31 14 607
31 15 2209
31 16 696
31 17 2327
31 18 76
31 19 2162
31 20 2606
31 21 1375
31 22 144
31 23 2558
31 24 1327
31 25 96
31 26 2510
31 27 1279
31 28 48
31 29 2462
31 30 1231
31 31 0
31 32 2510
31 33 1279
31 34 48
31 35 2558
31 36 1327
31 37 96
31 38 2606
31 39 1375
31 40 144
31 41 2654
31 42 1423
31 43 192
31 44 2702
31 45 1471
31 46 240
31 47 2750
31 48 1519
31 49 288
31 50 2798
31 51 1567
31 52 336
31 53 2846
31 54 1615
31 55 384
31 56 2894
31 57 1663
31 58 432
31 59 2942
31 60 1711
31 61 480
31 62 2990
31 63 1759
31 64 528
31 65 3038
31 66 1807
31 67 576
31 68 3086
31 69 1855
31 70 624
31 71 3134
31 72 1903
31 73 672
31 74 2726
32 0 312
32 1 2779
32 2 1914
32 3 194
32 4 1142
32 5 1257
32 6 1646
32 7 2809
32 8 884
32 9 2222
32 10 702
32 11 2036
32 12 1989
32 13 1116
32 14 2479
32 15 397
32 16 1814
32 17 567
32 18 2434
32 19 636
32 20 192
32 21 1423
32 22 2654
32 23 144
32 24 1375
32 25 2606
32 26 96
32 27 1327
32 28 2558
32 29 48
32 30 1279
32 31 2510
32 32 0
32 33 1231
32 34 2462
32 35 48
32 36 1279
32 37 2510
32 38 96
32 39 1327
32 40 2558
32 41 144
32 42 1375
32 43 2606
32 44 192
32 45 1423
32 46 2654
32 47 240
32 48 1471
32 49 2702
32 50 288
32 51 1519
32 52 2750
32 53 336
32 54 1567
32 55 2798
32 56 384
32 57 1615
32 58 2846
32 59 432
32 60 1663
32 61 2894
32 62 480
32 63 1711
32 64 2942
32 65 528
32 66 1759
32 67 2990
32 68 576
32 69 1807
32 70 3038
32 71 624
32 72 1855
32 73 3086
32 74 312
33 0 1543
33 1 1548
33 2 683
33 3 1325
33 4 89
33 5 646
33 6 415
33 7 1578
33 8 923
33 9 991
33 10 1105
33 11 805
33 12 758
33 13 1363
33 14 1248
33 15 930
33 16 583
33 17 1048
33 18 1203
33 19 883
33 20 1423
33 21 192
33 22 1423
33 23 1375
33 24 144
33 25 1375
33 26 1327
33 27 96
33 28 1327
33 29 1279
33 30 48
33 31 1279
33 32 1231
33 33 0
33 34 1231
33 35 1279
33 36 48
33 37 1279
33 38 1327
33 39 96
33 40 1327
33 41 1375
33 42 144
33 43 1375
33 44 1423
33 45 192
33 46 1423
33 47 1471
33 48 240
33 49 1471
33 50 1519
33 51 288
33 52 1519
33 53 1567
33 54 336
33 55 1567
33 56 1615
33 57 384
33 58 1615
33 59 1663
33 60 432
33 61 1663
33 62 1711
33 63 480
33 64 1711
33 65 1759
33 66 528
33 67 1759
33 68 1807
33 69 576
33 70 1807
33 71 1855
33 72 624
33 73 1855
33 74 1543
34 0 2774
34 1 547
34 2 644
34 3 2556
34 4 1320
34 5 1877
34 6 1104
34 7 421
34 8 2154
34 9 432
34 10 2336
34 11 714
34 12 953
34 13 2594
34 14 559
34 15 2161
34 16 648
34 17 2279
34 18 124
34 19 2114
34 20 2654
34 21 1423
34 22 192
34 23 2606
34 24 1375
34 25 144
34 26 2558
34 27 1327
34 28 96
34 29 2510
34 30 1279
34 31 48
34 32 2462
34 33 1231
34 34 0
34 35 2510
34 36 1279
34 37 48
34 38 2558
34 39 1327
34 40 96
34 41 2606
34 42 1375
34 43 144
34 44 2654
34 45 1423
34 46 192
34 47 2702
34 48 1471
34 49 240
34 50 2750
34 51 1519
34 52 288
34 53 2798
34 54 1567
34 55 336
34 56 2846
34 57 1615
34 58 384
34 59 2894
34 60 1663
34 61 432
34 62 2942
34 63 1711
34 64 480
34 65 2990
34 66 1759
34 67 528
34 68 3038
34 69 1807
34 70 576
34 71 3086
34 72 1855
34 73 624
34 74 2774
35 0 360
35 1 2731
35 2 1866
35 3 146
35 4 1190
35 5 1209
35 6 1598
35 7 2761
35 8 836
35 9 2270
35 10 654
35 11 2084
35 12 1941
35 13 1068
35 14 2431
35 15 349
35 16 1862
35 17 519
35 18 2482
35 19 588
35 20 240
35 21 1471
35 22 2702
35 23 192
35 24 1423
35 25 2654
35 26 144
35 27 1375
35 28 2606
35 29 96
35 30 1327
35 31 2558
35 32 48
35 33 1279
35 34 2510
35 35 0
35 36 1231
35 37 2462
35 38 48
35 39 1279
35 40 2510
35 41 96
35 42 1327
35 43 2558
35 44 144
35 45 1375
35 46 2606
35 47 192
35 48 1423
35 49 2654
35 50 240
35 51 1471
35 52 2702
35 53 288
35 54 1519
35 55 2750
35 56 336
35 57 1567
35 58 2798
35 59 384
35 60 1615
35 61 2846
35 62 432
35 63 1663
35 64 2894
35 65 480
35 66 1711
35 67 2942
35 68 528
35 69 1759
35 70 2990
35 71 576
35 72 1807
35 73 3038
35 74 360
36 0 1591
36 1 1500
36 2 635
36 3 1277
36 4 137
36 5 598
36 6 367
36 7 1530
36 8 875
36 9 1039
36 10 1057
36 11 853
36 12 710
36 13 1315
36 14 1200
36 15 882
36 16 631
36 17 1000
36 18 1251
36 19 835
36 20 1471
36 21 240
36 22 1471
36 23 1423
36 24 192
36 25 1423
36 26 1375
36 27 144
36 28 1375
36 29 1327
36 30 96
36 31 1327
36 32 1279
36 33 48
36 34 1279
36 35 1231
36 36 0
36 37 1231
36 38 1279
36 39 48
36 40 1279
36 41 1327
36 42 96
36 43 1327
36 44 1375
36 45 144
36 46 1375
36 47 1423
36 48 192
36 49 1423
36 50 1471
36 51 240
36 52 1471
36 53 1519
36 54 288
36 55 1519
36 56 1567
36 57 336
36 58 1567
36 59 1615
36 60 384
36 61 1615
36 62 1663
36 63 432
36 64 1663
36 65 1711
36 66 480
36 67 1711
36 68 1759
36 69 528
36 70 1759
36 71 1807
36 72 576
36 73 1807
36 74 1591
37 0 2822
37 1 499
37 2 596
37 3 2508
37 4 1368
37 5 1829
37 6 1056
37 7 373
37 8 2106
37 9 480
37 10 2288
37 11 762
37 12 905
37 13 2546
37 14 511
37 15 2113
37 16 696
37 17 2231
37 18 172
37 19 2066
37 20 2702
37 21 1471
37 22 240
37 23 2654
37 24 1423
37 25 192
37 26 2606
37 27 1375
37 28 144
37 29 2558
37 30 1327
37 31 96
37 32 2510
37 33 1279
37 34 48
37 35 2462
37 36 1231
37 37 0
37 38 2510
37 39 1279
37 40 48
37 41 2558
37 42 1327
37 43 96
37 44 2606
37 45 1375
37 46 144
37 47 2654
37 48 1423
37 49 192
37 50 2702
37 51 1471
37 52 240
37 53 2750
37 54 1519
37 55 288
37 56 2798
37 57 1567
37 58 336
37 59 2846
37 60 1615
37 61 384
37 62 2894
37 63 1663
37 64 432
37 65 2942
37 66 1711
37 67 480
37 68 2990
37 69 1759
37 70 528
37 71 3038
37 72 1807
37 73 576
37 74 2822
38 0 408
38 1 2683
38 2 1914
38 3 98
38 4 1238
38 5 1161
38 6 1550
38 7 2713
38 8 788
38 9 2318
38 10 606
38 11 2132
38 12 1893
38 13 1020
38 14 2383
38 15 397
38 16 1910
38 17 471
38 18 2530
38 19 540
38 20 288
38 21 1519
38 22 2750
38 23 240
38 24 1471
38 25 2702
38 26 192
38 27 1423
38 28 2654
38 29 144
38 30 1375
38 31 2606
38 32 96
38 33 1327
38 34 2558
38 35 48
38 36 1279
38 37 2510
38 38 0
38 39 1231
38 40 2462
38 41 48
38 42 1279
38 43 2510
38 44 96
38 45 1327
38 46 2558
38 47 144
38 48 1375
38 49 2606
38 50 192
38 51 1423
38 52 2654
38 53 240
38 54 1471
38 55 2702
38 56 288
38 57 1519
38 58 2750
38 59 336
38 60 1567
38 61 2798
38 62 384
38 63 1615
38 64 2846
38 65 432
38 66 1663
38 67 2894
38 68 480
38 69 1711
38 70 2942
38 71 528
38 72 1759
38 73 2990
38 74 408
39 0 1639
39 1 1452
39 2 683
39 3 1229
39 4 185
39 5 550
39 6 319
39 7 1482
39 8 827
39 9 1087
39 10 1009
39 11 901
39 12 662
39 13 1267
39 14 1152
39 15 930
39 16 679
39 17 952
39 18 1299
39 19 787
39 20 1519
39 21 288
39 22 1519
39 23 1471
39 24 240
39 25 1471
39 26 1423
39 27 192
39 28 1423
39 29 1375
39 30 144
39 31 1375
39 32 1327
39 33 96
39 34 1327
39 35 1279
39 36 48
39 37 1279
39 38 1231
39 39 0
39 40 1231
39 41 1279
39 42 48
39 43 1279
39 44 1327
39 45 96
39 46 1327
39 47 1375
39 48 144
39 49 1375
39 50 1423
39 51 192
39 52 1423
39 53 1471
39 54 240
39 55 1471
39 56 1519
39 57 288
39 58 1519
39 59 1567
39 60 336
39 61 1567
39 62 1615
39 63 384
39 64 1615
39 65 1663
39 66 432
39 67 1663
39 68 1711
39 69 480
39 70 1711
39 71 1759
39 72 528
39 73 1759
39 74 1639
40 0 2870
40 1 451
40 2 644
40 3 2460
40 4 1416
40 5 1781
40 6 1008
40 7 325
40 8 2058
40 9 528
40 10 2240
40 11 810
40 12 857
40 13 2498
40 14 463
40 15 2161
40 16 744
40 17 2183
40 18 220
40 19 2018
40 20 2750
40 21 1519
40 22 288
40 23 2702
40 24 1471
40 25 240
40 26 2654
40 27 1423
40 28 192
40 29 2606
40 30 1375
40 31 144
40 32 2558
40 33 1327
40 34 96
40 35 2510
40 36 1279
40 37 48
40 38 2462
40 39 1231
40 40 0
40 41 2510
40 42 1279
40 43 48
40 44 2558
40 45 1327
40 46 96
40 47 2606
40 48 1375
40 49 144
40 50 2654
40 51 1423
40 52 192
40 53 2702
40 54 1471
40 55 240
40 56 2750
40 57 1519
40 58 288
40 59 2798
40 60 1567
40 61 336
40 62 2846
40 63 1615
40 64 384
40 65 2894
40 66 1663
40 67 432
40 68 2942
40 69 1711
40 70 480
40 71 2990
40 72 1759
40 73 528
40 74 2870
41 0 456
41 1 2635
41 2 1962
41 3 50
41 4 1286
41 5 1113
41 6 1502
41 7 2665
41 8 740
41 9 2366
41 10 558
41 11 2180
41 12 1845
41 13 972
41 14 2335
41 15 445
41 16 1958
41 17 423
41 18 2578
41 19 492
41 20 336
41 21 1567
41 22 2798
41 23 288
41 24 1519
41 25 2750
41 26 240
41 27 1471
41 28 2702
41 29 192
41 30 1423
41 31 2654
41 32 144
41 33 1375
41 34 2606
41 35 96
41 36 1327
41 37 2558
41 38 48
41 39 1279
41 40 2510
41 41 0
41 42 1231
41 43 2462
41 44 48
41 45 1279
41 46 2510
41 47 96
41 48 1327
41 49 2558
41 50 144
41 51 1375
41 52 2606
41 53 192
41 54 1423
41 55 2654
41 56 240
41 57 1471
41 58 2702
41 59 288
41 60 1519
41 61 2750
41 62 336
41 63 1567
41 64 2798
41 65 384
41 66 1615
41 67 2846
41 68 432
41 69 1663
41 70 2894
41 71 480
41 72 1711
41 73 2942
41 74 456
42 0 1687
42 1 1404
42 2 731
42 3 1181
42 4 233
42 5 502
42 6 271
42 7 1434
42 8 779
42 9 1135
42 10 961
42 11 949
42 12 614
42 13 1219
42 14 1104
42 15 978
42 16 727
42 17 904
42 18 1347
42 19 739
42 20 1567
42 21 336
42 22 1567
42 23 1519
42 24 288
42 25 1519
42 26 1471
42 27 240
42 28 1471
42 29 1423
42 30 192
42 31 1423
42 32 1375
42 33 144
42 34 1375
42 35 1327
42 36 96
42 37 1327
42 38 1279
42 39 48
42 40 1279
42 41 1231
42 42 0
42 43 1231
42 44 1279
42 45 48
42 46 1279
42 47 1327
42 48 96
42 49 1327
42 50 1375
42 51 144
42 52 1375
42 53 1423
42 54 192
42 55 1423
42 56 1471
42 57 240
42 58 1471
42 59 1519
42 60 288
42 61 1519
42 62 1567
42 63 336
42 64 1567
42 65 1615
42 66 384
42 67 1615
42 68 1663
42 69 432
42 70 1663
42 71 1711
42 72 480
42 73 1711
42 74 1687
43 0 2918
43 1 403
43 2 692
43 3 2412
43 4 1464
43 5 1733
43 6 960
43 7 277
43 8 2010
43 9 576
43 10 2192
43 11 858
43 12 809
43 13 2450
43 14 415
43 15 2209
43 16 792
43 17 2135
43 18 268
43 19 1970
43 20 2798
43 21 1567
43 22 336
43 23 2750
43 24 1519
43 25 288
43 26 2702
43 27 1471
43 28 240
43 29 2654
43 30 1423
43 31 192
43 32 2606
43 33 1375
43 34 144
43 35 2558
43 36 1327
43 37 96
43 38 2510
43 39 1279
43 40 48
43 41 2462
43 42 1231
43 43 0
43 44 2510
43 45 1279
43 46 48
43 47 2558
43 48 1327
43 49 96
43 50 2606
43 51 1375
43 52 144
43 53 2654
43 54 1423
43 55 192
43 56 2702
43 57 1471
43 58 240
43 59 2750
43 60 1519
43 61 288
43 62 2798
43 63 1567
43 64 336
43 65 2846
43 66 1615
43 67 384
43 68 2894
43 69 1663
43 70 432
43 71 2942
43 72 1711
43 73 480
43 74 2918
44 0 504
44 1 2587
44 2 2010
44 3 98
44 4 1334
44 5 1065
44 6 1550
44 7 2617
44 8 692
44 9 2414
44 10 510
44 11 2228
44 12 1797
44 13 924
44 14 2287
44 15 493
44 16 2006
44 17 375
44 18 2626
44 19 540
44 20 384
44 21 1615
44 22 2846
44 23 336
44 24 1567
44 25 2798
44 26 288
44 27 1519
44 28 2750
44 29 240
44 30 1471
44 31 2702
44 32 192
44 33 1423
44 34 2654
44 35 144
44 36 1375
44 37 2606
44 38 96
44 39 1327
44 40 2558
44 41 48
44 42 1279
44 43 2510
44 44 0
44 45 1231
44 46 2462
44 47 48
44 48 1279
44 49 2510
44 50 96
44 51 1327
44 52 2558
44 53 144
44 54 1375
44 55 2606
44 56 192
44 57 1423
44 58 2654
44 59 240
44 60 1471
44 61 2702
44 62 288
44 63 1519
44 64 2750
44 65 336
44 66 1567
44 67 2798
44 68 384
44 69 1615
44 70 2846
44 71 432
44 72 1663
44 73 2894
44 74 504
45 0 1735
45 1 1356
45 2 779
45 3 1229
45 4 281
45 5 454
45 6 319
45 7 1386
45 8 731
45 9 1183
45 10 913
45 11 997
45 12 566
45 13 1171
45 14 1056
45 15 1026
45 16 775
45 17 856
45 18 1395
45 19 787
45 20 1615
45 21 384
45 22 1615
45 23 1567
45 24 336
45 25 1567
45 26 1519
45 27 288
45 28 1519
45 29 1471
45 30 240
45 31 1471
45 32 1423
45 33 192
45 34 1423
45 35 1375
45 36 144
45 37 1375
45 38 1327
45 39 96
45 40 1327
45 41 1279
45 42 48
45 43 1279
45 44 1231
45 45 0
45 46 1231
45 47 1279
45 48 48
45 49 1279
45 50 1327
45 51 96
45 52 1327
45 53 1375
45 54 144
45 55 1375
45 56 1423
45 57 192
45 58 1423
45 59 1471
45 60 240
45 61 1471
45 62 1519
45 63 288
45 64 1519
45 65 1567
45 66 336
45 67 1567
45 68 1615
45 69 384
45 70 1615
45 71 1663
45 72 432
45 73 1663
45 74 1735
46 0 2966
46 1 355
46 2 740
46 3 2460
46 4 1512
46 5 1685
46 6 1008
46 7 229
46 8 1962
46 9 624
46 10 2144
46 11 906
46 12 761
46 13 2402
46 14 367
46 15 2257
46 16 840
46 17 2087
46 18 316
46 19 2018
46 20 2846
46 21 1615
46 22 384
46 23 2798
46 24 1567
46 25 336
46 26 2750
46 27 1519
46 28 288
46 29 2702
46 30 1471
46 31 240
46 32 2654
46 33 1423
46 34 192
46 35 2606
46 36 1375
46 37 144
46 38 2558
46 39 1327
46 40 96
46 41 2510
46 42 1279
46 43 48
46 44 2462
46 45 1231
46 46 0
46 47 2510
46 48 1279
46 49 48
46 50 2558
46 51 1327
46 52 96
46 53 2606
46 54 1375
46 55 144
46 56 2654
46 57 1423
46 58 192
46 59 2702
46 60 1471
46 61 240
46 62 2750
46 63 1519
46 64 288
46 65 2798
46 66 1567
46 67 336
46 68 2846
46 69 1615
46 70 384
46 71 2894
46 72 1663
46 73 432
46 74 2966
47 0 552
47 1 2539
47 2 2058
47 3 146
47 4 1382
47 5 1017
47 6 1598
47 7 2569
47 8 644
47 9 2462
47 10 462
47 11 2276
47 12 1749
47 13 876
47 14 2239
47 15 541
47 16 2054
47 17 423
47 18 2674
47 19 588
47 20 432
47 21 1663
47 22 2894
47 23 384
47 24 1615
47 25 2846
47 26 336
47 27 1567
47 28 2798
47 29 288
47 30 1519
47 31 2750
47 32 240
47 33 1471
47 34 2702
47 35 192
47 36 1423
47 37 2654
47 38 144
47 39 1375
47 40 2606
47 41 96
47 42 1327
47 43 2558
47 44 48
47 45 1279
47 46 2510
47 47 0
47 48 1231
47 49 2462
47 50 48
47 51 1279
47 52 2510
47 53 96
47 54 1327
47 55 2558
47 56 144
47 57 1375
47 58 2606
47 59 192
47 60 1423
47 61 2654
47 62 240
47 63 1471
47 64 2702
47 65 288
47 66 1519
47 67 2750
47 68 336
47 69 1567
47 70 2798
47 71 384
47 72 1615
47 73 2846
47 74 552
48 0 1783
48 1 1308
48 2 827
48 3 1277
48 4 329
48 5 406
48 6 367
48 7 1338
48 8 683
48 9 1231
48 10 865
48 11 1045
48 12 518
48 13 1123
48 14 1008
48 15 1074
48 16 823
48 17 904
48 18 1443
48 19 835
48 20 1663
48 21 432
48 22 1663
48 23 1615
48 24 384
48 25 1615
48 26 1567
48 27 336
48 28 1567
48 29 1519
48 30 288
48 31 1519
48 32 1471
48 33 240
