//alpha
1
//NbLocations
48
//NbProducts
30
//NbPickers
2
//CapaPicker
4
//TimeToTravelOneDistanceUnit
3
//SetupTime
5400
//PickTime
300
//Products
//Idx Location Size
1 1 1
2 2 1
3 3 1
4 4 1
5 5 1
6 6 1
7 7 1
8 8 1
9 9 1
10 10 1
11 11 1
12 12 1
13 13 1
14 5 1
15 14 1
16 15 1
17 16 1
18 17 1
19 18 1
20 19 1
21 20 1
22 21 1
23 22 1
24 23 1
25 24 1
26 25 1
27 26 1
28 27 1
29 28 1
30 29 1
//Orders
//NbOrders
18
//Idx DueDate TardinessPenalty NbProdInOrder ProdIdx1 Qty1 ProdIdx2 Qty2 ...
1 108000 0 1 1 1
2 72000 0 3 2 1 3 1 4 1
3 72000 0 1 5 1
4 126000 0 3 6 1 7 1 8 1
5 72000 0 2 9 1 10 1
6 54000 0 2 11 1 12 1
7 36000 0 1 13 1
8 72000 0 2 14 1 15 1
9 90000 0 2 16 1 17 1
10 54000 0 1 18 1
11 126000 0 1 19 1
12 36000 0 1 20 1
13 54000 0 2 21 1 22 1
14 36000 0 2 23 1 24 1
15 54000 0 1 25 1
16 72000 0 3 26 1 27 1 28 1
17 72000 0 1 29 1
18 108000 0 1 30 1
//Graph (Products are vertices indexed from 1 to NbProducts)
//NbVerticesIntersections
18
//DepartingDepot
0
//ArrivalDepot
48
//Arcs
//Start End Distance
0 30 120
1 11 26
1 37 37
2 3 286
2 40 63
3 2 286
3 19 26
4 10 13
4 25 13
5 14 26
5 36 37
6 34 50
6 35 401
7 20 65
7 41 232
8 23 104
8 42 115
9 18 221
9 32 89
10 4 13
10 20 65
11 1 26
11 24 143
12 16 65
12 22 13
13 21 52
13 45 37
14 5 26
14 28 13
15 28 130
15 37 245
16 12 65
16 26 52
17 23 169
17 43 63
18 9 221
18 31 141
19 3 26
19 39 76
20 7 65
20 10 65
21 13 52
21 27 130
22 12 13
22 33 76
23 8 104
23 17 169
24 11 143
24 38 245
25 4 13
25 40 63
26 16 52
26 34 245
27 21 130
27 46 232
28 14 13
28 15 130
29 30 89
29 31 362
30 29 89
30 33 48
30 48 120
31 18 141
31 29 362
31 34 48
32 9 89
32 35 48
33 22 76
33 30 48
33 36 48
34 6 50
34 26 245
34 31 48
34 37 48
35 6 401
35 32 48
35 38 48
36 5 37
36 33 48
36 39 48
37 1 37
37 15 245
37 34 48
37 40 48
38 24 245
38 35 48
38 41 48
39 19 76
39 36 48
39 42 48
40 2 63
40 25 63
40 37 48
40 43 48
41 7 232
41 38 48
41 44 48
42 8 115
42 39 48
42 45 48
43 17 63
43 40 48
43 44 451
43 46 48
44 41 48
44 43 451
44 47 48
45 13 37
45 42 48
46 27 232
46 43 48
46 47 451
47 44 48
47 46 451
//LocStart LocEnd ShortestPath
0 0 0
0 1 704
0 2 652
0 3 366
0 4 791
0 5 253
0 6 669
0 7 934
0 8 427
0 9 933
0 10 804
0 11 730
0 12 257
0 13 397
0 14 279
0 15 422
0 16 322
0 17 700
0 18 712
0 19 340
0 20 869
0 21 449
0 22 244
0 23 531
0 24 873
0 25 778
0 26 374
0 27 579
0 28 292
0 29 209
0 30 120
0 31 571
0 32 1022
0 33 168
0 34 619
0 35 1070
0 36 216
0 37 667
0 38 1118
0 39 264
0 40 715
0 41 1166
0 42 312
0 43 763
0 44 1214
0 45 360
0 46 811
0 47 1262
0 48 0
1 0 704
1 1 0
1 2 148
1 3 434
1 4 161
1 5 451
1 6 135
1 7 304
1 8 469
1 9 495
1 10 174
1 11 26
1 12 447
1 13 595
1 14 425
1 15 282
1 16 382
1 17 196
1 18 274
1 19 460
1 20 239
1 21 543
1 22 460
1 23 365
1 24 169
1 25 148
1 26 330
1 27 413
1 28 412
1 29 495
1 30 584
1 31 133
1 32 510
1 33 536
1 34 85
1 35 462
1 36 488
1 37 37
1 38 414
1 39 536
1 40 85
1 41 462
1 42 584
1 43 133
1 44 510
1 45 632
1 46 181
1 47 558
1 48 704
2 0 652
2 1 148
2 2 0
2 3 286
2 4 139
2 5 473
2 6 209
2 7 282
2 8 447
2 9 569
2 10 152
2 11 174
2 12 521
2 13 521
2 14 499
2 15 356
2 16 456
2 17 174
2 18 348
2 19 312
2 20 217
2 21 521
2 22 534
2 23 343
2 24 317
2 25 126
2 26 404
2 27 391
2 28 486
2 29 569
2 30 532
2 31 207
2 32 658
2 33 484
2 34 159
2 35 610
2 36 436
2 37 111
2 38 562
2 39 388
2 40 63
2 41 514
2 42 436
2 43 111
2 44 562
2 45 484
2 46 159
2 47 610
2 48 652
3 0 366
3 1 434
3 2 286
3 3 0
3 4 425
3 5 187
3 6 495
3 7 568
3 8 265
3 9 855
3 10 438
3 11 460
3 12 287
3 13 235
3 14 213
3 15 356
3 16 352
3 17 460
3 18 634
3 19 26
3 20 503
3 21 287
3 22 274
3 23 369
3 24 603
3 25 412
3 26 404
3 27 417
3 28 226
3 29 335
3 30 246
3 31 493
3 32 944
3 33 198
3 34 445
3 35 896
3 36 150
3 37 397
3 38 848
3 39 102
3 40 349
3 41 800
3 42 150
3 43 397
3 44 848
3 45 198
3 46 445
3 47 896
3 48 366
4 0 791
4 1 161
4 2 139
4 3 425
4 4 0
4 5 538
4 6 222
4 7 143
4 8 460
4 9 582
4 10 13
4 11 187
4 12 534
4 13 586
4 14 512
4 15 369
4 16 469
4 17 187
4 18 361
4 19 451
4 20 78
4 21 534
4 22 547
4 23 356
4 24 330
4 25 13
4 26 417
4 27 404
4 28 499
4 29 582
4 30 671
4 31 220
4 32 519
4 33 623
4 34 172
4 35 471
4 36 575
4 37 124
4 38 423
4 39 527
4 40 76
4 41 375
4 42 575
4 43 124
4 44 423
4 45 623
4 46 172
4 47 471
4 48 791
5 0 253
5 1 451
5 2 473
5 3 187
5 4 538
5 5 0
5 6 512
5 7 681
5 8 248
5 9 872
5 10 551
5 11 477
5 12 174
5 13 218
5 14 26
5 15 169
5 16 239
5 17 521
5 18 651
5 19 161
5 20 616
5 21 270
5 22 161
5 23 352
5 24 620
5 25 525
5 26 291
5 27 400
5 28 39
5 29 222
5 30 133
5 31 510
5 32 961
5 33 85
5 34 462
5 35 913
5 36 37
5 37 414
5 38 865
5 39 85
5 40 462
5 41 913
5 42 133
5 43 510
5 44 961
5 45 181
5 46 558
5 47 1009
5 48 253
6 0 669
6 1 135
6 2 209
6 3 495
6 4 222
6 5 512
6 6 0
6 7 365
6 8 530
6 9 460
6 10 235
6 11 161
6 12 412
6 13 656
6 14 486
6 15 343
6 16 347
6 17 257
6 18 239
6 19 521
6 20 300
6 21 604
6 22 425
6 23 426
6 24 304
6 25 209
6 26 295
6 27 474
6 28 473
6 29 460
6 30 549
6 31 98
6 32 449
6 33 501
6 34 50
6 35 401
6 36 549
6 37 98
6 38 449
6 39 597
6 40 146
6 41 497
6 42 645
6 43 194
6 44 545
6 45 693
6 46 242
6 47 593
6 48 669
7 0 934
7 1 304
7 2 282
7 3 568
7 4 143
7 5 681
7 6 365
7 7 0
7 8 603
7 9 465
7 10 130
7 11 330
7 12 677
7 13 729
7 14 655
7 15 512
7 16 612
7 17 330
7 18 504
7 19 594
7 20 65
7 21 677
7 22 690
7 23 499
7 24 473
7 25 156
7 26 560
7 27 547
7 28 642
7 29 725
7 30 814
7 31 363
7 32 376
7 33 766
7 34 315
7 35 328
7 36 718
7 37 267
7 38 280
7 39 670
7 40 219
7 41 232
7 42 718
7 43 267
7 44 280
7 45 766
7 46 315
7 47 328
7 48 934
8 0 427
8 1 469
8 2 447
8 3 265
8 4 460
8 5 248
8 6 530
8 7 603
8 8 0
8 9 890
8 10 473
8 11 495
8 12 348
8 13 200
8 14 274
8 15 417
8 16 413
8 17 273
8 18 669
8 19 239
8 20 538
8 21 252
8 22 335
8 23 104
8 24 638
8 25 447
8 26 465
8 27 382
8 28 287
8 29 396
8 30 307
8 31 528
8 32 979
8 33 259
8 34 480
8 35 931
8 36 211
8 37 432
8 38 883
8 39 163
8 40 384
8 41 835
8 42 115
8 43 336
8 44 787
8 45 163
8 46 384
8 47 835
8 48 427
9 0 933
9 1 495
9 2 569
9 3 855
9 4 582
9 5 872
9 6 460
9 7 465
9 8 890
9 9 0
9 10 595
9 11 521
9 12 772
9 13 1016
9 14 846
9 15 703
9 16 707
9 17 617
9 18 221
9 19 881
9 20 530
9 21 964
9 22 785
9 23 786
9 24 430
9 25 569
9 26 655
9 27 834
9 28 833
9 29 724
9 30 813
9 31 362
9 32 89
9 33 861
9 34 410
9 35 137
9 36 909
9 37 458
9 38 185
9 39 957
9 40 506
9 41 233
9 42 1005
9 43 554
9 44 281
9 45 1053
9 46 602
9 47 329
9 48 933
10 0 804
10 1 174
10 2 152
10 3 438
10 4 13
10 5 551
10 6 235
10 7 130
10 8 473
10 9 595
10 10 0
10 11 200
10 12 547
10 13 599
10 14 525
10 15 382
10 16 482
10 17 200
10 18 374
10 19 464
10 20 65
10 21 547
10 22 560
10 23 369
10 24 343
10 25 26
10 26 430
10 27 417
10 28 512
10 29 595
10 30 684
10 31 233
10 32 506
10 33 636
10 34 185
10 35 458
10 36 588
10 37 137
10 38 410
10 39 540
10 40 89
10 41 362
10 42 588
10 43 137
10 44 410
10 45 636
10 46 185
10 47 458
10 48 804
11 0 730
11 1 26
11 2 174
11 3 460
11 4 187
11 5 477
11 6 161
11 7 330
11 8 495
11 9 521
11 10 200
11 11 0
11 12 473
11 13 621
11 14 451
11 15 308
11 16 408
11 17 222
11 18 300
11 19 486
11 20 265
11 21 569
11 22 486
11 23 391
11 24 143
11 25 174
11 26 356
11 27 439
11 28 438
11 29 521
11 30 610
11 31 159
11 32 484
11 33 562
11 34 111
11 35 436
11 36 514
11 37 63
11 38 388
11 39 562
11 40 111
11 41 436
11 42 610
11 43 159
11 44 484
11 45 658
11 46 207
11 47 532
11 48 730
12 0 257
12 1 447
12 2 521
12 3 287
12 4 534
12 5 174
12 6 412
12 7 677
12 8 348
12 9 772
12 10 547
12 11 473
12 12 0
12 13 318
12 14 200
12 15 343
12 16 65
12 17 569
12 18 551
12 19 261
12 20 612
12 21 370
12 22 13
12 23 452
12 24 616
12 25 521
12 26 117
12 27 500
12 28 213
12 29 226
12 30 137
12 31 410
12 32 861
12 33 89
12 34 362
12 35 813
12 36 137
12 37 410
12 38 861
12 39 185
12 40 458
12 41 909
12 42 233
12 43 506
12 44 957
12 45 281
12 46 554
12 47 1005
12 48 257
13 0 397
13 1 595
13 2 521
13 3 235
13 4 586
13 5 218
13 6 656
13 7 729
13 8 200
13 9 1016
13 10 599
13 11 621
13 12 318
13 13 0
13 14 244
13 15 387
13 16 383
13 17 473
13 18 795
13 19 209
13 20 664
13 21 52
13 22 305
13 23 304
13 24 764
13 25 573
13 26 435
13 27 182
13 28 257
13 29 366
13 30 277
13 31 654
13 32 1105
13 33 229
13 34 606
13 35 1057
13 36 181
13 37 558
13 38 1009
13 39 133
13 40 510
13 41 961
13 42 85
13 43 462
13 44 913
13 45 37
13 46 414
13 47 865
13 48 397
14 0 279
14 1 425
14 2 499
14 3 213
14 4 512
14 5 26
14 6 486
14 7 655
14 8 274
14 9 846
14 10 525
14 11 451
14 12 200
14 13 244
14 14 0
14 15 143
14 16 265
14 17 547
14 18 625
14 19 187
14 20 590
14 21 296
14 22 187
14 23 378
14 24 594
14 25 499
14 26 317
14 27 426
14 28 13
14 29 248
14 30 159
14 31 484
14 32 935
14 33 111
14 34 436
14 35 887
14 36 63
14 37 388
14 38 839
14 39 111
14 40 436
14 41 887
14 42 159
14 43 484
14 44 935
14 45 207
14 46 532
14 47 983
14 48 279
15 0 422
15 1 282
15 2 356
15 3 356
15 4 369
15 5 169
15 6 343
15 7 512
15 8 417
15 9 703
15 10 382
15 11 308
15 12 343
15 13 387
15 14 143
15 15 0
15 16 408
15 17 404
15 18 482
15 19 330
15 20 447
15 21 439
15 22 330
15 23 521
15 24 451
15 25 356
15 26 460
15 27 569
15 28 130
15 29 391
15 30 302
15 31 341
15 32 792
15 33 254
15 34 293
15 35 744
15 36 206
15 37 245
15 38 696
15 39 254
15 40 293
15 41 744
15 42 302
15 43 341
15 44 792
15 45 350
15 46 389
15 47 840
15 48 422
16 0 322
16 1 382
16 2 456
16 3 352
16 4 469
16 5 239
16 6 347
16 7 612
16 8 413
16 9 707
16 10 482
16 11 408
16 12 65
16 13 383
16 14 265
16 15 408
16 16 0
16 17 504
16 18 486
16 19 326
16 20 547
16 21 435
16 22 78
16 23 517
16 24 551
16 25 456
16 26 52
16 27 565
16 28 278
16 29 291
16 30 202
16 31 345
16 32 796
16 33 154
16 34 297
16 35 748
16 36 202
16 37 345
16 38 796
16 39 250
16 40 393
16 41 844
16 42 298
16 43 441
16 44 892
16 45 346
16 46 489
16 47 940
16 48 322
17 0 700
17 1 196
17 2 174
17 3 460
17 4 187
17 5 521
17 6 257
17 7 330
17 8 273
17 9 617
17 10 200
17 11 222
17 12 569
17 13 473
17 14 547
17 15 404
17 16 504
17 17 0
17 18 396
17 19 486
17 20 265
17 21 473
17 22 582
17 23 169
17 24 365
17 25 174
17 26 452
17 27 343
17 28 534
17 29 617
17 30 580
17 31 255
17 32 706
17 33 532
17 34 207
17 35 658
17 36 484
17 37 159
17 38 610
17 39 436
17 40 111
17 41 562
17 42 388
17 43 63
17 44 514
17 45 436
17 46 111
17 47 562
17 48 700
18 0 712
18 1 274
18 2 348
18 3 634
18 4 361
18 5 651
18 6 239
18 7 504
18 8 669
18 9 221
18 10 374
18 11 300
18 12 551
18 13 795
18 14 625
18 15 482
18 16 486
18 17 396
18 18 0
18 19 660
18 20 439
18 21 743
18 22 564
18 23 565
18 24 443
18 25 348
18 26 434
18 27 613
18 28 612
18 29 503
18 30 592
18 31 141
18 32 310
18 33 640
18 34 189
18 35 358
18 36 688
18 37 237
18 38 406
18 39 736
18 40 285
18 41 454
18 42 784
18 43 333
18 44 502
18 45 832
18 46 381
18 47 550
18 48 712
19 0 340
19 1 460
19 2 312
19 3 26
19 4 451
19 5 161
19 6 521
19 7 594
19 8 239
19 9 881
19 10 464
19 11 486
19 12 261
19 13 209
19 14 187
19 15 330
19 16 326
19 17 486
19 18 660
19 19 0
19 20 529
19 21 261
19 22 248
19 23 343
19 24 629
19 25 438
19 26 378
19 27 391
19 28 200
19 29 309
19 30 220
19 31 519
19 32 970
19 33 172
19 34 471
19 35 922
19 36 124
19 37 423
19 38 874
19 39 76
19 40 375
19 41 826
19 42 124
19 43 423
19 44 874
19 45 172
19 46 471
19 47 922
19 48 340
20 0 869
20 1 239
20 2 217
20 3 503
20 4 78
20 5 616
20 6 300
20 7 65
20 8 538
20 9 530
20 10 65
20 11 265
20 12 612
20 13 664
20 14 590
20 15 447
20 16 547
20 17 265
20 18 439
20 19 529
20 20 0
20 21 612
20 22 625
20 23 434
20 24 408
20 25 91
20 26 495
20 27 482
20 28 577
20 29 660
20 30 749
20 31 298
20 32 441
20 33 701
20 34 250
20 35 393
20 36 653
20 37 202
20 38 345
20 39 605
20 40 154
20 41 297
20 42 653
20 43 202
20 44 345
20 45 701
20 46 250
20 47 393
20 48 869
21 0 449
21 1 543
21 2 521
21 3 287
21 4 534
21 5 270
21 6 604
21 7 677
21 8 252
21 9 964
21 10 547
21 11 569
21 12 370
21 13 52
21 14 296
21 15 439
21 16 435
21 17 473
21 18 743
21 19 261
21 20 612
21 21 0
21 22 357
21 23 356
21 24 712
21 25 521
21 26 487
21 27 130
21 28 309
21 29 418
21 30 329
21 31 602
21 32 1053
21 33 281
21 34 554
21 35 1005
21 36 233
21 37 506
21 38 957
21 39 185
21 40 458
21 41 909
21 42 137
21 43 410
21 44 861
21 45 89
21 46 362
21 47 813
21 48 449
22 0 244
22 1 460
22 2 534
22 3 274
22 4 547
22 5 161
22 6 425
22 7 690
22 8 335
22 9 785
22 10 560
22 11 486
22 12 13
22 13 305
22 14 187
22 15 330
22 16 78
22 17 582
22 18 564
22 19 248
22 20 625
22 21 357
22 22 0
22 23 439
22 24 629
22 25 534
22 26 130
22 27 487
22 28 200
22 29 213
22 30 124
22 31 423
22 32 874
22 33 76
22 34 375
22 35 826
22 36 124
22 37 423
22 38 874
22 39 172
22 40 471
22 41 922
22 42 220
22 43 519
22 44 970
22 45 268
22 46 567
22 47 1018
22 48 244
23 0 531
23 1 365
23 2 343
23 3 369
23 4 356
23 5 352
23 6 426
23 7 499
23 8 104
23 9 786
23 10 369
23 11 391
23 12 452
23 13 304
23 14 378
23 15 521
23 16 517
23 17 169
23 18 565
23 19 343
23 20 434
23 21 356
23 22 439
23 23 0
23 24 534
23 25 343
23 26 569
23 27 486
23 28 391
23 29 500
23 30 411
23 31 424
23 32 875
23 33 363
23 34 376
23 35 827
23 36 315
23 37 328
23 38 779
23 39 267
23 40 280
23 41 731
23 42 219
23 43 232
23 44 683
23 45 267
23 46 280
23 47 731
23 48 531
24 0 873
24 1 169
24 2 317
24 3 603
24 4 330
24 5 620
24 6 304
24 7 473
24 8 638
24 9 430
24 10 343
24 11 143
24 12 616
24 13 764
24 14 594
24 15 451
24 16 551
24 17 365
24 18 443
24 19 629
24 20 408
24 21 712
24 22 629
24 23 534
24 24 0
24 25 317
24 26 499
24 27 582
24 28 581
24 29 664
24 30 753
24 31 302
24 32 341
24 33 705
24 34 254
24 35 293
24 36 657
24 37 206
24 38 245
24 39 705
24 40 254
24 41 293
24 42 753
24 43 302
24 44 341
24 45 801
24 46 350
24 47 389
24 48 873
25 0 778
25 1 148
25 2 126
25 3 412
25 4 13
25 5 525
25 6 209
25 7 156
25 8 447
25 9 569
25 10 26
25 11 174
25 12 521
25 13 573
25 14 499
25 15 356
25 16 456
25 17 174
25 18 348
25 19 438
25 20 91
25 21 521
25 22 534
25 23 343
25 24 317
25 25 0
25 26 404
25 27 391
25 28 486
25 29 569
25 30 658
25 31 207
25 32 532
25 33 610
25 34 159
25 35 484
25 36 562
25 37 111
25 38 436
25 39 514
25 40 63
25 41 388
25 42 562
25 43 111
25 44 436
25 45 610
25 46 159
25 47 484
25 48 778
26 0 374
26 1 330
26 2 404
26 3 404
26 4 417
26 5 291
26 6 295
26 7 560
26 8 465
26 9 655
26 10 430
26 11 356
26 12 117
26 13 435
26 14 317
26 15 460
26 16 52
26 17 452
26 18 434
26 19 378
26 20 495
26 21 487
26 22 130
26 23 569
26 24 499
26 25 404
26 26 0
26 27 617
26 28 330
26 29 343
26 30 254
26 31 293
26 32 744
26 33 206
26 34 245
26 35 696
26 36 254
26 37 293
26 38 744
26 39 302
26 40 341
26 41 792
26 42 350
26 43 389
26 44 840
26 45 398
26 46 437
26 47 888
26 48 374
27 0 579
27 1 413
27 2 391
27 3 417
27 4 404
27 5 400
27 6 474
27 7 547
27 8 382
27 9 834
27 10 417
27 11 439
27 12 500
27 13 182
27 14 426
27 15 569
27 16 565
27 17 343
27 18 613
27 19 391
27 20 482
27 21 130
27 22 487
27 23 486
27 24 582
27 25 391
27 26 617
27 27 0
27 28 439
27 29 548
27 30 459
27 31 472
27 32 923
27 33 411
27 34 424
27 35 875
27 36 363
27 37 376
27 38 827
27 39 315
27 40 328
27 41 779
27 42 267
27 43 280
27 44 731
27 45 219
27 46 232
27 47 683
27 48 579
28 0 292
28 1 412
28 2 486
28 3 226
28 4 499
28 5 39
28 6 473
28 7 642
28 8 287
28 9 833
28 10 512
28 11 438
28 12 213
28 13 257
28 14 13
28 15 130
28 16 278
28 17 534
28 18 612
28 19 200
28 20 577
28 21 309
28 22 200
28 23 391
28 24 581
28 25 486
28 26 330
28 27 439
28 28 0
28 29 261
28 30 172
28 31 471
28 32 922
28 33 124
28 34 423
28 35 874
28 36 76
28 37 375
28 38 826
28 39 124
28 40 423
28 41 874
28 42 172
28 43 471
28 44 922
28 45 220
28 46 519
28 47 970
28 48 292
29 0 209
29 1 495
29 2 569
29 3 335
29 4 582
29 5 222
29 6 460
29 7 725
29 8 396
29 9 724
29 10 595
29 11 521
29 12 226
29 13 366
29 14 248
29 15 391
29 16 291
29 17 617
29 18 503
29 19 309
29 20 660
29 21 418
29 22 213
29 23 500
29 24 664
29 25 569
29 26 343
29 27 548
29 28 261
29 29 0
29 30 89
29 31 362
29 32 813
29 33 137
29 34 410
29 35 861
29 36 185
29 37 458
29 38 909
29 39 233
29 40 506
29 41 957
29 42 281
29 43 554
29 44 1005
29 45 329
29 46 602
29 47 1053
29 48 209
30 0 120
30 1 584
30 2 532
30 3 246
30 4 671
30 5 133
30 6 549
30 7 814
30 8 307
30 9 813
30 10 684
30 11 610
30 12 137
30 13 277
30 14 159
30 15 302
30 16 202
30 17 580
30 18 592
30 19 220
30 20 749
30 21 329
30 22 124
30 23 411
30 24 753
30 25 658
30 26 254
30 27 459
30 28 172
30 29 89
30 30 0
30 31 451
30 32 902
30 33 48
30 34 499
30 35 950
30 36 96
30 37 547
30 38 998
30 39 144
30 40 595
30 41 1046
30 42 192
30 43 643
30 44 1094
30 45 240
30 46 691
30 47 1142
30 48 120
31 0 571
31 1 133
31 2 207
31 3 493
31 4 220
31 5 510
31 6 98
31 7 363
31 8 528
31 9 362
31 10 233
31 11 159
31 12 410
31 13 654
31 14 484
31 15 341
31 16 345
31 17 255
31 18 141
31 19 519
31 20 298
31 21 602
31 22 423
31 23 424
31 24 302
31 25 207
31 26 293
31 27 472
31 28 471
31 29 362
31 30 451
31 31 0
31 32 451
31 33 499
31 34 48
31 35 499
31 36 547
31 37 96
31 38 547
31 39 595
31 40 144
31 41 595
31 42 643
31 43 192
31 44 643
31 45 691
31 46 240
31 47 691
31 48 571
32 0 1022
32 1 510
32 2 658
32 3 944
32 4 519
32 5 961
32 6 449
32 7 376
32 8 979
32 9 89
32 10 506
32 11 484
32 12 861
32 13 1105
32 14 935
32 15 792
32 16 796
32 17 706
32 18 310
32 19 970
32 20 441
32 21 1053
32 22 874
32 23 875
32 24 341
32 25 532
32 26 744
32 27 923
32 28 922
32 29 813
32 30 902
32 31 451
32 32 0
32 33 950
32 34 499
32 35 48
32 36 998
32 37 547
32 38 96
32 39 1046
32 40 595
32 41 144
32 42 1094
32 43 643
32 44 192
32 45 1142
32 46 691
32 47 240
32 48 1022
33 0 168
33 1 536
33 2 484
33 3 198
33 4 623
33 5 85
33 6 501
33 7 766
33 8 259
33 9 861
33 10 636
33 11 562
33 12 89
33 13 229
33 14 111
33 15 254
33 16 154
33 17 532
33 18 640
33 19 172
33 20 701
33 21 281
33 22 76
33 23 363
33 24 705
33 25 610
33 26 206
33 27 411
33 28 124
33 29 137
33 30 48
33 31 499
33 32 950
33 33 0
33 34 451
33 35 902
33 36 48
33 37 499
33 38 950
33 39 96
33 40 547
33 41 998
33 42 144
33 43 595
33 44 1046
33 45 192
33 46 643
33 47 1094
33 48 168
34 0 619
34 1 85
34 2 159
34 3 445
34 4 172
34 5 462
34 6 50
34 7 315
34 8 480
34 9 410
34 10 185
34 11 111
34 12 362
34 13 606
34 14 436
34 15 293
34 16 297
34 17 207
34 18 189
34 19 471
34 20 250
34 21 554
34 22 375
34 23 376
34 24 254
34 25 159
34 26 245
34 27 424
34 28 423
34 29 410
34 30 499
34 31 48
34 32 499
34 33 451
34 34 0
34 35 451
34 36 499
34 37 48
34 38 499
34 39 547
34 40 96
34 41 547
34 42 595
34 43 144
34 44 595
34 45 643
34 46 192
34 47 643
34 48 619
35 0 1070
35 1 462
35 2 610
35 3 896
35 4 471
35 5 913
35 6 401
35 7 328
35 8 931
35 9 137
35 10 458
35 11 436
35 12 813
35 13 1057
35 14 887
35 15 744
35 16 748
35 17 658
35 18 358
35 19 922
35 20 393
35 21 1005
35 22 826
35 23 827
35 24 293
35 25 484
35 26 696
35 27 875
35 28 874
35 29 861
35 30 950
35 31 499
35 32 48
35 33 902
35 34 451
35 35 0
35 36 950
35 37 499
35 38 48
35 39 998
35 40 547
35 41 96
35 42 1046
35 43 595
35 44 144
35 45 1094
35 46 643
35 47 192
35 48 1070
36 0 216
36 1 488
36 2 436
36 3 150
36 4 575
36 5 37
36 6 549
36 7 718
36 8 211
36 9 909
36 10 588
36 11 514
36 12 137
36 13 181
36 14 63
36 15 206
36 16 202
36 17 484
36 18 688
36 19 124
36 20 653
36 21 233
36 22 124
36 23 315
36 24 657
36 25 562
36 26 254
36 27 363
36 28 76
36 29 185
36 30 96
36 31 547
36 32 998
36 33 48
36 34 499
36 35 950
36 36 0
36 37 451
36 38 902
36 39 48
36 40 499
36 41 950
36 42 96
36 43 547
36 44 998
36 45 144
36 46 595
36 47 1046
36 48 216
37 0 667
37 1 37
37 2 111
37 3 397
37 4 124
37 5 414
37 6 98
37 7 267
37 8 432
37 9 458
37 10 137
37 11 63
37 12 410
37 13 558
37 14 388
37 15 245
37 16 345
37 17 159
37 18 237
37 19 423
37 20 202
37 21 506
37 22 423
37 23 328
37 24 206
37 25 111
37 26 293
37 27 376
37 28 375
37 29 458
37 30 547
37 31 96
37 32 547
37 33 499
37 34 48
37 35 499
37 36 451
37 37 0
37 38 451
37 39 499
37 40 48
37 41 499
37 42 547
37 43 96
37 44 547
37 45 595
37 46 144
37 47 595
37 48 667
38 0 1118
38 1 414
38 2 562
38 3 848
38 4 423
38 5 865
38 6 449
38 7 280
38 8 883
38 9 185
38 10 410
38 11 388
38 12 861
38 13 1009
38 14 839
38 15 696
38 16 796
38 17 610
38 18 406
38 19 874
38 20 345
38 21 957
38 22 874
38 23 779
38 24 245
38 25 436
38 26 744
38 27 827
38 28 826
38 29 909
38 30 998
38 31 547
38 32 96
38 33 950
38 34 499
38 35 48
38 36 902
38 37 451
38 38 0
38 39 950
38 40 499
38 41 48
38 42 998
38 43 547
38 44 96
38 45 1046
38 46 595
38 47 144
38 48 1118
39 0 264
39 1 536
39 2 388
39 3 102
39 4 527
39 5 85
39 6 597
39 7 670
39 8 163
39 9 957
39 10 540
39 11 562
39 12 185
39 13 133
39 14 111
39 15 254
39 16 250
39 17 436
39 18 736
39 19 76
39 20 605
39 21 185
39 22 172
39 23 267
39 24 705
39 25 514
39 26 302
39 27 315
39 28 124
39 29 233
39 30 144
39 31 595
39 32 1046
39 33 96
39 34 547
39 35 998
39 36 48
39 37 499
39 38 950
39 39 0
39 40 451
39 41 902
39 42 48
39 43 499
39 44 950
39 45 96
39 46 547
39 47 998
39 48 264
40 0 715
40 1 85
40 2 63
40 3 349
40 4 76
40 5 462
40 6 146
40 7 219
40 8 384
40 9 506
40 10 89
40 11 111
40 12 458
40 13 510
40 14 436
40 15 293
40 16 393
40 17 111
40 18 285
40 19 375
40 20 154
40 21 458
40 22 471
40 23 280
40 24 254
40 25 63
40 26 341
40 27 328
40 28 423
40 29 506
40 30 595
40 31 144
40 32 595
40 33 547
40 34 96
40 35 547
40 36 499
40 37 48
40 38 499
40 39 451
40 40 0
40 41 451
40 42 499
40 43 48
40 44 499
40 45 547
40 46 96
40 47 547
40 48 715
41 0 1166
41 1 462
41 2 514
41 3 800
41 4 375
41 5 913
41 6 497
41 7 232
41 8 835
41 9 233
41 10 362
41 11 436
41 12 909
41 13 961
41 14 887
41 15 744
41 16 844
41 17 562
41 18 454
41 19 826
41 20 297
41 21 909
41 22 922
41 23 731
41 24 293
41 25 388
41 26 792
41 27 779
41 28 874
41 29 957
41 30 1046
41 31 595
41 32 144
41 33 998
41 34 547
41 35 96
41 36 950
41 37 499
41 38 48
41 39 902
41 40 451
41 41 0
41 42 950
41 43 499
41 44 48
41 45 998
41 46 547
41 47 96
41 48 1166
42 0 312
42 1 584
42 2 436
42 3 150
42 4 575
42 5 133
42 6 645
42 7 718
42 8 115
42 9 1005
42 10 588
42 11 610
42 12 233
42 13 85
42 14 159
42 15 302
42 16 298
42 17 388
42 18 784
42 19 124
42 20 653
42 21 137
42 22 220
42 23 219
42 24 753
42 25 562
42 26 350
42 27 267
42 28 172
42 29 281
42 30 192
42 31 643
42 32 1094
42 33 144
42 34 595
42 35 1046
42 36 96
42 37 547
42 38 998
42 39 48
42 40 499
42 41 950
42 42 0
42 43 451
42 44 902
42 45 48
42 46 499
42 47 950
42 48 312
43 0 763
43 1 133
43 2 111
43 3 397
43 4 124
43 5 510
43 6 194
43 7 267
43 8 336
43 9 554
43 10 137
43 11 159
43 12 506
43 13 462
43 14 484
43 15 341
43 16 441
43 17 63
43 18 333
43 19 423
43 20 202
43 21 410
43 22 519
43 23 232
43 24 302
43 25 111
43 26 389
43 27 280
43 28 471
43 29 554
43 30 643
43 31 192
43 32 643
43 33 595
43 34 144
43 35 595
43 36 547
43 37 96
43 38 547
43 39 499
43 40 48
43 41 499
43 42 451
43 43 0
43 44 451
43 45 499
43 46 48
43 47 499
43 48 763
44 0 1214
44 1 510
44 2 562
44 3 848
44 4 423
44 5 961
44 6 545
44 7 280
44 8 787
44 9 281
44 10 410
44 11 484
44 12 957
44 13 913
44 14 935
44 15 792
44 16 892
44 17 514
44 18 502
44 19 874
44 20 345
44 21 861
44 22 970
44 23 683
44 24 341
44 25 436
44 26 840
44 27 731
44 28 922
44 29 1005
44 30 1094
44 31 643
44 32 192
44 33 1046
44 34 595
44 35 144
44 36 998
44 37 547
44 38 96
44 39 950
44 40 499
44 41 48
44 42 902
44 43 451
44 44 0
44 45 950
44 46 499
44 47 48
44 48 1214
45 0 360
45 1 632
45 2 484
45 3 198
45 4 623
45 5 181
45 6 693
45 7 766
45 8 163
45 9 1053
45 10 636
45 11 658
45 12 281
45 13 37
45 14 207
45 15 350
45 16 346
45 17 436
45 18 832
45 19 172
45 20 701
45 21 89
45 22 268
45 23 267
45 24 801
45 25 610
45 26 398
45 27 219
45 28 220
45 29 329
45 30 240
45 31 691
45 32 1142
45 33 192
45 34 643
45 35 1094
45 36 144
45 37 595
45 38 1046
45 39 96
45 40 547
45 41 998
45 42 48
45 43 499
45 44 950
45 45 0
45 46 451
45 47 902
45 48 360
46 0 811
46 1 181
46 2 159
46 3 445
46 4 172
46 5 558
46 6 242
46 7 315
46 8 384
46 9 602
46 10 185
46 11 207
46 12 554
46 13 414
46 14 532
46 15 389
46 16 489
46 17 111
46 18 381
46 19 471
46 20 250
46 21 362
46 22 567
46 23 280
46 24 350
46 25 159
46 26 437
46 27 232
46 28 519
46 29 602
46 30 691
46 31 240
46 32 691
46 33 643
46 34 192
46 35 643
46 36 595
46 37 144
46 38 595
46 39 547
46 40 96
46 41 547
46 42 499
46 43 48
46 44 499
46 45 451
46 46 0
46 47 451
46 48 811
47 0 1262
47 1 558
47 2 610
47 3 896
47 4 471
47 5 1009
47 6 593
47 7 328
47 8 835
47 9 329
47 10 458
47 11 532
47 12 1005
47 13 865
47 14 983
47 15 840
47 16 940
47 17 562
47 18 550
47 19 922
47 20 393
47 21 813
47 22 1018
47 23 731
47 24 389
47 25 484
47 26 888
47 27 683
47 28 970
47 29 1053
47 30 1142
47 31 691
47 32 240
47 33 1094
47 34 643
47 35 192
47 36 1046
47 37 595
47 38 144
47 39 998
47 40 547
47 41 96
47 42 950
47 43 499
47 44 48
47 45 902
47 46 451
47 47 0
47 48 1262
48 0 0
48 1 704
48 2 652
48 3 366
48 4 791
48 5 253
48 6 669
48 7 934
48 8 427
48 9 933
48 10 804
48 11 730
48 12 257
48 13 397
48 14 279
48 15 422
48 16 322
48 17 700
48 18 712
48 19 340
48 20 869
48 21 449
48 22 244
48 23 531
48 24 873
48 25 778
48 26 374
48 27 579
48 28 292
48 29 209
48 30 120
48 31 571
48 32 1022
48 33 168
48 34 619
48 35 1070
48 36 216
48 37 667
48 38 1118
48 39 264
48 40 715
48 41 1166
48 42 312
48 43 763
48 44 1214
48 45 360
48 46 811
48 47 1262
48 48 0
//Location coordinates LocationName
//Loc x y
0 0.0 0.0 "depot"
1 96.0 608.0 "product aisle 2 bloc 1 rank 2"
2 144.0 508.0 "product aisle 3 bloc 0 rank 55"
3 144.0 222.0 "product aisle 3 bloc 0 rank 12"
4 144.0 647.0 "product aisle 3 bloc 1 rank 7"
5 96.0 157.0 "product aisle 2 bloc 0 rank 2"
6 48.0 621.0 "product aisle 1 bloc 1 rank 3"
7 144.0 790.0 "product aisle 3 bloc 1 rank 30"
8 192.0 235.0 "product aisle 4 bloc 0 rank 14"
9 0.0 933.0 "product aisle 0 bloc 1 rank 52"
10 144.0 660.0 "product aisle 3 bloc 1 rank 9"
11 96.0 634.0 "product aisle 2 bloc 1 rank 5"
12 48.0 209.0 "product aisle 1 bloc 0 rank 9"
13 240.0 157.0 "product aisle 5 bloc 0 rank 2"
14 96.0 183.0 "product aisle 2 bloc 0 rank 5"
15 96.0 326.0 "product aisle 2 bloc 0 rank 28"
16 48.0 274.0 "product aisle 1 bloc 0 rank 19"
17 192.0 508.0 "product aisle 4 bloc 0 rank 56"
18 0.0 712.0 "product aisle 0 bloc 1 rank 18"
19 144.0 196.0 "product aisle 3 bloc 0 rank 7"
20 144.0 725.0 "product aisle 3 bloc 1 rank 19"
21 240.0 209.0 "product aisle 5 bloc 0 rank 10"
22 48.0 196.0 "product aisle 1 bloc 0 rank 7"
23 192.0 339.0 "product aisle 4 bloc 0 rank 30"
24 96.0 777.0 "product aisle 2 bloc 1 rank 28"
25 144.0 634.0 "product aisle 3 bloc 1 rank 5"
26 48.0 326.0 "product aisle 1 bloc 0 rank 28"
27 240.0 339.0 "product aisle 5 bloc 0 rank 29"
28 96.0 196.0 "product aisle 2 bloc 0 rank 8"
29 0.0 209.0 "product aisle 0 bloc 0 rank 9"
30 24.0 120.0 "intersection aisle 0 bloc 0 rank 0"
31 24.0 571.0 "intersection aisle 0 bloc 1 rank 1"
32 24.0 1022.0 "intersection aisle 0 bloc 2 rank 2"
33 72.0 120.0 "intersection aisle 1 bloc 0 rank 0"
34 72.0 571.0 "intersection aisle 1 bloc 1 rank 1"
35 72.0 1022.0 "intersection aisle 1 bloc 2 rank 2"
36 120.0 120.0 "intersection aisle 2 bloc 0 rank 0"
37 120.0 571.0 "intersection aisle 2 bloc 1 rank 1"
38 120.0 1022.0 "intersection aisle 2 bloc 2 rank 2"
39 168.0 120.0 "intersection aisle 3 bloc 0 rank 0"
40 168.0 571.0 "intersection aisle 3 bloc 1 rank 1"
41 168.0 1022.0 "intersection aisle 3 bloc 2 rank 2"
42 216.0 120.0 "intersection aisle 4 bloc 0 rank 0"
43 216.0 571.0 "intersection aisle 4 bloc 1 rank 1"
44 216.0 1022.0 "intersection aisle 4 bloc 2 rank 2"
45 264.0 120.0 "intersection aisle 5 bloc 0 rank 0"
46 264.0 571.0 "intersection aisle 5 bloc 1 rank 1"
47 264.0 1022.0 "intersection aisle 5 bloc 2 rank 2"
48 0.0 0.0 "depot"
