//alpha
1
//NbLocations
49
//NbProducts
32
//NbPickers
2
//CapaPicker
4
//TimeToTravelOneDistanceUnit
3
//SetupTime
5400
//PickTime
300
//Products
//Idx Location Size
1 1 1
2 2 1
3 3 1
4 4 1
5 5 1
6 6 1
7 7 1
8 8 1
9 9 1
10 10 1
11 11 1
12 12 1
13 13 1
14 14 1
15 15 1
16 16 1
17 17 1
18 18 1
19 19 1
20 20 1
21 21 1
22 22 1
23 23 1
24 24 1
25 25 1
26 26 1
27 12 1
28 27 1
29 28 1
30 29 1
31 30 1
32 13 1
//Orders
//NbOrders
18
//Idx DueDate TardinessPenalty NbProdInOrder ProdIdx1 Qty1 ProdIdx2 Qty2 ...
1 54000 0 1 1 1
2 108000 0 3 2 1 3 1 4 1
3 108000 0 3 5 1 6 1 7 1
4 90000 0 1 8 1
5 126000 0 1 9 1
6 126000 0 1 10 1
7 126000 0 1 11 1
8 54000 0 1 12 1
9 54000 0 2 13 1 14 1
10 108000 0 1 15 1
11 90000 0 4 16 1 17 1 18 1 19 1
12 126000 0 1 20 1
13 126000 0 4 21 1 22 1 23 1 24 1
14 72000 0 1 25 1
15 72000 0 2 26 1 27 1
16 90000 0 2 28 1 29 1
17 90000 0 2 30 1 31 1
18 90000 0 1 32 1
//Graph (Products are vertices indexed from 1 to NbProducts)
//NbVerticesIntersections
18
//DepartingDepot
0
//ArrivalDepot
49
//Arcs
//Start End Distance
0 31 120
1 3 0
1 27 91
2 12 13
2 18 13
3 1 0
3 4 13
4 3 13
4 8 13
5 18 26
5 32 37
6 13 156
6 34 89
7 16 208
7 38 63
8 4 13
8 10 39
9 38 219
9 39 232
10 8 39
10 30 0
11 19 26
11 20 39
12 2 13
12 23 0
13 6 156
13 35 206
14 25 117
14 36 271
15 20 13
15 33 102
16 7 208
16 37 180
17 43 310
17 44 141
18 2 13
18 5 26
19 11 26
19 22 78
20 11 39
20 15 13
21 30 104
21 31 76
22 19 78
22 29 13
23 12 0
23 24 65
24 23 65
24 29 26
25 14 117
25 35 63
26 27 65
26 32 50
27 1 91
27 26 65
28 44 336
28 45 115
29 22 13
29 24 26
30 10 0
30 21 104
31 21 76
31 34 48
31 49 120
32 5 37
32 26 50
32 35 48
33 15 102
33 36 48
34 6 89
34 31 48
34 37 48
35 13 206
35 25 63
35 32 48
35 38 48
36 14 271
36 33 48
36 39 48
37 16 180
37 34 48
37 40 48
38 7 63
38 9 219
38 35 48
38 41 48
39 9 232
39 36 48
39 42 48
40 37 48
40 41 451
40 43 48
41 38 48
41 40 451
41 42 451
41 44 48
42 39 48
42 41 451
42 45 48
43 17 310
43 40 48
43 46 48
44 17 141
44 28 336
44 41 48
44 47 48
45 28 115
45 42 48
45 48 48
46 43 48
46 47 451
47 44 48
47 46 451
47 48 451
48 45 48
48 47 451
//LocStart LocEnd ShortestPath
0 0 0
0 1 365
0 2 647
0 3 365
0 4 352
0 5 608
0 6 257
0 7 604
0 8 339
0 9 886
0 10 300
0 11 868
0 12 660
0 13 413
0 14 799
0 15 920
0 16 396
0 17 622
0 18 634
0 19 842
0 20 907
0 21 196
0 22 764
0 23 660
0 24 725
0 25 682
0 26 521
0 27 456
0 28 1099
0 29 751
0 30 300
0 31 120
0 32 571
0 33 1022
0 34 168
0 35 619
0 36 1070
0 37 216
0 38 667
0 39 1118
0 40 264
0 41 715
0 42 1166
0 43 312
0 44 763
0 45 1214
0 46 360
0 47 811
0 48 1262
0 49 0
1 0 365
1 1 0
1 2 282
1 3 0
1 4 13
1 5 243
1 6 382
1 7 365
1 8 26
1 9 521
1 10 65
1 11 503
1 12 295
1 13 460
1 14 434
1 15 555
1 16 521
1 17 539
1 18 269
1 19 477
1 20 542
1 21 169
1 22 399
1 23 295
1 24 360
1 25 317
1 26 156
1 27 91
1 28 734
1 29 386
1 30 65
1 31 245
1 32 206
1 33 657
1 34 293
1 35 254
1 36 705
1 37 341
1 38 302
1 39 753
1 40 389
1 41 350
1 42 801
1 43 437
1 44 398
1 45 849
1 46 485
1 47 446
1 48 897
1 49 365
2 0 647
2 1 282
2 2 0
2 3 282
2 4 295
2 5 39
2 6 486
2 7 235
2 8 308
2 9 391
2 10 347
2 11 221
2 12 13
2 13 330
2 14 304
2 15 273
2 16 443
2 17 409
2 18 13
2 19 195
2 20 260
2 21 451
2 22 117
2 23 13
2 24 78
2 25 187
2 26 126
2 27 191
2 28 604
2 29 104
2 30 347
2 31 527
2 32 76
2 33 375
2 34 575
2 35 124
2 36 423
2 37 623
2 38 172
2 39 471
2 40 671
2 41 220
2 42 519
2 43 719
2 44 268
2 45 567
2 46 767
2 47 316
2 48 615
2 49 647
3 0 365
3 1 0
3 2 282
3 3 0
3 4 13
3 5 243
3 6 382
3 7 365
3 8 26
3 9 521
3 10 65
3 11 503
3 12 295
3 13 460
3 14 434
3 15 555
3 16 521
3 17 539
3 18 269
3 19 477
3 20 542
3 21 169
3 22 399
3 23 295
3 24 360
3 25 317
3 26 156
3 27 91
3 28 734
3 29 386
3 30 65
3 31 245
3 32 206
3 33 657
3 34 293
3 35 254
3 36 705
3 37 341
3 38 302
3 39 753
3 40 389
3 41 350
3 42 801
3 43 437
3 44 398
3 45 849
3 46 485
3 47 446
3 48 897
3 49 365
4 0 352
4 1 13
4 2 295
4 3 13
4 4 0
4 5 256
4 6 369
4 7 378
4 8 13
4 9 534
4 10 52
4 11 516
4 12 308
4 13 473
4 14 447
4 15 568
4 16 508
4 17 552
4 18 282
4 19 490
4 20 555
4 21 156
4 22 412
4 23 308
4 24 373
4 25 330
4 26 169
4 27 104
4 28 747
4 29 399
4 30 52
4 31 232
4 32 219
4 33 670
4 34 280
4 35 267
4 36 718
4 37 328
4 38 315
4 39 766
4 40 376
4 41 363
4 42 814
4 43 424
4 44 411
4 45 862
4 46 472
4 47 459
4 48 910
4 49 352
5 0 608
5 1 243
5 2 39
5 3 243
5 4 256
5 5 0
5 6 447
5 7 196
5 8 269
5 9 352
5 10 308
5 11 260
5 12 52
5 13 291
5 14 265
5 15 312
5 16 404
5 17 370
5 18 26
5 19 234
5 20 299
5 21 412
5 22 156
5 23 52
5 24 117
5 25 148
5 26 87
5 27 152
5 28 565
5 29 143
5 30 308
5 31 488
5 32 37
5 33 414
5 34 536
5 35 85
5 36 462
5 37 584
5 38 133
5 39 510
5 40 632
5 41 181
5 42 558
5 43 680
5 44 229
5 45 606
5 46 728
5 47 277
5 48 654
5 49 608
6 0 257
6 1 382
6 2 486
6 3 382
6 4 369
6 5 447
6 6 0
6 7 473
6 8 356
6 9 629
6 10 317
6 11 707
6 12 499
6 13 156
6 14 542
6 15 759
6 16 317
6 17 543
6 18 473
6 19 681
6 20 746
6 21 213
6 22 603
6 23 499
6 24 564
6 25 425
6 26 460
6 27 473
6 28 842
6 29 590
6 30 317
6 31 137
6 32 410
6 33 861
6 34 89
6 35 362
6 36 813
6 37 137
6 38 410
6 39 861
6 40 185
6 41 458
6 42 909
6 43 233
6 44 506
6 45 957
6 46 281
6 47 554
6 48 1005
6 49 257
7 0 604
7 1 365
7 2 235
7 3 365
7 4 378
7 5 196
7 6 473
7 7 0
7 8 391
7 9 282
7 10 430
7 11 456
7 12 248
7 13 317
7 14 291
7 15 508
7 16 208
7 17 300
7 18 222
7 19 430
7 20 495
7 21 534
7 22 352
7 23 248
7 24 313
7 25 174
7 26 209
7 27 274
7 28 495
7 29 339
7 30 430
7 31 484
7 32 159
7 33 610
7 34 436
7 35 111
7 36 562
7 37 388
7 38 63
7 39 514
7 40 436
7 41 111
7 42 562
7 43 484
7 44 159
7 45 610
7 46 532
7 47 207
7 48 658
7 49 604
8 0 339
8 1 26
8 2 308
8 3 26
8 4 13
8 5 269
8 6 356
8 7 391
8 8 0
8 9 547
8 10 39
8 11 529
8 12 321
8 13 486
8 14 460
8 15 581
8 16 495
8 17 565
8 18 295
8 19 503
8 20 568
8 21 143
8 22 425
8 23 321
8 24 386
8 25 343
8 26 182
8 27 117
8 28 760
8 29 412
8 30 39
8 31 219
8 32 232
8 33 683
8 34 267
8 35 280
8 36 731
8 37 315
8 38 328
8 39 779
8 40 363
8 41 376
8 42 827
8 43 411
8 44 424
8 45 875
8 46 459
8 47 472
8 48 923
8 49 339
9 0 886
9 1 521
9 2 391
9 3 521
9 4 534
9 5 352
9 6 629
9 7 282
9 8 547
9 9 0
9 10 586
9 11 482
9 12 404
9 13 473
9 14 447
9 15 430
9 16 490
9 17 456
9 18 378
9 19 508
9 20 443
9 21 690
9 22 508
9 23 404
9 24 469
9 25 330
9 26 365
9 27 430
9 28 443
9 29 495
9 30 586
9 31 766
9 32 315
9 33 328
9 34 718
9 35 267
9 36 280
9 37 670
9 38 219
9 39 232
9 40 718
9 41 267
9 42 280
9 43 766
9 44 315
9 45 328
9 46 814
9 47 363
9 48 376
9 49 886
10 0 300
10 1 65
10 2 347
10 3 65
10 4 52
10 5 308
10 6 317
10 7 430
10 8 39
10 9 586
10 10 0
10 11 568
10 12 360
10 13 473
10 14 499
10 15 620
10 16 456
10 17 604
10 18 334
10 19 542
10 20 607
10 21 104
10 22 464
10 23 360
10 24 425
10 25 382
10 26 221
10 27 156
10 28 799
10 29 451
10 30 0
10 31 180
10 32 271
10 33 722
10 34 228
10 35 319
10 36 770
10 37 276
10 38 367
10 39 818
10 40 324
10 41 415
10 42 866
10 43 372
10 44 463
10 45 914
10 46 420
10 47 511
10 48 962
10 49 300
11 0 868
11 1 503
11 2 221
11 3 503
11 4 516
11 5 260
11 6 707
11 7 456
11 8 529
11 9 482
11 10 568
11 11 0
11 12 208
11 13 551
11 14 473
11 15 52
11 16 664
11 17 630
11 18 234
11 19 26
11 20 39
11 21 672
11 22 104
11 23 208
11 24 143
11 25 408
11 26 347
11 27 412
11 28 461
11 29 117
11 30 568
11 31 748
11 32 297
11 33 154
11 34 796
11 35 345
11 36 202
11 37 844
11 38 393
11 39 250
11 40 892
11 41 441
11 42 298
11 43 940
11 44 489
11 45 346
11 46 988
11 47 537
11 48 394
11 49 868
12 0 660
12 1 295
12 2 13
12 3 295
12 4 308
12 5 52
12 6 499
12 7 248
12 8 321
12 9 404
12 10 360
12 11 208
12 12 0
12 13 343
12 14 317
12 15 260
12 16 456
12 17 422
12 18 26
12 19 182
12 20 247
12 21 464
12 22 104
12 23 0
12 24 65
12 25 200
12 26 139
12 27 204
12 28 617
12 29 91
12 30 360
12 31 540
12 32 89
12 33 362
12 34 588
12 35 137
12 36 410
12 37 636
12 38 185
12 39 458
12 40 684
12 41 233
12 42 506
12 43 732
12 44 281
12 45 554
12 46 780
12 47 329
12 48 602
12 49 660
13 0 413
13 1 460
13 2 330
13 3 460
13 4 473
13 5 291
13 6 156
13 7 317
13 8 486
13 9 473
13 10 473
13 11 551
13 12 343
13 13 0
13 14 386
13 15 603
13 16 473
13 17 491
13 18 317
13 19 525
13 20 590
13 21 369
13 22 447
13 23 343
13 24 408
13 25 269
13 26 304
13 27 369
13 28 686
13 29 434
13 30 473
13 31 293
13 32 254
13 33 705
13 34 245
13 35 206
13 36 657
13 37 293
13 38 254
13 39 705
13 40 341
13 41 302
13 42 753
13 43 389
13 44 350
13 45 801
13 46 437
13 47 398
13 48 849
13 49 413
14 0 799
14 1 434
14 2 304
14 3 434
14 4 447
14 5 265
14 6 542
14 7 291
14 8 460
14 9 447
14 10 499
14 11 473
14 12 317
14 13 386
14 14 0
14 15 421
14 16 499
14 17 465
14 18 291
14 19 499
14 20 434
14 21 603
14 22 421
14 23 317
14 24 382
14 25 117
14 26 278
14 27 343
14 28 530
14 29 408
14 30 499
14 31 679
14 32 228
14 33 319
14 34 631
14 35 180
14 36 271
14 37 679
14 38 228
14 39 319
14 40 727
14 41 276
14 42 367
14 43 775
14 44 324
14 45 415
14 46 823
14 47 372
14 48 463
14 49 799
15 0 920
15 1 555
15 2 273
15 3 555
15 4 568
15 5 312
15 6 759
15 7 508
15 8 581
15 9 430
15 10 620
15 11 52
15 12 260
15 13 603
15 14 421
15 15 0
15 16 716
15 17 682
15 18 286
15 19 78
15 20 13
15 21 724
15 22 156
15 23 260
15 24 195
15 25 460
15 26 399
15 27 464
15 28 409
15 29 169
15 30 620
15 31 800
15 32 349
15 33 102
15 34 848
15 35 397
15 36 150
15 37 896
15 38 445
15 39 198
15 40 944
15 41 493
15 42 246
15 43 992
15 44 541
15 45 294
15 46 1040
15 47 589
15 48 342
15 49 920
16 0 396
16 1 521
16 2 443
16 3 521
16 4 508
16 5 404
16 6 317
16 7 208
16 8 495
16 9 490
16 10 456
16 11 664
16 12 456
16 13 473
16 14 499
16 15 716
16 16 0
16 17 508
16 18 430
16 19 638
16 20 703
16 21 352
16 22 560
16 23 456
16 24 521
16 25 382
16 26 417
16 27 482
16 28 703
16 29 547
16 30 456
16 31 276
16 32 367
16 33 818
16 34 228
16 35 319
16 36 770
16 37 180
16 38 271
16 39 722
16 40 228
16 41 319
16 42 770
16 43 276
16 44 367
16 45 818
16 46 324
16 47 415
16 48 866
16 49 396
17 0 622
17 1 539
17 2 409
17 3 539
17 4 552
17 5 370
17 6 543
17 7 300
17 8 565
17 9 456
17 10 604
17 11 630
17 12 422
17 13 491
17 14 465
17 15 682
17 16 508
17 17 0
17 18 396
17 19 604
17 20 669
17 21 578
17 22 526
17 23 422
17 24 487
17 25 348
17 26 383
17 27 448
17 28 477
17 29 513
17 30 604
17 31 502
17 32 333
17 33 784
17 34 454
17 35 285
17 36 736
17 37 406
17 38 237
17 39 688
17 40 358
17 41 189
17 42 640
17 43 310
17 44 141
17 45 592
17 46 358
17 47 189
17 48 640
17 49 622
18 0 634
18 1 269
18 2 13
18 3 269
18 4 282
18 5 26
18 6 473
18 7 222
18 8 295
18 9 378
18 10 334
18 11 234
18 12 26
18 13 317
18 14 291
18 15 286
18 16 430
18 17 396
18 18 0
18 19 208
18 20 273
18 21 438
18 22 130
18 23 26
18 24 91
18 25 174
18 26 113
18 27 178
18 28 591
18 29 117
18 30 334
18 31 514
18 32 63
18 33 388
18 34 562
18 35 111
18 36 436
18 37 610
18 38 159
18 39 484
18 40 658
18 41 207
18 42 532
18 43 706
18 44 255
18 45 580
18 46 754
18 47 303
18 48 628
18 49 634
19 0 842
19 1 477
19 2 195
19 3 477
19 4 490
19 5 234
19 6 681
19 7 430
19 8 503
19 9 508
19 10 542
19 11 26
19 12 182
19 13 525
19 14 499
19 15 78
19 16 638
19 17 604
19 18 208
19 19 0
19 20 65
19 21 646
19 22 78
19 23 182
19 24 117
19 25 382
19 26 321
19 27 386
19 28 487
19 29 91
19 30 542
19 31 722
19 32 271
19 33 180
19 34 770
19 35 319
19 36 228
19 37 818
19 38 367
19 39 276
19 40 866
19 41 415
19 42 324
19 43 914
19 44 463
19 45 372
19 46 962
19 47 511
19 48 420
19 49 842
20 0 907
20 1 542
20 2 260
20 3 542
20 4 555
20 5 299
20 6 746
20 7 495
20 8 568
20 9 443
20 10 607
20 11 39
20 12 247
20 13 590
20 14 434
20 15 13
20 16 703
20 17 669
20 18 273
20 19 65
20 20 0
20 21 711
20 22 143
20 23 247
20 24 182
20 25 447
20 26 386
20 27 451
20 28 422
20 29 156
20 30 607
20 31 787
20 32 336
20 33 115
20 34 835
20 35 384
20 36 163
20 37 883
20 38 432
20 39 211
20 40 931
20 41 480
20 42 259
20 43 979
20 44 528
20 45 307
20 46 1027
20 47 576
20 48 355
20 49 907
21 0 196
21 1 169
21 2 451
21 3 169
21 4 156
21 5 412
21 6 213
21 7 534
21 8 143
21 9 690
21 10 104
21 11 672
21 12 464
21 13 369
21 14 603
21 15 724
21 16 352
21 17 578
21 18 438
21 19 646
21 20 711
21 21 0
21 22 568
21 23 464
21 24 529
21 25 486
21 26 325
21 27 260
21 28 903
21 29 555
21 30 104
21 31 76
21 32 375
21 33 826
21 34 124
21 35 423
21 36 874
21 37 172
21 38 471
21 39 922
21 40 220
21 41 519
21 42 970
21 43 268
21 44 567
21 45 1018
21 46 316
21 47 615
21 48 1066
21 49 196
22 0 764
22 1 399
22 2 117
22 3 399
22 4 412
22 5 156
22 6 603
22 7 352
22 8 425
22 9 508
22 10 464
22 11 104
22 12 104
22 13 447
22 14 421
22 15 156
22 16 560
22 17 526
22 18 130
22 19 78
22 20 143
22 21 568
22 22 0
22 23 104
22 24 39
22 25 304
22 26 243
22 27 308
22 28 565
22 29 13
22 30 464
22 31 644
22 32 193
22 33 258
22 34 692
22 35 241
22 36 306
22 37 740
22 38 289
22 39 354
22 40 788
22 41 337
22 42 402
22 43 836
22 44 385
22 45 450
22 46 884
22 47 433
22 48 498
22 49 764
23 0 660
23 1 295
23 2 13
23 3 295
23 4 308
23 5 52
23 6 499
23 7 248
23 8 321
23 9 404
23 10 360
23 11 208
23 12 0
23 13 343
23 14 317
23 15 260
23 16 456
23 17 422
23 18 26
23 19 182
23 20 247
23 21 464
23 22 104
23 23 0
23 24 65
23 25 200
23 26 139
23 27 204
23 28 617
23 29 91
23 30 360
23 31 540
23 32 89
23 33 362
23 34 588
23 35 137
23 36 410
23 37 636
23 38 185
23 39 458
23 40 684
23 41 233
23 42 506
23 43 732
23 44 281
23 45 554
23 46 780
23 47 329
23 48 602
23 49 660
24 0 725
24 1 360
24 2 78
24 3 360
24 4 373
24 5 117
24 6 564
24 7 313
24 8 386
24 9 469
24 10 425
24 11 143
24 12 65
24 13 408
24 14 382
24 15 195
24 16 521
24 17 487
24 18 91
24 19 117
24 20 182
24 21 529
24 22 39
24 23 65
24 24 0
24 25 265
24 26 204
24 27 269
24 28 604
24 29 26
24 30 425
24 31 605
24 32 154
24 33 297
24 34 653
24 35 202
24 36 345
24 37 701
24 38 250
24 39 393
24 40 749
24 41 298
24 42 441
24 43 797
24 44 346
24 45 489
24 46 845
24 47 394
24 48 537
24 49 725
25 0 682
25 1 317
25 2 187
25 3 317
25 4 330
25 5 148
25 6 425
25 7 174
25 8 343
25 9 330
25 10 382
25 11 408
25 12 200
25 13 269
25 14 117
25 15 460
25 16 382
25 17 348
25 18 174
25 19 382
25 20 447
25 21 486
25 22 304
25 23 200
25 24 265
25 25 0
25 26 161
25 27 226
25 28 543
25 29 291
25 30 382
25 31 562
25 32 111
25 33 436
25 34 514
25 35 63
25 36 388
25 37 562
25 38 111
25 39 436
25 40 610
25 41 159
25 42 484
25 43 658
25 44 207
25 45 532
25 46 706
25 47 255
25 48 580
25 49 682
26 0 521
26 1 156
26 2 126
26 3 156
26 4 169
26 5 87
26 6 460
26 7 209
26 8 182
26 9 365
26 10 221
26 11 347
26 12 139
26 13 304
26 14 278
26 15 399
26 16 417
26 17 383
26 18 113
26 19 321
26 20 386
26 21 325
26 22 243
26 23 139
26 24 204
26 25 161
26 26 0
26 27 65
26 28 578
26 29 230
26 30 221
26 31 401
26 32 50
26 33 501
26 34 449
26 35 98
26 36 549
26 37 497
26 38 146
26 39 597
26 40 545
26 41 194
26 42 645
26 43 593
26 44 242
26 45 693
26 46 641
26 47 290
26 48 741
26 49 521
27 0 456
27 1 91
27 2 191
27 3 91
27 4 104
27 5 152
27 6 473
27 7 274
27 8 117
27 9 430
27 10 156
27 11 412
27 12 204
27 13 369
27 14 343
27 15 464
27 16 482
27 17 448
27 18 178
27 19 386
27 20 451
27 21 260
27 22 308
27 23 204
27 24 269
27 25 226
27 26 65
27 27 0
27 28 643
27 29 295
27 30 156
27 31 336
27 32 115
27 33 566
27 34 384
27 35 163
27 36 614
27 37 432
27 38 211
27 39 662
27 40 480
27 41 259
27 42 710
27 43 528
27 44 307
27 45 758
27 46 576
27 47 355
27 48 806
27 49 456
28 0 1099
28 1 734
28 2 604
28 3 734
28 4 747
28 5 565
28 6 842
28 7 495
28 8 760
28 9 443
28 10 799
28 11 461
28 12 617
28 13 686
28 14 530
28 15 409
28 16 703
28 17 477
28 18 591
28 19 487
28 20 422
28 21 903
28 22 565
28 23 617
28 24 604
28 25 543
28 26 578
28 27 643
28 28 0
28 29 578
28 30 799
28 31 979
28 32 528
28 33 307
28 34 931
28 35 480
28 36 259
28 37 883
28 38 432
28 39 211
28 40 835
28 41 384
28 42 163
28 43 787
28 44 336
28 45 115
28 46 835
28 47 384
28 48 163
28 49 1099
29 0 751
29 1 386
29 2 104
29 3 386
29 4 399
29 5 143
29 6 590
29 7 339
29 8 412
29 9 495
29 10 451
29 11 117
29 12 91
29 13 434
29 14 408
29 15 169
29 16 547
29 17 513
29 18 117
29 19 91
29 20 156
29 21 555
29 22 13
29 23 91
29 24 26
29 25 291
29 26 230
29 27 295
29 28 578
29 29 0
29 30 451
29 31 631
29 32 180
29 33 271
29 34 679
29 35 228
29 36 319
29 37 727
29 38 276
29 39 367
29 40 775
29 41 324
29 42 415
29 43 823
29 44 372
29 45 463
29 46 871
29 47 420
29 48 511
29 49 751
30 0 300
30 1 65
30 2 347
30 3 65
30 4 52
30 5 308
30 6 317
30 7 430
30 8 39
30 9 586
30 10 0
30 11 568
30 12 360
30 13 473
30 14 499
30 15 620
30 16 456
30 17 604
30 18 334
30 19 542
30 20 607
30 21 104
30 22 464
30 23 360
30 24 425
30 25 382
30 26 221
30 27 156
30 28 799
30 29 451
30 30 0
30 31 180
30 32 271
30 33 722
30 34 228
30 35 319
30 36 770
30 37 276
30 38 367
30 39 818
30 40 324
30 41 415
30 42 866
30 43 372
30 44 463
30 45 914
30 46 420
30 47 511
30 48 962
30 49 300
31 0 120
31 1 245
31 2 527
31 3 245
31 4 232
31 5 488
31 6 137
31 7 484
31 8 219
31 9 766
31 10 180
31 11 748
31 12 540
31 13 293
31 14 679
31 15 800
31 16 276
31 17 502
31 18 514
31 19 722
31 20 787
31 21 76
31 22 644
31 23 540
31 24 605
31 25 562
31 26 401
31 27 336
31 28 979
31 29 631
31 30 180
31 31 0
31 32 451
31 33 902
31 34 48
31 35 499
31 36 950
31 37 96
31 38 547
31 39 998
31 40 144
31 41 595
31 42 1046
31 43 192
31 44 643
31 45 1094
31 46 240
31 47 691
31 48 1142
31 49 120
32 0 571
32 1 206
32 2 76
32 3 206
32 4 219
32 5 37
32 6 410
32 7 159
32 8 232
32 9 315
32 10 271
32 11 297
32 12 89
32 13 254
32 14 228
32 15 349
32 16 367
32 17 333
32 18 63
32 19 271
32 20 336
32 21 375
32 22 193
32 23 89
32 24 154
32 25 111
32 26 50
32 27 115
32 28 528
32 29 180
32 30 271
32 31 451
32 32 0
32 33 451
32 34 499
32 35 48
32 36 499
32 37 547
32 38 96
32 39 547
32 40 595
32 41 144
32 42 595
32 43 643
32 44 192
32 45 643
32 46 691
32 47 240
32 48 691
32 49 571
33 0 1022
33 1 657
33 2 375
33 3 657
33 4 670
33 5 414
33 6 861
33 7 610
33 8 683
33 9 328
33 10 722
33 11 154
33 12 362
33 13 705
33 14 319
33 15 102
33 16 818
33 17 784
33 18 388
33 19 180
33 20 115
33 21 826
33 22 258
33 23 362
33 24 297
33 25 436
33 26 501
33 27 566
33 28 307
33 29 271
33 30 722
33 31 902
33 32 451
33 33 0
33 34 950
33 35 499
33 36 48
33 37 998
33 38 547
33 39 96
33 40 1046
33 41 595
33 42 144
33 43 1094
33 44 643
33 45 192
33 46 1142
33 47 691
33 48 240
33 49 1022
34 0 168
34 1 293
34 2 575
34 3 293
34 4 280
34 5 536
34 6 89
34 7 436
34 8 267
34 9 718
34 10 228
34 11 796
34 12 588
34 13 245
34 14 631
34 15 848
34 16 228
34 17 454
34 18 562
34 19 770
34 20 835
34 21 124
34 22 692
34 23 588
34 24 653
34 25 514
34 26 449
34 27 384
34 28 931
34 29 679
34 30 228
34 31 48
34 32 499
34 33 950
34 34 0
34 35 451
34 36 902
34 37 48
34 38 499
34 39 950
34 40 96
34 41 547
34 42 998
34 43 144
34 44 595
34 45 1046
34 46 192
34 47 643
34 48 1094
34 49 168
35 0 619
35 1 254
35 2 124
35 3 254
35 4 267
35 5 85
35 6 362
35 7 111
35 8 280
35 9 267
35 10 319
35 11 345
35 12 137
35 13 206
35 14 180
35 15 397
35 16 319
35 17 285
35 18 111
35 19 319
35 20 384
35 21 423
35 22 241
35 23 137
35 24 202
35 25 63
35 26 98
35 27 163
35 28 480
35 29 228
35 30 319
35 31 499
35 32 48
35 33 499
35 34 451
35 35 0
35 36 451
35 37 499
35 38 48
35 39 499
35 40 547
35 41 96
35 42 547
35 43 595
35 44 144
35 45 595
35 46 643
35 47 192
35 48 643
35 49 619
36 0 1070
36 1 705
36 2 423
36 3 705
36 4 718
36 5 462
36 6 813
36 7 562
36 8 731
36 9 280
36 10 770
36 11 202
36 12 410
36 13 657
36 14 271
36 15 150
36 16 770
36 17 736
36 18 436
36 19 228
36 20 163
36 21 874
36 22 306
36 23 410
36 24 345
36 25 388
36 26 549
36 27 614
36 28 259
36 29 319
36 30 770
36 31 950
36 32 499
36 33 48
36 34 902
36 35 451
36 36 0
36 37 950
36 38 499
36 39 48
36 40 998
36 41 547
36 42 96
36 43 1046
36 44 595
36 45 144
36 46 1094
36 47 643
36 48 192
36 49 1070
37 0 216
37 1 341
37 2 623
37 3 341
37 4 328
37 5 584
37 6 137
37 7 388
37 8 315
37 9 670
37 10 276
37 11 844
37 12 636
37 13 293
37 14 679
37 15 896
37 16 180
37 17 406
37 18 610
37 19 818
37 20 883
37 21 172
37 22 740
37 23 636
37 24 701
37 25 562
37 26 497
37 27 432
37 28 883
37 29 727
37 30 276
37 31 96
37 32 547
37 33 998
37 34 48
37 35 499
37 36 950
37 37 0
37 38 451
37 39 902
37 40 48
37 41 499
37 42 950
37 43 96
37 44 547
37 45 998
37 46 144
37 47 595
37 48 1046
37 49 216
38 0 667
38 1 302
38 2 172
38 3 302
38 4 315
38 5 133
38 6 410
38 7 63
38 8 328
38 9 219
38 10 367
38 11 393
38 12 185
38 13 254
38 14 228
38 15 445
38 16 271
38 17 237
38 18 159
38 19 367
38 20 432
38 21 471
38 22 289
38 23 185
38 24 250
38 25 111
38 26 146
38 27 211
38 28 432
38 29 276
38 30 367
38 31 547
38 32 96
38 33 547
38 34 499
38 35 48
38 36 499
38 37 451
38 38 0
38 39 451
38 40 499
38 41 48
38 42 499
38 43 547
38 44 96
38 45 547
38 46 595
38 47 144
38 48 595
38 49 667
39 0 1118
39 1 753
39 2 471
39 3 753
39 4 766
39 5 510
39 6 861
39 7 514
39 8 779
39 9 232
39 10 818
39 11 250
39 12 458
39 13 705
39 14 319
39 15 198
39 16 722
39 17 688
39 18 484
39 19 276
39 20 211
39 21 922
39 22 354
39 23 458
39 24 393
39 25 436
39 26 597
39 27 662
39 28 211
39 29 367
39 30 818
39 31 998
39 32 547
39 33 96
39 34 950
39 35 499
39 36 48
39 37 902
39 38 451
39 39 0
39 40 950
39 41 499
39 42 48
39 43 998
39 44 547
39 45 96
39 46 1046
39 47 595
39 48 144
39 49 1118
40 0 264
40 1 389
40 2 671
40 3 389
40 4 376
40 5 632
40 6 185
40 7 436
40 8 363
40 9 718
40 10 324
40 11 892
40 12 684
40 13 341
40 14 727
40 15 944
40 16 228
40 17 358
40 18 658
40 19 866
40 20 931
40 21 220
40 22 788
40 23 684
40 24 749
40 25 610
40 26 545
40 27 480
40 28 835
40 29 775
40 30 324
40 31 144
40 32 595
40 33 1046
40 34 96
40 35 547
40 36 998
40 37 48
40 38 499
40 39 950
40 40 0
40 41 451
40 42 902
40 43 48
40 44 499
40 45 950
40 46 96
40 47 547
40 48 998
40 49 264
41 0 715
41 1 350
41 2 220
41 3 350
41 4 363
41 5 181
41 6 458
41 7 111
41 8 376
41 9 267
41 10 415
41 11 441
41 12 233
41 13 302
41 14 276
41 15 493
41 16 319
41 17 189
41 18 207
41 19 415
41 20 480
41 21 519
41 22 337
41 23 233
41 24 298
41 25 159
41 26 194
41 27 259
41 28 384
41 29 324
41 30 415
41 31 595
41 32 144
41 33 595
41 34 547
41 35 96
41 36 547
41 37 499
41 38 48
41 39 499
41 40 451
41 41 0
41 42 451
41 43 499
41 44 48
41 45 499
41 46 547
41 47 96
41 48 547
41 49 715
42 0 1166
42 1 801
42 2 519
42 3 801
42 4 814
42 5 558
42 6 909
42 7 562
42 8 827
42 9 280
42 10 866
42 11 298
42 12 506
42 13 753
42 14 367
42 15 246
42 16 770
42 17 640
42 18 532
42 19 324
42 20 259
42 21 970
42 22 402
42 23 506
42 24 441
42 25 484
42 26 645
42 27 710
42 28 163
42 29 415
42 30 866
42 31 1046
42 32 595
42 33 144
42 34 998
42 35 547
42 36 96
42 37 950
42 38 499
42 39 48
42 40 902
42 41 451
42 42 0
42 43 950
42 44 499
42 45 48
42 46 998
42 47 547
42 48 96
42 49 1166
43 0 312
43 1 437
43 2 719
43 3 437
43 4 424
43 5 680
43 6 233
43 7 484
43 8 411
43 9 766
43 10 372
43 11 940
43 12 732
43 13 389
43 14 775
43 15 992
43 16 276
43 17 310
43 18 706
43 19 914
43 20 979
43 21 268
43 22 836
43 23 732
43 24 797
43 25 658
43 26 593
43 27 528
43 28 787
43 29 823
43 30 372
43 31 192
43 32 643
43 33 1094
43 34 144
43 35 595
43 36 1046
43 37 96
43 38 547
43 39 998
43 40 48
43 41 499
43 42 950
43 43 0
43 44 451
43 45 902
43 46 48
43 47 499
43 48 950
43 49 312
44 0 763
44 1 398
44 2 268
44 3 398
44 4 411
44 5 229
44 6 506
44 7 159
44 8 424
44 9 315
44 10 463
44 11 489
44 12 281
44 13 350
44 14 324
44 15 541
44 16 367
44 17 141
44 18 255
44 19 463
44 20 528
44 21 567
44 22 385
44 23 281
44 24 346
44 25 207
44 26 242
44 27 307
44 28 336
44 29 372
44 30 463
44 31 643
44 32 192
44 33 643
44 34 595
44 35 144
44 36 595
44 37 547
44 38 96
44 39 547
44 40 499
44 41 48
44 42 499
44 43 451
44 44 0
44 45 451
44 46 499
44 47 48
44 48 499
44 49 763
45 0 1214
45 1 849
45 2 567
45 3 849
45 4 862
45 5 606
45 6 957
45 7 610
45 8 875
45 9 328
45 10 914
45 11 346
45 12 554
45 13 801
45 14 415
45 15 294
45 16 818
45 17 592
45 18 580
45 19 372
45 20 307
45 21 1018
45 22 450
45 23 554
45 24 489
45 25 532
45 26 693
45 27 758
45 28 115
45 29 463
45 30 914
45 31 1094
45 32 643
45 33 192
45 34 1046
45 35 595
45 36 144
45 37 998
45 38 547
45 39 96
45 40 950
45 41 499
45 42 48
45 43 902
45 44 451
45 45 0
45 46 950
45 47 499
45 48 48
45 49 1214
46 0 360
46 1 485
46 2 767
46 3 485
46 4 472
46 5 728
46 6 281
46 7 532
46 8 459
46 9 814
46 10 420
46 11 988
46 12 780
46 13 437
46 14 823
46 15 1040
46 16 324
46 17 358
46 18 754
46 19 962
46 20 1027
46 21 316
46 22 884
46 23 780
46 24 845
46 25 706
46 26 641
46 27 576
46 28 835
46 29 871
46 30 420
46 31 240
46 32 691
46 33 1142
46 34 192
46 35 643
46 36 1094
46 37 144
46 38 595
46 39 1046
46 40 96
46 41 547
46 42 998
46 43 48
46 44 499
46 45 950
46 46 0
46 47 451
46 48 902
46 49 360
47 0 811
47 1 446
47 2 316
47 3 446
47 4 459
47 5 277
47 6 554
47 7 207
47 8 472
47 9 363
47 10 511
47 11 537
47 12 329
47 13 398
47 14 372
47 15 589
47 16 415
47 17 189
47 18 303
47 19 511
47 20 576
47 21 615
47 22 433
47 23 329
47 24 394
47 25 255
47 26 290
47 27 355
47 28 384
47 29 420
47 30 511
47 31 691
47 32 240
47 33 691
47 34 643
47 35 192
47 36 643
47 37 595
47 38 144
47 39 595
47 40 547
47 41 96
47 42 547
47 43 499
47 44 48
47 45 499
47 46 451
47 47 0
47 48 451
47 49 811
48 0 1262
48 1 897
48 2 615
48 3 897
48 4 910
48 5 654
48 6 1005
48 7 658
48 8 923
48 9 376
48 10 962
48 11 394
48 12 602
48 13 849
48 14 463
48 15 342
48 16 866
48 17 640
48 18 628
48 19 420
48 20 355
48 21 1066
48 22 498
48 23 602
48 24 537
48 25 580
48 26 741
48 27 806
48 28 163
48 29 511
48 30 962
48 31 1142
48 32 691
48 33 240
48 34 1094
48 35 643
48 36 192
48 37 1046
48 38 595
48 39 144
48 40 998
48 41 547
48 42 96
48 43 950
48 44 499
48 45 48
48 46 902
48 47 451
48 48 0
48 49 1262
49 0 0
49 1 365
49 2 647
49 3 365
49 4 352
49 5 608
49 6 257
49 7 604
49 8 339
49 9 886
49 10 300
49 11 868
49 12 660
49 13 413
49 14 799
49 15 920
49 16 396
49 17 622
49 18 634
49 19 842
49 20 907
49 21 196
49 22 764
49 23 660
49 24 725
49 25 682
49 26 521
49 27 456
49 28 1099
49 29 751
49 30 300
49 31 120
49 32 571
49 33 1022
49 34 168
49 35 619
49 36 1070
49 37 216
49 38 667
49 39 1118
49 40 264
49 41 715
49 42 1166
49 43 312
49 44 763
49 45 1214
49 46 360
49 47 811
49 48 1262
49 49 0
//Location coordinates LocationName
//Loc x y
0 0.0 0.0 "depot"
1 0.0 365.0 "product aisle 0 bloc 0 rank 34"
2 0.0 647.0 "product aisle 0 bloc 1 rank 8"
3 0.0 365.0 "product aisle 0 bloc 0 rank 33"
4 0.0 352.0 "product aisle 0 bloc 0 rank 31"
5 0.0 608.0 "product aisle 0 bloc 1 rank 2"
6 48.0 209.0 "product aisle 1 bloc 0 rank 10"
7 96.0 508.0 "product aisle 2 bloc 0 rank 56"
8 0.0 339.0 "product aisle 0 bloc 0 rank 30"
9 96.0 790.0 "product aisle 2 bloc 1 rank 30"
10 0.0 300.0 "product aisle 0 bloc 0 rank 24"
11 0.0 868.0 "product aisle 0 bloc 1 rank 42"
12 0.0 660.0 "product aisle 0 bloc 1 rank 9"
13 48.0 365.0 "product aisle 1 bloc 0 rank 33"
14 48.0 751.0 "product aisle 1 bloc 1 rank 24"
15 0.0 920.0 "product aisle 0 bloc 1 rank 50"
16 96.0 300.0 "product aisle 2 bloc 0 rank 23"
17 192.0 430.0 "product aisle 4 bloc 0 rank 43"
18 0.0 634.0 "product aisle 0 bloc 1 rank 6"
19 0.0 842.0 "product aisle 0 bloc 1 rank 37"
20 0.0 907.0 "product aisle 0 bloc 1 rank 48"
21 0.0 196.0 "product aisle 0 bloc 0 rank 8"
22 0.0 764.0 "product aisle 0 bloc 1 rank 26"
23 0.0 660.0 "product aisle 0 bloc 1 rank 10"
24 0.0 725.0 "product aisle 0 bloc 1 rank 20"
25 48.0 634.0 "product aisle 1 bloc 1 rank 6"
26 0.0 521.0 "product aisle 0 bloc 0 rank 57"
27 0.0 456.0 "product aisle 0 bloc 0 rank 47"
28 192.0 907.0 "product aisle 4 bloc 1 rank 48"
29 0.0 751.0 "product aisle 0 bloc 1 rank 24"
30 0.0 300.0 "product aisle 0 bloc 0 rank 23"
31 24.0 120.0 "intersection aisle 0 bloc 0 rank 0"
32 24.0 571.0 "intersection aisle 0 bloc 1 rank 1"
33 24.0 1022.0 "intersection aisle 0 bloc 2 rank 2"
34 72.0 120.0 "intersection aisle 1 bloc 0 rank 0"
35 72.0 571.0 "intersection aisle 1 bloc 1 rank 1"
36 72.0 1022.0 "intersection aisle 1 bloc 2 rank 2"
37 120.0 120.0 "intersection aisle 2 bloc 0 rank 0"
38 120.0 571.0 "intersection aisle 2 bloc 1 rank 1"
39 120.0 1022.0 "intersection aisle 2 bloc 2 rank 2"
40 168.0 120.0 "intersection aisle 3 bloc 0 rank 0"
41 168.0 571.0 "intersection aisle 3 bloc 1 rank 1"
42 168.0 1022.0 "intersection aisle 3 bloc 2 rank 2"
43 216.0 120.0 "intersection aisle 4 bloc 0 rank 0"
44 216.0 571.0 "intersection aisle 4 bloc 1 rank 1"
45 216.0 1022.0 "intersection aisle 4 bloc 2 rank 2"
46 264.0 120.0 "intersection aisle 5 bloc 0 rank 0"
47 264.0 571.0 "intersection aisle 5 bloc 1 rank 1"
48 264.0 1022.0 "intersection aisle 5 bloc 2 rank 2"
49 0.0 0.0 "depot"
