//alpha
1
//NbLocations
55
//NbProducts
38
//NbPickers
2
//CapaPicker
8
//TimeToTravelOneDistanceUnit
3
//SetupTime
5400
//PickTime
300
//Products
//Idx Location Size
1 1 1
2 2 1
3 3 1
4 4 1
5 5 1
6 6 1
7 7 1
8 8 1
9 1 1
10 9 1
11 10 1
12 11 1
13 12 1
14 13 1
15 14 1
16 15 1
17 16 1
18 17 1
19 18 1
20 19 1
21 20 1
22 21 1
23 22 1
24 23 1
25 24 1
26 3 1
27 25 1
28 26 1
29 27 1
30 28 1
31 29 1
32 30 1
33 31 1
34 32 1
35 33 1
36 34 1
37 35 1
38 36 1
//Orders
//NbOrders
12
//Idx DueDate TardinessPenalty NbProdInOrder ProdIdx1 Qty1 ProdIdx2 Qty2 ...
1 144000 0 3 1 1 2 1 3 1
2 144000 0 1 4 1
3 90000 0 1 5 1
4 90000 0 8 6 1 7 1 8 1 9 1 10 1 11 1 12 1 13 1
5 108000 0 8 14 1 15 1 16 1 17 1 18 1 19 1 20 1 21 1
6 90000 0 2 22 1 23 1
7 54000 0 8 24 1 25 1 26 1 27 1 28 1 29 1 30 1 31 1
8 36000 0 2 32 1 33 1
9 108000 0 1 34 1
10 126000 0 2 35 1 36 1
11 144000 0 1 37 1
12 36000 0 1 38 1
//Graph (Products are vertices indexed from 1 to NbProducts)
//NbVerticesIntersections
18
//DepartingDepot
0
//ArrivalDepot
55
//Arcs
//Start End Distance
0 37 120
1 4 26
1 38 362
2 9 221
2 11 13
3 8 13
3 15 130
4 1 26
4 10 13
5 29 26
5 53 37
6 33 13
6 44 37
7 21 91
7 41 219
8 3 13
8 47 232
9 2 221
9 53 154
10 4 13
10 37 50
11 2 13
11 52 63
12 24 78
12 33 39
13 23 195
13 29 13
14 36 91
14 38 232
15 3 130
15 17 39
16 19 13
16 43 37
17 15 39
17 46 37
18 28 52
18 47 37
19 16 13
19 32 26
20 28 78
20 31 0
21 7 91
21 42 141
22 49 89
22 50 362
23 13 195
23 54 180
24 12 78
24 45 284
25 30 156
25 51 128
26 32 13
26 34 91
27 30 130
27 50 37
28 18 52
28 20 78
29 5 26
29 13 13
30 25 156
30 27 130
31 20 0
31 48 284
32 19 26
32 26 13
33 6 13
33 12 39
34 26 91
34 44 271
35 40 297
35 41 154
36 14 91
36 39 128
37 10 50
37 40 48
37 55 120
38 1 362
38 14 232
38 41 48
39 36 128
39 42 48
40 35 297
40 37 48
40 43 48
41 7 219
41 35 154
41 38 48
41 44 48
42 21 141
42 39 48
42 45 48
43 16 37
43 40 48
43 46 48
44 6 37
44 34 271
44 41 48
44 47 48
45 24 284
45 42 48
45 48 48
46 17 37
46 43 48
46 49 48
47 8 232
47 18 37
47 44 48
47 50 48
48 31 284
48 45 48
48 51 48
49 22 89
49 46 48
49 52 48
50 22 362
50 27 37
50 47 48
50 53 48
51 25 128
51 48 48
51 54 48
52 11 63
52 49 48
53 5 37
53 9 154
53 50 48
54 23 180
54 51 48
//LocStart LocEnd ShortestPath
0 0 0
0 1 209
0 2 436
0 3 470
0 4 183
0 5 848
0 6 704
0 7 838
0 8 483
0 9 657
0 10 170
0 11 423
0 12 756
0 13 887
0 14 803
0 15 340
0 16 253
0 17 301
0 18 752
0 19 266
0 20 882
0 21 929
0 22 401
0 23 1082
0 24 834
0 25 1086
0 26 305
0 27 800
0 28 804
0 29 874
0 30 930
0 31 882
0 32 292
0 33 717
0 34 396
0 35 465
0 36 894
0 37 120
0 38 571
0 39 1022
0 40 168
0 41 619
0 42 1070
0 43 216
0 44 667
0 45 1118
0 46 264
0 47 715
0 48 1166
0 49 312
0 50 763
0 51 1214
0 52 360
0 53 811
0 54 1262
0 55 0
1 0 209
1 1 0
1 2 405
1 3 439
1 4 26
1 5 639
1 6 495
1 7 629
1 8 452
1 9 626
1 10 39
1 11 392
1 12 547
1 13 678
1 14 594
1 15 309
1 16 222
1 17 270
1 18 543
1 19 235
1 20 673
1 21 720
1 22 370
1 23 873
1 24 625
1 25 877
1 26 274
1 27 591
1 28 595
1 29 665
1 30 721
1 31 673
1 32 261
1 33 508
1 34 365
1 35 434
1 36 685
1 37 89
1 38 362
1 39 813
1 40 137
1 41 410
1 42 861
1 43 185
1 44 458
1 45 909
1 46 233
1 47 506
1 48 957
1 49 281
1 50 554
1 51 1005
1 52 329
1 53 602
1 54 1053
1 55 209
2 0 436
2 1 405
2 2 0
2 3 378
2 4 379
2 5 412
2 6 556
2 7 786
2 8 391
2 9 221
2 10 366
2 11 13
2 12 608
2 13 451
2 14 847
2 15 248
2 16 257
2 17 209
2 18 508
2 19 270
2 20 638
2 21 877
2 22 213
2 23 646
2 24 686
2 25 746
2 26 309
2 27 460
2 28 560
2 29 438
2 30 590
2 31 638
2 32 296
2 33 569
2 34 400
2 35 565
2 36 938
2 37 316
2 38 615
2 39 1066
2 40 268
2 41 567
2 42 1018
2 43 220
2 44 519
2 45 970
2 46 172
2 47 471
2 48 922
2 49 124
2 50 423
2 51 874
2 52 76
2 53 375
2 54 826
2 55 436
3 0 470
3 1 439
3 2 378
3 3 0
3 4 413
3 5 378
3 6 330
3 7 560
3 8 13
3 9 495
3 10 400
3 11 365
3 12 382
3 13 417
3 14 621
3 15 130
3 16 291
3 17 169
3 18 282
3 19 304
3 20 412
3 21 651
3 22 343
3 23 612
3 24 460
3 25 616
3 26 343
3 27 330
3 28 334
3 29 404
3 30 460
3 31 412
3 32 330
3 33 343
3 34 434
3 35 495
3 36 712
3 37 350
3 38 389
3 39 840
3 40 302
3 41 341
3 42 792
3 43 254
3 44 293
3 45 744
3 46 206
3 47 245
3 48 696
3 49 254
3 50 293
3 51 744
3 52 302
3 53 341
3 54 792
3 55 470
4 0 183
4 1 26
4 2 379
4 3 413
4 4 0
4 5 665
4 6 521
4 7 655
4 8 426
4 9 600
4 10 13
4 11 366
4 12 573
4 13 704
4 14 620
4 15 283
4 16 196
4 17 244
4 18 569
4 19 209
4 20 699
4 21 746
4 22 344
4 23 899
4 24 651
4 25 903
4 26 248
4 27 617
4 28 621
4 29 691
4 30 747
4 31 699
4 32 235
4 33 534
4 34 339
4 35 408
4 36 711
4 37 63
4 38 388
4 39 839
4 40 111
4 41 436
4 42 887
4 43 159
4 44 484
4 45 935
4 46 207
4 47 532
4 48 983
4 49 255
4 50 580
4 51 1031
4 52 303
4 53 628
4 54 1079
4 55 183
5 0 848
5 1 639
5 2 412
5 3 378
5 4 665
5 5 0
5 6 218
5 7 448
5 8 365
5 9 191
5 10 678
5 11 425
5 12 270
5 13 39
5 14 509
5 15 508
5 16 595
5 17 547
5 18 170
5 19 582
5 20 300
5 21 539
5 22 447
5 23 234
5 24 348
5 25 408
5 26 543
5 27 122
5 28 222
5 29 26
5 30 252
5 31 300
5 32 556
5 33 231
5 34 452
5 35 383
5 36 600
5 37 728
5 38 277
5 39 654
5 40 680
5 41 229
5 42 606
5 43 632
5 44 181
5 45 558
5 46 584
5 47 133
5 48 510
5 49 536
5 50 85
5 51 462
5 52 488
5 53 37
5 54 414
5 55 848
6 0 704
6 1 495
6 2 556
6 3 330
6 4 521
6 5 218
6 6 0
6 7 304
6 8 317
6 9 335
6 10 534
6 11 569
6 12 52
6 13 257
6 14 365
6 15 460
6 16 451
6 17 499
6 18 122
6 19 438
6 20 252
6 21 395
6 22 495
6 23 452
6 24 130
6 25 456
6 26 399
6 27 170
6 28 174
6 29 244
6 30 300
6 31 252
6 32 412
6 33 13
6 34 308
6 35 239
6 36 456
6 37 584
6 38 133
6 39 510
6 40 536
6 41 85
6 42 462
6 43 488
6 44 37
6 45 414
6 46 536
6 47 85
6 48 462
6 49 584
6 50 133
6 51 510
6 52 632
6 53 181
6 54 558
6 55 704
7 0 838
7 1 629
7 2 786
7 3 560
7 4 655
7 5 448
7 6 304
7 7 0
7 8 547
7 9 565
7 10 668
7 11 799
7 12 356
7 13 487
7 14 499
7 15 690
7 16 681
7 17 729
7 18 352
7 19 668
7 20 482
7 21 91
7 22 725
7 23 604
7 24 434
7 25 504
7 26 629
7 27 400
7 28 404
7 29 474
7 30 530
7 31 482
7 32 642
7 33 317
7 34 538
7 35 373
7 36 408
7 37 718
7 38 267
7 39 280
7 40 670
7 41 219
7 42 232
7 43 718
7 44 267
7 45 280
7 46 766
7 47 315
7 48 328
7 49 814
7 50 363
7 51 376
7 52 862
7 53 411
7 54 424
7 55 838
8 0 483
8 1 452
8 2 391
8 3 13
8 4 426
8 5 365
8 6 317
8 7 547
8 8 0
8 9 482
8 10 413
8 11 378
8 12 369
8 13 404
8 14 608
8 15 143
8 16 304
8 17 182
8 18 269
8 19 317
8 20 399
8 21 638
8 22 356
8 23 599
8 24 447
8 25 603
8 26 356
8 27 317
8 28 321
8 29 391
8 30 447
8 31 399
8 32 343
8 33 330
8 34 447
8 35 482
8 36 699
8 37 363
8 38 376
8 39 827
8 40 315
8 41 328
8 42 779
8 43 267
8 44 280
8 45 731
8 46 219
8 47 232
8 48 683
8 49 267
8 50 280
8 51 731
8 52 315
8 53 328
8 54 779
8 55 483
9 0 657
9 1 626
9 2 221
9 3 495
9 4 600
9 5 191
9 6 335
9 7 565
9 8 482
9 9 0
9 10 587
9 11 234
9 12 387
9 13 230
9 14 626
9 15 469
9 16 478
9 17 430
9 18 287
9 19 491
9 20 417
9 21 656
9 22 434
9 23 425
9 24 465
9 25 525
9 26 530
9 27 239
9 28 339
9 29 217
9 30 369
9 31 417
9 32 517
9 33 348
9 34 569
9 35 500
9 36 717
9 37 537
9 38 394
9 39 845
9 40 489
9 41 346
9 42 797
9 43 441
9 44 298
9 45 749
9 46 393
9 47 250
9 48 701
9 49 345
9 50 202
9 51 653
9 52 297
9 53 154
9 54 605
9 55 657
10 0 170
10 1 39
10 2 366
10 3 400
10 4 13
10 5 678
10 6 534
10 7 668
10 8 413
10 9 587
10 10 0
10 11 353
10 12 586
10 13 717
10 14 633
10 15 270
10 16 183
10 17 231
10 18 582
10 19 196
10 20 712
10 21 759
10 22 331
10 23 912
10 24 664
10 25 916
10 26 235
10 27 630
10 28 634
10 29 704
10 30 760
10 31 712
10 32 222
10 33 547
10 34 326
10 35 395
10 36 724
10 37 50
10 38 401
10 39 852
10 40 98
10 41 449
10 42 900
10 43 146
10 44 497
10 45 948
10 46 194
10 47 545
10 48 996
10 49 242
10 50 593
10 51 1044
10 52 290
10 53 641
10 54 1092
10 55 170
11 0 423
11 1 392
11 2 13
11 3 365
11 4 366
11 5 425
11 6 569
11 7 799
11 8 378
11 9 234
11 10 353
11 11 0
11 12 621
11 13 464
11 14 860
11 15 235
11 16 244
11 17 196
11 18 521
11 19 257
11 20 651
11 21 890
11 22 200
11 23 659
11 24 699
11 25 759
11 26 296
11 27 473
11 28 573
11 29 451
11 30 603
11 31 651
11 32 283
11 33 582
11 34 387
11 35 552
11 36 951
11 37 303
11 38 628
11 39 1079
11 40 255
11 41 580
11 42 1031
11 43 207
11 44 532
11 45 983
11 46 159
11 47 484
11 48 935
11 49 111
11 50 436
11 51 887
11 52 63
11 53 388
11 54 839
11 55 423
12 0 756
12 1 547
12 2 608
12 3 382
12 4 573
12 5 270
12 6 52
12 7 356
12 8 369
12 9 387
12 10 586
12 11 621
12 12 0
12 13 309
12 14 417
12 15 512
12 16 503
12 17 551
12 18 174
12 19 490
12 20 304
12 21 447
12 22 547
12 23 504
12 24 78
12 25 508
12 26 451
12 27 222
12 28 226
12 29 296
12 30 352
12 31 304
12 32 464
12 33 39
12 34 360
12 35 291
12 36 508
12 37 636
12 38 185
12 39 458
12 40 588
12 41 137
12 42 410
12 43 540
12 44 89
12 45 362
12 46 588
12 47 137
12 48 410
12 49 636
12 50 185
12 51 458
12 52 684
12 53 233
12 54 506
12 55 756
13 0 887
13 1 678
13 2 451
13 3 417
13 4 704
13 5 39
13 6 257
13 7 487
13 8 404
13 9 230
13 10 717
13 11 464
13 12 309
13 13 0
13 14 548
13 15 547
13 16 634
13 17 586
13 18 209
13 19 621
13 20 339
13 21 578
13 22 486
13 23 195
13 24 387
13 25 447
13 26 582
13 27 161
13 28 261
13 29 13
13 30 291
13 31 339
13 32 595
13 33 270
13 34 491
13 35 422
13 36 639
13 37 767
13 38 316
13 39 615
13 40 719
13 41 268
13 42 567
13 43 671
13 44 220
13 45 519
13 46 623
13 47 172
13 48 471
13 49 575
13 50 124
13 51 423
13 52 527
13 53 76
13 54 375
13 55 887
14 0 803
14 1 594
14 2 847
14 3 621
14 4 620
14 5 509
14 6 365
14 7 499
14 8 608
14 9 626
14 10 633
14 11 860
14 12 417
14 13 548
14 14 0
14 15 751
14 16 742
14 17 790
14 18 413
14 19 729
14 20 543
14 21 408
14 22 786
14 23 639
14 24 495
14 25 539
14 26 690
14 27 461
14 28 465
14 29 535
14 30 591
14 31 543
14 32 703
14 33 378
14 34 599
14 35 434
14 36 91
14 37 683
14 38 232
14 39 219
14 40 731
14 41 280
14 42 267
14 43 779
14 44 328
14 45 315
14 46 827
14 47 376
14 48 363
14 49 875
14 50 424
14 51 411
14 52 923
14 53 472
14 54 459
14 55 803
15 0 340
15 1 309
15 2 248
15 3 130
15 4 283
15 5 508
15 6 460
15 7 690
15 8 143
15 9 469
15 10 270
15 11 235
15 12 512
15 13 547
15 14 751
15 15 0
15 16 161
15 17 39
15 18 412
15 19 174
15 20 542
15 21 781
15 22 213
15 23 742
15 24 590
15 25 746
15 26 213
15 27 460
15 28 464
15 29 534
15 30 590
15 31 542
15 32 200
15 33 473
15 34 304
15 35 469
15 36 842
15 37 220
15 38 519
15 39 970
15 40 172
15 41 471
15 42 922
15 43 124
15 44 423
15 45 874
15 46 76
15 47 375
15 48 826
15 49 124
15 50 423
15 51 874
15 52 172
15 53 471
15 54 922
15 55 340
16 0 253
16 1 222
16 2 257
16 3 291
16 4 196
16 5 595
16 6 451
16 7 681
16 8 304
16 9 478
16 10 183
16 11 244
16 12 503
16 13 634
16 14 742
16 15 161
16 16 0
16 17 122
16 18 499
16 19 13
16 20 629
16 21 772
16 22 222
16 23 829
16 24 581
16 25 833
16 26 52
16 27 547
16 28 551
16 29 621
16 30 677
16 31 629
16 32 39
16 33 464
16 34 143
16 35 382
16 36 833
16 37 133
16 38 510
16 39 961
16 40 85
16 41 462
16 42 913
16 43 37
16 44 414
16 45 865
16 46 85
16 47 462
16 48 913
16 49 133
16 50 510
16 51 961
16 52 181
16 53 558
16 54 1009
16 55 253
17 0 301
17 1 270
17 2 209
17 3 169
17 4 244
17 5 547
17 6 499
17 7 729
17 8 182
17 9 430
17 10 231
17 11 196
17 12 551
17 13 586
17 14 790
17 15 39
17 16 122
17 17 0
17 18 451
17 19 135
17 20 581
17 21 820
17 22 174
17 23 781
17 24 629
17 25 785
17 26 174
17 27 499
17 28 503
17 29 573
17 30 629
17 31 581
17 32 161
17 33 512
17 34 265
17 35 430
17 36 881
17 37 181
17 38 558
17 39 1009
17 40 133
17 41 510
17 42 961
17 43 85
17 44 462
17 45 913
17 46 37
17 47 414
17 48 865
17 49 85
17 50 462
17 51 913
17 52 133
17 53 510
17 54 961
17 55 301
18 0 752
18 1 543
18 2 508
18 3 282
18 4 569
18 5 170
18 6 122
18 7 352
18 8 269
18 9 287
18 10 582
18 11 521
18 12 174
18 13 209
18 14 413
18 15 412
18 16 499
18 17 451
18 18 0
18 19 486
18 20 130
18 21 443
18 22 447
18 23 404
18 24 252
18 25 408
18 26 447
18 27 122
18 28 52
18 29 196
18 30 252
18 31 130
18 32 460
18 33 135
18 34 356
18 35 287
18 36 504
18 37 632
18 38 181
18 39 558
18 40 584
18 41 133
18 42 510
18 43 536
18 44 85
18 45 462
18 46 488
18 47 37
18 48 414
18 49 536
18 50 85
18 51 462
18 52 584
18 53 133
18 54 510
18 55 752
19 0 266
19 1 235
19 2 270
19 3 304
19 4 209
19 5 582
19 6 438
19 7 668
19 8 317
19 9 491
19 10 196
19 11 257
19 12 490
19 13 621
19 14 729
19 15 174
19 16 13
19 17 135
19 18 486
19 19 0
19 20 616
19 21 759
19 22 235
19 23 816
19 24 568
19 25 820
19 26 39
19 27 534
19 28 538
19 29 608
19 30 664
19 31 616
19 32 26
19 33 451
19 34 130
19 35 395
19 36 820
19 37 146
19 38 497
19 39 948
19 40 98
19 41 449
19 42 900
19 43 50
19 44 401
19 45 852
19 46 98
19 47 449
19 48 900
19 49 146
19 50 497
19 51 948
19 52 194
19 53 545
19 54 996
19 55 266
20 0 882
20 1 673
20 2 638
20 3 412
20 4 699
20 5 300
20 6 252
20 7 482
20 8 399
20 9 417
20 10 712
20 11 651
20 12 304
20 13 339
20 14 543
20 15 542
20 16 629
20 17 581
20 18 130
20 19 616
20 20 0
20 21 521
20 22 577
20 23 534
20 24 382
20 25 460
20 26 577
20 27 252
20 28 78
20 29 326
20 30 382
20 31 0
20 32 590
20 33 265
20 34 486
20 35 417
20 36 556
20 37 762
20 38 311
20 39 428
20 40 714
20 41 263
20 42 380
20 43 666
20 44 215
20 45 332
20 46 618
20 47 167
20 48 284
20 49 666
20 50 215
20 51 332
20 52 714
20 53 263
20 54 380
20 55 882
21 0 929
21 1 720
21 2 877
21 3 651
21 4 746
21 5 539
21 6 395
21 7 91
21 8 638
21 9 656
21 10 759
21 11 890
21 12 447
21 13 578
21 14 408
21 15 781
21 16 772
21 17 820
21 18 443
21 19 759
21 20 521
21 21 0
21 22 816
21 23 513
21 24 473
21 25 413
21 26 720
21 27 491
21 28 495
21 29 565
21 30 569
21 31 521
21 32 733
21 33 408
21 34 629
21 35 464
21 36 317
21 37 809
21 38 358
21 39 189
21 40 761
21 41 310
21 42 141
21 43 809
21 44 358
21 45 189
21 46 857
21 47 406
21 48 237
21 49 905
21 50 454
21 51 285
21 52 953
21 53 502
21 54 333
21 55 929
22 0 401
22 1 370
22 2 213
22 3 343
22 4 344
22 5 447
22 6 495
22 7 725
22 8 356
22 9 434
22 10 331
22 11 200
22 12 547
22 13 486
22 14 786
22 15 213
22 16 222
22 17 174
22 18 447
22 19 235
22 20 577
22 21 816
22 22 0
22 23 681
22 24 625
22 25 685
22 26 274
22 27 399
22 28 499
22 29 473
22 30 529
22 31 577
22 32 261
22 33 508
22 34 365
22 35 530
22 36 877
22 37 281
22 38 554
22 39 1005
22 40 233
22 41 506
22 42 957
22 43 185
22 44 458
22 45 909
22 46 137
22 47 410
22 48 861
22 49 89
22 50 362
22 51 813
22 52 137
22 53 410
22 54 861
22 55 401
23 0 1082
23 1 873
23 2 646
23 3 612
23 4 899
23 5 234
23 6 452
23 7 604
23 8 599
23 9 425
23 10 912
23 11 659
23 12 504
23 13 195
23 14 639
23 15 742
23 16 829
23 17 781
23 18 404
23 19 816
23 20 534
23 21 513
23 22 681
23 23 0
23 24 582
23 25 356
23 26 777
23 27 356
23 28 456
23 29 208
23 30 486
23 31 534
23 32 790
23 33 465
23 34 686
23 35 617
23 36 548
23 37 962
23 38 511
23 39 420
23 40 914
23 41 463
23 42 372
23 43 866
23 44 415
23 45 324
23 46 818
23 47 367
23 48 276
23 49 770
23 50 319
23 51 228
23 52 722
23 53 271
23 54 180
23 55 1082
24 0 834
24 1 625
24 2 686
24 3 460
24 4 651
24 5 348
24 6 130
24 7 434
24 8 447
24 9 465
24 10 664
24 11 699
24 12 78
24 13 387
24 14 495
24 15 590
24 16 581
24 17 629
24 18 252
24 19 568
24 20 382
24 21 473
24 22 625
24 23 582
24 24 0
24 25 508
24 26 529
24 27 300
24 28 304
24 29 374
24 30 430
24 31 382
24 32 542
24 33 117
24 34 438
24 35 369
24 36 508
24 37 714
24 38 263
24 39 380
24 40 666
24 41 215
24 42 332
24 43 618
24 44 167
24 45 284
24 46 666
24 47 215
24 48 332
24 49 714
24 50 263
24 51 380
24 52 762
24 53 311
24 54 428
24 55 834
25 0 1086
25 1 877
25 2 746
25 3 616
25 4 903
25 5 408
25 6 456
25 7 504
25 8 603
25 9 525
25 10 916
25 11 759
25 12 508
25 13 447
25 14 539
25 15 746
25 16 833
25 17 785
25 18 408
25 19 820
25 20 460
25 21 413
25 22 685
25 23 356
25 24 508
25 25 0
25 26 781
25 27 286
25 28 460
25 29 434
25 30 156
25 31 460
25 32 794
25 33 469
25 34 690
25 35 621
25 36 448
25 37 966
25 38 515
25 39 320
25 40 918
25 41 467
25 42 272
25 43 870
25 44 419
25 45 224
25 46 822
25 47 371
25 48 176
25 49 774
25 50 323
25 51 128
25 52 822
25 53 371
25 54 176
25 55 1086
26 0 305
26 1 274
26 2 309
26 3 343
26 4 248
26 5 543
26 6 399
26 7 629
26 8 356
26 9 530
26 10 235
26 11 296
26 12 451
26 13 582
26 14 690
26 15 213
26 16 52
26 17 174
26 18 447
26 19 39
26 20 577
26 21 720
26 22 274
26 23 777
26 24 529
26 25 781
26 26 0
26 27 495
26 28 499
26 29 569
26 30 625
26 31 577
26 32 13
26 33 412
26 34 91
26 35 434
26 36 781
26 37 185
26 38 458
26 39 909
26 40 137
26 41 410
26 42 861
26 43 89
26 44 362
26 45 813
26 46 137
26 47 410
26 48 861
26 49 185
26 50 458
26 51 909
26 52 233
26 53 506
26 54 957
26 55 305
27 0 800
27 1 591
27 2 460
27 3 330
27 4 617
27 5 122
27 6 170
27 7 400
27 8 317
27 9 239
27 10 630
27 11 473
27 12 222
27 13 161
27 14 461
27 15 460
27 16 547
27 17 499
27 18 122
27 19 534
27 20 252
27 21 491
27 22 399
27 23 356
27 24 300
27 25 286
27 26 495
27 27 0
27 28 174
27 29 148
27 30 130
27 31 252
27 32 508
27 33 183
27 34 404
27 35 335
27 36 552
27 37 680
27 38 229
27 39 606
27 40 632
27 41 181
27 42 558
27 43 584
27 44 133
27 45 510
27 46 536
27 47 85
27 48 462
27 49 488
27 50 37
27 51 414
27 52 536
27 53 85
27 54 462
27 55 800
28 0 804
28 1 595
28 2 560
28 3 334
28 4 621
28 5 222
28 6 174
28 7 404
28 8 321
28 9 339
28 10 634
28 11 573
28 12 226
28 13 261
28 14 465
28 15 464
28 16 551
28 17 503
28 18 52
28 19 538
28 20 78
28 21 495
28 22 499
28 23 456
28 24 304
28 25 460
28 26 499
28 27 174
28 28 0
28 29 248
28 30 304
28 31 78
28 32 512
28 33 187
28 34 408
28 35 339
28 36 556
28 37 684
28 38 233
28 39 506
28 40 636
28 41 185
28 42 458
28 43 588
28 44 137
28 45 410
28 46 540
28 47 89
28 48 362
28 49 588
28 50 137
28 51 410
28 52 636
28 53 185
28 54 458
28 55 804
29 0 874
29 1 665
29 2 438
29 3 404
29 4 691
29 5 26
29 6 244
29 7 474
29 8 391
29 9 217
29 10 704
29 11 451
29 12 296
29 13 13
29 14 535
29 15 534
29 16 621
29 17 573
29 18 196
29 19 608
29 20 326
29 21 565
29 22 473
29 23 208
29 24 374
29 25 434
29 26 569
29 27 148
29 28 248
29 29 0
29 30 278
29 31 326
29 32 582
29 33 257
29 34 478
29 35 409
29 36 626
29 37 754
29 38 303
29 39 628
29 40 706
29 41 255
29 42 580
29 43 658
29 44 207
29 45 532
29 46 610
29 47 159
29 48 484
29 49 562
29 50 111
29 51 436
29 52 514
29 53 63
29 54 388
29 55 874
30 0 930
30 1 721
30 2 590
30 3 460
30 4 747
30 5 252
30 6 300
30 7 530
30 8 447
30 9 369
30 10 760
30 11 603
30 12 352
30 13 291
30 14 591
30 15 590
30 16 677
30 17 629
30 18 252
30 19 664
30 20 382
30 21 569
30 22 529
30 23 486
30 24 430
30 25 156
30 26 625
30 27 130
30 28 304
30 29 278
30 30 0
30 31 382
30 32 638
30 33 313
30 34 534
30 35 465
30 36 604
30 37 810
30 38 359
30 39 476
30 40 762
30 41 311
30 42 428
30 43 714
30 44 263
30 45 380
30 46 666
30 47 215
30 48 332
30 49 618
30 50 167
30 51 284
30 52 666
30 53 215
30 54 332
30 55 930
31 0 882
31 1 673
31 2 638
31 3 412
31 4 699
31 5 300
31 6 252
31 7 482
31 8 399
31 9 417
31 10 712
31 11 651
31 12 304
31 13 339
31 14 543
31 15 542
31 16 629
31 17 581
31 18 130
31 19 616
31 20 0
31 21 521
31 22 577
31 23 534
31 24 382
31 25 460
31 26 577
31 27 252
31 28 78
31 29 326
31 30 382
31 31 0
31 32 590
31 33 265
31 34 486
31 35 417
31 36 556
31 37 762
31 38 311
31 39 428
31 40 714
31 41 263
31 42 380
31 43 666
31 44 215
31 45 332
31 46 618
31 47 167
31 48 284
31 49 666
31 50 215
31 51 332
31 52 714
31 53 263
31 54 380
31 55 882
32 0 292
32 1 261
32 2 296
32 3 330
32 4 235
32 5 556
32 6 412
32 7 642
32 8 343
32 9 517
32 10 222
32 11 283
32 12 464
32 13 595
32 14 703
32 15 200
32 16 39
32 17 161
32 18 460
32 19 26
32 20 590
32 21 733
32 22 261
32 23 790
32 24 542
32 25 794
32 26 13
32 27 508
32 28 512
32 29 582
32 30 638
32 31 590
32 32 0
32 33 425
32 34 104
32 35 421
32 36 794
32 37 172
32 38 471
32 39 922
32 40 124
32 41 423
32 42 874
32 43 76
32 44 375
32 45 826
32 46 124
32 47 423
32 48 874
32 49 172
32 50 471
32 51 922
32 52 220
32 53 519
32 54 970
32 55 292
33 0 717
33 1 508
33 2 569
33 3 343
33 4 534
33 5 231
33 6 13
33 7 317
33 8 330
33 9 348
33 10 547
33 11 582
33 12 39
33 13 270
33 14 378
33 15 473
33 16 464
33 17 512
33 18 135
33 19 451
33 20 265
33 21 408
33 22 508
33 23 465
33 24 117
33 25 469
33 26 412
33 27 183
33 28 187
33 29 257
33 30 313
33 31 265
33 32 425
33 33 0
33 34 321
33 35 252
33 36 469
33 37 597
33 38 146
33 39 497
33 40 549
33 41 98
33 42 449
33 43 501
33 44 50
33 45 401
33 46 549
33 47 98
33 48 449
33 49 597
33 50 146
33 51 497
33 52 645
33 53 194
33 54 545
33 55 717
34 0 396
34 1 365
34 2 400
34 3 434
34 4 339
34 5 452
34 6 308
34 7 538
34 8 447
34 9 569
34 10 326
34 11 387
34 12 360
34 13 491
34 14 599
34 15 304
34 16 143
34 17 265
34 18 356
34 19 130
34 20 486
34 21 629
34 22 365
34 23 686
34 24 438
34 25 690
34 26 91
34 27 404
34 28 408
34 29 478
34 30 534
34 31 486
34 32 104
34 33 321
34 34 0
34 35 473
34 36 690
34 37 276
34 38 367
34 39 818
34 40 228
34 41 319
34 42 770
34 43 180
34 44 271
34 45 722
34 46 228
34 47 319
34 48 770
34 49 276
34 50 367
34 51 818
34 52 324
34 53 415
34 54 866
34 55 396
35 0 465
35 1 434
35 2 565
35 3 495
35 4 408
35 5 383
35 6 239
35 7 373
35 8 482
35 9 500
35 10 395
35 11 552
35 12 291
35 13 422
35 14 434
35 15 469
35 16 382
35 17 430
35 18 287
35 19 395
35 20 417
35 21 464
35 22 530
35 23 617
35 24 369
35 25 621
35 26 434
35 27 335
35 28 339
35 29 409
35 30 465
35 31 417
35 32 421
35 33 252
35 34 473
35 35 0
35 36 525
35 37 345
35 38 202
35 39 653
35 40 297
35 41 154
35 42 605
35 43 345
35 44 202
35 45 653
35 46 393
35 47 250
35 48 701
35 49 441
35 50 298
35 51 749
35 52 489
35 53 346
35 54 797
35 55 465
36 0 894
36 1 685
36 2 938
36 3 712
36 4 711
36 5 600
36 6 456
36 7 408
36 8 699
36 9 717
36 10 724
36 11 951
36 12 508
36 13 639
36 14 91
36 15 842
36 16 833
36 17 881
36 18 504
36 19 820
36 20 556
36 21 317
36 22 877
36 23 548
36 24 508
36 25 448
36 26 781
36 27 552
36 28 556
36 29 626
36 30 604
36 31 556
36 32 794
36 33 469
36 34 690
36 35 525
36 36 0
36 37 774
36 38 323
36 39 128
36 40 822
36 41 371
36 42 176
36 43 870
36 44 419
36 45 224
36 46 918
36 47 467
36 48 272
36 49 966
36 50 515
36 51 320
36 52 1014
36 53 563
36 54 368
36 55 894
37 0 120
37 1 89
37 2 316
37 3 350
37 4 63
37 5 728
37 6 584
37 7 718
37 8 363
37 9 537
37 10 50
37 11 303
37 12 636
37 13 767
37 14 683
37 15 220
37 16 133
37 17 181
37 18 632
37 19 146
37 20 762
37 21 809
37 22 281
37 23 962
37 24 714
37 25 966
37 26 185
37 27 680
37 28 684
37 29 754
37 30 810
37 31 762
37 32 172
37 33 597
37 34 276
37 35 345
37 36 774
37 37 0
37 38 451
37 39 902
37 40 48
37 41 499
37 42 950
37 43 96
37 44 547
37 45 998
37 46 144
37 47 595
37 48 1046
37 49 192
37 50 643
37 51 1094
37 52 240
37 53 691
37 54 1142
37 55 120
38 0 571
38 1 362
38 2 615
38 3 389
38 4 388
38 5 277
38 6 133
38 7 267
38 8 376
38 9 394
38 10 401
38 11 628
38 12 185
38 13 316
38 14 232
38 15 519
38 16 510
38 17 558
38 18 181
38 19 497
38 20 311
38 21 358
38 22 554
38 23 511
38 24 263
38 25 515
38 26 458
38 27 229
38 28 233
38 29 303
38 30 359
38 31 311
38 32 471
38 33 146
38 34 367
38 35 202
38 36 323
38 37 451
38 38 0
38 39 451
38 40 499
38 41 48
38 42 499
38 43 547
38 44 96
38 45 547
38 46 595
38 47 144
38 48 595
38 49 643
38 50 192
38 51 643
38 52 691
38 53 240
38 54 691
38 55 571
39 0 1022
39 1 813
39 2 1066
39 3 840
39 4 839
39 5 654
39 6 510
39 7 280
39 8 827
39 9 845
39 10 852
39 11 1079
39 12 458
39 13 615
39 14 219
39 15 970
39 16 961
39 17 1009
39 18 558
39 19 948
39 20 428
39 21 189
39 22 1005
39 23 420
39 24 380
39 25 320
39 26 909
39 27 606
39 28 506
39 29 628
39 30 476
39 31 428
39 32 922
39 33 497
39 34 818
39 35 653
39 36 128
39 37 902
39 38 451
39 39 0
39 40 950
39 41 499
39 42 48
39 43 998
39 44 547
39 45 96
39 46 1046
39 47 595
39 48 144
39 49 1094
39 50 643
39 51 192
39 52 1142
39 53 691
39 54 240
39 55 1022
40 0 168
40 1 137
40 2 268
40 3 302
40 4 111
40 5 680
40 6 536
40 7 670
40 8 315
40 9 489
40 10 98
40 11 255
40 12 588
40 13 719
40 14 731
40 15 172
40 16 85
40 17 133
40 18 584
40 19 98
40 20 714
40 21 761
40 22 233
40 23 914
40 24 666
40 25 918
40 26 137
40 27 632
40 28 636
40 29 706
40 30 762
40 31 714
40 32 124
40 33 549
40 34 228
40 35 297
40 36 822
40 37 48
40 38 499
40 39 950
40 40 0
40 41 451
40 42 902
40 43 48
40 44 499
40 45 950
40 46 96
40 47 547
40 48 998
40 49 144
40 50 595
40 51 1046
40 52 192
40 53 643
40 54 1094
40 55 168
41 0 619
41 1 410
41 2 567
41 3 341
41 4 436
41 5 229
41 6 85
41 7 219
41 8 328
41 9 346
41 10 449
41 11 580
41 12 137
41 13 268
41 14 280
41 15 471
41 16 462
41 17 510
41 18 133
41 19 449
41 20 263
41 21 310
41 22 506
41 23 463
41 24 215
41 25 467
41 26 410
41 27 181
41 28 185
41 29 255
41 30 311
41 31 263
41 32 423
41 33 98
41 34 319
41 35 154
41 36 371
41 37 499
41 38 48
41 39 499
41 40 451
41 41 0
41 42 451
41 43 499
41 44 48
41 45 499
41 46 547
41 47 96
41 48 547
41 49 595
41 50 144
41 51 595
41 52 643
41 53 192
41 54 643
41 55 619
42 0 1070
42 1 861
42 2 1018
42 3 792
42 4 887
42 5 606
42 6 462
42 7 232
42 8 779
42 9 797
42 10 900
42 11 1031
42 12 410
42 13 567
42 14 267
42 15 922
42 16 913
42 17 961
42 18 510
42 19 900
42 20 380
42 21 141
42 22 957
42 23 372
42 24 332
42 25 272
42 26 861
42 27 558
42 28 458
42 29 580
42 30 428
42 31 380
42 32 874
42 33 449
42 34 770
42 35 605
42 36 176
42 37 950
42 38 499
42 39 48
42 40 902
42 41 451
42 42 0
42 43 950
42 44 499
42 45 48
42 46 998
42 47 547
42 48 96
42 49 1046
42 50 595
42 51 144
42 52 1094
42 53 643
42 54 192
42 55 1070
43 0 216
43 1 185
43 2 220
43 3 254
43 4 159
43 5 632
43 6 488
43 7 718
43 8 267
43 9 441
43 10 146
43 11 207
43 12 540
43 13 671
43 14 779
43 15 124
43 16 37
43 17 85
43 18 536
43 19 50
43 20 666
43 21 809
43 22 185
43 23 866
43 24 618
43 25 870
43 26 89
43 27 584
43 28 588
43 29 658
43 30 714
43 31 666
43 32 76
43 33 501
43 34 180
43 35 345
43 36 870
43 37 96
43 38 547
43 39 998
43 40 48
43 41 499
43 42 950
43 43 0
43 44 451
43 45 902
43 46 48
43 47 499
43 48 950
43 49 96
43 50 547
43 51 998
43 52 144
43 53 595
43 54 1046
43 55 216
44 0 667
44 1 458
44 2 519
44 3 293
44 4 484
44 5 181
44 6 37
44 7 267
44 8 280
44 9 298
44 10 497
44 11 532
44 12 89
44 13 220
44 14 328
44 15 423
44 16 414
44 17 462
44 18 85
44 19 401
44 20 215
44 21 358
44 22 458
44 23 415
44 24 167
44 25 419
44 26 362
44 27 133
44 28 137
44 29 207
44 30 263
44 31 215
44 32 375
44 33 50
44 34 271
44 35 202
44 36 419
44 37 547
44 38 96
44 39 547
44 40 499
44 41 48
44 42 499
44 43 451
44 44 0
44 45 451
44 46 499
44 47 48
44 48 499
44 49 547
44 50 96
44 51 547
44 52 595
44 53 144
44 54 595
44 55 667
45 0 1118
45 1 909
45 2 970
45 3 744
45 4 935
45 5 558
45 6 414
45 7 280
45 8 731
45 9 749
45 10 948
45 11 983
45 12 362
45 13 519
45 14 315
45 15 874
45 16 865
45 17 913
45 18 462
45 19 852
45 20 332
45 21 189
45 22 909
45 23 324
45 24 284
45 25 224
45 26 813
45 27 510
45 28 410
45 29 532
45 30 380
45 31 332
45 32 826
45 33 401
45 34 722
45 35 653
45 36 224
45 37 998
45 38 547
45 39 96
45 40 950
45 41 499
45 42 48
45 43 902
45 44 451
45 45 0
45 46 950
45 47 499
45 48 48
45 49 998
45 50 547
45 51 96
45 52 1046
45 53 595
45 54 144
45 55 1118
46 0 264
46 1 233
46 2 172
46 3 206
46 4 207
46 5 584
46 6 536
46 7 766
46 8 219
46 9 393
46 10 194
46 11 159
46 12 588
46 13 623
46 14 827
46 15 76
46 16 85
46 17 37
46 18 488
46 19 98
46 20 618
46 21 857
46 22 137
46 23 818
46 24 666
46 25 822
46 26 137
46 27 536
46 28 540
46 29 610
46 30 666
46 31 618
46 32 124
46 33 549
46 34 228
46 35 393
46 36 918
46 37 144
46 38 595
46 39 1046
46 40 96
46 41 547
46 42 998
46 43 48
46 44 499
46 45 950
46 46 0
46 47 451
46 48 902
46 49 48
46 50 499
46 51 950
46 52 96
46 53 547
46 54 998
46 55 264
47 0 715
47 1 506
47 2 471
47 3 245
47 4 532
47 5 133
47 6 85
47 7 315
47 8 232
47 9 250
47 10 545
47 11 484
47 12 137
47 13 172
47 14 376
47 15 375
47 16 462
47 17 414
47 18 37
47 19 449
47 20 167
47 21 406
47 22 410
47 23 367
47 24 215
47 25 371
47 26 410
47 27 85
47 28 89
47 29 159
47 30 215
47 31 167
47 32 423
47 33 98
47 34 319
47 35 250
47 36 467
47 37 595
47 38 144
47 39 595
47 40 547
47 41 96
47 42 547
47 43 499
47 44 48
47 45 499
47 46 451
47 47 0
47 48 451
47 49 499
47 50 48
47 51 499
47 52 547
47 53 96
47 54 547
47 55 715
48 0 1166
48 1 957
48 2 922
48 3 696
48 4 983
48 5 510
48 6 462
48 7 328
48 8 683
48 9 701
48 10 996
48 11 935
48 12 410
48 13 471
48 14 363
48 15 826
48 16 913
48 17 865
48 18 414
48 19 900
48 20 284
48 21 237
48 22 861
48 23 276
48 24 332
48 25 176
48 26 861
48 27 462
48 28 362
48 29 484
48 30 332
48 31 284
48 32 874
48 33 449
48 34 770
48 35 701
48 36 272
48 37 1046
48 38 595
48 39 144
48 40 998
48 41 547
48 42 96
48 43 950
48 44 499
48 45 48
48 46 902
48 47 451
48 48 0
48 49 950
48 50 499
48 51 48
48 52 998
48 53 547
48 54 96
48 55 1166
49 0 312
49 1 281
49 2 124
49 3 254
49 4 255
49 5 536
49 6 584
49 7 814
49 8 267
49 9 345
49 10 242
49 11 111
49 12 636
49 13 575
49 14 875
49 15 124
49 16 133
49 17 85
49 18 536
49 19 146
49 20 666
49 21 905
49 22 89
49 23 770
49 24 714
49 25 774
49 26 185
49 27 488
49 28 588
49 29 562
49 30 618
49 31 666
49 32 172
49 33 597
49 34 276
49 35 441
49 36 966
49 37 192
49 38 643
49 39 1094
49 40 144
49 41 595
49 42 1046
49 43 96
49 44 547
49 45 998
49 46 48
49 47 499
49 48 950
49 49 0
49 50 451
49 51 902
49 52 48
49 53 499
49 54 950
49 55 312
50 0 763
50 1 554
50 2 423
50 3 293
50 4 580
50 5 85
50 6 133
50 7 363
50 8 280
50 9 202
50 10 593
50 11 436
50 12 185
50 13 124
50 14 424
50 15 423
50 16 510
50 17 462
50 18 85
50 19 497
50 20 215
50 21 454
50 22 362
50 23 319
50 24 263
50 25 323
50 26 458
50 27 37
50 28 137
50 29 111
50 30 167
50 31 215
50 32 471
50 33 146
50 34 367
50 35 298
50 36 515
50 37 643
50 38 192
50 39 643
50 40 595
50 41 144
50 42 595
50 43 547
50 44 96
50 45 547
50 46 499
50 47 48
50 48 499
50 49 451
50 50 0
50 51 451
50 52 499
50 53 48
50 54 499
50 55 763
51 0 1214
51 1 1005
51 2 874
51 3 744
51 4 1031
51 5 462
51 6 510
51 7 376
51 8 731
51 9 653
51 10 1044
51 11 887
51 12 458
51 13 423
51 14 411
51 15 874
51 16 961
51 17 913
51 18 462
51 19 948
51 20 332
51 21 285
51 22 813
51 23 228
51 24 380
51 25 128
51 26 909
51 27 414
51 28 410
51 29 436
51 30 284
51 31 332
51 32 922
51 33 497
51 34 818
51 35 749
51 36 320
51 37 1094
51 38 643
51 39 192
51 40 1046
51 41 595
51 42 144
51 43 998
51 44 547
51 45 96
51 46 950
51 47 499
51 48 48
51 49 902
51 50 451
51 51 0
51 52 950
51 53 499
51 54 48
51 55 1214
52 0 360
52 1 329
52 2 76
52 3 302
52 4 303
52 5 488
52 6 632
52 7 862
52 8 315
52 9 297
52 10 290
52 11 63
52 12 684
52 13 527
52 14 923
52 15 172
52 16 181
52 17 133
52 18 584
52 19 194
52 20 714
52 21 953
52 22 137
52 23 722
52 24 762
52 25 822
52 26 233
52 27 536
52 28 636
52 29 514
52 30 666
52 31 714
52 32 220
52 33 645
52 34 324
52 35 489
52 36 1014
52 37 240
52 38 691
52 39 1142
52 40 192
52 41 643
52 42 1094
52 43 144
52 44 595
52 45 1046
52 46 96
52 47 547
52 48 998
52 49 48
52 50 499
52 51 950
52 52 0
52 53 451
52 54 902
52 55 360
53 0 811
53 1 602
53 2 375
53 3 341
53 4 628
53 5 37
53 6 181
53 7 411
53 8 328
53 9 154
53 10 641
53 11 388
53 12 233
53 13 76
53 14 472
53 15 471
53 16 558
53 17 510
53 18 133
53 19 545
53 20 263
53 21 502
53 22 410
53 23 271
53 24 311
53 25 371
53 26 506
53 27 85
53 28 185
53 29 63
53 30 215
53 31 263
53 32 519
53 33 194
53 34 415
53 35 346
53 36 563
53 37 691
53 38 240
53 39 691
53 40 643
53 41 192
53 42 643
53 43 595
53 44 144
53 45 595
53 46 547
53 47 96
53 48 547
53 49 499
53 50 48
53 51 499
53 52 451
53 53 0
53 54 451
53 55 811
54 0 1262
54 1 1053
54 2 826
54 3 792
54 4 1079
54 5 414
54 6 558
54 7 424
54 8 779
54 9 605
54 10 1092
54 11 839
54 12 506
54 13 375
54 14 459
54 15 922
54 16 1009
54 17 961
54 18 510
54 19 996
54 20 380
54 21 333
54 22 861
54 23 180
54 24 428
54 25 176
54 26 957
54 27 462
54 28 458
54 29 388
54 30 332
54 31 380
54 32 970
54 33 545
54 34 866
54 35 797
54 36 368
54 37 1142
54 38 691
54 39 240
54 40 1094
54 41 643
54 42 192
54 43 1046
54 44 595
54 45 144
54 46 998
54 47 547
54 48 96
54 49 950
54 50 499
54 51 48
54 52 902
54 53 451
54 54 0
54 55 1262
55 0 0
55 1 209
55 2 436
55 3 470
55 4 183
55 5 848
55 6 704
55 7 838
55 8 483
55 9 657
55 10 170
55 11 423
55 12 756
55 13 887
55 14 803
55 15 340
55 16 253
55 17 301
55 18 752
55 19 266
55 20 882
55 21 929
55 22 401
55 23 1082
55 24 834
55 25 1086
55 26 305
55 27 800
55 28 804
55 29 874
55 30 930
55 31 882
55 32 292
55 33 717
55 34 396
55 35 465
55 36 894
55 37 120
55 38 571
55 39 1022
55 40 168
55 41 619
55 42 1070
55 43 216
55 44 667
55 45 1118
55 46 264
55 47 715
55 48 1166
55 49 312
55 50 763
55 51 1214
55 52 360
55 53 811
55 54 1262
55 55 0
//Location coordinates LocationName
//Loc x y
0 0.0 0.0 "depot"
1 0.0 209.0 "product aisle 0 bloc 0 rank 10"
2 240.0 196.0 "product aisle 5 bloc 0 rank 7"
3 144.0 326.0 "product aisle 3 bloc 0 rank 27"
4 0.0 183.0 "product aisle 0 bloc 0 rank 5"
5 240.0 608.0 "product aisle 5 bloc 1 rank 1"
6 96.0 608.0 "product aisle 2 bloc 1 rank 2"
7 48.0 790.0 "product aisle 1 bloc 1 rank 29"
8 144.0 339.0 "product aisle 3 bloc 0 rank 29"
9 240.0 417.0 "product aisle 5 bloc 0 rank 41"
10 0.0 170.0 "product aisle 0 bloc 0 rank 3"
11 240.0 183.0 "product aisle 5 bloc 0 rank 5"
12 96.0 660.0 "product aisle 2 bloc 1 rank 10"
13 240.0 647.0 "product aisle 5 bloc 1 rank 7"
14 0.0 803.0 "product aisle 0 bloc 1 rank 32"
15 144.0 196.0 "product aisle 3 bloc 0 rank 8"
16 96.0 157.0 "product aisle 2 bloc 0 rank 2"
17 144.0 157.0 "product aisle 3 bloc 0 rank 2"
18 144.0 608.0 "product aisle 3 bloc 1 rank 2"
19 96.0 170.0 "product aisle 2 bloc 0 rank 3"
20 144.0 738.0 "product aisle 3 bloc 1 rank 21"
21 48.0 881.0 "product aisle 1 bloc 1 rank 43"
22 192.0 209.0 "product aisle 4 bloc 0 rank 9"
23 240.0 842.0 "product aisle 5 bloc 1 rank 38"
24 96.0 738.0 "product aisle 2 bloc 1 rank 21"
25 192.0 894.0 "product aisle 4 bloc 1 rank 45"
26 96.0 209.0 "product aisle 2 bloc 0 rank 10"
27 192.0 608.0 "product aisle 4 bloc 1 rank 1"
28 144.0 660.0 "product aisle 3 bloc 1 rank 9"
29 240.0 634.0 "product aisle 5 bloc 1 rank 6"
30 192.0 738.0 "product aisle 4 bloc 1 rank 21"
31 144.0 738.0 "product aisle 3 bloc 1 rank 22"
32 96.0 196.0 "product aisle 2 bloc 0 rank 8"
33 96.0 621.0 "product aisle 2 bloc 1 rank 4"
34 96.0 300.0 "product aisle 2 bloc 0 rank 23"
35 48.0 417.0 "product aisle 1 bloc 0 rank 41"
36 0.0 894.0 "product aisle 0 bloc 1 rank 45"
37 24.0 120.0 "intersection aisle 0 bloc 0 rank 0"
38 24.0 571.0 "intersection aisle 0 bloc 1 rank 1"
39 24.0 1022.0 "intersection aisle 0 bloc 2 rank 2"
40 72.0 120.0 "intersection aisle 1 bloc 0 rank 0"
41 72.0 571.0 "intersection aisle 1 bloc 1 rank 1"
42 72.0 1022.0 "intersection aisle 1 bloc 2 rank 2"
43 120.0 120.0 "intersection aisle 2 bloc 0 rank 0"
44 120.0 571.0 "intersection aisle 2 bloc 1 rank 1"
45 120.0 1022.0 "intersection aisle 2 bloc 2 rank 2"
46 168.0 120.0 "intersection aisle 3 bloc 0 rank 0"
47 168.0 571.0 "intersection aisle 3 bloc 1 rank 1"
48 168.0 1022.0 "intersection aisle 3 bloc 2 rank 2"
49 216.0 120.0 "intersection aisle 4 bloc 0 rank 0"
50 216.0 571.0 "intersection aisle 4 bloc 1 rank 1"
51 216.0 1022.0 "intersection aisle 4 bloc 2 rank 2"
52 264.0 120.0 "intersection aisle 5 bloc 0 rank 0"
53 264.0 571.0 "intersection aisle 5 bloc 1 rank 1"
54 264.0 1022.0 "intersection aisle 5 bloc 2 rank 2"
55 0.0 0.0 "depot"
