//alpha
1
//NbLocations
69
//NbProducts
14
//NbPickers
2
//CapaPicker
4
//TimeToTravelOneDistanceUnit
3
//SetupTime
5400
//PickTime
300
//Products
//Idx Location Size
1 1 1
2 2 1
3 3 1
4 4 1
5 5 1
6 6 1
7 7 1
8 8 1
9 9 1
10 10 1
11 11 1
12 12 1
13 13 1
14 14 1
//Orders
//NbOrders
6
//Idx DueDate TardinessPenalty NbProdInOrder ProdIdx1 Qty1 ProdIdx2 Qty2 ...
1 90000 0 4 1 1 2 1 3 1 4 1
2 72000 0 3 5 1 6 1 7 1
3 72000 0 2 8 1 9 1
4 144000 0 2 10 1 11 1
5 90000 0 1 12 1
6 108000 0 2 13 1 14 1
//Graph (Products are vertices indexed from 1 to NbProducts)
//NbVerticesIntersections
54
//DepartingDepot
0
//ArrivalDepot
69
//Arcs
//Start End Distance
0 15 120
1 4 533
1 32 492
2 64 323
2 65 908
3 18 882
3 19 349
4 1 533
4 31 206
5 67 37
5 68 1194
6 8 845
6 37 50
7 55 713
7 56 518
8 6 845
8 36 336
9 37 1181
9 38 50
10 12 13
10 31 1038
11 54 180
11 55 1051
12 10 13
12 30 180
13 46 388
13 47 843
14 48 349
14 49 882
15 16 1231
15 18 48
15 69 120
16 15 1231
16 17 1231
16 19 48
17 16 1231
17 20 48
18 3 882
18 15 48
18 21 48
19 3 349
19 16 48
19 20 1231
19 22 48
20 17 48
20 19 1231
20 23 48
21 18 48
21 22 1231
21 24 48
22 19 48
22 21 1231
22 23 1231
22 25 48
23 20 48
23 22 1231
23 26 48
24 21 48
24 25 1231
24 27 48
25 22 48
25 24 1231
25 26 1231
25 28 48
26 23 48
26 25 1231
26 29 48
27 24 48
27 28 1231
27 30 48
28 25 48
28 27 1231
28 29 1231
28 31 48
29 26 48
29 28 1231
29 32 48
30 12 180
30 27 48
30 33 48
31 4 206
31 10 1038
31 28 48
31 34 48
32 1 492
32 29 48
32 35 48
33 30 48
33 34 1231
33 36 48
34 31 48
34 33 1231
34 35 1231
34 37 48
35 32 48
35 34 1231
35 38 48
36 8 336
36 33 48
36 39 48
37 6 50
37 9 1181
37 34 48
37 40 48
38 9 50
38 35 48
38 41 48
39 36 48
39 40 1231
39 42 48
40 37 48
40 39 1231
40 41 1231
40 43 48
41 38 48
41 40 1231
41 44 48
42 39 48
42 43 1231
42 45 48
43 40 48
43 42 1231
43 44 1231
43 46 48
44 41 48
44 43 1231
44 47 48
45 42 48
45 46 1231
45 48 48
46 13 388
46 43 48
46 45 1231
46 49 48
47 13 843
47 44 48
47 50 48
48 14 349
48 45 48
48 51 48
49 14 882
49 46 48
49 50 1231
49 52 48
50 47 48
50 49 1231
50 53 48
51 48 48
51 52 1231
51 54 48
52 49 48
52 51 1231
52 53 1231
52 55 48
53 50 48
53 52 1231
53 56 48
54 11 180
54 51 48
54 57 48
55 7 713
55 11 1051
55 52 48
55 58 48
56 7 518
56 53 48
56 59 48
57 54 48
57 58 1231
57 60 48
58 55 48
58 57 1231
58 59 1231
58 61 48
59 56 48
59 58 1231
59 62 48
60 57 48
60 61 1231
60 63 48
61 58 48
61 60 1231
61 62 1231
61 64 48
62 59 48
62 61 1231
62 65 48
63 60 48
63 64 1231
63 66 48
64 2 323
64 61 48
64 63 1231
64 67 48
65 2 908
65 62 48
65 68 48
66 63 48
66 67 1231
67 5 37
67 64 48
67 66 1231
68 5 1194
68 65 48
//LocStart LocEnd ShortestPath
0 0 0
0 1 2330
0 2 2442
0 3 1050
0 4 1797
0 5 2204
0 6 1637
0 7 2688
0 8 792
0 9 2868
0 10 553
0 11 924
0 12 540
0 13 2219
0 14 997
0 15 120
0 16 1351
0 17 2582
0 18 168
0 19 1399
0 20 2630
0 21 216
0 22 1447
0 23 2678
0 24 264
0 25 1495
0 26 2726
0 27 312
0 28 1543
0 29 2774
0 30 360
0 31 1591
0 32 2822
0 33 408
0 34 1639
0 35 2870
0 36 456
0 37 1687
0 38 2918
0 39 504
0 40 1735
0 41 2966
0 42 552
0 43 1783
0 44 3014
0 45 600
0 46 1831
0 47 3062
0 48 648
0 49 1879
0 50 3110
0 51 696
0 52 1927
0 53 3158
0 54 744
0 55 1975
0 56 3206
0 57 792
0 58 2023
0 59 3254
0 60 840
0 61 2071
0 62 3302
0 63 888
0 64 2119
0 65 3350
0 66 936
0 67 2167
0 68 3398
0 69 0
1 0 2330
1 1 0
1 2 1590
1 3 1280
1 4 533
1 5 1352
1 6 885
1 7 1394
1 8 1730
1 9 638
1 10 1777
1 11 2174
1 12 1790
1 13 1367
1 14 1909
1 15 2210
1 16 979
1 17 732
1 18 2162
1 19 931
1 20 684
1 21 2114
1 22 883
1 23 636
1 24 2066
1 25 835
1 26 588
1 27 2018
1 28 787
1 29 540
1 30 1970
1 31 739
1 32 492
1 33 2018
1 34 787
1 35 540
1 36 2066
1 37 835
1 38 588
1 39 2114
1 40 883
1 41 636
1 42 2162
1 43 931
1 44 684
1 45 2210
1 46 979
1 47 732
1 48 2258
1 49 1027
1 50 780
1 51 2306
1 52 1075
1 53 828
1 54 2354
1 55 1123
1 56 876
1 57 2402
1 58 1171
1 59 924
1 60 2450
1 61 1219
1 62 972
1 63 2498
1 64 1267
1 65 1020
1 66 2546
1 67 1315
1 68 1068
1 69 2330
2 0 2442
2 1 1590
2 2 0
2 3 1392
2 4 1057
2 5 408
2 6 805
2 7 1180
2 8 1650
2 9 1390
2 10 1889
2 11 1518
2 12 1902
2 13 999
2 14 1445
2 15 2322
2 16 1091
2 17 1676
2 18 2274
2 19 1043
2 20 1628
2 21 2226
2 22 995
2 23 1580
2 24 2178
2 25 947
2 26 1532
2 27 2130
2 28 899
2 29 1484
2 30 2082
2 31 851
2 32 1436
2 33 2034
2 34 803
2 35 1388
2 36 1986
2 37 755
2 38 1340
2 39 1938
2 40 707
2 41 1292
2 42 1890
2 43 659
2 44 1244
2 45 1842
2 46 611
2 47 1196
2 48 1794
2 49 563
2 50 1148
2 51 1746
2 52 515
2 53 1100
2 54 1698
2 55 467
2 56 1052
2 57 1650
2 58 419
2 59 1004
2 60 1602
2 61 371
2 62 956
2 63 1554
2 64 323
2 65 908
2 66 1602
2 67 371
2 68 956
2 69 2442
3 0 1050
3 1 1280
3 2 1392
3 3 0
3 4 747
3 5 1154
3 6 687
3 7 1638
3 8 1506
3 9 1818
3 10 1267
3 11 1638
3 12 1254
3 13 1169
3 14 1711
3 15 930
3 16 397
3 17 1628
3 18 882
3 19 349
3 20 1580
3 21 930
3 22 397
3 23 1628
3 24 978
3 25 445
3 26 1676
3 27 1026
3 28 493
3 29 1724
3 30 1074
3 31 541
3 32 1772
3 33 1122
3 34 589
3 35 1820
3 36 1170
3 37 637
3 38 1868
3 39 1218
3 40 685
3 41 1916
3 42 1266
3 43 733
3 44 1964
3 45 1314
3 46 781
3 47 2012
3 48 1362
3 49 829
3 50 2060
3 51 1410
3 52 877
3 53 2108
3 54 1458
3 55 925
3 56 2156
3 57 1506
3 58 973
3 59 2204
3 60 1554
3 61 1021
3 62 2252
3 63 1602
3 64 1069
3 65 2300
3 66 1650
3 67 1117
3 68 2348
3 69 1050
4 0 1797
4 1 533
4 2 1057
4 3 747
4 4 0
4 5 819
4 6 352
4 7 1303
4 8 1197
4 9 1171
4 10 1244
4 11 1641
4 12 1257
4 13 834
4 14 1376
4 15 1677
4 16 446
4 17 1265
4 18 1629
4 19 398
4 20 1217
4 21 1581
4 22 350
4 23 1169
4 24 1533
4 25 302
4 26 1121
4 27 1485
4 28 254
4 29 1073
4 30 1437
4 31 206
4 32 1025
4 33 1485
4 34 254
4 35 1073
4 36 1533
4 37 302
4 38 1121
4 39 1581
4 40 350
4 41 1169
4 42 1629
4 43 398
4 44 1217
4 45 1677
4 46 446
4 47 1265
4 48 1725
4 49 494
4 50 1313
4 51 1773
4 52 542
4 53 1361
4 54 1821
4 55 590
4 56 1409
4 57 1869
4 58 638
4 59 1457
4 60 1917
4 61 686
4 62 1505
4 63 1965
4 64 734
4 65 1553
4 66 2013
4 67 782
4 68 1601
4 69 1797
5 0 2204
5 1 1352
5 2 408
5 3 1154
5 4 819
5 5 0
5 6 567
5 7 942
5 8 1412
5 9 1698
5 10 1651
5 11 1280
5 12 1664
5 13 761
5 14 1207
5 15 2084
5 16 853
5 17 2010
5 18 2036
5 19 805
5 20 1962
5 21 1988
5 22 757
5 23 1914
5 24 1940
5 25 709
5 26 1866
5 27 1892
5 28 661
5 29 1818
5 30 1844
5 31 613
5 32 1770
5 33 1796
5 34 565
5 35 1722
5 36 1748
5 37 517
5 38 1674
5 39 1700
5 40 469
5 41 1626
5 42 1652
5 43 421
5 44 1578
5 45 1604
5 46 373
5 47 1530
5 48 1556
5 49 325
5 50 1482
5 51 1508
5 52 277
5 53 1434
5 54 1460
5 55 229
5 56 1386
5 57 1412
5 58 181
5 59 1338
5 60 1364
5 61 133
5 62 1290
5 63 1316
5 64 85
5 65 1242
5 66 1268
5 67 37
5 68 1194
5 69 2204
6 0 1637
6 1 885
6 2 805
6 3 687
6 4 352
6 5 567
6 6 0
6 7 1051
6 8 845
6 9 1231
6 10 1184
6 11 1389
6 12 1197
6 13 582
6 14 1124
6 15 1517
6 16 386
6 17 1617
6 18 1469
6 19 338
6 20 1569
6 21 1421
6 22 290
6 23 1521
6 24 1373
6 25 242
6 26 1473
6 27 1325
6 28 194
6 29 1425
6 30 1277
6 31 146
6 32 1377
6 33 1229
6 34 98
6 35 1329
6 36 1181
6 37 50
6 38 1281
6 39 1229
6 40 98
6 41 1329
6 42 1277
6 43 146
6 44 1377
6 45 1325
6 46 194
6 47 1425
6 48 1373
6 49 242
6 50 1473
6 51 1421
6 52 290
6 53 1521
6 54 1469
6 55 338
6 56 1569
6 57 1517
6 58 386
6 59 1617
6 60 1565
6 61 434
6 62 1665
6 63 1613
6 64 482
6 65 1713
6 66 1661
6 67 530
6 68 1761
6 69 1637
7 0 2688
7 1 1394
7 2 1180
7 3 1638
7 4 1303
7 5 942
7 6 1051
7 7 0
7 8 1896
7 9 856
7 10 2135
7 11 1764
7 12 2148
7 13 1245
7 14 1691
7 15 2568
7 16 1337
7 17 1142
7 18 2520
7 19 1289
7 20 1094
7 21 2472
7 22 1241
7 23 1046
7 24 2424
7 25 1193
7 26 998
7 27 2376
7 28 1145
7 29 950
7 30 2328
7 31 1097
7 32 902
7 33 2280
7 34 1049
7 35 854
7 36 2232
7 37 1001
7 38 806
7 39 2184
7 40 953
7 41 758
7 42 2136
7 43 905
7 44 710
7 45 2088
7 46 857
7 47 662
7 48 2040
7 49 809
7 50 614
7 51 1992
7 52 761
7 53 566
7 54 1944
7 55 713
7 56 518
7 57 1992
7 58 761
7 59 566
7 60 2040
7 61 809
7 62 614
7 63 2088
7 64 857
7 65 662
7 66 2136
7 67 905
7 68 710
7 69 2688
8 0 792
8 1 1730
8 2 1650
8 3 1506
8 4 1197
8 5 1412
8 6 845
8 7 1896
8 8 0
8 9 2076
8 10 625
8 11 804
8 12 612
8 13 1427
8 14 877
8 15 672
8 16 1231
8 17 2462
8 18 624
8 19 1183
8 20 2414
8 21 576
8 22 1135
8 23 2366
8 24 528
8 25 1087
8 26 2318
8 27 480
8 28 1039
8 29 2270
8 30 432
8 31 991
8 32 2222
8 33 384
8 34 943
8 35 2174
8 36 336
8 37 895
8 38 2126
8 39 384
8 40 943
8 41 2174
8 42 432
8 43 991
8 44 2222
8 45 480
8 46 1039
8 47 2270
8 48 528
8 49 1087
8 50 2318
8 51 576
8 52 1135
8 53 2366
8 54 624
8 55 1183
8 56 2414
8 57 672
8 58 1231
8 59 2462
8 60 720
8 61 1279
8 62 2510
8 63 768
8 64 1327
8 65 2558
8 66 816
8 67 1375
8 68 2606
8 69 792
9 0 2868
9 1 638
9 2 1390
9 3 1818
9 4 1171
9 5 1698
9 6 1231
9 7 856
9 8 2076
9 9 0
9 10 2315
9 11 2520
9 12 2328
9 13 1037
9 14 2255
9 15 2748
9 16 1517
9 17 386
9 18 2700
9 19 1469
9 20 338
9 21 2652
9 22 1421
9 23 290
9 24 2604
9 25 1373
9 26 242
9 27 2556
9 28 1325
9 29 194
9 30 2508
9 31 1277
9 32 146
9 33 2460
9 34 1229
9 35 98
9 36 2412
9 37 1181
9 38 50
9 39 2460
9 40 1229
9 41 98
9 42 2508
9 43 1277
9 44 146
9 45 2556
9 46 1325
9 47 194
9 48 2604
9 49 1373
9 50 242
9 51 2652
9 52 1421
9 53 290
9 54 2700
9 55 1469
9 56 338
9 57 2748
9 58 1517
9 59 386
9 60 2796
9 61 1565
9 62 434
9 63 2844
9 64 1613
9 65 482
9 66 2892
9 67 1661
9 68 530
9 69 2868
10 0 553
10 1 1777
10 2 1889
10 3 1267
10 4 1244
10 5 1651
10 6 1184
10 7 2135
10 8 625
10 9 2315
10 10 0
10 11 757
10 12 13
10 13 1666
10 14 830
10 15 433
10 16 1278
10 17 2509
10 18 385
10 19 1230
10 20 2461
10 21 337
10 22 1182
10 23 2413
10 24 289
10 25 1134
10 26 2365
10 27 241
10 28 1086
10 29 2317
10 30 193
10 31 1038
10 32 2269
10 33 241
10 34 1086
10 35 2317
10 36 289
10 37 1134
10 38 2365
10 39 337
10 40 1182
10 41 2413
10 42 385
10 43 1230
10 44 2461
10 45 433
10 46 1278
10 47 2509
10 48 481
10 49 1326
10 50 2557
10 51 529
10 52 1374
10 53 2605
10 54 577
10 55 1422
10 56 2653
10 57 625
10 58 1470
10 59 2701
10 60 673
10 61 1518
10 62 2749
10 63 721
10 64 1566
10 65 2797
10 66 769
10 67 1614
10 68 2845
10 69 553
11 0 924
11 1 2174
11 2 1518
11 3 1638
11 4 1641
11 5 1280
11 6 1389
11 7 1764
11 8 804
11 9 2520
11 10 757
11 11 0
11 12 744
11 13 1583
11 14 625
11 15 804
11 16 1675
11 17 2906
11 18 756
11 19 1627
11 20 2858
11 21 708
11 22 1579
11 23 2810
11 24 660
11 25 1531
11 26 2762
11 27 612
11 28 1483
11 29 2714
11 30 564
11 31 1435
11 32 2666
11 33 516
11 34 1387
11 35 2618
11 36 468
11 37 1339
11 38 2570
11 39 420
11 40 1291
11 41 2522
11 42 372
11 43 1243
11 44 2474
11 45 324
11 46 1195
11 47 2426
11 48 276
11 49 1147
11 50 2378
11 51 228
11 52 1099
11 53 2330
11 54 180
11 55 1051
11 56 2282
11 57 228
11 58 1099
11 59 2330
11 60 276
11 61 1147
11 62 2378
11 63 324
11 64 1195
11 65 2426
11 66 372
11 67 1243
11 68 2474
11 69 924
12 0 540
12 1 1790
12 2 1902
12 3 1254
12 4 1257
12 5 1664
12 6 1197
12 7 2148
12 8 612
12 9 2328
12 10 13
12 11 744
12 12 0
12 13 1679
12 14 817
12 15 420
12 16 1291
12 17 2522
12 18 372
12 19 1243
12 20 2474
12 21 324
12 22 1195
12 23 2426
12 24 276
12 25 1147
12 26 2378
12 27 228
12 28 1099
12 29 2330
12 30 180
12 31 1051
12 32 2282
12 33 228
12 34 1099
12 35 2330
12 36 276
12 37 1147
12 38 2378
12 39 324
12 40 1195
12 41 2426
12 42 372
12 43 1243
12 44 2474
12 45 420
12 46 1291
12 47 2522
12 48 468
12 49 1339
12 50 2570
12 51 516
12 52 1387
12 53 2618
12 54 564
12 55 1435
12 56 2666
12 57 612
12 58 1483
12 59 2714
12 60 660
12 61 1531
12 62 2762
12 63 708
12 64 1579
12 65 2810
12 66 756
12 67 1627
12 68 2858
12 69 540
13 0 2219
13 1 1367
13 2 999
13 3 1169
13 4 834
13 5 761
13 6 582
13 7 1245
13 8 1427
13 9 1037
13 10 1666
13 11 1583
13 12 1679
13 13 0
13 14 1318
13 15 2099
13 16 868
13 17 1323
13 18 2051
13 19 820
13 20 1275
13 21 2003
13 22 772
13 23 1227
13 24 1955
13 25 724
13 26 1179
13 27 1907
13 28 676
13 29 1131
13 30 1859
13 31 628
13 32 1083
13 33 1811
13 34 580
13 35 1035
13 36 1763
13 37 532
13 38 987
13 39 1715
13 40 484
13 41 939
13 42 1667
13 43 436
13 44 891
13 45 1619
13 46 388
13 47 843
13 48 1667
13 49 436
13 50 891
13 51 1715
13 52 484
13 53 939
13 54 1763
13 55 532
13 56 987
13 57 1811
13 58 580
13 59 1035
13 60 1859
13 61 628
13 62 1083
13 63 1907
13 64 676
13 65 1131
13 66 1955
13 67 724
13 68 1179
13 69 2219
14 0 997
14 1 1909
14 2 1445
14 3 1711
14 4 1376
14 5 1207
14 6 1124
14 7 1691
14 8 877
14 9 2255
14 10 830
14 11 625
14 12 817
14 13 1318
14 14 0
14 15 877
14 16 1410
14 17 2641
14 18 829
14 19 1362
14 20 2593
14 21 781
14 22 1314
14 23 2545
14 24 733
14 25 1266
14 26 2497
14 27 685
14 28 1218
14 29 2449
14 30 637
14 31 1170
14 32 2401
14 33 589
14 34 1122
14 35 2353
14 36 541
14 37 1074
14 38 2305
14 39 493
14 40 1026
14 41 2257
14 42 445
14 43 978
14 44 2209
14 45 397
14 46 930
14 47 2161
14 48 349
14 49 882
14 50 2113
14 51 397
14 52 930
14 53 2161
14 54 445
14 55 978
14 56 2209
14 57 493
14 58 1026
14 59 2257
14 60 541
14 61 1074
14 62 2305
14 63 589
14 64 1122
14 65 2353
14 66 637
14 67 1170
14 68 2401
14 69 997
15 0 120
15 1 2210
15 2 2322
15 3 930
15 4 1677
15 5 2084
15 6 1517
15 7 2568
15 8 672
15 9 2748
15 10 433
15 11 804
15 12 420
15 13 2099
15 14 877
15 15 0
15 16 1231
15 17 2462
15 18 48
15 19 1279
15 20 2510
15 21 96
15 22 1327
15 23 2558
15 24 144
15 25 1375
15 26 2606
15 27 192
15 28 1423
15 29 2654
15 30 240
15 31 1471
15 32 2702
15 33 288
15 34 1519
15 35 2750
15 36 336
15 37 1567
15 38 2798
15 39 384
15 40 1615
15 41 2846
15 42 432
15 43 1663
15 44 2894
15 45 480
15 46 1711
15 47 2942
15 48 528
15 49 1759
15 50 2990
15 51 576
15 52 1807
15 53 3038
15 54 624
15 55 1855
15 56 3086
15 57 672
15 58 1903
15 59 3134
15 60 720
15 61 1951
15 62 3182
15 63 768
15 64 1999
15 65 3230
15 66 816
15 67 2047
15 68 3278
15 69 120
16 0 1351
16 1 979
16 2 1091
16 3 397
16 4 446
16 5 853
16 6 386
16 7 1337
16 8 1231
16 9 1517
16 10 1278
16 11 1675
16 12 1291
16 13 868
16 14 1410
16 15 1231
16 16 0
16 17 1231
16 18 1279
16 19 48
16 20 1279
16 21 1327
16 22 96
16 23 1327
16 24 1375
16 25 144
16 26 1375
16 27 1423
16 28 192
16 29 1423
16 30 1471
16 31 240
16 32 1471
16 33 1519
16 34 288
16 35 1519
16 36 1567
16 37 336
16 38 1567
16 39 1615
16 40 384
16 41 1615
16 42 1663
16 43 432
16 44 1663
16 45 1711
16 46 480
16 47 1711
16 48 1759
16 49 528
16 50 1759
16 51 1807
16 52 576
16 53 1807
16 54 1855
16 55 624
16 56 1855
16 57 1903
16 58 672
16 59 1903
16 60 1951
16 61 720
16 62 1951
16 63 1999
16 64 768
16 65 1999
16 66 2047
16 67 816
16 68 2047
16 69 1351
17 0 2582
17 1 732
17 2 1676
17 3 1628
17 4 1265
17 5 2010
17 6 1617
17 7 1142
17 8 2462
17 9 386
17 10 2509
17 11 2906
17 12 2522
17 13 1323
17 14 2641
17 15 2462
17 16 1231
17 17 0
17 18 2510
17 19 1279
17 20 48
17 21 2558
17 22 1327
17 23 96
17 24 2606
17 25 1375
17 26 144
17 27 2654
17 28 1423
17 29 192
17 30 2702
17 31 1471
17 32 240
17 33 2750
17 34 1519
17 35 288
17 36 2798
17 37 1567
17 38 336
17 39 2846
17 40 1615
17 41 384
17 42 2894
17 43 1663
17 44 432
17 45 2942
17 46 1711
17 47 480
17 48 2990
17 49 1759
17 50 528
17 51 3038
17 52 1807
17 53 576
17 54 3086
17 55 1855
17 56 624
17 57 3134
17 58 1903
17 59 672
17 60 3182
17 61 1951
17 62 720
17 63 3230
17 64 1999
17 65 768
17 66 3278
17 67 2047
17 68 816
17 69 2582
18 0 168
18 1 2162
18 2 2274
18 3 882
18 4 1629
18 5 2036
18 6 1469
18 7 2520
18 8 624
18 9 2700
18 10 385
18 11 756
18 12 372
18 13 2051
18 14 829
18 15 48
18 16 1279
18 17 2510
18 18 0
18 19 1231
18 20 2462
18 21 48
18 22 1279
18 23 2510
18 24 96
18 25 1327
18 26 2558
18 27 144
18 28 1375
18 29 2606
18 30 192
18 31 1423
18 32 2654
18 33 240
18 34 1471
18 35 2702
18 36 288
18 37 1519
18 38 2750
18 39 336
18 40 1567
18 41 2798
18 42 384
18 43 1615
18 44 2846
18 45 432
18 46 1663
18 47 2894
18 48 480
18 49 1711
18 50 2942
18 51 528
18 52 1759
18 53 2990
18 54 576
18 55 1807
18 56 3038
18 57 624
18 58 1855
18 59 3086
18 60 672
18 61 1903
18 62 3134
18 63 720
18 64 1951
18 65 3182
18 66 768
18 67 1999
18 68 3230
18 69 168
19 0 1399
19 1 931
19 2 1043
19 3 349
19 4 398
19 5 805
19 6 338
19 7 1289
19 8 1183
19 9 1469
19 10 1230
19 11 1627
19 12 1243
19 13 820
19 14 1362
19 15 1279
19 16 48
19 17 1279
19 18 1231
19 19 0
19 20 1231
19 21 1279
19 22 48
19 23 1279
19 24 1327
19 25 96
19 26 1327
19 27 1375
19 28 144
19 29 1375
19 30 1423
19 31 192
19 32 1423
19 33 1471
19 34 240
19 35 1471
19 36 1519
19 37 288
19 38 1519
19 39 1567
19 40 336
19 41 1567
19 42 1615
19 43 384
19 44 1615
19 45 1663
19 46 432
19 47 1663
19 48 1711
19 49 480
19 50 1711
19 51 1759
19 52 528
19 53 1759
19 54 1807
19 55 576
19 56 1807
19 57 1855
19 58 624
19 59 1855
19 60 1903
19 61 672
19 62 1903
19 63 1951
19 64 720
19 65 1951
19 66 1999
19 67 768
19 68 1999
19 69 1399
20 0 2630
20 1 684
20 2 1628
20 3 1580
20 4 1217
20 5 1962
20 6 1569
20 7 1094
20 8 2414
20 9 338
20 10 2461
20 11 2858
20 12 2474
20 13 1275
20 14 2593
20 15 2510
20 16 1279
20 17 48
20 18 2462
20 19 1231
20 20 0
20 21 2510
20 22 1279
20 23 48
20 24 2558
20 25 1327
20 26 96
20 27 2606
20 28 1375
20 29 144
20 30 2654
20 31 1423
20 32 192
20 33 2702
20 34 1471
20 35 240
20 36 2750
20 37 1519
20 38 288
20 39 2798
20 40 1567
20 41 336
20 42 2846
20 43 1615
20 44 384
20 45 2894
20 46 1663
20 47 432
20 48 2942
20 49 1711
20 50 480
20 51 2990
20 52 1759
20 53 528
20 54 3038
20 55 1807
20 56 576
20 57 3086
20 58 1855
20 59 624
20 60 3134
20 61 1903
20 62 672
20 63 3182
20 64 1951
20 65 720
20 66 3230
20 67 1999
20 68 768
20 69 2630
21 0 216
21 1 2114
21 2 2226
21 3 930
21 4 1581
21 5 1988
21 6 1421
21 7 2472
21 8 576
21 9 2652
21 10 337
21 11 708
21 12 324
21 13 2003
21 14 781
21 15 96
21 16 1327
21 17 2558
21 18 48
21 19 1279
21 20 2510
21 21 0
21 22 1231
21 23 2462
21 24 48
21 25 1279
21 26 2510
21 27 96
21 28 1327
21 29 2558
21 30 144
21 31 1375
21 32 2606
21 33 192
21 34 1423
21 35 2654
21 36 240
21 37 1471
21 38 2702
21 39 288
21 40 1519
21 41 2750
21 42 336
21 43 1567
21 44 2798
21 45 384
21 46 1615
21 47 2846
21 48 432
21 49 1663
21 50 2894
21 51 480
21 52 1711
21 53 2942
21 54 528
21 55 1759
21 56 2990
21 57 576
21 58 1807
21 59 3038
21 60 624
21 61 1855
21 62 3086
21 63 672
21 64 1903
21 65 3134
21 66 720
21 67 1951
21 68 3182
21 69 216
22 0 1447
22 1 883
22 2 995
22 3 397
22 4 350
22 5 757
22 6 290
22 7 1241
22 8 1135
22 9 1421
22 10 1182
22 11 1579
22 12 1195
22 13 772
22 14 1314
22 15 1327
22 16 96
22 17 1327
22 18 1279
22 19 48
22 20 1279
22 21 1231
22 22 0
22 23 1231
22 24 1279
22 25 48
22 26 1279
22 27 1327
22 28 96
22 29 1327
22 30 1375
22 31 144
22 32 1375
22 33 1423
22 34 192
22 35 1423
22 36 1471
22 37 240
22 38 1471
22 39 1519
22 40 288
22 41 1519
22 42 1567
22 43 336
22 44 1567
22 45 1615
22 46 384
22 47 1615
22 48 1663
22 49 432
22 50 1663
22 51 1711
22 52 480
22 53 1711
22 54 1759
22 55 528
22 56 1759
22 57 1807
22 58 576
22 59 1807
22 60 1855
22 61 624
22 62 1855
22 63 1903
22 64 672
22 65 1903
22 66 1951
22 67 720
22 68 1951
22 69 1447
23 0 2678
23 1 636
23 2 1580
23 3 1628
23 4 1169
23 5 1914
23 6 1521
23 7 1046
23 8 2366
23 9 290
23 10 2413
23 11 2810
23 12 2426
23 13 1227
23 14 2545
23 15 2558
23 16 1327
23 17 96
23 18 2510
23 19 1279
23 20 48
23 21 2462
23 22 1231
23 23 0
23 24 2510
23 25 1279
23 26 48
23 27 2558
23 28 1327
23 29 96
23 30 2606
23 31 1375
23 32 144
23 33 2654
23 34 1423
23 35 192
23 36 2702
23 37 1471
23 38 240
23 39 2750
23 40 1519
23 41 288
23 42 2798
23 43 1567
23 44 336
23 45 2846
23 46 1615
23 47 384
23 48 2894
23 49 1663
23 50 432
23 51 2942
23 52 1711
23 53 480
23 54 2990
23 55 1759
23 56 528
23 57 3038
23 58 1807
23 59 576
23 60 3086
23 61 1855
23 62 624
23 63 3134
23 64 1903
23 65 672
23 66 3182
23 67 1951
23 68 720
23 69 2678
24 0 264
24 1 2066
24 2 2178
24 3 978
24 4 1533
24 5 1940
24 6 1373
24 7 2424
24 8 528
24 9 2604
24 10 289
24 11 660
24 12 276
24 13 1955
24 14 733
24 15 144
24 16 1375
24 17 2606
24 18 96
24 19 1327
24 20 2558
24 21 48
24 22 1279
24 23 2510
24 24 0
24 25 1231
24 26 2462
24 27 48
24 28 1279
24 29 2510
24 30 96
24 31 1327
24 32 2558
24 33 144
24 34 1375
24 35 2606
24 36 192
24 37 1423
24 38 2654
24 39 240
24 40 1471
24 41 2702
24 42 288
24 43 1519
24 44 2750
24 45 336
24 46 1567
24 47 2798
24 48 384
24 49 1615
24 50 2846
24 51 432
24 52 1663
24 53 2894
24 54 480
24 55 1711
24 56 2942
24 57 528
24 58 1759
24 59 2990
24 60 576
24 61 1807
24 62 3038
24 63 624
24 64 1855
24 65 3086
24 66 672
24 67 1903
24 68 3134
24 69 264
25 0 1495
25 1 835
25 2 947
25 3 445
25 4 302
25 5 709
25 6 242
25 7 1193
25 8 1087
25 9 1373
25 10 1134
25 11 1531
25 12 1147
25 13 724
25 14 1266
25 15 1375
25 16 144
25 17 1375
25 18 1327
25 19 96
25 20 1327
25 21 1279
25 22 48
25 23 1279
25 24 1231
25 25 0
25 26 1231
25 27 1279
25 28 48
25 29 1279
25 30 1327
25 31 96
25 32 1327
25 33 1375
25 34 144
25 35 1375
25 36 1423
25 37 192
25 38 1423
25 39 1471
25 40 240
25 41 1471
25 42 1519
25 43 288
25 44 1519
25 45 1567
25 46 336
25 47 1567
25 48 1615
25 49 384
25 50 1615
25 51 1663
25 52 432
25 53 1663
25 54 1711
25 55 480
25 56 1711
25 57 1759
25 58 528
25 59 1759
25 60 1807
25 61 576
25 62 1807
25 63 1855
25 64 624
25 65 1855
25 66 1903
25 67 672
25 68 1903
25 69 1495
26 0 2726
26 1 588
26 2 1532
26 3 1676
26 4 1121
26 5 1866
26 6 1473
26 7 998
26 8 2318
26 9 242
26 10 2365
26 11 2762
26 12 2378
26 13 1179
26 14 2497
26 15 2606
26 16 1375
26 17 144
26 18 2558
26 19 1327
26 20 96
26 21 2510
26 22 1279
26 23 48
26 24 2462
26 25 1231
26 26 0
26 27 2510
26 28 1279
26 29 48
26 30 2558
26 31 1327
26 32 96
26 33 2606
26 34 1375
26 35 144
26 36 2654
26 37 1423
26 38 192
26 39 2702
26 40 1471
26 41 240
26 42 2750
26 43 1519
26 44 288
26 45 2798
26 46 1567
26 47 336
26 48 2846
26 49 1615
26 50 384
26 51 2894
26 52 1663
26 53 432
26 54 2942
26 55 1711
26 56 480
26 57 2990
26 58 1759
26 59 528
26 60 3038
26 61 1807
26 62 576
26 63 3086
26 64 1855
26 65 624
26 66 3134
26 67 1903
26 68 672
26 69 2726
27 0 312
27 1 2018
27 2 2130
27 3 1026
27 4 1485
27 5 1892
27 6 1325
27 7 2376
27 8 480
27 9 2556
27 10 241
27 11 612
27 12 228
27 13 1907
27 14 685
27 15 192
27 16 1423
27 17 2654
27 18 144
27 19 1375
27 20 2606
27 21 96
27 22 1327
27 23 2558
27 24 48
27 25 1279
27 26 2510
27 27 0
27 28 1231
27 29 2462
27 30 48
27 31 1279
27 32 2510
27 33 96
27 34 1327
27 35 2558
27 36 144
27 37 1375
27 38 2606
27 39 192
27 40 1423
27 41 2654
27 42 240
27 43 1471
27 44 2702
27 45 288
27 46 1519
27 47 2750
27 48 336
27 49 1567
27 50 2798
27 51 384
27 52 1615
27 53 2846
27 54 432
27 55 1663
27 56 2894
27 57 480
27 58 1711
27 59 2942
27 60 528
27 61 1759
27 62 2990
27 63 576
27 64 1807
27 65 3038
27 66 624
27 67 1855
27 68 3086
27 69 312
28 0 1543
28 1 787
28 2 899
28 3 493
28 4 254
28 5 661
28 6 194
28 7 1145
28 8 1039
28 9 1325
28 10 1086
28 11 1483
28 12 1099
28 13 676
28 14 1218
28 15 1423
28 16 192
28 17 1423
28 18 1375
28 19 144
28 20 1375
28 21 1327
28 22 96
28 23 1327
28 24 1279
28 25 48
28 26 1279
28 27 1231
28 28 0
28 29 1231
28 30 1279
28 31 48
28 32 1279
28 33 1327
28 34 96
28 35 1327
28 36 1375
28 37 144
28 38 1375
28 39 1423
28 40 192
28 41 1423
28 42 1471
28 43 240
28 44 1471
28 45 1519
28 46 288
28 47 1519
28 48 1567
28 49 336
28 50 1567
28 51 1615
28 52 384
28 53 1615
28 54 1663
28 55 432
28 56 1663
28 57 1711
28 58 480
28 59 1711
28 60 1759
28 61 528
28 62 1759
28 63 1807
28 64 576
28 65 1807
28 66 1855
28 67 624
28 68 1855
28 69 1543
29 0 2774
29 1 540
29 2 1484
29 3 1724
29 4 1073
29 5 1818
29 6 1425
29 7 950
29 8 2270
29 9 194
29 10 2317
29 11 2714
29 12 2330
29 13 1131
29 14 2449
29 15 2654
29 16 1423
29 17 192
29 18 2606
29 19 1375
29 20 144
29 21 2558
29 22 1327
29 23 96
29 24 2510
29 25 1279
29 26 48
29 27 2462
29 28 1231
29 29 0
29 30 2510
29 31 1279
29 32 48
29 33 2558
29 34 1327
29 35 96
29 36 2606
29 37 1375
29 38 144
29 39 2654
29 40 1423
29 41 192
29 42 2702
29 43 1471
29 44 240
29 45 2750
29 46 1519
29 47 288
29 48 2798
29 49 1567
29 50 336
29 51 2846
29 52 1615
29 53 384
29 54 2894
29 55 1663
29 56 432
29 57 2942
29 58 1711
29 59 480
29 60 2990
29 61 1759
29 62 528
29 63 3038
29 64 1807
29 65 576
29 66 3086
29 67 1855
29 68 624
29 69 2774
30 0 360
30 1 1970
30 2 2082
30 3 1074
30 4 1437
30 5 1844
30 6 1277
30 7 2328
30 8 432
30 9 2508
30 10 193
30 11 564
30 12 180
30 13 1859
30 14 637
30 15 240
30 16 1471
30 17 2702
30 18 192
30 19 1423
30 20 2654
30 21 144
30 22 1375
30 23 2606
30 24 96
30 25 1327
30 26 2558
30 27 48
30 28 1279
30 29 2510
30 30 0
30 31 1231
30 32 2462
30 33 48
30 34 1279
30 35 2510
30 36 96
30 37 1327
30 38 2558
30 39 144
30 40 1375
30 41 2606
30 42 192
30 43 1423
30 44 2654
30 45 240
30 46 1471
30 47 2702
30 48 288
30 49 1519
30 50 2750
30 51 336
30 52 1567
30 53 2798
30 54 384
30 55 1615
30 56 2846
30 57 432
30 58 1663
30 59 2894
30 60 480
30 61 1711
30 62 2942
30 63 528
30 64 1759
30 65 2990
30 66 576
30 67 1807
30 68 3038
30 69 360
31 0 1591
31 1 739
31 2 851
31 3 541
31 4 206
31 5 613
31 6 146
31 7 1097
31 8 991
31 9 1277
31 10 1038
31 11 1435
31 12 1051
31 13 628
31 14 1170
31 15 1471
31 16 240
31 17 1471
31 18 1423
31 19 192
31 20 1423
31 21 1375
31 22 144
31 23 1375
31 24 1327
31 25 96
31 26 1327
31 27 1279
31 28 48
31 29 1279
31 30 1231
31 31 0
31 32 1231
31 33 1279
31 34 48
31 35 1279
31 36 1327
31 37 96
31 38 1327
31 39 1375
31 40 144
31 41 1375
31 42 1423
31 43 192
31 44 1423
31 45 1471
31 46 240
31 47 1471
31 48 1519
31 49 288
31 50 1519
31 51 1567
31 52 336
31 53 1567
31 54 1615
31 55 384
31 56 1615
31 57 1663
31 58 432
31 59 1663
31 60 1711
31 61 480
31 62 1711
31 63 1759
31 64 528
31 65 1759
31 66 1807
31 67 576
31 68 1807
31 69 1591
32 0 2822
32 1 492
32 2 1436
32 3 1772
32 4 1025
32 5 1770
32 6 1377
32 7 902
32 8 2222
32 9 146
32 10 2269
32 11 2666
32 12 2282
32 13 1083
32 14 2401
32 15 2702
32 16 1471
32 17 240
32 18 2654
32 19 1423
32 20 192
32 21 2606
32 22 1375
32 23 144
32 24 2558
32 25 1327
32 26 96
32 27 2510
32 28 1279
32 29 48
32 30 2462
32 31 1231
32 32 0
32 33 2510
32 34 1279
32 35 48
32 36 2558
32 37 1327
32 38 96
32 39 2606
32 40 1375
32 41 144
32 42 2654
32 43 1423
32 44 192
32 45 2702
32 46 1471
32 47 240
32 48 2750
32 49 1519
32 50 288
32 51 2798
32 52 1567
32 53 336
32 54 2846
32 55 1615
32 56 384
32 57 2894
32 58 1663
32 59 432
32 60 2942
32 61 1711
32 62 480
32 63 2990
32 64 1759
32 65 528
32 66 3038
32 67 1807
32 68 576
32 69 2822
33 0 408
33 1 2018
33 2 2034
33 3 1122
33 4 1485
33 5 1796
33 6 1229
33 7 2280
33 8 384
33 9 2460
33 10 241
33 11 516
33 12 228
33 13 1811
33 14 589
33 15 288
33 16 1519
33 17 2750
33 18 240
33 19 1471
33 20 2702
33 21 192
33 22 1423
33 23 2654
33 24 144
33 25 1375
33 26 2606
33 27 96
33 28 1327
33 29 2558
33 30 48
33 31 1279
33 32 2510
33 33 0
33 34 1231
33 35 2462
33 36 48
33 37 1279
33 38 2510
33 39 96
33 40 1327
33 41 2558
33 42 144
33 43 1375
33 44 2606
33 45 192
33 46 1423
33 47 2654
33 48 240
33 49 1471
33 50 2702
33 51 288
33 52 1519
33 53 2750
33 54 336
33 55 1567
33 56 2798
33 57 384
33 58 1615
33 59 2846
33 60 432
33 61 1663
33 62 2894
33 63 480
33 64 1711
33 65 2942
33 66 528
33 67 1759
33 68 2990
33 69 408
34 0 1639
34 1 787
34 2 803
34 3 589
34 4 254
34 5 565
34 6 98
34 7 1049
34 8 943
34 9 1229
34 10 1086
34 11 1387
34 12 1099
34 13 580
34 14 1122
34 15 1519
34 16 288
34 17 1519
34 18 1471
34 19 240
34 20 1471
34 21 1423
34 22 192
34 23 1423
34 24 1375
34 25 144
34 26 1375
34 27 1327
34 28 96
34 29 1327
34 30 1279
34 31 48
34 32 1279
34 33 1231
34 34 0
34 35 1231
34 36 1279
34 37 48
34 38 1279
34 39 1327
34 40 96
34 41 1327
34 42 1375
34 43 144
34 44 1375
34 45 1423
34 46 192
34 47 1423
34 48 1471
34 49 240
34 50 1471
34 51 1519
34 52 288
34 53 1519
34 54 1567
34 55 336
34 56 1567
34 57 1615
34 58 384
34 59 1615
34 60 1663
34 61 432
34 62 1663
34 63 1711
34 64 480
34 65 1711
34 66 1759
34 67 528
34 68 1759
34 69 1639
35 0 2870
35 1 540
35 2 1388
35 3 1820
35 4 1073
35 5 1722
35 6 1329
35 7 854
35 8 2174
35 9 98
35 10 2317
35 11 2618
35 12 2330
35 13 1035
35 14 2353
35 15 2750
35 16 1519
35 17 288
35 18 2702
35 19 1471
35 20 240
35 21 2654
35 22 1423
35 23 192
35 24 2606
35 25 1375
35 26 144
35 27 2558
35 28 1327
35 29 96
35 30 2510
35 31 1279
35 32 48
35 33 2462
35 34 1231
35 35 0
35 36 2510
35 37 1279
35 38 48
35 39 2558
35 40 1327
35 41 96
35 42 2606
35 43 1375
35 44 144
35 45 2654
35 46 1423
35 47 192
35 48 2702
35 49 1471
35 50 240
35 51 2750
35 52 1519
35 53 288
35 54 2798
35 55 1567
35 56 336
35 57 2846
35 58 1615
35 59 384
35 60 2894
35 61 1663
35 62 432
35 63 2942
35 64 1711
35 65 480
35 66 2990
35 67 1759
35 68 528
35 69 2870
36 0 456
36 1 2066
36 2 1986
36 3 1170
36 4 1533
36 5 1748
36 6 1181
36 7 2232
36 8 336
36 9 2412
36 10 289
36 11 468
36 12 276
36 13 1763
36 14 541
36 15 336
36 16 1567
36 17 2798
36 18 288
36 19 1519
36 20 2750
36 21 240
36 22 1471
36 23 2702
36 24 192
36 25 1423
36 26 2654
36 27 144
36 28 1375
36 29 2606
36 30 96
36 31 1327
36 32 2558
36 33 48
36 34 1279
36 35 2510
36 36 0
36 37 1231
36 38 2462
36 39 48
36 40 1279
36 41 2510
36 42 96
36 43 1327
36 44 2558
36 45 144
36 46 1375
36 47 2606
36 48 192
36 49 1423
36 50 2654
36 51 240
36 52 1471
36 53 2702
36 54 288
36 55 1519
36 56 2750
36 57 336
36 58 1567
36 59 2798
36 60 384
36 61 1615
36 62 2846
36 63 432
36 64 1663
36 65 2894
36 66 480
36 67 1711
36 68 2942
36 69 456
37 0 1687
37 1 835
37 2 755
37 3 637
37 4 302
37 5 517
37 6 50
37 7 1001
37 8 895
37 9 1181
37 10 1134
37 11 1339
37 12 1147
37 13 532
37 14 1074
37 15 1567
37 16 336
37 17 1567
37 18 1519
37 19 288
37 20 1519
37 21 1471
37 22 240
37 23 1471
37 24 1423
37 25 192
37 26 1423
37 27 1375
37 28 144
37 29 1375
37 30 1327
37 31 96
37 32 1327
37 33 1279
37 34 48
37 35 1279
37 36 1231
37 37 0
37 38 1231
37 39 1279
37 40 48
37 41 1279
37 42 1327
37 43 96
37 44 1327
37 45 1375
37 46 144
37 47 1375
37 48 1423
37 49 192
37 50 1423
37 51 1471
37 52 240
37 53 1471
37 54 1519
37 55 288
37 56 1519
37 57 1567
37 58 336
37 59 1567
37 60 1615
37 61 384
37 62 1615
37 63 1663
37 64 432
37 65 1663
37 66 1711
37 67 480
37 68 1711
37 69 1687
38 0 2918
38 1 588
38 2 1340
38 3 1868
38 4 1121
38 5 1674
38 6 1281
38 7 806
38 8 2126
38 9 50
38 10 2365
38 11 2570
38 12 2378
38 13 987
38 14 2305
38 15 2798
38 16 1567
38 17 336
38 18 2750
38 19 1519
38 20 288
38 21 2702
38 22 1471
38 23 240
38 24 2654
38 25 1423
38 26 192
38 27 2606
38 28 1375
38 29 144
38 30 2558
38 31 1327
38 32 96
38 33 2510
38 34 1279
38 35 48
38 36 2462
38 37 1231
38 38 0
38 39 2510
38 40 1279
38 41 48
38 42 2558
38 43 1327
38 44 96
38 45 2606
38 46 1375
38 47 144
38 48 2654
38 49 1423
38 50 192
38 51 2702
38 52 1471
38 53 240
38 54 2750
38 55 1519
38 56 288
38 57 2798
38 58 1567
38 59 336
38 60 2846
38 61 1615
38 62 384
38 63 2894
38 64 1663
38 65 432
38 66 2942
38 67 1711
38 68 480
38 69 2918
39 0 504
39 1 2114
39 2 1938
39 3 1218
39 4 1581
39 5 1700
39 6 1229
39 7 2184
39 8 384
39 9 2460
39 10 337
39 11 420
39 12 324
39 13 1715
39 14 493
39 15 384
39 16 1615
39 17 2846
39 18 336
39 19 1567
39 20 2798
39 21 288
39 22 1519
39 23 2750
39 24 240
39 25 1471
39 26 2702
39 27 192
39 28 1423
39 29 2654
39 30 144
39 31 1375
39 32 2606
39 33 96
39 34 1327
39 35 2558
39 36 48
39 37 1279
39 38 2510
39 39 0
39 40 1231
39 41 2462
39 42 48
39 43 1279
39 44 2510
39 45 96
39 46 1327
39 47 2558
39 48 144
39 49 1375
39 50 2606
39 51 192
39 52 1423
39 53 2654
39 54 240
39 55 1471
39 56 2702
39 57 288
39 58 1519
39 59 2750
39 60 336
39 61 1567
39 62 2798
39 63 384
39 64 1615
39 65 2846
39 66 432
39 67 1663
39 68 2894
39 69 504
40 0 1735
40 1 883
40 2 707
40 3 685
40 4 350
40 5 469
40 6 98
40 7 953
40 8 943
40 9 1229
40 10 1182
40 11 1291
40 12 1195
40 13 484
40 14 1026
40 15 1615
40 16 384
40 17 1615
40 18 1567
40 19 336
40 20 1567
40 21 1519
40 22 288
40 23 1519
40 24 1471
40 25 240
40 26 1471
40 27 1423
40 28 192
40 29 1423
40 30 1375
40 31 144
40 32 1375
40 33 1327
40 34 96
40 35 1327
40 36 1279
40 37 48
40 38 1279
40 39 1231
40 40 0
40 41 1231
40 42 1279
40 43 48
40 44 1279
40 45 1327
40 46 96
40 47 1327
40 48 1375
40 49 144
40 50 1375
40 51 1423
40 52 192
40 53 1423
40 54 1471
40 55 240
40 56 1471
40 57 1519
40 58 288
40 59 1519
40 60 1567
40 61 336
40 62 1567
40 63 1615
40 64 384
40 65 1615
40 66 1663
40 67 432
40 68 1663
40 69 1735
41 0 2966
41 1 636
41 2 1292
41 3 1916
41 4 1169
41 5 1626
41 6 1329
41 7 758
41 8 2174
41 9 98
41 10 2413
41 11 2522
41 12 2426
41 13 939
41 14 2257
41 15 2846
41 16 1615
41 17 384
41 18 2798
41 19 1567
41 20 336
41 21 2750
41 22 1519
41 23 288
41 24 2702
41 25 1471
41 26 240
41 27 2654
41 28 1423
41 29 192
41 30 2606
41 31 1375
41 32 144
41 33 2558
41 34 1327
41 35 96
41 36 2510
41 37 1279
41 38 48
41 39 2462
41 40 1231
41 41 0
41 42 2510
41 43 1279
41 44 48
41 45 2558
41 46 1327
41 47 96
41 48 2606
41 49 1375
41 50 144
41 51 2654
41 52 1423
41 53 192
41 54 2702
41 55 1471
41 56 240
41 57 2750
41 58 1519
41 59 288
41 60 2798
41 61 1567
41 62 336
41 63 2846
41 64 1615
41 65 384
41 66 2894
41 67 1663
41 68 432
41 69 2966
42 0 552
42 1 2162
42 2 1890
42 3 1266
42 4 1629
42 5 1652
42 6 1277
42 7 2136
42 8 432
42 9 2508
42 10 385
42 11 372
42 12 372
42 13 1667
42 14 445
42 15 432
42 16 1663
42 17 2894
42 18 384
42 19 1615
42 20 2846
42 21 336
42 22 1567
42 23 2798
42 24 288
42 25 1519
42 26 2750
42 27 240
42 28 1471
42 29 2702
42 30 192
42 31 1423
42 32 2654
42 33 144
42 34 1375
42 35 2606
42 36 96
42 37 1327
42 38 2558
42 39 48
42 40 1279
42 41 2510
42 42 0
42 43 1231
42 44 2462
42 45 48
42 46 1279
42 47 2510
42 48 96
42 49 1327
42 50 2558
42 51 144
42 52 1375
42 53 2606
42 54 192
42 55 1423
42 56 2654
42 57 240
42 58 1471
42 59 2702
42 60 288
42 61 1519
42 62 2750
42 63 336
42 64 1567
42 65 2798
42 66 384
42 67 1615
42 68 2846
42 69 552
43 0 1783
43 1 931
43 2 659
43 3 733
43 4 398
43 5 421
43 6 146
43 7 905
43 8 991
43 9 1277
43 10 1230
43 11 1243
43 12 1243
43 13 436
43 14 978
43 15 1663
43 16 432
43 17 1663
43 18 1615
43 19 384
43 20 1615
43 21 1567
43 22 336
43 23 1567
43 24 1519
43 25 288
43 26 1519
43 27 1471
43 28 240
43 29 1471
43 30 1423
43 31 192
43 32 1423
43 33 1375
43 34 144
43 35 1375
43 36 1327
43 37 96
43 38 1327
43 39 1279
43 40 48
43 41 1279
43 42 1231
43 43 0
43 44 1231
43 45 1279
43 46 48
43 47 1279
43 48 1327
43 49 96
43 50 1327
43 51 1375
43 52 144
43 53 1375
43 54 1423
43 55 192
43 56 1423
43 57 1471
43 58 240
43 59 1471
43 60 1519
43 61 288
43 62 1519
43 63 1567
43 64 336
43 65 1567
43 66 1615
43 67 384
43 68 1615
43 69 1783
44 0 3014
44 1 684
44 2 1244
44 3 1964
44 4 1217
44 5 1578
44 6 1377
44 7 710
44 8 2222
44 9 146
44 10 2461
44 11 2474
44 12 2474
44 13 891
44 14 2209
44 15 2894
44 16 1663
44 17 432
44 18 2846
44 19 1615
44 20 384
44 21 2798
44 22 1567
44 23 336
44 24 2750
44 25 1519
44 26 288
44 27 2702
44 28 1471
44 29 240
44 30 2654
44 31 1423
44 32 192
44 33 2606
44 34 1375
44 35 144
44 36 2558
44 37 1327
44 38 96
44 39 2510
44 40 1279
44 41 48
44 42 2462
44 43 1231
44 44 0
44 45 2510
44 46 1279
44 47 48
44 48 2558
44 49 1327
44 50 96
44 51 2606
44 52 1375
44 53 144
44 54 2654
44 55 1423
44 56 192
44 57 2702
44 58 1471
44 59 240
44 60 2750
44 61 1519
44 62 288
44 63 2798
44 64 1567
44 65 336
44 66 2846
44 67 1615
44 68 384
44 69 3014
45 0 600
45 1 2210
45 2 1842
45 3 1314
45 4 1677
45 5 1604
45 6 1325
45 7 2088
45 8 480
45 9 2556
45 10 433
45 11 324
45 12 420
45 13 1619
45 14 397
45 15 480
45 16 1711
45 17 2942
45 18 432
45 19 1663
45 20 2894
45 21 384
45 22 1615
45 23 2846
45 24 336
45 25 1567
45 26 2798
45 27 288
45 28 1519
45 29 2750
45 30 240
45 31 1471
45 32 2702
45 33 192
45 34 1423
45 35 2654
45 36 144
45 37 1375
45 38 2606
45 39 96
45 40 1327
45 41 2558
45 42 48
45 43 1279
45 44 2510
45 45 0
45 46 1231
45 47 2462
45 48 48
45 49 1279
45 50 2510
45 51 96
45 52 1327
45 53 2558
45 54 144
45 55 1375
45 56 2606
45 57 192
45 58 1423
45 59 2654
45 60 240
45 61 1471
45 62 2702
45 63 288
45 64 1519
45 65 2750
45 66 336
45 67 1567
45 68 2798
45 69 600
46 0 1831
46 1 979
46 2 611
46 3 781
46 4 446
46 5 373
46 6 194
46 7 857
46 8 1039
46 9 1325
46 10 1278
46 11 1195
46 12 1291
46 13 388
46 14 930
46 15 1711
46 16 480
46 17 1711
46 18 1663
46 19 432
46 20 1663
46 21 1615
46 22 384
46 23 1615
46 24 1567
46 25 336
46 26 1567
46 27 1519
46 28 288
46 29 1519
46 30 1471
46 31 240
46 32 1471
46 33 1423
46 34 192
46 35 1423
46 36 1375
46 37 144
46 38 1375
46 39 1327
46 40 96
46 41 1327
46 42 1279
46 43 48
46 44 1279
46 45 1231
46 46 0
46 47 1231
46 48 1279
46 49 48
46 50 1279
46 51 1327
46 52 96
46 53 1327
46 54 1375
46 55 144
46 56 1375
46 57 1423
46 58 192
46 59 1423
46 60 1471
46 61 240
46 62 1471
46 63 1519
46 64 288
46 65 1519
46 66 1567
46 67 336
46 68 1567
46 69 1831
47 0 3062
47 1 732
47 2 1196
47 3 2012
47 4 1265
47 5 1530
47 6 1425
47 7 662
47 8 2270
47 9 194
47 10 2509
47 11 2426
47 12 2522
47 13 843
47 14 2161
47 15 2942
47 16 1711
47 17 480
47 18 2894
47 19 1663
47 20 432
47 21 2846
47 22 1615
47 23 384
47 24 2798
47 25 1567
47 26 336
47 27 2750
47 28 1519
47 29 288
47 30 2702
47 31 1471
47 32 240
47 33 2654
47 34 1423
47 35 192
47 36 2606
47 37 1375
47 38 144
47 39 2558
47 40 1327
47 41 96
47 42 2510
47 43 1279
47 44 48
47 45 2462
47 46 1231
47 47 0
47 48 2510
47 49 1279
47 50 48
47 51 2558
47 52 1327
47 53 96
47 54 2606
47 55 1375
47 56 144
47 57 2654
47 58 1423
47 59 192
47 60 2702
47 61 1471
47 62 240
47 63 2750
47 64 1519
47 65 288
47 66 2798
47 67 1567
47 68 336
47 69 3062
48 0 648
48 1 2258
48 2 1794
48 3 1362
48 4 1725
48 5 1556
48 6 1373
48 7 2040
48 8 528
48 9 2604
48 10 481
48 11 276
48 12 468
48 13 1667
48 14 349
48 15 528
48 16 1759
48 17 2990
48 18 480
48 19 1711
48 20 2942
48 21 432
48 22 1663
48 23 2894
48 24 384
48 25 1615
48 26 2846
48 27 336
48 28 1567
48 29 2798
48 30 288
48 31 1519
48 32 2750
48 33 240
48 34 1471
48 35 2702
48 36 192
48 37 1423
48 38 2654
48 39 144
48 40 1375
48 41 2606
48 42 96
48 43 1327
48 44 2558
48 45 48
48 46 1279
48 47 2510
48 48 0
48 49 1231
48 50 2462
48 51 48
48 52 1279
48 53 2510
48 54 96
48 55 1327
48 56 2558
48 57 144
48 58 1375
48 59 2606
48 60 192
48 61 1423
48 62 2654
48 63 240
48 64 1471
48 65 2702
48 66 288
48 67 1519
48 68 2750
48 69 648
49 0 1879
49 1 1027
49 2 563
49 3 829
49 4 494
49 5 325
49 6 242
49 7 809
49 8 1087
49 9 1373
49 10 1326
49 11 1147
49 12 1339
49 13 436
49 14 882
49 15 1759
49 16 528
49 17 1759
49 18 1711
49 19 480
49 20 1711
49 21 1663
49 22 432
49 23 1663
49 24 1615
49 25 384
49 26 1615
49 27 1567
49 28 336
49 29 1567
49 30 1519
49 31 288
49 32 1519
49 33 1471
49 34 240
49 35 1471
49 36 1423
49 37 192
49 38 1423
49 39 1375
49 40 144
49 41 1375
49 42 1327
49 43 96
49 44 1327
49 45 1279
49 46 48
49 47 1279
49 48 1231
49 49 0
49 50 1231
49 51 1279
49 52 48
49 53 1279
49 54 1327
49 55 96
49 56 1327
49 57 1375
49 58 144
49 59 1375
49 60 1423
49 61 192
49 62 1423
49 63 1471
49 64 240
49 65 1471
49 66 1519
49 67 288
49 68 1519
49 69 1879
50 0 3110
50 1 780
50 2 1148
50 3 2060
50 4 1313
50 5 1482
50 6 1473
50 7 614
50 8 2318
50 9 242
50 10 2557
50 11 2378
50 12 2570
50 13 891
50 14 2113
50 15 2990
50 16 1759
50 17 528
50 18 2942
50 19 1711
50 20 480
50 21 2894
50 22 1663
50 23 432
50 24 2846
50 25 1615
50 26 384
50 27 2798
50 28 1567
50 29 336
50 30 2750
50 31 1519
50 32 288
50 33 2702
50 34 1471
50 35 240
50 36 2654
50 37 1423
50 38 192
50 39 2606
50 40 1375
50 41 144
50 42 2558
50 43 1327
50 44 96
50 45 2510
50 46 1279
50 47 48
50 48 2462
50 49 1231
50 50 0
50 51 2510
50 52 1279
50 53 48
50 54 2558
50 55 1327
50 56 96
50 57 2606
50 58 1375
50 59 144
50 60 2654
50 61 1423
50 62 192
50 63 2702
50 64 1471
50 65 240
50 66 2750
50 67 1519
50 68 288
50 69 3110
51 0 696
51 1 2306
51 2 1746
51 3 1410
51 4 1773
51 5 1508
51 6 1421
51 7 1992
51 8 576
51 9 2652
51 10 529
51 11 228
51 12 516
51 13 1715
51 14 397
51 15 576
51 16 1807
51 17 3038
51 18 528
51 19 1759
51 20 2990
51 21 480
51 22 1711
51 23 2942
51 24 432
51 25 1663
51 26 2894
51 27 384
51 28 1615
51 29 2846
51 30 336
51 31 1567
51 32 2798
51 33 288
51 34 1519
51 35 2750
51 36 240
51 37 1471
51 38 2702
51 39 192
51 40 1423
51 41 2654
51 42 144
51 43 1375
51 44 2606
51 45 96
51 46 1327
51 47 2558
51 48 48
51 49 1279
51 50 2510
51 51 0
51 52 1231
51 53 2462
51 54 48
51 55 1279
51 56 2510
51 57 96
51 58 1327
51 59 2558
51 60 144
51 61 1375
51 62 2606
51 63 192
51 64 1423
51 65 2654
51 66 240
51 67 1471
51 68 2702
51 69 696
52 0 1927
52 1 1075
52 2 515
52 3 877
52 4 542
52 5 277
52 6 290
52 7 761
52 8 1135
