//alpha
1
//NbLocations
58
//NbProducts
41
//NbPickers
2
//CapaPicker
12
//TimeToTravelOneDistanceUnit
3
//SetupTime
5400
//PickTime
300
//Products
//Idx Location Size
1 1 1
2 2 1
3 3 1
4 4 1
5 5 1
6 6 1
7 7 1
8 8 1
9 9 1
10 10 1
11 11 1
12 12 1
13 13 1
14 14 1
15 15 1
16 16 1
17 17 1
18 18 1
19 19 1
20 20 1
21 21 1
22 22 1
23 23 1
24 24 1
25 25 1
26 26 1
27 27 1
28 28 1
29 29 1
30 30 1
31 31 1
32 32 1
33 33 1
34 34 1
35 35 1
36 36 1
37 37 1
38 38 1
39 14 1
40 39 1
41 21 1
//Orders
//NbOrders
18
//Idx DueDate TardinessPenalty NbProdInOrder ProdIdx1 Qty1 ProdIdx2 Qty2 ...
1 126000 0 1 1 1
2 54000 0 2 2 1 3 1
3 108000 0 2 4 1 5 1
4 90000 0 6 6 1 7 1 8 1 9 1 10 1 11 1
5 72000 0 4 12 1 13 1 14 1 15 1
6 108000 0 2 16 1 17 1
7 72000 0 3 18 1 19 1 20 1
8 90000 0 1 21 1
9 126000 0 1 22 1
10 90000 0 1 23 1
11 72000 0 1 24 1
12 108000 0 3 25 1 26 1 27 1
13 108000 0 1 28 1
14 72000 0 2 29 1 30 1
15 126000 0 5 31 1 32 1 33 1 34 1 35 1
16 72000 0 2 36 1 37 1
17 108000 0 3 38 1 39 1 40 1
18 126000 0 1 41 1
//Graph (Products are vertices indexed from 1 to NbProducts)
//NbVerticesIntersections
18
//DepartingDepot
0
//ArrivalDepot
58
//Arcs
//Start End Distance
0 40 120
1 3 26
1 36 39
2 18 26
2 36 26
3 1 26
3 52 180
4 16 26
4 42 193
5 27 65
5 57 206
6 15 104
6 33 39
7 17 39
7 56 89
8 11 78
8 47 206
9 16 78
9 41 154
10 26 169
10 47 102
11 8 78
11 19 104
12 23 143
12 54 141
13 20 39
13 32 0
14 20 91
14 22 143
15 6 104
15 24 78
16 4 26
16 9 78
17 7 39
17 21 52
18 2 26
18 53 154
19 11 104
19 48 63
20 13 39
20 14 91
21 17 52
21 27 0
22 14 143
22 41 115
23 12 143
23 29 52
24 15 78
24 44 89
25 37 260
25 39 13
26 10 169
26 46 180
27 5 65
27 21 0
28 34 65
28 49 128
29 23 52
29 53 115
30 50 323
30 51 128
31 35 195
31 56 50
32 13 0
32 40 63
33 6 39
33 45 141
34 28 65
34 50 258
35 31 195
35 38 104
36 1 39
36 2 26
37 25 260
37 44 89
38 35 104
38 55 102
39 25 13
39 43 89
40 32 63
40 43 48
40 58 120
41 9 154
41 22 115
41 44 48
42 4 193
42 45 48
43 39 89
43 40 48
43 46 48
44 24 89
44 37 89
44 41 48
44 47 48
45 33 141
45 42 48
45 48 48
46 26 180
46 43 48
46 49 48
47 8 206
47 10 102
47 44 48
47 50 48
48 19 63
48 45 48
48 51 48
49 28 128
49 46 48
49 52 48
50 30 323
50 34 258
50 47 48
50 53 48
51 30 128
51 48 48
51 54 48
52 3 180
52 49 48
52 55 48
53 18 154
53 29 115
53 50 48
53 56 48
54 12 141
54 51 48
54 57 48
55 38 102
55 52 48
56 7 89
56 31 50
56 53 48
57 5 206
57 54 48
//LocStart LocEnd ShortestPath
0 0 0
0 1 518
0 2 583
0 3 492
0 4 829
0 5 1056
0 6 890
0 7 900
0 8 873
0 9 725
0 10 565
0 11 951
0 12 1073
0 13 183
0 14 313
0 15 786
0 16 803
0 17 939
0 18 609
0 19 1055
0 20 222
0 21 991
0 22 456
0 23 930
0 24 708
0 25 270
0 26 396
0 27 991
0 28 392
0 29 878
0 30 1038
0 31 761
0 32 183
0 33 929
0 34 457
0 35 566
0 36 557
0 37 530
0 38 462
0 39 257
0 40 120
0 41 571
0 42 1022
0 43 168
0 44 619
0 45 1070
0 46 216
0 47 667
0 48 1118
0 49 264
0 50 715
0 51 1166
0 52 312
0 53 763
0 54 1214
0 55 360
0 56 811
0 57 1262
0 58 0
1 0 518
1 1 0
1 2 65
1 3 26
1 4 695
1 5 538
1 6 660
1 7 382
1 8 547
1 9 591
1 10 443
1 11 625
1 12 555
1 13 461
1 14 591
1 15 556
1 16 669
1 17 421
1 18 91
1 19 729
1 20 500
1 21 473
1 22 552
1 23 412
1 24 478
1 25 452
1 26 482
1 27 473
1 28 382
1 29 360
1 30 616
1 31 343
1 32 461
1 33 699
1 34 447
1 35 460
1 36 39
1 37 478
1 38 356
1 39 439
1 40 398
1 41 437
1 42 888
1 43 350
1 44 389
1 45 840
1 46 302
1 47 341
1 48 792
1 49 254
1 50 293
1 51 744
1 52 206
1 53 245
1 54 696
1 55 254
1 56 293
1 57 744
1 58 518
2 0 583
2 1 65
2 2 0
2 3 91
2 4 630
2 5 473
2 6 595
2 7 317
2 8 482
2 9 526
2 10 378
2 11 560
2 12 490
2 13 526
2 14 630
2 15 491
2 16 604
2 17 356
2 18 26
2 19 664
2 20 565
2 21 408
2 22 487
2 23 347
2 24 413
2 25 517
2 26 547
2 27 408
2 28 447
2 29 295
2 30 551
2 31 278
2 32 526
2 33 634
2 34 486
2 35 473
2 36 26
2 37 413
2 38 421
2 39 504
2 40 463
2 41 372
2 42 823
2 43 415
2 44 324
2 45 775
2 46 367
2 47 276
2 48 727
2 49 319
2 50 228
2 51 679
2 52 271
2 53 180
2 54 631
2 55 319
2 56 228
2 57 679
2 58 583
3 0 492
3 1 26
3 2 91
3 3 0
3 4 721
3 5 564
3 6 686
3 7 408
3 8 573
3 9 617
3 10 469
3 11 651
3 12 581
3 13 435
3 14 565
3 15 582
3 16 695
3 17 447
3 18 117
3 19 755
3 20 474
3 21 499
3 22 578
3 23 438
3 24 504
3 25 426
3 26 456
3 27 499
3 28 356
3 29 386
3 30 642
3 31 369
3 32 435
3 33 725
3 34 421
3 35 434
3 36 65
3 37 504
3 38 330
3 39 413
3 40 372
3 41 463
3 42 914
3 43 324
3 44 415
3 45 866
3 46 276
3 47 367
3 48 818
3 49 228
3 50 319
3 51 770
3 52 180
3 53 271
3 54 722
3 55 228
3 56 319
3 57 770
3 58 492
4 0 829
4 1 695
4 2 630
4 3 721
4 4 0
4 5 639
4 6 421
4 7 587
4 8 534
4 9 104
4 10 456
4 11 456
4 12 526
4 13 646
4 14 516
4 15 473
4 16 26
4 17 626
4 18 604
4 19 352
4 20 607
4 21 678
4 22 373
4 23 617
4 24 395
4 25 655
4 26 625
4 27 678
4 28 725
4 29 565
4 30 465
4 31 548
4 32 646
4 33 382
4 34 660
4 35 743
4 36 656
4 37 395
4 38 847
4 39 668
4 40 709
4 41 258
4 42 193
4 43 757
4 44 306
4 45 241
4 46 805
4 47 354
4 48 289
4 49 853
4 50 402
4 51 337
4 52 901
4 53 450
4 54 385
4 55 949
4 56 498
4 57 433
4 58 829
5 0 1056
5 1 538
5 2 473
5 3 564
5 4 639
5 5 0
5 6 578
5 7 156
5 8 595
5 9 639
5 10 491
5 11 517
5 12 395
5 13 873
5 14 743
5 15 604
5 16 665
5 17 117
5 18 447
5 19 413
5 20 834
5 21 65
5 22 600
5 23 460
5 24 526
5 25 786
5 26 660
5 27 65
5 28 664
5 29 408
5 30 430
5 31 295
5 32 873
5 33 539
5 34 599
5 35 490
5 36 499
5 37 526
5 38 594
5 39 799
5 40 936
5 41 485
5 42 446
5 43 888
5 44 437
5 45 398
5 46 840
5 47 389
5 48 350
5 49 792
5 50 341
5 51 302
5 52 744
5 53 293
5 54 254
5 55 696
5 56 245
5 57 206
5 58 1056
6 0 890
6 1 660
6 2 595
6 3 686
6 4 421
6 5 578
6 6 0
6 7 552
6 8 473
6 9 473
6 10 421
6 11 395
6 12 465
6 13 707
6 14 577
6 15 104
6 16 447
6 17 591
6 18 569
6 19 291
6 20 668
6 21 643
6 22 434
6 23 582
6 24 182
6 25 620
6 26 590
6 27 643
6 28 690
6 29 530
6 30 404
6 31 513
6 32 707
6 33 39
6 34 625
6 35 708
6 36 621
6 37 360
6 38 812
6 39 633
6 40 770
6 41 319
6 42 228
6 43 722
6 44 271
6 45 180
6 46 770
6 47 319
6 48 228
6 49 818
6 50 367
6 51 276
6 52 866
6 53 415
6 54 324
6 55 914
6 56 463
6 57 372
6 58 890
7 0 900
7 1 382
7 2 317
7 3 408
7 4 587
7 5 156
7 6 552
7 7 0
7 8 439
7 9 483
7 10 335
7 11 517
7 12 447
7 13 717
7 14 587
7 15 448
7 16 561
7 17 39
7 18 291
7 19 569
7 20 678
7 21 91
7 22 444
7 23 304
7 24 370
7 25 630
7 26 504
7 27 91
7 28 508
7 29 252
7 30 508
7 31 139
7 32 717
7 33 591
7 34 443
7 35 334
7 36 343
7 37 370
7 38 438
7 39 643
7 40 780
7 41 329
7 42 602
7 43 732
7 44 281
7 45 554
7 46 684
7 47 233
7 48 506
7 49 636
7 50 185
7 51 458
7 52 588
7 53 137
7 54 410
7 55 540
7 56 89
7 57 362
7 58 900
8 0 873
8 1 547
8 2 482
8 3 573
8 4 534
8 5 595
8 6 473
8 7 439
8 8 0
8 9 456
8 10 308
8 11 78
8 12 482
8 13 690
8 14 560
8 15 421
8 16 534
8 17 478
8 18 456
8 19 182
8 20 651
8 21 530
8 22 417
8 23 469
8 24 343
8 25 603
8 26 477
8 27 530
8 28 577
8 29 417
8 30 421
8 31 400
8 32 690
8 33 434
8 34 512
8 35 595
8 36 508
8 37 343
8 38 699
8 39 616
8 40 753
8 41 302
8 42 341
8 43 705
8 44 254
8 45 293
8 46 657
8 47 206
8 48 245
8 49 705
8 50 254
8 51 293
8 52 753
8 53 302
8 54 341
8 55 801
8 56 350
8 57 389
8 58 873
9 0 725
9 1 591
9 2 526
9 3 617
9 4 104
9 5 639
9 6 473
9 7 483
9 8 456
9 9 0
9 10 352
9 11 534
9 12 630
9 13 542
9 14 412
9 15 369
9 16 78
9 17 522
9 18 500
9 19 456
9 20 503
9 21 574
9 22 269
9 23 513
9 24 291
9 25 551
9 26 521
9 27 574
9 28 621
9 29 461
9 30 569
9 31 444
9 32 542
9 33 486
9 34 556
9 35 639
9 36 552
9 37 291
9 38 743
9 39 564
9 40 605
9 41 154
9 42 297
9 43 653
9 44 202
9 45 345
9 46 701
9 47 250
9 48 393
9 49 749
9 50 298
9 51 441
9 52 797
9 53 346
9 54 489
9 55 845
9 56 394
9 57 537
9 58 725
10 0 565
10 1 443
10 2 378
10 3 469
10 4 456
10 5 491
10 6 421
10 7 335
10 8 308
10 9 352
10 10 0
10 11 386
10 12 508
10 13 508
10 14 456
10 15 317
10 16 430
10 17 374
10 18 352
10 19 490
10 20 547
10 21 426
10 22 313
10 23 365
10 24 239
10 25 499
10 26 169
10 27 426
10 28 473
10 29 313
10 30 473
10 31 296
10 32 508
10 33 460
10 34 408
10 35 491
10 36 404
10 37 239
10 38 595
10 39 486
10 40 445
10 41 198
10 42 649
10 43 397
10 44 150
10 45 601
10 46 349
10 47 102
10 48 553
10 49 397
10 50 150
10 51 601
10 52 445
10 53 198
10 54 649
10 55 493
10 56 246
10 57 697
10 58 565
11 0 951
11 1 625
11 2 560
11 3 651
11 4 456
11 5 517
11 6 395
11 7 517
11 8 78
11 9 534
11 10 386
11 11 0
11 12 404
11 13 768
11 14 638
11 15 499
11 16 482
11 17 556
11 18 534
11 19 104
11 20 729
11 21 582
11 22 495
11 23 547
11 24 421
11 25 681
11 26 555
11 27 582
11 28 655
11 29 495
11 30 343
11 31 478
11 32 768
11 33 356
11 34 590
11 35 673
11 36 586
11 37 421
11 38 777
11 39 694
11 40 831
11 41 380
11 42 263
11 43 783
11 44 332
11 45 215
11 46 735
11 47 284
11 48 167
11 49 783
11 50 332
11 51 215
11 52 831
11 53 380
11 54 263
11 55 879
11 56 428
11 57 311
11 58 951
12 0 1073
12 1 555
12 2 490
12 3 581
12 4 526
12 5 395
12 6 465
12 7 447
12 8 482
12 9 630
12 10 508
12 11 404
12 12 0
12 13 890
12 14 760
12 15 569
12 16 552
12 17 486
12 18 464
12 19 300
12 20 851
12 21 460
12 22 617
12 23 143
12 24 543
12 25 803
12 26 677
12 27 460
12 28 681
12 29 195
12 30 317
12 31 408
12 32 890
12 33 426
12 34 616
12 35 603
12 36 516
12 37 543
12 38 707
12 39 816
12 40 953
12 41 502
12 42 333
12 43 905
12 44 454
12 45 285
12 46 857
12 47 406
12 48 237
12 49 809
12 50 358
12 51 189
12 52 761
12 53 310
12 54 141
12 55 809
12 56 358
12 57 189
12 58 1073
13 0 183
13 1 461
13 2 526
13 3 435
13 4 646
13 5 873
13 6 707
13 7 717
13 8 690
13 9 542
13 10 508
13 11 768
13 12 890
13 13 0
13 14 130
13 15 603
13 16 620
13 17 756
13 18 552
13 19 872
13 20 39
13 21 808
13 22 273
13 23 747
13 24 525
13 25 213
13 26 339
13 27 808
13 28 335
13 29 695
13 30 855
13 31 678
13 32 0
13 33 746
13 34 400
13 35 509
13 36 500
13 37 473
13 38 405
13 39 200
13 40 63
13 41 388
13 42 839
13 43 111
13 44 436
13 45 887
13 46 159
13 47 484
13 48 935
13 49 207
13 50 532
13 51 983
13 52 255
13 53 580
13 54 1031
13 55 303
13 56 628
13 57 1079
13 58 183
14 0 313
14 1 591
14 2 630
14 3 565
14 4 516
14 5 743
14 6 577
14 7 587
14 8 560
14 9 412
14 10 456
14 11 638
14 12 760
14 13 130
14 14 0
14 15 473
14 16 490
14 17 626
14 18 604
14 19 742
14 20 91
14 21 678
14 22 143
14 23 617
14 24 395
14 25 343
14 26 469
14 27 678
14 28 465
14 29 565
14 30 725
14 31 548
14 32 130
14 33 616
14 34 530
14 35 639
14 36 630
14 37 395
14 38 535
14 39 330
14 40 193
14 41 258
14 42 709
14 43 241
14 44 306
14 45 757
14 46 289
14 47 354
14 48 805
14 49 337
14 50 402
14 51 853
14 52 385
14 53 450
14 54 901
14 55 433
14 56 498
14 57 949
14 58 313
15 0 786
15 1 556
15 2 491
15 3 582
15 4 473
15 5 604
15 6 104
15 7 448
15 8 421
15 9 369
15 10 317
15 11 499
15 12 569
15 13 603
15 14 473
15 15 0
15 16 447
15 17 487
15 18 465
15 19 395
15 20 564
15 21 539
15 22 330
15 23 478
15 24 78
15 25 516
15 26 486
15 27 539
15 28 586
15 29 426
15 30 508
15 31 409
15 32 603
15 33 143
15 34 521
15 35 604
15 36 517
15 37 256
15 38 708
15 39 529
15 40 666
15 41 215
15 42 332
15 43 618
15 44 167
15 45 284
15 46 666
15 47 215
15 48 332
15 49 714
15 50 263
15 51 380
15 52 762
15 53 311
15 54 428
15 55 810
15 56 359
15 57 476
15 58 786
16 0 803
16 1 669
16 2 604
16 3 695
16 4 26
16 5 665
16 6 447
16 7 561
16 8 534
16 9 78
16 10 430
16 11 482
16 12 552
16 13 620
16 14 490
16 15 447
16 16 0
16 17 600
16 18 578
16 19 378
16 20 581
16 21 652
16 22 347
16 23 591
16 24 369
16 25 629
16 26 599
16 27 652
16 28 699
16 29 539
16 30 491
16 31 522
16 32 620
16 33 408
16 34 634
16 35 717
16 36 630
16 37 369
16 38 821
16 39 642
16 40 683
16 41 232
16 42 219
16 43 731
16 44 280
16 45 267
16 46 779
16 47 328
16 48 315
16 49 827
16 50 376
16 51 363
16 52 875
16 53 424
16 54 411
16 55 923
16 56 472
16 57 459
16 58 803
17 0 939
17 1 421
17 2 356
17 3 447
17 4 626
17 5 117
17 6 591
17 7 39
17 8 478
17 9 522
17 10 374
17 11 556
17 12 486
17 13 756
17 14 626
17 15 487
17 16 600
17 17 0
17 18 330
17 19 530
17 20 717
17 21 52
17 22 483
17 23 343
17 24 409
17 25 669
17 26 543
17 27 52
17 28 547
17 29 291
17 30 547
17 31 178
17 32 756
17 33 630
17 34 482
17 35 373
17 36 382
17 37 409
17 38 477
17 39 682
17 40 819
17 41 368
17 42 563
17 43 771
17 44 320
17 45 515
17 46 723
17 47 272
17 48 467
17 49 675
17 50 224
17 51 419
17 52 627
17 53 176
17 54 371
17 55 579
17 56 128
17 57 323
17 58 939
18 0 609
18 1 91
18 2 26
18 3 117
18 4 604
18 5 447
18 6 569
18 7 291
18 8 456
18 9 500
18 10 352
18 11 534
18 12 464
18 13 552
18 14 604
18 15 465
18 16 578
18 17 330
18 18 0
18 19 638
18 20 591
18 21 382
18 22 461
18 23 321
18 24 387
18 25 543
18 26 521
18 27 382
18 28 473
18 29 269
18 30 525
18 31 252
18 32 552
18 33 608
18 34 460
18 35 447
18 36 52
18 37 387
18 38 447
18 39 530
18 40 489
18 41 346
18 42 797
18 43 441
18 44 298
18 45 749
18 46 393
18 47 250
18 48 701
18 49 345
18 50 202
18 51 653
18 52 297
18 53 154
18 54 605
18 55 345
18 56 202
18 57 653
18 58 609
19 0 1055
19 1 729
19 2 664
19 3 755
19 4 352
19 5 413
19 6 291
19 7 569
19 8 182
19 9 456
19 10 490
19 11 104
19 12 300
19 13 872
19 14 742
19 15 395
19 16 378
19 17 530
19 18 638
19 19 0
19 20 833
19 21 478
19 22 599
19 23 443
19 24 473
19 25 785
19 26 659
19 27 478
19 28 759
19 29 495
19 30 239
19 31 582
19 32 872
19 33 252
19 34 694
19 35 777
19 36 690
19 37 525
19 38 881
19 39 798
19 40 935
19 41 484
19 42 159
19 43 887
19 44 436
19 45 111
19 46 839
19 47 388
19 48 63
19 49 887
19 50 436
19 51 111
19 52 935
19 53 484
19 54 159
19 55 983
19 56 532
19 57 207
19 58 1055
20 0 222
20 1 500
20 2 565
20 3 474
20 4 607
20 5 834
20 6 668
20 7 678
20 8 651
20 9 503
20 10 547
20 11 729
20 12 851
20 13 39
20 14 91
20 15 564
20 16 581
20 17 717
20 18 591
20 19 833
20 20 0
20 21 769
20 22 234
20 23 708
20 24 486
20 25 252
20 26 378
20 27 769
20 28 374
20 29 656
20 30 816
20 31 639
20 32 39
20 33 707
20 34 439
20 35 548
20 36 539
20 37 486
20 38 444
20 39 239
20 40 102
20 41 349
20 42 800
20 43 150
20 44 397
20 45 848
20 46 198
20 47 445
20 48 896
20 49 246
20 50 493
20 51 944
20 52 294
20 53 541
20 54 992
20 55 342
20 56 589
20 57 1040
20 58 222
21 0 991
21 1 473
21 2 408
21 3 499
21 4 678
21 5 65
21 6 643
21 7 91
21 8 530
21 9 574
21 10 426
21 11 582
21 12 460
21 13 808
21 14 678
21 15 539
21 16 652
21 17 52
21 18 382
21 19 478
21 20 769
21 21 0
21 22 535
21 23 395
21 24 461
21 25 721
21 26 595
21 27 0
21 28 599
21 29 343
21 30 495
21 31 230
21 32 808
21 33 604
21 34 534
21 35 425
21 36 434
21 37 461
21 38 529
21 39 734
21 40 871
21 41 420
21 42 511
21 43 823
21 44 372
21 45 463
21 46 775
21 47 324
21 48 415
21 49 727
21 50 276
21 51 367
21 52 679
21 53 228
21 54 319
21 55 631
21 56 180
21 57 271
21 58 991
22 0 456
22 1 552
22 2 487
22 3 578
22 4 373
22 5 600
22 6 434
22 7 444
22 8 417
22 9 269
22 10 313
22 11 495
22 12 617
22 13 273
22 14 143
22 15 330
22 16 347
22 17 483
22 18 461
22 19 599
22 20 234
22 21 535
22 22 0
22 23 474
22 24 252
22 25 486
22 26 482
22 27 535
22 28 582
22 29 422
22 30 582
22 31 405
22 32 273
22 33 473
22 34 517
22 35 600
22 36 513
22 37 252
22 38 678
22 39 473
22 40 336
22 41 115
22 42 566
22 43 384
22 44 163
22 45 614
22 46 432
22 47 211
22 48 662
22 49 480
22 50 259
22 51 710
22 52 528
22 53 307
22 54 758
22 55 576
22 56 355
22 57 806
22 58 456
23 0 930
23 1 412
23 2 347
23 3 438
23 4 617
23 5 460
23 6 582
23 7 304
23 8 469
23 9 513
23 10 365
23 11 547
23 12 143
23 13 747
23 14 617
23 15 478
23 16 591
23 17 343
23 18 321
23 19 443
23 20 708
23 21 395
23 22 474
23 23 0
23 24 400
23 25 660
23 26 534
23 27 395
23 28 538
23 29 52
23 30 460
23 31 265
23 32 747
23 33 569
23 34 473
23 35 460
23 36 373
23 37 400
23 38 564
23 39 673
23 40 810
23 41 359
23 42 476
23 43 762
23 44 311
23 45 428
23 46 714
23 47 263
23 48 380
23 49 666
23 50 215
23 51 332
23 52 618
23 53 167
23 54 284
23 55 666
23 56 215
23 57 332
23 58 930
24 0 708
24 1 478
24 2 413
24 3 504
24 4 395
24 5 526
24 6 182
24 7 370
24 8 343
24 9 291
24 10 239
24 11 421
24 12 543
24 13 525
24 14 395
24 15 78
24 16 369
24 17 409
24 18 387
24 19 473
24 20 486
24 21 461
24 22 252
24 23 400
24 24 0
24 25 438
24 26 408
24 27 461
24 28 508
24 29 348
24 30 508
24 31 331
24 32 525
24 33 221
24 34 443
24 35 526
24 36 439
24 37 178
24 38 630
24 39 451
24 40 588
24 41 137
24 42 410
24 43 540
24 44 89
24 45 362
24 46 588
24 47 137
24 48 410
24 49 636
24 50 185
24 51 458
24 52 684
24 53 233
24 54 506
24 55 732
24 56 281
24 57 554
24 58 708
25 0 270
25 1 452
25 2 517
25 3 426
25 4 655
25 5 786
25 6 620
25 7 630
25 8 603
25 9 551
25 10 499
25 11 681
25 12 803
25 13 213
25 14 343
25 15 516
25 16 629
25 17 669
25 18 543
25 19 785
25 20 252
25 21 721
25 22 486
25 23 660
25 24 438
25 25 0
25 26 330
25 27 721
25 28 326
25 29 608
25 30 768
25 31 591
25 32 213
25 33 659
25 34 391
25 35 500
25 36 491
25 37 260
25 38 396
25 39 13
25 40 150
25 41 397
25 42 848
25 43 102
25 44 349
25 45 800
25 46 150
25 47 397
25 48 848
25 49 198
25 50 445
25 51 896
25 52 246
25 53 493
25 54 944
25 55 294
25 56 541
25 57 992
25 58 270
26 0 396
26 1 482
26 2 547
26 3 456
26 4 625
26 5 660
26 6 590
26 7 504
26 8 477
26 9 521
26 10 169
26 11 555
26 12 677
26 13 339
26 14 469
26 15 486
26 16 599
26 17 543
26 18 521
26 19 659
26 20 378
26 21 595
26 22 482
26 23 534
26 24 408
26 25 330
26 26 0
26 27 595
26 28 356
26 29 482
26 30 642
26 31 465
26 32 339
26 33 629
26 34 421
26 35 530
26 36 521
26 37 408
26 38 426
26 39 317
26 40 276
26 41 367
26 42 818
26 43 228
26 44 319
26 45 770
26 46 180
26 47 271
26 48 722
26 49 228
26 50 319
26 51 770
26 52 276
26 53 367
26 54 818
26 55 324
26 56 415
26 57 866
26 58 396
27 0 991
27 1 473
27 2 408
27 3 499
27 4 678
27 5 65
27 6 643
27 7 91
27 8 530
27 9 574
27 10 426
27 11 582
27 12 460
27 13 808
27 14 678
27 15 539
27 16 652
27 17 52
27 18 382
27 19 478
27 20 769
27 21 0
27 22 535
27 23 395
27 24 461
27 25 721
27 26 595
27 27 0
27 28 599
27 29 343
27 30 495
27 31 230
27 32 808
27 33 604
27 34 534
27 35 425
27 36 434
27 37 461
27 38 529
27 39 734
27 40 871
27 41 420
27 42 511
27 43 823
27 44 372
27 45 463
27 46 775
27 47 324
27 48 415
27 49 727
27 50 276
27 51 367
27 52 679
27 53 228
27 54 319
27 55 631
27 56 180
27 57 271
27 58 991
28 0 392
28 1 382
28 2 447
28 3 356
28 4 725
28 5 664
28 6 690
28 7 508
28 8 577
28 9 621
28 10 473
28 11 655
28 12 681
28 13 335
28 14 465
28 15 586
28 16 699
28 17 547
28 18 473
28 19 759
28 20 374
28 21 599
28 22 582
28 23 538
28 24 508
28 25 326
28 26 356
28 27 599
28 28 0
28 29 486
28 30 646
28 31 469
28 32 335
28 33 729
28 34 65
28 35 430
28 36 421
28 37 508
28 38 326
28 39 313
28 40 272
28 41 467
28 42 918
28 43 224
28 44 419
28 45 870
28 46 176
28 47 371
28 48 822
28 49 128
28 50 323
28 51 774
28 52 176
28 53 371
28 54 822
28 55 224
28 56 419
28 57 870
28 58 392
29 0 878
29 1 360
29 2 295
29 3 386
29 4 565
29 5 408
29 6 530
29 7 252
29 8 417
29 9 461
29 10 313
29 11 495
29 12 195
29 13 695
29 14 565
29 15 426
29 16 539
29 17 291
29 18 269
29 19 495
29 20 656
29 21 343
29 22 422
29 23 52
29 24 348
29 25 608
29 26 482
29 27 343
29 28 486
29 29 0
29 30 486
29 31 213
29 32 695
29 33 569
29 34 421
29 35 408
29 36 321
29 37 348
29 38 512
29 39 621
29 40 758
29 41 307
29 42 528
29 43 710
29 44 259
29 45 480
29 46 662
29 47 211
29 48 432
29 49 614
29 50 163
29 51 384
29 52 566
29 53 115
29 54 336
29 55 614
29 56 163
29 57 384
29 58 878
30 0 1038
30 1 616
30 2 551
30 3 642
30 4 465
30 5 430
30 6 404
30 7 508
30 8 421
30 9 569
30 10 473
30 11 343
30 12 317
30 13 855
30 14 725
30 15 508
30 16 491
30 17 547
30 18 525
30 19 239
30 20 816
30 21 495
30 22 582
30 23 460
30 24 508
30 25 768
30 26 642
30 27 495
30 28 646
30 29 486
30 30 0
30 31 469
30 32 855
30 33 365
30 34 581
30 35 664
30 36 577
30 37 508
30 38 768
30 39 781
30 40 918
30 41 467
30 42 272
30 43 870
30 44 419
30 45 224
30 46 822
30 47 371
30 48 176
30 49 774
30 50 323
30 51 128
30 52 822
30 53 371
30 54 176
30 55 870
30 56 419
30 57 224
30 58 1038
31 0 761
31 1 343
31 2 278
31 3 369
31 4 548
31 5 295
31 6 513
31 7 139
31 8 400
31 9 444
31 10 296
31 11 478
31 12 408
31 13 678
31 14 548
31 15 409
31 16 522
31 17 178
31 18 252
31 19 582
31 20 639
31 21 230
31 22 405
31 23 265
31 24 331
31 25 591
31 26 465
31 27 230
31 28 469
31 29 213
31 30 469
31 31 0
31 32 678
31 33 552
31 34 404
31 35 195
31 36 304
31 37 331
31 38 299
31 39 604
31 40 641
31 41 290
31 42 741
31 43 593
31 44 242
31 45 693
31 46 545
31 47 194
31 48 645
31 49 497
31 50 146
31 51 597
31 52 449
31 53 98
31 54 549
31 55 401
31 56 50
31 57 501
31 58 761
32 0 183
32 1 461
32 2 526
32 3 435
32 4 646
32 5 873
32 6 707
32 7 717
32 8 690
32 9 542
32 10 508
32 11 768
32 12 890
32 13 0
32 14 130
32 15 603
32 16 620
32 17 756
32 18 552
32 19 872
32 20 39
32 21 808
32 22 273
32 23 747
32 24 525
32 25 213
32 26 339
32 27 808
32 28 335
32 29 695
32 30 855
32 31 678
32 32 0
32 33 746
32 34 400
32 35 509
32 36 500
32 37 473
32 38 405
32 39 200
32 40 63
32 41 388
32 42 839
32 43 111
32 44 436
32 45 887
32 46 159
32 47 484
32 48 935
32 49 207
32 50 532
32 51 983
32 52 255
32 53 580
32 54 1031
32 55 303
32 56 628
32 57 1079
32 58 183
33 0 929
33 1 699
33 2 634
33 3 725
33 4 382
33 5 539
33 6 39
33 7 591
33 8 434
33 9 486
33 10 460
33 11 356
33 12 426
33 13 746
33 14 616
33 15 143
33 16 408
33 17 630
33 18 608
33 19 252
33 20 707
33 21 604
33 22 473
33 23 569
33 24 221
33 25 659
33 26 629
33 27 604
33 28 729
33 29 569
33 30 365
33 31 552
33 32 746
33 33 0
33 34 664
33 35 747
33 36 660
33 37 399
33 38 851
33 39 672
33 40 809
33 41 358
33 42 189
33 43 761
33 44 310
33 45 141
33 46 809
33 47 358
33 48 189
33 49 857
33 50 406
33 51 237
33 52 905
33 53 454
33 54 285
33 55 953
33 56 502
33 57 333
33 58 929
34 0 457
34 1 447
34 2 486
34 3 421
34 4 660
34 5 599
34 6 625
34 7 443
34 8 512
34 9 556
34 10 408
34 11 590
34 12 616
34 13 400
34 14 530
34 15 521
34 16 634
34 17 482
34 18 460
34 19 694
34 20 439
34 21 534
34 22 517
34 23 473
34 24 443
34 25 391
34 26 421
34 27 534
34 28 65
34 29 421
34 30 581
34 31 404
34 32 400
34 33 664
34 34 0
34 35 495
34 36 486
34 37 443
34 38 391
34 39 378
34 40 337
34 41 402
34 42 853
34 43 289
34 44 354
34 45 805
34 46 241
34 47 306
34 48 757
34 49 193
34 50 258
34 51 709
34 52 241
34 53 306
34 54 757
34 55 289
34 56 354
34 57 805
34 58 457
35 0 566
35 1 460
35 2 473
35 3 434
35 4 743
35 5 490
35 6 708
35 7 334
35 8 595
35 9 639
35 10 491
35 11 673
35 12 603
35 13 509
35 14 639
35 15 604
35 16 717
35 17 373
35 18 447
35 19 777
35 20 548
35 21 425
35 22 600
35 23 460
35 24 526
35 25 500
35 26 530
35 27 425
35 28 430
35 29 408
35 30 664
35 31 195
35 32 509
35 33 747
35 34 495
35 35 0
35 36 499
35 37 526
35 38 104
35 39 487
35 40 446
35 41 485
35 42 936
35 43 398
35 44 437
35 45 888
35 46 350
35 47 389
35 48 840
35 49 302
35 50 341
35 51 792
35 52 254
35 53 293
35 54 744
35 55 206
35 56 245
35 57 696
35 58 566
36 0 557
36 1 39
36 2 26
36 3 65
36 4 656
36 5 499
36 6 621
36 7 343
36 8 508
36 9 552
36 10 404
36 11 586
36 12 516
36 13 500
36 14 630
36 15 517
36 16 630
36 17 382
36 18 52
36 19 690
36 20 539
36 21 434
36 22 513
36 23 373
36 24 439
36 25 491
36 26 521
36 27 434
36 28 421
36 29 321
36 30 577
36 31 304
36 32 500
36 33 660
36 34 486
36 35 499
36 36 0
36 37 439
36 38 395
36 39 478
36 40 437
36 41 398
36 42 849
36 43 389
36 44 350
36 45 801
36 46 341
36 47 302
36 48 753
36 49 293
36 50 254
36 51 705
36 52 245
36 53 206
36 54 657
36 55 293
36 56 254
36 57 705
36 58 557
37 0 530
37 1 478
37 2 413
37 3 504
37 4 395
37 5 526
37 6 360
37 7 370
37 8 343
37 9 291
37 10 239
37 11 421
37 12 543
37 13 473
37 14 395
37 15 256
37 16 369
37 17 409
37 18 387
37 19 525
37 20 486
37 21 461
37 22 252
37 23 400
37 24 178
37 25 260
37 26 408
37 27 461
37 28 508
37 29 348
37 30 508
37 31 331
37 32 473
37 33 399
37 34 443
37 35 526
37 36 439
37 37 0
37 38 630
37 39 273
37 40 410
37 41 137
37 42 588
37 43 362
37 44 89
37 45 540
37 46 410
37 47 137
37 48 588
37 49 458
37 50 185
37 51 636
37 52 506
37 53 233
37 54 684
37 55 554
37 56 281
37 57 732
37 58 530
38 0 462
38 1 356
38 2 421
38 3 330
38 4 847
38 5 594
38 6 812
38 7 438
38 8 699
38 9 743
38 10 595
38 11 777
38 12 707
38 13 405
38 14 535
38 15 708
38 16 821
38 17 477
38 18 447
38 19 881
38 20 444
38 21 529
38 22 678
38 23 564
38 24 630
38 25 396
38 26 426
38 27 529
38 28 326
38 29 512
38 30 768
38 31 299
38 32 405
38 33 851
38 34 391
38 35 104
38 36 395
38 37 630
38 38 0
38 39 383
38 40 342
38 41 589
38 42 1040
38 43 294
38 44 541
38 45 992
38 46 246
38 47 493
38 48 944
38 49 198
38 50 445
38 51 896
38 52 150
38 53 397
38 54 848
38 55 102
38 56 349
38 57 800
38 58 462
39 0 257
39 1 439
39 2 504
39 3 413
39 4 668
39 5 799
39 6 633
39 7 643
39 8 616
39 9 564
39 10 486
39 11 694
39 12 816
39 13 200
39 14 330
39 15 529
39 16 642
39 17 682
39 18 530
39 19 798
39 20 239
39 21 734
39 22 473
39 23 673
39 24 451
39 25 13
39 26 317
39 27 734
39 28 313
39 29 621
39 30 781
39 31 604
39 32 200
39 33 672
39 34 378
39 35 487
39 36 478
39 37 273
39 38 383
39 39 0
39 40 137
39 41 410
39 42 861
39 43 89
39 44 362
39 45 813
39 46 137
39 47 410
39 48 861
39 49 185
39 50 458
39 51 909
39 52 233
39 53 506
39 54 957
39 55 281
39 56 554
39 57 1005
39 58 257
40 0 120
40 1 398
40 2 463
40 3 372
40 4 709
40 5 936
40 6 770
40 7 780
40 8 753
40 9 605
40 10 445
40 11 831
40 12 953
40 13 63
40 14 193
40 15 666
40 16 683
40 17 819
40 18 489
40 19 935
40 20 102
40 21 871
40 22 336
40 23 810
40 24 588
40 25 150
40 26 276
40 27 871
40 28 272
40 29 758
40 30 918
40 31 641
40 32 63
40 33 809
40 34 337
40 35 446
40 36 437
40 37 410
40 38 342
40 39 137
40 40 0
40 41 451
40 42 902
40 43 48
40 44 499
40 45 950
40 46 96
40 47 547
40 48 998
40 49 144
40 50 595
40 51 1046
40 52 192
40 53 643
40 54 1094
40 55 240
40 56 691
40 57 1142
40 58 120
41 0 571
41 1 437
41 2 372
41 3 463
41 4 258
41 5 485
41 6 319
41 7 329
41 8 302
41 9 154
41 10 198
41 11 380
41 12 502
41 13 388
41 14 258
41 15 215
41 16 232
41 17 368
41 18 346
41 19 484
41 20 349
41 21 420
41 22 115
41 23 359
41 24 137
41 25 397
41 26 367
41 27 420
41 28 467
41 29 307
41 30 467
41 31 290
41 32 388
41 33 358
41 34 402
41 35 485
41 36 398
41 37 137
41 38 589
41 39 410
41 40 451
41 41 0
41 42 451
41 43 499
41 44 48
41 45 499
41 46 547
41 47 96
41 48 547
41 49 595
41 50 144
41 51 595
41 52 643
41 53 192
41 54 643
41 55 691
41 56 240
41 57 691
41 58 571
42 0 1022
42 1 888
42 2 823
42 3 914
42 4 193
42 5 446
42 6 228
42 7 602
42 8 341
42 9 297
42 10 649
42 11 263
42 12 333
42 13 839
42 14 709
42 15 332
42 16 219
42 17 563
42 18 797
42 19 159
42 20 800
42 21 511
42 22 566
42 23 476
42 24 410
42 25 848
42 26 818
42 27 511
42 28 918
42 29 528
42 30 272
42 31 741
42 32 839
42 33 189
42 34 853
42 35 936
42 36 849
42 37 588
42 38 1040
42 39 861
42 40 902
42 41 451
42 42 0
42 43 950
42 44 499
42 45 48
42 46 998
42 47 547
42 48 96
42 49 1046
42 50 595
42 51 144
42 52 1094
42 53 643
42 54 192
42 55 1142
42 56 691
42 57 240
42 58 1022
43 0 168
43 1 350
43 2 415
43 3 324
43 4 757
43 5 888
43 6 722
43 7 732
43 8 705
43 9 653
43 10 397
43 11 783
43 12 905
43 13 111
43 14 241
43 15 618
43 16 731
43 17 771
43 18 441
43 19 887
43 20 150
43 21 823
43 22 384
43 23 762
43 24 540
43 25 102
43 26 228
43 27 823
43 28 224
43 29 710
43 30 870
43 31 593
43 32 111
43 33 761
43 34 289
43 35 398
43 36 389
43 37 362
43 38 294
43 39 89
43 40 48
43 41 499
43 42 950
43 43 0
43 44 451
43 45 902
43 46 48
43 47 499
43 48 950
43 49 96
43 50 547
43 51 998
43 52 144
43 53 595
43 54 1046
43 55 192
43 56 643
43 57 1094
43 58 168
44 0 619
44 1 389
44 2 324
44 3 415
44 4 306
44 5 437
44 6 271
44 7 281
44 8 254
44 9 202
44 10 150
44 11 332
44 12 454
44 13 436
44 14 306
44 15 167
44 16 280
44 17 320
44 18 298
44 19 436
44 20 397
44 21 372
44 22 163
44 23 311
44 24 89
44 25 349
44 26 319
44 27 372
44 28 419
44 29 259
44 30 419
44 31 242
44 32 436
44 33 310
44 34 354
44 35 437
44 36 350
44 37 89
44 38 541
44 39 362
44 40 499
44 41 48
44 42 499
44 43 451
44 44 0
44 45 451
44 46 499
44 47 48
44 48 499
44 49 547
44 50 96
44 51 547
44 52 595
44 53 144
44 54 595
44 55 643
44 56 192
44 57 643
44 58 619
45 0 1070
45 1 840
45 2 775
45 3 866
45 4 241
45 5 398
45 6 180
45 7 554
45 8 293
45 9 345
45 10 601
45 11 215
45 12 285
45 13 887
45 14 757
45 15 284
45 16 267
45 17 515
45 18 749
45 19 111
45 20 848
45 21 463
45 22 614
45 23 428
45 24 362
45 25 800
45 26 770
45 27 463
45 28 870
45 29 480
45 30 224
45 31 693
45 32 887
45 33 141
45 34 805
45 35 888
45 36 801
45 37 540
45 38 992
45 39 813
45 40 950
45 41 499
45 42 48
45 43 902
45 44 451
45 45 0
45 46 950
45 47 499
45 48 48
45 49 998
45 50 547
45 51 96
45 52 1046
45 53 595
45 54 144
45 55 1094
45 56 643
45 57 192
45 58 1070
46 0 216
46 1 302
46 2 367
46 3 276
46 4 805
46 5 840
46 6 770
46 7 684
46 8 657
46 9 701
46 10 349
46 11 735
46 12 857
46 13 159
46 14 289
46 15 666
46 16 779
46 17 723
46 18 393
46 19 839
46 20 198
46 21 775
46 22 432
46 23 714
46 24 588
46 25 150
46 26 180
46 27 775
46 28 176
46 29 662
46 30 822
46 31 545
46 32 159
46 33 809
46 34 241
46 35 350
46 36 341
46 37 410
46 38 246
46 39 137
46 40 96
46 41 547
46 42 998
46 43 48
46 44 499
46 45 950
46 46 0
46 47 451
46 48 902
46 49 48
46 50 499
46 51 950
46 52 96
46 53 547
46 54 998
46 55 144
46 56 595
46 57 1046
46 58 216
47 0 667
47 1 341
47 2 276
47 3 367
47 4 354
47 5 389
47 6 319
47 7 233
47 8 206
47 9 250
47 10 102
47 11 284
47 12 406
47 13 484
47 14 354
47 15 215
47 16 328
47 17 272
47 18 250
47 19 388
47 20 445
47 21 324
47 22 211
47 23 263
47 24 137
47 25 397
47 26 271
47 27 324
47 28 371
47 29 211
47 30 371
47 31 194
47 32 484
47 33 358
47 34 306
47 35 389
47 36 302
47 37 137
47 38 493
47 39 410
47 40 547
47 41 96
47 42 547
47 43 499
47 44 48
47 45 499
47 46 451
47 47 0
47 48 451
47 49 499
47 50 48
47 51 499
47 52 547
47 53 96
47 54 547
47 55 595
47 56 144
47 57 595
47 58 667
48 0 1118
48 1 792
48 2 727
48 3 818
48 4 289
48 5 350
48 6 228
48 7 506
48 8 245
48 9 393
48 10 553
48 11 167
48 12 237
48 13 935
48 14 805
48 15 332
48 16 315
48 17 467
48 18 701
48 19 63
48 20 896
48 21 415
48 22 662
48 23 380
48 24 410
48 25 848
48 26 722
48 27 415
48 28 822
48 29 432
48 30 176
48 31 645
48 32 935
48 33 189
48 34 757
48 35 840
48 36 753
48 37 588
48 38 944
48 39 861
48 40 998
48 41 547
48 42 96
48 43 950
48 44 499
48 45 48
48 46 902
48 47 451
48 48 0
48 49 950
48 50 499
48 51 48
48 52 998
48 53 547
48 54 96
48 55 1046
48 56 595
48 57 144
48 58 1118
49 0 264
49 1 254
49 2 319
49 3 228
49 4 853
49 5 792
49 6 818
49 7 636
49 8 705
49 9 749
49 10 397
49 11 783
49 12 809
49 13 207
49 14 337
49 15 714
49 16 827
49 17 675
49 18 345
49 19 887
49 20 246
49 21 727
49 22 480
49 23 666
49 24 636
49 25 198
49 26 228
49 27 727
49 28 128
49 29 614
49 30 774
49 31 497
49 32 207
49 33 857
49 34 193
49 35 302
49 36 293
49 37 458
49 38 198
49 39 185
49 40 144
49 41 595
49 42 1046
49 43 96
49 44 547
49 45 998
49 46 48
49 47 499
49 48 950
49 49 0
49 50 451
49 51 902
49 52 48
49 53 499
49 54 950
49 55 96
49 56 547
49 57 998
49 58 264
50 0 715
50 1 293
50 2 228
50 3 319
50 4 402
50 5 341
50 6 367
50 7 185
50 8 254
50 9 298
50 10 150
50 11 332
50 12 358
50 13 532
50 14 402
50 15 263
50 16 376
50 17 224
50 18 202
50 19 436
50 20 493
50 21 276
50 22 259
50 23 215
50 24 185
50 25 445
50 26 319
50 27 276
50 28 323
50 29 163
50 30 323
50 31 146
50 32 532
50 33 406
50 34 258
50 35 341
50 36 254
50 37 185
50 38 445
50 39 458
50 40 595
50 41 144
50 42 595
50 43 547
50 44 96
50 45 547
50 46 499
50 47 48
50 48 499
50 49 451
50 50 0
50 51 451
50 52 499
50 53 48
50 54 499
50 55 547
50 56 96
50 57 547
50 58 715
51 0 1166
51 1 744
51 2 679
51 3 770
51 4 337
51 5 302
51 6 276
51 7 458
51 8 293
51 9 441
51 10 601
51 11 215
51 12 189
51 13 983
51 14 853
51 15 380
51 16 363
51 17 419
51 18 653
51 19 111
51 20 944
51 21 367
51 22 710
51 23 332
51 24 458
51 25 896
51 26 770
51 27 367
51 28 774
51 29 384
51 30 128
51 31 597
51 32 983
51 33 237
51 34 709
51 35 792
51 36 705
51 37 636
51 38 896
51 39 909
51 40 1046
51 41 595
51 42 144
51 43 998
51 44 547
51 45 96
51 46 950
51 47 499
51 48 48
51 49 902
51 50 451
51 51 0
51 52 950
51 53 499
51 54 48
51 55 998
51 56 547
51 57 96
51 58 1166
52 0 312
52 1 206
52 2 271
52 3 180
52 4 901
52 5 744
52 6 866
52 7 588
52 8 753
52 9 797
52 10 445
52 11 831
52 12 761
52 13 255
52 14 385
52 15 762
52 16 875
52 17 627
52 18 297
52 19 935
52 20 294
52 21 679
52 22 528
52 23 618
52 24 684
52 25 246
52 26 276
52 27 679
52 28 176
52 29 566
52 30 822
52 31 449
52 32 255
52 33 905
52 34 241
52 35 254
52 36 245
52 37 506
52 38 150
52 39 233
52 40 192
52 41 643
52 42 1094
52 43 144
52 44 595
52 45 1046
52 46 96
52 47 547
52 48 998
52 49 48
52 50 499
52 51 950
52 52 0
52 53 451
52 54 902
52 55 48
52 56 499
52 57 950
52 58 312
53 0 763
53 1 245
53 2 180
53 3 271
53 4 450
53 5 293
53 6 415
53 7 137
53 8 302
53 9 346
53 10 198
53 11 380
53 12 310
53 13 580
53 14 450
53 15 311
53 16 424
53 17 176
53 18 154
53 19 484
53 20 541
53 21 228
53 22 307
53 23 167
53 24 233
53 25 493
53 26 367
53 27 228
53 28 371
53 29 115
53 30 371
53 31 98
53 32 580
53 33 454
53 34 306
53 35 293
53 36 206
53 37 233
53 38 397
53 39 506
53 40 643
53 41 192
53 42 643
53 43 595
53 44 144
53 45 595
53 46 547
53 47 96
53 48 547
53 49 499
53 50 48
53 51 499
53 52 451
53 53 0
53 54 451
53 55 499
53 56 48
53 57 499
53 58 763
54 0 1214
54 1 696
54 2 631
54 3 722
54 4 385
54 5 254
54 6 324
54 7 410
54 8 341
54 9 489
54 10 649
54 11 263
54 12 141
54 13 1031
54 14 901
54 15 428
54 16 411
54 17 371
54 18 605
54 19 159
54 20 992
54 21 319
54 22 758
54 23 284
54 24 506
54 25 944
54 26 818
54 27 319
54 28 822
54 29 336
54 30 176
54 31 549
54 32 1031
54 33 285
54 34 757
54 35 744
54 36 657
54 37 684
54 38 848
54 39 957
54 40 1094
54 41 643
54 42 192
54 43 1046
54 44 595
54 45 144
54 46 998
54 47 547
54 48 96
54 49 950
54 50 499
54 51 48
54 52 902
54 53 451
54 54 0
54 55 950
54 56 499
54 57 48
54 58 1214
55 0 360
55 1 254
55 2 319
55 3 228
55 4 949
55 5 696
55 6 914
55 7 540
55 8 801
55 9 845
55 10 493
55 11 879
55 12 809
55 13 303
55 14 433
55 15 810
55 16 923
55 17 579
55 18 345
55 19 983
55 20 342
55 21 631
55 22 576
55 23 666
55 24 732
55 25 294
55 26 324
55 27 631
55 28 224
55 29 614
55 30 870
55 31 401
55 32 303
55 33 953
55 34 289
55 35 206
55 36 293
55 37 554
55 38 102
55 39 281
55 40 240
55 41 691
55 42 1142
55 43 192
55 44 643
55 45 1094
55 46 144
55 47 595
55 48 1046
55 49 96
55 50 547
55 51 998
55 52 48
55 53 499
55 54 950
55 55 0
55 56 451
55 57 902
55 58 360
56 0 811
56 1 293
56 2 228
56 3 319
56 4 498
56 5 245
56 6 463
56 7 89
56 8 350
56 9 394
56 10 246
56 11 428
56 12 358
56 13 628
56 14 498
56 15 359
56 16 472
56 17 128
56 18 202
56 19 532
56 20 589
56 21 180
56 22 355
56 23 215
56 24 281
56 25 541
56 26 415
56 27 180
56 28 419
56 29 163
56 30 419
56 31 50
56 32 628
56 33 502
56 34 354
56 35 245
56 36 254
56 37 281
56 38 349
56 39 554
56 40 691
56 41 240
56 42 691
56 43 643
56 44 192
56 45 643
56 46 595
56 47 144
56 48 595
56 49 547
56 50 96
56 51 547
56 52 499
56 53 48
56 54 499
56 55 451
56 56 0
56 57 451
56 58 811
57 0 1262
57 1 744
57 2 679
57 3 770
57 4 433
57 5 206
57 6 372
57 7 362
57 8 389
57 9 537
57 10 697
57 11 311
57 12 189
57 13 1079
57 14 949
57 15 476
57 16 459
57 17 323
57 18 653
57 19 207
57 20 1040
57 21 271
57 22 806
57 23 332
57 24 554
57 25 992
57 26 866
57 27 271
57 28 870
57 29 384
57 30 224
57 31 501
57 32 1079
57 33 333
57 34 805
57 35 696
57 36 705
57 37 732
57 38 800
57 39 1005
57 40 1142
57 41 691
57 42 240
57 43 1094
57 44 643
57 45 192
57 46 1046
57 47 595
57 48 144
57 49 998
57 50 547
57 51 96
57 52 950
57 53 499
57 54 48
57 55 902
57 56 451
57 57 0
57 58 1262
58 0 0
58 1 518
58 2 583
58 3 492
58 4 829
58 5 1056
58 6 890
58 7 900
58 8 873
58 9 725
58 10 565
58 11 951
58 12 1073
58 13 183
58 14 313
58 15 786
58 16 803
58 17 939
58 18 609
58 19 1055
58 20 222
58 21 991
58 22 456
58 23 930
58 24 708
58 25 270
58 26 396
58 27 991
58 28 392
58 29 878
58 30 1038
58 31 761
58 32 183
58 33 929
58 34 457
58 35 566
58 36 557
58 37 530
58 38 462
58 39 257
58 40 120
58 41 571
58 42 1022
58 43 168
58 44 619
58 45 1070
58 46 216
58 47 667
58 48 1118
58 49 264
58 50 715
58 51 1166
58 52 312
58 53 763
58 54 1214
58 55 360
58 56 811
58 57 1262
58 58 0
//Location coordinates LocationName
//Loc x y
0 0.0 0.0 "depot"
1 192.0 326.0 "product aisle 4 bloc 0 rank 27"
2 192.0 391.0 "product aisle 4 bloc 0 rank 38"
3 192.0 300.0 "product aisle 4 bloc 0 rank 24"
4 0.0 829.0 "product aisle 0 bloc 1 rank 35"
5 240.0 816.0 "product aisle 5 bloc 1 rank 34"
6 48.0 842.0 "product aisle 1 bloc 1 rank 38"
7 240.0 660.0 "product aisle 5 bloc 1 rank 10"
8 96.0 777.0 "product aisle 2 bloc 1 rank 27"
9 0.0 725.0 "product aisle 0 bloc 1 rank 20"
10 96.0 469.0 "product aisle 2 bloc 0 rank 50"
11 96.0 855.0 "product aisle 2 bloc 1 rank 40"
12 192.0 881.0 "product aisle 4 bloc 1 rank 44"
13 0.0 183.0 "product aisle 0 bloc 0 rank 6"
14 0.0 313.0 "product aisle 0 bloc 0 rank 25"
15 48.0 738.0 "product aisle 1 bloc 1 rank 22"
16 0.0 803.0 "product aisle 0 bloc 1 rank 32"
17 240.0 699.0 "product aisle 5 bloc 1 rank 15"
18 192.0 417.0 "product aisle 4 bloc 0 rank 42"
19 96.0 959.0 "product aisle 2 bloc 1 rank 56"
20 0.0 222.0 "product aisle 0 bloc 0 rank 12"
21 240.0 751.0 "product aisle 5 bloc 1 rank 23"
22 0.0 456.0 "product aisle 0 bloc 0 rank 48"
23 192.0 738.0 "product aisle 4 bloc 1 rank 22"
24 48.0 660.0 "product aisle 1 bloc 1 rank 10"
25 48.0 222.0 "product aisle 1 bloc 0 rank 12"
26 96.0 300.0 "product aisle 2 bloc 0 rank 23"
27 240.0 751.0 "product aisle 5 bloc 1 rank 24"
28 144.0 248.0 "product aisle 3 bloc 0 rank 15"
29 192.0 686.0 "product aisle 4 bloc 1 rank 13"
30 144.0 894.0 "product aisle 3 bloc 1 rank 45"
31 240.0 521.0 "product aisle 5 bloc 0 rank 57"
32 0.0 183.0 "product aisle 0 bloc 0 rank 5"
33 48.0 881.0 "product aisle 1 bloc 1 rank 44"
34 144.0 313.0 "product aisle 3 bloc 0 rank 26"
35 240.0 326.0 "product aisle 5 bloc 0 rank 28"
36 192.0 365.0 "product aisle 4 bloc 0 rank 33"
37 48.0 482.0 "product aisle 1 bloc 0 rank 52"
38 240.0 222.0 "product aisle 5 bloc 0 rank 11"
39 48.0 209.0 "product aisle 1 bloc 0 rank 9"
40 24.0 120.0 "intersection aisle 0 bloc 0 rank 0"
41 24.0 571.0 "intersection aisle 0 bloc 1 rank 1"
42 24.0 1022.0 "intersection aisle 0 bloc 2 rank 2"
43 72.0 120.0 "intersection aisle 1 bloc 0 rank 0"
44 72.0 571.0 "intersection aisle 1 bloc 1 rank 1"
45 72.0 1022.0 "intersection aisle 1 bloc 2 rank 2"
46 120.0 120.0 "intersection aisle 2 bloc 0 rank 0"
47 120.0 571.0 "intersection aisle 2 bloc 1 rank 1"
48 120.0 1022.0 "intersection aisle 2 bloc 2 rank 2"
49 168.0 120.0 "intersection aisle 3 bloc 0 rank 0"
50 168.0 571.0 "intersection aisle 3 bloc 1 rank 1"
51 168.0 1022.0 "intersection aisle 3 bloc 2 rank 2"
52 216.0 120.0 "intersection aisle 4 bloc 0 rank 0"
53 216.0 571.0 "intersection aisle 4 bloc 1 rank 1"
54 216.0 1022.0 "intersection aisle 4 bloc 2 rank 2"
55 264.0 120.0 "intersection aisle 5 bloc 0 rank 0"
56 264.0 571.0 "intersection aisle 5 bloc 1 rank 1"
57 264.0 1022.0 "intersection aisle 5 bloc 2 rank 2"
58 0.0 0.0 "depot"
