//alpha
1
//NbLocations
83
//NbProducts
28
//NbPickers
2
//CapaPicker
12
//TimeToTravelOneDistanceUnit
3
//SetupTime
5400
//PickTime
300
//Products
//Idx Location Size
1 1 1
2 2 1
3 3 1
4 4 1
5 5 1
6 6 1
7 7 1
8 8 1
9 9 1
10 10 1
11 11 1
12 12 1
13 13 1
14 14 1
15 15 1
16 16 1
17 17 1
18 18 1
19 19 1
20 20 1
21 21 1
22 22 1
23 23 1
24 24 1
25 25 1
26 26 1
27 27 1
28 28 1
//Orders
//NbOrders
6
//Idx DueDate TardinessPenalty NbProdInOrder ProdIdx1 Qty1 ProdIdx2 Qty2 ...
1 90000 0 4 1 1 2 1 3 1 4 1
2 90000 0 1 5 1
3 108000 0 12 6 1 7 1 8 1 9 1 10 1 11 1 12 1 13 1 14 1 15 1 16 1 17 1
4 108000 0 1 18 1
5 126000 0 8 19 1 20 1 21 1 22 1 23 1 24 1 25 1 26 1
6 108000 0 2 27 1 28 1
//Graph (Products are vertices indexed from 1 to NbProducts)
//NbVerticesIntersections
54
//DepartingDepot
0
//ArrivalDepot
83
//Arcs
//Start End Distance
0 29 120
1 35 128
1 36 1103
2 25 52
2 68 63
3 47 180
3 48 1051
4 36 609
4 37 622
5 50 128
5 51 1103
6 16 793
6 56 154
7 29 544
7 30 687
8 17 39
8 61 50
9 15 91
9 63 89
10 12 0
10 22 182
11 32 531
11 33 700
12 10 0
12 57 180
13 18 728
13 75 453
14 19 221
14 43 219
15 9 91
15 64 1051
16 6 793
16 57 284
17 8 39
17 60 1142
18 13 728
18 74 50
19 14 221
19 42 791
20 62 50
20 63 1181
21 53 37
21 54 1194
22 10 182
22 58 869
23 72 154
23 73 1077
24 65 76
24 66 1155
25 2 52
25 69 1116
26 39 765
26 40 466
27 66 89
27 67 1142
28 48 1103
28 49 128
29 7 544
29 32 48
29 83 120
30 7 687
30 31 1231
30 33 48
31 30 1231
31 34 48
32 11 531
32 29 48
32 35 48
33 11 700
33 30 48
33 34 1231
33 36 48
34 31 48
34 33 1231
34 37 48
35 1 128
35 32 48
35 38 48
36 1 1103
36 4 609
36 33 48
36 39 48
37 4 622
37 34 48
37 40 48
38 35 48
38 39 1231
38 41 48
39 26 765
39 36 48
39 38 1231
39 42 48
40 26 466
40 37 48
40 43 48
41 38 48
41 42 1231
41 44 48
42 19 791
42 39 48
42 41 1231
42 45 48
43 14 219
43 40 48
43 46 48
44 41 48
44 45 1231
44 47 48
45 42 48
45 44 1231
45 46 1231
45 48 48
46 43 48
46 45 1231
46 49 48
47 3 180
47 44 48
47 50 48
48 3 1051
48 28 1103
48 45 48
48 51 48
49 28 128
49 46 48
49 52 48
50 5 128
50 47 48
50 53 48
51 5 1103
51 48 48
51 52 1231
51 54 48
52 49 48
52 51 1231
52 55 48
53 21 37
53 50 48
53 56 48
54 21 1194
54 51 48
54 55 1231
54 57 48
55 52 48
55 54 1231
55 58 48
56 6 154
56 53 48
56 59 48
57 12 180
57 16 284
57 54 48
57 60 48
58 22 869
58 55 48
58 61 48
59 56 48
59 60 1231
59 62 48
60 17 1142
60 57 48
60 59 1231
60 63 48
61 8 50
61 58 48
61 64 48
62 20 50
62 59 48
62 65 48
63 9 89
63 20 1181
63 60 48
63 66 48
64 15 1051
64 61 48
64 67 48
65 24 76
65 62 48
65 68 48
66 24 1155
66 27 89
66 63 48
66 69 48
67 27 1142
67 64 48
67 70 48
68 2 63
68 65 48
68 71 48
69 25 1116
69 66 48
69 70 1231
69 72 48
70 67 48
70 69 1231
70 73 48
71 68 48
71 72 1231
71 74 48
72 23 154
72 69 48
72 71 1231
72 75 48
73 23 1077
73 70 48
73 76 48
74 18 50
74 71 48
74 77 48
75 13 453
75 72 48
75 76 1231
75 78 48
76 73 48
76 75 1231
76 79 48
77 74 48
77 78 1231
77 80 48
78 75 48
78 77 1231
78 79 1231
78 81 48
79 76 48
79 78 1231
79 82 48
80 77 48
80 81 1231
81 78 48
81 80 1231
81 82 1231
82 79 48
82 81 1231
//LocStart LocEnd ShortestPath
0 0 0
0 1 344
0 2 807
0 3 588
0 4 2056
0 5 584
0 6 706
0 7 664
0 8 3012
0 9 1968
0 10 1963
0 11 699
0 12 1963
0 13 1618
0 14 2555
0 15 2059
0 16 1499
0 17 2973
0 18 890
0 19 2334
0 20 698
0 21 541
0 22 2145
0 23 2177
0 24 772
0 25 859
0 26 2260
0 27 2016
0 28 2742
0 29 120
0 30 1351
0 31 2582
0 32 168
0 33 1399
0 34 2630
0 35 216
0 36 1447
0 37 2678
0 38 264
0 39 1495
0 40 2726
0 41 312
0 42 1543
0 43 2774
0 44 360
0 45 1591
0 46 2822
0 47 408
0 48 1639
0 49 2870
0 50 456
0 51 1687
0 52 2918
0 53 504
0 54 1735
0 55 2966
0 56 552
0 57 1783
0 58 3014
0 59 600
0 60 1831
0 61 3062
0 62 648
0 63 1879
0 64 3110
0 65 696
0 66 1927
0 67 3158
0 68 744
0 69 1975
0 70 3206
0 71 792
0 72 2023
0 73 3254
0 74 840
0 75 2071
0 76 3302
0 77 888
0 78 2119
0 79 3350
0 80 936
0 81 2167
0 82 3398
0 83 0
1 0 344
1 1 0
1 2 719
1 3 500
1 4 1712
1 5 496
1 6 618
1 7 768
1 8 2668
1 9 1624
1 10 1619
1 11 707
1 12 1619
1 13 1530
1 14 2211
1 15 1715
1 16 1411
1 17 2629
1 18 802
1 19 1990
1 20 610
1 21 453
1 22 1801
1 23 1833
1 24 684
1 25 771
1 26 1916
1 27 1672
1 28 2398
1 29 224
1 30 1199
1 31 2430
1 32 176
1 33 1151
1 34 2382
1 35 128
1 36 1103
1 37 2334
1 38 176
1 39 1151
1 40 2382
1 41 224
1 42 1199
1 43 2430
1 44 272
1 45 1247
1 46 2478
1 47 320
1 48 1295
1 49 2526
1 50 368
1 51 1343
1 52 2574
1 53 416
1 54 1391
1 55 2622
1 56 464
1 57 1439
1 58 2670
1 59 512
1 60 1487
1 61 2718
1 62 560
1 63 1535
1 64 2766
1 65 608
1 66 1583
1 67 2814
1 68 656
1 69 1631
1 70 2862
1 71 704
1 72 1679
1 73 2910
1 74 752
1 75 1727
1 76 2958
1 77 800
1 78 1775
1 79 3006
1 80 848
1 81 1823
1 82 3054
1 83 344
2 0 807
2 1 719
2 2 0
2 3 579
2 4 2305
2 5 479
2 6 409
2 7 1231
2 8 2493
2 9 1353
2 10 1540
2 11 1170
2 12 1540
2 13 937
2 14 2612
2 15 1444
2 16 1202
2 17 2454
2 18 209
2 19 2391
2 20 209
2 21 340
2 22 1722
2 23 1370
2 24 187
2 25 52
2 26 2413
2 27 1305
2 28 2607
2 29 687
2 30 1792
2 31 3023
2 32 639
2 33 1744
2 34 2975
2 35 591
2 36 1696
2 37 2927
2 38 543
2 39 1648
2 40 2879
2 41 495
2 42 1600
2 43 2831
2 44 447
2 45 1552
2 46 2783
2 47 399
2 48 1504
2 49 2735
2 50 351
2 51 1456
2 52 2687
2 53 303
2 54 1408
2 55 2639
2 56 255
2 57 1360
2 58 2591
2 59 207
2 60 1312
2 61 2543
2 62 159
2 63 1264
2 64 2495
2 65 111
2 66 1216
2 67 2447
2 68 63
2 69 1168
2 70 2399
2 71 111
2 72 1216
2 73 2447
2 74 159
2 75 1264
2 76 2495
2 77 207
2 78 1312
2 79 2543
2 80 255
2 81 1360
2 82 2591
2 83 807
3 0 588
3 1 500
3 2 579
3 3 0
3 4 1852
3 5 356
3 6 478
3 7 1012
3 8 2424
3 9 1380
3 10 1375
3 11 951
3 12 1375
3 13 1390
3 14 2159
3 15 1471
3 16 1271
3 17 2385
3 18 662
3 19 1938
3 20 470
3 21 313
3 22 1557
3 23 1589
3 24 544
3 25 631
3 26 1960
3 27 1428
3 28 2154
3 29 468
3 30 1339
3 31 2570
3 32 420
3 33 1291
3 34 2522
3 35 372
3 36 1243
3 37 2474
3 38 324
3 39 1195
3 40 2426
3 41 276
3 42 1147
3 43 2378
3 44 228
3 45 1099
3 46 2330
3 47 180
3 48 1051
3 49 2282
3 50 228
3 51 1099
3 52 2330
3 53 276
3 54 1147
3 55 2378
3 56 324
3 57 1195
3 58 2426
3 59 372
3 60 1243
3 61 2474
3 62 420
3 63 1291
3 64 2522
3 65 468
3 66 1339
3 67 2570
3 68 516
3 69 1387
3 70 2618
3 71 564
3 72 1435
3 73 2666
3 74 612
3 75 1483
3 76 2714
3 77 660
3 78 1531
3 79 2762
3 80 708
3 81 1579
3 82 2810
3 83 588
4 0 2056
4 1 1712
4 2 2305
4 3 1852
4 4 0
4 5 1952
4 6 2022
4 7 1392
4 8 1056
4 9 1130
4 10 1125
4 11 1357
4 12 1125
4 13 1686
4 14 937
4 15 1221
4 16 1229
4 17 1095
4 18 2414
4 19 1158
4 20 2222
4 21 2091
4 22 1307
4 23 1339
4 24 2244
4 25 2253
4 26 1136
4 27 1178
4 28 942
4 29 1936
4 30 705
4 31 718
4 32 1888
4 33 657
4 34 670
4 35 1840
4 36 609
4 37 622
4 38 1888
4 39 657
4 40 670
4 41 1936
4 42 705
4 43 718
4 44 1984
4 45 753
4 46 766
4 47 2032
4 48 801
4 49 814
4 50 2080
4 51 849
4 52 862
4 53 2128
4 54 897
4 55 910
4 56 2176
4 57 945
4 58 958
4 59 2224
4 60 993
4 61 1006
4 62 2272
4 63 1041
4 64 1054
4 65 2320
4 66 1089
4 67 1102
4 68 2368
4 69 1137
4 70 1150
4 71 2416
4 72 1185
4 73 1198
4 74 2464
4 75 1233
4 76 1246
4 77 2512
4 78 1281
4 79 1294
4 80 2560
4 81 1329
4 82 1342
4 83 2056
5 0 584
5 1 496
5 2 479
5 3 356
5 4 1952
5 5 0
5 6 378
5 7 1008
5 8 2428
5 9 1384
5 10 1379
5 11 947
5 12 1379
5 13 1290
5 14 2259
5 15 1475
5 16 1171
5 17 2389
5 18 562
5 19 2038
5 20 370
5 21 213
5 22 1561
5 23 1593
5 24 444
5 25 531
5 26 2060
5 27 1432
5 28 2254
5 29 464
5 30 1439
5 31 2670
5 32 416
5 33 1391
5 34 2622
5 35 368
5 36 1343
5 37 2574
5 38 320
5 39 1295
5 40 2526
5 41 272
5 42 1247
5 43 2478
5 44 224
5 45 1199
5 46 2430
5 47 176
5 48 1151
5 49 2382
5 50 128
5 51 1103
5 52 2334
5 53 176
5 54 1151
5 55 2382
5 56 224
5 57 1199
5 58 2430
5 59 272
5 60 1247
5 61 2478
5 62 320
5 63 1295
5 64 2526
5 65 368
5 66 1343
5 67 2574
5 68 416
5 69 1391
5 70 2622
5 71 464
5 72 1439
5 73 2670
5 74 512
5 75 1487
5 76 2718
5 77 560
5 78 1535
5 79 2766
5 80 608
5 81 1583
5 82 2814
5 83 584
6 0 706
6 1 618
6 2 409
6 3 478
6 4 2022
6 5 378
6 6 0
6 7 1130
6 8 2306
6 9 1262
6 10 1257
6 11 1069
6 12 1257
6 13 1220
6 14 2329
6 15 1353
6 16 793
6 17 2267
6 18 492
6 19 2108
6 20 300
6 21 239
6 22 1439
6 23 1471
6 24 374
6 25 461
6 26 2130
6 27 1310
6 28 2324
6 29 586
6 30 1509
6 31 2740
6 32 538
6 33 1461
6 34 2692
6 35 490
6 36 1413
6 37 2644
6 38 442
6 39 1365
6 40 2596
6 41 394
6 42 1317
6 43 2548
6 44 346
6 45 1269
6 46 2500
6 47 298
6 48 1221
6 49 2452
6 50 250
6 51 1173
6 52 2404
6 53 202
6 54 1125
6 55 2356
6 56 154
6 57 1077
6 58 2308
6 59 202
6 60 1125
6 61 2356
6 62 250
6 63 1173
6 64 2404
6 65 298
6 66 1221
6 67 2452
6 68 346
6 69 1269
6 70 2500
6 71 394
6 72 1317
6 73 2548
6 74 442
6 75 1365
6 76 2596
6 77 490
6 78 1413
6 79 2644
6 80 538
6 81 1461
6 82 2692
6 83 706
7 0 664
7 1 768
7 2 1231
7 3 1012
7 4 1392
7 5 1008
7 6 1130
7 7 0
7 8 2348
7 9 1304
7 10 1299
7 11 1123
7 12 1299
7 13 1860
7 14 1891
7 15 1395
7 16 1403
7 17 2309
7 18 1314
7 19 1670
7 20 1122
7 21 965
7 22 1481
7 23 1513
7 24 1196
7 25 1283
7 26 1596
7 27 1352
7 28 2078
7 29 544
7 30 687
7 31 1918
7 32 592
7 33 735
7 34 1966
7 35 640
7 36 783
7 37 2014
7 38 688
7 39 831
7 40 2062
7 41 736
7 42 879
7 43 2110
7 44 784
7 45 927
7 46 2158
7 47 832
7 48 975
7 49 2206
7 50 880
7 51 1023
7 52 2254
7 53 928
7 54 1071
7 55 2302
7 56 976
7 57 1119
7 58 2350
7 59 1024
7 60 1167
7 61 2398
7 62 1072
7 63 1215
7 64 2446
7 65 1120
7 66 1263
7 67 2494
7 68 1168
7 69 1311
7 70 2542
7 71 1216
7 72 1359
7 73 2590
7 74 1264
7 75 1407
7 76 2638
7 77 1312
7 78 1455
7 79 2686
7 80 1360
7 81 1503
7 82 2734
7 83 664
8 0 3012
8 1 2668
8 2 2493
8 3 2424
8 4 1056
8 5 2428
8 6 2306
8 7 2348
8 8 0
8 9 1240
8 10 1149
8 11 2313
8 12 1149
8 13 1874
8 14 557
8 15 1149
8 16 1513
8 17 39
8 18 2602
8 19 778
8 20 2410
8 21 2471
8 22 967
8 23 1319
8 24 2432
8 25 2441
8 26 852
8 27 1288
8 28 370
8 29 2892
8 30 1661
8 31 530
8 32 2844
8 33 1613
8 34 482
8 35 2796
8 36 1565
8 37 434
8 38 2748
8 39 1517
8 40 386
8 41 2700
8 42 1469
8 43 338
8 44 2652
8 45 1421
8 46 290
8 47 2604
8 48 1373
8 49 242
8 50 2556
8 51 1325
8 52 194
8 53 2508
8 54 1277
8 55 146
8 56 2460
8 57 1229
8 58 98
8 59 2412
8 60 1181
8 61 50
8 62 2460
8 63 1229
8 64 98
8 65 2508
8 66 1277
8 67 146
8 68 2556
8 69 1325
8 70 194
8 71 2604
8 72 1373
8 73 242
8 74 2652
8 75 1421
8 76 290
8 77 2700
8 78 1469
8 79 338
8 80 2748
8 81 1517
8 82 386
8 83 3012
9 0 1968
9 1 1624
9 2 1353
9 3 1380
9 4 1130
9 5 1384
9 6 1262
9 7 1304
9 8 1240
9 9 0
9 10 365
9 11 1269
9 12 365
9 13 734
9 14 1437
9 15 91
9 16 469
9 17 1279
9 18 1462
9 19 1216
9 20 1270
9 21 1427
9 22 547
9 23 387
9 24 1292
9 25 1301
9 26 1238
9 27 226
9 28 1432
9 29 1848
9 30 617
9 31 1670
9 32 1800
9 33 569
9 34 1622
9 35 1752
9 36 521
9 37 1574
9 38 1704
9 39 473
9 40 1526
9 41 1656
9 42 425
9 43 1478
9 44 1608
9 45 377
9 46 1430
9 47 1560
9 48 329
9 49 1382
9 50 1512
9 51 281
9 52 1334
9 53 1464
9 54 233
9 55 1286
9 56 1416
9 57 185
9 58 1238
9 59 1368
9 60 137
9 61 1190
9 62 1320
9 63 89
9 64 1142
9 65 1368
9 66 137
9 67 1190
9 68 1416
9 69 185
9 70 1238
9 71 1464
9 72 233
9 73 1286
9 74 1512
9 75 281
9 76 1334
9 77 1560
9 78 329
9 79 1382
9 80 1608
9 81 377
9 82 1430
9 83 1968
10 0 1963
10 1 1619
10 2 1540
10 3 1375
10 4 1125
10 5 1379
10 6 1257
10 7 1299
10 8 1149
10 9 365
10 10 0
10 11 1264
10 12 0
10 13 921
10 14 1432
10 15 456
10 16 464
10 17 1188
10 18 1649
10 19 1211
10 20 1457
10 21 1422
10 22 182
10 23 574
10 24 1479
10 25 1488
10 26 1233
10 27 413
10 28 1323
10 29 1843
10 30 612
10 31 1483
10 32 1795
10 33 564
10 34 1435
10 35 1747
10 36 516
10 37 1387
10 38 1699
10 39 468
10 40 1339
10 41 1651
10 42 420
10 43 1291
10 44 1603
10 45 372
10 46 1243
10 47 1555
10 48 324
10 49 1195
10 50 1507
10 51 276
10 52 1147
10 53 1459
10 54 228
10 55 1099
10 56 1411
10 57 180
10 58 1051
10 59 1459
10 60 228
10 61 1099
10 62 1507
10 63 276
10 64 1147
10 65 1555
10 66 324
10 67 1195
10 68 1603
10 69 372
10 70 1243
10 71 1651
10 72 420
10 73 1291
10 74 1699
10 75 468
10 76 1339
10 77 1747
10 78 516
10 79 1387
10 80 1795
10 81 564
10 82 1435
10 83 1963
11 0 699
11 1 707
11 2 1170
11 3 951
11 4 1357
11 5 947
11 6 1069
11 7 1123
11 8 2313
11 9 1269
11 10 1264
11 11 0
11 12 1264
11 13 1825
11 14 1856
11 15 1360
11 16 1368
11 17 2274
11 18 1253
11 19 1635
11 20 1061
11 21 904
11 22 1446
11 23 1478
11 24 1135
11 25 1222
11 26 1561
11 27 1317
11 28 2043
11 29 579
11 30 748
11 31 1979
11 32 531
11 33 700
11 34 1931
11 35 579
11 36 748
11 37 1979
11 38 627
11 39 796
11 40 2027
11 41 675
11 42 844
11 43 2075
11 44 723
11 45 892
11 46 2123
11 47 771
11 48 940
11 49 2171
11 50 819
11 51 988
11 52 2219
11 53 867
11 54 1036
11 55 2267
11 56 915
11 57 1084
11 58 2315
11 59 963
11 60 1132
11 61 2363
11 62 1011
11 63 1180
11 64 2411
11 65 1059
11 66 1228
11 67 2459
11 68 1107
11 69 1276
11 70 2507
11 71 1155
11 72 1324
11 73 2555
11 74 1203
11 75 1372
11 76 2603
11 77 1251
11 78 1420
11 79 2651
11 80 1299
11 81 1468
11 82 2699
11 83 699
12 0 1963
12 1 1619
12 2 1540
12 3 1375
12 4 1125
12 5 1379
12 6 1257
12 7 1299
12 8 1149
12 9 365
12 10 0
12 11 1264
12 12 0
12 13 921
12 14 1432
12 15 456
12 16 464
12 17 1188
12 18 1649
12 19 1211
12 20 1457
12 21 1422
12 22 182
12 23 574
12 24 1479
12 25 1488
12 26 1233
12 27 413
12 28 1323
12 29 1843
12 30 612
12 31 1483
12 32 1795
12 33 564
12 34 1435
12 35 1747
12 36 516
12 37 1387
12 38 1699
12 39 468
12 40 1339
12 41 1651
12 42 420
12 43 1291
12 44 1603
12 45 372
12 46 1243
12 47 1555
12 48 324
12 49 1195
12 50 1507
12 51 276
12 52 1147
12 53 1459
12 54 228
12 55 1099
12 56 1411
12 57 180
12 58 1051
12 59 1459
12 60 228
12 61 1099
12 62 1507
12 63 276
12 64 1147
12 65 1555
12 66 324
12 67 1195
12 68 1603
12 69 372
12 70 1243
12 71 1651
12 72 420
12 73 1291
12 74 1699
12 75 468
12 76 1339
12 77 1747
12 78 516
12 79 1387
12 80 1795
12 81 564
12 82 1435
12 83 1963
13 0 1618
13 1 1530
13 2 937
13 3 1390
13 4 1686
13 5 1290
13 6 1220
13 7 1860
13 8 1874
13 9 734
13 10 921
13 11 1825
13 12 921
13 13 0
13 14 1993
13 15 825
13 16 1025
13 17 1835
13 18 728
13 19 1772
13 20 1020
13 21 1151
13 22 1103
13 23 655
13 24 998
13 25 989
13 26 1794
13 27 686
13 28 1988
13 29 1498
13 30 1173
13 31 2404
13 32 1450
13 33 1125
13 34 2356
13 35 1402
13 36 1077
13 37 2308
13 38 1354
13 39 1029
13 40 2260
13 41 1306
13 42 981
13 43 2212
13 44 1258
13 45 933
13 46 2164
13 47 1210
13 48 885
13 49 2116
13 50 1162
13 51 837
13 52 2068
13 53 1114
13 54 789
13 55 2020
13 56 1066
13 57 741
13 58 1972
13 59 1018
13 60 693
13 61 1924
13 62 970
13 63 645
13 64 1876
13 65 922
13 66 597
13 67 1828
13 68 874
13 69 549
13 70 1780
13 71 826
13 72 501
13 73 1732
13 74 778
13 75 453
13 76 1684
13 77 826
13 78 501
13 79 1732
13 80 874
13 81 549
13 82 1780
13 83 1618
14 0 2555
14 1 2211
14 2 2612
14 3 2159
14 4 937
14 5 2259
14 6 2329
14 7 1891
14 8 557
14 9 1437
14 10 1432
14 11 1856
14 12 1432
14 13 1993
14 14 0
14 15 1528
14 16 1536
14 17 596
14 18 2721
14 19 221
14 20 2529
14 21 2398
14 22 1328
14 23 1646
14 24 2551
14 25 2560
14 26 733
14 27 1485
14 28 443
14 29 2435
14 30 1204
14 31 411
14 32 2387
14 33 1156
14 34 363
14 35 2339
14 36 1108
14 37 315
14 38 2291
14 39 1060
14 40 267
14 41 2243
14 42 1012
14 43 219
14 44 2291
14 45 1060
14 46 267
14 47 2339
14 48 1108
14 49 315
14 50 2387
14 51 1156
14 52 363
14 53 2435
14 54 1204
14 55 411
14 56 2483
14 57 1252
14 58 459
14 59 2531
14 60 1300
14 61 507
14 62 2579
14 63 1348
14 64 555
14 65 2627
14 66 1396
14 67 603
14 68 2675
14 69 1444
14 70 651
14 71 2723
14 72 1492
14 73 699
14 74 2771
14 75 1540
14 76 747
14 77 2819
14 78 1588
14 79 795
14 80 2867
14 81 1636
14 82 843
14 83 2555
15 0 2059
15 1 1715
15 2 1444
15 3 1471
15 4 1221
15 5 1475
15 6 1353
15 7 1395
15 8 1149
15 9 91
15 10 456
15 11 1360
15 12 456
15 13 825
15 14 1528
15 15 0
15 16 560
15 17 1188
15 18 1553
15 19 1307
15 20 1361
15 21 1518
15 22 638
15 23 478
15 24 1383
15 25 1392
15 26 1329
15 27 317
15 28 1419
15 29 1939
15 30 708
15 31 1579
15 32 1891
15 33 660
15 34 1531
15 35 1843
15 36 612
15 37 1483
15 38 1795
15 39 564
15 40 1435
15 41 1747
15 42 516
15 43 1387
15 44 1699
15 45 468
15 46 1339
15 47 1651
15 48 420
15 49 1291
15 50 1603
15 51 372
15 52 1243
15 53 1555
15 54 324
15 55 1195
15 56 1507
15 57 276
15 58 1147
15 59 1459
15 60 228
15 61 1099
15 62 1411
15 63 180
15 64 1051
15 65 1459
15 66 228
15 67 1099
15 68 1507
15 69 276
15 70 1147
15 71 1555
15 72 324
15 73 1195
15 74 1603
15 75 372
15 76 1243
15 77 1651
15 78 420
15 79 1291
15 80 1699
15 81 468
15 82 1339
15 83 2059
16 0 1499
16 1 1411
16 2 1202
16 3 1271
16 4 1229
16 5 1171
16 6 793
16 7 1403
16 8 1513
16 9 469
16 10 464
16 11 1368
16 12 464
16 13 1025
16 14 1536
16 15 560
16 16 0
16 17 1474
16 18 1285
16 19 1315
16 20 1093
16 21 1032
16 22 646
16 23 678
16 24 1167
16 25 1254
16 26 1337
16 27 517
16 28 1531
16 29 1379
16 30 716
16 31 1947
16 32 1331
16 33 668
16 34 1899
16 35 1283
16 36 620
16 37 1851
16 38 1235
16 39 572
16 40 1803
16 41 1187
16 42 524
16 43 1755
16 44 1139
16 45 476
16 46 1707
16 47 1091
16 48 428
16 49 1659
16 50 1043
16 51 380
16 52 1611
16 53 995
16 54 332
16 55 1563
16 56 947
16 57 284
16 58 1515
16 59 995
16 60 332
16 61 1563
16 62 1043
16 63 380
16 64 1611
16 65 1091
16 66 428
16 67 1659
16 68 1139
16 69 476
16 70 1707
16 71 1187
16 72 524
16 73 1755
16 74 1235
16 75 572
16 76 1803
16 77 1283
16 78 620
16 79 1851
16 80 1331
16 81 668
16 82 1899
16 83 1499
17 0 2973
17 1 2629
17 2 2454
17 3 2385
17 4 1095
17 5 2389
17 6 2267
17 7 2309
17 8 39
17 9 1279
17 10 1188
17 11 2274
17 12 1188
17 13 1835
17 14 596
17 15 1188
17 16 1474
17 17 0
17 18 2563
17 19 817
17 20 2371
17 21 2432
17 22 1006
17 23 1358
17 24 2393
17 25 2402
17 26 891
17 27 1327
17 28 409
17 29 2853
17 30 1622
17 31 569
17 32 2805
17 33 1574
17 34 521
17 35 2757
17 36 1526
17 37 473
17 38 2709
17 39 1478
17 40 425
17 41 2661
17 42 1430
17 43 377
17 44 2613
17 45 1382
17 46 329
17 47 2565
17 48 1334
17 49 281
17 50 2517
17 51 1286
17 52 233
17 53 2469
17 54 1238
17 55 185
17 56 2421
17 57 1190
17 58 137
17 59 2373
17 60 1142
17 61 89
17 62 2421
17 63 1190
17 64 137
17 65 2469
17 66 1238
17 67 185
17 68 2517
17 69 1286
17 70 233
17 71 2565
17 72 1334
17 73 281
17 74 2613
17 75 1382
17 76 329
17 77 2661
17 78 1430
17 79 377
17 80 2709
17 81 1478
17 82 425
17 83 2973
18 0 890
18 1 802
18 2 209
18 3 662
18 4 2414
18 5 562
18 6 492
18 7 1314
18 8 2602
18 9 1462
18 10 1649
18 11 1253
18 12 1649
18 13 728
18 14 2721
18 15 1553
18 16 1285
18 17 2563
18 18 0
18 19 2500
18 20 292
18 21 423
18 22 1831
18 23 1383
18 24 270
18 25 261
18 26 2522
18 27 1414
18 28 2716
18 29 770
18 30 1901
18 31 3132
18 32 722
18 33 1853
18 34 3084
18 35 674
18 36 1805
18 37 3036
18 38 626
18 39 1757
18 40 2988
18 41 578
18 42 1709
18 43 2940
18 44 530
18 45 1661
18 46 2892
18 47 482
18 48 1613
18 49 2844
18 50 434
18 51 1565
18 52 2796
18 53 386
18 54 1517
18 55 2748
18 56 338
18 57 1469
18 58 2700
18 59 290
18 60 1421
18 61 2652
18 62 242
18 63 1373
18 64 2604
18 65 194
18 66 1325
18 67 2556
18 68 146
18 69 1277
18 70 2508
18 71 98
18 72 1229
18 73 2460
18 74 50
18 75 1181
18 76 2412
18 77 98
18 78 1229
18 79 2460
18 80 146
18 81 1277
18 82 2508
18 83 890
19 0 2334
19 1 1990
19 2 2391
19 3 1938
19 4 1158
19 5 2038
19 6 2108
19 7 1670
19 8 778
19 9 1216
19 10 1211
19 11 1635
19 12 1211
19 13 1772
19 14 221
19 15 1307
19 16 1315
19 17 817
19 18 2500
19 19 0
19 20 2308
19 21 2177
19 22 1393
19 23 1425
19 24 2330
19 25 2339
19 26 954
19 27 1264
19 28 664
19 29 2214
19 30 983
19 31 632
19 32 2166
19 33 935
19 34 584
19 35 2118
19 36 887
19 37 536
19 38 2070
19 39 839
19 40 488
19 41 2022
19 42 791
19 43 440
19 44 2070
19 45 839
19 46 488
19 47 2118
19 48 887
19 49 536
19 50 2166
19 51 935
19 52 584
19 53 2214
19 54 983
19 55 632
19 56 2262
19 57 1031
19 58 680
19 59 2310
19 60 1079
19 61 728
19 62 2358
19 63 1127
19 64 776
19 65 2406
19 66 1175
19 67 824
19 68 2454
19 69 1223
19 70 872
19 71 2502
19 72 1271
19 73 920
19 74 2550
19 75 1319
19 76 968
19 77 2598
19 78 1367
19 79 1016
19 80 2646
19 81 1415
19 82 1064
19 83 2334
20 0 698
20 1 610
20 2 209
20 3 470
20 4 2222
20 5 370
20 6 300
20 7 1122
20 8 2410
20 9 1270
20 10 1457
20 11 1061
20 12 1457
20 13 1020
20 14 2529
20 15 1361
20 16 1093
20 17 2371
20 18 292
20 19 2308
20 20 0
20 21 231
20 22 1639
20 23 1479
20 24 174
20 25 261
20 26 2330
20 27 1318
20 28 2524
20 29 578
20 30 1709
20 31 2940
20 32 530
20 33 1661
20 34 2892
20 35 482
20 36 1613
20 37 2844
20 38 434
20 39 1565
20 40 2796
20 41 386
20 42 1517
20 43 2748
20 44 338
20 45 1469
20 46 2700
20 47 290
20 48 1421
20 49 2652
20 50 242
20 51 1373
20 52 2604
20 53 194
20 54 1325
20 55 2556
20 56 146
20 57 1277
20 58 2508
20 59 98
20 60 1229
20 61 2460
20 62 50
20 63 1181
20 64 2412
20 65 98
20 66 1229
20 67 2460
20 68 146
20 69 1277
20 70 2508
20 71 194
20 72 1325
20 73 2556
20 74 242
20 75 1373
20 76 2604
20 77 290
20 78 1421
20 79 2652
20 80 338
20 81 1469
20 82 2700
20 83 698
21 0 541
21 1 453
21 2 340
21 3 313
21 4 2091
21 5 213
21 6 239
21 7 965
21 8 2471
21 9 1427
21 10 1422
21 11 904
21 12 1422
21 13 1151
21 14 2398
21 15 1518
21 16 1032
21 17 2432
21 18 423
21 19 2177
21 20 231
21 21 0
21 22 1604
21 23 1636
21 24 305
21 25 392
21 26 2199
21 27 1475
21 28 2393
21 29 421
21 30 1578
21 31 2809
21 32 373
21 33 1530
21 34 2761
21 35 325
21 36 1482
21 37 2713
21 38 277
21 39 1434
21 40 2665
21 41 229
21 42 1386
21 43 2617
21 44 181
21 45 1338
21 46 2569
21 47 133
21 48 1290
21 49 2521
21 50 85
21 51 1242
21 52 2473
21 53 37
21 54 1194
21 55 2425
21 56 85
21 57 1242
21 58 2473
21 59 133
21 60 1290
21 61 2521
21 62 181
21 63 1338
21 64 2569
21 65 229
21 66 1386
21 67 2617
21 68 277
21 69 1434
21 70 2665
21 71 325
21 72 1482
21 73 2713
21 74 373
21 75 1530
21 76 2761
21 77 421
21 78 1578
21 79 2809
21 80 469
21 81 1626
21 82 2857
21 83 541
22 0 2145
22 1 1801
22 2 1722
22 3 1557
22 4 1307
22 5 1561
22 6 1439
22 7 1481
22 8 967
22 9 547
22 10 182
22 11 1446
22 12 182
22 13 1103
22 14 1328
22 15 638
22 16 646
22 17 1006
22 18 1831
22 19 1393
22 20 1639
22 21 1604
22 22 0
22 23 756
22 24 1661
22 25 1670
22 26 1415
22 27 595
22 28 1141
22 29 2025
22 30 794
22 31 1301
22 32 1977
22 33 746
22 34 1253
22 35 1929
22 36 698
22 37 1205
22 38 1881
22 39 650
22 40 1157
22 41 1833
22 42 602
22 43 1109
22 44 1785
22 45 554
22 46 1061
22 47 1737
22 48 506
22 49 1013
22 50 1689
22 51 458
22 52 965
22 53 1641
22 54 410
22 55 917
22 56 1593
22 57 362
22 58 869
22 59 1641
22 60 410
22 61 917
22 62 1689
22 63 458
22 64 965
22 65 1737
22 66 506
22 67 1013
22 68 1785
22 69 554
22 70 1061
22 71 1833
22 72 602
22 73 1109
22 74 1881
22 75 650
22 76 1157
22 77 1929
22 78 698
22 79 1205
22 80 1977
22 81 746
22 82 1253
22 83 2145
23 0 2177
23 1 1833
23 2 1370
23 3 1589
23 4 1339
23 5 1593
23 6 1471
23 7 1513
23 8 1319
23 9 387
23 10 574
23 11 1478
23 12 574
23 13 655
23 14 1646
23 15 478
23 16 678
23 17 1358
23 18 1383
23 19 1425
23 20 1479
23 21 1636
23 22 756
23 23 0
23 24 1405
23 25 1318
23 26 1447
23 27 339
23 28 1589
23 29 2057
23 30 826
23 31 1749
23 32 2009
23 33 778
23 34 1701
23 35 1961
23 36 730
23 37 1653
23 38 1913
23 39 682
23 40 1605
23 41 1865
23 42 634
23 43 1557
23 44 1817
23 45 586
23 46 1509
23 47 1769
23 48 538
23 49 1461
23 50 1721
23 51 490
23 52 1413
23 53 1673
23 54 442
23 55 1365
23 56 1625
23 57 394
23 58 1317
23 59 1577
23 60 346
23 61 1269
23 62 1529
23 63 298
23 64 1221
23 65 1481
23 66 250
23 67 1173
23 68 1433
23 69 202
23 70 1125
23 71 1385
23 72 154
23 73 1077
23 74 1433
23 75 202
23 76 1125
23 77 1481
23 78 250
23 79 1173
23 80 1529
23 81 298
23 82 1221
23 83 2177
24 0 772
24 1 684
24 2 187
24 3 544
24 4 2244
24 5 444
24 6 374
24 7 1196
24 8 2432
24 9 1292
24 10 1479
24 11 1135
24 12 1479
24 13 998
24 14 2551
24 15 1383
24 16 1167
24 17 2393
24 18 270
24 19 2330
24 20 174
24 21 305
24 22 1661
24 23 1405
24 24 0
24 25 239
24 26 2352
24 27 1244
24 28 2546
24 29 652
24 30 1731
24 31 2962
24 32 604
24 33 1683
24 34 2914
24 35 556
24 36 1635
24 37 2866
24 38 508
24 39 1587
24 40 2818
24 41 460
24 42 1539
24 43 2770
24 44 412
24 45 1491
24 46 2722
24 47 364
24 48 1443
24 49 2674
24 50 316
24 51 1395
24 52 2626
24 53 268
24 54 1347
24 55 2578
24 56 220
24 57 1299
24 58 2530
24 59 172
24 60 1251
24 61 2482
24 62 124
24 63 1203
24 64 2434
24 65 76
24 66 1155
24 67 2386
24 68 124
24 69 1203
24 70 2434
24 71 172
24 72 1251
24 73 2482
24 74 220
24 75 1299
24 76 2530
24 77 268
24 78 1347
24 79 2578
24 80 316
24 81 1395
24 82 2626
24 83 772
25 0 859
25 1 771
25 2 52
25 3 631
25 4 2253
25 5 531
25 6 461
25 7 1283
25 8 2441
25 9 1301
25 10 1488
25 11 1222
25 12 1488
25 13 989
25 14 2560
25 15 1392
25 16 1254
25 17 2402
25 18 261
25 19 2339
25 20 261
25 21 392
25 22 1670
25 23 1318
25 24 239
25 25 0
25 26 2361
25 27 1253
25 28 2555
25 29 739
25 30 1740
25 31 2971
25 32 691
25 33 1692
25 34 2923
25 35 643
25 36 1644
25 37 2875
25 38 595
25 39 1596
25 40 2827
25 41 547
25 42 1548
25 43 2779
25 44 499
25 45 1500
25 46 2731
25 47 451
25 48 1452
25 49 2683
25 50 403
25 51 1404
25 52 2635
25 53 355
25 54 1356
25 55 2587
25 56 307
25 57 1308
25 58 2539
25 59 259
25 60 1260
25 61 2491
25 62 211
25 63 1212
25 64 2443
25 65 163
25 66 1164
25 67 2395
25 68 115
25 69 1116
25 70 2347
25 71 163
25 72 1164
25 73 2395
25 74 211
25 75 1212
25 76 2443
25 77 259
25 78 1260
25 79 2491
25 80 307
25 81 1308
25 82 2539
25 83 859
26 0 2260
26 1 1916
26 2 2413
26 3 1960
26 4 1136
26 5 2060
26 6 2130
26 7 1596
26 8 852
26 9 1238
26 10 1233
26 11 1561
26 12 1233
26 13 1794
26 14 733
26 15 1329
26 16 1337
26 17 891
26 18 2522
26 19 954
26 20 2330
26 21 2199
26 22 1415
26 23 1447
26 24 2352
26 25 2361
26 26 0
26 27 1286
26 28 738
26 29 2140
26 30 909
26 31 610
26 32 2092
26 33 861
26 34 562
26 35 2044
26 36 813
26 37 514
26 38 1996
26 39 765
26 40 466
26 41 2044
26 42 813
26 43 514
26 44 2092
26 45 861
26 46 562
26 47 2140
26 48 909
26 49 610
26 50 2188
26 51 957
26 52 658
26 53 2236
26 54 1005
26 55 706
26 56 2284
26 57 1053
26 58 754
26 59 2332
26 60 1101
26 61 802
26 62 2380
26 63 1149
26 64 850
26 65 2428
26 66 1197
26 67 898
26 68 2476
26 69 1245
26 70 946
26 71 2524
26 72 1293
26 73 994
26 74 2572
26 75 1341
26 76 1042
26 77 2620
26 78 1389
26 79 1090
26 80 2668
26 81 1437
26 82 1138
26 83 2260
27 0 2016
27 1 1672
27 2 1305
27 3 1428
27 4 1178
27 5 1432
27 6 1310
27 7 1352
27 8 1288
27 9 226
27 10 413
27 11 1317
27 12 413
27 13 686
27 14 1485
27 15 317
27 16 517
27 17 1327
27 18 1414
27 19 1264
27 20 1318
27 21 1475
27 22 595
27 23 339
27 24 1244
27 25 1253
27 26 1286
27 27 0
27 28 1480
27 29 1896
27 30 665
27 31 1718
27 32 1848
27 33 617
27 34 1670
27 35 1800
27 36 569
27 37 1622
27 38 1752
27 39 521
27 40 1574
27 41 1704
27 42 473
27 43 1526
27 44 1656
27 45 425
27 46 1478
27 47 1608
27 48 377
27 49 1430
27 50 1560
27 51 329
27 52 1382
27 53 1512
27 54 281
27 55 1334
27 56 1464
27 57 233
27 58 1286
27 59 1416
27 60 185
27 61 1238
27 62 1368
27 63 137
27 64 1190
27 65 1320
27 66 89
27 67 1142
27 68 1368
27 69 137
27 70 1190
27 71 1416
27 72 185
27 73 1238
27 74 1464
27 75 233
27 76 1286
27 77 1512
27 78 281
27 79 1334
27 80 1560
27 81 329
27 82 1382
27 83 2016
28 0 2742
28 1 2398
28 2 2607
28 3 2154
28 4 942
28 5 2254
28 6 2324
28 7 2078
28 8 370
28 9 1432
28 10 1323
28 11 2043
28 12 1323
28 13 1988
28 14 443
28 15 1419
28 16 1531
28 17 409
28 18 2716
28 19 664
28 20 2524
28 21 2393
28 22 1141
28 23 1589
28 24 2546
28 25 2555
28 26 738
28 27 1480
28 28 0
28 29 2622
28 30 1391
28 31 416
28 32 2574
28 33 1343
28 34 368
28 35 2526
28 36 1295
28 37 320
28 38 2478
28 39 1247
28 40 272
28 41 2430
28 42 1199
28 43 224
28 44 2382
28 45 1151
28 46 176
28 47 2334
28 48 1103
28 49 128
28 50 2382
28 51 1151
28 52 176
28 53 2430
28 54 1199
28 55 224
28 56 2478
28 57 1247
28 58 272
28 59 2526
28 60 1295
28 61 320
28 62 2574
28 63 1343
28 64 368
28 65 2622
28 66 1391
28 67 416
28 68 2670
28 69 1439
28 70 464
28 71 2718
28 72 1487
28 73 512
28 74 2766
28 75 1535
28 76 560
28 77 2814
28 78 1583
28 79 608
28 80 2862
28 81 1631
28 82 656
28 83 2742
29 0 120
29 1 224
29 2 687
29 3 468
29 4 1936
29 5 464
29 6 586
29 7 544
29 8 2892
29 9 1848
29 10 1843
29 11 579
29 12 1843
29 13 1498
29 14 2435
29 15 1939
29 16 1379
29 17 2853
29 18 770
29 19 2214
29 20 578
29 21 421
29 22 2025
29 23 2057
29 24 652
29 25 739
29 26 2140
29 27 1896
29 28 2622
29 29 0
29 30 1231
29 31 2462
29 32 48
29 33 1279
29 34 2510
29 35 96
29 36 1327
29 37 2558
29 38 144
29 39 1375
29 40 2606
29 41 192
29 42 1423
29 43 2654
29 44 240
29 45 1471
29 46 2702
29 47 288
29 48 1519
29 49 2750
29 50 336
29 51 1567
29 52 2798
29 53 384
29 54 1615
29 55 2846
29 56 432
29 57 1663
29 58 2894
29 59 480
29 60 1711
29 61 2942
29 62 528
29 63 1759
29 64 2990
29 65 576
29 66 1807
29 67 3038
29 68 624
29 69 1855
29 70 3086
29 71 672
29 72 1903
29 73 3134
29 74 720
29 75 1951
29 76 3182
29 77 768
29 78 1999
29 79 3230
29 80 816
29 81 2047
29 82 3278
29 83 120
30 0 1351
30 1 1199
30 2 1792
30 3 1339
30 4 705
30 5 1439
30 6 1509
30 7 687
30 8 1661
30 9 617
30 10 612
30 11 748
30 12 612
30 13 1173
30 14 1204
30 15 708
30 16 716
30 17 1622
30 18 1901
30 19 983
30 20 1709
30 21 1578
30 22 794
30 23 826
30 24 1731
30 25 1740
30 26 909
30 27 665
30 28 1391
30 29 1231
30 30 0
30 31 1231
30 32 1279
30 33 48
30 34 1279
30 35 1327
30 36 96
30 37 1327
30 38 1375
30 39 144
30 40 1375
30 41 1423
30 42 192
30 43 1423
30 44 1471
30 45 240
30 46 1471
30 47 1519
30 48 288
30 49 1519
30 50 1567
30 51 336
30 52 1567
30 53 1615
30 54 384
30 55 1615
30 56 1663
30 57 432
30 58 1663
30 59 1711
30 60 480
30 61 1711
30 62 1759
30 63 528
30 64 1759
30 65 1807
30 66 576
30 67 1807
30 68 1855
30 69 624
30 70 1855
30 71 1903
30 72 672
30 73 1903
30 74 1951
30 75 720
30 76 1951
30 77 1999
30 78 768
30 79 1999
30 80 2047
30 81 816
30 82 2047
30 83 1351
31 0 2582
31 1 2430
31 2 3023
31 3 2570
31 4 718
31 5 2670
31 6 2740
31 7 1918
31 8 530
31 9 1670
31 10 1483
31 11 1979
31 12 1483
31 13 2404
31 14 411
31 15 1579
31 16 1947
31 17 569
31 18 3132
31 19 632
31 20 2940
31 21 2809
31 22 1301
31 23 1749
31 24 2962
31 25 2971
31 26 610
31 27 1718
31 28 416
31 29 2462
31 30 1231
31 31 0
31 32 2510
31 33 1279
31 34 48
31 35 2558
31 36 1327
31 37 96
31 38 2606
31 39 1375
31 40 144
31 41 2654
31 42 1423
31 43 192
31 44 2702
31 45 1471
31 46 240
31 47 2750
31 48 1519
31 49 288
31 50 2798
31 51 1567
31 52 336
31 53 2846
31 54 1615
31 55 384
31 56 2894
31 57 1663
31 58 432
31 59 2942
31 60 1711
31 61 480
31 62 2990
31 63 1759
31 64 528
31 65 3038
31 66 1807
31 67 576
31 68 3086
31 69 1855
31 70 624
31 71 3134
31 72 1903
31 73 672
31 74 3182
31 75 1951
31 76 720
31 77 3230
31 78 1999
31 79 768
31 80 3278
31 81 2047
31 82 816
31 83 2582
32 0 168
32 1 176
32 2 639
32 3 420
32 4 1888
32 5 416
32 6 538
32 7 592
32 8 2844
32 9 1800
32 10 1795
32 11 531
32 12 1795
32 13 1450
32 14 2387
32 15 1891
32 16 1331
32 17 2805
32 18 722
32 19 2166
32 20 530
32 21 373
32 22 1977
32 23 2009
32 24 604
32 25 691
32 26 2092
32 27 1848
32 28 2574
32 29 48
32 30 1279
32 31 2510
32 32 0
32 33 1231
32 34 2462
32 35 48
32 36 1279
32 37 2510
32 38 96
32 39 1327
32 40 2558
32 41 144
32 42 1375
32 43 2606
32 44 192
32 45 1423
32 46 2654
32 47 240
32 48 1471
32 49 2702
32 50 288
32 51 1519
32 52 2750
32 53 336
32 54 1567
32 55 2798
32 56 384
32 57 1615
32 58 2846
32 59 432
32 60 1663
32 61 2894
32 62 480
32 63 1711
32 64 2942
32 65 528
32 66 1759
32 67 2990
32 68 576
32 69 1807
32 70 3038
32 71 624
32 72 1855
32 73 3086
32 74 672
32 75 1903
32 76 3134
32 77 720
32 78 1951
32 79 3182
32 80 768
32 81 1999
32 82 3230
32 83 168
33 0 1399
33 1 1151
33 2 1744
33 3 1291
33 4 657
33 5 1391
33 6 1461
33 7 735
33 8 1613
33 9 569
33 10 564
33 11 700
33 12 564
33 13 1125
33 14 1156
33 15 660
33 16 668
33 17 1574
33 18 1853
33 19 935
33 20 1661
33 21 1530
33 22 746
33 23 778
33 24 1683
33 25 1692
33 26 861
33 27 617
33 28 1343
33 29 1279
33 30 48
33 31 1279
33 32 1231
33 33 0
33 34 1231
33 35 1279
33 36 48
33 37 1279
33 38 1327
33 39 96
33 40 1327
33 41 1375
33 42 144
33 43 1375
33 44 1423
33 45 192
33 46 1423
33 47 1471
33 48 240
33 49 1471
33 50 1519
33 51 288
33 52 1519
33 53 1567
33 54 336
33 55 1567
33 56 1615
33 57 384
33 58 1615
33 59 1663
33 60 432
33 61 1663
33 62 1711
33 63 480
33 64 1711
33 65 1759
33 66 528
33 67 1759
33 68 1807
33 69 576
33 70 1807
33 71 1855
33 72 624
33 73 1855
33 74 1903
33 75 672
33 76 1903
33 77 1951
33 78 720
33 79 1951
33 80 1999
33 81 768
33 82 1999
33 83 1399
34 0 2630
34 1 2382
34 2 2975
34 3 2522
34 4 670
34 5 2622
34 6 2692
34 7 1966
34 8 482
34 9 1622
34 10 1435
34 11 1931
34 12 1435
34 13 2356
34 14 363
34 15 1531
34 16 1899
34 17 521
34 18 3084
34 19 584
34 20 2892
34 21 2761
34 22 1253
34 23 1701
34 24 2914
34 25 2923
34 26 562
34 27 1670
34 28 368
34 29 2510
34 30 1279
34 31 48
34 32 2462
34 33 1231
34 34 0
34 35 2510
34 36 1279
34 37 48
34 38 2558
34 39 1327
34 40 96
34 41 2606
34 42 1375
34 43 144
34 44 2654
34 45 1423
34 46 192
34 47 2702
34 48 1471
34 49 240
34 50 2750
34 51 1519
34 52 288
34 53 2798
34 54 1567
34 55 336
34 56 2846
34 57 1615
34 58 384
34 59 2894
34 60 1663
34 61 432
34 62 2942
34 63 1711
34 64 480
34 65 2990
34 66 1759
34 67 528
34 68 3038
34 69 1807
34 70 576
34 71 3086
34 72 1855
34 73 624
34 74 3134
34 75 1903
34 76 672
34 77 3182
34 78 1951
34 79 720
34 80 3230
34 81 1999
34 82 768
34 83 2630
35 0 216
35 1 128
35 2 591
35 3 372
35 4 1840
35 5 368
35 6 490
35 7 640
35 8 2796
35 9 1752
35 10 1747
35 11 579
35 12 1747
35 13 1402
35 14 2339
35 15 1843
35 16 1283
35 17 2757
35 18 674
35 19 2118
35 20 482
35 21 325
35 22 1929
35 23 1961
35 24 556
35 25 643
35 26 2044
35 27 1800
35 28 2526
35 29 96
35 30 1327
35 31 2558
35 32 48
35 33 1279
35 34 2510
35 35 0
35 36 1231
35 37 2462
35 38 48
35 39 1279
35 40 2510
35 41 96
35 42 1327
35 43 2558
35 44 144
35 45 1375
35 46 2606
35 47 192
35 48 1423
35 49 2654
35 50 240
35 51 1471
35 52 2702
35 53 288
35 54 1519
35 55 2750
35 56 336
35 57 1567
35 58 2798
35 59 384
35 60 1615
35 61 2846
35 62 432
35 63 1663
35 64 2894
35 65 480
35 66 1711
35 67 2942
35 68 528
35 69 1759
35 70 2990
35 71 576
35 72 1807
35 73 3038
35 74 624
35 75 1855
35 76 3086
35 77 672
35 78 1903
35 79 3134
35 80 720
35 81 1951
35 82 3182
35 83 216
36 0 1447
36 1 1103
36 2 1696
36 3 1243
36 4 609
36 5 1343
36 6 1413
36 7 783
36 8 1565
36 9 521
36 10 516
36 11 748
36 12 516
36 13 1077
36 14 1108
36 15 612
36 16 620
36 17 1526
36 18 1805
36 19 887
36 20 1613
36 21 1482
36 22 698
36 23 730
36 24 1635
36 25 1644
36 26 813
36 27 569
36 28 1295
36 29 1327
36 30 96
36 31 1327
36 32 1279
36 33 48
36 34 1279
36 35 1231
36 36 0
36 37 1231
36 38 1279
36 39 48
36 40 1279
36 41 1327
36 42 96
36 43 1327
36 44 1375
36 45 144
36 46 1375
36 47 1423
36 48 192
36 49 1423
36 50 1471
36 51 240
36 52 1471
36 53 1519
36 54 288
36 55 1519
36 56 1567
36 57 336
36 58 1567
36 59 1615
36 60 384
36 61 1615
36 62 1663
36 63 432
36 64 1663
36 65 1711
36 66 480
36 67 1711
36 68 1759
36 69 528
36 70 1759
36 71 1807
36 72 576
36 73 1807
36 74 1855
36 75 624
36 76 1855
36 77 1903
36 78 672
36 79 1903
36 80 1951
36 81 720
36 82 1951
36 83 1447
37 0 2678
37 1 2334
37 2 2927
37 3 2474
37 4 622
37 5 2574
37 6 2644
37 7 2014
37 8 434
37 9 1574
37 10 1387
37 11 1979
37 12 1387
37 13 2308
37 14 315
37 15 1483
37 16 1851
37 17 473
37 18 3036
37 19 536
37 20 2844
37 21 2713
37 22 1205
37 23 1653
37 24 2866
37 25 2875
37 26 514
37 27 1622
37 28 320
37 29 2558
37 30 1327
37 31 96
37 32 2510
37 33 1279
37 34 48
37 35 2462
37 36 1231
37 37 0
37 38 2510
37 39 1279
37 40 48
37 41 2558
37 42 1327
37 43 96
37 44 2606
37 45 1375
37 46 144
37 47 2654
37 48 1423
37 49 192
37 50 2702
37 51 1471
37 52 240
37 53 2750
37 54 1519
37 55 288
37 56 2798
37 57 1567
37 58 336
37 59 2846
37 60 1615
37 61 384
37 62 2894
37 63 1663
37 64 432
37 65 2942
37 66 1711
37 67 480
37 68 2990
37 69 1759
37 70 528
37 71 3038
37 72 1807
37 73 576
37 74 3086
37 75 1855
37 76 624
37 77 3134
37 78 1903
37 79 672
37 80 3182
37 81 1951
37 82 720
37 83 2678
38 0 264
38 1 176
38 2 543
38 3 324
38 4 1888
38 5 320
38 6 442
38 7 688
38 8 2748
38 9 1704
38 10 1699
38 11 627
38 12 1699
38 13 1354
38 14 2291
38 15 1795
38 16 1235
38 17 2709
38 18 626
38 19 2070
38 20 434
38 21 277
38 22 1881
38 23 1913
38 24 508
38 25 595
38 26 1996
38 27 1752
38 28 2478
38 29 144
38 30 1375
38 31 2606
38 32 96
38 33 1327
38 34 2558
38 35 48
38 36 1279
38 37 2510
38 38 0
38 39 1231
38 40 2462
38 41 48
38 42 1279
38 43 2510
38 44 96
38 45 1327
38 46 2558
38 47 144
38 48 1375
38 49 2606
38 50 192
38 51 1423
38 52 2654
38 53 240
38 54 1471
38 55 2702
38 56 288
38 57 1519
38 58 2750
38 59 336
38 60 1567
38 61 2798
38 62 384
38 63 1615
38 64 2846
38 65 432
38 66 1663
38 67 2894
38 68 480
38 69 1711
38 70 2942
38 71 528
38 72 1759
38 73 2990
38 74 576
38 75 1807
38 76 3038
38 77 624
38 78 1855
38 79 3086
38 80 672
38 81 1903
38 82 3134
38 83 264
39 0 1495
39 1 1151
39 2 1648
39 3 1195
39 4 657
39 5 1295
39 6 1365
39 7 831
39 8 1517
39 9 473
39 10 468
39 11 796
39 12 468
39 13 1029
39 14 1060
39 15 564
39 16 572
39 17 1478
39 18 1757
39 19 839
39 20 1565
39 21 1434
39 22 650
39 23 682
39 24 1587
39 25 1596
39 26 765
39 27 521
39 28 1247
39 29 1375
39 30 144
39 31 1375
39 32 1327
39 33 96
39 34 1327
39 35 1279
39 36 48
39 37 1279
39 38 1231
39 39 0
39 40 1231
39 41 1279
39 42 48
39 43 1279
39 44 1327
39 45 96
39 46 1327
39 47 1375
39 48 144
39 49 1375
39 50 1423
39 51 192
39 52 1423
39 53 1471
39 54 240
39 55 1471
39 56 1519
39 57 288
39 58 1519
39 59 1567
39 60 336
39 61 1567
39 62 1615
39 63 384
39 64 1615
39 65 1663
39 66 432
39 67 1663
39 68 1711
39 69 480
39 70 1711
39 71 1759
39 72 528
39 73 1759
39 74 1807
39 75 576
39 76 1807
39 77 1855
39 78 624
39 79 1855
39 80 1903
39 81 672
39 82 1903
39 83 1495
40 0 2726
40 1 2382
40 2 2879
40 3 2426
40 4 670
40 5 2526
40 6 2596
40 7 2062
40 8 386
40 9 1526
40 10 1339
40 11 2027
40 12 1339
40 13 2260
40 14 267
40 15 1435
40 16 1803
40 17 425
40 18 2988
40 19 488
40 20 2796
40 21 2665
40 22 1157
40 23 1605
40 24 2818
40 25 2827
40 26 466
40 27 1574
40 28 272
40 29 2606
40 30 1375
40 31 144
40 32 2558
40 33 1327
40 34 96
40 35 2510
40 36 1279
40 37 48
40 38 2462
40 39 1231
40 40 0
40 41 2510
40 42 1279
40 43 48
40 44 2558
40 45 1327
40 46 96
40 47 2606
40 48 1375
40 49 144
40 50 2654
40 51 1423
40 52 192
40 53 2702
40 54 1471
40 55 240
40 56 2750
40 57 1519
40 58 288
40 59 2798
40 60 1567
40 61 336
40 62 2846
40 63 1615
40 64 384
40 65 2894
40 66 1663
40 67 432
40 68 2942
40 69 1711
40 70 480
40 71 2990
40 72 1759
40 73 528
40 74 3038
40 75 1807
40 76 576
40 77 3086
40 78 1855
40 79 624
40 80 3134
40 81 1903
40 82 672
40 83 2726
41 0 312
41 1 224
41 2 495
41 3 276
41 4 1936
41 5 272
41 6 394
41 7 736
41 8 2700
41 9 1656
41 10 1651
41 11 675
41 12 1651
41 13 1306
41 14 2243
41 15 1747
41 16 1187
41 17 2661
41 18 578
41 19 2022
41 20 386
41 21 229
41 22 1833
41 23 1865
41 24 460
41 25 547
41 26 2044
41 27 1704
41 28 2430
41 29 192
41 30 1423
41 31 2654
41 32 144
41 33 1375
41 34 2606
41 35 96
41 36 1327
41 37 2558
41 38 48
41 39 1279
41 40 2510
41 41 0
41 42 1231
41 43 2462
41 44 48
41 45 1279
41 46 2510
41 47 96
41 48 1327
41 49 2558
41 50 144
41 51 1375
41 52 2606
41 53 192
41 54 1423
41 55 2654
41 56 240
41 57 1471
41 58 2702
41 59 288
41 60 1519
41 61 2750
41 62 336
41 63 1567
41 64 2798
41 65 384
41 66 1615
41 67 2846
41 68 432
41 69 1663
41 70 2894
41 71 480
41 72 1711
41 73 2942
41 74 528
41 75 1759
41 76 2990
41 77 576
41 78 1807
41 79 3038
41 80 624
41 81 1855
41 82 3086
41 83 312
42 0 1543
42 1 1199
42 2 1600
42 3 1147
42 4 705
42 5 1247
42 6 1317
42 7 879
42 8 1469
42 9 425
42 10 420
42 11 844
42 12 420
42 13 981
42 14 1012
42 15 516
42 16 524
42 17 1430
42 18 1709
42 19 791
42 20 1517
42 21 1386
42 22 602
42 23 634
42 24 1539
42 25 1548
42 26 813
42 27 473
42 28 1199
42 29 1423
42 30 192
42 31 1423
42 32 1375
42 33 144
42 34 1375
42 35 1327
42 36 96
42 37 1327
42 38 1279
42 39 48
42 40 1279
42 41 1231
42 42 0
42 43 1231
42 44 1279
42 45 48
42 46 1279
42 47 1327
42 48 96
42 49 1327
42 50 1375
42 51 144
42 52 1375
42 53 1423
42 54 192
42 55 1423
42 56 1471
42 57 240
42 58 1471
42 59 1519
42 60 288
42 61 1519
42 62 1567
42 63 336
42 64 1567
42 65 1615
42 66 384
42 67 1615
42 68 1663
42 69 432
42 70 1663
