//alpha
1
//NbLocations
79
//NbProducts
24
//NbPickers
2
//CapaPicker
4
//TimeToTravelOneDistanceUnit
3
//SetupTime
5400
//PickTime
300
//Products
//Idx Location Size
1 1 1
2 2 1
3 3 1
4 4 1
5 5 1
6 6 1
7 7 1
8 8 1
9 9 1
10 10 1
11 11 1
12 12 1
13 13 1
14 14 1
15 15 1
16 16 1
17 17 1
18 18 1
19 19 1
20 20 1
21 21 1
22 22 1
23 23 1
24 24 1
//Orders
//NbOrders
12
//Idx DueDate TardinessPenalty NbProdInOrder ProdIdx1 Qty1 ProdIdx2 Qty2 ...
1 108000 0 1 1 1
2 72000 0 4 2 1 3 1 4 1 5 1
3 72000 0 1 6 1
4 108000 0 2 7 1 8 1
5 54000 0 1 9 1
6 54000 0 2 10 1 11 1
7 108000 0 2 12 1 13 1
8 144000 0 1 14 1
9 54000 0 2 15 1 16 1
10 36000 0 4 17 1 18 1 19 1 20 1
11 126000 0 2 21 1 22 1
12 54000 0 2 23 1 24 1
//Graph (Products are vertices indexed from 1 to NbProducts)
//NbVerticesIntersections
54
//DepartingDepot
0
//ArrivalDepot
79
//Arcs
//Start End Distance
0 25 120
1 3 13
1 26 141
2 14 26
2 29 830
3 1 13
3 25 1077
4 55 531
4 56 700
5 13 182
5 23 364
6 74 115
6 75 1116
7 11 39
7 29 128
8 14 104
8 28 271
9 44 622
9 45 609
10 13 78
10 32 375
11 7 39
11 30 1064
12 34 414
12 35 817
13 5 182
13 10 78
14 2 26
14 8 104
15 50 661
15 51 570
16 68 622
16 69 609
17 23 130
17 31 102
18 20 130
18 38 544
19 26 1129
19 27 102
20 18 130
20 39 557
21 46 752
21 47 479
22 32 557
22 33 674
23 5 364
23 17 130
24 41 648
24 42 583
25 3 1077
25 28 48
25 79 120
26 1 141
26 19 1129
26 29 48
27 19 102
27 30 48
28 8 271
28 25 48
28 31 48
29 2 830
29 7 128
29 26 48
29 32 48
30 11 1064
30 27 48
30 33 48
31 17 102
31 28 48
31 34 48
32 10 375
32 22 557
32 29 48
32 35 48
33 22 674
33 30 48
33 36 48
34 12 414
34 31 48
34 37 48
35 12 817
35 32 48
35 36 1231
35 38 48
36 33 48
36 35 1231
36 39 48
37 34 48
37 38 1231
37 40 48
38 18 544
38 35 48
38 37 1231
38 41 48
39 20 557
39 36 48
39 42 48
40 37 48
40 41 1231
40 43 48
41 24 648
41 38 48
41 40 1231
41 44 48
42 24 583
42 39 48
42 45 48
43 40 48
43 44 1231
43 46 48
44 9 622
44 41 48
44 43 1231
44 47 48
45 9 609
45 42 48
45 48 48
46 21 752
46 43 48
46 49 48
47 21 479
47 44 48
47 48 1231
47 50 48
48 45 48
48 47 1231
48 51 48
49 46 48
49 50 1231
49 52 48
50 15 661
50 47 48
50 49 1231
50 53 48
51 15 570
51 48 48
51 54 48
52 49 48
52 53 1231
52 55 48
53 50 48
53 52 1231
53 54 1231
53 56 48
54 51 48
54 53 1231
54 57 48
55 4 531
55 52 48
55 58 48
56 4 700
56 53 48
56 57 1231
56 59 48
57 54 48
57 56 1231
57 60 48
58 55 48
58 59 1231
58 61 48
59 56 48
59 58 1231
59 60 1231
59 62 48
60 57 48
60 59 1231
60 63 48
61 58 48
61 62 1231
61 64 48
62 59 48
62 61 1231
62 63 1231
62 65 48
63 60 48
63 62 1231
63 66 48
64 61 48
64 65 1231
64 67 48
65 62 48
65 64 1231
65 66 1231
65 68 48
66 63 48
66 65 1231
66 69 48
67 64 48
67 68 1231
67 70 48
68 16 622
68 65 48
68 67 1231
68 71 48
69 16 609
69 66 48
69 72 48
70 67 48
70 71 1231
70 73 48
71 68 48
71 70 1231
71 72 1231
71 74 48
72 69 48
72 71 1231
72 75 48
73 70 48
73 74 1231
73 76 48
74 6 115
74 71 48
74 73 1231
74 77 48
75 6 1116
75 72 48
75 78 48
76 73 48
76 77 1231
77 74 48
77 76 1231
77 78 1231
78 75 48
78 77 1231
//LocStart LocEnd ShortestPath
0 0 0
0 1 1210
0 2 569
0 3 1197
0 4 1131
0 5 812
0 6 2234
0 7 1527
0 8 439
0 9 2261
0 10 1072
0 11 1566
0 12 678
0 13 994
0 14 543
0 15 2396
0 16 2645
0 17 318
0 18 2087
0 19 2480
0 20 2217
0 21 1208
0 22 2004
0 23 448
0 24 2239
0 25 120
0 26 1351
0 27 2582
0 28 168
0 29 1399
0 30 2630
0 31 216
0 32 1447
0 33 2678
0 34 264
0 35 1495
0 36 2726
0 37 312
0 38 1543
0 39 2774
0 40 360
0 41 1591
0 42 2822
0 43 408
0 44 1639
0 45 2870
0 46 456
0 47 1687
0 48 2918
0 49 504
0 50 1735
0 51 2966
0 52 552
0 53 1783
0 54 3014
0 55 600
0 56 1831
0 57 3062
0 58 648
0 59 1879
0 60 3110
0 61 696
0 62 1927
0 63 3158
0 64 744
0 65 1975
0 66 3206
0 67 792
0 68 2023
0 69 3254
0 70 840
0 71 2071
0 72 3302
0 73 888
0 74 2119
0 75 3350
0 76 936
0 77 2167
0 78 3398
0 79 0
1 0 1210
1 1 0
1 2 1019
1 3 13
1 4 1321
1 5 872
1 6 1024
1 7 317
1 8 1149
1 9 1051
1 10 612
1 11 356
1 12 1102
1 13 690
1 14 1045
1 15 1186
1 16 1435
1 17 1288
1 18 877
1 19 1270
1 20 1007
1 21 956
1 22 794
1 23 1236
1 24 1029
1 25 1090
1 26 141
1 27 1372
1 28 1138
1 29 189
1 30 1420
1 31 1186
1 32 237
1 33 1468
1 34 1234
1 35 285
1 36 1516
1 37 1282
1 38 333
1 39 1564
1 40 1330
1 41 381
1 42 1612
1 43 1378
1 44 429
1 45 1660
1 46 1426
1 47 477
1 48 1708
1 49 1474
1 50 525
1 51 1756
1 52 1522
1 53 573
1 54 1804
1 55 1570
1 56 621
1 57 1852
1 58 1618
1 59 669
1 60 1900
1 61 1666
1 62 717
1 63 1948
1 64 1714
1 65 765
1 66 1996
1 67 1762
1 68 813
1 69 2044
1 70 1810
1 71 861
1 72 2092
1 73 1858
1 74 909
1 75 2140
1 76 1906
1 77 957
1 78 2188
1 79 1210
2 0 569
2 1 1019
2 2 0
2 3 1032
2 4 1364
2 5 1045
2 6 1665
2 7 958
2 8 130
2 9 1692
2 10 1253
2 11 997
2 12 911
2 13 1227
2 14 26
2 15 1827
2 16 2076
2 17 551
2 18 1518
2 19 2007
2 20 1648
2 21 1441
2 22 1435
2 23 681
2 24 1670
2 25 449
2 26 878
2 27 2109
2 28 401
2 29 830
2 30 2061
2 31 449
2 32 878
2 33 2109
2 34 497
2 35 926
2 36 2157
2 37 545
2 38 974
2 39 2205
2 40 593
2 41 1022
2 42 2253
2 43 641
2 44 1070
2 45 2301
2 46 689
2 47 1118
2 48 2349
2 49 737
2 50 1166
2 51 2397
2 52 785
2 53 1214
2 54 2445
2 55 833
2 56 1262
2 57 2493
2 58 881
2 59 1310
2 60 2541
2 61 929
2 62 1358
2 63 2589
2 64 977
2 65 1406
2 66 2637
2 67 1025
2 68 1454
2 69 2685
2 70 1073
2 71 1502
2 72 2733
2 73 1121
2 74 1550
2 75 2781
2 76 1169
2 77 1598
2 78 2829
2 79 569
3 0 1197
3 1 13
3 2 1032
3 3 0
3 4 1334
3 5 885
3 6 1037
3 7 330
3 8 1162
3 9 1064
3 10 625
3 11 369
3 12 1115
3 13 703
3 14 1058
3 15 1199
3 16 1448
3 17 1275
3 18 890
3 19 1283
3 20 1020
3 21 969
3 22 807
3 23 1249
3 24 1042
3 25 1077
3 26 154
3 27 1385
3 28 1125
3 29 202
3 30 1433
3 31 1173
3 32 250
3 33 1481
3 34 1221
3 35 298
3 36 1529
3 37 1269
3 38 346
3 39 1577
3 40 1317
3 41 394
3 42 1625
3 43 1365
3 44 442
3 45 1673
3 46 1413
3 47 490
3 48 1721
3 49 1461
3 50 538
3 51 1769
3 52 1509
3 53 586
3 54 1817
3 55 1557
3 56 634
3 57 1865
3 58 1605
3 59 682
3 60 1913
3 61 1653
3 62 730
3 63 1961
3 64 1701
3 65 778
3 66 2009
3 67 1749
3 68 826
3 69 2057
3 70 1797
3 71 874
3 72 2105
3 73 1845
3 74 922
3 75 2153
3 76 1893
3 77 970
3 78 2201
3 79 1197
4 0 1131
4 1 1321
4 2 1364
4 3 1334
4 4 0
4 5 1511
4 6 1103
4 7 1260
4 8 1234
4 9 1514
4 10 1459
4 11 1299
4 12 1281
4 13 1537
4 14 1338
4 15 1457
4 16 1514
4 17 1017
4 18 1532
4 19 2309
4 20 1662
4 21 1323
4 22 1641
4 23 1147
4 24 1588
4 25 1011
4 26 1180
4 27 2411
4 28 963
4 29 1132
4 30 2363
4 31 915
4 32 1084
4 33 2315
4 34 867
4 35 1036
4 36 2267
4 37 819
4 38 988
4 39 2219
4 40 771
4 41 940
4 42 2171
4 43 723
4 44 892
4 45 2123
4 46 675
4 47 844
4 48 2075
4 49 627
4 50 796
4 51 2027
4 52 579
4 53 748
4 54 1979
4 55 531
4 56 700
4 57 1931
4 58 579
4 59 748
4 60 1979
4 61 627
4 62 796
4 63 2027
4 64 675
4 65 844
4 66 2075
4 67 723
4 68 892
4 69 2123
4 70 771
4 71 940
4 72 2171
4 73 819
4 74 988
4 75 2219
4 76 867
4 77 1036
4 78 2267
4 79 1131
5 0 812
5 1 872
5 2 1045
5 3 885
5 4 1511
5 5 0
5 6 1422
5 7 811
5 8 915
5 9 1449
5 10 260
5 11 850
5 12 1058
5 13 182
5 14 1019
5 15 1584
5 16 1833
5 17 494
5 18 1275
5 19 1860
5 20 1405
5 21 1354
5 22 1192
5 23 364
5 24 1427
5 25 692
5 26 731
5 27 1962
5 28 644
5 29 683
5 30 1914
5 31 596
5 32 635
5 33 1866
5 34 644
5 35 683
5 36 1914
5 37 692
5 38 731
5 39 1962
5 40 740
5 41 779
5 42 2010
5 43 788
5 44 827
5 45 2058
5 46 836
5 47 875
5 48 2106
5 49 884
5 50 923
5 51 2154
5 52 932
5 53 971
5 54 2202
5 55 980
5 56 1019
5 57 2250
5 58 1028
5 59 1067
5 60 2298
5 61 1076
5 62 1115
5 63 2346
5 64 1124
5 65 1163
5 66 2394
5 67 1172
5 68 1211
5 69 2442
5 70 1220
5 71 1259
5 72 2490
5 73 1268
5 74 1307
5 75 2538
5 76 1316
5 77 1355
5 78 2586
5 79 812
6 0 2234
6 1 1024
6 2 1665
6 3 1037
6 4 1103
6 5 1422
6 6 0
6 7 963
6 8 1795
6 9 1217
6 10 1162
6 11 1002
6 12 1556
6 13 1240
6 14 1691
6 15 1160
6 16 833
6 17 1916
6 18 1235
6 19 1986
6 20 1365
6 21 1026
6 22 1344
6 23 1786
6 24 1291
6 25 2114
6 26 883
6 27 1884
6 28 2066
6 29 835
6 30 1836
6 31 2018
6 32 787
6 33 1788
6 34 1970
6 35 739
6 36 1740
6 37 1922
6 38 691
6 39 1692
6 40 1874
6 41 643
6 42 1644
6 43 1826
6 44 595
6 45 1596
6 46 1778
6 47 547
6 48 1548
6 49 1730
6 50 499
6 51 1500
6 52 1682
6 53 451
6 54 1452
6 55 1634
6 56 403
6 57 1404
6 58 1586
6 59 355
6 60 1356
6 61 1538
6 62 307
6 63 1308
6 64 1490
6 65 259
6 66 1260
6 67 1442
6 68 211
6 69 1212
6 70 1394
6 71 163
6 72 1164
6 73 1346
6 74 115
6 75 1116
6 76 1394
6 77 163
6 78 1164
6 79 2234
7 0 1527
7 1 317
7 2 958
7 3 330
7 4 1260
7 5 811
7 6 963
7 7 0
7 8 1088
7 9 990
7 10 551
7 11 39
7 12 1041
7 13 629
7 14 984
7 15 1125
7 16 1374
7 17 1305
7 18 816
7 19 1253
7 20 946
7 21 895
7 22 733
7 23 1175
7 24 968
7 25 1407
7 26 176
7 27 1151
7 28 1359
7 29 128
7 30 1103
7 31 1407
7 32 176
7 33 1151
7 34 1455
7 35 224
7 36 1199
7 37 1503
7 38 272
7 39 1247
7 40 1551
7 41 320
7 42 1295
7 43 1599
7 44 368
7 45 1343
7 46 1647
7 47 416
7 48 1391
7 49 1695
7 50 464
7 51 1439
7 52 1743
7 53 512
7 54 1487
7 55 1791
7 56 560
7 57 1535
7 58 1839
7 59 608
7 60 1583
7 61 1887
7 62 656
7 63 1631
7 64 1935
7 65 704
7 66 1679
7 67 1983
7 68 752
7 69 1727
7 70 2031
7 71 800
7 72 1775
7 73 2079
7 74 848
7 75 1823
7 76 2127
7 77 896
7 78 1871
7 79 1527
8 0 439
8 1 1149
8 2 130
8 3 1162
8 4 1234
8 5 915
8 6 1795
8 7 1088
8 8 0
8 9 1822
8 10 1175
8 11 1127
8 12 781
8 13 1097
8 14 104
8 15 1957
8 16 2206
8 17 421
8 18 1648
8 19 2137
8 20 1778
8 21 1311
8 22 1565
8 23 551
8 24 1800
8 25 319
8 26 1008
8 27 2239
8 28 271
8 29 960
8 30 2191
8 31 319
8 32 1008
8 33 2239
8 34 367
8 35 1056
8 36 2287
8 37 415
8 38 1104
8 39 2335
8 40 463
8 41 1152
8 42 2383
8 43 511
8 44 1200
8 45 2431
8 46 559
8 47 1248
8 48 2479
8 49 607
8 50 1296
8 51 2527
8 52 655
8 53 1344
8 54 2575
8 55 703
8 56 1392
8 57 2623
8 58 751
8 59 1440
8 60 2671
8 61 799
8 62 1488
8 63 2719
8 64 847
8 65 1536
8 66 2767
8 67 895
8 68 1584
8 69 2815
8 70 943
8 71 1632
8 72 2863
8 73 991
8 74 1680
8 75 2911
8 76 1039
8 77 1728
8 78 2959
8 79 439
9 0 2261
9 1 1051
9 2 1692
9 3 1064
9 4 1514
9 5 1449
9 6 1217
9 7 990
9 8 1822
9 9 0
9 10 1189
9 11 1029
9 12 1583
9 13 1267
9 14 1718
9 15 1275
9 16 1602
9 17 1943
9 18 1262
9 19 999
9 20 1262
9 21 1149
9 22 1371
9 23 1813
9 24 1240
9 25 2141
9 26 910
9 27 897
9 28 2093
9 29 862
9 30 849
9 31 2045
9 32 814
9 33 801
9 34 1997
9 35 766
9 36 753
9 37 1949
9 38 718
9 39 705
9 40 1901
9 41 670
9 42 657
9 43 1853
9 44 622
9 45 609
9 46 1901
9 47 670
9 48 657
9 49 1949
9 50 718
9 51 705
9 52 1997
9 53 766
9 54 753
9 55 2045
9 56 814
9 57 801
9 58 2093
9 59 862
9 60 849
9 61 2141
9 62 910
9 63 897
9 64 2189
9 65 958
9 66 945
9 67 2237
9 68 1006
9 69 993
9 70 2285
9 71 1054
9 72 1041
9 73 2333
9 74 1102
9 75 1089
9 76 2381
9 77 1150
9 78 1137
9 79 2261
10 0 1072
10 1 612
10 2 1253
10 3 625
10 4 1459
10 5 260
10 6 1162
10 7 551
10 8 1175
10 9 1189
10 10 0
10 11 590
10 12 1240
10 13 78
10 14 1279
10 15 1324
10 16 1573
10 17 754
10 18 1015
10 19 1600
10 20 1145
10 21 1094
10 22 932
10 23 624
10 24 1167
10 25 952
10 26 471
10 27 1702
10 28 904
10 29 423
10 30 1654
10 31 856
10 32 375
10 33 1606
10 34 904
10 35 423
10 36 1654
10 37 952
10 38 471
10 39 1702
10 40 1000
10 41 519
10 42 1750
10 43 1048
10 44 567
10 45 1798
10 46 1096
10 47 615
10 48 1846
10 49 1144
10 50 663
10 51 1894
10 52 1192
10 53 711
10 54 1942
10 55 1240
10 56 759
10 57 1990
10 58 1288
10 59 807
10 60 2038
10 61 1336
10 62 855
10 63 2086
10 64 1384
10 65 903
10 66 2134
10 67 1432
10 68 951
10 69 2182
10 70 1480
10 71 999
10 72 2230
10 73 1528
10 74 1047
10 75 2278
10 76 1576
10 77 1095
10 78 2326
10 79 1072
11 0 1566
11 1 356
11 2 997
11 3 369
11 4 1299
11 5 850
11 6 1002
11 7 39
11 8 1127
11 9 1029
11 10 590
11 11 0
11 12 1080
11 13 668
11 14 1023
11 15 1164
11 16 1413
11 17 1344
11 18 855
11 19 1214
11 20 985
11 21 934
11 22 772
11 23 1214
11 24 1007
11 25 1446
11 26 215
11 27 1112
11 28 1398
11 29 167
11 30 1064
11 31 1446
11 32 215
11 33 1112
11 34 1494
11 35 263
11 36 1160
11 37 1542
11 38 311
11 39 1208
11 40 1590
11 41 359
11 42 1256
11 43 1638
11 44 407
11 45 1304
11 46 1686
11 47 455
11 48 1352
11 49 1734
11 50 503
11 51 1400
11 52 1782
11 53 551
11 54 1448
11 55 1830
11 56 599
11 57 1496
11 58 1878
11 59 647
11 60 1544
11 61 1926
11 62 695
11 63 1592
11 64 1974
11 65 743
11 66 1640
11 67 2022
11 68 791
11 69 1688
11 70 2070
11 71 839
11 72 1736
11 73 2118
11 74 887
11 75 1784
11 76 2166
11 77 935
11 78 1832
11 79 1566
12 0 678
12 1 1102
12 2 911
12 3 1115
12 4 1281
12 5 1058
12 6 1556
12 7 1041
12 8 781
12 9 1583
12 10 1240
12 11 1080
12 12 0
12 13 1240
12 14 885
12 15 1718
12 16 1967
12 17 564
12 18 1409
12 19 2090
12 20 1539
12 21 1358
12 22 1422
12 23 694
12 24 1561
12 25 558
12 26 961
12 27 2192
12 28 510
12 29 913
12 30 2144
12 31 462
12 32 865
12 33 2096
12 34 414
12 35 817
12 36 2048
12 37 462
12 38 865
12 39 2096
12 40 510
12 41 913
12 42 2144
12 43 558
12 44 961
12 45 2192
12 46 606
12 47 1009
12 48 2240
12 49 654
12 50 1057
12 51 2288
12 52 702
12 53 1105
12 54 2336
12 55 750
12 56 1153
12 57 2384
12 58 798
12 59 1201
12 60 2432
12 61 846
12 62 1249
12 63 2480
12 64 894
12 65 1297
12 66 2528
12 67 942
12 68 1345
12 69 2576
12 70 990
12 71 1393
12 72 2624
12 73 1038
12 74 1441
12 75 2672
12 76 1086
12 77 1489
12 78 2720
12 79 678
13 0 994
13 1 690
13 2 1227
13 3 703
13 4 1537
13 5 182
13 6 1240
13 7 629
13 8 1097
13 9 1267
13 10 78
13 11 668
13 12 1240
13 13 0
13 14 1201
13 15 1402
13 16 1651
13 17 676
13 18 1093
13 19 1678
13 20 1223
13 21 1172
13 22 1010
13 23 546
13 24 1245
13 25 874
13 26 549
13 27 1780
13 28 826
13 29 501
13 30 1732
13 31 778
13 32 453
13 33 1684
13 34 826
13 35 501
13 36 1732
13 37 874
13 38 549
13 39 1780
13 40 922
13 41 597
13 42 1828
13 43 970
13 44 645
13 45 1876
13 46 1018
13 47 693
13 48 1924
13 49 1066
13 50 741
13 51 1972
13 52 1114
13 53 789
13 54 2020
13 55 1162
13 56 837
13 57 2068
13 58 1210
13 59 885
13 60 2116
13 61 1258
13 62 933
13 63 2164
13 64 1306
13 65 981
13 66 2212
13 67 1354
13 68 1029
13 69 2260
13 70 1402
13 71 1077
13 72 2308
13 73 1450
13 74 1125
13 75 2356
13 76 1498
13 77 1173
13 78 2404
13 79 994
14 0 543
14 1 1045
14 2 26
14 3 1058
14 4 1338
14 5 1019
14 6 1691
14 7 984
14 8 104
14 9 1718
14 10 1279
14 11 1023
14 12 885
14 13 1201
14 14 0
14 15 1853
14 16 2102
14 17 525
14 18 1544
14 19 2033
14 20 1674
14 21 1415
14 22 1461
14 23 655
14 24 1696
14 25 423
14 26 904
14 27 2135
14 28 375
14 29 856
14 30 2087
14 31 423
14 32 904
14 33 2135
14 34 471
14 35 952
14 36 2183
14 37 519
14 38 1000
14 39 2231
14 40 567
14 41 1048
14 42 2279
14 43 615
14 44 1096
14 45 2327
14 46 663
14 47 1144
14 48 2375
14 49 711
14 50 1192
14 51 2423
14 52 759
14 53 1240
14 54 2471
14 55 807
14 56 1288
14 57 2519
14 58 855
14 59 1336
14 60 2567
14 61 903
14 62 1384
14 63 2615
14 64 951
14 65 1432
14 66 2663
14 67 999
14 68 1480
14 69 2711
14 70 1047
14 71 1528
14 72 2759
14 73 1095
14 74 1576
14 75 2807
14 76 1143
14 77 1624
14 78 2855
14 79 543
15 0 2396
15 1 1186
15 2 1827
15 3 1199
15 4 1457
15 5 1584
15 6 1160
15 7 1125
15 8 1957
15 9 1275
15 10 1324
15 11 1164
15 12 1718
15 13 1402
15 14 1853
15 15 0
15 16 1467
15 17 2078
15 18 1397
15 19 1056
15 20 1319
15 21 1188
15 22 1506
15 23 1948
15 24 1297
15 25 2276
15 26 1045
15 27 954
15 28 2228
15 29 997
15 30 906
15 31 2180
15 32 949
15 33 858
15 34 2132
15 35 901
15 36 810
15 37 2084
15 38 853
15 39 762
15 40 2036
15 41 805
15 42 714
15 43 1988
15 44 757
15 45 666
15 46 1940
15 47 709
15 48 618
15 49 1892
15 50 661
15 51 570
15 52 1940
15 53 709
15 54 618
15 55 1988
15 56 757
15 57 666
15 58 2036
15 59 805
15 60 714
15 61 2084
15 62 853
15 63 762
15 64 2132
15 65 901
15 66 810
15 67 2180
15 68 949
15 69 858
15 70 2228
15 71 997
15 72 906
15 73 2276
15 74 1045
15 75 954
15 76 2324
15 77 1093
15 78 1002
15 79 2396
16 0 2645
16 1 1435
16 2 2076
16 3 1448
16 4 1514
16 5 1833
16 6 833
16 7 1374
16 8 2206
16 9 1602
16 10 1573
16 11 1413
16 12 1967
16 13 1651
16 14 2102
16 15 1467
16 16 0
16 17 2327
16 18 1646
16 19 1383
16 20 1646
16 21 1437
16 22 1755
16 23 2197
16 24 1624
16 25 2525
16 26 1294
16 27 1281
16 28 2477
16 29 1246
16 30 1233
16 31 2429
16 32 1198
16 33 1185
16 34 2381
16 35 1150
16 36 1137
16 37 2333
16 38 1102
16 39 1089
16 40 2285
16 41 1054
16 42 1041
16 43 2237
16 44 1006
16 45 993
16 46 2189
16 47 958
16 48 945
16 49 2141
16 50 910
16 51 897
16 52 2093
16 53 862
16 54 849
16 55 2045
16 56 814
16 57 801
16 58 1997
16 59 766
16 60 753
16 61 1949
16 62 718
16 63 705
16 64 1901
16 65 670
16 66 657
16 67 1853
16 68 622
16 69 609
16 70 1901
16 71 670
16 72 657
16 73 1949
16 74 718
16 75 705
16 76 1997
16 77 766
16 78 753
16 79 2645
17 0 318
17 1 1288
17 2 551
17 3 1275
17 4 1017
17 5 494
17 6 1916
17 7 1305
17 8 421
17 9 1943
17 10 754
17 11 1344
17 12 564
17 13 676
17 14 525
17 15 2078
17 16 2327
17 17 0
17 18 1769
17 19 2354
17 20 1899
17 21 1094
17 22 1686
17 23 130
17 24 1921
17 25 198
17 26 1225
17 27 2456
17 28 150
17 29 1177
17 30 2408
17 31 102
17 32 1129
17 33 2360
17 34 150
17 35 1177
17 36 2408
17 37 198
17 38 1225
17 39 2456
17 40 246
17 41 1273
17 42 2504
17 43 294
17 44 1321
17 45 2552
17 46 342
17 47 1369
17 48 2600
17 49 390
17 50 1417
17 51 2648
17 52 438
17 53 1465
17 54 2696
17 55 486
17 56 1513
17 57 2744
17 58 534
17 59 1561
17 60 2792
17 61 582
17 62 1609
17 63 2840
17 64 630
17 65 1657
17 66 2888
17 67 678
17 68 1705
17 69 2936
17 70 726
17 71 1753
17 72 2984
17 73 774
17 74 1801
17 75 3032
17 76 822
17 77 1849
17 78 3080
17 79 318
18 0 2087
18 1 877
18 2 1518
18 3 890
18 4 1532
18 5 1275
18 6 1235
18 7 816
18 8 1648
18 9 1262
18 10 1015
18 11 855
18 12 1409
18 13 1093
18 14 1544
18 15 1397
18 16 1646
18 17 1769
18 18 0
18 19 981
18 20 130
18 21 1167
18 22 1197
18 23 1639
18 24 1240
18 25 1967
18 26 736
18 27 879
18 28 1919
18 29 688
18 30 831
18 31 1871
18 32 640
18 33 783
18 34 1823
18 35 592
18 36 735
18 37 1775
18 38 544
18 39 687
18 40 1823
18 41 592
18 42 735
18 43 1871
18 44 640
18 45 783
18 46 1919
18 47 688
18 48 831
18 49 1967
18 50 736
18 51 879
18 52 2015
18 53 784
18 54 927
18 55 2063
18 56 832
18 57 975
18 58 2111
18 59 880
18 60 1023
18 61 2159
18 62 928
18 63 1071
18 64 2207
18 65 976
18 66 1119
18 67 2255
18 68 1024
18 69 1167
18 70 2303
18 71 1072
18 72 1215
18 73 2351
18 74 1120
18 75 1263
18 76 2399
18 77 1168
18 78 1311
18 79 2087
19 0 2480
19 1 1270
19 2 2007
19 3 1283
19 4 2309
19 5 1860
19 6 1986
19 7 1253
19 8 2137
19 9 999
19 10 1600
19 11 1214
19 12 2090
19 13 1678
19 14 2033
19 15 1056
19 16 1383
19 17 2354
19 18 981
19 19 0
19 20 851
19 21 1944
19 22 872
19 23 2224
19 24 925
19 25 2360
19 26 1129
19 27 102
19 28 2408
19 29 1177
19 30 150
19 31 2456
19 32 1225
19 33 198
19 34 2504
19 35 1273
19 36 246
19 37 2552
19 38 1321
19 39 294
19 40 2600
19 41 1369
19 42 342
19 43 2648
19 44 1417
19 45 390
19 46 2696
19 47 1465
19 48 438
19 49 2744
19 50 1513
19 51 486
19 52 2792
19 53 1561
19 54 534
19 55 2840
19 56 1609
19 57 582
19 58 2888
19 59 1657
19 60 630
19 61 2936
19 62 1705
19 63 678
19 64 2984
19 65 1753
19 66 726
19 67 3032
19 68 1801
19 69 774
19 70 3080
19 71 1849
19 72 822
19 73 3128
19 74 1897
19 75 870
19 76 3176
19 77 1945
19 78 918
19 79 2480
20 0 2217
20 1 1007
20 2 1648
20 3 1020
20 4 1662
20 5 1405
20 6 1365
20 7 946
20 8 1778
20 9 1262
20 10 1145
20 11 985
20 12 1539
20 13 1223
20 14 1674
20 15 1319
20 16 1646
20 17 1899
20 18 130
20 19 851
20 20 0
20 21 1297
20 22 1327
20 23 1769
20 24 1188
20 25 2097
20 26 866
20 27 749
20 28 2049
20 29 818
20 30 701
20 31 2001
20 32 770
20 33 653
20 34 1953
20 35 722
20 36 605
20 37 1905
20 38 674
20 39 557
20 40 1953
20 41 722
20 42 605
20 43 2001
20 44 770
20 45 653
20 46 2049
20 47 818
20 48 701
20 49 2097
20 50 866
20 51 749
20 52 2145
20 53 914
20 54 797
20 55 2193
20 56 962
20 57 845
20 58 2241
20 59 1010
20 60 893
20 61 2289
20 62 1058
20 63 941
20 64 2337
20 65 1106
20 66 989
20 67 2385
20 68 1154
20 69 1037
20 70 2433
20 71 1202
20 72 1085
20 73 2481
20 74 1250
20 75 1133
20 76 2529
20 77 1298
20 78 1181
20 79 2217
21 0 1208
21 1 956
21 2 1441
21 3 969
21 4 1323
21 5 1354
21 6 1026
21 7 895
21 8 1311
21 9 1149
21 10 1094
21 11 934
21 12 1358
21 13 1172
21 14 1415
21 15 1188
21 16 1437
21 17 1094
21 18 1167
21 19 1944
21 20 1297
21 21 0
21 22 1276
21 23 1224
21 24 1223
21 25 1088
21 26 815
21 27 2046
21 28 1040
21 29 767
21 30 1998
21 31 992
21 32 719
21 33 1950
21 34 944
21 35 671
21 36 1902
21 37 896
21 38 623
21 39 1854
21 40 848
21 41 575
21 42 1806
21 43 800
21 44 527
21 45 1758
21 46 752
21 47 479
21 48 1710
21 49 800
21 50 527
21 51 1758
21 52 848
21 53 575
21 54 1806
21 55 896
21 56 623
21 57 1854
21 58 944
21 59 671
21 60 1902
21 61 992
21 62 719
21 63 1950
21 64 1040
21 65 767
21 66 1998
21 67 1088
21 68 815
21 69 2046
21 70 1136
21 71 863
21 72 2094
21 73 1184
21 74 911
21 75 2142
21 76 1232
21 77 959
21 78 2190
21 79 1208
22 0 2004
22 1 794
22 2 1435
22 3 807
22 4 1641
22 5 1192
22 6 1344
22 7 733
22 8 1565
22 9 1371
22 10 932
22 11 772
22 12 1422
22 13 1010
22 14 1461
22 15 1506
22 16 1755
22 17 1686
22 18 1197
22 19 872
22 20 1327
22 21 1276
22 22 0
22 23 1556
22 24 1349
22 25 1884
22 26 653
22 27 770
22 28 1836
22 29 605
22 30 722
22 31 1788
22 32 557
22 33 674
22 34 1836
22 35 605
22 36 722
22 37 1884
22 38 653
22 39 770
22 40 1932
22 41 701
22 42 818
22 43 1980
22 44 749
22 45 866
22 46 2028
22 47 797
22 48 914
22 49 2076
22 50 845
22 51 962
22 52 2124
22 53 893
22 54 1010
22 55 2172
22 56 941
22 57 1058
22 58 2220
22 59 989
22 60 1106
22 61 2268
22 62 1037
22 63 1154
22 64 2316
22 65 1085
22 66 1202
22 67 2364
22 68 1133
22 69 1250
22 70 2412
22 71 1181
22 72 1298
22 73 2460
22 74 1229
22 75 1346
22 76 2508
22 77 1277
22 78 1394
22 79 2004
23 0 448
23 1 1236
23 2 681
23 3 1249
23 4 1147
23 5 364
23 6 1786
23 7 1175
23 8 551
23 9 1813
23 10 624
23 11 1214
23 12 694
23 13 546
23 14 655
23 15 1948
23 16 2197
23 17 130
23 18 1639
23 19 2224
23 20 1769
23 21 1224
23 22 1556
23 23 0
23 24 1791
23 25 328
23 26 1095
23 27 2326
23 28 280
23 29 1047
23 30 2278
23 31 232
23 32 999
23 33 2230
23 34 280
23 35 1047
23 36 2278
23 37 328
23 38 1095
23 39 2326
23 40 376
23 41 1143
23 42 2374
23 43 424
23 44 1191
23 45 2422
23 46 472
23 47 1239
23 48 2470
23 49 520
23 50 1287
23 51 2518
23 52 568
23 53 1335
23 54 2566
23 55 616
23 56 1383
23 57 2614
23 58 664
23 59 1431
23 60 2662
23 61 712
23 62 1479
23 63 2710
23 64 760
23 65 1527
23 66 2758
23 67 808
23 68 1575
23 69 2806
23 70 856
23 71 1623
23 72 2854
23 73 904
23 74 1671
23 75 2902
23 76 952
23 77 1719
23 78 2950
23 79 448
24 0 2239
24 1 1029
24 2 1670
24 3 1042
24 4 1588
24 5 1427
24 6 1291
24 7 968
24 8 1800
24 9 1240
24 10 1167
24 11 1007
24 12 1561
24 13 1245
24 14 1696
24 15 1297
24 16 1624
24 17 1921
24 18 1240
24 19 925
24 20 1188
24 21 1223
24 22 1349
24 23 1791
24 24 0
24 25 2119
24 26 888
24 27 823
24 28 2071
24 29 840
24 30 775
24 31 2023
24 32 792
24 33 727
24 34 1975
24 35 744
24 36 679
24 37 1927
24 38 696
24 39 631
24 40 1879
24 41 648
24 42 583
24 43 1927
24 44 696
24 45 631
24 46 1975
24 47 744
24 48 679
24 49 2023
24 50 792
24 51 727
24 52 2071
24 53 840
24 54 775
24 55 2119
24 56 888
24 57 823
24 58 2167
24 59 936
24 60 871
24 61 2215
24 62 984
24 63 919
24 64 2263
24 65 1032
24 66 967
24 67 2311
24 68 1080
24 69 1015
24 70 2359
24 71 1128
24 72 1063
24 73 2407
24 74 1176
24 75 1111
24 76 2455
24 77 1224
24 78 1159
24 79 2239
25 0 120
25 1 1090
25 2 449
25 3 1077
25 4 1011
25 5 692
25 6 2114
25 7 1407
25 8 319
25 9 2141
25 10 952
25 11 1446
25 12 558
25 13 874
25 14 423
25 15 2276
25 16 2525
25 17 198
25 18 1967
25 19 2360
25 20 2097
25 21 1088
25 22 1884
25 23 328
25 24 2119
25 25 0
25 26 1231
25 27 2462
25 28 48
25 29 1279
25 30 2510
25 31 96
25 32 1327
25 33 2558
25 34 144
25 35 1375
25 36 2606
25 37 192
25 38 1423
25 39 2654
25 40 240
25 41 1471
25 42 2702
25 43 288
25 44 1519
25 45 2750
25 46 336
25 47 1567
25 48 2798
25 49 384
25 50 1615
25 51 2846
25 52 432
25 53 1663
25 54 2894
25 55 480
25 56 1711
25 57 2942
25 58 528
25 59 1759
25 60 2990
25 61 576
25 62 1807
25 63 3038
25 64 624
25 65 1855
25 66 3086
25 67 672
25 68 1903
25 69 3134
25 70 720
25 71 1951
25 72 3182
25 73 768
25 74 1999
25 75 3230
25 76 816
25 77 2047
25 78 3278
25 79 120
26 0 1351
26 1 141
26 2 878
26 3 154
26 4 1180
26 5 731
26 6 883
26 7 176
26 8 1008
26 9 910
26 10 471
26 11 215
26 12 961
26 13 549
26 14 904
26 15 1045
26 16 1294
26 17 1225
26 18 736
26 19 1129
26 20 866
26 21 815
26 22 653
26 23 1095
26 24 888
26 25 1231
26 26 0
26 27 1231
26 28 1279
26 29 48
26 30 1279
26 31 1327
26 32 96
26 33 1327
26 34 1375
26 35 144
26 36 1375
26 37 1423
26 38 192
26 39 1423
26 40 1471
26 41 240
26 42 1471
26 43 1519
26 44 288
26 45 1519
26 46 1567
26 47 336
26 48 1567
26 49 1615
26 50 384
26 51 1615
26 52 1663
26 53 432
26 54 1663
26 55 1711
26 56 480
26 57 1711
26 58 1759
26 59 528
26 60 1759
26 61 1807
26 62 576
26 63 1807
26 64 1855
26 65 624
26 66 1855
26 67 1903
26 68 672
26 69 1903
26 70 1951
26 71 720
26 72 1951
26 73 1999
26 74 768
26 75 1999
26 76 2047
26 77 816
26 78 2047
26 79 1351
27 0 2582
27 1 1372
27 2 2109
27 3 1385
27 4 2411
27 5 1962
27 6 1884
27 7 1151
27 8 2239
27 9 897
27 10 1702
27 11 1112
27 12 2192
27 13 1780
27 14 2135
27 15 954
27 16 1281
27 17 2456
27 18 879
27 19 102
27 20 749
27 21 2046
27 22 770
27 23 2326
27 24 823
27 25 2462
27 26 1231
27 27 0
27 28 2510
27 29 1279
27 30 48
27 31 2558
27 32 1327
27 33 96
27 34 2606
27 35 1375
27 36 144
27 37 2654
27 38 1423
27 39 192
27 40 2702
27 41 1471
27 42 240
27 43 2750
27 44 1519
27 45 288
27 46 2798
27 47 1567
27 48 336
27 49 2846
27 50 1615
27 51 384
27 52 2894
27 53 1663
27 54 432
27 55 2942
27 56 1711
27 57 480
27 58 2990
27 59 1759
27 60 528
27 61 3038
27 62 1807
27 63 576
27 64 3086
27 65 1855
27 66 624
27 67 3134
27 68 1903
27 69 672
27 70 3182
27 71 1951
27 72 720
27 73 3230
27 74 1999
27 75 768
27 76 3278
27 77 2047
27 78 816
27 79 2582
28 0 168
28 1 1138
28 2 401
28 3 1125
28 4 963
28 5 644
28 6 2066
28 7 1359
28 8 271
28 9 2093
28 10 904
28 11 1398
28 12 510
28 13 826
28 14 375
28 15 2228
28 16 2477
28 17 150
28 18 1919
28 19 2408
28 20 2049
28 21 1040
28 22 1836
28 23 280
28 24 2071
28 25 48
28 26 1279
28 27 2510
28 28 0
28 29 1231
28 30 2462
28 31 48
28 32 1279
28 33 2510
28 34 96
28 35 1327
28 36 2558
28 37 144
28 38 1375
28 39 2606
28 40 192
28 41 1423
28 42 2654
28 43 240
28 44 1471
28 45 2702
28 46 288
28 47 1519
28 48 2750
28 49 336
28 50 1567
28 51 2798
28 52 384
28 53 1615
28 54 2846
28 55 432
28 56 1663
28 57 2894
28 58 480
28 59 1711
28 60 2942
28 61 528
28 62 1759
28 63 2990
28 64 576
28 65 1807
28 66 3038
28 67 624
28 68 1855
28 69 3086
28 70 672
28 71 1903
28 72 3134
28 73 720
28 74 1951
28 75 3182
28 76 768
28 77 1999
28 78 3230
28 79 168
29 0 1399
29 1 189
29 2 830
29 3 202
29 4 1132
29 5 683
29 6 835
29 7 128
29 8 960
29 9 862
29 10 423
29 11 167
29 12 913
29 13 501
29 14 856
29 15 997
29 16 1246
29 17 1177
29 18 688
29 19 1177
29 20 818
29 21 767
29 22 605
29 23 1047
29 24 840
29 25 1279
29 26 48
29 27 1279
29 28 1231
29 29 0
29 30 1231
29 31 1279
29 32 48
29 33 1279
29 34 1327
29 35 96
29 36 1327
29 37 1375
29 38 144
29 39 1375
29 40 1423
29 41 192
29 42 1423
29 43 1471
29 44 240
29 45 1471
29 46 1519
29 47 288
29 48 1519
29 49 1567
29 50 336
29 51 1567
29 52 1615
29 53 384
29 54 1615
29 55 1663
29 56 432
29 57 1663
29 58 1711
29 59 480
29 60 1711
29 61 1759
29 62 528
29 63 1759
29 64 1807
29 65 576
29 66 1807
29 67 1855
29 68 624
29 69 1855
29 70 1903
29 71 672
29 72 1903
29 73 1951
29 74 720
29 75 1951
29 76 1999
29 77 768
29 78 1999
29 79 1399
30 0 2630
30 1 1420
30 2 2061
30 3 1433
30 4 2363
30 5 1914
30 6 1836
30 7 1103
30 8 2191
30 9 849
30 10 1654
30 11 1064
30 12 2144
30 13 1732
30 14 2087
30 15 906
30 16 1233
30 17 2408
30 18 831
30 19 150
30 20 701
30 21 1998
30 22 722
30 23 2278
30 24 775
30 25 2510
30 26 1279
30 27 48
30 28 2462
30 29 1231
30 30 0
30 31 2510
30 32 1279
30 33 48
30 34 2558
30 35 1327
30 36 96
30 37 2606
30 38 1375
30 39 144
30 40 2654
30 41 1423
30 42 192
30 43 2702
30 44 1471
30 45 240
30 46 2750
30 47 1519
30 48 288
30 49 2798
30 50 1567
30 51 336
30 52 2846
30 53 1615
30 54 384
30 55 2894
30 56 1663
30 57 432
30 58 2942
30 59 1711
30 60 480
30 61 2990
30 62 1759
30 63 528
30 64 3038
30 65 1807
30 66 576
30 67 3086
30 68 1855
30 69 624
30 70 3134
30 71 1903
30 72 672
30 73 3182
30 74 1951
30 75 720
30 76 3230
30 77 1999
30 78 768
30 79 2630
31 0 216
31 1 1186
31 2 449
31 3 1173
31 4 915
31 5 596
31 6 2018
31 7 1407
31 8 319
31 9 2045
31 10 856
31 11 1446
31 12 462
31 13 778
31 14 423
31 15 2180
31 16 2429
31 17 102
31 18 1871
31 19 2456
31 20 2001
31 21 992
31 22 1788
31 23 232
31 24 2023
31 25 96
31 26 1327
31 27 2558
31 28 48
31 29 1279
31 30 2510
31 31 0
31 32 1231
31 33 2462
31 34 48
31 35 1279
31 36 2510
31 37 96
31 38 1327
31 39 2558
31 40 144
31 41 1375
31 42 2606
31 43 192
31 44 1423
31 45 2654
31 46 240
31 47 1471
31 48 2702
31 49 288
31 50 1519
31 51 2750
31 52 336
31 53 1567
31 54 2798
31 55 384
31 56 1615
31 57 2846
31 58 432
31 59 1663
31 60 2894
31 61 480
31 62 1711
31 63 2942
31 64 528
31 65 1759
31 66 2990
31 67 576
31 68 1807
31 69 3038
31 70 624
31 71 1855
31 72 3086
31 73 672
31 74 1903
31 75 3134
31 76 720
31 77 1951
31 78 3182
31 79 216
32 0 1447
32 1 237
32 2 878
32 3 250
32 4 1084
32 5 635
32 6 787
32 7 176
32 8 1008
32 9 814
32 10 375
32 11 215
32 12 865
32 13 453
32 14 904
32 15 949
32 16 1198
32 17 1129
32 18 640
32 19 1225
32 20 770
32 21 719
32 22 557
32 23 999
32 24 792
32 25 1327
32 26 96
32 27 1327
32 28 1279
32 29 48
32 30 1279
32 31 1231
32 32 0
32 33 1231
32 34 1279
32 35 48
32 36 1279
32 37 1327
32 38 96
32 39 1327
32 40 1375
32 41 144
32 42 1375
32 43 1423
32 44 192
32 45 1423
32 46 1471
32 47 240
32 48 1471
32 49 1519
32 50 288
32 51 1519
32 52 1567
32 53 336
32 54 1567
32 55 1615
32 56 384
32 57 1615
32 58 1663
32 59 432
32 60 1663
32 61 1711
32 62 480
32 63 1711
32 64 1759
32 65 528
32 66 1759
32 67 1807
32 68 576
32 69 1807
32 70 1855
32 71 624
32 72 1855
32 73 1903
32 74 672
32 75 1903
32 76 1951
32 77 720
32 78 1951
32 79 1447
33 0 2678
33 1 1468
33 2 2109
33 3 1481
33 4 2315
33 5 1866
33 6 1788
33 7 1151
33 8 2239
33 9 801
33 10 1606
33 11 1112
33 12 2096
33 13 1684
33 14 2135
33 15 858
33 16 1185
33 17 2360
33 18 783
33 19 198
33 20 653
33 21 1950
33 22 674
33 23 2230
33 24 727
33 25 2558
33 26 1327
33 27 96
33 28 2510
33 29 1279
33 30 48
33 31 2462
33 32 1231
33 33 0
33 34 2510
33 35 1279
33 36 48
33 37 2558
33 38 1327
33 39 96
33 40 2606
33 41 1375
33 42 144
33 43 2654
33 44 1423
33 45 192
33 46 2702
33 47 1471
33 48 240
33 49 2750
33 50 1519
33 51 288
33 52 2798
33 53 1567
33 54 336
33 55 2846
33 56 1615
33 57 384
33 58 2894
33 59 1663
33 60 432
33 61 2942
33 62 1711
33 63 480
33 64 2990
33 65 1759
33 66 528
33 67 3038
33 68 1807
33 69 576
33 70 3086
33 71 1855
33 72 624
33 73 3134
33 74 1903
33 75 672
33 76 3182
33 77 1951
33 78 720
33 79 2678
34 0 264
34 1 1234
34 2 497
34 3 1221
34 4 867
34 5 644
34 6 1970
34 7 1455
34 8 367
34 9 1997
34 10 904
34 11 1494
34 12 414
34 13 826
34 14 471
34 15 2132
34 16 2381
34 17 150
34 18 1823
34 19 2504
34 20 1953
34 21 944
34 22 1836
34 23 280
34 24 1975
34 25 144
34 26 1375
34 27 2606
34 28 96
34 29 1327
34 30 2558
34 31 48
34 32 1279
34 33 2510
34 34 0
34 35 1231
34 36 2462
34 37 48
34 38 1279
34 39 2510
34 40 96
34 41 1327
34 42 2558
34 43 144
34 44 1375
34 45 2606
34 46 192
34 47 1423
34 48 2654
34 49 240
34 50 1471
34 51 2702
34 52 288
34 53 1519
34 54 2750
34 55 336
34 56 1567
34 57 2798
34 58 384
34 59 1615
34 60 2846
34 61 432
34 62 1663
34 63 2894
34 64 480
34 65 1711
34 66 2942
34 67 528
34 68 1759
34 69 2990
34 70 576
34 71 1807
34 72 3038
34 73 624
34 74 1855
34 75 3086
34 76 672
34 77 1903
34 78 3134
34 79 264
35 0 1495
35 1 285
35 2 926
35 3 298
35 4 1036
35 5 683
35 6 739
35 7 224
35 8 1056
35 9 766
35 10 423
35 11 263
35 12 817
35 13 501
35 14 952
35 15 901
35 16 1150
35 17 1177
35 18 592
35 19 1273
35 20 722
35 21 671
35 22 605
35 23 1047
35 24 744
35 25 1375
35 26 144
35 27 1375
35 28 1327
35 29 96
35 30 1327
35 31 1279
35 32 48
35 33 1279
35 34 1231
35 35 0
35 36 1231
35 37 1279
35 38 48
35 39 1279
35 40 1327
35 41 96
35 42 1327
35 43 1375
35 44 144
35 45 1375
35 46 1423
35 47 192
35 48 1423
35 49 1471
35 50 240
35 51 1471
35 52 1519
35 53 288
35 54 1519
35 55 1567
35 56 336
35 57 1567
35 58 1615
35 59 384
35 60 1615
35 61 1663
35 62 432
35 63 1663
35 64 1711
35 65 480
35 66 1711
35 67 1759
35 68 528
35 69 1759
35 70 1807
35 71 576
35 72 1807
35 73 1855
35 74 624
35 75 1855
35 76 1903
35 77 672
35 78 1903
35 79 1495
36 0 2726
36 1 1516
36 2 2157
36 3 1529
36 4 2267
36 5 1914
36 6 1740
36 7 1199
36 8 2287
36 9 753
36 10 1654
36 11 1160
36 12 2048
36 13 1732
36 14 2183
36 15 810
36 16 1137
36 17 2408
36 18 735
36 19 246
36 20 605
36 21 1902
36 22 722
36 23 2278
36 24 679
36 25 2606
36 26 1375
36 27 144
36 28 2558
36 29 1327
36 30 96
36 31 2510
36 32 1279
36 33 48
36 34 2462
36 35 1231
36 36 0
36 37 2510
36 38 1279
36 39 48
36 40 2558
36 41 1327
36 42 96
36 43 2606
36 44 1375
36 45 144
36 46 2654
36 47 1423
36 48 192
36 49 2702
36 50 1471
36 51 240
36 52 2750
36 53 1519
36 54 288
36 55 2798
36 56 1567
36 57 336
36 58 2846
36 59 1615
36 60 384
36 61 2894
36 62 1663
36 63 432
36 64 2942
36 65 1711
36 66 480
36 67 2990
36 68 1759
36 69 528
36 70 3038
36 71 1807
36 72 576
36 73 3086
36 74 1855
36 75 624
36 76 3134
36 77 1903
36 78 672
36 79 2726
37 0 312
37 1 1282
37 2 545
37 3 1269
37 4 819
37 5 692
37 6 1922
37 7 1503
37 8 415
37 9 1949
37 10 952
37 11 1542
37 12 462
37 13 874
37 14 519
37 15 2084
37 16 2333
37 17 198
37 18 1775
37 19 2552
37 20 1905
37 21 896
37 22 1884
37 23 328
37 24 1927
37 25 192
37 26 1423
37 27 2654
37 28 144
37 29 1375
37 30 2606
37 31 96
37 32 1327
37 33 2558
37 34 48
37 35 1279
37 36 2510
37 37 0
37 38 1231
37 39 2462
37 40 48
37 41 1279
37 42 2510
37 43 96
37 44 1327
37 45 2558
37 46 144
37 47 1375
37 48 2606
37 49 192
37 50 1423
37 51 2654
37 52 240
37 53 1471
37 54 2702
37 55 288
37 56 1519
37 57 2750
37 58 336
37 59 1567
37 60 2798
37 61 384
37 62 1615
37 63 2846
37 64 432
37 65 1663
37 66 2894
37 67 480
37 68 1711
37 69 2942
37 70 528
37 71 1759
37 72 2990
37 73 576
37 74 1807
37 75 3038
37 76 624
37 77 1855
37 78 3086
37 79 312
38 0 1543
38 1 333
38 2 974
38 3 346
38 4 988
38 5 731
38 6 691
38 7 272
38 8 1104
38 9 718
38 10 471
38 11 311
38 12 865
38 13 549
38 14 1000
38 15 853
38 16 1102
38 17 1225
38 18 544
38 19 1321
38 20 674
38 21 623
38 22 653
38 23 1095
38 24 696
38 25 1423
38 26 192
38 27 1423
38 28 1375
38 29 144
38 30 1375
38 31 1327
38 32 96
38 33 1327
38 34 1279
38 35 48
38 36 1279
38 37 1231
38 38 0
38 39 1231
38 40 1279
38 41 48
38 42 1279
38 43 1327
38 44 96
38 45 1327
38 46 1375
38 47 144
38 48 1375
38 49 1423
38 50 192
38 51 1423
38 52 1471
38 53 240
38 54 1471
38 55 1519
38 56 288
38 57 1519
38 58 1567
38 59 336
38 60 1567
38 61 1615
38 62 384
38 63 1615
38 64 1663
38 65 432
38 66 1663
38 67 1711
38 68 480
38 69 1711
38 70 1759
38 71 528
38 72 1759
38 73 1807
38 74 576
38 75 1807
38 76 1855
38 77 624
38 78 1855
38 79 1543
39 0 2774
39 1 1564
39 2 2205
39 3 1577
39 4 2219
39 5 1962
39 6 1692
39 7 1247
39 8 2335
39 9 705
39 10 1702
39 11 1208
39 12 2096
39 13 1780
39 14 2231
39 15 762
39 16 1089
39 17 2456
39 18 687
39 19 294
39 20 557
39 21 1854
39 22 770
39 23 2326
39 24 631
39 25 2654
39 26 1423
39 27 192
39 28 2606
39 29 1375
39 30 144
39 31 2558
39 32 1327
39 33 96
39 34 2510
39 35 1279
39 36 48
39 37 2462
39 38 1231
39 39 0
39 40 2510
39 41 1279
39 42 48
39 43 2558
39 44 1327
39 45 96
39 46 2606
39 47 1375
39 48 144
39 49 2654
39 50 1423
39 51 192
39 52 2702
39 53 1471
39 54 240
39 55 2750
39 56 1519
39 57 288
39 58 2798
39 59 1567
39 60 336
39 61 2846
39 62 1615
39 63 384
39 64 2894
39 65 1663
39 66 432
39 67 2942
39 68 1711
39 69 480
39 70 2990
39 71 1759
39 72 528
39 73 3038
39 74 1807
39 75 576
39 76 3086
39 77 1855
39 78 624
39 79 2774
40 0 360
40 1 1330
40 2 593
40 3 1317
40 4 771
40 5 740
40 6 1874
40 7 1551
40 8 463
40 9 1901
40 10 1000
40 11 1590
40 12 510
40 13 922
40 14 567
40 15 2036
40 16 2285
40 17 246
40 18 1823
40 19 2600
40 20 1953
40 21 848
40 22 1932
40 23 376
40 24 1879
40 25 240
40 26 1471
40 27 2702
40 28 192
40 29 1423
40 30 2654
40 31 144
40 32 1375
40 33 2606
40 34 96
40 35 1327
40 36 2558
40 37 48
40 38 1279
40 39 2510
40 40 0
40 41 1231
40 42 2462
40 43 48
40 44 1279
40 45 2510
40 46 96
40 47 1327
40 48 2558
40 49 144
40 50 1375
40 51 2606
40 52 192
40 53 1423
40 54 2654
40 55 240
40 56 1471
40 57 2702
40 58 288
40 59 1519
40 60 2750
40 61 336
40 62 1567
40 63 2798
40 64 384
40 65 1615
40 66 2846
40 67 432
40 68 1663
40 69 2894
40 70 480
40 71 1711
40 72 2942
40 73 528
40 74 1759
40 75 2990
40 76 576
40 77 1807
40 78 3038
40 79 360
41 0 1591
41 1 381
41 2 1022
41 3 394
41 4 940
41 5 779
41 6 643
41 7 320
41 8 1152
41 9 670
41 10 519
41 11 359
41 12 913
41 13 597
41 14 1048
41 15 805
41 16 1054
41 17 1273
41 18 592
41 19 1369
41 20 722
41 21 575
41 22 701
41 23 1143
41 24 648
41 25 1471
41 26 240
41 27 1471
41 28 1423
41 29 192
41 30 1423
41 31 1375
41 32 144
41 33 1375
41 34 1327
41 35 96
41 36 1327
41 37 1279
41 38 48
41 39 1279
41 40 1231
41 41 0
41 42 1231
41 43 1279
41 44 48
41 45 1279
41 46 1327
41 47 96
41 48 1327
41 49 1375
41 50 144
41 51 1375
41 52 1423
41 53 192
41 54 1423
41 55 1471
41 56 240
41 57 1471
41 58 1519
41 59 288
41 60 1519
41 61 1567
41 62 336
41 63 1567
41 64 1615
41 65 384
41 66 1615
41 67 1663
41 68 432
41 69 1663
41 70 1711
41 71 480
41 72 1711
41 73 1759
41 74 528
41 75 1759
41 76 1807
41 77 576
41 78 1807
41 79 1591
42 0 2822
42 1 1612
42 2 2253
42 3 1625
42 4 2171
42 5 2010
42 6 1644
42 7 1295
42 8 2383
42 9 657
42 10 1750
42 11 1256
42 12 2144
42 13 1828
42 14 2279
42 15 714
42 16 1041
42 17 2504
42 18 735
42 19 342
42 20 605
42 21 1806
42 22 818
42 23 2374
42 24 583
42 25 2702
42 26 1471
42 27 240
42 28 2654
42 29 1423
42 30 192
42 31 2606
42 32 1375
42 33 144
42 34 2558
42 35 1327
42 36 96
42 37 2510
42 38 1279
42 39 48
42 40 2462
42 41 1231
42 42 0
42 43 2510
42 44 1279
42 45 48
42 46 2558
42 47 1327
42 48 96
42 49 2606
42 50 1375
42 51 144
42 52 2654
42 53 1423
42 54 192
42 55 2702
42 56 1471
42 57 240
42 58 2750
42 59 1519
42 60 288
42 61 2798
42 62 1567
42 63 336
42 64 2846
42 65 1615
42 66 384
42 67 2894
42 68 1663
42 69 432
42 70 2942
42 71 1711
42 72 480
42 73 2990
42 74 1759
42 75 528
42 76 3038
42 77 1807
42 78 576
42 79 2822
43 0 408
43 1 1378
43 2 641
43 3 1365
43 4 723
43 5 788
43 6 1826
43 7 1599
43 8 511
43 9 1853
43 10 1048
43 11 1638
43 12 558
43 13 970
43 14 615
43 15 1988
43 16 2237
43 17 294
43 18 1871
43 19 2648
43 20 2001
43 21 800
43 22 1980
43 23 424
43 24 1927
43 25 288
43 26 1519
43 27 2750
43 28 240
43 29 1471
43 30 2702
43 31 192
43 32 1423
43 33 2654
43 34 144
43 35 1375
43 36 2606
43 37 96
43 38 1327
43 39 2558
43 40 48
43 41 1279
43 42 2510
43 43 0
43 44 1231
43 45 2462
43 46 48
43 47 1279
43 48 2510
43 49 96
43 50 1327
43 51 2558
43 52 144
43 53 1375
43 54 2606
43 55 192
43 56 1423
43 57 2654
43 58 240
43 59 1471
43 60 2702
43 61 288
43 62 1519
43 63 2750
43 64 336
43 65 1567
43 66 2798
43 67 384
43 68 1615
43 69 2846
43 70 432
43 71 1663
43 72 2894
43 73 480
43 74 1711
43 75 2942
43 76 528
43 77 1759
43 78 2990
43 79 408
44 0 1639
44 1 429
44 2 1070
44 3 442
44 4 892
44 5 827
44 6 595
44 7 368
44 8 1200
44 9 622
44 10 567
44 11 407
44 12 961
44 13 645
44 14 1096
44 15 757
44 16 1006
44 17 1321
44 18 640
44 19 1417
44 20 770
44 21 527
44 22 749
44 23 1191
44 24 696
44 25 1519
44 26 288
44 27 1519
44 28 1471
44 29 240
44 30 1471
44 31 1423
44 32 192
44 33 1423
44 34 1375
44 35 144
44 36 1375
44 37 1327
44 38 96
44 39 1327
44 40 1279
44 41 48
44 42 1279
44 43 1231
44 44 0
44 45 1231
44 46 1279
44 47 48
44 48 1279
44 49 1327
44 50 96
44 51 1327
44 52 1375
44 53 144
44 54 1375
44 55 1423
44 56 192
44 57 1423
44 58 1471
44 59 240
44 60 1471
44 61 1519
44 62 288
44 63 1519
44 64 1567
44 65 336
44 66 1567
44 67 1615
44 68 384
44 69 1615
44 70 1663
44 71 432
44 72 1663
44 73 1711
44 74 480
44 75 1711
44 76 1759
44 77 528
44 78 1759
44 79 1639
45 0 2870
45 1 1660
45 2 2301
45 3 1673
45 4 2123
45 5 2058
45 6 1596
45 7 1343
45 8 2431
45 9 609
45 10 1798
45 11 1304
45 12 2192
