//alpha
1
//NbLocations
49
//NbProducts
30
//NbPickers
2
//CapaPicker
4
//TimeToTravelOneDistanceUnit
3
//SetupTime
5400
//PickTime
300
//Products
//Idx Location Size
1 1 1
2 2 1
3 3 1
4 4 1
5 5 1
6 6 1
7 7 1
8 8 1
9 9 1
10 10 1
11 11 1
12 12 1
13 13 1
14 14 1
15 15 1
16 16 1
17 17 1
18 18 1
19 19 1
20 20 1
21 21 1
22 22 1
23 23 1
24 24 1
25 25 1
26 26 1
27 27 1
28 28 1
29 29 1
30 30 1
//Orders
//NbOrders
18
//Idx DueDate TardinessPenalty NbProdInOrder ProdIdx1 Qty1 ProdIdx2 Qty2 ...
1 72000 0 1 1 1
2 90000 0 2 2 1 3 1
3 108000 0 1 4 1
4 108000 0 2 5 1 6 1
5 126000 0 2 7 1 8 1
6 126000 0 1 9 1
7 54000 0 2 10 1 11 1
8 90000 0 1 12 1
9 72000 0 1 13 1
10 126000 0 3 14 1 15 1 16 1
11 126000 0 2 17 1 18 1
12 72000 0 1 19 1
13 108000 0 4 20 1 21 1 22 1 23 1
14 54000 0 1 24 1
15 90000 0 1 25 1
16 108000 0 2 26 1 27 1
17 108000 0 1 28 1
18 108000 0 2 29 1 30 1
//Graph (Products are vertices indexed from 1 to NbProducts)
//NbVerticesIntersections
18
//DepartingDepot
0
//ArrivalDepot
49
//Arcs
//Start End Distance
0 31 120
1 3 130
1 47 154
2 19 13
2 32 63
3 1 130
3 21 39
4 13 260
4 35 89
5 9 91
5 45 271
6 14 195
6 38 63
7 24 78
7 27 26
8 12 26
8 42 193
9 5 91
9 10 52
10 9 52
10 44 37
11 15 13
11 41 401
12 8 26
12 30 182
13 4 260
13 36 102
14 6 195
14 16 65
15 11 13
15 40 37
16 14 65
16 39 128
17 18 364
17 47 37
18 17 364
18 48 50
19 2 13
19 33 375
20 28 26
20 35 375
21 3 39
21 23 65
22 43 76
22 44 375
23 21 65
23 46 63
24 7 78
24 32 284
25 26 117
25 37 128
26 25 117
26 38 206
27 7 26
27 31 63
28 20 26
28 29 13
29 28 13
29 34 37
30 12 182
30 41 50
31 27 63
31 34 48
31 49 120
32 2 63
32 24 284
32 35 48
33 19 375
33 36 48
34 29 37
34 31 48
34 37 48
35 4 89
35 20 375
35 32 48
35 38 48
36 13 102
36 33 48
36 39 48
37 25 128
37 34 48
37 40 48
38 6 63
38 26 206
38 35 48
38 41 48
39 16 128
39 36 48
39 42 48
40 15 37
40 37 48
40 43 48
41 11 401
41 30 50
41 38 48
41 44 48
42 8 193
42 39 48
42 45 48
43 22 76
43 40 48
43 46 48
44 10 37
44 22 375
44 41 48
44 47 48
45 5 271
45 42 48
45 48 48
46 23 63
46 43 48
47 1 154
47 17 37
47 44 48
48 18 50
48 45 48
//LocStart LocEnd ShortestPath
0 0 0
0 1 657
0 2 634
0 3 527
0 4 708
0 5 943
0 6 730
0 7 209
0 8 973
0 9 852
0 10 800
0 11 314
0 12 947
0 13 968
0 14 925
0 15 301
0 16 990
0 17 848
0 18 1212
0 19 647
0 20 244
0 21 488
0 22 388
0 23 423
0 24 287
0 25 344
0 26 461
0 27 183
0 28 218
0 29 205
0 30 765
0 31 120
0 32 571
0 33 1022
0 34 168
0 35 619
0 36 1070
0 37 216
0 38 667
0 39 1118
0 40 264
0 41 715
0 42 1166
0 43 312
0 44 763
0 45 1214
0 46 360
0 47 811
0 48 1262
0 49 0
1 0 657
1 1 0
1 2 457
1 3 130
1 4 435
1 5 382
1 6 361
1 7 626
1 8 508
1 9 291
1 10 239
1 11 443
1 12 482
1 13 695
1 14 556
1 15 430
1 16 621
1 17 191
1 18 555
1 19 470
1 20 565
1 21 169
1 22 421
1 23 234
1 24 678
1 25 569
1 26 504
1 27 600
1 28 539
1 29 526
1 30 300
1 31 537
1 32 394
1 33 845
1 34 489
1 35 346
1 36 797
1 37 441
1 38 298
1 39 749
1 40 393
1 41 250
1 42 701
1 43 345
1 44 202
1 45 653
1 46 297
1 47 154
1 48 605
1 49 657
2 0 634
2 1 457
2 2 0
2 3 587
2 4 200
2 5 435
2 6 222
2 7 425
2 8 465
2 9 344
2 10 292
2 11 608
2 12 439
2 13 460
2 14 417
2 15 621
2 16 482
2 17 340
2 18 678
2 19 13
2 20 486
2 21 626
2 22 630
2 23 691
2 24 347
2 25 482
2 26 365
2 27 451
2 28 512
2 29 525
2 30 257
2 31 514
2 32 63
2 33 388
2 34 562
2 35 111
2 36 436
2 37 610
2 38 159
2 39 484
2 40 658
2 41 207
2 42 532
2 43 706
2 44 255
2 45 580
2 46 754
2 47 303
2 48 628
2 49 634
3 0 527
3 1 130
3 2 587
3 3 0
3 4 565
3 5 512
3 6 491
3 7 496
3 8 638
3 9 421
3 10 369
3 11 313
3 12 612
3 13 825
3 14 686
3 15 300
3 16 751
3 17 321
3 18 685
3 19 600
3 20 435
3 21 39
3 22 291
3 23 104
3 24 574
3 25 439
3 26 556
3 27 470
3 28 409
3 29 396
3 30 430
3 31 407
3 32 524
3 33 975
3 34 359
3 35 476
3 36 927
3 37 311
3 38 428
3 39 879
3 40 263
3 41 380
3 42 831
3 43 215
3 44 332
3 45 783
3 46 167
3 47 284
3 48 735
3 49 527
4 0 708
4 1 435
4 2 200
4 3 565
4 4 0
4 5 413
4 6 200
4 7 499
4 8 443
4 9 322
4 10 270
4 11 586
4 12 417
4 13 260
4 14 395
4 15 599
4 16 460
4 17 318
4 18 604
4 19 213
4 20 464
4 21 604
4 22 608
4 23 669
4 24 421
4 25 460
4 26 343
4 27 525
4 28 490
4 29 503
4 30 235
4 31 588
4 32 137
4 33 410
4 34 540
4 35 89
4 36 362
4 37 588
4 38 137
4 39 410
4 40 636
4 41 185
4 42 458
4 43 684
4 44 233
4 45 506
4 46 732
4 47 281
4 48 554
4 49 708
5 0 943
5 1 382
5 2 435
5 3 512
5 4 413
5 5 0
5 6 339
5 7 734
5 8 486
5 9 91
5 10 143
5 11 629
5 12 460
5 13 517
5 14 534
5 15 642
5 16 495
5 17 265
5 18 369
5 19 448
5 20 699
5 21 551
5 22 555
5 23 616
5 24 656
5 25 599
5 26 482
5 27 760
5 28 725
5 29 738
5 30 278
5 31 823
5 32 372
5 33 463
5 34 775
5 35 324
5 36 415
5 37 727
5 38 276
5 39 367
5 40 679
5 41 228
5 42 319
5 43 631
5 44 180
5 45 271
5 46 679
5 47 228
5 48 319
5 49 943
6 0 730
6 1 361
6 2 222
6 3 491
6 4 200
6 5 339
6 6 0
6 7 521
6 8 369
6 9 248
6 10 196
6 11 512
6 12 343
6 13 460
6 14 195
6 15 525
6 16 260
6 17 244
6 18 582
6 19 235
6 20 486
6 21 530
6 22 534
6 23 595
6 24 443
6 25 386
6 26 269
6 27 547
6 28 512
6 29 525
6 30 161
6 31 610
6 32 159
6 33 484
6 34 562
6 35 111
6 36 436
6 37 514
6 38 63
6 39 388
6 40 562
6 41 111
6 42 436
6 43 610
6 44 159
6 45 484
6 46 658
6 47 207
6 48 532
6 49 730
7 0 209
7 1 626
7 2 425
7 3 496
7 4 499
7 5 734
7 6 521
7 7 0
7 8 764
7 9 643
7 10 591
7 11 283
7 12 738
7 13 759
7 14 716
7 15 270
7 16 781
7 17 639
7 18 1003
7 19 438
7 20 213
7 21 457
7 22 357
7 23 392
7 24 78
7 25 313
7 26 430
7 27 26
7 28 187
7 29 174
7 30 556
7 31 89
7 32 362
7 33 813
7 34 137
7 35 410
7 36 861
7 37 185
7 38 458
7 39 909
7 40 233
7 41 506
7 42 957
7 43 281
7 44 554
7 45 1005
7 46 329
7 47 602
7 48 1053
7 49 209
8 0 973
8 1 508
8 2 465
8 3 638
8 4 443
8 5 486
8 6 369
8 7 764
8 8 0
8 9 395
8 10 343
8 11 659
8 12 26
8 13 391
8 14 434
8 15 672
8 16 369
8 17 391
8 18 339
8 19 478
8 20 729
8 21 677
8 22 681
8 23 742
8 24 686
8 25 629
8 26 512
8 27 790
8 28 755
8 29 768
8 30 208
8 31 853
8 32 402
8 33 337
8 34 805
8 35 354
8 36 289
8 37 757
8 38 306
8 39 241
8 40 709
8 41 258
8 42 193
8 43 757
8 44 306
8 45 241
8 46 805
8 47 354
8 48 289
8 49 973
9 0 852
9 1 291
9 2 344
9 3 421
9 4 322
9 5 91
9 6 248
9 7 643
9 8 395
9 9 0
9 10 52
9 11 538
9 12 369
9 13 582
9 14 443
9 15 551
9 16 508
9 17 174
9 18 460
9 19 357
9 20 608
9 21 460
9 22 464
9 23 525
9 24 565
9 25 508
9 26 391
9 27 669
9 28 634
9 29 647
9 30 187
9 31 732
9 32 281
9 33 554
9 34 684
9 35 233
9 36 506
9 37 636
9 38 185
9 39 458
9 40 588
9 41 137
9 42 410
9 43 540
9 44 89
9 45 362
9 46 588
9 47 137
9 48 410
9 49 852
10 0 800
10 1 239
10 2 292
10 3 369
10 4 270
10 5 143
10 6 196
10 7 591
10 8 343
10 9 52
10 10 0
10 11 486
10 12 317
10 13 530
10 14 391
10 15 499
10 16 456
10 17 122
10 18 486
10 19 305
10 20 556
10 21 408
10 22 412
10 23 473
10 24 513
10 25 456
10 26 339
10 27 617
10 28 582
10 29 595
10 30 135
10 31 680
10 32 229
10 33 606
10 34 632
10 35 181
10 36 558
10 37 584
10 38 133
10 39 510
10 40 536
10 41 85
10 42 462
10 43 488
10 44 37
10 45 414
10 46 536
10 47 85
10 48 462
10 49 800
11 0 314
11 1 443
11 2 608
11 3 313
11 4 586
11 5 629
11 6 512
11 7 283
11 8 659
11 9 538
11 10 486
11 11 0
11 12 633
11 13 846
11 14 707
11 15 13
11 16 772
11 17 534
11 18 898
11 19 621
11 20 222
11 21 274
11 22 174
11 23 209
11 24 361
11 25 226
11 26 343
11 27 257
11 28 196
11 29 183
11 30 451
11 31 194
11 32 545
11 33 996
11 34 146
11 35 497
11 36 948
11 37 98
11 38 449
11 39 900
11 40 50
11 41 401
11 42 852
11 43 98
11 44 449
11 45 900
11 46 146
11 47 497
11 48 948
11 49 314
12 0 947
12 1 482
12 2 439
12 3 612
12 4 417
12 5 460
12 6 343
12 7 738
12 8 26
12 9 369
12 10 317
12 11 633
12 12 0
12 13 417
12 14 460
12 15 646
12 16 395
12 17 365
12 18 365
12 19 452
12 20 703
12 21 651
12 22 655
12 23 716
12 24 660
12 25 603
12 26 486
12 27 764
12 28 729
12 29 742
12 30 182
12 31 827
12 32 376
12 33 363
12 34 779
12 35 328
12 36 315
12 37 731
12 38 280
12 39 267
12 40 683
12 41 232
12 42 219
12 43 731
12 44 280
12 45 267
12 46 779
12 47 328
12 48 315
12 49 947
13 0 968
13 1 695
13 2 460
13 3 825
13 4 260
13 5 517
13 6 460
13 7 759
13 8 391
13 9 582
13 10 530
13 11 846
13 12 417
13 13 0
13 14 343
13 15 859
13 16 278
13 17 578
13 18 344
13 19 473
13 20 724
13 21 864
13 22 868
13 23 929
13 24 681
13 25 720
13 26 603
13 27 785
13 28 750
13 29 763
13 30 495
13 31 848
13 32 397
13 33 150
13 34 800
13 35 349
13 36 102
13 37 848
13 38 397
13 39 150
13 40 896
13 41 445
13 42 198
13 43 944
13 44 493
13 45 246
13 46 992
13 47 541
13 48 294
13 49 968
14 0 925
14 1 556
14 2 417
14 3 686
14 4 395
14 5 534
14 6 195
14 7 716
14 8 434
14 9 443
14 10 391
14 11 707
14 12 460
14 13 343
14 14 0
14 15 720
14 16 65
14 17 439
14 18 387
14 19 430
14 20 681
14 21 725
14 22 729
14 23 790
14 24 638
14 25 581
14 26 464
14 27 742
14 28 707
14 29 720
14 30 356
14 31 805
14 32 354
14 33 289
14 34 757
14 35 306
14 36 241
14 37 709
14 38 258
14 39 193
14 40 757
14 41 306
14 42 241
14 43 805
14 44 354
14 45 289
14 46 853
14 47 402
14 48 337
14 49 925
15 0 301
15 1 430
15 2 621
15 3 300
15 4 599
15 5 642
15 6 525
15 7 270
15 8 672
15 9 551
15 10 499
15 11 13
15 12 646
15 13 859
15 14 720
15 15 0
15 16 785
15 17 547
15 18 911
15 19 634
15 20 209
15 21 261
15 22 161
15 23 196
15 24 348
15 25 213
15 26 330
15 27 244
15 28 183
15 29 170
15 30 464
15 31 181
15 32 558
15 33 1009
15 34 133
15 35 510
15 36 961
15 37 85
15 38 462
15 39 913
15 40 37
15 41 414
15 42 865
15 43 85
15 44 462
15 45 913
15 46 133
15 47 510
15 48 961
15 49 301
16 0 990
16 1 621
16 2 482
16 3 751
16 4 460
16 5 495
16 6 260
16 7 781
16 8 369
16 9 508
16 10 456
16 11 772
16 12 395
16 13 278
16 14 65
16 15 785
16 16 0
16 17 504
16 18 322
16 19 495
16 20 746
16 21 790
16 22 794
16 23 855
16 24 703
16 25 646
16 26 529
16 27 807
16 28 772
16 29 785
16 30 421
16 31 870
16 32 419
16 33 224
16 34 822
16 35 371
16 36 176
16 37 774
16 38 323
16 39 128
16 40 822
16 41 371
16 42 176
16 43 870
16 44 419
16 45 224
16 46 918
16 47 467
16 48 272
16 49 990
17 0 848
17 1 191
17 2 340
17 3 321
17 4 318
17 5 265
17 6 244
17 7 639
17 8 391
17 9 174
17 10 122
17 11 534
17 12 365
17 13 578
17 14 439
17 15 547
17 16 504
17 17 0
17 18 364
17 19 353
17 20 604
17 21 360
17 22 460
17 23 425
17 24 561
17 25 504
17 26 387
17 27 665
17 28 630
17 29 643
17 30 183
17 31 728
17 32 277
17 33 654
17 34 680
17 35 229
17 36 606
17 37 632
17 38 181
17 39 558
17 40 584
17 41 133
17 42 510
17 43 536
17 44 85
17 45 462
17 46 488
17 47 37
17 48 414
17 49 848
18 0 1212
18 1 555
18 2 678
18 3 685
18 4 604
18 5 369
18 6 582
18 7 1003
18 8 339
18 9 460
18 10 486
18 11 898
18 12 365
18 13 344
18 14 387
18 15 911
18 16 322
18 17 364
18 18 0
18 19 665
18 20 968
18 21 724
18 22 824
18 23 789
18 24 925
18 25 868
18 26 751
18 27 1029
18 28 994
18 29 1007
18 30 547
18 31 1092
18 32 641
18 33 290
18 34 1044
18 35 593
18 36 242
18 37 996
18 38 545
18 39 194
18 40 948
18 41 497
18 42 146
18 43 900
18 44 449
18 45 98
18 46 852
18 47 401
18 48 50
18 49 1212
19 0 647
19 1 470
19 2 13
19 3 600
19 4 213
19 5 448
19 6 235
19 7 438
19 8 478
19 9 357
19 10 305
19 11 621
19 12 452
19 13 473
19 14 430
19 15 634
19 16 495
19 17 353
19 18 665
19 19 0
19 20 499
19 21 639
19 22 643
19 23 704
19 24 360
19 25 495
19 26 378
19 27 464
19 28 525
19 29 538
19 30 270
19 31 527
19 32 76
19 33 375
19 34 575
19 35 124
19 36 423
19 37 623
19 38 172
19 39 471
19 40 671
19 41 220
19 42 519
19 43 719
19 44 268
19 45 567
19 46 767
19 47 316
19 48 615
19 49 647
20 0 244
20 1 565
20 2 486
20 3 435
20 4 464
20 5 699
20 6 486
20 7 213
20 8 729
20 9 608
20 10 556
20 11 222
20 12 703
20 13 724
20 14 681
20 15 209
20 16 746
20 17 604
20 18 968
20 19 499
20 20 0
20 21 396
20 22 296
20 23 331
20 24 291
20 25 252
20 26 369
20 27 187
20 28 26
20 29 39
20 30 521
20 31 124
20 32 423
20 33 874
20 34 76
20 35 375
20 36 826
20 37 124
20 38 423
20 39 874
20 40 172
20 41 471
20 42 922
20 43 220
20 44 519
20 45 970
20 46 268
20 47 567
20 48 1018
20 49 244
21 0 488
21 1 169
21 2 626
21 3 39
21 4 604
21 5 551
21 6 530
21 7 457
21 8 677
21 9 460
21 10 408
21 11 274
21 12 651
21 13 864
21 14 725
21 15 261
21 16 790
21 17 360
21 18 724
21 19 639
21 20 396
21 21 0
21 22 252
21 23 65
21 24 535
21 25 400
21 26 517
21 27 431
21 28 370
21 29 357
21 30 469
21 31 368
21 32 563
21 33 1014
21 34 320
21 35 515
21 36 966
21 37 272
21 38 467
21 39 918
21 40 224
21 41 419
21 42 870
21 43 176
21 44 371
21 45 822
21 46 128
21 47 323
21 48 774
21 49 488
22 0 388
22 1 421
22 2 630
22 3 291
22 4 608
22 5 555
22 6 534
22 7 357
22 8 681
22 9 464
22 10 412
22 11 174
22 12 655
22 13 868
22 14 729
22 15 161
22 16 794
22 17 460
22 18 824
22 19 643
22 20 296
22 21 252
22 22 0
22 23 187
22 24 435
22 25 300
22 26 417
22 27 331
22 28 270
22 29 257
22 30 473
22 31 268
22 32 567
22 33 1018
22 34 220
22 35 519
22 36 970
22 37 172
22 38 471
22 39 922
22 40 124
22 41 423
22 42 874
22 43 76
22 44 375
22 45 826
22 46 124
22 47 423
22 48 874
22 49 388
23 0 423
23 1 234
23 2 691
23 3 104
23 4 669
23 5 616
23 6 595
23 7 392
23 8 742
23 9 525
23 10 473
23 11 209
23 12 716
23 13 929
23 14 790
23 15 196
23 16 855
23 17 425
23 18 789
23 19 704
23 20 331
23 21 65
23 22 187
23 23 0
23 24 470
23 25 335
23 26 452
23 27 366
23 28 305
23 29 292
23 30 534
23 31 303
23 32 628
23 33 1079
23 34 255
23 35 580
23 36 1031
23 37 207
23 38 532
23 39 983
23 40 159
23 41 484
23 42 935
23 43 111
23 44 436
23 45 887
23 46 63
23 47 388
23 48 839
23 49 423
24 0 287
24 1 678
24 2 347
24 3 574
24 4 421
24 5 656
24 6 443
24 7 78
24 8 686
24 9 565
24 10 513
24 11 361
24 12 660
24 13 681
24 14 638
24 15 348
24 16 703
24 17 561
24 18 925
24 19 360
24 20 291
24 21 535
24 22 435
24 23 470
24 24 0
24 25 391
24 26 508
24 27 104
24 28 265
24 29 252
24 30 478
24 31 167
24 32 284
24 33 735
24 34 215
24 35 332
24 36 783
24 37 263
24 38 380
24 39 831
24 40 311
24 41 428
24 42 879
24 43 359
24 44 476
24 45 927
24 46 407
24 47 524
24 48 975
24 49 287
25 0 344
25 1 569
25 2 482
25 3 439
25 4 460
25 5 599
25 6 386
25 7 313
25 8 629
25 9 508
25 10 456
25 11 226
25 12 603
25 13 720
25 14 581
25 15 213
25 16 646
25 17 504
25 18 868
25 19 495
25 20 252
25 21 400
25 22 300
25 23 335
25 24 391
25 25 0
25 26 117
25 27 287
25 28 226
25 29 213
25 30 421
25 31 224
25 32 419
25 33 870
25 34 176
25 35 371
25 36 822
25 37 128
25 38 323
25 39 774
25 40 176
25 41 371
25 42 822
25 43 224
25 44 419
25 45 870
25 46 272
25 47 467
25 48 918
25 49 344
26 0 461
26 1 504
26 2 365
26 3 556
26 4 343
26 5 482
26 6 269
26 7 430
26 8 512
26 9 391
26 10 339
26 11 343
26 12 486
26 13 603
26 14 464
26 15 330
26 16 529
26 17 387
26 18 751
26 19 378
26 20 369
26 21 517
26 22 417
26 23 452
26 24 508
26 25 117
26 26 0
26 27 404
26 28 343
26 29 330
26 30 304
26 31 341
26 32 302
26 33 753
26 34 293
26 35 254
26 36 705
26 37 245
26 38 206
26 39 657
26 40 293
26 41 254
26 42 705
26 43 341
26 44 302
26 45 753
26 46 389
26 47 350
26 48 801
26 49 461
27 0 183
27 1 600
27 2 451
27 3 470
27 4 525
27 5 760
27 6 547
27 7 26
27 8 790
27 9 669
27 10 617
27 11 257
27 12 764
27 13 785
27 14 742
27 15 244
27 16 807
27 17 665
27 18 1029
27 19 464
27 20 187
27 21 431
27 22 331
27 23 366
27 24 104
27 25 287
27 26 404
27 27 0
27 28 161
27 29 148
27 30 582
27 31 63
27 32 388
27 33 839
27 34 111
27 35 436
27 36 887
27 37 159
27 38 484
27 39 935
27 40 207
27 41 532
27 42 983
27 43 255
27 44 580
27 45 1031
27 46 303
27 47 628
27 48 1079
27 49 183
28 0 218
28 1 539
28 2 512
28 3 409
28 4 490
28 5 725
28 6 512
28 7 187
28 8 755
28 9 634
28 10 582
28 11 196
28 12 729
28 13 750
28 14 707
28 15 183
28 16 772
28 17 630
28 18 994
28 19 525
28 20 26
28 21 370
28 22 270
28 23 305
28 24 265
28 25 226
28 26 343
28 27 161
28 28 0
28 29 13
28 30 547
28 31 98
28 32 449
28 33 900
28 34 50
28 35 401
28 36 852
28 37 98
28 38 449
28 39 900
28 40 146
28 41 497
28 42 948
28 43 194
28 44 545
28 45 996
28 46 242
28 47 593
28 48 1044
28 49 218
29 0 205
29 1 526
29 2 525
29 3 396
29 4 503
29 5 738
29 6 525
29 7 174
29 8 768
29 9 647
29 10 595
29 11 183
29 12 742
29 13 763
29 14 720
29 15 170
29 16 785
29 17 643
29 18 1007
29 19 538
29 20 39
29 21 357
29 22 257
29 23 292
29 24 252
29 25 213
29 26 330
29 27 148
29 28 13
29 29 0
29 30 560
29 31 85
29 32 462
29 33 913
29 34 37
29 35 414
29 36 865
29 37 85
29 38 462
29 39 913
29 40 133
29 41 510
29 42 961
29 43 181
29 44 558
29 45 1009
29 46 229
29 47 606
29 48 1057
29 49 205
30 0 765
30 1 300
30 2 257
30 3 430
30 4 235
30 5 278
30 6 161
30 7 556
30 8 208
30 9 187
30 10 135
30 11 451
30 12 182
30 13 495
30 14 356
30 15 464
30 16 421
30 17 183
30 18 547
30 19 270
30 20 521
30 21 469
30 22 473
30 23 534
30 24 478
30 25 421
30 26 304
30 27 582
30 28 547
30 29 560
30 30 0
30 31 645
30 32 194
30 33 545
30 34 597
30 35 146
30 36 497
30 37 549
30 38 98
30 39 449
30 40 501
30 41 50
30 42 401
30 43 549
30 44 98
30 45 449
30 46 597
30 47 146
30 48 497
30 49 765
31 0 120
31 1 537
31 2 514
31 3 407
31 4 588
31 5 823
31 6 610
31 7 89
31 8 853
31 9 732
31 10 680
31 11 194
31 12 827
31 13 848
31 14 805
31 15 181
31 16 870
31 17 728
31 18 1092
31 19 527
31 20 124
31 21 368
31 22 268
31 23 303
31 24 167
31 25 224
31 26 341
31 27 63
31 28 98
31 29 85
31 30 645
31 31 0
31 32 451
31 33 902
31 34 48
31 35 499
31 36 950
31 37 96
31 38 547
31 39 998
31 40 144
31 41 595
31 42 1046
31 43 192
31 44 643
31 45 1094
31 46 240
31 47 691
31 48 1142
31 49 120
32 0 571
32 1 394
32 2 63
32 3 524
32 4 137
32 5 372
32 6 159
32 7 362
32 8 402
32 9 281
32 10 229
32 11 545
32 12 376
32 13 397
32 14 354
32 15 558
32 16 419
32 17 277
32 18 641
32 19 76
32 20 423
32 21 563
32 22 567
32 23 628
32 24 284
32 25 419
32 26 302
32 27 388
32 28 449
32 29 462
32 30 194
32 31 451
32 32 0
32 33 451
32 34 499
32 35 48
32 36 499
32 37 547
32 38 96
32 39 547
32 40 595
32 41 144
32 42 595
32 43 643
32 44 192
32 45 643
32 46 691
32 47 240
32 48 691
32 49 571
33 0 1022
33 1 845
33 2 388
33 3 975
33 4 410
33 5 463
33 6 484
33 7 813
33 8 337
33 9 554
33 10 606
33 11 996
33 12 363
33 13 150
33 14 289
33 15 1009
33 16 224
33 17 654
33 18 290
33 19 375
33 20 874
33 21 1014
33 22 1018
33 23 1079
33 24 735
33 25 870
33 26 753
33 27 839
33 28 900
33 29 913
33 30 545
33 31 902
33 32 451
33 33 0
33 34 950
33 35 499
33 36 48
33 37 998
33 38 547
33 39 96
33 40 1046
33 41 595
33 42 144
33 43 1094
33 44 643
33 45 192
33 46 1142
33 47 691
33 48 240
33 49 1022
34 0 168
34 1 489
34 2 562
34 3 359
34 4 540
34 5 775
34 6 562
34 7 137
34 8 805
34 9 684
34 10 632
34 11 146
34 12 779
34 13 800
34 14 757
34 15 133
34 16 822
34 17 680
34 18 1044
34 19 575
34 20 76
34 21 320
34 22 220
34 23 255
34 24 215
34 25 176
34 26 293
34 27 111
34 28 50
34 29 37
34 30 597
34 31 48
34 32 499
34 33 950
34 34 0
34 35 451
34 36 902
34 37 48
34 38 499
34 39 950
34 40 96
34 41 547
34 42 998
34 43 144
34 44 595
34 45 1046
34 46 192
34 47 643
34 48 1094
34 49 168
35 0 619
35 1 346
35 2 111
35 3 476
35 4 89
35 5 324
35 6 111
35 7 410
35 8 354
35 9 233
35 10 181
35 11 497
35 12 328
35 13 349
35 14 306
35 15 510
35 16 371
35 17 229
35 18 593
35 19 124
35 20 375
35 21 515
35 22 519
35 23 580
35 24 332
35 25 371
35 26 254
35 27 436
35 28 401
35 29 414
35 30 146
35 31 499
35 32 48
35 33 499
35 34 451
35 35 0
35 36 451
35 37 499
35 38 48
35 39 499
35 40 547
35 41 96
35 42 547
35 43 595
35 44 144
35 45 595
35 46 643
35 47 192
35 48 643
35 49 619
36 0 1070
36 1 797
36 2 436
36 3 927
36 4 362
36 5 415
36 6 436
36 7 861
36 8 289
36 9 506
36 10 558
36 11 948
36 12 315
36 13 102
36 14 241
36 15 961
36 16 176
36 17 606
36 18 242
36 19 423
36 20 826
36 21 966
36 22 970
36 23 1031
36 24 783
36 25 822
36 26 705
36 27 887
36 28 852
36 29 865
36 30 497
36 31 950
36 32 499
36 33 48
36 34 902
36 35 451
36 36 0
36 37 950
36 38 499
36 39 48
36 40 998
36 41 547
36 42 96
36 43 1046
36 44 595
36 45 144
36 46 1094
36 47 643
36 48 192
36 49 1070
37 0 216
37 1 441
37 2 610
37 3 311
37 4 588
37 5 727
37 6 514
37 7 185
37 8 757
37 9 636
37 10 584
37 11 98
37 12 731
37 13 848
37 14 709
37 15 85
37 16 774
37 17 632
37 18 996
37 19 623
37 20 124
37 21 272
37 22 172
37 23 207
37 24 263
37 25 128
37 26 245
37 27 159
37 28 98
37 29 85
37 30 549
37 31 96
37 32 547
37 33 998
37 34 48
37 35 499
37 36 950
37 37 0
37 38 451
37 39 902
37 40 48
37 41 499
37 42 950
37 43 96
37 44 547
37 45 998
37 46 144
37 47 595
37 48 1046
37 49 216
38 0 667
38 1 298
38 2 159
38 3 428
38 4 137
38 5 276
38 6 63
38 7 458
38 8 306
38 9 185
38 10 133
38 11 449
38 12 280
38 13 397
38 14 258
38 15 462
38 16 323
38 17 181
38 18 545
38 19 172
38 20 423
38 21 467
38 22 471
38 23 532
38 24 380
38 25 323
38 26 206
38 27 484
38 28 449
38 29 462
38 30 98
38 31 547
38 32 96
38 33 547
38 34 499
38 35 48
38 36 499
38 37 451
38 38 0
38 39 451
38 40 499
38 41 48
38 42 499
38 43 547
38 44 96
38 45 547
38 46 595
38 47 144
38 48 595
38 49 667
39 0 1118
39 1 749
39 2 484
39 3 879
39 4 410
39 5 367
39 6 388
39 7 909
39 8 241
39 9 458
39 10 510
39 11 900
39 12 267
39 13 150
39 14 193
39 15 913
39 16 128
39 17 558
39 18 194
39 19 471
39 20 874
39 21 918
39 22 922
39 23 983
39 24 831
39 25 774
39 26 657
39 27 935
39 28 900
39 29 913
39 30 449
39 31 998
39 32 547
39 33 96
39 34 950
39 35 499
39 36 48
39 37 902
39 38 451
39 39 0
39 40 950
39 41 499
39 42 48
39 43 998
39 44 547
39 45 96
39 46 1046
39 47 595
39 48 144
39 49 1118
40 0 264
40 1 393
40 2 658
40 3 263
40 4 636
40 5 679
40 6 562
40 7 233
40 8 709
40 9 588
40 10 536
40 11 50
40 12 683
40 13 896
40 14 757
40 15 37
40 16 822
40 17 584
40 18 948
40 19 671
40 20 172
40 21 224
40 22 124
40 23 159
40 24 311
40 25 176
40 26 293
40 27 207
40 28 146
40 29 133
40 30 501
40 31 144
40 32 595
40 33 1046
40 34 96
40 35 547
40 36 998
40 37 48
40 38 499
40 39 950
40 40 0
40 41 451
40 42 902
40 43 48
40 44 499
40 45 950
40 46 96
40 47 547
40 48 998
40 49 264
41 0 715
41 1 250
41 2 207
41 3 380
41 4 185
41 5 228
41 6 111
41 7 506
41 8 258
41 9 137
41 10 85
41 11 401
41 12 232
41 13 445
41 14 306
41 15 414
41 16 371
41 17 133
41 18 497
41 19 220
41 20 471
41 21 419
41 22 423
41 23 484
41 24 428
41 25 371
41 26 254
41 27 532
41 28 497
41 29 510
41 30 50
41 31 595
41 32 144
41 33 595
41 34 547
41 35 96
41 36 547
41 37 499
41 38 48
41 39 499
41 40 451
41 41 0
41 42 451
41 43 499
41 44 48
41 45 499
41 46 547
41 47 96
41 48 547
41 49 715
42 0 1166
42 1 701
42 2 532
42 3 831
42 4 458
42 5 319
42 6 436
42 7 957
42 8 193
42 9 410
42 10 462
42 11 852
42 12 219
42 13 198
42 14 241
42 15 865
42 16 176
42 17 510
42 18 146
42 19 519
42 20 922
42 21 870
42 22 874
42 23 935
42 24 879
42 25 822
42 26 705
42 27 983
42 28 948
42 29 961
42 30 401
42 31 1046
42 32 595
42 33 144
42 34 998
42 35 547
42 36 96
42 37 950
42 38 499
42 39 48
42 40 902
42 41 451
42 42 0
42 43 950
42 44 499
42 45 48
42 46 998
42 47 547
42 48 96
42 49 1166
43 0 312
43 1 345
43 2 706
43 3 215
43 4 684
43 5 631
43 6 610
43 7 281
43 8 757
43 9 540
43 10 488
43 11 98
43 12 731
43 13 944
43 14 805
43 15 85
43 16 870
43 17 536
43 18 900
43 19 719
43 20 220
43 21 176
43 22 76
43 23 111
43 24 359
43 25 224
43 26 341
43 27 255
43 28 194
43 29 181
43 30 549
43 31 192
43 32 643
43 33 1094
43 34 144
43 35 595
43 36 1046
43 37 96
43 38 547
43 39 998
43 40 48
43 41 499
43 42 950
43 43 0
43 44 451
43 45 902
43 46 48
43 47 499
43 48 950
43 49 312
44 0 763
44 1 202
44 2 255
44 3 332
44 4 233
44 5 180
44 6 159
44 7 554
44 8 306
44 9 89
44 10 37
44 11 449
44 12 280
44 13 493
44 14 354
44 15 462
44 16 419
44 17 85
44 18 449
44 19 268
44 20 519
44 21 371
44 22 375
44 23 436
44 24 476
44 25 419
44 26 302
44 27 580
44 28 545
44 29 558
44 30 98
44 31 643
44 32 192
44 33 643
44 34 595
44 35 144
44 36 595
44 37 547
44 38 96
44 39 547
44 40 499
44 41 48
44 42 499
44 43 451
44 44 0
44 45 451
44 46 499
44 47 48
44 48 499
44 49 763
45 0 1214
45 1 653
45 2 580
45 3 783
45 4 506
45 5 271
45 6 484
45 7 1005
45 8 241
45 9 362
45 10 414
45 11 900
45 12 267
45 13 246
45 14 289
45 15 913
45 16 224
45 17 462
45 18 98
45 19 567
45 20 970
45 21 822
45 22 826
45 23 887
45 24 927
45 25 870
45 26 753
45 27 1031
45 28 996
45 29 1009
45 30 449
45 31 1094
45 32 643
45 33 192
45 34 1046
45 35 595
45 36 144
45 37 998
45 38 547
45 39 96
45 40 950
45 41 499
45 42 48
45 43 902
45 44 451
45 45 0
45 46 950
45 47 499
45 48 48
45 49 1214
46 0 360
46 1 297
46 2 754
46 3 167
46 4 732
46 5 679
46 6 658
46 7 329
46 8 805
46 9 588
46 10 536
46 11 146
46 12 779
46 13 992
46 14 853
46 15 133
46 16 918
46 17 488
46 18 852
46 19 767
46 20 268
46 21 128
46 22 124
46 23 63
46 24 407
46 25 272
46 26 389
46 27 303
46 28 242
46 29 229
46 30 597
46 31 240
46 32 691
46 33 1142
46 34 192
46 35 643
46 36 1094
46 37 144
46 38 595
46 39 1046
46 40 96
46 41 547
46 42 998
46 43 48
46 44 499
46 45 950
46 46 0
46 47 451
46 48 902
46 49 360
47 0 811
47 1 154
47 2 303
47 3 284
47 4 281
47 5 228
47 6 207
47 7 602
47 8 354
47 9 137
47 10 85
47 11 497
47 12 328
47 13 541
47 14 402
47 15 510
47 16 467
47 17 37
47 18 401
47 19 316
47 20 567
47 21 323
47 22 423
47 23 388
47 24 524
47 25 467
47 26 350
47 27 628
47 28 593
47 29 606
47 30 146
47 31 691
47 32 240
47 33 691
47 34 643
47 35 192
47 36 643
47 37 595
47 38 144
47 39 595
47 40 547
47 41 96
47 42 547
47 43 499
47 44 48
47 45 499
47 46 451
47 47 0
47 48 451
47 49 811
48 0 1262
48 1 605
48 2 628
48 3 735
48 4 554
48 5 319
48 6 532
48 7 1053
48 8 289
48 9 410
48 10 462
48 11 948
48 12 315
48 13 294
48 14 337
48 15 961
48 16 272
48 17 414
48 18 50
48 19 615
48 20 1018
48 21 774
48 22 874
48 23 839
48 24 975
48 25 918
48 26 801
48 27 1079
48 28 1044
48 29 1057
48 30 497
48 31 1142
48 32 691
48 33 240
48 34 1094
48 35 643
48 36 192
48 37 1046
48 38 595
48 39 144
48 40 998
48 41 547
48 42 96
48 43 950
48 44 499
48 45 48
48 46 902
48 47 451
48 48 0
48 49 1262
49 0 0
49 1 657
49 2 634
49 3 527
49 4 708
49 5 943
49 6 730
49 7 209
49 8 973
49 9 852
49 10 800
49 11 314
49 12 947
49 13 968
49 14 925
49 15 301
49 16 990
49 17 848
49 18 1212
49 19 647
49 20 244
49 21 488
49 22 388
49 23 423
49 24 287
49 25 344
49 26 461
49 27 183
49 28 218
49 29 205
49 30 765
49 31 120
49 32 571
49 33 1022
49 34 168
49 35 619
49 36 1070
49 37 216
49 38 667
49 39 1118
49 40 264
49 41 715
49 42 1166
49 43 312
49 44 763
49 45 1214
49 46 360
49 47 811
49 48 1262
49 49 0
//Location coordinates LocationName
//Loc x y
0 0.0 0.0 "depot"
1 240.0 417.0 "product aisle 5 bloc 0 rank 42"
2 0.0 634.0 "product aisle 0 bloc 1 rank 5"
3 240.0 287.0 "product aisle 5 bloc 0 rank 22"
4 48.0 660.0 "product aisle 1 bloc 1 rank 9"
5 192.0 751.0 "product aisle 4 bloc 1 rank 24"
6 96.0 634.0 "product aisle 2 bloc 1 rank 5"
7 0.0 209.0 "product aisle 0 bloc 0 rank 10"
8 144.0 829.0 "product aisle 3 bloc 1 rank 36"
9 192.0 660.0 "product aisle 4 bloc 1 rank 10"
10 192.0 608.0 "product aisle 4 bloc 1 rank 2"
11 144.0 170.0 "product aisle 3 bloc 0 rank 4"
12 144.0 803.0 "product aisle 3 bloc 1 rank 31"
13 48.0 920.0 "product aisle 1 bloc 1 rank 50"
14 96.0 829.0 "product aisle 2 bloc 1 rank 36"
15 144.0 157.0 "product aisle 3 bloc 0 rank 2"
16 96.0 894.0 "product aisle 2 bloc 1 rank 45"
17 240.0 608.0 "product aisle 5 bloc 1 rank 2"
18 240.0 972.0 "product aisle 5 bloc 1 rank 58"
19 0.0 647.0 "product aisle 0 bloc 1 rank 7"
20 48.0 196.0 "product aisle 1 bloc 0 rank 7"
21 240.0 248.0 "product aisle 5 bloc 0 rank 15"
22 192.0 196.0 "product aisle 4 bloc 0 rank 8"
23 240.0 183.0 "product aisle 5 bloc 0 rank 6"
24 0.0 287.0 "product aisle 0 bloc 0 rank 21"
25 96.0 248.0 "product aisle 2 bloc 0 rank 16"
26 96.0 365.0 "product aisle 2 bloc 0 rank 33"
27 0.0 183.0 "product aisle 0 bloc 0 rank 6"
28 48.0 170.0 "product aisle 1 bloc 0 rank 4"
29 48.0 157.0 "product aisle 1 bloc 0 rank 2"
30 144.0 621.0 "product aisle 3 bloc 1 rank 3"
31 24.0 120.0 "intersection aisle 0 bloc 0 rank 0"
32 24.0 571.0 "intersection aisle 0 bloc 1 rank 1"
33 24.0 1022.0 "intersection aisle 0 bloc 2 rank 2"
34 72.0 120.0 "intersection aisle 1 bloc 0 rank 0"
35 72.0 571.0 "intersection aisle 1 bloc 1 rank 1"
36 72.0 1022.0 "intersection aisle 1 bloc 2 rank 2"
37 120.0 120.0 "intersection aisle 2 bloc 0 rank 0"
38 120.0 571.0 "intersection aisle 2 bloc 1 rank 1"
39 120.0 1022.0 "intersection aisle 2 bloc 2 rank 2"
40 168.0 120.0 "intersection aisle 3 bloc 0 rank 0"
41 168.0 571.0 "intersection aisle 3 bloc 1 rank 1"
42 168.0 1022.0 "intersection aisle 3 bloc 2 rank 2"
43 216.0 120.0 "intersection aisle 4 bloc 0 rank 0"
44 216.0 571.0 "intersection aisle 4 bloc 1 rank 1"
45 216.0 1022.0 "intersection aisle 4 bloc 2 rank 2"
46 264.0 120.0 "intersection aisle 5 bloc 0 rank 0"
47 264.0 571.0 "intersection aisle 5 bloc 1 rank 1"
48 264.0 1022.0 "intersection aisle 5 bloc 2 rank 2"
49 0.0 0.0 "depot"
