//alpha
1
//NbLocations
79
//NbProducts
26
//NbPickers
2
//CapaPicker
4
//TimeToTravelOneDistanceUnit
3
//SetupTime
5400
//PickTime
300
//Products
//Idx Location Size
1 1 1
2 2 1
3 3 1
4 4 1
5 5 1
6 6 1
7 7 1
8 8 1
9 9 1
10 10 1
11 11 1
12 12 1
13 13 1
14 14 1
15 8 1
16 15 1
17 16 1
18 17 1
19 18 1
20 7 1
21 19 1
22 20 1
23 21 1
24 22 1
25 23 1
26 24 1
//Orders
//NbOrders
12
//Idx DueDate TardinessPenalty NbProdInOrder ProdIdx1 Qty1 ProdIdx2 Qty2 ...
1 90000 0 4 1 1 2 1 3 1 4 1
2 72000 0 2 5 1 6 1
3 90000 0 1 7 1
4 90000 0 3 8 1 9 1 10 1
5 90000 0 3 11 1 12 1 13 1
6 72000 0 2 14 1 15 1
7 72000 0 2 16 1 17 1
8 126000 0 1 18 1
9 54000 0 1 19 1
10 90000 0 4 20 1 21 1 22 1 23 1
11 72000 0 1 24 1
12 54000 0 2 25 1 26 1
//Graph (Products are vertices indexed from 1 to NbProducts)
//NbVerticesIntersections
54
//DepartingDepot
0
//ArrivalDepot
79
//Arcs
//Start End Distance
0 25 120
1 15 13
1 54 1038
2 40 596
2 41 635
3 37 609
3 38 622
4 12 104
4 32 219
5 73 375
5 74 856
6 17 104
6 29 102
7 46 50
7 47 1181
8 15 130
8 53 50
9 38 154
9 39 1077
10 22 442
10 52 154
11 23 663
11 26 531
12 4 104
12 33 908
13 64 63
13 65 1168
14 35 180
14 36 1051
15 1 13
15 8 130
16 76 219
16 77 1012
17 6 104
17 30 1025
18 77 115
18 78 1116
19 61 76
19 62 1155
20 58 63
20 59 1168
21 41 999
21 42 232
22 10 442
22 53 635
23 11 663
23 25 37
24 50 115
24 51 1116
25 23 37
25 28 48
25 79 120
26 11 531
26 27 1231
26 29 48
27 26 1231
27 30 48
28 25 48
28 29 1231
28 31 48
29 6 102
29 26 48
29 28 1231
29 32 48
30 17 1025
30 27 48
30 33 48
31 28 48
31 32 1231
31 34 48
32 4 219
32 29 48
32 31 1231
32 35 48
33 12 908
33 30 48
33 36 48
34 31 48
34 35 1231
34 37 48
35 14 180
35 32 48
35 34 1231
35 38 48
36 14 1051
36 33 48
36 39 48
37 3 609
37 34 48
37 40 48
38 3 622
38 9 154
38 35 48
38 41 48
39 9 1077
39 36 48
39 42 48
40 2 596
40 37 48
40 43 48
41 2 635
41 21 999
41 38 48
41 44 48
42 21 232
42 39 48
42 45 48
43 40 48
43 44 1231
43 46 48
44 41 48
44 43 1231
44 45 1231
44 47 48
45 42 48
45 44 1231
45 48 48
46 7 50
46 43 48
46 49 48
47 7 1181
47 44 48
47 48 1231
47 50 48
48 45 48
48 47 1231
48 51 48
49 46 48
49 50 1231
49 52 48
50 24 115
50 47 48
50 49 1231
50 53 48
51 24 1116
51 48 48
51 54 48
52 10 154
52 49 48
52 55 48
53 8 50
53 22 635
53 50 48
53 56 48
54 1 1038
54 51 48
54 57 48
55 52 48
55 56 1231
55 58 48
56 53 48
56 55 1231
56 57 1231
56 59 48
57 54 48
57 56 1231
57 60 48
58 20 63
58 55 48
58 61 48
59 20 1168
59 56 48
59 60 1231
59 62 48
60 57 48
60 59 1231
60 63 48
61 19 76
61 58 48
61 64 48
62 19 1155
62 59 48
62 63 1231
62 65 48
63 60 48
63 62 1231
63 66 48
64 13 63
64 61 48
64 67 48
65 13 1168
65 62 48
65 66 1231
65 68 48
66 63 48
66 65 1231
66 69 48
67 64 48
67 68 1231
67 70 48
68 65 48
68 67 1231
68 69 1231
68 71 48
69 66 48
69 68 1231
69 72 48
70 67 48
70 71 1231
70 73 48
71 68 48
71 70 1231
71 72 1231
71 74 48
72 69 48
72 71 1231
72 75 48
73 5 375
73 70 48
73 76 48
74 5 856
74 71 48
74 75 1231
74 77 48
75 72 48
75 74 1231
75 78 48
76 16 219
76 73 48
77 16 1012
77 18 115
77 74 48
78 18 1116
78 75 48
//LocStart LocEnd ShortestPath
0 0 0
0 1 1976
0 2 956
0 3 921
0 4 1666
0 5 1263
0 6 1501
0 7 506
0 8 1833
0 9 1697
0 10 706
0 11 820
0 12 1770
0 13 807
0 14 1675
0 15 1963
0 16 1155
0 17 1605
0 18 2282
0 19 772
0 20 711
0 21 2590
0 22 1148
0 23 157
0 24 1850
0 25 120
0 26 1351
0 27 2582
0 28 168
0 29 1399
0 30 2630
0 31 216
0 32 1447
0 33 2678
0 34 264
0 35 1495
0 36 2726
0 37 312
0 38 1543
0 39 2774
0 40 360
0 41 1591
0 42 2822
0 43 408
0 44 1639
0 45 2870
0 46 456
0 47 1687
0 48 2918
0 49 504
0 50 1735
0 51 2966
0 52 552
0 53 1783
0 54 3014
0 55 600
0 56 1831
0 57 3062
0 58 648
0 59 1879
0 60 3110
0 61 696
0 62 1927
0 63 3158
0 64 744
0 65 1975
0 66 3206
0 67 792
0 68 2023
0 69 3254
0 70 840
0 71 2071
0 72 3302
0 73 888
0 74 2119
0 75 3350
0 76 936
0 77 2167
0 78 3398
0 79 0
1 0 1976
1 1 0
1 2 1020
1 3 1055
1 4 748
1 5 1385
1 6 679
1 7 1470
1 8 143
1 9 587
1 10 1270
1 11 1156
1 12 852
1 13 1553
1 14 661
1 15 13
1 16 1589
1 17 783
1 18 692
1 19 1492
1 20 1457
1 21 1384
1 22 828
1 23 1819
1 24 356
1 25 1856
1 26 625
1 27 1470
1 28 1808
1 29 577
1 30 1422
1 31 1760
1 32 529
1 33 1374
1 34 1712
1 35 481
1 36 1326
1 37 1664
1 38 433
1 39 1278
1 40 1616
1 41 385
1 42 1230
1 43 1568
1 44 337
1 45 1182
1 46 1520
1 47 289
1 48 1134
1 49 1472
1 50 241
1 51 1086
1 52 1424
1 53 193
1 54 1038
1 55 1472
1 56 241
1 57 1086
1 58 1520
1 59 289
1 60 1134
1 61 1568
1 62 337
1 63 1182
1 64 1616
1 65 385
1 66 1230
1 67 1664
1 68 433
1 69 1278
1 70 1712
1 71 481
1 72 1326
1 73 1760
1 74 529
1 75 1374
1 76 1808
1 77 577
1 78 1422
1 79 1976
2 0 956
2 1 1020
2 2 0
2 3 1253
2 4 998
2 5 1499
2 6 929
2 7 742
2 8 877
2 9 837
2 10 942
2 11 1406
2 12 1102
2 13 1043
2 14 911
2 15 1007
2 16 1391
2 17 1033
2 18 1326
2 19 1008
2 20 947
2 21 1634
2 22 1384
2 23 873
2 24 894
2 25 836
2 26 875
2 27 2106
2 28 788
2 29 827
2 30 2058
2 31 740
2 32 779
2 33 2010
2 34 692
2 35 731
2 36 1962
2 37 644
2 38 683
2 39 1914
2 40 596
2 41 635
2 42 1866
2 43 644
2 44 683
2 45 1914
2 46 692
2 47 731
2 48 1962
2 49 740
2 50 779
2 51 2010
2 52 788
2 53 827
2 54 2058
2 55 836
2 56 875
2 57 2106
2 58 884
2 59 923
2 60 2154
2 61 932
2 62 971
2 63 2202
2 64 980
2 65 1019
2 66 2250
2 67 1028
2 68 1067
2 69 2298
2 70 1076
2 71 1115
2 72 2346
2 73 1124
2 74 1163
2 75 2394
2 76 1172
2 77 1211
2 78 2442
2 79 956
3 0 921
3 1 1055
3 2 1253
3 3 0
3 4 937
3 5 1560
3 6 868
3 7 803
3 8 912
3 9 776
3 10 1003
3 11 1345
3 12 1041
3 13 1104
3 14 850
3 15 1042
3 16 1452
3 17 972
3 18 1361
3 19 1069
3 20 1008
3 21 1669
3 22 1445
3 23 838
3 24 929
3 25 801
3 26 814
3 27 2045
3 28 753
3 29 766
3 30 1997
3 31 705
3 32 718
3 33 1949
3 34 657
3 35 670
3 36 1901
3 37 609
3 38 622
3 39 1853
3 40 657
3 41 670
3 42 1901
3 43 705
3 44 718
3 45 1949
3 46 753
3 47 766
3 48 1997
3 49 801
3 50 814
3 51 2045
3 52 849
3 53 862
3 54 2093
3 55 897
3 56 910
3 57 2141
3 58 945
3 59 958
3 60 2189
3 61 993
3 62 1006
3 63 2237
3 64 1041
3 65 1054
3 66 2285
3 67 1089
3 68 1102
3 69 2333
3 70 1137
3 71 1150
3 72 2381
3 73 1185
3 74 1198
3 75 2429
3 76 1233
3 77 1246
3 78 2477
3 79 921
4 0 1666
4 1 748
4 2 998
4 3 937
4 4 0
4 5 1747
4 6 369
4 7 1640
4 8 605
4 9 469
4 10 1632
4 11 846
4 12 104
4 13 1915
4 14 447
4 15 735
4 16 1951
4 17 473
4 18 1054
4 19 1854
4 20 1819
4 21 1362
4 22 1190
4 23 1509
4 24 622
4 25 1546
4 26 315
4 27 1108
4 28 1498
4 29 267
4 30 1060
4 31 1450
4 32 219
4 33 1012
4 34 1498
4 35 267
4 36 1060
4 37 1546
4 38 315
4 39 1108
4 40 1594
4 41 363
4 42 1156
4 43 1642
4 44 411
4 45 1204
4 46 1690
4 47 459
4 48 1252
4 49 1738
4 50 507
4 51 1300
4 52 1786
4 53 555
4 54 1348
4 55 1834
4 56 603
4 57 1396
4 58 1882
4 59 651
4 60 1444
4 61 1930
4 62 699
4 63 1492
4 64 1978
4 65 747
4 66 1540
4 67 2026
4 68 795
4 69 1588
4 70 2074
4 71 843
4 72 1636
4 73 2122
4 74 891
4 75 1684
4 76 2170
4 77 939
4 78 1732
4 79 1666
5 0 1263
5 1 1385
5 2 1499
5 3 1560
5 4 1747
5 5 0
5 6 1678
5 7 857
5 8 1242
5 9 1586
5 10 865
5 11 1843
5 12 1851
5 13 582
5 14 1660
5 15 1372
5 16 642
5 17 1782
5 18 1019
5 19 643
5 20 678
5 21 2383
5 22 1307
5 23 1180
5 24 1355
5 25 1143
5 26 1624
5 27 2855
5 28 1095
5 29 1576
5 30 2807
5 31 1047
5 32 1528
5 33 2759
5 34 999
5 35 1480
5 36 2711
5 37 951
5 38 1432
5 39 2663
5 40 903
5 41 1384
5 42 2615
5 43 855
5 44 1336
5 45 2567
5 46 807
5 47 1288
5 48 2519
5 49 759
5 50 1240
5 51 2471
5 52 711
5 53 1192
5 54 2423
5 55 663
5 56 1144
5 57 2375
5 58 615
5 59 1096
5 60 2327
5 61 567
5 62 1048
5 63 2279
5 64 519
5 65 1000
5 66 2231
5 67 471
5 68 952
5 69 2183
5 70 423
5 71 904
5 72 2135
5 73 375
5 74 856
5 75 2087
5 76 423
5 77 904
5 78 2135
5 79 1263
6 0 1501
6 1 679
6 2 929
6 3 868
6 4 369
6 5 1678
6 6 0
6 7 1571
6 8 536
6 9 400
6 10 1563
6 11 681
6 12 473
6 13 1846
6 14 378
6 15 666
6 16 1882
6 17 104
6 18 985
6 19 1785
6 20 1750
6 21 1293
6 22 1121
6 23 1344
6 24 553
6 25 1381
6 26 150
6 27 1177
6 28 1333
6 29 102
6 30 1129
6 31 1381
6 32 150
6 33 1177
6 34 1429
6 35 198
6 36 1225
6 37 1477
6 38 246
6 39 1273
6 40 1525
6 41 294
6 42 1321
6 43 1573
6 44 342
6 45 1369
6 46 1621
6 47 390
6 48 1417
6 49 1669
6 50 438
6 51 1465
6 52 1717
6 53 486
6 54 1513
6 55 1765
6 56 534
6 57 1561
6 58 1813
6 59 582
6 60 1609
6 61 1861
6 62 630
6 63 1657
6 64 1909
6 65 678
6 66 1705
6 67 1957
6 68 726
6 69 1753
6 70 2005
6 71 774
6 72 1801
6 73 2053
6 74 822
6 75 1849
6 76 2101
6 77 870
6 78 1897
6 79 1501
7 0 506
7 1 1470
7 2 742
7 3 803
7 4 1640
7 5 857
7 6 1571
7 7 0
7 8 1327
7 9 1479
7 10 300
7 11 1086
7 12 1744
7 13 401
7 14 1553
7 15 1457
7 16 749
7 17 1675
7 18 1776
7 19 366
7 20 305
7 21 2276
7 22 742
7 23 423
7 24 1344
7 25 386
7 26 1517
7 27 2748
7 28 338
7 29 1469
7 30 2700
7 31 290
7 32 1421
7 33 2652
7 34 242
7 35 1373
7 36 2604
7 37 194
7 38 1325
7 39 2556
7 40 146
7 41 1277
7 42 2508
7 43 98
7 44 1229
7 45 2460
7 46 50
7 47 1181
7 48 2412
7 49 98
7 50 1229
7 51 2460
7 52 146
7 53 1277
7 54 2508
7 55 194
7 56 1325
7 57 2556
7 58 242
7 59 1373
7 60 2604
7 61 290
7 62 1421
7 63 2652
7 64 338
7 65 1469
7 66 2700
7 67 386
7 68 1517
7 69 2748
7 70 434
7 71 1565
7 72 2796
7 73 482
7 74 1613
7 75 2844
7 76 530
7 77 1661
7 78 2892
7 79 506
8 0 1833
8 1 143
8 2 877
8 3 912
8 4 605
8 5 1242
8 6 536
8 7 1327
8 8 0
8 9 444
8 10 1127
8 11 1013
8 12 709
8 13 1410
8 14 518
8 15 130
8 16 1446
8 17 640
8 18 549
8 19 1349
8 20 1314
8 21 1241
8 22 685
8 23 1676
8 24 213
8 25 1713
8 26 482
8 27 1613
8 28 1665
8 29 434
8 30 1565
8 31 1617
8 32 386
8 33 1517
8 34 1569
8 35 338
8 36 1469
8 37 1521
8 38 290
8 39 1421
8 40 1473
8 41 242
8 42 1373
8 43 1425
8 44 194
8 45 1325
8 46 1377
8 47 146
8 48 1277
8 49 1329
8 50 98
8 51 1229
8 52 1281
8 53 50
8 54 1181
8 55 1329
8 56 98
8 57 1229
8 58 1377
8 59 146
8 60 1277
8 61 1425
8 62 194
8 63 1325
8 64 1473
8 65 242
8 66 1373
8 67 1521
8 68 290
8 69 1421
8 70 1569
8 71 338
8 72 1469
8 73 1617
8 74 386
8 75 1517
8 76 1665
8 77 434
8 78 1565
8 79 1833
9 0 1697
9 1 587
9 2 837
9 3 776
9 4 469
9 5 1586
9 6 400
9 7 1479
9 8 444
9 9 0
9 10 1471
9 11 877
9 12 573
9 13 1754
9 14 382
9 15 574
9 16 1790
9 17 504
9 18 893
9 19 1693
9 20 1658
9 21 1201
9 22 1029
9 23 1540
9 24 461
9 25 1577
9 26 346
9 27 1269
9 28 1529
9 29 298
9 30 1221
9 31 1481
9 32 250
9 33 1173
9 34 1433
9 35 202
9 36 1125
9 37 1385
9 38 154
9 39 1077
9 40 1433
9 41 202
9 42 1125
9 43 1481
9 44 250
9 45 1173
9 46 1529
9 47 298
9 48 1221
9 49 1577
9 50 346
9 51 1269
9 52 1625
9 53 394
9 54 1317
9 55 1673
9 56 442
9 57 1365
9 58 1721
9 59 490
9 60 1413
9 61 1769
9 62 538
9 63 1461
9 64 1817
9 65 586
9 66 1509
9 67 1865
9 68 634
9 69 1557
9 70 1913
9 71 682
9 72 1605
9 73 1961
9 74 730
9 75 1653
9 76 2009
9 77 778
9 78 1701
9 79 1697
10 0 706
10 1 1270
10 2 942
10 3 1003
10 4 1632
10 5 865
10 6 1563
10 7 300
10 8 1127
10 9 1471
10 10 0
10 11 1286
10 12 1736
10 13 409
10 14 1545
10 15 1257
10 16 757
10 17 1667
10 18 1576
10 19 374
10 20 313
10 21 2268
10 22 442
10 23 623
10 24 1240
10 25 586
10 26 1509
10 27 2740
10 28 538
10 29 1461
10 30 2692
10 31 490
10 32 1413
10 33 2644
10 34 442
10 35 1365
10 36 2596
10 37 394
10 38 1317
10 39 2548
10 40 346
10 41 1269
10 42 2500
10 43 298
10 44 1221
10 45 2452
10 46 250
10 47 1173
10 48 2404
10 49 202
10 50 1125
10 51 2356
10 52 154
10 53 1077
10 54 2308
10 55 202
10 56 1125
10 57 2356
10 58 250
10 59 1173
10 60 2404
10 61 298
10 62 1221
10 63 2452
10 64 346
10 65 1269
10 66 2500
10 67 394
10 68 1317
10 69 2548
10 70 442
10 71 1365
10 72 2596
10 73 490
10 74 1413
10 75 2644
10 76 538
10 77 1461
10 78 2692
10 79 706
11 0 820
11 1 1156
11 2 1406
11 3 1345
11 4 846
11 5 1843
11 6 681
11 7 1086
11 8 1013
11 9 877
11 10 1286
11 11 0
11 12 950
11 13 1387
11 14 855
11 15 1143
11 16 1735
11 17 785
11 18 1462
11 19 1352
11 20 1291
11 21 1770
11 22 1598
11 23 663
11 24 1030
11 25 700
11 26 531
11 27 1762
11 28 748
11 29 579
11 30 1810
11 31 796
11 32 627
11 33 1858
11 34 844
11 35 675
11 36 1906
11 37 892
11 38 723
11 39 1954
11 40 940
11 41 771
11 42 2002
11 43 988
11 44 819
11 45 2050
11 46 1036
11 47 867
11 48 2098
11 49 1084
11 50 915
11 51 2146
11 52 1132
11 53 963
11 54 2194
11 55 1180
11 56 1011
11 57 2242
11 58 1228
11 59 1059
11 60 2290
11 61 1276
11 62 1107
11 63 2338
11 64 1324
11 65 1155
11 66 2386
11 67 1372
11 68 1203
11 69 2434
11 70 1420
11 71 1251
11 72 2482
11 73 1468
11 74 1299
11 75 2530
11 76 1516
11 77 1347
11 78 2578
11 79 820
12 0 1770
12 1 852
12 2 1102
12 3 1041
12 4 104
12 5 1851
12 6 473
12 7 1744
12 8 709
12 9 573
12 10 1736
12 11 950
12 12 0
12 13 2019
12 14 551
12 15 839
12 16 2055
12 17 577
12 18 1158
12 19 1958
12 20 1923
12 21 1284
12 22 1294
12 23 1613
12 24 726
12 25 1650
12 26 419
12 27 1004
12 28 1602
12 29 371
12 30 956
12 31 1554
12 32 323
12 33 908
12 34 1602
12 35 371
12 36 956
12 37 1650
12 38 419
12 39 1004
12 40 1698
12 41 467
12 42 1052
12 43 1746
12 44 515
12 45 1100
12 46 1794
12 47 563
12 48 1148
12 49 1842
12 50 611
12 51 1196
12 52 1890
12 53 659
12 54 1244
12 55 1938
12 56 707
12 57 1292
12 58 1986
12 59 755
12 60 1340
12 61 2034
12 62 803
12 63 1388
12 64 2082
12 65 851
12 66 1436
12 67 2130
12 68 899
12 69 1484
12 70 2178
12 71 947
12 72 1532
12 73 2226
12 74 995
12 75 1580
12 76 2274
12 77 1043
12 78 1628
12 79 1770
13 0 807
13 1 1553
13 2 1043
13 3 1104
13 4 1915
13 5 582
13 6 1846
13 7 401
13 8 1410
13 9 1754
13 10 409
13 11 1387
13 12 2019
13 13 0
13 14 1828
13 15 1540
13 16 474
13 17 1950
13 18 1475
13 19 187
13 20 222
13 21 2551
13 22 851
13 23 724
13 24 1523
13 25 687
13 26 1792
13 27 3023
13 28 639
13 29 1744
13 30 2975
13 31 591
13 32 1696
13 33 2927
13 34 543
13 35 1648
13 36 2879
13 37 495
13 38 1600
13 39 2831
13 40 447
13 41 1552
13 42 2783
13 43 399
13 44 1504
13 45 2735
13 46 351
13 47 1456
13 48 2687
13 49 303
13 50 1408
13 51 2639
13 52 255
13 53 1360
13 54 2591
13 55 207
13 56 1312
13 57 2543
13 58 159
13 59 1264
13 60 2495
13 61 111
13 62 1216
13 63 2447
13 64 63
13 65 1168
13 66 2399
13 67 111
13 68 1216
13 69 2447
13 70 159
13 71 1264
13 72 2495
13 73 207
13 74 1312
13 75 2543
13 76 255
13 77 1360
13 78 2591
13 79 807
14 0 1675
14 1 661
14 2 911
14 3 850
14 4 447
14 5 1660
14 6 378
14 7 1553
14 8 518
14 9 382
14 10 1545
14 11 855
14 12 551
14 13 1828
14 14 0
14 15 648
14 16 1864
14 17 482
14 18 967
14 19 1767
14 20 1732
14 21 1275
14 22 1103
14 23 1518
14 24 535
14 25 1555
14 26 324
14 27 1195
14 28 1507
14 29 276
14 30 1147
14 31 1459
14 32 228
14 33 1099
14 34 1411
14 35 180
14 36 1051
14 37 1459
14 38 228
14 39 1099
14 40 1507
14 41 276
14 42 1147
14 43 1555
14 44 324
14 45 1195
14 46 1603
14 47 372
14 48 1243
14 49 1651
14 50 420
14 51 1291
14 52 1699
14 53 468
14 54 1339
14 55 1747
14 56 516
14 57 1387
14 58 1795
14 59 564
14 60 1435
14 61 1843
14 62 612
14 63 1483
14 64 1891
14 65 660
14 66 1531
14 67 1939
14 68 708
14 69 1579
14 70 1987
14 71 756
14 72 1627
14 73 2035
14 74 804
14 75 1675
14 76 2083
14 77 852
14 78 1723
14 79 1675
15 0 1963
15 1 13
15 2 1007
15 3 1042
15 4 735
15 5 1372
15 6 666
15 7 1457
15 8 130
15 9 574
15 10 1257
15 11 1143
15 12 839
15 13 1540
15 14 648
15 15 0
15 16 1576
15 17 770
15 18 679
15 19 1479
15 20 1444
15 21 1371
15 22 815
15 23 1806
15 24 343
15 25 1843
15 26 612
15 27 1483
15 28 1795
15 29 564
15 30 1435
15 31 1747
15 32 516
15 33 1387
15 34 1699
15 35 468
15 36 1339
15 37 1651
15 38 420
15 39 1291
15 40 1603
15 41 372
15 42 1243
15 43 1555
15 44 324
15 45 1195
15 46 1507
15 47 276
15 48 1147
15 49 1459
15 50 228
15 51 1099
15 52 1411
15 53 180
15 54 1051
15 55 1459
15 56 228
15 57 1099
15 58 1507
15 59 276
15 60 1147
15 61 1555
15 62 324
15 63 1195
15 64 1603
15 65 372
15 66 1243
15 67 1651
15 68 420
15 69 1291
15 70 1699
15 71 468
15 72 1339
15 73 1747
15 74 516
15 75 1387
15 76 1795
15 77 564
15 78 1435
15 79 1963
16 0 1155
16 1 1589
16 2 1391
16 3 1452
16 4 1951
16 5 642
16 6 1882
16 7 749
16 8 1446
16 9 1790
16 10 757
16 11 1735
16 12 2055
16 13 474
16 14 1864
16 15 1576
16 16 0
16 17 1986
16 18 1127
16 19 535
16 20 570
16 21 2587
16 22 1199
16 23 1072
16 24 1559
16 25 1035
16 26 1828
16 27 3059
16 28 987
16 29 1780
16 30 3011
16 31 939
16 32 1732
16 33 2963
16 34 891
16 35 1684
16 36 2915
16 37 843
16 38 1636
16 39 2867
16 40 795
16 41 1588
16 42 2819
16 43 747
16 44 1540
16 45 2771
16 46 699
16 47 1492
16 48 2723
16 49 651
16 50 1444
16 51 2675
16 52 603
16 53 1396
16 54 2627
16 55 555
16 56 1348
16 57 2579
16 58 507
16 59 1300
16 60 2531
16 61 459
16 62 1252
16 63 2483
16 64 411
16 65 1204
16 66 2435
16 67 363
16 68 1156
16 69 2387
16 70 315
16 71 1108
16 72 2339
16 73 267
16 74 1060
16 75 2291
16 76 219
16 77 1012
16 78 2243
16 79 1155
17 0 1605
17 1 783
17 2 1033
17 3 972
17 4 473
17 5 1782
17 6 104
17 7 1675
17 8 640
17 9 504
17 10 1667
17 11 785
17 12 577
17 13 1950
17 14 482
17 15 770
17 16 1986
17 17 0
17 18 1089
17 19 1889
17 20 1854
17 21 1397
17 22 1225
17 23 1448
17 24 657
17 25 1485
17 26 254
17 27 1073
17 28 1437
17 29 206
17 30 1025
17 31 1485
17 32 254
17 33 1073
17 34 1533
17 35 302
17 36 1121
17 37 1581
17 38 350
17 39 1169
17 40 1629
17 41 398
17 42 1217
17 43 1677
17 44 446
17 45 1265
17 46 1725
17 47 494
17 48 1313
17 49 1773
17 50 542
17 51 1361
17 52 1821
17 53 590
17 54 1409
17 55 1869
17 56 638
17 57 1457
17 58 1917
17 59 686
17 60 1505
17 61 1965
17 62 734
17 63 1553
17 64 2013
17 65 782
17 66 1601
17 67 2061
17 68 830
17 69 1649
17 70 2109
17 71 878
17 72 1697
17 73 2157
17 74 926
17 75 1745
17 76 2205
17 77 974
17 78 1793
17 79 1605
18 0 2282
18 1 692
18 2 1326
18 3 1361
18 4 1054
18 5 1019
18 6 985
18 7 1776
18 8 549
18 9 893
18 10 1576
18 11 1462
18 12 1158
18 13 1475
18 14 967
18 15 679
18 16 1127
18 17 1089
18 18 0
18 19 1510
18 20 1571
18 21 1690
18 22 1134
18 23 2125
18 24 662
18 25 2162
18 26 931
18 27 1932
18 28 2114
18 29 883
18 30 1884
18 31 2066
18 32 835
18 33 1836
18 34 2018
18 35 787
18 36 1788
18 37 1970
18 38 739
18 39 1740
18 40 1922
18 41 691
18 42 1692
18 43 1874
18 44 643
18 45 1644
18 46 1826
18 47 595
18 48 1596
18 49 1778
18 50 547
18 51 1548
18 52 1730
18 53 499
18 54 1500
18 55 1682
18 56 451
18 57 1452
18 58 1634
18 59 403
18 60 1404
18 61 1586
18 62 355
18 63 1356
18 64 1538
18 65 307
18 66 1308
18 67 1490
18 68 259
18 69 1260
18 70 1442
18 71 211
18 72 1212
18 73 1394
18 74 163
18 75 1164
18 76 1346
18 77 115
18 78 1116
18 79 2282
19 0 772
19 1 1492
19 2 1008
19 3 1069
19 4 1854
19 5 643
19 6 1785
19 7 366
19 8 1349
19 9 1693
19 10 374
19 11 1352
19 12 1958
19 13 187
19 14 1767
19 15 1479
19 16 535
19 17 1889
19 18 1510
19 19 0
19 20 187
19 21 2490
19 22 816
19 23 689
19 24 1462
19 25 652
19 26 1731
19 27 2962
19 28 604
19 29 1683
19 30 2914
19 31 556
19 32 1635
19 33 2866
19 34 508
19 35 1587
19 36 2818
19 37 460
19 38 1539
19 39 2770
19 40 412
19 41 1491
19 42 2722
19 43 364
19 44 1443
19 45 2674
19 46 316
19 47 1395
19 48 2626
19 49 268
19 50 1347
19 51 2578
19 52 220
19 53 1299
19 54 2530
19 55 172
19 56 1251
19 57 2482
19 58 124
19 59 1203
19 60 2434
19 61 76
19 62 1155
19 63 2386
19 64 124
19 65 1203
19 66 2434
19 67 172
19 68 1251
19 69 2482
19 70 220
19 71 1299
19 72 2530
19 73 268
19 74 1347
19 75 2578
19 76 316
19 77 1395
19 78 2626
19 79 772
20 0 711
20 1 1457
20 2 947
20 3 1008
20 4 1819
20 5 678
20 6 1750
20 7 305
20 8 1314
20 9 1658
20 10 313
20 11 1291
20 12 1923
20 13 222
20 14 1732
20 15 1444
20 16 570
20 17 1854
20 18 1571
20 19 187
20 20 0
20 21 2455
20 22 755
20 23 628
20 24 1427
20 25 591
20 26 1696
20 27 2927
20 28 543
20 29 1648
20 30 2879
20 31 495
20 32 1600
20 33 2831
20 34 447
20 35 1552
20 36 2783
20 37 399
20 38 1504
20 39 2735
20 40 351
20 41 1456
20 42 2687
20 43 303
20 44 1408
20 45 2639
20 46 255
20 47 1360
20 48 2591
20 49 207
20 50 1312
20 51 2543
20 52 159
20 53 1264
20 54 2495
20 55 111
20 56 1216
20 57 2447
20 58 63
20 59 1168
20 60 2399
20 61 111
20 62 1216
20 63 2447
20 64 159
20 65 1264
20 66 2495
20 67 207
20 68 1312
20 69 2543
20 70 255
20 71 1360
20 72 2591
20 73 303
20 74 1408
20 75 2639
20 76 351
20 77 1456
20 78 2687
20 79 711
21 0 2590
21 1 1384
21 2 1634
21 3 1669
21 4 1362
21 5 2383
21 6 1293
21 7 2276
21 8 1241
21 9 1201
21 10 2268
21 11 1770
21 12 1284
21 13 2551
21 14 1275
21 15 1371
21 16 2587
21 17 1397
21 18 1690
21 19 2490
21 20 2455
21 21 0
21 22 1826
21 23 2433
21 24 1258
21 25 2470
21 26 1239
21 27 472
21 28 2422
21 29 1191
21 30 424
21 31 2374
21 32 1143
21 33 376
21 34 2326
21 35 1095
21 36 328
21 37 2278
21 38 1047
21 39 280
21 40 2230
21 41 999
21 42 232
21 43 2278
21 44 1047
21 45 280
21 46 2326
21 47 1095
21 48 328
21 49 2374
21 50 1143
21 51 376
21 52 2422
21 53 1191
21 54 424
21 55 2470
21 56 1239
21 57 472
21 58 2518
21 59 1287
21 60 520
21 61 2566
21 62 1335
21 63 568
21 64 2614
21 65 1383
21 66 616
21 67 2662
21 68 1431
21 69 664
21 70 2710
21 71 1479
21 72 712
21 73 2758
21 74 1527
21 75 760
21 76 2806
21 77 1575
21 78 808
21 79 2590
22 0 1148
22 1 828
22 2 1384
22 3 1445
22 4 1190
22 5 1307
22 6 1121
22 7 742
22 8 685
22 9 1029
22 10 442
22 11 1598
22 12 1294
22 13 851
22 14 1103
22 15 815
22 16 1199
22 17 1225
22 18 1134
22 19 816
22 20 755
22 21 1826
22 22 0
22 23 1065
22 24 798
22 25 1028
22 26 1067
22 27 2298
22 28 980
22 29 1019
22 30 2250
22 31 932
22 32 971
22 33 2202
22 34 884
22 35 923
22 36 2154
22 37 836
22 38 875
22 39 2106
22 40 788
22 41 827
22 42 2058
22 43 740
22 44 779
22 45 2010
22 46 692
22 47 731
22 48 1962
22 49 644
22 50 683
22 51 1914
22 52 596
22 53 635
22 54 1866
22 55 644
22 56 683
22 57 1914
22 58 692
22 59 731
22 60 1962
22 61 740
22 62 779
22 63 2010
22 64 788
22 65 827
22 66 2058
22 67 836
22 68 875
22 69 2106
22 70 884
22 71 923
22 72 2154
22 73 932
22 74 971
22 75 2202
22 76 980
22 77 1019
22 78 2250
22 79 1148
23 0 157
23 1 1819
23 2 873
23 3 838
23 4 1509
23 5 1180
23 6 1344
23 7 423
23 8 1676
23 9 1540
23 10 623
23 11 663
23 12 1613
23 13 724
23 14 1518
23 15 1806
23 16 1072
23 17 1448
23 18 2125
23 19 689
23 20 628
23 21 2433
23 22 1065
23 23 0
23 24 1693
23 25 37
23 26 1194
23 27 2425
23 28 85
23 29 1242
23 30 2473
23 31 133
23 32 1290
23 33 2521
23 34 181
23 35 1338
23 36 2569
23 37 229
23 38 1386
23 39 2617
23 40 277
23 41 1434
23 42 2665
23 43 325
23 44 1482
23 45 2713
23 46 373
23 47 1530
23 48 2761
23 49 421
23 50 1578
23 51 2809
23 52 469
23 53 1626
23 54 2857
23 55 517
23 56 1674
23 57 2905
23 58 565
23 59 1722
23 60 2953
23 61 613
23 62 1770
23 63 3001
23 64 661
23 65 1818
23 66 3049
23 67 709
23 68 1866
23 69 3097
23 70 757
23 71 1914
23 72 3145
23 73 805
23 74 1962
23 75 3193
23 76 853
23 77 2010
23 78 3241
23 79 157
24 0 1850
24 1 356
24 2 894
24 3 929
24 4 622
24 5 1355
24 6 553
24 7 1344
24 8 213
24 9 461
24 10 1240
24 11 1030
24 12 726
24 13 1523
24 14 535
24 15 343
24 16 1559
24 17 657
24 18 662
24 19 1462
24 20 1427
24 21 1258
24 22 798
24 23 1693
24 24 0
24 25 1730
24 26 499
24 27 1500
24 28 1682
24 29 451
24 30 1452
24 31 1634
24 32 403
24 33 1404
24 34 1586
24 35 355
24 36 1356
24 37 1538
24 38 307
24 39 1308
24 40 1490
24 41 259
24 42 1260
24 43 1442
24 44 211
24 45 1212
24 46 1394
24 47 163
24 48 1164
24 49 1346
24 50 115
24 51 1116
24 52 1394
24 53 163
24 54 1164
24 55 1442
24 56 211
24 57 1212
24 58 1490
24 59 259
24 60 1260
24 61 1538
24 62 307
24 63 1308
24 64 1586
24 65 355
24 66 1356
24 67 1634
24 68 403
24 69 1404
24 70 1682
24 71 451
24 72 1452
24 73 1730
24 74 499
24 75 1500
24 76 1778
24 77 547
24 78 1548
24 79 1850
25 0 120
25 1 1856
25 2 836
25 3 801
25 4 1546
25 5 1143
25 6 1381
25 7 386
25 8 1713
25 9 1577
25 10 586
25 11 700
25 12 1650
25 13 687
25 14 1555
25 15 1843
25 16 1035
25 17 1485
25 18 2162
25 19 652
25 20 591
25 21 2470
25 22 1028
25 23 37
25 24 1730
25 25 0
25 26 1231
25 27 2462
25 28 48
25 29 1279
25 30 2510
25 31 96
25 32 1327
25 33 2558
25 34 144
25 35 1375
25 36 2606
25 37 192
25 38 1423
25 39 2654
25 40 240
25 41 1471
25 42 2702
25 43 288
25 44 1519
25 45 2750
25 46 336
25 47 1567
25 48 2798
25 49 384
25 50 1615
25 51 2846
25 52 432
25 53 1663
25 54 2894
25 55 480
25 56 1711
25 57 2942
25 58 528
25 59 1759
25 60 2990
25 61 576
25 62 1807
25 63 3038
25 64 624
25 65 1855
25 66 3086
25 67 672
25 68 1903
25 69 3134
25 70 720
25 71 1951
25 72 3182
25 73 768
25 74 1999
25 75 3230
25 76 816
25 77 2047
25 78 3278
25 79 120
26 0 1351
26 1 625
26 2 875
26 3 814
26 4 315
26 5 1624
26 6 150
26 7 1517
26 8 482
26 9 346
26 10 1509
26 11 531
26 12 419
26 13 1792
26 14 324
26 15 612
26 16 1828
26 17 254
26 18 931
26 19 1731
26 20 1696
26 21 1239
26 22 1067
26 23 1194
26 24 499
26 25 1231
26 26 0
26 27 1231
26 28 1279
26 29 48
26 30 1279
26 31 1327
26 32 96
26 33 1327
26 34 1375
26 35 144
26 36 1375
26 37 1423
26 38 192
26 39 1423
26 40 1471
26 41 240
26 42 1471
26 43 1519
26 44 288
26 45 1519
26 46 1567
26 47 336
26 48 1567
26 49 1615
26 50 384
26 51 1615
26 52 1663
26 53 432
26 54 1663
26 55 1711
26 56 480
26 57 1711
26 58 1759
26 59 528
26 60 1759
26 61 1807
26 62 576
26 63 1807
26 64 1855
26 65 624
26 66 1855
26 67 1903
26 68 672
26 69 1903
26 70 1951
26 71 720
26 72 1951
26 73 1999
26 74 768
26 75 1999
26 76 2047
26 77 816
26 78 2047
26 79 1351
27 0 2582
27 1 1470
27 2 2106
27 3 2045
27 4 1108
27 5 2855
27 6 1177
27 7 2748
27 8 1613
27 9 1269
27 10 2740
27 11 1762
27 12 1004
27 13 3023
27 14 1195
27 15 1483
27 16 3059
27 17 1073
27 18 1932
27 19 2962
27 20 2927
27 21 472
27 22 2298
27 23 2425
27 24 1500
27 25 2462
27 26 1231
27 27 0
27 28 2510
27 29 1279
27 30 48
27 31 2558
27 32 1327
27 33 96
27 34 2606
27 35 1375
27 36 144
27 37 2654
27 38 1423
27 39 192
27 40 2702
27 41 1471
27 42 240
27 43 2750
27 44 1519
27 45 288
27 46 2798
27 47 1567
27 48 336
27 49 2846
27 50 1615
27 51 384
27 52 2894
27 53 1663
27 54 432
27 55 2942
27 56 1711
27 57 480
27 58 2990
27 59 1759
27 60 528
27 61 3038
27 62 1807
27 63 576
27 64 3086
27 65 1855
27 66 624
27 67 3134
27 68 1903
27 69 672
27 70 3182
27 71 1951
27 72 720
27 73 3230
27 74 1999
27 75 768
27 76 3278
27 77 2047
27 78 816
27 79 2582
28 0 168
28 1 1808
28 2 788
28 3 753
28 4 1498
28 5 1095
28 6 1333
28 7 338
28 8 1665
28 9 1529
28 10 538
28 11 748
28 12 1602
28 13 639
28 14 1507
28 15 1795
28 16 987
28 17 1437
28 18 2114
28 19 604
28 20 543
28 21 2422
28 22 980
28 23 85
28 24 1682
28 25 48
28 26 1279
28 27 2510
28 28 0
28 29 1231
28 30 2462
28 31 48
28 32 1279
28 33 2510
28 34 96
28 35 1327
28 36 2558
28 37 144
28 38 1375
28 39 2606
28 40 192
28 41 1423
28 42 2654
28 43 240
28 44 1471
28 45 2702
28 46 288
28 47 1519
28 48 2750
28 49 336
28 50 1567
28 51 2798
28 52 384
28 53 1615
28 54 2846
28 55 432
28 56 1663
28 57 2894
28 58 480
28 59 1711
28 60 2942
28 61 528
28 62 1759
28 63 2990
28 64 576
28 65 1807
28 66 3038
28 67 624
28 68 1855
28 69 3086
28 70 672
28 71 1903
28 72 3134
28 73 720
28 74 1951
28 75 3182
28 76 768
28 77 1999
28 78 3230
28 79 168
29 0 1399
29 1 577
29 2 827
29 3 766
29 4 267
29 5 1576
29 6 102
29 7 1469
29 8 434
29 9 298
29 10 1461
29 11 579
29 12 371
29 13 1744
29 14 276
29 15 564
29 16 1780
29 17 206
29 18 883
29 19 1683
29 20 1648
29 21 1191
29 22 1019
29 23 1242
29 24 451
29 25 1279
29 26 48
29 27 1279
29 28 1231
29 29 0
29 30 1231
29 31 1279
29 32 48
29 33 1279
29 34 1327
29 35 96
29 36 1327
29 37 1375
29 38 144
29 39 1375
29 40 1423
29 41 192
29 42 1423
29 43 1471
29 44 240
29 45 1471
29 46 1519
29 47 288
29 48 1519
29 49 1567
29 50 336
29 51 1567
29 52 1615
29 53 384
29 54 1615
29 55 1663
29 56 432
29 57 1663
29 58 1711
29 59 480
29 60 1711
29 61 1759
29 62 528
29 63 1759
29 64 1807
29 65 576
29 66 1807
29 67 1855
29 68 624
29 69 1855
29 70 1903
29 71 672
29 72 1903
29 73 1951
29 74 720
29 75 1951
29 76 1999
29 77 768
29 78 1999
29 79 1399
30 0 2630
30 1 1422
30 2 2058
30 3 1997
30 4 1060
30 5 2807
30 6 1129
30 7 2700
30 8 1565
30 9 1221
30 10 2692
30 11 1810
30 12 956
30 13 2975
30 14 1147
30 15 1435
30 16 3011
30 17 1025
30 18 1884
30 19 2914
30 20 2879
30 21 424
30 22 2250
30 23 2473
30 24 1452
30 25 2510
30 26 1279
30 27 48
30 28 2462
30 29 1231
30 30 0
30 31 2510
30 32 1279
30 33 48
30 34 2558
30 35 1327
30 36 96
30 37 2606
30 38 1375
30 39 144
30 40 2654
30 41 1423
30 42 192
30 43 2702
30 44 1471
30 45 240
30 46 2750
30 47 1519
30 48 288
30 49 2798
30 50 1567
30 51 336
30 52 2846
30 53 1615
30 54 384
30 55 2894
30 56 1663
30 57 432
30 58 2942
30 59 1711
30 60 480
30 61 2990
30 62 1759
30 63 528
30 64 3038
30 65 1807
30 66 576
30 67 3086
30 68 1855
30 69 624
30 70 3134
30 71 1903
30 72 672
30 73 3182
30 74 1951
30 75 720
30 76 3230
30 77 1999
30 78 768
30 79 2630
31 0 216
31 1 1760
31 2 740
31 3 705
31 4 1450
31 5 1047
31 6 1381
31 7 290
31 8 1617
31 9 1481
31 10 490
31 11 796
31 12 1554
31 13 591
31 14 1459
31 15 1747
31 16 939
31 17 1485
31 18 2066
31 19 556
31 20 495
31 21 2374
31 22 932
31 23 133
31 24 1634
31 25 96
31 26 1327
31 27 2558
31 28 48
31 29 1279
31 30 2510
31 31 0
31 32 1231
31 33 2462
31 34 48
31 35 1279
31 36 2510
31 37 96
31 38 1327
31 39 2558
31 40 144
31 41 1375
31 42 2606
31 43 192
31 44 1423
31 45 2654
31 46 240
31 47 1471
31 48 2702
31 49 288
31 50 1519
31 51 2750
31 52 336
31 53 1567
31 54 2798
31 55 384
31 56 1615
31 57 2846
31 58 432
31 59 1663
31 60 2894
31 61 480
31 62 1711
31 63 2942
31 64 528
31 65 1759
31 66 2990
31 67 576
31 68 1807
31 69 3038
31 70 624
31 71 1855
31 72 3086
31 73 672
31 74 1903
31 75 3134
31 76 720
31 77 1951
31 78 3182
31 79 216
32 0 1447
32 1 529
32 2 779
32 3 718
32 4 219
32 5 1528
32 6 150
32 7 1421
32 8 386
32 9 250
32 10 1413
32 11 627
32 12 323
32 13 1696
32 14 228
32 15 516
32 16 1732
32 17 254
32 18 835
32 19 1635
32 20 1600
32 21 1143
32 22 971
32 23 1290
32 24 403
32 25 1327
32 26 96
32 27 1327
32 28 1279
32 29 48
32 30 1279
32 31 1231
32 32 0
32 33 1231
32 34 1279
32 35 48
32 36 1279
32 37 1327
32 38 96
32 39 1327
32 40 1375
32 41 144
32 42 1375
32 43 1423
32 44 192
32 45 1423
32 46 1471
32 47 240
32 48 1471
32 49 1519
32 50 288
32 51 1519
32 52 1567
32 53 336
32 54 1567
32 55 1615
32 56 384
32 57 1615
32 58 1663
32 59 432
32 60 1663
32 61 1711
32 62 480
32 63 1711
32 64 1759
32 65 528
32 66 1759
32 67 1807
32 68 576
32 69 1807
32 70 1855
32 71 624
32 72 1855
32 73 1903
32 74 672
32 75 1903
32 76 1951
32 77 720
32 78 1951
32 79 1447
33 0 2678
33 1 1374
33 2 2010
33 3 1949
33 4 1012
33 5 2759
33 6 1177
33 7 2652
33 8 1517
33 9 1173
33 10 2644
33 11 1858
33 12 908
33 13 2927
33 14 1099
33 15 1387
33 16 2963
33 17 1073
33 18 1836
33 19 2866
33 20 2831
33 21 376
33 22 2202
33 23 2521
33 24 1404
33 25 2558
33 26 1327
33 27 96
33 28 2510
33 29 1279
33 30 48
33 31 2462
33 32 1231
33 33 0
33 34 2510
33 35 1279
33 36 48
33 37 2558
33 38 1327
33 39 96
33 40 2606
33 41 1375
33 42 144
33 43 2654
33 44 1423
33 45 192
33 46 2702
33 47 1471
33 48 240
33 49 2750
33 50 1519
33 51 288
33 52 2798
33 53 1567
33 54 336
33 55 2846
33 56 1615
33 57 384
33 58 2894
33 59 1663
33 60 432
33 61 2942
33 62 1711
33 63 480
33 64 2990
33 65 1759
33 66 528
33 67 3038
33 68 1807
33 69 576
33 70 3086
33 71 1855
33 72 624
33 73 3134
33 74 1903
33 75 672
33 76 3182
33 77 1951
33 78 720
33 79 2678
34 0 264
34 1 1712
34 2 692
34 3 657
34 4 1498
34 5 999
34 6 1429
34 7 242
34 8 1569
34 9 1433
34 10 442
34 11 844
34 12 1602
34 13 543
34 14 1411
34 15 1699
34 16 891
34 17 1533
34 18 2018
34 19 508
34 20 447
34 21 2326
34 22 884
34 23 181
34 24 1586
34 25 144
34 26 1375
34 27 2606
34 28 96
34 29 1327
34 30 2558
34 31 48
34 32 1279
34 33 2510
34 34 0
34 35 1231
34 36 2462
34 37 48
34 38 1279
34 39 2510
34 40 96
34 41 1327
34 42 2558
34 43 144
34 44 1375
34 45 2606
34 46 192
34 47 1423
34 48 2654
34 49 240
34 50 1471
34 51 2702
34 52 288
34 53 1519
34 54 2750
34 55 336
34 56 1567
34 57 2798
34 58 384
34 59 1615
34 60 2846
34 61 432
34 62 1663
34 63 2894
34 64 480
34 65 1711
34 66 2942
34 67 528
34 68 1759
34 69 2990
34 70 576
34 71 1807
34 72 3038
34 73 624
34 74 1855
34 75 3086
34 76 672
34 77 1903
34 78 3134
34 79 264
35 0 1495
35 1 481
35 2 731
35 3 670
35 4 267
35 5 1480
35 6 198
35 7 1373
35 8 338
35 9 202
35 10 1365
35 11 675
35 12 371
35 13 1648
35 14 180
35 15 468
35 16 1684
35 17 302
35 18 787
35 19 1587
35 20 1552
35 21 1095
35 22 923
35 23 1338
35 24 355
35 25 1375
35 26 144
35 27 1375
35 28 1327
35 29 96
35 30 1327
35 31 1279
35 32 48
35 33 1279
35 34 1231
35 35 0
35 36 1231
35 37 1279
35 38 48
35 39 1279
35 40 1327
35 41 96
35 42 1327
35 43 1375
35 44 144
35 45 1375
35 46 1423
35 47 192
35 48 1423
35 49 1471
35 50 240
35 51 1471
35 52 1519
35 53 288
35 54 1519
35 55 1567
35 56 336
35 57 1567
35 58 1615
35 59 384
35 60 1615
35 61 1663
35 62 432
35 63 1663
35 64 1711
35 65 480
35 66 1711
35 67 1759
35 68 528
35 69 1759
35 70 1807
35 71 576
35 72 1807
35 73 1855
35 74 624
35 75 1855
35 76 1903
35 77 672
35 78 1903
35 79 1495
36 0 2726
36 1 1326
36 2 1962
36 3 1901
36 4 1060
36 5 2711
36 6 1225
36 7 2604
36 8 1469
36 9 1125
36 10 2596
36 11 1906
36 12 956
36 13 2879
36 14 1051
36 15 1339
36 16 2915
36 17 1121
36 18 1788
36 19 2818
36 20 2783
36 21 328
36 22 2154
36 23 2569
36 24 1356
36 25 2606
36 26 1375
36 27 144
36 28 2558
36 29 1327
36 30 96
36 31 2510
36 32 1279
36 33 48
36 34 2462
36 35 1231
36 36 0
36 37 2510
36 38 1279
36 39 48
36 40 2558
36 41 1327
36 42 96
36 43 2606
36 44 1375
36 45 144
36 46 2654
36 47 1423
36 48 192
36 49 2702
36 50 1471
36 51 240
36 52 2750
36 53 1519
36 54 288
36 55 2798
36 56 1567
36 57 336
36 58 2846
36 59 1615
36 60 384
36 61 2894
36 62 1663
36 63 432
36 64 2942
36 65 1711
36 66 480
36 67 2990
36 68 1759
36 69 528
36 70 3038
36 71 1807
36 72 576
36 73 3086
36 74 1855
36 75 624
36 76 3134
36 77 1903
36 78 672
36 79 2726
37 0 312
37 1 1664
37 2 644
37 3 609
37 4 1546
37 5 951
37 6 1477
37 7 194
37 8 1521
37 9 1385
37 10 394
37 11 892
37 12 1650
37 13 495
37 14 1459
37 15 1651
37 16 843
37 17 1581
37 18 1970
37 19 460
37 20 399
37 21 2278
37 22 836
37 23 229
37 24 1538
37 25 192
37 26 1423
37 27 2654
37 28 144
37 29 1375
37 30 2606
37 31 96
37 32 1327
37 33 2558
37 34 48
37 35 1279
37 36 2510
37 37 0
37 38 1231
37 39 2462
37 40 48
37 41 1279
37 42 2510
37 43 96
37 44 1327
37 45 2558
37 46 144
37 47 1375
37 48 2606
37 49 192
37 50 1423
37 51 2654
37 52 240
37 53 1471
37 54 2702
37 55 288
37 56 1519
37 57 2750
37 58 336
37 59 1567
37 60 2798
37 61 384
37 62 1615
37 63 2846
37 64 432
37 65 1663
37 66 2894
37 67 480
37 68 1711
37 69 2942
37 70 528
37 71 1759
37 72 2990
37 73 576
37 74 1807
37 75 3038
37 76 624
37 77 1855
37 78 3086
37 79 312
38 0 1543
38 1 433
38 2 683
38 3 622
38 4 315
38 5 1432
38 6 246
38 7 1325
38 8 290
38 9 154
38 10 1317
38 11 723
38 12 419
38 13 1600
38 14 228
38 15 420
38 16 1636
38 17 350
38 18 739
38 19 1539
38 20 1504
38 21 1047
38 22 875
38 23 1386
38 24 307
38 25 1423
38 26 192
38 27 1423
38 28 1375
38 29 144
38 30 1375
38 31 1327
38 32 96
38 33 1327
38 34 1279
38 35 48
38 36 1279
38 37 1231
38 38 0
38 39 1231
38 40 1279
38 41 48
38 42 1279
38 43 1327
38 44 96
38 45 1327
38 46 1375
38 47 144
38 48 1375
38 49 1423
38 50 192
38 51 1423
38 52 1471
38 53 240
38 54 1471
38 55 1519
38 56 288
38 57 1519
38 58 1567
38 59 336
38 60 1567
38 61 1615
38 62 384
38 63 1615
38 64 1663
38 65 432
38 66 1663
38 67 1711
38 68 480
38 69 1711
38 70 1759
38 71 528
38 72 1759
38 73 1807
38 74 576
38 75 1807
38 76 1855
38 77 624
38 78 1855
38 79 1543
39 0 2774
39 1 1278
39 2 1914
39 3 1853
39 4 1108
39 5 2663
39 6 1273
39 7 2556
39 8 1421
39 9 1077
39 10 2548
39 11 1954
39 12 1004
39 13 2831
39 14 1099
39 15 1291
39 16 2867
39 17 1169
39 18 1740
39 19 2770
39 20 2735
39 21 280
39 22 2106
39 23 2617
39 24 1308
39 25 2654
39 26 1423
39 27 192
39 28 2606
39 29 1375
39 30 144
39 31 2558
39 32 1327
39 33 96
39 34 2510
39 35 1279
39 36 48
39 37 2462
39 38 1231
39 39 0
39 40 2510
39 41 1279
39 42 48
39 43 2558
39 44 1327
39 45 96
39 46 2606
39 47 1375
39 48 144
39 49 2654
39 50 1423
39 51 192
39 52 2702
39 53 1471
39 54 240
39 55 2750
39 56 1519
39 57 288
39 58 2798
39 59 1567
39 60 336
39 61 2846
39 62 1615
39 63 384
39 64 2894
39 65 1663
39 66 432
39 67 2942
39 68 1711
39 69 480
39 70 2990
39 71 1759
39 72 528
39 73 3038
39 74 1807
39 75 576
39 76 3086
39 77 1855
39 78 624
39 79 2774
40 0 360
40 1 1616
40 2 596
40 3 657
40 4 1594
40 5 903
40 6 1525
40 7 146
40 8 1473
40 9 1433
40 10 346
40 11 940
40 12 1698
40 13 447
40 14 1507
40 15 1603
40 16 795
40 17 1629
40 18 1922
40 19 412
40 20 351
40 21 2230
40 22 788
40 23 277
40 24 1490
40 25 240
40 26 1471
40 27 2702
40 28 192
40 29 1423
40 30 2654
40 31 144
40 32 1375
40 33 2606
40 34 96
40 35 1327
40 36 2558
40 37 48
40 38 1279
40 39 2510
40 40 0
40 41 1231
40 42 2462
40 43 48
40 44 1279
40 45 2510
40 46 96
40 47 1327
40 48 2558
40 49 144
40 50 1375
40 51 2606
40 52 192
40 53 1423
40 54 2654
40 55 240
40 56 1471
40 57 2702
40 58 288
40 59 1519
40 60 2750
40 61 336
40 62 1567
40 63 2798
40 64 384
40 65 1615
40 66 2846
40 67 432
40 68 1663
40 69 2894
40 70 480
40 71 1711
40 72 2942
40 73 528
40 74 1759
40 75 2990
40 76 576
40 77 1807
40 78 3038
40 79 360
41 0 1591
41 1 385
41 2 635
41 3 670
41 4 363
41 5 1384
41 6 294
41 7 1277
41 8 242
41 9 202
41 10 1269
41 11 771
41 12 467
41 13 1552
41 14 276
41 15 372
41 16 1588
41 17 398
41 18 691
41 19 1491
41 20 1456
41 21 999
41 22 827
41 23 1434
41 24 259
41 25 1471
41 26 240
41 27 1471
41 28 1423
41 29 192
41 30 1423
41 31 1375
41 32 144
41 33 1375
41 34 1327
41 35 96
41 36 1327
41 37 1279
41 38 48
41 39 1279
41 40 1231
41 41 0
41 42 1231
41 43 1279
41 44 48
41 45 1279
41 46 1327
41 47 96
41 48 1327
41 49 1375
41 50 144
41 51 1375
41 52 1423
41 53 192
41 54 1423
41 55 1471
41 56 240
41 57 1471
41 58 1519
41 59 288
41 60 1519
41 61 1567
41 62 336
41 63 1567
41 64 1615
41 65 384
41 66 1615
41 67 1663
41 68 432
41 69 1663
41 70 1711
41 71 480
41 72 1711
41 73 1759
41 74 528
41 75 1759
41 76 1807
41 77 576
41 78 1807
41 79 1591
42 0 2822
42 1 1230
42 2 1866
42 3 1901
42 4 1156
42 5 2615
42 6 1321
42 7 2508
42 8 1373
42 9 1125
42 10 2500
42 11 2002
42 12 1052
42 13 2783
42 14 1147
42 15 1243
42 16 2819
42 17 1217
42 18 1692
42 19 2722
42 20 2687
42 21 232
42 22 2058
42 23 2665
42 24 1260
42 25 2702
42 26 1471
42 27 240
42 28 2654
42 29 1423
42 30 192
42 31 2606
42 32 1375
42 33 144
42 34 2558
42 35 1327
42 36 96
42 37 2510
42 38 1279
42 39 48
42 40 2462
42 41 1231
42 42 0
42 43 2510
42 44 1279
42 45 48
42 46 2558
42 47 1327
42 48 96
42 49 2606
42 50 1375
42 51 144
42 52 2654
42 53 1423
42 54 192
42 55 2702
42 56 1471
42 57 240
42 58 2750
42 59 1519
42 60 288
42 61 2798
42 62 1567
42 63 336
42 64 2846
42 65 1615
42 66 384
42 67 2894
42 68 1663
42 69 432
42 70 2942
42 71 1711
42 72 480
42 73 2990
42 74 1759
42 75 528
42 76 3038
42 77 1807
42 78 576
42 79 2822
43 0 408
43 1 1568
43 2 644
43 3 705
43 4 1642
43 5 855
43 6 1573
43 7 98
43 8 1425
43 9 1481
43 10 298
43 11 988
43 12 1746
43 13 399
43 14 1555
43 15 1555
43 16 747
43 17 1677
43 18 1874
43 19 364
43 20 303
43 21 2278
43 22 740
43 23 325
43 24 1442
43 25 288
43 26 1519
43 27 2750
43 28 240
43 29 1471
43 30 2702
43 31 192
43 32 1423
43 33 2654
43 34 144
43 35 1375
43 36 2606
43 37 96
43 38 1327
43 39 2558
43 40 48
43 41 1279
43 42 2510
43 43 0
43 44 1231
43 45 2462
43 46 48
43 47 1279
43 48 2510
43 49 96
43 50 1327
43 51 2558
43 52 144
43 53 1375
43 54 2606
43 55 192
43 56 1423
43 57 2654
43 58 240
43 59 1471
43 60 2702
43 61 288
43 62 1519
43 63 2750
43 64 336
43 65 1567
43 66 2798
43 67 384
43 68 1615
43 69 2846
43 70 432
43 71 1663
43 72 2894
43 73 480
43 74 1711
43 75 2942
43 76 528
43 77 1759
43 78 2990
43 79 408
44 0 1639
44 1 337
44 2 683
44 3 718
44 4 411
44 5 1336
44 6 342
44 7 1229
44 8 194
44 9 250
44 10 1221
44 11 819
44 12 515
44 13 1504
44 14 324
44 15 324
44 16 1540
44 17 446
44 18 643
44 19 1443
44 20 1408
44 21 1047
44 22 779
44 23 1482
44 24 211
44 25 1519
44 26 288
44 27 1519
44 28 1471
44 29 240
44 30 1471
44 31 1423
44 32 192
44 33 1423
44 34 1375
44 35 144
44 36 1375
44 37 1327
44 38 96
44 39 1327
44 40 1279
44 41 48
44 42 1279
44 43 1231
44 44 0
44 45 1231
44 46 1279
44 47 48
44 48 1279
44 49 1327
44 50 96
44 51 1327
44 52 1375
44 53 144
44 54 1375
44 55 1423
44 56 192
44 57 1423
44 58 1471
44 59 240
44 60 1471
44 61 1519
44 62 288
44 63 1519
44 64 1567
44 65 336
44 66 1567
44 67 1615
44 68 384
44 69 1615
44 70 1663
44 71 432
44 72 1663
44 73 1711
44 74 480
44 75 1711
44 76 1759
44 77 528
44 78 1759
44 79 1639
45 0 2870
45 1 1182
45 2 1914
45 3 1949
45 4 1204
45 5 2567
45 6 1369
45 7 2460
45 8 1325
45 9 1173
