//alpha
1
//NbLocations
37
//NbProducts
18
//NbPickers
2
//CapaPicker
4
//TimeToTravelOneDistanceUnit
3
//SetupTime
5400
//PickTime
300
//Products
//Idx Location Size
1 1 1
2 2 1
3 3 1
4 4 1
5 5 1
6 6 1
7 7 1
8 8 1
9 9 1
10 10 1
11 11 1
12 12 1
13 13 1
14 14 1
15 15 1
16 16 1
17 17 1
18 18 1
//Orders
//NbOrders
12
//Idx DueDate TardinessPenalty NbProdInOrder ProdIdx1 Qty1 ProdIdx2 Qty2 ...
1 108000 0 1 1 1
2 90000 0 2 2 1 3 1
3 90000 0 1 4 1
4 126000 0 1 5 1
5 90000 0 1 6 1
6 90000 0 1 7 1
7 126000 0 1 8 1
8 126000 0 4 9 1 10 1 11 1 12 1
9 90000 0 1 13 1
10 90000 0 1 14 1
11 126000 0 1 15 1
12 54000 0 3 16 1 17 1 18 1
//Graph (Products are vertices indexed from 1 to NbProducts)
//NbVerticesIntersections
18
//DepartingDepot
0
//ArrivalDepot
37
//Arcs
//Start End Distance
0 19 120
1 35 141
1 36 310
2 17 156
2 29 63
3 9 39
3 29 349
4 20 76
4 21 375
5 7 26
5 23 128
6 15 130
6 25 50
7 5 26
7 12 65
8 13 13
8 26 50
9 3 39
9 28 63
10 22 76
10 23 375
11 16 117
11 34 76
12 7 65
12 24 232
13 8 13
13 18 169
14 19 50
14 20 401
15 6 130
15 26 271
16 11 117
16 35 258
17 2 156
17 30 232
18 13 169
18 27 219
19 14 50
19 22 48
19 37 120
20 4 76
20 14 401
20 23 48
21 4 375
21 24 48
22 10 76
22 19 48
22 25 48
23 5 128
23 10 375
23 20 48
23 26 48
24 12 232
24 21 48
24 27 48
25 6 50
25 22 48
25 28 48
26 8 50
26 15 271
26 23 48
26 29 48
27 18 219
27 24 48
27 30 48
28 9 63
28 25 48
28 31 48
29 2 63
29 3 349
29 26 48
29 32 48
30 17 232
30 27 48
30 33 48
31 28 48
31 32 451
31 34 48
32 29 48
32 31 451
32 33 451
32 35 48
33 30 48
33 32 451
33 36 48
34 11 76
34 31 48
35 1 141
35 16 258
35 32 48
36 1 310
36 33 48
//LocStart LocEnd ShortestPath
0 0 0
0 1 952
0 2 778
0 3 366
0 4 647
0 5 747
0 6 266
0 7 773
0 8 717
0 9 327
0 10 244
0 11 436
0 12 838
0 13 730
0 14 170
0 15 396
0 16 553
0 17 934
0 18 899
0 19 120
0 20 571
0 21 1022
0 22 168
0 23 619
0 24 1070
0 25 216
0 26 667
0 27 1118
0 28 264
0 29 715
0 30 1166
0 31 312
0 32 763
0 33 1214
0 34 360
0 35 811
0 36 1262
0 37 0
1 0 952
1 1 0
1 2 300
1 3 586
1 4 457
1 5 461
1 6 686
1 7 487
1 8 335
1 9 625
1 10 708
1 11 516
1 12 552
1 13 348
1 14 782
1 15 556
1 16 399
1 17 456
1 18 517
1 19 832
1 20 381
1 21 550
1 22 784
1 23 333
1 24 502
1 25 736
1 26 285
1 27 454
1 28 688
1 29 237
1 30 406
1 31 640
1 32 189
1 33 358
1 34 592
1 35 141
1 36 310
1 37 952
2 0 778
2 1 300
2 2 0
2 3 412
2 4 283
2 5 287
2 6 512
2 7 313
2 8 161
2 9 451
2 10 534
2 11 534
2 12 378
2 13 174
2 14 608
2 15 382
2 16 417
2 17 156
2 18 343
2 19 658
2 20 207
2 21 532
2 22 610
2 23 159
2 24 484
2 25 562
2 26 111
2 27 436
2 28 514
2 29 63
2 30 388
2 31 562
2 32 111
2 33 436
2 34 610
2 35 159
2 36 484
2 37 778
3 0 366
3 1 586
3 2 412
3 3 0
3 4 569
3 5 573
3 6 200
3 7 599
3 8 447
3 9 39
3 10 274
3 11 274
3 12 664
3 13 460
3 14 296
3 15 330
3 16 391
3 17 568
3 18 629
3 19 246
3 20 493
3 21 944
3 22 198
3 23 445
3 24 896
3 25 150
3 26 397
3 27 848
3 28 102
3 29 349
3 30 800
3 31 150
3 32 397
3 33 848
3 34 198
3 35 445
3 36 896
3 37 366
4 0 647
4 1 457
4 2 283
4 3 569
4 4 0
4 5 252
4 6 573
4 7 278
4 8 222
4 9 608
4 10 499
4 11 691
4 12 343
4 13 235
4 14 477
4 15 443
4 16 574
4 17 439
4 18 404
4 19 527
4 20 76
4 21 375
4 22 575
4 23 124
4 24 423
4 25 623
4 26 172
4 27 471
4 28 671
4 29 220
4 30 519
4 31 719
4 32 268
4 33 567
4 34 767
4 35 316
4 36 615
4 37 647
5 0 747
5 1 461
5 2 287
5 3 573
5 4 252
5 5 0
5 6 577
5 7 26
5 8 226
5 9 612
5 10 503
5 11 695
5 12 91
5 13 239
5 14 577
5 15 447
5 16 578
5 17 443
5 18 408
5 19 627
5 20 176
5 21 371
5 22 579
5 23 128
5 24 323
5 25 627
5 26 176
5 27 371
5 28 675
5 29 224
5 30 419
5 31 723
5 32 272
5 33 467
5 34 771
5 35 320
5 36 515
5 37 747
6 0 266
6 1 686
6 2 512
6 3 200
6 4 573
6 5 577
6 6 0
6 7 603
6 8 451
6 9 161
6 10 174
6 11 270
6 12 668
6 13 464
6 14 196
6 15 130
6 16 387
6 17 668
6 18 633
6 19 146
6 20 497
6 21 948
6 22 98
6 23 449
6 24 900
6 25 50
6 26 401
6 27 852
6 28 98
6 29 449
6 30 900
6 31 146
6 32 497
6 33 948
6 34 194
6 35 545
6 36 996
6 37 266
7 0 773
7 1 487
7 2 313
7 3 599
7 4 278
7 5 26
7 6 603
7 7 0
7 8 252
7 9 638
7 10 529
7 11 721
7 12 65
7 13 265
7 14 603
7 15 473
7 16 604
7 17 469
7 18 434
7 19 653
7 20 202
7 21 345
7 22 605
7 23 154
7 24 297
7 25 653
7 26 202
7 27 345
7 28 701
7 29 250
7 30 393
7 31 749
7 32 298
7 33 441
7 34 797
7 35 346
7 36 489
7 37 773
8 0 717
8 1 335
8 2 161
8 3 447
8 4 222
8 5 226
8 6 451
8 7 252
8 8 0
8 9 486
8 10 473
8 11 569
8 12 317
8 13 13
8 14 547
8 15 321
8 16 452
8 17 317
8 18 182
8 19 597
8 20 146
8 21 497
8 22 549
8 23 98
8 24 449
8 25 501
8 26 50
8 27 401
8 28 549
8 29 98
8 30 449
8 31 597
8 32 146
8 33 497
8 34 645
8 35 194
8 36 545
8 37 717
9 0 327
9 1 625
9 2 451
9 3 39
9 4 608
9 5 612
9 6 161
9 7 638
9 8 486
9 9 0
9 10 235
9 11 235
9 12 703
9 13 499
9 14 257
9 15 291
9 16 352
9 17 607
9 18 668
9 19 207
9 20 532
9 21 983
9 22 159
9 23 484
9 24 935
9 25 111
9 26 436
9 27 887
9 28 63
9 29 388
9 30 839
9 31 111
9 32 436
9 33 887
9 34 159
9 35 484
9 36 935
9 37 327
10 0 244
10 1 708
10 2 534
10 3 274
10 4 499
10 5 503
10 6 174
10 7 529
10 8 473
10 9 235
10 10 0
10 11 344
10 12 594
10 13 486
10 14 174
10 15 304
10 16 461
10 17 690
10 18 655
10 19 124
10 20 423
10 21 874
10 22 76
10 23 375
10 24 826
10 25 124
10 26 423
10 27 874
10 28 172
10 29 471
10 30 922
10 31 220
10 32 519
10 33 970
10 34 268
10 35 567
10 36 1018
10 37 244
11 0 436
11 1 516
11 2 534
11 3 274
11 4 691
11 5 695
11 6 270
11 7 721
11 8 569
11 9 235
11 10 344
11 11 0
11 12 786
11 13 582
11 14 366
11 15 400
11 16 117
11 17 690
11 18 751
11 19 316
11 20 615
11 21 1066
11 22 268
11 23 567
11 24 1018
11 25 220
11 26 519
11 27 970
11 28 172
11 29 471
11 30 922
11 31 124
11 32 423
11 33 874
11 34 76
11 35 375
11 36 826
11 37 436
12 0 838
12 1 552
12 2 378
12 3 664
12 4 343
12 5 91
12 6 668
12 7 65
12 8 317
12 9 703
12 10 594
12 11 786
12 12 0
12 13 330
12 14 668
12 15 538
12 16 669
12 17 534
12 18 499
12 19 718
12 20 267
12 21 280
12 22 670
12 23 219
12 24 232
12 25 718
12 26 267
12 27 280
12 28 766
12 29 315
12 30 328
12 31 814
12 32 363
12 33 376
12 34 862
12 35 411
12 36 424
12 37 838
13 0 730
13 1 348
13 2 174
13 3 460
13 4 235
13 5 239
13 6 464
13 7 265
13 8 13
13 9 499
13 10 486
13 11 582
13 12 330
13 13 0
13 14 560
13 15 334
13 16 465
13 17 330
13 18 169
13 19 610
13 20 159
13 21 484
13 22 562
13 23 111
13 24 436
13 25 514
13 26 63
13 27 388
13 28 562
13 29 111
13 30 436
13 31 610
13 32 159
13 33 484
13 34 658
13 35 207
13 36 532
13 37 730
14 0 170
14 1 782
14 2 608
14 3 296
14 4 477
14 5 577
14 6 196
14 7 603
14 8 547
14 9 257
14 10 174
14 11 366
14 12 668
14 13 560
14 14 0
14 15 326
14 16 483
14 17 764
14 18 729
14 19 50
14 20 401
14 21 852
14 22 98
14 23 449
14 24 900
14 25 146
14 26 497
14 27 948
14 28 194
14 29 545
14 30 996
14 31 242
14 32 593
14 33 1044
14 34 290
14 35 641
14 36 1092
14 37 170
15 0 396
15 1 556
15 2 382
15 3 330
15 4 443
15 5 447
15 6 130
15 7 473
15 8 321
15 9 291
15 10 304
15 11 400
15 12 538
15 13 334
15 14 326
15 15 0
15 16 517
15 17 538
15 18 503
15 19 276
15 20 367
15 21 818
15 22 228
15 23 319
15 24 770
15 25 180
15 26 271
15 27 722
15 28 228
15 29 319
15 30 770
15 31 276
15 32 367
15 33 818
15 34 324
15 35 415
15 36 866
15 37 396
16 0 553
16 1 399
16 2 417
16 3 391
16 4 574
16 5 578
16 6 387
16 7 604
16 8 452
16 9 352
16 10 461
16 11 117
16 12 669
16 13 465
16 14 483
16 15 517
16 16 0
16 17 573
16 18 634
16 19 433
16 20 498
16 21 949
16 22 385
16 23 450
16 24 901
16 25 337
16 26 402
16 27 853
16 28 289
16 29 354
16 30 805
16 31 241
16 32 306
16 33 757
16 34 193
16 35 258
16 36 709
16 37 553
17 0 934
17 1 456
17 2 156
17 3 568
17 4 439
17 5 443
17 6 668
17 7 469
17 8 317
17 9 607
17 10 690
17 11 690
17 12 534
17 13 330
17 14 764
17 15 538
17 16 573
17 17 0
17 18 499
17 19 814
17 20 363
17 21 376
17 22 766
17 23 315
17 24 328
17 25 718
17 26 267
17 27 280
17 28 670
17 29 219
17 30 232
17 31 718
17 32 267
17 33 280
17 34 766
17 35 315
17 36 328
17 37 934
18 0 899
18 1 517
18 2 343
18 3 629
18 4 404
18 5 408
18 6 633
18 7 434
18 8 182
18 9 668
18 10 655
18 11 751
18 12 499
18 13 169
18 14 729
18 15 503
18 16 634
18 17 499
18 18 0
18 19 779
18 20 328
18 21 315
18 22 731
18 23 280
18 24 267
18 25 683
18 26 232
18 27 219
18 28 731
18 29 280
18 30 267
18 31 779
18 32 328
18 33 315
18 34 827
18 35 376
18 36 363
18 37 899
19 0 120
19 1 832
19 2 658
19 3 246
19 4 527
19 5 627
19 6 146
19 7 653
19 8 597
19 9 207
19 10 124
19 11 316
19 12 718
19 13 610
19 14 50
19 15 276
19 16 433
19 17 814
19 18 779
19 19 0
19 20 451
19 21 902
19 22 48
19 23 499
19 24 950
19 25 96
19 26 547
19 27 998
19 28 144
19 29 595
19 30 1046
19 31 192
19 32 643
19 33 1094
19 34 240
19 35 691
19 36 1142
19 37 120
20 0 571
20 1 381
20 2 207
20 3 493
20 4 76
20 5 176
20 6 497
20 7 202
20 8 146
20 9 532
20 10 423
20 11 615
20 12 267
20 13 159
20 14 401
20 15 367
20 16 498
20 17 363
20 18 328
20 19 451
20 20 0
20 21 451
20 22 499
20 23 48
20 24 499
20 25 547
20 26 96
20 27 547
20 28 595
20 29 144
20 30 595
20 31 643
20 32 192
20 33 643
20 34 691
20 35 240
20 36 691
20 37 571
21 0 1022
21 1 550
21 2 532
21 3 944
21 4 375
21 5 371
21 6 948
21 7 345
21 8 497
21 9 983
21 10 874
21 11 1066
21 12 280
21 13 484
21 14 852
21 15 818
21 16 949
21 17 376
21 18 315
21 19 902
21 20 451
21 21 0
21 22 950
21 23 499
21 24 48
21 25 998
21 26 547
21 27 96
21 28 1046
21 29 595
21 30 144
21 31 1094
21 32 643
21 33 192
21 34 1142
21 35 691
21 36 240
21 37 1022
22 0 168
22 1 784
22 2 610
22 3 198
22 4 575
22 5 579
22 6 98
22 7 605
22 8 549
22 9 159
22 10 76
22 11 268
22 12 670
22 13 562
22 14 98
22 15 228
22 16 385
22 17 766
22 18 731
22 19 48
22 20 499
22 21 950
22 22 0
22 23 451
22 24 902
22 25 48
22 26 499
22 27 950
22 28 96
22 29 547
22 30 998
22 31 144
22 32 595
22 33 1046
22 34 192
22 35 643
22 36 1094
22 37 168
23 0 619
23 1 333
23 2 159
23 3 445
23 4 124
23 5 128
23 6 449
23 7 154
23 8 98
23 9 484
23 10 375
23 11 567
23 12 219
23 13 111
23 14 449
23 15 319
23 16 450
23 17 315
23 18 280
23 19 499
23 20 48
23 21 499
23 22 451
23 23 0
23 24 451
23 25 499
23 26 48
23 27 499
23 28 547
23 29 96
23 30 547
23 31 595
23 32 144
23 33 595
23 34 643
23 35 192
23 36 643
23 37 619
24 0 1070
24 1 502
24 2 484
24 3 896
24 4 423
24 5 323
24 6 900
24 7 297
24 8 449
24 9 935
24 10 826
24 11 1018
24 12 232
24 13 436
24 14 900
24 15 770
24 16 901
24 17 328
24 18 267
24 19 950
24 20 499
24 21 48
24 22 902
24 23 451
24 24 0
24 25 950
24 26 499
24 27 48
24 28 998
24 29 547
24 30 96
24 31 1046
24 32 595
24 33 144
24 34 1094
24 35 643
24 36 192
24 37 1070
25 0 216
25 1 736
25 2 562
25 3 150
25 4 623
25 5 627
25 6 50
25 7 653
25 8 501
25 9 111
25 10 124
25 11 220
25 12 718
25 13 514
25 14 146
25 15 180
25 16 337
25 17 718
25 18 683
25 19 96
25 20 547
25 21 998
25 22 48
25 23 499
25 24 950
25 25 0
25 26 451
25 27 902
25 28 48
25 29 499
25 30 950
25 31 96
25 32 547
25 33 998
25 34 144
25 35 595
25 36 1046
25 37 216
26 0 667
26 1 285
26 2 111
26 3 397
26 4 172
26 5 176
26 6 401
26 7 202
26 8 50
26 9 436
26 10 423
26 11 519
26 12 267
26 13 63
26 14 497
26 15 271
26 16 402
26 17 267
26 18 232
26 19 547
26 20 96
26 21 547
26 22 499
26 23 48
26 24 499
26 25 451
26 26 0
26 27 451
26 28 499
26 29 48
26 30 499
26 31 547
26 32 96
26 33 547
26 34 595
26 35 144
26 36 595
26 37 667
27 0 1118
27 1 454
27 2 436
27 3 848
27 4 471
27 5 371
27 6 852
27 7 345
27 8 401
27 9 887
27 10 874
27 11 970
27 12 280
27 13 388
27 14 948
27 15 722
27 16 853
27 17 280
27 18 219
27 19 998
27 20 547
27 21 96
27 22 950
27 23 499
27 24 48
27 25 902
27 26 451
27 27 0
27 28 950
27 29 499
27 30 48
27 31 998
27 32 547
27 33 96
27 34 1046
27 35 595
27 36 144
27 37 1118
28 0 264
28 1 688
28 2 514
28 3 102
28 4 671
28 5 675
28 6 98
28 7 701
28 8 549
28 9 63
28 10 172
28 11 172
28 12 766
28 13 562
28 14 194
28 15 228
28 16 289
28 17 670
28 18 731
28 19 144
28 20 595
28 21 1046
28 22 96
28 23 547
28 24 998
28 25 48
28 26 499
28 27 950
28 28 0
28 29 451
28 30 902
28 31 48
28 32 499
28 33 950
28 34 96
28 35 547
28 36 998
28 37 264
29 0 715
29 1 237
29 2 63
29 3 349
29 4 220
29 5 224
29 6 449
29 7 250
29 8 98
29 9 388
29 10 471
29 11 471
29 12 315
29 13 111
29 14 545
29 15 319
29 16 354
29 17 219
29 18 280
29 19 595
29 20 144
29 21 595
29 22 547
29 23 96
29 24 547
29 25 499
29 26 48
29 27 499
29 28 451
29 29 0
29 30 451
29 31 499
29 32 48
29 33 499
29 34 547
29 35 96
29 36 547
29 37 715
30 0 1166
30 1 406
30 2 388
30 3 800
30 4 519
30 5 419
30 6 900
30 7 393
30 8 449
30 9 839
30 10 922
30 11 922
30 12 328
30 13 436
30 14 996
30 15 770
30 16 805
30 17 232
30 18 267
30 19 1046
30 20 595
30 21 144
30 22 998
30 23 547
30 24 96
30 25 950
30 26 499
30 27 48
30 28 902
30 29 451
30 30 0
30 31 950
30 32 499
30 33 48
30 34 998
30 35 547
30 36 96
30 37 1166
31 0 312
31 1 640
31 2 562
31 3 150
31 4 719
31 5 723
31 6 146
31 7 749
31 8 597
31 9 111
31 10 220
31 11 124
31 12 814
31 13 610
31 14 242
31 15 276
31 16 241
31 17 718
31 18 779
31 19 192
31 20 643
31 21 1094
31 22 144
31 23 595
31 24 1046
31 25 96
31 26 547
31 27 998
31 28 48
31 29 499
31 30 950
31 31 0
31 32 451
31 33 902
31 34 48
31 35 499
31 36 950
31 37 312
32 0 763
32 1 189
32 2 111
32 3 397
32 4 268
32 5 272
32 6 497
32 7 298
32 8 146
32 9 436
32 10 519
32 11 423
32 12 363
32 13 159
32 14 593
32 15 367
32 16 306
32 17 267
32 18 328
32 19 643
32 20 192
32 21 643
32 22 595
32 23 144
32 24 595
32 25 547
32 26 96
32 27 547
32 28 499
32 29 48
32 30 499
32 31 451
32 32 0
32 33 451
32 34 499
32 35 48
32 36 499
32 37 763
33 0 1214
33 1 358
33 2 436
33 3 848
33 4 567
33 5 467
33 6 948
33 7 441
33 8 497
33 9 887
33 10 970
33 11 874
33 12 376
33 13 484
33 14 1044
33 15 818
33 16 757
33 17 280
33 18 315
33 19 1094
33 20 643
33 21 192
33 22 1046
33 23 595
33 24 144
33 25 998
33 26 547
33 27 96
33 28 950
33 29 499
33 30 48
33 31 902
33 32 451
33 33 0
33 34 950
33 35 499
33 36 48
33 37 1214
34 0 360
34 1 592
34 2 610
34 3 198
34 4 767
34 5 771
34 6 194
34 7 797
34 8 645
34 9 159
34 10 268
34 11 76
34 12 862
34 13 658
34 14 290
34 15 324
34 16 193
34 17 766
34 18 827
34 19 240
34 20 691
34 21 1142
34 22 192
34 23 643
34 24 1094
34 25 144
34 26 595
34 27 1046
34 28 96
34 29 547
34 30 998
34 31 48
34 32 499
34 33 950
34 34 0
34 35 451
34 36 902
34 37 360
35 0 811
35 1 141
35 2 159
35 3 445
35 4 316
35 5 320
35 6 545
35 7 346
35 8 194
35 9 484
35 10 567
35 11 375
35 12 411
35 13 207
35 14 641
35 15 415
35 16 258
35 17 315
35 18 376
35 19 691
35 20 240
35 21 691
35 22 643
35 23 192
35 24 643
35 25 595
35 26 144
35 27 595
35 28 547
35 29 96
35 30 547
35 31 499
35 32 48
35 33 499
35 34 451
35 35 0
35 36 451
35 37 811
36 0 1262
36 1 310
36 2 484
36 3 896
36 4 615
36 5 515
36 6 996
36 7 489
36 8 545
36 9 935
36 10 1018
36 11 826
36 12 424
36 13 532
36 14 1092
36 15 866
36 16 709
36 17 328
36 18 363
36 19 1142
36 20 691
36 21 240
36 22 1094
36 23 643
36 24 192
36 25 1046
36 26 595
36 27 144
36 28 998
36 29 547
36 30 96
36 31 950
36 32 499
36 33 48
36 34 902
36 35 451
36 36 0
36 37 1262
37 0 0
37 1 952
37 2 778
37 3 366
37 4 647
37 5 747
37 6 266
37 7 773
37 8 717
37 9 327
37 10 244
37 11 436
37 12 838
37 13 730
37 14 170
37 15 396
37 16 553
37 17 934
37 18 899
37 19 120
37 20 571
37 21 1022
37 22 168
37 23 619
37 24 1070
37 25 216
37 26 667
37 27 1118
37 28 264
37 29 715
37 30 1166
37 31 312
37 32 763
37 33 1214
37 34 360
37 35 811
37 36 1262
37 37 0
//Location coordinates LocationName
//Loc x y
0 0.0 0.0 "depot"
1 240.0 712.0 "product aisle 5 bloc 1 rank 18"
2 144.0 634.0 "product aisle 3 bloc 1 rank 5"
3 144.0 222.0 "product aisle 3 bloc 0 rank 12"
4 0.0 647.0 "product aisle 0 bloc 1 rank 7"
5 48.0 699.0 "product aisle 1 bloc 1 rank 15"
6 96.0 170.0 "product aisle 2 bloc 0 rank 4"
7 48.0 725.0 "product aisle 1 bloc 1 rank 20"
8 96.0 621.0 "product aisle 2 bloc 1 rank 4"
9 144.0 183.0 "product aisle 3 bloc 0 rank 5"
10 48.0 196.0 "product aisle 1 bloc 0 rank 7"
11 240.0 196.0 "product aisle 5 bloc 0 rank 8"
12 48.0 790.0 "product aisle 1 bloc 1 rank 29"
13 96.0 634.0 "product aisle 2 bloc 1 rank 6"
14 0.0 170.0 "product aisle 0 bloc 0 rank 4"
15 96.0 300.0 "product aisle 2 bloc 0 rank 24"
16 240.0 313.0 "product aisle 5 bloc 0 rank 26"
17 144.0 790.0 "product aisle 3 bloc 1 rank 30"
18 96.0 803.0 "product aisle 2 bloc 1 rank 31"
19 24.0 120.0 "intersection aisle 0 bloc 0 rank 0"
20 24.0 571.0 "intersection aisle 0 bloc 1 rank 1"
21 24.0 1022.0 "intersection aisle 0 bloc 2 rank 2"
22 72.0 120.0 "intersection aisle 1 bloc 0 rank 0"
23 72.0 571.0 "intersection aisle 1 bloc 1 rank 1"
24 72.0 1022.0 "intersection aisle 1 bloc 2 rank 2"
25 120.0 120.0 "intersection aisle 2 bloc 0 rank 0"
26 120.0 571.0 "intersection aisle 2 bloc 1 rank 1"
27 120.0 1022.0 "intersection aisle 2 bloc 2 rank 2"
28 168.0 120.0 "intersection aisle 3 bloc 0 rank 0"
29 168.0 571.0 "intersection aisle 3 bloc 1 rank 1"
30 168.0 1022.0 "intersection aisle 3 bloc 2 rank 2"
31 216.0 120.0 "intersection aisle 4 bloc 0 rank 0"
32 216.0 571.0 "intersection aisle 4 bloc 1 rank 1"
33 216.0 1022.0 "intersection aisle 4 bloc 2 rank 2"
34 264.0 120.0 "intersection aisle 5 bloc 0 rank 0"
35 264.0 571.0 "intersection aisle 5 bloc 1 rank 1"
36 264.0 1022.0 "intersection aisle 5 bloc 2 rank 2"
37 0.0 0.0 "depot"
