//alpha
1
//NbLocations
37
//NbProducts
18
//NbPickers
2
//CapaPicker
8
//TimeToTravelOneDistanceUnit
3
//SetupTime
5400
//PickTime
300
//Products
//Idx Location Size
1 1 1
2 2 1
3 3 1
4 4 1
5 5 1
6 6 1
7 7 1
8 8 1
9 9 1
10 10 1
11 11 1
12 12 1
13 13 1
14 14 1
15 15 1
16 16 1
17 17 1
18 18 1
//Orders
//NbOrders
12
//Idx DueDate TardinessPenalty NbProdInOrder ProdIdx1 Qty1 ProdIdx2 Qty2 ...
1 108000 0 1 1 1
2 72000 0 1 2 1
3 72000 0 1 3 1
4 90000 0 1 4 1
5 72000 0 1 5 1
6 72000 0 2 6 1 7 1
7 54000 0 3 8 1 9 1 10 1
8 72000 0 1 11 1
9 90000 0 1 12 1
10 108000 0 2 13 1 14 1
11 54000 0 3 15 1 16 1 17 1
12 54000 0 1 18 1
//Graph (Products are vertices indexed from 1 to NbProducts)
//NbVerticesIntersections
18
//DepartingDepot
0
//ArrivalDepot
37
//Arcs
//Start End Distance
0 19 120
1 4 39
1 21 37
2 5 26
2 19 76
3 17 26
3 18 65
4 1 39
4 8 26
5 2 26
5 9 65
6 18 39
6 20 50
7 16 78
7 17 26
8 4 26
8 16 65
9 5 65
9 10 208
10 9 208
10 14 26
11 23 245
11 24 206
12 22 414
12 23 37
13 25 284
13 26 167
14 10 26
14 20 50
15 31 167
15 32 284
16 7 78
16 8 65
17 3 26
17 7 26
18 3 65
18 6 39
19 2 76
19 22 48
19 37 120
20 6 50
20 14 50
20 23 48
21 1 37
21 24 48
22 12 414
22 19 48
22 25 48
23 11 245
23 12 37
23 20 48
23 26 48
24 11 206
24 21 48
24 27 48
25 13 284
25 22 48
25 28 48
26 13 167
26 23 48
26 27 451
26 29 48
27 24 48
27 26 451
27 30 48
28 25 48
28 29 451
28 31 48
29 26 48
29 28 451
29 30 451
29 32 48
30 27 48
30 29 451
30 33 48
31 15 167
31 28 48
31 34 48
32 15 284
32 29 48
32 33 451
32 35 48
33 30 48
33 32 451
33 36 48
34 31 48
34 35 451
35 32 48
35 34 451
35 36 451
36 33 48
36 35 451
//LocStart LocEnd ShortestPath
0 0 0
0 1 985
0 2 196
0 3 725
0 4 946
0 5 222
0 6 621
0 7 777
0 8 920
0 9 287
0 10 495
0 11 864
0 12 582
0 13 500
0 14 521
0 15 479
0 16 855
0 17 751
0 18 660
0 19 120
0 20 571
0 21 1022
0 22 168
0 23 619
0 24 1070
0 25 216
0 26 667
0 27 1118
0 28 264
0 29 715
0 30 1166
0 31 312
0 32 763
0 33 1214
0 34 360
0 35 811
0 36 1262
0 37 0
1 0 985
1 1 0
1 2 789
1 3 260
1 4 39
1 5 763
1 6 364
1 7 208
1 8 65
1 9 698
1 10 490
1 11 291
1 12 499
1 13 677
1 14 464
1 15 890
1 16 130
1 17 234
1 18 325
1 19 865
1 20 414
1 21 37
1 22 913
1 23 462
1 24 85
1 25 961
1 26 510
1 27 133
1 28 1009
1 29 558
1 30 181
1 31 1057
1 32 606
1 33 229
1 34 1105
1 35 654
1 36 277
1 37 985
2 0 196
2 1 789
2 2 0
2 3 529
2 4 750
2 5 26
2 6 425
2 7 581
2 8 724
2 9 91
2 10 299
2 11 668
2 12 460
2 13 456
2 14 325
2 15 435
2 16 659
2 17 555
2 18 464
2 19 76
2 20 375
2 21 826
2 22 124
2 23 423
2 24 874
2 25 172
2 26 471
2 27 922
2 28 220
2 29 519
2 30 970
2 31 268
2 32 567
2 33 1018
2 34 316
2 35 615
2 36 1066
2 37 196
3 0 725
3 1 260
3 2 529
3 3 0
3 4 221
3 5 503
3 6 104
3 7 52
3 8 195
3 9 438
3 10 230
3 11 447
3 12 239
3 13 417
3 14 204
3 15 630
3 16 130
3 17 26
3 18 65
3 19 605
3 20 154
3 21 297
3 22 653
3 23 202
3 24 345
3 25 701
3 26 250
3 27 393
3 28 749
3 29 298
3 30 441
3 31 797
3 32 346
3 33 489
3 34 845
3 35 394
3 36 537
3 37 725
4 0 946
4 1 39
4 2 750
4 3 221
4 4 0
4 5 724
4 6 325
4 7 169
4 8 26
4 9 659
4 10 451
4 11 330
4 12 460
4 13 638
4 14 425
4 15 851
4 16 91
4 17 195
4 18 286
4 19 826
4 20 375
4 21 76
4 22 874
4 23 423
4 24 124
4 25 922
4 26 471
4 27 172
4 28 970
4 29 519
4 30 220
4 31 1018
4 32 567
4 33 268
4 34 1066
4 35 615
4 36 316
4 37 946
5 0 222
5 1 763
5 2 26
5 3 503
5 4 724
5 5 0
5 6 399
5 7 555
5 8 698
5 9 65
5 10 273
5 11 642
5 12 434
5 13 482
5 14 299
5 15 461
5 16 633
5 17 529
5 18 438
5 19 102
5 20 349
5 21 800
5 22 150
5 23 397
5 24 848
5 25 198
5 26 445
5 27 896
5 28 246
5 29 493
5 30 944
5 31 294
5 32 541
5 33 992
5 34 342
5 35 589
5 36 1040
5 37 222
6 0 621
6 1 364
6 2 425
6 3 104
6 4 325
6 5 399
6 6 0
6 7 156
6 8 299
6 9 334
6 10 126
6 11 343
6 12 135
6 13 313
6 14 100
6 15 526
6 16 234
6 17 130
6 18 39
6 19 501
6 20 50
6 21 401
6 22 549
6 23 98
6 24 449
6 25 597
6 26 146
6 27 497
6 28 645
6 29 194
6 30 545
6 31 693
6 32 242
6 33 593
6 34 741
6 35 290
6 36 641
6 37 621
7 0 777
7 1 208
7 2 581
7 3 52
7 4 169
7 5 555
7 6 156
7 7 0
7 8 143
7 9 490
7 10 282
7 11 499
7 12 291
7 13 469
7 14 256
7 15 682
7 16 78
7 17 26
7 18 117
7 19 657
7 20 206
7 21 245
7 22 705
7 23 254
7 24 293
7 25 753
7 26 302
7 27 341
7 28 801
7 29 350
7 30 389
7 31 849
7 32 398
7 33 437
7 34 897
7 35 446
7 36 485
7 37 777
8 0 920
8 1 65
8 2 724
8 3 195
8 4 26
8 5 698
8 6 299
8 7 143
8 8 0
8 9 633
8 10 425
8 11 356
8 12 434
8 13 612
8 14 399
8 15 825
8 16 65
8 17 169
8 18 260
8 19 800
8 20 349
8 21 102
8 22 848
8 23 397
8 24 150
8 25 896
8 26 445
8 27 198
8 28 944
8 29 493
8 30 246
8 31 992
8 32 541
8 33 294
8 34 1040
8 35 589
8 36 342
8 37 920
9 0 287
9 1 698
9 2 91
9 3 438
9 4 659
9 5 65
9 6 334
9 7 490
9 8 633
9 9 0
9 10 208
9 11 577
9 12 369
9 13 547
9 14 234
9 15 526
9 16 568
9 17 464
9 18 373
9 19 167
9 20 284
9 21 735
9 22 215
9 23 332
9 24 783
9 25 263
9 26 380
9 27 831
9 28 311
9 29 428
9 30 879
9 31 359
9 32 476
9 33 927
9 34 407
9 35 524
9 36 975
9 37 287
10 0 495
10 1 490
10 2 299
10 3 230
10 4 451
10 5 273
10 6 126
10 7 282
10 8 425
10 9 208
10 10 0
10 11 369
10 12 161
10 13 339
10 14 26
10 15 552
10 16 360
10 17 256
10 18 165
10 19 375
10 20 76
10 21 527
10 22 423
10 23 124
10 24 575
10 25 471
10 26 172
10 27 623
10 28 519
10 29 220
10 30 671
10 31 567
10 32 268
10 33 719
10 34 615
10 35 316
10 36 767
10 37 495
11 0 864
11 1 291
11 2 668
11 3 447
11 4 330
11 5 642
11 6 343
11 7 499
11 8 356
11 9 577
11 10 369
11 11 0
11 12 282
11 13 460
11 14 343
11 15 673
11 16 421
11 17 473
11 18 382
11 19 744
11 20 293
11 21 254
11 22 696
11 23 245
11 24 206
11 25 744
11 26 293
11 27 254
11 28 792
11 29 341
11 30 302
11 31 840
11 32 389
11 33 350
11 34 888
11 35 437
11 36 398
11 37 864
12 0 582
12 1 499
12 2 460
12 3 239
12 4 460
12 5 434
12 6 135
12 7 291
12 8 434
12 9 369
12 10 161
12 11 282
12 12 0
12 13 252
12 14 135
12 15 465
12 16 369
12 17 265
12 18 174
12 19 462
12 20 85
12 21 536
12 22 414
12 23 37
12 24 488
12 25 462
12 26 85
12 27 536
12 28 510
12 29 133
12 30 584
12 31 558
12 32 181
12 33 632
12 34 606
12 35 229
12 36 680
12 37 582
13 0 500
13 1 677
13 2 456
13 3 417
13 4 638
13 5 482
13 6 313
13 7 469
13 8 612
13 9 547
13 10 339
13 11 460
13 12 252
13 13 0
13 14 313
13 15 547
13 16 547
13 17 443
13 18 352
13 19 380
13 20 263
13 21 714
13 22 332
13 23 215
13 24 666
13 25 284
13 26 167
13 27 618
13 28 332
13 29 215
13 30 666
13 31 380
13 32 263
13 33 714
13 34 428
13 35 311
13 36 762
13 37 500
14 0 521
14 1 464
14 2 325
14 3 204
14 4 425
14 5 299
14 6 100
14 7 256
14 8 399
14 9 234
14 10 26
14 11 343
14 12 135
14 13 313
14 14 0
14 15 526
14 16 334
14 17 230
14 18 139
14 19 401
14 20 50
14 21 501
14 22 449
14 23 98
14 24 549
14 25 497
14 26 146
14 27 597
14 28 545
14 29 194
14 30 645
14 31 593
14 32 242
14 33 693
14 34 641
14 35 290
14 36 741
14 37 521
15 0 479
15 1 890
15 2 435
15 3 630
15 4 851
15 5 461
15 6 526
15 7 682
15 8 825
15 9 526
15 10 552
15 11 673
15 12 465
15 13 547
15 14 526
15 15 0
15 16 760
15 17 656
15 18 565
15 19 359
15 20 476
15 21 927
15 22 311
15 23 428
15 24 879
15 25 263
15 26 380
15 27 831
15 28 215
15 29 332
15 30 783
15 31 167
15 32 284
15 33 735
15 34 215
15 35 332
15 36 783
15 37 479
16 0 855
16 1 130
16 2 659
16 3 130
16 4 91
16 5 633
16 6 234
16 7 78
16 8 65
16 9 568
16 10 360
16 11 421
16 12 369
16 13 547
16 14 334
16 15 760
16 16 0
16 17 104
16 18 195
16 19 735
16 20 284
16 21 167
16 22 783
16 23 332
16 24 215
16 25 831
16 26 380
16 27 263
16 28 879
16 29 428
16 30 311
16 31 927
16 32 476
16 33 359
16 34 975
16 35 524
16 36 407
16 37 855
17 0 751
17 1 234
17 2 555
17 3 26
17 4 195
17 5 529
17 6 130
17 7 26
17 8 169
17 9 464
17 10 256
17 11 473
17 12 265
17 13 443
17 14 230
17 15 656
17 16 104
17 17 0
17 18 91
17 19 631
17 20 180
17 21 271
17 22 679
17 23 228
17 24 319
17 25 727
17 26 276
17 27 367
17 28 775
17 29 324
17 30 415
17 31 823
17 32 372
17 33 463
17 34 871
17 35 420
17 36 511
17 37 751
18 0 660
18 1 325
18 2 464
18 3 65
18 4 286
18 5 438
18 6 39
18 7 117
18 8 260
18 9 373
18 10 165
18 11 382
18 12 174
18 13 352
18 14 139
18 15 565
18 16 195
18 17 91
18 18 0
18 19 540
18 20 89
18 21 362
18 22 588
18 23 137
18 24 410
18 25 636
18 26 185
18 27 458
18 28 684
18 29 233
18 30 506
18 31 732
18 32 281
18 33 554
18 34 780
18 35 329
18 36 602
18 37 660
19 0 120
19 1 865
19 2 76
19 3 605
19 4 826
19 5 102
19 6 501
19 7 657
19 8 800
19 9 167
19 10 375
19 11 744
19 12 462
19 13 380
19 14 401
19 15 359
19 16 735
19 17 631
19 18 540
19 19 0
19 20 451
19 21 902
19 22 48
19 23 499
19 24 950
19 25 96
19 26 547
19 27 998
19 28 144
19 29 595
19 30 1046
19 31 192
19 32 643
19 33 1094
19 34 240
19 35 691
19 36 1142
19 37 120
20 0 571
20 1 414
20 2 375
20 3 154
20 4 375
20 5 349
20 6 50
20 7 206
20 8 349
20 9 284
20 10 76
20 11 293
20 12 85
20 13 263
20 14 50
20 15 476
20 16 284
20 17 180
20 18 89
20 19 451
20 20 0
20 21 451
20 22 499
20 23 48
20 24 499
20 25 547
20 26 96
20 27 547
20 28 595
20 29 144
20 30 595
20 31 643
20 32 192
20 33 643
20 34 691
20 35 240
20 36 691
20 37 571
21 0 1022
21 1 37
21 2 826
21 3 297
21 4 76
21 5 800
21 6 401
21 7 245
21 8 102
21 9 735
21 10 527
21 11 254
21 12 536
21 13 714
21 14 501
21 15 927
21 16 167
21 17 271
21 18 362
21 19 902
21 20 451
21 21 0
21 22 950
21 23 499
21 24 48
21 25 998
21 26 547
21 27 96
21 28 1046
21 29 595
21 30 144
21 31 1094
21 32 643
21 33 192
21 34 1142
21 35 691
21 36 240
21 37 1022
22 0 168
22 1 913
22 2 124
22 3 653
22 4 874
22 5 150
22 6 549
22 7 705
22 8 848
22 9 215
22 10 423
22 11 696
22 12 414
22 13 332
22 14 449
22 15 311
22 16 783
22 17 679
22 18 588
22 19 48
22 20 499
22 21 950
22 22 0
22 23 451
22 24 902
22 25 48
22 26 499
22 27 950
22 28 96
22 29 547
22 30 998
22 31 144
22 32 595
22 33 1046
22 34 192
22 35 643
22 36 1094
22 37 168
23 0 619
23 1 462
23 2 423
23 3 202
23 4 423
23 5 397
23 6 98
23 7 254
23 8 397
23 9 332
23 10 124
23 11 245
23 12 37
23 13 215
23 14 98
23 15 428
23 16 332
23 17 228
23 18 137
23 19 499
23 20 48
23 21 499
23 22 451
23 23 0
23 24 451
23 25 499
23 26 48
23 27 499
23 28 547
23 29 96
23 30 547
23 31 595
23 32 144
23 33 595
23 34 643
23 35 192
23 36 643
23 37 619
24 0 1070
24 1 85
24 2 874
24 3 345
24 4 124
24 5 848
24 6 449
24 7 293
24 8 150
24 9 783
24 10 575
24 11 206
24 12 488
24 13 666
24 14 549
24 15 879
24 16 215
24 17 319
24 18 410
24 19 950
24 20 499
24 21 48
24 22 902
24 23 451
24 24 0
24 25 950
24 26 499
24 27 48
24 28 998
24 29 547
24 30 96
24 31 1046
24 32 595
24 33 144
24 34 1094
24 35 643
24 36 192
24 37 1070
25 0 216
25 1 961
25 2 172
25 3 701
25 4 922
25 5 198
25 6 597
25 7 753
25 8 896
25 9 263
25 10 471
25 11 744
25 12 462
25 13 284
25 14 497
25 15 263
25 16 831
25 17 727
25 18 636
25 19 96
25 20 547
25 21 998
25 22 48
25 23 499
25 24 950
25 25 0
25 26 451
25 27 902
25 28 48
25 29 499
25 30 950
25 31 96
25 32 547
25 33 998
25 34 144
25 35 595
25 36 1046
25 37 216
26 0 667
26 1 510
26 2 471
26 3 250
26 4 471
26 5 445
26 6 146
26 7 302
26 8 445
26 9 380
26 10 172
26 11 293
26 12 85
26 13 167
26 14 146
26 15 380
26 16 380
26 17 276
26 18 185
26 19 547
26 20 96
26 21 547
26 22 499
26 23 48
26 24 499
26 25 451
26 26 0
26 27 451
26 28 499
26 29 48
26 30 499
26 31 547
26 32 96
26 33 547
26 34 595
26 35 144
26 36 595
26 37 667
27 0 1118
27 1 133
27 2 922
27 3 393
27 4 172
27 5 896
27 6 497
27 7 341
27 8 198
27 9 831
27 10 623
27 11 254
27 12 536
27 13 618
27 14 597
27 15 831
27 16 263
27 17 367
27 18 458
27 19 998
27 20 547
27 21 96
27 22 950
27 23 499
27 24 48
27 25 902
27 26 451
27 27 0
27 28 950
27 29 499
27 30 48
27 31 998
27 32 547
27 33 96
27 34 1046
27 35 595
27 36 144
27 37 1118
28 0 264
28 1 1009
28 2 220
28 3 749
28 4 970
28 5 246
28 6 645
28 7 801
28 8 944
28 9 311
28 10 519
28 11 792
28 12 510
28 13 332
28 14 545
28 15 215
28 16 879
28 17 775
28 18 684
28 19 144
28 20 595
28 21 1046
28 22 96
28 23 547
28 24 998
28 25 48
28 26 499
28 27 950
28 28 0
28 29 451
28 30 902
28 31 48
28 32 499
28 33 950
28 34 96
28 35 547
28 36 998
28 37 264
29 0 715
29 1 558
29 2 519
29 3 298
29 4 519
29 5 493
29 6 194
29 7 350
29 8 493
29 9 428
29 10 220
29 11 341
29 12 133
29 13 215
29 14 194
29 15 332
29 16 428
29 17 324
29 18 233
29 19 595
29 20 144
29 21 595
29 22 547
29 23 96
29 24 547
29 25 499
29 26 48
29 27 499
29 28 451
29 29 0
29 30 451
29 31 499
29 32 48
29 33 499
29 34 547
29 35 96
29 36 547
29 37 715
30 0 1166
30 1 181
30 2 970
30 3 441
30 4 220
30 5 944
30 6 545
30 7 389
30 8 246
30 9 879
30 10 671
30 11 302
30 12 584
30 13 666
30 14 645
30 15 783
30 16 311
30 17 415
30 18 506
30 19 1046
30 20 595
30 21 144
30 22 998
30 23 547
30 24 96
30 25 950
30 26 499
30 27 48
30 28 902
30 29 451
30 30 0
30 31 950
30 32 499
30 33 48
30 34 998
30 35 547
30 36 96
30 37 1166
31 0 312
31 1 1057
31 2 268
31 3 797
31 4 1018
31 5 294
31 6 693
31 7 849
31 8 992
31 9 359
31 10 567
31 11 840
31 12 558
31 13 380
31 14 593
31 15 167
31 16 927
31 17 823
31 18 732
31 19 192
31 20 643
31 21 1094
31 22 144
31 23 595
31 24 1046
31 25 96
31 26 547
31 27 998
31 28 48
31 29 499
31 30 950
31 31 0
31 32 451
31 33 902
31 34 48
31 35 499
31 36 950
31 37 312
32 0 763
32 1 606
32 2 567
32 3 346
32 4 567
32 5 541
32 6 242
32 7 398
32 8 541
32 9 476
32 10 268
32 11 389
32 12 181
32 13 263
32 14 242
32 15 284
32 16 476
32 17 372
32 18 281
32 19 643
32 20 192
32 21 643
32 22 595
32 23 144
32 24 595
32 25 547
32 26 96
32 27 547
32 28 499
32 29 48
32 30 499
32 31 451
32 32 0
32 33 451
32 34 499
32 35 48
32 36 499
32 37 763
33 0 1214
33 1 229
33 2 1018
33 3 489
33 4 268
33 5 992
33 6 593
33 7 437
33 8 294
33 9 927
33 10 719
33 11 350
33 12 632
33 13 714
33 14 693
33 15 735
33 16 359
33 17 463
33 18 554
33 19 1094
33 20 643
33 21 192
33 22 1046
33 23 595
33 24 144
33 25 998
33 26 547
33 27 96
33 28 950
33 29 499
33 30 48
33 31 902
33 32 451
33 33 0
33 34 950
33 35 499
33 36 48
33 37 1214
34 0 360
34 1 1105
34 2 316
34 3 845
34 4 1066
34 5 342
34 6 741
34 7 897
34 8 1040
34 9 407
34 10 615
34 11 888
34 12 606
34 13 428
34 14 641
34 15 215
34 16 975
34 17 871
34 18 780
34 19 240
34 20 691
34 21 1142
34 22 192
34 23 643
34 24 1094
34 25 144
34 26 595
34 27 1046
34 28 96
34 29 547
34 30 998
34 31 48
34 32 499
34 33 950
34 34 0
34 35 451
34 36 902
34 37 360
35 0 811
35 1 654
35 2 615
35 3 394
35 4 615
35 5 589
35 6 290
35 7 446
35 8 589
35 9 524
35 10 316
35 11 437
35 12 229
35 13 311
35 14 290
35 15 332
35 16 524
35 17 420
35 18 329
35 19 691
35 20 240
35 21 691
35 22 643
35 23 192
35 24 643
35 25 595
35 26 144
35 27 595
35 28 547
35 29 96
35 30 547
35 31 499
35 32 48
35 33 499
35 34 451
35 35 0
35 36 451
35 37 811
36 0 1262
36 1 277
36 2 1066
36 3 537
36 4 316
36 5 1040
36 6 641
36 7 485
36 8 342
36 9 975
36 10 767
36 11 398
36 12 680
36 13 762
36 14 741
36 15 783
36 16 407
36 17 511
36 18 602
36 19 1142
36 20 691
36 21 240
36 22 1094
36 23 643
36 24 192
36 25 1046
36 26 595
36 27 144
36 28 998
36 29 547
36 30 96
36 31 950
36 32 499
36 33 48
36 34 902
36 35 451
36 36 0
36 37 1262
37 0 0
37 1 985
37 2 196
37 3 725
37 4 946
37 5 222
37 6 621
37 7 777
37 8 920
37 9 287
37 10 495
37 11 864
37 12 582
37 13 500
37 14 521
37 15 479
37 16 855
37 17 751
37 18 660
37 19 120
37 20 571
37 21 1022
37 22 168
37 23 619
37 24 1070
37 25 216
37 26 667
37 27 1118
37 28 264
37 29 715
37 30 1166
37 31 312
37 32 763
37 33 1214
37 34 360
37 35 811
37 36 1262
37 37 0
//Location coordinates LocationName
//Loc x y
0 0.0 0.0 "depot"
1 0.0 985.0 "product aisle 0 bloc 1 rank 59"
2 0.0 196.0 "product aisle 0 bloc 0 rank 8"
3 0.0 725.0 "product aisle 0 bloc 1 rank 20"
4 0.0 946.0 "product aisle 0 bloc 1 rank 54"
5 0.0 222.0 "product aisle 0 bloc 0 rank 11"
6 0.0 621.0 "product aisle 0 bloc 1 rank 3"
7 0.0 777.0 "product aisle 0 bloc 1 rank 27"
8 0.0 920.0 "product aisle 0 bloc 1 rank 49"
9 0.0 287.0 "product aisle 0 bloc 0 rank 21"
10 0.0 495.0 "product aisle 0 bloc 0 rank 53"
11 48.0 816.0 "product aisle 1 bloc 1 rank 34"
12 48.0 534.0 "product aisle 1 bloc 0 rank 59"
13 96.0 404.0 "product aisle 2 bloc 0 rank 39"
14 0.0 521.0 "product aisle 0 bloc 0 rank 57"
15 192.0 287.0 "product aisle 4 bloc 0 rank 22"
16 0.0 855.0 "product aisle 0 bloc 1 rank 40"
17 0.0 751.0 "product aisle 0 bloc 1 rank 23"
18 0.0 660.0 "product aisle 0 bloc 1 rank 10"
19 24.0 120.0 "intersection aisle 0 bloc 0 rank 0"
20 24.0 571.0 "intersection aisle 0 bloc 1 rank 1"
21 24.0 1022.0 "intersection aisle 0 bloc 2 rank 2"
22 72.0 120.0 "intersection aisle 1 bloc 0 rank 0"
23 72.0 571.0 "intersection aisle 1 bloc 1 rank 1"
24 72.0 1022.0 "intersection aisle 1 bloc 2 rank 2"
25 120.0 120.0 "intersection aisle 2 bloc 0 rank 0"
26 120.0 571.0 "intersection aisle 2 bloc 1 rank 1"
27 120.0 1022.0 "intersection aisle 2 bloc 2 rank 2"
28 168.0 120.0 "intersection aisle 3 bloc 0 rank 0"
29 168.0 571.0 "intersection aisle 3 bloc 1 rank 1"
30 168.0 1022.0 "intersection aisle 3 bloc 2 rank 2"
31 216.0 120.0 "intersection aisle 4 bloc 0 rank 0"
32 216.0 571.0 "intersection aisle 4 bloc 1 rank 1"
33 216.0 1022.0 "intersection aisle 4 bloc 2 rank 2"
34 264.0 120.0 "intersection aisle 5 bloc 0 rank 0"
35 264.0 571.0 "intersection aisle 5 bloc 1 rank 1"
36 264.0 1022.0 "intersection aisle 5 bloc 2 rank 2"
37 0.0 0.0 "depot"
