//alpha
1
//NbLocations
82
//NbProducts
27
//NbPickers
2
//CapaPicker
8
//TimeToTravelOneDistanceUnit
3
//SetupTime
5400
//PickTime
300
//Products
//Idx Location Size
1 1 1
2 2 1
3 3 1
4 4 1
5 5 1
6 6 1
7 7 1
8 8 1
9 9 1
10 10 1
11 11 1
12 12 1
13 13 1
14 14 1
15 15 1
16 16 1
17 17 1
18 18 1
19 19 1
20 20 1
21 21 1
22 22 1
23 23 1
24 24 1
25 25 1
26 26 1
27 27 1
//Orders
//NbOrders
18
//Idx DueDate TardinessPenalty NbProdInOrder ProdIdx1 Qty1 ProdIdx2 Qty2 ...
1 108000 0 2 1 1 2 1
2 90000 0 1 3 1
3 54000 0 2 4 1 5 1
4 108000 0 1 6 1
5 108000 0 1 7 1
6 108000 0 1 8 1
7 144000 0 1 9 1
8 126000 0 2 10 1 11 1
9 90000 0 4 12 1 13 1 14 1 15 1
10 90000 0 1 16 1
11 108000 0 1 17 1
12 108000 0 1 18 1
13 90000 0 1 19 1
14 126000 0 2 20 1 21 1
15 126000 0 1 22 1
16 90000 0 3 23 1 24 1 25 1
17 126000 0 1 26 1
18 108000 0 1 27 1
//Graph (Products are vertices indexed from 1 to NbProducts)
//NbVerticesIntersections
54
//DepartingDepot
0
//ArrivalDepot
82
//Arcs
//Start End Distance
0 28 120
1 2 13
1 9 559
2 1 13
2 75 206
3 40 1116
3 41 115
4 22 91
4 44 245
5 21 312
5 26 364
6 14 13
6 68 323
7 8 1001
7 38 37
8 7 1001
8 37 193
9 1 559
9 25 130
10 12 1014
10 29 76
11 31 752
11 32 479
12 10 1014
12 30 141
13 73 1025
13 74 206
14 6 13
14 69 895
15 23 481
15 64 544
16 55 89
16 56 1142
17 19 962
17 44 154
18 77 362
18 78 869
19 17 962
19 45 115
20 58 583
20 59 648
21 5 312
21 63 453
22 4 91
22 24 494
23 15 481
23 65 206
24 22 494
24 43 401
25 9 130
25 74 323
26 5 364
26 62 102
27 79 1012
27 80 219
28 29 1231
28 31 48
28 82 120
29 10 76
29 28 1231
29 32 48
30 12 141
30 33 48
31 11 752
31 28 48
31 34 48
32 11 479
32 29 48
32 33 1231
32 35 48
33 30 48
33 32 1231
33 36 48
34 31 48
34 35 1231
34 37 48
35 32 48
35 34 1231
35 36 1231
35 38 48
36 33 48
36 35 1231
36 39 48
37 8 193
37 34 48
37 40 48
38 7 37
38 35 48
38 39 1231
38 41 48
39 36 48
39 38 1231
39 42 48
40 3 1116
40 37 48
40 43 48
41 3 115
41 38 48
41 42 1231
41 44 48
42 39 48
42 41 1231
42 45 48
43 24 401
43 40 48
43 46 48
44 4 245
44 17 154
44 41 48
44 47 48
45 19 115
45 42 48
45 48 48
46 43 48
46 47 1231
46 49 48
47 44 48
47 46 1231
47 48 1231
47 50 48
48 45 48
48 47 1231
48 51 48
49 46 48
49 50 1231
49 52 48
50 47 48
50 49 1231
50 51 1231
50 53 48
51 48 48
51 50 1231
51 54 48
52 49 48
52 53 1231
52 55 48
53 50 48
53 52 1231
53 54 1231
53 56 48
54 51 48
54 53 1231
54 57 48
55 16 89
55 52 48
55 58 48
56 16 1142
56 53 48
56 57 1231
56 59 48
57 54 48
57 56 1231
57 60 48
58 20 583
58 55 48
58 61 48
59 20 648
59 56 48
59 60 1231
59 62 48
60 57 48
60 59 1231
60 63 48
61 58 48
61 62 1231
61 64 48
62 26 102
62 59 48
62 61 1231
62 65 48
63 21 453
63 60 48
63 66 48
64 15 544
64 61 48
64 67 48
65 23 206
65 62 48
65 66 1231
65 68 48
66 63 48
66 65 1231
66 69 48
67 64 48
67 68 1231
67 70 48
68 6 323
68 65 48
68 67 1231
68 71 48
69 14 895
69 66 48
69 72 48
70 67 48
70 71 1231
70 73 48
71 68 48
71 70 1231
71 72 1231
71 74 48
72 69 48
72 71 1231
72 75 48
73 13 1025
73 70 48
73 76 48
74 13 206
74 25 323
74 71 48
74 77 48
75 2 206
75 72 48
75 78 48
76 73 48
76 77 1231
76 79 48
77 18 362
77 74 48
77 76 1231
77 80 48
78 18 869
78 75 48
78 81 48
79 27 1012
79 76 48
80 27 219
80 77 48
80 81 1231
81 78 48
81 80 1231
//LocStart LocEnd ShortestPath
0 0 0
0 1 3083
0 2 3096
0 3 1428
0 4 1346
0 5 2345
0 6 2298
0 7 1458
0 8 457
0 9 2524
0 10 1427
0 11 920
0 12 2441
0 13 1865
0 14 2311
0 15 1240
0 16 641
0 17 1745
0 18 2481
0 19 2707
0 20 1183
0 21 2657
0 22 1255
0 23 1721
0 24 761
0 25 2394
0 26 1981
0 27 1948
0 28 120
0 29 1351
0 30 2582
0 31 168
0 32 1399
0 33 2630
0 34 216
0 35 1447
0 36 2678
0 37 264
0 38 1495
0 39 2726
0 40 312
0 41 1543
0 42 2774
0 43 360
0 44 1591
0 45 2822
0 46 408
0 47 1639
0 48 2870
0 49 456
0 50 1687
0 51 2918
0 52 504
0 53 1735
0 54 2966
0 55 552
0 56 1783
0 57 3014
0 58 600
0 59 1831
0 60 3062
0 61 648
0 62 1879
0 63 3110
0 64 696
0 65 1927
0 66 3158
0 67 744
0 68 1975
0 69 3206
0 70 792
0 71 2023
0 72 3254
0 73 840
0 74 2071
0 75 3302
0 76 888
0 77 2119
0 78 3350
0 79 936
0 80 2167
0 81 3398
0 82 0
1 0 3083
1 1 0
1 2 13
1 3 1655
1 4 1737
1 5 1176
1 6 1223
1 7 1625
1 8 2626
1 9 559
1 10 1808
1 11 2163
1 12 1080
1 13 1218
1 14 1210
1 15 1843
1 16 2442
1 17 1646
1 18 1136
1 19 814
1 20 1900
1 21 864
1 22 1828
1 23 1362
1 24 2322
1 25 689
1 26 1306
1 27 1327
1 28 2963
1 29 1732
1 30 939
1 31 2915
1 32 1684
1 33 891
1 34 2867
1 35 1636
1 36 843
1 37 2819
1 38 1588
1 39 795
1 40 2771
1 41 1540
1 42 747
1 43 2723
1 44 1492
1 45 699
1 46 2675
1 47 1444
1 48 651
1 49 2627
1 50 1396
1 51 603
1 52 2579
1 53 1348
1 54 555
1 55 2531
1 56 1300
1 57 507
1 58 2483
1 59 1252
1 60 459
1 61 2435
1 62 1204
1 63 411
1 64 2387
1 65 1156
1 66 363
1 67 2339
1 68 1108
1 69 315
1 70 2291
1 71 1060
1 72 267
1 73 2243
1 74 1012
1 75 219
1 76 2291
1 77 1060
1 78 267
1 79 2339
1 80 1108
1 81 315
1 82 3083
2 0 3096
2 1 13
2 2 0
2 3 1668
2 4 1750
2 5 1163
2 6 1210
2 7 1638
2 8 2639
2 9 572
2 10 1821
2 11 2176
2 12 1067
2 13 1231
2 14 1197
2 15 1856
2 16 2455
2 17 1659
2 18 1123
2 19 801
2 20 1913
2 21 851
2 22 1841
2 23 1375
2 24 2335
2 25 702
2 26 1319
2 27 1340
2 28 2976
2 29 1745
2 30 926
2 31 2928
2 32 1697
2 33 878
2 34 2880
2 35 1649
2 36 830
2 37 2832
2 38 1601
2 39 782
2 40 2784
2 41 1553
2 42 734
2 43 2736
2 44 1505
2 45 686
2 46 2688
2 47 1457
2 48 638
2 49 2640
2 50 1409
2 51 590
2 52 2592
2 53 1361
2 54 542
2 55 2544
2 56 1313
2 57 494
2 58 2496
2 59 1265
2 60 446
2 61 2448
2 62 1217
2 63 398
2 64 2400
2 65 1169
2 66 350
2 67 2352
2 68 1121
2 69 302
2 70 2304
2 71 1073
2 72 254
2 73 2256
2 74 1025
2 75 206
2 76 2304
2 77 1073
2 78 254
2 79 2352
2 80 1121
2 81 302
2 82 3096
3 0 1428
3 1 1655
3 2 1668
3 3 0
3 4 408
3 5 917
3 6 870
3 7 200
3 8 1201
3 9 1096
3 10 383
3 11 738
3 12 1397
3 13 849
3 14 883
3 15 1186
3 16 1445
3 17 317
3 18 1053
3 19 1279
3 20 1051
3 21 1229
3 22 499
3 23 705
3 24 993
3 25 966
3 26 553
3 27 958
3 28 1308
3 29 307
3 30 1538
3 31 1260
3 32 259
3 33 1490
3 34 1212
3 35 211
3 36 1442
3 37 1164
3 38 163
3 39 1394
3 40 1116
3 41 115
3 42 1346
3 43 1164
3 44 163
3 45 1394
3 46 1212
3 47 211
3 48 1442
3 49 1260
3 50 259
3 51 1490
3 52 1308
3 53 307
3 54 1538
3 55 1356
3 56 355
3 57 1586
3 58 1404
3 59 403
3 60 1634
3 61 1452
3 62 451
3 63 1682
3 64 1500
3 65 499
3 66 1730
3 67 1548
3 68 547
3 69 1778
3 70 1596
3 71 595
3 72 1826
3 73 1644
3 74 643
3 75 1874
3 76 1692
3 77 691
3 78 1922
3 79 1740
3 80 739
3 81 1970
3 82 1428
4 0 1346
4 1 1737
4 2 1750
4 3 408
4 4 0
4 5 999
4 6 952
4 7 378
4 8 1275
4 9 1178
4 10 561
4 11 916
4 12 1575
4 13 931
4 14 965
4 15 1268
4 16 1267
4 17 399
4 18 1135
4 19 1361
4 20 1133
4 21 1311
4 22 91
4 23 787
4 24 585
4 25 1048
4 26 635
4 27 1040
4 28 1226
4 29 485
4 30 1716
4 31 1178
4 32 437
4 33 1668
4 34 1130
4 35 389
4 36 1620
4 37 1082
4 38 341
4 39 1572
4 40 1034
4 41 293
4 42 1524
4 43 986
4 44 245
4 45 1476
4 46 1034
4 47 293
4 48 1524
4 49 1082
4 50 341
4 51 1572
4 52 1130
4 53 389
4 54 1620
4 55 1178
4 56 437
4 57 1668
4 58 1226
4 59 485
4 60 1716
4 61 1274
4 62 533
4 63 1764
4 64 1322
4 65 581
4 66 1812
4 67 1370
4 68 629
4 69 1860
4 70 1418
4 71 677
4 72 1908
4 73 1466
4 74 725
4 75 1956
4 76 1514
4 77 773
4 78 2004
4 79 1562
4 80 821
4 81 2052
4 82 1346
5 0 2345
5 1 1176
5 2 1163
5 3 917
5 4 999
5 5 0
5 6 885
5 7 887
5 8 1888
5 9 1111
5 10 1070
5 11 1425
5 12 1434
5 13 864
5 14 898
5 15 1201
5 16 1704
5 17 908
5 18 1068
5 19 1168
5 20 1162
5 21 312
5 22 1090
5 23 720
5 24 1584
5 25 981
5 26 364
5 27 973
5 28 2225
5 29 994
5 30 1293
5 31 2177
5 32 946
5 33 1245
5 34 2129
5 35 898
5 36 1197
5 37 2081
5 38 850
5 39 1149
5 40 2033
5 41 802
5 42 1101
5 43 1985
5 44 754
5 45 1053
5 46 1937
5 47 706
5 48 1005
5 49 1889
5 50 658
5 51 957
5 52 1841
5 53 610
5 54 909
5 55 1793
5 56 562
5 57 861
5 58 1745
5 59 514
5 60 813
5 61 1697
5 62 466
5 63 765
5 64 1745
5 65 514
5 66 813
5 67 1793
5 68 562
5 69 861
5 70 1841
5 71 610
5 72 909
5 73 1889
5 74 658
5 75 957
5 76 1937
5 77 706
5 78 1005
5 79 1985
5 80 754
5 81 1053
5 82 2345
6 0 2298
6 1 1223
6 2 1210
6 3 870
6 4 952
6 5 885
6 6 0
6 7 840
6 8 1841
6 9 872
6 10 1023
6 11 1378
6 12 1673
6 13 625
6 14 13
6 15 1058
6 16 1657
6 17 861
6 18 829
6 19 1407
6 20 1115
6 21 1197
6 22 1043
6 23 577
6 24 1537
6 25 742
6 26 521
6 27 734
6 28 2178
6 29 947
6 30 1532
6 31 2130
6 32 899
6 33 1484
6 34 2082
6 35 851
6 36 1436
6 37 2034
6 38 803
6 39 1388
6 40 1986
6 41 755
6 42 1340
6 43 1938
6 44 707
6 45 1292
6 46 1890
6 47 659
6 48 1244
6 49 1842
6 50 611
6 51 1196
6 52 1794
6 53 563
6 54 1148
6 55 1746
6 56 515
6 57 1100
6 58 1698
6 59 467
6 60 1052
6 61 1650
6 62 419
6 63 1004
6 64 1602
6 65 371
6 66 956
6 67 1554
6 68 323
6 69 908
6 70 1602
6 71 371
6 72 956
6 73 1650
6 74 419
6 75 1004
6 76 1698
6 77 467
6 78 1052
6 79 1746
6 80 515
6 81 1100
6 82 2298
7 0 1458
7 1 1625
7 2 1638
7 3 200
7 4 378
7 5 887
7 6 840
7 7 0
7 8 1001
7 9 1066
7 10 257
7 11 612
7 12 1271
7 13 819
7 14 853
7 15 1156
7 16 1467
7 17 287
7 18 1023
7 19 1249
7 20 1021
7 21 1199
7 22 469
7 23 675
7 24 963
7 25 936
7 26 523
7 27 928
7 28 1338
7 29 181
7 30 1412
7 31 1290
7 32 133
7 33 1364
7 34 1242
7 35 85
7 36 1316
7 37 1194
7 38 37
7 39 1268
7 40 1242
7 41 85
7 42 1316
7 43 1290
7 44 133
7 45 1364
7 46 1338
7 47 181
7 48 1412
7 49 1386
7 50 229
7 51 1460
7 52 1434
7 53 277
7 54 1508
7 55 1482
7 56 325
7 57 1556
7 58 1530
7 59 373
7 60 1604
7 61 1578
7 62 421
7 63 1652
7 64 1626
7 65 469
7 66 1700
7 67 1674
7 68 517
7 69 1748
7 70 1722
7 71 565
7 72 1796
7 73 1770
7 74 613
7 75 1844
7 76 1818
7 77 661
7 78 1892
7 79 1866
7 80 709
7 81 1940
7 82 1458
8 0 457
8 1 2626
8 2 2639
8 3 1201
8 4 1275
8 5 1888
8 6 1841
8 7 1001
8 8 0
8 9 2067
8 10 1258
8 11 1041
8 12 2272
8 13 1794
8 14 1854
8 15 1169
8 16 570
8 17 1288
8 18 2024
8 19 2250
8 20 1112
8 21 2200
8 22 1184
8 23 1650
8 24 690
8 25 1937
8 26 1524
8 27 1877
8 28 337
8 29 1182
8 30 2413
8 31 289
8 32 1134
8 33 2365
8 34 241
8 35 1086
8 36 2317
8 37 193
8 38 1038
8 39 2269
8 40 241
8 41 1086
8 42 2317
8 43 289
8 44 1134
8 45 2365
8 46 337
8 47 1182
8 48 2413
8 49 385
8 50 1230
8 51 2461
8 52 433
8 53 1278
8 54 2509
8 55 481
8 56 1326
8 57 2557
8 58 529
8 59 1374
8 60 2605
8 61 577
8 62 1422
8 63 2653
8 64 625
8 65 1470
8 66 2701
8 67 673
8 68 1518
8 69 2749
8 70 721
8 71 1566
8 72 2797
8 73 769
8 74 1614
8 75 2845
8 76 817
8 77 1662
8 78 2893
8 79 865
8 80 1710
8 81 2941
8 82 457
9 0 2524
9 1 559
9 2 572
9 3 1096
9 4 1178
9 5 1111
9 6 872
9 7 1066
9 8 2067
9 9 0
9 10 1249
9 11 1604
9 12 1639
9 13 659
9 14 885
9 15 1284
9 16 1883
9 17 1087
9 18 863
9 19 1373
9 20 1341
9 21 1423
9 22 1269
9 23 803
9 24 1763
9 25 130
9 26 747
9 27 768
9 28 2404
9 29 1173
9 30 1498
9 31 2356
9 32 1125
9 33 1450
9 34 2308
9 35 1077
9 36 1402
9 37 2260
9 38 1029
9 39 1354
9 40 2212
9 41 981
9 42 1306
9 43 2164
9 44 933
9 45 1258
9 46 2116
9 47 885
9 48 1210
9 49 2068
9 50 837
9 51 1162
9 52 2020
9 53 789
9 54 1114
9 55 1972
9 56 741
9 57 1066
9 58 1924
9 59 693
9 60 1018
9 61 1876
9 62 645
9 63 970
9 64 1828
9 65 597
9 66 922
9 67 1780
9 68 549
9 69 874
9 70 1732
9 71 501
9 72 826
9 73 1684
9 74 453
9 75 778
9 76 1732
9 77 501
9 78 826
9 79 1780
9 80 549
9 81 874
9 82 2524
10 0 1427
10 1 1808
10 2 1821
10 3 383
10 4 561
10 5 1070
10 6 1023
10 7 257
10 8 1258
10 9 1249
10 10 0
10 11 603
10 12 1014
10 13 1002
10 14 1036
10 15 1339
10 16 1650
10 17 470
10 18 1206
10 19 1432
10 20 1204
10 21 1382
10 22 652
10 23 858
10 24 1146
10 25 1119
10 26 706
10 27 1111
10 28 1307
10 29 76
10 30 1155
10 31 1355
10 32 124
10 33 1203
10 34 1403
10 35 172
10 36 1251
10 37 1451
10 38 220
10 39 1299
10 40 1499
10 41 268
10 42 1347
10 43 1547
10 44 316
10 45 1395
10 46 1595
10 47 364
10 48 1443
10 49 1643
10 50 412
10 51 1491
10 52 1691
10 53 460
10 54 1539
10 55 1739
10 56 508
10 57 1587
10 58 1787
10 59 556
10 60 1635
10 61 1835
10 62 604
10 63 1683
10 64 1883
10 65 652
10 66 1731
10 67 1931
10 68 700
10 69 1779
10 70 1979
10 71 748
10 72 1827
10 73 2027
10 74 796
10 75 1875
10 76 2075
10 77 844
10 78 1923
10 79 2123
10 80 892
10 81 1971
10 82 1427
11 0 920
11 1 2163
11 2 2176
11 3 738
11 4 916
11 5 1425
11 6 1378
11 7 612
11 8 1041
11 9 1604
11 10 603
11 11 0
11 12 1617
11 13 1357
11 14 1391
11 15 1694
11 16 1225
11 17 825
11 18 1561
11 19 1787
11 20 1559
11 21 1737
11 22 1007
11 23 1213
11 24 1345
11 25 1474
11 26 1061
11 27 1466
11 28 800
11 29 527
11 30 1758
11 31 752
11 32 479
11 33 1710
11 34 800
11 35 527
11 36 1758
11 37 848
11 38 575
11 39 1806
11 40 896
11 41 623
11 42 1854
11 43 944
11 44 671
11 45 1902
11 46 992
11 47 719
11 48 1950
11 49 1040
11 50 767
11 51 1998
11 52 1088
11 53 815
11 54 2046
11 55 1136
11 56 863
11 57 2094
11 58 1184
11 59 911
11 60 2142
11 61 1232
11 62 959
11 63 2190
11 64 1280
11 65 1007
11 66 2238
11 67 1328
11 68 1055
11 69 2286
11 70 1376
11 71 1103
11 72 2334
11 73 1424
11 74 1151
11 75 2382
11 76 1472
11 77 1199
11 78 2430
11 79 1520
11 80 1247
11 81 2478
11 82 920
12 0 2441
12 1 1080
12 2 1067
12 3 1397
12 4 1575
12 5 1434
12 6 1673
12 7 1271
12 8 2272
12 9 1639
12 10 1014
12 11 1617
12 12 0
12 13 2016
12 14 1660
12 15 2353
12 16 2664
12 17 1458
12 18 1778
12 19 496
12 20 2218
12 21 1122
12 22 1666
12 23 1872
12 24 2160
12 25 1769
12 26 1720
12 27 2125
12 28 2321
12 29 1090
12 30 141
12 31 2369
12 32 1138
12 33 189
12 34 2417
12 35 1186
12 36 237
12 37 2465
12 38 1234
12 39 285
12 40 2513
12 41 1282
12 42 333
12 43 2561
12 44 1330
12 45 381
12 46 2609
12 47 1378
12 48 429
12 49 2657
12 50 1426
12 51 477
12 52 2705
12 53 1474
12 54 525
12 55 2753
12 56 1522
12 57 573
12 58 2801
12 59 1570
12 60 621
12 61 2849
12 62 1618
12 63 669
12 64 2897
12 65 1666
12 66 717
12 67 2945
12 68 1714
12 69 765
12 70 2993
12 71 1762
12 72 813
12 73 3041
12 74 1810
12 75 861
12 76 3089
12 77 1858
12 78 909
12 79 3137
12 80 1906
12 81 957
12 82 2441
13 0 1865
13 1 1218
13 2 1231
13 3 849
13 4 931
13 5 864
13 6 625
13 7 819
13 8 1794
13 9 659
13 10 1002
13 11 1357
13 12 2016
13 13 0
13 14 638
13 15 1037
13 16 1402
13 17 840
13 18 616
13 19 1802
13 20 1094
13 21 1176
13 22 1022
13 23 556
13 24 1516
13 25 529
13 26 500
13 27 521
13 28 1745
13 29 926
13 30 2157
13 31 1697
13 32 878
13 33 2109
13 34 1649
13 35 830
13 36 2061
13 37 1601
13 38 782
13 39 2013
13 40 1553
13 41 734
13 42 1965
13 43 1505
13 44 686
13 45 1917
13 46 1457
13 47 638
13 48 1869
13 49 1409
13 50 590
13 51 1821
13 52 1361
13 53 542
13 54 1773
13 55 1313
13 56 494
13 57 1725
13 58 1265
13 59 446
13 60 1677
13 61 1217
13 62 398
13 63 1629
13 64 1169
13 65 350
13 66 1581
13 67 1121
13 68 302
13 69 1533
13 70 1073
13 71 254
13 72 1485
13 73 1025
13 74 206
13 75 1437
13 76 1073
13 77 254
13 78 1485
13 79 1121
13 80 302
13 81 1533
13 82 1865
14 0 2311
14 1 1210
14 2 1197
14 3 883
14 4 965
14 5 898
14 6 13
14 7 853
14 8 1854
14 9 885
14 10 1036
14 11 1391
14 12 1660
14 13 638
14 14 0
14 15 1071
14 16 1670
14 17 874
14 18 842
14 19 1394
14 20 1128
14 21 1210
14 22 1056
14 23 590
14 24 1550
14 25 755
14 26 534
14 27 747
14 28 2191
14 29 960
14 30 1519
14 31 2143
14 32 912
14 33 1471
14 34 2095
14 35 864
14 36 1423
14 37 2047
14 38 816
14 39 1375
14 40 1999
14 41 768
14 42 1327
14 43 1951
14 44 720
14 45 1279
14 46 1903
14 47 672
14 48 1231
14 49 1855
14 50 624
14 51 1183
14 52 1807
14 53 576
14 54 1135
14 55 1759
14 56 528
14 57 1087
14 58 1711
14 59 480
14 60 1039
14 61 1663
14 62 432
14 63 991
14 64 1615
14 65 384
14 66 943
14 67 1567
14 68 336
14 69 895
14 70 1615
14 71 384
14 72 943
14 73 1663
14 74 432
14 75 991
14 76 1711
14 77 480
14 78 1039
14 79 1759
14 80 528
14 81 1087
14 82 2311
15 0 1240
15 1 1843
15 2 1856
15 3 1186
15 4 1268
15 5 1201
15 6 1058
15 7 1156
15 8 1169
15 9 1284
15 10 1339
15 11 1694
15 12 2353
15 13 1037
15 14 1071
15 15 0
15 16 777
15 17 1177
15 18 1241
15 19 2139
15 20 1223
15 21 1513
15 22 1359
15 23 481
15 24 1281
15 25 1154
15 26 837
15 27 1146
15 28 1120
15 29 1263
15 30 2494
15 31 1072
15 32 1215
15 33 2446
15 34 1024
15 35 1167
15 36 2398
15 37 976
15 38 1119
15 39 2350
15 40 928
15 41 1071
15 42 2302
15 43 880
15 44 1023
15 45 2254
15 46 832
15 47 975
15 48 2206
15 49 784
15 50 927
15 51 2158
15 52 736
15 53 879
15 54 2110
15 55 688
15 56 831
15 57 2062
15 58 640
15 59 783
15 60 2014
15 61 592
15 62 735
15 63 1966
15 64 544
15 65 687
15 66 1918
15 67 592
15 68 735
15 69 1966
15 70 640
15 71 783
15 72 2014
15 73 688
15 74 831
15 75 2062
15 76 736
15 77 879
15 78 2110
15 79 784
15 80 927
15 81 2158
15 82 1240
16 0 641
16 1 2442
16 2 2455
16 3 1445
16 4 1267
16 5 1704
16 6 1657
16 7 1467
16 8 570
16 9 1883
16 10 1650
16 11 1225
16 12 2664
16 13 1402
16 14 1670
16 15 777
16 16 0
16 17 1488
16 18 1840
16 19 2450
16 20 720
16 21 2016
16 22 1176
16 23 1258
16 24 682
16 25 1753
16 26 1340
16 27 1485
16 28 521
16 29 1574
16 30 2805
16 31 473
16 32 1526
16 33 2757
16 34 425
16 35 1478
16 36 2709
16 37 377
16 38 1430
16 39 2661
16 40 329
16 41 1382
16 42 2613
16 43 281
16 44 1334
16 45 2565
16 46 233
16 47 1286
16 48 2517
16 49 185
16 50 1238
16 51 2469
16 52 137
16 53 1190
16 54 2421
16 55 89
16 56 1142
16 57 2373
16 58 137
16 59 1190
16 60 2421
16 61 185
16 62 1238
16 63 2469
16 64 233
16 65 1286
16 66 2517
16 67 281
16 68 1334
16 69 2565
16 70 329
16 71 1382
16 72 2613
16 73 377
16 74 1430
16 75 2661
16 76 425
16 77 1478
16 78 2709
16 79 473
16 80 1526
16 81 2757
16 82 641
17 0 1745
17 1 1646
17 2 1659
17 3 317
17 4 399
17 5 908
17 6 861
17 7 287
17 8 1288
17 9 1087
17 10 470
17 11 825
17 12 1458
17 13 840
17 14 874
17 15 1177
17 16 1488
17 17 0
17 18 1044
17 19 962
17 20 1042
17 21 1220
17 22 490
17 23 696
17 24 984
17 25 957
17 26 544
17 27 949
17 28 1625
17 29 394
17 30 1317
17 31 1577
17 32 346
17 33 1269
17 34 1529
17 35 298
17 36 1221
17 37 1481
17 38 250
17 39 1173
17 40 1433
17 41 202
17 42 1125
17 43 1385
17 44 154
17 45 1077
17 46 1433
17 47 202
17 48 1125
17 49 1481
17 50 250
17 51 1173
17 52 1529
17 53 298
17 54 1221
17 55 1577
17 56 346
17 57 1269
17 58 1625
17 59 394
17 60 1317
17 61 1673
17 62 442
17 63 1365
17 64 1721
17 65 490
17 66 1413
17 67 1769
17 68 538
17 69 1461
17 70 1817
17 71 586
17 72 1509
17 73 1865
17 74 634
17 75 1557
17 76 1913
17 77 682
17 78 1605
17 79 1961
17 80 730
17 81 1653
17 82 1745
18 0 2481
18 1 1136
18 2 1123
18 3 1053
18 4 1135
18 5 1068
18 6 829
18 7 1023
18 8 2024
18 9 863
18 10 1206
18 11 1561
18 12 1778
18 13 616
18 14 842
18 15 1241
18 16 1840
18 17 1044
18 18 0
18 19 1512
18 20 1298
18 21 1380
18 22 1226
18 23 760
18 24 1720
18 25 733
18 26 704
18 27 629
18 28 2361
18 29 1130
18 30 1637
18 31 2313
18 32 1082
18 33 1589
18 34 2265
18 35 1034
18 36 1541
18 37 2217
18 38 986
18 39 1493
18 40 2169
18 41 938
18 42 1445
18 43 2121
18 44 890
18 45 1397
18 46 2073
18 47 842
18 48 1349
18 49 2025
18 50 794
18 51 1301
18 52 1977
18 53 746
18 54 1253
18 55 1929
18 56 698
18 57 1205
18 58 1881
18 59 650
18 60 1157
18 61 1833
18 62 602
18 63 1109
18 64 1785
18 65 554
18 66 1061
18 67 1737
18 68 506
18 69 1013
18 70 1689
18 71 458
18 72 965
18 73 1641
18 74 410
18 75 917
18 76 1593
18 77 362
18 78 869
18 79 1641
18 80 410
18 81 917
18 82 2481
19 0 2707
19 1 814
19 2 801
19 3 1279
19 4 1361
19 5 1168
19 6 1407
19 7 1249
19 8 2250
19 9 1373
19 10 1432
19 11 1787
19 12 496
19 13 1802
19 14 1394
19 15 2139
19 16 2450
19 17 962
19 18 1512
19 19 0
19 20 2004
19 21 856
19 22 1452
19 23 1658
19 24 1946
19 25 1503
19 26 1506
19 27 1911
19 28 2587
19 29 1356
19 30 355
19 31 2539
19 32 1308
19 33 307
19 34 2491
19 35 1260
19 36 259
19 37 2443
19 38 1212
19 39 211
19 40 2395
19 41 1164
19 42 163
19 43 2347
19 44 1116
19 45 115
19 46 2395
19 47 1164
19 48 163
19 49 2443
19 50 1212
19 51 211
19 52 2491
19 53 1260
19 54 259
19 55 2539
19 56 1308
19 57 307
19 58 2587
19 59 1356
19 60 355
19 61 2635
19 62 1404
19 63 403
19 64 2683
19 65 1452
19 66 451
19 67 2731
19 68 1500
19 69 499
19 70 2779
19 71 1548
19 72 547
19 73 2827
19 74 1596
19 75 595
19 76 2875
19 77 1644
19 78 643
19 79 2923
19 80 1692
19 81 691
19 82 2707
20 0 1183
20 1 1900
20 2 1913
20 3 1051
20 4 1133
20 5 1162
20 6 1115
20 7 1021
20 8 1112
20 9 1341
20 10 1204
20 11 1559
20 12 2218
20 13 1094
20 14 1128
20 15 1223
20 16 720
20 17 1042
20 18 1298
20 19 2004
20 20 0
20 21 1474
20 22 1224
20 23 950
20 24 1224
20 25 1211
20 26 798
20 27 1203
20 28 1063
20 29 1128
20 30 2359
20 31 1015
20 32 1080
20 33 2311
20 34 967
20 35 1032
20 36 2263
20 37 919
20 38 984
20 39 2215
20 40 871
20 41 936
20 42 2167
20 43 823
20 44 888
20 45 2119
20 46 775
20 47 840
20 48 2071
20 49 727
20 50 792
20 51 2023
20 52 679
20 53 744
20 54 1975
20 55 631
20 56 696
20 57 1927
20 58 583
20 59 648
20 60 1879
20 61 631
20 62 696
20 63 1927
20 64 679
20 65 744
20 66 1975
20 67 727
20 68 792
20 69 2023
20 70 775
20 71 840
20 72 2071
20 73 823
20 74 888
20 75 2119
20 76 871
20 77 936
20 78 2167
20 79 919
20 80 984
20 81 2215
20 82 1183
21 0 2657
21 1 864
21 2 851
21 3 1229
21 4 1311
21 5 312
21 6 1197
21 7 1199
21 8 2200
21 9 1423
21 10 1382
21 11 1737
21 12 1122
21 13 1176
21 14 1210
21 15 1513
21 16 2016
21 17 1220
21 18 1380
21 19 856
21 20 1474
21 21 0
21 22 1402
21 23 1032
21 24 1896
21 25 1293
21 26 676
21 27 1285
21 28 2537
21 29 1306
21 30 981
21 31 2489
21 32 1258
21 33 933
21 34 2441
21 35 1210
21 36 885
21 37 2393
21 38 1162
21 39 837
21 40 2345
21 41 1114
21 42 789
21 43 2297
21 44 1066
21 45 741
21 46 2249
21 47 1018
21 48 693
21 49 2201
21 50 970
21 51 645
21 52 2153
21 53 922
21 54 597
21 55 2105
21 56 874
21 57 549
21 58 2057
21 59 826
21 60 501
21 61 2009
21 62 778
21 63 453
21 64 2057
21 65 826
21 66 501
21 67 2105
21 68 874
21 69 549
21 70 2153
21 71 922
21 72 597
21 73 2201
21 74 970
21 75 645
21 76 2249
21 77 1018
21 78 693
21 79 2297
21 80 1066
21 81 741
21 82 2657
22 0 1255
22 1 1828
22 2 1841
22 3 499
22 4 91
22 5 1090
22 6 1043
22 7 469
22 8 1184
22 9 1269
22 10 652
22 11 1007
22 12 1666
22 13 1022
22 14 1056
22 15 1359
22 16 1176
22 17 490
22 18 1226
22 19 1452
22 20 1224
22 21 1402
22 22 0
22 23 878
22 24 494
22 25 1139
22 26 726
22 27 1131
22 28 1135
22 29 576
22 30 1807
22 31 1087
22 32 528
22 33 1759
22 34 1039
22 35 480
22 36 1711
22 37 991
22 38 432
22 39 1663
22 40 943
22 41 384
22 42 1615
22 43 895
22 44 336
22 45 1567
22 46 943
22 47 384
22 48 1615
22 49 991
22 50 432
22 51 1663
22 52 1039
22 53 480
22 54 1711
22 55 1087
22 56 528
22 57 1759
22 58 1135
22 59 576
22 60 1807
22 61 1183
22 62 624
22 63 1855
22 64 1231
22 65 672
22 66 1903
22 67 1279
22 68 720
22 69 1951
22 70 1327
22 71 768
22 72 1999
22 73 1375
22 74 816
22 75 2047
22 76 1423
22 77 864
22 78 2095
22 79 1471
22 80 912
22 81 2143
22 82 1255
23 0 1721
23 1 1362
23 2 1375
23 3 705
23 4 787
23 5 720
23 6 577
23 7 675
23 8 1650
23 9 803
23 10 858
23 11 1213
23 12 1872
23 13 556
23 14 590
23 15 481
23 16 1258
23 17 696
23 18 760
23 19 1658
23 20 950
23 21 1032
23 22 878
23 23 0
23 24 1372
23 25 673
23 26 356
23 27 665
23 28 1601
23 29 782
23 30 2013
23 31 1553
23 32 734
23 33 1965
23 34 1505
23 35 686
23 36 1917
23 37 1457
23 38 638
23 39 1869
23 40 1409
23 41 590
23 42 1821
23 43 1361
23 44 542
23 45 1773
23 46 1313
23 47 494
23 48 1725
23 49 1265
23 50 446
23 51 1677
23 52 1217
23 53 398
23 54 1629
23 55 1169
23 56 350
23 57 1581
23 58 1121
23 59 302
23 60 1533
23 61 1073
23 62 254
23 63 1485
23 64 1025
23 65 206
23 66 1437
23 67 1073
23 68 254
23 69 1485
23 70 1121
23 71 302
23 72 1533
23 73 1169
23 74 350
23 75 1581
23 76 1217
23 77 398
23 78 1629
23 79 1265
23 80 446
23 81 1677
23 82 1721
24 0 761
24 1 2322
24 2 2335
24 3 993
24 4 585
24 5 1584
24 6 1537
24 7 963
24 8 690
24 9 1763
24 10 1146
24 11 1345
24 12 2160
24 13 1516
24 14 1550
24 15 1281
24 16 682
24 17 984
24 18 1720
24 19 1946
24 20 1224
24 21 1896
24 22 494
24 23 1372
24 24 0
24 25 1633
24 26 1220
24 27 1625
24 28 641
24 29 1070
24 30 2301
24 31 593
24 32 1022
24 33 2253
24 34 545
24 35 974
24 36 2205
24 37 497
24 38 926
24 39 2157
24 40 449
24 41 878
24 42 2109
24 43 401
24 44 830
24 45 2061
24 46 449
24 47 878
24 48 2109
24 49 497
24 50 926
24 51 2157
24 52 545
24 53 974
24 54 2205
24 55 593
24 56 1022
24 57 2253
24 58 641
24 59 1070
24 60 2301
24 61 689
24 62 1118
24 63 2349
24 64 737
24 65 1166
24 66 2397
24 67 785
24 68 1214
24 69 2445
24 70 833
24 71 1262
24 72 2493
24 73 881
24 74 1310
24 75 2541
24 76 929
24 77 1358
24 78 2589
24 79 977
24 80 1406
24 81 2637
24 82 761
25 0 2394
25 1 689
25 2 702
25 3 966
25 4 1048
25 5 981
25 6 742
25 7 936
25 8 1937
25 9 130
25 10 1119
25 11 1474
25 12 1769
25 13 529
25 14 755
25 15 1154
25 16 1753
25 17 957
25 18 733
25 19 1503
25 20 1211
25 21 1293
25 22 1139
25 23 673
25 24 1633
25 25 0
25 26 617
25 27 638
25 28 2274
25 29 1043
25 30 1628
25 31 2226
25 32 995
25 33 1580
25 34 2178
25 35 947
25 36 1532
25 37 2130
25 38 899
25 39 1484
25 40 2082
25 41 851
25 42 1436
25 43 2034
25 44 803
25 45 1388
25 46 1986
25 47 755
25 48 1340
25 49 1938
25 50 707
25 51 1292
25 52 1890
25 53 659
25 54 1244
25 55 1842
25 56 611
25 57 1196
25 58 1794
25 59 563
25 60 1148
25 61 1746
25 62 515
25 63 1100
25 64 1698
25 65 467
25 66 1052
25 67 1650
25 68 419
25 69 1004
25 70 1602
25 71 371
25 72 956
25 73 1554
25 74 323
25 75 908
25 76 1602
25 77 371
25 78 956
25 79 1650
25 80 419
25 81 1004
25 82 2394
26 0 1981
26 1 1306
26 2 1319
26 3 553
26 4 635
26 5 364
26 6 521
26 7 523
26 8 1524
26 9 747
26 10 706
26 11 1061
26 12 1720
26 13 500
26 14 534
26 15 837
26 16 1340
26 17 544
26 18 704
26 19 1506
26 20 798
26 21 676
26 22 726
26 23 356
26 24 1220
26 25 617
26 26 0
26 27 609
26 28 1861
26 29 630
26 30 1657
26 31 1813
26 32 582
26 33 1609
26 34 1765
26 35 534
26 36 1561
26 37 1717
26 38 486
26 39 1513
26 40 1669
26 41 438
26 42 1465
26 43 1621
26 44 390
26 45 1417
26 46 1573
26 47 342
26 48 1369
26 49 1525
26 50 294
26 51 1321
26 52 1477
26 53 246
26 54 1273
26 55 1429
26 56 198
26 57 1225
26 58 1381
26 59 150
26 60 1177
26 61 1333
26 62 102
26 63 1129
26 64 1381
26 65 150
26 66 1177
26 67 1429
26 68 198
26 69 1225
26 70 1477
26 71 246
26 72 1273
26 73 1525
26 74 294
26 75 1321
26 76 1573
26 77 342
26 78 1369
26 79 1621
26 80 390
26 81 1417
26 82 1981
27 0 1948
27 1 1327
27 2 1340
27 3 958
27 4 1040
27 5 973
27 6 734
27 7 928
27 8 1877
27 9 768
27 10 1111
27 11 1466
27 12 2125
27 13 521
27 14 747
27 15 1146
27 16 1485
27 17 949
27 18 629
27 19 1911
27 20 1203
27 21 1285
27 22 1131
27 23 665
27 24 1625
27 25 638
27 26 609
27 27 0
27 28 1828
27 29 1035
27 30 2266
27 31 1780
27 32 987
27 33 2218
27 34 1732
27 35 939
27 36 2170
27 37 1684
27 38 891
27 39 2122
27 40 1636
27 41 843
27 42 2074
27 43 1588
27 44 795
27 45 2026
27 46 1540
27 47 747
27 48 1978
27 49 1492
27 50 699
27 51 1930
27 52 1444
27 53 651
27 54 1882
27 55 1396
27 56 603
27 57 1834
27 58 1348
27 59 555
27 60 1786
27 61 1300
27 62 507
27 63 1738
27 64 1252
27 65 459
27 66 1690
27 67 1204
27 68 411
27 69 1642
27 70 1156
27 71 363
27 72 1594
27 73 1108
27 74 315
27 75 1546
27 76 1060
27 77 267
27 78 1498
27 79 1012
27 80 219
27 81 1450
27 82 1948
28 0 120
28 1 2963
28 2 2976
28 3 1308
28 4 1226
28 5 2225
28 6 2178
28 7 1338
28 8 337
28 9 2404
28 10 1307
28 11 800
28 12 2321
28 13 1745
28 14 2191
28 15 1120
28 16 521
28 17 1625
28 18 2361
28 19 2587
28 20 1063
28 21 2537
28 22 1135
28 23 1601
28 24 641
28 25 2274
28 26 1861
28 27 1828
28 28 0
28 29 1231
28 30 2462
28 31 48
28 32 1279
28 33 2510
28 34 96
28 35 1327
28 36 2558
28 37 144
28 38 1375
28 39 2606
28 40 192
28 41 1423
28 42 2654
28 43 240
28 44 1471
28 45 2702
28 46 288
28 47 1519
28 48 2750
28 49 336
28 50 1567
28 51 2798
28 52 384
28 53 1615
28 54 2846
28 55 432
28 56 1663
28 57 2894
28 58 480
28 59 1711
28 60 2942
28 61 528
28 62 1759
28 63 2990
28 64 576
28 65 1807
28 66 3038
28 67 624
28 68 1855
28 69 3086
28 70 672
28 71 1903
28 72 3134
28 73 720
28 74 1951
28 75 3182
28 76 768
28 77 1999
28 78 3230
28 79 816
28 80 2047
28 81 3278
28 82 120
29 0 1351
29 1 1732
29 2 1745
29 3 307
29 4 485
29 5 994
29 6 947
29 7 181
29 8 1182
29 9 1173
29 10 76
29 11 527
29 12 1090
29 13 926
29 14 960
29 15 1263
29 16 1574
29 17 394
29 18 1130
29 19 1356
29 20 1128
29 21 1306
29 22 576
29 23 782
29 24 1070
29 25 1043
29 26 630
29 27 1035
29 28 1231
29 29 0
29 30 1231
29 31 1279
29 32 48
29 33 1279
29 34 1327
29 35 96
29 36 1327
29 37 1375
29 38 144
29 39 1375
29 40 1423
29 41 192
29 42 1423
29 43 1471
29 44 240
29 45 1471
29 46 1519
29 47 288
29 48 1519
29 49 1567
29 50 336
29 51 1567
29 52 1615
29 53 384
29 54 1615
29 55 1663
29 56 432
29 57 1663
29 58 1711
29 59 480
29 60 1711
29 61 1759
29 62 528
29 63 1759
29 64 1807
29 65 576
29 66 1807
29 67 1855
29 68 624
29 69 1855
29 70 1903
29 71 672
29 72 1903
29 73 1951
29 74 720
29 75 1951
29 76 1999
29 77 768
29 78 1999
29 79 2047
29 80 816
29 81 2047
29 82 1351
30 0 2582
30 1 939
30 2 926
30 3 1538
30 4 1716
30 5 1293
30 6 1532
30 7 1412
30 8 2413
30 9 1498
30 10 1155
30 11 1758
30 12 141
30 13 2157
30 14 1519
30 15 2494
30 16 2805
30 17 1317
30 18 1637
30 19 355
30 20 2359
30 21 981
30 22 1807
30 23 2013
30 24 2301
30 25 1628
30 26 1657
30 27 2266
30 28 2462
30 29 1231
30 30 0
30 31 2510
30 32 1279
30 33 48
30 34 2558
30 35 1327
30 36 96
30 37 2606
30 38 1375
30 39 144
30 40 2654
30 41 1423
30 42 192
30 43 2702
30 44 1471
30 45 240
30 46 2750
30 47 1519
30 48 288
30 49 2798
30 50 1567
30 51 336
30 52 2846
30 53 1615
30 54 384
30 55 2894
30 56 1663
30 57 432
30 58 2942
30 59 1711
30 60 480
30 61 2990
30 62 1759
30 63 528
30 64 3038
30 65 1807
30 66 576
30 67 3086
30 68 1855
30 69 624
30 70 3134
30 71 1903
30 72 672
30 73 3182
30 74 1951
30 75 720
30 76 3230
30 77 1999
30 78 768
30 79 3278
30 80 2047
30 81 816
30 82 2582
31 0 168
31 1 2915
31 2 2928
31 3 1260
31 4 1178
31 5 2177
31 6 2130
31 7 1290
31 8 289
31 9 2356
31 10 1355
31 11 752
31 12 2369
31 13 1697
31 14 2143
31 15 1072
31 16 473
31 17 1577
31 18 2313
31 19 2539
31 20 1015
31 21 2489
31 22 1087
31 23 1553
31 24 593
31 25 2226
31 26 1813
31 27 1780
31 28 48
31 29 1279
31 30 2510
31 31 0
31 32 1231
31 33 2462
31 34 48
31 35 1279
31 36 2510
31 37 96
31 38 1327
31 39 2558
31 40 144
31 41 1375
31 42 2606
31 43 192
31 44 1423
31 45 2654
31 46 240
31 47 1471
31 48 2702
31 49 288
31 50 1519
31 51 2750
31 52 336
31 53 1567
31 54 2798
31 55 384
31 56 1615
31 57 2846
31 58 432
31 59 1663
31 60 2894
31 61 480
31 62 1711
31 63 2942
31 64 528
31 65 1759
31 66 2990
31 67 576
31 68 1807
31 69 3038
31 70 624
31 71 1855
31 72 3086
31 73 672
31 74 1903
31 75 3134
31 76 720
31 77 1951
31 78 3182
31 79 768
31 80 1999
31 81 3230
31 82 168
32 0 1399
32 1 1684
32 2 1697
32 3 259
32 4 437
32 5 946
32 6 899
32 7 133
32 8 1134
32 9 1125
32 10 124
32 11 479
32 12 1138
32 13 878
32 14 912
32 15 1215
32 16 1526
32 17 346
32 18 1082
32 19 1308
32 20 1080
32 21 1258
32 22 528
32 23 734
32 24 1022
32 25 995
32 26 582
32 27 987
32 28 1279
32 29 48
32 30 1279
32 31 1231
32 32 0
32 33 1231
32 34 1279
32 35 48
32 36 1279
32 37 1327
32 38 96
32 39 1327
32 40 1375
32 41 144
32 42 1375
32 43 1423
32 44 192
32 45 1423
32 46 1471
32 47 240
32 48 1471
32 49 1519
32 50 288
32 51 1519
32 52 1567
32 53 336
32 54 1567
32 55 1615
32 56 384
32 57 1615
32 58 1663
32 59 432
32 60 1663
32 61 1711
32 62 480
32 63 1711
32 64 1759
32 65 528
32 66 1759
32 67 1807
32 68 576
32 69 1807
32 70 1855
32 71 624
32 72 1855
32 73 1903
32 74 672
32 75 1903
32 76 1951
32 77 720
32 78 1951
32 79 1999
32 80 768
32 81 1999
32 82 1399
33 0 2630
33 1 891
33 2 878
33 3 1490
33 4 1668
33 5 1245
33 6 1484
33 7 1364
33 8 2365
33 9 1450
33 10 1203
33 11 1710
33 12 189
33 13 2109
33 14 1471
33 15 2446
33 16 2757
33 17 1269
33 18 1589
33 19 307
33 20 2311
33 21 933
33 22 1759
33 23 1965
33 24 2253
33 25 1580
33 26 1609
33 27 2218
33 28 2510
33 29 1279
33 30 48
33 31 2462
33 32 1231
33 33 0
33 34 2510
33 35 1279
33 36 48
33 37 2558
33 38 1327
33 39 96
33 40 2606
33 41 1375
33 42 144
33 43 2654
33 44 1423
33 45 192
33 46 2702
33 47 1471
33 48 240
33 49 2750
33 50 1519
33 51 288
33 52 2798
33 53 1567
33 54 336
33 55 2846
33 56 1615
33 57 384
33 58 2894
33 59 1663
33 60 432
33 61 2942
33 62 1711
33 63 480
33 64 2990
33 65 1759
33 66 528
33 67 3038
33 68 1807
33 69 576
33 70 3086
33 71 1855
33 72 624
33 73 3134
33 74 1903
33 75 672
33 76 3182
33 77 1951
33 78 720
33 79 3230
33 80 1999
33 81 768
33 82 2630
34 0 216
34 1 2867
34 2 2880
34 3 1212
34 4 1130
34 5 2129
34 6 2082
34 7 1242
34 8 241
34 9 2308
34 10 1403
34 11 800
34 12 2417
34 13 1649
34 14 2095
34 15 1024
34 16 425
34 17 1529
34 18 2265
34 19 2491
34 20 967
34 21 2441
34 22 1039
34 23 1505
34 24 545
34 25 2178
34 26 1765
34 27 1732
34 28 96
34 29 1327
34 30 2558
34 31 48
34 32 1279
34 33 2510
34 34 0
34 35 1231
34 36 2462
34 37 48
34 38 1279
34 39 2510
34 40 96
34 41 1327
34 42 2558
34 43 144
34 44 1375
34 45 2606
34 46 192
34 47 1423
34 48 2654
34 49 240
34 50 1471
34 51 2702
34 52 288
34 53 1519
34 54 2750
34 55 336
34 56 1567
34 57 2798
34 58 384
34 59 1615
34 60 2846
34 61 432
34 62 1663
34 63 2894
34 64 480
34 65 1711
34 66 2942
34 67 528
34 68 1759
34 69 2990
34 70 576
34 71 1807
34 72 3038
34 73 624
34 74 1855
34 75 3086
34 76 672
34 77 1903
34 78 3134
34 79 720
34 80 1951
34 81 3182
34 82 216
35 0 1447
35 1 1636
35 2 1649
35 3 211
35 4 389
35 5 898
35 6 851
35 7 85
35 8 1086
35 9 1077
35 10 172
35 11 527
35 12 1186
35 13 830
35 14 864
35 15 1167
35 16 1478
35 17 298
35 18 1034
35 19 1260
35 20 1032
35 21 1210
35 22 480
35 23 686
35 24 974
35 25 947
35 26 534
35 27 939
35 28 1327
35 29 96
35 30 1327
35 31 1279
35 32 48
35 33 1279
35 34 1231
35 35 0
35 36 1231
35 37 1279
35 38 48
35 39 1279
35 40 1327
35 41 96
35 42 1327
35 43 1375
35 44 144
35 45 1375
35 46 1423
35 47 192
35 48 1423
35 49 1471
35 50 240
35 51 1471
35 52 1519
35 53 288
35 54 1519
35 55 1567
35 56 336
35 57 1567
35 58 1615
35 59 384
35 60 1615
35 61 1663
35 62 432
35 63 1663
35 64 1711
35 65 480
35 66 1711
35 67 1759
35 68 528
35 69 1759
35 70 1807
35 71 576
35 72 1807
35 73 1855
35 74 624
35 75 1855
35 76 1903
35 77 672
35 78 1903
35 79 1951
35 80 720
35 81 1951
35 82 1447
36 0 2678
36 1 843
36 2 830
36 3 1442
36 4 1620
36 5 1197
36 6 1436
36 7 1316
36 8 2317
36 9 1402
36 10 1251
36 11 1758
36 12 237
36 13 2061
36 14 1423
36 15 2398
36 16 2709
36 17 1221
36 18 1541
36 19 259
36 20 2263
36 21 885
36 22 1711
36 23 1917
36 24 2205
36 25 1532
36 26 1561
36 27 2170
36 28 2558
36 29 1327
36 30 96
36 31 2510
36 32 1279
36 33 48
36 34 2462
36 35 1231
36 36 0
36 37 2510
36 38 1279
36 39 48
36 40 2558
36 41 1327
36 42 96
36 43 2606
36 44 1375
36 45 144
36 46 2654
36 47 1423
36 48 192
36 49 2702
36 50 1471
36 51 240
36 52 2750
36 53 1519
36 54 288
36 55 2798
36 56 1567
36 57 336
36 58 2846
36 59 1615
36 60 384
36 61 2894
36 62 1663
36 63 432
36 64 2942
36 65 1711
36 66 480
36 67 2990
36 68 1759
36 69 528
36 70 3038
36 71 1807
36 72 576
36 73 3086
36 74 1855
36 75 624
36 76 3134
36 77 1903
36 78 672
36 79 3182
36 80 1951
36 81 720
36 82 2678
37 0 264
37 1 2819
37 2 2832
37 3 1164
37 4 1082
37 5 2081
37 6 2034
37 7 1194
37 8 193
37 9 2260
37 10 1451
37 11 848
37 12 2465
37 13 1601
37 14 2047
37 15 976
37 16 377
37 17 1481
37 18 2217
37 19 2443
37 20 919
37 21 2393
37 22 991
37 23 1457
37 24 497
37 25 2130
37 26 1717
37 27 1684
37 28 144
37 29 1375
37 30 2606
37 31 96
37 32 1327
37 33 2558
37 34 48
37 35 1279
37 36 2510
37 37 0
37 38 1231
37 39 2462
37 40 48
37 41 1279
37 42 2510
37 43 96
37 44 1327
37 45 2558
37 46 144
37 47 1375
37 48 2606
37 49 192
37 50 1423
37 51 2654
37 52 240
37 53 1471
37 54 2702
37 55 288
37 56 1519
37 57 2750
37 58 336
37 59 1567
37 60 2798
37 61 384
37 62 1615
37 63 2846
37 64 432
37 65 1663
37 66 2894
37 67 480
37 68 1711
37 69 2942
37 70 528
37 71 1759
37 72 2990
37 73 576
37 74 1807
37 75 3038
37 76 624
37 77 1855
37 78 3086
37 79 672
37 80 1903
37 81 3134
37 82 264
38 0 1495
38 1 1588
38 2 1601
38 3 163
38 4 341
38 5 850
38 6 803
38 7 37
38 8 1038
38 9 1029
38 10 220
38 11 575
38 12 1234
38 13 782
38 14 816
38 15 1119
38 16 1430
38 17 250
38 18 986
38 19 1212
38 20 984
38 21 1162
38 22 432
38 23 638
38 24 926
38 25 899
38 26 486
38 27 891
38 28 1375
38 29 144
38 30 1375
38 31 1327
38 32 96
38 33 1327
38 34 1279
38 35 48
38 36 1279
38 37 1231
38 38 0
38 39 1231
38 40 1279
38 41 48
38 42 1279
38 43 1327
38 44 96
38 45 1327
38 46 1375
38 47 144
38 48 1375
38 49 1423
38 50 192
38 51 1423
38 52 1471
38 53 240
38 54 1471
38 55 1519
38 56 288
38 57 1519
38 58 1567
38 59 336
38 60 1567
38 61 1615
38 62 384
38 63 1615
38 64 1663
38 65 432
38 66 1663
38 67 1711
38 68 480
38 69 1711
38 70 1759
38 71 528
38 72 1759
38 73 1807
38 74 576
38 75 1807
38 76 1855
38 77 624
38 78 1855
38 79 1903
38 80 672
38 81 1903
38 82 1495
39 0 2726
39 1 795
39 2 782
39 3 1394
39 4 1572
39 5 1149
39 6 1388
39 7 1268
39 8 2269
39 9 1354
39 10 1299
39 11 1806
39 12 285
39 13 2013
39 14 1375
39 15 2350
39 16 2661
39 17 1173
39 18 1493
39 19 211
39 20 2215
39 21 837
39 22 1663
39 23 1869
39 24 2157
39 25 1484
39 26 1513
39 27 2122
39 28 2606
39 29 1375
39 30 144
39 31 2558
39 32 1327
39 33 96
39 34 2510
39 35 1279
39 36 48
39 37 2462
39 38 1231
39 39 0
39 40 2510
39 41 1279
39 42 48
39 43 2558
39 44 1327
39 45 96
39 46 2606
39 47 1375
39 48 144
39 49 2654
39 50 1423
39 51 192
39 52 2702
39 53 1471
39 54 240
39 55 2750
39 56 1519
39 57 288
39 58 2798
39 59 1567
39 60 336
39 61 2846
39 62 1615
39 63 384
39 64 2894
39 65 1663
39 66 432
39 67 2942
39 68 1711
39 69 480
39 70 2990
39 71 1759
39 72 528
39 73 3038
39 74 1807
39 75 576
39 76 3086
39 77 1855
39 78 624
39 79 3134
39 80 1903
39 81 672
39 82 2726
40 0 312
40 1 2771
40 2 2784
40 3 1116
40 4 1034
40 5 2033
40 6 1986
40 7 1242
40 8 241
40 9 2212
40 10 1499
40 11 896
40 12 2513
40 13 1553
40 14 1999
40 15 928
40 16 329
40 17 1433
40 18 2169
40 19 2395
40 20 871
40 21 2345
40 22 943
40 23 1409
40 24 449
40 25 2082
40 26 1669
40 27 1636
40 28 192
40 29 1423
40 30 2654
40 31 144
40 32 1375
40 33 2606
40 34 96
40 35 1327
40 36 2558
40 37 48
40 38 1279
40 39 2510
40 40 0
40 41 1231
40 42 2462
40 43 48
40 44 1279
40 45 2510
40 46 96
40 47 1327
40 48 2558
40 49 144
40 50 1375
40 51 2606
40 52 192
40 53 1423
40 54 2654
40 55 240
40 56 1471
40 57 2702
40 58 288
40 59 1519
40 60 2750
40 61 336
40 62 1567
40 63 2798
40 64 384
40 65 1615
40 66 2846
40 67 432
40 68 1663
40 69 2894
40 70 480
40 71 1711
40 72 2942
40 73 528
40 74 1759
40 75 2990
40 76 576
40 77 1807
40 78 3038
40 79 624
40 80 1855
40 81 3086
40 82 312
41 0 1543
41 1 1540
41 2 1553
41 3 115
41 4 293
41 5 802
41 6 755
41 7 85
41 8 1086
41 9 981
41 10 268
41 11 623
41 12 1282
41 13 734
41 14 768
41 15 1071
41 16 1382
41 17 202
41 18 938
41 19 1164
41 20 936
41 21 1114
41 22 384
41 23 590
41 24 878
41 25 851
41 26 438
41 27 843
41 28 1423
41 29 192
41 30 1423
41 31 1375
41 32 144
41 33 1375
41 34 1327
41 35 96
41 36 1327
41 37 1279
41 38 48
41 39 1279
41 40 1231
41 41 0
41 42 1231
41 43 1279
41 44 48
41 45 1279
41 46 1327
41 47 96
41 48 1327
41 49 1375
41 50 144
41 51 1375
41 52 1423
41 53 192
41 54 1423
41 55 1471
41 56 240
41 57 1471
41 58 1519
41 59 288
41 60 1519
41 61 1567
41 62 336
41 63 1567
41 64 1615
41 65 384
41 66 1615
41 67 1663
41 68 432
41 69 1663
41 70 1711
41 71 480
41 72 1711
41 73 1759
41 74 528
41 75 1759
41 76 1807
41 77 576
41 78 1807
41 79 1855
41 80 624
41 81 1855
41 82 1543
42 0 2774
42 1 747
42 2 734
42 3 1346
42 4 1524
42 5 1101
42 6 1340
42 7 1316
42 8 2317
42 9 1306
42 10 1347
42 11 1854
42 12 333
42 13 1965
42 14 1327
42 15 2302
42 16 2613
42 17 1125
42 18 1445
42 19 163
42 20 2167
42 21 789
42 22 1615
42 23 1821
42 24 2109
42 25 1436
42 26 1465
42 27 2074
42 28 2654
42 29 1423
42 30 192
42 31 2606
42 32 1375
42 33 144
42 34 2558
42 35 1327
42 36 96
42 37 2510
42 38 1279
42 39 48
42 40 2462
42 41 1231
42 42 0
42 43 2510
42 44 1279
42 45 48
42 46 2558
42 47 1327
42 48 96
42 49 2606
42 50 1375
42 51 144
42 52 2654
42 53 1423
42 54 192
42 55 2702
42 56 1471
42 57 240
42 58 2750
42 59 1519
42 60 288
42 61 2798
42 62 1567
42 63 336
42 64 2846
42 65 1615
42 66 384
42 67 2894
42 68 1663
42 69 432
42 70 2942
42 71 1711
42 72 480
42 73 2990
42 74 1759
42 75 528
42 76 3038
42 77 1807
42 78 576
42 79 3086
42 80 1855
42 81 624
42 82 2774
43 0 360
43 1 2723
43 2 2736
43 3 1164
43 4 986
43 5 1985
43 6 1938
43 7 1290
43 8 289
43 9 2164
43 10 1547
43 11 944
43 12 2561
43 13 1505
43 14 1951
43 15 880
43 16 281
43 17 1385
43 18 2121
43 19 2347
