//alpha
1
//NbLocations
73
//NbProducts
18
//NbPickers
2
//CapaPicker
4
//TimeToTravelOneDistanceUnit
3
//SetupTime
5400
//PickTime
300
//Products
//Idx Location Size
1 1 1
2 2 1
3 3 1
4 4 1
5 5 1
6 6 1
7 7 1
8 8 1
9 9 1
10 10 1
11 11 1
12 12 1
13 13 1
14 14 1
15 15 1
16 16 1
17 17 1
18 18 1
//Orders
//NbOrders
6
//Idx DueDate TardinessPenalty NbProdInOrder ProdIdx1 Qty1 ProdIdx2 Qty2 ...
1 54000 0 2 1 1 2 1
2 72000 0 2 3 1 4 1
3 54000 0 2 5 1 6 1
4 72000 0 4 7 1 8 1 9 1 10 1
5 54000 0 4 11 1 12 1 13 1 14 1
6 54000 0 4 15 1 16 1 17 1 18 1
//Graph (Products are vertices indexed from 1 to NbProducts)
//NbVerticesIntersections
54
//DepartingDepot
0
//ArrivalDepot
73
//Arcs
//Start End Distance
0 19 120
1 6 143
1 14 169
2 5 299
2 22 206
3 44 726
3 45 505
4 19 440
4 20 791
5 2 299
5 12 65
6 1 143
6 9 52
7 26 323
7 27 908
8 18 156
8 23 453
9 6 52
9 20 349
10 41 401
10 42 830
11 29 219
11 30 1012
12 5 65
12 23 661
13 15 273
13 31 310
14 1 169
14 17 234
15 13 273
15 32 648
16 37 167
16 38 1064
17 14 234
17 21 284
18 8 156
18 24 622
19 4 440
19 22 48
19 73 120
20 4 791
20 9 349
20 23 48
21 17 284
21 24 48
22 2 206
22 19 48
22 25 48
23 8 453
23 12 661
23 20 48
23 26 48
24 18 622
24 21 48
24 27 48
25 22 48
25 26 1231
25 28 48
26 7 323
26 23 48
26 25 1231
26 29 48
27 7 908
27 24 48
27 30 48
28 25 48
28 29 1231
28 31 48
29 11 219
29 26 48
29 28 1231
29 32 48
30 11 1012
30 27 48
30 33 48
31 13 310
31 28 48
31 34 48
32 15 648
32 29 48
32 33 1231
32 35 48
33 30 48
33 32 1231
33 36 48
34 31 48
34 35 1231
34 37 48
35 32 48
35 34 1231
35 36 1231
35 38 48
36 33 48
36 35 1231
36 39 48
37 16 167
37 34 48
37 40 48
38 16 1064
38 35 48
38 39 1231
38 41 48
39 36 48
39 38 1231
39 42 48
40 37 48
40 41 1231
40 43 48
41 10 401
41 38 48
41 40 1231
41 44 48
42 10 830
42 39 48
42 45 48
43 40 48
43 44 1231
43 46 48
44 3 726
44 41 48
44 43 1231
44 47 48
45 3 505
45 42 48
45 48 48
46 43 48
46 47 1231
46 49 48
47 44 48
47 46 1231
47 48 1231
47 50 48
48 45 48
48 47 1231
48 51 48
49 46 48
49 50 1231
49 52 48
50 47 48
50 49 1231
50 51 1231
50 53 48
51 48 48
51 50 1231
51 54 48
52 49 48
52 53 1231
52 55 48
53 50 48
53 52 1231
53 54 1231
53 56 48
54 51 48
54 53 1231
54 57 48
55 52 48
55 56 1231
55 58 48
56 53 48
56 55 1231
56 57 1231
56 59 48
57 54 48
57 56 1231
57 60 48
58 55 48
58 59 1231
58 61 48
59 56 48
59 58 1231
59 60 1231
59 62 48
60 57 48
60 59 1231
60 63 48
61 58 48
61 62 1231
61 64 48
62 59 48
62 61 1231
62 63 1231
62 65 48
63 60 48
63 62 1231
63 66 48
64 61 48
64 65 1231
64 67 48
65 62 48
65 64 1231
65 66 1231
65 68 48
66 63 48
66 65 1231
66 69 48
67 64 48
67 68 1231
67 70 48
68 65 48
68 67 1231
68 69 1231
68 71 48
69 66 48
69 68 1231
69 72 48
70 67 48
70 71 1231
71 68 48
71 70 1231
71 72 1231
72 69 48
72 71 1231
//LocStart LocEnd ShortestPath
0 0 0
0 1 1895
0 2 374
0 3 2461
0 4 560
0 5 673
0 6 1752
0 7 1770
0 8 1852
0 9 1700
0 10 2088
0 11 1714
0 12 738
0 13 622
0 14 2064
0 15 895
0 16 575
0 17 2298
0 18 2008
0 19 120
0 20 1351
0 21 2582
0 22 168
0 23 1399
0 24 2630
0 25 216
0 26 1447
0 27 2678
0 28 264
0 29 1495
0 30 2726
0 31 312
0 32 1543
0 33 2774
0 34 360
0 35 1591
0 36 2822
0 37 408
0 38 1639
0 39 2870
0 40 456
0 41 1687
0 42 2918
0 43 504
0 44 1735
0 45 2966
0 46 552
0 47 1783
0 48 3014
0 49 600
0 50 1831
0 51 3062
0 52 648
0 53 1879
0 54 3110
0 55 696
0 56 1927
0 57 3158
0 58 744
0 59 1975
0 60 3206
0 61 792
0 62 2023
0 63 3254
0 64 840
0 65 2071
0 66 3302
0 67 888
0 68 2119
0 69 3350
0 70 936
0 71 2167
0 72 3398
0 73 0
1 0 1895
1 1 0
1 2 1617
1 3 1576
1 4 1335
1 5 1318
1 6 143
1 7 963
1 8 1045
1 9 195
1 10 1281
1 11 907
1 12 1253
1 13 1657
1 14 169
1 15 1384
1 16 1896
1 17 403
1 18 1201
1 19 1775
1 20 544
1 21 687
1 22 1823
1 23 592
1 24 735
1 25 1871
1 26 640
1 27 783
1 28 1919
1 29 688
1 30 831
1 31 1967
1 32 736
1 33 879
1 34 2015
1 35 784
1 36 927
1 37 2063
1 38 832
1 39 975
1 40 2111
1 41 880
1 42 1023
1 43 2159
1 44 928
1 45 1071
1 46 2207
1 47 976
1 48 1119
1 49 2255
1 50 1024
1 51 1167
1 52 2303
1 53 1072
1 54 1215
1 55 2351
1 56 1120
1 57 1263
1 58 2399
1 59 1168
1 60 1311
1 61 2447
1 62 1216
1 63 1359
1 64 2495
1 65 1264
1 66 1407
1 67 2543
1 68 1312
1 69 1455
1 70 2591
1 71 1360
1 72 1503
1 73 1895
2 0 374
2 1 1617
2 2 0
2 3 2087
2 4 694
2 5 299
2 6 1474
2 7 1396
2 8 1478
2 9 1422
2 10 1714
2 11 1340
2 12 364
2 13 660
2 14 1786
2 15 933
2 16 613
2 17 2020
2 18 1634
2 19 254
2 20 1073
2 21 2304
2 22 206
2 23 1025
2 24 2256
2 25 254
2 26 1073
2 27 2304
2 28 302
2 29 1121
2 30 2352
2 31 350
2 32 1169
2 33 2400
2 34 398
2 35 1217
2 36 2448
2 37 446
2 38 1265
2 39 2496
2 40 494
2 41 1313
2 42 2544
2 43 542
2 44 1361
2 45 2592
2 46 590
2 47 1409
2 48 2640
2 49 638
2 50 1457
2 51 2688
2 52 686
2 53 1505
2 54 2736
2 55 734
2 56 1553
2 57 2784
2 58 782
2 59 1601
2 60 2832
2 61 830
2 62 1649
2 63 2880
2 64 878
2 65 1697
2 66 2928
2 67 926
2 68 1745
2 69 2976
2 70 974
2 71 1793
2 72 3024
2 73 374
3 0 2461
3 1 1576
3 2 2087
3 3 0
3 4 1901
3 5 1788
3 6 1511
3 7 1337
3 8 1515
3 9 1459
3 10 1175
3 11 1185
3 12 1723
3 13 1839
3 14 1407
3 15 1566
3 16 1886
3 17 1173
3 18 1463
3 19 2341
3 20 1110
3 21 889
3 22 2293
3 23 1062
3 24 841
3 25 2245
3 26 1014
3 27 793
3 28 2197
3 29 966
3 30 745
3 31 2149
3 32 918
3 33 697
3 34 2101
3 35 870
3 36 649
3 37 2053
3 38 822
3 39 601
3 40 2005
3 41 774
3 42 553
3 43 1957
3 44 726
3 45 505
3 46 2005
3 47 774
3 48 553
3 49 2053
3 50 822
3 51 601
3 52 2101
3 53 870
3 54 649
3 55 2149
3 56 918
3 57 697
3 58 2197
3 59 966
3 60 745
3 61 2245
3 62 1014
3 63 793
3 64 2293
3 65 1062
3 66 841
3 67 2341
3 68 1110
3 69 889
3 70 2389
3 71 1158
3 72 937
3 73 2461
4 0 560
4 1 1335
4 2 694
4 3 1901
4 4 0
4 5 993
4 6 1192
4 7 1210
4 8 1292
4 9 1140
4 10 1528
4 11 1154
4 12 1058
4 13 942
4 14 1504
4 15 1215
4 16 895
4 17 1738
4 18 1448
4 19 440
4 20 791
4 21 2022
4 22 488
4 23 839
4 24 2070
4 25 536
4 26 887
4 27 2118
4 28 584
4 29 935
4 30 2166
4 31 632
4 32 983
4 33 2214
4 34 680
4 35 1031
4 36 2262
4 37 728
4 38 1079
4 39 2310
4 40 776
4 41 1127
4 42 2358
4 43 824
4 44 1175
4 45 2406
4 46 872
4 47 1223
4 48 2454
4 49 920
4 50 1271
4 51 2502
4 52 968
4 53 1319
4 54 2550
4 55 1016
4 56 1367
4 57 2598
4 58 1064
4 59 1415
4 60 2646
4 61 1112
4 62 1463
4 63 2694
4 64 1160
4 65 1511
4 66 2742
4 67 1208
4 68 1559
4 69 2790
4 70 1256
4 71 1607
4 72 2838
4 73 560
5 0 673
5 1 1318
5 2 299
5 3 1788
5 4 993
5 5 0
5 6 1175
5 7 1097
5 8 1179
5 9 1123
5 10 1415
5 11 1041
5 12 65
5 13 959
5 14 1487
5 15 1232
5 16 912
5 17 1721
5 18 1335
5 19 553
5 20 774
5 21 2005
5 22 505
5 23 726
5 24 1957
5 25 553
5 26 774
5 27 2005
5 28 601
5 29 822
5 30 2053
5 31 649
5 32 870
5 33 2101
5 34 697
5 35 918
5 36 2149
5 37 745
5 38 966
5 39 2197
5 40 793
5 41 1014
5 42 2245
5 43 841
5 44 1062
5 45 2293
5 46 889
5 47 1110
5 48 2341
5 49 937
5 50 1158
5 51 2389
5 52 985
5 53 1206
5 54 2437
5 55 1033
5 56 1254
5 57 2485
5 58 1081
5 59 1302
5 60 2533
5 61 1129
5 62 1350
5 63 2581
5 64 1177
5 65 1398
5 66 2629
5 67 1225
5 68 1446
5 69 2677
5 70 1273
5 71 1494
5 72 2725
5 73 673
6 0 1752
6 1 143
6 2 1474
6 3 1511
6 4 1192
6 5 1175
6 6 0
6 7 820
6 8 902
6 9 52
6 10 1138
6 11 764
6 12 1110
6 13 1514
6 14 312
6 15 1241
6 16 1753
6 17 546
6 18 1058
6 19 1632
6 20 401
6 21 830
6 22 1680
6 23 449
6 24 878
6 25 1728
6 26 497
6 27 926
6 28 1776
6 29 545
6 30 974
6 31 1824
6 32 593
6 33 1022
6 34 1872
6 35 641
6 36 1070
6 37 1920
6 38 689
6 39 1118
6 40 1968
6 41 737
6 42 1166
6 43 2016
6 44 785
6 45 1214
6 46 2064
6 47 833
6 48 1262
6 49 2112
6 50 881
6 51 1310
6 52 2160
6 53 929
6 54 1358
6 55 2208
6 56 977
6 57 1406
6 58 2256
6 59 1025
6 60 1454
6 61 2304
6 62 1073
6 63 1502
6 64 2352
6 65 1121
6 66 1550
6 67 2400
6 68 1169
6 69 1598
6 70 2448
6 71 1217
6 72 1646
6 73 1752
7 0 1770
7 1 963
7 2 1396
7 3 1337
7 4 1210
7 5 1097
7 6 820
7 7 0
7 8 824
7 9 768
7 10 964
7 11 590
7 12 1032
7 13 1340
7 14 1132
7 15 1067
7 16 1579
7 17 1288
7 18 980
7 19 1650
7 20 419
7 21 1004
7 22 1602
7 23 371
7 24 956
7 25 1554
7 26 323
7 27 908
7 28 1602
7 29 371
7 30 956
7 31 1650
7 32 419
7 33 1004
7 34 1698
7 35 467
7 36 1052
7 37 1746
7 38 515
7 39 1100
7 40 1794
7 41 563
7 42 1148
7 43 1842
7 44 611
7 45 1196
7 46 1890
7 47 659
7 48 1244
7 49 1938
7 50 707
7 51 1292
7 52 1986
7 53 755
7 54 1340
7 55 2034
7 56 803
7 57 1388
7 58 2082
7 59 851
7 60 1436
7 61 2130
7 62 899
7 63 1484
7 64 2178
7 65 947
7 66 1532
7 67 2226
7 68 995
7 69 1580
7 70 2274
7 71 1043
7 72 1628
7 73 1770
8 0 1852
8 1 1045
8 2 1478
8 3 1515
8 4 1292
8 5 1179
8 6 902
8 7 824
8 8 0
8 9 850
8 10 1142
8 11 768
8 12 1114
8 13 1518
8 14 1214
8 15 1245
8 16 1757
8 17 1110
8 18 156
8 19 1732
8 20 501
8 21 826
8 22 1684
8 23 453
8 24 778
8 25 1732
8 26 501
8 27 826
8 28 1780
8 29 549
8 30 874
8 31 1828
8 32 597
8 33 922
8 34 1876
8 35 645
8 36 970
8 37 1924
8 38 693
8 39 1018
8 40 1972
8 41 741
8 42 1066
8 43 2020
8 44 789
8 45 1114
8 46 2068
8 47 837
8 48 1162
8 49 2116
8 50 885
8 51 1210
8 52 2164
8 53 933
8 54 1258
8 55 2212
8 56 981
8 57 1306
8 58 2260
8 59 1029
8 60 1354
8 61 2308
8 62 1077
8 63 1402
8 64 2356
8 65 1125
8 66 1450
8 67 2404
8 68 1173
8 69 1498
8 70 2452
8 71 1221
8 72 1546
8 73 1852
9 0 1700
9 1 195
9 2 1422
9 3 1459
9 4 1140
9 5 1123
9 6 52
9 7 768
9 8 850
9 9 0
9 10 1086
9 11 712
9 12 1058
9 13 1462
9 14 364
9 15 1189
9 16 1701
9 17 598
9 18 1006
9 19 1580
9 20 349
9 21 882
9 22 1628
9 23 397
9 24 930
9 25 1676
9 26 445
9 27 978
9 28 1724
9 29 493
9 30 1026
9 31 1772
9 32 541
9 33 1074
9 34 1820
9 35 589
9 36 1122
9 37 1868
9 38 637
9 39 1170
9 40 1916
9 41 685
9 42 1218
9 43 1964
9 44 733
9 45 1266
9 46 2012
9 47 781
9 48 1314
9 49 2060
9 50 829
9 51 1362
9 52 2108
9 53 877
9 54 1410
9 55 2156
9 56 925
9 57 1458
9 58 2204
9 59 973
9 60 1506
9 61 2252
9 62 1021
9 63 1554
9 64 2300
9 65 1069
9 66 1602
9 67 2348
9 68 1117
9 69 1650
9 70 2396
9 71 1165
9 72 1698
9 73 1700
10 0 2088
10 1 1281
10 2 1714
10 3 1175
10 4 1528
10 5 1415
10 6 1138
10 7 964
10 8 1142
10 9 1086
10 10 0
10 11 812
10 12 1350
10 13 1466
10 14 1450
10 15 1193
10 16 1513
10 17 1450
10 18 1298
10 19 1968
10 20 737
10 21 1166
10 22 1920
10 23 689
10 24 1118
10 25 1872
10 26 641
10 27 1070
10 28 1824
10 29 593
10 30 1022
10 31 1776
10 32 545
10 33 974
10 34 1728
10 35 497
10 36 926
10 37 1680
10 38 449
10 39 878
10 40 1632
10 41 401
10 42 830
10 43 1680
10 44 449
10 45 878
10 46 1728
10 47 497
10 48 926
10 49 1776
10 50 545
10 51 974
10 52 1824
10 53 593
10 54 1022
10 55 1872
10 56 641
10 57 1070
10 58 1920
10 59 689
10 60 1118
10 61 1968
10 62 737
10 63 1166
10 64 2016
10 65 785
10 66 1214
10 67 2064
10 68 833
10 69 1262
10 70 2112
10 71 881
10 72 1310
10 73 2088
11 0 1714
11 1 907
11 2 1340
11 3 1185
11 4 1154
11 5 1041
11 6 764
11 7 590
11 8 768
11 9 712
11 10 812
11 11 0
11 12 976
11 13 1188
11 14 1076
11 15 915
11 16 1427
11 17 1310
11 18 924
11 19 1594
11 20 363
11 21 1156
11 22 1546
11 23 315
11 24 1108
11 25 1498
11 26 267
11 27 1060
11 28 1450
11 29 219
11 30 1012
11 31 1498
11 32 267
11 33 1060
11 34 1546
11 35 315
11 36 1108
11 37 1594
11 38 363
11 39 1156
11 40 1642
11 41 411
11 42 1204
11 43 1690
11 44 459
11 45 1252
11 46 1738
11 47 507
11 48 1300
11 49 1786
11 50 555
11 51 1348
11 52 1834
11 53 603
11 54 1396
11 55 1882
11 56 651
11 57 1444
11 58 1930
11 59 699
11 60 1492
11 61 1978
11 62 747
11 63 1540
11 64 2026
11 65 795
11 66 1588
11 67 2074
11 68 843
11 69 1636
11 70 2122
11 71 891
11 72 1684
11 73 1714
12 0 738
12 1 1253
12 2 364
12 3 1723
12 4 1058
12 5 65
12 6 1110
12 7 1032
12 8 1114
12 9 1058
12 10 1350
12 11 976
12 12 0
12 13 1024
12 14 1422
12 15 1297
12 16 977
12 17 1656
12 18 1270
12 19 618
12 20 709
12 21 1940
12 22 570
12 23 661
12 24 1892
12 25 618
12 26 709
12 27 1940
12 28 666
12 29 757
12 30 1988
12 31 714
12 32 805
12 33 2036
12 34 762
12 35 853
12 36 2084
12 37 810
12 38 901
12 39 2132
12 40 858
12 41 949
12 42 2180
12 43 906
12 44 997
12 45 2228
12 46 954
12 47 1045
12 48 2276
12 49 1002
12 50 1093
12 51 2324
12 52 1050
12 53 1141
12 54 2372
12 55 1098
12 56 1189
12 57 2420
12 58 1146
12 59 1237
12 60 2468
12 61 1194
12 62 1285
12 63 2516
12 64 1242
12 65 1333
12 66 2564
12 67 1290
12 68 1381
12 69 2612
12 70 1338
12 71 1429
12 72 2660
12 73 738
13 0 622
13 1 1657
13 2 660
13 3 1839
13 4 942
13 5 959
13 6 1514
13 7 1340
13 8 1518
13 9 1462
13 10 1466
13 11 1188
13 12 1024
13 13 0
13 14 1826
13 15 273
13 16 573
13 17 2060
13 18 1674
13 19 502
13 20 1113
13 21 2344
13 22 454
13 23 1065
13 24 2296
13 25 406
13 26 1017
13 27 2248
13 28 358
13 29 969
13 30 2200
13 31 310
13 32 921
13 33 2152
13 34 358
13 35 969
13 36 2200
13 37 406
13 38 1017
13 39 2248
13 40 454
13 41 1065
13 42 2296
13 43 502
13 44 1113
13 45 2344
13 46 550
13 47 1161
13 48 2392
13 49 598
13 50 1209
13 51 2440
13 52 646
13 53 1257
13 54 2488
13 55 694
13 56 1305
13 57 2536
13 58 742
13 59 1353
13 60 2584
13 61 790
13 62 1401
13 63 2632
13 64 838
13 65 1449
13 66 2680
13 67 886
13 68 1497
13 69 2728
13 70 934
13 71 1545
13 72 2776
13 73 622
14 0 2064
14 1 169
14 2 1786
14 3 1407
14 4 1504
14 5 1487
14 6 312
14 7 1132
14 8 1214
14 9 364
14 10 1450
14 11 1076
14 12 1422
14 13 1826
14 14 0
14 15 1553
14 16 2065
14 17 234
14 18 1188
14 19 1944
14 20 713
14 21 518
14 22 1992
14 23 761
14 24 566
14 25 2040
14 26 809
14 27 614
14 28 2088
14 29 857
14 30 662
14 31 2136
14 32 905
14 33 710
14 34 2184
14 35 953
14 36 758
14 37 2232
14 38 1001
14 39 806
14 40 2280
14 41 1049
14 42 854
14 43 2328
14 44 1097
14 45 902
14 46 2376
14 47 1145
14 48 950
14 49 2424
14 50 1193
14 51 998
14 52 2472
14 53 1241
14 54 1046
14 55 2520
14 56 1289
14 57 1094
14 58 2568
14 59 1337
14 60 1142
14 61 2616
14 62 1385
14 63 1190
14 64 2664
14 65 1433
14 66 1238
14 67 2712
14 68 1481
14 69 1286
14 70 2760
14 71 1529
14 72 1334
14 73 2064
15 0 895
15 1 1384
15 2 933
15 3 1566
15 4 1215
15 5 1232
15 6 1241
15 7 1067
15 8 1245
15 9 1189
15 10 1193
15 11 915
15 12 1297
15 13 273
15 14 1553
15 15 0
15 16 846
15 17 1787
15 18 1401
15 19 775
15 20 840
15 21 2071
15 22 727
15 23 792
15 24 2023
15 25 679
15 26 744
15 27 1975
15 28 631
15 29 696
15 30 1927
15 31 583
15 32 648
15 33 1879
15 34 631
15 35 696
15 36 1927
15 37 679
15 38 744
15 39 1975
15 40 727
15 41 792
15 42 2023
15 43 775
15 44 840
15 45 2071
15 46 823
15 47 888
15 48 2119
15 49 871
15 50 936
15 51 2167
15 52 919
15 53 984
15 54 2215
15 55 967
15 56 1032
15 57 2263
15 58 1015
15 59 1080
15 60 2311
15 61 1063
15 62 1128
15 63 2359
15 64 1111
15 65 1176
15 66 2407
15 67 1159
15 68 1224
15 69 2455
15 70 1207
15 71 1272
15 72 2503
15 73 895
16 0 575
16 1 1896
16 2 613
16 3 1886
16 4 895
16 5 912
16 6 1753
16 7 1579
16 8 1757
16 9 1701
16 10 1513
16 11 1427
16 12 977
16 13 573
16 14 2065
16 15 846
16 16 0
16 17 2299
16 18 1913
16 19 455
16 20 1352
16 21 2583
16 22 407
16 23 1304
16 24 2535
16 25 359
16 26 1256
16 27 2487
16 28 311
16 29 1208
16 30 2439
16 31 263
16 32 1160
16 33 2391
16 34 215
16 35 1112
16 36 2343
16 37 167
16 38 1064
16 39 2295
16 40 215
16 41 1112
16 42 2343
16 43 263
16 44 1160
16 45 2391
16 46 311
16 47 1208
16 48 2439
16 49 359
16 50 1256
16 51 2487
16 52 407
16 53 1304
16 54 2535
16 55 455
16 56 1352
16 57 2583
16 58 503
16 59 1400
16 60 2631
16 61 551
16 62 1448
16 63 2679
16 64 599
16 65 1496
16 66 2727
16 67 647
16 68 1544
16 69 2775
16 70 695
16 71 1592
16 72 2823
16 73 575
17 0 2298
17 1 403
17 2 2020
17 3 1173
17 4 1738
17 5 1721
17 6 546
17 7 1288
17 8 1110
17 9 598
17 10 1450
17 11 1310
17 12 1656
17 13 2060
17 14 234
17 15 1787
17 16 2299
17 17 0
17 18 954
17 19 2178
17 20 947
17 21 284
17 22 2226
17 23 995
17 24 332
17 25 2274
17 26 1043
17 27 380
17 28 2322
17 29 1091
17 30 428
17 31 2370
17 32 1139
17 33 476
17 34 2418
17 35 1187
17 36 524
17 37 2466
17 38 1235
17 39 572
17 40 2514
17 41 1283
17 42 620
17 43 2562
17 44 1331
17 45 668
17 46 2610
17 47 1379
17 48 716
17 49 2658
17 50 1427
17 51 764
17 52 2706
17 53 1475
17 54 812
17 55 2754
17 56 1523
17 57 860
17 58 2802
17 59 1571
17 60 908
17 61 2850
17 62 1619
17 63 956
17 64 2898
17 65 1667
17 66 1004
17 67 2946
17 68 1715
17 69 1052
17 70 2994
17 71 1763
17 72 1100
17 73 2298
18 0 2008
18 1 1201
18 2 1634
18 3 1463
18 4 1448
18 5 1335
18 6 1058
18 7 980
18 8 156
18 9 1006
18 10 1298
18 11 924
18 12 1270
18 13 1674
18 14 1188
18 15 1401
18 16 1913
18 17 954
18 18 0
18 19 1888
18 20 657
18 21 670
18 22 1840
18 23 609
18 24 622
18 25 1888
18 26 657
18 27 670
18 28 1936
18 29 705
18 30 718
18 31 1984
18 32 753
18 33 766
18 34 2032
18 35 801
18 36 814
18 37 2080
18 38 849
18 39 862
18 40 2128
18 41 897
18 42 910
18 43 2176
18 44 945
18 45 958
18 46 2224
18 47 993
18 48 1006
18 49 2272
18 50 1041
18 51 1054
18 52 2320
18 53 1089
18 54 1102
18 55 2368
18 56 1137
18 57 1150
18 58 2416
18 59 1185
18 60 1198
18 61 2464
18 62 1233
18 63 1246
18 64 2512
18 65 1281
18 66 1294
18 67 2560
18 68 1329
18 69 1342
18 70 2608
18 71 1377
18 72 1390
18 73 2008
19 0 120
19 1 1775
19 2 254
19 3 2341
19 4 440
19 5 553
19 6 1632
19 7 1650
19 8 1732
19 9 1580
19 10 1968
19 11 1594
19 12 618
19 13 502
19 14 1944
19 15 775
19 16 455
19 17 2178
19 18 1888
19 19 0
19 20 1231
19 21 2462
19 22 48
19 23 1279
19 24 2510
19 25 96
19 26 1327
19 27 2558
19 28 144
19 29 1375
19 30 2606
19 31 192
19 32 1423
19 33 2654
19 34 240
19 35 1471
19 36 2702
19 37 288
19 38 1519
19 39 2750
19 40 336
19 41 1567
19 42 2798
19 43 384
19 44 1615
19 45 2846
19 46 432
19 47 1663
19 48 2894
19 49 480
19 50 1711
19 51 2942
19 52 528
19 53 1759
19 54 2990
19 55 576
19 56 1807
19 57 3038
19 58 624
19 59 1855
19 60 3086
19 61 672
19 62 1903
19 63 3134
19 64 720
19 65 1951
19 66 3182
19 67 768
19 68 1999
19 69 3230
19 70 816
19 71 2047
19 72 3278
19 73 120
20 0 1351
20 1 544
20 2 1073
20 3 1110
20 4 791
20 5 774
20 6 401
20 7 419
20 8 501
20 9 349
20 10 737
20 11 363
20 12 709
20 13 1113
20 14 713
20 15 840
20 16 1352
20 17 947
20 18 657
20 19 1231
20 20 0
20 21 1231
20 22 1279
20 23 48
20 24 1279
20 25 1327
20 26 96
20 27 1327
20 28 1375
20 29 144
20 30 1375
20 31 1423
20 32 192
20 33 1423
20 34 1471
20 35 240
20 36 1471
20 37 1519
20 38 288
20 39 1519
20 40 1567
20 41 336
20 42 1567
20 43 1615
20 44 384
20 45 1615
20 46 1663
20 47 432
20 48 1663
20 49 1711
20 50 480
20 51 1711
20 52 1759
20 53 528
20 54 1759
20 55 1807
20 56 576
20 57 1807
20 58 1855
20 59 624
20 60 1855
20 61 1903
20 62 672
20 63 1903
20 64 1951
20 65 720
20 66 1951
20 67 1999
20 68 768
20 69 1999
20 70 2047
20 71 816
20 72 2047
20 73 1351
21 0 2582
21 1 687
21 2 2304
21 3 889
21 4 2022
21 5 2005
21 6 830
21 7 1004
21 8 826
21 9 882
21 10 1166
21 11 1156
21 12 1940
21 13 2344
21 14 518
21 15 2071
21 16 2583
21 17 284
21 18 670
21 19 2462
21 20 1231
21 21 0
21 22 2510
21 23 1279
21 24 48
21 25 2558
21 26 1327
21 27 96
21 28 2606
21 29 1375
21 30 144
21 31 2654
21 32 1423
21 33 192
21 34 2702
21 35 1471
21 36 240
21 37 2750
21 38 1519
21 39 288
21 40 2798
21 41 1567
21 42 336
21 43 2846
21 44 1615
21 45 384
21 46 2894
21 47 1663
21 48 432
21 49 2942
21 50 1711
21 51 480
21 52 2990
21 53 1759
21 54 528
21 55 3038
21 56 1807
21 57 576
21 58 3086
21 59 1855
21 60 624
21 61 3134
21 62 1903
21 63 672
21 64 3182
21 65 1951
21 66 720
21 67 3230
21 68 1999
21 69 768
21 70 3278
21 71 2047
21 72 816
21 73 2582
22 0 168
22 1 1823
22 2 206
22 3 2293
22 4 488
22 5 505
22 6 1680
22 7 1602
22 8 1684
22 9 1628
22 10 1920
22 11 1546
22 12 570
22 13 454
22 14 1992
22 15 727
22 16 407
22 17 2226
22 18 1840
22 19 48
22 20 1279
22 21 2510
22 22 0
22 23 1231
22 24 2462
22 25 48
22 26 1279
22 27 2510
22 28 96
22 29 1327
22 30 2558
22 31 144
22 32 1375
22 33 2606
22 34 192
22 35 1423
22 36 2654
22 37 240
22 38 1471
22 39 2702
22 40 288
22 41 1519
22 42 2750
22 43 336
22 44 1567
22 45 2798
22 46 384
22 47 1615
22 48 2846
22 49 432
22 50 1663
22 51 2894
22 52 480
22 53 1711
22 54 2942
22 55 528
22 56 1759
22 57 2990
22 58 576
22 59 1807
22 60 3038
22 61 624
22 62 1855
22 63 3086
22 64 672
22 65 1903
22 66 3134
22 67 720
22 68 1951
22 69 3182
22 70 768
22 71 1999
22 72 3230
22 73 168
23 0 1399
23 1 592
23 2 1025
23 3 1062
23 4 839
23 5 726
23 6 449
23 7 371
23 8 453
23 9 397
23 10 689
23 11 315
23 12 661
23 13 1065
23 14 761
23 15 792
23 16 1304
23 17 995
23 18 609
23 19 1279
23 20 48
23 21 1279
23 22 1231
23 23 0
23 24 1231
23 25 1279
23 26 48
23 27 1279
23 28 1327
23 29 96
23 30 1327
23 31 1375
23 32 144
23 33 1375
23 34 1423
23 35 192
23 36 1423
23 37 1471
23 38 240
23 39 1471
23 40 1519
23 41 288
23 42 1519
23 43 1567
23 44 336
23 45 1567
23 46 1615
23 47 384
23 48 1615
23 49 1663
23 50 432
23 51 1663
23 52 1711
23 53 480
23 54 1711
23 55 1759
23 56 528
23 57 1759
23 58 1807
23 59 576
23 60 1807
23 61 1855
23 62 624
23 63 1855
23 64 1903
23 65 672
23 66 1903
23 67 1951
23 68 720
23 69 1951
23 70 1999
23 71 768
23 72 1999
23 73 1399
24 0 2630
24 1 735
24 2 2256
24 3 841
24 4 2070
24 5 1957
24 6 878
24 7 956
24 8 778
24 9 930
24 10 1118
24 11 1108
24 12 1892
24 13 2296
24 14 566
24 15 2023
24 16 2535
24 17 332
24 18 622
24 19 2510
24 20 1279
24 21 48
24 22 2462
24 23 1231
24 24 0
24 25 2510
24 26 1279
24 27 48
24 28 2558
24 29 1327
24 30 96
24 31 2606
24 32 1375
24 33 144
24 34 2654
24 35 1423
24 36 192
24 37 2702
24 38 1471
24 39 240
24 40 2750
24 41 1519
24 42 288
24 43 2798
24 44 1567
24 45 336
24 46 2846
24 47 1615
24 48 384
24 49 2894
24 50 1663
24 51 432
24 52 2942
24 53 1711
24 54 480
24 55 2990
24 56 1759
24 57 528
24 58 3038
24 59 1807
24 60 576
24 61 3086
24 62 1855
24 63 624
24 64 3134
24 65 1903
24 66 672
24 67 3182
24 68 1951
24 69 720
24 70 3230
24 71 1999
24 72 768
24 73 2630
25 0 216
25 1 1871
25 2 254
25 3 2245
25 4 536
25 5 553
25 6 1728
25 7 1554
25 8 1732
25 9 1676
25 10 1872
25 11 1498
25 12 618
25 13 406
25 14 2040
25 15 679
25 16 359
25 17 2274
25 18 1888
25 19 96
25 20 1327
25 21 2558
25 22 48
25 23 1279
25 24 2510
25 25 0
25 26 1231
25 27 2462
25 28 48
25 29 1279
25 30 2510
25 31 96
25 32 1327
25 33 2558
25 34 144
25 35 1375
25 36 2606
25 37 192
25 38 1423
25 39 2654
25 40 240
25 41 1471
25 42 2702
25 43 288
25 44 1519
25 45 2750
25 46 336
25 47 1567
25 48 2798
25 49 384
25 50 1615
25 51 2846
25 52 432
25 53 1663
25 54 2894
25 55 480
25 56 1711
25 57 2942
25 58 528
25 59 1759
25 60 2990
25 61 576
25 62 1807
25 63 3038
25 64 624
25 65 1855
25 66 3086
25 67 672
25 68 1903
25 69 3134
25 70 720
25 71 1951
25 72 3182
25 73 216
26 0 1447
26 1 640
26 2 1073
26 3 1014
26 4 887
26 5 774
26 6 497
26 7 323
26 8 501
26 9 445
26 10 641
26 11 267
26 12 709
26 13 1017
26 14 809
26 15 744
26 16 1256
26 17 1043
26 18 657
26 19 1327
26 20 96
26 21 1327
26 22 1279
26 23 48
26 24 1279
26 25 1231
26 26 0
26 27 1231
26 28 1279
26 29 48
26 30 1279
26 31 1327
26 32 96
26 33 1327
26 34 1375
26 35 144
26 36 1375
26 37 1423
26 38 192
26 39 1423
26 40 1471
26 41 240
26 42 1471
26 43 1519
26 44 288
26 45 1519
26 46 1567
26 47 336
26 48 1567
26 49 1615
26 50 384
26 51 1615
26 52 1663
26 53 432
26 54 1663
26 55 1711
26 56 480
26 57 1711
26 58 1759
26 59 528
26 60 1759
26 61 1807
26 62 576
26 63 1807
26 64 1855
26 65 624
26 66 1855
26 67 1903
26 68 672
26 69 1903
26 70 1951
26 71 720
26 72 1951
26 73 1447
27 0 2678
27 1 783
27 2 2304
27 3 793
27 4 2118
27 5 2005
27 6 926
27 7 908
27 8 826
27 9 978
27 10 1070
27 11 1060
27 12 1940
27 13 2248
27 14 614
27 15 1975
27 16 2487
27 17 380
27 18 670
27 19 2558
27 20 1327
27 21 96
27 22 2510
27 23 1279
27 24 48
27 25 2462
27 26 1231
27 27 0
27 28 2510
27 29 1279
27 30 48
27 31 2558
27 32 1327
27 33 96
27 34 2606
27 35 1375
27 36 144
27 37 2654
27 38 1423
27 39 192
27 40 2702
27 41 1471
27 42 240
27 43 2750
27 44 1519
27 45 288
27 46 2798
27 47 1567
27 48 336
27 49 2846
27 50 1615
27 51 384
27 52 2894
27 53 1663
27 54 432
27 55 2942
27 56 1711
27 57 480
27 58 2990
27 59 1759
27 60 528
27 61 3038
27 62 1807
27 63 576
27 64 3086
27 65 1855
27 66 624
27 67 3134
27 68 1903
27 69 672
27 70 3182
27 71 1951
27 72 720
27 73 2678
28 0 264
28 1 1919
28 2 302
28 3 2197
28 4 584
28 5 601
28 6 1776
28 7 1602
28 8 1780
28 9 1724
28 10 1824
28 11 1450
28 12 666
28 13 358
28 14 2088
28 15 631
28 16 311
28 17 2322
28 18 1936
28 19 144
28 20 1375
28 21 2606
28 22 96
28 23 1327
28 24 2558
28 25 48
28 26 1279
28 27 2510
28 28 0
28 29 1231
28 30 2462
28 31 48
28 32 1279
28 33 2510
28 34 96
28 35 1327
28 36 2558
28 37 144
28 38 1375
28 39 2606
28 40 192
28 41 1423
28 42 2654
28 43 240
28 44 1471
28 45 2702
28 46 288
28 47 1519
28 48 2750
28 49 336
28 50 1567
28 51 2798
28 52 384
28 53 1615
28 54 2846
28 55 432
28 56 1663
28 57 2894
28 58 480
28 59 1711
28 60 2942
28 61 528
28 62 1759
28 63 2990
28 64 576
28 65 1807
28 66 3038
28 67 624
28 68 1855
28 69 3086
28 70 672
28 71 1903
28 72 3134
28 73 264
29 0 1495
29 1 688
29 2 1121
29 3 966
29 4 935
29 5 822
29 6 545
29 7 371
29 8 549
29 9 493
29 10 593
29 11 219
29 12 757
29 13 969
29 14 857
29 15 696
29 16 1208
29 17 1091
29 18 705
29 19 1375
29 20 144
29 21 1375
29 22 1327
29 23 96
29 24 1327
29 25 1279
29 26 48
29 27 1279
29 28 1231
29 29 0
29 30 1231
29 31 1279
29 32 48
29 33 1279
29 34 1327
29 35 96
29 36 1327
29 37 1375
29 38 144
29 39 1375
29 40 1423
29 41 192
29 42 1423
29 43 1471
29 44 240
29 45 1471
29 46 1519
29 47 288
29 48 1519
29 49 1567
29 50 336
29 51 1567
29 52 1615
29 53 384
29 54 1615
29 55 1663
29 56 432
29 57 1663
29 58 1711
29 59 480
29 60 1711
29 61 1759
29 62 528
29 63 1759
29 64 1807
29 65 576
29 66 1807
29 67 1855
29 68 624
29 69 1855
29 70 1903
29 71 672
29 72 1903
29 73 1495
30 0 2726
30 1 831
30 2 2352
30 3 745
30 4 2166
30 5 2053
30 6 974
30 7 956
30 8 874
30 9 1026
30 10 1022
30 11 1012
30 12 1988
30 13 2200
30 14 662
30 15 1927
30 16 2439
30 17 428
30 18 718
30 19 2606
30 20 1375
30 21 144
30 22 2558
30 23 1327
30 24 96
30 25 2510
30 26 1279
30 27 48
30 28 2462
30 29 1231
30 30 0
30 31 2510
30 32 1279
30 33 48
30 34 2558
30 35 1327
30 36 96
30 37 2606
30 38 1375
30 39 144
30 40 2654
30 41 1423
30 42 192
30 43 2702
30 44 1471
30 45 240
30 46 2750
30 47 1519
30 48 288
30 49 2798
30 50 1567
30 51 336
30 52 2846
30 53 1615
30 54 384
30 55 2894
30 56 1663
30 57 432
30 58 2942
30 59 1711
30 60 480
30 61 2990
30 62 1759
30 63 528
30 64 3038
30 65 1807
30 66 576
30 67 3086
30 68 1855
30 69 624
30 70 3134
30 71 1903
30 72 672
30 73 2726
31 0 312
31 1 1967
31 2 350
31 3 2149
31 4 632
31 5 649
31 6 1824
31 7 1650
31 8 1828
31 9 1772
31 10 1776
31 11 1498
31 12 714
31 13 310
31 14 2136
31 15 583
31 16 263
31 17 2370
31 18 1984
31 19 192
31 20 1423
31 21 2654
31 22 144
31 23 1375
31 24 2606
31 25 96
31 26 1327
31 27 2558
31 28 48
31 29 1279
31 30 2510
31 31 0
31 32 1231
31 33 2462
31 34 48
31 35 1279
31 36 2510
31 37 96
31 38 1327
31 39 2558
31 40 144
31 41 1375
31 42 2606
31 43 192
31 44 1423
31 45 2654
31 46 240
31 47 1471
31 48 2702
31 49 288
31 50 1519
31 51 2750
31 52 336
31 53 1567
31 54 2798
31 55 384
31 56 1615
31 57 2846
31 58 432
31 59 1663
31 60 2894
31 61 480
31 62 1711
31 63 2942
31 64 528
31 65 1759
31 66 2990
31 67 576
31 68 1807
31 69 3038
31 70 624
31 71 1855
31 72 3086
31 73 312
32 0 1543
32 1 736
32 2 1169
32 3 918
32 4 983
32 5 870
32 6 593
32 7 419
32 8 597
32 9 541
32 10 545
32 11 267
32 12 805
32 13 921
32 14 905
32 15 648
32 16 1160
32 17 1139
32 18 753
32 19 1423
32 20 192
32 21 1423
32 22 1375
32 23 144
32 24 1375
32 25 1327
32 26 96
32 27 1327
32 28 1279
32 29 48
32 30 1279
32 31 1231
32 32 0
32 33 1231
32 34 1279
32 35 48
32 36 1279
32 37 1327
32 38 96
32 39 1327
32 40 1375
32 41 144
32 42 1375
32 43 1423
32 44 192
32 45 1423
32 46 1471
32 47 240
32 48 1471
32 49 1519
32 50 288
32 51 1519
32 52 1567
32 53 336
32 54 1567
32 55 1615
32 56 384
32 57 1615
32 58 1663
32 59 432
32 60 1663
32 61 1711
32 62 480
32 63 1711
32 64 1759
32 65 528
32 66 1759
32 67 1807
32 68 576
32 69 1807
32 70 1855
32 71 624
32 72 1855
32 73 1543
33 0 2774
33 1 879
33 2 2400
33 3 697
33 4 2214
33 5 2101
33 6 1022
33 7 1004
33 8 922
33 9 1074
33 10 974
33 11 1060
33 12 2036
33 13 2152
33 14 710
33 15 1879
33 16 2391
33 17 476
33 18 766
33 19 2654
33 20 1423
33 21 192
33 22 2606
33 23 1375
33 24 144
33 25 2558
33 26 1327
33 27 96
33 28 2510
33 29 1279
33 30 48
33 31 2462
33 32 1231
33 33 0
33 34 2510
33 35 1279
33 36 48
33 37 2558
33 38 1327
33 39 96
33 40 2606
33 41 1375
33 42 144
33 43 2654
33 44 1423
33 45 192
33 46 2702
33 47 1471
33 48 240
33 49 2750
33 50 1519
33 51 288
33 52 2798
33 53 1567
33 54 336
33 55 2846
33 56 1615
33 57 384
33 58 2894
33 59 1663
33 60 432
33 61 2942
33 62 1711
33 63 480
33 64 2990
33 65 1759
33 66 528
33 67 3038
33 68 1807
33 69 576
33 70 3086
33 71 1855
33 72 624
33 73 2774
34 0 360
34 1 2015
34 2 398
34 3 2101
34 4 680
34 5 697
34 6 1872
34 7 1698
34 8 1876
34 9 1820
34 10 1728
34 11 1546
34 12 762
34 13 358
34 14 2184
34 15 631
34 16 215
34 17 2418
34 18 2032
34 19 240
34 20 1471
34 21 2702
34 22 192
34 23 1423
34 24 2654
34 25 144
34 26 1375
34 27 2606
34 28 96
34 29 1327
34 30 2558
34 31 48
34 32 1279
34 33 2510
34 34 0
34 35 1231
34 36 2462
34 37 48
34 38 1279
34 39 2510
34 40 96
34 41 1327
34 42 2558
34 43 144
34 44 1375
34 45 2606
34 46 192
34 47 1423
34 48 2654
34 49 240
34 50 1471
34 51 2702
34 52 288
34 53 1519
34 54 2750
34 55 336
34 56 1567
34 57 2798
34 58 384
34 59 1615
34 60 2846
34 61 432
34 62 1663
34 63 2894
34 64 480
34 65 1711
34 66 2942
34 67 528
34 68 1759
34 69 2990
34 70 576
34 71 1807
34 72 3038
34 73 360
35 0 1591
35 1 784
35 2 1217
35 3 870
35 4 1031
35 5 918
35 6 641
35 7 467
35 8 645
35 9 589
35 10 497
35 11 315
35 12 853
35 13 969
35 14 953
35 15 696
35 16 1112
35 17 1187
35 18 801
35 19 1471
35 20 240
35 21 1471
35 22 1423
35 23 192
35 24 1423
35 25 1375
35 26 144
35 27 1375
35 28 1327
35 29 96
35 30 1327
35 31 1279
35 32 48
35 33 1279
35 34 1231
35 35 0
35 36 1231
35 37 1279
35 38 48
35 39 1279
35 40 1327
35 41 96
35 42 1327
35 43 1375
35 44 144
35 45 1375
35 46 1423
35 47 192
35 48 1423
35 49 1471
35 50 240
35 51 1471
35 52 1519
35 53 288
35 54 1519
35 55 1567
35 56 336
35 57 1567
35 58 1615
35 59 384
35 60 1615
35 61 1663
35 62 432
35 63 1663
35 64 1711
35 65 480
35 66 1711
35 67 1759
35 68 528
35 69 1759
35 70 1807
35 71 576
35 72 1807
35 73 1591
36 0 2822
36 1 927
36 2 2448
36 3 649
36 4 2262
36 5 2149
36 6 1070
36 7 1052
36 8 970
36 9 1122
36 10 926
36 11 1108
36 12 2084
36 13 2200
36 14 758
36 15 1927
36 16 2343
36 17 524
36 18 814
36 19 2702
36 20 1471
36 21 240
36 22 2654
36 23 1423
36 24 192
36 25 2606
36 26 1375
36 27 144
36 28 2558
36 29 1327
36 30 96
36 31 2510
36 32 1279
36 33 48
36 34 2462
36 35 1231
36 36 0
36 37 2510
36 38 1279
36 39 48
36 40 2558
36 41 1327
36 42 96
36 43 2606
36 44 1375
36 45 144
36 46 2654
36 47 1423
36 48 192
36 49 2702
36 50 1471
36 51 240
36 52 2750
36 53 1519
36 54 288
36 55 2798
36 56 1567
36 57 336
36 58 2846
36 59 1615
36 60 384
36 61 2894
36 62 1663
36 63 432
36 64 2942
36 65 1711
36 66 480
36 67 2990
36 68 1759
36 69 528
36 70 3038
36 71 1807
36 72 576
36 73 2822
37 0 408
37 1 2063
37 2 446
37 3 2053
37 4 728
37 5 745
37 6 1920
37 7 1746
37 8 1924
37 9 1868
37 10 1680
37 11 1594
37 12 810
37 13 406
37 14 2232
37 15 679
37 16 167
37 17 2466
37 18 2080
37 19 288
37 20 1519
37 21 2750
37 22 240
37 23 1471
37 24 2702
37 25 192
37 26 1423
37 27 2654
37 28 144
37 29 1375
37 30 2606
37 31 96
37 32 1327
37 33 2558
37 34 48
37 35 1279
37 36 2510
37 37 0
37 38 1231
37 39 2462
37 40 48
37 41 1279
37 42 2510
37 43 96
37 44 1327
37 45 2558
37 46 144
37 47 1375
37 48 2606
37 49 192
37 50 1423
37 51 2654
37 52 240
37 53 1471
37 54 2702
37 55 288
37 56 1519
37 57 2750
37 58 336
37 59 1567
37 60 2798
37 61 384
37 62 1615
37 63 2846
37 64 432
37 65 1663
37 66 2894
37 67 480
37 68 1711
37 69 2942
37 70 528
37 71 1759
37 72 2990
37 73 408
38 0 1639
38 1 832
38 2 1265
38 3 822
38 4 1079
38 5 966
38 6 689
38 7 515
38 8 693
38 9 637
38 10 449
38 11 363
38 12 901
38 13 1017
38 14 1001
38 15 744
38 16 1064
38 17 1235
38 18 849
38 19 1519
38 20 288
38 21 1519
38 22 1471
38 23 240
38 24 1471
38 25 1423
38 26 192
38 27 1423
38 28 1375
38 29 144
38 30 1375
38 31 1327
38 32 96
38 33 1327
38 34 1279
38 35 48
38 36 1279
38 37 1231
38 38 0
38 39 1231
38 40 1279
38 41 48
38 42 1279
38 43 1327
38 44 96
38 45 1327
38 46 1375
38 47 144
38 48 1375
38 49 1423
38 50 192
38 51 1423
38 52 1471
38 53 240
38 54 1471
38 55 1519
38 56 288
38 57 1519
38 58 1567
38 59 336
38 60 1567
38 61 1615
38 62 384
38 63 1615
38 64 1663
38 65 432
38 66 1663
38 67 1711
38 68 480
38 69 1711
38 70 1759
38 71 528
38 72 1759
38 73 1639
39 0 2870
39 1 975
39 2 2496
39 3 601
39 4 2310
39 5 2197
39 6 1118
39 7 1100
39 8 1018
39 9 1170
39 10 878
39 11 1156
39 12 2132
39 13 2248
39 14 806
39 15 1975
39 16 2295
39 17 572
39 18 862
39 19 2750
39 20 1519
39 21 288
39 22 2702
39 23 1471
39 24 240
39 25 2654
39 26 1423
39 27 192
39 28 2606
39 29 1375
39 30 144
39 31 2558
39 32 1327
39 33 96
39 34 2510
39 35 1279
39 36 48
39 37 2462
39 38 1231
39 39 0
39 40 2510
39 41 1279
39 42 48
39 43 2558
39 44 1327
39 45 96
39 46 2606
39 47 1375
39 48 144
39 49 2654
39 50 1423
39 51 192
39 52 2702
39 53 1471
39 54 240
39 55 2750
39 56 1519
39 57 288
39 58 2798
39 59 1567
39 60 336
39 61 2846
39 62 1615
39 63 384
39 64 2894
39 65 1663
39 66 432
39 67 2942
39 68 1711
39 69 480
39 70 2990
39 71 1759
39 72 528
39 73 2870
40 0 456
40 1 2111
40 2 494
40 3 2005
40 4 776
40 5 793
40 6 1968
40 7 1794
40 8 1972
40 9 1916
40 10 1632
40 11 1642
40 12 858
40 13 454
40 14 2280
40 15 727
40 16 215
40 17 2514
40 18 2128
40 19 336
40 20 1567
40 21 2798
40 22 288
40 23 1519
40 24 2750
40 25 240
40 26 1471
40 27 2702
40 28 192
40 29 1423
40 30 2654
40 31 144
40 32 1375
40 33 2606
40 34 96
40 35 1327
40 36 2558
40 37 48
40 38 1279
40 39 2510
40 40 0
40 41 1231
40 42 2462
40 43 48
40 44 1279
40 45 2510
40 46 96
40 47 1327
40 48 2558
40 49 144
40 50 1375
40 51 2606
40 52 192
40 53 1423
40 54 2654
40 55 240
40 56 1471
40 57 2702
40 58 288
40 59 1519
40 60 2750
40 61 336
40 62 1567
40 63 2798
40 64 384
40 65 1615
40 66 2846
40 67 432
40 68 1663
40 69 2894
40 70 480
40 71 1711
40 72 2942
40 73 456
41 0 1687
41 1 880
41 2 1313
41 3 774
41 4 1127
41 5 1014
41 6 737
41 7 563
41 8 741
41 9 685
41 10 401
41 11 411
41 12 949
41 13 1065
41 14 1049
41 15 792
41 16 1112
41 17 1283
41 18 897
41 19 1567
41 20 336
41 21 1567
41 22 1519
41 23 288
41 24 1519
41 25 1471
41 26 240
41 27 1471
41 28 1423
41 29 192
41 30 1423
41 31 1375
41 32 144
41 33 1375
41 34 1327
41 35 96
41 36 1327
41 37 1279
41 38 48
41 39 1279
41 40 1231
41 41 0
41 42 1231
41 43 1279
41 44 48
41 45 1279
41 46 1327
41 47 96
41 48 1327
41 49 1375
41 50 144
41 51 1375
41 52 1423
41 53 192
41 54 1423
41 55 1471
41 56 240
41 57 1471
41 58 1519
41 59 288
41 60 1519
41 61 1567
41 62 336
41 63 1567
41 64 1615
41 65 384
41 66 1615
41 67 1663
41 68 432
41 69 1663
41 70 1711
41 71 480
41 72 1711
41 73 1687
42 0 2918
42 1 1023
42 2 2544
42 3 553
42 4 2358
42 5 2245
42 6 1166
42 7 1148
42 8 1066
42 9 1218
42 10 830
42 11 1204
42 12 2180
42 13 2296
42 14 854
42 15 2023
42 16 2343
42 17 620
42 18 910
42 19 2798
42 20 1567
42 21 336
42 22 2750
42 23 1519
42 24 288
42 25 2702
42 26 1471
42 27 240
42 28 2654
42 29 1423
42 30 192
42 31 2606
42 32 1375
42 33 144
42 34 2558
42 35 1327
42 36 96
42 37 2510
42 38 1279
42 39 48
42 40 2462
42 41 1231
42 42 0
42 43 2510
42 44 1279
42 45 48
42 46 2558
42 47 1327
42 48 96
42 49 2606
42 50 1375
42 51 144
42 52 2654
42 53 1423
42 54 192
42 55 2702
42 56 1471
42 57 240
42 58 2750
42 59 1519
42 60 288
42 61 2798
42 62 1567
42 63 336
42 64 2846
42 65 1615
42 66 384
42 67 2894
42 68 1663
42 69 432
42 70 2942
42 71 1711
42 72 480
42 73 2918
43 0 504
43 1 2159
43 2 542
43 3 1957
43 4 824
43 5 841
43 6 2016
43 7 1842
43 8 2020
43 9 1964
43 10 1680
43 11 1690
43 12 906
43 13 502
43 14 2328
43 15 775
43 16 263
43 17 2562
43 18 2176
43 19 384
43 20 1615
43 21 2846
43 22 336
43 23 1567
43 24 2798
43 25 288
43 26 1519
43 27 2750
43 28 240
43 29 1471
43 30 2702
43 31 192
43 32 1423
43 33 2654
43 34 144
43 35 1375
43 36 2606
43 37 96
43 38 1327
43 39 2558
43 40 48
43 41 1279
43 42 2510
43 43 0
43 44 1231
43 45 2462
43 46 48
43 47 1279
43 48 2510
43 49 96
43 50 1327
43 51 2558
43 52 144
43 53 1375
43 54 2606
43 55 192
43 56 1423
43 57 2654
43 58 240
43 59 1471
43 60 2702
43 61 288
43 62 1519
43 63 2750
43 64 336
43 65 1567
43 66 2798
43 67 384
43 68 1615
43 69 2846
43 70 432
43 71 1663
43 72 2894
43 73 504
44 0 1735
44 1 928
44 2 1361
44 3 726
44 4 1175
44 5 1062
44 6 785
44 7 611
44 8 789
44 9 733
44 10 449
44 11 459
44 12 997
44 13 1113
44 14 1097
44 15 840
44 16 1160
44 17 1331
44 18 945
44 19 1615
44 20 384
44 21 1615
44 22 1567
44 23 336
44 24 1567
44 25 1519
44 26 288
44 27 1519
44 28 1471
44 29 240
44 30 1471
44 31 1423
44 32 192
44 33 1423
44 34 1375
44 35 144
44 36 1375
44 37 1327
44 38 96
44 39 1327
44 40 1279
44 41 48
44 42 1279
44 43 1231
44 44 0
44 45 1231
44 46 1279
44 47 48
44 48 1279
44 49 1327
44 50 96
44 51 1327
44 52 1375
44 53 144
44 54 1375
44 55 1423
44 56 192
44 57 1423
44 58 1471
44 59 240
44 60 1471
44 61 1519
44 62 288
44 63 1519
44 64 1567
44 65 336
44 66 1567
44 67 1615
44 68 384
44 69 1615
44 70 1663
44 71 432
44 72 1663
44 73 1735
45 0 2966
45 1 1071
45 2 2592
45 3 505
45 4 2406
45 5 2293
45 6 1214
45 7 1196
45 8 1114
45 9 1266
45 10 878
45 11 1252
45 12 2228
45 13 2344
45 14 902
45 15 2071
45 16 2391
45 17 668
45 18 958
45 19 2846
45 20 1615
45 21 384
45 22 2798
45 23 1567
45 24 336
45 25 2750
45 26 1519
45 27 288
45 28 2702
45 29 1471
45 30 240
45 31 2654
45 32 1423
45 33 192
45 34 2606
45 35 1375
45 36 144
45 37 2558
45 38 1327
45 39 96
45 40 2510
45 41 1279
45 42 48
45 43 2462
45 44 1231
45 45 0
45 46 2510
45 47 1279
45 48 48
45 49 2558
45 50 1327
45 51 96
45 52 2606
45 53 1375
45 54 144
45 55 2654
45 56 1423
45 57 192
45 58 2702
45 59 1471
45 60 240
45 61 2750
45 62 1519
45 63 288
45 64 2798
45 65 1567
45 66 336
45 67 2846
45 68 1615
45 69 384
45 70 2894
45 71 1663
45 72 432
45 73 2966
46 0 552
46 1 2207
46 2 590
46 3 2005
46 4 872
46 5 889
46 6 2064
46 7 1890
46 8 2068
46 9 2012
46 10 1728
46 11 1738
46 12 954
46 13 550
46 14 2376
46 15 823
46 16 311
46 17 2610
46 18 2224
46 19 432
46 20 1663
46 21 2894
46 22 384
46 23 1615
46 24 2846
46 25 336
46 26 1567
46 27 2798
46 28 288
46 29 1519
46 30 2750
46 31 240
46 32 1471
46 33 2702
46 34 192
46 35 1423
46 36 2654
46 37 144
46 38 1375
46 39 2606
46 40 96
46 41 1327
46 42 2558
46 43 48
46 44 1279
46 45 2510
46 46 0
46 47 1231
46 48 2462
46 49 48
46 50 1279
46 51 2510
46 52 96
46 53 1327
46 54 2558
46 55 144
46 56 1375
46 57 2606
46 58 192
46 59 1423
46 60 2654
46 61 240
46 62 1471
46 63 2702
46 64 288
46 65 1519
46 66 2750
46 67 336
46 68 1567
46 69 2798
46 70 384
46 71 1615
46 72 2846
46 73 552
47 0 1783
47 1 976
47 2 1409
47 3 774
47 4 1223
47 5 1110
47 6 833
47 7 659
47 8 837
47 9 781
47 10 497
47 11 507
47 12 1045
47 13 1161
47 14 1145
47 15 888
47 16 1208
47 17 1379
47 18 993
47 19 1663
47 20 432
47 21 1663
47 22 1615
47 23 384
47 24 1615
47 25 1567
47 26 336
47 27 1567
47 28 1519
47 29 288
47 30 1519
47 31 1471
47 32 240
47 33 1471
47 34 1423
47 35 192
47 36 1423
47 37 1375
47 38 144
47 39 1375
47 40 1327
47 41 96
47 42 1327
47 43 1279
47 44 48
47 45 1279
47 46 1231
47 47 0
47 48 1231
47 49 1279
47 50 48
47 51 1279
47 52 1327
47 53 96
47 54 1327
47 55 1375
47 56 144
47 57 1375
47 58 1423
47 59 192
47 60 1423
47 61 1471
47 62 240
47 63 1471
47 64 1519
47 65 288
47 66 1519
47 67 1567
47 68 336
47 69 1567
47 70 1615
47 71 384
47 72 1615
47 73 1783
48 0 3014
48 1 1119
48 2 2640
48 3 553
48 4 2454
48 5 2341
48 6 1262
48 7 1244
48 8 1162
48 9 1314
48 10 926
48 11 1300
48 12 2276
48 13 2392
48 14 950
48 15 2119
48 16 2439
48 17 716
48 18 1006
48 19 2894
48 20 1663
48 21 432
48 22 2846
48 23 1615
48 24 384
48 25 2798
48 26 1567
48 27 336
48 28 2750
48 29 1519
48 30 288
48 31 2702
48 32 1471
48 33 240
48 34 2654
48 35 1423
48 36 192
48 37 2606
48 38 1375
48 39 144
48 40 2558
48 41 1327
48 42 96
48 43 2510
48 44 1279
48 45 48
48 46 2462
48 47 1231
48 48 0
48 49 2510
48 50 1279
48 51 48
48 52 2558
48 53 1327
48 54 96
48 55 2606
48 56 1375
48 57 144
48 58 2654
48 59 1423
48 60 192
48 61 2702
48 62 1471
48 63 240
48 64 2750
48 65 1519
48 66 288
48 67 2798
48 68 1567
48 69 336
48 70 2846
48 71 1615
48 72 384
48 73 3014
49 0 600
49 1 2255
49 2 638
49 3 2053
49 4 920
49 5 937
49 6 2112
49 7 1938
49 8 2116
49 9 2060
49 10 1776
49 11 1786
