//alpha
1
//NbLocations
66
//NbProducts
29
//NbPickers
2
//CapaPicker
4
//TimeToTravelOneDistanceUnit
3
//SetupTime
5400
//PickTime
300
//Products
//Idx Location Size
1 1 1
2 2 1
3 3 1
4 4 1
5 5 1
6 6 1
7 7 1
8 8 1
9 9 1
10 10 1
11 11 1
12 12 1
13 13 1
14 14 1
15 15 1
16 16 1
17 17 1
18 18 1
19 19 1
20 20 1
21 21 1
22 22 1
23 23 1
24 24 1
25 25 1
26 26 1
27 27 1
28 28 1
29 29 1
//Orders
//NbOrders
18
//Idx DueDate TardinessPenalty NbProdInOrder ProdIdx1 Qty1 ProdIdx2 Qty2 ...
1 54000 0 1 1 1
2 90000 0 1 2 1
3 72000 0 1 3 1
4 72000 0 2 4 1 5 1
5 90000 0 1 6 1
6 108000 0 1 7 1
7 36000 0 2 8 1 9 1
8 54000 0 3 10 1 11 1 12 1
9 126000 0 2 13 1 14 1
10 72000 0 3 15 1 16 1 17 1
11 90000 0 2 18 1 19 1
12 126000 0 1 20 1
13 72000 0 1 21 1
14 36000 0 1 22 1
15 72000 0 1 23 1
16 72000 0 1 24 1
17 90000 0 2 25 1 26 1
18 36000 0 3 27 1 28 1 29 1
//Graph (Products are vertices indexed from 1 to NbProducts)
//NbVerticesIntersections
36
//DepartingDepot
0
//ArrivalDepot
66
//Arcs
//Start End Distance
0 30 120
1 3 0
1 6 195
2 28 117
2 35 76
3 1 0
3 8 65
4 63 557
4 64 284
5 23 39
5 34 258
6 1 195
6 31 232
7 13 65
7 27 104
8 3 65
8 13 52
9 20 156
9 42 102
10 29 143
10 44 115
11 46 37
11 47 804
12 45 180
12 46 661
13 7 65
13 8 52
14 27 91
14 32 37
15 21 130
15 22 494
16 29 546
16 43 37
17 25 104
17 36 362
18 58 115
18 59 726
19 61 583
19 62 258
20 9 156
20 43 583
21 15 130
21 30 89
22 15 494
22 31 128
23 5 39
23 33 544
24 37 570
24 38 271
25 17 104
25 37 375
26 28 182
26 34 466
27 7 104
27 14 91
28 2 117
28 26 182
29 10 143
29 16 546
30 21 89
30 33 48
30 66 120
31 6 232
31 22 128
31 34 48
32 14 37
32 35 48
33 23 544
33 30 48
33 36 48
34 5 258
34 26 466
34 31 48
34 37 48
35 2 76
35 32 48
35 38 48
36 17 362
36 33 48
36 39 48
37 24 570
37 25 375
37 34 48
37 40 48
38 24 271
38 35 48
38 41 48
39 36 48
39 40 841
39 42 48
40 37 48
40 39 841
40 41 841
40 43 48
41 38 48
41 40 841
41 44 48
42 9 102
42 39 48
42 45 48
43 16 37
43 20 583
43 40 48
43 46 48
44 10 115
44 41 48
44 47 48
45 12 180
45 42 48
45 48 48
46 11 37
46 12 661
46 43 48
46 49 48
47 11 804
47 44 48
47 50 48
48 45 48
48 49 841
48 51 48
49 46 48
49 48 841
49 50 841
49 52 48
50 47 48
50 49 841
50 53 48
51 48 48
51 52 841
51 54 48
52 49 48
52 51 841
52 53 841
52 55 48
53 50 48
53 52 841
53 56 48
54 51 48
54 55 841
54 57 48
55 52 48
55 54 841
55 56 841
55 58 48
56 53 48
56 55 841
56 59 48
57 54 48
57 58 841
57 60 48
58 18 115
58 55 48
58 57 841
58 61 48
59 18 726
59 56 48
59 62 48
60 57 48
60 61 841
60 63 48
61 19 583
61 58 48
61 60 841
61 64 48
62 19 258
62 59 48
62 65 48
63 4 557
63 60 48
64 4 284
64 61 48
64 65 841
65 62 48
65 64 841
//LocStart LocEnd ShortestPath
0 0 0
0 1 1388
0 2 1774
0 3 1388
0 4 1205
0 5 751
0 6 1193
0 7 1570
0 8 1453
0 9 414
0 10 1879
0 11 1238
0 12 540
0 13 1505
0 14 1765
0 15 339
0 16 1190
0 17 578
0 18 1508
0 19 2024
0 20 570
0 21 209
0 22 833
0 23 712
0 24 1627
0 25 682
0 26 1475
0 27 1674
0 28 1657
0 29 1736
0 30 120
0 31 961
0 32 1802
0 33 168
0 34 1009
0 35 1850
0 36 216
0 37 1057
0 38 1898
0 39 264
0 40 1105
0 41 1946
0 42 312
0 43 1153
0 44 1994
0 45 360
0 46 1201
0 47 2042
0 48 408
0 49 1249
0 50 2090
0 51 456
0 52 1297
0 53 2138
0 54 504
0 55 1345
0 56 2186
0 57 552
0 58 1393
0 59 2234
0 60 600
0 61 1441
0 62 2282
0 63 648
0 64 1489
0 65 2330
0 66 0
1 0 1388
1 1 0
1 2 538
1 3 0
1 4 1239
1 5 733
1 6 195
1 7 182
1 8 65
1 9 1358
1 10 721
1 11 704
1 12 1328
1 13 117
1 14 377
1 15 1049
1 16 656
1 17 1002
1 18 974
1 19 1152
1 20 1202
1 21 1179
1 22 555
1 23 772
1 24 781
1 25 898
1 26 837
1 27 286
1 28 655
1 29 864
1 30 1268
1 31 427
1 32 414
1 33 1316
1 34 475
1 35 462
1 36 1364
1 37 523
1 38 510
1 39 1412
1 40 571
1 41 558
1 42 1460
1 43 619
1 44 606
1 45 1508
1 46 667
1 47 654
1 48 1556
1 49 715
1 50 702
1 51 1604
1 52 763
1 53 750
1 54 1652
1 55 811
1 56 798
1 57 1700
1 58 859
1 59 846
1 60 1748
1 61 907
1 62 894
1 63 1796
1 64 955
1 65 942
1 66 1388
2 0 1774
2 1 538
2 2 0
2 3 538
2 4 1529
2 5 1023
2 6 733
2 7 356
2 8 473
2 9 1648
2 10 335
2 11 994
2 12 1618
2 13 421
2 14 161
2 15 1435
2 16 946
2 17 1292
2 18 1186
2 19 766
2 20 1492
2 21 1565
2 22 941
2 23 1062
2 24 395
2 25 1188
2 26 299
2 27 252
2 28 117
2 29 478
2 30 1654
2 31 813
2 32 124
2 33 1606
2 34 765
2 35 76
2 36 1654
2 37 813
2 38 124
2 39 1702
2 40 861
2 41 172
2 42 1750
2 43 909
2 44 220
2 45 1798
2 46 957
2 47 268
2 48 1846
2 49 1005
2 50 316
2 51 1894
2 52 1053
2 53 364
2 54 1942
2 55 1101
2 56 412
2 57 1990
2 58 1149
2 59 460
2 60 2038
2 61 1197
2 62 508
2 63 2086
2 64 1245
2 65 556
2 66 1774
3 0 1388
3 1 0
3 2 538
3 3 0
3 4 1239
3 5 733
3 6 195
3 7 182
3 8 65
3 9 1358
3 10 721
3 11 704
3 12 1328
3 13 117
3 14 377
3 15 1049
3 16 656
3 17 1002
3 18 974
3 19 1152
3 20 1202
3 21 1179
3 22 555
3 23 772
3 24 781
3 25 898
3 26 837
3 27 286
3 28 655
3 29 864
3 30 1268
3 31 427
3 32 414
3 33 1316
3 34 475
3 35 462
3 36 1364
3 37 523
3 38 510
3 39 1412
3 40 571
3 41 558
3 42 1460
3 43 619
3 44 606
3 45 1508
3 46 667
3 47 654
3 48 1556
3 49 715
3 50 702
3 51 1604
3 52 763
3 53 750
3 54 1652
3 55 811
3 56 798
3 57 1700
3 58 859
3 59 846
3 60 1748
3 61 907
3 62 894
3 63 1796
3 64 955
3 65 942
3 66 1388
4 0 1205
4 1 1239
4 2 1529
4 3 1239
4 4 0
4 5 1022
4 6 1044
4 7 1421
4 8 1304
4 9 995
4 10 1346
4 11 609
4 12 1025
4 13 1356
4 14 1616
4 15 1304
4 16 657
4 17 1195
4 18 495
4 19 915
4 20 1151
4 21 1174
4 22 940
4 23 1061
4 24 1286
4 25 1091
4 26 1230
4 27 1525
4 28 1412
4 29 1203
4 30 1085
4 31 812
4 32 1653
4 33 1037
4 34 764
4 35 1605
4 36 989
4 37 716
4 38 1557
4 39 941
4 40 668
4 41 1509
4 42 893
4 43 620
4 44 1461
4 45 845
4 46 572
4 47 1413
4 48 797
4 49 524
4 50 1365
4 51 749
4 52 476
4 53 1317
4 54 701
4 55 428
4 56 1269
4 57 653
4 58 380
4 59 1221
4 60 605
4 61 332
4 62 1173
4 63 557
4 64 284
4 65 1125
4 66 1205
5 0 751
5 1 733
5 2 1023
5 3 733
5 4 1022
5 5 0
5 6 538
5 7 915
5 8 798
5 9 829
5 10 1128
5 11 487
5 12 955
5 13 850
5 14 1110
5 15 850
5 16 439
5 17 785
5 18 757
5 19 1273
5 20 985
5 21 720
5 22 434
5 23 39
5 24 876
5 25 681
5 26 724
5 27 1019
5 28 906
5 29 985
5 30 631
5 31 306
5 32 1147
5 33 583
5 34 258
5 35 1099
5 36 631
5 37 306
5 38 1147
5 39 679
5 40 354
5 41 1195
5 42 727
5 43 402
5 44 1243
5 45 775
5 46 450
5 47 1291
5 48 823
5 49 498
5 50 1339
5 51 871
5 52 546
5 53 1387
5 54 919
5 55 594
5 56 1435
5 57 967
5 58 642
5 59 1483
5 60 1015
5 61 690
5 62 1531
5 63 1063
5 64 738
5 65 1579
5 66 751
6 0 1193
6 1 195
6 2 733
6 3 195
6 4 1044
6 5 538
6 6 0
6 7 377
6 8 260
6 9 1163
6 10 916
6 11 509
6 12 1133
6 13 312
6 14 572
6 15 854
6 16 461
6 17 807
6 18 779
6 19 1295
6 20 1007
6 21 984
6 22 360
6 23 577
6 24 898
6 25 703
6 26 746
6 27 481
6 28 850
6 29 1007
6 30 1073
6 31 232
6 32 609
6 33 1121
6 34 280
6 35 657
6 36 1169
6 37 328
6 38 705
6 39 1217
6 40 376
6 41 753
6 42 1265
6 43 424
6 44 801
6 45 1313
6 46 472
6 47 849
6 48 1361
6 49 520
6 50 897
6 51 1409
6 52 568
6 53 945
6 54 1457
6 55 616
6 56 993
6 57 1505
6 58 664
6 59 1041
6 60 1553
6 61 712
6 62 1089
6 63 1601
6 64 760
6 65 1137
6 66 1193
7 0 1570
7 1 182
7 2 356
7 3 182
7 4 1421
7 5 915
7 6 377
7 7 0
7 8 117
7 9 1540
7 10 539
7 11 886
7 12 1510
7 13 65
7 14 195
7 15 1231
7 16 838
7 17 1184
7 18 1156
7 19 970
7 20 1384
7 21 1361
7 22 737
7 23 954
7 24 599
7 25 1080
7 26 655
7 27 104
7 28 473
7 29 682
7 30 1450
7 31 609
7 32 232
7 33 1498
7 34 657
7 35 280
7 36 1546
7 37 705
7 38 328
7 39 1594
7 40 753
7 41 376
7 42 1642
7 43 801
7 44 424
7 45 1690
7 46 849
7 47 472
7 48 1738
7 49 897
7 50 520
7 51 1786
7 52 945
7 53 568
7 54 1834
7 55 993
7 56 616
7 57 1882
7 58 1041
7 59 664
7 60 1930
7 61 1089
7 62 712
7 63 1978
7 64 1137
7 65 760
7 66 1570
8 0 1453
8 1 65
8 2 473
8 3 65
8 4 1304
8 5 798
8 6 260
8 7 117
8 8 0
8 9 1423
8 10 656
8 11 769
8 12 1393
8 13 52
8 14 312
8 15 1114
8 16 721
8 17 1067
8 18 1039
8 19 1087
8 20 1267
8 21 1244
8 22 620
8 23 837
8 24 716
8 25 963
8 26 772
8 27 221
8 28 590
8 29 799
8 30 1333
8 31 492
8 32 349
8 33 1381
8 34 540
8 35 397
8 36 1429
8 37 588
8 38 445
8 39 1477
8 40 636
8 41 493
8 42 1525
8 43 684
8 44 541
8 45 1573
8 46 732
8 47 589
8 48 1621
8 49 780
8 50 637
8 51 1669
8 52 828
8 53 685
8 54 1717
8 55 876
8 56 733
8 57 1765
8 58 924
8 59 781
8 60 1813
8 61 972
8 62 829
8 63 1861
8 64 1020
8 65 877
8 66 1453
9 0 414
9 1 1358
9 2 1648
9 3 1358
9 4 995
9 5 829
9 6 1163
9 7 1540
9 8 1423
9 9 0
9 10 1465
9 11 824
9 12 330
9 13 1475
9 14 1735
9 15 513
9 16 776
9 17 560
9 18 1094
9 19 1610
9 20 156
9 21 383
9 22 1007
9 23 790
9 24 1405
9 25 664
9 26 1349
9 27 1644
9 28 1531
9 29 1322
9 30 294
9 31 931
9 32 1772
9 33 246
9 34 883
9 35 1724
9 36 198
9 37 835
9 38 1676
9 39 150
9 40 787
9 41 1628
9 42 102
9 43 739
9 44 1580
9 45 150
9 46 787
9 47 1628
9 48 198
9 49 835
9 50 1676
9 51 246
9 52 883
9 53 1724
9 54 294
9 55 931
9 56 1772
9 57 342
9 58 979
9 59 1820
9 60 390
9 61 1027
9 62 1868
9 63 438
9 64 1075
9 65 1916
9 66 414
10 0 1879
10 1 721
10 2 335
10 3 721
10 4 1346
10 5 1128
10 6 916
10 7 539
10 8 656
10 9 1465
10 10 0
10 11 811
10 12 1435
10 13 604
10 14 344
10 15 1540
10 16 689
10 17 1301
10 18 1081
10 19 661
10 20 1309
10 21 1670
10 22 1046
10 23 1167
10 24 482
10 25 1197
10 26 634
10 27 435
10 28 452
10 29 143
10 30 1759
10 31 918
10 32 307
10 33 1711
10 34 870
10 35 259
10 36 1663
10 37 822
10 38 211
10 39 1615
10 40 774
10 41 163
10 42 1567
10 43 726
10 44 115
10 45 1615
10 46 774
10 47 163
10 48 1663
10 49 822
10 50 211
10 51 1711
10 52 870
10 53 259
10 54 1759
10 55 918
10 56 307
10 57 1807
10 58 966
10 59 355
10 60 1855
10 61 1014
10 62 403
10 63 1903
10 64 1062
10 65 451
10 66 1879
11 0 1238
11 1 704
11 2 994
11 3 704
11 4 609
11 5 487
11 6 509
11 7 886
11 8 769
11 9 824
11 10 811
11 11 0
11 12 698
11 13 821
11 14 1081
11 15 899
11 16 122
11 17 660
11 18 344
11 19 860
11 20 668
11 21 1029
11 22 405
11 23 526
11 24 751
11 25 556
11 26 695
11 27 990
11 28 877
11 29 668
11 30 1118
11 31 277
11 32 1044
11 33 1070
11 34 229
11 35 996
11 36 1022
11 37 181
11 38 948
11 39 974
11 40 133
11 41 900
11 42 926
11 43 85
11 44 852
11 45 878
11 46 37
11 47 804
11 48 926
11 49 85
11 50 852
11 51 974
11 52 133
11 53 900
11 54 1022
11 55 181
11 56 948
11 57 1070
11 58 229
11 59 996
11 60 1118
11 61 277
11 62 1044
11 63 1166
11 64 325
11 65 1092
11 66 1238
12 0 540
12 1 1328
12 2 1618
12 3 1328
12 4 1025
12 5 955
12 6 1133
12 7 1510
12 8 1393
12 9 330
12 10 1435
12 11 698
12 12 0
12 13 1445
12 14 1705
12 15 639
12 16 746
12 17 686
12 18 968
12 19 1484
12 20 486
12 21 509
12 22 1029
12 23 916
12 24 1375
12 25 790
12 26 1319
12 27 1614
12 28 1501
12 29 1292
12 30 420
12 31 901
12 32 1742
12 33 372
12 34 853
12 35 1694
12 36 324
12 37 805
12 38 1646
12 39 276
12 40 757
12 41 1598
12 42 228
12 43 709
12 44 1550
12 45 180
12 46 661
12 47 1502
12 48 228
12 49 709
12 50 1550
12 51 276
12 52 757
12 53 1598
12 54 324
12 55 805
12 56 1646
12 57 372
12 58 853
12 59 1694
12 60 420
12 61 901
12 62 1742
12 63 468
12 64 949
12 65 1790
12 66 540
13 0 1505
13 1 117
13 2 421
13 3 117
13 4 1356
13 5 850
13 6 312
13 7 65
13 8 52
13 9 1475
13 10 604
13 11 821
13 12 1445
13 13 0
13 14 260
13 15 1166
13 16 773
13 17 1119
13 18 1091
13 19 1035
13 20 1319
13 21 1296
13 22 672
13 23 889
13 24 664
13 25 1015
13 26 720
13 27 169
13 28 538
13 29 747
13 30 1385
13 31 544
13 32 297
13 33 1433
13 34 592
13 35 345
13 36 1481
13 37 640
13 38 393
13 39 1529
13 40 688
13 41 441
13 42 1577
13 43 736
13 44 489
13 45 1625
13 46 784
13 47 537
13 48 1673
13 49 832
13 50 585
13 51 1721
13 52 880
13 53 633
13 54 1769
13 55 928
13 56 681
13 57 1817
13 58 976
13 59 729
13 60 1865
13 61 1024
13 62 777
13 63 1913
13 64 1072
13 65 825
13 66 1505
14 0 1765
14 1 377
14 2 161
14 3 377
14 4 1616
14 5 1110
14 6 572
14 7 195
14 8 312
14 9 1735
14 10 344
14 11 1081
14 12 1705
14 13 260
14 14 0
14 15 1426
14 16 1033
14 17 1379
14 18 1195
14 19 775
14 20 1579
14 21 1556
14 22 932
14 23 1149
14 24 404
14 25 1275
14 26 460
14 27 91
14 28 278
14 29 487
14 30 1645
14 31 804
14 32 37
14 33 1693
14 34 852
14 35 85
14 36 1741
14 37 900
14 38 133
14 39 1789
14 40 948
14 41 181
14 42 1837
14 43 996
14 44 229
14 45 1885
14 46 1044
14 47 277
14 48 1933
14 49 1092
14 50 325
14 51 1981
14 52 1140
14 53 373
14 54 2029
14 55 1188
14 56 421
14 57 2077
14 58 1236
14 59 469
14 60 2125
14 61 1284
14 62 517
14 63 2173
14 64 1332
14 65 565
14 66 1765
15 0 339
15 1 1049
15 2 1435
15 3 1049
15 4 1304
15 5 850
15 6 854
15 7 1231
15 8 1114
15 9 513
15 10 1540
15 11 899
15 12 639
15 13 1166
15 14 1426
15 15 0
15 16 851
15 17 677
15 18 1169
15 19 1685
15 20 669
15 21 130
15 22 494
15 23 811
15 24 1288
15 25 781
15 26 1136
15 27 1335
15 28 1318
15 29 1397
15 30 219
15 31 622
15 32 1463
15 33 267
15 34 670
15 35 1511
15 36 315
15 37 718
15 38 1559
15 39 363
15 40 766
15 41 1607
15 42 411
15 43 814
15 44 1655
15 45 459
15 46 862
15 47 1703
15 48 507
15 49 910
15 50 1751
15 51 555
15 52 958
15 53 1799
15 54 603
15 55 1006
15 56 1847
15 57 651
15 58 1054
15 59 1895
15 60 699
15 61 1102
15 62 1943
15 63 747
15 64 1150
15 65 1991
15 66 339
16 0 1190
16 1 656
16 2 946
16 3 656
16 4 657
16 5 439
16 6 461
16 7 838
16 8 721
16 9 776
16 10 689
16 11 122
16 12 746
16 13 773
16 14 1033
16 15 851
16 16 0
16 17 612
16 18 392
16 19 908
16 20 620
16 21 981
16 22 357
16 23 478
16 24 703
16 25 508
16 26 647
16 27 942
16 28 829
16 29 546
16 30 1070
16 31 229
16 32 996
16 33 1022
16 34 181
16 35 948
16 36 974
16 37 133
16 38 900
16 39 926
16 40 85
16 41 852
16 42 878
16 43 37
16 44 804
16 45 926
16 46 85
16 47 852
16 48 974
16 49 133
16 50 900
16 51 1022
16 52 181
16 53 948
16 54 1070
16 55 229
16 56 996
16 57 1118
16 58 277
16 59 1044
16 60 1166
16 61 325
16 62 1092
16 63 1214
16 64 373
16 65 1140
16 66 1190
17 0 578
17 1 1002
17 2 1292
17 3 1002
17 4 1195
17 5 785
17 6 807
17 7 1184
17 8 1067
17 9 560
17 10 1301
17 11 660
17 12 686
17 13 1119
17 14 1379
17 15 677
17 16 612
17 17 0
17 18 930
17 19 1446
17 20 716
17 21 547
17 22 703
17 23 824
17 24 1049
17 25 104
17 26 993
17 27 1288
17 28 1175
17 29 1158
17 30 458
17 31 575
17 32 1416
17 33 410
17 34 527
17 35 1368
17 36 362
17 37 479
17 38 1320
17 39 410
17 40 527
17 41 1368
17 42 458
17 43 575
17 44 1416
17 45 506
17 46 623
17 47 1464
17 48 554
17 49 671
17 50 1512
17 51 602
17 52 719
17 53 1560
17 54 650
17 55 767
17 56 1608
17 57 698
17 58 815
17 59 1656
17 60 746
17 61 863
17 62 1704
17 63 794
17 64 911
17 65 1752
17 66 578
18 0 1508
18 1 974
18 2 1186
18 3 974
18 4 495
18 5 757
18 6 779
18 7 1156
18 8 1039
18 9 1094
18 10 1081
18 11 344
18 12 968
18 13 1091
18 14 1195
18 15 1169
18 16 392
18 17 930
18 18 0
18 19 746
18 20 938
18 21 1299
18 22 675
18 23 796
18 24 1021
18 25 826
18 26 965
18 27 1260
18 28 1147
18 29 938
18 30 1388
18 31 547
18 32 1158
18 33 1340
18 34 499
18 35 1110
18 36 1292
18 37 451
18 38 1062
18 39 1244
18 40 403
18 41 1014
18 42 1196
18 43 355
18 44 966
18 45 1148
18 46 307
18 47 918
18 48 1100
18 49 259
18 50 870
18 51 1052
18 52 211
18 53 822
18 54 1004
18 55 163
18 56 774
18 57 956
18 58 115
18 59 726
18 60 1004
18 61 163
18 62 774
18 63 1052
18 64 211
18 65 822
18 66 1508
19 0 2024
19 1 1152
19 2 766
19 3 1152
19 4 915
19 5 1273
19 6 1295
19 7 970
19 8 1087
19 9 1610
19 10 661
19 11 860
19 12 1484
19 13 1035
19 14 775
19 15 1685
19 16 908
19 17 1446
19 18 746
19 19 0
19 20 1454
19 21 1815
19 22 1191
19 23 1312
19 24 913
19 25 1342
19 26 1065
19 27 866
19 28 883
19 29 804
19 30 1904
19 31 1063
19 32 738
19 33 1856
19 34 1015
19 35 690
19 36 1808
19 37 967
19 38 642
19 39 1760
19 40 919
19 41 594
19 42 1712
19 43 871
19 44 546
19 45 1664
19 46 823
19 47 498
19 48 1616
19 49 775
19 50 450
19 51 1568
19 52 727
19 53 402
19 54 1520
19 55 679
19 56 354
19 57 1472
19 58 631
19 59 306
19 60 1424
19 61 583
19 62 258
19 63 1472
19 64 631
19 65 306
19 66 2024
20 0 570
20 1 1202
20 2 1492
20 3 1202
20 4 1151
20 5 985
20 6 1007
20 7 1384
20 8 1267
20 9 156
20 10 1309
20 11 668
20 12 486
20 13 1319
20 14 1579
20 15 669
20 16 620
20 17 716
20 18 938
20 19 1454
20 20 0
20 21 539
20 22 903
20 23 946
20 24 1249
20 25 820
20 26 1193
20 27 1488
20 28 1375
20 29 1166
20 30 450
20 31 775
20 32 1616
20 33 402
20 34 727
20 35 1568
20 36 354
20 37 679
20 38 1520
20 39 306
20 40 631
20 41 1472
20 42 258
20 43 583
20 44 1424
20 45 306
20 46 631
20 47 1472
20 48 354
20 49 679
20 50 1520
20 51 402
20 52 727
20 53 1568
20 54 450
20 55 775
20 56 1616
20 57 498
20 58 823
20 59 1664
20 60 546
20 61 871
20 62 1712
20 63 594
20 64 919
20 65 1760
20 66 570
21 0 209
21 1 1179
21 2 1565
21 3 1179
21 4 1174
21 5 720
21 6 984
21 7 1361
21 8 1244
21 9 383
21 10 1670
21 11 1029
21 12 509
21 13 1296
21 14 1556
21 15 130
21 16 981
21 17 547
21 18 1299
21 19 1815
21 20 539
21 21 0
21 22 624
21 23 681
21 24 1418
21 25 651
21 26 1266
21 27 1465
21 28 1448
21 29 1527
21 30 89
21 31 752
21 32 1593
21 33 137
21 34 800
21 35 1641
21 36 185
21 37 848
21 38 1689
21 39 233
21 40 896
21 41 1737
21 42 281
21 43 944
21 44 1785
21 45 329
21 46 992
21 47 1833
21 48 377
21 49 1040
21 50 1881
21 51 425
21 52 1088
21 53 1929
21 54 473
21 55 1136
21 56 1977
21 57 521
21 58 1184
21 59 2025
21 60 569
21 61 1232
21 62 2073
21 63 617
21 64 1280
21 65 2121
21 66 209
22 0 833
22 1 555
22 2 941
22 3 555
22 4 940
22 5 434
22 6 360
22 7 737
22 8 620
22 9 1007
22 10 1046
22 11 405
22 12 1029
22 13 672
22 14 932
22 15 494
22 16 357
22 17 703
22 18 675
22 19 1191
22 20 903
22 21 624
22 22 0
22 23 473
22 24 794
22 25 599
22 26 642
22 27 841
22 28 824
22 29 903
22 30 713
22 31 128
22 32 969
22 33 761
22 34 176
22 35 1017
22 36 809
22 37 224
22 38 1065
22 39 857
22 40 272
22 41 1113
22 42 905
22 43 320
22 44 1161
22 45 953
22 46 368
22 47 1209
22 48 1001
22 49 416
22 50 1257
22 51 1049
22 52 464
22 53 1305
22 54 1097
22 55 512
22 56 1353
22 57 1145
22 58 560
22 59 1401
22 60 1193
22 61 608
22 62 1449
22 63 1241
22 64 656
22 65 1497
22 66 833
23 0 712
23 1 772
23 2 1062
23 3 772
23 4 1061
23 5 39
23 6 577
23 7 954
23 8 837
23 9 790
23 10 1167
23 11 526
23 12 916
23 13 889
23 14 1149
23 15 811
23 16 478
23 17 824
23 18 796
23 19 1312
23 20 946
23 21 681
23 22 473
23 23 0
23 24 915
23 25 720
23 26 763
23 27 1058
23 28 945
23 29 1024
23 30 592
23 31 345
23 32 1186
23 33 544
23 34 297
23 35 1138
23 36 592
23 37 345
23 38 1186
23 39 640
23 40 393
23 41 1234
23 42 688
23 43 441
23 44 1282
23 45 736
23 46 489
23 47 1330
23 48 784
23 49 537
23 50 1378
23 51 832
23 52 585
23 53 1426
23 54 880
23 55 633
23 56 1474
23 57 928
23 58 681
23 59 1522
23 60 976
23 61 729
23 62 1570
23 63 1024
23 64 777
23 65 1618
23 66 712
24 0 1627
24 1 781
24 2 395
24 3 781
24 4 1286
24 5 876
24 6 898
24 7 599
24 8 716
24 9 1405
24 10 482
24 11 751
24 12 1375
24 13 664
24 14 404
24 15 1288
24 16 703
24 17 1049
24 18 1021
24 19 913
24 20 1249
24 21 1418
24 22 794
24 23 915
24 24 0
24 25 945
24 26 694
24 27 495
24 28 512
24 29 625
24 30 1507
24 31 666
24 32 367
24 33 1459
24 34 618
24 35 319
24 36 1411
24 37 570
24 38 271
24 39 1459
24 40 618
24 41 319
24 42 1507
24 43 666
24 44 367
24 45 1555
24 46 714
24 47 415
24 48 1603
24 49 762
24 50 463
24 51 1651
24 52 810
24 53 511
24 54 1699
24 55 858
24 56 559
24 57 1747
24 58 906
24 59 607
24 60 1795
24 61 954
24 62 655
24 63 1843
24 64 1002
24 65 703
24 66 1627
25 0 682
25 1 898
25 2 1188
25 3 898
25 4 1091
25 5 681
25 6 703
25 7 1080
25 8 963
25 9 664
25 10 1197
25 11 556
25 12 790
25 13 1015
25 14 1275
25 15 781
25 16 508
25 17 104
25 18 826
25 19 1342
25 20 820
25 21 651
25 22 599
25 23 720
25 24 945
25 25 0
25 26 889
25 27 1184
25 28 1071
25 29 1054
25 30 562
25 31 471
25 32 1312
25 33 514
25 34 423
25 35 1264
25 36 466
25 37 375
25 38 1216
25 39 514
25 40 423
25 41 1264
25 42 562
25 43 471
25 44 1312
25 45 610
25 46 519
25 47 1360
25 48 658
25 49 567
25 50 1408
25 51 706
25 52 615
25 53 1456
25 54 754
25 55 663
25 56 1504
25 57 802
25 58 711
25 59 1552
25 60 850
25 61 759
25 62 1600
25 63 898
25 64 807
25 65 1648
25 66 682
26 0 1475
26 1 837
26 2 299
26 3 837
26 4 1230
26 5 724
26 6 746
26 7 655
26 8 772
26 9 1349
26 10 634
26 11 695
26 12 1319
26 13 720
26 14 460
26 15 1136
26 16 647
26 17 993
26 18 965
26 19 1065
26 20 1193
26 21 1266
26 22 642
26 23 763
26 24 694
26 25 889
26 26 0
26 27 551
26 28 182
26 29 777
26 30 1355
26 31 514
26 32 423
26 33 1307
26 34 466
26 35 375
26 36 1355
26 37 514
26 38 423
26 39 1403
26 40 562
26 41 471
26 42 1451
26 43 610
26 44 519
26 45 1499
26 46 658
26 47 567
26 48 1547
26 49 706
26 50 615
26 51 1595
26 52 754
26 53 663
26 54 1643
26 55 802
26 56 711
26 57 1691
26 58 850
26 59 759
26 60 1739
26 61 898
26 62 807
26 63 1787
26 64 946
26 65 855
26 66 1475
27 0 1674
27 1 286
27 2 252
27 3 286
27 4 1525
27 5 1019
27 6 481
27 7 104
27 8 221
27 9 1644
27 10 435
27 11 990
27 12 1614
27 13 169
27 14 91
27 15 1335
27 16 942
27 17 1288
27 18 1260
27 19 866
27 20 1488
27 21 1465
27 22 841
27 23 1058
27 24 495
27 25 1184
27 26 551
27 27 0
27 28 369
27 29 578
27 30 1554
27 31 713
27 32 128
27 33 1602
27 34 761
27 35 176
27 36 1650
27 37 809
27 38 224
27 39 1698
27 40 857
27 41 272
27 42 1746
27 43 905
27 44 320
27 45 1794
27 46 953
27 47 368
27 48 1842
27 49 1001
27 50 416
27 51 1890
27 52 1049
27 53 464
27 54 1938
27 55 1097
27 56 512
27 57 1986
27 58 1145
27 59 560
27 60 2034
27 61 1193
27 62 608
27 63 2082
27 64 1241
27 65 656
27 66 1674
28 0 1657
28 1 655
28 2 117
28 3 655
28 4 1412
28 5 906
28 6 850
28 7 473
28 8 590
28 9 1531
28 10 452
28 11 877
28 12 1501
28 13 538
28 14 278
28 15 1318
28 16 829
28 17 1175
28 18 1147
28 19 883
28 20 1375
28 21 1448
28 22 824
28 23 945
28 24 512
28 25 1071
28 26 182
28 27 369
28 28 0
28 29 595
28 30 1537
28 31 696
28 32 241
28 33 1489
28 34 648
28 35 193
28 36 1537
28 37 696
28 38 241
28 39 1585
28 40 744
28 41 289
28 42 1633
28 43 792
28 44 337
28 45 1681
28 46 840
28 47 385
28 48 1729
28 49 888
28 50 433
28 51 1777
28 52 936
28 53 481
28 54 1825
28 55 984
28 56 529
28 57 1873
28 58 1032
28 59 577
28 60 1921
28 61 1080
28 62 625
28 63 1969
28 64 1128
28 65 673
28 66 1657
29 0 1736
29 1 864
29 2 478
29 3 864
29 4 1203
29 5 985
29 6 1007
29 7 682
29 8 799
29 9 1322
29 10 143
29 11 668
29 12 1292
29 13 747
29 14 487
29 15 1397
29 16 546
29 17 1158
29 18 938
29 19 804
29 20 1166
29 21 1527
29 22 903
29 23 1024
29 24 625
29 25 1054
29 26 777
29 27 578
29 28 595
29 29 0
29 30 1616
29 31 775
29 32 450
29 33 1568
29 34 727
29 35 402
29 36 1520
29 37 679
29 38 354
29 39 1472
29 40 631
29 41 306
29 42 1424
29 43 583
29 44 258
29 45 1472
29 46 631
29 47 306
29 48 1520
29 49 679
29 50 354
29 51 1568
29 52 727
29 53 402
29 54 1616
29 55 775
29 56 450
29 57 1664
29 58 823
29 59 498
29 60 1712
29 61 871
29 62 546
29 63 1760
29 64 919
29 65 594
29 66 1736
30 0 120
30 1 1268
30 2 1654
30 3 1268
30 4 1085
30 5 631
30 6 1073
30 7 1450
30 8 1333
30 9 294
30 10 1759
30 11 1118
30 12 420
30 13 1385
30 14 1645
30 15 219
30 16 1070
30 17 458
30 18 1388
30 19 1904
30 20 450
30 21 89
30 22 713
30 23 592
30 24 1507
30 25 562
30 26 1355
30 27 1554
30 28 1537
30 29 1616
30 30 0
30 31 841
30 32 1682
30 33 48
30 34 889
30 35 1730
30 36 96
30 37 937
30 38 1778
30 39 144
30 40 985
30 41 1826
30 42 192
30 43 1033
30 44 1874
30 45 240
30 46 1081
30 47 1922
30 48 288
30 49 1129
30 50 1970
30 51 336
30 52 1177
30 53 2018
30 54 384
30 55 1225
30 56 2066
30 57 432
30 58 1273
30 59 2114
30 60 480
30 61 1321
30 62 2162
30 63 528
30 64 1369
30 65 2210
30 66 120
31 0 961
31 1 427
31 2 813
31 3 427
31 4 812
31 5 306
31 6 232
31 7 609
31 8 492
31 9 931
31 10 918
31 11 277
31 12 901
31 13 544
31 14 804
31 15 622
31 16 229
31 17 575
31 18 547
31 19 1063
31 20 775
31 21 752
31 22 128
31 23 345
31 24 666
31 25 471
31 26 514
31 27 713
31 28 696
31 29 775
31 30 841
31 31 0
31 32 841
31 33 889
31 34 48
31 35 889
31 36 937
31 37 96
31 38 937
31 39 985
31 40 144
31 41 985
31 42 1033
31 43 192
31 44 1033
31 45 1081
31 46 240
31 47 1081
31 48 1129
31 49 288
31 50 1129
31 51 1177
31 52 336
31 53 1177
31 54 1225
31 55 384
31 56 1225
31 57 1273
31 58 432
31 59 1273
31 60 1321
31 61 480
31 62 1321
31 63 1369
31 64 528
31 65 1369
31 66 961
32 0 1802
32 1 414
32 2 124
32 3 414
32 4 1653
32 5 1147
32 6 609
32 7 232
32 8 349
32 9 1772
32 10 307
32 11 1044
32 12 1742
32 13 297
32 14 37
32 15 1463
32 16 996
32 17 1416
32 18 1158
32 19 738
32 20 1616
32 21 1593
32 22 969
32 23 1186
32 24 367
32 25 1312
32 26 423
32 27 128
32 28 241
32 29 450
32 30 1682
32 31 841
32 32 0
32 33 1730
32 34 889
32 35 48
32 36 1778
32 37 937
32 38 96
32 39 1826
32 40 985
32 41 144
32 42 1874
32 43 1033
32 44 192
32 45 1922
32 46 1081
32 47 240
32 48 1970
32 49 1129
32 50 288
32 51 2018
32 52 1177
32 53 336
32 54 2066
32 55 1225
32 56 384
32 57 2114
32 58 1273
32 59 432
32 60 2162
32 61 1321
32 62 480
32 63 2210
32 64 1369
32 65 528
32 66 1802
33 0 168
33 1 1316
33 2 1606
33 3 1316
33 4 1037
33 5 583
33 6 1121
33 7 1498
33 8 1381
33 9 246
33 10 1711
33 11 1070
33 12 372
33 13 1433
33 14 1693
33 15 267
33 16 1022
33 17 410
33 18 1340
33 19 1856
33 20 402
33 21 137
33 22 761
33 23 544
33 24 1459
33 25 514
33 26 1307
33 27 1602
33 28 1489
33 29 1568
33 30 48
33 31 889
33 32 1730
33 33 0
33 34 841
33 35 1682
33 36 48
33 37 889
33 38 1730
33 39 96
33 40 937
33 41 1778
33 42 144
33 43 985
33 44 1826
33 45 192
33 46 1033
33 47 1874
33 48 240
33 49 1081
33 50 1922
33 51 288
33 52 1129
33 53 1970
33 54 336
33 55 1177
33 56 2018
33 57 384
33 58 1225
33 59 2066
33 60 432
33 61 1273
33 62 2114
33 63 480
33 64 1321
33 65 2162
33 66 168
34 0 1009
34 1 475
34 2 765
34 3 475
34 4 764
34 5 258
34 6 280
34 7 657
34 8 540
34 9 883
34 10 870
34 11 229
34 12 853
34 13 592
34 14 852
34 15 670
34 16 181
34 17 527
34 18 499
34 19 1015
34 20 727
34 21 800
34 22 176
34 23 297
34 24 618
34 25 423
34 26 466
34 27 761
34 28 648
34 29 727
34 30 889
34 31 48
34 32 889
34 33 841
34 34 0
34 35 841
34 36 889
34 37 48
34 38 889
34 39 937
34 40 96
34 41 937
34 42 985
34 43 144
34 44 985
34 45 1033
34 46 192
34 47 1033
34 48 1081
34 49 240
34 50 1081
34 51 1129
34 52 288
34 53 1129
34 54 1177
34 55 336
34 56 1177
34 57 1225
34 58 384
34 59 1225
34 60 1273
34 61 432
34 62 1273
34 63 1321
34 64 480
34 65 1321
34 66 1009
35 0 1850
35 1 462
35 2 76
35 3 462
35 4 1605
35 5 1099
35 6 657
35 7 280
35 8 397
35 9 1724
35 10 259
35 11 996
35 12 1694
35 13 345
35 14 85
35 15 1511
35 16 948
35 17 1368
35 18 1110
35 19 690
35 20 1568
35 21 1641
35 22 1017
35 23 1138
35 24 319
35 25 1264
35 26 375
35 27 176
35 28 193
35 29 402
35 30 1730
35 31 889
35 32 48
35 33 1682
35 34 841
35 35 0
35 36 1730
35 37 889
35 38 48
35 39 1778
35 40 937
35 41 96
35 42 1826
35 43 985
35 44 144
35 45 1874
35 46 1033
35 47 192
35 48 1922
35 49 1081
35 50 240
35 51 1970
35 52 1129
35 53 288
35 54 2018
35 55 1177
35 56 336
35 57 2066
35 58 1225
35 59 384
35 60 2114
35 61 1273
35 62 432
35 63 2162
35 64 1321
35 65 480
35 66 1850
36 0 216
36 1 1364
36 2 1654
36 3 1364
36 4 989
36 5 631
36 6 1169
36 7 1546
36 8 1429
36 9 198
36 10 1663
36 11 1022
36 12 324
36 13 1481
36 14 1741
36 15 315
36 16 974
36 17 362
36 18 1292
36 19 1808
36 20 354
36 21 185
36 22 809
36 23 592
36 24 1411
36 25 466
36 26 1355
36 27 1650
36 28 1537
36 29 1520
36 30 96
36 31 937
36 32 1778
36 33 48
36 34 889
36 35 1730
36 36 0
36 37 841
36 38 1682
36 39 48
36 40 889
36 41 1730
36 42 96
36 43 937
36 44 1778
36 45 144
36 46 985
36 47 1826
36 48 192
36 49 1033
36 50 1874
36 51 240
36 52 1081
36 53 1922
36 54 288
36 55 1129
36 56 1970
36 57 336
36 58 1177
36 59 2018
36 60 384
36 61 1225
36 62 2066
36 63 432
36 64 1273
36 65 2114
36 66 216
37 0 1057
37 1 523
37 2 813
37 3 523
37 4 716
37 5 306
37 6 328
37 7 705
37 8 588
37 9 835
37 10 822
37 11 181
37 12 805
37 13 640
37 14 900
37 15 718
37 16 133
37 17 479
37 18 451
37 19 967
37 20 679
37 21 848
37 22 224
37 23 345
37 24 570
37 25 375
37 26 514
37 27 809
37 28 696
37 29 679
37 30 937
37 31 96
37 32 937
37 33 889
37 34 48
37 35 889
37 36 841
37 37 0
37 38 841
37 39 889
37 40 48
37 41 889
37 42 937
37 43 96
37 44 937
37 45 985
37 46 144
37 47 985
37 48 1033
37 49 192
37 50 1033
37 51 1081
37 52 240
37 53 1081
37 54 1129
37 55 288
37 56 1129
37 57 1177
37 58 336
37 59 1177
37 60 1225
37 61 384
37 62 1225
37 63 1273
37 64 432
37 65 1273
37 66 1057
38 0 1898
38 1 510
38 2 124
38 3 510
38 4 1557
38 5 1147
38 6 705
38 7 328
38 8 445
38 9 1676
38 10 211
38 11 948
38 12 1646
38 13 393
38 14 133
38 15 1559
38 16 900
38 17 1320
38 18 1062
38 19 642
38 20 1520
38 21 1689
38 22 1065
38 23 1186
38 24 271
38 25 1216
38 26 423
38 27 224
38 28 241
38 29 354
38 30 1778
38 31 937
38 32 96
38 33 1730
38 34 889
38 35 48
38 36 1682
38 37 841
38 38 0
38 39 1730
38 40 889
38 41 48
38 42 1778
38 43 937
38 44 96
38 45 1826
38 46 985
38 47 144
38 48 1874
38 49 1033
38 50 192
38 51 1922
38 52 1081
38 53 240
38 54 1970
38 55 1129
38 56 288
38 57 2018
38 58 1177
38 59 336
38 60 2066
38 61 1225
38 62 384
38 63 2114
38 64 1273
38 65 432
38 66 1898
39 0 264
39 1 1412
39 2 1702
39 3 1412
39 4 941
39 5 679
39 6 1217
39 7 1594
39 8 1477
39 9 150
39 10 1615
39 11 974
39 12 276
39 13 1529
39 14 1789
39 15 363
39 16 926
39 17 410
39 18 1244
39 19 1760
39 20 306
39 21 233
39 22 857
39 23 640
39 24 1459
39 25 514
39 26 1403
39 27 1698
39 28 1585
39 29 1472
39 30 144
39 31 985
39 32 1826
39 33 96
39 34 937
39 35 1778
39 36 48
39 37 889
39 38 1730
39 39 0
39 40 841
39 41 1682
39 42 48
39 43 889
39 44 1730
39 45 96
39 46 937
39 47 1778
39 48 144
39 49 985
39 50 1826
39 51 192
39 52 1033
39 53 1874
39 54 240
39 55 1081
39 56 1922
39 57 288
39 58 1129
39 59 1970
39 60 336
39 61 1177
39 62 2018
39 63 384
39 64 1225
39 65 2066
39 66 264
40 0 1105
40 1 571
40 2 861
40 3 571
40 4 668
40 5 354
40 6 376
40 7 753
40 8 636
40 9 787
40 10 774
40 11 133
40 12 757
40 13 688
40 14 948
40 15 766
40 16 85
40 17 527
40 18 403
40 19 919
40 20 631
40 21 896
40 22 272
40 23 393
40 24 618
40 25 423
40 26 562
40 27 857
40 28 744
40 29 631
40 30 985
40 31 144
40 32 985
40 33 937
40 34 96
40 35 937
40 36 889
40 37 48
40 38 889
40 39 841
40 40 0
40 41 841
40 42 889
40 43 48
40 44 889
40 45 937
40 46 96
40 47 937
40 48 985
40 49 144
40 50 985
40 51 1033
40 52 192
40 53 1033
40 54 1081
40 55 240
40 56 1081
40 57 1129
40 58 288
40 59 1129
40 60 1177
40 61 336
40 62 1177
40 63 1225
40 64 384
40 65 1225
40 66 1105
41 0 1946
41 1 558
41 2 172
41 3 558
41 4 1509
41 5 1195
41 6 753
41 7 376
41 8 493
41 9 1628
41 10 163
41 11 900
41 12 1598
41 13 441
41 14 181
41 15 1607
41 16 852
41 17 1368
41 18 1014
41 19 594
41 20 1472
41 21 1737
41 22 1113
41 23 1234
41 24 319
41 25 1264
41 26 471
41 27 272
41 28 289
41 29 306
41 30 1826
41 31 985
41 32 144
41 33 1778
41 34 937
41 35 96
41 36 1730
41 37 889
41 38 48
41 39 1682
41 40 841
41 41 0
41 42 1730
41 43 889
41 44 48
41 45 1778
41 46 937
41 47 96
41 48 1826
41 49 985
41 50 144
41 51 1874
41 52 1033
41 53 192
41 54 1922
41 55 1081
41 56 240
41 57 1970
41 58 1129
41 59 288
41 60 2018
41 61 1177
41 62 336
41 63 2066
41 64 1225
41 65 384
41 66 1946
42 0 312
42 1 1460
42 2 1750
42 3 1460
42 4 893
42 5 727
42 6 1265
42 7 1642
42 8 1525
42 9 102
42 10 1567
42 11 926
42 12 228
42 13 1577
42 14 1837
42 15 411
42 16 878
42 17 458
42 18 1196
42 19 1712
42 20 258
42 21 281
42 22 905
42 23 688
42 24 1507
42 25 562
42 26 1451
42 27 1746
42 28 1633
42 29 1424
42 30 192
42 31 1033
42 32 1874
42 33 144
42 34 985
42 35 1826
42 36 96
42 37 937
42 38 1778
42 39 48
42 40 889
42 41 1730
42 42 0
42 43 841
42 44 1682
42 45 48
42 46 889
42 47 1730
42 48 96
42 49 937
42 50 1778
42 51 144
42 52 985
42 53 1826
42 54 192
42 55 1033
42 56 1874
42 57 240
42 58 1081
42 59 1922
42 60 288
42 61 1129
42 62 1970
42 63 336
42 64 1177
42 65 2018
42 66 312
43 0 1153
43 1 619
43 2 909
43 3 619
43 4 620
43 5 402
43 6 424
43 7 801
43 8 684
43 9 739
43 10 726
43 11 85
43 12 709
43 13 736
43 14 996
43 15 814
43 16 37
43 17 575
43 18 355
43 19 871
43 20 583
43 21 944
43 22 320
43 23 441
43 24 666
43 25 471
43 26 610
43 27 905
43 28 792
43 29 583
43 30 1033
43 31 192
43 32 1033
43 33 985
43 34 144
43 35 985
43 36 937
43 37 96
43 38 937
43 39 889
43 40 48
43 41 889
43 42 841
43 43 0
43 44 841
43 45 889
43 46 48
43 47 889
43 48 937
43 49 96
43 50 937
43 51 985
43 52 144
43 53 985
43 54 1033
43 55 192
43 56 1033
43 57 1081
43 58 240
43 59 1081
43 60 1129
43 61 288
43 62 1129
43 63 1177
43 64 336
43 65 1177
43 66 1153
44 0 1994
44 1 606
44 2 220
44 3 606
44 4 1461
44 5 1243
44 6 801
44 7 424
44 8 541
44 9 1580
44 10 115
44 11 852
44 12 1550
44 13 489
44 14 229
44 15 1655
44 16 804
44 17 1416
44 18 966
44 19 546
44 20 1424
44 21 1785
44 22 1161
44 23 1282
44 24 367
44 25 1312
44 26 519
44 27 320
44 28 337
44 29 258
44 30 1874
44 31 1033
44 32 192
44 33 1826
44 34 985
44 35 144
44 36 1778
44 37 937
44 38 96
44 39 1730
44 40 889
44 41 48
44 42 1682
44 43 841
44 44 0
44 45 1730
44 46 889
44 47 48
44 48 1778
44 49 937
44 50 96
44 51 1826
44 52 985
44 53 144
44 54 1874
44 55 1033
44 56 192
44 57 1922
44 58 1081
44 59 240
44 60 1970
44 61 1129
44 62 288
44 63 2018
44 64 1177
44 65 336
44 66 1994
45 0 360
45 1 1508
45 2 1798
45 3 1508
45 4 845
45 5 775
45 6 1313
45 7 1690
45 8 1573
45 9 150
45 10 1615
45 11 878
45 12 180
45 13 1625
45 14 1885
45 15 459
45 16 926
45 17 506
45 18 1148
45 19 1664
45 20 306
45 21 329
45 22 953
45 23 736
45 24 1555
45 25 610
45 26 1499
45 27 1794
45 28 1681
45 29 1472
45 30 240
45 31 1081
45 32 1922
45 33 192
45 34 1033
45 35 1874
45 36 144
45 37 985
45 38 1826
45 39 96
45 40 937
45 41 1778
45 42 48
45 43 889
45 44 1730
45 45 0
45 46 841
45 47 1682
45 48 48
45 49 889
45 50 1730
45 51 96
45 52 937
45 53 1778
45 54 144
45 55 985
45 56 1826
45 57 192
45 58 1033
45 59 1874
45 60 240
45 61 1081
45 62 1922
45 63 288
45 64 1129
45 65 1970
45 66 360
46 0 1201
46 1 667
46 2 957
46 3 667
46 4 572
46 5 450
46 6 472
46 7 849
46 8 732
46 9 787
46 10 774
46 11 37
46 12 661
46 13 784
46 14 1044
46 15 862
46 16 85
46 17 623
46 18 307
46 19 823
46 20 631
46 21 992
46 22 368
46 23 489
46 24 714
46 25 519
46 26 658
46 27 953
46 28 840
46 29 631
46 30 1081
46 31 240
46 32 1081
46 33 1033
46 34 192
46 35 1033
46 36 985
46 37 144
46 38 985
46 39 937
46 40 96
46 41 937
46 42 889
46 43 48
46 44 889
46 45 841
46 46 0
46 47 841
46 48 889
46 49 48
46 50 889
46 51 937
46 52 96
46 53 937
46 54 985
46 55 144
46 56 985
46 57 1033
46 58 192
46 59 1033
46 60 1081
46 61 240
46 62 1081
46 63 1129
46 64 288
46 65 1129
46 66 1201
47 0 2042
47 1 654
47 2 268
47 3 654
47 4 1413
47 5 1291
47 6 849
47 7 472
47 8 589
47 9 1628
47 10 163
47 11 804
47 12 1502
47 13 537
47 14 277
47 15 1703
47 16 852
47 17 1464
47 18 918
47 19 498
47 20 1472
47 21 1833
47 22 1209
47 23 1330
47 24 415
47 25 1360
47 26 567
47 27 368
47 28 385
47 29 306
47 30 1922
47 31 1081
47 32 240
47 33 1874
47 34 1033
47 35 192
47 36 1826
47 37 985
47 38 144
47 39 1778
47 40 937
47 41 96
47 42 1730
47 43 889
47 44 48
47 45 1682
47 46 841
47 47 0
47 48 1730
47 49 889
47 50 48
47 51 1778
47 52 937
47 53 96
47 54 1826
47 55 985
47 56 144
47 57 1874
47 58 1033
47 59 192
47 60 1922
47 61 1081
47 62 240
47 63 1970
47 64 1129
47 65 288
47 66 2042
48 0 408
48 1 1556
48 2 1846
48 3 1556
48 4 797
48 5 823
48 6 1361
48 7 1738
48 8 1621
48 9 198
48 10 1663
48 11 926
48 12 228
48 13 1673
48 14 1933
48 15 507
48 16 974
48 17 554
48 18 1100
48 19 1616
48 20 354
48 21 377
48 22 1001
48 23 784
48 24 1603
48 25 658
48 26 1547
48 27 1842
48 28 1729
48 29 1520
48 30 288
48 31 1129
48 32 1970
48 33 240
48 34 1081
48 35 1922
48 36 192
48 37 1033
48 38 1874
48 39 144
48 40 985
48 41 1826
48 42 96
48 43 937
48 44 1778
48 45 48
48 46 889
48 47 1730
48 48 0
48 49 841
48 50 1682
48 51 48
48 52 889
48 53 1730
48 54 96
48 55 937
48 56 1778
48 57 144
48 58 985
48 59 1826
48 60 192
48 61 1033
48 62 1874
48 63 240
48 64 1081
48 65 1922
48 66 408
49 0 1249
49 1 715
49 2 1005
49 3 715
49 4 524
49 5 498
49 6 520
49 7 897
49 8 780
49 9 835
49 10 822
49 11 85
49 12 709
49 13 832
49 14 1092
49 15 910
49 16 133
49 17 671
49 18 259
49 19 775
49 20 679
49 21 1040
49 22 416
49 23 537
49 24 762
49 25 567
49 26 706
49 27 1001
49 28 888
49 29 679
49 30 1129
49 31 288
49 32 1129
49 33 1081
49 34 240
49 35 1081
49 36 1033
49 37 192
49 38 1033
49 39 985
49 40 144
49 41 985
49 42 937
49 43 96
49 44 937
49 45 889
49 46 48
49 47 889
49 48 841
49 49 0
49 50 841
49 51 889
49 52 48
49 53 889
49 54 937
49 55 96
49 56 937
49 57 985
49 58 144
49 59 985
49 60 1033
49 61 192
49 62 1033
49 63 1081
49 64 240
49 65 1081
49 66 1249
50 0 2090
50 1 702
50 2 316
50 3 702
50 4 1365
50 5 1339
50 6 897
50 7 520
50 8 637
50 9 1676
50 10 211
50 11 852
50 12 1550
50 13 585
50 14 325
50 15 1751
50 16 900
50 17 1512
50 18 870
50 19 450
50 20 1520
50 21 1881
50 22 1257
50 23 1378
50 24 463
50 25 1408
50 26 615
50 27 416
50 28 433
50 29 354
50 30 1970
50 31 1129
50 32 288
50 33 1922
50 34 1081
50 35 240
50 36 1874
50 37 1033
50 38 192
50 39 1826
50 40 985
50 41 144
50 42 1778
50 43 937
50 44 96
50 45 1730
50 46 889
50 47 48
50 48 1682
50 49 841
50 50 0
50 51 1730
50 52 889
50 53 48
50 54 1778
50 55 937
50 56 96
50 57 1826
50 58 985
50 59 144
50 60 1874
50 61 1033
50 62 192
50 63 1922
50 64 1081
50 65 240
50 66 2090
51 0 456
51 1 1604
51 2 1894
51 3 1604
51 4 749
51 5 871
51 6 1409
51 7 1786
51 8 1669
51 9 246
51 10 1711
51 11 974
51 12 276
51 13 1721
51 14 1981
51 15 555
51 16 1022
51 17 602
51 18 1052
51 19 1568
51 20 402
51 21 425
51 22 1049
51 23 832
51 24 1651
51 25 706
51 26 1595
51 27 1890
51 28 1777
51 29 1568
51 30 336
51 31 1177
51 32 2018
51 33 288
51 34 1129
51 35 1970
51 36 240
51 37 1081
51 38 1922
51 39 192
51 40 1033
51 41 1874
51 42 144
51 43 985
51 44 1826
51 45 96
51 46 937
51 47 1778
51 48 48
51 49 889
51 50 1730
51 51 0
51 52 841
51 53 1682
51 54 48
51 55 889
51 56 1730
51 57 96
51 58 937
51 59 1778
51 60 144
51 61 985
51 62 1826
51 63 192
51 64 1033
51 65 1874
51 66 456
52 0 1297
52 1 763
52 2 1053
52 3 763
52 4 476
52 5 546
52 6 568
52 7 945
52 8 828
52 9 883
52 10 870
52 11 133
52 12 757
52 13 880
52 14 1140
52 15 958
52 16 181
52 17 719
52 18 211
52 19 727
52 20 727
52 21 1088
52 22 464
52 23 585
52 24 810
52 25 615
52 26 754
52 27 1049
52 28 936
52 29 727
52 30 1177
52 31 336
52 32 1177
52 33 1129
52 34 288
52 35 1129
52 36 1081
52 37 240
52 38 1081
52 39 1033
52 40 192
52 41 1033
52 42 985
52 43 144
52 44 985
52 45 937
52 46 96
52 47 937
52 48 889
52 49 48
52 50 889
52 51 841
52 52 0
52 53 841
52 54 889
52 55 48
52 56 889
52 57 937
52 58 96
52 59 937
52 60 985
52 61 144
52 62 985
52 63 1033
52 64 192
52 65 1033
52 66 1297
53 0 2138
53 1 750
53 2 364
53 3 750
53 4 1317
53 5 1387
53 6 945
53 7 568
53 8 685
53 9 1724
53 10 259
53 11 900
53 12 1598
53 13 633
53 14 373
53 15 1799
53 16 948
53 17 1560
53 18 822
53 19 402
53 20 1568
53 21 1929
53 22 1305
53 23 1426
53 24 511
53 25 1456
53 26 663
53 27 464
53 28 481
53 29 402
53 30 2018
53 31 1177
53 32 336
53 33 1970
53 34 1129
53 35 288
53 36 1922
53 37 1081
53 38 240
53 39 1874
53 40 1033
53 41 192
53 42 1826
53 43 985
53 44 144
53 45 1778
53 46 937
53 47 96
53 48 1730
53 49 889
53 50 48
53 51 1682
53 52 841
53 53 0
53 54 1730
53 55 889
53 56 48
53 57 1778
53 58 937
53 59 96
53 60 1826
53 61 985
53 62 144
53 63 1874
53 64 1033
53 65 192
53 66 2138
54 0 504
54 1 1652
54 2 1942
54 3 1652
54 4 701
54 5 919
54 6 1457
54 7 1834
54 8 1717
54 9 294
54 10 1759
54 11 1022
54 12 324
54 13 1769
54 14 2029
54 15 603
54 16 1070
54 17 650
54 18 1004
54 19 1520
54 20 450
54 21 473
54 22 1097
54 23 880
54 24 1699
54 25 754
54 26 1643
54 27 1938
54 28 1825
54 29 1616
54 30 384
54 31 1225
54 32 2066
54 33 336
54 34 1177
54 35 2018
54 36 288
54 37 1129
54 38 1970
54 39 240
54 40 1081
54 41 1922
54 42 192
54 43 1033
54 44 1874
54 45 144
54 46 985
54 47 1826
54 48 96
54 49 937
54 50 1778
54 51 48
54 52 889
54 53 1730
54 54 0
54 55 841
54 56 1682
54 57 48
54 58 889
54 59 1730
54 60 96
54 61 937
54 62 1778
54 63 144
54 64 985
54 65 1826
54 66 504
55 0 1345
55 1 811
55 2 1101
55 3 811
55 4 428
55 5 594
55 6 616
55 7 993
55 8 876
55 9 931
55 10 918
55 11 181
55 12 805
55 13 928
55 14 1188
55 15 1006
55 16 229
55 17 767
55 18 163
55 19 679
55 20 775
55 21 1136
55 22 512
55 23 633
55 24 858
55 25 663
55 26 802
55 27 1097
55 28 984
55 29 775
55 30 1225
55 31 384
55 32 1225
55 33 1177
55 34 336
55 35 1177
55 36 1129
55 37 288
55 38 1129
55 39 1081
55 40 240
55 41 1081
55 42 1033
55 43 192
55 44 1033
55 45 985
55 46 144
55 47 985
