//alpha
1
//NbLocations
58
//NbProducts
21
//NbPickers
2
//CapaPicker
8
//TimeToTravelOneDistanceUnit
3
//SetupTime
5400
//PickTime
300
//Products
//Idx Location Size
1 1 1
2 2 1
3 3 1
4 4 1
5 5 1
6 6 1
7 7 1
8 8 1
9 9 1
10 10 1
11 11 1
12 12 1
13 13 1
14 14 1
15 15 1
16 16 1
17 17 1
18 18 1
19 19 1
20 20 1
21 21 1
//Orders
//NbOrders
12
//Idx DueDate TardinessPenalty NbProdInOrder ProdIdx1 Qty1 ProdIdx2 Qty2 ...
1 72000 0 2 1 1 2 1
2 126000 0 1 3 1
3 72000 0 1 4 1
4 72000 0 1 5 1
5 126000 0 2 6 1 7 1
6 36000 0 1 8 1
7 126000 0 1 9 1
8 54000 0 1 10 1
9 54000 0 1 11 1
10 72000 0 1 12 1
11 108000 0 3 13 1 14 1 15 1
12 90000 0 6 16 1 17 1 18 1 19 1 20 1 21 1
//Graph (Products are vertices indexed from 1 to NbProducts)
//NbVerticesIntersections
36
//DepartingDepot
0
//ArrivalDepot
58
//Arcs
//Start End Distance
0 22 120
1 5 104
1 13 26
2 13 52
2 24 50
3 7 91
3 27 401
4 10 91
4 14 273
5 1 104
5 19 52
6 17 351
6 19 117
7 3 91
7 26 349
8 21 221
8 26 505
9 11 559
9 34 219
10 4 91
10 22 284
11 9 559
11 35 63
12 37 440
12 38 401
13 1 26
13 2 52
14 4 273
14 23 193
15 28 401
15 29 440
16 38 466
16 39 375
17 6 351
17 23 89
18 52 609
18 53 232
19 5 52
19 6 117
20 40 154
20 41 687
21 8 221
21 25 115
22 10 284
22 25 48
22 58 120
23 14 193
23 17 89
23 26 48
24 2 50
24 27 48
25 21 115
25 22 48
25 28 48
26 7 349
26 8 505
26 23 48
26 29 48
27 3 401
27 24 48
27 30 48
28 15 401
28 25 48
28 31 48
29 15 440
29 26 48
29 30 841
29 32 48
30 27 48
30 29 841
30 33 48
31 28 48
31 32 841
31 34 48
32 29 48
32 31 841
32 33 841
32 35 48
33 30 48
33 32 841
33 36 48
34 9 219
34 31 48
34 37 48
35 11 63
35 32 48
35 36 841
35 38 48
36 33 48
36 35 841
36 39 48
37 12 440
37 34 48
37 40 48
38 12 401
38 16 466
38 35 48
38 41 48
39 16 375
39 36 48
39 42 48
40 20 154
40 37 48
40 43 48
41 20 687
41 38 48
41 42 841
41 44 48
42 39 48
42 41 841
42 45 48
43 40 48
43 44 841
43 46 48
44 41 48
44 43 841
44 45 841
44 47 48
45 42 48
45 44 841
45 48 48
46 43 48
46 47 841
46 49 48
47 44 48
47 46 841
47 48 841
47 50 48
48 45 48
48 47 841
48 51 48
49 46 48
49 50 841
49 52 48
50 47 48
50 49 841
50 51 841
50 53 48
51 48 48
51 50 841
51 54 48
52 18 609
52 49 48
52 55 48
53 18 232
53 50 48
53 54 841
53 56 48
54 51 48
54 53 841
54 57 48
55 52 48
55 56 841
56 53 48
56 55 841
56 57 841
57 54 48
57 56 841
//LocStart LocEnd ShortestPath
0 0 0
0 1 1674
0 2 1752
0 3 1449
0 4 495
0 5 1570
0 6 1401
0 7 1358
0 8 504
0 9 531
0 10 404
0 11 1090
0 12 800
0 13 1700
0 14 768
0 15 617
0 16 1667
0 17 1050
0 18 1209
0 19 1518
0 20 562
0 21 283
0 22 120
0 23 961
0 24 1802
0 25 168
0 26 1009
0 27 1850
0 28 216
0 29 1057
0 30 1898
0 31 264
0 32 1105
0 33 1946
0 34 312
0 35 1153
0 36 1994
0 37 360
0 38 1201
0 39 2042
0 40 408
0 41 1249
0 42 2090
0 43 456
0 44 1297
0 45 2138
0 46 504
0 47 1345
0 48 2186
0 49 552
0 50 1393
0 51 2234
0 52 600
0 53 1441
0 54 2282
0 55 648
0 56 1489
0 57 2330
0 58 0
1 0 1674
1 1 0
1 2 78
1 3 577
1 4 1179
1 5 104
1 6 273
1 7 668
1 8 1266
1 9 1527
1 10 1270
1 11 968
1 12 1354
1 13 26
1 14 906
1 15 1249
1 16 743
1 17 624
1 18 1425
1 19 156
1 20 1688
1 21 1487
1 22 1554
1 23 713
1 24 128
1 25 1602
1 26 761
1 27 176
1 28 1650
1 29 809
1 30 224
1 31 1698
1 32 857
1 33 272
1 34 1746
1 35 905
1 36 320
1 37 1794
1 38 953
1 39 368
1 40 1842
1 41 1001
1 42 416
1 43 1890
1 44 1049
1 45 464
1 46 1938
1 47 1097
1 48 512
1 49 1986
1 50 1145
1 51 560
1 52 2034
1 53 1193
1 54 608
1 55 2082
1 56 1241
1 57 656
1 58 1674
2 0 1752
2 1 78
2 2 0
2 3 499
2 4 1257
2 5 182
2 6 351
2 7 590
2 8 1344
2 9 1605
2 10 1348
2 11 1046
2 12 1432
2 13 52
2 14 984
2 15 1327
2 16 665
2 17 702
2 18 1503
2 19 234
2 20 1766
2 21 1565
2 22 1632
2 23 791
2 24 50
2 25 1680
2 26 839
2 27 98
2 28 1728
2 29 887
2 30 146
2 31 1776
2 32 935
2 33 194
2 34 1824
2 35 983
2 36 242
2 37 1872
2 38 1031
2 39 290
2 40 1920
2 41 1079
2 42 338
2 43 1968
2 44 1127
2 45 386
2 46 2016
2 47 1175
2 48 434
2 49 2064
2 50 1223
2 51 482
2 52 2112
2 53 1271
2 54 530
2 55 2160
2 56 1319
2 57 578
2 58 1752
3 0 1449
3 1 577
3 2 499
3 3 0
3 4 954
3 5 681
3 6 850
3 7 91
3 8 945
3 9 1206
3 10 1045
3 11 647
3 12 1033
3 13 551
3 14 681
3 15 928
3 16 968
3 17 577
3 18 1104
3 19 733
3 20 1367
3 21 1166
3 22 1329
3 23 488
3 24 449
3 25 1281
3 26 440
3 27 401
3 28 1329
3 29 488
3 30 449
3 31 1377
3 32 536
3 33 497
3 34 1425
3 35 584
3 36 545
3 37 1473
3 38 632
3 39 593
3 40 1521
3 41 680
3 42 641
3 43 1569
3 44 728
3 45 689
3 46 1617
3 47 776
3 48 737
3 49 1665
3 50 824
3 51 785
3 52 1713
3 53 872
3 54 833
3 55 1761
3 56 920
3 57 881
3 58 1449
4 0 495
4 1 1179
4 2 1257
4 3 954
4 4 0
4 5 1075
4 6 906
4 7 863
4 8 759
4 9 786
4 10 91
4 11 721
4 12 1055
4 13 1205
4 14 273
4 15 872
4 16 1172
4 17 555
4 18 1178
4 19 1023
4 20 817
4 21 538
4 22 375
4 23 466
4 24 1307
4 25 423
4 26 514
4 27 1355
4 28 471
4 29 562
4 30 1403
4 31 519
4 32 610
4 33 1451
4 34 567
4 35 658
4 36 1499
4 37 615
4 38 706
4 39 1547
4 40 663
4 41 754
4 42 1595
4 43 711
4 44 802
4 45 1643
4 46 759
4 47 850
4 48 1691
4 49 807
4 50 898
4 51 1739
4 52 855
4 53 946
4 54 1787
4 55 903
4 56 994
4 57 1835
4 58 495
5 0 1570
5 1 104
5 2 182
5 3 681
5 4 1075
5 5 0
5 6 169
5 7 772
5 8 1162
5 9 1423
5 10 1166
5 11 864
5 12 1250
5 13 130
5 14 802
5 15 1145
5 16 847
5 17 520
5 18 1321
5 19 52
5 20 1584
5 21 1383
5 22 1450
5 23 609
5 24 232
5 25 1498
5 26 657
5 27 280
5 28 1546
5 29 705
5 30 328
5 31 1594
5 32 753
5 33 376
5 34 1642
5 35 801
5 36 424
5 37 1690
5 38 849
5 39 472
5 40 1738
5 41 897
5 42 520
5 43 1786
5 44 945
5 45 568
5 46 1834
5 47 993
5 48 616
5 49 1882
5 50 1041
5 51 664
5 52 1930
5 53 1089
5 54 712
5 55 1978
5 56 1137
5 57 760
5 58 1570
6 0 1401
6 1 273
6 2 351
6 3 850
6 4 906
6 5 169
6 6 0
6 7 837
6 8 993
6 9 1254
6 10 997
6 11 695
6 12 1081
6 13 299
6 14 633
6 15 976
6 16 1016
6 17 351
6 18 1152
6 19 117
6 20 1415
6 21 1214
6 22 1281
6 23 440
6 24 401
6 25 1329
6 26 488
6 27 449
6 28 1377
6 29 536
6 30 497
6 31 1425
6 32 584
6 33 545
6 34 1473
6 35 632
6 36 593
6 37 1521
6 38 680
6 39 641
6 40 1569
6 41 728
6 42 689
6 43 1617
6 44 776
6 45 737
6 46 1665
6 47 824
6 48 785
6 49 1713
6 50 872
6 51 833
6 52 1761
6 53 920
6 54 881
6 55 1809
6 56 968
6 57 929
6 58 1401
7 0 1358
7 1 668
7 2 590
7 3 91
7 4 863
7 5 772
7 6 837
7 7 0
7 8 854
7 9 1115
7 10 954
7 11 556
7 12 942
7 13 642
7 14 590
7 15 837
7 16 1007
7 17 486
7 18 1013
7 19 824
7 20 1276
7 21 1075
7 22 1238
7 23 397
7 24 540
7 25 1190
7 26 349
7 27 492
7 28 1238
7 29 397
7 30 540
7 31 1286
7 32 445
7 33 588
7 34 1334
7 35 493
7 36 636
7 37 1382
7 38 541
7 39 684
7 40 1430
7 41 589
7 42 732
7 43 1478
7 44 637
7 45 780
7 46 1526
7 47 685
7 48 828
7 49 1574
7 50 733
7 51 876
7 52 1622
7 53 781
7 54 924
7 55 1670
7 56 829
7 57 972
7 58 1358
8 0 504
8 1 1266
8 2 1344
8 3 945
8 4 759
8 5 1162
8 6 993
8 7 854
8 8 0
8 9 699
8 10 668
8 11 712
8 12 968
8 13 1292
8 14 746
8 15 785
8 16 1163
8 17 642
8 18 1169
8 19 1110
8 20 730
8 21 221
8 22 384
8 23 553
8 24 1394
8 25 336
8 26 505
8 27 1346
8 28 384
8 29 553
8 30 1394
8 31 432
8 32 601
8 33 1442
8 34 480
8 35 649
8 36 1490
8 37 528
8 38 697
8 39 1538
8 40 576
8 41 745
8 42 1586
8 43 624
8 44 793
8 45 1634
8 46 672
8 47 841
8 48 1682
8 49 720
8 50 889
8 51 1730
8 52 768
8 53 937
8 54 1778
8 55 816
8 56 985
8 57 1826
8 58 504
9 0 531
9 1 1527
9 2 1605
9 3 1206
9 4 786
9 5 1423
9 6 1254
9 7 1115
9 8 699
9 9 0
9 10 695
9 11 559
9 12 707
9 13 1553
9 14 1007
9 15 716
9 16 1136
9 17 903
9 18 1116
9 19 1371
9 20 469
9 21 478
9 22 411
9 23 814
9 24 1655
9 25 363
9 26 766
9 27 1607
9 28 315
9 29 718
9 30 1559
9 31 267
9 32 670
9 33 1511
9 34 219
9 35 622
9 36 1463
9 37 267
9 38 670
9 39 1511
9 40 315
9 41 718
9 42 1559
9 43 363
9 44 766
9 45 1607
9 46 411
9 47 814
9 48 1655
9 49 459
9 50 862
9 51 1703
9 52 507
9 53 910
9 54 1751
9 55 555
9 56 958
9 57 1799
9 58 531
10 0 404
10 1 1270
10 2 1348
10 3 1045
10 4 91
10 5 1166
10 6 997
10 7 954
10 8 668
10 9 695
10 10 0
10 11 812
10 12 964
10 13 1296
10 14 364
10 15 781
10 16 1263
10 17 646
10 18 1269
10 19 1114
10 20 726
10 21 447
10 22 284
10 23 557
10 24 1398
10 25 332
10 26 605
10 27 1446
10 28 380
10 29 653
10 30 1494
10 31 428
10 32 701
10 33 1542
10 34 476
10 35 749
10 36 1590
10 37 524
10 38 797
10 39 1638
10 40 572
10 41 845
10 42 1686
10 43 620
10 44 893
10 45 1734
10 46 668
10 47 941
10 48 1782
10 49 716
10 50 989
10 51 1830
10 52 764
10 53 1037
10 54 1878
10 55 812
10 56 1085
10 57 1926
10 58 404
11 0 1090
11 1 968
11 2 1046
11 3 647
11 4 721
11 5 864
11 6 695
11 7 556
11 8 712
11 9 559
11 10 812
11 11 0
11 12 512
11 13 994
11 14 448
11 15 599
11 16 577
11 17 344
11 18 583
11 19 812
11 20 846
11 21 933
11 22 970
11 23 255
11 24 1096
11 25 922
11 26 207
11 27 1048
11 28 874
11 29 159
11 30 1000
11 31 826
11 32 111
11 33 952
11 34 778
11 35 63
11 36 904
11 37 826
11 38 111
11 39 952
11 40 874
11 41 159
11 42 1000
11 43 922
11 44 207
11 45 1048
11 46 970
11 47 255
11 48 1096
11 49 1018
11 50 303
11 51 1144
11 52 1066
11 53 351
11 54 1192
11 55 1114
11 56 399
11 57 1240
11 58 1090
12 0 800
12 1 1354
12 2 1432
12 3 1033
12 4 1055
12 5 1250
12 6 1081
12 7 942
12 8 968
12 9 707
12 10 964
12 11 512
12 12 0
12 13 1380
12 14 834
12 15 985
12 16 867
12 17 730
12 18 873
12 19 1198
12 20 642
12 21 747
12 22 680
12 23 641
12 24 1482
12 25 632
12 26 593
12 27 1434
12 28 584
12 29 545
12 30 1386
12 31 536
12 32 497
12 33 1338
12 34 488
12 35 449
12 36 1290
12 37 440
12 38 401
12 39 1242
12 40 488
12 41 449
12 42 1290
12 43 536
12 44 497
12 45 1338
12 46 584
12 47 545
12 48 1386
12 49 632
12 50 593
12 51 1434
12 52 680
12 53 641
12 54 1482
12 55 728
12 56 689
12 57 1530
12 58 800
13 0 1700
13 1 26
13 2 52
13 3 551
13 4 1205
13 5 130
13 6 299
13 7 642
13 8 1292
13 9 1553
13 10 1296
13 11 994
13 12 1380
13 13 0
13 14 932
13 15 1275
13 16 717
13 17 650
13 18 1451
13 19 182
13 20 1714
13 21 1513
13 22 1580
13 23 739
13 24 102
13 25 1628
13 26 787
13 27 150
13 28 1676
13 29 835
13 30 198
13 31 1724
13 32 883
13 33 246
13 34 1772
13 35 931
13 36 294
13 37 1820
13 38 979
13 39 342
13 40 1868
13 41 1027
13 42 390
13 43 1916
13 44 1075
13 45 438
13 46 1964
13 47 1123
13 48 486
13 49 2012
13 50 1171
13 51 534
13 52 2060
13 53 1219
13 54 582
13 55 2108
13 56 1267
13 57 630
13 58 1700
14 0 768
14 1 906
14 2 984
14 3 681
14 4 273
14 5 802
14 6 633
14 7 590
14 8 746
14 9 1007
14 10 364
14 11 448
14 12 834
14 13 932
14 14 0
14 15 729
14 16 899
14 17 282
14 18 905
14 19 750
14 20 1090
14 21 811
14 22 648
14 23 193
14 24 1034
14 25 696
14 26 241
14 27 1082
14 28 744
14 29 289
14 30 1130
14 31 792
14 32 337
14 33 1178
14 34 840
14 35 385
14 36 1226
14 37 888
14 38 433
14 39 1274
14 40 936
14 41 481
14 42 1322
14 43 984
14 44 529
14 45 1370
14 46 1032
14 47 577
14 48 1418
14 49 1080
14 50 625
14 51 1466
14 52 1128
14 53 673
14 54 1514
14 55 1176
14 56 721
14 57 1562
14 58 768
15 0 617
15 1 1249
15 2 1327
15 3 928
15 4 872
15 5 1145
15 6 976
15 7 837
15 8 785
15 9 716
15 10 781
15 11 599
15 12 985
15 13 1275
15 14 729
15 15 0
15 16 1050
15 17 625
15 18 1056
15 19 1093
15 20 747
15 21 564
15 22 497
15 23 536
15 24 1377
15 25 449
15 26 488
15 27 1329
15 28 401
15 29 440
15 30 1281
15 31 449
15 32 488
15 33 1329
15 34 497
15 35 536
15 36 1377
15 37 545
15 38 584
15 39 1425
15 40 593
15 41 632
15 42 1473
15 43 641
15 44 680
15 45 1521
15 46 689
15 47 728
15 48 1569
15 49 737
15 50 776
15 51 1617
15 52 785
15 53 824
15 54 1665
15 55 833
15 56 872
15 57 1713
15 58 617
16 0 1667
16 1 743
16 2 665
16 3 968
16 4 1172
16 5 847
16 6 1016
16 7 1007
16 8 1163
16 9 1136
16 10 1263
16 11 577
16 12 867
16 13 717
16 14 899
16 15 1050
16 16 0
16 17 795
16 18 938
16 19 899
16 20 1201
16 21 1384
16 22 1547
16 23 706
16 24 615
16 25 1499
16 26 658
16 27 567
16 28 1451
16 29 610
16 30 519
16 31 1403
16 32 562
16 33 471
16 34 1355
16 35 514
16 36 423
16 37 1307
16 38 466
16 39 375
16 40 1355
16 41 514
16 42 423
16 43 1403
16 44 562
16 45 471
16 46 1451
16 47 610
16 48 519
16 49 1499
16 50 658
16 51 567
16 52 1547
16 53 706
16 54 615
16 55 1595
16 56 754
16 57 663
16 58 1667
17 0 1050
17 1 624
17 2 702
17 3 577
17 4 555
17 5 520
17 6 351
17 7 486
17 8 642
17 9 903
17 10 646
17 11 344
17 12 730
17 13 650
17 14 282
17 15 625
17 16 795
17 17 0
17 18 801
17 19 468
17 20 1064
17 21 863
17 22 930
17 23 89
17 24 752
17 25 978
17 26 137
17 27 800
17 28 1026
17 29 185
17 30 848
17 31 1074
17 32 233
17 33 896
17 34 1122
17 35 281
17 36 944
17 37 1170
17 38 329
17 39 992
17 40 1218
17 41 377
17 42 1040
17 43 1266
17 44 425
17 45 1088
17 46 1314
17 47 473
17 48 1136
17 49 1362
17 50 521
17 51 1184
17 52 1410
17 53 569
17 54 1232
17 55 1458
17 56 617
17 57 1280
17 58 1050
18 0 1209
18 1 1425
18 2 1503
18 3 1104
18 4 1178
18 5 1321
18 6 1152
18 7 1013
18 8 1169
18 9 1116
18 10 1269
18 11 583
18 12 873
18 13 1451
18 14 905
18 15 1056
18 16 938
18 17 801
18 18 0
18 19 1269
18 20 955
18 21 1156
18 22 1089
18 23 712
18 24 1553
18 25 1041
18 26 664
18 27 1505
18 28 993
18 29 616
18 30 1457
18 31 945
18 32 568
18 33 1409
18 34 897
18 35 520
18 36 1361
18 37 849
18 38 472
18 39 1313
18 40 801
18 41 424
18 42 1265
18 43 753
18 44 376
18 45 1217
18 46 705
18 47 328
18 48 1169
18 49 657
18 50 280
18 51 1121
18 52 609
18 53 232
18 54 1073
18 55 657
18 56 280
18 57 1121
18 58 1209
19 0 1518
19 1 156
19 2 234
19 3 733
19 4 1023
19 5 52
19 6 117
19 7 824
19 8 1110
19 9 1371
19 10 1114
19 11 812
19 12 1198
19 13 182
19 14 750
19 15 1093
19 16 899
19 17 468
19 18 1269
19 19 0
19 20 1532
19 21 1331
19 22 1398
19 23 557
19 24 284
19 25 1446
19 26 605
19 27 332
19 28 1494
19 29 653
19 30 380
19 31 1542
19 32 701
19 33 428
19 34 1590
19 35 749
19 36 476
19 37 1638
19 38 797
19 39 524
19 40 1686
19 41 845
19 42 572
19 43 1734
19 44 893
19 45 620
19 46 1782
19 47 941
19 48 668
19 49 1830
19 50 989
19 51 716
19 52 1878
19 53 1037
19 54 764
19 55 1926
19 56 1085
19 57 812
19 58 1518
20 0 562
20 1 1688
20 2 1766
20 3 1367
20 4 817
20 5 1584
20 6 1415
20 7 1276
20 8 730
20 9 469
20 10 726
20 11 846
20 12 642
20 13 1714
20 14 1090
20 15 747
20 16 1201
20 17 1064
20 18 955
20 19 1532
20 20 0
20 21 509
20 22 442
20 23 975
20 24 1816
20 25 394
20 26 927
20 27 1768
20 28 346
20 29 879
20 30 1720
20 31 298
20 32 831
20 33 1672
20 34 250
20 35 783
20 36 1624
20 37 202
20 38 735
20 39 1576
20 40 154
20 41 687
20 42 1528
20 43 202
20 44 735
20 45 1576
20 46 250
20 47 783
20 48 1624
20 49 298
20 50 831
20 51 1672
20 52 346
20 53 879
20 54 1720
20 55 394
20 56 927
20 57 1768
20 58 562
21 0 283
21 1 1487
21 2 1565
21 3 1166
21 4 538
21 5 1383
21 6 1214
21 7 1075
21 8 221
21 9 478
21 10 447
21 11 933
21 12 747
21 13 1513
21 14 811
21 15 564
21 16 1384
21 17 863
21 18 1156
21 19 1331
21 20 509
21 21 0
21 22 163
21 23 774
21 24 1615
21 25 115
21 26 726
21 27 1567
21 28 163
21 29 774
21 30 1615
21 31 211
21 32 822
21 33 1663
21 34 259
21 35 870
21 36 1711
21 37 307
21 38 918
21 39 1759
21 40 355
21 41 966
21 42 1807
21 43 403
21 44 1014
21 45 1855
21 46 451
21 47 1062
21 48 1903
21 49 499
21 50 1110
21 51 1951
21 52 547
21 53 1158
21 54 1999
21 55 595
21 56 1206
21 57 2047
21 58 283
22 0 120
22 1 1554
22 2 1632
22 3 1329
22 4 375
22 5 1450
22 6 1281
22 7 1238
22 8 384
22 9 411
22 10 284
22 11 970
22 12 680
22 13 1580
22 14 648
22 15 497
22 16 1547
22 17 930
22 18 1089
22 19 1398
22 20 442
22 21 163
22 22 0
22 23 841
22 24 1682
22 25 48
22 26 889
22 27 1730
22 28 96
22 29 937
22 30 1778
22 31 144
22 32 985
22 33 1826
22 34 192
22 35 1033
22 36 1874
22 37 240
22 38 1081
22 39 1922
22 40 288
22 41 1129
22 42 1970
22 43 336
22 44 1177
22 45 2018
22 46 384
22 47 1225
22 48 2066
22 49 432
22 50 1273
22 51 2114
22 52 480
22 53 1321
22 54 2162
22 55 528
22 56 1369
22 57 2210
22 58 120
23 0 961
23 1 713
23 2 791
23 3 488
23 4 466
23 5 609
23 6 440
23 7 397
23 8 553
23 9 814
23 10 557
23 11 255
23 12 641
23 13 739
23 14 193
23 15 536
23 16 706
23 17 89
23 18 712
23 19 557
23 20 975
23 21 774
23 22 841
23 23 0
23 24 841
23 25 889
23 26 48
23 27 889
23 28 937
23 29 96
23 30 937
23 31 985
23 32 144
23 33 985
23 34 1033
23 35 192
23 36 1033
23 37 1081
23 38 240
23 39 1081
23 40 1129
23 41 288
23 42 1129
23 43 1177
23 44 336
23 45 1177
23 46 1225
23 47 384
23 48 1225
23 49 1273
23 50 432
23 51 1273
23 52 1321
23 53 480
23 54 1321
23 55 1369
23 56 528
23 57 1369
23 58 961
24 0 1802
24 1 128
24 2 50
24 3 449
24 4 1307
24 5 232
24 6 401
24 7 540
24 8 1394
24 9 1655
24 10 1398
24 11 1096
24 12 1482
24 13 102
24 14 1034
24 15 1377
24 16 615
24 17 752
24 18 1553
24 19 284
24 20 1816
24 21 1615
24 22 1682
24 23 841
24 24 0
24 25 1730
24 26 889
24 27 48
24 28 1778
24 29 937
24 30 96
24 31 1826
24 32 985
24 33 144
24 34 1874
24 35 1033
24 36 192
24 37 1922
24 38 1081
24 39 240
24 40 1970
24 41 1129
24 42 288
24 43 2018
24 44 1177
24 45 336
24 46 2066
24 47 1225
24 48 384
24 49 2114
24 50 1273
24 51 432
24 52 2162
24 53 1321
24 54 480
24 55 2210
24 56 1369
24 57 528
24 58 1802
25 0 168
25 1 1602
25 2 1680
25 3 1281
25 4 423
25 5 1498
25 6 1329
25 7 1190
25 8 336
25 9 363
25 10 332
25 11 922
25 12 632
25 13 1628
25 14 696
25 15 449
25 16 1499
25 17 978
25 18 1041
25 19 1446
25 20 394
25 21 115
25 22 48
25 23 889
25 24 1730
25 25 0
25 26 841
25 27 1682
25 28 48
25 29 889
25 30 1730
25 31 96
25 32 937
25 33 1778
25 34 144
25 35 985
25 36 1826
25 37 192
25 38 1033
25 39 1874
25 40 240
25 41 1081
25 42 1922
25 43 288
25 44 1129
25 45 1970
25 46 336
25 47 1177
25 48 2018
25 49 384
25 50 1225
25 51 2066
25 52 432
25 53 1273
25 54 2114
25 55 480
25 56 1321
25 57 2162
25 58 168
26 0 1009
26 1 761
26 2 839
26 3 440
26 4 514
26 5 657
26 6 488
26 7 349
26 8 505
26 9 766
26 10 605
26 11 207
26 12 593
26 13 787
26 14 241
26 15 488
26 16 658
26 17 137
26 18 664
26 19 605
26 20 927
26 21 726
26 22 889
26 23 48
26 24 889
26 25 841
26 26 0
26 27 841
26 28 889
26 29 48
26 30 889
26 31 937
26 32 96
26 33 937
26 34 985
26 35 144
26 36 985
26 37 1033
26 38 192
26 39 1033
26 40 1081
26 41 240
26 42 1081
26 43 1129
26 44 288
26 45 1129
26 46 1177
26 47 336
26 48 1177
26 49 1225
26 50 384
26 51 1225
26 52 1273
26 53 432
26 54 1273
26 55 1321
26 56 480
26 57 1321
26 58 1009
27 0 1850
27 1 176
27 2 98
27 3 401
27 4 1355
27 5 280
27 6 449
27 7 492
27 8 1346
27 9 1607
27 10 1446
27 11 1048
27 12 1434
27 13 150
27 14 1082
27 15 1329
27 16 567
27 17 800
27 18 1505
27 19 332
27 20 1768
27 21 1567
27 22 1730
27 23 889
27 24 48
27 25 1682
27 26 841
27 27 0
27 28 1730
27 29 889
27 30 48
27 31 1778
27 32 937
27 33 96
27 34 1826
27 35 985
27 36 144
27 37 1874
27 38 1033
27 39 192
27 40 1922
27 41 1081
27 42 240
27 43 1970
27 44 1129
27 45 288
27 46 2018
27 47 1177
27 48 336
27 49 2066
27 50 1225
27 51 384
27 52 2114
27 53 1273
27 54 432
27 55 2162
27 56 1321
27 57 480
27 58 1850
28 0 216
28 1 1650
28 2 1728
28 3 1329
28 4 471
28 5 1546
28 6 1377
28 7 1238
28 8 384
28 9 315
28 10 380
28 11 874
28 12 584
28 13 1676
28 14 744
28 15 401
28 16 1451
28 17 1026
28 18 993
28 19 1494
28 20 346
28 21 163
28 22 96
28 23 937
28 24 1778
28 25 48
28 26 889
28 27 1730
28 28 0
28 29 841
28 30 1682
28 31 48
28 32 889
28 33 1730
28 34 96
28 35 937
28 36 1778
28 37 144
28 38 985
28 39 1826
28 40 192
28 41 1033
28 42 1874
28 43 240
28 44 1081
28 45 1922
28 46 288
28 47 1129
28 48 1970
28 49 336
28 50 1177
28 51 2018
28 52 384
28 53 1225
28 54 2066
28 55 432
28 56 1273
28 57 2114
28 58 216
29 0 1057
29 1 809
29 2 887
29 3 488
29 4 562
29 5 705
29 6 536
29 7 397
29 8 553
29 9 718
29 10 653
29 11 159
29 12 545
29 13 835
29 14 289
29 15 440
29 16 610
29 17 185
29 18 616
29 19 653
29 20 879
29 21 774
29 22 937
29 23 96
29 24 937
29 25 889
29 26 48
29 27 889
29 28 841
29 29 0
29 30 841
29 31 889
29 32 48
29 33 889
29 34 937
29 35 96
29 36 937
29 37 985
29 38 144
29 39 985
29 40 1033
29 41 192
29 42 1033
29 43 1081
29 44 240
29 45 1081
29 46 1129
29 47 288
29 48 1129
29 49 1177
29 50 336
29 51 1177
29 52 1225
29 53 384
29 54 1225
29 55 1273
29 56 432
29 57 1273
29 58 1057
30 0 1898
30 1 224
30 2 146
30 3 449
30 4 1403
30 5 328
30 6 497
30 7 540
30 8 1394
30 9 1559
30 10 1494
30 11 1000
30 12 1386
30 13 198
30 14 1130
30 15 1281
30 16 519
30 17 848
30 18 1457
30 19 380
30 20 1720
30 21 1615
30 22 1778
30 23 937
30 24 96
30 25 1730
30 26 889
30 27 48
30 28 1682
30 29 841
30 30 0
30 31 1730
30 32 889
30 33 48
30 34 1778
30 35 937
30 36 96
30 37 1826
30 38 985
30 39 144
30 40 1874
30 41 1033
30 42 192
30 43 1922
30 44 1081
30 45 240
30 46 1970
30 47 1129
30 48 288
30 49 2018
30 50 1177
30 51 336
30 52 2066
30 53 1225
30 54 384
30 55 2114
30 56 1273
30 57 432
30 58 1898
31 0 264
31 1 1698
31 2 1776
31 3 1377
31 4 519
31 5 1594
31 6 1425
31 7 1286
31 8 432
31 9 267
31 10 428
31 11 826
31 12 536
31 13 1724
31 14 792
31 15 449
31 16 1403
31 17 1074
31 18 945
31 19 1542
31 20 298
31 21 211
31 22 144
31 23 985
31 24 1826
31 25 96
31 26 937
31 27 1778
31 28 48
31 29 889
31 30 1730
31 31 0
31 32 841
31 33 1682
31 34 48
31 35 889
31 36 1730
31 37 96
31 38 937
31 39 1778
31 40 144
31 41 985
31 42 1826
31 43 192
31 44 1033
31 45 1874
31 46 240
31 47 1081
31 48 1922
31 49 288
31 50 1129
31 51 1970
31 52 336
31 53 1177
31 54 2018
31 55 384
31 56 1225
31 57 2066
31 58 264
32 0 1105
32 1 857
32 2 935
32 3 536
32 4 610
32 5 753
32 6 584
32 7 445
32 8 601
32 9 670
32 10 701
32 11 111
32 12 497
32 13 883
32 14 337
32 15 488
32 16 562
32 17 233
32 18 568
32 19 701
32 20 831
32 21 822
32 22 985
32 23 144
32 24 985
32 25 937
32 26 96
32 27 937
32 28 889
32 29 48
32 30 889
32 31 841
32 32 0
32 33 841
32 34 889
32 35 48
32 36 889
32 37 937
32 38 96
32 39 937
32 40 985
32 41 144
32 42 985
32 43 1033
32 44 192
32 45 1033
32 46 1081
32 47 240
32 48 1081
32 49 1129
32 50 288
32 51 1129
32 52 1177
32 53 336
32 54 1177
32 55 1225
32 56 384
32 57 1225
32 58 1105
33 0 1946
33 1 272
33 2 194
33 3 497
33 4 1451
33 5 376
33 6 545
33 7 588
33 8 1442
33 9 1511
33 10 1542
33 11 952
33 12 1338
33 13 246
33 14 1178
33 15 1329
33 16 471
33 17 896
33 18 1409
33 19 428
33 20 1672
33 21 1663
33 22 1826
33 23 985
33 24 144
33 25 1778
33 26 937
33 27 96
33 28 1730
33 29 889
33 30 48
33 31 1682
33 32 841
33 33 0
33 34 1730
33 35 889
33 36 48
33 37 1778
33 38 937
33 39 96
33 40 1826
33 41 985
33 42 144
33 43 1874
33 44 1033
33 45 192
33 46 1922
33 47 1081
33 48 240
33 49 1970
33 50 1129
33 51 288
33 52 2018
33 53 1177
33 54 336
33 55 2066
33 56 1225
33 57 384
33 58 1946
34 0 312
34 1 1746
34 2 1824
34 3 1425
34 4 567
34 5 1642
34 6 1473
34 7 1334
34 8 480
34 9 219
34 10 476
34 11 778
34 12 488
34 13 1772
34 14 840
34 15 497
34 16 1355
34 17 1122
34 18 897
34 19 1590
34 20 250
34 21 259
34 22 192
34 23 1033
34 24 1874
34 25 144
34 26 985
34 27 1826
34 28 96
34 29 937
34 30 1778
34 31 48
34 32 889
34 33 1730
34 34 0
34 35 841
34 36 1682
34 37 48
34 38 889
34 39 1730
34 40 96
34 41 937
34 42 1778
34 43 144
34 44 985
34 45 1826
34 46 192
34 47 1033
34 48 1874
34 49 240
34 50 1081
34 51 1922
34 52 288
34 53 1129
34 54 1970
34 55 336
34 56 1177
34 57 2018
34 58 312
35 0 1153
35 1 905
35 2 983
35 3 584
35 4 658
35 5 801
35 6 632
35 7 493
35 8 649
35 9 622
35 10 749
35 11 63
35 12 449
35 13 931
35 14 385
35 15 536
35 16 514
35 17 281
35 18 520
35 19 749
35 20 783
35 21 870
35 22 1033
35 23 192
35 24 1033
35 25 985
35 26 144
35 27 985
35 28 937
35 29 96
35 30 937
35 31 889
35 32 48
35 33 889
35 34 841
35 35 0
35 36 841
35 37 889
35 38 48
35 39 889
35 40 937
35 41 96
35 42 937
35 43 985
35 44 144
35 45 985
35 46 1033
35 47 192
35 48 1033
35 49 1081
35 50 240
35 51 1081
35 52 1129
35 53 288
35 54 1129
35 55 1177
35 56 336
35 57 1177
35 58 1153
36 0 1994
36 1 320
36 2 242
36 3 545
36 4 1499
36 5 424
36 6 593
36 7 636
36 8 1490
36 9 1463
36 10 1590
36 11 904
36 12 1290
36 13 294
36 14 1226
36 15 1377
36 16 423
36 17 944
36 18 1361
36 19 476
36 20 1624
36 21 1711
36 22 1874
36 23 1033
36 24 192
36 25 1826
36 26 985
36 27 144
36 28 1778
36 29 937
36 30 96
36 31 1730
36 32 889
36 33 48
36 34 1682
36 35 841
36 36 0
36 37 1730
36 38 889
36 39 48
36 40 1778
36 41 937
36 42 96
36 43 1826
36 44 985
36 45 144
36 46 1874
36 47 1033
36 48 192
36 49 1922
36 50 1081
36 51 240
36 52 1970
36 53 1129
36 54 288
36 55 2018
36 56 1177
36 57 336
36 58 1994
37 0 360
37 1 1794
37 2 1872
37 3 1473
37 4 615
37 5 1690
37 6 1521
37 7 1382
37 8 528
37 9 267
37 10 524
37 11 826
37 12 440
37 13 1820
37 14 888
37 15 545
37 16 1307
37 17 1170
37 18 849
37 19 1638
37 20 202
37 21 307
37 22 240
37 23 1081
37 24 1922
37 25 192
37 26 1033
37 27 1874
37 28 144
37 29 985
37 30 1826
37 31 96
37 32 937
37 33 1778
37 34 48
37 35 889
37 36 1730
37 37 0
37 38 841
37 39 1682
37 40 48
37 41 889
37 42 1730
37 43 96
37 44 937
37 45 1778
37 46 144
37 47 985
37 48 1826
37 49 192
37 50 1033
37 51 1874
37 52 240
37 53 1081
37 54 1922
37 55 288
37 56 1129
37 57 1970
37 58 360
38 0 1201
38 1 953
38 2 1031
38 3 632
38 4 706
38 5 849
38 6 680
38 7 541
38 8 697
38 9 670
38 10 797
38 11 111
38 12 401
38 13 979
38 14 433
38 15 584
38 16 466
38 17 329
38 18 472
38 19 797
38 20 735
38 21 918
38 22 1081
38 23 240
38 24 1081
38 25 1033
38 26 192
38 27 1033
38 28 985
38 29 144
38 30 985
38 31 937
38 32 96
38 33 937
38 34 889
38 35 48
38 36 889
38 37 841
38 38 0
38 39 841
38 40 889
38 41 48
38 42 889
38 43 937
38 44 96
38 45 937
38 46 985
38 47 144
38 48 985
38 49 1033
38 50 192
38 51 1033
38 52 1081
38 53 240
38 54 1081
38 55 1129
38 56 288
38 57 1129
38 58 1201
39 0 2042
39 1 368
39 2 290
39 3 593
39 4 1547
39 5 472
39 6 641
39 7 684
39 8 1538
39 9 1511
39 10 1638
39 11 952
39 12 1242
39 13 342
39 14 1274
39 15 1425
39 16 375
39 17 992
39 18 1313
39 19 524
39 20 1576
39 21 1759
39 22 1922
39 23 1081
39 24 240
39 25 1874
39 26 1033
39 27 192
39 28 1826
39 29 985
39 30 144
39 31 1778
39 32 937
39 33 96
39 34 1730
39 35 889
39 36 48
39 37 1682
39 38 841
39 39 0
39 40 1730
39 41 889
39 42 48
39 43 1778
39 44 937
39 45 96
39 46 1826
39 47 985
39 48 144
39 49 1874
39 50 1033
39 51 192
39 52 1922
39 53 1081
39 54 240
39 55 1970
39 56 1129
39 57 288
39 58 2042
40 0 408
40 1 1842
40 2 1920
40 3 1521
40 4 663
40 5 1738
40 6 1569
40 7 1430
40 8 576
40 9 315
40 10 572
40 11 874
40 12 488
40 13 1868
40 14 936
40 15 593
40 16 1355
40 17 1218
40 18 801
40 19 1686
40 20 154
40 21 355
40 22 288
40 23 1129
40 24 1970
40 25 240
40 26 1081
40 27 1922
40 28 192
40 29 1033
40 30 1874
40 31 144
40 32 985
40 33 1826
40 34 96
40 35 937
40 36 1778
40 37 48
40 38 889
40 39 1730
40 40 0
40 41 841
40 42 1682
40 43 48
40 44 889
40 45 1730
40 46 96
40 47 937
40 48 1778
40 49 144
40 50 985
40 51 1826
40 52 192
40 53 1033
40 54 1874
40 55 240
40 56 1081
40 57 1922
40 58 408
41 0 1249
41 1 1001
41 2 1079
41 3 680
41 4 754
41 5 897
41 6 728
41 7 589
41 8 745
41 9 718
41 10 845
41 11 159
41 12 449
41 13 1027
41 14 481
41 15 632
41 16 514
41 17 377
41 18 424
41 19 845
41 20 687
41 21 966
41 22 1129
41 23 288
41 24 1129
41 25 1081
41 26 240
41 27 1081
41 28 1033
41 29 192
41 30 1033
41 31 985
41 32 144
41 33 985
41 34 937
41 35 96
41 36 937
41 37 889
41 38 48
41 39 889
41 40 841
41 41 0
41 42 841
41 43 889
41 44 48
41 45 889
41 46 937
41 47 96
41 48 937
41 49 985
41 50 144
41 51 985
41 52 1033
41 53 192
41 54 1033
41 55 1081
41 56 240
41 57 1081
41 58 1249
42 0 2090
42 1 416
42 2 338
42 3 641
42 4 1595
42 5 520
42 6 689
42 7 732
42 8 1586
42 9 1559
42 10 1686
42 11 1000
42 12 1290
42 13 390
42 14 1322
42 15 1473
42 16 423
42 17 1040
42 18 1265
42 19 572
42 20 1528
42 21 1807
42 22 1970
42 23 1129
42 24 288
42 25 1922
42 26 1081
42 27 240
42 28 1874
42 29 1033
42 30 192
42 31 1826
42 32 985
42 33 144
42 34 1778
42 35 937
42 36 96
42 37 1730
42 38 889
42 39 48
42 40 1682
42 41 841
42 42 0
42 43 1730
42 44 889
42 45 48
42 46 1778
42 47 937
42 48 96
42 49 1826
42 50 985
42 51 144
42 52 1874
42 53 1033
42 54 192
42 55 1922
42 56 1081
42 57 240
42 58 2090
43 0 456
43 1 1890
43 2 1968
43 3 1569
43 4 711
43 5 1786
43 6 1617
43 7 1478
43 8 624
43 9 363
43 10 620
43 11 922
43 12 536
43 13 1916
43 14 984
43 15 641
43 16 1403
43 17 1266
43 18 753
43 19 1734
43 20 202
43 21 403
43 22 336
43 23 1177
43 24 2018
43 25 288
43 26 1129
43 27 1970
43 28 240
43 29 1081
43 30 1922
43 31 192
43 32 1033
43 33 1874
43 34 144
43 35 985
43 36 1826
43 37 96
43 38 937
43 39 1778
43 40 48
43 41 889
43 42 1730
43 43 0
43 44 841
43 45 1682
43 46 48
43 47 889
43 48 1730
43 49 96
43 50 937
43 51 1778
43 52 144
43 53 985
43 54 1826
43 55 192
43 56 1033
43 57 1874
43 58 456
44 0 1297
44 1 1049
44 2 1127
44 3 728
44 4 802
44 5 945
44 6 776
44 7 637
44 8 793
44 9 766
44 10 893
44 11 207
44 12 497
44 13 1075
44 14 529
44 15 680
44 16 562
44 17 425
44 18 376
44 19 893
44 20 735
44 21 1014
44 22 1177
44 23 336
44 24 1177
44 25 1129
44 26 288
44 27 1129
44 28 1081
44 29 240
44 30 1081
44 31 1033
44 32 192
44 33 1033
44 34 985
44 35 144
44 36 985
44 37 937
44 38 96
44 39 937
44 40 889
44 41 48
44 42 889
44 43 841
44 44 0
44 45 841
44 46 889
44 47 48
44 48 889
44 49 937
44 50 96
44 51 937
44 52 985
44 53 144
44 54 985
44 55 1033
44 56 192
44 57 1033
44 58 1297
45 0 2138
45 1 464
45 2 386
45 3 689
45 4 1643
45 5 568
45 6 737
45 7 780
45 8 1634
45 9 1607
45 10 1734
45 11 1048
45 12 1338
45 13 438
45 14 1370
45 15 1521
45 16 471
45 17 1088
45 18 1217
45 19 620
45 20 1576
45 21 1855
45 22 2018
45 23 1177
45 24 336
45 25 1970
45 26 1129
45 27 288
45 28 1922
45 29 1081
45 30 240
45 31 1874
45 32 1033
45 33 192
45 34 1826
45 35 985
45 36 144
45 37 1778
45 38 937
45 39 96
45 40 1730
45 41 889
45 42 48
45 43 1682
45 44 841
45 45 0
45 46 1730
45 47 889
45 48 48
45 49 1778
45 50 937
45 51 96
45 52 1826
45 53 985
45 54 144
45 55 1874
45 56 1033
45 57 192
45 58 2138
46 0 504
46 1 1938
46 2 2016
46 3 1617
46 4 759
46 5 1834
46 6 1665
46 7 1526
46 8 672
46 9 411
46 10 668
46 11 970
46 12 584
46 13 1964
46 14 1032
46 15 689
46 16 1451
46 17 1314
46 18 705
46 19 1782
46 20 250
46 21 451
46 22 384
46 23 1225
46 24 2066
46 25 336
46 26 1177
46 27 2018
46 28 288
46 29 1129
46 30 1970
46 31 240
46 32 1081
46 33 1922
46 34 192
46 35 1033
46 36 1874
46 37 144
46 38 985
46 39 1826
46 40 96
46 41 937
46 42 1778
46 43 48
46 44 889
46 45 1730
46 46 0
46 47 841
46 48 1682
46 49 48
46 50 889
46 51 1730
46 52 96
46 53 937
46 54 1778
46 55 144
46 56 985
46 57 1826
46 58 504
47 0 1345
47 1 1097
47 2 1175
47 3 776
47 4 850
47 5 993
47 6 824
47 7 685
47 8 841
47 9 814
47 10 941
47 11 255
47 12 545
47 13 1123
47 14 577
47 15 728
47 16 610
47 17 473
47 18 328
47 19 941
47 20 783
47 21 1062
47 22 1225
47 23 384
47 24 1225
47 25 1177
47 26 336
47 27 1177
47 28 1129
47 29 288
47 30 1129
47 31 1081
47 32 240
47 33 1081
47 34 1033
47 35 192
47 36 1033
47 37 985
47 38 144
47 39 985
47 40 937
47 41 96
47 42 937
47 43 889
47 44 48
47 45 889
47 46 841
47 47 0
47 48 841
47 49 889
47 50 48
47 51 889
47 52 937
47 53 96
47 54 937
47 55 985
47 56 144
47 57 985
47 58 1345
48 0 2186
48 1 512
48 2 434
48 3 737
48 4 1691
48 5 616
48 6 785
48 7 828
48 8 1682
48 9 1655
48 10 1782
48 11 1096
48 12 1386
48 13 486
48 14 1418
48 15 1569
48 16 519
48 17 1136
48 18 1169
48 19 668
48 20 1624
48 21 1903
48 22 2066
48 23 1225
48 24 384
48 25 2018
48 26 1177
48 27 336
48 28 1970
48 29 1129
48 30 288
48 31 1922
48 32 1081
48 33 240
48 34 1874
48 35 1033
48 36 192
48 37 1826
48 38 985
48 39 144
48 40 1778
48 41 937
48 42 96
48 43 1730
48 44 889
48 45 48
48 46 1682
48 47 841
48 48 0
48 49 1730
48 50 889
48 51 48
48 52 1778
48 53 937
48 54 96
48 55 1826
48 56 985
48 57 144
48 58 2186
49 0 552
49 1 1986
49 2 2064
49 3 1665
49 4 807
49 5 1882
49 6 1713
49 7 1574
49 8 720
49 9 459
49 10 716
49 11 1018
49 12 632
49 13 2012
49 14 1080
49 15 737
49 16 1499
49 17 1362
49 18 657
49 19 1830
49 20 298
49 21 499
49 22 432
49 23 1273
49 24 2114
49 25 384
49 26 1225
49 27 2066
49 28 336
49 29 1177
49 30 2018
49 31 288
49 32 1129
49 33 1970
49 34 240
49 35 1081
49 36 1922
49 37 192
49 38 1033
49 39 1874
49 40 144
49 41 985
49 42 1826
49 43 96
49 44 937
49 45 1778
49 46 48
49 47 889
49 48 1730
49 49 0
49 50 841
49 51 1682
49 52 48
49 53 889
49 54 1730
49 55 96
49 56 937
49 57 1778
49 58 552
50 0 1393
50 1 1145
50 2 1223
50 3 824
50 4 898
50 5 1041
50 6 872
50 7 733
50 8 889
50 9 862
50 10 989
50 11 303
50 12 593
50 13 1171
50 14 625
50 15 776
50 16 658
50 17 521
50 18 280
50 19 989
50 20 831
50 21 1110
50 22 1273
50 23 432
50 24 1273
50 25 1225
50 26 384
50 27 1225
50 28 1177
50 29 336
50 30 1177
50 31 1129
50 32 288
50 33 1129
50 34 1081
50 35 240
50 36 1081
50 37 1033
50 38 192
50 39 1033
50 40 985
50 41 144
50 42 985
50 43 937
50 44 96
50 45 937
50 46 889
50 47 48
50 48 889
50 49 841
50 50 0
50 51 841
50 52 889
50 53 48
50 54 889
50 55 937
50 56 96
50 57 937
50 58 1393
51 0 2234
51 1 560
51 2 482
51 3 785
51 4 1739
51 5 664
51 6 833
51 7 876
51 8 1730
51 9 1703
51 10 1830
51 11 1144
51 12 1434
51 13 534
51 14 1466
51 15 1617
51 16 567
51 17 1184
51 18 1121
51 19 716
51 20 1672
51 21 1951
51 22 2114
51 23 1273
51 24 432
51 25 2066
51 26 1225
51 27 384
51 28 2018
51 29 1177
51 30 336
51 31 1970
51 32 1129
51 33 288
51 34 1922
51 35 1081
51 36 240
51 37 1874
51 38 1033
51 39 192
51 40 1826
51 41 985
51 42 144
51 43 1778
51 44 937
51 45 96
51 46 1730
51 47 889
51 48 48
51 49 1682
51 50 841
51 51 0
51 52 1730
51 53 889
51 54 48
51 55 1778
51 56 937
51 57 96
51 58 2234
52 0 600
52 1 2034
52 2 2112
52 3 1713
52 4 855
52 5 1930
52 6 1761
52 7 1622
52 8 768
52 9 507
52 10 764
52 11 1066
52 12 680
52 13 2060
52 14 1128
52 15 785
52 16 1547
52 17 1410
52 18 609
52 19 1878
52 20 346
52 21 547
52 22 480
52 23 1321
52 24 2162
52 25 432
52 26 1273
52 27 2114
52 28 384
52 29 1225
52 30 2066
52 31 336
52 32 1177
52 33 2018
52 34 288
52 35 1129
52 36 1970
52 37 240
52 38 1081
52 39 1922
52 40 192
52 41 1033
52 42 1874
52 43 144
52 44 985
52 45 1826
52 46 96
52 47 937
52 48 1778
52 49 48
52 50 889
52 51 1730
52 52 0
52 53 841
52 54 1682
52 55 48
52 56 889
52 57 1730
52 58 600
53 0 1441
53 1 1193
53 2 1271
53 3 872
53 4 946
53 5 1089
53 6 920
53 7 781
53 8 937
53 9 910
53 10 1037
53 11 351
53 12 641
53 13 1219
53 14 673
53 15 824
53 16 706
53 17 569
53 18 232
53 19 1037
53 20 879
53 21 1158
53 22 1321
53 23 480
53 24 1321
53 25 1273
53 26 432
53 27 1273
53 28 1225
53 29 384
53 30 1225
53 31 1177
53 32 336
53 33 1177
53 34 1129
53 35 288
53 36 1129
53 37 1081
53 38 240
53 39 1081
53 40 1033
53 41 192
53 42 1033
53 43 985
53 44 144
53 45 985
53 46 937
53 47 96
53 48 937
53 49 889
53 50 48
53 51 889
53 52 841
53 53 0
53 54 841
53 55 889
53 56 48
53 57 889
53 58 1441
54 0 2282
54 1 608
54 2 530
54 3 833
54 4 1787
54 5 712
54 6 881
54 7 924
54 8 1778
54 9 1751
54 10 1878
54 11 1192
54 12 1482
54 13 582
54 14 1514
54 15 1665
54 16 615
54 17 1232
54 18 1073
54 19 764
54 20 1720
54 21 1999
54 22 2162
54 23 1321
54 24 480
54 25 2114
54 26 1273
54 27 432
54 28 2066
54 29 1225
54 30 384
54 31 2018
54 32 1177
54 33 336
54 34 1970
54 35 1129
54 36 288
54 37 1922
54 38 1081
54 39 240
54 40 1874
54 41 1033
54 42 192
54 43 1826
54 44 985
54 45 144
54 46 1778
54 47 937
54 48 96
54 49 1730
54 50 889
54 51 48
54 52 1682
54 53 841
54 54 0
54 55 1730
54 56 889
54 57 48
54 58 2282
55 0 648
55 1 2082
55 2 2160
55 3 1761
55 4 903
55 5 1978
55 6 1809
55 7 1670
55 8 816
55 9 555
55 10 812
55 11 1114
55 12 728
55 13 2108
55 14 1176
55 15 833
55 16 1595
55 17 1458
55 18 657
55 19 1926
55 20 394
55 21 595
55 22 528
55 23 1369
55 24 2210
55 25 480
55 26 1321
55 27 2162
55 28 432
55 29 1273
55 30 2114
55 31 384
55 32 1225
55 33 2066
55 34 336
55 35 1177
55 36 2018
55 37 288
55 38 1129
55 39 1970
55 40 240
55 41 1081
55 42 1922
55 43 192
55 44 1033
55 45 1874
55 46 144
55 47 985
55 48 1826
55 49 96
55 50 937
55 51 1778
55 52 48
55 53 889
55 54 1730
55 55 0
55 56 841
55 57 1682
55 58 648
56 0 1489
56 1 1241
56 2 1319
56 3 920
56 4 994
56 5 1137
56 6 968
56 7 829
56 8 985
56 9 958
56 10 1085
56 11 399
56 12 689
56 13 1267
56 14 721
56 15 872
56 16 754
56 17 617
56 18 280
56 19 1085
56 20 927
56 21 1206
56 22 1369
56 23 528
56 24 1369
56 25 1321
56 26 480
56 27 1321
56 28 1273
56 29 432
56 30 1273
56 31 1225
56 32 384
56 33 1225
56 34 1177
56 35 336
56 36 1177
56 37 1129
56 38 288
56 39 1129
56 40 1081
56 41 240
56 42 1081
56 43 1033
56 44 192
56 45 1033
56 46 985
56 47 144
56 48 985
56 49 937
56 50 96
56 51 937
56 52 889
56 53 48
56 54 889
56 55 841
56 56 0
56 57 841
56 58 1489
57 0 2330
57 1 656
57 2 578
57 3 881
57 4 1835
57 5 760
57 6 929
57 7 972
57 8 1826
57 9 1799
57 10 1926
57 11 1240
57 12 1530
57 13 630
57 14 1562
57 15 1713
57 16 663
57 17 1280
57 18 1121
57 19 812
57 20 1768
57 21 2047
57 22 2210
57 23 1369
57 24 528
57 25 2162
57 26 1321
57 27 480
57 28 2114
57 29 1273
57 30 432
57 31 2066
57 32 1225
57 33 384
57 34 2018
57 35 1177
57 36 336
57 37 1970
57 38 1129
57 39 288
57 40 1922
57 41 1081
57 42 240
57 43 1874
57 44 1033
57 45 192
57 46 1826
57 47 985
57 48 144
57 49 1778
57 50 937
57 51 96
57 52 1730
57 53 889
57 54 48
57 55 1682
57 56 841
57 57 0
57 58 2330
58 0 0
58 1 1674
58 2 1752
58 3 1449
58 4 495
58 5 1570
58 6 1401
58 7 1358
58 8 504
58 9 531
58 10 404
58 11 1090
58 12 800
58 13 1700
58 14 768
58 15 617
58 16 1667
58 17 1050
58 18 1209
58 19 1518
58 20 562
58 21 283
58 22 120
58 23 961
58 24 1802
58 25 168
58 26 1009
58 27 1850
58 28 216
58 29 1057
58 30 1898
58 31 264
58 32 1105
58 33 1946
58 34 312
58 35 1153
58 36 1994
58 37 360
58 38 1201
58 39 2042
58 40 408
58 41 1249
58 42 2090
58 43 456
58 44 1297
58 45 2138
58 46 504
58 47 1345
58 48 2186
58 49 552
58 50 1393
58 51 2234
58 52 600
58 53 1441
58 54 2282
58 55 648
58 56 1489
58 57 2330
58 58 0
//Location coordinates LocationName
//Loc x y
0 0.0 0.0 "depot"
1 0.0 1674.0 "product aisle 0 bloc 1 rank 106"
2 0.0 1752.0 "product aisle 0 bloc 1 rank 118"
3 48.0 1401.0 "product aisle 1 bloc 1 rank 63"
4 0.0 495.0 "product aisle 0 bloc 0 rank 53"
5 0.0 1570.0 "product aisle 0 bloc 1 rank 89"
6 0.0 1401.0 "product aisle 0 bloc 1 rank 63"
7 48.0 1310.0 "product aisle 1 bloc 1 rank 49"
8 48.0 456.0 "product aisle 1 bloc 0 rank 48"
9 192.0 339.0 "product aisle 4 bloc 0 rank 30"
10 0.0 404.0 "product aisle 0 bloc 0 rank 39"
11 192.0 898.0 "product aisle 4 bloc 0 rank 116"
12 240.0 560.0 "product aisle 5 bloc 0 rank 64"
13 0.0 1700.0 "product aisle 0 bloc 1 rank 109"
14 0.0 768.0 "product aisle 0 bloc 0 rank 95"
15 96.0 521.0 "product aisle 2 bloc 0 rank 58"
16 240.0 1427.0 "product aisle 5 bloc 1 rank 67"
17 0.0 1050.0 "product aisle 0 bloc 1 rank 9"
18 480.0 729.0 "product aisle 10 bloc 0 rank 90"
19 0.0 1518.0 "product aisle 0 bloc 1 rank 82"
20 288.0 274.0 "product aisle 6 bloc 0 rank 20"
21 48.0 235.0 "product aisle 1 bloc 0 rank 13"
22 24.0 120.0 "intersection aisle 0 bloc 0 rank 0"
23 24.0 961.0 "intersection aisle 0 bloc 1 rank 1"
24 24.0 1802.0 "intersection aisle 0 bloc 2 rank 2"
25 72.0 120.0 "intersection aisle 1 bloc 0 rank 0"
26 72.0 961.0 "intersection aisle 1 bloc 1 rank 1"
27 72.0 1802.0 "intersection aisle 1 bloc 2 rank 2"
28 120.0 120.0 "intersection aisle 2 bloc 0 rank 0"
29 120.0 961.0 "intersection aisle 2 bloc 1 rank 1"
30 120.0 1802.0 "intersection aisle 2 bloc 2 rank 2"
31 168.0 120.0 "intersection aisle 3 bloc 0 rank 0"
32 168.0 961.0 "intersection aisle 3 bloc 1 rank 1"
33 168.0 1802.0 "intersection aisle 3 bloc 2 rank 2"
34 216.0 120.0 "intersection aisle 4 bloc 0 rank 0"
35 216.0 961.0 "intersection aisle 4 bloc 1 rank 1"
36 216.0 1802.0 "intersection aisle 4 bloc 2 rank 2"
37 264.0 120.0 "intersection aisle 5 bloc 0 rank 0"
38 264.0 961.0 "intersection aisle 5 bloc 1 rank 1"
39 264.0 1802.0 "intersection aisle 5 bloc 2 rank 2"
40 312.0 120.0 "intersection aisle 6 bloc 0 rank 0"
41 312.0 961.0 "intersection aisle 6 bloc 1 rank 1"
42 312.0 1802.0 "intersection aisle 6 bloc 2 rank 2"
43 360.0 120.0 "intersection aisle 7 bloc 0 rank 0"
44 360.0 961.0 "intersection aisle 7 bloc 1 rank 1"
45 360.0 1802.0 "intersection aisle 7 bloc 2 rank 2"
46 408.0 120.0 "intersection aisle 8 bloc 0 rank 0"
47 408.0 961.0 "intersection aisle 8 bloc 1 rank 1"
48 408.0 1802.0 "intersection aisle 8 bloc 2 rank 2"
49 456.0 120.0 "intersection aisle 9 bloc 0 rank 0"
50 456.0 961.0 "intersection aisle 9 bloc 1 rank 1"
51 456.0 1802.0 "intersection aisle 9 bloc 2 rank 2"
52 504.0 120.0 "intersection aisle 10 bloc 0 rank 0"
53 504.0 961.0 "intersection aisle 10 bloc 1 rank 1"
54 504.0 1802.0 "intersection aisle 10 bloc 2 rank 2"
55 552.0 120.0 "intersection aisle 11 bloc 0 rank 0"
