//alpha
1
//NbLocations
75
//NbProducts
20
//NbPickers
2
//CapaPicker
8
//TimeToTravelOneDistanceUnit
3
//SetupTime
5400
//PickTime
300
//Products
//Idx Location Size
1 1 1
2 2 1
3 3 1
4 4 1
5 5 1
6 6 1
7 7 1
8 8 1
9 9 1
10 10 1
11 11 1
12 12 1
13 13 1
14 14 1
15 15 1
16 16 1
17 17 1
18 18 1
19 19 1
20 20 1
//Orders
//NbOrders
12
//Idx DueDate TardinessPenalty NbProdInOrder ProdIdx1 Qty1 ProdIdx2 Qty2 ...
1 54000 0 1 1 1
2 108000 0 2 2 1 3 1
3 144000 0 1 4 1
4 72000 0 1 5 1
5 36000 0 2 6 1 7 1
6 90000 0 1 8 1
7 108000 0 1 9 1
8 126000 0 1 10 1
9 126000 0 1 11 1
10 72000 0 2 12 1 13 1
11 108000 0 1 14 1
12 144000 0 6 15 1 16 1 17 1 18 1 19 1 20 1
//Graph (Products are vertices indexed from 1 to NbProducts)
//NbVerticesIntersections
54
//DepartingDepot
0
//ArrivalDepot
75
//Arcs
//Start End Distance
0 21 120
1 39 596
1 40 635
2 63 622
2 64 609
3 51 89
3 52 1142
4 46 401
4 47 830
5 42 154
5 43 1077
6 18 169
6 24 817
7 61 323
7 62 908
8 30 401
8 31 830
9 48 791
9 49 440
10 27 1103
10 28 128
11 64 102
11 65 1129
12 54 713
12 55 518
13 72 505
13 73 726
14 55 1129
14 56 102
15 40 297
15 41 934
16 33 453
16 34 778
17 20 507
17 32 505
18 6 169
18 25 245
19 43 193
19 44 1038
20 17 507
20 31 219
21 22 1231
21 24 48
21 75 120
22 21 1231
22 23 1231
22 25 48
23 22 1231
23 26 48
24 6 817
24 21 48
24 27 48
25 18 245
25 22 48
25 26 1231
25 28 48
26 23 48
26 25 1231
26 29 48
27 10 1103
27 24 48
27 30 48
28 10 128
28 25 48
28 29 1231
28 31 48
29 26 48
29 28 1231
29 32 48
30 8 401
30 27 48
30 33 48
31 8 830
31 20 219
31 28 48
31 34 48
32 17 505
32 29 48
32 35 48
33 16 453
33 30 48
33 36 48
34 16 778
34 31 48
34 35 1231
34 37 48
35 32 48
35 34 1231
35 38 48
36 33 48
36 37 1231
36 39 48
37 34 48
37 36 1231
37 38 1231
37 40 48
38 35 48
38 37 1231
38 41 48
39 1 596
39 36 48
39 42 48
40 1 635
40 15 297
40 37 48
40 43 48
41 15 934
41 38 48
41 44 48
42 5 154
42 39 48
42 45 48
43 5 1077
43 19 193
43 40 48
43 46 48
44 19 1038
44 41 48
44 47 48
45 42 48
45 46 1231
45 48 48
46 4 401
46 43 48
46 45 1231
46 49 48
47 4 830
47 44 48
47 50 48
48 9 791
48 45 48
48 51 48
49 9 440
49 46 48
49 50 1231
49 52 48
50 47 48
50 49 1231
50 53 48
51 3 89
51 48 48
51 54 48
52 3 1142
52 49 48
52 53 1231
52 55 48
53 50 48
53 52 1231
53 56 48
54 12 713
54 51 48
54 57 48
55 12 518
55 14 1129
55 52 48
55 58 48
56 14 102
56 53 48
56 59 48
57 54 48
57 58 1231
57 60 48
58 55 48
58 57 1231
58 59 1231
58 61 48
59 56 48
59 58 1231
59 62 48
60 57 48
60 61 1231
60 63 48
61 7 323
61 58 48
61 60 1231
61 64 48
62 7 908
62 59 48
62 65 48
63 2 622
63 60 48
63 66 48
64 2 609
64 11 102
64 61 48
64 67 48
65 11 1129
65 62 48
65 68 48
66 63 48
66 67 1231
66 69 48
67 64 48
67 66 1231
67 68 1231
67 70 48
68 65 48
68 67 1231
68 71 48
69 66 48
69 70 1231
69 72 48
70 67 48
70 69 1231
70 71 1231
70 73 48
71 68 48
71 70 1231
71 74 48
72 13 505
72 69 48
73 13 726
73 70 48
73 74 1231
74 71 48
74 73 1231
//LocStart LocEnd ShortestPath
0 0 0
0 1 1004
0 2 1414
0 3 689
0 4 2136
0 5 610
0 6 985
0 7 2298
0 8 665
0 9 1343
0 10 1319
0 11 2125
0 12 1361
0 13 1441
0 14 3008
0 15 1936
0 16 765
0 17 2221
0 18 1154
0 19 1880
0 20 1714
0 21 120
0 22 1351
0 23 2582
0 24 168
0 25 1399
0 26 2630
0 27 216
0 28 1447
0 29 2678
0 30 264
0 31 1495
0 32 2726
0 33 312
0 34 1543
0 35 2774
0 36 360
0 37 1591
0 38 2822
0 39 408
0 40 1639
0 41 2870
0 42 456
0 43 1687
0 44 2918
0 45 504
0 46 1735
0 47 2966
0 48 552
0 49 1783
0 50 3014
0 51 600
0 52 1831
0 53 3062
0 54 648
0 55 1879
0 56 3110
0 57 696
0 58 1927
0 59 3158
0 60 744
0 61 1975
0 62 3206
0 63 792
0 64 2023
0 65 3254
0 66 840
0 67 2071
0 68 3302
0 69 888
0 70 2119
0 71 3350
0 72 936
0 73 2167
0 74 3398
0 75 0
1 0 1004
1 1 0
1 2 1602
1 3 877
1 4 1132
1 5 798
1 6 1289
1 7 1294
1 8 1141
1 9 1219
1 10 955
1 11 1121
1 12 1393
1 13 1629
1 14 2004
1 15 932
1 16 1145
1 17 1505
1 18 1120
1 19 876
1 20 998
1 21 884
1 22 923
1 23 2154
1 24 836
1 25 875
1 26 2106
1 27 788
1 28 827
1 29 2058
1 30 740
1 31 779
1 32 2010
1 33 692
1 34 731
1 35 1962
1 36 644
1 37 683
1 38 1914
1 39 596
1 40 635
1 41 1866
1 42 644
1 43 683
1 44 1914
1 45 692
1 46 731
1 47 1962
1 48 740
1 49 779
1 50 2010
1 51 788
1 52 827
1 53 2058
1 54 836
1 55 875
1 56 2106
1 57 884
1 58 923
1 59 2154
1 60 932
1 61 971
1 62 2202
1 63 980
1 64 1019
1 65 2250
1 66 1028
1 67 1067
1 68 2298
1 69 1076
1 70 1115
1 71 2346
1 72 1124
1 73 1163
1 74 2394
1 75 1004
2 0 1414
2 1 1602
2 2 0
2 3 903
2 4 1298
2 5 1112
2 6 1647
2 7 980
2 8 1551
2 9 1289
2 10 1313
2 11 711
2 12 1271
2 13 1271
2 14 1882
2 15 1290
2 16 1555
2 17 1863
2 18 1478
2 19 1138
2 20 1356
2 21 1294
2 22 1281
2 23 2512
2 24 1246
2 25 1233
2 26 2464
2 27 1198
2 28 1185
2 29 2416
2 30 1150
2 31 1137
2 32 2368
2 33 1102
2 34 1089
2 35 2320
2 36 1054
2 37 1041
2 38 2272
2 39 1006
2 40 993
2 41 2224
2 42 958
2 43 945
2 44 2176
2 45 910
2 46 897
2 47 2128
2 48 862
2 49 849
2 50 2080
2 51 814
2 52 801
2 53 2032
2 54 766
2 55 753
2 56 1984
2 57 718
2 58 705
2 59 1936
2 60 670
2 61 657
2 62 1888
2 63 622
2 64 609
2 65 1840
2 66 670
2 67 657
2 68 1888
2 69 718
2 70 705
2 71 1936
2 72 766
2 73 753
2 74 1984
2 75 1414
3 0 689
3 1 877
3 2 903
3 3 0
3 4 1639
3 5 387
3 6 1338
3 7 1609
3 8 826
3 9 928
3 10 1576
3 11 1436
3 12 850
3 13 930
3 14 2319
3 15 1631
3 16 830
3 17 2204
3 18 1507
3 19 1479
3 20 1697
3 21 569
3 22 1622
3 23 2853
3 24 521
3 25 1574
3 26 2805
3 27 473
3 28 1526
3 29 2757
3 30 425
3 31 1478
3 32 2709
3 33 377
3 34 1430
3 35 2661
3 36 329
3 37 1382
3 38 2613
3 39 281
3 40 1334
3 41 2565
3 42 233
3 43 1286
3 44 2517
3 45 185
3 46 1238
3 47 2469
3 48 137
3 49 1190
3 50 2421
3 51 89
3 52 1142
3 53 2373
3 54 137
3 55 1190
3 56 2421
3 57 185
3 58 1238
3 59 2469
3 60 233
3 61 1286
3 62 2517
3 63 281
3 64 1334
3 65 2565
3 66 329
3 67 1382
3 68 2613
3 69 377
3 70 1430
3 71 2661
3 72 425
3 73 1478
3 74 2709
3 75 689
4 0 2136
4 1 1132
4 2 1298
4 3 1639
4 4 0
4 5 1526
4 6 1151
4 7 964
4 8 1471
4 9 889
4 10 817
4 11 791
4 12 1063
4 13 1559
4 14 1076
4 15 794
4 16 1371
4 17 1367
4 18 982
4 19 642
4 20 860
4 21 2016
4 22 785
4 23 1214
4 24 1968
4 25 737
4 26 1166
4 27 1920
4 28 689
4 29 1118
4 30 1872
4 31 641
4 32 1070
4 33 1824
4 34 593
4 35 1022
4 36 1776
4 37 545
4 38 974
4 39 1728
4 40 497
4 41 926
4 42 1680
4 43 449
4 44 878
4 45 1632
4 46 401
4 47 830
4 48 1680
4 49 449
4 50 878
4 51 1728
4 52 497
4 53 926
4 54 1776
4 55 545
4 56 974
4 57 1824
4 58 593
4 59 1022
4 60 1872
4 61 641
4 62 1070
4 63 1920
4 64 689
4 65 1118
4 66 1968
4 67 737
4 68 1166
4 69 2016
4 70 785
4 71 1214
4 72 2064
4 73 833
4 74 1262
4 75 2136
5 0 610
5 1 798
5 2 1112
5 3 387
5 4 1526
5 5 0
5 6 1259
5 7 1688
5 8 747
5 9 1041
5 10 1445
5 11 1515
5 12 1059
5 13 1139
5 14 2398
5 15 1422
5 16 751
5 17 1995
5 18 1428
5 19 1270
5 20 1488
5 21 490
5 22 1413
5 23 2644
5 24 442
5 25 1365
5 26 2596
5 27 394
5 28 1317
5 29 2548
5 30 346
5 31 1269
5 32 2500
5 33 298
5 34 1221
5 35 2452
5 36 250
5 37 1173
5 38 2404
5 39 202
5 40 1125
5 41 2356
5 42 154
5 43 1077
5 44 2308
5 45 202
5 46 1125
5 47 2356
5 48 250
5 49 1173
5 50 2404
5 51 298
5 52 1221
5 53 2452
5 54 346
5 55 1269
5 56 2500
5 57 394
5 58 1317
5 59 2548
5 60 442
5 61 1365
5 62 2596
5 63 490
5 64 1413
5 65 2644
5 66 538
5 67 1461
5 68 2692
5 69 586
5 70 1509
5 71 2740
5 72 634
5 73 1557
5 74 2788
5 75 610
6 0 985
6 1 1289
6 2 1647
6 3 1338
6 4 1151
6 5 1259
6 6 0
6 7 1313
6 8 1314
6 9 1238
6 10 590
6 11 1140
6 12 1412
6 13 1908
6 14 2023
6 15 951
6 16 1336
6 17 1236
6 18 169
6 19 895
6 20 729
6 21 865
6 22 462
6 23 1693
6 24 817
6 25 414
6 26 1645
6 27 865
6 28 462
6 29 1693
6 30 913
6 31 510
6 32 1741
6 33 961
6 34 558
6 35 1789
6 36 1009
6 37 606
6 38 1837
6 39 1057
6 40 654
6 41 1885
6 42 1105
6 43 702
6 44 1933
6 45 1153
6 46 750
6 47 1981
6 48 1201
6 49 798
6 50 2029
6 51 1249
6 52 846
6 53 2077
6 54 1297
6 55 894
6 56 2125
6 57 1345
6 58 942
6 59 2173
6 60 1393
6 61 990
6 62 2221
6 63 1441
6 64 1038
6 65 2269
6 66 1489
6 67 1086
6 68 2317
6 69 1537
6 70 1134
6 71 2365
6 72 1585
6 73 1182
6 74 2413
6 75 985
7 0 2298
7 1 1294
7 2 980
7 3 1609
7 4 964
7 5 1688
7 6 1313
7 7 0
7 8 1633
7 9 955
7 10 979
7 11 473
7 12 937
7 13 1241
7 14 1106
7 15 956
7 16 1533
7 17 1529
7 18 1144
7 19 804
7 20 1022
7 21 2178
7 22 947
7 23 1532
7 24 2130
7 25 899
7 26 1484
7 27 2082
7 28 851
7 29 1436
7 30 2034
7 31 803
7 32 1388
7 33 1986
7 34 755
7 35 1340
7 36 1938
7 37 707
7 38 1292
7 39 1890
7 40 659
7 41 1244
7 42 1842
7 43 611
7 44 1196
7 45 1794
7 46 563
7 47 1148
7 48 1746
7 49 515
7 50 1100
7 51 1698
7 52 467
7 53 1052
7 54 1650
7 55 419
7 56 1004
7 57 1602
7 58 371
7 59 956
7 60 1554
7 61 323
7 62 908
7 63 1602
7 64 371
7 65 956
7 66 1650
7 67 419
7 68 1004
7 69 1698
7 70 467
7 71 1052
7 72 1746
7 73 515
7 74 1100
7 75 2298
8 0 665
8 1 1141
8 2 1551
8 3 826
8 4 1471
8 5 747
8 6 1314
8 7 1633
8 8 0
8 9 1480
8 10 1006
8 11 1460
8 12 1498
8 13 1578
8 14 2343
8 15 1271
8 16 902
8 17 1556
8 18 1171
8 19 1215
8 20 1049
8 21 545
8 22 974
8 23 2205
8 24 497
8 25 926
8 26 2157
8 27 449
8 28 878
8 29 2109
8 30 401
8 31 830
8 32 2061
8 33 449
8 34 878
8 35 2109
8 36 497
8 37 926
8 38 2157
8 39 545
8 40 974
8 41 2205
8 42 593
8 43 1022
8 44 2253
8 45 641
8 46 1070
8 47 2301
8 48 689
8 49 1118
8 50 2349
8 51 737
8 52 1166
8 53 2397
8 54 785
8 55 1214
8 56 2445
8 57 833
8 58 1262
8 59 2493
8 60 881
8 61 1310
8 62 2541
8 63 929
8 64 1358
8 65 2589
8 66 977
8 67 1406
8 68 2637
8 69 1025
8 70 1454
8 71 2685
8 72 1073
8 73 1502
8 74 2733
8 75 665
9 0 1343
9 1 1219
9 2 1289
9 3 928
9 4 889
9 5 1041
9 6 1238
9 7 955
9 8 1480
9 9 0
9 10 904
9 11 782
9 12 1054
9 13 1550
9 14 1665
9 15 881
9 16 1458
9 17 1454
9 18 1069
9 19 729
9 20 947
9 21 1223
9 22 872
9 23 2103
9 24 1175
9 25 824
9 26 2055
9 27 1127
9 28 776
9 29 2007
9 30 1079
9 31 728
9 32 1959
9 33 1031
9 34 680
9 35 1911
9 36 983
9 37 632
9 38 1863
9 39 935
9 40 584
9 41 1815
9 42 887
9 43 536
9 44 1767
9 45 839
9 46 488
9 47 1719
9 48 791
9 49 440
9 50 1671
9 51 839
9 52 488
9 53 1719
9 54 887
9 55 536
9 56 1767
9 57 935
9 58 584
9 59 1815
9 60 983
9 61 632
9 62 1863
9 63 1031
9 64 680
9 65 1911
9 66 1079
9 67 728
9 68 1959
9 69 1127
9 70 776
9 71 2007
9 72 1175
9 73 824
9 74 2055
9 75 1343
10 0 1319
10 1 955
10 2 1313
10 3 1576
10 4 817
10 5 1445
10 6 590
10 7 979
10 8 1006
10 9 904
10 10 0
10 11 806
10 12 1078
10 13 1574
10 14 1689
10 15 617
10 16 1002
10 17 902
10 18 421
10 19 561
10 20 395
10 21 1199
10 22 224
10 23 1455
10 24 1151
10 25 176
10 26 1407
10 27 1103
10 28 128
10 29 1359
10 30 1151
10 31 176
10 32 1407
10 33 1199
10 34 224
10 35 1455
10 36 1247
10 37 272
10 38 1503
10 39 1295
10 40 320
10 41 1551
10 42 1343
10 43 368
10 44 1599
10 45 1391
10 46 416
10 47 1647
10 48 1439
10 49 464
10 50 1695
10 51 1487
10 52 512
10 53 1743
10 54 1535
10 55 560
10 56 1791
10 57 1583
10 58 608
10 59 1839
10 60 1631
10 61 656
10 62 1887
10 63 1679
10 64 704
10 65 1935
10 66 1727
10 67 752
10 68 1983
10 69 1775
10 70 800
10 71 2031
10 72 1823
10 73 848
10 74 2079
10 75 1319
11 0 2125
11 1 1121
11 2 711
11 3 1436
11 4 791
11 5 1515
11 6 1140
11 7 473
11 8 1460
11 9 782
11 10 806
11 11 0
11 12 764
11 13 972
11 14 1375
11 15 783
11 16 1360
11 17 1356
11 18 971
11 19 631
11 20 849
11 21 2005
11 22 774
11 23 1801
11 24 1957
11 25 726
11 26 1753
11 27 1909
11 28 678
11 29 1705
11 30 1861
11 31 630
11 32 1657
11 33 1813
11 34 582
11 35 1609
11 36 1765
11 37 534
11 38 1561
11 39 1717
11 40 486
11 41 1513
11 42 1669
11 43 438
11 44 1465
11 45 1621
11 46 390
11 47 1417
11 48 1573
11 49 342
11 50 1369
11 51 1525
11 52 294
11 53 1321
11 54 1477
11 55 246
11 56 1273
11 57 1429
11 58 198
11 59 1225
11 60 1381
11 61 150
11 62 1177
11 63 1333
11 64 102
11 65 1129
11 66 1381
11 67 150
11 68 1177
11 69 1429
11 70 198
11 71 1225
11 72 1477
11 73 246
11 74 1273
11 75 2125
12 0 1361
12 1 1393
12 2 1271
12 3 850
12 4 1063
12 5 1059
12 6 1412
12 7 937
12 8 1498
12 9 1054
12 10 1078
12 11 764
12 12 0
12 13 1506
12 14 1647
12 15 1055
12 16 1502
12 17 1628
12 18 1243
12 19 903
12 20 1121
12 21 1241
12 22 1046
12 23 2277
12 24 1193
12 25 998
12 26 2229
12 27 1145
12 28 950
12 29 2181
12 30 1097
12 31 902
12 32 2133
12 33 1049
12 34 854
12 35 2085
12 36 1001
12 37 806
12 38 2037
12 39 953
12 40 758
12 41 1989
12 42 905
12 43 710
12 44 1941
12 45 857
12 46 662
12 47 1893
12 48 809
12 49 614
12 50 1845
12 51 761
12 52 566
12 53 1797
12 54 713
12 55 518
12 56 1749
12 57 761
12 58 566
12 59 1797
12 60 809
12 61 614
12 62 1845
12 63 857
12 64 662
12 65 1893
12 66 905
12 67 710
12 68 1941
12 69 953
12 70 758
12 71 1989
12 72 1001
12 73 806
12 74 2037
12 75 1361
13 0 1441
13 1 1629
13 2 1271
13 3 930
13 4 1559
13 5 1139
13 6 1908
13 7 1241
13 8 1578
13 9 1550
13 10 1574
13 11 972
13 12 1506
13 13 0
13 14 2143
13 15 1551
13 16 1582
13 17 2124
13 18 1739
13 19 1399
13 20 1617
13 21 1321
13 22 1542
13 23 2773
13 24 1273
13 25 1494
13 26 2725
13 27 1225
13 28 1446
13 29 2677
13 30 1177
13 31 1398
13 32 2629
13 33 1129
13 34 1350
13 35 2581
13 36 1081
13 37 1302
13 38 2533
13 39 1033
13 40 1254
13 41 2485
13 42 985
13 43 1206
13 44 2437
13 45 937
13 46 1158
13 47 2389
13 48 889
13 49 1110
13 50 2341
13 51 841
13 52 1062
13 53 2293
13 54 793
13 55 1014
13 56 2245
13 57 745
13 58 966
13 59 2197
13 60 697
13 61 918
13 62 2149
13 63 649
13 64 870
13 65 2101
13 66 601
13 67 822
13 68 2053
13 69 553
13 70 774
13 71 2005
13 72 505
13 73 726
13 74 1957
13 75 1441
14 0 3008
14 1 2004
14 2 1882
14 3 2319
14 4 1076
14 5 2398
14 6 2023
14 7 1106
14 8 2343
14 9 1665
14 10 1689
14 11 1375
14 12 1647
14 13 2143
14 14 0
14 15 1276
14 16 2243
14 17 991
14 18 1854
14 19 1332
14 20 1498
14 21 2888
14 22 1657
14 23 630
14 24 2840
14 25 1609
14 26 582
14 27 2792
14 28 1561
14 29 534
14 30 2744
14 31 1513
14 32 486
14 33 2696
14 34 1465
14 35 438
14 36 2648
14 37 1417
14 38 390
14 39 2600
14 40 1369
14 41 342
14 42 2552
14 43 1321
14 44 294
14 45 2504
14 46 1273
14 47 246
14 48 2456
14 49 1225
14 50 198
14 51 2408
14 52 1177
14 53 150
14 54 2360
14 55 1129
14 56 102
14 57 2408
14 58 1177
14 59 150
14 60 2456
14 61 1225
14 62 198
14 63 2504
14 64 1273
14 65 246
14 66 2552
14 67 1321
14 68 294
14 69 2600
14 70 1369
14 71 342
14 72 2648
14 73 1417
14 74 390
14 75 3008
15 0 1936
15 1 932
15 2 1290
15 3 1631
15 4 794
15 5 1422
15 6 951
15 7 956
15 8 1271
15 9 881
15 10 617
15 11 783
15 12 1055
15 13 1551
15 14 1276
15 15 0
15 16 1171
15 17 1167
15 18 782
15 19 538
15 20 660
15 21 1816
15 22 585
15 23 1222
15 24 1768
15 25 537
15 26 1174
15 27 1720
15 28 489
15 29 1126
15 30 1672
15 31 441
15 32 1078
15 33 1624
15 34 393
15 35 1030
15 36 1576
15 37 345
15 38 982
15 39 1528
15 40 297
15 41 934
15 42 1576
15 43 345
15 44 982
15 45 1624
15 46 393
15 47 1030
15 48 1672
15 49 441
15 50 1078
15 51 1720
15 52 489
15 53 1126
15 54 1768
15 55 537
15 56 1174
15 57 1816
15 58 585
15 59 1222
15 60 1864
15 61 633
15 62 1270
15 63 1912
15 64 681
15 65 1318
15 66 1960
15 67 729
15 68 1366
15 69 2008
15 70 777
15 71 1414
15 72 2056
15 73 825
15 74 1462
15 75 1936
16 0 765
16 1 1145
16 2 1555
16 3 830
16 4 1371
16 5 751
16 6 1336
16 7 1533
16 8 902
16 9 1458
16 10 1002
16 11 1360
16 12 1502
16 13 1582
16 14 2243
16 15 1171
16 16 0
16 17 1552
16 18 1167
16 19 1115
16 20 1045
16 21 645
16 22 970
16 23 2201
16 24 597
16 25 922
16 26 2153
16 27 549
16 28 874
16 29 2105
16 30 501
16 31 826
16 32 2057
16 33 453
16 34 778
16 35 2009
16 36 501
16 37 826
16 38 2057
16 39 549
16 40 874
16 41 2105
16 42 597
16 43 922
16 44 2153
16 45 645
16 46 970
16 47 2201
16 48 693
16 49 1018
16 50 2249
16 51 741
16 52 1066
16 53 2297
16 54 789
16 55 1114
16 56 2345
16 57 837
16 58 1162
16 59 2393
16 60 885
16 61 1210
16 62 2441
16 63 933
16 64 1258
16 65 2489
16 66 981
16 67 1306
16 68 2537
16 69 1029
16 70 1354
16 71 2585
16 72 1077
16 73 1402
16 74 2633
16 75 765
17 0 2221
17 1 1505
17 2 1863
17 3 2204
17 4 1367
17 5 1995
17 6 1236
17 7 1529
17 8 1556
17 9 1454
17 10 902
17 11 1356
17 12 1628
17 13 2124
17 14 991
17 15 1167
17 16 1552
17 17 0
17 18 1067
17 19 1111
17 20 507
17 21 2101
17 22 870
17 23 649
17 24 2053
17 25 822
17 26 601
17 27 2005
17 28 774
17 29 553
17 30 1957
17 31 726
17 32 505
17 33 2005
17 34 774
17 35 553
17 36 2053
17 37 822
17 38 601
17 39 2101
17 40 870
17 41 649
17 42 2149
17 43 918
17 44 697
17 45 2197
17 46 966
17 47 745
17 48 2245
17 49 1014
17 50 793
17 51 2293
17 52 1062
17 53 841
17 54 2341
17 55 1110
17 56 889
17 57 2389
17 58 1158
17 59 937
17 60 2437
17 61 1206
17 62 985
17 63 2485
17 64 1254
17 65 1033
17 66 2533
17 67 1302
17 68 1081
17 69 2581
17 70 1350
17 71 1129
17 72 2629
17 73 1398
17 74 1177
17 75 2221
18 0 1154
18 1 1120
18 2 1478
18 3 1507
18 4 982
18 5 1428
18 6 169
18 7 1144
18 8 1171
18 9 1069
18 10 421
18 11 971
18 12 1243
18 13 1739
18 14 1854
18 15 782
18 16 1167
18 17 1067
18 18 0
18 19 726
18 20 560
18 21 1034
18 22 293
18 23 1524
18 24 986
18 25 245
18 26 1476
18 27 1034
18 28 293
18 29 1524
18 30 1082
18 31 341
18 32 1572
18 33 1130
18 34 389
18 35 1620
18 36 1178
18 37 437
18 38 1668
18 39 1226
18 40 485
18 41 1716
18 42 1274
18 43 533
18 44 1764
18 45 1322
18 46 581
18 47 1812
18 48 1370
18 49 629
18 50 1860
18 51 1418
18 52 677
18 53 1908
18 54 1466
18 55 725
18 56 1956
18 57 1514
18 58 773
18 59 2004
18 60 1562
18 61 821
18 62 2052
18 63 1610
18 64 869
18 65 2100
18 66 1658
18 67 917
18 68 2148
18 69 1706
18 70 965
18 71 2196
18 72 1754
18 73 1013
18 74 2244
18 75 1154
19 0 1880
19 1 876
19 2 1138
19 3 1479
19 4 642
19 5 1270
19 6 895
19 7 804
19 8 1215
19 9 729
19 10 561
19 11 631
19 12 903
19 13 1399
19 14 1332
19 15 538
19 16 1115
19 17 1111
19 18 726
19 19 0
19 20 604
19 21 1760
19 22 529
19 23 1374
19 24 1712
19 25 481
19 26 1326
19 27 1664
19 28 433
19 29 1278
19 30 1616
19 31 385
19 32 1230
19 33 1568
19 34 337
19 35 1182
19 36 1520
19 37 289
19 38 1134
19 39 1472
19 40 241
19 41 1086
19 42 1424
19 43 193
19 44 1038
19 45 1472
19 46 241
19 47 1086
19 48 1520
19 49 289
19 50 1134
19 51 1568
19 52 337
19 53 1182
19 54 1616
19 55 385
19 56 1230
19 57 1664
19 58 433
19 59 1278
19 60 1712
19 61 481
19 62 1326
19 63 1760
19 64 529
19 65 1374
19 66 1808
19 67 577
19 68 1422
19 69 1856
19 70 625
19 71 1470
19 72 1904
19 73 673
19 74 1518
19 75 1880
20 0 1714
20 1 998
20 2 1356
20 3 1697
20 4 860
20 5 1488
20 6 729
20 7 1022
20 8 1049
20 9 947
20 10 395
20 11 849
20 12 1121
20 13 1617
20 14 1498
20 15 660
20 16 1045
20 17 507
20 18 560
20 19 604
20 20 0
20 21 1594
20 22 363
20 23 1156
20 24 1546
20 25 315
20 26 1108
20 27 1498
20 28 267
20 29 1060
20 30 1450
20 31 219
20 32 1012
20 33 1498
20 34 267
20 35 1060
20 36 1546
20 37 315
20 38 1108
20 39 1594
20 40 363
20 41 1156
20 42 1642
20 43 411
20 44 1204
20 45 1690
20 46 459
20 47 1252
20 48 1738
20 49 507
20 50 1300
20 51 1786
20 52 555
20 53 1348
20 54 1834
20 55 603
20 56 1396
20 57 1882
20 58 651
20 59 1444
20 60 1930
20 61 699
20 62 1492
20 63 1978
20 64 747
20 65 1540
20 66 2026
20 67 795
20 68 1588
20 69 2074
20 70 843
20 71 1636
20 72 2122
20 73 891
20 74 1684
20 75 1714
21 0 120
21 1 884
21 2 1294
21 3 569
21 4 2016
21 5 490
21 6 865
21 7 2178
21 8 545
21 9 1223
21 10 1199
21 11 2005
21 12 1241
21 13 1321
21 14 2888
21 15 1816
21 16 645
21 17 2101
21 18 1034
21 19 1760
21 20 1594
21 21 0
21 22 1231
21 23 2462
21 24 48
21 25 1279
21 26 2510
21 27 96
21 28 1327
21 29 2558
21 30 144
21 31 1375
21 32 2606
21 33 192
21 34 1423
21 35 2654
21 36 240
21 37 1471
21 38 2702
21 39 288
21 40 1519
21 41 2750
21 42 336
21 43 1567
21 44 2798
21 45 384
21 46 1615
21 47 2846
21 48 432
21 49 1663
21 50 2894
21 51 480
21 52 1711
21 53 2942
21 54 528
21 55 1759
21 56 2990
21 57 576
21 58 1807
21 59 3038
21 60 624
21 61 1855
21 62 3086
21 63 672
21 64 1903
21 65 3134
21 66 720
21 67 1951
21 68 3182
21 69 768
21 70 1999
21 71 3230
21 72 816
21 73 2047
21 74 3278
21 75 120
22 0 1351
22 1 923
22 2 1281
22 3 1622
22 4 785
22 5 1413
22 6 462
22 7 947
22 8 974
22 9 872
22 10 224
22 11 774
22 12 1046
22 13 1542
22 14 1657
22 15 585
22 16 970
22 17 870
22 18 293
22 19 529
22 20 363
22 21 1231
22 22 0
22 23 1231
22 24 1279
22 25 48
22 26 1279
22 27 1327
22 28 96
22 29 1327
22 30 1375
22 31 144
22 32 1375
22 33 1423
22 34 192
22 35 1423
22 36 1471
22 37 240
22 38 1471
22 39 1519
22 40 288
22 41 1519
22 42 1567
22 43 336
22 44 1567
22 45 1615
22 46 384
22 47 1615
22 48 1663
22 49 432
22 50 1663
22 51 1711
22 52 480
22 53 1711
22 54 1759
22 55 528
22 56 1759
22 57 1807
22 58 576
22 59 1807
22 60 1855
22 61 624
22 62 1855
22 63 1903
22 64 672
22 65 1903
22 66 1951
22 67 720
22 68 1951
22 69 1999
22 70 768
22 71 1999
22 72 2047
22 73 816
22 74 2047
22 75 1351
23 0 2582
23 1 2154
23 2 2512
23 3 2853
23 4 1214
23 5 2644
23 6 1693
23 7 1532
23 8 2205
23 9 2103
23 10 1455
23 11 1801
23 12 2277
23 13 2773
23 14 630
23 15 1222
23 16 2201
23 17 649
23 18 1524
23 19 1374
23 20 1156
23 21 2462
23 22 1231
23 23 0
23 24 2510
23 25 1279
23 26 48
23 27 2558
23 28 1327
23 29 96
23 30 2606
23 31 1375
23 32 144
23 33 2654
23 34 1423
23 35 192
23 36 2702
23 37 1471
23 38 240
23 39 2750
23 40 1519
23 41 288
23 42 2798
23 43 1567
23 44 336
23 45 2846
23 46 1615
23 47 384
23 48 2894
23 49 1663
23 50 432
23 51 2942
23 52 1711
23 53 480
23 54 2990
23 55 1759
23 56 528
23 57 3038
23 58 1807
23 59 576
23 60 3086
23 61 1855
23 62 624
23 63 3134
23 64 1903
23 65 672
23 66 3182
23 67 1951
23 68 720
23 69 3230
23 70 1999
23 71 768
23 72 3278
23 73 2047
23 74 816
23 75 2582
24 0 168
24 1 836
24 2 1246
24 3 521
24 4 1968
24 5 442
24 6 817
24 7 2130
24 8 497
24 9 1175
24 10 1151
24 11 1957
24 12 1193
24 13 1273
24 14 2840
24 15 1768
24 16 597
24 17 2053
24 18 986
24 19 1712
24 20 1546
24 21 48
24 22 1279
24 23 2510
24 24 0
24 25 1231
24 26 2462
24 27 48
24 28 1279
24 29 2510
24 30 96
24 31 1327
24 32 2558
24 33 144
24 34 1375
24 35 2606
24 36 192
24 37 1423
24 38 2654
24 39 240
24 40 1471
24 41 2702
24 42 288
24 43 1519
24 44 2750
24 45 336
24 46 1567
24 47 2798
24 48 384
24 49 1615
24 50 2846
24 51 432
24 52 1663
24 53 2894
24 54 480
24 55 1711
24 56 2942
24 57 528
24 58 1759
24 59 2990
24 60 576
24 61 1807
24 62 3038
24 63 624
24 64 1855
24 65 3086
24 66 672
24 67 1903
24 68 3134
24 69 720
24 70 1951
24 71 3182
24 72 768
24 73 1999
24 74 3230
24 75 168
25 0 1399
25 1 875
25 2 1233
25 3 1574
25 4 737
25 5 1365
25 6 414
25 7 899
25 8 926
25 9 824
25 10 176
25 11 726
25 12 998
25 13 1494
25 14 1609
25 15 537
25 16 922
25 17 822
25 18 245
25 19 481
25 20 315
25 21 1279
25 22 48
25 23 1279
25 24 1231
25 25 0
25 26 1231
25 27 1279
25 28 48
25 29 1279
25 30 1327
25 31 96
25 32 1327
25 33 1375
25 34 144
25 35 1375
25 36 1423
25 37 192
25 38 1423
25 39 1471
25 40 240
25 41 1471
25 42 1519
25 43 288
25 44 1519
25 45 1567
25 46 336
25 47 1567
25 48 1615
25 49 384
25 50 1615
25 51 1663
25 52 432
25 53 1663
25 54 1711
25 55 480
25 56 1711
25 57 1759
25 58 528
25 59 1759
25 60 1807
25 61 576
25 62 1807
25 63 1855
25 64 624
25 65 1855
25 66 1903
25 67 672
25 68 1903
25 69 1951
25 70 720
25 71 1951
25 72 1999
25 73 768
25 74 1999
25 75 1399
26 0 2630
26 1 2106
26 2 2464
26 3 2805
26 4 1166
26 5 2596
26 6 1645
26 7 1484
26 8 2157
26 9 2055
26 10 1407
26 11 1753
26 12 2229
26 13 2725
26 14 582
26 15 1174
26 16 2153
26 17 601
26 18 1476
26 19 1326
26 20 1108
26 21 2510
26 22 1279
26 23 48
26 24 2462
26 25 1231
26 26 0
26 27 2510
26 28 1279
26 29 48
26 30 2558
26 31 1327
26 32 96
26 33 2606
26 34 1375
26 35 144
26 36 2654
26 37 1423
26 38 192
26 39 2702
26 40 1471
26 41 240
26 42 2750
26 43 1519
26 44 288
26 45 2798
26 46 1567
26 47 336
26 48 2846
26 49 1615
26 50 384
26 51 2894
26 52 1663
26 53 432
26 54 2942
26 55 1711
26 56 480
26 57 2990
26 58 1759
26 59 528
26 60 3038
26 61 1807
26 62 576
26 63 3086
26 64 1855
26 65 624
26 66 3134
26 67 1903
26 68 672
26 69 3182
26 70 1951
26 71 720
26 72 3230
26 73 1999
26 74 768
26 75 2630
27 0 216
27 1 788
27 2 1198
27 3 473
27 4 1920
27 5 394
27 6 865
27 7 2082
27 8 449
27 9 1127
27 10 1103
27 11 1909
27 12 1145
27 13 1225
27 14 2792
27 15 1720
27 16 549
27 17 2005
27 18 1034
27 19 1664
27 20 1498
27 21 96
27 22 1327
27 23 2558
27 24 48
27 25 1279
27 26 2510
27 27 0
27 28 1231
27 29 2462
27 30 48
27 31 1279
27 32 2510
27 33 96
27 34 1327
27 35 2558
27 36 144
27 37 1375
27 38 2606
27 39 192
27 40 1423
27 41 2654
27 42 240
27 43 1471
27 44 2702
27 45 288
27 46 1519
27 47 2750
27 48 336
27 49 1567
27 50 2798
27 51 384
27 52 1615
27 53 2846
27 54 432
27 55 1663
27 56 2894
27 57 480
27 58 1711
27 59 2942
27 60 528
27 61 1759
27 62 2990
27 63 576
27 64 1807
27 65 3038
27 66 624
27 67 1855
27 68 3086
27 69 672
27 70 1903
27 71 3134
27 72 720
27 73 1951
27 74 3182
27 75 216
28 0 1447
28 1 827
28 2 1185
28 3 1526
28 4 689
28 5 1317
28 6 462
28 7 851
28 8 878
28 9 776
28 10 128
28 11 678
28 12 950
28 13 1446
28 14 1561
28 15 489
28 16 874
28 17 774
28 18 293
28 19 433
28 20 267
28 21 1327
28 22 96
28 23 1327
28 24 1279
28 25 48
28 26 1279
28 27 1231
28 28 0
28 29 1231
28 30 1279
28 31 48
28 32 1279
28 33 1327
28 34 96
28 35 1327
28 36 1375
28 37 144
28 38 1375
28 39 1423
28 40 192
28 41 1423
28 42 1471
28 43 240
28 44 1471
28 45 1519
28 46 288
28 47 1519
28 48 1567
28 49 336
28 50 1567
28 51 1615
28 52 384
28 53 1615
28 54 1663
28 55 432
28 56 1663
28 57 1711
28 58 480
28 59 1711
28 60 1759
28 61 528
28 62 1759
28 63 1807
28 64 576
28 65 1807
28 66 1855
28 67 624
28 68 1855
28 69 1903
28 70 672
28 71 1903
28 72 1951
28 73 720
28 74 1951
28 75 1447
29 0 2678
29 1 2058
29 2 2416
29 3 2757
29 4 1118
29 5 2548
29 6 1693
29 7 1436
29 8 2109
29 9 2007
29 10 1359
29 11 1705
29 12 2181
29 13 2677
29 14 534
29 15 1126
29 16 2105
29 17 553
29 18 1524
29 19 1278
29 20 1060
29 21 2558
29 22 1327
29 23 96
29 24 2510
29 25 1279
29 26 48
29 27 2462
29 28 1231
29 29 0
29 30 2510
29 31 1279
29 32 48
29 33 2558
29 34 1327
29 35 96
29 36 2606
29 37 1375
29 38 144
29 39 2654
29 40 1423
29 41 192
29 42 2702
29 43 1471
29 44 240
29 45 2750
29 46 1519
29 47 288
29 48 2798
29 49 1567
29 50 336
29 51 2846
29 52 1615
29 53 384
29 54 2894
29 55 1663
29 56 432
29 57 2942
29 58 1711
29 59 480
29 60 2990
29 61 1759
29 62 528
29 63 3038
29 64 1807
29 65 576
29 66 3086
29 67 1855
29 68 624
29 69 3134
29 70 1903
29 71 672
29 72 3182
29 73 1951
29 74 720
29 75 2678
30 0 264
30 1 740
30 2 1150
30 3 425
30 4 1872
30 5 346
30 6 913
30 7 2034
30 8 401
30 9 1079
30 10 1151
30 11 1861
30 12 1097
30 13 1177
30 14 2744
30 15 1672
30 16 501
30 17 1957
30 18 1082
30 19 1616
30 20 1450
30 21 144
30 22 1375
30 23 2606
30 24 96
30 25 1327
30 26 2558
30 27 48
30 28 1279
30 29 2510
30 30 0
30 31 1231
30 32 2462
30 33 48
30 34 1279
30 35 2510
30 36 96
30 37 1327
30 38 2558
30 39 144
30 40 1375
30 41 2606
30 42 192
30 43 1423
30 44 2654
30 45 240
30 46 1471
30 47 2702
30 48 288
30 49 1519
30 50 2750
30 51 336
30 52 1567
30 53 2798
30 54 384
30 55 1615
30 56 2846
30 57 432
30 58 1663
30 59 2894
30 60 480
30 61 1711
30 62 2942
30 63 528
30 64 1759
30 65 2990
30 66 576
30 67 1807
30 68 3038
30 69 624
30 70 1855
30 71 3086
30 72 672
30 73 1903
30 74 3134
30 75 264
31 0 1495
31 1 779
31 2 1137
31 3 1478
31 4 641
31 5 1269
31 6 510
31 7 803
31 8 830
31 9 728
31 10 176
31 11 630
31 12 902
31 13 1398
31 14 1513
31 15 441
31 16 826
31 17 726
31 18 341
31 19 385
31 20 219
31 21 1375
31 22 144
31 23 1375
31 24 1327
31 25 96
31 26 1327
31 27 1279
31 28 48
31 29 1279
31 30 1231
31 31 0
31 32 1231
31 33 1279
31 34 48
31 35 1279
31 36 1327
31 37 96
31 38 1327
31 39 1375
31 40 144
31 41 1375
31 42 1423
31 43 192
31 44 1423
31 45 1471
31 46 240
31 47 1471
31 48 1519
31 49 288
31 50 1519
31 51 1567
31 52 336
31 53 1567
31 54 1615
31 55 384
31 56 1615
31 57 1663
31 58 432
31 59 1663
31 60 1711
31 61 480
31 62 1711
31 63 1759
31 64 528
31 65 1759
31 66 1807
31 67 576
31 68 1807
31 69 1855
31 70 624
31 71 1855
31 72 1903
31 73 672
31 74 1903
31 75 1495
32 0 2726
32 1 2010
32 2 2368
32 3 2709
32 4 1070
32 5 2500
32 6 1741
32 7 1388
32 8 2061
32 9 1959
32 10 1407
32 11 1657
32 12 2133
32 13 2629
32 14 486
32 15 1078
32 16 2057
32 17 505
32 18 1572
32 19 1230
32 20 1012
32 21 2606
32 22 1375
32 23 144
32 24 2558
32 25 1327
32 26 96
32 27 2510
32 28 1279
32 29 48
32 30 2462
32 31 1231
32 32 0
32 33 2510
32 34 1279
32 35 48
32 36 2558
32 37 1327
32 38 96
32 39 2606
32 40 1375
32 41 144
32 42 2654
32 43 1423
32 44 192
32 45 2702
32 46 1471
32 47 240
32 48 2750
32 49 1519
32 50 288
32 51 2798
32 52 1567
32 53 336
32 54 2846
32 55 1615
32 56 384
32 57 2894
32 58 1663
32 59 432
32 60 2942
32 61 1711
32 62 480
32 63 2990
32 64 1759
32 65 528
32 66 3038
32 67 1807
32 68 576
32 69 3086
32 70 1855
32 71 624
32 72 3134
32 73 1903
32 74 672
32 75 2726
33 0 312
33 1 692
33 2 1102
33 3 377
33 4 1824
33 5 298
33 6 961
33 7 1986
33 8 449
33 9 1031
33 10 1199
33 11 1813
33 12 1049
33 13 1129
33 14 2696
33 15 1624
33 16 453
33 17 2005
33 18 1130
33 19 1568
33 20 1498
33 21 192
33 22 1423
33 23 2654
33 24 144
33 25 1375
33 26 2606
33 27 96
33 28 1327
33 29 2558
33 30 48
33 31 1279
33 32 2510
33 33 0
33 34 1231
33 35 2462
33 36 48
33 37 1279
33 38 2510
33 39 96
33 40 1327
33 41 2558
33 42 144
33 43 1375
33 44 2606
33 45 192
33 46 1423
33 47 2654
33 48 240
33 49 1471
33 50 2702
33 51 288
33 52 1519
33 53 2750
33 54 336
33 55 1567
33 56 2798
33 57 384
33 58 1615
33 59 2846
33 60 432
33 61 1663
33 62 2894
33 63 480
33 64 1711
33 65 2942
33 66 528
33 67 1759
33 68 2990
33 69 576
33 70 1807
33 71 3038
33 72 624
33 73 1855
33 74 3086
33 75 312
34 0 1543
34 1 731
34 2 1089
34 3 1430
34 4 593
34 5 1221
34 6 558
34 7 755
34 8 878
34 9 680
34 10 224
34 11 582
34 12 854
34 13 1350
34 14 1465
34 15 393
34 16 778
34 17 774
34 18 389
34 19 337
34 20 267
34 21 1423
34 22 192
34 23 1423
34 24 1375
34 25 144
34 26 1375
34 27 1327
34 28 96
34 29 1327
34 30 1279
34 31 48
34 32 1279
34 33 1231
34 34 0
34 35 1231
34 36 1279
34 37 48
34 38 1279
34 39 1327
34 40 96
34 41 1327
34 42 1375
34 43 144
34 44 1375
34 45 1423
34 46 192
34 47 1423
34 48 1471
34 49 240
34 50 1471
34 51 1519
34 52 288
34 53 1519
34 54 1567
34 55 336
34 56 1567
34 57 1615
34 58 384
34 59 1615
34 60 1663
34 61 432
34 62 1663
34 63 1711
34 64 480
34 65 1711
34 66 1759
34 67 528
34 68 1759
34 69 1807
34 70 576
34 71 1807
34 72 1855
34 73 624
34 74 1855
34 75 1543
35 0 2774
35 1 1962
35 2 2320
35 3 2661
35 4 1022
35 5 2452
35 6 1789
35 7 1340
35 8 2109
35 9 1911
35 10 1455
35 11 1609
35 12 2085
35 13 2581
35 14 438
35 15 1030
35 16 2009
35 17 553
35 18 1620
35 19 1182
35 20 1060
35 21 2654
35 22 1423
35 23 192
35 24 2606
35 25 1375
35 26 144
35 27 2558
35 28 1327
35 29 96
35 30 2510
35 31 1279
35 32 48
35 33 2462
35 34 1231
35 35 0
35 36 2510
35 37 1279
35 38 48
35 39 2558
35 40 1327
35 41 96
35 42 2606
35 43 1375
35 44 144
35 45 2654
35 46 1423
35 47 192
35 48 2702
35 49 1471
35 50 240
35 51 2750
35 52 1519
35 53 288
35 54 2798
35 55 1567
35 56 336
35 57 2846
35 58 1615
35 59 384
35 60 2894
35 61 1663
35 62 432
35 63 2942
35 64 1711
35 65 480
35 66 2990
35 67 1759
35 68 528
35 69 3038
35 70 1807
35 71 576
35 72 3086
35 73 1855
35 74 624
35 75 2774
36 0 360
36 1 644
36 2 1054
36 3 329
36 4 1776
36 5 250
36 6 1009
36 7 1938
36 8 497
36 9 983
36 10 1247
36 11 1765
36 12 1001
36 13 1081
36 14 2648
36 15 1576
36 16 501
36 17 2053
36 18 1178
36 19 1520
36 20 1546
36 21 240
36 22 1471
36 23 2702
36 24 192
36 25 1423
36 26 2654
36 27 144
36 28 1375
36 29 2606
36 30 96
36 31 1327
36 32 2558
36 33 48
36 34 1279
36 35 2510
36 36 0
36 37 1231
36 38 2462
36 39 48
36 40 1279
36 41 2510
36 42 96
36 43 1327
36 44 2558
36 45 144
36 46 1375
36 47 2606
36 48 192
36 49 1423
36 50 2654
36 51 240
36 52 1471
36 53 2702
36 54 288
36 55 1519
36 56 2750
36 57 336
36 58 1567
36 59 2798
36 60 384
36 61 1615
36 62 2846
36 63 432
36 64 1663
36 65 2894
36 66 480
36 67 1711
36 68 2942
36 69 528
36 70 1759
36 71 2990
36 72 576
36 73 1807
36 74 3038
36 75 360
37 0 1591
37 1 683
37 2 1041
37 3 1382
37 4 545
37 5 1173
37 6 606
37 7 707
37 8 926
37 9 632
37 10 272
37 11 534
37 12 806
37 13 1302
37 14 1417
37 15 345
37 16 826
37 17 822
37 18 437
37 19 289
37 20 315
37 21 1471
37 22 240
37 23 1471
37 24 1423
37 25 192
37 26 1423
37 27 1375
37 28 144
37 29 1375
37 30 1327
37 31 96
37 32 1327
37 33 1279
37 34 48
37 35 1279
37 36 1231
37 37 0
37 38 1231
37 39 1279
37 40 48
37 41 1279
37 42 1327
37 43 96
37 44 1327
37 45 1375
37 46 144
37 47 1375
37 48 1423
37 49 192
37 50 1423
37 51 1471
37 52 240
37 53 1471
37 54 1519
37 55 288
37 56 1519
37 57 1567
37 58 336
37 59 1567
37 60 1615
37 61 384
37 62 1615
37 63 1663
37 64 432
37 65 1663
37 66 1711
37 67 480
37 68 1711
37 69 1759
37 70 528
37 71 1759
37 72 1807
37 73 576
37 74 1807
37 75 1591
38 0 2822
38 1 1914
38 2 2272
38 3 2613
38 4 974
38 5 2404
38 6 1837
38 7 1292
38 8 2157
38 9 1863
38 10 1503
38 11 1561
38 12 2037
38 13 2533
38 14 390
38 15 982
38 16 2057
38 17 601
38 18 1668
38 19 1134
38 20 1108
38 21 2702
38 22 1471
38 23 240
38 24 2654
38 25 1423
38 26 192
38 27 2606
38 28 1375
38 29 144
38 30 2558
38 31 1327
38 32 96
38 33 2510
38 34 1279
38 35 48
38 36 2462
38 37 1231
38 38 0
38 39 2510
38 40 1279
38 41 48
38 42 2558
38 43 1327
38 44 96
38 45 2606
38 46 1375
38 47 144
38 48 2654
38 49 1423
38 50 192
38 51 2702
38 52 1471
38 53 240
38 54 2750
38 55 1519
38 56 288
38 57 2798
38 58 1567
38 59 336
38 60 2846
38 61 1615
38 62 384
38 63 2894
38 64 1663
38 65 432
38 66 2942
38 67 1711
38 68 480
38 69 2990
38 70 1759
38 71 528
38 72 3038
38 73 1807
38 74 576
38 75 2822
39 0 408
39 1 596
39 2 1006
39 3 281
39 4 1728
39 5 202
39 6 1057
39 7 1890
39 8 545
39 9 935
39 10 1295
39 11 1717
39 12 953
39 13 1033
39 14 2600
39 15 1528
39 16 549
39 17 2101
39 18 1226
39 19 1472
39 20 1594
39 21 288
39 22 1519
39 23 2750
39 24 240
39 25 1471
39 26 2702
39 27 192
39 28 1423
39 29 2654
39 30 144
39 31 1375
39 32 2606
39 33 96
39 34 1327
39 35 2558
39 36 48
39 37 1279
39 38 2510
39 39 0
39 40 1231
39 41 2462
39 42 48
39 43 1279
39 44 2510
39 45 96
39 46 1327
39 47 2558
39 48 144
39 49 1375
39 50 2606
39 51 192
39 52 1423
39 53 2654
39 54 240
39 55 1471
39 56 2702
39 57 288
39 58 1519
39 59 2750
39 60 336
39 61 1567
39 62 2798
39 63 384
39 64 1615
39 65 2846
39 66 432
39 67 1663
39 68 2894
39 69 480
39 70 1711
39 71 2942
39 72 528
39 73 1759
39 74 2990
39 75 408
40 0 1639
40 1 635
40 2 993
40 3 1334
40 4 497
40 5 1125
40 6 654
40 7 659
40 8 974
40 9 584
40 10 320
40 11 486
40 12 758
40 13 1254
40 14 1369
40 15 297
40 16 874
40 17 870
40 18 485
40 19 241
40 20 363
40 21 1519
40 22 288
40 23 1519
40 24 1471
40 25 240
40 26 1471
40 27 1423
40 28 192
40 29 1423
40 30 1375
40 31 144
40 32 1375
40 33 1327
40 34 96
40 35 1327
40 36 1279
40 37 48
40 38 1279
40 39 1231
40 40 0
40 41 1231
40 42 1279
40 43 48
40 44 1279
40 45 1327
40 46 96
40 47 1327
40 48 1375
40 49 144
40 50 1375
40 51 1423
40 52 192
40 53 1423
40 54 1471
40 55 240
40 56 1471
40 57 1519
40 58 288
40 59 1519
40 60 1567
40 61 336
40 62 1567
40 63 1615
40 64 384
40 65 1615
40 66 1663
40 67 432
40 68 1663
40 69 1711
40 70 480
40 71 1711
40 72 1759
40 73 528
40 74 1759
40 75 1639
41 0 2870
41 1 1866
41 2 2224
41 3 2565
41 4 926
41 5 2356
41 6 1885
41 7 1244
41 8 2205
41 9 1815
41 10 1551
41 11 1513
41 12 1989
41 13 2485
41 14 342
41 15 934
41 16 2105
41 17 649
41 18 1716
41 19 1086
41 20 1156
41 21 2750
41 22 1519
41 23 288
41 24 2702
41 25 1471
41 26 240
41 27 2654
41 28 1423
41 29 192
41 30 2606
41 31 1375
41 32 144
41 33 2558
41 34 1327
41 35 96
41 36 2510
41 37 1279
41 38 48
41 39 2462
41 40 1231
41 41 0
41 42 2510
41 43 1279
41 44 48
41 45 2558
41 46 1327
41 47 96
41 48 2606
41 49 1375
41 50 144
41 51 2654
41 52 1423
41 53 192
41 54 2702
41 55 1471
41 56 240
41 57 2750
41 58 1519
41 59 288
41 60 2798
41 61 1567
41 62 336
41 63 2846
41 64 1615
41 65 384
41 66 2894
41 67 1663
41 68 432
41 69 2942
41 70 1711
41 71 480
41 72 2990
41 73 1759
41 74 528
41 75 2870
42 0 456
42 1 644
42 2 958
42 3 233
42 4 1680
42 5 154
42 6 1105
42 7 1842
42 8 593
42 9 887
42 10 1343
42 11 1669
42 12 905
42 13 985
42 14 2552
42 15 1576
42 16 597
42 17 2149
42 18 1274
42 19 1424
42 20 1642
42 21 336
42 22 1567
42 23 2798
42 24 288
42 25 1519
42 26 2750
42 27 240
42 28 1471
42 29 2702
42 30 192
42 31 1423
42 32 2654
42 33 144
42 34 1375
42 35 2606
42 36 96
42 37 1327
42 38 2558
42 39 48
42 40 1279
42 41 2510
42 42 0
42 43 1231
42 44 2462
42 45 48
42 46 1279
42 47 2510
42 48 96
42 49 1327
42 50 2558
42 51 144
42 52 1375
42 53 2606
42 54 192
42 55 1423
42 56 2654
42 57 240
42 58 1471
42 59 2702
42 60 288
42 61 1519
42 62 2750
42 63 336
42 64 1567
42 65 2798
42 66 384
42 67 1615
42 68 2846
42 69 432
42 70 1663
42 71 2894
42 72 480
42 73 1711
42 74 2942
42 75 456
43 0 1687
43 1 683
43 2 945
43 3 1286
43 4 449
43 5 1077
43 6 702
43 7 611
43 8 1022
43 9 536
43 10 368
43 11 438
43 12 710
43 13 1206
43 14 1321
43 15 345
43 16 922
43 17 918
43 18 533
43 19 193
43 20 411
43 21 1567
43 22 336
43 23 1567
43 24 1519
43 25 288
43 26 1519
43 27 1471
43 28 240
43 29 1471
43 30 1423
43 31 192
43 32 1423
43 33 1375
43 34 144
43 35 1375
43 36 1327
43 37 96
43 38 1327
43 39 1279
43 40 48
43 41 1279
43 42 1231
43 43 0
43 44 1231
43 45 1279
43 46 48
43 47 1279
43 48 1327
43 49 96
43 50 1327
43 51 1375
43 52 144
43 53 1375
43 54 1423
43 55 192
43 56 1423
43 57 1471
43 58 240
43 59 1471
43 60 1519
43 61 288
43 62 1519
43 63 1567
43 64 336
43 65 1567
43 66 1615
43 67 384
43 68 1615
43 69 1663
43 70 432
43 71 1663
43 72 1711
43 73 480
43 74 1711
43 75 1687
44 0 2918
44 1 1914
44 2 2176
44 3 2517
44 4 878
44 5 2308
44 6 1933
44 7 1196
44 8 2253
44 9 1767
44 10 1599
44 11 1465
44 12 1941
44 13 2437
44 14 294
44 15 982
44 16 2153
44 17 697
44 18 1764
44 19 1038
44 20 1204
44 21 2798
44 22 1567
44 23 336
44 24 2750
44 25 1519
44 26 288
44 27 2702
44 28 1471
44 29 240
44 30 2654
44 31 1423
44 32 192
44 33 2606
44 34 1375
44 35 144
44 36 2558
44 37 1327
44 38 96
44 39 2510
44 40 1279
44 41 48
44 42 2462
44 43 1231
44 44 0
44 45 2510
44 46 1279
44 47 48
44 48 2558
44 49 1327
44 50 96
44 51 2606
44 52 1375
44 53 144
44 54 2654
44 55 1423
44 56 192
44 57 2702
44 58 1471
44 59 240
44 60 2750
44 61 1519
44 62 288
44 63 2798
44 64 1567
44 65 336
44 66 2846
44 67 1615
44 68 384
44 69 2894
44 70 1663
44 71 432
44 72 2942
44 73 1711
44 74 480
44 75 2918
45 0 504
45 1 692
45 2 910
45 3 185
45 4 1632
45 5 202
45 6 1153
45 7 1794
45 8 641
45 9 839
45 10 1391
45 11 1621
45 12 857
45 13 937
45 14 2504
45 15 1624
45 16 645
45 17 2197
45 18 1322
45 19 1472
45 20 1690
45 21 384
45 22 1615
45 23 2846
45 24 336
45 25 1567
45 26 2798
45 27 288
45 28 1519
45 29 2750
45 30 240
45 31 1471
45 32 2702
45 33 192
45 34 1423
45 35 2654
45 36 144
45 37 1375
45 38 2606
45 39 96
45 40 1327
45 41 2558
45 42 48
45 43 1279
45 44 2510
45 45 0
45 46 1231
45 47 2462
45 48 48
45 49 1279
45 50 2510
45 51 96
45 52 1327
45 53 2558
45 54 144
45 55 1375
45 56 2606
45 57 192
45 58 1423
45 59 2654
45 60 240
45 61 1471
45 62 2702
45 63 288
45 64 1519
45 65 2750
45 66 336
45 67 1567
45 68 2798
45 69 384
45 70 1615
45 71 2846
45 72 432
45 73 1663
45 74 2894
45 75 504
46 0 1735
46 1 731
46 2 897
46 3 1238
46 4 401
46 5 1125
46 6 750
46 7 563
46 8 1070
46 9 488
46 10 416
46 11 390
46 12 662
46 13 1158
46 14 1273
46 15 393
46 16 970
46 17 966
46 18 581
46 19 241
46 20 459
46 21 1615
46 22 384
46 23 1615
46 24 1567
46 25 336
46 26 1567
46 27 1519
46 28 288
46 29 1519
46 30 1471
46 31 240
46 32 1471
46 33 1423
46 34 192
46 35 1423
46 36 1375
46 37 144
46 38 1375
46 39 1327
46 40 96
46 41 1327
46 42 1279
46 43 48
46 44 1279
46 45 1231
46 46 0
46 47 1231
46 48 1279
46 49 48
46 50 1279
46 51 1327
46 52 96
46 53 1327
46 54 1375
46 55 144
46 56 1375
46 57 1423
46 58 192
46 59 1423
46 60 1471
46 61 240
46 62 1471
46 63 1519
46 64 288
46 65 1519
46 66 1567
46 67 336
46 68 1567
46 69 1615
46 70 384
46 71 1615
46 72 1663
46 73 432
46 74 1663
46 75 1735
47 0 2966
47 1 1962
47 2 2128
47 3 2469
47 4 830
47 5 2356
47 6 1981
47 7 1148
47 8 2301
47 9 1719
47 10 1647
47 11 1417
47 12 1893
47 13 2389
47 14 246
47 15 1030
47 16 2201
47 17 745
47 18 1812
47 19 1086
47 20 1252
47 21 2846
47 22 1615
47 23 384
47 24 2798
47 25 1567
47 26 336
47 27 2750
47 28 1519
47 29 288
47 30 2702
47 31 1471
47 32 240
47 33 2654
47 34 1423
47 35 192
47 36 2606
47 37 1375
47 38 144
47 39 2558
47 40 1327
47 41 96
47 42 2510
47 43 1279
47 44 48
47 45 2462
47 46 1231
47 47 0
47 48 2510
47 49 1279
47 50 48
