//alpha
1
//NbLocations
46
//NbProducts
28
//NbPickers
2
//CapaPicker
12
//TimeToTravelOneDistanceUnit
3
//SetupTime
5400
//PickTime
300
//Products
//Idx Location Size
1 1 1
2 2 1
3 3 1
4 4 1
5 5 1
6 6 1
7 7 1
8 8 1
9 9 1
10 10 1
11 11 1
12 12 1
13 13 1
14 14 1
15 15 1
16 16 1
17 17 1
18 18 1
19 19 1
20 20 1
21 21 1
22 13 1
23 22 1
24 23 1
25 24 1
26 25 1
27 26 1
28 27 1
//Orders
//NbOrders
18
//Idx DueDate TardinessPenalty NbProdInOrder ProdIdx1 Qty1 ProdIdx2 Qty2 ...
1 54000 0 2 1 1 2 1
2 72000 0 1 3 1
3 126000 0 1 4 1
4 126000 0 1 5 1
5 36000 0 2 6 1 7 1
6 72000 0 1 8 1
7 54000 0 2 9 1 10 1
8 108000 0 1 11 1
9 54000 0 1 12 1
10 108000 0 1 13 1
11 90000 0 1 14 1
12 72000 0 1 15 1
13 54000 0 3 16 1 17 1 18 1
14 126000 0 2 19 1 20 1
15 54000 0 2 21 1 22 1
16 72000 0 2 23 1 24 1
17 54000 0 2 25 1 26 1
18 108000 0 2 27 1 28 1
//Graph (Products are vertices indexed from 1 to NbProducts)
//NbVerticesIntersections
18
//DepartingDepot
0
//ArrivalDepot
46
//Arcs
//Start End Distance
0 28 120
1 18 26
1 22 91
2 8 13
2 19 286
3 29 388
3 30 63
4 17 91
4 24 26
5 10 13
5 32 349
6 22 78
6 26 52
7 20 156
7 35 154
8 2 13
8 33 37
9 23 13
9 38 37
10 5 13
10 31 89
11 14 130
11 35 63
12 16 52
12 41 193
13 28 102
13 29 349
14 11 130
14 34 258
15 16 26
15 40 180
16 12 52
16 15 26
17 4 91
17 43 128
18 1 26
18 23 117
19 2 286
19 32 115
20 7 156
20 36 141
21 38 141
21 39 310
22 1 91
22 6 78
23 9 13
23 18 117
24 4 26
24 27 169
25 41 245
25 42 206
26 6 52
26 37 37
27 24 169
27 44 37
28 13 102
28 31 48
28 46 120
29 3 388
29 13 349
29 32 48
30 3 63
30 33 48
31 10 89
31 28 48
31 34 48
32 5 349
32 19 115
32 29 48
32 35 48
33 8 37
33 30 48
33 36 48
34 14 258
34 31 48
34 37 48
35 7 154
35 11 63
35 32 48
35 38 48
36 20 141
36 33 48
36 39 48
37 26 37
37 34 48
37 40 48
38 9 37
38 21 141
38 35 48
38 41 48
39 21 310
39 36 48
39 42 48
40 15 180
40 37 48
40 43 48
41 12 193
41 25 245
41 38 48
41 44 48
42 25 206
42 39 48
42 45 48
43 17 128
43 40 48
44 27 37
44 41 48
44 45 451
45 42 48
45 44 451
//LocStart LocEnd ShortestPath
0 0 0
0 1 522
0 2 1020
0 3 959
0 4 579
0 5 270
0 6 353
0 7 821
0 8 1033
0 9 678
0 10 257
0 11 604
0 12 570
0 13 222
0 14 474
0 15 492
0 16 518
0 17 488
0 18 548
0 19 734
0 20 977
0 21 856
0 22 431
0 23 665
0 24 605
0 25 1008
0 26 301
0 27 774
0 28 120
0 29 571
0 30 1022
0 31 168
0 32 619
0 33 1070
0 34 216
0 35 667
0 36 1118
0 37 264
0 38 715
0 39 1166
0 40 312
0 41 763
0 42 1214
0 43 360
0 44 811
0 45 1262
0 46 0
1 0 522
1 1 0
1 2 690
1 3 725
1 4 521
1 5 456
1 6 169
1 7 395
1 8 703
1 9 156
1 10 443
1 11 304
1 12 434
1 13 504
1 14 434
1 15 486
1 16 486
1 17 482
1 18 26
1 19 404
1 20 551
1 21 334
1 22 91
1 23 143
1 24 495
1 25 486
1 26 221
1 27 326
1 28 402
1 29 337
1 30 788
1 31 354
1 32 289
1 33 740
1 34 306
1 35 241
1 36 692
1 37 258
1 38 193
1 39 644
1 40 306
1 41 241
1 42 692
1 43 354
1 44 289
1 45 740
1 46 522
2 0 1020
2 1 690
2 2 0
2 3 161
2 4 825
2 5 750
2 6 859
2 7 395
2 8 13
2 9 534
2 10 763
2 11 512
2 12 738
2 13 798
2 14 642
2 15 816
2 16 790
2 17 916
2 18 664
2 19 286
2 20 239
2 21 456
2 22 781
2 23 547
2 24 799
2 25 400
2 26 911
2 27 630
2 28 900
2 29 449
2 30 98
2 31 852
2 32 401
2 33 50
2 34 900
2 35 449
2 36 98
2 37 948
2 38 497
2 39 146
2 40 996
2 41 545
2 42 194
2 43 1044
2 44 593
2 45 242
2 46 1020
3 0 959
3 1 725
3 2 161
3 3 0
3 4 860
3 5 785
3 6 894
3 7 456
3 8 148
3 9 569
3 10 798
3 11 547
3 12 773
3 13 737
3 14 677
3 15 851
3 16 825
3 17 951
3 18 699
3 19 447
3 20 300
3 21 517
3 22 816
3 23 582
3 24 834
3 25 461
3 26 946
3 27 665
3 28 839
3 29 388
3 30 63
3 31 887
3 32 436
3 33 111
3 34 935
3 35 484
3 36 159
3 37 983
3 38 532
3 39 207
3 40 1031
3 41 580
3 42 255
3 43 1079
3 44 628
3 45 303
3 46 959
4 0 579
4 1 521
4 2 825
4 3 860
4 4 0
4 5 513
4 6 404
4 7 530
4 8 838
4 9 365
4 10 500
4 11 439
4 12 473
4 13 561
4 14 569
4 15 447
4 16 473
4 17 91
4 18 495
4 19 539
4 20 686
4 21 469
4 22 482
4 23 378
4 24 26
4 25 525
4 26 352
4 27 195
4 28 459
4 29 472
4 30 923
4 31 411
4 32 424
4 33 875
4 34 363
4 35 376
4 36 827
4 37 315
4 38 328
4 39 779
4 40 267
4 41 280
4 42 731
4 43 219
4 44 232
4 45 683
4 46 579
5 0 270
5 1 456
5 2 750
5 3 785
5 4 513
5 5 0
5 6 287
5 7 551
5 8 763
5 9 482
5 10 13
5 11 460
5 12 504
5 13 252
5 14 408
5 15 426
5 16 452
5 17 422
5 18 482
5 19 464
5 20 707
5 21 586
5 22 365
5 23 495
5 24 539
5 25 738
5 26 235
5 27 578
5 28 150
5 29 397
5 30 848
5 31 102
5 32 349
5 33 800
5 34 150
5 35 397
5 36 848
5 37 198
5 38 445
5 39 896
5 40 246
5 41 493
5 42 944
5 43 294
5 44 541
5 45 992
5 46 270
6 0 353
6 1 169
6 2 859
6 3 894
6 4 404
6 5 287
6 6 0
6 7 564
6 8 872
6 9 325
6 10 274
6 11 473
6 12 395
6 13 335
6 14 395
6 15 317
6 16 343
6 17 313
6 18 195
6 19 573
6 20 720
6 21 503
6 22 78
6 23 312
6 24 430
6 25 655
6 26 52
6 27 495
6 28 233
6 29 506
6 30 957
6 31 185
6 32 458
6 33 909
6 34 137
6 35 410
6 36 861
6 37 89
6 38 362
6 39 813
6 40 137
6 41 410
6 42 861
6 43 185
6 44 458
6 45 909
6 46 353
7 0 821
7 1 395
7 2 395
7 3 456
7 4 530
7 5 551
7 6 564
7 7 0
7 8 382
7 9 239
7 10 564
7 11 217
7 12 443
7 13 599
7 14 347
7 15 521
7 16 495
7 17 621
7 18 369
7 19 317
7 20 156
7 21 343
7 22 486
7 23 252
7 24 504
7 25 495
7 26 616
7 27 335
7 28 701
7 29 250
7 30 393
7 31 653
7 32 202
7 33 345
7 34 605
7 35 154
7 36 297
7 37 653
7 38 202
7 39 345
7 40 701
7 41 250
7 42 393
7 43 749
7 44 298
7 45 441
7 46 821
8 0 1033
8 1 703
8 2 13
8 3 148
8 4 838
8 5 763
8 6 872
8 7 382
8 8 0
8 9 547
8 10 776
8 11 525
8 12 751
8 13 811
8 14 655
8 15 829
8 16 803
8 17 929
8 18 677
8 19 299
8 20 226
8 21 443
8 22 794
8 23 560
8 24 812
8 25 387
8 26 924
8 27 643
8 28 913
8 29 462
8 30 85
8 31 865
8 32 414
8 33 37
8 34 913
8 35 462
8 36 85
8 37 961
8 38 510
8 39 133
8 40 1009
8 41 558
8 42 181
8 43 1057
8 44 606
8 45 229
8 46 1033
9 0 678
9 1 156
9 2 534
9 3 569
9 4 365
9 5 482
9 6 325
9 7 239
9 8 547
9 9 0
9 10 495
9 11 148
9 12 278
9 13 530
9 14 278
9 15 356
9 16 330
9 17 456
9 18 130
9 19 248
9 20 395
9 21 178
9 22 247
9 23 13
9 24 339
9 25 330
9 26 377
9 27 170
9 28 558
9 29 181
9 30 632
9 31 510
9 32 133
9 33 584
9 34 462
9 35 85
9 36 536
9 37 414
9 38 37
9 39 488
9 40 462
9 41 85
9 42 536
9 43 510
9 44 133
9 45 584
9 46 678
10 0 257
10 1 443
10 2 763
10 3 798
10 4 500
10 5 13
10 6 274
10 7 564
10 8 776
10 9 495
10 10 0
10 11 473
10 12 491
10 13 239
10 14 395
10 15 413
10 16 439
10 17 409
10 18 469
10 19 477
10 20 720
10 21 599
10 22 352
10 23 508
10 24 526
10 25 751
10 26 222
10 27 591
10 28 137
10 29 410
10 30 861
10 31 89
10 32 362
10 33 813
10 34 137
10 35 410
10 36 861
10 37 185
10 38 458
10 39 909
10 40 233
10 41 506
10 42 957
10 43 281
10 44 554
10 45 1005
10 46 257
11 0 604
11 1 304
11 2 512
11 3 547
11 4 439
11 5 460
11 6 473
11 7 217
11 8 525
11 9 148
11 10 473
11 11 0
11 12 352
11 13 508
11 14 130
11 15 430
11 16 404
11 17 530
11 18 278
11 19 226
11 20 373
11 21 252
11 22 395
11 23 161
11 24 413
11 25 404
11 26 473
11 27 244
11 28 484
11 29 159
11 30 610
11 31 436
11 32 111
11 33 562
11 34 388
11 35 63
11 36 514
11 37 436
11 38 111
11 39 562
11 40 484
11 41 159
11 42 610
11 43 532
11 44 207
11 45 658
11 46 604
12 0 570
12 1 434
12 2 738
12 3 773
12 4 473
12 5 504
12 6 395
12 7 443
12 8 751
12 9 278
12 10 491
12 11 352
12 12 0
12 13 552
12 14 482
12 15 78
12 16 52
12 17 434
12 18 408
12 19 452
12 20 599
12 21 382
12 22 473
12 23 291
12 24 447
12 25 438
12 26 343
12 27 278
12 28 450
12 29 385
12 30 836
12 31 402
12 32 337
12 33 788
12 34 354
12 35 289
12 36 740
12 37 306
12 38 241
12 39 692
12 40 258
12 41 193
12 42 644
12 43 306
12 44 241
12 45 692
12 46 570
13 0 222
13 1 504
13 2 798
13 3 737
13 4 561
13 5 252
13 6 335
13 7 599
13 8 811
13 9 530
13 10 239
13 11 508
13 12 552
13 13 0
13 14 456
13 15 474
13 16 500
13 17 470
13 18 530
13 19 512
13 20 755
13 21 634
13 22 413
13 23 543
13 24 587
13 25 786
13 26 283
13 27 626
13 28 102
13 29 349
13 30 800
13 31 150
13 32 397
13 33 848
13 34 198
13 35 445
13 36 896
13 37 246
13 38 493
13 39 944
13 40 294
13 41 541
13 42 992
13 43 342
13 44 589
13 45 1040
13 46 222
14 0 474
14 1 434
14 2 642
14 3 677
14 4 569
14 5 408
14 6 395
14 7 347
14 8 655
14 9 278
14 10 395
14 11 130
14 12 482
14 13 456
14 14 0
14 15 534
14 16 534
14 17 530
14 18 408
14 19 356
14 20 503
14 21 382
14 22 473
14 23 291
14 24 543
14 25 534
14 26 343
14 27 374
14 28 354
14 29 289
14 30 740
14 31 306
14 32 241
14 33 692
14 34 258
14 35 193
14 36 644
14 37 306
14 38 241
14 39 692
14 40 354
14 41 289
14 42 740
14 43 402
14 44 337
14 45 788
14 46 474
15 0 492
15 1 486
15 2 816
15 3 851
15 4 447
15 5 426
15 6 317
15 7 521
15 8 829
15 9 356
15 10 413
15 11 430
15 12 78
15 13 474
15 14 534
15 15 0
15 16 26
15 17 356
15 18 486
15 19 530
15 20 677
15 21 460
15 22 395
15 23 369
15 24 473
15 25 516
15 26 265
15 27 356
15 28 372
15 29 463
15 30 914
15 31 324
15 32 415
15 33 866
15 34 276
15 35 367
15 36 818
15 37 228
15 38 319
15 39 770
15 40 180
15 41 271
15 42 722
15 43 228
15 44 319
15 45 770
15 46 492
16 0 518
16 1 486
16 2 790
16 3 825
16 4 473
16 5 452
16 6 343
16 7 495
16 8 803
16 9 330
16 10 439
16 11 404
16 12 52
16 13 500
16 14 534
16 15 26
16 16 0
16 17 382
16 18 460
16 19 504
16 20 651
16 21 434
16 22 421
16 23 343
16 24 499
16 25 490
16 26 291
16 27 330
16 28 398
16 29 437
16 30 888
16 31 350
16 32 389
16 33 840
16 34 302
16 35 341
16 36 792
16 37 254
16 38 293
16 39 744
16 40 206
16 41 245
16 42 696
16 43 254
16 44 293
16 45 744
16 46 518
17 0 488
17 1 482
17 2 916
17 3 951
17 4 91
17 5 422
17 6 313
17 7 621
17 8 929
17 9 456
17 10 409
17 11 530
17 12 434
17 13 470
17 14 530
17 15 356
17 16 382
17 17 0
17 18 508
17 19 630
17 20 777
17 21 560
17 22 391
17 23 469
17 24 117
17 25 616
17 26 261
17 27 286
17 28 368
17 29 563
17 30 1014
17 31 320
17 32 515
17 33 966
17 34 272
17 35 467
17 36 918
17 37 224
17 38 419
17 39 870
17 40 176
17 41 371
17 42 822
17 43 128
17 44 323
17 45 774
17 46 488
18 0 548
18 1 26
18 2 664
18 3 699
18 4 495
18 5 482
18 6 195
18 7 369
18 8 677
18 9 130
18 10 469
18 11 278
18 12 408
18 13 530
18 14 408
18 15 486
18 16 460
18 17 508
18 18 0
18 19 378
18 20 525
18 21 308
18 22 117
18 23 117
18 24 469
18 25 460
18 26 247
18 27 300
18 28 428
18 29 311
18 30 762
18 31 380
18 32 263
18 33 714
18 34 332
18 35 215
18 36 666
18 37 284
18 38 167
18 39 618
18 40 332
18 41 215
18 42 666
18 43 380
18 44 263
18 45 714
18 46 548
19 0 734
19 1 404
19 2 286
19 3 447
19 4 539
19 5 464
19 6 573
19 7 317
19 8 299
19 9 248
19 10 477
19 11 226
19 12 452
19 13 512
19 14 356
19 15 530
19 16 504
19 17 630
19 18 378
19 19 0
19 20 473
19 21 352
19 22 495
19 23 261
19 24 513
19 25 504
19 26 625
19 27 344
19 28 614
19 29 163
19 30 384
19 31 566
19 32 115
19 33 336
19 34 614
19 35 163
19 36 384
19 37 662
19 38 211
19 39 432
19 40 710
19 41 259
19 42 480
19 43 758
19 44 307
19 45 528
19 46 734
20 0 977
20 1 551
20 2 239
20 3 300
20 4 686
20 5 707
20 6 720
20 7 156
20 8 226
20 9 395
20 10 720
20 11 373
20 12 599
20 13 755
20 14 503
20 15 677
20 16 651
20 17 777
20 18 525
20 19 473
20 20 0
20 21 499
20 22 642
20 23 408
20 24 660
20 25 443
20 26 772
20 27 491
20 28 857
20 29 406
20 30 237
20 31 809
20 32 358
20 33 189
20 34 761
20 35 310
20 36 141
20 37 809
20 38 358
20 39 189
20 40 857
20 41 406
20 42 237
20 43 905
20 44 454
20 45 285
20 46 977
21 0 856
21 1 334
21 2 456
21 3 517
21 4 469
21 5 586
21 6 503
21 7 343
21 8 443
21 9 178
21 10 599
21 11 252
21 12 382
21 13 634
21 14 382
21 15 460
21 16 434
21 17 560
21 18 308
21 19 352
21 20 499
21 21 0
21 22 425
21 23 191
21 24 443
21 25 434
21 26 555
21 27 274
21 28 736
21 29 285
21 30 454
21 31 688
21 32 237
21 33 406
21 34 640
21 35 189
21 36 358
21 37 592
21 38 141
21 39 310
21 40 640
21 41 189
21 42 358
21 43 688
21 44 237
21 45 406
21 46 856
22 0 431
22 1 91
22 2 781
22 3 816
22 4 482
22 5 365
22 6 78
22 7 486
22 8 794
22 9 247
22 10 352
22 11 395
22 12 473
22 13 413
22 14 473
22 15 395
22 16 421
22 17 391
22 18 117
22 19 495
22 20 642
22 21 425
22 22 0
22 23 234
22 24 508
22 25 577
22 26 130
22 27 417
22 28 311
22 29 428
22 30 879
22 31 263
22 32 380
22 33 831
22 34 215
22 35 332
22 36 783
22 37 167
22 38 284
22 39 735
22 40 215
22 41 332
22 42 783
22 43 263
22 44 380
22 45 831
22 46 431
23 0 665
23 1 143
23 2 547
23 3 582
23 4 378
23 5 495
23 6 312
23 7 252
23 8 560
23 9 13
23 10 508
23 11 161
23 12 291
23 13 543
23 14 291
23 15 369
23 16 343
23 17 469
23 18 117
23 19 261
23 20 408
23 21 191
23 22 234
23 23 0
23 24 352
23 25 343
23 26 364
23 27 183
23 28 545
23 29 194
23 30 645
23 31 497
23 32 146
23 33 597
23 34 449
23 35 98
23 36 549
23 37 401
23 38 50
23 39 501
23 40 449
23 41 98
23 42 549
23 43 497
23 44 146
23 45 597
23 46 665
24 0 605
24 1 495
24 2 799
24 3 834
24 4 26
24 5 539
24 6 430
24 7 504
24 8 812
24 9 339
24 10 526
24 11 413
24 12 447
24 13 587
24 14 543
24 15 473
24 16 499
24 17 117
24 18 469
24 19 513
24 20 660
24 21 443
24 22 508
24 23 352
24 24 0
24 25 499
24 26 378
24 27 169
24 28 485
24 29 446
24 30 897
24 31 437
24 32 398
24 33 849
24 34 389
24 35 350
24 36 801
24 37 341
24 38 302
24 39 753
24 40 293
24 41 254
24 42 705
24 43 245
24 44 206
24 45 657
24 46 605
25 0 1008
25 1 486
25 2 400
25 3 461
25 4 525
25 5 738
25 6 655
25 7 495
25 8 387
25 9 330
25 10 751
25 11 404
25 12 438
25 13 786
25 14 534
25 15 516
25 16 490
25 17 616
25 18 460
25 19 504
25 20 443
25 21 434
25 22 577
25 23 343
25 24 499
25 25 0
25 26 707
25 27 330
25 28 888
25 29 437
25 30 398
25 31 840
25 32 389
25 33 350
25 34 792
25 35 341
25 36 302
25 37 744
25 38 293
25 39 254
25 40 696
25 41 245
25 42 206
25 43 744
25 44 293
25 45 254
25 46 1008
26 0 301
26 1 221
26 2 911
26 3 946
26 4 352
26 5 235
26 6 52
26 7 616
26 8 924
26 9 377
26 10 222
26 11 473
26 12 343
26 13 283
26 14 343
26 15 265
26 16 291
26 17 261
26 18 247
26 19 625
26 20 772
26 21 555
26 22 130
26 23 364
26 24 378
26 25 707
26 26 0
26 27 547
26 28 181
26 29 558
26 30 1009
26 31 133
26 32 510
26 33 961
26 34 85
26 35 462
26 36 913
26 37 37
26 38 414
26 39 865
26 40 85
26 41 462
26 42 913
26 43 133
26 44 510
26 45 961
26 46 301
27 0 774
27 1 326
27 2 630
27 3 665
27 4 195
27 5 578
27 6 495
27 7 335
27 8 643
27 9 170
27 10 591
27 11 244
27 12 278
27 13 626
27 14 374
27 15 356
27 16 330
27 17 286
27 18 300
27 19 344
27 20 491
27 21 274
27 22 417
27 23 183
27 24 169
27 25 330
27 26 547
27 27 0
27 28 654
27 29 277
27 30 728
27 31 606
27 32 229
27 33 680
27 34 558
27 35 181
27 36 632
27 37 510
27 38 133
27 39 584
27 40 462
27 41 85
27 42 536
27 43 414
27 44 37
27 45 488
27 46 774
28 0 120
28 1 402
28 2 900
28 3 839
28 4 459
28 5 150
28 6 233
28 7 701
28 8 913
28 9 558
28 10 137
28 11 484
28 12 450
28 13 102
28 14 354
28 15 372
28 16 398
28 17 368
28 18 428
28 19 614
28 20 857
28 21 736
28 22 311
28 23 545
28 24 485
28 25 888
28 26 181
28 27 654
28 28 0
28 29 451
28 30 902
28 31 48
28 32 499
28 33 950
28 34 96
28 35 547
28 36 998
28 37 144
28 38 595
28 39 1046
28 40 192
28 41 643
28 42 1094
28 43 240
28 44 691
28 45 1142
28 46 120
29 0 571
29 1 337
29 2 449
29 3 388
29 4 472
29 5 397
29 6 506
29 7 250
29 8 462
29 9 181
29 10 410
29 11 159
29 12 385
29 13 349
29 14 289
29 15 463
29 16 437
29 17 563
29 18 311
29 19 163
29 20 406
29 21 285
29 22 428
29 23 194
29 24 446
29 25 437
29 26 558
29 27 277
29 28 451
29 29 0
29 30 451
29 31 499
29 32 48
29 33 499
29 34 547
29 35 96
29 36 547
29 37 595
29 38 144
29 39 595
29 40 643
29 41 192
29 42 643
29 43 691
29 44 240
29 45 691
29 46 571
30 0 1022
30 1 788
30 2 98
30 3 63
30 4 923
30 5 848
30 6 957
30 7 393
30 8 85
30 9 632
30 10 861
30 11 610
30 12 836
30 13 800
30 14 740
30 15 914
30 16 888
30 17 1014
30 18 762
30 19 384
30 20 237
30 21 454
30 22 879
30 23 645
30 24 897
30 25 398
30 26 1009
30 27 728
30 28 902
30 29 451
30 30 0
30 31 950
30 32 499
30 33 48
30 34 998
30 35 547
30 36 96
30 37 1046
30 38 595
30 39 144
30 40 1094
30 41 643
30 42 192
30 43 1142
30 44 691
30 45 240
30 46 1022
31 0 168
31 1 354
31 2 852
31 3 887
31 4 411
31 5 102
31 6 185
31 7 653
31 8 865
31 9 510
31 10 89
31 11 436
31 12 402
31 13 150
31 14 306
31 15 324
31 16 350
31 17 320
31 18 380
31 19 566
31 20 809
31 21 688
31 22 263
31 23 497
31 24 437
31 25 840
31 26 133
31 27 606
31 28 48
31 29 499
31 30 950
31 31 0
31 32 451
31 33 902
31 34 48
31 35 499
31 36 950
31 37 96
31 38 547
31 39 998
31 40 144
31 41 595
31 42 1046
31 43 192
31 44 643
31 45 1094
31 46 168
32 0 619
32 1 289
32 2 401
32 3 436
32 4 424
32 5 349
32 6 458
32 7 202
32 8 414
32 9 133
32 10 362
32 11 111
32 12 337
32 13 397
32 14 241
32 15 415
32 16 389
32 17 515
32 18 263
32 19 115
32 20 358
32 21 237
32 22 380
32 23 146
32 24 398
32 25 389
32 26 510
32 27 229
32 28 499
32 29 48
32 30 499
32 31 451
32 32 0
32 33 451
32 34 499
32 35 48
32 36 499
32 37 547
32 38 96
32 39 547
32 40 595
32 41 144
32 42 595
32 43 643
32 44 192
32 45 643
32 46 619
33 0 1070
33 1 740
33 2 50
33 3 111
33 4 875
33 5 800
33 6 909
33 7 345
33 8 37
33 9 584
33 10 813
33 11 562
33 12 788
33 13 848
33 14 692
33 15 866
33 16 840
33 17 966
33 18 714
33 19 336
33 20 189
33 21 406
33 22 831
33 23 597
33 24 849
33 25 350
33 26 961
33 27 680
33 28 950
33 29 499
33 30 48
33 31 902
33 32 451
33 33 0
33 34 950
33 35 499
33 36 48
33 37 998
33 38 547
33 39 96
33 40 1046
33 41 595
33 42 144
33 43 1094
33 44 643
33 45 192
33 46 1070
34 0 216
34 1 306
34 2 900
34 3 935
34 4 363
34 5 150
34 6 137
34 7 605
34 8 913
34 9 462
34 10 137
34 11 388
34 12 354
34 13 198
34 14 258
34 15 276
34 16 302
34 17 272
34 18 332
34 19 614
34 20 761
34 21 640
34 22 215
34 23 449
34 24 389
34 25 792
34 26 85
34 27 558
34 28 96
34 29 547
34 30 998
34 31 48
34 32 499
34 33 950
34 34 0
34 35 451
34 36 902
34 37 48
34 38 499
34 39 950
34 40 96
34 41 547
34 42 998
34 43 144
34 44 595
34 45 1046
34 46 216
35 0 667
35 1 241
35 2 449
35 3 484
35 4 376
35 5 397
35 6 410
35 7 154
35 8 462
35 9 85
35 10 410
35 11 63
35 12 289
35 13 445
35 14 193
35 15 367
35 16 341
35 17 467
35 18 215
35 19 163
35 20 310
35 21 189
35 22 332
35 23 98
35 24 350
35 25 341
35 26 462
35 27 181
35 28 547
35 29 96
35 30 547
35 31 499
35 32 48
35 33 499
35 34 451
35 35 0
35 36 451
35 37 499
35 38 48
35 39 499
35 40 547
35 41 96
35 42 547
35 43 595
35 44 144
35 45 595
35 46 667
36 0 1118
36 1 692
36 2 98
36 3 159
36 4 827
36 5 848
36 6 861
36 7 297
36 8 85
36 9 536
36 10 861
36 11 514
36 12 740
36 13 896
36 14 644
36 15 818
36 16 792
36 17 918
36 18 666
36 19 384
36 20 141
36 21 358
36 22 783
36 23 549
36 24 801
36 25 302
36 26 913
36 27 632
36 28 998
36 29 547
36 30 96
36 31 950
36 32 499
36 33 48
36 34 902
36 35 451
36 36 0
36 37 950
36 38 499
36 39 48
36 40 998
36 41 547
36 42 96
36 43 1046
36 44 595
36 45 144
36 46 1118
37 0 264
37 1 258
37 2 948
37 3 983
37 4 315
37 5 198
37 6 89
37 7 653
37 8 961
37 9 414
37 10 185
37 11 436
37 12 306
37 13 246
37 14 306
37 15 228
37 16 254
37 17 224
37 18 284
37 19 662
37 20 809
37 21 592
37 22 167
37 23 401
37 24 341
37 25 744
37 26 37
37 27 510
37 28 144
37 29 595
37 30 1046
37 31 96
37 32 547
37 33 998
37 34 48
37 35 499
37 36 950
37 37 0
37 38 451
37 39 902
37 40 48
37 41 499
37 42 950
37 43 96
37 44 547
37 45 998
37 46 264
38 0 715
38 1 193
38 2 497
38 3 532
38 4 328
38 5 445
38 6 362
38 7 202
38 8 510
38 9 37
38 10 458
38 11 111
38 12 241
38 13 493
38 14 241
38 15 319
38 16 293
38 17 419
38 18 167
38 19 211
38 20 358
38 21 141
38 22 284
38 23 50
38 24 302
38 25 293
38 26 414
38 27 133
38 28 595
38 29 144
38 30 595
38 31 547
38 32 96
38 33 547
38 34 499
38 35 48
38 36 499
38 37 451
38 38 0
38 39 451
38 40 499
38 41 48
38 42 499
38 43 547
38 44 96
38 45 547
38 46 715
39 0 1166
39 1 644
39 2 146
39 3 207
39 4 779
39 5 896
39 6 813
39 7 345
39 8 133
39 9 488
39 10 909
39 11 562
39 12 692
39 13 944
39 14 692
39 15 770
39 16 744
39 17 870
39 18 618
39 19 432
39 20 189
39 21 310
39 22 735
39 23 501
39 24 753
39 25 254
39 26 865
39 27 584
39 28 1046
39 29 595
39 30 144
39 31 998
39 32 547
39 33 96
39 34 950
39 35 499
39 36 48
39 37 902
39 38 451
39 39 0
39 40 950
39 41 499
39 42 48
39 43 998
39 44 547
39 45 96
39 46 1166
40 0 312
40 1 306
40 2 996
40 3 1031
40 4 267
40 5 246
40 6 137
40 7 701
40 8 1009
40 9 462
40 10 233
40 11 484
40 12 258
40 13 294
40 14 354
40 15 180
40 16 206
40 17 176
40 18 332
40 19 710
40 20 857
40 21 640
40 22 215
40 23 449
40 24 293
40 25 696
40 26 85
40 27 462
40 28 192
40 29 643
40 30 1094
40 31 144
40 32 595
40 33 1046
40 34 96
40 35 547
40 36 998
40 37 48
40 38 499
40 39 950
40 40 0
40 41 451
40 42 902
40 43 48
40 44 499
40 45 950
40 46 312
41 0 763
41 1 241
41 2 545
41 3 580
41 4 280
41 5 493
41 6 410
41 7 250
41 8 558
41 9 85
41 10 506
41 11 159
41 12 193
41 13 541
41 14 289
41 15 271
41 16 245
41 17 371
41 18 215
41 19 259
41 20 406
41 21 189
41 22 332
41 23 98
41 24 254
41 25 245
41 26 462
41 27 85
41 28 643
41 29 192
41 30 643
41 31 595
41 32 144
41 33 595
41 34 547
41 35 96
41 36 547
41 37 499
41 38 48
41 39 499
41 40 451
41 41 0
41 42 451
41 43 499
41 44 48
41 45 499
41 46 763
42 0 1214
42 1 692
42 2 194
42 3 255
42 4 731
42 5 944
42 6 861
42 7 393
42 8 181
42 9 536
42 10 957
42 11 610
42 12 644
42 13 992
42 14 740
42 15 722
42 16 696
42 17 822
42 18 666
42 19 480
42 20 237
42 21 358
42 22 783
42 23 549
42 24 705
42 25 206
42 26 913
42 27 536
42 28 1094
42 29 643
42 30 192
42 31 1046
42 32 595
42 33 144
42 34 998
42 35 547
42 36 96
42 37 950
42 38 499
42 39 48
42 40 902
42 41 451
42 42 0
42 43 950
42 44 499
42 45 48
42 46 1214
43 0 360
43 1 354
43 2 1044
43 3 1079
43 4 219
43 5 294
43 6 185
43 7 749
43 8 1057
43 9 510
43 10 281
43 11 532
43 12 306
43 13 342
43 14 402
43 15 228
43 16 254
43 17 128
43 18 380
43 19 758
43 20 905
43 21 688
43 22 263
43 23 497
43 24 245
43 25 744
43 26 133
43 27 414
43 28 240
43 29 691
43 30 1142
43 31 192
43 32 643
43 33 1094
43 34 144
43 35 595
43 36 1046
43 37 96
43 38 547
43 39 998
43 40 48
43 41 499
43 42 950
43 43 0
43 44 451
43 45 902
43 46 360
44 0 811
44 1 289
44 2 593
44 3 628
44 4 232
44 5 541
44 6 458
44 7 298
44 8 606
44 9 133
44 10 554
44 11 207
44 12 241
44 13 589
44 14 337
44 15 319
44 16 293
44 17 323
44 18 263
44 19 307
44 20 454
44 21 237
44 22 380
44 23 146
44 24 206
44 25 293
44 26 510
44 27 37
44 28 691
44 29 240
44 30 691
44 31 643
44 32 192
44 33 643
44 34 595
44 35 144
44 36 595
44 37 547
44 38 96
44 39 547
44 40 499
44 41 48
44 42 499
44 43 451
44 44 0
44 45 451
44 46 811
45 0 1262
45 1 740
45 2 242
45 3 303
45 4 683
45 5 992
45 6 909
45 7 441
45 8 229
45 9 584
45 10 1005
45 11 658
45 12 692
45 13 1040
45 14 788
45 15 770
45 16 744
45 17 774
45 18 714
45 19 528
45 20 285
45 21 406
45 22 831
45 23 597
45 24 657
45 25 254
45 26 961
45 27 488
45 28 1142
45 29 691
45 30 240
45 31 1094
45 32 643
45 33 192
45 34 1046
45 35 595
45 36 144
45 37 998
45 38 547
45 39 96
45 40 950
45 41 499
45 42 48
45 43 902
45 44 451
45 45 0
45 46 1262
46 0 0
46 1 522
46 2 1020
46 3 959
46 4 579
46 5 270
46 6 353
46 7 821
46 8 1033
46 9 678
46 10 257
46 11 604
46 12 570
46 13 222
46 14 474
46 15 492
46 16 518
46 17 488
46 18 548
46 19 734
46 20 977
46 21 856
46 22 431
46 23 665
46 24 605
46 25 1008
46 26 301
46 27 774
46 28 120
46 29 571
46 30 1022
46 31 168
46 32 619
46 33 1070
46 34 216
46 35 667
46 36 1118
46 37 264
46 38 715
46 39 1166
46 40 312
46 41 763
46 42 1214
46 43 360
46 44 811
46 45 1262
46 46 0
//Location coordinates LocationName
//Loc x y
0 0.0 0.0 "depot"
1 144.0 378.0 "product aisle 3 bloc 0 rank 36"
2 48.0 972.0 "product aisle 1 bloc 1 rank 58"
3 0.0 959.0 "product aisle 0 bloc 1 rank 56"
4 240.0 339.0 "product aisle 5 bloc 0 rank 29"
5 48.0 222.0 "product aisle 1 bloc 0 rank 11"
6 144.0 209.0 "product aisle 3 bloc 0 rank 10"
7 96.0 725.0 "product aisle 2 bloc 1 rank 19"
8 48.0 985.0 "product aisle 1 bloc 1 rank 59"
9 144.0 534.0 "product aisle 3 bloc 0 rank 59"
10 48.0 209.0 "product aisle 1 bloc 0 rank 9"
11 96.0 508.0 "product aisle 2 bloc 0 rank 55"
12 192.0 378.0 "product aisle 4 bloc 0 rank 35"
13 0.0 222.0 "product aisle 0 bloc 0 rank 12"
14 96.0 378.0 "product aisle 2 bloc 0 rank 35"
15 192.0 300.0 "product aisle 4 bloc 0 rank 23"
16 192.0 326.0 "product aisle 4 bloc 0 rank 27"
17 240.0 248.0 "product aisle 5 bloc 0 rank 16"
18 144.0 404.0 "product aisle 3 bloc 0 rank 40"
19 48.0 686.0 "product aisle 1 bloc 1 rank 14"
20 96.0 881.0 "product aisle 2 bloc 1 rank 43"
21 144.0 712.0 "product aisle 3 bloc 1 rank 18"
22 144.0 287.0 "product aisle 3 bloc 0 rank 21"
23 144.0 521.0 "product aisle 3 bloc 0 rank 58"
24 240.0 365.0 "product aisle 5 bloc 0 rank 33"
25 192.0 816.0 "product aisle 4 bloc 1 rank 34"
26 144.0 157.0 "product aisle 3 bloc 0 rank 2"
27 240.0 534.0 "product aisle 5 bloc 0 rank 60"
28 24.0 120.0 "intersection aisle 0 bloc 0 rank 0"
29 24.0 571.0 "intersection aisle 0 bloc 1 rank 1"
30 24.0 1022.0 "intersection aisle 0 bloc 2 rank 2"
31 72.0 120.0 "intersection aisle 1 bloc 0 rank 0"
32 72.0 571.0 "intersection aisle 1 bloc 1 rank 1"
33 72.0 1022.0 "intersection aisle 1 bloc 2 rank 2"
34 120.0 120.0 "intersection aisle 2 bloc 0 rank 0"
35 120.0 571.0 "intersection aisle 2 bloc 1 rank 1"
36 120.0 1022.0 "intersection aisle 2 bloc 2 rank 2"
37 168.0 120.0 "intersection aisle 3 bloc 0 rank 0"
38 168.0 571.0 "intersection aisle 3 bloc 1 rank 1"
39 168.0 1022.0 "intersection aisle 3 bloc 2 rank 2"
40 216.0 120.0 "intersection aisle 4 bloc 0 rank 0"
41 216.0 571.0 "intersection aisle 4 bloc 1 rank 1"
42 216.0 1022.0 "intersection aisle 4 bloc 2 rank 2"
43 264.0 120.0 "intersection aisle 5 bloc 0 rank 0"
44 264.0 571.0 "intersection aisle 5 bloc 1 rank 1"
45 264.0 1022.0 "intersection aisle 5 bloc 2 rank 2"
46 0.0 0.0 "depot"
