//alpha
1
//NbLocations
44
//NbProducts
25
//NbPickers
2
//CapaPicker
8
//TimeToTravelOneDistanceUnit
3
//SetupTime
5400
//PickTime
300
//Products
//Idx Location Size
1 1 1
2 2 1
3 3 1
4 4 1
5 5 1
6 6 1
7 7 1
8 8 1
9 9 1
10 10 1
11 11 1
12 12 1
13 13 1
14 14 1
15 15 1
16 16 1
17 17 1
18 18 1
19 19 1
20 20 1
21 21 1
22 22 1
23 23 1
24 24 1
25 25 1
//Orders
//NbOrders
12
//Idx DueDate TardinessPenalty NbProdInOrder ProdIdx1 Qty1 ProdIdx2 Qty2 ...
1 126000 0 1 1 1
2 126000 0 2 2 1 3 1
3 90000 0 2 4 1 5 1
4 90000 0 5 6 1 7 1 8 1 9 1 10 1
5 144000 0 1 11 1
6 126000 0 1 12 1
7 126000 0 6 13 1 14 1 15 1 16 1 17 1 18 1
8 126000 0 2 19 1 20 1
9 72000 0 2 21 1 22 1
10 90000 0 1 23 1
11 126000 0 1 24 1
12 90000 0 1 25 1
//Graph (Products are vertices indexed from 1 to NbProducts)
//NbVerticesIntersections
18
//DepartingDepot
0
//ArrivalDepot
44
//Arcs
//Start End Distance
0 26 120
1 4 39
1 35 37
2 27 63
2 28 388
3 20 0
3 37 362
4 1 39
4 23 0
5 9 39
5 12 78
6 7 65
6 19 26
7 6 65
7 33 297
8 22 78
8 30 141
9 5 39
9 34 284
10 13 0
10 42 76
11 24 13
11 39 362
12 5 78
12 17 0
13 10 0
13 43 375
14 16 26
14 30 388
15 25 52
15 42 349
16 14 26
16 29 37
17 12 0
17 33 50
18 39 102
18 40 349
19 6 26
19 21 26
20 3 0
20 36 89
21 19 26
21 32 37
22 8 78
22 31 232
23 4 0
23 36 375
24 11 13
24 38 76
25 15 52
25 41 50
26 27 451
26 29 48
26 44 120
27 2 63
27 26 451
27 30 48
28 2 388
28 31 48
29 16 37
29 26 48
29 32 48
30 8 141
30 14 388
30 27 48
30 33 48
31 22 232
31 28 48
31 34 48
32 21 37
32 29 48
32 35 48
33 7 297
33 17 50
33 30 48
33 36 48
34 9 284
34 31 48
34 37 48
35 1 37
35 32 48
35 38 48
36 20 89
36 23 375
36 33 48
36 39 48
37 3 362
37 34 48
37 40 48
38 24 76
38 35 48
38 41 48
39 11 362
39 18 102
39 36 48
39 42 48
40 18 349
40 37 48
40 43 48
41 25 50
41 38 48
42 10 76
42 15 349
42 39 48
43 13 375
43 40 48
//LocStart LocEnd ShortestPath
0 0 0
0 1 301
0 2 634
0 3 804
0 4 340
0 5 795
0 6 305
0 7 370
0 8 760
0 9 834
0 10 887
0 11 401
0 12 717
0 13 887
0 14 231
0 15 462
0 16 205
0 17 717
0 18 865
0 19 279
0 20 804
0 21 253
0 22 838
0 23 340
0 24 388
0 25 410
0 26 120
0 27 571
0 28 1022
0 29 168
0 30 619
0 31 1070
0 32 216
0 33 667
0 34 1118
0 35 264
0 36 715
0 37 1166
0 38 312
0 39 763
0 40 1214
0 41 360
0 42 811
0 43 1262
0 44 0
1 0 301
1 1 0
1 2 621
1 3 503
1 4 39
1 5 590
1 6 174
1 7 239
1 8 651
1 9 629
1 10 586
1 11 174
1 12 512
1 13 586
1 14 196
1 15 235
1 16 170
1 17 512
1 18 564
1 19 148
1 20 503
1 21 122
1 22 729
1 23 39
1 24 161
1 25 183
1 26 181
1 27 558
1 28 1009
1 29 133
1 30 510
1 31 961
1 32 85
1 33 462
1 34 913
1 35 37
1 36 414
1 37 865
1 38 85
1 39 462
1 40 913
1 41 133
1 42 510
1 43 961
1 44 301
2 0 634
2 1 621
2 2 0
2 3 296
2 4 582
2 5 287
2 6 521
2 7 456
2 8 252
2 9 326
2 10 379
2 11 617
2 12 209
2 13 379
2 14 499
2 15 652
2 16 525
2 17 209
2 18 357
2 19 547
2 20 296
2 21 573
2 22 330
2 23 582
2 24 630
2 25 704
2 26 514
2 27 63
2 28 388
2 29 562
2 30 111
2 31 436
2 32 610
2 33 159
2 34 484
2 35 658
2 36 207
2 37 532
2 38 706
2 39 255
2 40 580
2 41 754
2 42 303
2 43 628
2 44 634
3 0 804
3 1 503
3 2 296
3 3 0
3 4 464
3 5 265
3 6 499
3 7 434
3 8 326
3 9 304
3 10 261
3 11 499
3 12 187
3 13 261
3 14 573
3 15 534
3 16 599
3 17 187
3 18 239
3 19 525
3 20 0
3 21 551
3 22 404
3 23 464
3 24 512
3 25 586
3 26 684
3 27 233
3 28 506
3 29 636
3 30 185
3 31 458
3 32 588
3 33 137
3 34 410
3 35 540
3 36 89
3 37 362
3 38 588
3 39 137
3 40 410
3 41 636
3 42 185
3 43 458
3 44 804
4 0 340
4 1 39
4 2 582
4 3 464
4 4 0
4 5 551
4 6 213
4 7 278
4 8 612
4 9 590
4 10 547
4 11 213
4 12 473
4 13 547
4 14 235
4 15 274
4 16 209
4 17 473
4 18 525
4 19 187
4 20 464
4 21 161
4 22 690
4 23 0
4 24 200
4 25 222
4 26 220
4 27 519
4 28 970
4 29 172
4 30 471
4 31 922
4 32 124
4 33 423
4 34 874
4 35 76
4 36 375
4 37 826
4 38 124
4 39 423
4 40 874
4 41 172
4 42 471
4 43 922
4 44 340
5 0 795
5 1 590
5 2 287
5 3 265
5 4 551
5 5 0
5 6 490
5 7 425
5 8 317
5 9 39
5 10 348
5 11 586
5 12 78
5 13 348
5 14 564
5 15 621
5 16 590
5 17 78
5 18 326
5 19 516
5 20 265
5 21 542
5 22 395
5 23 551
5 24 599
5 25 673
5 26 675
5 27 224
5 28 419
5 29 627
5 30 176
5 31 371
5 32 579
5 33 128
5 34 323
5 35 627
5 36 176
5 37 371
5 38 675
5 39 224
5 40 419
5 41 723
5 42 272
5 43 467
5 44 795
6 0 305
6 1 174
6 2 521
6 3 499
6 4 213
6 5 490
6 6 0
6 7 65
6 8 551
6 9 529
6 10 582
6 11 274
6 12 412
6 13 582
6 14 200
6 15 335
6 16 174
6 17 412
6 18 560
6 19 26
6 20 499
6 21 52
6 22 629
6 23 213
6 24 261
6 25 283
6 26 185
6 27 458
6 28 909
6 29 137
6 30 410
6 31 861
6 32 89
6 33 362
6 34 813
6 35 137
6 36 410
6 37 861
6 38 185
6 39 458
6 40 909
6 41 233
6 42 506
6 43 957
6 44 305
7 0 370
7 1 239
7 2 456
7 3 434
7 4 278
7 5 425
7 6 65
7 7 0
7 8 486
7 9 464
7 10 517
7 11 339
7 12 347
7 13 517
7 14 265
7 15 400
7 16 239
7 17 347
7 18 495
7 19 91
7 20 434
7 21 117
7 22 564
7 23 278
7 24 326
7 25 348
7 26 250
7 27 393
7 28 844
7 29 202
7 30 345
7 31 796
7 32 154
7 33 297
7 34 748
7 35 202
7 36 345
7 37 796
7 38 250
7 39 393
7 40 844
7 41 298
7 42 441
7 43 892
7 44 370
8 0 760
8 1 651
8 2 252
8 3 326
8 4 612
8 5 317
8 6 551
8 7 486
8 8 0
8 9 356
8 10 409
8 11 647
8 12 239
8 13 409
8 14 529
8 15 682
8 16 555
8 17 239
8 18 387
8 19 577
8 20 326
8 21 603
8 22 78
8 23 612
8 24 660
8 25 734
8 26 640
8 27 189
8 28 358
8 29 592
8 30 141
8 31 310
8 32 640
8 33 189
8 34 358
8 35 688
8 36 237
8 37 406
8 38 736
8 39 285
8 40 454
8 41 784
8 42 333
8 43 502
8 44 760
9 0 834
9 1 629
9 2 326
9 3 304
9 4 590
9 5 39
9 6 529
9 7 464
9 8 356
9 9 0
9 10 387
9 11 625
9 12 117
9 13 387
9 14 603
9 15 660
9 16 629
9 17 117
9 18 365
9 19 555
9 20 304
9 21 581
9 22 434
9 23 590
9 24 638
9 25 712
9 26 714
9 27 263
9 28 380
9 29 666
9 30 215
9 31 332
9 32 618
9 33 167
9 34 284
9 35 666
9 36 215
9 37 332
9 38 714
9 39 263
9 40 380
9 41 762
9 42 311
9 43 428
9 44 834
10 0 887
10 1 586
10 2 379
10 3 261
10 4 547
10 5 348
10 6 582
10 7 517
10 8 409
10 9 387
10 10 0
10 11 486
10 12 270
10 13 0
10 14 656
10 15 425
10 16 682
10 17 270
10 18 226
10 19 608
10 20 261
10 21 634
10 22 487
10 23 547
10 24 499
10 25 477
10 26 767
10 27 316
10 28 615
10 29 719
10 30 268
10 31 567
10 32 671
10 33 220
10 34 519
10 35 623
10 36 172
10 37 471
10 38 575
10 39 124
10 40 423
10 41 527
10 42 76
10 43 375
10 44 887
11 0 401
11 1 174
11 2 617
11 3 499
11 4 213
11 5 586
11 6 274
11 7 339
11 8 647
11 9 625
11 10 486
11 11 0
11 12 508
11 13 486
11 14 296
11 15 239
11 16 270
11 17 508
11 18 464
11 19 248
11 20 499
11 21 222
11 22 725
11 23 213
11 24 13
11 25 187
11 26 281
11 27 554
11 28 1005
11 29 233
11 30 506
11 31 957
11 32 185
11 33 458
11 34 909
11 35 137
11 36 410
11 37 861
11 38 89
11 39 362
11 40 813
11 41 137
11 42 410
11 43 861
11 44 401
12 0 717
12 1 512
12 2 209
12 3 187
12 4 473
12 5 78
12 6 412
12 7 347
12 8 239
12 9 117
12 10 270
12 11 508
12 12 0
12 13 270
12 14 486
12 15 543
12 16 512
12 17 0
12 18 248
12 19 438
12 20 187
12 21 464
12 22 317
12 23 473
12 24 521
12 25 595
12 26 597
12 27 146
12 28 497
12 29 549
12 30 98
12 31 449
12 32 501
12 33 50
12 34 401
12 35 549
12 36 98
12 37 449
12 38 597
12 39 146
12 40 497
12 41 645
12 42 194
12 43 545
12 44 717
13 0 887
13 1 586
13 2 379
13 3 261
13 4 547
13 5 348
13 6 582
13 7 517
13 8 409
13 9 387
13 10 0
13 11 486
13 12 270
13 13 0
13 14 656
13 15 425
13 16 682
13 17 270
13 18 226
13 19 608
13 20 261
13 21 634
13 22 487
13 23 547
13 24 499
13 25 477
13 26 767
13 27 316
13 28 615
13 29 719
13 30 268
13 31 567
13 32 671
13 33 220
13 34 519
13 35 623
13 36 172
13 37 471
13 38 575
13 39 124
13 40 423
13 41 527
13 42 76
13 43 375
13 44 887
14 0 231
14 1 196
14 2 499
14 3 573
14 4 235
14 5 564
14 6 200
14 7 265
14 8 529
14 9 603
14 10 656
14 11 296
14 12 486
14 13 656
14 14 0
14 15 357
14 16 26
14 17 486
14 18 634
14 19 174
14 20 573
14 21 148
14 22 607
14 23 235
14 24 283
14 25 305
14 26 111
14 27 436
14 28 887
14 29 63
14 30 388
14 31 839
14 32 111
14 33 436
14 34 887
14 35 159
14 36 484
14 37 935
14 38 207
14 39 532
14 40 983
14 41 255
14 42 580
14 43 1031
14 44 231
15 0 462
15 1 235
15 2 652
15 3 534
15 4 274
15 5 621
15 6 335
15 7 400
15 8 682
15 9 660
15 10 425
15 11 239
15 12 543
15 13 425
15 14 357
15 15 0
15 16 331
15 17 543
15 18 499
15 19 309
15 20 534
15 21 283
15 22 760
15 23 274
15 24 226
15 25 52
15 26 342
15 27 589
15 28 1040
15 29 294
15 30 541
15 31 992
15 32 246
15 33 493
15 34 944
15 35 198
15 36 445
15 37 896
15 38 150
15 39 397
15 40 848
15 41 102
15 42 349
15 43 800
15 44 462
16 0 205
16 1 170
16 2 525
16 3 599
16 4 209
16 5 590
16 6 174
16 7 239
16 8 555
16 9 629
16 10 682
16 11 270
16 12 512
16 13 682
16 14 26
16 15 331
16 16 0
16 17 512
16 18 660
16 19 148
16 20 599
16 21 122
16 22 633
16 23 209
16 24 257
16 25 279
16 26 85
16 27 462
16 28 913
16 29 37
16 30 414
16 31 865
16 32 85
16 33 462
16 34 913
16 35 133
16 36 510
16 37 961
16 38 181
16 39 558
16 40 1009
16 41 229
16 42 606
16 43 1057
16 44 205
17 0 717
17 1 512
17 2 209
17 3 187
17 4 473
17 5 78
17 6 412
17 7 347
17 8 239
17 9 117
17 10 270
17 11 508
17 12 0
17 13 270
17 14 486
17 15 543
17 16 512
17 17 0
17 18 248
17 19 438
17 20 187
17 21 464
17 22 317
17 23 473
17 24 521
17 25 595
17 26 597
17 27 146
17 28 497
17 29 549
17 30 98
17 31 449
17 32 501
17 33 50
17 34 401
17 35 549
17 36 98
17 37 449
17 38 597
17 39 146
17 40 497
17 41 645
17 42 194
17 43 545
17 44 717
18 0 865
18 1 564
18 2 357
18 3 239
18 4 525
18 5 326
18 6 560
18 7 495
18 8 387
18 9 365
18 10 226
18 11 464
18 12 248
18 13 226
18 14 634
18 15 499
18 16 660
18 17 248
18 18 0
18 19 586
18 20 239
18 21 612
18 22 465
18 23 525
18 24 477
18 25 551
18 26 745
18 27 294
18 28 541
18 29 697
18 30 246
18 31 493
18 32 649
18 33 198
18 34 445
18 35 601
18 36 150
18 37 397
18 38 553
18 39 102
18 40 349
18 41 601
18 42 150
18 43 397
18 44 865
19 0 279
19 1 148
19 2 547
19 3 525
19 4 187
19 5 516
19 6 26
19 7 91
19 8 577
19 9 555
19 10 608
19 11 248
19 12 438
19 13 608
19 14 174
19 15 309
19 16 148
19 17 438
19 18 586
19 19 0
19 20 525
19 21 26
19 22 655
19 23 187
19 24 235
19 25 257
19 26 159
19 27 484
19 28 935
19 29 111
19 30 436
19 31 887
19 32 63
19 33 388
19 34 839
19 35 111
19 36 436
19 37 887
19 38 159
19 39 484
19 40 935
19 41 207
19 42 532
19 43 983
19 44 279
20 0 804
20 1 503
20 2 296
20 3 0
20 4 464
20 5 265
20 6 499
20 7 434
20 8 326
20 9 304
20 10 261
20 11 499
20 12 187
20 13 261
20 14 573
20 15 534
20 16 599
20 17 187
20 18 239
20 19 525
20 20 0
20 21 551
20 22 404
20 23 464
20 24 512
20 25 586
20 26 684
20 27 233
20 28 506
20 29 636
20 30 185
20 31 458
20 32 588
20 33 137
20 34 410
20 35 540
20 36 89
20 37 362
20 38 588
20 39 137
20 40 410
20 41 636
20 42 185
20 43 458
20 44 804
21 0 253
21 1 122
21 2 573
21 3 551
21 4 161
21 5 542
21 6 52
21 7 117
21 8 603
21 9 581
21 10 634
21 11 222
21 12 464
21 13 634
21 14 148
21 15 283
21 16 122
21 17 464
21 18 612
21 19 26
21 20 551
21 21 0
21 22 681
21 23 161
21 24 209
21 25 231
21 26 133
21 27 510
21 28 961
21 29 85
21 30 462
21 31 913
21 32 37
21 33 414
21 34 865
21 35 85
21 36 462
21 37 913
21 38 133
21 39 510
21 40 961
21 41 181
21 42 558
21 43 1009
21 44 253
22 0 838
22 1 729
22 2 330
22 3 404
22 4 690
22 5 395
22 6 629
22 7 564
22 8 78
22 9 434
22 10 487
22 11 725
22 12 317
22 13 487
22 14 607
22 15 760
22 16 633
22 17 317
22 18 465
22 19 655
22 20 404
22 21 681
22 22 0
22 23 690
22 24 738
22 25 812
22 26 718
22 27 267
22 28 280
22 29 670
22 30 219
22 31 232
22 32 718
22 33 267
22 34 280
22 35 766
22 36 315
22 37 328
22 38 814
22 39 363
22 40 376
22 41 862
22 42 411
22 43 424
22 44 838
23 0 340
23 1 39
23 2 582
23 3 464
23 4 0
23 5 551
23 6 213
23 7 278
23 8 612
23 9 590
23 10 547
23 11 213
23 12 473
23 13 547
23 14 235
23 15 274
23 16 209
23 17 473
23 18 525
23 19 187
23 20 464
23 21 161
23 22 690
23 23 0
23 24 200
23 25 222
23 26 220
23 27 519
23 28 970
23 29 172
23 30 471
23 31 922
23 32 124
23 33 423
23 34 874
23 35 76
23 36 375
23 37 826
23 38 124
23 39 423
23 40 874
23 41 172
23 42 471
23 43 922
23 44 340
24 0 388
24 1 161
24 2 630
24 3 512
24 4 200
24 5 599
24 6 261
24 7 326
24 8 660
24 9 638
24 10 499
24 11 13
24 12 521
24 13 499
24 14 283
24 15 226
24 16 257
24 17 521
24 18 477
24 19 235
24 20 512
24 21 209
24 22 738
24 23 200
24 24 0
24 25 174
24 26 268
24 27 567
24 28 1018
24 29 220
24 30 519
24 31 970
24 32 172
24 33 471
24 34 922
24 35 124
24 36 423
24 37 874
24 38 76
24 39 375
24 40 826
24 41 124
24 42 423
24 43 874
24 44 388
25 0 410
25 1 183
25 2 704
25 3 586
25 4 222
25 5 673
25 6 283
25 7 348
25 8 734
25 9 712
25 10 477
25 11 187
25 12 595
25 13 477
25 14 305
25 15 52
25 16 279
25 17 595
25 18 551
25 19 257
25 20 586
25 21 231
25 22 812
25 23 222
25 24 174
25 25 0
25 26 290
25 27 641
25 28 1092
25 29 242
25 30 593
25 31 1044
25 32 194
25 33 545
25 34 996
25 35 146
25 36 497
25 37 948
25 38 98
25 39 449
25 40 900
25 41 50
25 42 401
25 43 852
25 44 410
26 0 120
26 1 181
26 2 514
26 3 684
26 4 220
26 5 675
26 6 185
26 7 250
26 8 640
26 9 714
26 10 767
26 11 281
26 12 597
26 13 767
26 14 111
26 15 342
26 16 85
26 17 597
26 18 745
26 19 159
26 20 684
26 21 133
26 22 718
26 23 220
26 24 268
26 25 290
26 26 0
26 27 451
26 28 902
26 29 48
26 30 499
26 31 950
26 32 96
26 33 547
26 34 998
26 35 144
26 36 595
26 37 1046
26 38 192
26 39 643
26 40 1094
26 41 240
26 42 691
26 43 1142
26 44 120
27 0 571
27 1 558
27 2 63
27 3 233
27 4 519
27 5 224
27 6 458
27 7 393
27 8 189
27 9 263
27 10 316
27 11 554
27 12 146
27 13 316
27 14 436
27 15 589
27 16 462
27 17 146
27 18 294
27 19 484
27 20 233
27 21 510
27 22 267
27 23 519
27 24 567
27 25 641
27 26 451
27 27 0
27 28 451
27 29 499
27 30 48
27 31 499
27 32 547
27 33 96
27 34 547
27 35 595
27 36 144
27 37 595
27 38 643
27 39 192
27 40 643
27 41 691
27 42 240
27 43 691
27 44 571
28 0 1022
28 1 1009
28 2 388
28 3 506
28 4 970
28 5 419
28 6 909
28 7 844
28 8 358
28 9 380
28 10 615
28 11 1005
28 12 497
28 13 615
28 14 887
28 15 1040
28 16 913
28 17 497
28 18 541
28 19 935
28 20 506
28 21 961
28 22 280
28 23 970
28 24 1018
28 25 1092
28 26 902
28 27 451
28 28 0
28 29 950
28 30 499
28 31 48
28 32 998
28 33 547
28 34 96
28 35 1046
28 36 595
28 37 144
28 38 1094
28 39 643
28 40 192
28 41 1142
28 42 691
28 43 240
28 44 1022
29 0 168
29 1 133
29 2 562
29 3 636
29 4 172
29 5 627
29 6 137
29 7 202
29 8 592
29 9 666
29 10 719
29 11 233
29 12 549
29 13 719
29 14 63
29 15 294
29 16 37
29 17 549
29 18 697
29 19 111
29 20 636
29 21 85
29 22 670
29 23 172
29 24 220
29 25 242
29 26 48
29 27 499
29 28 950
29 29 0
29 30 451
29 31 902
29 32 48
29 33 499
29 34 950
29 35 96
29 36 547
29 37 998
29 38 144
29 39 595
29 40 1046
29 41 192
29 42 643
29 43 1094
29 44 168
30 0 619
30 1 510
30 2 111
30 3 185
30 4 471
30 5 176
30 6 410
30 7 345
30 8 141
30 9 215
30 10 268
30 11 506
30 12 98
30 13 268
30 14 388
30 15 541
30 16 414
30 17 98
30 18 246
30 19 436
30 20 185
30 21 462
30 22 219
30 23 471
30 24 519
30 25 593
30 26 499
30 27 48
30 28 499
30 29 451
30 30 0
30 31 451
30 32 499
30 33 48
30 34 499
30 35 547
30 36 96
30 37 547
30 38 595
30 39 144
30 40 595
30 41 643
30 42 192
30 43 643
30 44 619
31 0 1070
31 1 961
31 2 436
31 3 458
31 4 922
31 5 371
31 6 861
31 7 796
31 8 310
31 9 332
31 10 567
31 11 957
31 12 449
31 13 567
31 14 839
31 15 992
31 16 865
31 17 449
31 18 493
31 19 887
31 20 458
31 21 913
31 22 232
31 23 922
31 24 970
31 25 1044
31 26 950
31 27 499
31 28 48
31 29 902
31 30 451
31 31 0
31 32 950
31 33 499
31 34 48
31 35 998
31 36 547
31 37 96
31 38 1046
31 39 595
31 40 144
31 41 1094
31 42 643
31 43 192
31 44 1070
32 0 216
32 1 85
32 2 610
32 3 588
32 4 124
32 5 579
32 6 89
32 7 154
32 8 640
32 9 618
32 10 671
32 11 185
32 12 501
32 13 671
32 14 111
32 15 246
32 16 85
32 17 501
32 18 649
32 19 63
32 20 588
32 21 37
32 22 718
32 23 124
32 24 172
32 25 194
32 26 96
32 27 547
32 28 998
32 29 48
32 30 499
32 31 950
32 32 0
32 33 451
32 34 902
32 35 48
32 36 499
32 37 950
32 38 96
32 39 547
32 40 998
32 41 144
32 42 595
32 43 1046
32 44 216
33 0 667
33 1 462
33 2 159
33 3 137
33 4 423
33 5 128
33 6 362
33 7 297
33 8 189
33 9 167
33 10 220
33 11 458
33 12 50
33 13 220
33 14 436
33 15 493
33 16 462
33 17 50
33 18 198
33 19 388
33 20 137
33 21 414
33 22 267
33 23 423
33 24 471
33 25 545
33 26 547
33 27 96
33 28 547
33 29 499
33 30 48
33 31 499
33 32 451
33 33 0
33 34 451
33 35 499
33 36 48
33 37 499
33 38 547
33 39 96
33 40 547
33 41 595
33 42 144
33 43 595
33 44 667
34 0 1118
34 1 913
34 2 484
34 3 410
34 4 874
34 5 323
34 6 813
34 7 748
34 8 358
34 9 284
34 10 519
34 11 909
34 12 401
34 13 519
34 14 887
34 15 944
34 16 913
34 17 401
34 18 445
34 19 839
34 20 410
34 21 865
34 22 280
34 23 874
34 24 922
34 25 996
34 26 998
34 27 547
34 28 96
34 29 950
34 30 499
34 31 48
34 32 902
34 33 451
34 34 0
34 35 950
34 36 499
34 37 48
34 38 998
34 39 547
34 40 96
34 41 1046
34 42 595
34 43 144
34 44 1118
35 0 264
35 1 37
35 2 658
35 3 540
35 4 76
35 5 627
35 6 137
35 7 202
35 8 688
35 9 666
35 10 623
35 11 137
35 12 549
35 13 623
35 14 159
35 15 198
35 16 133
35 17 549
35 18 601
35 19 111
35 20 540
35 21 85
35 22 766
35 23 76
35 24 124
35 25 146
35 26 144
35 27 595
35 28 1046
35 29 96
35 30 547
35 31 998
35 32 48
35 33 499
35 34 950
35 35 0
35 36 451
35 37 902
35 38 48
35 39 499
35 40 950
35 41 96
35 42 547
35 43 998
35 44 264
36 0 715
36 1 414
36 2 207
36 3 89
36 4 375
36 5 176
36 6 410
36 7 345
36 8 237
36 9 215
36 10 172
36 11 410
36 12 98
36 13 172
36 14 484
36 15 445
36 16 510
36 17 98
36 18 150
36 19 436
36 20 89
36 21 462
36 22 315
36 23 375
36 24 423
36 25 497
36 26 595
36 27 144
36 28 595
36 29 547
36 30 96
36 31 547
36 32 499
36 33 48
36 34 499
36 35 451
36 36 0
36 37 451
36 38 499
36 39 48
36 40 499
36 41 547
36 42 96
36 43 547
36 44 715
37 0 1166
37 1 865
37 2 532
37 3 362
37 4 826
37 5 371
37 6 861
37 7 796
37 8 406
37 9 332
37 10 471
37 11 861
37 12 449
37 13 471
37 14 935
37 15 896
37 16 961
37 17 449
37 18 397
37 19 887
37 20 362
37 21 913
37 22 328
37 23 826
37 24 874
37 25 948
37 26 1046
37 27 595
37 28 144
37 29 998
37 30 547
37 31 96
37 32 950
37 33 499
37 34 48
37 35 902
37 36 451
37 37 0
37 38 950
37 39 499
37 40 48
37 41 998
37 42 547
37 43 96
37 44 1166
38 0 312
38 1 85
38 2 706
38 3 588
38 4 124
38 5 675
38 6 185
38 7 250
38 8 736
38 9 714
38 10 575
38 11 89
38 12 597
38 13 575
38 14 207
38 15 150
38 16 181
38 17 597
38 18 553
38 19 159
38 20 588
38 21 133
38 22 814
38 23 124
38 24 76
38 25 98
38 26 192
38 27 643
38 28 1094
38 29 144
38 30 595
38 31 1046
38 32 96
38 33 547
38 34 998
38 35 48
38 36 499
38 37 950
38 38 0
38 39 451
38 40 902
38 41 48
38 42 499
38 43 950
38 44 312
39 0 763
39 1 462
39 2 255
39 3 137
39 4 423
39 5 224
39 6 458
39 7 393
39 8 285
39 9 263
39 10 124
39 11 362
39 12 146
39 13 124
39 14 532
39 15 397
39 16 558
39 17 146
39 18 102
39 19 484
39 20 137
39 21 510
39 22 363
39 23 423
39 24 375
39 25 449
39 26 643
39 27 192
39 28 643
39 29 595
39 30 144
39 31 595
39 32 547
39 33 96
39 34 547
39 35 499
39 36 48
39 37 499
39 38 451
39 39 0
39 40 451
39 41 499
39 42 48
39 43 499
39 44 763
40 0 1214
40 1 913
40 2 580
40 3 410
40 4 874
40 5 419
40 6 909
40 7 844
40 8 454
40 9 380
40 10 423
40 11 813
40 12 497
40 13 423
40 14 983
40 15 848
40 16 1009
40 17 497
40 18 349
40 19 935
40 20 410
40 21 961
40 22 376
40 23 874
40 24 826
40 25 900
40 26 1094
40 27 643
40 28 192
40 29 1046
40 30 595
40 31 144
40 32 998
40 33 547
40 34 96
40 35 950
40 36 499
40 37 48
40 38 902
40 39 451
40 40 0
40 41 950
40 42 499
40 43 48
40 44 1214
41 0 360
41 1 133
41 2 754
41 3 636
41 4 172
41 5 723
41 6 233
41 7 298
41 8 784
41 9 762
41 10 527
41 11 137
41 12 645
41 13 527
41 14 255
41 15 102
41 16 229
41 17 645
41 18 601
41 19 207
41 20 636
41 21 181
41 22 862
41 23 172
41 24 124
41 25 50
41 26 240
41 27 691
41 28 1142
41 29 192
41 30 643
41 31 1094
41 32 144
41 33 595
41 34 1046
41 35 96
41 36 547
41 37 998
41 38 48
41 39 499
41 40 950
41 41 0
41 42 451
41 43 902
41 44 360
42 0 811
42 1 510
42 2 303
42 3 185
42 4 471
42 5 272
42 6 506
42 7 441
42 8 333
42 9 311
42 10 76
42 11 410
42 12 194
42 13 76
42 14 580
42 15 349
42 16 606
42 17 194
42 18 150
42 19 532
42 20 185
42 21 558
42 22 411
42 23 471
42 24 423
42 25 401
42 26 691
42 27 240
42 28 691
42 29 643
42 30 192
42 31 643
42 32 595
42 33 144
42 34 595
42 35 547
42 36 96
42 37 547
42 38 499
42 39 48
42 40 499
42 41 451
42 42 0
42 43 451
42 44 811
43 0 1262
43 1 961
43 2 628
43 3 458
43 4 922
43 5 467
43 6 957
43 7 892
43 8 502
43 9 428
43 10 375
43 11 861
43 12 545
43 13 375
43 14 1031
43 15 800
43 16 1057
43 17 545
43 18 397
43 19 983
43 20 458
43 21 1009
43 22 424
43 23 922
43 24 874
43 25 852
43 26 1142
43 27 691
43 28 240
43 29 1094
43 30 643
43 31 192
43 32 1046
43 33 595
43 34 144
43 35 998
43 36 547
43 37 96
43 38 950
43 39 499
43 40 48
43 41 902
43 42 451
43 43 0
43 44 1262
44 0 0
44 1 301
44 2 634
44 3 804
44 4 340
44 5 795
44 6 305
44 7 370
44 8 760
44 9 834
44 10 887
44 11 401
44 12 717
44 13 887
44 14 231
44 15 462
44 16 205
44 17 717
44 18 865
44 19 279
44 20 804
44 21 253
44 22 838
44 23 340
44 24 388
44 25 410
44 26 120
44 27 571
44 28 1022
44 29 168
44 30 619
44 31 1070
44 32 216
44 33 667
44 34 1118
44 35 264
44 36 715
44 37 1166
44 38 312
44 39 763
44 40 1214
44 41 360
44 42 811
44 43 1262
44 44 0
//Location coordinates LocationName
//Loc x y
0 0.0 0.0 "depot"
1 144.0 157.0 "product aisle 3 bloc 0 rank 2"
2 0.0 634.0 "product aisle 0 bloc 1 rank 5"
3 144.0 660.0 "product aisle 3 bloc 1 rank 10"
4 144.0 196.0 "product aisle 3 bloc 0 rank 7"
5 96.0 699.0 "product aisle 2 bloc 1 rank 16"
6 96.0 209.0 "product aisle 2 bloc 0 rank 9"
7 96.0 274.0 "product aisle 2 bloc 0 rank 19"
8 48.0 712.0 "product aisle 1 bloc 1 rank 17"
9 96.0 738.0 "product aisle 2 bloc 1 rank 21"
10 240.0 647.0 "product aisle 5 bloc 1 rank 7"
11 192.0 209.0 "product aisle 4 bloc 0 rank 10"
12 96.0 621.0 "product aisle 2 bloc 1 rank 4"
13 240.0 647.0 "product aisle 5 bloc 1 rank 8"
14 48.0 183.0 "product aisle 1 bloc 0 rank 5"
15 240.0 222.0 "product aisle 5 bloc 0 rank 12"
16 48.0 157.0 "product aisle 1 bloc 0 rank 2"
17 96.0 621.0 "product aisle 2 bloc 1 rank 3"
18 192.0 673.0 "product aisle 4 bloc 1 rank 12"
19 96.0 183.0 "product aisle 2 bloc 0 rank 6"
20 144.0 660.0 "product aisle 3 bloc 1 rank 9"
21 96.0 157.0 "product aisle 2 bloc 0 rank 1"
22 48.0 790.0 "product aisle 1 bloc 1 rank 29"
23 144.0 196.0 "product aisle 3 bloc 0 rank 8"
24 192.0 196.0 "product aisle 4 bloc 0 rank 7"
25 240.0 170.0 "product aisle 5 bloc 0 rank 4"
26 24.0 120.0 "intersection aisle 0 bloc 0 rank 0"
27 24.0 571.0 "intersection aisle 0 bloc 1 rank 1"
28 24.0 1022.0 "intersection aisle 0 bloc 2 rank 2"
29 72.0 120.0 "intersection aisle 1 bloc 0 rank 0"
30 72.0 571.0 "intersection aisle 1 bloc 1 rank 1"
31 72.0 1022.0 "intersection aisle 1 bloc 2 rank 2"
32 120.0 120.0 "intersection aisle 2 bloc 0 rank 0"
33 120.0 571.0 "intersection aisle 2 bloc 1 rank 1"
34 120.0 1022.0 "intersection aisle 2 bloc 2 rank 2"
35 168.0 120.0 "intersection aisle 3 bloc 0 rank 0"
36 168.0 571.0 "intersection aisle 3 bloc 1 rank 1"
37 168.0 1022.0 "intersection aisle 3 bloc 2 rank 2"
38 216.0 120.0 "intersection aisle 4 bloc 0 rank 0"
39 216.0 571.0 "intersection aisle 4 bloc 1 rank 1"
40 216.0 1022.0 "intersection aisle 4 bloc 2 rank 2"
41 264.0 120.0 "intersection aisle 5 bloc 0 rank 0"
42 264.0 571.0 "intersection aisle 5 bloc 1 rank 1"
43 264.0 1022.0 "intersection aisle 5 bloc 2 rank 2"
44 0.0 0.0 "depot"
