//alpha
1
//NbLocations
54
//NbProducts
17
//NbPickers
2
//CapaPicker
4
//TimeToTravelOneDistanceUnit
3
//SetupTime
5400
//PickTime
300
//Products
//Idx Location Size
1 1 1
2 2 1
3 3 1
4 4 1
5 5 1
6 6 1
7 7 1
8 8 1
9 9 1
10 10 1
11 11 1
12 12 1
13 13 1
14 14 1
15 15 1
16 16 1
17 17 1
//Orders
//NbOrders
6
//Idx DueDate TardinessPenalty NbProdInOrder ProdIdx1 Qty1 ProdIdx2 Qty2 ...
1 72000 0 1 1 1
2 72000 0 2 2 1 3 1
3 54000 0 4 4 1 5 1 6 1 7 1
4 144000 0 3 8 1 9 1 10 1
5 54000 0 3 11 1 12 1 13 1
6 144000 0 4 14 1 15 1 16 1 17 1
//Graph (Products are vertices indexed from 1 to NbProducts)
//NbVerticesIntersections
36
//DepartingDepot
0
//ArrivalDepot
54
//Arcs
//Start End Distance
0 18 120
1 6 78
1 25 505
2 9 26
2 16 26
3 6 26
3 17 182
4 5 234
4 52 310
5 4 234
5 51 297
6 1 78
6 3 26
7 22 427
7 23 414
8 25 570
8 26 271
9 2 26
9 33 63
10 31 76
10 32 765
11 16 39
11 34 687
12 45 245
12 46 596
13 19 141
13 20 700
14 36 362
14 37 479
15 40 128
15 41 713
16 2 26
16 11 39
17 3 182
17 24 50
18 19 841
18 21 48
18 54 120
19 13 141
19 18 841
19 22 48
20 13 700
20 23 48
21 18 48
21 22 841
21 24 48
22 7 427
22 19 48
22 21 841
22 25 48
23 7 414
23 20 48
23 26 48
24 17 50
24 21 48
24 27 48
25 1 505
25 8 570
25 22 48
25 28 48
26 8 271
26 23 48
26 29 48
27 24 48
27 28 841
27 30 48
28 25 48
28 27 841
28 29 841
28 31 48
29 26 48
29 28 841
29 32 48
30 27 48
30 31 841
30 33 48
31 10 76
31 28 48
31 30 841
31 34 48
32 10 765
32 29 48
32 35 48
33 9 63
33 30 48
33 36 48
34 11 687
34 31 48
34 35 841
34 37 48
35 32 48
35 34 841
35 38 48
36 14 362
36 33 48
36 39 48
37 14 479
37 34 48
37 38 841
37 40 48
38 35 48
38 37 841
38 41 48
39 36 48
39 40 841
39 42 48
40 15 128
40 37 48
40 39 841
40 43 48
41 15 713
41 38 48
41 44 48
42 39 48
42 43 841
42 45 48
43 40 48
43 42 841
43 44 841
43 46 48
44 41 48
44 43 841
44 47 48
45 12 245
45 42 48
45 48 48
46 12 596
46 43 48
46 47 841
46 49 48
47 44 48
47 46 841
47 50 48
48 45 48
48 49 841
48 51 48
49 46 48
49 48 841
49 50 841
49 52 48
50 47 48
50 49 841
50 53 48
51 5 297
51 48 48
52 4 310
52 49 48
52 53 841
53 50 48
53 52 841
//LocStart LocEnd ShortestPath
0 0 0
0 1 552
0 2 449
0 3 448
0 4 1179
0 5 945
0 6 474
0 7 1436
0 8 1627
0 9 423
0 10 1229
0 11 514
0 12 797
0 13 1102
0 14 770
0 15 1425
0 16 475
0 17 266
0 18 120
0 19 961
0 20 1802
0 21 168
0 22 1009
0 23 1850
0 24 216
0 25 1057
0 26 1898
0 27 264
0 28 1105
0 29 1946
0 30 312
0 31 1153
0 32 1994
0 33 360
0 34 1201
0 35 2042
0 36 408
0 37 1249
0 38 2090
0 39 456
0 40 1297
0 41 2138
0 42 504
0 43 1345
0 44 2186
0 45 552
0 46 1393
0 47 2234
0 48 600
0 49 1441
0 50 2282
0 51 648
0 52 1489
0 53 2330
0 54 0
1 0 552
1 1 0
1 2 569
1 3 104
1 4 1247
1 5 1065
1 6 78
1 7 980
1 8 1075
1 9 543
1 10 677
1 11 634
1 12 917
1 13 742
1 14 890
1 15 873
1 16 595
1 17 286
1 18 432
1 19 601
1 20 1442
1 21 384
1 22 553
1 23 1394
1 24 336
1 25 505
1 26 1346
1 27 384
1 28 553
1 29 1394
1 30 432
1 31 601
1 32 1442
1 33 480
1 34 649
1 35 1490
1 36 528
1 37 697
1 38 1538
1 39 576
1 40 745
1 41 1586
1 42 624
1 43 793
1 44 1634
1 45 672
1 46 841
1 47 1682
1 48 720
1 49 889
1 50 1730
1 51 768
1 52 937
1 53 1778
1 54 552
2 0 449
2 1 569
2 2 0
2 3 465
2 4 908
2 5 674
2 6 491
2 7 1371
2 8 1466
2 9 26
2 10 876
2 11 65
2 12 526
2 13 1133
2 14 499
2 15 976
2 16 26
2 17 283
2 18 329
2 19 992
2 20 1833
2 21 281
2 22 944
2 23 1785
2 24 233
2 25 896
2 26 1737
2 27 185
2 28 848
2 29 1689
2 30 137
2 31 800
2 32 1641
2 33 89
2 34 752
2 35 1593
2 36 137
2 37 800
2 38 1641
2 39 185
2 40 848
2 41 1689
2 42 233
2 43 896
2 44 1737
2 45 281
2 46 944
2 47 1785
2 48 329
2 49 992
2 50 1833
2 51 377
2 52 1040
2 53 1881
2 54 449
3 0 448
3 1 104
3 2 465
3 3 0
3 4 1195
3 5 961
3 6 26
3 7 1084
3 8 1179
3 9 439
3 10 781
3 11 530
3 12 813
3 13 846
3 14 786
3 15 977
3 16 491
3 17 182
3 18 328
3 19 705
3 20 1546
3 21 280
3 22 657
3 23 1498
3 24 232
3 25 609
3 26 1450
3 27 280
3 28 657
3 29 1498
3 30 328
3 31 705
3 32 1546
3 33 376
3 34 753
3 35 1594
3 36 424
3 37 801
3 38 1642
3 39 472
3 40 849
3 41 1690
3 42 520
3 43 897
3 44 1738
3 45 568
3 46 945
3 47 1786
3 48 616
3 49 993
3 50 1834
3 51 664
3 52 1041
3 53 1882
3 54 448
4 0 1179
4 1 1247
4 2 908
4 3 1195
4 4 0
4 5 234
4 6 1221
4 7 1217
4 8 1312
4 9 882
4 10 722
4 11 973
4 12 872
4 13 979
4 14 1029
4 15 630
4 16 934
4 17 1013
4 18 1059
4 19 838
4 20 1679
4 21 1011
4 22 790
4 23 1631
4 24 963
4 25 742
4 26 1583
4 27 915
4 28 694
4 29 1535
4 30 867
4 31 646
4 32 1487
4 33 819
4 34 598
4 35 1439
4 36 771
4 37 550
4 38 1391
4 39 723
4 40 502
4 41 1343
4 42 675
4 43 454
4 44 1295
4 45 627
4 46 406
4 47 1247
4 48 579
4 49 358
4 50 1199
4 51 531
4 52 310
4 53 1151
4 54 1179
5 0 945
5 1 1065
5 2 674
5 3 961
5 4 234
5 5 0
5 6 987
5 7 1451
5 8 1546
5 9 648
5 10 956
5 11 739
5 12 638
5 13 1213
5 14 899
5 15 864
5 16 700
5 17 779
5 18 825
5 19 1072
5 20 1913
5 21 777
5 22 1024
5 23 1865
5 24 729
5 25 976
5 26 1817
5 27 681
5 28 928
5 29 1769
5 30 633
5 31 880
5 32 1721
5 33 585
5 34 832
5 35 1673
5 36 537
5 37 784
5 38 1625
5 39 489
5 40 736
5 41 1577
5 42 441
5 43 688
5 44 1529
5 45 393
5 46 640
5 47 1481
5 48 345
5 49 592
5 50 1433
5 51 297
5 52 544
5 53 1385
5 54 945
6 0 474
6 1 78
6 2 491
6 3 26
6 4 1221
6 5 987
6 6 0
6 7 1058
6 8 1153
6 9 465
6 10 755
6 11 556
6 12 839
6 13 820
6 14 812
6 15 951
6 16 517
6 17 208
6 18 354
6 19 679
6 20 1520
6 21 306
6 22 631
6 23 1472
6 24 258
6 25 583
6 26 1424
6 27 306
6 28 631
6 29 1472
6 30 354
6 31 679
6 32 1520
6 33 402
6 34 727
6 35 1568
6 36 450
6 37 775
6 38 1616
6 39 498
6 40 823
6 41 1664
6 42 546
6 43 871
6 44 1712
6 45 594
6 46 919
6 47 1760
6 48 642
6 49 967
6 50 1808
6 51 690
6 52 1015
6 53 1856
6 54 474
7 0 1436
7 1 980
7 2 1371
7 3 1084
7 4 1217
7 5 1451
7 6 1058
7 7 0
7 8 733
7 9 1397
7 10 647
7 11 1306
7 12 1407
7 13 616
7 14 1146
7 15 843
7 16 1345
7 17 1266
7 18 1316
7 19 475
7 20 462
7 21 1268
7 22 427
7 23 414
7 24 1316
7 25 475
7 26 462
7 27 1364
7 28 523
7 29 510
7 30 1412
7 31 571
7 32 558
7 33 1460
7 34 619
7 35 606
7 36 1508
7 37 667
7 38 654
7 39 1556
7 40 715
7 41 702
7 42 1604
7 43 763
7 44 750
7 45 1652
7 46 811
7 47 798
7 48 1700
7 49 859
7 50 846
7 51 1748
7 52 907
7 53 894
7 54 1436
8 0 1627
8 1 1075
8 2 1466
8 3 1179
8 4 1312
8 5 1546
8 6 1153
8 7 733
8 8 0
8 9 1492
8 10 742
8 11 1401
8 12 1502
8 13 807
8 14 1241
8 15 938
8 16 1440
8 17 1361
8 18 1507
8 19 666
8 20 367
8 21 1459
8 22 618
8 23 319
8 24 1411
8 25 570
8 26 271
8 27 1459
8 28 618
8 29 319
8 30 1507
8 31 666
8 32 367
8 33 1555
8 34 714
8 35 415
8 36 1603
8 37 762
8 38 463
8 39 1651
8 40 810
8 41 511
8 42 1699
8 43 858
8 44 559
8 45 1747
8 46 906
8 47 607
8 48 1795
8 49 954
8 50 655
8 51 1843
8 52 1002
8 53 703
8 54 1627
9 0 423
9 1 543
9 2 26
9 3 439
9 4 882
9 5 648
9 6 465
9 7 1397
9 8 1492
9 9 0
9 10 902
9 11 91
9 12 500
9 13 1159
9 14 473
9 15 1002
9 16 52
9 17 257
9 18 303
9 19 1018
9 20 1859
9 21 255
9 22 970
9 23 1811
9 24 207
9 25 922
9 26 1763
9 27 159
9 28 874
9 29 1715
9 30 111
9 31 826
9 32 1667
9 33 63
9 34 778
9 35 1619
9 36 111
9 37 826
9 38 1667
9 39 159
9 40 874
9 41 1715
9 42 207
9 43 922
9 44 1763
9 45 255
9 46 970
9 47 1811
9 48 303
9 49 1018
9 50 1859
9 51 351
9 52 1066
9 53 1907
9 54 423
10 0 1229
10 1 677
10 2 876
10 3 781
10 4 722
10 5 956
10 6 755
10 7 647
10 8 742
10 9 902
10 10 0
10 11 811
10 12 912
10 13 409
10 14 651
10 15 348
10 16 850
10 17 963
10 18 1109
10 19 268
10 20 957
10 21 1061
10 22 220
10 23 909
10 24 1013
10 25 172
10 26 861
10 27 965
10 28 124
10 29 813
10 30 917
10 31 76
10 32 765
10 33 965
10 34 124
10 35 813
10 36 1013
10 37 172
10 38 861
10 39 1061
10 40 220
10 41 909
10 42 1109
10 43 268
10 44 957
10 45 1157
10 46 316
10 47 1005
10 48 1205
10 49 364
10 50 1053
10 51 1253
10 52 412
10 53 1101
10 54 1229
11 0 514
11 1 634
11 2 65
11 3 530
11 4 973
11 5 739
11 6 556
11 7 1306
11 8 1401
11 9 91
11 10 811
11 11 0
11 12 591
11 13 1068
11 14 564
11 15 911
11 16 39
11 17 348
11 18 394
11 19 927
11 20 1768
11 21 346
11 22 879
11 23 1720
11 24 298
11 25 831
11 26 1672
11 27 250
11 28 783
11 29 1624
11 30 202
11 31 735
11 32 1576
11 33 154
11 34 687
11 35 1528
11 36 202
11 37 735
11 38 1576
11 39 250
11 40 783
11 41 1624
11 42 298
11 43 831
11 44 1672
11 45 346
11 46 879
11 47 1720
11 48 394
11 49 927
11 50 1768
11 51 442
11 52 975
11 53 1816
11 54 514
12 0 797
12 1 917
12 2 526
12 3 813
12 4 872
12 5 638
12 6 839
12 7 1407
12 8 1502
12 9 500
12 10 912
12 11 591
12 12 0
12 13 1169
12 14 751
12 15 820
12 16 552
12 17 631
12 18 677
12 19 1028
12 20 1869
12 21 629
12 22 980
12 23 1821
12 24 581
12 25 932
12 26 1773
12 27 533
12 28 884
12 29 1725
12 30 485
12 31 836
12 32 1677
12 33 437
12 34 788
12 35 1629
12 36 389
12 37 740
12 38 1581
12 39 341
12 40 692
12 41 1533
12 42 293
12 43 644
12 44 1485
12 45 245
12 46 596
12 47 1437
12 48 293
12 49 644
12 50 1485
12 51 341
12 52 692
12 53 1533
12 54 797
13 0 1102
13 1 742
13 2 1133
13 3 846
13 4 979
13 5 1213
13 6 820
13 7 616
13 8 807
13 9 1159
13 10 409
13 11 1068
13 12 1169
13 13 0
13 14 908
13 15 605
13 16 1107
13 17 1028
13 18 982
13 19 141
13 20 700
13 21 1030
13 22 189
13 23 748
13 24 1078
13 25 237
13 26 796
13 27 1126
13 28 285
13 29 844
13 30 1174
13 31 333
13 32 892
13 33 1222
13 34 381
13 35 940
13 36 1270
13 37 429
13 38 988
13 39 1318
13 40 477
13 41 1036
13 42 1366
13 43 525
13 44 1084
13 45 1414
13 46 573
13 47 1132
13 48 1462
13 49 621
13 50 1180
13 51 1510
13 52 669
13 53 1228
13 54 1102
14 0 770
14 1 890
14 2 499
14 3 786
14 4 1029
14 5 899
14 6 812
14 7 1146
14 8 1241
14 9 473
14 10 651
14 11 564
14 12 751
14 13 908
14 14 0
14 15 655
14 16 525
14 17 604
14 18 650
14 19 767
14 20 1608
14 21 602
14 22 719
14 23 1560
14 24 554
14 25 671
14 26 1512
14 27 506
14 28 623
14 29 1464
14 30 458
14 31 575
14 32 1416
14 33 410
14 34 527
14 35 1368
14 36 362
14 37 479
14 38 1320
14 39 410
14 40 527
14 41 1368
14 42 458
14 43 575
14 44 1416
14 45 506
14 46 623
14 47 1464
14 48 554
14 49 671
14 50 1512
14 51 602
14 52 719
14 53 1560
14 54 770
15 0 1425
15 1 873
15 2 976
15 3 977
15 4 630
15 5 864
15 6 951
15 7 843
15 8 938
15 9 1002
15 10 348
15 11 911
15 12 820
15 13 605
15 14 655
15 15 0
15 16 950
15 17 1159
15 18 1305
15 19 464
15 20 1049
15 21 1257
15 22 416
15 23 1001
15 24 1209
15 25 368
15 26 953
15 27 1161
15 28 320
15 29 905
15 30 1113
15 31 272
15 32 857
15 33 1065
15 34 224
15 35 809
15 36 1017
15 37 176
15 38 761
15 39 969
15 40 128
15 41 713
15 42 1017
15 43 176
15 44 761
15 45 1065
15 46 224
15 47 809
15 48 1113
15 49 272
15 50 857
15 51 1161
15 52 320
15 53 905
15 54 1425
16 0 475
16 1 595
16 2 26
16 3 491
16 4 934
16 5 700
16 6 517
16 7 1345
16 8 1440
16 9 52
16 10 850
16 11 39
16 12 552
16 13 1107
16 14 525
16 15 950
16 16 0
16 17 309
16 18 355
16 19 966
16 20 1807
16 21 307
16 22 918
16 23 1759
16 24 259
16 25 870
16 26 1711
16 27 211
16 28 822
16 29 1663
16 30 163
16 31 774
16 32 1615
16 33 115
16 34 726
16 35 1567
16 36 163
16 37 774
16 38 1615
16 39 211
16 40 822
16 41 1663
16 42 259
16 43 870
16 44 1711
16 45 307
16 46 918
16 47 1759
16 48 355
16 49 966
16 50 1807
16 51 403
16 52 1014
16 53 1855
16 54 475
17 0 266
17 1 286
17 2 283
17 3 182
17 4 1013
17 5 779
17 6 208
17 7 1266
17 8 1361
17 9 257
17 10 963
17 11 348
17 12 631
17 13 1028
17 14 604
17 15 1159
17 16 309
17 17 0
17 18 146
17 19 887
17 20 1728
17 21 98
17 22 839
17 23 1680
17 24 50
17 25 791
17 26 1632
17 27 98
17 28 839
17 29 1680
17 30 146
17 31 887
17 32 1728
17 33 194
17 34 935
17 35 1776
17 36 242
17 37 983
17 38 1824
17 39 290
17 40 1031
17 41 1872
17 42 338
17 43 1079
17 44 1920
17 45 386
17 46 1127
17 47 1968
17 48 434
17 49 1175
17 50 2016
17 51 482
17 52 1223
17 53 2064
17 54 266
18 0 120
18 1 432
18 2 329
18 3 328
18 4 1059
18 5 825
18 6 354
18 7 1316
18 8 1507
18 9 303
18 10 1109
18 11 394
18 12 677
18 13 982
18 14 650
18 15 1305
18 16 355
18 17 146
18 18 0
18 19 841
18 20 1682
18 21 48
18 22 889
18 23 1730
18 24 96
18 25 937
18 26 1778
18 27 144
18 28 985
18 29 1826
18 30 192
18 31 1033
18 32 1874
18 33 240
18 34 1081
18 35 1922
18 36 288
18 37 1129
18 38 1970
18 39 336
18 40 1177
18 41 2018
18 42 384
18 43 1225
18 44 2066
18 45 432
18 46 1273
18 47 2114
18 48 480
18 49 1321
18 50 2162
18 51 528
18 52 1369
18 53 2210
18 54 120
19 0 961
19 1 601
19 2 992
19 3 705
19 4 838
19 5 1072
19 6 679
19 7 475
19 8 666
19 9 1018
19 10 268
19 11 927
19 12 1028
19 13 141
19 14 767
19 15 464
19 16 966
19 17 887
19 18 841
19 19 0
19 20 841
19 21 889
19 22 48
19 23 889
19 24 937
19 25 96
19 26 937
19 27 985
19 28 144
19 29 985
19 30 1033
19 31 192
19 32 1033
19 33 1081
19 34 240
19 35 1081
19 36 1129
19 37 288
19 38 1129
19 39 1177
19 40 336
19 41 1177
19 42 1225
19 43 384
19 44 1225
19 45 1273
19 46 432
19 47 1273
19 48 1321
19 49 480
19 50 1321
19 51 1369
19 52 528
19 53 1369
19 54 961
20 0 1802
20 1 1442
20 2 1833
20 3 1546
20 4 1679
20 5 1913
20 6 1520
20 7 462
20 8 367
20 9 1859
20 10 957
20 11 1768
20 12 1869
20 13 700
20 14 1608
20 15 1049
20 16 1807
20 17 1728
20 18 1682
20 19 841
20 20 0
20 21 1730
20 22 889
20 23 48
20 24 1778
20 25 937
20 26 96
20 27 1826
20 28 985
20 29 144
20 30 1874
20 31 1033
20 32 192
20 33 1922
20 34 1081
20 35 240
20 36 1970
20 37 1129
20 38 288
20 39 2018
20 40 1177
20 41 336
20 42 2066
20 43 1225
20 44 384
20 45 2114
20 46 1273
20 47 432
20 48 2162
20 49 1321
20 50 480
20 51 2210
20 52 1369
20 53 528
20 54 1802
21 0 168
21 1 384
21 2 281
21 3 280
21 4 1011
21 5 777
21 6 306
21 7 1268
21 8 1459
21 9 255
21 10 1061
21 11 346
21 12 629
21 13 1030
21 14 602
21 15 1257
21 16 307
21 17 98
21 18 48
21 19 889
21 20 1730
21 21 0
21 22 841
21 23 1682
21 24 48
21 25 889
21 26 1730
21 27 96
21 28 937
21 29 1778
21 30 144
21 31 985
21 32 1826
21 33 192
21 34 1033
21 35 1874
21 36 240
21 37 1081
21 38 1922
21 39 288
21 40 1129
21 41 1970
21 42 336
21 43 1177
21 44 2018
21 45 384
21 46 1225
21 47 2066
21 48 432
21 49 1273
21 50 2114
21 51 480
21 52 1321
21 53 2162
21 54 168
22 0 1009
22 1 553
22 2 944
22 3 657
22 4 790
22 5 1024
22 6 631
22 7 427
22 8 618
22 9 970
22 10 220
22 11 879
22 12 980
22 13 189
22 14 719
22 15 416
22 16 918
22 17 839
22 18 889
22 19 48
22 20 889
22 21 841
22 22 0
22 23 841
22 24 889
22 25 48
22 26 889
22 27 937
22 28 96
22 29 937
22 30 985
22 31 144
22 32 985
22 33 1033
22 34 192
22 35 1033
22 36 1081
22 37 240
22 38 1081
22 39 1129
22 40 288
22 41 1129
22 42 1177
22 43 336
22 44 1177
22 45 1225
22 46 384
22 47 1225
22 48 1273
22 49 432
22 50 1273
22 51 1321
22 52 480
22 53 1321
22 54 1009
23 0 1850
23 1 1394
23 2 1785
23 3 1498
23 4 1631
23 5 1865
23 6 1472
23 7 414
23 8 319
23 9 1811
23 10 909
23 11 1720
23 12 1821
23 13 748
23 14 1560
23 15 1001
23 16 1759
23 17 1680
23 18 1730
23 19 889
23 20 48
23 21 1682
23 22 841
23 23 0
23 24 1730
23 25 889
23 26 48
23 27 1778
23 28 937
23 29 96
23 30 1826
23 31 985
23 32 144
23 33 1874
23 34 1033
23 35 192
23 36 1922
23 37 1081
23 38 240
23 39 1970
23 40 1129
23 41 288
23 42 2018
23 43 1177
23 44 336
23 45 2066
23 46 1225
23 47 384
23 48 2114
23 49 1273
23 50 432
23 51 2162
23 52 1321
23 53 480
23 54 1850
24 0 216
24 1 336
24 2 233
24 3 232
24 4 963
24 5 729
24 6 258
24 7 1316
24 8 1411
24 9 207
24 10 1013
24 11 298
24 12 581
24 13 1078
24 14 554
24 15 1209
24 16 259
24 17 50
24 18 96
24 19 937
24 20 1778
24 21 48
24 22 889
24 23 1730
24 24 0
24 25 841
24 26 1682
24 27 48
24 28 889
24 29 1730
24 30 96
24 31 937
24 32 1778
24 33 144
24 34 985
24 35 1826
24 36 192
24 37 1033
24 38 1874
24 39 240
24 40 1081
24 41 1922
24 42 288
24 43 1129
24 44 1970
24 45 336
24 46 1177
24 47 2018
24 48 384
24 49 1225
24 50 2066
24 51 432
24 52 1273
24 53 2114
24 54 216
25 0 1057
25 1 505
25 2 896
25 3 609
25 4 742
25 5 976
25 6 583
25 7 475
25 8 570
25 9 922
25 10 172
25 11 831
25 12 932
25 13 237
25 14 671
25 15 368
25 16 870
25 17 791
25 18 937
25 19 96
25 20 937
25 21 889
25 22 48
25 23 889
25 24 841
25 25 0
25 26 841
25 27 889
25 28 48
25 29 889
25 30 937
25 31 96
25 32 937
25 33 985
25 34 144
25 35 985
25 36 1033
25 37 192
25 38 1033
25 39 1081
25 40 240
25 41 1081
25 42 1129
25 43 288
25 44 1129
25 45 1177
25 46 336
25 47 1177
25 48 1225
25 49 384
25 50 1225
25 51 1273
25 52 432
25 53 1273
25 54 1057
26 0 1898
26 1 1346
26 2 1737
26 3 1450
26 4 1583
26 5 1817
26 6 1424
26 7 462
26 8 271
26 9 1763
26 10 861
26 11 1672
26 12 1773
26 13 796
26 14 1512
26 15 953
26 16 1711
26 17 1632
26 18 1778
26 19 937
26 20 96
26 21 1730
26 22 889
26 23 48
26 24 1682
26 25 841
26 26 0
26 27 1730
26 28 889
26 29 48
26 30 1778
26 31 937
26 32 96
26 33 1826
26 34 985
26 35 144
26 36 1874
26 37 1033
26 38 192
26 39 1922
26 40 1081
26 41 240
26 42 1970
26 43 1129
26 44 288
26 45 2018
26 46 1177
26 47 336
26 48 2066
26 49 1225
26 50 384
26 51 2114
26 52 1273
26 53 432
26 54 1898
27 0 264
27 1 384
27 2 185
27 3 280
27 4 915
27 5 681
27 6 306
27 7 1364
27 8 1459
27 9 159
27 10 965
27 11 250
27 12 533
27 13 1126
27 14 506
27 15 1161
27 16 211
27 17 98
27 18 144
27 19 985
27 20 1826
27 21 96
27 22 937
27 23 1778
27 24 48
27 25 889
27 26 1730
27 27 0
27 28 841
27 29 1682
27 30 48
27 31 889
27 32 1730
27 33 96
27 34 937
27 35 1778
27 36 144
27 37 985
27 38 1826
27 39 192
27 40 1033
27 41 1874
27 42 240
27 43 1081
27 44 1922
27 45 288
27 46 1129
27 47 1970
27 48 336
27 49 1177
27 50 2018
27 51 384
27 52 1225
27 53 2066
27 54 264
28 0 1105
28 1 553
28 2 848
28 3 657
28 4 694
28 5 928
28 6 631
28 7 523
28 8 618
28 9 874
28 10 124
28 11 783
28 12 884
28 13 285
28 14 623
28 15 320
28 16 822
28 17 839
28 18 985
28 19 144
28 20 985
28 21 937
28 22 96
28 23 937
28 24 889
28 25 48
28 26 889
28 27 841
28 28 0
28 29 841
28 30 889
28 31 48
28 32 889
28 33 937
28 34 96
28 35 937
28 36 985
28 37 144
28 38 985
28 39 1033
28 40 192
28 41 1033
28 42 1081
28 43 240
28 44 1081
28 45 1129
28 46 288
28 47 1129
28 48 1177
28 49 336
28 50 1177
28 51 1225
28 52 384
28 53 1225
28 54 1105
29 0 1946
29 1 1394
29 2 1689
29 3 1498
29 4 1535
29 5 1769
29 6 1472
29 7 510
29 8 319
29 9 1715
29 10 813
29 11 1624
29 12 1725
29 13 844
29 14 1464
29 15 905
29 16 1663
29 17 1680
29 18 1826
29 19 985
29 20 144
29 21 1778
29 22 937
29 23 96
29 24 1730
29 25 889
29 26 48
29 27 1682
29 28 841
29 29 0
29 30 1730
29 31 889
29 32 48
29 33 1778
29 34 937
29 35 96
29 36 1826
29 37 985
29 38 144
29 39 1874
29 40 1033
29 41 192
29 42 1922
29 43 1081
29 44 240
29 45 1970
29 46 1129
29 47 288
29 48 2018
29 49 1177
29 50 336
29 51 2066
29 52 1225
29 53 384
29 54 1946
30 0 312
30 1 432
30 2 137
30 3 328
30 4 867
30 5 633
30 6 354
30 7 1412
30 8 1507
30 9 111
30 10 917
30 11 202
30 12 485
30 13 1174
30 14 458
30 15 1113
30 16 163
30 17 146
30 18 192
30 19 1033
30 20 1874
30 21 144
30 22 985
30 23 1826
30 24 96
30 25 937
30 26 1778
30 27 48
30 28 889
30 29 1730
30 30 0
30 31 841
30 32 1682
30 33 48
30 34 889
30 35 1730
30 36 96
30 37 937
30 38 1778
30 39 144
30 40 985
30 41 1826
30 42 192
30 43 1033
30 44 1874
30 45 240
30 46 1081
30 47 1922
30 48 288
30 49 1129
30 50 1970
30 51 336
30 52 1177
30 53 2018
30 54 312
31 0 1153
31 1 601
31 2 800
31 3 705
31 4 646
31 5 880
31 6 679
31 7 571
31 8 666
31 9 826
31 10 76
31 11 735
31 12 836
31 13 333
31 14 575
31 15 272
31 16 774
31 17 887
31 18 1033
31 19 192
31 20 1033
31 21 985
31 22 144
31 23 985
31 24 937
31 25 96
31 26 937
31 27 889
31 28 48
31 29 889
31 30 841
31 31 0
31 32 841
31 33 889
31 34 48
31 35 889
31 36 937
31 37 96
31 38 937
31 39 985
31 40 144
31 41 985
31 42 1033
31 43 192
31 44 1033
31 45 1081
31 46 240
31 47 1081
31 48 1129
31 49 288
31 50 1129
31 51 1177
31 52 336
31 53 1177
31 54 1153
32 0 1994
32 1 1442
32 2 1641
32 3 1546
32 4 1487
32 5 1721
32 6 1520
32 7 558
32 8 367
32 9 1667
32 10 765
32 11 1576
32 12 1677
32 13 892
32 14 1416
32 15 857
32 16 1615
32 17 1728
32 18 1874
32 19 1033
32 20 192
32 21 1826
32 22 985
32 23 144
32 24 1778
32 25 937
32 26 96
32 27 1730
32 28 889
32 29 48
32 30 1682
32 31 841
32 32 0
32 33 1730
32 34 889
32 35 48
32 36 1778
32 37 937
32 38 96
32 39 1826
32 40 985
32 41 144
32 42 1874
32 43 1033
32 44 192
32 45 1922
32 46 1081
32 47 240
32 48 1970
32 49 1129
32 50 288
32 51 2018
32 52 1177
32 53 336
32 54 1994
33 0 360
33 1 480
33 2 89
33 3 376
33 4 819
33 5 585
33 6 402
33 7 1460
33 8 1555
33 9 63
33 10 965
33 11 154
33 12 437
33 13 1222
33 14 410
33 15 1065
33 16 115
33 17 194
33 18 240
33 19 1081
33 20 1922
33 21 192
33 22 1033
33 23 1874
33 24 144
33 25 985
33 26 1826
33 27 96
33 28 937
33 29 1778
33 30 48
33 31 889
33 32 1730
33 33 0
33 34 841
33 35 1682
33 36 48
33 37 889
33 38 1730
33 39 96
33 40 937
33 41 1778
33 42 144
33 43 985
33 44 1826
33 45 192
33 46 1033
33 47 1874
33 48 240
33 49 1081
33 50 1922
33 51 288
33 52 1129
33 53 1970
33 54 360
34 0 1201
34 1 649
34 2 752
34 3 753
34 4 598
34 5 832
34 6 727
34 7 619
34 8 714
34 9 778
34 10 124
34 11 687
34 12 788
34 13 381
34 14 527
34 15 224
34 16 726
34 17 935
34 18 1081
34 19 240
34 20 1081
34 21 1033
34 22 192
34 23 1033
34 24 985
34 25 144
34 26 985
34 27 937
34 28 96
34 29 937
34 30 889
34 31 48
34 32 889
34 33 841
34 34 0
34 35 841
34 36 889
34 37 48
34 38 889
34 39 937
34 40 96
34 41 937
34 42 985
34 43 144
34 44 985
34 45 1033
34 46 192
34 47 1033
34 48 1081
34 49 240
34 50 1081
34 51 1129
34 52 288
34 53 1129
34 54 1201
35 0 2042
35 1 1490
35 2 1593
35 3 1594
35 4 1439
35 5 1673
35 6 1568
35 7 606
35 8 415
35 9 1619
35 10 813
35 11 1528
35 12 1629
35 13 940
35 14 1368
35 15 809
35 16 1567
35 17 1776
35 18 1922
35 19 1081
35 20 240
35 21 1874
35 22 1033
35 23 192
35 24 1826
35 25 985
35 26 144
35 27 1778
35 28 937
35 29 96
35 30 1730
35 31 889
35 32 48
35 33 1682
35 34 841
35 35 0
35 36 1730
35 37 889
35 38 48
35 39 1778
35 40 937
35 41 96
35 42 1826
35 43 985
35 44 144
35 45 1874
35 46 1033
35 47 192
35 48 1922
35 49 1081
35 50 240
35 51 1970
35 52 1129
35 53 288
35 54 2042
36 0 408
36 1 528
36 2 137
36 3 424
36 4 771
36 5 537
36 6 450
36 7 1508
36 8 1603
36 9 111
36 10 1013
36 11 202
36 12 389
36 13 1270
36 14 362
36 15 1017
36 16 163
36 17 242
36 18 288
36 19 1129
36 20 1970
36 21 240
36 22 1081
36 23 1922
36 24 192
36 25 1033
36 26 1874
36 27 144
36 28 985
36 29 1826
36 30 96
36 31 937
36 32 1778
36 33 48
36 34 889
36 35 1730
36 36 0
36 37 841
36 38 1682
36 39 48
36 40 889
36 41 1730
36 42 96
36 43 937
36 44 1778
36 45 144
36 46 985
36 47 1826
36 48 192
36 49 1033
36 50 1874
36 51 240
36 52 1081
36 53 1922
36 54 408
37 0 1249
37 1 697
37 2 800
37 3 801
37 4 550
37 5 784
37 6 775
37 7 667
37 8 762
37 9 826
37 10 172
37 11 735
37 12 740
37 13 429
37 14 479
37 15 176
37 16 774
37 17 983
37 18 1129
37 19 288
37 20 1129
37 21 1081
37 22 240
37 23 1081
37 24 1033
37 25 192
37 26 1033
37 27 985
37 28 144
37 29 985
37 30 937
37 31 96
37 32 937
37 33 889
37 34 48
37 35 889
37 36 841
37 37 0
37 38 841
37 39 889
37 40 48
37 41 889
37 42 937
37 43 96
37 44 937
37 45 985
37 46 144
37 47 985
37 48 1033
37 49 192
37 50 1033
37 51 1081
37 52 240
37 53 1081
37 54 1249
38 0 2090
38 1 1538
38 2 1641
38 3 1642
38 4 1391
38 5 1625
38 6 1616
38 7 654
38 8 463
38 9 1667
38 10 861
38 11 1576
38 12 1581
38 13 988
38 14 1320
38 15 761
38 16 1615
38 17 1824
38 18 1970
38 19 1129
38 20 288
38 21 1922
38 22 1081
38 23 240
38 24 1874
38 25 1033
38 26 192
38 27 1826
38 28 985
38 29 144
38 30 1778
38 31 937
38 32 96
38 33 1730
38 34 889
38 35 48
38 36 1682
38 37 841
38 38 0
38 39 1730
38 40 889
38 41 48
38 42 1778
38 43 937
38 44 96
38 45 1826
38 46 985
38 47 144
38 48 1874
38 49 1033
38 50 192
38 51 1922
38 52 1081
38 53 240
38 54 2090
39 0 456
39 1 576
39 2 185
39 3 472
39 4 723
39 5 489
39 6 498
39 7 1556
39 8 1651
39 9 159
39 10 1061
39 11 250
39 12 341
39 13 1318
39 14 410
39 15 969
39 16 211
39 17 290
39 18 336
39 19 1177
39 20 2018
39 21 288
39 22 1129
39 23 1970
39 24 240
39 25 1081
39 26 1922
39 27 192
39 28 1033
39 29 1874
39 30 144
39 31 985
39 32 1826
39 33 96
39 34 937
39 35 1778
39 36 48
39 37 889
39 38 1730
39 39 0
39 40 841
39 41 1682
39 42 48
39 43 889
39 44 1730
39 45 96
39 46 937
39 47 1778
39 48 144
39 49 985
39 50 1826
39 51 192
39 52 1033
39 53 1874
39 54 456
40 0 1297
40 1 745
40 2 848
40 3 849
40 4 502
40 5 736
40 6 823
40 7 715
40 8 810
40 9 874
40 10 220
40 11 783
40 12 692
40 13 477
40 14 527
40 15 128
40 16 822
40 17 1031
40 18 1177
40 19 336
40 20 1177
40 21 1129
40 22 288
40 23 1129
40 24 1081
40 25 240
40 26 1081
40 27 1033
40 28 192
40 29 1033
40 30 985
40 31 144
40 32 985
40 33 937
40 34 96
40 35 937
40 36 889
40 37 48
40 38 889
40 39 841
40 40 0
40 41 841
40 42 889
40 43 48
40 44 889
40 45 937
40 46 96
40 47 937
40 48 985
40 49 144
40 50 985
40 51 1033
40 52 192
40 53 1033
40 54 1297
41 0 2138
41 1 1586
41 2 1689
41 3 1690
41 4 1343
41 5 1577
41 6 1664
41 7 702
41 8 511
41 9 1715
41 10 909
41 11 1624
41 12 1533
41 13 1036
41 14 1368
41 15 713
41 16 1663
41 17 1872
41 18 2018
41 19 1177
41 20 336
41 21 1970
41 22 1129
41 23 288
41 24 1922
41 25 1081
41 26 240
41 27 1874
41 28 1033
41 29 192
41 30 1826
41 31 985
41 32 144
41 33 1778
41 34 937
41 35 96
41 36 1730
41 37 889
41 38 48
41 39 1682
41 40 841
41 41 0
41 42 1730
41 43 889
41 44 48
41 45 1778
41 46 937
41 47 96
41 48 1826
41 49 985
41 50 144
41 51 1874
41 52 1033
41 53 192
41 54 2138
42 0 504
42 1 624
42 2 233
42 3 520
42 4 675
42 5 441
42 6 546
42 7 1604
42 8 1699
42 9 207
42 10 1109
42 11 298
42 12 293
42 13 1366
42 14 458
42 15 1017
42 16 259
42 17 338
42 18 384
42 19 1225
42 20 2066
42 21 336
42 22 1177
42 23 2018
42 24 288
42 25 1129
42 26 1970
42 27 240
42 28 1081
42 29 1922
42 30 192
42 31 1033
42 32 1874
42 33 144
42 34 985
42 35 1826
42 36 96
42 37 937
42 38 1778
42 39 48
42 40 889
42 41 1730
42 42 0
42 43 841
42 44 1682
42 45 48
42 46 889
42 47 1730
42 48 96
42 49 937
42 50 1778
42 51 144
42 52 985
42 53 1826
42 54 504
43 0 1345
43 1 793
43 2 896
43 3 897
43 4 454
43 5 688
43 6 871
43 7 763
43 8 858
43 9 922
43 10 268
43 11 831
43 12 644
43 13 525
43 14 575
43 15 176
43 16 870
43 17 1079
43 18 1225
43 19 384
43 20 1225
43 21 1177
43 22 336
43 23 1177
43 24 1129
43 25 288
43 26 1129
43 27 1081
43 28 240
43 29 1081
43 30 1033
43 31 192
43 32 1033
43 33 985
43 34 144
43 35 985
43 36 937
43 37 96
43 38 937
43 39 889
43 40 48
43 41 889
43 42 841
43 43 0
43 44 841
43 45 889
43 46 48
43 47 889
43 48 937
43 49 96
43 50 937
43 51 985
43 52 144
43 53 985
43 54 1345
44 0 2186
44 1 1634
44 2 1737
44 3 1738
44 4 1295
44 5 1529
44 6 1712
44 7 750
44 8 559
44 9 1763
44 10 957
44 11 1672
44 12 1485
44 13 1084
44 14 1416
44 15 761
44 16 1711
44 17 1920
44 18 2066
44 19 1225
44 20 384
44 21 2018
44 22 1177
44 23 336
44 24 1970
44 25 1129
44 26 288
44 27 1922
44 28 1081
44 29 240
44 30 1874
44 31 1033
44 32 192
44 33 1826
44 34 985
44 35 144
44 36 1778
44 37 937
44 38 96
44 39 1730
44 40 889
44 41 48
44 42 1682
44 43 841
44 44 0
44 45 1730
44 46 889
44 47 48
44 48 1778
44 49 937
44 50 96
44 51 1826
44 52 985
44 53 144
44 54 2186
45 0 552
45 1 672
45 2 281
45 3 568
45 4 627
45 5 393
45 6 594
45 7 1652
45 8 1747
45 9 255
45 10 1157
45 11 346
45 12 245
45 13 1414
45 14 506
45 15 1065
45 16 307
45 17 386
45 18 432
45 19 1273
45 20 2114
45 21 384
45 22 1225
45 23 2066
45 24 336
45 25 1177
45 26 2018
45 27 288
45 28 1129
45 29 1970
45 30 240
45 31 1081
45 32 1922
45 33 192
45 34 1033
45 35 1874
45 36 144
45 37 985
45 38 1826
45 39 96
45 40 937
45 41 1778
45 42 48
45 43 889
45 44 1730
45 45 0
45 46 841
45 47 1682
45 48 48
45 49 889
45 50 1730
45 51 96
45 52 937
45 53 1778
45 54 552
46 0 1393
46 1 841
46 2 944
46 3 945
46 4 406
46 5 640
46 6 919
46 7 811
46 8 906
46 9 970
46 10 316
46 11 879
46 12 596
46 13 573
46 14 623
46 15 224
46 16 918
46 17 1127
46 18 1273
46 19 432
46 20 1273
46 21 1225
46 22 384
46 23 1225
46 24 1177
46 25 336
46 26 1177
46 27 1129
46 28 288
46 29 1129
46 30 1081
46 31 240
46 32 1081
46 33 1033
46 34 192
46 35 1033
46 36 985
46 37 144
46 38 985
46 39 937
46 40 96
46 41 937
46 42 889
46 43 48
46 44 889
46 45 841
46 46 0
46 47 841
46 48 889
46 49 48
46 50 889
46 51 937
46 52 96
46 53 937
46 54 1393
47 0 2234
47 1 1682
47 2 1785
47 3 1786
47 4 1247
47 5 1481
47 6 1760
47 7 798
47 8 607
47 9 1811
47 10 1005
47 11 1720
47 12 1437
47 13 1132
47 14 1464
47 15 809
47 16 1759
47 17 1968
47 18 2114
47 19 1273
47 20 432
47 21 2066
47 22 1225
47 23 384
47 24 2018
47 25 1177
47 26 336
47 27 1970
47 28 1129
47 29 288
47 30 1922
47 31 1081
47 32 240
47 33 1874
47 34 1033
47 35 192
47 36 1826
47 37 985
47 38 144
47 39 1778
47 40 937
47 41 96
47 42 1730
47 43 889
47 44 48
47 45 1682
47 46 841
47 47 0
47 48 1730
47 49 889
47 50 48
47 51 1778
47 52 937
47 53 96
47 54 2234
48 0 600
48 1 720
48 2 329
48 3 616
48 4 579
48 5 345
48 6 642
48 7 1700
48 8 1795
48 9 303
48 10 1205
48 11 394
48 12 293
48 13 1462
48 14 554
48 15 1113
48 16 355
48 17 434
48 18 480
48 19 1321
48 20 2162
48 21 432
48 22 1273
48 23 2114
48 24 384
48 25 1225
48 26 2066
48 27 336
48 28 1177
48 29 2018
48 30 288
48 31 1129
48 32 1970
48 33 240
48 34 1081
48 35 1922
48 36 192
48 37 1033
48 38 1874
48 39 144
48 40 985
48 41 1826
48 42 96
48 43 937
48 44 1778
48 45 48
48 46 889
48 47 1730
48 48 0
48 49 841
48 50 1682
48 51 48
48 52 889
48 53 1730
48 54 600
49 0 1441
49 1 889
49 2 992
49 3 993
49 4 358
49 5 592
49 6 967
49 7 859
49 8 954
49 9 1018
49 10 364
49 11 927
49 12 644
49 13 621
49 14 671
49 15 272
49 16 966
49 17 1175
49 18 1321
49 19 480
49 20 1321
49 21 1273
49 22 432
49 23 1273
49 24 1225
49 25 384
49 26 1225
49 27 1177
49 28 336
49 29 1177
49 30 1129
49 31 288
49 32 1129
49 33 1081
49 34 240
49 35 1081
49 36 1033
49 37 192
49 38 1033
49 39 985
49 40 144
49 41 985
49 42 937
49 43 96
49 44 937
49 45 889
49 46 48
49 47 889
49 48 841
49 49 0
49 50 841
49 51 889
49 52 48
49 53 889
49 54 1441
50 0 2282
50 1 1730
50 2 1833
50 3 1834
50 4 1199
50 5 1433
50 6 1808
50 7 846
50 8 655
50 9 1859
50 10 1053
50 11 1768
50 12 1485
50 13 1180
50 14 1512
50 15 857
50 16 1807
50 17 2016
50 18 2162
50 19 1321
50 20 480
50 21 2114
50 22 1273
50 23 432
50 24 2066
50 25 1225
50 26 384
50 27 2018
50 28 1177
50 29 336
50 30 1970
50 31 1129
50 32 288
50 33 1922
50 34 1081
50 35 240
50 36 1874
50 37 1033
50 38 192
50 39 1826
50 40 985
50 41 144
50 42 1778
50 43 937
50 44 96
50 45 1730
50 46 889
50 47 48
50 48 1682
50 49 841
50 50 0
50 51 1730
50 52 889
50 53 48
50 54 2282
51 0 648
51 1 768
51 2 377
51 3 664
51 4 531
51 5 297
51 6 690
51 7 1748
51 8 1843
51 9 351
51 10 1253
51 11 442
51 12 341
51 13 1510
51 14 602
51 15 1161
51 16 403
51 17 482
51 18 528
51 19 1369
51 20 2210
51 21 480
51 22 1321
51 23 2162
51 24 432
51 25 1273
51 26 2114
51 27 384
51 28 1225
51 29 2066
51 30 336
51 31 1177
51 32 2018
51 33 288
51 34 1129
51 35 1970
51 36 240
51 37 1081
51 38 1922
51 39 192
51 40 1033
51 41 1874
51 42 144
51 43 985
51 44 1826
51 45 96
51 46 937
51 47 1778
51 48 48
51 49 889
51 50 1730
51 51 0
51 52 841
51 53 1682
51 54 648
52 0 1489
52 1 937
52 2 1040
52 3 1041
52 4 310
52 5 544
52 6 1015
52 7 907
52 8 1002
52 9 1066
52 10 412
52 11 975
52 12 692
52 13 669
52 14 719
52 15 320
52 16 1014
52 17 1223
52 18 1369
52 19 528
52 20 1369
52 21 1321
52 22 480
52 23 1321
52 24 1273
52 25 432
52 26 1273
52 27 1225
52 28 384
52 29 1225
52 30 1177
52 31 336
52 32 1177
52 33 1129
52 34 288
52 35 1129
52 36 1081
52 37 240
52 38 1081
52 39 1033
52 40 192
52 41 1033
52 42 985
52 43 144
52 44 985
52 45 937
52 46 96
52 47 937
52 48 889
52 49 48
52 50 889
52 51 841
52 52 0
52 53 841
52 54 1489
53 0 2330
53 1 1778
53 2 1881
53 3 1882
53 4 1151
53 5 1385
53 6 1856
53 7 894
53 8 703
53 9 1907
53 10 1101
53 11 1816
53 12 1533
53 13 1228
53 14 1560
53 15 905
53 16 1855
53 17 2064
53 18 2210
53 19 1369
53 20 528
53 21 2162
53 22 1321
53 23 480
53 24 2114
53 25 1273
53 26 432
53 27 2066
53 28 1225
53 29 384
53 30 2018
53 31 1177
53 32 336
53 33 1970
53 34 1129
53 35 288
53 36 1922
53 37 1081
53 38 240
53 39 1874
53 40 1033
53 41 192
53 42 1826
53 43 985
53 44 144
53 45 1778
53 46 937
53 47 96
53 48 1730
53 49 889
53 50 48
53 51 1682
53 52 841
53 53 0
53 54 2330
54 0 0
54 1 552
54 2 449
54 3 448
54 4 1179
54 5 945
54 6 474
54 7 1436
54 8 1627
54 9 423
54 10 1229
54 11 514
54 12 797
54 13 1102
54 14 770
54 15 1425
54 16 475
54 17 266
54 18 120
54 19 961
54 20 1802
54 21 168
54 22 1009
54 23 1850
54 24 216
54 25 1057
54 26 1898
54 27 264
54 28 1105
54 29 1946
54 30 312
54 31 1153
54 32 1994
54 33 360
54 34 1201
54 35 2042
54 36 408
54 37 1249
54 38 2090
54 39 456
54 40 1297
54 41 2138
54 42 504
54 43 1345
54 44 2186
54 45 552
54 46 1393
54 47 2234
54 48 600
54 49 1441
54 50 2282
54 51 648
54 52 1489
54 53 2330
54 54 0
//Location coordinates LocationName
//Loc x y
0 0.0 0.0 "depot"
1 96.0 456.0 "product aisle 2 bloc 0 rank 47"
2 240.0 209.0 "product aisle 5 bloc 0 rank 10"
3 96.0 352.0 "product aisle 2 bloc 0 rank 32"
4 528.0 651.0 "product aisle 11 bloc 0 rank 78"
5 528.0 417.0 "product aisle 11 bloc 0 rank 42"
6 96.0 378.0 "product aisle 2 bloc 0 rank 36"
7 48.0 1388.0 "product aisle 1 bloc 1 rank 61"
8 96.0 1531.0 "product aisle 2 bloc 1 rank 84"
9 240.0 183.0 "product aisle 5 bloc 0 rank 5"
10 192.0 1037.0 "product aisle 4 bloc 1 rank 8"
11 240.0 274.0 "product aisle 5 bloc 0 rank 19"
12 432.0 365.0 "product aisle 9 bloc 0 rank 33"
13 0.0 1102.0 "product aisle 0 bloc 1 rank 18"
14 288.0 482.0 "product aisle 6 bloc 0 rank 51"
15 336.0 1089.0 "product aisle 7 bloc 1 rank 16"
16 240.0 235.0 "product aisle 5 bloc 0 rank 13"
17 96.0 170.0 "product aisle 2 bloc 0 rank 4"
18 24.0 120.0 "intersection aisle 0 bloc 0 rank 0"
19 24.0 961.0 "intersection aisle 0 bloc 1 rank 1"
20 24.0 1802.0 "intersection aisle 0 bloc 2 rank 2"
21 72.0 120.0 "intersection aisle 1 bloc 0 rank 0"
22 72.0 961.0 "intersection aisle 1 bloc 1 rank 1"
23 72.0 1802.0 "intersection aisle 1 bloc 2 rank 2"
24 120.0 120.0 "intersection aisle 2 bloc 0 rank 0"
25 120.0 961.0 "intersection aisle 2 bloc 1 rank 1"
26 120.0 1802.0 "intersection aisle 2 bloc 2 rank 2"
27 168.0 120.0 "intersection aisle 3 bloc 0 rank 0"
28 168.0 961.0 "intersection aisle 3 bloc 1 rank 1"
29 168.0 1802.0 "intersection aisle 3 bloc 2 rank 2"
30 216.0 120.0 "intersection aisle 4 bloc 0 rank 0"
31 216.0 961.0 "intersection aisle 4 bloc 1 rank 1"
32 216.0 1802.0 "intersection aisle 4 bloc 2 rank 2"
33 264.0 120.0 "intersection aisle 5 bloc 0 rank 0"
34 264.0 961.0 "intersection aisle 5 bloc 1 rank 1"
35 264.0 1802.0 "intersection aisle 5 bloc 2 rank 2"
36 312.0 120.0 "intersection aisle 6 bloc 0 rank 0"
37 312.0 961.0 "intersection aisle 6 bloc 1 rank 1"
38 312.0 1802.0 "intersection aisle 6 bloc 2 rank 2"
39 360.0 120.0 "intersection aisle 7 bloc 0 rank 0"
40 360.0 961.0 "intersection aisle 7 bloc 1 rank 1"
41 360.0 1802.0 "intersection aisle 7 bloc 2 rank 2"
42 408.0 120.0 "intersection aisle 8 bloc 0 rank 0"
43 408.0 961.0 "intersection aisle 8 bloc 1 rank 1"
44 408.0 1802.0 "intersection aisle 8 bloc 2 rank 2"
45 456.0 120.0 "intersection aisle 9 bloc 0 rank 0"
46 456.0 961.0 "intersection aisle 9 bloc 1 rank 1"
47 456.0 1802.0 "intersection aisle 9 bloc 2 rank 2"
48 504.0 120.0 "intersection aisle 10 bloc 0 rank 0"
49 504.0 961.0 "intersection aisle 10 bloc 1 rank 1"
50 504.0 1802.0 "intersection aisle 10 bloc 2 rank 2"
51 552.0 120.0 "intersection aisle 11 bloc 0 rank 0"
52 552.0 961.0 "intersection aisle 11 bloc 1 rank 1"
53 552.0 1802.0 "intersection aisle 11 bloc 2 rank 2"
54 0.0 0.0 "depot"
