//alpha
1
//NbLocations
82
//NbProducts
27
//NbPickers
2
//CapaPicker
8
//TimeToTravelOneDistanceUnit
3
//SetupTime
5400
//PickTime
300
//Products
//Idx Location Size
1 1 1
2 2 1
3 3 1
4 4 1
5 5 1
6 6 1
7 7 1
8 8 1
9 9 1
10 10 1
11 11 1
12 12 1
13 13 1
14 14 1
15 15 1
16 16 1
17 17 1
18 18 1
19 19 1
20 20 1
21 21 1
22 22 1
23 23 1
24 24 1
25 25 1
26 26 1
27 27 1
//Orders
//NbOrders
12
//Idx DueDate TardinessPenalty NbProdInOrder ProdIdx1 Qty1 ProdIdx2 Qty2 ...
1 54000 0 1 1 1
2 90000 0 2 2 1 3 1
3 90000 0 2 4 1 5 1
4 108000 0 1 6 1
5 126000 0 6 7 1 8 1 9 1 10 1 11 1 12 1
6 72000 0 1 13 1
7 54000 0 4 14 1 15 1 16 1 17 1
8 72000 0 4 18 1 19 1 20 1 21 1
9 36000 0 3 22 1 23 1 24 1
10 54000 0 1 25 1
11 90000 0 1 26 1
12 54000 0 1 27 1
//Graph (Products are vertices indexed from 1 to NbProducts)
//NbVerticesIntersections
54
//DepartingDepot
0
//ArrivalDepot
82
//Arcs
//Start End Distance
0 28 120
1 29 180
1 30 1051
2 40 362
2 41 869
3 7 195
3 56 843
4 62 167
4 63 1064
5 22 52
5 41 50
6 20 338
6 26 507
7 3 195
7 55 193
8 31 167
8 32 1064
9 25 299
9 61 50
10 16 143
10 22 26
11 32 531
11 33 700
12 38 1038
12 39 193
13 70 37
13 71 1194
14 15 52
14 57 1142
15 14 52
15 56 37
16 10 143
16 42 960
17 44 206
17 45 1025
18 43 375
18 44 856
19 64 115
19 65 1116
20 6 338
20 47 102
21 67 128
21 68 1103
22 5 52
22 10 26
23 59 1155
23 60 76
24 46 440
24 47 791
25 9 299
25 62 882
26 6 507
26 48 284
27 37 167
27 38 1064
28 29 1231
28 31 48
28 82 120
29 1 180
29 28 1231
29 32 48
30 1 1051
30 33 48
31 8 167
31 28 48
31 34 48
32 8 1064
32 11 531
32 29 48
32 35 48
33 11 700
33 30 48
33 36 48
34 31 48
34 35 1231
34 37 48
35 32 48
35 34 1231
35 36 1231
35 38 48
36 33 48
36 35 1231
36 39 48
37 27 167
37 34 48
37 40 48
38 12 1038
38 27 1064
38 35 48
38 41 48
39 12 193
39 36 48
39 42 48
40 2 362
40 37 48
40 43 48
41 2 869
41 5 50
41 38 48
41 44 48
42 16 960
42 39 48
42 45 48
43 18 375
43 40 48
43 46 48
44 17 206
44 18 856
44 41 48
44 47 48
45 17 1025
45 42 48
45 48 48
46 24 440
46 43 48
46 49 48
47 20 102
47 24 791
47 44 48
47 50 48
48 26 284
48 45 48
48 51 48
49 46 48
49 50 1231
49 52 48
50 47 48
50 49 1231
50 51 1231
50 53 48
51 48 48
51 50 1231
51 54 48
52 49 48
52 53 1231
52 55 48
53 50 48
53 52 1231
53 54 1231
53 56 48
54 51 48
54 53 1231
54 57 48
55 7 193
55 52 48
55 58 48
56 3 843
56 15 37
56 53 48
56 59 48
57 14 1142
57 54 48
57 60 48
58 55 48
58 59 1231
58 61 48
59 23 1155
59 56 48
59 58 1231
59 62 48
60 23 76
60 57 48
60 63 48
61 9 50
61 58 48
61 64 48
62 4 167
62 25 882
62 59 48
62 65 48
63 4 1064
63 60 48
63 66 48
64 19 115
64 61 48
64 67 48
65 19 1116
65 62 48
65 66 1231
65 68 48
66 63 48
66 65 1231
66 69 48
67 21 128
67 64 48
67 70 48
68 21 1103
68 65 48
68 69 1231
68 71 48
69 66 48
69 68 1231
69 72 48
70 13 37
70 67 48
70 73 48
71 13 1194
71 68 48
71 72 1231
71 74 48
72 69 48
72 71 1231
72 75 48
73 70 48
73 74 1231
73 76 48
74 71 48
74 73 1231
74 75 1231
74 77 48
75 72 48
75 74 1231
75 78 48
76 73 48
76 77 1231
76 79 48
77 74 48
77 76 1231
77 78 1231
77 80 48
78 75 48
78 77 1231
78 81 48
79 76 48
79 80 1231
80 77 48
80 79 1231
80 81 1231
81 78 48
81 80 1231
//LocStart LocEnd ShortestPath
0 0 0
0 1 1531
0 2 674
0 3 940
0 4 2046
0 5 1593
0 6 2079
0 7 745
0 8 335
0 9 698
0 10 1671
0 11 1930
0 12 2533
0 13 829
0 14 1872
0 15 1820
0 16 1814
0 17 1797
0 18 735
0 19 811
0 20 1741
0 21 872
0 22 1645
0 23 2986
0 24 848
0 25 997
0 26 2586
0 27 431
0 28 120
0 29 1351
0 30 2582
0 31 168
0 32 1399
0 33 2630
0 34 216
0 35 1447
0 36 2678
0 37 264
0 38 1495
0 39 2726
0 40 312
0 41 1543
0 42 2774
0 43 360
0 44 1591
0 45 2822
0 46 408
0 47 1639
0 48 2870
0 49 456
0 50 1687
0 51 2918
0 52 504
0 53 1735
0 54 2966
0 55 552
0 56 1783
0 57 3014
0 58 600
0 59 1831
0 60 3062
0 61 648
0 62 1879
0 63 3110
0 64 696
0 65 1927
0 66 3158
0 67 744
0 68 1975
0 69 3206
0 70 792
0 71 2023
0 72 3254
0 73 840
0 74 2071
0 75 3302
0 76 888
0 77 2119
0 78 3350
0 79 936
0 80 2167
0 81 3398
0 82 0
1 0 1531
1 1 0
1 2 1241
1 3 1455
1 4 875
1 5 422
1 6 908
1 7 1650
1 8 1292
1 9 1889
1 10 500
1 11 759
1 12 1362
1 13 2046
1 14 701
1 15 649
1 16 643
1 17 626
1 18 1276
1 19 1872
1 20 570
1 21 1907
1 22 474
1 23 1607
1 24 1259
1 25 1590
1 26 1415
1 27 1388
1 28 1411
1 29 180
1 30 1051
1 31 1459
1 32 228
1 33 1099
1 34 1507
1 35 276
1 36 1147
1 37 1555
1 38 324
1 39 1195
1 40 1603
1 41 372
1 42 1243
1 43 1651
1 44 420
1 45 1291
1 46 1699
1 47 468
1 48 1339
1 49 1747
1 50 516
1 51 1387
1 52 1795
1 53 564
1 54 1435
1 55 1843
1 56 612
1 57 1483
1 58 1891
1 59 660
1 60 1531
1 61 1939
1 62 708
1 63 1579
1 64 1987
1 65 756
1 66 1627
1 67 2035
1 68 804
1 69 1675
1 70 2083
1 71 852
1 72 1723
1 73 2131
1 74 900
1 75 1771
1 76 2179
1 77 948
1 78 1819
1 79 2227
1 80 996
1 81 1867
1 82 1531
2 0 674
2 1 1241
2 2 0
2 3 990
2 4 1372
2 5 919
2 6 1405
2 7 795
2 8 673
2 9 748
2 10 997
2 11 1544
2 12 1955
2 13 879
2 14 1198
2 15 1146
2 16 1140
2 17 1123
2 18 785
2 19 861
2 20 1067
2 21 922
2 22 971
2 23 2312
2 24 898
2 25 1047
2 26 1912
2 27 577
2 28 554
2 29 1061
2 30 2292
2 31 506
2 32 1013
2 33 2244
2 34 458
2 35 965
2 36 2196
2 37 410
2 38 917
2 39 2148
2 40 362
2 41 869
2 42 2100
2 43 410
2 44 917
2 45 2148
2 46 458
2 47 965
2 48 2196
2 49 506
2 50 1013
2 51 2244
2 52 554
2 53 1061
2 54 2292
2 55 602
2 56 1109
2 57 2340
2 58 650
2 59 1157
2 60 2388
2 61 698
2 62 1205
2 63 2436
2 64 746
2 65 1253
2 66 2484
2 67 794
2 68 1301
2 69 2532
2 70 842
2 71 1349
2 72 2580
2 73 890
2 74 1397
2 75 2628
2 76 938
2 77 1445
2 78 2676
2 79 986
2 80 1493
2 81 2724
2 82 674
3 0 940
3 1 1455
3 2 990
3 3 0
3 4 1106
3 5 1133
3 6 1427
3 7 195
3 8 939
3 9 534
3 10 1211
3 11 1758
3 12 2169
3 13 665
3 14 932
3 15 880
3 16 1354
3 17 1241
3 18 955
3 19 647
3 20 1089
3 21 708
3 22 1185
3 23 2046
3 24 972
3 25 833
3 26 1934
3 27 843
3 28 820
3 29 1275
3 30 2506
3 31 772
3 32 1227
3 33 2458
3 34 724
3 35 1179
3 36 2410
3 37 676
3 38 1131
3 39 2362
3 40 628
3 41 1083
3 42 2314
3 43 580
3 44 1035
3 45 2266
3 46 532
3 47 987
3 48 2218
3 49 484
3 50 939
3 51 2170
3 52 436
3 53 891
3 54 2122
3 55 388
3 56 843
3 57 2074
3 58 436
3 59 891
3 60 2122
3 61 484
3 62 939
3 63 2170
3 64 532
3 65 987
3 66 2218
3 67 580
3 68 1035
3 69 2266
3 70 628
3 71 1083
3 72 2314
3 73 676
3 74 1131
3 75 2362
3 76 724
3 77 1179
3 78 2410
3 79 772
3 80 1227
3 81 2458
3 82 940
4 0 2046
4 1 875
4 2 1372
4 3 1106
4 4 0
4 5 553
4 6 847
4 7 1301
4 8 1711
4 9 1348
4 10 631
4 11 1178
4 12 1589
4 13 1505
4 14 352
4 15 300
4 16 774
4 17 661
4 18 1311
4 19 1331
4 20 509
4 21 1366
4 22 605
4 23 1188
4 24 1198
4 25 1049
4 26 1354
4 27 1615
4 28 1926
4 29 695
4 30 1592
4 31 1878
4 32 647
4 33 1544
4 34 1830
4 35 599
4 36 1496
4 37 1782
4 38 551
4 39 1448
4 40 1734
4 41 503
4 42 1400
4 43 1686
4 44 455
4 45 1352
4 46 1638
4 47 407
4 48 1304
4 49 1590
4 50 359
4 51 1256
4 52 1542
4 53 311
4 54 1208
4 55 1494
4 56 263
4 57 1160
4 58 1446
4 59 215
4 60 1112
4 61 1398
4 62 167
4 63 1064
4 64 1446
4 65 215
4 66 1112
4 67 1494
4 68 263
4 69 1160
4 70 1542
4 71 311
4 72 1208
4 73 1590
4 74 359
4 75 1256
4 76 1638
4 77 407
4 78 1304
4 79 1686
4 80 455
4 81 1352
4 82 2046
5 0 1593
5 1 422
5 2 919
5 3 1133
5 4 553
5 5 0
5 6 586
5 7 1328
5 8 1258
5 9 1567
5 10 78
5 11 725
5 12 1136
5 13 1724
5 14 379
5 15 327
5 16 221
5 17 304
5 18 954
5 19 1550
5 20 248
5 21 1585
5 22 52
5 23 1493
5 24 937
5 25 1268
5 26 1093
5 27 1162
5 28 1473
5 29 242
5 30 1373
5 31 1425
5 32 194
5 33 1325
5 34 1377
5 35 146
5 36 1277
5 37 1329
5 38 98
5 39 1229
5 40 1281
5 41 50
5 42 1181
5 43 1329
5 44 98
5 45 1229
5 46 1377
5 47 146
5 48 1277
5 49 1425
5 50 194
5 51 1325
5 52 1473
5 53 242
5 54 1373
5 55 1521
5 56 290
5 57 1421
5 58 1569
5 59 338
5 60 1469
5 61 1617
5 62 386
5 63 1517
5 64 1665
5 65 434
5 66 1565
5 67 1713
5 68 482
5 69 1613
5 70 1761
5 71 530
5 72 1661
5 73 1809
5 74 578
5 75 1709
5 76 1857
5 77 626
5 78 1757
5 79 1905
5 80 674
5 81 1805
5 82 1593
6 0 2079
6 1 908
6 2 1405
6 3 1427
6 4 847
6 5 586
6 6 0
6 7 1622
6 8 1744
6 9 1861
6 10 664
6 11 1211
6 12 1128
6 13 2018
6 14 673
6 15 621
6 16 807
6 17 694
6 18 1344
6 19 1844
6 20 338
6 21 1879
6 22 638
6 23 1059
6 24 1231
6 25 1562
6 26 507
6 27 1648
6 28 1959
6 29 728
6 30 1079
6 31 1911
6 32 680
6 33 1031
6 34 1863
6 35 632
6 36 983
6 37 1815
6 38 584
6 39 935
6 40 1767
6 41 536
6 42 887
6 43 1719
6 44 488
6 45 839
6 46 1671
6 47 440
6 48 791
6 49 1719
6 50 488
6 51 839
6 52 1767
6 53 536
6 54 887
6 55 1815
6 56 584
6 57 935
6 58 1863
6 59 632
6 60 983
6 61 1911
6 62 680
6 63 1031
6 64 1959
6 65 728
6 66 1079
6 67 2007
6 68 776
6 69 1127
6 70 2055
6 71 824
6 72 1175
6 73 2103
6 74 872
6 75 1223
6 76 2151
6 77 920
6 78 1271
6 79 2199
6 80 968
6 81 1319
6 82 2079
7 0 745
7 1 1650
7 2 795
7 3 195
7 4 1301
7 5 1328
7 6 1622
7 7 0
7 8 744
7 9 339
7 10 1406
7 11 1953
7 12 2364
7 13 470
7 14 1127
7 15 1075
7 16 1549
7 17 1436
7 18 760
7 19 452
7 20 1284
7 21 513
7 22 1380
7 23 2241
7 24 777
7 25 638
7 26 2129
7 27 648
7 28 625
7 29 1470
7 30 2701
7 31 577
7 32 1422
7 33 2653
7 34 529
7 35 1374
7 36 2605
7 37 481
7 38 1326
7 39 2557
7 40 433
7 41 1278
7 42 2509
7 43 385
7 44 1230
7 45 2461
7 46 337
7 47 1182
7 48 2413
7 49 289
7 50 1134
7 51 2365
7 52 241
7 53 1086
7 54 2317
7 55 193
7 56 1038
7 57 2269
7 58 241
7 59 1086
7 60 2317
7 61 289
7 62 1134
7 63 2365
7 64 337
7 65 1182
7 66 2413
7 67 385
7 68 1230
7 69 2461
7 70 433
7 71 1278
7 72 2509
7 73 481
7 74 1326
7 75 2557
7 76 529
7 77 1374
7 78 2605
7 79 577
7 80 1422
7 81 2653
7 82 745
8 0 335
8 1 1292
8 2 673
8 3 939
8 4 1711
8 5 1258
8 6 1744
8 7 744
8 8 0
8 9 697
8 10 1336
8 11 1595
8 12 2198
8 13 828
8 14 1537
8 15 1485
8 16 1479
8 17 1462
8 18 734
8 19 810
8 20 1406
8 21 871
8 22 1310
8 23 2651
8 24 847
8 25 996
8 26 2251
8 27 430
8 28 215
8 29 1112
8 30 2343
8 31 167
8 32 1064
8 33 2295
8 34 215
8 35 1112
8 36 2343
8 37 263
8 38 1160
8 39 2391
8 40 311
8 41 1208
8 42 2439
8 43 359
8 44 1256
8 45 2487
8 46 407
8 47 1304
8 48 2535
8 49 455
8 50 1352
8 51 2583
8 52 503
8 53 1400
8 54 2631
8 55 551
8 56 1448
8 57 2679
8 58 599
8 59 1496
8 60 2727
8 61 647
8 62 1544
8 63 2775
8 64 695
8 65 1592
8 66 2823
8 67 743
8 68 1640
8 69 2871
8 70 791
8 71 1688
8 72 2919
8 73 839
8 74 1736
8 75 2967
8 76 887
8 77 1784
8 78 3015
8 79 935
8 80 1832
8 81 3063
8 82 335
9 0 698
9 1 1889
9 2 748
9 3 534
9 4 1348
9 5 1567
9 6 1861
9 7 339
9 8 697
9 9 0
9 10 1645
9 11 2192
9 12 2603
9 13 231
9 14 1366
9 15 1314
9 16 1788
9 17 1675
9 18 713
9 19 213
9 20 1523
9 21 274
9 22 1619
9 23 2384
9 24 730
9 25 299
9 26 2368
9 27 601
9 28 578
9 29 1709
9 30 2940
9 31 530
9 32 1661
9 33 2892
9 34 482
9 35 1613
9 36 2844
9 37 434
9 38 1565
9 39 2796
9 40 386
9 41 1517
9 42 2748
9 43 338
9 44 1469
9 45 2700
9 46 290
9 47 1421
9 48 2652
9 49 242
9 50 1373
9 51 2604
9 52 194
9 53 1325
9 54 2556
9 55 146
9 56 1277
9 57 2508
9 58 98
9 59 1229
9 60 2460
9 61 50
9 62 1181
9 63 2412
9 64 98
9 65 1229
9 66 2460
9 67 146
9 68 1277
9 69 2508
9 70 194
9 71 1325
9 72 2556
9 73 242
9 74 1373
9 75 2604
9 76 290
9 77 1421
9 78 2652
9 79 338
9 80 1469
9 81 2700
9 82 698
10 0 1671
10 1 500
10 2 997
10 3 1211
10 4 631
10 5 78
10 6 664
10 7 1406
10 8 1336
10 9 1645
10 10 0
10 11 803
10 12 1214
10 13 1802
10 14 457
10 15 405
10 16 143
10 17 382
10 18 1032
10 19 1628
10 20 326
10 21 1663
10 22 26
10 23 1467
10 24 1015
10 25 1346
10 26 1171
10 27 1240
10 28 1551
10 29 320
10 30 1295
10 31 1503
10 32 272
10 33 1247
10 34 1455
10 35 224
10 36 1199
10 37 1407
10 38 176
10 39 1151
10 40 1359
10 41 128
10 42 1103
10 43 1407
10 44 176
10 45 1151
10 46 1455
10 47 224
10 48 1199
10 49 1503
10 50 272
10 51 1247
10 52 1551
10 53 320
10 54 1295
10 55 1599
10 56 368
10 57 1343
10 58 1647
10 59 416
10 60 1391
10 61 1695
10 62 464
10 63 1439
10 64 1743
10 65 512
10 66 1487
10 67 1791
10 68 560
10 69 1535
10 70 1839
10 71 608
10 72 1583
10 73 1887
10 74 656
10 75 1631
10 76 1935
10 77 704
10 78 1679
10 79 1983
10 80 752
10 81 1727
10 82 1671
11 0 1930
11 1 759
11 2 1544
11 3 1758
11 4 1178
11 5 725
11 6 1211
11 7 1953
11 8 1595
11 9 2192
11 10 803
11 11 0
11 12 989
11 13 2349
11 14 1004
11 15 952
11 16 946
11 17 929
11 18 1579
11 19 2175
11 20 873
11 21 2210
11 22 777
11 23 1208
11 24 1562
11 25 1893
11 26 1224
11 27 1691
11 28 1810
11 29 579
11 30 748
11 31 1762
11 32 531
11 33 700
11 34 1810
11 35 579
11 36 748
11 37 1858
11 38 627
11 39 796
11 40 1906
11 41 675
11 42 844
11 43 1954
11 44 723
11 45 892
11 46 2002
11 47 771
11 48 940
11 49 2050
11 50 819
11 51 988
11 52 2098
11 53 867
11 54 1036
11 55 2146
11 56 915
11 57 1084
11 58 2194
11 59 963
11 60 1132
11 61 2242
11 62 1011
11 63 1180
11 64 2290
11 65 1059
11 66 1228
11 67 2338
11 68 1107
11 69 1276
11 70 2386
11 71 1155
11 72 1324
11 73 2434
11 74 1203
11 75 1372
11 76 2482
11 77 1251
11 78 1420
11 79 2530
11 80 1299
11 81 1468
11 82 1930
12 0 2533
12 1 1362
12 2 1955
12 3 2169
12 4 1589
12 5 1136
12 6 1128
12 7 2364
12 8 2198
12 9 2603
12 10 1214
12 11 989
12 12 0
12 13 2760
12 14 1415
12 15 1363
12 16 1201
12 17 1314
12 18 1990
12 19 2586
12 20 1284
12 21 2621
12 22 1188
12 23 605
12 24 1973
12 25 2304
12 26 621
12 27 2102
12 28 2413
12 29 1182
12 30 337
12 31 2365
12 32 1134
12 33 289
12 34 2317
12 35 1086
12 36 241
12 37 2269
12 38 1038
12 39 193
12 40 2317
12 41 1086
12 42 241
12 43 2365
12 44 1134
12 45 289
12 46 2413
12 47 1182
12 48 337
12 49 2461
12 50 1230
12 51 385
12 52 2509
12 53 1278
12 54 433
12 55 2557
12 56 1326
12 57 481
12 58 2605
12 59 1374
12 60 529
12 61 2653
12 62 1422
12 63 577
12 64 2701
12 65 1470
12 66 625
12 67 2749
12 68 1518
12 69 673
12 70 2797
12 71 1566
12 72 721
12 73 2845
12 74 1614
12 75 769
12 76 2893
12 77 1662
12 78 817
12 79 2941
12 80 1710
12 81 865
12 82 2533
13 0 829
13 1 2046
13 2 879
13 3 665
13 4 1505
13 5 1724
13 6 2018
13 7 470
13 8 828
13 9 231
13 10 1802
13 11 2349
13 12 2760
13 13 0
13 14 1523
13 15 1471
13 16 1945
13 17 1832
13 18 844
13 19 248
13 20 1680
13 21 213
13 22 1776
13 23 2541
13 24 861
13 25 530
13 26 2525
13 27 732
13 28 709
13 29 1866
13 30 3097
13 31 661
13 32 1818
13 33 3049
13 34 613
13 35 1770
13 36 3001
13 37 565
13 38 1722
13 39 2953
13 40 517
13 41 1674
13 42 2905
13 43 469
13 44 1626
13 45 2857
13 46 421
13 47 1578
13 48 2809
13 49 373
13 50 1530
13 51 2761
13 52 325
13 53 1482
13 54 2713
13 55 277
13 56 1434
13 57 2665
13 58 229
13 59 1386
13 60 2617
13 61 181
13 62 1338
13 63 2569
13 64 133
13 65 1290
13 66 2521
13 67 85
13 68 1242
13 69 2473
13 70 37
13 71 1194
13 72 2425
13 73 85
13 74 1242
13 75 2473
13 76 133
13 77 1290
13 78 2521
13 79 181
13 80 1338
13 81 2569
13 82 829
14 0 1872
14 1 701
14 2 1198
14 3 932
14 4 352
14 5 379
14 6 673
14 7 1127
14 8 1537
14 9 1366
14 10 457
14 11 1004
14 12 1415
14 13 1523
14 14 0
14 15 52
14 16 600
14 17 487
14 18 1137
14 19 1349
14 20 335
14 21 1384
14 22 431
14 23 1266
14 24 1024
14 25 1067
14 26 1180
14 27 1441
14 28 1752
14 29 521
14 30 1574
14 31 1704
14 32 473
14 33 1526
14 34 1656
14 35 425
14 36 1478
14 37 1608
14 38 377
14 39 1430
14 40 1560
14 41 329
14 42 1382
14 43 1512
14 44 281
14 45 1334
14 46 1464
14 47 233
14 48 1286
14 49 1416
14 50 185
14 51 1238
14 52 1368
14 53 137
14 54 1190
14 55 1320
14 56 89
14 57 1142
14 58 1368
14 59 137
14 60 1190
14 61 1416
14 62 185
14 63 1238
14 64 1464
14 65 233
14 66 1286
14 67 1512
14 68 281
14 69 1334
14 70 1560
14 71 329
14 72 1382
14 73 1608
14 74 377
14 75 1430
14 76 1656
14 77 425
14 78 1478
14 79 1704
14 80 473
14 81 1526
14 82 1872
15 0 1820
15 1 649
15 2 1146
15 3 880
15 4 300
15 5 327
15 6 621
15 7 1075
15 8 1485
15 9 1314
15 10 405
15 11 952
15 12 1363
15 13 1471
15 14 52
15 15 0
15 16 548
15 17 435
15 18 1085
15 19 1297
15 20 283
15 21 1332
15 22 379
15 23 1240
15 24 972
15 25 1015
15 26 1128
15 27 1389
15 28 1700
15 29 469
15 30 1626
15 31 1652
15 32 421
15 33 1578
15 34 1604
15 35 373
15 36 1530
15 37 1556
15 38 325
15 39 1482
15 40 1508
15 41 277
15 42 1434
15 43 1460
15 44 229
15 45 1386
15 46 1412
15 47 181
15 48 1338
15 49 1364
15 50 133
15 51 1290
15 52 1316
15 53 85
15 54 1242
15 55 1268
15 56 37
15 57 1194
15 58 1316
15 59 85
15 60 1242
15 61 1364
15 62 133
15 63 1290
15 64 1412
15 65 181
15 66 1338
15 67 1460
15 68 229
15 69 1386
15 70 1508
15 71 277
15 72 1434
15 73 1556
15 74 325
15 75 1482
15 76 1604
15 77 373
15 78 1530
15 79 1652
15 80 421
15 81 1578
15 82 1820
16 0 1814
16 1 643
16 2 1140
16 3 1354
16 4 774
16 5 221
16 6 807
16 7 1549
16 8 1479
16 9 1788
16 10 143
16 11 946
16 12 1201
16 13 1945
16 14 600
16 15 548
16 16 0
16 17 525
16 18 1175
16 19 1771
16 20 469
16 21 1806
16 22 169
16 23 1324
16 24 1158
16 25 1489
16 26 1314
16 27 1383
16 28 1694
16 29 463
16 30 1152
16 31 1646
16 32 415
16 33 1104
16 34 1598
16 35 367
16 36 1056
16 37 1550
16 38 319
16 39 1008
16 40 1502
16 41 271
16 42 960
16 43 1550
16 44 319
16 45 1008
16 46 1598
16 47 367
16 48 1056
16 49 1646
16 50 415
16 51 1104
16 52 1694
16 53 463
16 54 1152
16 55 1742
16 56 511
16 57 1200
16 58 1790
16 59 559
16 60 1248
16 61 1838
16 62 607
16 63 1296
16 64 1886
16 65 655
16 66 1344
16 67 1934
16 68 703
16 69 1392
16 70 1982
16 71 751
16 72 1440
16 73 2030
16 74 799
16 75 1488
16 76 2078
16 77 847
16 78 1536
16 79 2126
16 80 895
16 81 1584
16 82 1814
17 0 1797
17 1 626
17 2 1123
17 3 1241
17 4 661
17 5 304
17 6 694
17 7 1436
17 8 1462
17 9 1675
17 10 382
17 11 929
17 12 1314
17 13 1832
17 14 487
17 15 435
17 16 525
17 17 0
17 18 1062
17 19 1658
17 20 356
17 21 1693
17 22 356
17 23 1341
17 24 1045
17 25 1376
17 26 1201
17 27 1366
17 28 1677
17 29 446
17 30 1265
17 31 1629
17 32 398
17 33 1217
17 34 1581
17 35 350
17 36 1169
17 37 1533
17 38 302
17 39 1121
17 40 1485
17 41 254
17 42 1073
17 43 1437
17 44 206
17 45 1025
17 46 1485
17 47 254
17 48 1073
17 49 1533
17 50 302
17 51 1121
17 52 1581
17 53 350
17 54 1169
17 55 1629
17 56 398
17 57 1217
17 58 1677
17 59 446
17 60 1265
17 61 1725
17 62 494
17 63 1313
17 64 1773
17 65 542
17 66 1361
17 67 1821
17 68 590
17 69 1409
17 70 1869
17 71 638
17 72 1457
17 73 1917
17 74 686
17 75 1505
17 76 1965
17 77 734
17 78 1553
17 79 2013
17 80 782
17 81 1601
17 82 1797
18 0 735
18 1 1276
18 2 785
18 3 955
18 4 1311
18 5 954
18 6 1344
18 7 760
18 8 734
18 9 713
18 10 1032
18 11 1579
18 12 1990
18 13 844
18 14 1137
18 15 1085
18 16 1175
18 17 1062
18 18 0
18 19 826
18 20 1006
18 21 887
18 22 1006
18 23 2251
18 24 863
18 25 1012
18 26 1851
18 27 638
18 28 615
18 29 1096
18 30 2327
18 31 567
18 32 1048
18 33 2279
18 34 519
18 35 1000
18 36 2231
18 37 471
18 38 952
18 39 2183
18 40 423
18 41 904
18 42 2135
18 43 375
18 44 856
18 45 2087
18 46 423
18 47 904
18 48 2135
18 49 471
18 50 952
18 51 2183
18 52 519
18 53 1000
18 54 2231
18 55 567
18 56 1048
18 57 2279
18 58 615
18 59 1096
18 60 2327
18 61 663
18 62 1144
18 63 2375
18 64 711
18 65 1192
18 66 2423
18 67 759
18 68 1240
18 69 2471
18 70 807
18 71 1288
18 72 2519
18 73 855
18 74 1336
18 75 2567
18 76 903
18 77 1384
18 78 2615
18 79 951
18 80 1432
18 81 2663
18 82 735
19 0 811
19 1 1872
19 2 861
19 3 647
19 4 1331
19 5 1550
19 6 1844
19 7 452
19 8 810
19 9 213
19 10 1628
19 11 2175
19 12 2586
19 13 248
19 14 1349
19 15 1297
19 16 1771
19 17 1658
19 18 826
19 19 0
19 20 1506
19 21 291
19 22 1602
19 23 2367
19 24 843
19 25 512
19 26 2351
19 27 714
19 28 691
19 29 1692
19 30 2923
19 31 643
19 32 1644
19 33 2875
19 34 595
19 35 1596
19 36 2827
19 37 547
19 38 1548
19 39 2779
19 40 499
19 41 1500
19 42 2731
19 43 451
19 44 1452
19 45 2683
19 46 403
19 47 1404
19 48 2635
19 49 355
19 50 1356
19 51 2587
19 52 307
19 53 1308
19 54 2539
19 55 259
19 56 1260
19 57 2491
19 58 211
19 59 1212
19 60 2443
19 61 163
19 62 1164
19 63 2395
19 64 115
19 65 1116
19 66 2347
19 67 163
19 68 1164
19 69 2395
19 70 211
19 71 1212
19 72 2443
19 73 259
19 74 1260
19 75 2491
19 76 307
19 77 1308
19 78 2539
19 79 355
19 80 1356
19 81 2587
19 82 811
20 0 1741
20 1 570
20 2 1067
20 3 1089
20 4 509
20 5 248
20 6 338
20 7 1284
20 8 1406
20 9 1523
20 10 326
20 11 873
20 12 1284
20 13 1680
20 14 335
20 15 283
20 16 469
20 17 356
20 18 1006
20 19 1506
20 20 0
20 21 1541
20 22 300
20 23 1397
20 24 893
20 25 1224
20 26 845
20 27 1310
20 28 1621
20 29 390
20 30 1417
20 31 1573
20 32 342
20 33 1369
20 34 1525
20 35 294
20 36 1321
20 37 1477
20 38 246
20 39 1273
20 40 1429
20 41 198
20 42 1225
20 43 1381
20 44 150
20 45 1177
20 46 1333
20 47 102
20 48 1129
20 49 1381
20 50 150
20 51 1177
20 52 1429
20 53 198
20 54 1225
20 55 1477
20 56 246
20 57 1273
20 58 1525
20 59 294
20 60 1321
20 61 1573
20 62 342
20 63 1369
20 64 1621
20 65 390
20 66 1417
20 67 1669
20 68 438
20 69 1465
20 70 1717
20 71 486
20 72 1513
20 73 1765
20 74 534
20 75 1561
20 76 1813
20 77 582
20 78 1609
20 79 1861
20 80 630
20 81 1657
20 82 1741
21 0 872
21 1 1907
21 2 922
21 3 708
21 4 1366
21 5 1585
21 6 1879
21 7 513
21 8 871
21 9 274
21 10 1663
21 11 2210
21 12 2621
21 13 213
21 14 1384
21 15 1332
21 16 1806
21 17 1693
21 18 887
21 19 291
21 20 1541
21 21 0
21 22 1637
21 23 2402
21 24 904
21 25 573
21 26 2386
21 27 775
21 28 752
21 29 1727
21 30 2958
21 31 704
21 32 1679
21 33 2910
21 34 656
21 35 1631
21 36 2862
21 37 608
21 38 1583
21 39 2814
21 40 560
21 41 1535
21 42 2766
21 43 512
21 44 1487
21 45 2718
21 46 464
21 47 1439
21 48 2670
21 49 416
21 50 1391
21 51 2622
21 52 368
21 53 1343
21 54 2574
21 55 320
21 56 1295
21 57 2526
21 58 272
21 59 1247
21 60 2478
21 61 224
21 62 1199
21 63 2430
21 64 176
21 65 1151
21 66 2382
21 67 128
21 68 1103
21 69 2334
21 70 176
21 71 1151
21 72 2382
21 73 224
21 74 1199
21 75 2430
21 76 272
21 77 1247
21 78 2478
21 79 320
21 80 1295
21 81 2526
21 82 872
22 0 1645
22 1 474
22 2 971
22 3 1185
22 4 605
22 5 52
22 6 638
22 7 1380
22 8 1310
22 9 1619
22 10 26
22 11 777
22 12 1188
22 13 1776
22 14 431
22 15 379
22 16 169
22 17 356
22 18 1006
22 19 1602
22 20 300
22 21 1637
22 22 0
22 23 1493
22 24 989
22 25 1320
22 26 1145
22 27 1214
22 28 1525
22 29 294
22 30 1321
22 31 1477
22 32 246
22 33 1273
22 34 1429
22 35 198
22 36 1225
22 37 1381
22 38 150
22 39 1177
22 40 1333
22 41 102
22 42 1129
22 43 1381
22 44 150
22 45 1177
22 46 1429
22 47 198
22 48 1225
22 49 1477
22 50 246
22 51 1273
22 52 1525
22 53 294
22 54 1321
22 55 1573
22 56 342
22 57 1369
22 58 1621
22 59 390
22 60 1417
22 61 1669
22 62 438
22 63 1465
22 64 1717
22 65 486
22 66 1513
22 67 1765
22 68 534
22 69 1561
22 70 1813
22 71 582
22 72 1609
22 73 1861
22 74 630
22 75 1657
22 76 1909
22 77 678
22 78 1705
22 79 1957
22 80 726
22 81 1753
22 82 1645
23 0 2986
23 1 1607
23 2 2312
23 3 2046
23 4 1188
23 5 1493
23 6 1059
23 7 2241
23 8 2651
23 9 2384
23 10 1467
23 11 1208
23 12 605
23 13 2541
23 14 1266
23 15 1240
23 16 1324
23 17 1341
23 18 2251
23 19 2367
23 20 1397
23 21 2402
23 22 1493
23 23 0
23 24 2138
23 25 2085
23 26 552
23 27 2555
23 28 2866
23 29 1635
23 30 556
23 31 2818
23 32 1587
23 33 508
23 34 2770
23 35 1539
23 36 460
23 37 2722
23 38 1491
23 39 412
23 40 2674
23 41 1443
23 42 364
23 43 2626
23 44 1395
23 45 316
23 46 2578
23 47 1347
23 48 268
23 49 2530
23 50 1299
23 51 220
23 52 2482
23 53 1251
23 54 172
23 55 2434
23 56 1203
23 57 124
23 58 2386
23 59 1155
23 60 76
23 61 2434
23 62 1203
23 63 124
23 64 2482
23 65 1251
23 66 172
23 67 2530
23 68 1299
23 69 220
23 70 2578
23 71 1347
23 72 268
23 73 2626
23 74 1395
23 75 316
23 76 2674
23 77 1443
23 78 364
23 79 2722
23 80 1491
23 81 412
23 82 2986
24 0 848
24 1 1259
24 2 898
24 3 972
24 4 1198
24 5 937
24 6 1231
24 7 777
24 8 847
24 9 730
24 10 1015
24 11 1562
24 12 1973
24 13 861
24 14 1024
24 15 972
24 16 1158
24 17 1045
24 18 863
24 19 843
24 20 893
24 21 904
24 22 989
24 23 2138
24 24 0
24 25 1029
24 26 1738
24 27 751
24 28 728
24 29 1079
24 30 2310
24 31 680
24 32 1031
24 33 2262
24 34 632
24 35 983
24 36 2214
24 37 584
24 38 935
24 39 2166
24 40 536
24 41 887
24 42 2118
24 43 488
24 44 839
24 45 2070
24 46 440
24 47 791
24 48 2022
24 49 488
24 50 839
24 51 2070
24 52 536
24 53 887
24 54 2118
24 55 584
24 56 935
24 57 2166
24 58 632
24 59 983
24 60 2214
24 61 680
24 62 1031
24 63 2262
24 64 728
24 65 1079
24 66 2310
24 67 776
24 68 1127
24 69 2358
24 70 824
24 71 1175
24 72 2406
24 73 872
24 74 1223
24 75 2454
24 76 920
24 77 1271
24 78 2502
24 79 968
24 80 1319
24 81 2550
24 82 848
25 0 997
25 1 1590
25 2 1047
25 3 833
25 4 1049
25 5 1268
25 6 1562
25 7 638
25 8 996
25 9 299
25 10 1346
25 11 1893
25 12 2304
25 13 530
25 14 1067
25 15 1015
25 16 1489
25 17 1376
25 18 1012
25 19 512
25 20 1224
25 21 573
25 22 1320
25 23 2085
25 24 1029
25 25 0
25 26 2069
25 27 900
25 28 877
25 29 1410
25 30 2641
25 31 829
25 32 1362
25 33 2593
25 34 781
25 35 1314
25 36 2545
25 37 733
25 38 1266
25 39 2497
25 40 685
25 41 1218
25 42 2449
25 43 637
25 44 1170
25 45 2401
25 46 589
25 47 1122
25 48 2353
25 49 541
25 50 1074
25 51 2305
25 52 493
25 53 1026
25 54 2257
25 55 445
25 56 978
25 57 2209
25 58 397
25 59 930
25 60 2161
25 61 349
25 62 882
25 63 2113
25 64 397
25 65 930
25 66 2161
25 67 445
25 68 978
25 69 2209
25 70 493
25 71 1026
25 72 2257
25 73 541
25 74 1074
25 75 2305
25 76 589
25 77 1122
25 78 2353
25 79 637
25 80 1170
25 81 2401
25 82 997
26 0 2586
26 1 1415
26 2 1912
26 3 1934
26 4 1354
26 5 1093
26 6 507
26 7 2129
26 8 2251
26 9 2368
26 10 1171
26 11 1224
26 12 621
26 13 2525
26 14 1180
26 15 1128
26 16 1314
26 17 1201
26 18 1851
26 19 2351
26 20 845
26 21 2386
26 22 1145
26 23 552
26 24 1738
26 25 2069
26 26 0
26 27 2155
26 28 2466
26 29 1235
26 30 572
26 31 2418
26 32 1187
26 33 524
26 34 2370
26 35 1139
26 36 476
26 37 2322
26 38 1091
26 39 428
26 40 2274
26 41 1043
26 42 380
26 43 2226
26 44 995
26 45 332
26 46 2178
26 47 947
26 48 284
26 49 2226
26 50 995
26 51 332
26 52 2274
26 53 1043
26 54 380
26 55 2322
26 56 1091
26 57 428
26 58 2370
26 59 1139
26 60 476
26 61 2418
26 62 1187
26 63 524
26 64 2466
26 65 1235
26 66 572
26 67 2514
26 68 1283
26 69 620
26 70 2562
26 71 1331
26 72 668
26 73 2610
26 74 1379
26 75 716
26 76 2658
26 77 1427
26 78 764
26 79 2706
26 80 1475
26 81 812
26 82 2586
27 0 431
27 1 1388
27 2 577
27 3 843
27 4 1615
27 5 1162
27 6 1648
27 7 648
27 8 430
27 9 601
27 10 1240
27 11 1691
27 12 2102
27 13 732
27 14 1441
27 15 1389
27 16 1383
27 17 1366
27 18 638
27 19 714
27 20 1310
27 21 775
27 22 1214
27 23 2555
27 24 751
27 25 900
27 26 2155
27 27 0
27 28 311
27 29 1208
27 30 2439
27 31 263
27 32 1160
27 33 2391
27 34 215
27 35 1112
27 36 2343
27 37 167
27 38 1064
27 39 2295
27 40 215
27 41 1112
27 42 2343
27 43 263
27 44 1160
27 45 2391
27 46 311
27 47 1208
27 48 2439
27 49 359
27 50 1256
27 51 2487
27 52 407
27 53 1304
27 54 2535
27 55 455
27 56 1352
27 57 2583
27 58 503
27 59 1400
27 60 2631
27 61 551
27 62 1448
27 63 2679
27 64 599
27 65 1496
27 66 2727
27 67 647
27 68 1544
27 69 2775
27 70 695
27 71 1592
27 72 2823
27 73 743
27 74 1640
27 75 2871
27 76 791
27 77 1688
27 78 2919
27 79 839
27 80 1736
27 81 2967
27 82 431
28 0 120
28 1 1411
28 2 554
28 3 820
28 4 1926
28 5 1473
28 6 1959
28 7 625
28 8 215
28 9 578
28 10 1551
28 11 1810
28 12 2413
28 13 709
28 14 1752
28 15 1700
28 16 1694
28 17 1677
28 18 615
28 19 691
28 20 1621
28 21 752
28 22 1525
28 23 2866
28 24 728
28 25 877
28 26 2466
28 27 311
28 28 0
28 29 1231
28 30 2462
28 31 48
28 32 1279
28 33 2510
28 34 96
28 35 1327
28 36 2558
28 37 144
28 38 1375
28 39 2606
28 40 192
28 41 1423
28 42 2654
28 43 240
28 44 1471
28 45 2702
28 46 288
28 47 1519
28 48 2750
28 49 336
28 50 1567
28 51 2798
28 52 384
28 53 1615
28 54 2846
28 55 432
28 56 1663
28 57 2894
28 58 480
28 59 1711
28 60 2942
28 61 528
28 62 1759
28 63 2990
28 64 576
28 65 1807
28 66 3038
28 67 624
28 68 1855
28 69 3086
28 70 672
28 71 1903
28 72 3134
28 73 720
28 74 1951
28 75 3182
28 76 768
28 77 1999
28 78 3230
28 79 816
28 80 2047
28 81 3278
28 82 120
29 0 1351
29 1 180
29 2 1061
29 3 1275
29 4 695
29 5 242
29 6 728
29 7 1470
29 8 1112
29 9 1709
29 10 320
29 11 579
29 12 1182
29 13 1866
29 14 521
29 15 469
29 16 463
29 17 446
29 18 1096
29 19 1692
29 20 390
29 21 1727
29 22 294
29 23 1635
29 24 1079
29 25 1410
29 26 1235
29 27 1208
29 28 1231
29 29 0
29 30 1231
29 31 1279
29 32 48
29 33 1279
29 34 1327
29 35 96
29 36 1327
29 37 1375
29 38 144
29 39 1375
29 40 1423
29 41 192
29 42 1423
29 43 1471
29 44 240
29 45 1471
29 46 1519
29 47 288
29 48 1519
29 49 1567
29 50 336
29 51 1567
29 52 1615
29 53 384
29 54 1615
29 55 1663
29 56 432
29 57 1663
29 58 1711
29 59 480
29 60 1711
29 61 1759
29 62 528
29 63 1759
29 64 1807
29 65 576
29 66 1807
29 67 1855
29 68 624
29 69 1855
29 70 1903
29 71 672
29 72 1903
29 73 1951
29 74 720
29 75 1951
29 76 1999
29 77 768
29 78 1999
29 79 2047
29 80 816
29 81 2047
29 82 1351
30 0 2582
30 1 1051
30 2 2292
30 3 2506
30 4 1592
30 5 1373
30 6 1079
30 7 2701
30 8 2343
30 9 2940
30 10 1295
30 11 748
30 12 337
30 13 3097
30 14 1574
30 15 1626
30 16 1152
30 17 1265
30 18 2327
30 19 2923
30 20 1417
30 21 2958
30 22 1321
30 23 556
30 24 2310
30 25 2641
30 26 572
30 27 2439
30 28 2462
30 29 1231
30 30 0
30 31 2510
30 32 1279
30 33 48
30 34 2558
30 35 1327
30 36 96
30 37 2606
30 38 1375
30 39 144
30 40 2654
30 41 1423
30 42 192
30 43 2702
30 44 1471
30 45 240
30 46 2750
30 47 1519
30 48 288
30 49 2798
30 50 1567
30 51 336
30 52 2846
30 53 1615
30 54 384
30 55 2894
30 56 1663
30 57 432
30 58 2942
30 59 1711
30 60 480
30 61 2990
30 62 1759
30 63 528
30 64 3038
30 65 1807
30 66 576
30 67 3086
30 68 1855
30 69 624
30 70 3134
30 71 1903
30 72 672
30 73 3182
30 74 1951
30 75 720
30 76 3230
30 77 1999
30 78 768
30 79 3278
30 80 2047
30 81 816
30 82 2582
31 0 168
31 1 1459
31 2 506
31 3 772
31 4 1878
31 5 1425
31 6 1911
31 7 577
31 8 167
31 9 530
31 10 1503
31 11 1762
31 12 2365
31 13 661
31 14 1704
31 15 1652
31 16 1646
31 17 1629
31 18 567
31 19 643
31 20 1573
31 21 704
31 22 1477
31 23 2818
31 24 680
31 25 829
31 26 2418
31 27 263
31 28 48
31 29 1279
31 30 2510
31 31 0
31 32 1231
31 33 2462
31 34 48
31 35 1279
31 36 2510
31 37 96
31 38 1327
31 39 2558
31 40 144
31 41 1375
31 42 2606
31 43 192
31 44 1423
31 45 2654
31 46 240
31 47 1471
31 48 2702
31 49 288
31 50 1519
31 51 2750
31 52 336
31 53 1567
31 54 2798
31 55 384
31 56 1615
31 57 2846
31 58 432
31 59 1663
31 60 2894
31 61 480
31 62 1711
31 63 2942
31 64 528
31 65 1759
31 66 2990
31 67 576
31 68 1807
31 69 3038
31 70 624
31 71 1855
31 72 3086
31 73 672
31 74 1903
31 75 3134
31 76 720
31 77 1951
31 78 3182
31 79 768
31 80 1999
31 81 3230
31 82 168
32 0 1399
32 1 228
32 2 1013
32 3 1227
32 4 647
32 5 194
32 6 680
32 7 1422
32 8 1064
32 9 1661
32 10 272
32 11 531
32 12 1134
32 13 1818
32 14 473
32 15 421
32 16 415
32 17 398
32 18 1048
32 19 1644
32 20 342
32 21 1679
32 22 246
32 23 1587
32 24 1031
32 25 1362
32 26 1187
32 27 1160
32 28 1279
32 29 48
32 30 1279
32 31 1231
32 32 0
32 33 1231
32 34 1279
32 35 48
32 36 1279
32 37 1327
32 38 96
32 39 1327
32 40 1375
32 41 144
32 42 1375
32 43 1423
32 44 192
32 45 1423
32 46 1471
32 47 240
32 48 1471
32 49 1519
32 50 288
32 51 1519
32 52 1567
32 53 336
32 54 1567
32 55 1615
32 56 384
32 57 1615
32 58 1663
32 59 432
32 60 1663
32 61 1711
32 62 480
32 63 1711
32 64 1759
32 65 528
32 66 1759
32 67 1807
32 68 576
32 69 1807
32 70 1855
32 71 624
32 72 1855
32 73 1903
32 74 672
32 75 1903
32 76 1951
32 77 720
32 78 1951
32 79 1999
32 80 768
32 81 1999
32 82 1399
33 0 2630
33 1 1099
33 2 2244
33 3 2458
33 4 1544
33 5 1325
33 6 1031
33 7 2653
33 8 2295
33 9 2892
33 10 1247
33 11 700
33 12 289
33 13 3049
33 14 1526
33 15 1578
33 16 1104
33 17 1217
33 18 2279
33 19 2875
33 20 1369
33 21 2910
33 22 1273
33 23 508
33 24 2262
33 25 2593
33 26 524
33 27 2391
33 28 2510
33 29 1279
33 30 48
33 31 2462
33 32 1231
33 33 0
33 34 2510
33 35 1279
33 36 48
33 37 2558
33 38 1327
33 39 96
33 40 2606
33 41 1375
33 42 144
33 43 2654
33 44 1423
33 45 192
33 46 2702
33 47 1471
33 48 240
33 49 2750
33 50 1519
33 51 288
33 52 2798
33 53 1567
33 54 336
33 55 2846
33 56 1615
33 57 384
33 58 2894
33 59 1663
33 60 432
33 61 2942
33 62 1711
33 63 480
33 64 2990
33 65 1759
33 66 528
33 67 3038
33 68 1807
33 69 576
33 70 3086
33 71 1855
33 72 624
33 73 3134
33 74 1903
33 75 672
33 76 3182
33 77 1951
33 78 720
33 79 3230
33 80 1999
33 81 768
33 82 2630
34 0 216
34 1 1507
34 2 458
34 3 724
34 4 1830
34 5 1377
34 6 1863
34 7 529
34 8 215
34 9 482
34 10 1455
34 11 1810
34 12 2317
34 13 613
34 14 1656
34 15 1604
34 16 1598
34 17 1581
34 18 519
34 19 595
34 20 1525
34 21 656
34 22 1429
34 23 2770
34 24 632
34 25 781
34 26 2370
34 27 215
34 28 96
34 29 1327
34 30 2558
34 31 48
34 32 1279
34 33 2510
34 34 0
34 35 1231
34 36 2462
34 37 48
34 38 1279
34 39 2510
34 40 96
34 41 1327
34 42 2558
34 43 144
34 44 1375
34 45 2606
34 46 192
34 47 1423
34 48 2654
34 49 240
34 50 1471
34 51 2702
34 52 288
34 53 1519
34 54 2750
34 55 336
34 56 1567
34 57 2798
34 58 384
34 59 1615
34 60 2846
34 61 432
34 62 1663
34 63 2894
34 64 480
34 65 1711
34 66 2942
34 67 528
34 68 1759
34 69 2990
34 70 576
34 71 1807
34 72 3038
34 73 624
34 74 1855
34 75 3086
34 76 672
34 77 1903
34 78 3134
34 79 720
34 80 1951
34 81 3182
34 82 216
35 0 1447
35 1 276
35 2 965
35 3 1179
35 4 599
35 5 146
35 6 632
35 7 1374
35 8 1112
35 9 1613
35 10 224
35 11 579
35 12 1086
35 13 1770
35 14 425
35 15 373
35 16 367
35 17 350
35 18 1000
35 19 1596
35 20 294
35 21 1631
35 22 198
35 23 1539
35 24 983
35 25 1314
35 26 1139
35 27 1112
35 28 1327
35 29 96
35 30 1327
35 31 1279
35 32 48
35 33 1279
35 34 1231
35 35 0
35 36 1231
35 37 1279
35 38 48
35 39 1279
35 40 1327
35 41 96
35 42 1327
35 43 1375
35 44 144
35 45 1375
35 46 1423
35 47 192
35 48 1423
35 49 1471
35 50 240
35 51 1471
35 52 1519
35 53 288
35 54 1519
35 55 1567
35 56 336
35 57 1567
35 58 1615
35 59 384
35 60 1615
35 61 1663
35 62 432
35 63 1663
35 64 1711
35 65 480
35 66 1711
35 67 1759
35 68 528
35 69 1759
35 70 1807
35 71 576
35 72 1807
35 73 1855
35 74 624
35 75 1855
35 76 1903
35 77 672
35 78 1903
35 79 1951
35 80 720
35 81 1951
35 82 1447
36 0 2678
36 1 1147
36 2 2196
36 3 2410
36 4 1496
36 5 1277
36 6 983
36 7 2605
36 8 2343
36 9 2844
36 10 1199
36 11 748
36 12 241
36 13 3001
36 14 1478
36 15 1530
36 16 1056
36 17 1169
36 18 2231
36 19 2827
36 20 1321
36 21 2862
36 22 1225
36 23 460
36 24 2214
36 25 2545
36 26 476
36 27 2343
36 28 2558
36 29 1327
36 30 96
36 31 2510
36 32 1279
36 33 48
36 34 2462
36 35 1231
36 36 0
36 37 2510
36 38 1279
36 39 48
36 40 2558
36 41 1327
36 42 96
36 43 2606
36 44 1375
36 45 144
36 46 2654
36 47 1423
36 48 192
36 49 2702
36 50 1471
36 51 240
36 52 2750
36 53 1519
36 54 288
36 55 2798
36 56 1567
36 57 336
36 58 2846
36 59 1615
36 60 384
36 61 2894
36 62 1663
36 63 432
36 64 2942
36 65 1711
36 66 480
36 67 2990
36 68 1759
36 69 528
36 70 3038
36 71 1807
36 72 576
36 73 3086
36 74 1855
36 75 624
36 76 3134
36 77 1903
36 78 672
36 79 3182
36 80 1951
36 81 720
36 82 2678
37 0 264
37 1 1555
37 2 410
37 3 676
37 4 1782
37 5 1329
37 6 1815
37 7 481
37 8 263
37 9 434
37 10 1407
37 11 1858
37 12 2269
37 13 565
37 14 1608
37 15 1556
37 16 1550
37 17 1533
37 18 471
37 19 547
37 20 1477
37 21 608
37 22 1381
37 23 2722
37 24 584
37 25 733
37 26 2322
37 27 167
37 28 144
37 29 1375
37 30 2606
37 31 96
37 32 1327
37 33 2558
37 34 48
37 35 1279
37 36 2510
37 37 0
37 38 1231
37 39 2462
37 40 48
37 41 1279
37 42 2510
37 43 96
37 44 1327
37 45 2558
37 46 144
37 47 1375
37 48 2606
37 49 192
37 50 1423
37 51 2654
37 52 240
37 53 1471
37 54 2702
37 55 288
37 56 1519
37 57 2750
37 58 336
37 59 1567
37 60 2798
37 61 384
37 62 1615
37 63 2846
37 64 432
37 65 1663
37 66 2894
37 67 480
37 68 1711
37 69 2942
37 70 528
37 71 1759
37 72 2990
37 73 576
37 74 1807
37 75 3038
37 76 624
37 77 1855
37 78 3086
37 79 672
37 80 1903
37 81 3134
37 82 264
38 0 1495
38 1 324
38 2 917
38 3 1131
38 4 551
38 5 98
38 6 584
38 7 1326
38 8 1160
38 9 1565
38 10 176
38 11 627
38 12 1038
38 13 1722
38 14 377
38 15 325
38 16 319
38 17 302
38 18 952
38 19 1548
38 20 246
38 21 1583
38 22 150
38 23 1491
38 24 935
38 25 1266
38 26 1091
38 27 1064
38 28 1375
38 29 144
38 30 1375
38 31 1327
38 32 96
38 33 1327
38 34 1279
38 35 48
38 36 1279
38 37 1231
38 38 0
38 39 1231
38 40 1279
38 41 48
38 42 1279
38 43 1327
38 44 96
38 45 1327
38 46 1375
38 47 144
38 48 1375
38 49 1423
38 50 192
38 51 1423
38 52 1471
38 53 240
38 54 1471
38 55 1519
38 56 288
38 57 1519
38 58 1567
38 59 336
38 60 1567
38 61 1615
38 62 384
38 63 1615
38 64 1663
38 65 432
38 66 1663
38 67 1711
38 68 480
38 69 1711
38 70 1759
38 71 528
38 72 1759
38 73 1807
38 74 576
38 75 1807
38 76 1855
38 77 624
38 78 1855
38 79 1903
38 80 672
38 81 1903
38 82 1495
39 0 2726
39 1 1195
39 2 2148
39 3 2362
39 4 1448
39 5 1229
39 6 935
39 7 2557
39 8 2391
39 9 2796
39 10 1151
39 11 796
39 12 193
39 13 2953
39 14 1430
39 15 1482
39 16 1008
39 17 1121
39 18 2183
39 19 2779
39 20 1273
39 21 2814
39 22 1177
39 23 412
39 24 2166
39 25 2497
39 26 428
39 27 2295
39 28 2606
39 29 1375
39 30 144
39 31 2558
39 32 1327
39 33 96
39 34 2510
39 35 1279
39 36 48
39 37 2462
39 38 1231
39 39 0
39 40 2510
39 41 1279
39 42 48
39 43 2558
39 44 1327
39 45 96
39 46 2606
39 47 1375
39 48 144
39 49 2654
39 50 1423
39 51 192
39 52 2702
39 53 1471
39 54 240
39 55 2750
39 56 1519
39 57 288
39 58 2798
39 59 1567
39 60 336
39 61 2846
39 62 1615
39 63 384
39 64 2894
39 65 1663
39 66 432
39 67 2942
39 68 1711
39 69 480
39 70 2990
39 71 1759
39 72 528
39 73 3038
39 74 1807
39 75 576
39 76 3086
39 77 1855
39 78 624
39 79 3134
39 80 1903
39 81 672
39 82 2726
40 0 312
40 1 1603
40 2 362
40 3 628
40 4 1734
40 5 1281
40 6 1767
40 7 433
40 8 311
40 9 386
40 10 1359
40 11 1906
40 12 2317
40 13 517
40 14 1560
40 15 1508
40 16 1502
40 17 1485
40 18 423
40 19 499
40 20 1429
40 21 560
40 22 1333
40 23 2674
40 24 536
40 25 685
40 26 2274
40 27 215
40 28 192
40 29 1423
40 30 2654
40 31 144
40 32 1375
40 33 2606
40 34 96
40 35 1327
40 36 2558
40 37 48
40 38 1279
40 39 2510
40 40 0
40 41 1231
40 42 2462
40 43 48
40 44 1279
40 45 2510
40 46 96
40 47 1327
40 48 2558
40 49 144
40 50 1375
40 51 2606
40 52 192
40 53 1423
40 54 2654
40 55 240
40 56 1471
40 57 2702
40 58 288
40 59 1519
40 60 2750
40 61 336
40 62 1567
40 63 2798
40 64 384
40 65 1615
40 66 2846
40 67 432
40 68 1663
40 69 2894
40 70 480
40 71 1711
40 72 2942
40 73 528
40 74 1759
40 75 2990
40 76 576
40 77 1807
40 78 3038
40 79 624
40 80 1855
40 81 3086
40 82 312
41 0 1543
41 1 372
41 2 869
41 3 1083
41 4 503
41 5 50
41 6 536
41 7 1278
41 8 1208
41 9 1517
41 10 128
41 11 675
41 12 1086
41 13 1674
41 14 329
41 15 277
41 16 271
41 17 254
41 18 904
41 19 1500
41 20 198
41 21 1535
41 22 102
41 23 1443
41 24 887
41 25 1218
41 26 1043
41 27 1112
41 28 1423
41 29 192
41 30 1423
41 31 1375
41 32 144
41 33 1375
41 34 1327
41 35 96
41 36 1327
41 37 1279
41 38 48
41 39 1279
41 40 1231
41 41 0
41 42 1231
41 43 1279
41 44 48
41 45 1279
41 46 1327
41 47 96
41 48 1327
41 49 1375
41 50 144
41 51 1375
41 52 1423
41 53 192
41 54 1423
41 55 1471
41 56 240
41 57 1471
41 58 1519
41 59 288
41 60 1519
41 61 1567
41 62 336
41 63 1567
41 64 1615
41 65 384
41 66 1615
41 67 1663
41 68 432
41 69 1663
41 70 1711
41 71 480
41 72 1711
41 73 1759
41 74 528
41 75 1759
41 76 1807
41 77 576
41 78 1807
41 79 1855
41 80 624
41 81 1855
41 82 1543
42 0 2774
42 1 1243
42 2 2100
42 3 2314
42 4 1400
42 5 1181
42 6 887
42 7 2509
42 8 2439
42 9 2748
42 10 1103
42 11 844
42 12 241
42 13 2905
42 14 1382
42 15 1434
42 16 960
42 17 1073
42 18 2135
42 19 2731
42 20 1225
42 21 2766
42 22 1129
42 23 364
42 24 2118
42 25 2449
42 26 380
42 27 2343
42 28 2654
42 29 1423
42 30 192
42 31 2606
42 32 1375
42 33 144
42 34 2558
42 35 1327
42 36 96
42 37 2510
42 38 1279
42 39 48
42 40 2462
42 41 1231
42 42 0
42 43 2510
42 44 1279
42 45 48
42 46 2558
42 47 1327
42 48 96
42 49 2606
42 50 1375
42 51 144
42 52 2654
42 53 1423
42 54 192
42 55 2702
42 56 1471
42 57 240
42 58 2750
42 59 1519
42 60 288
42 61 2798
42 62 1567
42 63 336
42 64 2846
42 65 1615
42 66 384
42 67 2894
42 68 1663
42 69 432
42 70 2942
42 71 1711
42 72 480
42 73 2990
42 74 1759
42 75 528
42 76 3038
42 77 1807
42 78 576
42 79 3086
42 80 1855
42 81 624
42 82 2774
43 0 360
43 1 1651
43 2 410
43 3 580
43 4 1686
43 5 1329
43 6 1719
43 7 385
43 8 359
43 9 338
43 10 1407
43 11 1954
43 12 2365
43 13 469
43 14 1512
43 15 1460
43 16 1550
43 17 1437
43 18 375
43 19 451
43 20 1381
43 21 512
43 22 1381
43 23 2626
43 24 488
43 25 637
43 26 2226
43 27 263
43 28 240
43 29 1471
43 30 2702
43 31 192
43 32 1423
43 33 2654
43 34 144
