//alpha
1
//NbLocations
88
//NbProducts
33
//NbPickers
2
//CapaPicker
8
//TimeToTravelOneDistanceUnit
3
//SetupTime
5400
//PickTime
300
//Products
//Idx Location Size
1 1 1
2 2 1
3 3 1
4 4 1
5 5 1
6 6 1
7 7 1
8 8 1
9 9 1
10 10 1
11 11 1
12 12 1
13 13 1
14 14 1
15 15 1
16 16 1
17 17 1
18 18 1
19 19 1
20 20 1
21 21 1
22 22 1
23 23 1
24 24 1
25 25 1
26 26 1
27 27 1
28 28 1
29 29 1
30 30 1
31 31 1
32 32 1
33 33 1
//Orders
//NbOrders
12
//Idx DueDate TardinessPenalty NbProdInOrder ProdIdx1 Qty1 ProdIdx2 Qty2 ...
1 126000 0 1 1 1
2 72000 0 5 2 1 3 1 4 1 5 1 6 1
3 54000 0 2 7 1 8 1
4 126000 0 2 9 1 10 1
5 108000 0 2 11 1 12 1
6 108000 0 2 13 1 14 1
7 126000 0 7 15 1 16 1 17 1 18 1 19 1 20 1 21 1
8 90000 0 4 22 1 23 1 24 1 25 1
9 108000 0 1 26 1
10 54000 0 4 27 1 28 1 29 1 30 1
11 144000 0 1 31 1
12 126000 0 2 32 1 33 1
//Graph (Products are vertices indexed from 1 to NbProducts)
//NbVerticesIntersections
54
//DepartingDepot
0
//ArrivalDepot
88
//Arcs
//Start End Distance
0 34 120
1 41 635
1 42 596
2 3 351
2 86 635
3 2 351
3 85 245
4 40 1194
4 41 37
5 34 401
5 35 830
6 18 104
6 68 102
7 44 128
7 45 1103
8 10 0
8 82 154
9 12 689
9 71 271
10 8 0
10 24 663
11 64 596
11 65 635
12 9 689
12 70 271
13 22 91
13 58 76
14 59 427
14 60 804
15 16 429
15 47 713
16 15 429
16 46 89
17 22 39
17 59 1025
18 6 104
18 26 169
19 20 546
19 48 596
20 19 546
20 47 89
21 50 284
21 51 947
22 13 91
22 17 39
23 71 219
23 72 1012
24 10 663
24 83 414
25 83 193
25 84 1038
26 18 169
26 69 856
27 80 102
27 81 1129
28 79 141
28 80 1090
29 86 193
29 87 1038
30 61 206
30 62 1025
31 56 219
31 57 1012
32 55 219
32 56 1012
33 74 102
33 75 1129
34 5 401
34 37 48
34 88 120
35 5 830
35 36 1231
35 38 48
36 35 1231
36 39 48
37 34 48
37 38 1231
37 40 48
38 35 48
38 37 1231
38 39 1231
38 41 48
39 36 48
39 38 1231
39 42 48
40 4 1194
40 37 48
40 43 48
41 1 635
41 4 37
41 38 48
41 44 48
42 1 596
42 39 48
42 45 48
43 40 48
43 44 1231
43 46 48
44 7 128
44 41 48
44 43 1231
44 47 48
45 7 1103
45 42 48
45 48 48
46 16 89
46 43 48
46 49 48
47 15 713
47 20 89
47 44 48
47 50 48
48 19 596
48 45 48
48 51 48
49 46 48
49 50 1231
49 52 48
50 21 284
50 47 48
50 49 1231
50 53 48
51 21 947
51 48 48
51 54 48
52 49 48
52 53 1231
52 55 48
53 50 48
53 52 1231
53 54 1231
53 56 48
54 51 48
54 53 1231
54 57 48
55 32 219
55 52 48
55 58 48
56 31 219
56 32 1012
56 53 48
56 59 48
57 31 1012
57 54 48
57 60 48
58 13 76
58 55 48
58 61 48
59 14 427
59 17 1025
59 56 48
59 62 48
60 14 804
60 57 48
60 63 48
61 30 206
61 58 48
61 64 48
62 30 1025
62 59 48
62 63 1231
62 65 48
63 60 48
63 62 1231
63 66 48
64 11 596
64 61 48
64 67 48
65 11 635
65 62 48
65 66 1231
65 68 48
66 63 48
66 65 1231
66 69 48
67 64 48
67 68 1231
67 70 48
68 6 102
68 65 48
68 67 1231
68 71 48
69 26 856
69 66 48
69 72 48
70 12 271
70 67 48
70 73 48
71 9 271
71 23 219
71 68 48
71 74 48
72 23 1012
72 69 48
72 75 48
73 70 48
73 74 1231
73 76 48
74 33 102
74 71 48
74 73 1231
74 77 48
75 33 1129
75 72 48
75 78 48
76 73 48
76 77 1231
76 79 48
77 74 48
77 76 1231
77 78 1231
77 80 48
78 75 48
78 77 1231
78 81 48
79 28 141
79 76 48
79 82 48
80 27 102
80 28 1090
80 77 48
80 83 48
81 27 1129
81 78 48
81 84 48
82 8 154
82 79 48
82 85 48
83 24 414
83 25 193
83 80 48
83 86 48
84 25 1038
84 81 48
84 87 48
85 3 245
85 82 48
86 2 635
86 29 193
86 83 48
87 29 1038
87 84 48
//LocStart LocEnd ShortestPath
0 0 0
0 1 2082
0 2 1532
0 3 1181
0 4 1410
0 5 521
0 6 1981
0 7 1623
0 8 1042
0 9 1656
0 10 1042
0 11 1196
0 12 967
0 13 580
0 14 2162
0 15 830
0 16 401
0 17 710
0 18 2085
0 19 2178
0 20 1632
0 21 1875
0 22 671
0 23 2146
0 24 1705
0 25 2312
0 26 2254
0 27 2173
0 28 981
0 29 2360
0 30 758
0 31 1906
0 32 675
0 33 2077
0 34 120
0 35 1351
0 36 2582
0 37 168
0 38 1399
0 39 2630
0 40 216
0 41 1447
0 42 2678
0 43 264
0 44 1495
0 45 2726
0 46 312
0 47 1543
0 48 2774
0 49 360
0 50 1591
0 51 2822
0 52 408
0 53 1639
0 54 2870
0 55 456
0 56 1687
0 57 2918
0 58 504
0 59 1735
0 60 2966
0 61 552
0 62 1783
0 63 3014
0 64 600
0 65 1831
0 66 3062
0 67 648
0 68 1879
0 69 3110
0 70 696
0 71 1927
0 72 3158
0 73 744
0 74 1975
0 75 3206
0 76 792
0 77 2023
0 78 3254
0 79 840
0 80 2071
0 81 3302
0 82 888
0 83 2119
0 84 3350
0 85 936
0 86 2167
0 87 3398
0 88 0
1 0 2082
1 1 0
1 2 1990
1 3 2341
1 4 672
1 5 1561
1 6 1169
1 7 811
1 8 2384
1 9 1386
1 10 2384
1 11 1654
1 12 2075
1 13 2078
1 14 1350
1 15 1444
1 16 1873
1 17 1948
1 18 1273
1 19 1288
1 20 820
1 21 1063
1 22 1987
1 23 1334
1 24 1721
1 25 1500
1 26 1442
1 27 1361
1 28 2349
1 29 1548
1 30 1996
1 31 1094
1 32 1887
1 33 1265
1 34 1962
1 35 731
1 36 692
1 37 1914
1 38 683
1 39 644
1 40 1866
1 41 635
1 42 596
1 43 1914
1 44 683
1 45 644
1 46 1962
1 47 731
1 48 692
1 49 2010
1 50 779
1 51 740
1 52 2058
1 53 827
1 54 788
1 55 2106
1 56 875
1 57 836
1 58 2154
1 59 923
1 60 884
1 61 2202
1 62 971
1 63 932
1 64 2250
1 65 1019
1 66 980
1 67 2298
1 68 1067
1 69 1028
1 70 2346
1 71 1115
1 72 1076
1 73 2394
1 74 1163
1 75 1124
1 76 2442
1 77 1211
1 78 1172
1 79 2490
1 80 1259
1 81 1220
1 82 2538
1 83 1307
1 84 1268
1 85 2586
1 86 1355
1 87 1316
1 88 2082
2 0 1532
2 1 1990
2 2 0
2 3 351
2 4 1392
2 5 1813
2 6 1025
2 7 1435
2 8 798
2 9 1146
2 10 798
2 11 1528
2 12 1107
2 13 1104
2 14 1494
2 15 1738
2 16 1309
2 17 1234
2 18 1129
2 19 1894
2 20 1348
2 21 1495
2 22 1195
2 23 1094
2 24 1097
2 25 876
2 26 1298
2 27 833
2 28 833
2 29 828
2 30 1186
2 31 1334
2 32 1295
2 33 929
2 34 1412
2 35 1451
2 36 2682
2 37 1364
2 38 1403
2 39 2634
2 40 1316
2 41 1355
2 42 2586
2 43 1268
2 44 1307
2 45 2538
2 46 1220
2 47 1259
2 48 2490
2 49 1172
2 50 1211
2 51 2442
2 52 1124
2 53 1163
2 54 2394
2 55 1076
2 56 1115
2 57 2346
2 58 1028
2 59 1067
2 60 2298
2 61 980
2 62 1019
2 63 2250
2 64 932
2 65 971
2 66 2202
2 67 884
2 68 923
2 69 2154
2 70 836
2 71 875
2 72 2106
2 73 788
2 74 827
2 75 2058
2 76 740
2 77 779
2 78 2010
2 79 692
2 80 731
2 81 1962
2 82 644
2 83 683
2 84 1914
2 85 596
2 86 635
2 87 1866
2 88 1532
3 0 1181
3 1 2341
3 2 351
3 3 0
3 4 1743
3 5 1462
3 6 1376
3 7 1786
3 8 447
3 9 1445
3 10 447
3 11 1177
3 12 756
3 13 753
3 14 1845
3 15 1387
3 16 958
3 17 883
3 18 1480
3 19 2245
3 20 1699
3 21 1846
3 22 844
3 23 1445
3 24 1110
3 25 1227
3 26 1649
3 27 1184
3 28 482
3 29 1179
3 30 835
3 31 1685
3 32 944
3 33 1280
3 34 1061
3 35 1802
3 36 3033
3 37 1013
3 38 1754
3 39 2985
3 40 965
3 41 1706
3 42 2937
3 43 917
3 44 1658
3 45 2889
3 46 869
3 47 1610
3 48 2841
3 49 821
3 50 1562
3 51 2793
3 52 773
3 53 1514
3 54 2745
3 55 725
3 56 1466
3 57 2697
3 58 677
3 59 1418
3 60 2649
3 61 629
3 62 1370
3 63 2601
3 64 581
3 65 1322
3 66 2553
3 67 533
3 68 1274
3 69 2505
3 70 485
3 71 1226
3 72 2457
3 73 437
3 74 1178
3 75 2409
3 76 389
3 77 1130
3 78 2361
3 79 341
3 80 1082
3 81 2313
3 82 293
3 83 1034
3 84 2265
3 85 245
3 86 986
3 87 2217
3 88 1181
4 0 1410
4 1 672
4 2 1392
4 3 1743
4 4 0
4 5 963
4 6 571
4 7 213
4 8 1786
4 9 788
4 10 1786
4 11 1056
4 12 1477
4 13 1480
4 14 752
4 15 846
4 16 1275
4 17 1350
4 18 675
4 19 768
4 20 222
4 21 465
4 22 1389
4 23 736
4 24 1123
4 25 902
4 26 844
4 27 763
4 28 1751
4 29 950
4 30 1398
4 31 496
4 32 1289
4 33 667
4 34 1290
4 35 133
4 36 1364
4 37 1242
4 38 85
4 39 1316
4 40 1194
4 41 37
4 42 1268
4 43 1242
4 44 85
4 45 1316
4 46 1290
4 47 133
4 48 1364
4 49 1338
4 50 181
4 51 1412
4 52 1386
4 53 229
4 54 1460
4 55 1434
4 56 277
4 57 1508
4 58 1482
4 59 325
4 60 1556
4 61 1530
4 62 373
4 63 1604
4 64 1578
4 65 421
4 66 1652
4 67 1626
4 68 469
4 69 1700
4 70 1674
4 71 517
4 72 1748
4 73 1722
4 74 565
4 75 1796
4 76 1770
4 77 613
4 78 1844
4 79 1818
4 80 661
4 81 1892
4 82 1866
4 83 709
4 84 1940
4 85 1914
4 86 757
4 87 1988
4 88 1410
5 0 521
5 1 1561
5 2 1813
5 3 1462
5 4 963
5 5 0
5 6 1460
5 7 1102
5 8 1323
5 9 1677
5 10 1323
5 11 1477
5 12 1248
5 13 861
5 14 1641
5 15 1111
5 16 682
5 17 991
5 18 1564
5 19 1657
5 20 1111
5 21 1354
5 22 952
5 23 1625
5 24 1986
5 25 1791
5 26 1733
5 27 1652
5 28 1262
5 29 1839
5 30 1039
5 31 1385
5 32 956
5 33 1556
5 34 401
5 35 830
5 36 2061
5 37 449
5 38 878
5 39 2109
5 40 497
5 41 926
5 42 2157
5 43 545
5 44 974
5 45 2205
5 46 593
5 47 1022
5 48 2253
5 49 641
5 50 1070
5 51 2301
5 52 689
5 53 1118
5 54 2349
5 55 737
5 56 1166
5 57 2397
5 58 785
5 59 1214
5 60 2445
5 61 833
5 62 1262
5 63 2493
5 64 881
5 65 1310
5 66 2541
5 67 929
5 68 1358
5 69 2589
5 70 977
5 71 1406
5 72 2637
5 73 1025
5 74 1454
5 75 2685
5 76 1073
5 77 1502
5 78 2733
5 79 1121
5 80 1550
5 81 2781
5 82 1169
5 83 1598
5 84 2829
5 85 1217
5 86 1646
5 87 2877
5 88 521
6 0 1981
6 1 1169
6 2 1025
6 3 1376
6 4 571
6 5 1460
6 6 0
6 7 614
6 8 1419
6 9 421
6 10 1419
6 11 785
6 12 1110
6 13 1401
6 14 673
6 15 1151
6 16 1580
6 17 1271
6 18 104
6 19 1073
6 20 527
6 21 674
6 22 1310
6 23 369
6 24 756
6 25 535
6 26 273
6 27 396
6 28 1384
6 29 583
6 30 1223
6 31 513
6 32 1306
6 33 300
6 34 1861
6 35 630
6 36 1657
6 37 1813
6 38 582
6 39 1609
6 40 1765
6 41 534
6 42 1561
6 43 1717
6 44 486
6 45 1513
6 46 1669
6 47 438
6 48 1465
6 49 1621
6 50 390
6 51 1417
6 52 1573
6 53 342
6 54 1369
6 55 1525
6 56 294
6 57 1321
6 58 1477
6 59 246
6 60 1273
6 61 1429
6 62 198
6 63 1225
6 64 1381
6 65 150
6 66 1177
6 67 1333
6 68 102
6 69 1129
6 70 1381
6 71 150
6 72 1177
6 73 1429
6 74 198
6 75 1225
6 76 1477
6 77 246
6 78 1273
6 79 1525
6 80 294
6 81 1321
6 82 1573
6 83 342
6 84 1369
6 85 1621
6 86 390
6 87 1417
6 88 1981
7 0 1623
7 1 811
7 2 1435
7 3 1786
7 4 213
7 5 1102
7 6 614
7 7 0
7 8 1829
7 9 831
7 10 1829
7 11 1099
7 12 1520
7 13 1523
7 14 795
7 15 889
7 16 1318
7 17 1393
7 18 718
7 19 811
7 20 265
7 21 508
7 22 1432
7 23 779
7 24 1166
7 25 945
7 26 887
7 27 806
7 28 1794
7 29 993
7 30 1441
7 31 539
7 32 1332
7 33 710
7 34 1503
7 35 272
7 36 1247
7 37 1455
7 38 224
7 39 1199
7 40 1407
7 41 176
7 42 1151
7 43 1359
7 44 128
7 45 1103
7 46 1407
7 47 176
7 48 1151
7 49 1455
7 50 224
7 51 1199
7 52 1503
7 53 272
7 54 1247
7 55 1551
7 56 320
7 57 1295
7 58 1599
7 59 368
7 60 1343
7 61 1647
7 62 416
7 63 1391
7 64 1695
7 65 464
7 66 1439
7 67 1743
7 68 512
7 69 1487
7 70 1791
7 71 560
7 72 1535
7 73 1839
7 74 608
7 75 1583
7 76 1887
7 77 656
7 78 1631
7 79 1935
7 80 704
7 81 1679
7 82 1983
7 83 752
7 84 1727
7 85 2031
7 86 800
7 87 1775
7 88 1623
8 0 1042
8 1 2384
8 2 798
8 3 447
8 4 1786
8 5 1323
8 6 1419
8 7 1829
8 8 0
8 9 1306
8 10 0
8 11 1038
8 12 617
8 13 614
8 14 1888
8 15 1248
8 16 819
8 17 744
8 18 1523
8 19 2288
8 20 1742
8 21 1889
8 22 705
8 23 1488
8 24 663
8 25 1270
8 26 1692
8 27 1227
8 28 343
8 29 1318
8 30 696
8 31 1728
8 32 805
8 33 1323
8 34 922
8 35 1845
8 36 3076
8 37 874
8 38 1797
8 39 3028
8 40 826
8 41 1749
8 42 2980
8 43 778
8 44 1701
8 45 2932
8 46 730
8 47 1653
8 48 2884
8 49 682
8 50 1605
8 51 2836
8 52 634
8 53 1557
8 54 2788
8 55 586
8 56 1509
8 57 2740
8 58 538
8 59 1461
8 60 2692
8 61 490
8 62 1413
8 63 2644
8 64 442
8 65 1365
8 66 2596
8 67 394
8 68 1317
8 69 2548
8 70 346
8 71 1269
8 72 2500
8 73 298
8 74 1221
8 75 2452
8 76 250
8 77 1173
8 78 2404
8 79 202
8 80 1125
8 81 2356
8 82 154
8 83 1077
8 84 2308
8 85 202
8 86 1125
8 87 2356
8 88 1042
9 0 1656
9 1 1386
9 2 1146
9 3 1445
9 4 788
9 5 1677
9 6 421
9 7 831
9 8 1306
9 9 0
9 10 1306
9 11 1002
9 12 689
9 13 1228
9 14 890
9 15 1368
9 16 1433
9 17 1358
9 18 525
9 19 1290
9 20 744
9 21 891
9 22 1319
9 23 490
9 24 877
9 25 656
9 26 694
9 27 517
9 28 1245
9 29 704
9 30 1310
9 31 730
9 32 1419
9 33 421
9 34 1536
9 35 847
9 36 2078
9 37 1488
9 38 799
9 39 2030
9 40 1440
9 41 751
9 42 1982
9 43 1392
9 44 703
9 45 1934
9 46 1344
9 47 655
9 48 1886
9 49 1296
9 50 607
9 51 1838
9 52 1248
9 53 559
9 54 1790
9 55 1200
9 56 511
9 57 1742
9 58 1152
9 59 463
9 60 1694
9 61 1104
9 62 415
9 63 1646
9 64 1056
9 65 367
9 66 1598
9 67 1008
9 68 319
9 69 1550
9 70 960
9 71 271
9 72 1502
9 73 1008
9 74 319
9 75 1550
9 76 1056
9 77 367
9 78 1598
9 79 1104
9 80 415
9 81 1646
9 82 1152
9 83 463
9 84 1694
9 85 1200
9 86 511
9 87 1742
9 88 1656
10 0 1042
10 1 2384
10 2 798
10 3 447
10 4 1786
10 5 1323
10 6 1419
10 7 1829
10 8 0
10 9 1306
10 10 0
10 11 1038
10 12 617
10 13 614
10 14 1888
10 15 1248
10 16 819
10 17 744
10 18 1523
10 19 2288
10 20 1742
10 21 1889
10 22 705
10 23 1488
10 24 663
10 25 1270
10 26 1692
10 27 1227
10 28 343
10 29 1318
10 30 696
10 31 1728
10 32 805
10 33 1323
10 34 922
10 35 1845
10 36 3076
10 37 874
10 38 1797
10 39 3028
10 40 826
10 41 1749
10 42 2980
10 43 778
10 44 1701
10 45 2932
10 46 730
10 47 1653
10 48 2884
10 49 682
10 50 1605
10 51 2836
10 52 634
10 53 1557
10 54 2788
10 55 586
10 56 1509
10 57 2740
10 58 538
10 59 1461
10 60 2692
10 61 490
10 62 1413
10 63 2644
10 64 442
10 65 1365
10 66 2596
10 67 394
10 68 1317
10 69 2548
10 70 346
10 71 1269
10 72 2500
10 73 298
10 74 1221
10 75 2452
10 76 250
10 77 1173
10 78 2404
10 79 202
10 80 1125
10 81 2356
10 82 154
10 83 1077
10 84 2308
10 85 202
10 86 1125
10 87 2356
10 88 1042
11 0 1196
11 1 1654
11 2 1528
11 3 1177
11 4 1056
11 5 1477
11 6 785
11 7 1099
11 8 1038
11 9 1002
11 10 1038
11 11 0
11 12 963
11 13 768
11 14 1158
11 15 1402
11 16 973
11 17 898
11 18 889
11 19 1558
11 20 1012
11 21 1159
11 22 859
11 23 950
11 24 1337
11 25 1116
11 26 1058
11 27 977
11 28 977
11 29 1164
11 30 850
11 31 998
11 32 959
11 33 881
11 34 1076
11 35 1115
11 36 2346
11 37 1028
11 38 1067
11 39 2298
11 40 980
11 41 1019
11 42 2250
11 43 932
11 44 971
11 45 2202
11 46 884
11 47 923
11 48 2154
11 49 836
11 50 875
11 51 2106
11 52 788
11 53 827
11 54 2058
11 55 740
11 56 779
11 57 2010
11 58 692
11 59 731
11 60 1962
11 61 644
11 62 683
11 63 1914
11 64 596
11 65 635
11 66 1866
11 67 644
11 68 683
11 69 1914
11 70 692
11 71 731
11 72 1962
11 73 740
11 74 779
11 75 2010
11 76 788
11 77 827
11 78 2058
11 79 836
11 80 875
11 81 2106
11 82 884
11 83 923
11 84 2154
11 85 932
11 86 971
11 87 2202
11 88 1196
12 0 967
12 1 2075
12 2 1107
12 3 756
12 4 1477
12 5 1248
12 6 1110
12 7 1520
12 8 617
12 9 689
12 10 617
12 11 963
12 12 0
12 13 539
12 14 1579
12 15 1173
12 16 744
12 17 669
12 18 1214
12 19 1979
12 20 1433
12 21 1580
12 22 630
12 23 1179
12 24 1280
12 25 1345
12 26 1383
12 27 1206
12 28 556
12 29 1393
12 30 621
12 31 1419
12 32 730
12 33 1110
12 34 847
12 35 1536
12 36 2767
12 37 799
12 38 1488
12 39 2719
12 40 751
12 41 1440
12 42 2671
12 43 703
12 44 1392
12 45 2623
12 46 655
12 47 1344
12 48 2575
12 49 607
12 50 1296
12 51 2527
12 52 559
12 53 1248
12 54 2479
12 55 511
12 56 1200
12 57 2431
12 58 463
12 59 1152
12 60 2383
12 61 415
12 62 1104
12 63 2335
12 64 367
12 65 1056
12 66 2287
12 67 319
12 68 1008
12 69 2239
12 70 271
12 71 960
12 72 2191
12 73 319
12 74 1008
12 75 2239
12 76 367
12 77 1056
12 78 2287
12 79 415
12 80 1104
12 81 2335
12 82 463
12 83 1152
12 84 2383
12 85 511
12 86 1200
12 87 2431
12 88 967
13 0 580
13 1 2078
13 2 1104
13 3 753
13 4 1480
13 5 861
13 6 1401
13 7 1523
13 8 614
13 9 1228
13 10 614
13 11 768
13 12 539
13 13 0
13 14 1582
13 15 786
13 16 357
13 17 130
13 18 1505
13 19 1982
13 20 1436
13 21 1583
13 22 91
13 23 1566
13 24 1277
13 25 1732
13 26 1674
13 27 1593
13 28 553
13 29 1780
13 30 330
13 31 1422
13 32 343
13 33 1497
13 34 460
13 35 1539
13 36 2770
13 37 412
13 38 1491
13 39 2722
13 40 364
13 41 1443
13 42 2674
13 43 316
13 44 1395
13 45 2626
13 46 268
13 47 1347
13 48 2578
13 49 220
13 50 1299
13 51 2530
13 52 172
13 53 1251
13 54 2482
13 55 124
13 56 1203
13 57 2434
13 58 76
13 59 1155
13 60 2386
13 61 124
13 62 1203
13 63 2434
13 64 172
13 65 1251
13 66 2482
13 67 220
13 68 1299
13 69 2530
13 70 268
13 71 1347
13 72 2578
13 73 316
13 74 1395
13 75 2626
13 76 364
13 77 1443
13 78 2674
13 79 412
13 80 1491
13 81 2722
13 82 460
13 83 1539
13 84 2770
13 85 508
13 86 1587
13 87 2818
13 88 580
14 0 2162
14 1 1350
14 2 1494
14 3 1845
14 4 752
14 5 1641
14 6 673
14 7 795
14 8 1888
14 9 890
14 10 1888
14 11 1158
14 12 1579
14 13 1582
14 14 0
14 15 1332
14 16 1761
14 17 1452
14 18 777
14 19 1254
14 20 708
14 21 855
14 22 1491
14 23 838
14 24 1225
14 25 1004
14 26 946
14 27 865
14 28 1853
14 29 1052
14 30 1500
14 31 694
14 32 1487
14 33 769
14 34 2042
14 35 811
14 36 1188
14 37 1994
14 38 763
14 39 1140
14 40 1946
14 41 715
14 42 1092
14 43 1898
14 44 667
14 45 1044
14 46 1850
14 47 619
14 48 996
14 49 1802
14 50 571
14 51 948
14 52 1754
14 53 523
14 54 900
14 55 1706
14 56 475
14 57 852
14 58 1658
14 59 427
14 60 804
14 61 1706
14 62 475
14 63 852
14 64 1754
14 65 523
14 66 900
14 67 1802
14 68 571
14 69 948
14 70 1850
14 71 619
14 72 996
14 73 1898
14 74 667
14 75 1044
14 76 1946
14 77 715
14 78 1092
14 79 1994
14 80 763
14 81 1140
14 82 2042
14 83 811
14 84 1188
14 85 2090
14 86 859
14 87 1236
14 88 2162
15 0 830
15 1 1444
15 2 1738
15 3 1387
15 4 846
15 5 1111
15 6 1151
15 7 889
15 8 1248
15 9 1368
15 10 1248
15 11 1402
15 12 1173
15 13 786
15 14 1332
15 15 0
15 16 429
15 17 916
15 18 1255
15 19 1348
15 20 802
15 21 1045
15 22 877
15 23 1316
15 24 1703
15 25 1482
15 26 1424
15 27 1343
15 28 1187
15 29 1530
15 30 964
15 31 1076
15 32 881
15 33 1247
15 34 710
15 35 905
15 36 2136
15 37 662
15 38 857
15 39 2088
15 40 614
15 41 809
15 42 2040
15 43 566
15 44 761
15 45 1992
15 46 518
15 47 713
15 48 1944
15 49 566
15 50 761
15 51 1992
15 52 614
15 53 809
15 54 2040
15 55 662
15 56 857
15 57 2088
15 58 710
15 59 905
15 60 2136
15 61 758
15 62 953
15 63 2184
15 64 806
15 65 1001
15 66 2232
15 67 854
15 68 1049
15 69 2280
15 70 902
15 71 1097
15 72 2328
15 73 950
15 74 1145
15 75 2376
15 76 998
15 77 1193
15 78 2424
15 79 1046
15 80 1241
15 81 2472
15 82 1094
15 83 1289
15 84 2520
15 85 1142
15 86 1337
15 87 2568
15 88 830
16 0 401
16 1 1873
16 2 1309
16 3 958
16 4 1275
16 5 682
16 6 1580
16 7 1318
16 8 819
16 9 1433
16 10 819
16 11 973
16 12 744
16 13 357
16 14 1761
16 15 429
16 16 0
16 17 487
16 18 1684
16 19 1777
16 20 1231
16 21 1474
16 22 448
16 23 1745
16 24 1482
16 25 1911
16 26 1853
16 27 1772
16 28 758
16 29 1959
16 30 535
16 31 1505
16 32 452
16 33 1676
16 34 281
16 35 1334
16 36 2565
16 37 233
16 38 1286
16 39 2517
16 40 185
16 41 1238
16 42 2469
16 43 137
16 44 1190
16 45 2421
16 46 89
16 47 1142
16 48 2373
16 49 137
16 50 1190
16 51 2421
16 52 185
16 53 1238
16 54 2469
16 55 233
16 56 1286
16 57 2517
16 58 281
16 59 1334
16 60 2565
16 61 329
16 62 1382
16 63 2613
16 64 377
16 65 1430
16 66 2661
16 67 425
16 68 1478
16 69 2709
16 70 473
16 71 1526
16 72 2757
16 73 521
16 74 1574
16 75 2805
16 76 569
16 77 1622
16 78 2853
16 79 617
16 80 1670
16 81 2901
16 82 665
16 83 1718
16 84 2949
16 85 713
16 86 1766
16 87 2997
16 88 401
17 0 710
17 1 1948
17 2 1234
17 3 883
17 4 1350
17 5 991
17 6 1271
17 7 1393
17 8 744
17 9 1358
17 10 744
17 11 898
17 12 669
17 13 130
17 14 1452
17 15 916
17 16 487
17 17 0
17 18 1375
17 19 1852
17 20 1306
17 21 1453
17 22 39
17 23 1436
17 24 1407
17 25 1602
17 26 1544
17 27 1463
17 28 683
17 29 1650
17 30 460
17 31 1292
17 32 473
17 33 1367
17 34 590
17 35 1409
17 36 2640
17 37 542
17 38 1361
17 39 2592
17 40 494
17 41 1313
17 42 2544
17 43 446
17 44 1265
17 45 2496
17 46 398
17 47 1217
17 48 2448
17 49 350
17 50 1169
17 51 2400
17 52 302
17 53 1121
17 54 2352
17 55 254
17 56 1073
17 57 2304
17 58 206
17 59 1025
17 60 2256
17 61 254
17 62 1073
17 63 2304
17 64 302
17 65 1121
17 66 2352
17 67 350
17 68 1169
17 69 2400
17 70 398
17 71 1217
17 72 2448
17 73 446
17 74 1265
17 75 2496
17 76 494
17 77 1313
17 78 2544
17 79 542
17 80 1361
17 81 2592
17 82 590
17 83 1409
17 84 2640
17 85 638
17 86 1457
17 87 2688
17 88 710
18 0 2085
18 1 1273
18 2 1129
18 3 1480
18 4 675
18 5 1564
18 6 104
18 7 718
18 8 1523
18 9 525
18 10 1523
18 11 889
18 12 1214
18 13 1505
18 14 777
18 15 1255
18 16 1684
18 17 1375
18 18 0
18 19 1177
18 20 631
18 21 778
18 22 1414
18 23 473
18 24 860
18 25 639
18 26 169
18 27 500
18 28 1488
18 29 687
18 30 1327
18 31 617
18 32 1410
18 33 404
18 34 1965
18 35 734
18 36 1553
18 37 1917
18 38 686
18 39 1505
18 40 1869
18 41 638
18 42 1457
18 43 1821
18 44 590
18 45 1409
18 46 1773
18 47 542
18 48 1361
18 49 1725
18 50 494
18 51 1313
18 52 1677
18 53 446
18 54 1265
18 55 1629
18 56 398
18 57 1217
18 58 1581
18 59 350
18 60 1169
18 61 1533
18 62 302
18 63 1121
18 64 1485
18 65 254
18 66 1073
18 67 1437
18 68 206
18 69 1025
18 70 1485
18 71 254
18 72 1073
18 73 1533
18 74 302
18 75 1121
18 76 1581
18 77 350
18 78 1169
18 79 1629
18 80 398
18 81 1217
18 82 1677
18 83 446
18 84 1265
18 85 1725
18 86 494
18 87 1313
18 88 2085
19 0 2178
19 1 1288
19 2 1894
19 3 2245
19 4 768
19 5 1657
19 6 1073
19 7 811
19 8 2288
19 9 1290
19 10 2288
19 11 1558
19 12 1979
19 13 1982
19 14 1254
19 15 1348
19 16 1777
19 17 1852
19 18 1177
19 19 0
19 20 546
19 21 967
19 22 1891
19 23 1238
19 24 1625
19 25 1404
19 26 1346
19 27 1265
19 28 2253
19 29 1452
19 30 1900
19 31 998
19 32 1791
19 33 1169
19 34 2058
19 35 827
19 36 788
19 37 2010
19 38 779
19 39 740
19 40 1962
19 41 731
19 42 692
19 43 1914
19 44 683
19 45 644
19 46 1866
19 47 635
19 48 596
19 49 1914
19 50 683
19 51 644
19 52 1962
19 53 731
19 54 692
19 55 2010
19 56 779
19 57 740
19 58 2058
19 59 827
19 60 788
19 61 2106
19 62 875
19 63 836
19 64 2154
19 65 923
19 66 884
19 67 2202
19 68 971
19 69 932
19 70 2250
19 71 1019
19 72 980
19 73 2298
19 74 1067
19 75 1028
19 76 2346
19 77 1115
19 78 1076
19 79 2394
19 80 1163
19 81 1124
19 82 2442
19 83 1211
19 84 1172
19 85 2490
19 86 1259
19 87 1220
19 88 2178
20 0 1632
20 1 820
20 2 1348
20 3 1699
20 4 222
20 5 1111
20 6 527
20 7 265
20 8 1742
20 9 744
20 10 1742
20 11 1012
20 12 1433
20 13 1436
20 14 708
20 15 802
20 16 1231
20 17 1306
20 18 631
20 19 546
20 20 0
20 21 421
20 22 1345
20 23 692
20 24 1079
20 25 858
20 26 800
20 27 719
20 28 1707
20 29 906
20 30 1354
20 31 452
20 32 1245
20 33 623
20 34 1512
20 35 281
20 36 1334
20 37 1464
20 38 233
20 39 1286
20 40 1416
20 41 185
20 42 1238
20 43 1368
20 44 137
20 45 1190
20 46 1320
20 47 89
20 48 1142
20 49 1368
20 50 137
20 51 1190
20 52 1416
20 53 185
20 54 1238
20 55 1464
20 56 233
20 57 1286
20 58 1512
20 59 281
20 60 1334
20 61 1560
20 62 329
20 63 1382
20 64 1608
20 65 377
20 66 1430
20 67 1656
20 68 425
20 69 1478
20 70 1704
20 71 473
20 72 1526
20 73 1752
20 74 521
20 75 1574
20 76 1800
20 77 569
20 78 1622
20 79 1848
20 80 617
20 81 1670
20 82 1896
20 83 665
20 84 1718
20 85 1944
20 86 713
20 87 1766
20 88 1632
21 0 1875
21 1 1063
21 2 1495
21 3 1846
21 4 465
21 5 1354
21 6 674
21 7 508
21 8 1889
21 9 891
21 10 1889
21 11 1159
21 12 1580
21 13 1583
21 14 855
21 15 1045
21 16 1474
21 17 1453
21 18 778
21 19 967
21 20 421
21 21 0
21 22 1492
21 23 839
21 24 1226
21 25 1005
21 26 947
21 27 866
21 28 1854
21 29 1053
21 30 1501
21 31 599
21 32 1392
21 33 770
21 34 1755
21 35 524
21 36 1187
21 37 1707
21 38 476
21 39 1139
21 40 1659
21 41 428
21 42 1091
21 43 1611
21 44 380
21 45 1043
21 46 1563
21 47 332
21 48 995
21 49 1515
21 50 284
21 51 947
21 52 1563
21 53 332
21 54 995
21 55 1611
21 56 380
21 57 1043
21 58 1659
21 59 428
21 60 1091
21 61 1707
21 62 476
21 63 1139
21 64 1755
21 65 524
21 66 1187
21 67 1803
21 68 572
21 69 1235
21 70 1851
21 71 620
21 72 1283
21 73 1899
21 74 668
21 75 1331
21 76 1947
21 77 716
21 78 1379
21 79 1995
21 80 764
21 81 1427
21 82 2043
21 83 812
21 84 1475
21 85 2091
21 86 860
21 87 1523
21 88 1875
22 0 671
22 1 1987
22 2 1195
22 3 844
22 4 1389
22 5 952
22 6 1310
22 7 1432
22 8 705
22 9 1319
22 10 705
22 11 859
22 12 630
22 13 91
22 14 1491
22 15 877
22 16 448
22 17 39
22 18 1414
22 19 1891
22 20 1345
22 21 1492
22 22 0
22 23 1475
22 24 1368
22 25 1641
22 26 1583
22 27 1502
22 28 644
22 29 1689
22 30 421
22 31 1331
22 32 434
22 33 1406
22 34 551
22 35 1448
22 36 2679
22 37 503
22 38 1400
22 39 2631
22 40 455
22 41 1352
22 42 2583
22 43 407
22 44 1304
22 45 2535
22 46 359
22 47 1256
22 48 2487
22 49 311
22 50 1208
22 51 2439
22 52 263
22 53 1160
22 54 2391
22 55 215
22 56 1112
22 57 2343
22 58 167
22 59 1064
22 60 2295
22 61 215
22 62 1112
22 63 2343
22 64 263
22 65 1160
22 66 2391
22 67 311
22 68 1208
22 69 2439
22 70 359
22 71 1256
22 72 2487
22 73 407
22 74 1304
22 75 2535
22 76 455
22 77 1352
22 78 2583
22 79 503
22 80 1400
22 81 2631
22 82 551
22 83 1448
22 84 2679
22 85 599
22 86 1496
22 87 2727
22 88 671
23 0 2146
23 1 1334
23 2 1094
23 3 1445
23 4 736
23 5 1625
23 6 369
23 7 779
23 8 1488
23 9 490
23 10 1488
23 11 950
23 12 1179
23 13 1566
23 14 838
23 15 1316
23 16 1745
23 17 1436
23 18 473
23 19 1238
23 20 692
23 21 839
23 22 1475
23 23 0
23 24 825
23 25 604
23 26 642
23 27 465
23 28 1453
23 29 652
23 30 1388
23 31 678
23 32 1471
23 33 369
23 34 2026
23 35 795
23 36 1588
23 37 1978
23 38 747
23 39 1540
23 40 1930
23 41 699
23 42 1492
23 43 1882
23 44 651
23 45 1444
23 46 1834
23 47 603
23 48 1396
23 49 1786
23 50 555
23 51 1348
23 52 1738
23 53 507
23 54 1300
23 55 1690
23 56 459
23 57 1252
23 58 1642
23 59 411
23 60 1204
23 61 1594
23 62 363
23 63 1156
23 64 1546
23 65 315
23 66 1108
23 67 1498
23 68 267
23 69 1060
23 70 1450
23 71 219
23 72 1012
23 73 1498
23 74 267
23 75 1060
23 76 1546
23 77 315
23 78 1108
23 79 1594
23 80 363
23 81 1156
23 82 1642
23 83 411
23 84 1204
23 85 1690
23 86 459
23 87 1252
23 88 2146
24 0 1705
24 1 1721
24 2 1097
24 3 1110
24 4 1123
24 5 1986
24 6 756
24 7 1166
24 8 663
24 9 877
24 10 663
24 11 1337
24 12 1280
24 13 1277
24 14 1225
24 15 1703
24 16 1482
24 17 1407
24 18 860
24 19 1625
24 20 1079
24 21 1226
24 22 1368
24 23 825
24 24 0
24 25 607
24 26 1029
24 27 564
24 28 1006
24 29 655
24 30 1359
24 31 1065
24 32 1468
24 33 660
24 34 1585
24 35 1182
24 36 2413
24 37 1537
24 38 1134
24 39 2365
24 40 1489
24 41 1086
24 42 2317
24 43 1441
24 44 1038
24 45 2269
24 46 1393
24 47 990
24 48 2221
24 49 1345
24 50 942
24 51 2173
24 52 1297
24 53 894
24 54 2125
24 55 1249
24 56 846
24 57 2077
24 58 1201
24 59 798
24 60 2029
24 61 1153
24 62 750
24 63 1981
24 64 1105
24 65 702
24 66 1933
24 67 1057
24 68 654
24 69 1885
24 70 1009
24 71 606
24 72 1837
24 73 961
24 74 558
24 75 1789
24 76 913
24 77 510
24 78 1741
24 79 865
24 80 462
24 81 1693
24 82 817
24 83 414
24 84 1645
24 85 865
24 86 462
24 87 1693
24 88 1705
25 0 2312
25 1 1500
25 2 876
25 3 1227
25 4 902
25 5 1791
25 6 535
25 7 945
25 8 1270
25 9 656
25 10 1270
25 11 1116
25 12 1345
25 13 1732
25 14 1004
25 15 1482
25 16 1911
25 17 1602
25 18 639
25 19 1404
25 20 858
25 21 1005
25 22 1641
25 23 604
25 24 607
25 25 0
25 26 808
25 27 343
25 28 1331
25 29 434
25 30 1554
25 31 844
25 32 1637
25 33 439
25 34 2192
25 35 961
25 36 1806
25 37 2144
25 38 913
25 39 1758
25 40 2096
25 41 865
25 42 1710
25 43 2048
25 44 817
25 45 1662
25 46 2000
25 47 769
25 48 1614
25 49 1952
25 50 721
25 51 1566
25 52 1904
25 53 673
25 54 1518
25 55 1856
25 56 625
25 57 1470
25 58 1808
25 59 577
25 60 1422
25 61 1760
25 62 529
25 63 1374
25 64 1712
25 65 481
25 66 1326
25 67 1664
25 68 433
25 69 1278
25 70 1616
25 71 385
25 72 1230
25 73 1568
25 74 337
25 75 1182
25 76 1520
25 77 289
25 78 1134
25 79 1472
25 80 241
25 81 1086
25 82 1424
25 83 193
25 84 1038
25 85 1472
25 86 241
25 87 1086
25 88 2312
26 0 2254
26 1 1442
26 2 1298
26 3 1649
26 4 844
26 5 1733
26 6 273
26 7 887
26 8 1692
26 9 694
26 10 1692
26 11 1058
26 12 1383
26 13 1674
26 14 946
26 15 1424
26 16 1853
26 17 1544
26 18 169
26 19 1346
26 20 800
26 21 947
26 22 1583
26 23 642
26 24 1029
26 25 808
26 26 0
26 27 669
26 28 1657
26 29 856
26 30 1496
26 31 786
26 32 1579
26 33 573
26 34 2134
26 35 903
26 36 1384
26 37 2086
26 38 855
26 39 1336
26 40 2038
26 41 807
26 42 1288
26 43 1990
26 44 759
26 45 1240
26 46 1942
26 47 711
26 48 1192
26 49 1894
26 50 663
26 51 1144
26 52 1846
26 53 615
26 54 1096
26 55 1798
26 56 567
26 57 1048
26 58 1750
26 59 519
26 60 1000
26 61 1702
26 62 471
26 63 952
26 64 1654
26 65 423
26 66 904
26 67 1606
26 68 375
26 69 856
26 70 1654
26 71 423
26 72 904
26 73 1702
26 74 471
26 75 952
26 76 1750
26 77 519
26 78 1000
26 79 1798
26 80 567
26 81 1048
26 82 1846
26 83 615
26 84 1096
26 85 1894
26 86 663
26 87 1144
26 88 2254
27 0 2173
27 1 1361
27 2 833
27 3 1184
27 4 763
27 5 1652
27 6 396
27 7 806
27 8 1227
27 9 517
27 10 1227
27 11 977
27 12 1206
27 13 1593
27 14 865
27 15 1343
27 16 1772
27 17 1463
27 18 500
27 19 1265
27 20 719
27 21 866
27 22 1502
27 23 465
27 24 564
27 25 343
27 26 669
27 27 0
27 28 1192
27 29 391
27 30 1415
27 31 705
27 32 1498
27 33 300
27 34 2053
27 35 822
27 36 1849
27 37 2005
27 38 774
27 39 1801
27 40 1957
27 41 726
27 42 1753
27 43 1909
27 44 678
27 45 1705
27 46 1861
27 47 630
27 48 1657
27 49 1813
27 50 582
27 51 1609
27 52 1765
27 53 534
27 54 1561
27 55 1717
27 56 486
27 57 1513
27 58 1669
27 59 438
27 60 1465
27 61 1621
27 62 390
27 63 1417
27 64 1573
27 65 342
27 66 1369
27 67 1525
27 68 294
27 69 1321
27 70 1477
27 71 246
27 72 1273
27 73 1429
27 74 198
27 75 1225
27 76 1381
27 77 150
27 78 1177
27 79 1333
27 80 102
27 81 1129
27 82 1381
27 83 150
27 84 1177
27 85 1429
27 86 198
27 87 1225
27 88 2173
28 0 981
28 1 2349
28 2 833
28 3 482
28 4 1751
28 5 1262
28 6 1384
28 7 1794
28 8 343
28 9 1245
28 10 343
28 11 977
28 12 556
28 13 553
28 14 1853
28 15 1187
28 16 758
28 17 683
28 18 1488
28 19 2253
28 20 1707
28 21 1854
28 22 644
28 23 1453
28 24 1006
28 25 1331
28 26 1657
28 27 1192
28 28 0
28 29 1379
28 30 635
28 31 1693
28 32 744
28 33 1288
28 34 861
28 35 1810
28 36 3041
28 37 813
28 38 1762
28 39 2993
28 40 765
28 41 1714
28 42 2945
28 43 717
28 44 1666
28 45 2897
28 46 669
28 47 1618
28 48 2849
28 49 621
28 50 1570
28 51 2801
28 52 573
28 53 1522
28 54 2753
28 55 525
28 56 1474
28 57 2705
28 58 477
28 59 1426
28 60 2657
28 61 429
28 62 1378
28 63 2609
28 64 381
28 65 1330
28 66 2561
28 67 333
28 68 1282
28 69 2513
28 70 285
28 71 1234
28 72 2465
28 73 237
28 74 1186
28 75 2417
28 76 189
28 77 1138
28 78 2369
28 79 141
28 80 1090
28 81 2321
28 82 189
28 83 1138
28 84 2369
28 85 237
28 86 1186
28 87 2417
28 88 981
29 0 2360
29 1 1548
29 2 828
29 3 1179
29 4 950
29 5 1839
29 6 583
29 7 993
29 8 1318
29 9 704
29 10 1318
29 11 1164
29 12 1393
29 13 1780
29 14 1052
29 15 1530
29 16 1959
29 17 1650
29 18 687
29 19 1452
29 20 906
29 21 1053
29 22 1689
29 23 652
29 24 655
29 25 434
29 26 856
29 27 391
29 28 1379
29 29 0
29 30 1602
29 31 892
29 32 1685
29 33 487
29 34 2240
29 35 1009
29 36 1854
29 37 2192
29 38 961
29 39 1806
29 40 2144
29 41 913
29 42 1758
29 43 2096
29 44 865
29 45 1710
29 46 2048
29 47 817
29 48 1662
29 49 2000
29 50 769
29 51 1614
29 52 1952
29 53 721
29 54 1566
29 55 1904
29 56 673
29 57 1518
29 58 1856
29 59 625
29 60 1470
29 61 1808
29 62 577
29 63 1422
29 64 1760
29 65 529
29 66 1374
29 67 1712
29 68 481
29 69 1326
29 70 1664
29 71 433
29 72 1278
29 73 1616
29 74 385
29 75 1230
29 76 1568
29 77 337
29 78 1182
29 79 1520
29 80 289
29 81 1134
29 82 1472
29 83 241
29 84 1086
29 85 1424
29 86 193
29 87 1038
29 88 2360
30 0 758
30 1 1996
30 2 1186
30 3 835
30 4 1398
30 5 1039
30 6 1223
30 7 1441
30 8 696
30 9 1310
30 10 696
30 11 850
30 12 621
30 13 330
30 14 1500
30 15 964
30 16 535
30 17 460
30 18 1327
30 19 1900
30 20 1354
30 21 1501
30 22 421
30 23 1388
30 24 1359
30 25 1554
30 26 1496
30 27 1415
30 28 635
30 29 1602
30 30 0
30 31 1340
30 32 521
30 33 1319
30 34 638
30 35 1457
30 36 2688
30 37 590
30 38 1409
30 39 2640
30 40 542
30 41 1361
30 42 2592
30 43 494
30 44 1313
30 45 2544
30 46 446
30 47 1265
30 48 2496
30 49 398
30 50 1217
30 51 2448
30 52 350
30 53 1169
30 54 2400
30 55 302
30 56 1121
30 57 2352
30 58 254
30 59 1073
30 60 2304
30 61 206
30 62 1025
30 63 2256
30 64 254
30 65 1073
30 66 2304
30 67 302
30 68 1121
30 69 2352
30 70 350
30 71 1169
30 72 2400
30 73 398
30 74 1217
30 75 2448
30 76 446
30 77 1265
30 78 2496
30 79 494
30 80 1313
30 81 2544
30 82 542
30 83 1361
30 84 2592
30 85 590
30 86 1409
30 87 2640
30 88 758
31 0 1906
31 1 1094
31 2 1334
31 3 1685
31 4 496
31 5 1385
31 6 513
31 7 539
31 8 1728
31 9 730
31 10 1728
31 11 998
31 12 1419
31 13 1422
31 14 694
31 15 1076
31 16 1505
31 17 1292
31 18 617
31 19 998
31 20 452
31 21 599
31 22 1331
31 23 678
31 24 1065
31 25 844
31 26 786
31 27 705
31 28 1693
31 29 892
31 30 1340
31 31 0
31 32 1231
31 33 609
31 34 1786
31 35 555
31 36 1348
31 37 1738
31 38 507
31 39 1300
31 40 1690
31 41 459
31 42 1252
31 43 1642
31 44 411
31 45 1204
31 46 1594
31 47 363
31 48 1156
31 49 1546
31 50 315
31 51 1108
31 52 1498
31 53 267
31 54 1060
31 55 1450
31 56 219
31 57 1012
31 58 1498
31 59 267
31 60 1060
31 61 1546
31 62 315
31 63 1108
31 64 1594
31 65 363
31 66 1156
31 67 1642
31 68 411
31 69 1204
31 70 1690
31 71 459
31 72 1252
31 73 1738
31 74 507
31 75 1300
31 76 1786
31 77 555
31 78 1348
31 79 1834
31 80 603
31 81 1396
31 82 1882
31 83 651
31 84 1444
31 85 1930
31 86 699
31 87 1492
31 88 1906
32 0 675
32 1 1887
32 2 1295
32 3 944
32 4 1289
32 5 956
32 6 1306
32 7 1332
32 8 805
32 9 1419
32 10 805
32 11 959
32 12 730
32 13 343
32 14 1487
32 15 881
32 16 452
32 17 473
32 18 1410
32 19 1791
32 20 1245
32 21 1392
32 22 434
32 23 1471
32 24 1468
32 25 1637
32 26 1579
32 27 1498
32 28 744
32 29 1685
32 30 521
32 31 1231
32 32 0
32 33 1402
32 34 555
32 35 1348
32 36 2579
32 37 507
32 38 1300
32 39 2531
32 40 459
32 41 1252
32 42 2483
32 43 411
32 44 1204
32 45 2435
32 46 363
32 47 1156
32 48 2387
32 49 315
32 50 1108
32 51 2339
32 52 267
32 53 1060
32 54 2291
32 55 219
32 56 1012
32 57 2243
32 58 267
32 59 1060
32 60 2291
32 61 315
32 62 1108
32 63 2339
32 64 363
32 65 1156
32 66 2387
32 67 411
32 68 1204
32 69 2435
32 70 459
32 71 1252
32 72 2483
32 73 507
32 74 1300
32 75 2531
32 76 555
32 77 1348
32 78 2579
32 79 603
32 80 1396
32 81 2627
32 82 651
32 83 1444
32 84 2675
32 85 699
32 86 1492
32 87 2723
32 88 675
33 0 2077
33 1 1265
33 2 929
33 3 1280
33 4 667
33 5 1556
33 6 300
33 7 710
33 8 1323
33 9 421
33 10 1323
33 11 881
33 12 1110
33 13 1497
33 14 769
33 15 1247
33 16 1676
33 17 1367
33 18 404
33 19 1169
33 20 623
33 21 770
33 22 1406
33 23 369
33 24 660
33 25 439
33 26 573
33 27 300
33 28 1288
33 29 487
33 30 1319
33 31 609
33 32 1402
33 33 0
33 34 1957
33 35 726
33 36 1753
33 37 1909
33 38 678
33 39 1705
33 40 1861
33 41 630
33 42 1657
33 43 1813
33 44 582
33 45 1609
33 46 1765
33 47 534
33 48 1561
33 49 1717
33 50 486
33 51 1513
33 52 1669
33 53 438
33 54 1465
33 55 1621
33 56 390
33 57 1417
33 58 1573
33 59 342
33 60 1369
33 61 1525
33 62 294
33 63 1321
33 64 1477
33 65 246
33 66 1273
33 67 1429
33 68 198
33 69 1225
33 70 1381
33 71 150
33 72 1177
33 73 1333
33 74 102
33 75 1129
33 76 1381
33 77 150
33 78 1177
33 79 1429
33 80 198
33 81 1225
33 82 1477
33 83 246
33 84 1273
33 85 1525
33 86 294
33 87 1321
33 88 2077
34 0 120
34 1 1962
34 2 1412
34 3 1061
34 4 1290
34 5 401
34 6 1861
34 7 1503
34 8 922
34 9 1536
34 10 922
34 11 1076
34 12 847
34 13 460
34 14 2042
34 15 710
34 16 281
34 17 590
34 18 1965
34 19 2058
34 20 1512
34 21 1755
34 22 551
34 23 2026
34 24 1585
34 25 2192
34 26 2134
34 27 2053
34 28 861
34 29 2240
34 30 638
34 31 1786
34 32 555
34 33 1957
34 34 0
34 35 1231
34 36 2462
34 37 48
34 38 1279
34 39 2510
34 40 96
34 41 1327
34 42 2558
34 43 144
34 44 1375
34 45 2606
34 46 192
34 47 1423
34 48 2654
34 49 240
34 50 1471
34 51 2702
34 52 288
34 53 1519
34 54 2750
34 55 336
34 56 1567
34 57 2798
34 58 384
34 59 1615
34 60 2846
34 61 432
34 62 1663
34 63 2894
34 64 480
34 65 1711
34 66 2942
34 67 528
34 68 1759
34 69 2990
34 70 576
34 71 1807
34 72 3038
34 73 624
34 74 1855
34 75 3086
34 76 672
34 77 1903
34 78 3134
34 79 720
34 80 1951
34 81 3182
34 82 768
34 83 1999
34 84 3230
34 85 816
34 86 2047
34 87 3278
34 88 120
35 0 1351
35 1 731
35 2 1451
35 3 1802
35 4 133
35 5 830
35 6 630
35 7 272
35 8 1845
35 9 847
35 10 1845
35 11 1115
35 12 1536
35 13 1539
35 14 811
35 15 905
35 16 1334
35 17 1409
35 18 734
35 19 827
35 20 281
35 21 524
35 22 1448
35 23 795
35 24 1182
35 25 961
35 26 903
35 27 822
35 28 1810
35 29 1009
35 30 1457
35 31 555
35 32 1348
35 33 726
35 34 1231
35 35 0
35 36 1231
35 37 1279
35 38 48
35 39 1279
35 40 1327
35 41 96
35 42 1327
35 43 1375
35 44 144
35 45 1375
35 46 1423
35 47 192
35 48 1423
35 49 1471
35 50 240
35 51 1471
35 52 1519
35 53 288
35 54 1519
35 55 1567
35 56 336
35 57 1567
35 58 1615
35 59 384
35 60 1615
35 61 1663
35 62 432
35 63 1663
35 64 1711
35 65 480
35 66 1711
35 67 1759
35 68 528
35 69 1759
35 70 1807
35 71 576
35 72 1807
35 73 1855
35 74 624
35 75 1855
35 76 1903
35 77 672
35 78 1903
35 79 1951
35 80 720
35 81 1951
35 82 1999
35 83 768
35 84 1999
35 85 2047
35 86 816
35 87 2047
35 88 1351
36 0 2582
36 1 692
36 2 2682
36 3 3033
36 4 1364
36 5 2061
36 6 1657
36 7 1247
36 8 3076
36 9 2078
36 10 3076
36 11 2346
36 12 2767
36 13 2770
36 14 1188
36 15 2136
36 16 2565
36 17 2640
36 18 1553
36 19 788
36 20 1334
36 21 1187
36 22 2679
36 23 1588
36 24 2413
36 25 1806
36 26 1384
36 27 1849
36 28 3041
36 29 1854
36 30 2688
36 31 1348
36 32 2579
36 33 1753
36 34 2462
36 35 1231
36 36 0
36 37 2510
36 38 1279
36 39 48
36 40 2558
36 41 1327
36 42 96
36 43 2606
36 44 1375
36 45 144
36 46 2654
36 47 1423
36 48 192
36 49 2702
36 50 1471
36 51 240
36 52 2750
36 53 1519
36 54 288
36 55 2798
36 56 1567
36 57 336
36 58 2846
36 59 1615
36 60 384
36 61 2894
36 62 1663
36 63 432
36 64 2942
36 65 1711
36 66 480
36 67 2990
36 68 1759
36 69 528
36 70 3038
36 71 1807
36 72 576
36 73 3086
36 74 1855
36 75 624
36 76 3134
36 77 1903
36 78 672
36 79 3182
36 80 1951
36 81 720
36 82 3230
36 83 1999
36 84 768
36 85 3278
36 86 2047
36 87 816
36 88 2582
37 0 168
37 1 1914
37 2 1364
37 3 1013
37 4 1242
37 5 449
37 6 1813
37 7 1455
37 8 874
37 9 1488
37 10 874
37 11 1028
37 12 799
37 13 412
37 14 1994
37 15 662
37 16 233
37 17 542
37 18 1917
37 19 2010
37 20 1464
37 21 1707
37 22 503
37 23 1978
37 24 1537
37 25 2144
37 26 2086
37 27 2005
37 28 813
37 29 2192
37 30 590
37 31 1738
37 32 507
37 33 1909
37 34 48
37 35 1279
37 36 2510
37 37 0
37 38 1231
37 39 2462
37 40 48
37 41 1279
37 42 2510
37 43 96
37 44 1327
37 45 2558
37 46 144
37 47 1375
37 48 2606
37 49 192
37 50 1423
37 51 2654
37 52 240
37 53 1471
37 54 2702
37 55 288
37 56 1519
37 57 2750
37 58 336
37 59 1567
37 60 2798
37 61 384
37 62 1615
37 63 2846
37 64 432
37 65 1663
37 66 2894
37 67 480
37 68 1711
37 69 2942
37 70 528
37 71 1759
37 72 2990
37 73 576
37 74 1807
37 75 3038
37 76 624
37 77 1855
37 78 3086
37 79 672
37 80 1903
37 81 3134
37 82 720
37 83 1951
37 84 3182
37 85 768
37 86 1999
37 87 3230
37 88 168
38 0 1399
38 1 683
38 2 1403
38 3 1754
38 4 85
38 5 878
38 6 582
38 7 224
38 8 1797
38 9 799
38 10 1797
38 11 1067
38 12 1488
38 13 1491
38 14 763
38 15 857
38 16 1286
38 17 1361
38 18 686
38 19 779
38 20 233
38 21 476
38 22 1400
38 23 747
38 24 1134
38 25 913
38 26 855
38 27 774
38 28 1762
38 29 961
38 30 1409
38 31 507
38 32 1300
38 33 678
38 34 1279
38 35 48
38 36 1279
38 37 1231
38 38 0
38 39 1231
38 40 1279
38 41 48
38 42 1279
38 43 1327
38 44 96
38 45 1327
38 46 1375
38 47 144
38 48 1375
38 49 1423
38 50 192
38 51 1423
38 52 1471
38 53 240
38 54 1471
38 55 1519
38 56 288
38 57 1519
38 58 1567
38 59 336
38 60 1567
38 61 1615
38 62 384
38 63 1615
38 64 1663
38 65 432
38 66 1663
38 67 1711
38 68 480
38 69 1711
38 70 1759
38 71 528
38 72 1759
38 73 1807
38 74 576
38 75 1807
38 76 1855
38 77 624
38 78 1855
38 79 1903
38 80 672
38 81 1903
38 82 1951
38 83 720
38 84 1951
38 85 1999
38 86 768
38 87 1999
38 88 1399
39 0 2630
39 1 644
39 2 2634
39 3 2985
39 4 1316
39 5 2109
39 6 1609
39 7 1199
39 8 3028
39 9 2030
39 10 3028
39 11 2298
39 12 2719
39 13 2722
39 14 1140
39 15 2088
39 16 2517
39 17 2592
39 18 1505
39 19 740
39 20 1286
39 21 1139
39 22 2631
39 23 1540
39 24 2365
39 25 1758
39 26 1336
39 27 1801
39 28 2993
39 29 1806
39 30 2640
39 31 1300
39 32 2531
39 33 1705
39 34 2510
39 35 1279
39 36 48
39 37 2462
39 38 1231
39 39 0
39 40 2510
39 41 1279
39 42 48
39 43 2558
39 44 1327
39 45 96
39 46 2606
39 47 1375
39 48 144
39 49 2654
39 50 1423
39 51 192
39 52 2702
39 53 1471
39 54 240
39 55 2750
39 56 1519
39 57 288
39 58 2798
39 59 1567
39 60 336
39 61 2846
39 62 1615
39 63 384
39 64 2894
39 65 1663
39 66 432
39 67 2942
39 68 1711
39 69 480
39 70 2990
39 71 1759
39 72 528
39 73 3038
39 74 1807
39 75 576
39 76 3086
39 77 1855
39 78 624
39 79 3134
39 80 1903
39 81 672
39 82 3182
39 83 1951
39 84 720
39 85 3230
39 86 1999
39 87 768
39 88 2630
40 0 216
40 1 1866
40 2 1316
40 3 965
40 4 1194
40 5 497
40 6 1765
40 7 1407
40 8 826
40 9 1440
40 10 826
40 11 980
40 12 751
40 13 364
40 14 1946
40 15 614
40 16 185
40 17 494
40 18 1869
40 19 1962
40 20 1416
40 21 1659
40 22 455
