//alpha
1
//NbLocations
63
//NbProducts
26
//NbPickers
2
//CapaPicker
8
//TimeToTravelOneDistanceUnit
3
//SetupTime
5400
//PickTime
300
//Products
//Idx Location Size
1 1 1
2 2 1
3 3 1
4 4 1
5 5 1
6 6 1
7 7 1
8 8 1
9 9 1
10 10 1
11 11 1
12 12 1
13 13 1
14 14 1
15 15 1
16 16 1
17 17 1
18 18 1
19 19 1
20 20 1
21 21 1
22 22 1
23 23 1
24 24 1
25 25 1
26 26 1
//Orders
//NbOrders
12
//Idx DueDate TardinessPenalty NbProdInOrder ProdIdx1 Qty1 ProdIdx2 Qty2 ...
1 126000 0 4 1 1 2 1 3 1 4 1
2 108000 0 1 5 1
3 108000 0 1 6 1
4 54000 0 2 7 1 8 1
5 108000 0 2 9 1 10 1
6 144000 0 1 11 1
7 144000 0 1 12 1
8 72000 0 3 13 1 14 1 15 1
9 54000 0 1 16 1
10 144000 0 7 17 1 18 1 19 1 20 1 21 1 22 1 23 1
11 54000 0 1 24 1
12 72000 0 2 25 1 26 1
//Graph (Products are vertices indexed from 1 to NbProducts)
//NbVerticesIntersections
36
//DepartingDepot
0
//ArrivalDepot
63
//Arcs
//Start End Distance
0 27 120
1 17 182
1 56 258
2 57 284
2 58 557
3 31 362
3 32 479
4 60 401
4 61 440
5 34 609
5 35 232
6 13 65
6 49 128
7 30 804
7 31 37
8 52 219
8 53 622
9 19 52
9 24 13
10 46 102
10 47 739
11 12 26
11 59 102
12 11 26
12 58 713
13 6 65
13 50 648
14 24 481
14 33 102
15 45 440
15 46 401
16 54 752
16 55 89
17 1 182
17 55 401
18 28 739
18 29 102
19 9 52
19 22 117
20 42 453
20 43 388
21 40 700
21 41 141
22 19 117
22 34 76
23 36 674
23 37 167
24 9 13
24 14 481
25 48 349
25 49 492
26 27 726
26 28 115
27 26 726
27 30 48
27 63 120
28 18 739
28 26 115
28 31 48
29 18 102
29 32 48
30 7 804
30 27 48
30 33 48
31 3 362
31 7 37
31 28 48
31 34 48
32 3 479
32 29 48
32 35 48
33 14 102
33 30 48
33 36 48
34 5 609
34 22 76
34 31 48
34 37 48
35 5 232
35 32 48
35 38 48
36 23 674
36 33 48
36 39 48
37 23 167
37 34 48
37 38 841
37 40 48
38 35 48
38 37 841
38 41 48
39 36 48
39 40 841
39 42 48
40 21 700
40 37 48
40 39 841
40 43 48
41 21 141
41 38 48
41 44 48
42 20 453
42 39 48
42 45 48
43 20 388
43 40 48
43 44 841
43 46 48
44 41 48
44 43 841
44 47 48
45 15 440
45 42 48
45 48 48
46 10 102
46 15 401
46 43 48
46 49 48
47 10 739
47 44 48
47 50 48
48 25 349
48 45 48
48 51 48
49 6 128
49 25 492
49 46 48
49 52 48
50 13 648
50 47 48
50 53 48
51 48 48
51 52 841
51 54 48
52 8 219
52 49 48
52 51 841
52 55 48
53 8 622
53 50 48
53 56 48
54 16 752
54 51 48
54 57 48
55 16 89
55 17 401
55 52 48
55 58 48
56 1 258
56 53 48
56 59 48
57 2 284
57 54 48
57 60 48
58 2 557
58 12 713
58 55 48
58 61 48
59 11 102
59 56 48
59 62 48
60 4 401
60 57 48
61 4 440
61 58 48
61 62 841
62 59 48
62 61 841
//LocStart LocEnd ShortestPath
0 0 0
0 1 1976
0 2 884
0 3 1371
0 4 1049
0 5 1666
0 6 1425
0 7 972
0 8 1564
0 9 812
0 10 1351
0 11 2180
0 12 2154
0 13 1490
0 14 318
0 15 848
0 16 1304
0 17 1794
0 18 1700
0 19 864
0 20 813
0 21 1853
0 22 981
0 23 938
0 24 799
0 25 805
0 26 846
0 27 120
0 28 961
0 29 1802
0 30 168
0 31 1009
0 32 1850
0 33 216
0 34 1057
0 35 1898
0 36 264
0 37 1105
0 38 1946
0 39 312
0 40 1153
0 41 1994
0 42 360
0 43 1201
0 44 2042
0 45 408
0 46 1249
0 47 2090
0 48 456
0 49 1297
0 50 2138
0 51 504
0 52 1345
0 53 2186
0 54 552
0 55 1393
0 56 2234
0 57 600
0 58 1441
0 59 2282
0 60 648
0 61 1489
0 62 2330
0 63 0
1 0 1976
1 1 0
1 2 1188
1 3 1121
1 4 1119
1 5 826
1 6 807
1 7 1004
1 8 850
1 9 1164
1 10 829
1 11 408
1 12 434
1 13 872
1 14 1658
1 15 1128
1 16 672
1 17 182
1 18 792
1 19 1112
1 20 1163
1 21 639
1 22 995
1 23 1038
1 24 1177
1 25 1171
1 26 1130
1 27 1856
1 28 1015
1 29 690
1 30 1808
1 31 967
1 32 642
1 33 1760
1 34 919
1 35 594
1 36 1712
1 37 871
1 38 546
1 39 1664
1 40 823
1 41 498
1 42 1616
1 43 775
1 44 450
1 45 1568
1 46 727
1 47 402
1 48 1520
1 49 679
1 50 354
1 51 1472
1 52 631
1 53 306
1 54 1424
1 55 583
1 56 258
1 57 1472
1 58 631
1 59 306
1 60 1520
1 61 679
1 62 354
1 63 1976
2 0 884
2 1 1188
2 2 0
2 3 1351
2 4 733
2 5 1550
2 6 829
2 7 1026
2 8 872
2 9 1186
2 10 851
2 11 1296
2 12 1270
2 13 894
2 14 770
2 15 916
2 16 694
2 17 1006
2 18 1776
2 19 1134
2 20 977
2 21 1545
2 22 1017
2 23 1060
2 24 1199
2 25 777
2 26 1152
2 27 764
2 28 1037
2 29 1878
2 30 716
2 31 989
2 32 1830
2 33 668
2 34 941
2 35 1782
2 36 620
2 37 893
2 38 1734
2 39 572
2 40 845
2 41 1686
2 42 524
2 43 797
2 44 1638
2 45 476
2 46 749
2 47 1590
2 48 428
2 49 701
2 50 1542
2 51 380
2 52 653
2 53 1494
2 54 332
2 55 605
2 56 1446
2 57 284
2 58 557
2 59 1398
2 60 332
2 61 605
2 62 1446
2 63 884
3 0 1371
3 1 1121
3 2 1351
3 3 0
3 4 1282
3 5 759
3 6 778
3 7 399
3 8 917
3 9 655
3 10 704
3 11 1013
3 12 1039
3 13 843
3 14 1149
3 15 1003
3 16 835
3 17 1147
3 18 629
3 19 603
3 20 942
3 21 764
3 22 486
3 23 625
3 24 668
3 25 1142
3 26 525
3 27 1251
3 28 410
3 29 527
3 30 1203
3 31 362
3 32 479
3 33 1251
3 34 410
3 35 527
3 36 1299
3 37 458
3 38 575
3 39 1347
3 40 506
3 41 623
3 42 1395
3 43 554
3 44 671
3 45 1443
3 46 602
3 47 719
3 48 1491
3 49 650
3 50 767
3 51 1539
3 52 698
3 53 815
3 54 1587
3 55 746
3 56 863
3 57 1635
3 58 794
3 59 911
3 60 1683
3 61 842
3 62 959
3 63 1371
4 0 1049
4 1 1119
4 2 733
4 3 1282
4 4 0
4 5 1481
4 6 760
4 7 957
4 8 803
4 9 1117
4 10 782
4 11 1227
4 12 1201
4 13 825
4 14 935
4 15 1081
4 16 625
4 17 937
4 18 1707
4 19 1065
4 20 1116
4 21 1476
4 22 948
4 23 991
4 24 1130
4 25 942
4 26 1083
4 27 929
4 28 968
4 29 1809
4 30 881
4 31 920
4 32 1761
4 33 833
4 34 872
4 35 1713
4 36 785
4 37 824
4 38 1665
4 39 737
4 40 776
4 41 1617
4 42 689
4 43 728
4 44 1569
4 45 641
4 46 680
4 47 1521
4 48 593
4 49 632
4 50 1473
4 51 545
4 52 584
4 53 1425
4 54 497
4 55 536
4 56 1377
4 57 449
4 58 488
4 59 1329
4 60 401
4 61 440
4 62 1281
4 63 1049
5 0 1666
5 1 826
5 2 1550
5 3 759
5 4 1481
5 5 0
5 6 977
5 7 694
5 8 1116
5 9 854
5 10 903
5 11 718
5 12 744
5 13 1042
5 14 1348
5 15 1202
5 16 1034
5 17 1008
5 18 430
5 19 802
5 20 1141
5 21 469
5 22 685
5 23 824
5 24 867
5 25 1341
5 26 820
5 27 1546
5 28 705
5 29 328
5 30 1498
5 31 657
5 32 280
5 33 1450
5 34 609
5 35 232
5 36 1498
5 37 657
5 38 280
5 39 1546
5 40 705
5 41 328
5 42 1594
5 43 753
5 44 376
5 45 1642
5 46 801
5 47 424
5 48 1690
5 49 849
5 50 472
5 51 1738
5 52 897
5 53 520
5 54 1786
5 55 945
5 56 568
5 57 1834
5 58 993
5 59 616
5 60 1882
5 61 1041
5 62 664
5 63 1666
6 0 1425
6 1 807
6 2 829
6 3 778
6 4 760
6 5 977
6 6 0
6 7 453
6 8 395
6 9 613
6 10 278
6 11 959
6 12 985
6 13 65
6 14 1107
6 15 577
6 16 313
6 17 625
6 18 1151
6 19 561
6 20 612
6 21 972
6 22 444
6 23 487
6 24 626
6 25 620
6 26 579
6 27 1305
6 28 464
6 29 1049
6 30 1257
6 31 416
6 32 1001
6 33 1209
6 34 368
6 35 953
6 36 1161
6 37 320
6 38 905
6 39 1113
6 40 272
6 41 857
6 42 1065
6 43 224
6 44 809
6 45 1017
6 46 176
6 47 761
6 48 969
6 49 128
6 50 713
6 51 1017
6 52 176
6 53 761
6 54 1065
6 55 224
6 56 809
6 57 1113
6 58 272
6 59 857
6 60 1161
6 61 320
6 62 905
6 63 1425
7 0 972
7 1 1004
7 2 1026
7 3 399
7 4 957
7 5 694
7 6 453
7 7 0
7 8 592
7 9 330
7 10 379
7 11 1208
7 12 1182
7 13 518
7 14 824
7 15 678
7 16 510
7 17 822
7 18 824
7 19 278
7 20 617
7 21 881
7 22 161
7 23 300
7 24 343
7 25 817
7 26 200
7 27 852
7 28 85
7 29 926
7 30 804
7 31 37
7 32 878
7 33 852
7 34 85
7 35 926
7 36 900
7 37 133
7 38 974
7 39 948
7 40 181
7 41 1022
7 42 996
7 43 229
7 44 1070
7 45 1044
7 46 277
7 47 1118
7 48 1092
7 49 325
7 50 1166
7 51 1140
7 52 373
7 53 1214
7 54 1188
7 55 421
7 56 1262
7 57 1236
7 58 469
7 59 1310
7 60 1284
7 61 517
7 62 1358
7 63 972
8 0 1564
8 1 850
8 2 872
8 3 917
8 4 803
8 5 1116
8 6 395
8 7 592
8 8 0
8 9 752
8 10 417
8 11 820
8 12 846
8 13 460
8 14 1246
8 15 716
8 16 356
8 17 668
8 18 1108
8 19 700
8 20 751
8 21 955
8 22 583
8 23 626
8 24 765
8 25 759
8 26 718
8 27 1444
8 28 603
8 29 1006
8 30 1396
8 31 555
8 32 958
8 33 1348
8 34 507
8 35 910
8 36 1300
8 37 459
8 38 862
8 39 1252
8 40 411
8 41 814
8 42 1204
8 43 363
8 44 766
8 45 1156
8 46 315
8 47 718
8 48 1108
8 49 267
8 50 670
8 51 1060
8 52 219
8 53 622
8 54 1108
8 55 267
8 56 670
8 57 1156
8 58 315
8 59 718
8 60 1204
8 61 363
8 62 766
8 63 1564
9 0 812
9 1 1164
9 2 1186
9 3 655
9 4 1117
9 5 854
9 6 613
9 7 330
9 8 752
9 9 0
9 10 539
9 11 1368
9 12 1342
9 13 678
9 14 494
9 15 838
9 16 670
9 17 982
9 18 1080
9 19 52
9 20 777
9 21 1041
9 22 169
9 23 460
9 24 13
9 25 977
9 26 456
9 27 692
9 28 341
9 29 1182
9 30 644
9 31 293
9 32 1134
9 33 596
9 34 245
9 35 1086
9 36 644
9 37 293
9 38 1134
9 39 692
9 40 341
9 41 1182
9 42 740
9 43 389
9 44 1230
9 45 788
9 46 437
9 47 1278
9 48 836
9 49 485
9 50 1326
9 51 884
9 52 533
9 53 1374
9 54 932
9 55 581
9 56 1422
9 57 980
9 58 629
9 59 1470
9 60 1028
9 61 677
9 62 1518
9 63 812
10 0 1351
10 1 829
10 2 851
10 3 704
10 4 782
10 5 903
10 6 278
10 7 379
10 8 417
10 9 539
10 10 0
10 11 1033
10 12 1007
10 13 343
10 14 1033
10 15 503
10 16 335
10 17 647
10 18 1129
10 19 487
10 20 538
10 21 898
10 22 370
10 23 413
10 24 552
10 25 642
10 26 505
10 27 1231
10 28 390
10 29 1027
10 30 1183
10 31 342
10 32 979
10 33 1135
10 34 294
10 35 931
10 36 1087
10 37 246
10 38 883
10 39 1039
10 40 198
10 41 835
10 42 991
10 43 150
10 44 787
10 45 943
10 46 102
10 47 739
10 48 991
10 49 150
10 50 787
10 51 1039
10 52 198
10 53 835
10 54 1087
10 55 246
10 56 883
10 57 1135
10 58 294
10 59 931
10 60 1183
10 61 342
10 62 979
10 63 1351
11 0 2180
11 1 408
11 2 1296
11 3 1013
11 4 1227
11 5 718
11 6 959
11 7 1208
11 8 820
11 9 1368
11 10 1033
11 11 0
11 12 26
11 13 894
11 14 1862
11 15 1332
11 16 876
11 17 590
11 18 684
11 19 1316
11 20 1367
11 21 531
11 22 1199
11 23 1242
11 24 1381
11 25 1375
11 26 1334
11 27 2060
11 28 1219
11 29 582
11 30 2012
11 31 1171
11 32 534
11 33 1964
11 34 1123
11 35 486
11 36 1916
11 37 1075
11 38 438
11 39 1868
11 40 1027
11 41 390
11 42 1820
11 43 979
11 44 342
11 45 1772
11 46 931
11 47 294
11 48 1724
11 49 883
11 50 246
11 51 1676
11 52 835
11 53 198
11 54 1628
11 55 787
11 56 150
11 57 1580
11 58 739
11 59 102
11 60 1628
11 61 787
11 62 150
11 63 2180
12 0 2154
12 1 434
12 2 1270
12 3 1039
12 4 1201
12 5 744
12 6 985
12 7 1182
12 8 846
12 9 1342
12 10 1007
12 11 26
12 12 0
12 13 920
12 14 1836
12 15 1306
12 16 850
12 17 616
12 18 710
12 19 1290
12 20 1341
12 21 557
12 22 1173
12 23 1216
12 24 1355
12 25 1349
12 26 1308
12 27 2034
12 28 1193
12 29 608
12 30 1986
12 31 1145
12 32 560
12 33 1938
12 34 1097
12 35 512
12 36 1890
12 37 1049
12 38 464
12 39 1842
12 40 1001
12 41 416
12 42 1794
12 43 953
12 44 368
12 45 1746
12 46 905
12 47 320
12 48 1698
12 49 857
12 50 272
12 51 1650
12 52 809
12 53 224
12 54 1602
12 55 761
12 56 176
12 57 1554
12 58 713
12 59 128
12 60 1602
12 61 761
12 62 176
12 63 2154
13 0 1490
13 1 872
13 2 894
13 3 843
13 4 825
13 5 1042
13 6 65
13 7 518
13 8 460
13 9 678
13 10 343
13 11 894
13 12 920
13 13 0
13 14 1172
13 15 642
13 16 378
13 17 690
13 18 1086
13 19 626
13 20 677
13 21 933
13 22 509
13 23 552
13 24 691
13 25 685
13 26 644
13 27 1370
13 28 529
13 29 984
13 30 1322
13 31 481
13 32 936
13 33 1274
13 34 433
13 35 888
13 36 1226
13 37 385
13 38 840
13 39 1178
13 40 337
13 41 792
13 42 1130
13 43 289
13 44 744
13 45 1082
13 46 241
13 47 696
13 48 1034
13 49 193
13 50 648
13 51 1082
13 52 241
13 53 696
13 54 1130
13 55 289
13 56 744
13 57 1178
13 58 337
13 59 792
13 60 1226
13 61 385
13 62 840
13 63 1490
14 0 318
14 1 1658
14 2 770
14 3 1149
14 4 935
14 5 1348
14 6 1107
14 7 824
14 8 1246
14 9 494
14 10 1033
14 11 1862
14 12 1836
14 13 1172
14 14 0
14 15 734
14 16 1164
14 17 1476
14 18 1574
14 19 546
14 20 699
14 21 1535
14 22 663
14 23 824
14 24 481
14 25 691
14 26 924
14 27 198
14 28 835
14 29 1676
14 30 150
14 31 787
14 32 1628
14 33 102
14 34 739
14 35 1580
14 36 150
14 37 787
14 38 1628
14 39 198
14 40 835
14 41 1676
14 42 246
14 43 883
14 44 1724
14 45 294
14 46 931
14 47 1772
14 48 342
14 49 979
14 50 1820
14 51 390
14 52 1027
14 53 1868
14 54 438
14 55 1075
14 56 1916
14 57 486
14 58 1123
14 59 1964
14 60 534
14 61 1171
14 62 2012
14 63 318
15 0 848
15 1 1128
15 2 916
15 3 1003
15 4 1081
15 5 1202
15 6 577
15 7 678
15 8 716
15 9 838
15 10 503
15 11 1332
15 12 1306
15 13 642
15 14 734
15 15 0
15 16 634
15 17 946
15 18 1428
15 19 786
15 20 837
15 21 1197
15 22 669
15 23 712
15 24 851
15 25 837
15 26 804
15 27 728
15 28 689
15 29 1530
15 30 680
15 31 641
15 32 1482
15 33 632
15 34 593
15 35 1434
15 36 584
15 37 545
15 38 1386
15 39 536
15 40 497
15 41 1338
15 42 488
15 43 449
15 44 1290
15 45 440
15 46 401
15 47 1242
15 48 488
15 49 449
15 50 1290
15 51 536
15 52 497
15 53 1338
15 54 584
15 55 545
15 56 1386
15 57 632
15 58 593
15 59 1434
15 60 680
15 61 641
15 62 1482
15 63 848
16 0 1304
16 1 672
16 2 694
16 3 835
16 4 625
16 5 1034
16 6 313
16 7 510
16 8 356
16 9 670
16 10 335
16 11 876
16 12 850
16 13 378
16 14 1164
16 15 634
16 16 0
16 17 490
16 18 1260
16 19 618
16 20 669
16 21 1029
16 22 501
16 23 544
16 24 683
16 25 677
16 26 636
16 27 1184
16 28 521
16 29 1362
16 30 1136
16 31 473
16 32 1314
16 33 1088
16 34 425
16 35 1266
16 36 1040
16 37 377
16 38 1218
16 39 992
16 40 329
16 41 1170
16 42 944
16 43 281
16 44 1122
16 45 896
16 46 233
16 47 1074
16 48 848
16 49 185
16 50 1026
16 51 800
16 52 137
16 53 978
16 54 752
16 55 89
16 56 930
16 57 800
16 58 137
16 59 978
16 60 848
16 61 185
16 62 1026
16 63 1304
17 0 1794
17 1 182
17 2 1006
17 3 1147
17 4 937
17 5 1008
17 6 625
17 7 822
17 8 668
17 9 982
17 10 647
17 11 590
17 12 616
17 13 690
17 14 1476
17 15 946
17 16 490
17 17 0
17 18 974
17 19 930
17 20 981
17 21 821
17 22 813
17 23 856
17 24 995
17 25 989
17 26 948
17 27 1674
17 28 833
17 29 872
17 30 1626
17 31 785
17 32 824
17 33 1578
17 34 737
17 35 776
17 36 1530
17 37 689
17 38 728
17 39 1482
17 40 641
17 41 680
17 42 1434
17 43 593
17 44 632
17 45 1386
17 46 545
17 47 584
17 48 1338
17 49 497
17 50 536
17 51 1290
17 52 449
17 53 488
17 54 1242
17 55 401
17 56 440
17 57 1290
17 58 449
17 59 488
17 60 1338
17 61 497
17 62 536
17 63 1794
18 0 1700
18 1 792
18 2 1776
18 3 629
18 4 1707
18 5 430
18 6 1151
18 7 824
18 8 1108
18 9 1080
18 10 1129
18 11 684
18 12 710
18 13 1086
18 14 1574
18 15 1428
18 16 1260
18 17 974
18 18 0
18 19 1028
18 20 1367
18 21 435
18 22 911
18 23 1050
18 24 1093
18 25 1567
18 26 854
18 27 1580
18 28 739
18 29 102
18 30 1628
18 31 787
18 32 150
18 33 1676
18 34 835
18 35 198
18 36 1724
18 37 883
18 38 246
18 39 1772
18 40 931
18 41 294
18 42 1820
18 43 979
18 44 342
18 45 1868
18 46 1027
18 47 390
18 48 1916
18 49 1075
18 50 438
18 51 1964
18 52 1123
18 53 486
18 54 2012
18 55 1171
18 56 534
18 57 2060
18 58 1219
18 59 582
18 60 2108
18 61 1267
18 62 630
18 63 1700
19 0 864
19 1 1112
19 2 1134
19 3 603
19 4 1065
19 5 802
19 6 561
19 7 278
19 8 700
19 9 52
19 10 487
19 11 1316
19 12 1290
19 13 626
19 14 546
19 15 786
19 16 618
19 17 930
19 18 1028
19 19 0
19 20 725
19 21 989
19 22 117
19 23 408
19 24 65
19 25 925
19 26 404
19 27 744
19 28 289
19 29 1130
19 30 696
19 31 241
19 32 1082
19 33 648
19 34 193
19 35 1034
19 36 696
19 37 241
19 38 1082
19 39 744
19 40 289
19 41 1130
19 42 792
19 43 337
19 44 1178
19 45 840
19 46 385
19 47 1226
19 48 888
19 49 433
19 50 1274
19 51 936
19 52 481
19 53 1322
19 54 984
19 55 529
19 56 1370
19 57 1032
19 58 577
19 59 1418
19 60 1080
19 61 625
19 62 1466
19 63 864
20 0 813
20 1 1163
20 2 977
20 3 942
20 4 1116
20 5 1141
20 6 612
20 7 617
20 8 751
20 9 777
20 10 538
20 11 1367
20 12 1341
20 13 677
20 14 699
20 15 837
20 16 669
20 17 981
20 18 1367
20 19 725
20 20 0
20 21 1136
20 22 608
20 23 651
20 24 790
20 25 898
20 26 743
20 27 693
20 28 628
20 29 1469
20 30 645
20 31 580
20 32 1421
20 33 597
20 34 532
20 35 1373
20 36 549
20 37 484
20 38 1325
20 39 501
20 40 436
20 41 1277
20 42 453
20 43 388
20 44 1229
20 45 501
20 46 436
20 47 1277
20 48 549
20 49 484
20 50 1325
20 51 597
20 52 532
20 53 1373
20 54 645
20 55 580
20 56 1421
20 57 693
20 58 628
20 59 1469
20 60 741
20 61 676
20 62 1517
20 63 813
21 0 1853
21 1 639
21 2 1545
21 3 764
21 4 1476
21 5 469
21 6 972
21 7 881
21 8 955
21 9 1041
21 10 898
21 11 531
21 12 557
21 13 933
21 14 1535
21 15 1197
21 16 1029
21 17 821
21 18 435
21 19 989
21 20 1136
21 21 0
21 22 872
21 23 915
21 24 1054
21 25 1336
21 26 1007
21 27 1733
21 28 892
21 29 333
21 30 1685
21 31 844
21 32 285
21 33 1637
21 34 796
21 35 237
21 36 1589
21 37 748
21 38 189
21 39 1541
21 40 700
21 41 141
21 42 1589
21 43 748
21 44 189
21 45 1637
21 46 796
21 47 237
21 48 1685
21 49 844
21 50 285
21 51 1733
21 52 892
21 53 333
21 54 1781
21 55 940
21 56 381
21 57 1829
21 58 988
21 59 429
21 60 1877
21 61 1036
21 62 477
21 63 1853
22 0 981
22 1 995
22 2 1017
22 3 486
22 4 948
22 5 685
22 6 444
22 7 161
22 8 583
22 9 169
22 10 370
22 11 1199
22 12 1173
22 13 509
22 14 663
22 15 669
22 16 501
22 17 813
22 18 911
22 19 117
22 20 608
22 21 872
22 22 0
22 23 291
22 24 182
22 25 808
22 26 287
22 27 861
22 28 172
22 29 1013
22 30 813
22 31 124
22 32 965
22 33 765
22 34 76
22 35 917
22 36 813
22 37 124
22 38 965
22 39 861
22 40 172
22 41 1013
22 42 909
22 43 220
22 44 1061
22 45 957
22 46 268
22 47 1109
22 48 1005
22 49 316
22 50 1157
22 51 1053
22 52 364
22 53 1205
22 54 1101
22 55 412
22 56 1253
22 57 1149
22 58 460
22 59 1301
22 60 1197
22 61 508
22 62 1349
22 63 981
23 0 938
23 1 1038
23 2 1060
23 3 625
23 4 991
23 5 824
23 6 487
23 7 300
23 8 626
23 9 460
23 10 413
23 11 1242
23 12 1216
23 13 552
23 14 824
23 15 712
23 16 544
23 17 856
23 18 1050
23 19 408
23 20 651
23 21 915
23 22 291
23 23 0
23 24 473
23 25 851
23 26 426
23 27 818
23 28 311
23 29 1152
23 30 770
23 31 263
23 32 1104
23 33 722
23 34 215
23 35 1056
23 36 674
23 37 167
23 38 1008
23 39 722
23 40 215
23 41 1056
23 42 770
23 43 263
23 44 1104
23 45 818
23 46 311
23 47 1152
23 48 866
23 49 359
23 50 1200
23 51 914
23 52 407
23 53 1248
23 54 962
23 55 455
23 56 1296
23 57 1010
23 58 503
23 59 1344
23 60 1058
23 61 551
23 62 1392
23 63 938
24 0 799
24 1 1177
24 2 1199
24 3 668
24 4 1130
24 5 867
24 6 626
24 7 343
24 8 765
24 9 13
24 10 552
24 11 1381
24 12 1355
24 13 691
24 14 481
24 15 851
24 16 683
24 17 995
24 18 1093
24 19 65
24 20 790
24 21 1054
24 22 182
24 23 473
24 24 0
24 25 990
24 26 469
24 27 679
24 28 354
24 29 1195
24 30 631
24 31 306
24 32 1147
24 33 583
24 34 258
24 35 1099
24 36 631
24 37 306
24 38 1147
24 39 679
24 40 354
24 41 1195
24 42 727
24 43 402
24 44 1243
24 45 775
24 46 450
24 47 1291
24 48 823
24 49 498
24 50 1339
24 51 871
24 52 546
24 53 1387
24 54 919
24 55 594
24 56 1435
24 57 967
24 58 642
24 59 1483
24 60 1015
24 61 690
24 62 1531
24 63 799
25 0 805
25 1 1171
25 2 777
25 3 1142
25 4 942
25 5 1341
25 6 620
25 7 817
25 8 759
25 9 977
25 10 642
25 11 1375
25 12 1349
25 13 685
25 14 691
25 15 837
25 16 677
25 17 989
25 18 1567
25 19 925
25 20 898
25 21 1336
25 22 808
25 23 851
25 24 990
25 25 0
25 26 943
25 27 685
25 28 828
25 29 1669
25 30 637
25 31 780
25 32 1621
25 33 589
25 34 732
25 35 1573
25 36 541
25 37 684
25 38 1525
25 39 493
25 40 636
25 41 1477
25 42 445
25 43 588
25 44 1429
25 45 397
25 46 540
25 47 1381
25 48 349
25 49 492
25 50 1333
25 51 397
25 52 540
25 53 1381
25 54 445
25 55 588
25 56 1429
25 57 493
25 58 636
25 59 1477
25 60 541
25 61 684
25 62 1525
25 63 805
26 0 846
26 1 1130
26 2 1152
26 3 525
26 4 1083
26 5 820
26 6 579
26 7 200
26 8 718
26 9 456
26 10 505
26 11 1334
26 12 1308
26 13 644
26 14 924
26 15 804
26 16 636
26 17 948
26 18 854
26 19 404
26 20 743
26 21 1007
26 22 287
26 23 426
26 24 469
26 25 943
26 26 0
26 27 726
26 28 115
26 29 956
26 30 774
26 31 163
26 32 1004
26 33 822
26 34 211
26 35 1052
26 36 870
26 37 259
26 38 1100
26 39 918
26 40 307
26 41 1148
26 42 966
26 43 355
26 44 1196
26 45 1014
26 46 403
26 47 1244
26 48 1062
26 49 451
26 50 1292
26 51 1110
26 52 499
26 53 1340
26 54 1158
26 55 547
26 56 1388
26 57 1206
26 58 595
26 59 1436
26 60 1254
26 61 643
26 62 1484
26 63 846
27 0 120
27 1 1856
27 2 764
27 3 1251
27 4 929
27 5 1546
27 6 1305
27 7 852
27 8 1444
27 9 692
27 10 1231
27 11 2060
27 12 2034
27 13 1370
27 14 198
27 15 728
27 16 1184
27 17 1674
27 18 1580
27 19 744
27 20 693
27 21 1733
27 22 861
27 23 818
27 24 679
27 25 685
27 26 726
27 27 0
27 28 841
27 29 1682
27 30 48
27 31 889
27 32 1730
27 33 96
27 34 937
27 35 1778
27 36 144
27 37 985
27 38 1826
27 39 192
27 40 1033
27 41 1874
27 42 240
27 43 1081
27 44 1922
27 45 288
27 46 1129
27 47 1970
27 48 336
27 49 1177
27 50 2018
27 51 384
27 52 1225
27 53 2066
27 54 432
27 55 1273
27 56 2114
27 57 480
27 58 1321
27 59 2162
27 60 528
27 61 1369
27 62 2210
27 63 120
28 0 961
28 1 1015
28 2 1037
28 3 410
28 4 968
28 5 705
28 6 464
28 7 85
28 8 603
28 9 341
28 10 390
28 11 1219
28 12 1193
28 13 529
28 14 835
28 15 689
28 16 521
28 17 833
28 18 739
28 19 289
28 20 628
28 21 892
28 22 172
28 23 311
28 24 354
28 25 828
28 26 115
28 27 841
28 28 0
28 29 841
28 30 889
28 31 48
28 32 889
28 33 937
28 34 96
28 35 937
28 36 985
28 37 144
28 38 985
28 39 1033
28 40 192
28 41 1033
28 42 1081
28 43 240
28 44 1081
28 45 1129
28 46 288
28 47 1129
28 48 1177
28 49 336
28 50 1177
28 51 1225
28 52 384
28 53 1225
28 54 1273
28 55 432
28 56 1273
28 57 1321
28 58 480
28 59 1321
28 60 1369
28 61 528
28 62 1369
28 63 961
29 0 1802
29 1 690
29 2 1878
29 3 527
29 4 1809
29 5 328
29 6 1049
29 7 926
29 8 1006
29 9 1182
29 10 1027
29 11 582
29 12 608
29 13 984
29 14 1676
29 15 1530
29 16 1362
29 17 872
29 18 102
29 19 1130
29 20 1469
29 21 333
29 22 1013
29 23 1152
29 24 1195
29 25 1669
29 26 956
29 27 1682
29 28 841
29 29 0
29 30 1730
29 31 889
29 32 48
29 33 1778
29 34 937
29 35 96
29 36 1826
29 37 985
29 38 144
29 39 1874
29 40 1033
29 41 192
29 42 1922
29 43 1081
29 44 240
29 45 1970
29 46 1129
29 47 288
29 48 2018
29 49 1177
29 50 336
29 51 2066
29 52 1225
29 53 384
29 54 2114
29 55 1273
29 56 432
29 57 2162
29 58 1321
29 59 480
29 60 2210
29 61 1369
29 62 528
29 63 1802
30 0 168
30 1 1808
30 2 716
30 3 1203
30 4 881
30 5 1498
30 6 1257
30 7 804
30 8 1396
30 9 644
30 10 1183
30 11 2012
30 12 1986
30 13 1322
30 14 150
30 15 680
30 16 1136
30 17 1626
30 18 1628
30 19 696
30 20 645
30 21 1685
30 22 813
30 23 770
30 24 631
30 25 637
30 26 774
30 27 48
30 28 889
30 29 1730
30 30 0
30 31 841
30 32 1682
30 33 48
30 34 889
30 35 1730
30 36 96
30 37 937
30 38 1778
30 39 144
30 40 985
30 41 1826
30 42 192
30 43 1033
30 44 1874
30 45 240
30 46 1081
30 47 1922
30 48 288
30 49 1129
30 50 1970
30 51 336
30 52 1177
30 53 2018
30 54 384
30 55 1225
30 56 2066
30 57 432
30 58 1273
30 59 2114
30 60 480
30 61 1321
30 62 2162
30 63 168
31 0 1009
31 1 967
31 2 989
31 3 362
31 4 920
31 5 657
31 6 416
31 7 37
31 8 555
31 9 293
31 10 342
31 11 1171
31 12 1145
31 13 481
31 14 787
31 15 641
31 16 473
31 17 785
31 18 787
31 19 241
31 20 580
31 21 844
31 22 124
31 23 263
31 24 306
31 25 780
31 26 163
31 27 889
31 28 48
31 29 889
31 30 841
31 31 0
31 32 841
31 33 889
31 34 48
31 35 889
31 36 937
31 37 96
31 38 937
31 39 985
31 40 144
31 41 985
31 42 1033
31 43 192
31 44 1033
31 45 1081
31 46 240
31 47 1081
31 48 1129
31 49 288
31 50 1129
31 51 1177
31 52 336
31 53 1177
31 54 1225
31 55 384
31 56 1225
31 57 1273
31 58 432
31 59 1273
31 60 1321
31 61 480
31 62 1321
31 63 1009
32 0 1850
32 1 642
32 2 1830
32 3 479
32 4 1761
32 5 280
32 6 1001
32 7 878
32 8 958
32 9 1134
32 10 979
32 11 534
32 12 560
32 13 936
32 14 1628
32 15 1482
32 16 1314
32 17 824
32 18 150
32 19 1082
32 20 1421
32 21 285
32 22 965
32 23 1104
32 24 1147
32 25 1621
32 26 1004
32 27 1730
32 28 889
32 29 48
32 30 1682
32 31 841
32 32 0
32 33 1730
32 34 889
32 35 48
32 36 1778
32 37 937
32 38 96
32 39 1826
32 40 985
32 41 144
32 42 1874
32 43 1033
32 44 192
32 45 1922
32 46 1081
32 47 240
32 48 1970
32 49 1129
32 50 288
32 51 2018
32 52 1177
32 53 336
32 54 2066
32 55 1225
32 56 384
32 57 2114
32 58 1273
32 59 432
32 60 2162
32 61 1321
32 62 480
32 63 1850
33 0 216
33 1 1760
33 2 668
33 3 1251
33 4 833
33 5 1450
33 6 1209
33 7 852
33 8 1348
33 9 596
33 10 1135
33 11 1964
33 12 1938
33 13 1274
33 14 102
33 15 632
33 16 1088
33 17 1578
33 18 1676
33 19 648
33 20 597
33 21 1637
33 22 765
33 23 722
33 24 583
33 25 589
33 26 822
33 27 96
33 28 937
33 29 1778
33 30 48
33 31 889
33 32 1730
33 33 0
33 34 841
33 35 1682
33 36 48
33 37 889
33 38 1730
33 39 96
33 40 937
33 41 1778
33 42 144
33 43 985
33 44 1826
33 45 192
33 46 1033
33 47 1874
33 48 240
33 49 1081
33 50 1922
33 51 288
33 52 1129
33 53 1970
33 54 336
33 55 1177
33 56 2018
33 57 384
33 58 1225
33 59 2066
33 60 432
33 61 1273
33 62 2114
33 63 216
34 0 1057
34 1 919
34 2 941
34 3 410
34 4 872
34 5 609
34 6 368
34 7 85
34 8 507
34 9 245
34 10 294
34 11 1123
34 12 1097
34 13 433
34 14 739
34 15 593
34 16 425
34 17 737
34 18 835
34 19 193
34 20 532
34 21 796
34 22 76
34 23 215
34 24 258
34 25 732
34 26 211
34 27 937
34 28 96
34 29 937
34 30 889
34 31 48
34 32 889
34 33 841
34 34 0
34 35 841
34 36 889
34 37 48
34 38 889
34 39 937
34 40 96
34 41 937
34 42 985
34 43 144
34 44 985
34 45 1033
34 46 192
34 47 1033
34 48 1081
34 49 240
34 50 1081
34 51 1129
34 52 288
34 53 1129
34 54 1177
34 55 336
34 56 1177
34 57 1225
34 58 384
34 59 1225
34 60 1273
34 61 432
34 62 1273
34 63 1057
35 0 1898
35 1 594
35 2 1782
35 3 527
35 4 1713
35 5 232
35 6 953
35 7 926
35 8 910
35 9 1086
35 10 931
35 11 486
35 12 512
35 13 888
35 14 1580
35 15 1434
35 16 1266
35 17 776
35 18 198
35 19 1034
35 20 1373
35 21 237
35 22 917
35 23 1056
35 24 1099
35 25 1573
35 26 1052
35 27 1778
35 28 937
35 29 96
35 30 1730
35 31 889
35 32 48
35 33 1682
35 34 841
35 35 0
35 36 1730
35 37 889
35 38 48
35 39 1778
35 40 937
35 41 96
35 42 1826
35 43 985
35 44 144
35 45 1874
35 46 1033
35 47 192
35 48 1922
35 49 1081
35 50 240
35 51 1970
35 52 1129
35 53 288
35 54 2018
35 55 1177
35 56 336
35 57 2066
35 58 1225
35 59 384
35 60 2114
35 61 1273
35 62 432
35 63 1898
36 0 264
36 1 1712
36 2 620
36 3 1299
36 4 785
36 5 1498
36 6 1161
36 7 900
36 8 1300
36 9 644
36 10 1087
36 11 1916
36 12 1890
36 13 1226
36 14 150
36 15 584
36 16 1040
36 17 1530
36 18 1724
36 19 696
36 20 549
36 21 1589
36 22 813
36 23 674
36 24 631
36 25 541
36 26 870
36 27 144
36 28 985
36 29 1826
36 30 96
36 31 937
36 32 1778
36 33 48
36 34 889
36 35 1730
36 36 0
36 37 841
36 38 1682
36 39 48
36 40 889
36 41 1730
36 42 96
36 43 937
36 44 1778
36 45 144
36 46 985
36 47 1826
36 48 192
36 49 1033
36 50 1874
36 51 240
36 52 1081
36 53 1922
36 54 288
36 55 1129
36 56 1970
36 57 336
36 58 1177
36 59 2018
36 60 384
36 61 1225
36 62 2066
36 63 264
37 0 1105
37 1 871
37 2 893
37 3 458
37 4 824
37 5 657
37 6 320
37 7 133
37 8 459
37 9 293
37 10 246
37 11 1075
37 12 1049
37 13 385
37 14 787
37 15 545
37 16 377
37 17 689
37 18 883
37 19 241
37 20 484
37 21 748
37 22 124
37 23 167
37 24 306
37 25 684
37 26 259
37 27 985
37 28 144
37 29 985
37 30 937
37 31 96
37 32 937
37 33 889
37 34 48
37 35 889
37 36 841
37 37 0
37 38 841
37 39 889
37 40 48
37 41 889
37 42 937
37 43 96
37 44 937
37 45 985
37 46 144
37 47 985
37 48 1033
37 49 192
37 50 1033
37 51 1081
37 52 240
37 53 1081
37 54 1129
37 55 288
37 56 1129
37 57 1177
37 58 336
37 59 1177
37 60 1225
37 61 384
37 62 1225
37 63 1105
38 0 1946
38 1 546
38 2 1734
38 3 575
38 4 1665
38 5 280
38 6 905
38 7 974
38 8 862
38 9 1134
38 10 883
38 11 438
38 12 464
38 13 840
38 14 1628
38 15 1386
38 16 1218
38 17 728
38 18 246
38 19 1082
38 20 1325
38 21 189
38 22 965
38 23 1008
38 24 1147
38 25 1525
38 26 1100
38 27 1826
38 28 985
38 29 144
38 30 1778
38 31 937
38 32 96
38 33 1730
38 34 889
38 35 48
38 36 1682
38 37 841
38 38 0
38 39 1730
38 40 889
38 41 48
38 42 1778
38 43 937
38 44 96
38 45 1826
38 46 985
38 47 144
38 48 1874
38 49 1033
38 50 192
38 51 1922
38 52 1081
38 53 240
38 54 1970
38 55 1129
38 56 288
38 57 2018
38 58 1177
38 59 336
38 60 2066
38 61 1225
38 62 384
38 63 1946
39 0 312
39 1 1664
39 2 572
39 3 1347
39 4 737
39 5 1546
39 6 1113
39 7 948
39 8 1252
39 9 692
39 10 1039
39 11 1868
39 12 1842
39 13 1178
39 14 198
39 15 536
39 16 992
39 17 1482
39 18 1772
39 19 744
39 20 501
39 21 1541
39 22 861
39 23 722
39 24 679
39 25 493
39 26 918
39 27 192
39 28 1033
39 29 1874
39 30 144
39 31 985
39 32 1826
39 33 96
39 34 937
39 35 1778
39 36 48
39 37 889
39 38 1730
39 39 0
39 40 841
39 41 1682
39 42 48
39 43 889
39 44 1730
39 45 96
39 46 937
39 47 1778
39 48 144
39 49 985
39 50 1826
39 51 192
39 52 1033
39 53 1874
39 54 240
39 55 1081
39 56 1922
39 57 288
39 58 1129
39 59 1970
39 60 336
39 61 1177
39 62 2018
39 63 312
40 0 1153
40 1 823
40 2 845
40 3 506
40 4 776
40 5 705
40 6 272
40 7 181
40 8 411
40 9 341
40 10 198
40 11 1027
40 12 1001
40 13 337
40 14 835
40 15 497
40 16 329
40 17 641
40 18 931
40 19 289
40 20 436
40 21 700
40 22 172
40 23 215
40 24 354
40 25 636
40 26 307
40 27 1033
40 28 192
40 29 1033
40 30 985
40 31 144
40 32 985
40 33 937
40 34 96
40 35 937
40 36 889
40 37 48
40 38 889
40 39 841
40 40 0
40 41 841
40 42 889
40 43 48
40 44 889
40 45 937
40 46 96
40 47 937
40 48 985
40 49 144
40 50 985
40 51 1033
40 52 192
40 53 1033
40 54 1081
40 55 240
40 56 1081
40 57 1129
40 58 288
40 59 1129
40 60 1177
40 61 336
40 62 1177
40 63 1153
41 0 1994
41 1 498
41 2 1686
41 3 623
41 4 1617
41 5 328
41 6 857
41 7 1022
41 8 814
41 9 1182
41 10 835
41 11 390
41 12 416
41 13 792
41 14 1676
41 15 1338
41 16 1170
41 17 680
41 18 294
41 19 1130
41 20 1277
41 21 141
41 22 1013
41 23 1056
41 24 1195
41 25 1477
41 26 1148
41 27 1874
41 28 1033
41 29 192
41 30 1826
41 31 985
41 32 144
41 33 1778
41 34 937
41 35 96
41 36 1730
41 37 889
41 38 48
41 39 1682
41 40 841
41 41 0
41 42 1730
41 43 889
41 44 48
41 45 1778
41 46 937
41 47 96
41 48 1826
41 49 985
41 50 144
41 51 1874
41 52 1033
41 53 192
41 54 1922
41 55 1081
41 56 240
41 57 1970
41 58 1129
41 59 288
41 60 2018
41 61 1177
41 62 336
41 63 1994
42 0 360
42 1 1616
42 2 524
42 3 1395
42 4 689
42 5 1594
42 6 1065
42 7 996
42 8 1204
42 9 740
42 10 991
42 11 1820
42 12 1794
42 13 1130
42 14 246
42 15 488
42 16 944
42 17 1434
42 18 1820
42 19 792
42 20 453
42 21 1589
42 22 909
42 23 770
42 24 727
42 25 445
42 26 966
42 27 240
42 28 1081
42 29 1922
42 30 192
42 31 1033
42 32 1874
42 33 144
42 34 985
42 35 1826
42 36 96
42 37 937
42 38 1778
42 39 48
42 40 889
42 41 1730
42 42 0
42 43 841
42 44 1682
42 45 48
42 46 889
42 47 1730
42 48 96
42 49 937
42 50 1778
42 51 144
42 52 985
42 53 1826
42 54 192
42 55 1033
42 56 1874
42 57 240
42 58 1081
42 59 1922
42 60 288
42 61 1129
42 62 1970
42 63 360
43 0 1201
43 1 775
43 2 797
43 3 554
43 4 728
43 5 753
43 6 224
43 7 229
43 8 363
43 9 389
43 10 150
43 11 979
43 12 953
43 13 289
43 14 883
43 15 449
43 16 281
43 17 593
43 18 979
43 19 337
43 20 388
43 21 748
43 22 220
43 23 263
43 24 402
43 25 588
43 26 355
43 27 1081
43 28 240
43 29 1081
43 30 1033
43 31 192
43 32 1033
43 33 985
43 34 144
43 35 985
43 36 937
43 37 96
43 38 937
43 39 889
43 40 48
43 41 889
43 42 841
43 43 0
43 44 841
43 45 889
43 46 48
43 47 889
43 48 937
43 49 96
43 50 937
43 51 985
43 52 144
43 53 985
43 54 1033
43 55 192
43 56 1033
43 57 1081
43 58 240
43 59 1081
43 60 1129
43 61 288
43 62 1129
43 63 1201
44 0 2042
44 1 450
44 2 1638
44 3 671
44 4 1569
44 5 376
44 6 809
44 7 1070
44 8 766
44 9 1230
44 10 787
44 11 342
44 12 368
44 13 744
44 14 1724
44 15 1290
44 16 1122
44 17 632
44 18 342
44 19 1178
44 20 1229
44 21 189
44 22 1061
44 23 1104
44 24 1243
44 25 1429
44 26 1196
44 27 1922
44 28 1081
44 29 240
44 30 1874
44 31 1033
44 32 192
44 33 1826
44 34 985
44 35 144
44 36 1778
44 37 937
44 38 96
44 39 1730
44 40 889
44 41 48
44 42 1682
44 43 841
44 44 0
44 45 1730
44 46 889
44 47 48
44 48 1778
44 49 937
44 50 96
44 51 1826
44 52 985
44 53 144
44 54 1874
44 55 1033
44 56 192
44 57 1922
44 58 1081
44 59 240
44 60 1970
44 61 1129
44 62 288
44 63 2042
45 0 408
45 1 1568
45 2 476
45 3 1443
45 4 641
45 5 1642
45 6 1017
45 7 1044
45 8 1156
45 9 788
45 10 943
45 11 1772
45 12 1746
45 13 1082
45 14 294
45 15 440
45 16 896
45 17 1386
45 18 1868
45 19 840
45 20 501
45 21 1637
45 22 957
45 23 818
45 24 775
45 25 397
45 26 1014
45 27 288
45 28 1129
45 29 1970
45 30 240
45 31 1081
45 32 1922
45 33 192
45 34 1033
45 35 1874
45 36 144
45 37 985
45 38 1826
45 39 96
45 40 937
45 41 1778
45 42 48
45 43 889
45 44 1730
45 45 0
45 46 841
45 47 1682
45 48 48
45 49 889
45 50 1730
45 51 96
45 52 937
45 53 1778
45 54 144
45 55 985
45 56 1826
45 57 192
45 58 1033
45 59 1874
45 60 240
45 61 1081
45 62 1922
45 63 408
46 0 1249
46 1 727
46 2 749
46 3 602
46 4 680
46 5 801
46 6 176
46 7 277
46 8 315
46 9 437
46 10 102
46 11 931
46 12 905
46 13 241
46 14 931
46 15 401
46 16 233
46 17 545
46 18 1027
46 19 385
46 20 436
46 21 796
46 22 268
46 23 311
46 24 450
46 25 540
46 26 403
46 27 1129
46 28 288
46 29 1129
46 30 1081
46 31 240
46 32 1081
46 33 1033
46 34 192
46 35 1033
46 36 985
46 37 144
46 38 985
46 39 937
46 40 96
46 41 937
46 42 889
46 43 48
46 44 889
46 45 841
46 46 0
46 47 841
46 48 889
46 49 48
46 50 889
46 51 937
46 52 96
46 53 937
46 54 985
46 55 144
46 56 985
46 57 1033
46 58 192
46 59 1033
46 60 1081
46 61 240
46 62 1081
46 63 1249
47 0 2090
47 1 402
47 2 1590
47 3 719
47 4 1521
47 5 424
47 6 761
47 7 1118
47 8 718
47 9 1278
47 10 739
47 11 294
47 12 320
47 13 696
47 14 1772
47 15 1242
47 16 1074
47 17 584
47 18 390
47 19 1226
47 20 1277
47 21 237
47 22 1109
47 23 1152
47 24 1291
47 25 1381
47 26 1244
47 27 1970
47 28 1129
47 29 288
47 30 1922
47 31 1081
47 32 240
47 33 1874
47 34 1033
47 35 192
47 36 1826
47 37 985
47 38 144
47 39 1778
47 40 937
47 41 96
47 42 1730
47 43 889
47 44 48
47 45 1682
47 46 841
47 47 0
47 48 1730
47 49 889
47 50 48
47 51 1778
47 52 937
47 53 96
47 54 1826
47 55 985
47 56 144
47 57 1874
47 58 1033
47 59 192
47 60 1922
47 61 1081
47 62 240
47 63 2090
48 0 456
48 1 1520
48 2 428
48 3 1491
48 4 593
48 5 1690
48 6 969
48 7 1092
48 8 1108
48 9 836
48 10 991
48 11 1724
48 12 1698
48 13 1034
48 14 342
48 15 488
48 16 848
48 17 1338
48 18 1916
48 19 888
48 20 549
48 21 1685
48 22 1005
48 23 866
48 24 823
48 25 349
48 26 1062
48 27 336
48 28 1177
48 29 2018
48 30 288
48 31 1129
48 32 1970
48 33 240
48 34 1081
48 35 1922
48 36 192
48 37 1033
48 38 1874
48 39 144
48 40 985
48 41 1826
48 42 96
48 43 937
48 44 1778
48 45 48
48 46 889
48 47 1730
48 48 0
48 49 841
48 50 1682
48 51 48
48 52 889
48 53 1730
48 54 96
48 55 937
48 56 1778
48 57 144
48 58 985
48 59 1826
48 60 192
48 61 1033
48 62 1874
48 63 456
49 0 1297
49 1 679
49 2 701
49 3 650
49 4 632
49 5 849
49 6 128
49 7 325
49 8 267
49 9 485
49 10 150
49 11 883
49 12 857
49 13 193
49 14 979
49 15 449
49 16 185
49 17 497
49 18 1075
49 19 433
49 20 484
49 21 844
49 22 316
49 23 359
49 24 498
49 25 492
49 26 451
49 27 1177
49 28 336
49 29 1177
49 30 1129
49 31 288
49 32 1129
49 33 1081
49 34 240
49 35 1081
49 36 1033
49 37 192
49 38 1033
49 39 985
49 40 144
49 41 985
49 42 937
49 43 96
49 44 937
49 45 889
49 46 48
49 47 889
49 48 841
49 49 0
49 50 841
49 51 889
49 52 48
49 53 889
49 54 937
49 55 96
49 56 937
49 57 985
49 58 144
49 59 985
49 60 1033
49 61 192
49 62 1033
49 63 1297
50 0 2138
50 1 354
50 2 1542
50 3 767
50 4 1473
50 5 472
50 6 713
50 7 1166
50 8 670
50 9 1326
50 10 787
50 11 246
50 12 272
50 13 648
50 14 1820
50 15 1290
50 16 1026
50 17 536
50 18 438
50 19 1274
50 20 1325
50 21 285
50 22 1157
50 23 1200
50 24 1339
50 25 1333
50 26 1292
50 27 2018
50 28 1177
50 29 336
50 30 1970
50 31 1129
50 32 288
50 33 1922
50 34 1081
50 35 240
50 36 1874
50 37 1033
50 38 192
50 39 1826
50 40 985
50 41 144
50 42 1778
50 43 937
50 44 96
50 45 1730
50 46 889
50 47 48
50 48 1682
50 49 841
50 50 0
50 51 1730
50 52 889
50 53 48
50 54 1778
50 55 937
50 56 96
50 57 1826
50 58 985
50 59 144
50 60 1874
50 61 1033
50 62 192
50 63 2138
51 0 504
51 1 1472
51 2 380
51 3 1539
51 4 545
51 5 1738
51 6 1017
51 7 1140
51 8 1060
51 9 884
51 10 1039
51 11 1676
51 12 1650
51 13 1082
51 14 390
51 15 536
51 16 800
51 17 1290
51 18 1964
51 19 936
51 20 597
51 21 1733
51 22 1053
51 23 914
51 24 871
51 25 397
51 26 1110
51 27 384
51 28 1225
51 29 2066
51 30 336
51 31 1177
51 32 2018
51 33 288
51 34 1129
51 35 1970
51 36 240
51 37 1081
51 38 1922
51 39 192
51 40 1033
51 41 1874
51 42 144
51 43 985
51 44 1826
51 45 96
51 46 937
51 47 1778
51 48 48
51 49 889
51 50 1730
51 51 0
51 52 841
51 53 1682
51 54 48
51 55 889
51 56 1730
51 57 96
51 58 937
51 59 1778
51 60 144
51 61 985
51 62 1826
51 63 504
52 0 1345
52 1 631
52 2 653
52 3 698
52 4 584
52 5 897
52 6 176
52 7 373
52 8 219
52 9 533
52 10 198
52 11 835
52 12 809
52 13 241
52 14 1027
52 15 497
52 16 137
52 17 449
52 18 1123
52 19 481
52 20 532
52 21 892
52 22 364
52 23 407
52 24 546
52 25 540
52 26 499
52 27 1225
52 28 384
52 29 1225
52 30 1177
52 31 336
52 32 1177
52 33 1129
52 34 288
52 35 1129
52 36 1081
52 37 240
52 38 1081
52 39 1033
52 40 192
52 41 1033
52 42 985
52 43 144
52 44 985
52 45 937
52 46 96
52 47 937
52 48 889
52 49 48
52 50 889
52 51 841
52 52 0
52 53 841
52 54 889
52 55 48
52 56 889
52 57 937
52 58 96
52 59 937
52 60 985
52 61 144
52 62 985
52 63 1345
53 0 2186
53 1 306
53 2 1494
53 3 815
53 4 1425
53 5 520
53 6 761
53 7 1214
53 8 622
53 9 1374
53 10 835
53 11 198
53 12 224
53 13 696
53 14 1868
53 15 1338
53 16 978
53 17 488
53 18 486
53 19 1322
53 20 1373
53 21 333
53 22 1205
53 23 1248
53 24 1387
53 25 1381
53 26 1340
53 27 2066
53 28 1225
53 29 384
53 30 2018
53 31 1177
53 32 336
53 33 1970
53 34 1129
53 35 288
53 36 1922
53 37 1081
53 38 240
53 39 1874
53 40 1033
53 41 192
53 42 1826
53 43 985
53 44 144
53 45 1778
53 46 937
53 47 96
53 48 1730
53 49 889
53 50 48
53 51 1682
53 52 841
53 53 0
53 54 1730
53 55 889
53 56 48
53 57 1778
53 58 937
53 59 96
53 60 1826
53 61 985
53 62 144
53 63 2186
54 0 552
54 1 1424
54 2 332
54 3 1587
54 4 497
54 5 1786
54 6 1065
54 7 1188
54 8 1108
54 9 932
54 10 1087
54 11 1628
54 12 1602
54 13 1130
54 14 438
54 15 584
54 16 752
54 17 1242
54 18 2012
54 19 984
54 20 645
54 21 1781
54 22 1101
54 23 962
54 24 919
54 25 445
54 26 1158
54 27 432
54 28 1273
54 29 2114
54 30 384
54 31 1225
54 32 2066
54 33 336
54 34 1177
54 35 2018
54 36 288
54 37 1129
54 38 1970
54 39 240
54 40 1081
54 41 1922
54 42 192
54 43 1033
54 44 1874
54 45 144
54 46 985
54 47 1826
54 48 96
54 49 937
54 50 1778
54 51 48
54 52 889
54 53 1730
54 54 0
54 55 841
54 56 1682
54 57 48
54 58 889
54 59 1730
54 60 96
54 61 937
54 62 1778
54 63 552
55 0 1393
55 1 583
55 2 605
55 3 746
55 4 536
55 5 945
55 6 224
55 7 421
55 8 267
55 9 581
55 10 246
55 11 787
55 12 761
55 13 289
55 14 1075
55 15 545
55 16 89
55 17 401
55 18 1171
55 19 529
55 20 580
55 21 940
55 22 412
55 23 455
55 24 594
55 25 588
55 26 547
55 27 1273
55 28 432
55 29 1273
55 30 1225
55 31 384
55 32 1225
55 33 1177
55 34 336
55 35 1177
55 36 1129
55 37 288
55 38 1129
55 39 1081
55 40 240
55 41 1081
55 42 1033
55 43 192
55 44 1033
55 45 985
55 46 144
55 47 985
55 48 937
55 49 96
55 50 937
55 51 889
55 52 48
55 53 889
55 54 841
55 55 0
55 56 841
55 57 889
55 58 48
55 59 889
55 60 937
55 61 96
55 62 937
55 63 1393
56 0 2234
56 1 258
56 2 1446
56 3 863
56 4 1377
56 5 568
56 6 809
56 7 1262
56 8 670
56 9 1422
56 10 883
56 11 150
56 12 176
56 13 744
56 14 1916
56 15 1386
56 16 930
56 17 440
56 18 534
56 19 1370
56 20 1421
56 21 381
56 22 1253
56 23 1296
56 24 1435
56 25 1429
56 26 1388
56 27 2114
56 28 1273
56 29 432
56 30 2066
56 31 1225
56 32 384
56 33 2018
56 34 1177
56 35 336
56 36 1970
56 37 1129
56 38 288
56 39 1922
56 40 1081
56 41 240
56 42 1874
56 43 1033
56 44 192
56 45 1826
56 46 985
56 47 144
56 48 1778
56 49 937
56 50 96
56 51 1730
56 52 889
56 53 48
56 54 1682
56 55 841
56 56 0
56 57 1730
56 58 889
56 59 48
56 60 1778
56 61 937
56 62 96
56 63 2234
57 0 600
57 1 1472
57 2 284
57 3 1635
57 4 449
57 5 1834
57 6 1113
57 7 1236
57 8 1156
57 9 980
57 10 1135
57 11 1580
57 12 1554
57 13 1178
57 14 486
57 15 632
57 16 800
57 17 1290
57 18 2060
57 19 1032
57 20 693
57 21 1829
57 22 1149
57 23 1010
57 24 967
57 25 493
57 26 1206
57 27 480
57 28 1321
57 29 2162
57 30 432
57 31 1273
57 32 2114
57 33 384
57 34 1225
57 35 2066
57 36 336
57 37 1177
57 38 2018
57 39 288
57 40 1129
57 41 1970
57 42 240
57 43 1081
57 44 1922
57 45 192
57 46 1033
57 47 1874
57 48 144
57 49 985
57 50 1826
57 51 96
57 52 937
57 53 1778
57 54 48
57 55 889
57 56 1730
57 57 0
57 58 841
57 59 1682
57 60 48
57 61 889
57 62 1730
57 63 600
58 0 1441
58 1 631
58 2 557
58 3 794
58 4 488
58 5 993
58 6 272
58 7 469
58 8 315
58 9 629
58 10 294
58 11 739
58 12 713
58 13 337
58 14 1123
58 15 593
58 16 137
58 17 449
58 18 1219
58 19 577
58 20 628
58 21 988
58 22 460
58 23 503
58 24 642
58 25 636
58 26 595
58 27 1321
58 28 480
58 29 1321
58 30 1273
58 31 432
58 32 1273
58 33 1225
58 34 384
58 35 1225
58 36 1177
58 37 336
58 38 1177
58 39 1129
58 40 288
