//alpha
1
//NbLocations
76
//NbProducts
21
//NbPickers
2
//CapaPicker
4
//TimeToTravelOneDistanceUnit
3
//SetupTime
5400
//PickTime
300
//Products
//Idx Location Size
1 1 1
2 2 1
3 3 1
4 4 1
5 5 1
6 6 1
7 7 1
8 8 1
9 9 1
10 10 1
11 11 1
12 12 1
13 13 1
14 14 1
15 15 1
16 16 1
17 17 1
18 18 1
19 19 1
20 20 1
21 21 1
//Orders
//NbOrders
6
//Idx DueDate TardinessPenalty NbProdInOrder ProdIdx1 Qty1 ProdIdx2 Qty2 ...
1 144000 0 4 1 1 2 1 3 1 4 1
2 36000 0 4 5 1 6 1 7 1 8 1
3 54000 0 4 9 1 10 1 11 1 12 1
4 54000 0 3 13 1 14 1 15 1
5 72000 0 2 16 1 17 1
6 72000 0 4 18 1 19 1 20 1 21 1
//Graph (Products are vertices indexed from 1 to NbProducts)
//NbVerticesIntersections
54
//DepartingDepot
0
//ArrivalDepot
76
//Arcs
//Start End Distance
0 22 120
1 11 39
1 53 479
2 61 1064
2 62 167
3 67 1168
3 68 63
4 19 182
4 69 89
5 55 1168
5 56 63
6 65 466
6 66 765
7 50 1168
7 51 63
8 64 622
8 65 609
9 14 39
9 32 258
10 70 310
10 71 921
11 1 39
11 54 713
12 41 1116
12 42 115
13 46 713
13 47 518
14 9 39
14 33 934
15 59 492
15 60 739
16 18 26
16 28 505
17 44 791
17 45 440
18 16 26
18 29 700
19 4 182
19 68 960
20 26 986
20 27 245
21 40 583
21 41 648
22 23 1231
22 25 48
22 76 120
23 22 1231
23 24 1231
23 26 48
24 23 1231
24 27 48
25 22 48
25 26 1231
25 28 48
26 20 986
26 23 48
26 25 1231
26 29 48
27 20 245
27 24 48
27 30 48
28 16 505
28 25 48
28 31 48
29 18 700
29 26 48
29 30 1231
29 32 48
30 27 48
30 29 1231
30 33 48
31 28 48
31 32 1231
31 34 48
32 9 258
32 29 48
32 31 1231
32 35 48
33 14 934
33 30 48
33 36 48
34 31 48
34 35 1231
34 37 48
35 32 48
35 34 1231
35 36 1231
35 38 48
36 33 48
36 35 1231
36 39 48
37 34 48
37 38 1231
37 40 48
38 35 48
38 37 1231
38 39 1231
38 41 48
39 36 48
39 38 1231
39 42 48
40 21 583
40 37 48
40 43 48
41 12 1116
41 21 648
41 38 48
41 44 48
42 12 115
42 39 48
42 45 48
43 40 48
43 44 1231
43 46 48
44 17 791
44 41 48
44 43 1231
44 47 48
45 17 440
45 42 48
45 48 48
46 13 713
46 43 48
46 49 48
47 13 518
47 44 48
47 48 1231
47 50 48
48 45 48
48 47 1231
48 51 48
49 46 48
49 50 1231
49 52 48
50 7 1168
50 47 48
50 49 1231
50 53 48
51 7 63
51 48 48
51 54 48
52 49 48
52 53 1231
52 55 48
53 1 479
53 50 48
53 52 1231
53 56 48
54 11 713
54 51 48
54 57 48
55 5 1168
55 52 48
55 58 48
56 5 63
56 53 48
56 57 1231
56 59 48
57 54 48
57 56 1231
57 60 48
58 55 48
58 59 1231
58 61 48
59 15 492
59 56 48
59 58 1231
59 62 48
60 15 739
60 57 48
60 63 48
61 2 1064
61 58 48
61 64 48
62 2 167
62 59 48
62 63 1231
62 65 48
63 60 48
63 62 1231
63 66 48
64 8 622
64 61 48
64 67 48
65 6 466
65 8 609
65 62 48
65 68 48
66 6 765
66 63 48
66 69 48
67 3 1168
67 64 48
67 70 48
68 3 63
68 19 960
68 65 48
68 71 48
69 4 89
69 66 48
69 72 48
70 10 310
70 67 48
70 73 48
71 10 921
71 68 48
71 72 1231
71 74 48
72 69 48
72 71 1231
72 75 48
73 70 48
73 74 1231
74 71 48
74 73 1231
74 75 1231
75 72 48
75 74 1231
//LocStart LocEnd ShortestPath
0 0 0
0 1 2310
0 2 1808
0 3 2008
0 4 3213
0 5 1816
0 6 2489
0 7 2951
0 8 1414
0 9 1753
0 10 1198
0 11 2349
0 12 2755
0 13 1217
0 14 1792
0 15 2419
0 16 721
0 17 2478
0 18 747
0 19 3031
0 20 2385
0 21 991
0 22 120
0 23 1351
0 24 2582
0 25 168
0 26 1399
0 27 2630
0 28 216
0 29 1447
0 30 2678
0 31 264
0 32 1495
0 33 2726
0 34 312
0 35 1543
0 36 2774
0 37 360
0 38 1591
0 39 2822
0 40 408
0 41 1639
0 42 2870
0 43 456
0 44 1687
0 45 2918
0 46 504
0 47 1735
0 48 2966
0 49 552
0 50 1783
0 51 3014
0 52 600
0 53 1831
0 54 3062
0 55 648
0 56 1879
0 57 3110
0 58 696
0 59 1927
0 60 3158
0 61 744
0 62 1975
0 63 3206
0 64 792
0 65 2023
0 66 3254
0 67 840
0 68 2071
0 69 3302
0 70 888
0 71 2119
0 72 3350
0 73 936
0 74 2167
0 75 3398
0 76 0
1 0 2310
1 1 0
1 2 790
1 3 782
1 4 1081
1 5 590
1 6 1137
1 7 863
1 8 1280
1 9 1073
1 10 1688
1 11 39
1 12 1059
1 13 1093
1 14 1112
1 15 1067
1 16 1589
1 17 1336
1 18 1563
1 19 1263
1 20 1429
1 21 1319
1 22 2190
1 23 959
1 24 1232
1 25 2142
1 26 911
1 27 1184
1 28 2094
1 29 863
1 30 1136
1 31 2046
1 32 815
1 33 1088
1 34 1998
1 35 767
1 36 1040
1 37 1950
1 38 719
1 39 992
1 40 1902
1 41 671
1 42 944
1 43 1854
1 44 623
1 45 896
1 46 1806
1 47 575
1 48 848
1 49 1758
1 50 527
1 51 800
1 52 1710
1 53 479
1 54 752
1 55 1758
1 56 527
1 57 800
1 58 1806
1 59 575
1 60 848
1 61 1854
1 62 623
1 63 896
1 64 1902
1 65 671
1 66 944
1 67 1950
1 68 719
1 69 992
1 70 1998
1 71 767
1 72 1040
1 73 2046
1 74 815
1 75 1088
1 76 2310
2 0 1808
2 1 790
2 2 0
2 3 326
2 4 1405
2 5 326
2 6 681
2 7 1527
2 8 824
2 9 905
2 10 1232
2 11 829
2 12 1619
2 13 925
2 14 944
2 15 707
2 16 1421
2 17 1246
2 18 1395
2 19 1223
2 20 1729
2 21 1151
2 22 1688
2 23 791
2 24 2022
2 25 1640
2 26 743
2 27 1974
2 28 1592
2 29 695
2 30 1926
2 31 1544
2 32 647
2 33 1878
2 34 1496
2 35 599
2 36 1830
2 37 1448
2 38 551
2 39 1782
2 40 1400
2 41 503
2 42 1734
2 43 1352
2 44 455
2 45 1686
2 46 1304
2 47 407
2 48 1638
2 49 1256
2 50 359
2 51 1590
2 52 1208
2 53 311
2 54 1542
2 55 1160
2 56 263
2 57 1494
2 58 1112
2 59 215
2 60 1446
2 61 1064
2 62 167
2 63 1398
2 64 1112
2 65 215
2 66 1446
2 67 1160
2 68 263
2 69 1494
2 70 1208
2 71 311
2 72 1542
2 73 1256
2 74 359
2 75 1590
2 76 1808
3 0 2008
3 1 782
3 2 326
3 3 0
3 4 1205
3 5 318
3 6 577
3 7 1519
3 8 720
3 9 897
3 10 1032
3 11 821
3 12 1611
3 13 917
3 14 936
3 15 699
3 16 1413
3 17 1238
3 18 1387
3 19 1023
3 20 1721
3 21 1143
3 22 1888
3 23 783
3 24 2014
3 25 1840
3 26 735
3 27 1966
3 28 1792
3 29 687
3 30 1918
3 31 1744
3 32 639
3 33 1870
3 34 1696
3 35 591
3 36 1822
3 37 1648
3 38 543
3 39 1774
3 40 1600
3 41 495
3 42 1726
3 43 1552
3 44 447
3 45 1678
3 46 1504
3 47 399
3 48 1630
3 49 1456
3 50 351
3 51 1582
3 52 1408
3 53 303
3 54 1534
3 55 1360
3 56 255
3 57 1486
3 58 1312
3 59 207
3 60 1438
3 61 1264
3 62 159
3 63 1390
3 64 1216
3 65 111
3 66 1342
3 67 1168
3 68 63
3 69 1294
3 70 1216
3 71 111
3 72 1342
3 73 1264
3 74 159
3 75 1390
3 76 2008
4 0 3213
4 1 1081
4 2 1405
4 3 1205
4 4 0
4 5 1397
4 6 902
4 7 440
4 8 1799
4 9 1638
4 10 2111
4 11 1042
4 12 636
4 13 1996
4 14 1599
4 15 972
4 16 2492
4 17 913
4 18 2466
4 19 182
4 20 1006
4 21 2222
4 22 3093
4 23 1862
4 24 809
4 25 3045
4 26 1814
4 27 761
4 28 2997
4 29 1766
4 30 713
4 31 2949
4 32 1718
4 33 665
4 34 2901
4 35 1670
4 36 617
4 37 2853
4 38 1622
4 39 569
4 40 2805
4 41 1574
4 42 521
4 43 2757
4 44 1526
4 45 473
4 46 2709
4 47 1478
4 48 425
4 49 2661
4 50 1430
4 51 377
4 52 2613
4 53 1382
4 54 329
4 55 2565
4 56 1334
4 57 281
4 58 2517
4 59 1286
4 60 233
4 61 2469
4 62 1238
4 63 185
4 64 2421
4 65 1190
4 66 137
4 67 2373
4 68 1142
4 69 89
4 70 2421
4 71 1190
4 72 137
4 73 2469
4 74 1238
4 75 185
4 76 3213
5 0 1816
5 1 590
5 2 326
5 3 318
5 4 1397
5 5 0
5 6 673
5 7 1327
5 8 816
5 9 705
5 10 1224
5 11 629
5 12 1419
5 13 725
5 14 744
5 15 603
5 16 1221
5 17 1046
5 18 1195
5 19 1215
5 20 1529
5 21 951
5 22 1696
5 23 591
5 24 1822
5 25 1648
5 26 543
5 27 1774
5 28 1600
5 29 495
5 30 1726
5 31 1552
5 32 447
5 33 1678
5 34 1504
5 35 399
5 36 1630
5 37 1456
5 38 351
5 39 1582
5 40 1408
5 41 303
5 42 1534
5 43 1360
5 44 255
5 45 1486
5 46 1312
5 47 207
5 48 1438
5 49 1264
5 50 159
5 51 1390
5 52 1216
5 53 111
5 54 1342
5 55 1168
5 56 63
5 57 1294
5 58 1216
5 59 111
5 60 1342
5 61 1264
5 62 159
5 63 1390
5 64 1312
5 65 207
5 66 1438
5 67 1360
5 68 255
5 69 1486
5 70 1408
5 71 303
5 72 1534
5 73 1456
5 74 351
5 75 1582
5 76 1816
6 0 2489
6 1 1137
6 2 681
6 3 577
6 4 902
6 5 673
6 6 0
6 7 1068
6 8 1075
6 9 1252
6 10 1483
6 11 1176
6 12 1264
6 13 1272
6 14 1291
6 15 1054
6 16 1768
6 17 1541
6 18 1742
6 19 1084
6 20 1634
6 21 1498
6 22 2369
6 23 1138
6 24 1437
6 25 2321
6 26 1090
6 27 1389
6 28 2273
6 29 1042
6 30 1341
6 31 2225
6 32 994
6 33 1293
6 34 2177
6 35 946
6 36 1245
6 37 2129
6 38 898
6 39 1197
6 40 2081
6 41 850
6 42 1149
6 43 2033
6 44 802
6 45 1101
6 46 1985
6 47 754
6 48 1053
6 49 1937
6 50 706
6 51 1005
6 52 1889
6 53 658
6 54 957
6 55 1841
6 56 610
6 57 909
6 58 1793
6 59 562
6 60 861
6 61 1745
6 62 514
6 63 813
6 64 1697
6 65 466
6 66 765
6 67 1745
6 68 514
6 69 813
6 70 1793
6 71 562
6 72 861
6 73 1841
6 74 610
6 75 909
6 76 2489
7 0 2951
7 1 863
7 2 1527
7 3 1519
7 4 440
7 5 1327
7 6 1068
7 7 0
7 8 2017
7 9 1324
7 10 2425
7 11 824
7 12 322
7 13 1734
7 14 1285
7 15 946
7 16 2230
7 17 599
7 18 2204
7 19 622
7 20 692
7 21 1960
7 22 2831
7 23 1600
7 24 495
7 25 2783
7 26 1552
7 27 447
7 28 2735
7 29 1504
7 30 399
7 31 2687
7 32 1456
7 33 351
7 34 2639
7 35 1408
7 36 303
7 37 2591
7 38 1360
7 39 255
7 40 2543
7 41 1312
7 42 207
7 43 2495
7 44 1264
7 45 159
7 46 2447
7 47 1216
7 48 111
7 49 2399
7 50 1168
7 51 63
7 52 2447
7 53 1216
7 54 111
7 55 2495
7 56 1264
7 57 159
7 58 2543
7 59 1312
7 60 207
7 61 2591
7 62 1360
7 63 255
7 64 2639
7 65 1408
7 66 303
7 67 2687
7 68 1456
7 69 351
7 70 2735
7 71 1504
7 72 399
7 73 2783
7 74 1552
7 75 447
7 76 2951
8 0 1414
8 1 1280
8 2 824
8 3 720
8 4 1799
8 5 816
8 6 1075
8 7 2017
8 8 0
8 9 1395
8 10 1028
8 11 1319
8 12 2109
8 13 1415
8 14 1434
8 15 1197
8 16 1703
8 17 1736
8 18 1729
8 19 1617
8 20 2219
8 21 1589
8 22 1294
8 23 1281
8 24 2512
8 25 1246
8 26 1233
8 27 2464
8 28 1198
8 29 1185
8 30 2416
8 31 1150
8 32 1137
8 33 2368
8 34 1102
8 35 1089
8 36 2320
8 37 1054
8 38 1041
8 39 2272
8 40 1006
8 41 993
8 42 2224
8 43 958
8 44 945
8 45 2176
8 46 910
8 47 897
8 48 2128
8 49 862
8 50 849
8 51 2080
8 52 814
8 53 801
8 54 2032
8 55 766
8 56 753
8 57 1984
8 58 718
8 59 705
8 60 1936
8 61 670
8 62 657
8 63 1888
8 64 622
8 65 609
8 66 1840
8 67 670
8 68 657
8 69 1888
8 70 718
8 71 705
8 72 1936
8 73 766
8 74 753
8 75 1984
8 76 1414
9 0 1753
9 1 1073
9 2 905
9 3 897
9 4 1638
9 5 705
9 6 1252
9 7 1324
9 8 1395
9 9 0
9 10 1803
9 11 1112
9 12 1232
9 13 1016
9 14 39
9 15 1182
9 16 1032
9 17 1241
9 18 1006
9 19 1794
9 20 1314
9 21 1050
9 22 1633
9 23 402
9 24 1117
9 25 1585
9 26 354
9 27 1069
9 28 1537
9 29 306
9 30 1021
9 31 1489
9 32 258
9 33 973
9 34 1537
9 35 306
9 36 1021
9 37 1585
9 38 354
9 39 1069
9 40 1633
9 41 402
9 42 1117
9 43 1681
9 44 450
9 45 1165
9 46 1729
9 47 498
9 48 1213
9 49 1777
9 50 546
9 51 1261
9 52 1825
9 53 594
9 54 1309
9 55 1873
9 56 642
9 57 1357
9 58 1921
9 59 690
9 60 1405
9 61 1969
9 62 738
9 63 1453
9 64 2017
9 65 786
9 66 1501
9 67 2065
9 68 834
9 69 1549
9 70 2113
9 71 882
9 72 1597
9 73 2161
9 74 930
9 75 1645
9 76 1753
10 0 1198
10 1 1688
10 2 1232
10 3 1032
10 4 2111
10 5 1224
10 6 1483
10 7 2425
10 8 1028
10 9 1803
10 10 0
10 11 1727
10 12 2517
10 13 1407
10 14 1842
10 15 1605
10 16 1487
10 17 2144
10 18 1513
10 19 1929
10 20 2627
10 21 1373
10 22 1078
10 23 1689
10 24 2920
10 25 1030
10 26 1641
10 27 2872
10 28 982
10 29 1593
10 30 2824
10 31 934
10 32 1545
10 33 2776
10 34 886
10 35 1497
10 36 2728
10 37 838
10 38 1449
10 39 2680
10 40 790
10 41 1401
10 42 2632
10 43 742
10 44 1353
10 45 2584
10 46 694
10 47 1305
10 48 2536
10 49 646
10 50 1257
10 51 2488
10 52 598
10 53 1209
10 54 2440
10 55 550
10 56 1161
10 57 2392
10 58 502
10 59 1113
10 60 2344
10 61 454
10 62 1065
10 63 2296
10 64 406
10 65 1017
10 66 2248
10 67 358
10 68 969
10 69 2200
10 70 310
10 71 921
10 72 2152
10 73 358
10 74 969
10 75 2200
10 76 1198
11 0 2349
11 1 39
11 2 829
11 3 821
11 4 1042
11 5 629
11 6 1176
11 7 824
11 8 1319
11 9 1112
11 10 1727
11 11 0
11 12 1020
11 13 1132
11 14 1151
11 15 1106
11 16 1628
11 17 1297
11 18 1602
11 19 1224
11 20 1390
11 21 1358
11 22 2229
11 23 998
11 24 1193
11 25 2181
11 26 950
11 27 1145
11 28 2133
11 29 902
11 30 1097
11 31 2085
11 32 854
11 33 1049
11 34 2037
11 35 806
11 36 1001
11 37 1989
11 38 758
11 39 953
11 40 1941
11 41 710
11 42 905
11 43 1893
11 44 662
11 45 857
11 46 1845
11 47 614
11 48 809
11 49 1797
11 50 566
11 51 761
11 52 1749
11 53 518
11 54 713
11 55 1797
11 56 566
11 57 761
11 58 1845
11 59 614
11 60 809
11 61 1893
11 62 662
11 63 857
11 64 1941
11 65 710
11 66 905
11 67 1989
11 68 758
11 69 953
11 70 2037
11 71 806
11 72 1001
11 73 2085
11 74 854
11 75 1049
11 76 2349
12 0 2755
12 1 1059
12 2 1619
12 3 1611
12 4 636
12 5 1419
12 6 1264
12 7 322
12 8 2109
12 9 1232
12 10 2517
12 11 1020
12 12 0
12 13 1730
12 14 1193
12 15 1142
12 16 2034
12 17 603
12 18 2008
12 19 818
12 20 600
12 21 1764
12 22 2635
12 23 1404
12 24 403
12 25 2587
12 26 1356
12 27 355
12 28 2539
12 29 1308
12 30 307
12 31 2491
12 32 1260
12 33 259
12 34 2443
12 35 1212
12 36 211
12 37 2395
12 38 1164
12 39 163
12 40 2347
12 41 1116
12 42 115
12 43 2395
12 44 1164
12 45 163
12 46 2443
12 47 1212
12 48 211
12 49 2491
12 50 1260
12 51 259
12 52 2539
12 53 1308
12 54 307
12 55 2587
12 56 1356
12 57 355
12 58 2635
12 59 1404
12 60 403
12 61 2683
12 62 1452
12 63 451
12 64 2731
12 65 1500
12 66 499
12 67 2779
12 68 1548
12 69 547
12 70 2827
12 71 1596
12 72 595
12 73 2875
12 74 1644
12 75 643
12 76 2755
13 0 1217
13 1 1093
13 2 925
13 3 917
13 4 1996
13 5 725
13 6 1272
13 7 1734
13 8 1415
13 9 1016
13 10 1407
13 11 1132
13 12 1730
13 13 0
13 14 1055
13 15 1202
13 16 1506
13 17 1357
13 18 1506
13 19 1814
13 20 1840
13 21 1262
13 22 1097
13 23 902
13 24 2133
13 25 1049
13 26 854
13 27 2085
13 28 1001
13 29 806
13 30 2037
13 31 953
13 32 758
13 33 1989
13 34 905
13 35 710
13 36 1941
13 37 857
13 38 662
13 39 1893
13 40 809
13 41 614
13 42 1845
13 43 761
13 44 566
13 45 1797
13 46 713
13 47 518
13 48 1749
13 49 761
13 50 566
13 51 1797
13 52 809
13 53 614
13 54 1845
13 55 857
13 56 662
13 57 1893
13 58 905
13 59 710
13 60 1941
13 61 953
13 62 758
13 63 1989
13 64 1001
13 65 806
13 66 2037
13 67 1049
13 68 854
13 69 2085
13 70 1097
13 71 902
13 72 2133
13 73 1145
13 74 950
13 75 2181
13 76 1217
14 0 1792
14 1 1112
14 2 944
14 3 936
14 4 1599
14 5 744
14 6 1291
14 7 1285
14 8 1434
14 9 39
14 10 1842
14 11 1151
14 12 1193
14 13 1055
14 14 0
14 15 1221
14 16 1071
14 17 1280
14 18 1045
14 19 1781
14 20 1275
14 21 1089
14 22 1672
14 23 441
14 24 1078
14 25 1624
14 26 393
14 27 1030
14 28 1576
14 29 345
14 30 982
14 31 1528
14 32 297
14 33 934
14 34 1576
14 35 345
14 36 982
14 37 1624
14 38 393
14 39 1030
14 40 1672
14 41 441
14 42 1078
14 43 1720
14 44 489
14 45 1126
14 46 1768
14 47 537
14 48 1174
14 49 1816
14 50 585
14 51 1222
14 52 1864
14 53 633
14 54 1270
14 55 1912
14 56 681
14 57 1318
14 58 1960
14 59 729
14 60 1366
14 61 2008
14 62 777
14 63 1414
14 64 2056
14 65 825
14 66 1462
14 67 2104
14 68 873
14 69 1510
14 70 2152
14 71 921
14 72 1558
14 73 2200
14 74 969
14 75 1606
14 76 1792
15 0 2419
15 1 1067
15 2 707
15 3 699
15 4 972
15 5 603
15 6 1054
15 7 946
15 8 1197
15 9 1182
15 10 1605
15 11 1106
15 12 1142
15 13 1202
15 14 1221
15 15 0
15 16 1698
15 17 1419
15 18 1672
15 19 1154
15 20 1512
15 21 1428
15 22 2299
15 23 1068
15 24 1315
15 25 2251
15 26 1020
15 27 1267
15 28 2203
15 29 972
15 30 1219
15 31 2155
15 32 924
15 33 1171
15 34 2107
15 35 876
15 36 1123
15 37 2059
15 38 828
15 39 1075
15 40 2011
15 41 780
15 42 1027
15 43 1963
15 44 732
15 45 979
15 46 1915
15 47 684
15 48 931
15 49 1867
15 50 636
15 51 883
15 52 1819
15 53 588
15 54 835
15 55 1771
15 56 540
15 57 787
15 58 1723
15 59 492
15 60 739
15 61 1771
15 62 540
15 63 787
15 64 1819
15 65 588
15 66 835
15 67 1867
15 68 636
15 69 883
15 70 1915
15 71 684
15 72 931
15 73 1963
15 74 732
15 75 979
15 76 2419
16 0 721
16 1 1589
16 2 1421
16 3 1413
16 4 2492
16 5 1221
16 6 1768
16 7 2230
16 8 1703
16 9 1032
16 10 1487
16 11 1628
16 12 2034
16 13 1506
16 14 1071
16 15 1698
16 16 0
16 17 1757
16 18 26
16 19 2310
16 20 1760
16 21 1280
16 22 601
16 23 822
16 24 2053
16 25 553
16 26 774
16 27 2005
16 28 505
16 29 726
16 30 1957
16 31 553
16 32 774
16 33 2005
16 34 601
16 35 822
16 36 2053
16 37 649
16 38 870
16 39 2101
16 40 697
16 41 918
16 42 2149
16 43 745
16 44 966
16 45 2197
16 46 793
16 47 1014
16 48 2245
16 49 841
16 50 1062
16 51 2293
16 52 889
16 53 1110
16 54 2341
16 55 937
16 56 1158
16 57 2389
16 58 985
16 59 1206
16 60 2437
16 61 1033
16 62 1254
16 63 2485
16 64 1081
16 65 1302
16 66 2533
16 67 1129
16 68 1350
16 69 2581
16 70 1177
16 71 1398
16 72 2629
16 73 1225
16 74 1446
16 75 2677
16 76 721
17 0 2478
17 1 1336
17 2 1246
17 3 1238
17 4 913
17 5 1046
17 6 1541
17 7 599
17 8 1736
17 9 1241
17 10 2144
17 11 1297
17 12 603
17 13 1357
17 14 1280
17 15 1419
17 16 1757
17 17 0
17 18 1731
17 19 1095
17 20 973
17 21 1487
17 22 2358
17 23 1127
17 24 776
17 25 2310
17 26 1079
17 27 728
17 28 2262
17 29 1031
17 30 680
17 31 2214
17 32 983
17 33 632
17 34 2166
17 35 935
17 36 584
17 37 2118
17 38 887
17 39 536
17 40 2070
17 41 839
17 42 488
17 43 2022
17 44 791
17 45 440
17 46 2070
17 47 839
17 48 488
17 49 2118
17 50 887
17 51 536
17 52 2166
17 53 935
17 54 584
17 55 2214
17 56 983
17 57 632
17 58 2262
17 59 1031
17 60 680
17 61 2310
17 62 1079
17 63 728
17 64 2358
17 65 1127
17 66 776
17 67 2406
17 68 1175
17 69 824
17 70 2454
17 71 1223
17 72 872
17 73 2502
17 74 1271
17 75 920
17 76 2478
18 0 747
18 1 1563
18 2 1395
18 3 1387
18 4 2466
18 5 1195
18 6 1742
18 7 2204
18 8 1729
18 9 1006
18 10 1513
18 11 1602
18 12 2008
18 13 1506
18 14 1045
18 15 1672
18 16 26
18 17 1731
18 18 0
18 19 2284
18 20 1734
18 21 1306
18 22 627
18 23 796
18 24 2027
18 25 579
18 26 748
18 27 1979
18 28 531
18 29 700
18 30 1931
18 31 579
18 32 748
18 33 1979
18 34 627
18 35 796
18 36 2027
18 37 675
18 38 844
18 39 2075
18 40 723
18 41 892
18 42 2123
18 43 771
18 44 940
18 45 2171
18 46 819
18 47 988
18 48 2219
18 49 867
18 50 1036
18 51 2267
18 52 915
18 53 1084
18 54 2315
18 55 963
18 56 1132
18 57 2363
18 58 1011
18 59 1180
18 60 2411
18 61 1059
18 62 1228
18 63 2459
18 64 1107
18 65 1276
18 66 2507
18 67 1155
18 68 1324
18 69 2555
18 70 1203
18 71 1372
18 72 2603
18 73 1251
18 74 1420
18 75 2651
18 76 747
19 0 3031
19 1 1263
19 2 1223
19 3 1023
19 4 182
19 5 1215
19 6 1084
19 7 622
19 8 1617
19 9 1794
19 10 1929
19 11 1224
19 12 818
19 13 1814
19 14 1781
19 15 1154
19 16 2310
19 17 1095
19 18 2284
19 19 0
19 20 1188
19 21 2040
19 22 2911
19 23 1680
19 24 991
19 25 2863
19 26 1632
19 27 943
19 28 2815
19 29 1584
19 30 895
19 31 2767
19 32 1536
19 33 847
19 34 2719
19 35 1488
19 36 799
19 37 2671
19 38 1440
19 39 751
19 40 2623
19 41 1392
19 42 703
19 43 2575
19 44 1344
19 45 655
19 46 2527
19 47 1296
19 48 607
19 49 2479
19 50 1248
19 51 559
19 52 2431
19 53 1200
19 54 511
19 55 2383
19 56 1152
19 57 463
19 58 2335
19 59 1104
19 60 415
19 61 2287
19 62 1056
19 63 367
19 64 2239
19 65 1008
19 66 319
19 67 2191
19 68 960
19 69 271
19 70 2239
19 71 1008
19 72 319
19 73 2287
19 74 1056
19 75 367
19 76 3031
20 0 2385
20 1 1429
20 2 1729
20 3 1721
20 4 1006
20 5 1529
20 6 1634
20 7 692
20 8 2219
20 9 1314
20 10 2627
20 11 1390
20 12 600
20 13 1840
20 14 1275
20 15 1512
20 16 1760
20 17 973
20 18 1734
20 19 1188
20 20 0
20 21 1874
20 22 2265
20 23 1034
20 24 293
20 25 2217
20 26 986
20 27 245
20 28 2265
20 29 1034
20 30 293
20 31 2313
20 32 1082
20 33 341
20 34 2361
20 35 1130
20 36 389
20 37 2409
20 38 1178
20 39 437
20 40 2457
20 41 1226
20 42 485
20 43 2505
20 44 1274
20 45 533
20 46 2553
20 47 1322
20 48 581
20 49 2601
20 50 1370
20 51 629
20 52 2649
20 53 1418
20 54 677
20 55 2697
20 56 1466
20 57 725
20 58 2745
20 59 1514
20 60 773
20 61 2793
20 62 1562
20 63 821
20 64 2841
20 65 1610
20 66 869
20 67 2889
20 68 1658
20 69 917
20 70 2937
20 71 1706
20 72 965
20 73 2985
20 74 1754
20 75 1013
20 76 2385
21 0 991
21 1 1319
21 2 1151
21 3 1143
21 4 2222
21 5 951
21 6 1498
21 7 1960
21 8 1589
21 9 1050
21 10 1373
21 11 1358
21 12 1764
21 13 1262
21 14 1089
21 15 1428
21 16 1280
21 17 1487
21 18 1306
21 19 2040
21 20 1874
21 21 0
21 22 871
21 23 936
21 24 2167
21 25 823
21 26 888
21 27 2119
21 28 775
21 29 840
21 30 2071
21 31 727
21 32 792
21 33 2023
21 34 679
21 35 744
21 36 1975
21 37 631
21 38 696
21 39 1927
21 40 583
21 41 648
21 42 1879
21 43 631
21 44 696
21 45 1927
21 46 679
21 47 744
21 48 1975
21 49 727
21 50 792
21 51 2023
21 52 775
21 53 840
21 54 2071
21 55 823
21 56 888
21 57 2119
21 58 871
21 59 936
21 60 2167
21 61 919
21 62 984
21 63 2215
21 64 967
21 65 1032
21 66 2263
21 67 1015
21 68 1080
21 69 2311
21 70 1063
21 71 1128
21 72 2359
21 73 1111
21 74 1176
21 75 2407
21 76 991
22 0 120
22 1 2190
22 2 1688
22 3 1888
22 4 3093
22 5 1696
22 6 2369
22 7 2831
22 8 1294
22 9 1633
22 10 1078
22 11 2229
22 12 2635
22 13 1097
22 14 1672
22 15 2299
22 16 601
22 17 2358
22 18 627
22 19 2911
22 20 2265
22 21 871
22 22 0
22 23 1231
22 24 2462
22 25 48
22 26 1279
22 27 2510
22 28 96
22 29 1327
22 30 2558
22 31 144
22 32 1375
22 33 2606
22 34 192
22 35 1423
22 36 2654
22 37 240
22 38 1471
22 39 2702
22 40 288
22 41 1519
22 42 2750
22 43 336
22 44 1567
22 45 2798
22 46 384
22 47 1615
22 48 2846
22 49 432
22 50 1663
22 51 2894
22 52 480
22 53 1711
22 54 2942
22 55 528
22 56 1759
22 57 2990
22 58 576
22 59 1807
22 60 3038
22 61 624
22 62 1855
22 63 3086
22 64 672
22 65 1903
22 66 3134
22 67 720
22 68 1951
22 69 3182
22 70 768
22 71 1999
22 72 3230
22 73 816
22 74 2047
22 75 3278
22 76 120
23 0 1351
23 1 959
23 2 791
23 3 783
23 4 1862
23 5 591
23 6 1138
23 7 1600
23 8 1281
23 9 402
23 10 1689
23 11 998
23 12 1404
23 13 902
23 14 441
23 15 1068
23 16 822
23 17 1127
23 18 796
23 19 1680
23 20 1034
23 21 936
23 22 1231
23 23 0
23 24 1231
23 25 1279
23 26 48
23 27 1279
23 28 1327
23 29 96
23 30 1327
23 31 1375
23 32 144
23 33 1375
23 34 1423
23 35 192
23 36 1423
23 37 1471
23 38 240
23 39 1471
23 40 1519
23 41 288
23 42 1519
23 43 1567
23 44 336
23 45 1567
23 46 1615
23 47 384
23 48 1615
23 49 1663
23 50 432
23 51 1663
23 52 1711
23 53 480
23 54 1711
23 55 1759
23 56 528
23 57 1759
23 58 1807
23 59 576
23 60 1807
23 61 1855
23 62 624
23 63 1855
23 64 1903
23 65 672
23 66 1903
23 67 1951
23 68 720
23 69 1951
23 70 1999
23 71 768
23 72 1999
23 73 2047
23 74 816
23 75 2047
23 76 1351
24 0 2582
24 1 1232
24 2 2022
24 3 2014
24 4 809
24 5 1822
24 6 1437
24 7 495
24 8 2512
24 9 1117
24 10 2920
24 11 1193
24 12 403
24 13 2133
24 14 1078
24 15 1315
24 16 2053
24 17 776
24 18 2027
24 19 991
24 20 293
24 21 2167
24 22 2462
24 23 1231
24 24 0
24 25 2510
24 26 1279
24 27 48
24 28 2558
24 29 1327
24 30 96
24 31 2606
24 32 1375
24 33 144
24 34 2654
24 35 1423
24 36 192
24 37 2702
24 38 1471
24 39 240
24 40 2750
24 41 1519
24 42 288
24 43 2798
24 44 1567
24 45 336
24 46 2846
24 47 1615
24 48 384
24 49 2894
24 50 1663
24 51 432
24 52 2942
24 53 1711
24 54 480
24 55 2990
24 56 1759
24 57 528
24 58 3038
24 59 1807
24 60 576
24 61 3086
24 62 1855
24 63 624
24 64 3134
24 65 1903
24 66 672
24 67 3182
24 68 1951
24 69 720
24 70 3230
24 71 1999
24 72 768
24 73 3278
24 74 2047
24 75 816
24 76 2582
25 0 168
25 1 2142
25 2 1640
25 3 1840
25 4 3045
25 5 1648
25 6 2321
25 7 2783
25 8 1246
25 9 1585
25 10 1030
25 11 2181
25 12 2587
25 13 1049
25 14 1624
25 15 2251
25 16 553
25 17 2310
25 18 579
25 19 2863
25 20 2217
25 21 823
25 22 48
25 23 1279
25 24 2510
25 25 0
25 26 1231
25 27 2462
25 28 48
25 29 1279
25 30 2510
25 31 96
25 32 1327
25 33 2558
25 34 144
25 35 1375
25 36 2606
25 37 192
25 38 1423
25 39 2654
25 40 240
25 41 1471
25 42 2702
25 43 288
25 44 1519
25 45 2750
25 46 336
25 47 1567
25 48 2798
25 49 384
25 50 1615
25 51 2846
25 52 432
25 53 1663
25 54 2894
25 55 480
25 56 1711
25 57 2942
25 58 528
25 59 1759
25 60 2990
25 61 576
25 62 1807
25 63 3038
25 64 624
25 65 1855
25 66 3086
25 67 672
25 68 1903
25 69 3134
25 70 720
25 71 1951
25 72 3182
25 73 768
25 74 1999
25 75 3230
25 76 168
26 0 1399
26 1 911
26 2 743
26 3 735
26 4 1814
26 5 543
26 6 1090
26 7 1552
26 8 1233
26 9 354
26 10 1641
26 11 950
26 12 1356
26 13 854
26 14 393
26 15 1020
26 16 774
26 17 1079
26 18 748
26 19 1632
26 20 986
26 21 888
26 22 1279
26 23 48
26 24 1279
26 25 1231
26 26 0
26 27 1231
26 28 1279
26 29 48
26 30 1279
26 31 1327
26 32 96
26 33 1327
26 34 1375
26 35 144
26 36 1375
26 37 1423
26 38 192
26 39 1423
26 40 1471
26 41 240
26 42 1471
26 43 1519
26 44 288
26 45 1519
26 46 1567
26 47 336
26 48 1567
26 49 1615
26 50 384
26 51 1615
26 52 1663
26 53 432
26 54 1663
26 55 1711
26 56 480
26 57 1711
26 58 1759
26 59 528
26 60 1759
26 61 1807
26 62 576
26 63 1807
26 64 1855
26 65 624
26 66 1855
26 67 1903
26 68 672
26 69 1903
26 70 1951
26 71 720
26 72 1951
26 73 1999
26 74 768
26 75 1999
26 76 1399
27 0 2630
27 1 1184
27 2 1974
27 3 1966
27 4 761
27 5 1774
27 6 1389
27 7 447
27 8 2464
27 9 1069
27 10 2872
27 11 1145
27 12 355
27 13 2085
27 14 1030
27 15 1267
27 16 2005
27 17 728
27 18 1979
27 19 943
27 20 245
27 21 2119
27 22 2510
27 23 1279
27 24 48
27 25 2462
27 26 1231
27 27 0
27 28 2510
27 29 1279
27 30 48
27 31 2558
27 32 1327
27 33 96
27 34 2606
27 35 1375
27 36 144
27 37 2654
27 38 1423
27 39 192
27 40 2702
27 41 1471
27 42 240
27 43 2750
27 44 1519
27 45 288
27 46 2798
27 47 1567
27 48 336
27 49 2846
27 50 1615
27 51 384
27 52 2894
27 53 1663
27 54 432
27 55 2942
27 56 1711
27 57 480
27 58 2990
27 59 1759
27 60 528
27 61 3038
27 62 1807
27 63 576
27 64 3086
27 65 1855
27 66 624
27 67 3134
27 68 1903
27 69 672
27 70 3182
27 71 1951
27 72 720
27 73 3230
27 74 1999
27 75 768
27 76 2630
28 0 216
28 1 2094
28 2 1592
28 3 1792
28 4 2997
28 5 1600
28 6 2273
28 7 2735
28 8 1198
28 9 1537
28 10 982
28 11 2133
28 12 2539
28 13 1001
28 14 1576
28 15 2203
28 16 505
28 17 2262
28 18 531
28 19 2815
28 20 2265
28 21 775
28 22 96
28 23 1327
28 24 2558
28 25 48
28 26 1279
28 27 2510
28 28 0
28 29 1231
28 30 2462
28 31 48
28 32 1279
28 33 2510
28 34 96
28 35 1327
28 36 2558
28 37 144
28 38 1375
28 39 2606
28 40 192
28 41 1423
28 42 2654
28 43 240
28 44 1471
28 45 2702
28 46 288
28 47 1519
28 48 2750
28 49 336
28 50 1567
28 51 2798
28 52 384
28 53 1615
28 54 2846
28 55 432
28 56 1663
28 57 2894
28 58 480
28 59 1711
28 60 2942
28 61 528
28 62 1759
28 63 2990
28 64 576
28 65 1807
28 66 3038
28 67 624
28 68 1855
28 69 3086
28 70 672
28 71 1903
28 72 3134
28 73 720
28 74 1951
28 75 3182
28 76 216
29 0 1447
29 1 863
29 2 695
29 3 687
29 4 1766
29 5 495
29 6 1042
29 7 1504
29 8 1185
29 9 306
29 10 1593
29 11 902
29 12 1308
29 13 806
29 14 345
29 15 972
29 16 726
29 17 1031
29 18 700
29 19 1584
29 20 1034
29 21 840
29 22 1327
29 23 96
29 24 1327
29 25 1279
29 26 48
29 27 1279
29 28 1231
29 29 0
29 30 1231
29 31 1279
29 32 48
29 33 1279
29 34 1327
29 35 96
29 36 1327
29 37 1375
29 38 144
29 39 1375
29 40 1423
29 41 192
29 42 1423
29 43 1471
29 44 240
29 45 1471
29 46 1519
29 47 288
29 48 1519
29 49 1567
29 50 336
29 51 1567
29 52 1615
29 53 384
29 54 1615
29 55 1663
29 56 432
29 57 1663
29 58 1711
29 59 480
29 60 1711
29 61 1759
29 62 528
29 63 1759
29 64 1807
29 65 576
29 66 1807
29 67 1855
29 68 624
29 69 1855
29 70 1903
29 71 672
29 72 1903
29 73 1951
29 74 720
29 75 1951
29 76 1447
30 0 2678
30 1 1136
30 2 1926
30 3 1918
30 4 713
30 5 1726
30 6 1341
30 7 399
30 8 2416
30 9 1021
30 10 2824
30 11 1097
30 12 307
30 13 2037
30 14 982
30 15 1219
30 16 1957
30 17 680
30 18 1931
30 19 895
30 20 293
30 21 2071
30 22 2558
30 23 1327
30 24 96
30 25 2510
30 26 1279
30 27 48
30 28 2462
30 29 1231
30 30 0
30 31 2510
30 32 1279
30 33 48
30 34 2558
30 35 1327
30 36 96
30 37 2606
30 38 1375
30 39 144
30 40 2654
30 41 1423
30 42 192
30 43 2702
30 44 1471
30 45 240
30 46 2750
30 47 1519
30 48 288
30 49 2798
30 50 1567
30 51 336
30 52 2846
30 53 1615
30 54 384
30 55 2894
30 56 1663
30 57 432
30 58 2942
30 59 1711
30 60 480
30 61 2990
30 62 1759
30 63 528
30 64 3038
30 65 1807
30 66 576
30 67 3086
30 68 1855
30 69 624
30 70 3134
30 71 1903
30 72 672
30 73 3182
30 74 1951
30 75 720
30 76 2678
31 0 264
31 1 2046
31 2 1544
31 3 1744
31 4 2949
31 5 1552
31 6 2225
31 7 2687
31 8 1150
31 9 1489
31 10 934
31 11 2085
31 12 2491
31 13 953
31 14 1528
31 15 2155
31 16 553
31 17 2214
31 18 579
31 19 2767
31 20 2313
31 21 727
31 22 144
31 23 1375
31 24 2606
31 25 96
31 26 1327
31 27 2558
31 28 48
31 29 1279
31 30 2510
31 31 0
31 32 1231
31 33 2462
31 34 48
31 35 1279
31 36 2510
31 37 96
31 38 1327
31 39 2558
31 40 144
31 41 1375
31 42 2606
31 43 192
31 44 1423
31 45 2654
31 46 240
31 47 1471
31 48 2702
31 49 288
31 50 1519
31 51 2750
31 52 336
31 53 1567
31 54 2798
31 55 384
31 56 1615
31 57 2846
31 58 432
31 59 1663
31 60 2894
31 61 480
31 62 1711
31 63 2942
31 64 528
31 65 1759
31 66 2990
31 67 576
31 68 1807
31 69 3038
31 70 624
31 71 1855
31 72 3086
31 73 672
31 74 1903
31 75 3134
31 76 264
32 0 1495
32 1 815
32 2 647
32 3 639
32 4 1718
32 5 447
32 6 994
32 7 1456
32 8 1137
32 9 258
32 10 1545
32 11 854
32 12 1260
32 13 758
32 14 297
32 15 924
32 16 774
32 17 983
32 18 748
32 19 1536
32 20 1082
32 21 792
32 22 1375
32 23 144
32 24 1375
32 25 1327
32 26 96
32 27 1327
32 28 1279
32 29 48
32 30 1279
32 31 1231
32 32 0
32 33 1231
32 34 1279
32 35 48
32 36 1279
32 37 1327
32 38 96
32 39 1327
32 40 1375
32 41 144
32 42 1375
32 43 1423
32 44 192
32 45 1423
32 46 1471
32 47 240
32 48 1471
32 49 1519
32 50 288
32 51 1519
32 52 1567
32 53 336
32 54 1567
32 55 1615
32 56 384
32 57 1615
32 58 1663
32 59 432
32 60 1663
32 61 1711
32 62 480
32 63 1711
32 64 1759
32 65 528
32 66 1759
32 67 1807
32 68 576
32 69 1807
32 70 1855
32 71 624
32 72 1855
32 73 1903
32 74 672
32 75 1903
32 76 1495
33 0 2726
33 1 1088
33 2 1878
33 3 1870
33 4 665
33 5 1678
33 6 1293
33 7 351
33 8 2368
33 9 973
33 10 2776
33 11 1049
33 12 259
33 13 1989
33 14 934
33 15 1171
33 16 2005
33 17 632
33 18 1979
33 19 847
33 20 341
33 21 2023
33 22 2606
33 23 1375
33 24 144
33 25 2558
33 26 1327
33 27 96
33 28 2510
33 29 1279
33 30 48
33 31 2462
33 32 1231
33 33 0
33 34 2510
33 35 1279
33 36 48
33 37 2558
33 38 1327
33 39 96
33 40 2606
33 41 1375
33 42 144
33 43 2654
33 44 1423
33 45 192
33 46 2702
33 47 1471
33 48 240
33 49 2750
33 50 1519
33 51 288
33 52 2798
33 53 1567
33 54 336
33 55 2846
33 56 1615
33 57 384
33 58 2894
33 59 1663
33 60 432
33 61 2942
33 62 1711
33 63 480
33 64 2990
33 65 1759
33 66 528
33 67 3038
33 68 1807
33 69 576
33 70 3086
33 71 1855
33 72 624
33 73 3134
33 74 1903
33 75 672
33 76 2726
34 0 312
34 1 1998
34 2 1496
34 3 1696
34 4 2901
34 5 1504
34 6 2177
34 7 2639
34 8 1102
34 9 1537
34 10 886
34 11 2037
34 12 2443
34 13 905
34 14 1576
34 15 2107
34 16 601
34 17 2166
34 18 627
34 19 2719
34 20 2361
34 21 679
34 22 192
34 23 1423
34 24 2654
34 25 144
34 26 1375
34 27 2606
34 28 96
34 29 1327
34 30 2558
34 31 48
34 32 1279
34 33 2510
34 34 0
34 35 1231
34 36 2462
34 37 48
34 38 1279
34 39 2510
34 40 96
34 41 1327
34 42 2558
34 43 144
34 44 1375
34 45 2606
34 46 192
34 47 1423
34 48 2654
34 49 240
34 50 1471
34 51 2702
34 52 288
34 53 1519
34 54 2750
34 55 336
34 56 1567
34 57 2798
34 58 384
34 59 1615
34 60 2846
34 61 432
34 62 1663
34 63 2894
34 64 480
34 65 1711
34 66 2942
34 67 528
34 68 1759
34 69 2990
34 70 576
34 71 1807
34 72 3038
34 73 624
34 74 1855
34 75 3086
34 76 312
35 0 1543
35 1 767
35 2 599
35 3 591
35 4 1670
35 5 399
35 6 946
35 7 1408
35 8 1089
35 9 306
35 10 1497
35 11 806
35 12 1212
35 13 710
35 14 345
35 15 876
35 16 822
35 17 935
35 18 796
35 19 1488
35 20 1130
35 21 744
35 22 1423
35 23 192
35 24 1423
35 25 1375
35 26 144
35 27 1375
35 28 1327
35 29 96
35 30 1327
35 31 1279
35 32 48
35 33 1279
35 34 1231
35 35 0
35 36 1231
35 37 1279
35 38 48
35 39 1279
35 40 1327
35 41 96
35 42 1327
35 43 1375
35 44 144
35 45 1375
35 46 1423
35 47 192
35 48 1423
35 49 1471
35 50 240
35 51 1471
35 52 1519
35 53 288
35 54 1519
35 55 1567
35 56 336
35 57 1567
35 58 1615
35 59 384
35 60 1615
35 61 1663
35 62 432
35 63 1663
35 64 1711
35 65 480
35 66 1711
35 67 1759
35 68 528
35 69 1759
35 70 1807
35 71 576
35 72 1807
35 73 1855
35 74 624
35 75 1855
35 76 1543
36 0 2774
36 1 1040
36 2 1830
36 3 1822
36 4 617
36 5 1630
36 6 1245
36 7 303
36 8 2320
36 9 1021
36 10 2728
36 11 1001
36 12 211
36 13 1941
36 14 982
36 15 1123
36 16 2053
36 17 584
36 18 2027
36 19 799
36 20 389
36 21 1975
36 22 2654
36 23 1423
36 24 192
36 25 2606
36 26 1375
36 27 144
36 28 2558
36 29 1327
36 30 96
36 31 2510
36 32 1279
36 33 48
36 34 2462
36 35 1231
36 36 0
36 37 2510
36 38 1279
36 39 48
36 40 2558
36 41 1327
36 42 96
36 43 2606
36 44 1375
36 45 144
36 46 2654
36 47 1423
36 48 192
36 49 2702
36 50 1471
36 51 240
36 52 2750
36 53 1519
36 54 288
36 55 2798
36 56 1567
36 57 336
36 58 2846
36 59 1615
36 60 384
36 61 2894
36 62 1663
36 63 432
36 64 2942
36 65 1711
36 66 480
36 67 2990
36 68 1759
36 69 528
36 70 3038
36 71 1807
36 72 576
36 73 3086
36 74 1855
36 75 624
36 76 2774
37 0 360
37 1 1950
37 2 1448
37 3 1648
37 4 2853
37 5 1456
37 6 2129
37 7 2591
37 8 1054
37 9 1585
37 10 838
37 11 1989
37 12 2395
37 13 857
37 14 1624
37 15 2059
37 16 649
37 17 2118
37 18 675
37 19 2671
37 20 2409
37 21 631
37 22 240
37 23 1471
37 24 2702
37 25 192
37 26 1423
37 27 2654
37 28 144
37 29 1375
37 30 2606
37 31 96
37 32 1327
37 33 2558
37 34 48
37 35 1279
37 36 2510
37 37 0
37 38 1231
37 39 2462
37 40 48
37 41 1279
37 42 2510
37 43 96
37 44 1327
37 45 2558
37 46 144
37 47 1375
37 48 2606
37 49 192
37 50 1423
37 51 2654
37 52 240
37 53 1471
37 54 2702
37 55 288
37 56 1519
37 57 2750
37 58 336
37 59 1567
37 60 2798
37 61 384
37 62 1615
37 63 2846
37 64 432
37 65 1663
37 66 2894
37 67 480
37 68 1711
37 69 2942
37 70 528
37 71 1759
37 72 2990
37 73 576
37 74 1807
37 75 3038
37 76 360
38 0 1591
38 1 719
38 2 551
38 3 543
38 4 1622
38 5 351
38 6 898
38 7 1360
38 8 1041
38 9 354
38 10 1449
38 11 758
38 12 1164
38 13 662
38 14 393
38 15 828
38 16 870
38 17 887
38 18 844
38 19 1440
38 20 1178
38 21 696
38 22 1471
38 23 240
38 24 1471
38 25 1423
38 26 192
38 27 1423
38 28 1375
38 29 144
38 30 1375
38 31 1327
38 32 96
38 33 1327
38 34 1279
38 35 48
38 36 1279
38 37 1231
38 38 0
38 39 1231
38 40 1279
38 41 48
38 42 1279
38 43 1327
38 44 96
38 45 1327
38 46 1375
38 47 144
38 48 1375
38 49 1423
38 50 192
38 51 1423
38 52 1471
38 53 240
38 54 1471
38 55 1519
38 56 288
38 57 1519
38 58 1567
38 59 336
38 60 1567
38 61 1615
38 62 384
38 63 1615
38 64 1663
38 65 432
38 66 1663
38 67 1711
38 68 480
38 69 1711
38 70 1759
38 71 528
38 72 1759
38 73 1807
38 74 576
38 75 1807
38 76 1591
39 0 2822
39 1 992
39 2 1782
39 3 1774
39 4 569
39 5 1582
39 6 1197
39 7 255
39 8 2272
39 9 1069
39 10 2680
39 11 953
39 12 163
39 13 1893
39 14 1030
39 15 1075
39 16 2101
39 17 536
39 18 2075
39 19 751
39 20 437
39 21 1927
39 22 2702
39 23 1471
39 24 240
39 25 2654
39 26 1423
39 27 192
39 28 2606
39 29 1375
39 30 144
39 31 2558
39 32 1327
39 33 96
39 34 2510
39 35 1279
39 36 48
39 37 2462
39 38 1231
39 39 0
39 40 2510
39 41 1279
39 42 48
39 43 2558
39 44 1327
39 45 96
39 46 2606
39 47 1375
39 48 144
39 49 2654
39 50 1423
39 51 192
39 52 2702
39 53 1471
39 54 240
39 55 2750
39 56 1519
39 57 288
39 58 2798
39 59 1567
39 60 336
39 61 2846
39 62 1615
39 63 384
39 64 2894
39 65 1663
39 66 432
39 67 2942
39 68 1711
39 69 480
39 70 2990
39 71 1759
39 72 528
39 73 3038
39 74 1807
39 75 576
39 76 2822
40 0 408
40 1 1902
40 2 1400
40 3 1600
40 4 2805
40 5 1408
40 6 2081
40 7 2543
40 8 1006
40 9 1633
40 10 790
40 11 1941
40 12 2347
40 13 809
40 14 1672
40 15 2011
40 16 697
40 17 2070
40 18 723
40 19 2623
40 20 2457
40 21 583
40 22 288
40 23 1519
40 24 2750
40 25 240
40 26 1471
40 27 2702
40 28 192
40 29 1423
40 30 2654
40 31 144
40 32 1375
40 33 2606
40 34 96
40 35 1327
40 36 2558
40 37 48
40 38 1279
40 39 2510
40 40 0
40 41 1231
40 42 2462
40 43 48
40 44 1279
40 45 2510
40 46 96
40 47 1327
40 48 2558
40 49 144
40 50 1375
40 51 2606
40 52 192
40 53 1423
40 54 2654
40 55 240
40 56 1471
40 57 2702
40 58 288
40 59 1519
40 60 2750
40 61 336
40 62 1567
40 63 2798
40 64 384
40 65 1615
40 66 2846
40 67 432
40 68 1663
40 69 2894
40 70 480
40 71 1711
40 72 2942
40 73 528
40 74 1759
40 75 2990
40 76 408
41 0 1639
41 1 671
41 2 503
41 3 495
41 4 1574
41 5 303
41 6 850
41 7 1312
41 8 993
41 9 402
41 10 1401
41 11 710
41 12 1116
41 13 614
41 14 441
41 15 780
41 16 918
41 17 839
41 18 892
41 19 1392
41 20 1226
41 21 648
41 22 1519
41 23 288
41 24 1519
41 25 1471
41 26 240
41 27 1471
41 28 1423
41 29 192
41 30 1423
41 31 1375
41 32 144
41 33 1375
41 34 1327
41 35 96
41 36 1327
41 37 1279
41 38 48
41 39 1279
41 40 1231
41 41 0
41 42 1231
41 43 1279
41 44 48
41 45 1279
41 46 1327
41 47 96
41 48 1327
41 49 1375
41 50 144
41 51 1375
41 52 1423
41 53 192
41 54 1423
41 55 1471
41 56 240
41 57 1471
41 58 1519
41 59 288
41 60 1519
41 61 1567
41 62 336
41 63 1567
41 64 1615
41 65 384
41 66 1615
41 67 1663
41 68 432
41 69 1663
41 70 1711
41 71 480
41 72 1711
41 73 1759
41 74 528
41 75 1759
41 76 1639
42 0 2870
42 1 944
42 2 1734
42 3 1726
42 4 521
42 5 1534
42 6 1149
42 7 207
42 8 2224
42 9 1117
42 10 2632
42 11 905
42 12 115
42 13 1845
42 14 1078
42 15 1027
42 16 2149
42 17 488
42 18 2123
42 19 703
42 20 485
42 21 1879
42 22 2750
42 23 1519
42 24 288
42 25 2702
42 26 1471
42 27 240
42 28 2654
42 29 1423
42 30 192
42 31 2606
42 32 1375
42 33 144
42 34 2558
42 35 1327
42 36 96
42 37 2510
42 38 1279
42 39 48
42 40 2462
42 41 1231
42 42 0
42 43 2510
42 44 1279
42 45 48
42 46 2558
42 47 1327
42 48 96
42 49 2606
42 50 1375
42 51 144
42 52 2654
42 53 1423
42 54 192
42 55 2702
42 56 1471
42 57 240
42 58 2750
42 59 1519
42 60 288
42 61 2798
42 62 1567
42 63 336
42 64 2846
42 65 1615
42 66 384
42 67 2894
42 68 1663
42 69 432
42 70 2942
42 71 1711
42 72 480
42 73 2990
42 74 1759
42 75 528
42 76 2870
43 0 456
43 1 1854
43 2 1352
43 3 1552
43 4 2757
43 5 1360
43 6 2033
43 7 2495
43 8 958
43 9 1681
43 10 742
43 11 1893
43 12 2395
43 13 761
43 14 1720
43 15 1963
43 16 745
43 17 2022
43 18 771
43 19 2575
43 20 2505
43 21 631
43 22 336
43 23 1567
43 24 2798
43 25 288
43 26 1519
43 27 2750
43 28 240
43 29 1471
43 30 2702
43 31 192
43 32 1423
43 33 2654
43 34 144
43 35 1375
43 36 2606
43 37 96
43 38 1327
43 39 2558
43 40 48
43 41 1279
43 42 2510
43 43 0
43 44 1231
43 45 2462
43 46 48
43 47 1279
43 48 2510
43 49 96
43 50 1327
43 51 2558
43 52 144
43 53 1375
43 54 2606
43 55 192
43 56 1423
43 57 2654
43 58 240
43 59 1471
43 60 2702
43 61 288
43 62 1519
43 63 2750
43 64 336
43 65 1567
43 66 2798
43 67 384
43 68 1615
43 69 2846
43 70 432
43 71 1663
43 72 2894
43 73 480
43 74 1711
43 75 2942
43 76 456
44 0 1687
44 1 623
44 2 455
44 3 447
44 4 1526
44 5 255
44 6 802
44 7 1264
44 8 945
44 9 450
44 10 1353
44 11 662
44 12 1164
44 13 566
44 14 489
44 15 732
44 16 966
44 17 791
44 18 940
44 19 1344
44 20 1274
44 21 696
44 22 1567
44 23 336
44 24 1567
44 25 1519
44 26 288
44 27 1519
44 28 1471
44 29 240
44 30 1471
44 31 1423
44 32 192
44 33 1423
44 34 1375
44 35 144
44 36 1375
44 37 1327
44 38 96
44 39 1327
44 40 1279
44 41 48
44 42 1279
44 43 1231
44 44 0
44 45 1231
44 46 1279
44 47 48
44 48 1279
44 49 1327
44 50 96
44 51 1327
44 52 1375
44 53 144
44 54 1375
44 55 1423
44 56 192
44 57 1423
44 58 1471
44 59 240
44 60 1471
44 61 1519
44 62 288
44 63 1519
44 64 1567
44 65 336
44 66 1567
44 67 1615
44 68 384
44 69 1615
44 70 1663
44 71 432
44 72 1663
44 73 1711
44 74 480
44 75 1711
44 76 1687
45 0 2918
45 1 896
45 2 1686
45 3 1678
45 4 473
45 5 1486
45 6 1101
45 7 159
45 8 2176
45 9 1165
45 10 2584
45 11 857
45 12 163
45 13 1797
45 14 1126
45 15 979
45 16 2197
45 17 440
45 18 2171
45 19 655
45 20 533
45 21 1927
45 22 2798
45 23 1567
45 24 336
45 25 2750
45 26 1519
45 27 288
45 28 2702
45 29 1471
45 30 240
45 31 2654
45 32 1423
45 33 192
45 34 2606
45 35 1375
45 36 144
45 37 2558
45 38 1327
45 39 96
45 40 2510
45 41 1279
45 42 48
45 43 2462
45 44 1231
45 45 0
45 46 2510
45 47 1279
45 48 48
45 49 2558
45 50 1327
45 51 96
45 52 2606
45 53 1375
45 54 144
45 55 2654
45 56 1423
45 57 192
45 58 2702
45 59 1471
45 60 240
45 61 2750
45 62 1519
45 63 288
45 64 2798
45 65 1567
45 66 336
45 67 2846
45 68 1615
45 69 384
45 70 2894
45 71 1663
45 72 432
45 73 2942
45 74 1711
45 75 480
45 76 2918
46 0 504
46 1 1806
46 2 1304
46 3 1504
46 4 2709
46 5 1312
46 6 1985
46 7 2447
46 8 910
46 9 1729
46 10 694
46 11 1845
46 12 2443
46 13 713
46 14 1768
46 15 1915
46 16 793
46 17 2070
46 18 819
46 19 2527
46 20 2553
46 21 679
46 22 384
46 23 1615
46 24 2846
46 25 336
46 26 1567
46 27 2798
46 28 288
46 29 1519
46 30 2750
46 31 240
46 32 1471
46 33 2702
46 34 192
46 35 1423
46 36 2654
46 37 144
46 38 1375
46 39 2606
46 40 96
46 41 1327
46 42 2558
46 43 48
46 44 1279
46 45 2510
46 46 0
46 47 1231
46 48 2462
46 49 48
46 50 1279
46 51 2510
46 52 96
46 53 1327
46 54 2558
46 55 144
46 56 1375
46 57 2606
46 58 192
46 59 1423
46 60 2654
46 61 240
46 62 1471
46 63 2702
46 64 288
46 65 1519
46 66 2750
46 67 336
46 68 1567
46 69 2798
46 70 384
46 71 1615
46 72 2846
46 73 432
46 74 1663
46 75 2894
46 76 504
47 0 1735
47 1 575
47 2 407
47 3 399
47 4 1478
47 5 207
47 6 754
