//alpha
1
//NbLocations
66
//NbProducts
29
//NbPickers
2
//CapaPicker
4
//TimeToTravelOneDistanceUnit
3
//SetupTime
5400
//PickTime
300
//Products
//Idx Location Size
1 1 1
2 2 1
3 3 1
4 4 1
5 5 1
6 6 1
7 7 1
8 8 1
9 9 1
10 10 1
11 11 1
12 12 1
13 13 1
14 14 1
15 15 1
16 16 1
17 17 1
18 18 1
19 19 1
20 20 1
21 21 1
22 22 1
23 23 1
24 24 1
25 25 1
26 26 1
27 27 1
28 28 1
29 29 1
//Orders
//NbOrders
18
//Idx DueDate TardinessPenalty NbProdInOrder ProdIdx1 Qty1 ProdIdx2 Qty2 ...
1 90000 0 2 1 1 2 1
2 90000 0 1 3 1
3 144000 0 1 4 1
4 126000 0 2 5 1 6 1
5 126000 0 2 7 1 8 1
6 72000 0 1 9 1
7 36000 0 1 10 1
8 126000 0 4 11 1 12 1 13 1 14 1
9 144000 0 1 15 1
10 54000 0 1 16 1
11 126000 0 2 17 1 18 1
12 72000 0 1 19 1
13 126000 0 1 20 1
14 54000 0 4 21 1 22 1 23 1 24 1
15 72000 0 1 25 1
16 90000 0 1 26 1
17 54000 0 1 27 1
18 90000 0 2 28 1 29 1
//Graph (Products are vertices indexed from 1 to NbProducts)
//NbVerticesIntersections
36
//DepartingDepot
0
//ArrivalDepot
66
//Arcs
//Start End Distance
0 30 120
1 60 570
1 61 271
2 26 611
2 50 180
3 55 167
3 56 674
4 9 195
4 52 193
5 52 284
5 53 557
6 28 91
6 43 609
7 10 13
7 55 622
8 22 624
8 33 167
9 4 195
9 51 453
10 7 13
10 54 206
11 30 362
11 31 479
12 24 78
12 35 50
13 15 0
13 61 375
14 16 39
14 27 65
15 13 0
15 23 286
16 14 39
16 36 310
17 48 505
17 49 336
18 63 466
18 64 375
19 46 89
19 47 752
20 45 50
20 46 791
21 37 804
21 38 37
22 8 624
22 34 50
23 15 286
23 62 180
24 12 78
24 34 713
25 64 284
25 65 557
26 2 611
26 49 50
27 14 65
27 37 427
28 6 91
28 44 141
29 40 284
29 41 557
30 11 362
30 33 48
30 66 120
31 11 479
31 32 841
31 34 48
32 31 841
32 35 48
33 8 167
33 30 48
33 36 48
34 22 50
34 24 713
34 31 48
34 37 48
35 12 50
35 32 48
35 38 48
36 16 310
36 33 48
36 39 48
37 21 804
37 27 427
37 34 48
37 40 48
38 21 37
38 35 48
38 41 48
39 36 48
39 40 841
39 42 48
40 29 284
40 37 48
40 39 841
40 43 48
41 29 557
41 38 48
41 44 48
42 39 48
42 43 841
42 45 48
43 6 609
43 40 48
43 42 841
43 46 48
44 28 141
44 41 48
44 47 48
45 20 50
45 42 48
45 48 48
46 19 89
46 20 791
46 43 48
46 49 48
47 19 752
47 44 48
47 50 48
48 17 505
48 45 48
48 51 48
49 17 336
49 26 50
49 46 48
49 52 48
50 2 180
50 47 48
50 53 48
51 9 453
51 48 48
51 54 48
52 4 193
52 5 284
52 49 48
52 55 48
53 5 557
53 50 48
53 56 48
54 10 206
54 51 48
54 57 48
55 3 167
55 7 622
55 52 48
55 58 48
56 3 674
56 53 48
56 59 48
57 54 48
57 58 841
57 60 48
58 55 48
58 57 841
58 59 841
58 61 48
59 56 48
59 58 841
59 62 48
60 1 570
60 57 48
60 63 48
61 1 271
61 13 375
61 58 48
61 64 48
62 23 180
62 59 48
62 65 48
63 18 466
63 60 48
64 18 375
64 25 284
64 61 48
65 25 557
65 62 48
//LocStart LocEnd ShortestPath
0 0 0
0 1 1170
0 2 1910
0 3 1512
0 4 1104
0 5 1581
0 6 1762
0 7 723
0 8 335
0 9 909
0 10 710
0 11 482
0 12 1800
0 13 1816
0 14 565
0 15 1816
0 16 526
0 17 913
0 18 1114
0 19 1290
0 20 410
0 21 1861
0 22 959
0 23 2102
0 24 1722
0 25 1773
0 26 1299
0 27 630
0 28 1853
0 29 1389
0 30 120
0 31 961
0 32 1802
0 33 168
0 34 1009
0 35 1850
0 36 216
0 37 1057
0 38 1898
0 39 264
0 40 1105
0 41 1946
0 42 312
0 43 1153
0 44 1994
0 45 360
0 46 1201
0 47 2042
0 48 408
0 49 1249
0 50 2090
0 51 456
0 52 1297
0 53 2138
0 54 504
0 55 1345
0 56 2186
0 57 552
0 58 1393
0 59 2234
0 60 600
0 61 1441
0 62 2282
0 63 648
0 64 1489
0 65 2330
0 66 0
1 0 1170
1 1 0
1 2 1124
1 3 534
1 4 608
1 5 699
1 6 1168
1 7 885
1 8 1169
1 9 803
1 10 872
1 11 1230
1 12 1494
1 13 646
1 14 1147
1 15 646
1 16 1186
1 17 799
1 18 694
1 19 600
1 20 860
1 21 1459
1 22 753
1 23 932
1 24 1416
1 25 603
1 26 513
1 27 1082
1 28 1259
1 29 891
1 30 1050
1 31 751
1 32 1592
1 33 1002
1 34 703
1 35 1544
1 36 954
1 37 655
1 38 1496
1 39 906
1 40 607
1 41 1448
1 42 858
1 43 559
1 44 1400
1 45 810
1 46 511
1 47 1352
1 48 762
1 49 463
1 50 1304
1 51 714
1 52 415
1 53 1256
1 54 666
1 55 367
1 56 1208
1 57 618
1 58 319
1 59 1160
1 60 570
1 61 271
1 62 1112
1 63 618
1 64 319
1 65 1160
1 66 1170
2 0 1910
2 1 1124
2 2 0
2 3 924
2 4 902
2 5 785
2 6 508
2 7 1379
2 8 1575
2 9 1097
2 10 1392
2 11 1428
2 12 470
2 13 838
2 14 1345
2 15 838
2 16 1384
2 17 997
2 18 1276
2 19 798
2 20 1500
2 21 409
2 22 951
2 23 552
2 24 548
2 25 977
2 26 611
2 27 1280
2 28 417
2 29 881
2 30 1790
2 31 949
2 32 468
2 33 1742
2 34 901
2 35 420
2 36 1694
2 37 853
2 38 372
2 39 1646
2 40 805
2 41 324
2 42 1598
2 43 757
2 44 276
2 45 1550
2 46 709
2 47 228
2 48 1502
2 49 661
2 50 180
2 51 1550
2 52 709
2 53 228
2 54 1598
2 55 757
2 56 276
2 57 1646
2 58 805
2 59 324
2 60 1694
2 61 853
2 62 372
2 63 1742
2 64 901
2 65 420
2 66 1910
3 0 1512
3 1 534
3 2 924
3 3 0
3 4 408
3 5 499
3 6 968
3 7 789
3 8 1177
3 9 603
3 10 802
3 11 1030
3 12 1060
3 13 638
3 14 947
3 15 638
3 16 986
3 17 599
3 18 686
3 19 400
3 20 1102
3 21 999
3 22 553
3 23 924
3 24 1138
3 25 595
3 26 313
3 27 882
3 28 1007
3 29 691
3 30 1392
3 31 551
3 32 1058
3 33 1344
3 34 503
3 35 1010
3 36 1296
3 37 455
3 38 962
3 39 1248
3 40 407
3 41 914
3 42 1200
3 43 359
3 44 866
3 45 1152
3 46 311
3 47 818
3 48 1104
3 49 263
3 50 770
3 51 1056
3 52 215
3 53 722
3 54 1008
3 55 167
3 56 674
3 57 1056
3 58 215
3 59 722
3 60 1104
3 61 263
3 62 770
3 63 1152
3 64 311
3 65 818
3 66 1512
4 0 1104
4 1 608
4 2 902
4 3 408
4 4 0
4 5 477
4 6 946
4 7 863
4 8 1103
4 9 195
4 10 876
4 11 1008
4 12 1272
4 13 712
4 14 925
4 15 712
4 16 964
4 17 577
4 18 760
4 19 378
4 20 794
4 21 1237
4 22 531
4 23 998
4 24 1194
4 25 669
4 26 291
4 27 860
4 28 1037
4 29 669
4 30 984
4 31 529
4 32 1370
4 33 936
4 34 481
4 35 1322
4 36 888
4 37 433
4 38 1274
4 39 840
4 40 385
4 41 1226
4 42 792
4 43 337
4 44 1178
4 45 744
4 46 289
4 47 1130
4 48 696
4 49 241
4 50 1082
4 51 648
4 52 193
4 53 1034
4 54 696
4 55 241
4 56 1082
4 57 744
4 58 289
4 59 1130
4 60 792
4 61 337
4 62 1178
4 63 840
4 64 385
4 65 1226
4 66 1104
5 0 1581
5 1 699
5 2 785
5 3 499
5 4 477
5 5 0
5 6 933
5 7 954
5 8 1246
5 9 672
5 10 967
5 11 1099
5 12 895
5 13 803
5 14 1016
5 15 803
5 16 1055
5 17 668
5 18 851
5 19 469
5 20 1171
5 21 834
5 22 622
5 23 881
5 24 973
5 25 760
5 26 382
5 27 951
5 28 842
5 29 760
5 30 1461
5 31 620
5 32 893
5 33 1413
5 34 572
5 35 845
5 36 1365
5 37 524
5 38 797
5 39 1317
5 40 476
5 41 749
5 42 1269
5 43 428
5 44 701
5 45 1221
5 46 380
5 47 653
5 48 1173
5 49 332
5 50 605
5 51 1125
5 52 284
5 53 557
5 54 1173
5 55 332
5 56 605
5 57 1221
5 58 380
5 59 653
5 60 1269
5 61 428
5 62 701
5 63 1317
5 64 476
5 65 749
5 66 1581
6 0 1762
6 1 1168
6 2 508
6 3 968
6 4 946
6 5 933
6 6 0
6 7 1423
6 8 1427
6 9 1141
6 10 1436
6 11 1280
6 12 426
6 13 986
6 14 1197
6 15 986
6 16 1236
6 17 1041
6 18 1320
6 19 746
6 20 1448
6 21 365
6 22 803
6 23 700
6 24 504
6 25 1125
6 26 755
6 27 1132
6 28 91
6 29 837
6 30 1642
6 31 801
6 32 424
6 33 1594
6 34 753
6 35 376
6 36 1546
6 37 705
6 38 328
6 39 1498
6 40 657
6 41 280
6 42 1450
6 43 609
6 44 232
6 45 1498
6 46 657
6 47 280
6 48 1546
6 49 705
6 50 328
6 51 1594
6 52 753
6 53 376
6 54 1642
6 55 801
6 56 424
6 57 1690
6 58 849
6 59 472
6 60 1738
6 61 897
6 62 520
6 63 1786
6 64 945
6 65 568
6 66 1762
7 0 723
7 1 885
7 2 1379
7 3 789
7 4 863
7 5 954
7 6 1423
7 7 0
7 8 722
7 9 720
7 10 13
7 11 965
7 12 1749
7 13 1093
7 14 856
7 15 1093
7 16 817
7 17 820
7 18 829
7 19 855
7 20 413
7 21 1714
7 22 1008
7 23 1379
7 24 1671
7 25 1050
7 26 768
7 27 921
7 28 1514
7 29 1146
7 30 603
7 31 1006
7 32 1847
7 33 555
7 34 958
7 35 1799
7 36 507
7 37 910
7 38 1751
7 39 459
7 40 862
7 41 1703
7 42 411
7 43 814
7 44 1655
7 45 363
7 46 766
7 47 1607
7 48 315
7 49 718
7 50 1559
7 51 267
7 52 670
7 53 1511
7 54 219
7 55 622
7 56 1463
7 57 267
7 58 670
7 59 1511
7 60 315
7 61 718
7 62 1559
7 63 363
7 64 766
7 65 1607
7 66 723
8 0 335
8 1 1169
8 2 1575
8 3 1177
8 4 1103
8 5 1246
8 6 1427
8 7 722
8 8 0
8 9 908
8 10 709
8 11 577
8 12 1465
8 13 1481
8 14 564
8 15 1481
8 16 525
8 17 912
8 18 1113
8 19 955
8 20 409
8 21 1526
8 22 624
8 23 1767
8 24 1387
8 25 1438
8 26 964
8 27 629
8 28 1518
8 29 1054
8 30 215
8 31 722
8 32 1563
8 33 167
8 34 674
8 35 1515
8 36 215
8 37 722
8 38 1563
8 39 263
8 40 770
8 41 1611
8 42 311
8 43 818
8 44 1659
8 45 359
8 46 866
8 47 1707
8 48 407
8 49 914
8 50 1755
8 51 455
8 52 962
8 53 1803
8 54 503
8 55 1010
8 56 1851
8 57 551
8 58 1058
8 59 1899
8 60 599
8 61 1106
8 62 1947
8 63 647
8 64 1154
8 65 1995
8 66 335
9 0 909
9 1 803
9 2 1097
9 3 603
9 4 195
9 5 672
9 6 1141
9 7 720
9 8 908
9 9 0
9 10 707
9 11 1151
9 12 1467
9 13 907
9 14 1042
9 15 907
9 16 1003
9 17 772
9 18 955
9 19 573
9 20 599
9 21 1432
9 22 726
9 23 1193
9 24 1389
9 25 864
9 26 486
9 27 1055
9 28 1232
9 29 864
9 30 789
9 31 724
9 32 1565
9 33 741
9 34 676
9 35 1517
9 36 693
9 37 628
9 38 1469
9 39 645
9 40 580
9 41 1421
9 42 597
9 43 532
9 44 1373
9 45 549
9 46 484
9 47 1325
9 48 501
9 49 436
9 50 1277
9 51 453
9 52 388
9 53 1229
9 54 501
9 55 436
9 56 1277
9 57 549
9 58 484
9 59 1325
9 60 597
9 61 532
9 62 1373
9 63 645
9 64 580
9 65 1421
9 66 909
10 0 710
10 1 872
10 2 1392
10 3 802
10 4 876
10 5 967
10 6 1436
10 7 13
10 8 709
10 9 707
10 10 0
10 11 952
10 12 1762
10 13 1106
10 14 843
10 15 1106
10 16 804
10 17 807
10 18 816
10 19 868
10 20 400
10 21 1727
10 22 1021
10 23 1392
10 24 1684
10 25 1063
10 26 781
10 27 908
10 28 1527
10 29 1159
10 30 590
10 31 1019
10 32 1860
10 33 542
10 34 971
10 35 1812
10 36 494
10 37 923
10 38 1764
10 39 446
10 40 875
10 41 1716
10 42 398
10 43 827
10 44 1668
10 45 350
10 46 779
10 47 1620
10 48 302
10 49 731
10 50 1572
10 51 254
10 52 683
10 53 1524
10 54 206
10 55 635
10 56 1476
10 57 254
10 58 683
10 59 1524
10 60 302
10 61 731
10 62 1572
10 63 350
10 64 779
10 65 1620
10 66 710
11 0 482
11 1 1230
11 2 1428
11 3 1030
11 4 1008
11 5 1099
11 6 1280
11 7 965
11 8 577
11 9 1151
11 10 952
11 11 0
11 12 1318
11 13 1334
11 14 807
11 15 1334
11 16 768
11 17 1103
11 18 1356
11 19 808
11 20 652
11 21 1379
11 22 577
11 23 1620
11 24 1240
11 25 1291
11 26 817
11 27 872
11 28 1371
11 29 907
11 30 362
11 31 479
11 32 1320
11 33 410
11 34 527
11 35 1368
11 36 458
11 37 575
11 38 1416
11 39 506
11 40 623
11 41 1464
11 42 554
11 43 671
11 44 1512
11 45 602
11 46 719
11 47 1560
11 48 650
11 49 767
11 50 1608
11 51 698
11 52 815
11 53 1656
11 54 746
11 55 863
11 56 1704
11 57 794
11 58 911
11 59 1752
11 60 842
11 61 959
11 62 1800
11 63 890
11 64 1007
11 65 1848
11 66 482
12 0 1800
12 1 1494
12 2 470
12 3 1060
12 4 1272
12 5 895
12 6 426
12 7 1749
12 8 1465
12 9 1467
12 10 1762
12 11 1318
12 12 0
12 13 948
12 14 1331
12 15 948
12 16 1370
12 17 1367
12 18 1646
12 19 994
12 20 1774
12 21 135
12 22 841
12 23 662
12 24 78
12 25 1087
12 26 1081
12 27 1266
12 28 335
12 29 703
12 30 1680
12 31 839
12 32 98
12 33 1632
12 34 791
12 35 50
12 36 1680
12 37 839
12 38 98
12 39 1728
12 40 887
12 41 146
12 42 1776
12 43 935
12 44 194
12 45 1824
12 46 983
12 47 242
12 48 1872
12 49 1031
12 50 290
12 51 1920
12 52 1079
12 53 338
12 54 1968
12 55 1127
12 56 386
12 57 2016
12 58 1175
12 59 434
12 60 2064
12 61 1223
12 62 482
12 63 2112
12 64 1271
12 65 530
12 66 1800
13 0 1816
13 1 646
13 2 838
13 3 638
13 4 712
13 5 803
13 6 986
13 7 1093
13 8 1481
13 9 907
13 10 1106
13 11 1334
13 12 948
13 13 0
13 14 1251
13 15 0
13 16 1290
13 17 903
13 18 798
13 19 704
13 20 1406
13 21 887
13 22 857
13 23 286
13 24 1026
13 25 707
13 26 617
13 27 1186
13 28 895
13 29 995
13 30 1696
13 31 855
13 32 946
13 33 1648
13 34 807
13 35 898
13 36 1600
13 37 759
13 38 850
13 39 1552
13 40 711
13 41 802
13 42 1504
13 43 663
13 44 754
13 45 1456
13 46 615
13 47 706
13 48 1408
13 49 567
13 50 658
13 51 1360
13 52 519
13 53 610
13 54 1312
13 55 471
13 56 562
13 57 1264
13 58 423
13 59 514
13 60 1216
13 61 375
13 62 466
13 63 1264
13 64 423
13 65 514
13 66 1816
14 0 565
14 1 1147
14 2 1345
14 3 947
14 4 925
14 5 1016
14 6 1197
14 7 856
14 8 564
14 9 1042
14 10 843
14 11 807
14 12 1331
14 13 1251
14 14 0
14 15 1251
14 16 39
14 17 1020
14 18 1247
14 19 725
14 20 543
14 21 1296
14 22 590
14 23 1537
14 24 1253
14 25 1208
14 26 734
14 27 65
14 28 1288
14 29 824
14 30 445
14 31 588
14 32 1429
14 33 397
14 34 540
14 35 1381
14 36 349
14 37 492
14 38 1333
14 39 397
14 40 540
14 41 1381
14 42 445
14 43 588
14 44 1429
14 45 493
14 46 636
14 47 1477
14 48 541
14 49 684
14 50 1525
14 51 589
14 52 732
14 53 1573
14 54 637
14 55 780
14 56 1621
14 57 685
14 58 828
14 59 1669
14 60 733
14 61 876
14 62 1717
14 63 781
14 64 924
14 65 1765
14 66 565
15 0 1816
15 1 646
15 2 838
15 3 638
15 4 712
15 5 803
15 6 986
15 7 1093
15 8 1481
15 9 907
15 10 1106
15 11 1334
15 12 948
15 13 0
15 14 1251
15 15 0
15 16 1290
15 17 903
15 18 798
15 19 704
15 20 1406
15 21 887
15 22 857
15 23 286
15 24 1026
15 25 707
15 26 617
15 27 1186
15 28 895
15 29 995
15 30 1696
15 31 855
15 32 946
15 33 1648
15 34 807
15 35 898
15 36 1600
15 37 759
15 38 850
15 39 1552
15 40 711
15 41 802
15 42 1504
15 43 663
15 44 754
15 45 1456
15 46 615
15 47 706
15 48 1408
15 49 567
15 50 658
15 51 1360
15 52 519
15 53 610
15 54 1312
15 55 471
15 56 562
15 57 1264
15 58 423
15 59 514
15 60 1216
15 61 375
15 62 466
15 63 1264
15 64 423
15 65 514
15 66 1816
16 0 526
16 1 1186
16 2 1384
16 3 986
16 4 964
16 5 1055
16 6 1236
16 7 817
16 8 525
16 9 1003
16 10 804
16 11 768
16 12 1370
16 13 1290
16 14 39
16 15 1290
16 16 0
16 17 1007
16 18 1208
16 19 764
16 20 504
16 21 1335
16 22 629
16 23 1576
16 24 1292
16 25 1247
16 26 773
16 27 104
16 28 1327
16 29 863
16 30 406
16 31 627
16 32 1468
16 33 358
16 34 579
16 35 1420
16 36 310
16 37 531
16 38 1372
16 39 358
16 40 579
16 41 1420
16 42 406
16 43 627
16 44 1468
16 45 454
16 46 675
16 47 1516
16 48 502
16 49 723
16 50 1564
16 51 550
16 52 771
16 53 1612
16 54 598
16 55 819
16 56 1660
16 57 646
16 58 867
16 59 1708
16 60 694
16 61 915
16 62 1756
16 63 742
16 64 963
16 65 1804
16 66 526
17 0 913
17 1 799
17 2 997
17 3 599
17 4 577
17 5 668
17 6 1041
17 7 820
17 8 912
17 9 772
17 10 807
17 11 1103
17 12 1367
17 13 903
17 14 1020
17 15 903
17 16 1007
17 17 0
17 18 951
17 19 473
17 20 603
17 21 1332
17 22 626
17 23 1189
17 24 1289
17 25 860
17 26 386
17 27 955
17 28 1132
17 29 764
17 30 793
17 31 624
17 32 1465
17 33 745
17 34 576
17 35 1417
17 36 697
17 37 528
17 38 1369
17 39 649
17 40 480
17 41 1321
17 42 601
17 43 432
17 44 1273
17 45 553
17 46 384
17 47 1225
17 48 505
17 49 336
17 50 1177
17 51 553
17 52 384
17 53 1225
17 54 601
17 55 432
17 56 1273
17 57 649
17 58 480
17 59 1321
17 60 697
17 61 528
17 62 1369
17 63 745
17 64 576
17 65 1417
17 66 913
18 0 1114
18 1 694
18 2 1276
18 3 686
18 4 760
18 5 851
18 6 1320
18 7 829
18 8 1113
18 9 955
18 10 816
18 11 1356
18 12 1646
18 13 798
18 14 1247
18 15 798
18 16 1208
18 17 951
18 18 0
18 19 752
18 20 804
18 21 1611
18 22 905
18 23 1084
18 24 1568
18 25 659
18 26 665
18 27 1234
18 28 1411
18 29 1043
18 30 994
18 31 903
18 32 1744
18 33 946
18 34 855
18 35 1696
18 36 898
18 37 807
18 38 1648
18 39 850
18 40 759
18 41 1600
18 42 802
18 43 711
18 44 1552
18 45 754
18 46 663
18 47 1504
18 48 706
18 49 615
18 50 1456
18 51 658
18 52 567
18 53 1408
18 54 610
18 55 519
18 56 1360
18 57 562
18 58 471
18 59 1312
18 60 514
18 61 423
18 62 1264
18 63 466
18 64 375
18 65 1216
18 66 1114
19 0 1290
19 1 600
19 2 798
19 3 400
19 4 378
19 5 469
19 6 746
19 7 855
19 8 955
19 9 573
19 10 868
19 11 808
19 12 994
19 13 704
19 14 725
19 15 704
19 16 764
19 17 473
19 18 752
19 19 0
19 20 880
19 21 933
19 22 331
19 23 990
19 24 994
19 25 661
19 26 187
19 27 660
19 28 837
19 29 469
19 30 1170
19 31 329
19 32 992
19 33 1122
19 34 281
19 35 944
19 36 1074
19 37 233
19 38 896
19 39 1026
19 40 185
19 41 848
19 42 978
19 43 137
19 44 800
19 45 930
19 46 89
19 47 752
19 48 978
19 49 137
19 50 800
19 51 1026
19 52 185
19 53 848
19 54 1074
19 55 233
19 56 896
19 57 1122
19 58 281
19 59 944
19 60 1170
19 61 329
19 62 992
19 63 1218
19 64 377
19 65 1040
19 66 1290
20 0 410
20 1 860
20 2 1500
20 3 1102
20 4 794
20 5 1171
20 6 1448
20 7 413
20 8 409
20 9 599
20 10 400
20 11 652
20 12 1774
20 13 1406
20 14 543
20 15 1406
20 16 504
20 17 603
20 18 804
20 19 880
20 20 0
20 21 1739
20 22 1033
20 23 1692
20 24 1696
20 25 1363
20 26 889
20 27 608
20 28 1539
20 29 1171
20 30 290
20 31 1031
20 32 1872
20 33 242
20 34 983
20 35 1824
20 36 194
20 37 935
20 38 1776
20 39 146
20 40 887
20 41 1728
20 42 98
20 43 839
20 44 1680
20 45 50
20 46 791
20 47 1632
20 48 98
20 49 839
20 50 1680
20 51 146
20 52 887
20 53 1728
20 54 194
20 55 935
20 56 1776
20 57 242
20 58 983
20 59 1824
20 60 290
20 61 1031
20 62 1872
20 63 338
20 64 1079
20 65 1920
20 66 410
21 0 1861
21 1 1459
21 2 409
21 3 999
21 4 1237
21 5 834
21 6 365
21 7 1714
21 8 1526
21 9 1432
21 10 1727
21 11 1379
21 12 135
21 13 887
21 14 1296
21 15 887
21 16 1335
21 17 1332
21 18 1611
21 19 933
21 20 1739
21 21 0
21 22 902
21 23 601
21 24 213
21 25 1026
21 26 1020
21 27 1231
21 28 274
21 29 642
21 30 1741
21 31 900
21 32 133
21 33 1693
21 34 852
21 35 85
21 36 1645
21 37 804
21 38 37
21 39 1693
21 40 852
21 41 85
21 42 1741
21 43 900
21 44 133
21 45 1789
21 46 948
21 47 181
21 48 1837
21 49 996
21 50 229
21 51 1885
21 52 1044
21 53 277
21 54 1933
21 55 1092
21 56 325
21 57 1981
21 58 1140
21 59 373
21 60 2029
21 61 1188
21 62 421
21 63 2077
21 64 1236
21 65 469
21 66 1861
22 0 959
22 1 753
22 2 951
22 3 553
22 4 531
22 5 622
22 6 803
22 7 1008
22 8 624
22 9 726
22 10 1021
22 11 577
22 12 841
22 13 857
22 14 590
22 15 857
22 16 629
22 17 626
22 18 905
22 19 331
22 20 1033
22 21 902
22 22 0
22 23 1143
22 24 763
22 25 814
22 26 340
22 27 525
22 28 894
22 29 430
22 30 839
22 31 98
22 32 939
22 33 791
22 34 50
22 35 891
22 36 839
22 37 98
22 38 939
22 39 887
22 40 146
22 41 987
22 42 935
22 43 194
22 44 1035
22 45 983
22 46 242
22 47 1083
22 48 1031
22 49 290
22 50 1131
22 51 1079
22 52 338
22 53 1179
22 54 1127
22 55 386
22 56 1227
22 57 1175
22 58 434
22 59 1275
22 60 1223
22 61 482
22 62 1323
22 63 1271
22 64 530
22 65 1371
22 66 959
23 0 2102
23 1 932
23 2 552
23 3 924
23 4 998
23 5 881
23 6 700
23 7 1379
23 8 1767
23 9 1193
23 10 1392
23 11 1620
23 12 662
23 13 286
23 14 1537
23 15 286
23 16 1576
23 17 1189
23 18 1084
23 19 990
23 20 1692
23 21 601
23 22 1143
23 23 0
23 24 740
23 25 785
23 26 903
23 27 1472
23 28 609
23 29 1073
23 30 1982
23 31 1141
23 32 660
23 33 1934
23 34 1093
23 35 612
23 36 1886
23 37 1045
23 38 564
23 39 1838
23 40 997
23 41 516
23 42 1790
23 43 949
23 44 468
23 45 1742
23 46 901
23 47 420
23 48 1694
23 49 853
23 50 372
23 51 1646
23 52 805
23 53 324
23 54 1598
23 55 757
23 56 276
23 57 1550
23 58 709
23 59 228
23 60 1502
23 61 661
23 62 180
23 63 1550
23 64 709
23 65 228
23 66 2102
24 0 1722
24 1 1416
24 2 548
24 3 1138
24 4 1194
24 5 973
24 6 504
24 7 1671
24 8 1387
24 9 1389
24 10 1684
24 11 1240
24 12 78
24 13 1026
24 14 1253
24 15 1026
24 16 1292
24 17 1289
24 18 1568
24 19 994
24 20 1696
24 21 213
24 22 763
24 23 740
24 24 0
24 25 1165
24 26 1003
24 27 1188
24 28 413
24 29 781
24 30 1602
24 31 761
24 32 176
24 33 1554
24 34 713
24 35 128
24 36 1602
24 37 761
24 38 176
24 39 1650
24 40 809
24 41 224
24 42 1698
24 43 857
24 44 272
24 45 1746
24 46 905
24 47 320
24 48 1794
24 49 953
24 50 368
24 51 1842
24 52 1001
24 53 416
24 54 1890
24 55 1049
24 56 464
24 57 1938
24 58 1097
24 59 512
24 60 1986
24 61 1145
24 62 560
24 63 2034
24 64 1193
24 65 608
24 66 1722
25 0 1773
25 1 603
25 2 977
25 3 595
25 4 669
25 5 760
25 6 1125
25 7 1050
25 8 1438
25 9 864
25 10 1063
25 11 1291
25 12 1087
25 13 707
25 14 1208
25 15 707
25 16 1247
25 17 860
25 18 659
25 19 661
25 20 1363
25 21 1026
25 22 814
25 23 785
25 24 1165
25 25 0
25 26 574
25 27 1143
25 28 1034
25 29 952
25 30 1653
25 31 812
25 32 1085
25 33 1605
25 34 764
25 35 1037
25 36 1557
25 37 716
25 38 989
25 39 1509
25 40 668
25 41 941
25 42 1461
25 43 620
25 44 893
25 45 1413
25 46 572
25 47 845
25 48 1365
25 49 524
25 50 797
25 51 1317
25 52 476
25 53 749
25 54 1269
25 55 428
25 56 701
25 57 1221
25 58 380
25 59 653
25 60 1173
25 61 332
25 62 605
25 63 1125
25 64 284
25 65 557
25 66 1773
26 0 1299
26 1 513
26 2 611
26 3 313
26 4 291
26 5 382
26 6 755
26 7 768
26 8 964
26 9 486
26 10 781
26 11 817
26 12 1081
26 13 617
26 14 734
26 15 617
26 16 773
26 17 386
26 18 665
26 19 187
26 20 889
26 21 1020
26 22 340
26 23 903
26 24 1003
26 25 574
26 26 0
26 27 669
26 28 846
26 29 478
26 30 1179
26 31 338
26 32 1079
26 33 1131
26 34 290
26 35 1031
26 36 1083
26 37 242
26 38 983
26 39 1035
26 40 194
26 41 935
26 42 987
26 43 146
26 44 887
26 45 939
26 46 98
26 47 839
26 48 891
26 49 50
26 50 791
26 51 939
26 52 98
26 53 839
26 54 987
26 55 146
26 56 887
26 57 1035
26 58 194
26 59 935
26 60 1083
26 61 242
26 62 983
26 63 1131
26 64 290
26 65 1031
26 66 1299
27 0 630
27 1 1082
27 2 1280
27 3 882
27 4 860
27 5 951
27 6 1132
27 7 921
27 8 629
27 9 1055
27 10 908
27 11 872
27 12 1266
27 13 1186
27 14 65
27 15 1186
27 16 104
27 17 955
27 18 1234
27 19 660
27 20 608
27 21 1231
27 22 525
27 23 1472
27 24 1188
27 25 1143
27 26 669
27 27 0
27 28 1223
27 29 759
27 30 510
27 31 523
27 32 1364
27 33 462
27 34 475
27 35 1316
27 36 414
27 37 427
27 38 1268
27 39 462
27 40 475
27 41 1316
27 42 510
27 43 523
27 44 1364
27 45 558
27 46 571
27 47 1412
27 48 606
27 49 619
27 50 1460
27 51 654
27 52 667
27 53 1508
27 54 702
27 55 715
27 56 1556
27 57 750
27 58 763
27 59 1604
27 60 798
27 61 811
27 62 1652
27 63 846
27 64 859
27 65 1700
27 66 630
28 0 1853
28 1 1259
28 2 417
28 3 1007
28 4 1037
28 5 842
28 6 91
28 7 1514
28 8 1518
28 9 1232
28 10 1527
28 11 1371
28 12 335
28 13 895
28 14 1288
28 15 895
28 16 1327
28 17 1132
28 18 1411
28 19 837
28 20 1539
28 21 274
28 22 894
28 23 609
28 24 413
28 25 1034
28 26 846
28 27 1223
28 28 0
28 29 746
28 30 1733
28 31 892
28 32 333
28 33 1685
28 34 844
28 35 285
28 36 1637
28 37 796
28 38 237
28 39 1589
28 40 748
28 41 189
28 42 1541
28 43 700
28 44 141
28 45 1589
28 46 748
28 47 189
28 48 1637
28 49 796
28 50 237
28 51 1685
28 52 844
28 53 285
28 54 1733
28 55 892
28 56 333
28 57 1781
28 58 940
28 59 381
28 60 1829
28 61 988
28 62 429
28 63 1877
28 64 1036
28 65 477
28 66 1853
29 0 1389
29 1 891
29 2 881
29 3 691
29 4 669
29 5 760
29 6 837
29 7 1146
29 8 1054
29 9 864
29 10 1159
29 11 907
29 12 703
29 13 995
29 14 824
29 15 995
29 16 863
29 17 764
29 18 1043
29 19 469
29 20 1171
29 21 642
29 22 430
29 23 1073
29 24 781
29 25 952
29 26 478
29 27 759
29 28 746
29 29 0
29 30 1269
29 31 428
29 32 701
29 33 1221
29 34 380
29 35 653
29 36 1173
29 37 332
29 38 605
29 39 1125
29 40 284
29 41 557
29 42 1173
29 43 332
29 44 605
29 45 1221
29 46 380
29 47 653
29 48 1269
29 49 428
29 50 701
29 51 1317
29 52 476
29 53 749
29 54 1365
29 55 524
29 56 797
29 57 1413
29 58 572
29 59 845
29 60 1461
29 61 620
29 62 893
29 63 1509
29 64 668
29 65 941
29 66 1389
30 0 120
30 1 1050
30 2 1790
30 3 1392
30 4 984
30 5 1461
30 6 1642
30 7 603
30 8 215
30 9 789
30 10 590
30 11 362
30 12 1680
30 13 1696
30 14 445
30 15 1696
30 16 406
30 17 793
30 18 994
30 19 1170
30 20 290
30 21 1741
30 22 839
30 23 1982
30 24 1602
30 25 1653
30 26 1179
30 27 510
30 28 1733
30 29 1269
30 30 0
30 31 841
30 32 1682
30 33 48
30 34 889
30 35 1730
30 36 96
30 37 937
30 38 1778
30 39 144
30 40 985
30 41 1826
30 42 192
30 43 1033
30 44 1874
30 45 240
30 46 1081
30 47 1922
30 48 288
30 49 1129
30 50 1970
30 51 336
30 52 1177
30 53 2018
30 54 384
30 55 1225
30 56 2066
30 57 432
30 58 1273
30 59 2114
30 60 480
30 61 1321
30 62 2162
30 63 528
30 64 1369
30 65 2210
30 66 120
31 0 961
31 1 751
31 2 949
31 3 551
31 4 529
31 5 620
31 6 801
31 7 1006
31 8 722
31 9 724
31 10 1019
31 11 479
31 12 839
31 13 855
31 14 588
31 15 855
31 16 627
31 17 624
31 18 903
31 19 329
31 20 1031
31 21 900
31 22 98
31 23 1141
31 24 761
31 25 812
31 26 338
31 27 523
31 28 892
31 29 428
31 30 841
31 31 0
31 32 841
31 33 889
31 34 48
31 35 889
31 36 937
31 37 96
31 38 937
31 39 985
31 40 144
31 41 985
31 42 1033
31 43 192
31 44 1033
31 45 1081
31 46 240
31 47 1081
31 48 1129
31 49 288
31 50 1129
31 51 1177
31 52 336
31 53 1177
31 54 1225
31 55 384
31 56 1225
31 57 1273
31 58 432
31 59 1273
31 60 1321
31 61 480
31 62 1321
31 63 1369
31 64 528
31 65 1369
31 66 961
32 0 1802
32 1 1592
32 2 468
32 3 1058
32 4 1370
32 5 893
32 6 424
32 7 1847
32 8 1563
32 9 1565
32 10 1860
32 11 1320
32 12 98
32 13 946
32 14 1429
32 15 946
32 16 1468
32 17 1465
32 18 1744
32 19 992
32 20 1872
32 21 133
32 22 939
32 23 660
32 24 176
32 25 1085
32 26 1079
32 27 1364
32 28 333
32 29 701
32 30 1682
32 31 841
32 32 0
32 33 1730
32 34 889
32 35 48
32 36 1778
32 37 937
32 38 96
32 39 1826
32 40 985
32 41 144
32 42 1874
32 43 1033
32 44 192
32 45 1922
32 46 1081
32 47 240
32 48 1970
32 49 1129
32 50 288
32 51 2018
32 52 1177
32 53 336
32 54 2066
32 55 1225
32 56 384
32 57 2114
32 58 1273
32 59 432
32 60 2162
32 61 1321
32 62 480
32 63 2210
32 64 1369
32 65 528
32 66 1802
33 0 168
33 1 1002
33 2 1742
33 3 1344
33 4 936
33 5 1413
33 6 1594
33 7 555
33 8 167
33 9 741
33 10 542
33 11 410
33 12 1632
33 13 1648
33 14 397
33 15 1648
33 16 358
33 17 745
33 18 946
33 19 1122
33 20 242
33 21 1693
33 22 791
33 23 1934
33 24 1554
33 25 1605
33 26 1131
33 27 462
33 28 1685
33 29 1221
33 30 48
33 31 889
33 32 1730
33 33 0
33 34 841
33 35 1682
33 36 48
33 37 889
33 38 1730
33 39 96
33 40 937
33 41 1778
33 42 144
33 43 985
33 44 1826
33 45 192
33 46 1033
33 47 1874
33 48 240
33 49 1081
33 50 1922
33 51 288
33 52 1129
33 53 1970
33 54 336
33 55 1177
33 56 2018
33 57 384
33 58 1225
33 59 2066
33 60 432
33 61 1273
33 62 2114
33 63 480
33 64 1321
33 65 2162
33 66 168
34 0 1009
34 1 703
34 2 901
34 3 503
34 4 481
34 5 572
34 6 753
34 7 958
34 8 674
34 9 676
34 10 971
34 11 527
34 12 791
34 13 807
34 14 540
34 15 807
34 16 579
34 17 576
34 18 855
34 19 281
34 20 983
34 21 852
34 22 50
34 23 1093
34 24 713
34 25 764
34 26 290
34 27 475
34 28 844
34 29 380
34 30 889
34 31 48
34 32 889
34 33 841
34 34 0
34 35 841
34 36 889
34 37 48
34 38 889
34 39 937
34 40 96
34 41 937
34 42 985
34 43 144
34 44 985
34 45 1033
34 46 192
34 47 1033
34 48 1081
34 49 240
34 50 1081
34 51 1129
34 52 288
34 53 1129
34 54 1177
34 55 336
34 56 1177
34 57 1225
34 58 384
34 59 1225
34 60 1273
34 61 432
34 62 1273
34 63 1321
34 64 480
34 65 1321
34 66 1009
35 0 1850
35 1 1544
35 2 420
35 3 1010
35 4 1322
35 5 845
35 6 376
35 7 1799
35 8 1515
35 9 1517
35 10 1812
35 11 1368
35 12 50
35 13 898
35 14 1381
35 15 898
35 16 1420
35 17 1417
35 18 1696
35 19 944
35 20 1824
35 21 85
35 22 891
35 23 612
35 24 128
35 25 1037
35 26 1031
35 27 1316
35 28 285
35 29 653
35 30 1730
35 31 889
35 32 48
35 33 1682
35 34 841
35 35 0
35 36 1730
35 37 889
35 38 48
35 39 1778
35 40 937
35 41 96
35 42 1826
35 43 985
35 44 144
35 45 1874
35 46 1033
35 47 192
35 48 1922
35 49 1081
35 50 240
35 51 1970
35 52 1129
35 53 288
35 54 2018
35 55 1177
35 56 336
35 57 2066
35 58 1225
35 59 384
35 60 2114
35 61 1273
35 62 432
35 63 2162
35 64 1321
35 65 480
35 66 1850
36 0 216
36 1 954
36 2 1694
36 3 1296
36 4 888
36 5 1365
36 6 1546
36 7 507
36 8 215
36 9 693
36 10 494
36 11 458
36 12 1680
36 13 1600
36 14 349
36 15 1600
36 16 310
36 17 697
36 18 898
36 19 1074
36 20 194
36 21 1645
36 22 839
36 23 1886
36 24 1602
36 25 1557
36 26 1083
36 27 414
36 28 1637
36 29 1173
36 30 96
36 31 937
36 32 1778
36 33 48
36 34 889
36 35 1730
36 36 0
36 37 841
36 38 1682
36 39 48
36 40 889
36 41 1730
36 42 96
36 43 937
36 44 1778
36 45 144
36 46 985
36 47 1826
36 48 192
36 49 1033
36 50 1874
36 51 240
36 52 1081
36 53 1922
36 54 288
36 55 1129
36 56 1970
36 57 336
36 58 1177
36 59 2018
36 60 384
36 61 1225
36 62 2066
36 63 432
36 64 1273
36 65 2114
36 66 216
37 0 1057
37 1 655
37 2 853
37 3 455
37 4 433
37 5 524
37 6 705
37 7 910
37 8 722
37 9 628
37 10 923
37 11 575
37 12 839
37 13 759
37 14 492
37 15 759
37 16 531
37 17 528
37 18 807
37 19 233
37 20 935
37 21 804
37 22 98
37 23 1045
37 24 761
37 25 716
37 26 242
37 27 427
37 28 796
37 29 332
37 30 937
37 31 96
37 32 937
37 33 889
37 34 48
37 35 889
37 36 841
37 37 0
37 38 841
37 39 889
37 40 48
37 41 889
37 42 937
37 43 96
37 44 937
37 45 985
37 46 144
37 47 985
37 48 1033
37 49 192
37 50 1033
37 51 1081
37 52 240
37 53 1081
37 54 1129
37 55 288
37 56 1129
37 57 1177
37 58 336
37 59 1177
37 60 1225
37 61 384
37 62 1225
37 63 1273
37 64 432
37 65 1273
37 66 1057
38 0 1898
38 1 1496
38 2 372
38 3 962
38 4 1274
38 5 797
38 6 328
38 7 1751
38 8 1563
38 9 1469
38 10 1764
38 11 1416
38 12 98
38 13 850
38 14 1333
38 15 850
38 16 1372
38 17 1369
38 18 1648
38 19 896
38 20 1776
38 21 37
38 22 939
38 23 564
38 24 176
38 25 989
38 26 983
38 27 1268
38 28 237
38 29 605
38 30 1778
38 31 937
38 32 96
38 33 1730
38 34 889
38 35 48
38 36 1682
38 37 841
38 38 0
38 39 1730
38 40 889
38 41 48
38 42 1778
38 43 937
38 44 96
38 45 1826
38 46 985
38 47 144
38 48 1874
38 49 1033
38 50 192
38 51 1922
38 52 1081
38 53 240
38 54 1970
38 55 1129
38 56 288
38 57 2018
38 58 1177
38 59 336
38 60 2066
38 61 1225
38 62 384
38 63 2114
38 64 1273
38 65 432
38 66 1898
39 0 264
39 1 906
39 2 1646
39 3 1248
39 4 840
39 5 1317
39 6 1498
39 7 459
39 8 263
39 9 645
39 10 446
39 11 506
39 12 1728
39 13 1552
39 14 397
39 15 1552
39 16 358
39 17 649
39 18 850
39 19 1026
39 20 146
39 21 1693
39 22 887
39 23 1838
39 24 1650
39 25 1509
39 26 1035
39 27 462
39 28 1589
39 29 1125
39 30 144
39 31 985
39 32 1826
39 33 96
39 34 937
39 35 1778
39 36 48
39 37 889
39 38 1730
39 39 0
39 40 841
39 41 1682
39 42 48
39 43 889
39 44 1730
39 45 96
39 46 937
39 47 1778
39 48 144
39 49 985
39 50 1826
39 51 192
39 52 1033
39 53 1874
39 54 240
39 55 1081
39 56 1922
39 57 288
39 58 1129
39 59 1970
39 60 336
39 61 1177
39 62 2018
39 63 384
39 64 1225
39 65 2066
39 66 264
40 0 1105
40 1 607
40 2 805
40 3 407
40 4 385
40 5 476
40 6 657
40 7 862
40 8 770
40 9 580
40 10 875
40 11 623
40 12 887
40 13 711
40 14 540
40 15 711
40 16 579
40 17 480
40 18 759
40 19 185
40 20 887
40 21 852
40 22 146
40 23 997
40 24 809
40 25 668
40 26 194
40 27 475
40 28 748
40 29 284
40 30 985
40 31 144
40 32 985
40 33 937
40 34 96
40 35 937
40 36 889
40 37 48
40 38 889
40 39 841
40 40 0
40 41 841
40 42 889
40 43 48
40 44 889
40 45 937
40 46 96
40 47 937
40 48 985
40 49 144
40 50 985
40 51 1033
40 52 192
40 53 1033
40 54 1081
40 55 240
40 56 1081
40 57 1129
40 58 288
40 59 1129
40 60 1177
40 61 336
40 62 1177
40 63 1225
40 64 384
40 65 1225
40 66 1105
41 0 1946
41 1 1448
41 2 324
41 3 914
41 4 1226
41 5 749
41 6 280
41 7 1703
41 8 1611
41 9 1421
41 10 1716
41 11 1464
41 12 146
41 13 802
41 14 1381
41 15 802
41 16 1420
41 17 1321
41 18 1600
41 19 848
41 20 1728
41 21 85
41 22 987
41 23 516
41 24 224
41 25 941
41 26 935
41 27 1316
41 28 189
41 29 557
41 30 1826
41 31 985
41 32 144
41 33 1778
41 34 937
41 35 96
41 36 1730
41 37 889
41 38 48
41 39 1682
41 40 841
41 41 0
41 42 1730
41 43 889
41 44 48
41 45 1778
41 46 937
41 47 96
41 48 1826
41 49 985
41 50 144
41 51 1874
41 52 1033
41 53 192
41 54 1922
41 55 1081
41 56 240
41 57 1970
41 58 1129
41 59 288
41 60 2018
41 61 1177
41 62 336
41 63 2066
41 64 1225
41 65 384
41 66 1946
42 0 312
42 1 858
42 2 1598
42 3 1200
42 4 792
42 5 1269
42 6 1450
42 7 411
42 8 311
42 9 597
42 10 398
42 11 554
42 12 1776
42 13 1504
42 14 445
42 15 1504
42 16 406
42 17 601
42 18 802
42 19 978
42 20 98
42 21 1741
42 22 935
42 23 1790
42 24 1698
42 25 1461
42 26 987
42 27 510
42 28 1541
42 29 1173
42 30 192
42 31 1033
42 32 1874
42 33 144
42 34 985
42 35 1826
42 36 96
42 37 937
42 38 1778
42 39 48
42 40 889
42 41 1730
42 42 0
42 43 841
42 44 1682
42 45 48
42 46 889
42 47 1730
42 48 96
42 49 937
42 50 1778
42 51 144
42 52 985
42 53 1826
42 54 192
42 55 1033
42 56 1874
42 57 240
42 58 1081
42 59 1922
42 60 288
42 61 1129
42 62 1970
42 63 336
42 64 1177
42 65 2018
42 66 312
43 0 1153
43 1 559
43 2 757
43 3 359
43 4 337
43 5 428
43 6 609
43 7 814
43 8 818
43 9 532
43 10 827
43 11 671
43 12 935
43 13 663
43 14 588
43 15 663
43 16 627
43 17 432
43 18 711
43 19 137
43 20 839
43 21 900
43 22 194
43 23 949
43 24 857
43 25 620
43 26 146
43 27 523
43 28 700
43 29 332
43 30 1033
43 31 192
43 32 1033
43 33 985
43 34 144
43 35 985
43 36 937
43 37 96
43 38 937
43 39 889
43 40 48
43 41 889
43 42 841
43 43 0
43 44 841
43 45 889
43 46 48
43 47 889
43 48 937
43 49 96
43 50 937
43 51 985
43 52 144
43 53 985
43 54 1033
43 55 192
43 56 1033
43 57 1081
43 58 240
43 59 1081
43 60 1129
43 61 288
43 62 1129
43 63 1177
43 64 336
43 65 1177
43 66 1153
44 0 1994
44 1 1400
44 2 276
44 3 866
44 4 1178
44 5 701
44 6 232
44 7 1655
44 8 1659
44 9 1373
44 10 1668
44 11 1512
44 12 194
44 13 754
44 14 1429
44 15 754
44 16 1468
44 17 1273
44 18 1552
44 19 800
44 20 1680
44 21 133
44 22 1035
44 23 468
44 24 272
44 25 893
44 26 887
44 27 1364
44 28 141
44 29 605
44 30 1874
44 31 1033
44 32 192
44 33 1826
44 34 985
44 35 144
44 36 1778
44 37 937
44 38 96
44 39 1730
44 40 889
44 41 48
44 42 1682
44 43 841
44 44 0
44 45 1730
44 46 889
44 47 48
44 48 1778
44 49 937
44 50 96
44 51 1826
44 52 985
44 53 144
44 54 1874
44 55 1033
44 56 192
44 57 1922
44 58 1081
44 59 240
44 60 1970
44 61 1129
44 62 288
44 63 2018
44 64 1177
44 65 336
44 66 1994
45 0 360
45 1 810
45 2 1550
45 3 1152
45 4 744
45 5 1221
45 6 1498
45 7 363
45 8 359
45 9 549
45 10 350
45 11 602
45 12 1824
45 13 1456
45 14 493
45 15 1456
45 16 454
45 17 553
45 18 754
45 19 930
45 20 50
45 21 1789
45 22 983
45 23 1742
45 24 1746
45 25 1413
45 26 939
45 27 558
45 28 1589
45 29 1221
45 30 240
45 31 1081
45 32 1922
45 33 192
45 34 1033
45 35 1874
45 36 144
45 37 985
45 38 1826
45 39 96
45 40 937
45 41 1778
45 42 48
45 43 889
45 44 1730
45 45 0
45 46 841
45 47 1682
45 48 48
45 49 889
45 50 1730
45 51 96
45 52 937
45 53 1778
45 54 144
45 55 985
45 56 1826
45 57 192
45 58 1033
45 59 1874
45 60 240
45 61 1081
45 62 1922
45 63 288
45 64 1129
45 65 1970
45 66 360
46 0 1201
46 1 511
46 2 709
46 3 311
46 4 289
46 5 380
46 6 657
46 7 766
46 8 866
46 9 484
46 10 779
46 11 719
46 12 983
46 13 615
46 14 636
46 15 615
46 16 675
46 17 384
46 18 663
46 19 89
46 20 791
46 21 948
46 22 242
46 23 901
46 24 905
46 25 572
46 26 98
46 27 571
46 28 748
46 29 380
46 30 1081
46 31 240
46 32 1081
46 33 1033
46 34 192
46 35 1033
46 36 985
46 37 144
46 38 985
46 39 937
46 40 96
46 41 937
46 42 889
46 43 48
46 44 889
46 45 841
46 46 0
46 47 841
46 48 889
46 49 48
46 50 889
46 51 937
46 52 96
46 53 937
46 54 985
46 55 144
46 56 985
46 57 1033
46 58 192
46 59 1033
46 60 1081
46 61 240
46 62 1081
46 63 1129
46 64 288
46 65 1129
46 66 1201
47 0 2042
47 1 1352
47 2 228
47 3 818
47 4 1130
47 5 653
47 6 280
47 7 1607
47 8 1707
47 9 1325
47 10 1620
47 11 1560
47 12 242
47 13 706
47 14 1477
47 15 706
47 16 1516
47 17 1225
47 18 1504
47 19 752
47 20 1632
47 21 181
47 22 1083
47 23 420
47 24 320
47 25 845
47 26 839
47 27 1412
47 28 189
47 29 653
47 30 1922
47 31 1081
47 32 240
47 33 1874
47 34 1033
47 35 192
47 36 1826
47 37 985
47 38 144
47 39 1778
47 40 937
47 41 96
47 42 1730
47 43 889
47 44 48
47 45 1682
47 46 841
47 47 0
47 48 1730
47 49 889
47 50 48
47 51 1778
47 52 937
47 53 96
47 54 1826
47 55 985
47 56 144
47 57 1874
47 58 1033
47 59 192
47 60 1922
47 61 1081
47 62 240
47 63 1970
47 64 1129
47 65 288
47 66 2042
48 0 408
48 1 762
48 2 1502
48 3 1104
48 4 696
48 5 1173
48 6 1546
48 7 315
48 8 407
48 9 501
48 10 302
48 11 650
48 12 1872
48 13 1408
48 14 541
48 15 1408
48 16 502
48 17 505
48 18 706
48 19 978
48 20 98
48 21 1837
48 22 1031
48 23 1694
48 24 1794
48 25 1365
48 26 891
48 27 606
48 28 1637
48 29 1269
48 30 288
48 31 1129
48 32 1970
48 33 240
48 34 1081
48 35 1922
48 36 192
48 37 1033
48 38 1874
48 39 144
48 40 985
48 41 1826
48 42 96
48 43 937
48 44 1778
48 45 48
48 46 889
48 47 1730
48 48 0
48 49 841
48 50 1682
48 51 48
48 52 889
48 53 1730
48 54 96
48 55 937
48 56 1778
48 57 144
48 58 985
48 59 1826
48 60 192
48 61 1033
48 62 1874
48 63 240
48 64 1081
48 65 1922
48 66 408
49 0 1249
49 1 463
49 2 661
49 3 263
49 4 241
49 5 332
49 6 705
49 7 718
49 8 914
49 9 436
49 10 731
49 11 767
49 12 1031
49 13 567
49 14 684
49 15 567
49 16 723
49 17 336
49 18 615
49 19 137
49 20 839
49 21 996
49 22 290
49 23 853
49 24 953
49 25 524
49 26 50
49 27 619
49 28 796
49 29 428
49 30 1129
49 31 288
49 32 1129
49 33 1081
49 34 240
49 35 1081
49 36 1033
49 37 192
49 38 1033
49 39 985
49 40 144
49 41 985
49 42 937
49 43 96
49 44 937
49 45 889
49 46 48
49 47 889
49 48 841
49 49 0
49 50 841
49 51 889
49 52 48
49 53 889
49 54 937
49 55 96
49 56 937
49 57 985
49 58 144
49 59 985
49 60 1033
49 61 192
49 62 1033
49 63 1081
49 64 240
49 65 1081
49 66 1249
50 0 2090
50 1 1304
50 2 180
50 3 770
50 4 1082
50 5 605
50 6 328
50 7 1559
50 8 1755
50 9 1277
50 10 1572
50 11 1608
50 12 290
50 13 658
50 14 1525
50 15 658
50 16 1564
50 17 1177
50 18 1456
50 19 800
50 20 1680
50 21 229
50 22 1131
50 23 372
50 24 368
50 25 797
50 26 791
50 27 1460
50 28 237
50 29 701
50 30 1970
50 31 1129
50 32 288
50 33 1922
50 34 1081
50 35 240
50 36 1874
50 37 1033
50 38 192
50 39 1826
50 40 985
50 41 144
50 42 1778
50 43 937
50 44 96
50 45 1730
50 46 889
50 47 48
50 48 1682
50 49 841
50 50 0
50 51 1730
50 52 889
50 53 48
50 54 1778
50 55 937
50 56 96
50 57 1826
50 58 985
50 59 144
50 60 1874
50 61 1033
50 62 192
50 63 1922
50 64 1081
50 65 240
50 66 2090
51 0 456
51 1 714
51 2 1550
51 3 1056
51 4 648
51 5 1125
51 6 1594
51 7 267
51 8 455
51 9 453
51 10 254
51 11 698
51 12 1920
51 13 1360
51 14 589
51 15 1360
51 16 550
51 17 553
51 18 658
51 19 1026
51 20 146
51 21 1885
51 22 1079
51 23 1646
51 24 1842
51 25 1317
51 26 939
51 27 654
51 28 1685
51 29 1317
51 30 336
51 31 1177
51 32 2018
51 33 288
51 34 1129
51 35 1970
51 36 240
51 37 1081
51 38 1922
51 39 192
51 40 1033
51 41 1874
51 42 144
51 43 985
51 44 1826
51 45 96
51 46 937
51 47 1778
51 48 48
51 49 889
51 50 1730
51 51 0
51 52 841
51 53 1682
51 54 48
51 55 889
51 56 1730
51 57 96
51 58 937
51 59 1778
51 60 144
51 61 985
51 62 1826
51 63 192
51 64 1033
51 65 1874
51 66 456
52 0 1297
52 1 415
52 2 709
52 3 215
52 4 193
52 5 284
52 6 753
52 7 670
52 8 962
52 9 388
52 10 683
52 11 815
52 12 1079
52 13 519
52 14 732
52 15 519
52 16 771
52 17 384
52 18 567
52 19 185
52 20 887
52 21 1044
52 22 338
52 23 805
52 24 1001
52 25 476
52 26 98
52 27 667
52 28 844
52 29 476
52 30 1177
52 31 336
52 32 1177
52 33 1129
52 34 288
52 35 1129
52 36 1081
52 37 240
52 38 1081
52 39 1033
52 40 192
52 41 1033
52 42 985
52 43 144
52 44 985
52 45 937
52 46 96
52 47 937
52 48 889
52 49 48
52 50 889
52 51 841
52 52 0
52 53 841
52 54 889
52 55 48
52 56 889
52 57 937
52 58 96
52 59 937
52 60 985
52 61 144
52 62 985
52 63 1033
52 64 192
52 65 1033
52 66 1297
53 0 2138
53 1 1256
53 2 228
53 3 722
53 4 1034
53 5 557
53 6 376
53 7 1511
53 8 1803
53 9 1229
53 10 1524
53 11 1656
53 12 338
53 13 610
53 14 1573
53 15 610
53 16 1612
53 17 1225
53 18 1408
53 19 848
53 20 1728
53 21 277
53 22 1179
53 23 324
53 24 416
53 25 749
53 26 839
53 27 1508
53 28 285
53 29 749
53 30 2018
53 31 1177
53 32 336
53 33 1970
53 34 1129
53 35 288
53 36 1922
53 37 1081
53 38 240
53 39 1874
53 40 1033
53 41 192
53 42 1826
53 43 985
53 44 144
53 45 1778
53 46 937
53 47 96
53 48 1730
53 49 889
53 50 48
53 51 1682
53 52 841
53 53 0
53 54 1730
53 55 889
53 56 48
53 57 1778
53 58 937
53 59 96
53 60 1826
53 61 985
53 62 144
53 63 1874
53 64 1033
53 65 192
53 66 2138
54 0 504
54 1 666
54 2 1598
54 3 1008
54 4 696
54 5 1173
54 6 1642
54 7 219
54 8 503
54 9 501
54 10 206
54 11 746
54 12 1968
54 13 1312
54 14 637
54 15 1312
54 16 598
54 17 601
54 18 610
54 19 1074
54 20 194
54 21 1933
54 22 1127
54 23 1598
54 24 1890
54 25 1269
54 26 987
54 27 702
54 28 1733
54 29 1365
54 30 384
54 31 1225
54 32 2066
54 33 336
54 34 1177
54 35 2018
54 36 288
54 37 1129
54 38 1970
54 39 240
54 40 1081
54 41 1922
54 42 192
54 43 1033
54 44 1874
54 45 144
54 46 985
54 47 1826
54 48 96
54 49 937
54 50 1778
54 51 48
54 52 889
54 53 1730
54 54 0
54 55 841
54 56 1682
54 57 48
54 58 889
54 59 1730
54 60 96
54 61 937
54 62 1778
54 63 144
54 64 985
54 65 1826
54 66 504
55 0 1345
55 1 367
55 2 757
55 3 167
55 4 241
55 5 332
55 6 801
55 7 622
55 8 1010
55 9 436
55 10 635
55 11 863
55 12 1127
55 13 471
55 14 780
55 15 471
55 16 819
55 17 432
55 18 519
55 19 233
55 20 935
55 21 1092
55 22 386
55 23 757
55 24 1049
55 25 428
55 26 146
55 27 715
55 28 892
55 29 524
55 30 1225
55 31 384
55 32 1225
55 33 1177
55 34 336
55 35 1177
55 36 1129
55 37 288
55 38 1129
55 39 1081
55 40 240
55 41 1081
55 42 1033
55 43 192
55 44 1033
55 45 985
55 46 144
55 47 985
55 48 937
55 49 96
55 50 937
