//alpha
1
//NbLocations
85
//NbProducts
30
//NbPickers
2
//CapaPicker
8
//TimeToTravelOneDistanceUnit
3
//SetupTime
5400
//PickTime
300
//Products
//Idx Location Size
1 1 1
2 2 1
3 3 1
4 4 1
5 5 1
6 6 1
7 7 1
8 8 1
9 9 1
10 10 1
11 11 1
12 12 1
13 13 1
14 14 1
15 15 1
16 16 1
17 17 1
18 18 1
19 19 1
20 20 1
21 21 1
22 22 1
23 23 1
24 24 1
25 25 1
26 26 1
27 27 1
28 28 1
29 29 1
30 30 1
//Orders
//NbOrders
12
//Idx DueDate TardinessPenalty NbProdInOrder ProdIdx1 Qty1 ProdIdx2 Qty2 ...
1 54000 0 1 1 1
2 126000 0 1 2 1
3 54000 0 1 3 1
4 72000 0 6 4 1 5 1 6 1 7 1 8 1 9 1
5 108000 0 1 10 1
6 54000 0 3 11 1 12 1 13 1
7 108000 0 1 14 1
8 126000 0 2 15 1 16 1
9 126000 0 1 17 1
10 72000 0 1 18 1
11 72000 0 4 19 1 20 1 21 1 22 1
12 90000 0 8 23 1 24 1 25 1 26 1 27 1 28 1 29 1 30 1
//Graph (Products are vertices indexed from 1 to NbProducts)
//NbVerticesIntersections
54
//DepartingDepot
0
//ArrivalDepot
85
//Arcs
//Start End Distance
0 31 120
1 50 1168
1 51 63
2 8 520
2 11 455
3 55 804
3 56 427
4 82 687
4 83 544
5 9 546
5 19 52
6 24 442
6 35 349
7 30 52
7 31 141
8 2 520
8 47 50
9 5 546
9 22 247
10 41 908
10 42 323
11 2 455
11 48 206
12 62 167
12 63 1064
13 15 312
13 47 700
14 44 271
14 45 960
15 13 312
15 46 219
16 49 63
16 50 1168
17 43 102
17 44 1129
18 26 299
18 32 635
19 5 52
19 39 284
20 22 13
20 38 89
21 37 193
21 38 1038
22 9 247
22 20 13
23 25 832
23 52 245
24 6 442
24 36 440
25 23 832
25 53 154
26 18 299
26 30 104
27 32 739
27 33 492
28 29 260
28 34 830
29 28 260
29 35 141
30 7 52
30 26 104
31 7 141
31 34 48
31 85 120
32 18 635
32 27 739
32 35 48
33 27 492
33 36 48
34 28 830
34 31 48
34 37 48
35 6 349
35 29 141
35 32 48
35 38 48
36 24 440
36 33 48
36 39 48
37 21 193
37 34 48
37 40 48
38 20 89
38 21 1038
38 35 48
38 41 48
39 19 284
39 36 48
39 42 48
40 37 48
40 41 1231
40 43 48
41 10 908
41 38 48
41 40 1231
41 44 48
42 10 323
42 39 48
42 45 48
43 17 102
43 40 48
43 46 48
44 14 271
44 17 1129
44 41 48
44 47 48
45 14 960
45 42 48
45 48 48
46 15 219
46 43 48
46 49 48
47 8 50
47 13 700
47 44 48
47 50 48
48 11 206
48 45 48
48 51 48
49 16 63
49 46 48
49 52 48
50 1 1168
50 16 1168
50 47 48
50 53 48
51 1 63
51 48 48
51 54 48
52 23 245
52 49 48
52 55 48
53 25 154
53 50 48
53 54 1231
53 56 48
54 51 48
54 53 1231
54 57 48
55 3 804
55 52 48
55 58 48
56 3 427
56 53 48
56 57 1231
56 59 48
57 54 48
57 56 1231
57 60 48
58 55 48
58 59 1231
58 61 48
59 56 48
59 58 1231
59 60 1231
59 62 48
60 57 48
60 59 1231
60 63 48
61 58 48
61 62 1231
61 64 48
62 12 167
62 59 48
62 61 1231
62 65 48
63 12 1064
63 60 48
63 66 48
64 61 48
64 65 1231
64 67 48
65 62 48
65 64 1231
65 66 1231
65 68 48
66 63 48
66 65 1231
66 69 48
67 64 48
67 68 1231
67 70 48
68 65 48
68 67 1231
68 69 1231
68 71 48
69 66 48
69 68 1231
69 72 48
70 67 48
70 71 1231
70 73 48
71 68 48
71 70 1231
71 72 1231
71 74 48
72 69 48
72 71 1231
72 75 48
73 70 48
73 74 1231
73 76 48
74 71 48
74 73 1231
74 75 1231
74 77 48
75 72 48
75 74 1231
75 78 48
76 73 48
76 77 1231
76 79 48
77 74 48
77 76 1231
77 78 1231
77 80 48
78 75 48
78 77 1231
78 81 48
79 76 48
79 80 1231
79 82 48
80 77 48
80 79 1231
80 81 1231
80 83 48
81 78 48
81 80 1231
81 84 48
82 4 687
82 79 48
83 4 544
83 80 48
83 84 1231
84 81 48
84 83 1231
//LocStart LocEnd ShortestPath
0 0 0
0 1 2807
0 2 2161
0 3 1308
0 4 1623
0 5 2342
0 6 1748
0 7 261
0 8 1641
0 9 1796
0 10 2403
0 11 2616
0 12 1998
0 13 891
0 14 1814
0 15 579
0 16 471
0 17 414
0 18 716
0 19 2394
0 20 1536
0 21 409
0 22 1549
0 23 701
0 24 2190
0 25 1533
0 26 417
0 27 2090
0 28 998
0 29 1258
0 30 313
0 31 120
0 32 1351
0 33 2582
0 34 168
0 35 1399
0 36 2630
0 37 216
0 38 1447
0 39 2678
0 40 264
0 41 1495
0 42 2726
0 43 312
0 44 1543
0 45 2774
0 46 360
0 47 1591
0 48 2822
0 49 408
0 50 1639
0 51 2870
0 52 456
0 53 1687
0 54 2918
0 55 504
0 56 1735
0 57 2966
0 58 552
0 59 1783
0 60 3014
0 61 600
0 62 1831
0 63 3062
0 64 648
0 65 1879
0 66 3110
0 67 696
0 68 1927
0 69 3158
0 70 744
0 71 1975
0 72 3206
0 73 792
0 74 2023
0 75 3254
0 76 840
0 77 2071
0 78 3302
0 79 888
0 80 2119
0 81 3350
0 82 936
0 83 2167
0 84 3398
0 85 0
1 0 2807
1 1 0
1 2 772
1 3 1691
1 4 2240
1 5 591
1 6 1185
1 7 2546
1 8 1266
1 9 1137
1 10 530
1 11 317
1 12 1319
1 13 1916
1 14 1119
1 15 2228
1 16 2336
1 17 2393
1 18 2091
1 19 539
1 20 1397
1 21 2398
1 22 1384
1 23 2202
1 24 743
1 25 1370
1 26 2390
1 27 843
1 28 1809
1 29 1549
1 30 2494
1 31 2687
1 32 1456
1 33 351
1 34 2639
1 35 1408
1 36 303
1 37 2591
1 38 1360
1 39 255
1 40 2543
1 41 1312
1 42 207
1 43 2495
1 44 1264
1 45 159
1 46 2447
1 47 1216
1 48 111
1 49 2399
1 50 1168
1 51 63
1 52 2447
1 53 1216
1 54 111
1 55 2495
1 56 1264
1 57 159
1 58 2543
1 59 1312
1 60 207
1 61 2591
1 62 1360
1 63 255
1 64 2639
1 65 1408
1 66 303
1 67 2687
1 68 1456
1 69 351
1 70 2735
1 71 1504
1 72 399
1 73 2783
1 74 1552
1 75 447
1 76 2831
1 77 1600
1 78 495
1 79 2879
1 80 1648
1 81 543
1 82 2927
1 83 1696
1 84 591
1 85 2807
2 0 2161
2 1 772
2 2 0
2 3 1141
2 4 1690
2 5 1141
2 6 1111
2 7 1900
2 8 520
2 9 1063
2 10 1080
2 11 455
2 12 977
2 13 1270
2 14 889
2 15 1582
2 16 1786
2 17 1747
2 18 1445
2 19 1089
2 20 803
2 21 1752
2 22 816
2 23 1652
2 24 1293
2 25 820
2 26 1744
2 27 1393
2 28 1163
2 29 903
2 30 1848
2 31 2041
2 32 810
2 33 901
2 34 1993
2 35 762
2 36 853
2 37 1945
2 38 714
2 39 805
2 40 1897
2 41 666
2 42 757
2 43 1849
2 44 618
2 45 709
2 46 1801
2 47 570
2 48 661
2 49 1849
2 50 618
2 51 709
2 52 1897
2 53 666
2 54 757
2 55 1945
2 56 714
2 57 805
2 58 1993
2 59 762
2 60 853
2 61 2041
2 62 810
2 63 901
2 64 2089
2 65 858
2 66 949
2 67 2137
2 68 906
2 69 997
2 70 2185
2 71 954
2 72 1045
2 73 2233
2 74 1002
2 75 1093
2 76 2281
2 77 1050
2 78 1141
2 79 2329
2 80 1098
2 81 1189
2 82 2377
2 83 1146
2 84 1237
2 85 2161
3 0 1308
3 1 1691
3 2 1141
3 3 0
3 4 1403
3 5 1610
3 6 1112
3 7 1329
3 8 621
3 9 1064
3 10 1575
3 11 1596
3 12 690
3 13 1271
3 14 890
3 15 1167
3 16 963
3 17 1098
3 18 1446
3 19 1662
3 20 804
3 21 1285
3 22 817
3 23 1097
3 24 1554
3 25 629
3 26 1485
3 27 1550
3 28 1164
3 29 904
3 30 1381
3 31 1188
3 32 811
3 33 2042
3 34 1140
3 35 763
3 36 1994
3 37 1092
3 38 715
3 39 1946
3 40 1044
3 41 667
3 42 1898
3 43 996
3 44 619
3 45 1850
3 46 948
3 47 571
3 48 1802
3 49 900
3 50 523
3 51 1754
3 52 852
3 53 475
3 54 1706
3 55 804
3 56 427
3 57 1658
3 58 852
3 59 475
3 60 1706
3 61 900
3 62 523
3 63 1754
3 64 948
3 65 571
3 66 1802
3 67 996
3 68 619
3 69 1850
3 70 1044
3 71 667
3 72 1898
3 73 1092
3 74 715
3 75 1946
3 76 1140
3 77 763
3 78 1994
3 79 1188
3 80 811
3 81 2042
3 82 1236
3 83 859
3 84 2090
3 85 1308
4 0 1623
4 1 2240
4 2 1690
4 3 1403
4 4 0
4 5 2159
4 6 1661
4 7 1644
4 8 1170
4 9 1613
4 10 2124
4 11 2145
4 12 1047
4 13 1794
4 14 1439
4 15 1482
4 16 1278
4 17 1413
4 18 1995
4 19 2211
4 20 1353
4 21 1600
4 22 1366
4 23 1412
4 24 2103
4 25 1178
4 26 1800
4 27 2099
4 28 1713
4 29 1453
4 30 1696
4 31 1503
4 32 1360
4 33 2591
4 34 1455
4 35 1312
4 36 2543
4 37 1407
4 38 1264
4 39 2495
4 40 1359
4 41 1216
4 42 2447
4 43 1311
4 44 1168
4 45 2399
4 46 1263
4 47 1120
4 48 2351
4 49 1215
4 50 1072
4 51 2303
4 52 1167
4 53 1024
4 54 2255
4 55 1119
4 56 976
4 57 2207
4 58 1071
4 59 928
4 60 2159
4 61 1023
4 62 880
4 63 2111
4 64 975
4 65 832
4 66 2063
4 67 927
4 68 784
4 69 2015
4 70 879
4 71 736
4 72 1967
4 73 831
4 74 688
4 75 1919
4 76 783
4 77 640
4 78 1871
4 79 735
4 80 592
4 81 1823
4 82 687
4 83 544
4 84 1775
4 85 1623
5 0 2342
5 1 591
5 2 1141
5 3 1610
5 4 2159
5 5 0
5 6 1266
5 7 2081
5 8 1089
5 9 546
5 10 707
5 11 686
5 12 1446
5 13 1739
5 14 1262
5 15 2051
5 16 2255
5 17 2120
5 18 1626
5 19 52
5 20 806
5 21 1933
5 22 793
5 23 2121
5 24 824
5 25 1289
5 26 1925
5 27 924
5 28 1344
5 29 1084
5 30 2029
5 31 2222
5 32 991
5 33 432
5 34 2174
5 35 943
5 36 384
5 37 2126
5 38 895
5 39 336
5 40 2174
5 41 943
5 42 384
5 43 2222
5 44 991
5 45 432
5 46 2270
5 47 1039
5 48 480
5 49 2318
5 50 1087
5 51 528
5 52 2366
5 53 1135
5 54 576
5 55 2414
5 56 1183
5 57 624
5 58 2462
5 59 1231
5 60 672
5 61 2510
5 62 1279
5 63 720
5 64 2558
5 65 1327
5 66 768
5 67 2606
5 68 1375
5 69 816
5 70 2654
5 71 1423
5 72 864
5 73 2702
5 74 1471
5 75 912
5 76 2750
5 77 1519
5 78 960
5 79 2798
5 80 1567
5 81 1008
5 82 2846
5 83 1615
5 84 1056
5 85 2342
6 0 1748
6 1 1185
6 2 1111
6 3 1112
6 4 1661
6 5 1266
6 6 0
6 7 1487
6 8 591
6 9 746
6 10 1301
6 11 1280
6 12 948
6 13 1241
6 14 764
6 15 1553
6 16 1757
6 17 1622
6 18 1032
6 19 1214
6 20 486
6 21 1435
6 22 499
6 23 1623
6 24 442
6 25 791
6 26 1331
6 27 1136
6 28 750
6 29 490
6 30 1435
6 31 1628
6 32 397
6 33 930
6 34 1580
6 35 349
6 36 882
6 37 1628
6 38 397
6 39 930
6 40 1676
6 41 445
6 42 978
6 43 1724
6 44 493
6 45 1026
6 46 1772
6 47 541
6 48 1074
6 49 1820
6 50 589
6 51 1122
6 52 1868
6 53 637
6 54 1170
6 55 1916
6 56 685
6 57 1218
6 58 1964
6 59 733
6 60 1266
6 61 2012
6 62 781
6 63 1314
6 64 2060
6 65 829
6 66 1362
6 67 2108
6 68 877
6 69 1410
6 70 2156
6 71 925
6 72 1458
6 73 2204
6 74 973
6 75 1506
6 76 2252
6 77 1021
6 78 1554
6 79 2300
6 80 1069
6 81 1602
6 82 2348
6 83 1117
6 84 1650
6 85 1748
7 0 261
7 1 2546
7 2 1900
7 3 1329
7 4 1644
7 5 2081
7 6 1487
7 7 0
7 8 1380
7 9 1535
7 10 2142
7 11 2355
7 12 1737
7 13 912
7 14 1553
7 15 600
7 16 492
7 17 435
7 18 455
7 19 2133
7 20 1275
7 21 430
7 22 1288
7 23 722
7 24 1929
7 25 1554
7 26 156
7 27 1829
7 28 1019
7 29 1279
7 30 52
7 31 141
7 32 1090
7 33 2321
7 34 189
7 35 1138
7 36 2369
7 37 237
7 38 1186
7 39 2417
7 40 285
7 41 1234
7 42 2465
7 43 333
7 44 1282
7 45 2513
7 46 381
7 47 1330
7 48 2561
7 49 429
7 50 1378
7 51 2609
7 52 477
7 53 1426
7 54 2657
7 55 525
7 56 1474
7 57 2705
7 58 573
7 59 1522
7 60 2753
7 61 621
7 62 1570
7 63 2801
7 64 669
7 65 1618
7 66 2849
7 67 717
7 68 1666
7 69 2897
7 70 765
7 71 1714
7 72 2945
7 73 813
7 74 1762
7 75 2993
7 76 861
7 77 1810
7 78 3041
7 79 909
7 80 1858
7 81 3089
7 82 957
7 83 1906
7 84 3137
7 85 261
8 0 1641
8 1 1266
8 2 520
8 3 621
8 4 1170
8 5 1089
8 6 591
8 7 1380
8 8 0
8 9 543
8 10 1054
8 11 975
8 12 457
8 13 750
8 14 369
8 15 1062
8 16 1266
8 17 1227
8 18 925
8 19 1141
8 20 283
8 21 1232
8 22 296
8 23 1132
8 24 1033
8 25 300
8 26 1224
8 27 1029
8 28 643
8 29 383
8 30 1328
8 31 1521
8 32 290
8 33 1421
8 34 1473
8 35 242
8 36 1373
8 37 1425
8 38 194
8 39 1325
8 40 1377
8 41 146
8 42 1277
8 43 1329
8 44 98
8 45 1229
8 46 1281
8 47 50
8 48 1181
8 49 1329
8 50 98
8 51 1229
8 52 1377
8 53 146
8 54 1277
8 55 1425
8 56 194
8 57 1325
8 58 1473
8 59 242
8 60 1373
8 61 1521
8 62 290
8 63 1421
8 64 1569
8 65 338
8 66 1469
8 67 1617
8 68 386
8 69 1517
8 70 1665
8 71 434
8 72 1565
8 73 1713
8 74 482
8 75 1613
8 76 1761
8 77 530
8 78 1661
8 79 1809
8 80 578
8 81 1709
8 82 1857
8 83 626
8 84 1757
8 85 1641
9 0 1796
9 1 1137
9 2 1063
9 3 1064
9 4 1613
9 5 546
9 6 746
9 7 1535
9 8 543
9 9 0
9 10 1253
9 11 1232
9 12 900
9 13 1193
9 14 716
9 15 1505
9 16 1709
9 17 1574
9 18 1080
9 19 598
9 20 260
9 21 1387
9 22 247
9 23 1575
9 24 1188
9 25 743
9 26 1379
9 27 1184
9 28 798
9 29 538
9 30 1483
9 31 1676
9 32 445
9 33 978
9 34 1628
9 35 397
9 36 930
9 37 1580
9 38 349
9 39 882
9 40 1628
9 41 397
9 42 930
9 43 1676
9 44 445
9 45 978
9 46 1724
9 47 493
9 48 1026
9 49 1772
9 50 541
9 51 1074
9 52 1820
9 53 589
9 54 1122
9 55 1868
9 56 637
9 57 1170
9 58 1916
9 59 685
9 60 1218
9 61 1964
9 62 733
9 63 1266
9 64 2012
9 65 781
9 66 1314
9 67 2060
9 68 829
9 69 1362
9 70 2108
9 71 877
9 72 1410
9 73 2156
9 74 925
9 75 1458
9 76 2204
9 77 973
9 78 1506
9 79 2252
9 80 1021
9 81 1554
9 82 2300
9 83 1069
9 84 1602
9 85 1796
10 0 2403
10 1 530
10 2 1080
10 3 1575
10 4 2124
10 5 707
10 6 1301
10 7 2142
10 8 1054
10 9 1253
10 10 0
10 11 625
10 12 1411
10 13 1704
10 14 1227
10 15 2016
10 16 2220
10 17 2085
10 18 1687
10 19 655
10 20 1045
10 21 1994
10 22 1058
10 23 2086
10 24 859
10 25 1254
10 26 1986
10 27 959
10 28 1405
10 29 1145
10 30 2090
10 31 2283
10 32 1052
10 33 467
10 34 2235
10 35 1004
10 36 419
10 37 2187
10 38 956
10 39 371
10 40 2139
10 41 908
10 42 323
10 43 2187
10 44 956
10 45 371
10 46 2235
10 47 1004
10 48 419
10 49 2283
10 50 1052
10 51 467
10 52 2331
10 53 1100
10 54 515
10 55 2379
10 56 1148
10 57 563
10 58 2427
10 59 1196
10 60 611
10 61 2475
10 62 1244
10 63 659
10 64 2523
10 65 1292
10 66 707
10 67 2571
10 68 1340
10 69 755
10 70 2619
10 71 1388
10 72 803
10 73 2667
10 74 1436
10 75 851
10 76 2715
10 77 1484
10 78 899
10 79 2763
10 80 1532
10 81 947
10 82 2811
10 83 1580
10 84 995
10 85 2403
11 0 2616
11 1 317
11 2 455
11 3 1596
11 4 2145
11 5 686
11 6 1280
11 7 2355
11 8 975
11 9 1232
11 10 625
11 11 0
11 12 1432
11 13 1725
11 14 1214
11 15 2037
11 16 2241
11 17 2202
11 18 1900
11 19 634
11 20 1258
11 21 2207
11 22 1271
11 23 2107
11 24 838
11 25 1275
11 26 2199
11 27 938
11 28 1618
11 29 1358
11 30 2303
11 31 2496
11 32 1265
11 33 446
11 34 2448
11 35 1217
11 36 398
11 37 2400
11 38 1169
11 39 350
11 40 2352
11 41 1121
11 42 302
11 43 2304
11 44 1073
11 45 254
11 46 2256
11 47 1025
11 48 206
11 49 2304
11 50 1073
11 51 254
11 52 2352
11 53 1121
11 54 302
11 55 2400
11 56 1169
11 57 350
11 58 2448
11 59 1217
11 60 398
11 61 2496
11 62 1265
11 63 446
11 64 2544
11 65 1313
11 66 494
11 67 2592
11 68 1361
11 69 542
11 70 2640
11 71 1409
11 72 590
11 73 2688
11 74 1457
11 75 638
11 76 2736
11 77 1505
11 78 686
11 79 2784
11 80 1553
11 81 734
11 82 2832
11 83 1601
11 84 782
11 85 2616
12 0 1998
12 1 1319
12 2 977
12 3 690
12 4 1047
12 5 1446
12 6 948
12 7 1737
12 8 457
12 9 900
12 10 1411
12 11 1432
12 12 0
12 13 1107
12 14 726
12 15 1419
12 16 1527
12 17 1584
12 18 1282
12 19 1498
12 20 640
12 21 1589
12 22 653
12 23 1297
12 24 1390
12 25 465
12 26 1581
12 27 1386
12 28 1000
12 29 740
12 30 1685
12 31 1878
12 32 647
12 33 1544
12 34 1830
12 35 599
12 36 1496
12 37 1782
12 38 551
12 39 1448
12 40 1734
12 41 503
12 42 1400
12 43 1686
12 44 455
12 45 1352
12 46 1638
12 47 407
12 48 1304
12 49 1590
12 50 359
12 51 1256
12 52 1542
12 53 311
12 54 1208
12 55 1494
12 56 263
12 57 1160
12 58 1446
12 59 215
12 60 1112
12 61 1398
12 62 167
12 63 1064
12 64 1446
12 65 215
12 66 1112
12 67 1494
12 68 263
12 69 1160
12 70 1542
12 71 311
12 72 1208
12 73 1590
12 74 359
12 75 1256
12 76 1638
12 77 407
12 78 1304
12 79 1686
12 80 455
12 81 1352
12 82 1734
12 83 503
12 84 1400
12 85 1998
13 0 891
13 1 1916
13 2 1270
13 3 1271
13 4 1794
13 5 1739
13 6 1241
13 7 912
13 8 750
13 9 1193
13 10 1704
13 11 1725
13 12 1107
13 13 0
13 14 1019
13 15 312
13 16 642
13 17 681
13 18 1367
13 19 1791
13 20 933
13 21 868
13 22 946
13 23 872
13 24 1683
13 25 950
13 26 1068
13 27 1679
13 28 1293
13 29 1033
13 30 964
13 31 771
13 32 940
13 33 2171
13 34 723
13 35 892
13 36 2123
13 37 675
13 38 844
13 39 2075
13 40 627
13 41 796
13 42 2027
13 43 579
13 44 748
13 45 1979
13 46 531
13 47 700
13 48 1931
13 49 579
13 50 748
13 51 1979
13 52 627
13 53 796
13 54 2027
13 55 675
13 56 844
13 57 2075
13 58 723
13 59 892
13 60 2123
13 61 771
13 62 940
13 63 2171
13 64 819
13 65 988
13 66 2219
13 67 867
13 68 1036
13 69 2267
13 70 915
13 71 1084
13 72 2315
13 73 963
13 74 1132
13 75 2363
13 76 1011
13 77 1180
13 78 2411
13 79 1059
13 80 1228
13 81 2459
13 82 1107
13 83 1276
13 84 2507
13 85 891
14 0 1814
14 1 1119
14 2 889
14 3 890
14 4 1439
14 5 1262
14 6 764
14 7 1553
14 8 369
14 9 716
14 10 1227
14 11 1214
14 12 726
14 13 1019
14 14 0
14 15 1331
14 16 1535
14 17 1400
14 18 1098
14 19 1314
14 20 456
14 21 1405
14 22 469
14 23 1401
14 24 1206
14 25 569
14 26 1397
14 27 1202
14 28 816
14 29 556
14 30 1501
14 31 1694
14 32 463
14 33 1152
14 34 1646
14 35 415
14 36 1104
14 37 1598
14 38 367
14 39 1056
14 40 1550
14 41 319
14 42 1008
14 43 1502
14 44 271
14 45 960
14 46 1550
14 47 319
14 48 1008
14 49 1598
14 50 367
14 51 1056
14 52 1646
14 53 415
14 54 1104
14 55 1694
14 56 463
14 57 1152
14 58 1742
14 59 511
14 60 1200
14 61 1790
14 62 559
14 63 1248
14 64 1838
14 65 607
14 66 1296
14 67 1886
14 68 655
14 69 1344
14 70 1934
14 71 703
14 72 1392
14 73 1982
14 74 751
14 75 1440
14 76 2030
14 77 799
14 78 1488
14 79 2078
14 80 847
14 81 1536
14 82 2126
14 83 895
14 84 1584
14 85 1814
15 0 579
15 1 2228
15 2 1582
15 3 1167
15 4 1482
15 5 2051
15 6 1553
15 7 600
15 8 1062
15 9 1505
15 10 2016
15 11 2037
15 12 1419
15 13 312
15 14 1331
15 15 0
15 16 330
15 17 369
15 18 1055
15 19 2103
15 20 1245
15 21 556
15 22 1258
15 23 560
15 24 1995
15 25 1262
15 26 756
15 27 1991
15 28 1241
15 29 1345
15 30 652
15 31 459
15 32 1252
15 33 2483
15 34 411
15 35 1204
15 36 2435
15 37 363
15 38 1156
15 39 2387
15 40 315
15 41 1108
15 42 2339
15 43 267
15 44 1060
15 45 2291
15 46 219
15 47 1012
15 48 2243
15 49 267
15 50 1060
15 51 2291
15 52 315
15 53 1108
15 54 2339
15 55 363
15 56 1156
15 57 2387
15 58 411
15 59 1204
15 60 2435
15 61 459
15 62 1252
15 63 2483
15 64 507
15 65 1300
15 66 2531
15 67 555
15 68 1348
15 69 2579
15 70 603
15 71 1396
15 72 2627
15 73 651
15 74 1444
15 75 2675
15 76 699
15 77 1492
15 78 2723
15 79 747
15 80 1540
15 81 2771
15 82 795
15 83 1588
15 84 2819
15 85 579
16 0 471
16 1 2336
16 2 1786
16 3 963
16 4 1278
16 5 2255
16 6 1757
16 7 492
16 8 1266
16 9 1709
16 10 2220
16 11 2241
16 12 1527
16 13 642
16 14 1535
16 15 330
16 16 0
16 17 261
16 18 947
16 19 2307
16 20 1449
16 21 448
16 22 1462
16 23 356
16 24 2199
16 25 1188
16 26 648
16 27 2195
16 28 1133
16 29 1393
16 30 544
16 31 351
16 32 1456
16 33 2687
16 34 303
16 35 1408
16 36 2639
16 37 255
16 38 1360
16 39 2591
16 40 207
16 41 1312
16 42 2543
16 43 159
16 44 1264
16 45 2495
16 46 111
16 47 1216
16 48 2447
16 49 63
16 50 1168
16 51 2399
16 52 111
16 53 1216
16 54 2447
16 55 159
16 56 1264
16 57 2495
16 58 207
16 59 1312
16 60 2543
16 61 255
16 62 1360
16 63 2591
16 64 303
16 65 1408
16 66 2639
16 67 351
16 68 1456
16 69 2687
16 70 399
16 71 1504
16 72 2735
16 73 447
16 74 1552
16 75 2783
16 76 495
16 77 1600
16 78 2831
16 79 543
16 80 1648
16 81 2879
16 82 591
16 83 1696
16 84 2927
16 85 471
17 0 414
17 1 2393
17 2 1747
17 3 1098
17 4 1413
17 5 2120
17 6 1622
17 7 435
17 8 1227
17 9 1574
17 10 2085
17 11 2202
17 12 1584
17 13 681
17 14 1400
17 15 369
17 16 261
17 17 0
17 18 890
17 19 2172
17 20 1314
17 21 391
17 22 1327
17 23 491
17 24 2064
17 25 1323
17 26 591
17 27 2060
17 28 1076
17 29 1336
17 30 487
17 31 294
17 32 1321
17 33 2552
17 34 246
17 35 1273
17 36 2504
17 37 198
17 38 1225
17 39 2456
17 40 150
17 41 1177
17 42 2408
17 43 102
17 44 1129
17 45 2360
17 46 150
17 47 1177
17 48 2408
17 49 198
17 50 1225
17 51 2456
17 52 246
17 53 1273
17 54 2504
17 55 294
17 56 1321
17 57 2552
17 58 342
17 59 1369
17 60 2600
17 61 390
17 62 1417
17 63 2648
17 64 438
17 65 1465
17 66 2696
17 67 486
17 68 1513
17 69 2744
17 70 534
17 71 1561
17 72 2792
17 73 582
17 74 1609
17 75 2840
17 76 630
17 77 1657
17 78 2888
17 79 678
17 80 1705
17 81 2936
17 82 726
17 83 1753
17 84 2984
17 85 414
18 0 716
18 1 2091
18 2 1445
18 3 1446
18 4 1995
18 5 1626
18 6 1032
18 7 455
18 8 925
18 9 1080
18 10 1687
18 11 1900
18 12 1282
18 13 1367
18 14 1098
18 15 1055
18 16 947
18 17 890
18 18 0
18 19 1678
18 20 820
18 21 885
18 22 833
18 23 1177
18 24 1474
18 25 1125
18 26 299
18 27 1374
18 28 1084
18 29 824
18 30 403
18 31 596
18 32 635
18 33 1866
18 34 644
18 35 683
18 36 1914
18 37 692
18 38 731
18 39 1962
18 40 740
18 41 779
18 42 2010
18 43 788
18 44 827
18 45 2058
18 46 836
18 47 875
18 48 2106
18 49 884
18 50 923
18 51 2154
18 52 932
18 53 971
18 54 2202
18 55 980
18 56 1019
18 57 2250
18 58 1028
18 59 1067
18 60 2298
18 61 1076
18 62 1115
18 63 2346
18 64 1124
18 65 1163
18 66 2394
18 67 1172
18 68 1211
18 69 2442
18 70 1220
18 71 1259
18 72 2490
18 73 1268
18 74 1307
18 75 2538
18 76 1316
18 77 1355
18 78 2586
18 79 1364
18 80 1403
18 81 2634
18 82 1412
18 83 1451
18 84 2682
18 85 716
19 0 2394
19 1 539
19 2 1089
19 3 1662
19 4 2211
19 5 52
19 6 1214
19 7 2133
19 8 1141
19 9 598
19 10 655
19 11 634
19 12 1498
19 13 1791
19 14 1314
19 15 2103
19 16 2307
19 17 2172
19 18 1678
19 19 0
19 20 858
19 21 1985
19 22 845
19 23 2173
19 24 772
19 25 1341
19 26 1977
19 27 872
19 28 1396
19 29 1136
19 30 2081
19 31 2274
19 32 1043
19 33 380
19 34 2226
19 35 995
19 36 332
19 37 2178
19 38 947
19 39 284
19 40 2226
19 41 995
19 42 332
19 43 2274
19 44 1043
19 45 380
19 46 2322
19 47 1091
19 48 428
19 49 2370
19 50 1139
19 51 476
19 52 2418
19 53 1187
19 54 524
19 55 2466
19 56 1235
19 57 572
19 58 2514
19 59 1283
19 60 620
19 61 2562
19 62 1331
19 63 668
19 64 2610
19 65 1379
19 66 716
19 67 2658
19 68 1427
19 69 764
19 70 2706
19 71 1475
19 72 812
19 73 2754
19 74 1523
19 75 860
19 76 2802
19 77 1571
19 78 908
19 79 2850
19 80 1619
19 81 956
19 82 2898
19 83 1667
19 84 1004
19 85 2394
20 0 1536
20 1 1397
20 2 803
20 3 804
20 4 1353
20 5 806
20 6 486
20 7 1275
20 8 283
20 9 260
20 10 1045
20 11 1258
20 12 640
20 13 933
20 14 456
20 15 1245
20 16 1449
20 17 1314
20 18 820
20 19 858
20 20 0
20 21 1127
20 22 13
20 23 1315
20 24 928
20 25 483
20 26 1119
20 27 924
20 28 538
20 29 278
20 30 1223
20 31 1416
20 32 185
20 33 1238
20 34 1368
20 35 137
20 36 1190
20 37 1320
20 38 89
20 39 1142
20 40 1368
20 41 137
20 42 1190
20 43 1416
20 44 185
20 45 1238
20 46 1464
20 47 233
20 48 1286
20 49 1512
20 50 281
20 51 1334
20 52 1560
20 53 329
20 54 1382
20 55 1608
20 56 377
20 57 1430
20 58 1656
20 59 425
20 60 1478
20 61 1704
20 62 473
20 63 1526
20 64 1752
20 65 521
20 66 1574
20 67 1800
20 68 569
20 69 1622
20 70 1848
20 71 617
20 72 1670
20 73 1896
20 74 665
20 75 1718
20 76 1944
20 77 713
20 78 1766
20 79 1992
20 80 761
20 81 1814
20 82 2040
20 83 809
20 84 1862
20 85 1536
21 0 409
21 1 2398
21 2 1752
21 3 1285
21 4 1600
21 5 1933
21 6 1435
21 7 430
21 8 1232
21 9 1387
21 10 1994
21 11 2207
21 12 1589
21 13 868
21 14 1405
21 15 556
21 16 448
21 17 391
21 18 885
21 19 1985
21 20 1127
21 21 0
21 22 1140
21 23 678
21 24 1877
21 25 1432
21 26 586
21 27 1873
21 28 1071
21 29 1227
21 30 482
21 31 289
21 32 1134
21 33 2365
21 34 241
21 35 1086
21 36 2317
21 37 193
21 38 1038
21 39 2269
21 40 241
21 41 1086
21 42 2317
21 43 289
21 44 1134
21 45 2365
21 46 337
21 47 1182
21 48 2413
21 49 385
21 50 1230
21 51 2461
21 52 433
21 53 1278
21 54 2509
21 55 481
21 56 1326
21 57 2557
21 58 529
21 59 1374
21 60 2605
21 61 577
21 62 1422
21 63 2653
21 64 625
21 65 1470
21 66 2701
21 67 673
21 68 1518
21 69 2749
21 70 721
21 71 1566
21 72 2797
21 73 769
21 74 1614
21 75 2845
21 76 817
21 77 1662
21 78 2893
21 79 865
21 80 1710
21 81 2941
21 82 913
21 83 1758
21 84 2989
21 85 409
22 0 1549
22 1 1384
22 2 816
22 3 817
22 4 1366
22 5 793
22 6 499
22 7 1288
22 8 296
22 9 247
22 10 1058
22 11 1271
22 12 653
22 13 946
22 14 469
22 15 1258
22 16 1462
22 17 1327
22 18 833
22 19 845
22 20 13
22 21 1140
22 22 0
22 23 1328
22 24 941
22 25 496
22 26 1132
22 27 937
22 28 551
22 29 291
22 30 1236
22 31 1429
22 32 198
22 33 1225
22 34 1381
22 35 150
22 36 1177
22 37 1333
22 38 102
22 39 1129
22 40 1381
22 41 150
22 42 1177
22 43 1429
22 44 198
22 45 1225
22 46 1477
22 47 246
22 48 1273
22 49 1525
22 50 294
22 51 1321
22 52 1573
22 53 342
22 54 1369
22 55 1621
22 56 390
22 57 1417
22 58 1669
22 59 438
22 60 1465
22 61 1717
22 62 486
22 63 1513
22 64 1765
22 65 534
22 66 1561
22 67 1813
22 68 582
22 69 1609
22 70 1861
22 71 630
22 72 1657
22 73 1909
22 74 678
22 75 1705
22 76 1957
22 77 726
22 78 1753
22 79 2005
22 80 774
22 81 1801
22 82 2053
22 83 822
22 84 1849
22 85 1549
23 0 701
23 1 2202
23 2 1652
23 3 1097
23 4 1412
23 5 2121
23 6 1623
23 7 722
23 8 1132
23 9 1575
23 10 2086
23 11 2107
23 12 1297
23 13 872
23 14 1401
23 15 560
23 16 356
23 17 491
23 18 1177
23 19 2173
23 20 1315
23 21 678
23 22 1328
23 23 0
23 24 2065
23 25 832
23 26 878
23 27 2061
23 28 1363
23 29 1415
23 30 774
23 31 581
23 32 1322
23 33 2553
23 34 533
23 35 1274
23 36 2505
23 37 485
23 38 1226
23 39 2457
23 40 437
23 41 1178
23 42 2409
23 43 389
23 44 1130
23 45 2361
23 46 341
23 47 1082
23 48 2313
23 49 293
23 50 1034
23 51 2265
23 52 245
23 53 986
23 54 2217
23 55 293
23 56 1034
23 57 2265
23 58 341
23 59 1082
23 60 2313
23 61 389
23 62 1130
23 63 2361
23 64 437
23 65 1178
23 66 2409
23 67 485
23 68 1226
23 69 2457
23 70 533
23 71 1274
23 72 2505
23 73 581
23 74 1322
23 75 2553
23 76 629
23 77 1370
23 78 2601
23 79 677
23 80 1418
23 81 2649
23 82 725
23 83 1466
23 84 2697
23 85 701
24 0 2190
24 1 743
24 2 1293
24 3 1554
24 4 2103
24 5 824
24 6 442
24 7 1929
24 8 1033
24 9 1188
24 10 859
24 11 838
24 12 1390
24 13 1683
24 14 1206
24 15 1995
24 16 2199
24 17 2064
24 18 1474
24 19 772
24 20 928
24 21 1877
24 22 941
24 23 2065
24 24 0
24 25 1233
24 26 1773
24 27 980
24 28 1192
24 29 932
24 30 1877
24 31 2070
24 32 839
24 33 488
24 34 2022
24 35 791
24 36 440
24 37 2070
24 38 839
24 39 488
24 40 2118
24 41 887
24 42 536
24 43 2166
24 44 935
24 45 584
24 46 2214
24 47 983
24 48 632
24 49 2262
24 50 1031
24 51 680
24 52 2310
24 53 1079
24 54 728
24 55 2358
24 56 1127
24 57 776
24 58 2406
24 59 1175
24 60 824
24 61 2454
24 62 1223
24 63 872
24 64 2502
24 65 1271
24 66 920
24 67 2550
24 68 1319
24 69 968
24 70 2598
24 71 1367
24 72 1016
24 73 2646
24 74 1415
24 75 1064
24 76 2694
24 77 1463
24 78 1112
24 79 2742
24 80 1511
24 81 1160
24 82 2790
24 83 1559
24 84 1208
24 85 2190
25 0 1533
25 1 1370
25 2 820
25 3 629
25 4 1178
25 5 1289
25 6 791
25 7 1554
25 8 300
25 9 743
25 10 1254
25 11 1275
25 12 465
25 13 950
25 14 569
25 15 1262
25 16 1188
25 17 1323
25 18 1125
25 19 1341
25 20 483
25 21 1432
25 22 496
25 23 832
25 24 1233
25 25 0
25 26 1424
25 27 1229
25 28 843
25 29 583
25 30 1528
25 31 1413
25 32 490
25 33 1721
25 34 1365
25 35 442
25 36 1673
25 37 1317
25 38 394
25 39 1625
25 40 1269
25 41 346
25 42 1577
25 43 1221
25 44 298
25 45 1529
25 46 1173
25 47 250
25 48 1481
25 49 1125
25 50 202
25 51 1433
25 52 1077
25 53 154
25 54 1385
25 55 1125
25 56 202
25 57 1433
25 58 1173
25 59 250
25 60 1481
25 61 1221
25 62 298
25 63 1529
25 64 1269
25 65 346
25 66 1577
25 67 1317
25 68 394
25 69 1625
25 70 1365
25 71 442
25 72 1673
25 73 1413
25 74 490
25 75 1721
25 76 1461
25 77 538
25 78 1769
25 79 1509
25 80 586
25 81 1817
25 82 1557
25 83 634
25 84 1865
25 85 1533
26 0 417
26 1 2390
26 2 1744
26 3 1485
26 4 1800
26 5 1925
26 6 1331
26 7 156
26 8 1224
26 9 1379
26 10 1986
26 11 2199
26 12 1581
26 13 1068
26 14 1397
26 15 756
26 16 648
26 17 591
26 18 299
26 19 1977
26 20 1119
26 21 586
26 22 1132
26 23 878
26 24 1773
26 25 1424
26 26 0
26 27 1673
26 28 1175
26 29 1123
26 30 104
26 31 297
26 32 934
26 33 2165
26 34 345
26 35 982
26 36 2213
26 37 393
26 38 1030
26 39 2261
26 40 441
26 41 1078
26 42 2309
26 43 489
26 44 1126
26 45 2357
26 46 537
26 47 1174
26 48 2405
26 49 585
26 50 1222
26 51 2453
26 52 633
26 53 1270
26 54 2501
26 55 681
26 56 1318
26 57 2549
26 58 729
26 59 1366
26 60 2597
26 61 777
26 62 1414
26 63 2645
26 64 825
26 65 1462
26 66 2693
26 67 873
26 68 1510
26 69 2741
26 70 921
26 71 1558
26 72 2789
26 73 969
26 74 1606
26 75 2837
26 76 1017
26 77 1654
26 78 2885
26 79 1065
26 80 1702
26 81 2933
26 82 1113
26 83 1750
26 84 2981
26 85 417
27 0 2090
27 1 843
27 2 1393
27 3 1550
27 4 2099
27 5 924
27 6 1136
27 7 1829
27 8 1029
27 9 1184
27 10 959
27 11 938
27 12 1386
27 13 1679
27 14 1202
27 15 1991
27 16 2195
27 17 2060
27 18 1374
27 19 872
27 20 924
27 21 1873
27 22 937
27 23 2061
27 24 980
27 25 1229
27 26 1673
27 27 0
27 28 1188
27 29 928
27 30 1777
27 31 1970
27 32 739
27 33 492
27 34 2018
27 35 787
27 36 540
27 37 2066
27 38 835
27 39 588
27 40 2114
27 41 883
27 42 636
27 43 2162
27 44 931
27 45 684
27 46 2210
27 47 979
27 48 732
27 49 2258
27 50 1027
27 51 780
27 52 2306
27 53 1075
27 54 828
27 55 2354
27 56 1123
27 57 876
27 58 2402
27 59 1171
27 60 924
27 61 2450
27 62 1219
27 63 972
27 64 2498
27 65 1267
27 66 1020
27 67 2546
27 68 1315
27 69 1068
27 70 2594
27 71 1363
27 72 1116
27 73 2642
27 74 1411
27 75 1164
27 76 2690
27 77 1459
27 78 1212
27 79 2738
27 80 1507
27 81 1260
27 82 2786
27 83 1555
27 84 1308
27 85 2090
28 0 998
28 1 1809
28 2 1163
28 3 1164
28 4 1713
28 5 1344
28 6 750
28 7 1019
28 8 643
28 9 798
28 10 1405
28 11 1618
28 12 1000
28 13 1293
28 14 816
28 15 1241
28 16 1133
28 17 1076
28 18 1084
28 19 1396
28 20 538
28 21 1071
28 22 551
28 23 1363
28 24 1192
28 25 843
28 26 1175
28 27 1188
28 28 0
28 29 260
28 30 1071
28 31 878
28 32 449
28 33 1680
28 34 830
28 35 401
28 36 1632
28 37 878
28 38 449
28 39 1680
28 40 926
28 41 497
28 42 1728
28 43 974
28 44 545
28 45 1776
28 46 1022
28 47 593
28 48 1824
28 49 1070
28 50 641
28 51 1872
28 52 1118
28 53 689
28 54 1920
28 55 1166
28 56 737
28 57 1968
28 58 1214
28 59 785
28 60 2016
28 61 1262
28 62 833
28 63 2064
28 64 1310
28 65 881
28 66 2112
28 67 1358
28 68 929
28 69 2160
28 70 1406
28 71 977
28 72 2208
28 73 1454
28 74 1025
28 75 2256
28 76 1502
28 77 1073
28 78 2304
28 79 1550
28 80 1121
28 81 2352
28 82 1598
28 83 1169
28 84 2400
28 85 998
29 0 1258
29 1 1549
29 2 903
29 3 904
29 4 1453
29 5 1084
29 6 490
29 7 1279
29 8 383
29 9 538
29 10 1145
29 11 1358
29 12 740
29 13 1033
29 14 556
29 15 1345
29 16 1393
29 17 1336
29 18 824
29 19 1136
29 20 278
29 21 1227
29 22 291
29 23 1415
29 24 932
29 25 583
29 26 1123
29 27 928
29 28 260
29 29 0
29 30 1227
29 31 1138
29 32 189
29 33 1420
29 34 1090
29 35 141
29 36 1372
29 37 1138
29 38 189
29 39 1420
29 40 1186
29 41 237
29 42 1468
29 43 1234
29 44 285
29 45 1516
29 46 1282
29 47 333
29 48 1564
29 49 1330
29 50 381
29 51 1612
29 52 1378
29 53 429
29 54 1660
29 55 1426
29 56 477
29 57 1708
29 58 1474
29 59 525
29 60 1756
29 61 1522
29 62 573
29 63 1804
29 64 1570
29 65 621
29 66 1852
29 67 1618
29 68 669
29 69 1900
29 70 1666
29 71 717
29 72 1948
29 73 1714
29 74 765
29 75 1996
29 76 1762
29 77 813
29 78 2044
29 79 1810
29 80 861
29 81 2092
29 82 1858
29 83 909
29 84 2140
29 85 1258
30 0 313
30 1 2494
30 2 1848
30 3 1381
30 4 1696
30 5 2029
30 6 1435
30 7 52
30 8 1328
30 9 1483
30 10 2090
30 11 2303
30 12 1685
30 13 964
30 14 1501
30 15 652
30 16 544
30 17 487
30 18 403
30 19 2081
30 20 1223
30 21 482
30 22 1236
30 23 774
30 24 1877
30 25 1528
30 26 104
30 27 1777
30 28 1071
30 29 1227
30 30 0
30 31 193
30 32 1038
30 33 2269
30 34 241
30 35 1086
30 36 2317
30 37 289
30 38 1134
30 39 2365
30 40 337
30 41 1182
30 42 2413
30 43 385
30 44 1230
30 45 2461
30 46 433
30 47 1278
30 48 2509
30 49 481
30 50 1326
30 51 2557
30 52 529
30 53 1374
30 54 2605
30 55 577
30 56 1422
30 57 2653
30 58 625
30 59 1470
30 60 2701
30 61 673
30 62 1518
30 63 2749
30 64 721
30 65 1566
30 66 2797
30 67 769
30 68 1614
30 69 2845
30 70 817
30 71 1662
30 72 2893
30 73 865
30 74 1710
30 75 2941
30 76 913
30 77 1758
30 78 2989
30 79 961
30 80 1806
30 81 3037
30 82 1009
30 83 1854
30 84 3085
30 85 313
31 0 120
31 1 2687
31 2 2041
31 3 1188
31 4 1503
31 5 2222
31 6 1628
31 7 141
31 8 1521
31 9 1676
31 10 2283
31 11 2496
31 12 1878
31 13 771
31 14 1694
31 15 459
31 16 351
31 17 294
31 18 596
31 19 2274
31 20 1416
31 21 289
31 22 1429
31 23 581
31 24 2070
31 25 1413
31 26 297
31 27 1970
31 28 878
31 29 1138
31 30 193
31 31 0
31 32 1231
31 33 2462
31 34 48
31 35 1279
31 36 2510
31 37 96
31 38 1327
31 39 2558
31 40 144
31 41 1375
31 42 2606
31 43 192
31 44 1423
31 45 2654
31 46 240
31 47 1471
31 48 2702
31 49 288
31 50 1519
31 51 2750
31 52 336
31 53 1567
31 54 2798
31 55 384
31 56 1615
31 57 2846
31 58 432
31 59 1663
31 60 2894
31 61 480
31 62 1711
31 63 2942
31 64 528
31 65 1759
31 66 2990
31 67 576
31 68 1807
31 69 3038
31 70 624
31 71 1855
31 72 3086
31 73 672
31 74 1903
31 75 3134
31 76 720
31 77 1951
31 78 3182
31 79 768
31 80 1999
31 81 3230
31 82 816
31 83 2047
31 84 3278
31 85 120
32 0 1351
32 1 1456
32 2 810
32 3 811
32 4 1360
32 5 991
32 6 397
32 7 1090
32 8 290
32 9 445
32 10 1052
32 11 1265
32 12 647
32 13 940
32 14 463
32 15 1252
32 16 1456
32 17 1321
32 18 635
32 19 1043
32 20 185
32 21 1134
32 22 198
32 23 1322
32 24 839
32 25 490
32 26 934
32 27 739
32 28 449
32 29 189
32 30 1038
32 31 1231
32 32 0
32 33 1231
32 34 1279
32 35 48
32 36 1279
32 37 1327
32 38 96
32 39 1327
32 40 1375
32 41 144
32 42 1375
32 43 1423
32 44 192
32 45 1423
32 46 1471
32 47 240
32 48 1471
32 49 1519
32 50 288
32 51 1519
32 52 1567
32 53 336
32 54 1567
32 55 1615
32 56 384
32 57 1615
32 58 1663
32 59 432
32 60 1663
32 61 1711
32 62 480
32 63 1711
32 64 1759
32 65 528
32 66 1759
32 67 1807
32 68 576
32 69 1807
32 70 1855
32 71 624
32 72 1855
32 73 1903
32 74 672
32 75 1903
32 76 1951
32 77 720
32 78 1951
32 79 1999
32 80 768
32 81 1999
32 82 2047
32 83 816
32 84 2047
32 85 1351
33 0 2582
33 1 351
33 2 901
33 3 2042
33 4 2591
33 5 432
33 6 930
33 7 2321
33 8 1421
33 9 978
33 10 467
33 11 446
33 12 1544
33 13 2171
33 14 1152
33 15 2483
33 16 2687
33 17 2552
33 18 1866
33 19 380
33 20 1238
33 21 2365
33 22 1225
33 23 2553
33 24 488
33 25 1721
33 26 2165
33 27 492
33 28 1680
33 29 1420
33 30 2269
33 31 2462
33 32 1231
33 33 0
33 34 2510
33 35 1279
33 36 48
33 37 2558
33 38 1327
33 39 96
33 40 2606
33 41 1375
33 42 144
33 43 2654
33 44 1423
33 45 192
33 46 2702
33 47 1471
33 48 240
33 49 2750
33 50 1519
33 51 288
33 52 2798
33 53 1567
33 54 336
33 55 2846
33 56 1615
33 57 384
33 58 2894
33 59 1663
33 60 432
33 61 2942
33 62 1711
33 63 480
33 64 2990
33 65 1759
33 66 528
33 67 3038
33 68 1807
33 69 576
33 70 3086
33 71 1855
33 72 624
33 73 3134
33 74 1903
33 75 672
33 76 3182
33 77 1951
33 78 720
33 79 3230
33 80 1999
33 81 768
33 82 3278
33 83 2047
33 84 816
33 85 2582
34 0 168
34 1 2639
34 2 1993
34 3 1140
34 4 1455
34 5 2174
34 6 1580
34 7 189
34 8 1473
34 9 1628
34 10 2235
34 11 2448
34 12 1830
34 13 723
34 14 1646
34 15 411
34 16 303
34 17 246
34 18 644
34 19 2226
34 20 1368
34 21 241
34 22 1381
34 23 533
34 24 2022
34 25 1365
34 26 345
34 27 2018
34 28 830
34 29 1090
34 30 241
34 31 48
34 32 1279
34 33 2510
34 34 0
34 35 1231
34 36 2462
34 37 48
34 38 1279
34 39 2510
34 40 96
34 41 1327
34 42 2558
34 43 144
34 44 1375
34 45 2606
34 46 192
34 47 1423
34 48 2654
34 49 240
34 50 1471
34 51 2702
34 52 288
34 53 1519
34 54 2750
34 55 336
34 56 1567
34 57 2798
34 58 384
34 59 1615
34 60 2846
34 61 432
34 62 1663
34 63 2894
34 64 480
34 65 1711
34 66 2942
34 67 528
34 68 1759
34 69 2990
34 70 576
34 71 1807
34 72 3038
34 73 624
34 74 1855
34 75 3086
34 76 672
34 77 1903
34 78 3134
34 79 720
34 80 1951
34 81 3182
34 82 768
34 83 1999
34 84 3230
34 85 168
35 0 1399
35 1 1408
35 2 762
35 3 763
35 4 1312
35 5 943
35 6 349
35 7 1138
35 8 242
35 9 397
35 10 1004
35 11 1217
35 12 599
35 13 892
35 14 415
35 15 1204
35 16 1408
35 17 1273
35 18 683
35 19 995
35 20 137
35 21 1086
35 22 150
35 23 1274
35 24 791
35 25 442
35 26 982
35 27 787
35 28 401
35 29 141
35 30 1086
35 31 1279
35 32 48
35 33 1279
35 34 1231
35 35 0
35 36 1231
35 37 1279
35 38 48
35 39 1279
35 40 1327
35 41 96
35 42 1327
35 43 1375
35 44 144
35 45 1375
35 46 1423
35 47 192
35 48 1423
35 49 1471
35 50 240
35 51 1471
35 52 1519
35 53 288
35 54 1519
35 55 1567
35 56 336
35 57 1567
35 58 1615
35 59 384
35 60 1615
35 61 1663
35 62 432
35 63 1663
35 64 1711
35 65 480
35 66 1711
35 67 1759
35 68 528
35 69 1759
35 70 1807
35 71 576
35 72 1807
35 73 1855
35 74 624
35 75 1855
35 76 1903
35 77 672
35 78 1903
35 79 1951
35 80 720
35 81 1951
35 82 1999
35 83 768
35 84 1999
35 85 1399
36 0 2630
36 1 303
36 2 853
36 3 1994
36 4 2543
36 5 384
36 6 882
36 7 2369
36 8 1373
36 9 930
36 10 419
36 11 398
36 12 1496
36 13 2123
36 14 1104
36 15 2435
36 16 2639
36 17 2504
36 18 1914
36 19 332
36 20 1190
36 21 2317
36 22 1177
36 23 2505
36 24 440
36 25 1673
36 26 2213
36 27 540
36 28 1632
36 29 1372
36 30 2317
36 31 2510
36 32 1279
36 33 48
36 34 2462
36 35 1231
36 36 0
36 37 2510
36 38 1279
36 39 48
36 40 2558
36 41 1327
36 42 96
36 43 2606
36 44 1375
36 45 144
36 46 2654
36 47 1423
36 48 192
36 49 2702
36 50 1471
36 51 240
36 52 2750
36 53 1519
36 54 288
36 55 2798
36 56 1567
36 57 336
36 58 2846
36 59 1615
36 60 384
36 61 2894
36 62 1663
36 63 432
36 64 2942
36 65 1711
36 66 480
36 67 2990
36 68 1759
36 69 528
36 70 3038
36 71 1807
36 72 576
36 73 3086
36 74 1855
36 75 624
36 76 3134
36 77 1903
36 78 672
36 79 3182
36 80 1951
36 81 720
36 82 3230
36 83 1999
36 84 768
36 85 2630
37 0 216
37 1 2591
37 2 1945
37 3 1092
37 4 1407
37 5 2126
37 6 1628
37 7 237
37 8 1425
37 9 1580
37 10 2187
37 11 2400
37 12 1782
37 13 675
37 14 1598
37 15 363
37 16 255
37 17 198
37 18 692
37 19 2178
37 20 1320
37 21 193
37 22 1333
37 23 485
37 24 2070
37 25 1317
37 26 393
37 27 2066
37 28 878
37 29 1138
37 30 289
37 31 96
37 32 1327
37 33 2558
37 34 48
37 35 1279
37 36 2510
37 37 0
37 38 1231
37 39 2462
37 40 48
37 41 1279
37 42 2510
37 43 96
37 44 1327
37 45 2558
37 46 144
37 47 1375
37 48 2606
37 49 192
37 50 1423
37 51 2654
37 52 240
37 53 1471
37 54 2702
37 55 288
37 56 1519
37 57 2750
37 58 336
37 59 1567
37 60 2798
37 61 384
37 62 1615
37 63 2846
37 64 432
37 65 1663
37 66 2894
37 67 480
37 68 1711
37 69 2942
37 70 528
37 71 1759
37 72 2990
37 73 576
37 74 1807
37 75 3038
37 76 624
37 77 1855
37 78 3086
37 79 672
37 80 1903
37 81 3134
37 82 720
37 83 1951
37 84 3182
37 85 216
38 0 1447
38 1 1360
38 2 714
38 3 715
38 4 1264
38 5 895
38 6 397
38 7 1186
38 8 194
38 9 349
38 10 956
38 11 1169
38 12 551
38 13 844
38 14 367
38 15 1156
38 16 1360
38 17 1225
38 18 731
38 19 947
38 20 89
38 21 1038
38 22 102
38 23 1226
38 24 839
38 25 394
38 26 1030
38 27 835
38 28 449
38 29 189
38 30 1134
38 31 1327
38 32 96
38 33 1327
38 34 1279
38 35 48
38 36 1279
38 37 1231
38 38 0
38 39 1231
38 40 1279
38 41 48
38 42 1279
38 43 1327
38 44 96
38 45 1327
38 46 1375
38 47 144
38 48 1375
38 49 1423
38 50 192
38 51 1423
38 52 1471
38 53 240
38 54 1471
38 55 1519
38 56 288
38 57 1519
38 58 1567
38 59 336
38 60 1567
38 61 1615
38 62 384
38 63 1615
38 64 1663
38 65 432
38 66 1663
38 67 1711
38 68 480
38 69 1711
38 70 1759
38 71 528
38 72 1759
38 73 1807
38 74 576
38 75 1807
38 76 1855
38 77 624
38 78 1855
38 79 1903
38 80 672
38 81 1903
38 82 1951
38 83 720
38 84 1951
38 85 1447
39 0 2678
39 1 255
39 2 805
39 3 1946
39 4 2495
39 5 336
39 6 930
39 7 2417
39 8 1325
39 9 882
39 10 371
39 11 350
39 12 1448
39 13 2075
39 14 1056
39 15 2387
39 16 2591
39 17 2456
39 18 1962
39 19 284
39 20 1142
39 21 2269
39 22 1129
39 23 2457
39 24 488
39 25 1625
39 26 2261
39 27 588
39 28 1680
39 29 1420
39 30 2365
39 31 2558
39 32 1327
39 33 96
39 34 2510
39 35 1279
39 36 48
39 37 2462
39 38 1231
39 39 0
39 40 2510
39 41 1279
39 42 48
39 43 2558
39 44 1327
39 45 96
39 46 2606
39 47 1375
39 48 144
39 49 2654
39 50 1423
39 51 192
39 52 2702
39 53 1471
39 54 240
39 55 2750
39 56 1519
39 57 288
39 58 2798
39 59 1567
39 60 336
39 61 2846
39 62 1615
39 63 384
39 64 2894
39 65 1663
39 66 432
39 67 2942
39 68 1711
39 69 480
39 70 2990
39 71 1759
39 72 528
39 73 3038
39 74 1807
39 75 576
39 76 3086
39 77 1855
39 78 624
39 79 3134
39 80 1903
39 81 672
39 82 3182
39 83 1951
39 84 720
39 85 2678
40 0 264
40 1 2543
40 2 1897
40 3 1044
40 4 1359
40 5 2174
40 6 1676
40 7 285
40 8 1377
40 9 1628
40 10 2139
40 11 2352
40 12 1734
40 13 627
40 14 1550
40 15 315
40 16 207
40 17 150
40 18 740
40 19 2226
40 20 1368
40 21 241
40 22 1381
40 23 437
40 24 2118
40 25 1269
40 26 441
40 27 2114
40 28 926
40 29 1186
40 30 337
40 31 144
40 32 1375
40 33 2606
40 34 96
40 35 1327
40 36 2558
40 37 48
40 38 1279
40 39 2510
40 40 0
40 41 1231
40 42 2462
40 43 48
40 44 1279
40 45 2510
40 46 96
40 47 1327
40 48 2558
40 49 144
40 50 1375
40 51 2606
40 52 192
40 53 1423
40 54 2654
40 55 240
40 56 1471
40 57 2702
40 58 288
40 59 1519
40 60 2750
40 61 336
40 62 1567
40 63 2798
40 64 384
40 65 1615
40 66 2846
40 67 432
40 68 1663
40 69 2894
40 70 480
40 71 1711
40 72 2942
40 73 528
40 74 1759
40 75 2990
40 76 576
40 77 1807
40 78 3038
40 79 624
40 80 1855
40 81 3086
40 82 672
40 83 1903
40 84 3134
40 85 264
41 0 1495
41 1 1312
41 2 666
41 3 667
41 4 1216
41 5 943
41 6 445
41 7 1234
41 8 146
41 9 397
41 10 908
41 11 1121
41 12 503
41 13 796
41 14 319
41 15 1108
41 16 1312
41 17 1177
41 18 779
41 19 995
41 20 137
41 21 1086
41 22 150
41 23 1178
41 24 887
41 25 346
41 26 1078
41 27 883
41 28 497
41 29 237
41 30 1182
41 31 1375
41 32 144
41 33 1375
41 34 1327
41 35 96
41 36 1327
41 37 1279
41 38 48
41 39 1279
41 40 1231
41 41 0
41 42 1231
41 43 1279
41 44 48
41 45 1279
41 46 1327
41 47 96
41 48 1327
41 49 1375
41 50 144
41 51 1375
41 52 1423
41 53 192
41 54 1423
41 55 1471
41 56 240
41 57 1471
41 58 1519
41 59 288
41 60 1519
41 61 1567
41 62 336
41 63 1567
