//alpha
1
//NbLocations
50
//NbProducts
32
//NbPickers
2
//CapaPicker
12
//TimeToTravelOneDistanceUnit
3
//SetupTime
5400
//PickTime
300
//Products
//Idx Location Size
1 1 1
2 2 1
3 3 1
4 4 1
5 5 1
6 6 1
7 7 1
8 8 1
9 9 1
10 10 1
11 11 1
12 4 1
13 12 1
14 13 1
15 14 1
16 15 1
17 16 1
18 17 1
19 18 1
20 19 1
21 20 1
22 21 1
23 22 1
24 23 1
25 24 1
26 25 1
27 26 1
28 27 1
29 28 1
30 29 1
31 30 1
32 31 1
//Orders
//NbOrders
18
//Idx DueDate TardinessPenalty NbProdInOrder ProdIdx1 Qty1 ProdIdx2 Qty2 ...
1 54000 0 6 1 1 2 1 3 1 4 1 5 1 6 1
2 36000 0 1 7 1
3 72000 0 1 8 1
4 90000 0 2 9 1 10 1
5 108000 0 2 11 1 12 1
6 72000 0 3 13 1 14 1 15 1
7 54000 0 1 16 1
8 108000 0 2 17 1 18 1
9 108000 0 1 19 1
10 54000 0 3 20 1 21 1 22 1
11 54000 0 2 23 1 24 1
12 72000 0 1 25 1
13 108000 0 1 26 1
14 90000 0 1 27 1
15 108000 0 1 28 1
16 126000 0 1 29 1
17 108000 0 2 30 1 31 1
18 108000 0 1 32 1
//Graph (Products are vertices indexed from 1 to NbProducts)
//NbVerticesIntersections
18
//DepartingDepot
0
//ArrivalDepot
50
//Arcs
//Start End Distance
0 32 120
1 16 0
1 17 221
2 20 52
2 23 65
3 8 65
3 36 349
4 42 297
4 43 154
5 28 286
5 35 63
6 45 388
6 46 63
7 22 130
7 40 154
8 3 65
8 37 37
9 18 65
9 32 323
10 25 13
10 31 169
11 47 323
11 48 128
12 26 65
12 39 284
13 25 26
13 45 37
14 29 78
14 30 13
15 22 104
15 39 63
16 1 0
16 48 102
17 1 221
17 49 128
18 9 65
18 33 63
19 28 52
19 36 50
20 2 52
20 33 245
21 29 26
21 41 89
22 7 130
22 15 104
23 2 65
23 34 89
24 31 104
24 44 102
25 10 13
25 13 26
26 12 65
26 38 102
27 30 91
27 42 154
28 5 286
28 19 52
29 14 78
29 21 26
30 14 13
30 27 91
31 10 169
31 24 104
32 9 323
32 35 48
32 50 120
33 18 63
33 20 245
33 36 48
34 23 89
34 37 48
35 5 63
35 32 48
35 38 48
36 3 349
36 19 50
36 33 48
36 39 48
37 8 37
37 34 48
37 40 48
38 26 102
38 35 48
38 41 48
39 12 284
39 15 63
39 36 48
39 42 48
40 7 154
40 37 48
40 43 48
41 21 89
41 38 48
41 44 48
42 4 297
42 27 154
42 39 48
42 45 48
43 4 154
43 40 48
43 46 48
44 24 102
44 41 48
44 47 48
45 6 388
45 13 37
45 42 48
45 48 48
46 6 63
46 43 48
46 49 48
47 11 323
47 44 48
48 11 128
48 16 102
48 45 48
49 17 128
49 46 48
//LocStart LocEnd ShortestPath
0 0 0
0 1 913
0 2 868
0 3 968
0 4 1012
0 5 231
0 6 1151
0 7 964
0 8 1033
0 9 443
0 10 687
0 11 683
0 12 383
0 13 726
0 14 457
0 15 730
0 16 913
0 17 1134
0 18 508
0 19 569
0 20 816
0 21 353
0 22 834
0 23 933
0 24 414
0 25 700
0 26 318
0 27 561
0 28 517
0 29 379
0 30 470
0 31 518
0 32 120
0 33 571
0 34 1022
0 35 168
0 36 619
0 37 1070
0 38 216
0 39 667
0 40 1118
0 41 264
0 42 715
0 43 1166
0 44 312
0 45 763
0 46 1214
0 47 360
0 48 811
0 49 1262
0 50 0
1 0 913
1 1 0
1 2 639
1 3 643
1 4 495
1 5 682
1 6 460
1 7 543
1 8 578
1 9 470
1 10 226
1 11 230
1 12 530
1 13 187
1 14 456
1 15 309
1 16 0
1 17 221
1 18 405
1 19 344
1 20 587
1 21 560
1 22 413
1 23 678
1 24 499
1 25 213
1 26 595
1 27 352
1 28 396
1 29 534
1 30 443
1 31 395
1 32 793
1 33 342
1 34 589
1 35 745
1 36 294
1 37 541
1 38 697
1 39 246
1 40 493
1 41 649
1 42 198
1 43 445
1 44 601
1 45 150
1 46 397
1 47 553
1 48 102
1 49 349
1 50 913
2 0 868
2 1 639
2 2 0
2 3 304
2 4 452
2 5 733
2 6 409
2 7 404
2 8 239
2 9 425
2 10 565
2 11 665
2 12 677
2 13 526
2 14 699
2 15 456
2 16 639
2 17 522
2 18 360
2 19 395
2 20 52
2 21 803
2 22 534
2 23 65
2 24 838
2 25 552
2 26 742
2 27 595
2 28 447
2 29 777
2 30 686
2 31 734
2 32 748
2 33 297
2 34 154
2 35 796
2 36 345
2 37 202
2 38 844
2 39 393
2 40 250
2 41 892
2 42 441
2 43 298
2 44 940
2 45 489
2 46 346
2 47 988
2 48 537
2 49 394
2 50 868
3 0 968
3 1 643
3 2 304
3 3 0
3 4 352
3 5 737
3 6 309
3 7 304
3 8 65
3 9 525
3 10 569
3 11 669
3 12 681
3 13 530
3 14 703
3 15 460
3 16 643
3 17 422
3 18 460
3 19 399
3 20 356
3 21 807
3 22 434
3 23 239
3 24 842
3 25 556
3 26 746
3 27 599
3 28 451
3 29 781
3 30 690
3 31 738
3 32 848
3 33 397
3 34 150
3 35 800
3 36 349
3 37 102
3 38 848
3 39 397
3 40 150
3 41 896
3 42 445
3 43 198
3 44 944
3 45 493
3 46 246
3 47 992
3 48 541
3 49 294
3 50 968
4 0 1012
4 1 495
4 2 452
4 3 352
4 4 0
4 5 781
4 6 265
4 7 356
4 8 287
4 9 569
4 10 421
4 11 521
4 12 629
4 13 382
4 14 555
4 15 408
4 16 495
4 17 378
4 18 504
4 19 443
4 20 504
4 21 659
4 22 486
4 23 387
4 24 694
4 25 408
4 26 694
4 27 451
4 28 495
4 29 633
4 30 542
4 31 590
4 32 892
4 33 441
4 34 298
4 35 844
4 36 393
4 37 250
4 38 796
4 39 345
4 40 202
4 41 748
4 42 297
4 43 154
4 44 796
4 45 345
4 46 202
4 47 844
4 48 393
4 49 250
4 50 1012
5 0 231
5 1 682
5 2 733
5 3 737
5 4 781
5 5 0
5 6 920
5 7 733
5 8 802
5 9 434
5 10 582
5 11 578
5 12 278
5 13 569
5 14 352
5 15 499
5 16 682
5 17 903
5 18 499
5 19 338
5 20 681
5 21 248
5 22 603
5 23 798
5 24 309
5 25 595
5 26 213
5 27 456
5 28 286
5 29 274
5 30 365
5 31 413
5 32 111
5 33 436
5 34 887
5 35 63
5 36 388
5 37 839
5 38 111
5 39 436
5 40 887
5 41 159
5 42 484
5 43 935
5 44 207
5 45 532
5 46 983
5 47 255
5 48 580
5 49 1031
5 50 231
6 0 1151
6 1 460
6 2 409
6 3 309
6 4 265
6 5 920
6 6 0
6 7 313
6 8 244
6 9 708
6 10 464
6 11 564
6 12 768
6 13 425
6 14 694
6 15 547
6 16 460
6 17 239
6 18 643
6 19 582
6 20 461
6 21 798
6 22 443
6 23 344
6 24 737
6 25 451
6 26 833
6 27 590
6 28 634
6 29 772
6 30 681
6 31 633
6 32 1031
6 33 580
6 34 255
6 35 983
6 36 532
6 37 207
6 38 935
6 39 484
6 40 159
6 41 887
6 42 436
6 43 111
6 44 839
6 45 388
6 46 63
6 47 887
6 48 436
6 49 111
6 50 1151
7 0 964
7 1 543
7 2 404
7 3 304
7 4 356
7 5 733
7 6 313
7 7 0
7 8 239
7 9 521
7 10 469
7 11 569
7 12 581
7 13 430
7 14 603
7 15 234
7 16 543
7 17 426
7 18 456
7 19 395
7 20 456
7 21 707
7 22 130
7 23 339
7 24 742
7 25 456
7 26 646
7 27 499
7 28 447
7 29 681
7 30 590
7 31 638
7 32 844
7 33 393
7 34 250
7 35 796
7 36 345
7 37 202
7 38 748
7 39 297
7 40 154
7 41 796
7 42 345
7 43 202
7 44 844
7 45 393
7 46 250
7 47 892
7 48 441
7 49 298
7 50 964
8 0 1033
8 1 578
8 2 239
8 3 65
8 4 287
8 5 802
8 6 244
8 7 239
8 8 0
8 9 590
8 10 634
8 11 734
8 12 746
8 13 595
8 14 768
8 15 473
8 16 578
8 17 357
8 18 525
8 19 464
8 20 291
8 21 872
8 22 369
8 23 174
8 24 907
8 25 621
8 26 811
8 27 664
8 28 516
8 29 846
8 30 755
8 31 803
8 32 913
8 33 462
8 34 85
8 35 865
8 36 414
8 37 37
8 38 913
8 39 462
8 40 85
8 41 961
8 42 510
8 43 133
8 44 1009
8 45 558
8 46 181
8 47 1057
8 48 606
8 49 229
8 50 1033
9 0 443
9 1 470
9 2 425
9 3 525
9 4 569
9 5 434
9 6 708
9 7 521
9 8 590
9 9 0
9 10 396
9 11 496
9 12 508
9 13 357
9 14 530
9 15 287
9 16 470
9 17 691
9 18 65
9 19 226
9 20 373
9 21 556
9 22 391
9 23 490
9 24 617
9 25 383
9 26 521
9 27 426
9 28 278
9 29 582
9 30 517
9 31 565
9 32 323
9 33 128
9 34 579
9 35 371
9 36 176
9 37 627
9 38 419
9 39 224
9 40 675
9 41 467
9 42 272
9 43 723
9 44 515
9 45 320
9 46 771
9 47 563
9 48 368
9 49 819
9 50 443
10 0 687
10 1 226
10 2 565
10 3 569
10 4 421
10 5 582
10 6 464
10 7 469
10 8 634
10 9 396
10 10 0
10 11 252
10 12 456
10 13 39
10 14 382
10 15 235
10 16 226
10 17 447
10 18 331
10 19 270
10 20 513
10 21 486
10 22 339
10 23 630
10 24 273
10 25 13
10 26 521
10 27 278
10 28 322
10 29 460
10 30 369
10 31 169
10 32 567
10 33 268
10 34 719
10 35 519
10 36 220
10 37 671
10 38 471
10 39 172
10 40 623
10 41 423
10 42 124
10 43 575
10 44 375
10 45 76
10 46 527
10 47 423
10 48 124
10 49 575
10 50 687
11 0 683
11 1 230
11 2 665
11 3 669
11 4 521
11 5 578
11 6 564
11 7 569
11 8 734
11 9 496
11 10 252
11 11 0
11 12 556
11 13 213
11 14 482
11 15 335
11 16 230
11 17 451
11 18 431
11 19 370
11 20 613
11 21 508
11 22 439
11 23 730
11 24 473
11 25 239
11 26 569
11 27 378
11 28 422
11 29 534
11 30 469
11 31 421
11 32 563
11 33 368
11 34 819
11 35 515
11 36 320
11 37 771
11 38 467
11 39 272
11 40 723
11 41 419
11 42 224
11 43 675
11 44 371
11 45 176
11 46 627
11 47 323
11 48 128
11 49 579
11 50 683
12 0 383
12 1 530
12 2 677
12 3 681
12 4 629
12 5 278
12 6 768
12 7 581
12 8 746
12 9 508
12 10 456
12 11 556
12 12 0
12 13 417
12 14 408
12 15 347
12 16 530
12 17 751
12 18 443
12 19 382
12 20 625
12 21 304
12 22 451
12 23 742
12 24 365
12 25 443
12 26 65
12 27 486
12 28 434
12 29 330
12 30 421
12 31 469
12 32 263
12 33 380
12 34 831
12 35 215
12 36 332
12 37 783
12 38 167
12 39 284
12 40 735
12 41 215
12 42 332
12 43 783
12 44 263
12 45 380
12 46 831
12 47 311
12 48 428
12 49 879
12 50 383
13 0 726
13 1 187
13 2 526
13 3 530
13 4 382
13 5 569
13 6 425
13 7 430
13 8 595
13 9 357
13 10 39
13 11 213
13 12 417
13 13 0
13 14 343
13 15 196
13 16 187
13 17 408
13 18 292
13 19 231
13 20 474
13 21 447
13 22 300
13 23 591
13 24 312
13 25 26
13 26 482
13 27 239
13 28 283
13 29 421
13 30 330
13 31 208
13 32 606
13 33 229
13 34 680
13 35 558
13 36 181
13 37 632
13 38 510
13 39 133
13 40 584
13 41 462
13 42 85
13 43 536
13 44 414
13 45 37
13 46 488
13 47 462
13 48 85
13 49 536
13 50 726
14 0 457
14 1 456
14 2 699
14 3 703
14 4 555
14 5 352
14 6 694
14 7 603
14 8 768
14 9 530
14 10 382
14 11 482
14 12 408
14 13 343
14 14 0
14 15 369
14 16 456
14 17 677
14 18 465
14 19 404
14 20 647
14 21 104
14 22 473
14 23 764
14 24 343
14 25 369
14 26 343
14 27 104
14 28 456
14 29 78
14 30 13
14 31 447
14 32 337
14 33 402
14 34 853
14 35 289
14 36 354
14 37 805
14 38 241
14 39 306
14 40 757
14 41 193
14 42 258
14 43 709
14 44 241
14 45 306
14 46 757
14 47 289
14 48 354
14 49 805
14 50 457
15 0 730
15 1 309
15 2 456
15 3 460
15 4 408
15 5 499
15 6 547
15 7 234
15 8 473
15 9 287
15 10 235
15 11 335
15 12 347
15 13 196
15 14 369
15 15 0
15 16 309
15 17 530
15 18 222
15 19 161
15 20 404
15 21 473
15 22 104
15 23 521
15 24 508
15 25 222
15 26 412
15 27 265
15 28 213
15 29 447
15 30 356
15 31 404
15 32 610
15 33 159
15 34 484
15 35 562
15 36 111
15 37 436
15 38 514
15 39 63
15 40 388
15 41 562
15 42 111
15 43 436
15 44 610
15 45 159
15 46 484
15 47 658
15 48 207
15 49 532
15 50 730
16 0 913
16 1 0
16 2 639
16 3 643
16 4 495
16 5 682
16 6 460
16 7 543
16 8 578
16 9 470
16 10 226
16 11 230
16 12 530
16 13 187
16 14 456
16 15 309
16 16 0
16 17 221
16 18 405
16 19 344
16 20 587
16 21 560
16 22 413
16 23 678
16 24 499
16 25 213
16 26 595
16 27 352
16 28 396
16 29 534
16 30 443
16 31 395
16 32 793
16 33 342
16 34 589
16 35 745
16 36 294
16 37 541
16 38 697
16 39 246
16 40 493
16 41 649
16 42 198
16 43 445
16 44 601
16 45 150
16 46 397
16 47 553
16 48 102
16 49 349
16 50 913
17 0 1134
17 1 221
17 2 522
17 3 422
17 4 378
17 5 903
17 6 239
17 7 426
17 8 357
17 9 691
17 10 447
17 11 451
17 12 751
17 13 408
17 14 677
17 15 530
17 16 221
17 17 0
17 18 626
17 19 565
17 20 574
17 21 781
17 22 556
17 23 457
17 24 720
17 25 434
17 26 816
17 27 573
17 28 617
17 29 755
17 30 664
17 31 616
17 32 1014
17 33 563
17 34 368
17 35 966
17 36 515
17 37 320
17 38 918
17 39 467
17 40 272
17 41 870
17 42 419
17 43 224
17 44 822
17 45 371
17 46 176
17 47 774
17 48 323
17 49 128
17 50 1134
18 0 508
18 1 405
18 2 360
18 3 460
18 4 504
18 5 499
18 6 643
18 7 456
18 8 525
18 9 65
18 10 331
18 11 431
18 12 443
18 13 292
18 14 465
18 15 222
18 16 405
18 17 626
18 18 0
18 19 161
18 20 308
18 21 569
18 22 326
18 23 425
18 24 604
18 25 318
18 26 508
18 27 361
18 28 213
18 29 543
18 30 452
18 31 500
18 32 388
18 33 63
18 34 514
18 35 436
18 36 111
18 37 562
18 38 484
18 39 159
18 40 610
18 41 532
18 42 207
18 43 658
18 44 580
18 45 255
18 46 706
18 47 628
18 48 303
18 49 754
18 50 508
19 0 569
19 1 344
19 2 395
19 3 399
19 4 443
19 5 338
19 6 582
19 7 395
19 8 464
19 9 226
19 10 270
19 11 370
19 12 382
19 13 231
19 14 404
19 15 161
19 16 344
19 17 565
19 18 161
19 19 0
19 20 343
19 21 508
19 22 265
19 23 460
19 24 543
19 25 257
19 26 447
19 27 300
19 28 52
19 29 482
19 30 391
19 31 439
19 32 449
19 33 98
19 34 549
19 35 401
19 36 50
19 37 501
19 38 449
19 39 98
19 40 549
19 41 497
19 42 146
19 43 597
19 44 545
19 45 194
19 46 645
19 47 593
19 48 242
19 49 693
19 50 569
20 0 816
20 1 587
20 2 52
20 3 356
20 4 504
20 5 681
20 6 461
20 7 456
20 8 291
20 9 373
20 10 513
20 11 613
20 12 625
20 13 474
20 14 647
20 15 404
20 16 587
20 17 574
20 18 308
20 19 343
20 20 0
20 21 751
20 22 508
20 23 117
20 24 786
20 25 500
20 26 690
20 27 543
20 28 395
20 29 725
20 30 634
20 31 682
20 32 696
20 33 245
20 34 206
20 35 744
20 36 293
20 37 254
20 38 792
20 39 341
20 40 302
20 41 840
20 42 389
20 43 350
20 44 888
20 45 437
20 46 398
20 47 936
20 48 485
20 49 446
20 50 816
21 0 353
21 1 560
21 2 803
21 3 807
21 4 659
21 5 248
21 6 798
21 7 707
21 8 872
21 9 556
21 10 486
21 11 508
21 12 304
21 13 447
21 14 104
21 15 473
21 16 560
21 17 781
21 18 569
21 19 508
21 20 751
21 21 0
21 22 577
21 23 868
21 24 239
21 25 473
21 26 239
21 27 208
21 28 534
21 29 26
21 30 117
21 31 343
21 32 233
21 33 506
21 34 957
21 35 185
21 36 458
21 37 909
21 38 137
21 39 410
21 40 861
21 41 89
21 42 362
21 43 813
21 44 137
21 45 410
21 46 861
21 47 185
21 48 458
21 49 909
21 50 353
22 0 834
22 1 413
22 2 534
22 3 434
22 4 486
22 5 603
22 6 443
22 7 130
22 8 369
22 9 391
22 10 339
22 11 439
22 12 451
22 13 300
22 14 473
22 15 104
22 16 413
22 17 556
22 18 326
22 19 265
22 20 508
22 21 577
22 22 0
22 23 469
22 24 612
22 25 326
22 26 516
22 27 369
22 28 317
22 29 551
22 30 460
22 31 508
22 32 714
22 33 263
22 34 380
22 35 666
22 36 215
22 37 332
22 38 618
22 39 167
22 40 284
22 41 666
22 42 215
22 43 332
22 44 714
22 45 263
22 46 380
22 47 762
22 48 311
22 49 428
22 50 834
23 0 933
23 1 678
23 2 65
23 3 239
23 4 387
23 5 798
23 6 344
23 7 339
23 8 174
23 9 490
23 10 630
23 11 730
23 12 742
23 13 591
23 14 764
23 15 521
23 16 678
23 17 457
23 18 425
23 19 460
23 20 117
23 21 868
23 22 469
23 23 0
23 24 903
23 25 617
23 26 807
23 27 660
23 28 512
23 29 842
23 30 751
23 31 799
23 32 813
23 33 362
23 34 89
23 35 861
23 36 410
23 37 137
23 38 909
23 39 458
23 40 185
23 41 957
23 42 506
23 43 233
23 44 1005
23 45 554
23 46 281
23 47 1053
23 48 602
23 49 329
23 50 933
24 0 414
24 1 499
24 2 838
24 3 842
24 4 694
24 5 309
24 6 737
24 7 742
24 8 907
24 9 617
24 10 273
24 11 473
24 12 365
24 13 312
24 14 343
24 15 508
24 16 499
24 17 720
24 18 604
24 19 543
24 20 786
24 21 239
24 22 612
24 23 903
24 24 0
24 25 286
24 26 300
24 27 447
24 28 595
24 29 265
24 30 356
24 31 104
24 32 294
24 33 541
24 34 992
24 35 246
24 36 493
24 37 944
24 38 198
24 39 445
24 40 896
24 41 150
24 42 397
24 43 848
24 44 102
24 45 349
24 46 800
24 47 150
24 48 397
24 49 848
24 50 414
25 0 700
25 1 213
25 2 552
25 3 556
25 4 408
25 5 595
25 6 451
25 7 456
25 8 621
25 9 383
25 10 13
25 11 239
25 12 443
25 13 26
25 14 369
25 15 222
25 16 213
25 17 434
25 18 318
25 19 257
25 20 500
25 21 473
25 22 326
25 23 617
25 24 286
25 25 0
25 26 508
25 27 265
25 28 309
25 29 447
25 30 356
25 31 182
25 32 580
25 33 255
25 34 706
25 35 532
25 36 207
25 37 658
25 38 484
25 39 159
25 40 610
25 41 436
25 42 111
25 43 562
25 44 388
25 45 63
25 46 514
25 47 436
25 48 111
25 49 562
25 50 700
26 0 318
26 1 595
26 2 742
26 3 746
26 4 694
26 5 213
26 6 833
26 7 646
26 8 811
26 9 521
26 10 521
26 11 569
26 12 65
26 13 482
26 14 343
26 15 412
26 16 595
26 17 816
26 18 508
26 19 447
26 20 690
26 21 239
26 22 516
26 23 807
26 24 300
26 25 508
26 26 0
26 27 447
26 28 499
26 29 265
26 30 356
26 31 404
26 32 198
26 33 445
26 34 896
26 35 150
26 36 397
26 37 848
26 38 102
26 39 349
26 40 800
26 41 150
26 42 397
26 43 848
26 44 198
26 45 445
26 46 896
26 47 246
26 48 493
26 49 944
26 50 318
27 0 561
27 1 352
27 2 595
27 3 599
27 4 451
27 5 456
27 6 590
27 7 499
27 8 664
27 9 426
27 10 278
27 11 378
27 12 486
27 13 239
27 14 104
27 15 265
27 16 352
27 17 573
27 18 361
27 19 300
27 20 543
27 21 208
27 22 369
27 23 660
27 24 447
27 25 265
27 26 447
27 27 0
27 28 352
27 29 182
27 30 91
27 31 447
27 32 441
27 33 298
27 34 749
27 35 393
27 36 250
27 37 701
27 38 345
27 39 202
27 40 653
27 41 297
27 42 154
27 43 605
27 44 345
27 45 202
27 46 653
27 47 393
27 48 250
27 49 701
27 50 561
28 0 517
28 1 396
28 2 447
28 3 451
28 4 495
28 5 286
28 6 634
28 7 447
28 8 516
28 9 278
28 10 322
28 11 422
28 12 434
28 13 283
28 14 456
28 15 213
28 16 396
28 17 617
28 18 213
28 19 52
28 20 395
28 21 534
28 22 317
28 23 512
28 24 595
28 25 309
28 26 499
28 27 352
28 28 0
28 29 534
28 30 443
28 31 491
28 32 397
28 33 150
28 34 601
28 35 349
28 36 102
28 37 553
28 38 397
28 39 150
28 40 601
28 41 445
28 42 198
28 43 649
28 44 493
28 45 246
28 46 697
28 47 541
28 48 294
28 49 745
28 50 517
29 0 379
29 1 534
29 2 777
29 3 781
29 4 633
29 5 274
29 6 772
29 7 681
29 8 846
29 9 582
29 10 460
29 11 534
29 12 330
29 13 421
29 14 78
29 15 447
29 16 534
29 17 755
29 18 543
29 19 482
29 20 725
29 21 26
29 22 551
29 23 842
29 24 265
29 25 447
29 26 265
29 27 182
29 28 534
29 29 0
29 30 91
29 31 369
29 32 259
29 33 480
29 34 931
29 35 211
29 36 432
29 37 883
29 38 163
29 39 384
29 40 835
29 41 115
29 42 336
29 43 787
29 44 163
29 45 384
29 46 835
29 47 211
29 48 432
29 49 883
29 50 379
30 0 470
30 1 443
30 2 686
30 3 690
30 4 542
30 5 365
30 6 681
30 7 590
30 8 755
30 9 517
30 10 369
30 11 469
30 12 421
30 13 330
30 14 13
30 15 356
30 16 443
30 17 664
30 18 452
30 19 391
30 20 634
30 21 117
30 22 460
30 23 751
30 24 356
30 25 356
30 26 356
30 27 91
30 28 443
30 29 91
30 30 0
30 31 460
30 32 350
30 33 389
30 34 840
30 35 302
30 36 341
30 37 792
30 38 254
30 39 293
30 40 744
30 41 206
30 42 245
30 43 696
30 44 254
30 45 293
30 46 744
30 47 302
30 48 341
30 49 792
30 50 470
31 0 518
31 1 395
31 2 734
31 3 738
31 4 590
31 5 413
31 6 633
31 7 638
31 8 803
31 9 565
31 10 169
31 11 421
31 12 469
31 13 208
31 14 447
31 15 404
31 16 395
31 17 616
31 18 500
31 19 439
31 20 682
31 21 343
31 22 508
31 23 799
31 24 104
31 25 182
31 26 404
31 27 447
31 28 491
31 29 369
31 30 460
31 31 0
31 32 398
31 33 437
31 34 888
31 35 350
31 36 389
31 37 840
31 38 302
31 39 341
31 40 792
31 41 254
31 42 293
31 43 744
31 44 206
31 45 245
31 46 696
31 47 254
31 48 293
31 49 744
31 50 518
32 0 120
32 1 793
32 2 748
32 3 848
32 4 892
32 5 111
32 6 1031
32 7 844
32 8 913
32 9 323
32 10 567
32 11 563
32 12 263
32 13 606
32 14 337
32 15 610
32 16 793
32 17 1014
32 18 388
32 19 449
32 20 696
32 21 233
32 22 714
32 23 813
32 24 294
32 25 580
32 26 198
32 27 441
32 28 397
32 29 259
32 30 350
32 31 398
32 32 0
32 33 451
32 34 902
32 35 48
32 36 499
32 37 950
32 38 96
32 39 547
32 40 998
32 41 144
32 42 595
32 43 1046
32 44 192
32 45 643
32 46 1094
32 47 240
32 48 691
32 49 1142
32 50 120
33 0 571
33 1 342
33 2 297
33 3 397
33 4 441
33 5 436
33 6 580
33 7 393
33 8 462
33 9 128
33 10 268
33 11 368
33 12 380
33 13 229
33 14 402
33 15 159
33 16 342
33 17 563
33 18 63
33 19 98
33 20 245
33 21 506
33 22 263
33 23 362
33 24 541
33 25 255
33 26 445
33 27 298
33 28 150
33 29 480
33 30 389
33 31 437
33 32 451
33 33 0
33 34 451
33 35 499
33 36 48
33 37 499
33 38 547
33 39 96
33 40 547
33 41 595
33 42 144
33 43 595
33 44 643
33 45 192
33 46 643
33 47 691
33 48 240
33 49 691
33 50 571
34 0 1022
34 1 589
34 2 154
34 3 150
34 4 298
34 5 887
34 6 255
34 7 250
34 8 85
34 9 579
34 10 719
34 11 819
34 12 831
34 13 680
34 14 853
34 15 484
34 16 589
34 17 368
34 18 514
34 19 549
34 20 206
34 21 957
34 22 380
34 23 89
34 24 992
34 25 706
34 26 896
34 27 749
34 28 601
34 29 931
34 30 840
34 31 888
34 32 902
34 33 451
34 34 0
34 35 950
34 36 499
34 37 48
34 38 998
34 39 547
34 40 96
34 41 1046
34 42 595
34 43 144
34 44 1094
34 45 643
34 46 192
34 47 1142
34 48 691
34 49 240
34 50 1022
35 0 168
35 1 745
35 2 796
35 3 800
35 4 844
35 5 63
35 6 983
35 7 796
35 8 865
35 9 371
35 10 519
35 11 515
35 12 215
35 13 558
35 14 289
35 15 562
35 16 745
35 17 966
35 18 436
35 19 401
35 20 744
35 21 185
35 22 666
35 23 861
35 24 246
35 25 532
35 26 150
35 27 393
35 28 349
35 29 211
35 30 302
35 31 350
35 32 48
35 33 499
35 34 950
35 35 0
35 36 451
35 37 902
35 38 48
35 39 499
35 40 950
35 41 96
35 42 547
35 43 998
35 44 144
35 45 595
35 46 1046
35 47 192
35 48 643
35 49 1094
35 50 168
36 0 619
36 1 294
36 2 345
36 3 349
36 4 393
36 5 388
36 6 532
36 7 345
36 8 414
36 9 176
36 10 220
36 11 320
36 12 332
36 13 181
36 14 354
36 15 111
36 16 294
36 17 515
36 18 111
36 19 50
36 20 293
36 21 458
36 22 215
36 23 410
36 24 493
36 25 207
36 26 397
36 27 250
36 28 102
36 29 432
36 30 341
36 31 389
36 32 499
36 33 48
36 34 499
36 35 451
36 36 0
36 37 451
36 38 499
36 39 48
36 40 499
36 41 547
36 42 96
36 43 547
36 44 595
36 45 144
36 46 595
36 47 643
36 48 192
36 49 643
36 50 619
37 0 1070
37 1 541
37 2 202
37 3 102
37 4 250
37 5 839
37 6 207
37 7 202
37 8 37
37 9 627
37 10 671
37 11 771
37 12 783
37 13 632
37 14 805
37 15 436
37 16 541
37 17 320
37 18 562
37 19 501
37 20 254
37 21 909
37 22 332
37 23 137
37 24 944
37 25 658
37 26 848
37 27 701
37 28 553
37 29 883
37 30 792
37 31 840
37 32 950
37 33 499
37 34 48
37 35 902
37 36 451
37 37 0
37 38 950
37 39 499
37 40 48
37 41 998
37 42 547
37 43 96
37 44 1046
37 45 595
37 46 144
37 47 1094
37 48 643
37 49 192
37 50 1070
38 0 216
38 1 697
38 2 844
38 3 848
38 4 796
38 5 111
38 6 935
38 7 748
38 8 913
38 9 419
38 10 471
38 11 467
38 12 167
38 13 510
38 14 241
38 15 514
38 16 697
38 17 918
38 18 484
38 19 449
38 20 792
38 21 137
38 22 618
38 23 909
38 24 198
38 25 484
38 26 102
38 27 345
38 28 397
38 29 163
38 30 254
38 31 302
38 32 96
38 33 547
38 34 998
38 35 48
38 36 499
38 37 950
38 38 0
38 39 451
38 40 902
38 41 48
38 42 499
38 43 950
38 44 96
38 45 547
38 46 998
38 47 144
38 48 595
38 49 1046
38 50 216
39 0 667
39 1 246
39 2 393
39 3 397
39 4 345
39 5 436
39 6 484
39 7 297
39 8 462
39 9 224
39 10 172
39 11 272
39 12 284
39 13 133
39 14 306
39 15 63
39 16 246
39 17 467
39 18 159
39 19 98
39 20 341
39 21 410
39 22 167
39 23 458
39 24 445
39 25 159
39 26 349
39 27 202
39 28 150
39 29 384
39 30 293
39 31 341
39 32 547
39 33 96
39 34 547
39 35 499
39 36 48
39 37 499
39 38 451
39 39 0
39 40 451
39 41 499
39 42 48
39 43 499
39 44 547
39 45 96
39 46 547
39 47 595
39 48 144
39 49 595
39 50 667
40 0 1118
40 1 493
40 2 250
40 3 150
40 4 202
40 5 887
40 6 159
40 7 154
40 8 85
40 9 675
40 10 623
40 11 723
40 12 735
40 13 584
40 14 757
40 15 388
40 16 493
40 17 272
40 18 610
40 19 549
40 20 302
40 21 861
40 22 284
40 23 185
40 24 896
40 25 610
40 26 800
40 27 653
40 28 601
40 29 835
40 30 744
40 31 792
40 32 998
40 33 547
40 34 96
40 35 950
40 36 499
40 37 48
40 38 902
40 39 451
40 40 0
40 41 950
40 42 499
40 43 48
40 44 998
40 45 547
40 46 96
40 47 1046
40 48 595
40 49 144
40 50 1118
41 0 264
41 1 649
41 2 892
41 3 896
41 4 748
41 5 159
41 6 887
41 7 796
41 8 961
41 9 467
41 10 423
41 11 419
41 12 215
41 13 462
41 14 193
41 15 562
41 16 649
41 17 870
41 18 532
41 19 497
41 20 840
41 21 89
41 22 666
41 23 957
41 24 150
41 25 436
41 26 150
41 27 297
41 28 445
41 29 115
41 30 206
41 31 254
41 32 144
41 33 595
41 34 1046
41 35 96
41 36 547
41 37 998
41 38 48
41 39 499
41 40 950
41 41 0
41 42 451
41 43 902
41 44 48
41 45 499
41 46 950
41 47 96
41 48 547
41 49 998
41 50 264
42 0 715
42 1 198
42 2 441
42 3 445
42 4 297
42 5 484
42 6 436
42 7 345
42 8 510
42 9 272
42 10 124
42 11 224
42 12 332
42 13 85
42 14 258
42 15 111
42 16 198
42 17 419
42 18 207
42 19 146
42 20 389
42 21 362
42 22 215
42 23 506
42 24 397
42 25 111
42 26 397
42 27 154
42 28 198
42 29 336
42 30 245
42 31 293
42 32 595
42 33 144
42 34 595
42 35 547
42 36 96
42 37 547
42 38 499
42 39 48
42 40 499
42 41 451
42 42 0
42 43 451
42 44 499
42 45 48
42 46 499
42 47 547
42 48 96
42 49 547
42 50 715
43 0 1166
43 1 445
43 2 298
43 3 198
43 4 154
43 5 935
43 6 111
43 7 202
43 8 133
43 9 723
43 10 575
43 11 675
43 12 783
43 13 536
43 14 709
43 15 436
43 16 445
43 17 224
43 18 658
43 19 597
43 20 350
43 21 813
43 22 332
43 23 233
43 24 848
43 25 562
43 26 848
43 27 605
43 28 649
43 29 787
43 30 696
43 31 744
43 32 1046
43 33 595
43 34 144
43 35 998
43 36 547
43 37 96
43 38 950
43 39 499
43 40 48
43 41 902
43 42 451
43 43 0
43 44 950
43 45 499
43 46 48
43 47 998
43 48 547
43 49 96
43 50 1166
44 0 312
44 1 601
44 2 940
44 3 944
44 4 796
44 5 207
44 6 839
44 7 844
44 8 1009
44 9 515
44 10 375
44 11 371
44 12 263
44 13 414
44 14 241
44 15 610
44 16 601
44 17 822
44 18 580
44 19 545
44 20 888
44 21 137
44 22 714
44 23 1005
44 24 102
44 25 388
44 26 198
44 27 345
44 28 493
44 29 163
44 30 254
44 31 206
44 32 192
44 33 643
44 34 1094
44 35 144
44 36 595
44 37 1046
44 38 96
44 39 547
44 40 998
44 41 48
44 42 499
44 43 950
44 44 0
44 45 451
44 46 902
44 47 48
44 48 499
44 49 950
44 50 312
45 0 763
45 1 150
45 2 489
45 3 493
45 4 345
45 5 532
45 6 388
45 7 393
45 8 558
45 9 320
45 10 76
45 11 176
45 12 380
45 13 37
45 14 306
45 15 159
45 16 150
45 17 371
45 18 255
45 19 194
45 20 437
45 21 410
45 22 263
45 23 554
45 24 349
45 25 63
45 26 445
45 27 202
45 28 246
45 29 384
45 30 293
45 31 245
45 32 643
45 33 192
45 34 643
45 35 595
45 36 144
45 37 595
45 38 547
45 39 96
45 40 547
45 41 499
45 42 48
45 43 499
45 44 451
45 45 0
45 46 451
45 47 499
45 48 48
45 49 499
45 50 763
46 0 1214
46 1 397
46 2 346
46 3 246
46 4 202
46 5 983
46 6 63
46 7 250
46 8 181
46 9 771
46 10 527
46 11 627
46 12 831
46 13 488
46 14 757
46 15 484
46 16 397
46 17 176
46 18 706
46 19 645
46 20 398
46 21 861
46 22 380
46 23 281
46 24 800
46 25 514
46 26 896
46 27 653
46 28 697
46 29 835
46 30 744
46 31 696
46 32 1094
46 33 643
46 34 192
46 35 1046
46 36 595
46 37 144
46 38 998
46 39 547
46 40 96
46 41 950
46 42 499
46 43 48
46 44 902
46 45 451
46 46 0
46 47 950
46 48 499
46 49 48
46 50 1214
47 0 360
47 1 553
47 2 988
47 3 992
47 4 844
47 5 255
47 6 887
47 7 892
47 8 1057
47 9 563
47 10 423
47 11 323
47 12 311
47 13 462
47 14 289
47 15 658
47 16 553
47 17 774
47 18 628
47 19 593
47 20 936
47 21 185
47 22 762
47 23 1053
47 24 150
47 25 436
47 26 246
47 27 393
47 28 541
47 29 211
47 30 302
47 31 254
47 32 240
47 33 691
47 34 1142
47 35 192
47 36 643
47 37 1094
47 38 144
47 39 595
47 40 1046
47 41 96
47 42 547
47 43 998
47 44 48
47 45 499
47 46 950
47 47 0
47 48 451
47 49 902
47 50 360
48 0 811
48 1 102
48 2 537
48 3 541
48 4 393
48 5 580
48 6 436
48 7 441
48 8 606
48 9 368
48 10 124
48 11 128
48 12 428
48 13 85
48 14 354
48 15 207
48 16 102
48 17 323
48 18 303
48 19 242
48 20 485
48 21 458
48 22 311
48 23 602
48 24 397
48 25 111
48 26 493
48 27 250
48 28 294
48 29 432
48 30 341
48 31 293
48 32 691
48 33 240
48 34 691
48 35 643
48 36 192
48 37 643
48 38 595
48 39 144
48 40 595
48 41 547
48 42 96
48 43 547
48 44 499
48 45 48
48 46 499
48 47 451
48 48 0
48 49 451
48 50 811
49 0 1262
49 1 349
49 2 394
49 3 294
49 4 250
49 5 1031
49 6 111
49 7 298
49 8 229
49 9 819
49 10 575
49 11 579
49 12 879
49 13 536
49 14 805
49 15 532
49 16 349
49 17 128
49 18 754
49 19 693
49 20 446
49 21 909
49 22 428
49 23 329
49 24 848
49 25 562
49 26 944
49 27 701
49 28 745
49 29 883
49 30 792
49 31 744
49 32 1142
49 33 691
49 34 240
49 35 1094
49 36 643
49 37 192
49 38 1046
49 39 595
49 40 144
49 41 998
49 42 547
49 43 96
49 44 950
49 45 499
49 46 48
49 47 902
49 48 451
49 49 0
49 50 1262
50 0 0
50 1 913
50 2 868
50 3 968
50 4 1012
50 5 231
50 6 1151
50 7 964
50 8 1033
50 9 443
50 10 687
50 11 683
50 12 383
50 13 726
50 14 457
50 15 730
50 16 913
50 17 1134
50 18 508
50 19 569
50 20 816
50 21 353
50 22 834
50 23 933
50 24 414
50 25 700
50 26 318
50 27 561
50 28 517
50 29 379
50 30 470
50 31 518
50 32 120
50 33 571
50 34 1022
50 35 168
50 36 619
50 37 1070
50 38 216
50 39 667
50 40 1118
50 41 264
50 42 715
50 43 1166
50 44 312
50 45 763
50 46 1214
50 47 360
50 48 811
50 49 1262
50 50 0
//Location coordinates LocationName
//Loc x y
0 0.0 0.0 "depot"
1 240.0 673.0 "product aisle 5 bloc 1 rank 12"
2 0.0 868.0 "product aisle 0 bloc 1 rank 41"
3 48.0 920.0 "product aisle 1 bloc 1 rank 49"
4 144.0 868.0 "product aisle 3 bloc 1 rank 41"
5 48.0 183.0 "product aisle 1 bloc 0 rank 6"
6 192.0 959.0 "product aisle 4 bloc 1 rank 55"
7 96.0 868.0 "product aisle 2 bloc 1 rank 42"
8 48.0 985.0 "product aisle 1 bloc 1 rank 59"
9 0.0 443.0 "product aisle 0 bloc 0 rank 46"
10 192.0 495.0 "product aisle 4 bloc 0 rank 54"
11 240.0 443.0 "product aisle 5 bloc 0 rank 46"
12 96.0 287.0 "product aisle 2 bloc 0 rank 21"
13 192.0 534.0 "product aisle 4 bloc 0 rank 60"
14 144.0 313.0 "product aisle 3 bloc 0 rank 25"
15 96.0 634.0 "product aisle 2 bloc 1 rank 5"
16 240.0 673.0 "product aisle 5 bloc 1 rank 11"
17 240.0 894.0 "product aisle 5 bloc 1 rank 46"
18 0.0 508.0 "product aisle 0 bloc 0 rank 56"
19 48.0 521.0 "product aisle 1 bloc 0 rank 58"
20 0.0 816.0 "product aisle 0 bloc 1 rank 33"
21 144.0 209.0 "product aisle 3 bloc 0 rank 9"
22 96.0 738.0 "product aisle 2 bloc 1 rank 21"
23 0.0 933.0 "product aisle 0 bloc 1 rank 51"
24 192.0 222.0 "product aisle 4 bloc 0 rank 11"
25 192.0 508.0 "product aisle 4 bloc 0 rank 56"
26 96.0 222.0 "product aisle 2 bloc 0 rank 12"
27 144.0 417.0 "product aisle 3 bloc 0 rank 42"
28 48.0 469.0 "product aisle 1 bloc 0 rank 50"
29 144.0 235.0 "product aisle 3 bloc 0 rank 14"
30 144.0 326.0 "product aisle 3 bloc 0 rank 27"
31 192.0 326.0 "product aisle 4 bloc 0 rank 27"
32 24.0 120.0 "intersection aisle 0 bloc 0 rank 0"
33 24.0 571.0 "intersection aisle 0 bloc 1 rank 1"
34 24.0 1022.0 "intersection aisle 0 bloc 2 rank 2"
35 72.0 120.0 "intersection aisle 1 bloc 0 rank 0"
36 72.0 571.0 "intersection aisle 1 bloc 1 rank 1"
37 72.0 1022.0 "intersection aisle 1 bloc 2 rank 2"
38 120.0 120.0 "intersection aisle 2 bloc 0 rank 0"
39 120.0 571.0 "intersection aisle 2 bloc 1 rank 1"
40 120.0 1022.0 "intersection aisle 2 bloc 2 rank 2"
41 168.0 120.0 "intersection aisle 3 bloc 0 rank 0"
42 168.0 571.0 "intersection aisle 3 bloc 1 rank 1"
43 168.0 1022.0 "intersection aisle 3 bloc 2 rank 2"
44 216.0 120.0 "intersection aisle 4 bloc 0 rank 0"
45 216.0 571.0 "intersection aisle 4 bloc 1 rank 1"
46 216.0 1022.0 "intersection aisle 4 bloc 2 rank 2"
47 264.0 120.0 "intersection aisle 5 bloc 0 rank 0"
48 264.0 571.0 "intersection aisle 5 bloc 1 rank 1"
49 264.0 1022.0 "intersection aisle 5 bloc 2 rank 2"
50 0.0 0.0 "depot"
