//alpha
1
//NbLocations
79
//NbProducts
24
//NbPickers
2
//CapaPicker
12
//TimeToTravelOneDistanceUnit
3
//SetupTime
5400
//PickTime
300
//Products
//Idx Location Size
1 1 1
2 2 1
3 3 1
4 4 1
5 5 1
6 6 1
7 7 1
8 8 1
9 9 1
10 10 1
11 11 1
12 12 1
13 13 1
14 14 1
15 15 1
16 16 1
17 17 1
18 18 1
19 19 1
20 20 1
21 21 1
22 22 1
23 23 1
24 24 1
//Orders
//NbOrders
12
//Idx DueDate TardinessPenalty NbProdInOrder ProdIdx1 Qty1 ProdIdx2 Qty2 ...
1 126000 0 1 1 1
2 108000 0 2 2 1 3 1
3 54000 0 1 4 1
4 72000 0 1 5 1
5 90000 0 2 6 1 7 1
6 90000 0 1 8 1
7 108000 0 1 9 1
8 54000 0 9 10 1 11 1 12 1 13 1 14 1 15 1 16 1 17 1 18 1
9 72000 0 2 19 1 20 1
10 126000 0 1 21 1
11 72000 0 1 22 1
12 144000 0 2 23 1 24 1
//Graph (Products are vertices indexed from 1 to NbProducts)
//NbVerticesIntersections
54
//DepartingDepot
0
//ArrivalDepot
79
//Arcs
//Start End Distance
0 25 120
1 58 1025
1 59 206
2 28 1181
2 29 50
3 6 312
3 26 557
4 71 1090
4 72 141
5 62 76
5 63 1155
6 3 312
6 25 362
7 68 440
7 69 791
8 22 624
8 44 245
9 46 1077
9 47 154
10 41 908
10 42 323
11 55 596
11 56 635
12 20 377
12 49 583
13 50 791
13 51 440
14 52 206
14 53 1025
15 61 856
15 62 375
16 70 154
16 71 1077
17 19 65
17 32 492
18 35 102
18 36 1129
19 17 65
19 31 674
20 12 377
20 50 271
21 59 635
21 60 596
22 8 624
22 45 362
23 67 622
23 68 609
24 77 999
24 78 232
25 6 362
25 28 48
25 79 120
26 3 557
26 27 1231
26 29 48
27 26 1231
27 30 48
28 2 1181
28 25 48
28 31 48
29 2 50
29 26 48
29 30 1231
29 32 48
30 27 48
30 29 1231
30 33 48
31 19 674
31 28 48
31 34 48
32 17 492
32 29 48
32 33 1231
32 35 48
33 30 48
33 32 1231
33 36 48
34 31 48
34 35 1231
34 37 48
35 18 102
35 32 48
35 34 1231
35 38 48
36 18 1129
36 33 48
36 39 48
37 34 48
37 38 1231
37 40 48
38 35 48
38 37 1231
38 39 1231
38 41 48
39 36 48
39 38 1231
39 42 48
40 37 48
40 41 1231
40 43 48
41 10 908
41 38 48
41 40 1231
41 44 48
42 10 323
42 39 48
42 45 48
43 40 48
43 44 1231
43 46 48
44 8 245
44 41 48
44 43 1231
44 47 48
45 22 362
45 42 48
45 48 48
46 9 1077
46 43 48
46 49 48
47 9 154
47 44 48
47 48 1231
47 50 48
48 45 48
48 47 1231
48 51 48
49 12 583
49 46 48
49 52 48
50 13 791
50 20 271
50 47 48
50 53 48
51 13 440
51 48 48
51 54 48
52 14 206
52 49 48
52 55 48
53 14 1025
53 50 48
53 54 1231
53 56 48
54 51 48
54 53 1231
54 57 48
55 11 596
55 52 48
55 58 48
56 11 635
56 53 48
56 57 1231
56 59 48
57 54 48
57 56 1231
57 60 48
58 1 1025
58 55 48
58 61 48
59 1 206
59 21 635
59 56 48
59 62 48
60 21 596
60 57 48
60 63 48
61 15 856
61 58 48
61 64 48
62 5 76
62 15 375
62 59 48
62 65 48
63 5 1155
63 60 48
63 66 48
64 61 48
64 65 1231
64 67 48
65 62 48
65 64 1231
65 66 1231
65 68 48
66 63 48
66 65 1231
66 69 48
67 23 622
67 64 48
67 70 48
68 7 440
68 23 609
68 65 48
68 71 48
69 7 791
69 66 48
69 72 48
70 16 154
70 67 48
70 73 48
71 4 1090
71 16 1077
71 68 48
71 74 48
72 4 141
72 69 48
72 75 48
73 70 48
73 74 1231
73 76 48
74 71 48
74 73 1231
74 75 1231
74 77 48
75 72 48
75 74 1231
75 78 48
76 73 48
76 77 1231
77 24 999
77 74 48
77 76 1231
78 24 232
78 75 48
//LocStart LocEnd ShortestPath
0 0 0
0 1 1673
0 2 1349
0 3 794
0 4 3161
0 5 2003
0 6 482
0 7 2463
0 8 1884
0 9 1533
0 10 2499
0 11 1196
0 12 1087
0 13 2526
0 14 758
0 15 1552
0 16 994
0 17 955
0 18 1597
0 19 890
0 20 1464
0 21 2514
0 22 2508
0 23 1414
0 24 3166
0 25 120
0 26 1351
0 27 2582
0 28 168
0 29 1399
0 30 2630
0 31 216
0 32 1447
0 33 2678
0 34 264
0 35 1495
0 36 2726
0 37 312
0 38 1543
0 39 2774
0 40 360
0 41 1591
0 42 2822
0 43 408
0 44 1639
0 45 2870
0 46 456
0 47 1687
0 48 2918
0 49 504
0 50 1735
0 51 2966
0 52 552
0 53 1783
0 54 3014
0 55 600
0 56 1831
0 57 3062
0 58 648
0 59 1879
0 60 3110
0 61 696
0 62 1927
0 63 3158
0 64 744
0 65 1975
0 66 3206
0 67 792
0 68 2023
0 69 3254
0 70 840
0 71 2071
0 72 3302
0 73 888
0 74 2119
0 75 3350
0 76 936
0 77 2167
0 78 3398
0 79 0
1 0 1673
1 1 0
1 2 736
1 3 1291
1 4 1488
1 5 330
1 6 1603
1 7 790
1 8 691
1 9 552
1 10 1402
1 11 889
1 12 998
1 13 1141
1 14 1327
1 15 629
1 16 1371
1 17 1130
1 18 692
1 19 1195
1 20 621
1 21 841
1 22 1315
1 23 959
1 24 1493
1 25 1553
1 26 734
1 27 1965
1 28 1505
1 29 686
1 30 1917
1 31 1457
1 32 638
1 33 1869
1 34 1409
1 35 590
1 36 1821
1 37 1361
1 38 542
1 39 1773
1 40 1313
1 41 494
1 42 1725
1 43 1265
1 44 446
1 45 1677
1 46 1217
1 47 398
1 48 1629
1 49 1169
1 50 350
1 51 1581
1 52 1121
1 53 302
1 54 1533
1 55 1073
1 56 254
1 57 1485
1 58 1025
1 59 206
1 60 1437
1 61 1073
1 62 254
1 63 1485
1 64 1121
1 65 302
1 66 1533
1 67 1169
1 68 350
1 69 1581
1 70 1217
1 71 398
1 72 1629
1 73 1265
1 74 446
1 75 1677
1 76 1313
1 77 494
1 78 1725
1 79 1673
2 0 1349
2 1 736
2 2 0
2 3 655
2 4 1812
2 5 654
2 6 967
2 7 1114
2 8 535
2 9 492
2 10 1150
2 11 1117
2 12 1034
2 13 1177
2 14 1459
2 15 953
2 16 1799
2 17 590
2 18 248
2 19 655
2 20 657
2 21 1165
2 22 1159
2 23 1283
2 24 1817
2 25 1229
2 26 98
2 27 1329
2 28 1181
2 29 50
2 30 1281
2 31 1229
2 32 98
2 33 1329
2 34 1277
2 35 146
2 36 1377
2 37 1325
2 38 194
2 39 1425
2 40 1373
2 41 242
2 42 1473
2 43 1421
2 44 290
2 45 1521
2 46 1469
2 47 338
2 48 1569
2 49 1517
2 50 386
2 51 1617
2 52 1565
2 53 434
2 54 1665
2 55 1613
2 56 482
2 57 1713
2 58 1661
2 59 530
2 60 1761
2 61 1709
2 62 578
2 63 1809
2 64 1757
2 65 626
2 66 1857
2 67 1805
2 68 674
2 69 1905
2 70 1853
2 71 722
2 72 1953
2 73 1901
2 74 770
2 75 2001
2 76 1949
2 77 818
2 78 2049
2 79 1349
3 0 794
3 1 1291
3 2 655
3 3 0
3 4 2367
3 5 1209
3 6 312
3 7 1669
3 8 1090
3 9 1047
3 10 1705
3 11 1672
3 12 1589
3 13 1732
3 14 1312
3 15 1508
3 16 1548
3 17 1145
3 18 803
3 19 1210
3 20 1212
3 21 1720
3 22 1714
3 23 1838
3 24 2372
3 25 674
3 26 557
3 27 1788
3 28 722
3 29 605
3 30 1836
3 31 770
3 32 653
3 33 1884
3 34 818
3 35 701
3 36 1932
3 37 866
3 38 749
3 39 1980
3 40 914
3 41 797
3 42 2028
3 43 962
3 44 845
3 45 2076
3 46 1010
3 47 893
3 48 2124
3 49 1058
3 50 941
3 51 2172
3 52 1106
3 53 989
3 54 2220
3 55 1154
3 56 1037
3 57 2268
3 58 1202
3 59 1085
3 60 2316
3 61 1250
3 62 1133
3 63 2364
3 64 1298
3 65 1181
3 66 2412
3 67 1346
3 68 1229
3 69 2460
3 70 1394
3 71 1277
3 72 2508
3 73 1442
3 74 1325
3 75 2556
3 76 1490
3 77 1373
3 78 2604
3 79 794
4 0 3161
4 1 1488
4 2 1812
4 3 2367
4 4 0
4 5 1310
4 6 2679
4 7 980
4 8 1559
4 9 1628
4 10 944
4 11 1965
4 12 2074
4 13 917
4 14 2403
4 15 1609
4 16 2167
4 17 2206
4 18 1768
4 19 2271
4 20 1697
4 21 929
4 22 935
4 23 1747
4 24 469
4 25 3041
4 26 1810
4 27 861
4 28 2993
4 29 1762
4 30 813
4 31 2945
4 32 1714
4 33 765
4 34 2897
4 35 1666
4 36 717
4 37 2849
4 38 1618
4 39 669
4 40 2801
4 41 1570
4 42 621
4 43 2753
4 44 1522
4 45 573
4 46 2705
4 47 1474
4 48 525
4 49 2657
4 50 1426
4 51 477
4 52 2609
4 53 1378
4 54 429
4 55 2561
4 56 1330
4 57 381
4 58 2513
4 59 1282
4 60 333
4 61 2465
4 62 1234
4 63 285
4 64 2417
4 65 1186
4 66 237
4 67 2369
4 68 1138
4 69 189
4 70 2321
4 71 1090
4 72 141
4 73 2369
4 74 1138
4 75 189
4 76 2417
4 77 1186
4 78 237
4 79 3161
5 0 2003
5 1 330
5 2 654
5 3 1209
5 4 1310
5 5 0
5 6 1521
5 7 612
5 8 609
5 9 470
5 10 1320
5 11 807
5 12 916
5 13 1059
5 14 1245
5 15 451
5 16 1297
5 17 1048
5 18 610
5 19 1113
5 20 539
5 21 759
5 22 1233
5 23 781
5 24 1315
5 25 1883
5 26 652
5 27 1731
5 28 1835
5 29 604
5 30 1683
5 31 1787
5 32 556
5 33 1635
5 34 1739
5 35 508
5 36 1587
5 37 1691
5 38 460
5 39 1539
5 40 1643
5 41 412
5 42 1491
5 43 1595
5 44 364
5 45 1443
5 46 1547
5 47 316
5 48 1395
5 49 1499
5 50 268
5 51 1347
5 52 1451
5 53 220
5 54 1299
5 55 1403
5 56 172
5 57 1251
5 58 1355
5 59 124
5 60 1203
5 61 1307
5 62 76
5 63 1155
5 64 1355
5 65 124
5 66 1203
5 67 1403
5 68 172
5 69 1251
5 70 1451
5 71 220
5 72 1299
5 73 1499
5 74 268
5 75 1347
5 76 1547
5 77 316
5 78 1395
5 79 2003
6 0 482
6 1 1603
6 2 967
6 3 312
6 4 2679
6 5 1521
6 6 0
6 7 1981
6 8 1402
6 9 1359
6 10 2017
6 11 1438
6 12 1329
6 13 2044
6 14 1000
6 15 1794
6 16 1236
6 17 1197
6 18 1115
6 19 1132
6 20 1524
6 21 2032
6 22 2026
6 23 1656
6 24 2684
6 25 362
6 26 869
6 27 2100
6 28 410
6 29 917
6 30 2148
6 31 458
6 32 965
6 33 2196
6 34 506
6 35 1013
6 36 2244
6 37 554
6 38 1061
6 39 2292
6 40 602
6 41 1109
6 42 2340
6 43 650
6 44 1157
6 45 2388
6 46 698
6 47 1205
6 48 2436
6 49 746
6 50 1253
6 51 2484
6 52 794
6 53 1301
6 54 2532
6 55 842
6 56 1349
6 57 2580
6 58 890
6 59 1397
6 60 2628
6 61 938
6 62 1445
6 63 2676
6 64 986
6 65 1493
6 66 2724
6 67 1034
6 68 1541
6 69 2772
6 70 1082
6 71 1589
6 72 2820
6 73 1130
6 74 1637
6 75 2868
6 76 1178
6 77 1685
6 78 2916
6 79 482
7 0 2463
7 1 790
7 2 1114
7 3 1669
7 4 980
7 5 612
7 6 1981
7 7 0
7 8 1069
7 9 930
7 10 1546
7 11 1267
7 12 1376
7 13 1519
7 14 1705
7 15 911
7 16 1565
7 17 1508
7 18 1070
7 19 1573
7 20 999
7 21 1219
7 22 1537
7 23 1049
7 24 1167
7 25 2343
7 26 1112
7 27 1463
7 28 2295
7 29 1064
7 30 1415
7 31 2247
7 32 1016
7 33 1367
7 34 2199
7 35 968
7 36 1319
7 37 2151
7 38 920
7 39 1271
7 40 2103
7 41 872
7 42 1223
7 43 2055
7 44 824
7 45 1175
7 46 2007
7 47 776
7 48 1127
7 49 1959
7 50 728
7 51 1079
7 52 1911
7 53 680
7 54 1031
7 55 1863
7 56 632
7 57 983
7 58 1815
7 59 584
7 60 935
7 61 1767
7 62 536
7 63 887
7 64 1719
7 65 488
7 66 839
7 67 1671
7 68 440
7 69 791
7 70 1719
7 71 488
7 72 839
7 73 1767
7 74 536
7 75 887
7 76 1815
7 77 584
7 78 935
7 79 2463
8 0 1884
8 1 691
8 2 535
8 3 1090
8 4 1559
8 5 609
8 6 1402
8 7 1069
8 8 0
8 9 447
8 10 1201
8 11 1072
8 12 989
8 13 1132
8 14 1414
8 15 908
8 16 1754
8 17 929
8 18 491
8 19 994
8 20 612
8 21 1120
8 22 624
8 23 1238
8 24 1746
8 25 1764
8 26 533
8 27 1274
8 28 1716
8 29 485
8 30 1226
8 31 1668
8 32 437
8 33 1178
8 34 1620
8 35 389
8 36 1130
8 37 1572
8 38 341
8 39 1082
8 40 1524
8 41 293
8 42 1034
8 43 1476
8 44 245
8 45 986
8 46 1524
8 47 293
8 48 1034
8 49 1572
8 50 341
8 51 1082
8 52 1620
8 53 389
8 54 1130
8 55 1668
8 56 437
8 57 1178
8 58 1716
8 59 485
8 60 1226
8 61 1764
8 62 533
8 63 1274
8 64 1812
8 65 581
8 66 1322
8 67 1860
8 68 629
8 69 1370
8 70 1908
8 71 677
8 72 1418
8 73 1956
8 74 725
8 75 1466
8 76 2004
8 77 773
8 78 1514
8 79 1884
9 0 1533
9 1 552
9 2 492
9 3 1047
9 4 1628
9 5 470
9 6 1359
9 7 930
9 8 447
9 9 0
9 10 1158
9 11 933
9 12 850
9 13 993
9 14 1275
9 15 769
9 16 1615
9 17 886
9 18 448
9 19 951
9 20 473
9 21 981
9 22 1071
9 23 1099
9 24 1633
9 25 1413
9 26 490
9 27 1721
9 28 1365
9 29 442
9 30 1673
9 31 1317
9 32 394
9 33 1625
9 34 1269
9 35 346
9 36 1577
9 37 1221
9 38 298
9 39 1529
9 40 1173
9 41 250
9 42 1481
9 43 1125
9 44 202
9 45 1433
9 46 1077
9 47 154
9 48 1385
9 49 1125
9 50 202
9 51 1433
9 52 1173
9 53 250
9 54 1481
9 55 1221
9 56 298
9 57 1529
9 58 1269
9 59 346
9 60 1577
9 61 1317
9 62 394
9 63 1625
9 64 1365
9 65 442
9 66 1673
9 67 1413
9 68 490
9 69 1721
9 70 1461
9 71 538
9 72 1769
9 73 1509
9 74 586
9 75 1817
9 76 1557
9 77 634
9 78 1865
9 79 1533
10 0 2499
10 1 1402
10 2 1150
10 3 1705
10 4 944
10 5 1320
10 6 2017
10 7 1546
10 8 1201
10 9 1158
10 10 0
10 11 1783
10 12 1700
10 13 907
10 14 2125
10 15 1619
10 16 2465
10 17 1544
10 18 1106
10 19 1609
10 20 1323
10 21 1207
10 22 733
10 23 1949
10 24 1131
10 25 2379
10 26 1148
10 27 563
10 28 2331
10 29 1100
10 30 515
10 31 2283
10 32 1052
10 33 467
10 34 2235
10 35 1004
10 36 419
10 37 2187
10 38 956
10 39 371
10 40 2139
10 41 908
10 42 323
10 43 2187
10 44 956
10 45 371
10 46 2235
10 47 1004
10 48 419
10 49 2283
10 50 1052
10 51 467
10 52 2331
10 53 1100
10 54 515
10 55 2379
10 56 1148
10 57 563
10 58 2427
10 59 1196
10 60 611
10 61 2475
10 62 1244
10 63 659
10 64 2523
10 65 1292
10 66 707
10 67 2571
10 68 1340
10 69 755
10 70 2619
10 71 1388
10 72 803
10 73 2667
10 74 1436
10 75 851
10 76 2715
10 77 1484
10 78 899
10 79 2499
11 0 1196
11 1 889
11 2 1117
11 3 1672
11 4 1965
11 5 807
11 6 1438
11 7 1267
11 8 1072
11 9 933
11 10 1783
11 11 0
11 12 1275
11 13 1522
11 14 850
11 15 1106
11 16 990
11 17 1511
11 18 1073
11 19 1576
11 20 1002
11 21 1318
11 22 1696
11 23 1410
11 24 1970
11 25 1076
11 26 1115
11 27 2346
11 28 1028
11 29 1067
11 30 2298
11 31 980
11 32 1019
11 33 2250
11 34 932
11 35 971
11 36 2202
11 37 884
11 38 923
11 39 2154
11 40 836
11 41 875
11 42 2106
11 43 788
11 44 827
11 45 2058
11 46 740
11 47 779
11 48 2010
11 49 692
11 50 731
11 51 1962
11 52 644
11 53 683
11 54 1914
11 55 596
11 56 635
11 57 1866
11 58 644
11 59 683
11 60 1914
11 61 692
11 62 731
11 63 1962
11 64 740
11 65 779
11 66 2010
11 67 788
11 68 827
11 69 2058
11 70 836
11 71 875
11 72 2106
11 73 884
11 74 923
11 75 2154
11 76 932
11 77 971
11 78 2202
11 79 1196
12 0 1087
12 1 998
12 2 1034
12 3 1589
12 4 2074
12 5 916
12 6 1329
12 7 1376
12 8 989
12 9 850
12 10 1700
12 11 1275
12 12 0
12 13 1439
12 14 837
12 15 1215
12 16 1073
12 17 1428
12 18 990
12 19 1493
12 20 377
12 21 1427
12 22 1613
12 23 1493
12 24 2079
12 25 967
12 26 1032
12 27 2263
12 28 919
12 29 984
12 30 2215
12 31 871
12 32 936
12 33 2167
12 34 823
12 35 888
12 36 2119
12 37 775
12 38 840
12 39 2071
12 40 727
12 41 792
12 42 2023
12 43 679
12 44 744
12 45 1975
12 46 631
12 47 696
12 48 1927
12 49 583
12 50 648
12 51 1879
12 52 631
12 53 696
12 54 1927
12 55 679
12 56 744
12 57 1975
12 58 727
12 59 792
12 60 2023
12 61 775
12 62 840
12 63 2071
12 64 823
12 65 888
12 66 2119
12 67 871
12 68 936
12 69 2167
12 70 919
12 71 984
12 72 2215
12 73 967
12 74 1032
12 75 2263
12 76 1015
12 77 1080
12 78 2311
12 79 1087
13 0 2526
13 1 1141
13 2 1177
13 3 1732
13 4 917
13 5 1059
13 6 2044
13 7 1519
13 8 1132
13 9 993
13 10 907
13 11 1522
13 12 1439
13 13 0
13 14 1864
13 15 1358
13 16 2204
13 17 1571
13 18 1133
13 19 1636
13 20 1062
13 21 1180
13 22 898
13 23 1688
13 24 1104
13 25 2406
13 26 1175
13 27 824
13 28 2358
13 29 1127
13 30 776
13 31 2310
13 32 1079
13 33 728
13 34 2262
13 35 1031
13 36 680
13 37 2214
13 38 983
13 39 632
13 40 2166
13 41 935
13 42 584
13 43 2118
13 44 887
13 45 536
13 46 2070
13 47 839
13 48 488
13 49 2022
13 50 791
13 51 440
13 52 2070
13 53 839
13 54 488
13 55 2118
13 56 887
13 57 536
13 58 2166
13 59 935
13 60 584
13 61 2214
13 62 983
13 63 632
13 64 2262
13 65 1031
13 66 680
13 67 2310
13 68 1079
13 69 728
13 70 2358
13 71 1127
13 72 776
13 73 2406
13 74 1175
13 75 824
13 76 2454
13 77 1223
13 78 872
13 79 2526
14 0 758
14 1 1327
14 2 1459
14 3 1312
14 4 2403
14 5 1245
14 6 1000
14 7 1705
14 8 1414
14 9 1275
14 10 2125
14 11 850
14 12 837
14 13 1864
14 14 0
14 15 1206
14 16 648
14 17 1281
14 18 1415
14 19 1216
14 20 1214
14 21 1756
14 22 2038
14 23 1068
14 24 2408
14 25 638
14 26 1457
14 27 2688
14 28 590
14 29 1409
14 30 2640
14 31 542
14 32 1361
14 33 2592
14 34 494
14 35 1313
14 36 2544
14 37 446
14 38 1265
14 39 2496
14 40 398
14 41 1217
14 42 2448
14 43 350
14 44 1169
14 45 2400
14 46 302
14 47 1121
14 48 2352
14 49 254
14 50 1073
14 51 2304
14 52 206
14 53 1025
14 54 2256
14 55 254
14 56 1073
14 57 2304
14 58 302
14 59 1121
14 60 2352
14 61 350
14 62 1169
14 63 2400
14 64 398
14 65 1217
14 66 2448
14 67 446
14 68 1265
14 69 2496
14 70 494
14 71 1313
14 72 2544
14 73 542
14 74 1361
14 75 2592
14 76 590
14 77 1409
14 78 2640
14 79 758
15 0 1552
15 1 629
15 2 953
15 3 1508
15 4 1609
15 5 451
15 6 1794
15 7 911
15 8 908
15 9 769
15 10 1619
15 11 1106
15 12 1215
15 13 1358
15 14 1206
15 15 0
15 16 1154
15 17 1347
15 18 909
15 19 1412
15 20 838
15 21 1058
15 22 1532
15 23 1080
15 24 1614
15 25 1432
15 26 951
15 27 2182
15 28 1384
15 29 903
15 30 2134
15 31 1336
15 32 855
15 33 2086
15 34 1288
15 35 807
15 36 2038
15 37 1240
15 38 759
15 39 1990
15 40 1192
15 41 711
15 42 1942
15 43 1144
15 44 663
15 45 1894
15 46 1096
15 47 615
15 48 1846
15 49 1048
15 50 567
15 51 1798
15 52 1000
15 53 519
15 54 1750
15 55 952
15 56 471
15 57 1702
15 58 904
15 59 423
15 60 1654
15 61 856
15 62 375
15 63 1606
15 64 904
15 65 423
15 66 1654
15 67 952
15 68 471
15 69 1702
15 70 1000
15 71 519
15 72 1750
15 73 1048
15 74 567
15 75 1798
15 76 1096
15 77 615
15 78 1846
15 79 1552
16 0 994
16 1 1371
16 2 1799
16 3 1548
16 4 2167
16 5 1297
16 6 1236
16 7 1565
16 8 1754
16 9 1615
16 10 2465
16 11 990
16 12 1073
16 13 2204
16 14 648
16 15 1154
16 16 0
16 17 1517
16 18 1755
16 19 1452
16 20 1450
16 21 1904
16 22 2378
16 23 824
16 24 2172
16 25 874
16 26 1797
16 27 3028
16 28 826
16 29 1749
16 30 2980
16 31 778
16 32 1701
16 33 2932
16 34 730
16 35 1653
16 36 2884
16 37 682
16 38 1605
16 39 2836
16 40 634
16 41 1557
16 42 2788
16 43 586
16 44 1509
16 45 2740
16 46 538
16 47 1461
16 48 2692
16 49 490
16 50 1413
16 51 2644
16 52 442
16 53 1365
16 54 2596
16 55 394
16 56 1317
16 57 2548
16 58 346
16 59 1269
16 60 2500
16 61 298
16 62 1221
16 63 2452
16 64 250
16 65 1173
16 66 2404
16 67 202
16 68 1125
16 69 2356
16 70 154
16 71 1077
16 72 2308
16 73 202
16 74 1125
16 75 2356
16 76 250
16 77 1173
16 78 2404
16 79 994
17 0 955
17 1 1130
17 2 590
17 3 1145
17 4 2206
17 5 1048
17 6 1197
17 7 1508
17 8 929
17 9 886
17 10 1544
17 11 1511
17 12 1428
17 13 1571
17 14 1281
17 15 1347
17 16 1517
17 17 0
17 18 642
17 19 65
17 20 1051
17 21 1559
17 22 1553
17 23 1677
17 24 2211
17 25 835
17 26 588
17 27 1819
17 28 787
17 29 540
17 30 1771
17 31 739
17 32 492
17 33 1723
17 34 787
17 35 540
17 36 1771
17 37 835
17 38 588
17 39 1819
17 40 883
17 41 636
17 42 1867
17 43 931
17 44 684
17 45 1915
17 46 979
17 47 732
17 48 1963
17 49 1027
17 50 780
17 51 2011
17 52 1075
17 53 828
17 54 2059
17 55 1123
17 56 876
17 57 2107
17 58 1171
17 59 924
17 60 2155
17 61 1219
17 62 972
17 63 2203
17 64 1267
17 65 1020
17 66 2251
17 67 1315
17 68 1068
17 69 2299
17 70 1363
17 71 1116
17 72 2347
17 73 1411
17 74 1164
17 75 2395
17 76 1459
17 77 1212
17 78 2443
17 79 955
18 0 1597
18 1 692
18 2 248
18 3 803
18 4 1768
18 5 610
18 6 1115
18 7 1070
18 8 491
18 9 448
18 10 1106
18 11 1073
18 12 990
18 13 1133
18 14 1415
18 15 909
18 16 1755
18 17 642
18 18 0
18 19 707
18 20 613
18 21 1121
18 22 1115
18 23 1239
18 24 1773
18 25 1477
18 26 246
18 27 1273
18 28 1429
18 29 198
18 30 1225
18 31 1381
18 32 150
18 33 1177
18 34 1333
18 35 102
18 36 1129
18 37 1381
18 38 150
18 39 1177
18 40 1429
18 41 198
18 42 1225
18 43 1477
18 44 246
18 45 1273
18 46 1525
18 47 294
18 48 1321
18 49 1573
18 50 342
18 51 1369
18 52 1621
18 53 390
18 54 1417
18 55 1669
18 56 438
18 57 1465
18 58 1717
18 59 486
18 60 1513
18 61 1765
18 62 534
18 63 1561
18 64 1813
18 65 582
18 66 1609
18 67 1861
18 68 630
18 69 1657
18 70 1909
18 71 678
18 72 1705
18 73 1957
18 74 726
18 75 1753
18 76 2005
18 77 774
18 78 1801
18 79 1597
19 0 890
19 1 1195
19 2 655
19 3 1210
19 4 2271
19 5 1113
19 6 1132
19 7 1573
19 8 994
19 9 951
19 10 1609
19 11 1576
19 12 1493
19 13 1636
19 14 1216
19 15 1412
19 16 1452
19 17 65
19 18 707
19 19 0
19 20 1116
19 21 1624
19 22 1618
19 23 1742
19 24 2276
19 25 770
19 26 653
19 27 1884
19 28 722
19 29 605
19 30 1836
19 31 674
19 32 557
19 33 1788
19 34 722
19 35 605
19 36 1836
19 37 770
19 38 653
19 39 1884
19 40 818
19 41 701
19 42 1932
19 43 866
19 44 749
19 45 1980
19 46 914
19 47 797
19 48 2028
19 49 962
19 50 845
19 51 2076
19 52 1010
19 53 893
19 54 2124
19 55 1058
19 56 941
19 57 2172
19 58 1106
19 59 989
19 60 2220
19 61 1154
19 62 1037
19 63 2268
19 64 1202
19 65 1085
19 66 2316
19 67 1250
19 68 1133
19 69 2364
19 70 1298
19 71 1181
19 72 2412
19 73 1346
19 74 1229
19 75 2460
19 76 1394
19 77 1277
19 78 2508
19 79 890
20 0 1464
20 1 621
20 2 657
20 3 1212
20 4 1697
20 5 539
20 6 1524
20 7 999
20 8 612
20 9 473
20 10 1323
20 11 1002
20 12 377
20 13 1062
20 14 1214
20 15 838
20 16 1450
20 17 1051
20 18 613
20 19 1116
20 20 0
20 21 1050
20 22 1236
20 23 1168
20 24 1702
20 25 1344
20 26 655
20 27 1886
20 28 1296
20 29 607
20 30 1838
20 31 1248
20 32 559
20 33 1790
20 34 1200
20 35 511
20 36 1742
20 37 1152
20 38 463
20 39 1694
20 40 1104
20 41 415
20 42 1646
20 43 1056
20 44 367
20 45 1598
20 46 1008
20 47 319
20 48 1550
20 49 960
20 50 271
20 51 1502
20 52 1008
20 53 319
20 54 1550
20 55 1056
20 56 367
20 57 1598
20 58 1104
20 59 415
20 60 1646
20 61 1152
20 62 463
20 63 1694
20 64 1200
20 65 511
20 66 1742
20 67 1248
20 68 559
20 69 1790
20 70 1296
20 71 607
20 72 1838
20 73 1344
20 74 655
20 75 1886
20 76 1392
20 77 703
20 78 1934
20 79 1464
21 0 2514
21 1 841
21 2 1165
21 3 1720
21 4 929
21 5 759
21 6 2032
21 7 1219
21 8 1120
21 9 981
21 10 1207
21 11 1318
21 12 1427
21 13 1180
21 14 1756
21 15 1058
21 16 1904
21 17 1559
21 18 1121
21 19 1624
21 20 1050
21 21 0
21 22 1198
21 23 1388
21 24 1116
21 25 2394
21 26 1163
21 27 1124
21 28 2346
21 29 1115
21 30 1076
21 31 2298
21 32 1067
21 33 1028
21 34 2250
21 35 1019
21 36 980
21 37 2202
21 38 971
21 39 932
21 40 2154
21 41 923
21 42 884
21 43 2106
21 44 875
21 45 836
21 46 2058
21 47 827
21 48 788
21 49 2010
21 50 779
21 51 740
21 52 1962
21 53 731
21 54 692
21 55 1914
21 56 683
21 57 644
21 58 1866
21 59 635
21 60 596
21 61 1914
21 62 683
21 63 644
21 64 1962
21 65 731
21 66 692
21 67 2010
21 68 779
21 69 740
21 70 2058
21 71 827
21 72 788
21 73 2106
21 74 875
21 75 836
21 76 2154
21 77 923
21 78 884
21 79 2514
22 0 2508
22 1 1315
22 2 1159
22 3 1714
22 4 935
22 5 1233
22 6 2026
22 7 1537
22 8 624
22 9 1071
22 10 733
22 11 1696
22 12 1613
22 13 898
22 14 2038
22 15 1532
22 16 2378
22 17 1553
22 18 1115
22 19 1618
22 20 1236
22 21 1198
22 22 0
22 23 1862
22 24 1122
22 25 2388
22 26 1157
22 27 650
22 28 2340
22 29 1109
22 30 602
22 31 2292
22 32 1061
22 33 554
22 34 2244
22 35 1013
22 36 506
22 37 2196
22 38 965
22 39 458
22 40 2148
22 41 917
22 42 410
22 43 2100
22 44 869
22 45 362
22 46 2148
22 47 917
22 48 410
22 49 2196
22 50 965
22 51 458
22 52 2244
22 53 1013
22 54 506
22 55 2292
22 56 1061
22 57 554
22 58 2340
22 59 1109
22 60 602
22 61 2388
22 62 1157
22 63 650
22 64 2436
22 65 1205
22 66 698
22 67 2484
22 68 1253
22 69 746
22 70 2532
22 71 1301
22 72 794
22 73 2580
22 74 1349
22 75 842
22 76 2628
22 77 1397
22 78 890
22 79 2508
23 0 1414
23 1 959
23 2 1283
23 3 1838
23 4 1747
23 5 781
23 6 1656
23 7 1049
23 8 1238
23 9 1099
23 10 1949
23 11 1410
23 12 1493
23 13 1688
23 14 1068
23 15 1080
23 16 824
23 17 1677
23 18 1239
23 19 1742
23 20 1168
23 21 1388
23 22 1862
23 23 0
23 24 1752
23 25 1294
23 26 1281
23 27 2512
23 28 1246
23 29 1233
23 30 2464
23 31 1198
23 32 1185
23 33 2416
23 34 1150
23 35 1137
23 36 2368
23 37 1102
23 38 1089
23 39 2320
23 40 1054
23 41 1041
23 42 2272
23 43 1006
23 44 993
23 45 2224
23 46 958
23 47 945
23 48 2176
23 49 910
23 50 897
23 51 2128
23 52 862
23 53 849
23 54 2080
23 55 814
23 56 801
23 57 2032
23 58 766
23 59 753
23 60 1984
23 61 718
23 62 705
23 63 1936
23 64 670
23 65 657
23 66 1888
23 67 622
23 68 609
23 69 1840
23 70 670
23 71 657
23 72 1888
23 73 718
23 74 705
23 75 1936
23 76 766
23 77 753
23 78 1984
23 79 1414
24 0 3166
24 1 1493
24 2 1817
24 3 2372
24 4 469
24 5 1315
24 6 2684
24 7 1167
24 8 1746
24 9 1633
24 10 1131
24 11 1970
24 12 2079
24 13 1104
24 14 2408
24 15 1614
24 16 2172
24 17 2211
24 18 1773
24 19 2276
24 20 1702
24 21 1116
24 22 1122
24 23 1752
24 24 0
24 25 3046
24 26 1815
24 27 1048
24 28 2998
24 29 1767
24 30 1000
24 31 2950
24 32 1719
24 33 952
24 34 2902
24 35 1671
24 36 904
24 37 2854
24 38 1623
24 39 856
24 40 2806
24 41 1575
24 42 808
24 43 2758
24 44 1527
24 45 760
24 46 2710
24 47 1479
24 48 712
24 49 2662
24 50 1431
24 51 664
24 52 2614
24 53 1383
24 54 616
24 55 2566
24 56 1335
24 57 568
24 58 2518
24 59 1287
24 60 520
24 61 2470
24 62 1239
24 63 472
24 64 2422
24 65 1191
24 66 424
24 67 2374
24 68 1143
24 69 376
24 70 2326
24 71 1095
24 72 328
24 73 2278
24 74 1047
24 75 280
24 76 2230
24 77 999
24 78 232
24 79 3166
25 0 120
25 1 1553
25 2 1229
25 3 674
25 4 3041
25 5 1883
25 6 362
25 7 2343
25 8 1764
25 9 1413
25 10 2379
25 11 1076
25 12 967
25 13 2406
25 14 638
25 15 1432
25 16 874
25 17 835
25 18 1477
25 19 770
25 20 1344
25 21 2394
25 22 2388
25 23 1294
25 24 3046
25 25 0
25 26 1231
25 27 2462
25 28 48
25 29 1279
25 30 2510
25 31 96
25 32 1327
25 33 2558
25 34 144
25 35 1375
25 36 2606
25 37 192
25 38 1423
25 39 2654
25 40 240
25 41 1471
25 42 2702
25 43 288
25 44 1519
25 45 2750
25 46 336
25 47 1567
25 48 2798
25 49 384
25 50 1615
25 51 2846
25 52 432
25 53 1663
25 54 2894
25 55 480
25 56 1711
25 57 2942
25 58 528
25 59 1759
25 60 2990
25 61 576
25 62 1807
25 63 3038
25 64 624
25 65 1855
25 66 3086
25 67 672
25 68 1903
25 69 3134
25 70 720
25 71 1951
25 72 3182
25 73 768
25 74 1999
25 75 3230
25 76 816
25 77 2047
25 78 3278
25 79 120
26 0 1351
26 1 734
26 2 98
26 3 557
26 4 1810
26 5 652
26 6 869
26 7 1112
26 8 533
26 9 490
26 10 1148
26 11 1115
26 12 1032
26 13 1175
26 14 1457
26 15 951
26 16 1797
26 17 588
26 18 246
26 19 653
26 20 655
26 21 1163
26 22 1157
26 23 1281
26 24 1815
26 25 1231
26 26 0
26 27 1231
26 28 1279
26 29 48
26 30 1279
26 31 1327
26 32 96
26 33 1327
26 34 1375
26 35 144
26 36 1375
26 37 1423
26 38 192
26 39 1423
26 40 1471
26 41 240
26 42 1471
26 43 1519
26 44 288
26 45 1519
26 46 1567
26 47 336
26 48 1567
26 49 1615
26 50 384
26 51 1615
26 52 1663
26 53 432
26 54 1663
26 55 1711
26 56 480
26 57 1711
26 58 1759
26 59 528
26 60 1759
26 61 1807
26 62 576
26 63 1807
26 64 1855
26 65 624
26 66 1855
26 67 1903
26 68 672
26 69 1903
26 70 1951
26 71 720
26 72 1951
26 73 1999
26 74 768
26 75 1999
26 76 2047
26 77 816
26 78 2047
26 79 1351
27 0 2582
27 1 1965
27 2 1329
27 3 1788
27 4 861
27 5 1731
27 6 2100
27 7 1463
27 8 1274
27 9 1721
27 10 563
27 11 2346
27 12 2263
27 13 824
27 14 2688
27 15 2182
27 16 3028
27 17 1819
27 18 1273
27 19 1884
27 20 1886
27 21 1124
27 22 650
27 23 2512
27 24 1048
27 25 2462
27 26 1231
27 27 0
27 28 2510
27 29 1279
27 30 48
27 31 2558
27 32 1327
27 33 96
27 34 2606
27 35 1375
27 36 144
27 37 2654
27 38 1423
27 39 192
27 40 2702
27 41 1471
27 42 240
27 43 2750
27 44 1519
27 45 288
27 46 2798
27 47 1567
27 48 336
27 49 2846
27 50 1615
27 51 384
27 52 2894
27 53 1663
27 54 432
27 55 2942
27 56 1711
27 57 480
27 58 2990
27 59 1759
27 60 528
27 61 3038
27 62 1807
27 63 576
27 64 3086
27 65 1855
27 66 624
27 67 3134
27 68 1903
27 69 672
27 70 3182
27 71 1951
27 72 720
27 73 3230
27 74 1999
27 75 768
27 76 3278
27 77 2047
27 78 816
27 79 2582
28 0 168
28 1 1505
28 2 1181
28 3 722
28 4 2993
28 5 1835
28 6 410
28 7 2295
28 8 1716
28 9 1365
28 10 2331
28 11 1028
28 12 919
28 13 2358
28 14 590
28 15 1384
28 16 826
28 17 787
28 18 1429
28 19 722
28 20 1296
28 21 2346
28 22 2340
28 23 1246
28 24 2998
28 25 48
28 26 1279
28 27 2510
28 28 0
28 29 1231
28 30 2462
28 31 48
28 32 1279
28 33 2510
28 34 96
28 35 1327
28 36 2558
28 37 144
28 38 1375
28 39 2606
28 40 192
28 41 1423
28 42 2654
28 43 240
28 44 1471
28 45 2702
28 46 288
28 47 1519
28 48 2750
28 49 336
28 50 1567
28 51 2798
28 52 384
28 53 1615
28 54 2846
28 55 432
28 56 1663
28 57 2894
28 58 480
28 59 1711
28 60 2942
28 61 528
28 62 1759
28 63 2990
28 64 576
28 65 1807
28 66 3038
28 67 624
28 68 1855
28 69 3086
28 70 672
28 71 1903
28 72 3134
28 73 720
28 74 1951
28 75 3182
28 76 768
28 77 1999
28 78 3230
28 79 168
29 0 1399
29 1 686
29 2 50
29 3 605
29 4 1762
29 5 604
29 6 917
29 7 1064
29 8 485
29 9 442
29 10 1100
29 11 1067
29 12 984
29 13 1127
29 14 1409
29 15 903
29 16 1749
29 17 540
29 18 198
29 19 605
29 20 607
29 21 1115
29 22 1109
29 23 1233
29 24 1767
29 25 1279
29 26 48
29 27 1279
29 28 1231
29 29 0
29 30 1231
29 31 1279
29 32 48
29 33 1279
29 34 1327
29 35 96
29 36 1327
29 37 1375
29 38 144
29 39 1375
29 40 1423
29 41 192
29 42 1423
29 43 1471
29 44 240
29 45 1471
29 46 1519
29 47 288
29 48 1519
29 49 1567
29 50 336
29 51 1567
29 52 1615
29 53 384
29 54 1615
29 55 1663
29 56 432
29 57 1663
29 58 1711
29 59 480
29 60 1711
29 61 1759
29 62 528
29 63 1759
29 64 1807
29 65 576
29 66 1807
29 67 1855
29 68 624
29 69 1855
29 70 1903
29 71 672
29 72 1903
29 73 1951
29 74 720
29 75 1951
29 76 1999
29 77 768
29 78 1999
29 79 1399
30 0 2630
30 1 1917
30 2 1281
30 3 1836
30 4 813
30 5 1683
30 6 2148
30 7 1415
30 8 1226
30 9 1673
30 10 515
30 11 2298
30 12 2215
30 13 776
30 14 2640
30 15 2134
30 16 2980
30 17 1771
30 18 1225
30 19 1836
30 20 1838
30 21 1076
30 22 602
30 23 2464
30 24 1000
30 25 2510
30 26 1279
30 27 48
30 28 2462
30 29 1231
30 30 0
30 31 2510
30 32 1279
30 33 48
30 34 2558
30 35 1327
30 36 96
30 37 2606
30 38 1375
30 39 144
30 40 2654
30 41 1423
30 42 192
30 43 2702
30 44 1471
30 45 240
30 46 2750
30 47 1519
30 48 288
30 49 2798
30 50 1567
30 51 336
30 52 2846
30 53 1615
30 54 384
30 55 2894
30 56 1663
30 57 432
30 58 2942
30 59 1711
30 60 480
30 61 2990
30 62 1759
30 63 528
30 64 3038
30 65 1807
30 66 576
30 67 3086
30 68 1855
30 69 624
30 70 3134
30 71 1903
30 72 672
30 73 3182
30 74 1951
30 75 720
30 76 3230
30 77 1999
30 78 768
30 79 2630
31 0 216
31 1 1457
31 2 1229
31 3 770
31 4 2945
31 5 1787
31 6 458
31 7 2247
31 8 1668
31 9 1317
31 10 2283
31 11 980
31 12 871
31 13 2310
31 14 542
31 15 1336
31 16 778
31 17 739
31 18 1381
31 19 674
31 20 1248
31 21 2298
31 22 2292
31 23 1198
31 24 2950
31 25 96
31 26 1327
31 27 2558
31 28 48
31 29 1279
31 30 2510
31 31 0
31 32 1231
31 33 2462
31 34 48
31 35 1279
31 36 2510
31 37 96
31 38 1327
31 39 2558
31 40 144
31 41 1375
31 42 2606
31 43 192
31 44 1423
31 45 2654
31 46 240
31 47 1471
31 48 2702
31 49 288
31 50 1519
31 51 2750
31 52 336
31 53 1567
31 54 2798
31 55 384
31 56 1615
31 57 2846
31 58 432
31 59 1663
31 60 2894
31 61 480
31 62 1711
31 63 2942
31 64 528
31 65 1759
31 66 2990
31 67 576
31 68 1807
31 69 3038
31 70 624
31 71 1855
31 72 3086
31 73 672
31 74 1903
31 75 3134
31 76 720
31 77 1951
31 78 3182
31 79 216
32 0 1447
32 1 638
32 2 98
32 3 653
32 4 1714
32 5 556
32 6 965
32 7 1016
32 8 437
32 9 394
32 10 1052
32 11 1019
32 12 936
32 13 1079
32 14 1361
32 15 855
32 16 1701
32 17 492
32 18 150
32 19 557
32 20 559
32 21 1067
32 22 1061
32 23 1185
32 24 1719
32 25 1327
32 26 96
32 27 1327
32 28 1279
32 29 48
32 30 1279
32 31 1231
32 32 0
32 33 1231
32 34 1279
32 35 48
32 36 1279
32 37 1327
32 38 96
32 39 1327
32 40 1375
32 41 144
32 42 1375
32 43 1423
32 44 192
32 45 1423
32 46 1471
32 47 240
32 48 1471
32 49 1519
32 50 288
32 51 1519
32 52 1567
32 53 336
32 54 1567
32 55 1615
32 56 384
32 57 1615
32 58 1663
32 59 432
32 60 1663
32 61 1711
32 62 480
32 63 1711
32 64 1759
32 65 528
32 66 1759
32 67 1807
32 68 576
32 69 1807
32 70 1855
32 71 624
32 72 1855
32 73 1903
32 74 672
32 75 1903
32 76 1951
32 77 720
32 78 1951
32 79 1447
33 0 2678
33 1 1869
33 2 1329
33 3 1884
33 4 765
33 5 1635
33 6 2196
33 7 1367
33 8 1178
33 9 1625
33 10 467
33 11 2250
33 12 2167
33 13 728
33 14 2592
33 15 2086
33 16 2932
33 17 1723
33 18 1177
33 19 1788
33 20 1790
33 21 1028
33 22 554
33 23 2416
33 24 952
33 25 2558
33 26 1327
33 27 96
33 28 2510
33 29 1279
33 30 48
33 31 2462
33 32 1231
33 33 0
33 34 2510
33 35 1279
33 36 48
33 37 2558
33 38 1327
33 39 96
33 40 2606
33 41 1375
33 42 144
33 43 2654
33 44 1423
33 45 192
33 46 2702
33 47 1471
33 48 240
33 49 2750
33 50 1519
33 51 288
33 52 2798
33 53 1567
33 54 336
33 55 2846
33 56 1615
33 57 384
33 58 2894
33 59 1663
33 60 432
33 61 2942
33 62 1711
33 63 480
33 64 2990
33 65 1759
33 66 528
33 67 3038
33 68 1807
33 69 576
33 70 3086
33 71 1855
33 72 624
33 73 3134
33 74 1903
33 75 672
33 76 3182
33 77 1951
33 78 720
33 79 2678
34 0 264
34 1 1409
34 2 1277
34 3 818
34 4 2897
34 5 1739
34 6 506
34 7 2199
34 8 1620
34 9 1269
34 10 2235
34 11 932
34 12 823
34 13 2262
34 14 494
34 15 1288
34 16 730
34 17 787
34 18 1333
34 19 722
34 20 1200
34 21 2250
34 22 2244
34 23 1150
34 24 2902
34 25 144
34 26 1375
34 27 2606
34 28 96
34 29 1327
34 30 2558
34 31 48
34 32 1279
34 33 2510
34 34 0
34 35 1231
34 36 2462
34 37 48
34 38 1279
34 39 2510
34 40 96
34 41 1327
34 42 2558
34 43 144
34 44 1375
34 45 2606
34 46 192
34 47 1423
34 48 2654
34 49 240
34 50 1471
34 51 2702
34 52 288
34 53 1519
34 54 2750
34 55 336
34 56 1567
34 57 2798
34 58 384
34 59 1615
34 60 2846
34 61 432
34 62 1663
34 63 2894
34 64 480
34 65 1711
34 66 2942
34 67 528
34 68 1759
34 69 2990
34 70 576
34 71 1807
34 72 3038
34 73 624
34 74 1855
34 75 3086
34 76 672
34 77 1903
34 78 3134
34 79 264
35 0 1495
35 1 590
35 2 146
35 3 701
35 4 1666
35 5 508
35 6 1013
35 7 968
35 8 389
35 9 346
35 10 1004
35 11 971
35 12 888
35 13 1031
35 14 1313
35 15 807
35 16 1653
35 17 540
35 18 102
35 19 605
35 20 511
35 21 1019
35 22 1013
35 23 1137
35 24 1671
35 25 1375
35 26 144
35 27 1375
35 28 1327
35 29 96
35 30 1327
35 31 1279
35 32 48
35 33 1279
35 34 1231
35 35 0
35 36 1231
35 37 1279
35 38 48
35 39 1279
35 40 1327
35 41 96
35 42 1327
35 43 1375
35 44 144
35 45 1375
35 46 1423
35 47 192
35 48 1423
35 49 1471
35 50 240
35 51 1471
35 52 1519
35 53 288
35 54 1519
35 55 1567
35 56 336
35 57 1567
35 58 1615
35 59 384
35 60 1615
35 61 1663
35 62 432
35 63 1663
35 64 1711
35 65 480
35 66 1711
35 67 1759
35 68 528
35 69 1759
35 70 1807
35 71 576
35 72 1807
35 73 1855
35 74 624
35 75 1855
35 76 1903
35 77 672
35 78 1903
35 79 1495
36 0 2726
36 1 1821
36 2 1377
36 3 1932
36 4 717
36 5 1587
36 6 2244
36 7 1319
36 8 1130
36 9 1577
36 10 419
36 11 2202
36 12 2119
36 13 680
36 14 2544
36 15 2038
36 16 2884
36 17 1771
36 18 1129
36 19 1836
36 20 1742
36 21 980
36 22 506
36 23 2368
36 24 904
36 25 2606
36 26 1375
36 27 144
36 28 2558
36 29 1327
36 30 96
36 31 2510
36 32 1279
36 33 48
36 34 2462
36 35 1231
36 36 0
36 37 2510
36 38 1279
36 39 48
36 40 2558
36 41 1327
36 42 96
36 43 2606
36 44 1375
36 45 144
36 46 2654
36 47 1423
36 48 192
36 49 2702
36 50 1471
36 51 240
36 52 2750
36 53 1519
36 54 288
36 55 2798
36 56 1567
36 57 336
36 58 2846
36 59 1615
36 60 384
36 61 2894
36 62 1663
36 63 432
36 64 2942
36 65 1711
36 66 480
36 67 2990
36 68 1759
36 69 528
36 70 3038
36 71 1807
36 72 576
36 73 3086
36 74 1855
36 75 624
36 76 3134
36 77 1903
36 78 672
36 79 2726
37 0 312
37 1 1361
37 2 1325
37 3 866
37 4 2849
37 5 1691
37 6 554
37 7 2151
37 8 1572
37 9 1221
37 10 2187
37 11 884
37 12 775
37 13 2214
37 14 446
37 15 1240
37 16 682
37 17 835
37 18 1381
37 19 770
37 20 1152
37 21 2202
37 22 2196
37 23 1102
37 24 2854
37 25 192
37 26 1423
37 27 2654
37 28 144
37 29 1375
37 30 2606
37 31 96
37 32 1327
37 33 2558
37 34 48
37 35 1279
37 36 2510
37 37 0
37 38 1231
37 39 2462
37 40 48
37 41 1279
37 42 2510
37 43 96
37 44 1327
37 45 2558
37 46 144
37 47 1375
37 48 2606
37 49 192
37 50 1423
37 51 2654
37 52 240
37 53 1471
37 54 2702
37 55 288
37 56 1519
37 57 2750
37 58 336
37 59 1567
37 60 2798
37 61 384
37 62 1615
37 63 2846
37 64 432
37 65 1663
37 66 2894
37 67 480
37 68 1711
37 69 2942
37 70 528
37 71 1759
37 72 2990
37 73 576
37 74 1807
37 75 3038
37 76 624
37 77 1855
37 78 3086
37 79 312
38 0 1543
38 1 542
38 2 194
38 3 749
38 4 1618
38 5 460
38 6 1061
38 7 920
38 8 341
38 9 298
38 10 956
38 11 923
38 12 840
38 13 983
38 14 1265
38 15 759
38 16 1605
38 17 588
38 18 150
38 19 653
38 20 463
38 21 971
38 22 965
38 23 1089
38 24 1623
38 25 1423
38 26 192
38 27 1423
38 28 1375
38 29 144
38 30 1375
38 31 1327
38 32 96
38 33 1327
38 34 1279
38 35 48
38 36 1279
38 37 1231
38 38 0
38 39 1231
38 40 1279
38 41 48
38 42 1279
38 43 1327
38 44 96
38 45 1327
38 46 1375
38 47 144
38 48 1375
38 49 1423
38 50 192
38 51 1423
38 52 1471
38 53 240
38 54 1471
38 55 1519
38 56 288
38 57 1519
38 58 1567
38 59 336
38 60 1567
38 61 1615
38 62 384
38 63 1615
38 64 1663
38 65 432
38 66 1663
38 67 1711
38 68 480
38 69 1711
38 70 1759
38 71 528
38 72 1759
38 73 1807
38 74 576
38 75 1807
38 76 1855
38 77 624
38 78 1855
38 79 1543
39 0 2774
39 1 1773
39 2 1425
39 3 1980
39 4 669
39 5 1539
39 6 2292
39 7 1271
39 8 1082
39 9 1529
39 10 371
39 11 2154
39 12 2071
39 13 632
39 14 2496
39 15 1990
39 16 2836
39 17 1819
39 18 1177
39 19 1884
39 20 1694
39 21 932
39 22 458
39 23 2320
39 24 856
39 25 2654
39 26 1423
39 27 192
39 28 2606
39 29 1375
39 30 144
39 31 2558
39 32 1327
39 33 96
39 34 2510
39 35 1279
39 36 48
39 37 2462
39 38 1231
39 39 0
39 40 2510
39 41 1279
39 42 48
39 43 2558
39 44 1327
39 45 96
39 46 2606
39 47 1375
39 48 144
39 49 2654
39 50 1423
39 51 192
39 52 2702
39 53 1471
39 54 240
39 55 2750
39 56 1519
39 57 288
39 58 2798
39 59 1567
39 60 336
39 61 2846
39 62 1615
39 63 384
39 64 2894
39 65 1663
39 66 432
39 67 2942
39 68 1711
39 69 480
39 70 2990
39 71 1759
39 72 528
39 73 3038
39 74 1807
39 75 576
39 76 3086
39 77 1855
39 78 624
39 79 2774
40 0 360
40 1 1313
40 2 1373
40 3 914
40 4 2801
40 5 1643
40 6 602
40 7 2103
40 8 1524
40 9 1173
40 10 2139
40 11 836
40 12 727
40 13 2166
40 14 398
40 15 1192
40 16 634
40 17 883
40 18 1429
40 19 818
40 20 1104
40 21 2154
40 22 2148
40 23 1054
40 24 2806
40 25 240
40 26 1471
40 27 2702
40 28 192
40 29 1423
40 30 2654
40 31 144
40 32 1375
40 33 2606
40 34 96
40 35 1327
40 36 2558
40 37 48
40 38 1279
40 39 2510
40 40 0
40 41 1231
40 42 2462
40 43 48
40 44 1279
40 45 2510
40 46 96
40 47 1327
40 48 2558
40 49 144
40 50 1375
40 51 2606
40 52 192
40 53 1423
40 54 2654
40 55 240
40 56 1471
40 57 2702
40 58 288
40 59 1519
40 60 2750
40 61 336
40 62 1567
40 63 2798
40 64 384
40 65 1615
40 66 2846
40 67 432
40 68 1663
40 69 2894
40 70 480
40 71 1711
40 72 2942
40 73 528
40 74 1759
40 75 2990
40 76 576
40 77 1807
40 78 3038
40 79 360
41 0 1591
41 1 494
41 2 242
41 3 797
41 4 1570
41 5 412
41 6 1109
41 7 872
41 8 293
41 9 250
41 10 908
41 11 875
41 12 792
41 13 935
41 14 1217
41 15 711
41 16 1557
41 17 636
41 18 198
41 19 701
41 20 415
41 21 923
41 22 917
41 23 1041
41 24 1575
41 25 1471
41 26 240
41 27 1471
41 28 1423
41 29 192
41 30 1423
41 31 1375
41 32 144
41 33 1375
41 34 1327
41 35 96
41 36 1327
41 37 1279
41 38 48
41 39 1279
41 40 1231
41 41 0
41 42 1231
41 43 1279
41 44 48
41 45 1279
41 46 1327
41 47 96
41 48 1327
41 49 1375
41 50 144
41 51 1375
41 52 1423
41 53 192
41 54 1423
41 55 1471
41 56 240
41 57 1471
41 58 1519
41 59 288
41 60 1519
41 61 1567
41 62 336
41 63 1567
41 64 1615
41 65 384
41 66 1615
41 67 1663
41 68 432
41 69 1663
41 70 1711
41 71 480
41 72 1711
41 73 1759
41 74 528
41 75 1759
41 76 1807
41 77 576
41 78 1807
41 79 1591
42 0 2822
42 1 1725
42 2 1473
42 3 2028
42 4 621
42 5 1491
42 6 2340
42 7 1223
42 8 1034
42 9 1481
42 10 323
42 11 2106
42 12 2023
42 13 584
42 14 2448
42 15 1942
42 16 2788
42 17 1867
42 18 1225
42 19 1932
42 20 1646
42 21 884
42 22 410
42 23 2272
42 24 808
42 25 2702
42 26 1471
42 27 240
42 28 2654
42 29 1423
42 30 192
42 31 2606
42 32 1375
42 33 144
42 34 2558
42 35 1327
42 36 96
42 37 2510
42 38 1279
42 39 48
42 40 2462
42 41 1231
42 42 0
42 43 2510
42 44 1279
42 45 48
42 46 2558
42 47 1327
42 48 96
42 49 2606
42 50 1375
42 51 144
42 52 2654
42 53 1423
42 54 192
42 55 2702
42 56 1471
42 57 240
42 58 2750
42 59 1519
42 60 288
42 61 2798
42 62 1567
42 63 336
42 64 2846
42 65 1615
42 66 384
42 67 2894
42 68 1663
42 69 432
42 70 2942
42 71 1711
42 72 480
42 73 2990
42 74 1759
42 75 528
42 76 3038
42 77 1807
42 78 576
42 79 2822
43 0 408
43 1 1265
43 2 1421
43 3 962
43 4 2753
43 5 1595
43 6 650
43 7 2055
43 8 1476
43 9 1125
43 10 2187
43 11 788
43 12 679
43 13 2118
43 14 350
43 15 1144
43 16 586
43 17 931
43 18 1477
43 19 866
43 20 1056
43 21 2106
43 22 2100
43 23 1006
43 24 2758
43 25 288
43 26 1519
43 27 2750
43 28 240
43 29 1471
43 30 2702
43 31 192
43 32 1423
43 33 2654
43 34 144
43 35 1375
43 36 2606
43 37 96
43 38 1327
43 39 2558
43 40 48
43 41 1279
43 42 2510
43 43 0
43 44 1231
43 45 2462
43 46 48
43 47 1279
43 48 2510
43 49 96
43 50 1327
43 51 2558
43 52 144
43 53 1375
43 54 2606
43 55 192
43 56 1423
43 57 2654
43 58 240
43 59 1471
43 60 2702
43 61 288
43 62 1519
43 63 2750
43 64 336
43 65 1567
43 66 2798
43 67 384
43 68 1615
43 69 2846
43 70 432
43 71 1663
43 72 2894
43 73 480
43 74 1711
43 75 2942
43 76 528
43 77 1759
43 78 2990
43 79 408
44 0 1639
44 1 446
44 2 290
44 3 845
44 4 1522
44 5 364
44 6 1157
44 7 824
44 8 245
44 9 202
44 10 956
44 11 827
44 12 744
44 13 887
44 14 1169
44 15 663
44 16 1509
44 17 684
44 18 246
44 19 749
44 20 367
44 21 875
44 22 869
44 23 993
44 24 1527
44 25 1519
44 26 288
44 27 1519
44 28 1471
44 29 240
44 30 1471
44 31 1423
44 32 192
44 33 1423
44 34 1375
44 35 144
44 36 1375
44 37 1327
44 38 96
44 39 1327
44 40 1279
44 41 48
44 42 1279
44 43 1231
44 44 0
44 45 1231
44 46 1279
44 47 48
44 48 1279
44 49 1327
44 50 96
44 51 1327
44 52 1375
44 53 144
44 54 1375
44 55 1423
44 56 192
44 57 1423
44 58 1471
44 59 240
44 60 1471
44 61 1519
44 62 288
44 63 1519
44 64 1567
44 65 336
44 66 1567
44 67 1615
44 68 384
44 69 1615
44 70 1663
44 71 432
44 72 1663
44 73 1711
44 74 480
44 75 1711
44 76 1759
44 77 528
44 78 1759
44 79 1639
45 0 2870
45 1 1677
45 2 1521
45 3 2076
45 4 573
45 5 1443
45 6 2388
