//alpha
1
//NbLocations
49
//NbProducts
31
//NbPickers
2
//CapaPicker
4
//TimeToTravelOneDistanceUnit
3
//SetupTime
5400
//PickTime
300
//Products
//Idx Location Size
1 1 1
2 2 1
3 3 1
4 4 1
5 5 1
6 6 1
7 7 1
8 8 1
9 9 1
10 10 1
11 11 1
12 2 1
13 12 1
14 13 1
15 14 1
16 15 1
17 16 1
18 17 1
19 18 1
20 19 1
21 20 1
22 21 1
23 22 1
24 23 1
25 24 1
26 25 1
27 26 1
28 27 1
29 28 1
30 29 1
31 30 1
//Orders
//NbOrders
18
//Idx DueDate TardinessPenalty NbProdInOrder ProdIdx1 Qty1 ProdIdx2 Qty2 ...
1 54000 0 1 1 1
2 54000 0 2 2 1 3 1
3 144000 0 1 4 1
4 90000 0 3 5 1 6 1 7 1
5 36000 0 2 8 1 9 1
6 36000 0 1 10 1
7 36000 0 1 11 1
8 72000 0 4 12 1 13 1 14 1 15 1
9 90000 0 3 16 1 17 1 18 1
10 90000 0 2 19 1 20 1
11 108000 0 1 21 1
12 108000 0 3 22 1 23 1 24 1
13 54000 0 2 25 1 26 1
14 108000 0 1 27 1
15 90000 0 1 28 1
16 72000 0 1 29 1
17 36000 0 1 30 1
18 108000 0 1 31 1
//Graph (Products are vertices indexed from 1 to NbProducts)
//NbVerticesIntersections
18
//DepartingDepot
0
//ArrivalDepot
49
//Arcs
//Start End Distance
0 31 120
1 25 26
1 44 232
2 22 13
2 47 141
3 18 78
3 47 245
4 17 221
4 30 52
5 12 13
5 26 13
6 18 91
6 48 37
7 16 39
7 28 13
8 22 260
8 46 37
9 14 39
9 21 104
10 20 91
10 32 63
11 35 258
11 36 193
12 5 13
12 19 39
13 17 52
13 39 50
14 9 39
14 27 26
15 24 182
15 29 52
16 7 39
16 37 89
17 4 221
17 13 52
18 3 78
18 6 91
19 12 39
19 34 284
20 10 91
20 31 297
21 9 104
21 33 50
22 2 13
22 8 260
23 30 13
23 38 63
24 15 182
24 43 89
25 1 26
25 45 193
26 5 13
26 35 102
27 14 26
27 32 232
28 7 13
28 38 310
29 15 52
29 44 128
30 4 52
30 23 13
31 20 297
31 34 48
31 49 120
32 10 63
32 27 232
32 35 48
33 21 50
33 36 48
34 19 284
34 31 48
34 37 48
35 11 258
35 26 102
35 32 48
35 38 48
36 11 193
36 33 48
36 39 48
37 16 89
37 34 48
37 40 48
38 23 63
38 28 310
38 35 48
38 41 48
39 13 50
39 36 48
39 42 48
40 37 48
40 41 451
40 43 48
41 38 48
41 40 451
41 42 451
41 44 48
42 39 48
42 41 451
42 45 48
43 24 89
43 40 48
43 46 48
44 1 232
44 29 128
44 41 48
44 47 48
45 25 193
45 42 48
45 48 48
46 8 37
46 43 48
47 2 141
47 3 245
47 44 48
48 6 37
48 45 48
//LocStart LocEnd ShortestPath
0 0 0
0 1 995
0 2 670
0 3 1056
0 4 795
0 5 504
0 6 1225
0 7 344
0 8 397
0 9 868
0 10 508
0 11 877
0 12 491
0 13 1068
0 14 829
0 15 583
0 16 305
0 17 1016
0 18 1134
0 19 452
0 20 417
0 21 972
0 22 657
0 23 730
0 24 401
0 25 1021
0 26 517
0 27 803
0 28 357
0 29 635
0 30 743
0 31 120
0 32 571
0 33 1022
0 34 168
0 35 619
0 36 1070
0 37 216
0 38 667
0 39 1118
0 40 264
0 41 715
0 42 1166
0 43 312
0 44 763
0 45 1214
0 46 360
0 47 811
0 48 1262
0 49 0
1 0 995
1 1 0
1 2 421
1 3 473
1 4 456
1 5 491
1 6 304
1 7 651
1 8 694
1 9 565
1 10 487
1 11 556
1 12 504
1 13 365
1 14 604
1 15 412
1 16 690
1 17 417
1 18 395
1 19 543
1 20 578
1 21 461
1 22 434
1 23 391
1 24 594
1 25 26
1 26 478
1 27 630
1 28 638
1 29 360
1 30 404
1 31 875
1 32 424
1 33 411
1 34 827
1 35 376
1 36 363
1 37 779
1 38 328
1 39 315
1 40 731
1 41 280
1 42 267
1 43 683
1 44 232
1 45 219
1 46 731
1 47 280
1 48 267
1 49 995
2 0 670
2 1 421
2 2 0
2 3 386
2 4 413
2 5 448
2 6 555
2 7 582
2 8 273
2 9 678
2 10 444
2 11 591
2 12 461
2 13 686
2 14 639
2 15 369
2 16 543
2 17 634
2 18 464
2 19 500
2 20 535
2 21 782
2 22 13
2 23 348
2 24 447
2 25 447
2 26 435
2 27 613
2 28 595
2 29 317
2 30 361
2 31 550
2 32 381
2 33 832
2 34 502
2 35 333
2 36 784
2 37 454
2 38 285
2 39 736
2 40 406
2 41 237
2 42 688
2 43 358
2 44 189
2 45 640
2 46 310
2 47 141
2 48 592
2 49 670
3 0 1056
3 1 473
3 2 386
3 3 0
3 4 517
3 5 552
3 6 169
3 7 712
3 8 659
3 9 600
3 10 548
3 11 591
3 12 565
3 13 400
3 14 639
3 15 473
3 16 751
3 17 452
3 18 78
3 19 604
3 20 639
3 21 496
3 22 399
3 23 452
3 24 655
3 25 447
3 26 539
3 27 665
3 28 699
3 29 421
3 30 465
3 31 936
3 32 485
3 33 446
3 34 888
3 35 437
3 36 398
3 37 840
3 38 389
3 39 350
3 40 792
3 41 341
3 42 302
3 43 744
3 44 293
3 45 254
3 46 696
3 47 245
3 48 206
3 49 1056
4 0 795
4 1 456
4 2 413
4 3 517
4 4 0
4 5 291
4 6 504
4 7 451
4 8 686
4 9 521
4 10 287
4 11 434
4 12 304
4 13 273
4 14 482
4 15 404
4 16 490
4 17 221
4 18 595
4 19 343
4 20 378
4 21 469
4 22 426
4 23 65
4 24 586
4 25 482
4 26 278
4 27 456
4 28 438
4 29 352
4 30 52
4 31 675
4 32 224
4 33 419
4 34 627
4 35 176
4 36 371
4 37 579
4 38 128
4 39 323
4 40 627
4 41 176
4 42 371
4 43 675
4 44 224
4 45 419
4 46 723
4 47 272
4 48 467
4 49 795
5 0 504
5 1 491
5 2 448
5 3 552
5 4 291
5 5 0
5 6 721
5 7 486
5 8 565
5 9 460
5 10 226
5 11 373
5 12 13
5 13 564
5 14 421
5 15 439
5 16 473
5 17 512
5 18 630
5 19 52
5 20 317
5 21 564
5 22 461
5 23 226
5 24 569
5 25 517
5 26 13
5 27 395
5 28 473
5 29 387
5 30 239
5 31 384
5 32 163
5 33 614
5 34 336
5 35 115
5 36 566
5 37 384
5 38 163
5 39 614
5 40 432
5 41 211
5 42 662
5 43 480
5 44 259
5 45 710
5 46 528
5 47 307
5 48 758
5 49 504
6 0 1225
6 1 304
6 2 555
6 3 169
6 4 504
6 5 721
6 6 0
6 7 881
6 8 828
6 9 431
6 10 717
6 11 422
6 12 734
6 13 231
6 14 470
6 15 642
6 16 920
6 17 283
6 18 91
6 19 773
6 20 808
6 21 327
6 22 568
6 23 569
6 24 824
6 25 278
6 26 708
6 27 496
6 28 868
6 29 590
6 30 556
6 31 1105
6 32 654
6 33 277
6 34 1057
6 35 606
6 36 229
6 37 1009
6 38 558
6 39 181
6 40 961
6 41 510
6 42 133
6 43 913
6 44 462
6 45 85
6 46 865
6 47 414
6 48 37
6 49 1225
7 0 344
7 1 651
7 2 582
7 3 712
7 4 451
7 5 486
7 6 881
7 7 0
7 8 309
7 9 716
7 10 482
7 11 629
7 12 499
7 13 724
7 14 677
7 15 495
7 16 39
7 17 672
7 18 790
7 19 460
7 20 521
7 21 820
7 22 569
7 23 386
7 24 313
7 25 677
7 26 473
7 27 651
7 28 13
7 29 547
7 30 399
7 31 224
7 32 419
7 33 870
7 34 176
7 35 371
7 36 822
7 37 128
7 38 323
7 39 774
7 40 176
7 41 371
7 42 822
7 43 224
7 44 419
7 45 870
7 46 272
7 47 467
7 48 918
7 49 344
8 0 397
8 1 694
8 2 273
8 3 659
8 4 686
8 5 565
8 6 828
8 7 309
8 8 0
8 9 951
8 10 665
8 11 864
8 12 552
8 13 959
8 14 912
8 15 356
8 16 270
8 17 907
8 18 737
8 19 513
8 20 574
8 21 1055
8 22 260
8 23 621
8 24 174
8 25 720
8 26 578
8 27 886
8 28 322
8 29 408
8 30 634
8 31 277
8 32 654
8 33 1105
8 34 229
8 35 606
8 36 1057
8 37 181
8 38 558
8 39 1009
8 40 133
8 41 510
8 42 961
8 43 85
8 44 462
8 45 913
8 46 37
8 47 414
8 48 865
8 49 397
9 0 868
9 1 565
9 2 678
9 3 600
9 4 521
9 5 460
9 6 431
9 7 716
9 8 951
9 9 0
9 10 360
9 11 395
9 12 473
9 13 300
9 14 39
9 15 669
9 16 755
9 17 352
9 18 522
9 19 512
9 20 451
9 21 104
9 22 691
9 23 456
9 24 851
9 25 539
9 26 447
9 27 65
9 28 703
9 29 617
9 30 469
9 31 748
9 32 297
9 33 154
9 34 796
9 35 345
9 36 202
9 37 844
9 38 393
9 39 250
9 40 892
9 41 441
9 42 298
9 43 940
9 44 489
9 45 346
9 46 988
9 47 537
9 48 394
9 49 868
10 0 508
10 1 487
10 2 444
10 3 548
10 4 287
10 5 226
10 6 717
10 7 482
10 8 665
10 9 360
10 10 0
10 11 369
10 12 239
10 13 560
10 14 321
10 15 435
10 16 521
10 17 508
10 18 626
10 19 278
10 20 91
10 21 464
10 22 457
10 23 222
10 24 617
10 25 513
10 26 213
10 27 295
10 28 469
10 29 383
10 30 235
10 31 388
10 32 63
10 33 514
10 34 436
10 35 111
10 36 562
10 37 484
10 38 159
10 39 610
10 40 532
10 41 207
10 42 658
10 43 580
10 44 255
10 45 706
10 46 628
10 47 303
10 48 754
10 49 508
11 0 877
11 1 556
11 2 591
11 3 591
11 4 434
11 5 373
11 6 422
11 7 629
11 8 864
11 9 395
11 10 369
11 11 0
11 12 386
11 13 291
11 14 434
11 15 582
11 16 668
11 17 343
11 18 513
11 19 425
11 20 460
11 21 291
11 22 604
11 23 369
11 24 764
11 25 530
11 26 360
11 27 460
11 28 616
11 29 530
11 30 382
11 31 757
11 32 306
11 33 241
11 34 709
11 35 258
11 36 193
11 37 757
11 38 306
11 39 241
11 40 805
11 41 354
11 42 289
11 43 853
11 44 402
11 45 337
11 46 901
11 47 450
11 48 385
11 49 877
12 0 491
12 1 504
12 2 461
12 3 565
12 4 304
12 5 13
12 6 734
12 7 499
12 8 552
12 9 473
12 10 239
12 11 386
12 12 0
12 13 577
12 14 434
12 15 452
12 16 460
12 17 525
12 18 643
12 19 39
12 20 330
12 21 577
12 22 474
12 23 239
12 24 556
12 25 530
12 26 26
12 27 408
12 28 486
12 29 400
12 30 252
12 31 371
12 32 176
12 33 627
12 34 323
12 35 128
12 36 579
12 37 371
12 38 176
12 39 627
12 40 419
12 41 224
12 42 675
12 43 467
12 44 272
12 45 723
12 46 515
12 47 320
12 48 771
12 49 491
13 0 1068
13 1 365
13 2 686
13 3 400
13 4 273
13 5 564
13 6 231
13 7 724
13 8 959
13 9 300
13 10 560
13 11 291
13 12 577
13 13 0
13 14 339
13 15 677
13 16 763
13 17 52
13 18 322
13 19 616
13 20 651
13 21 196
13 22 699
13 23 338
13 24 859
13 25 339
13 26 551
13 27 365
13 28 711
13 29 625
13 30 325
13 31 948
13 32 497
13 33 146
13 34 900
13 35 449
13 36 98
13 37 852
13 38 401
13 39 50
13 40 900
13 41 449
13 42 98
13 43 948
13 44 497
13 45 146
13 46 996
13 47 545
13 48 194
13 49 1068
14 0 829
14 1 604
14 2 639
14 3 639
14 4 482
14 5 421
14 6 470
14 7 677
14 8 912
14 9 39
14 10 321
14 11 434
14 12 434
14 13 339
14 14 0
14 15 630
14 16 716
14 17 391
14 18 561
14 19 473
14 20 412
14 21 143
14 22 652
14 23 417
14 24 812
14 25 578
14 26 408
14 27 26
14 28 664
14 29 578
14 30 430
14 31 709
14 32 258
14 33 193
14 34 757
14 35 306
14 36 241
14 37 805
14 38 354
14 39 289
14 40 853
14 41 402
14 42 337
14 43 901
14 44 450
14 45 385
14 46 949
14 47 498
14 48 433
14 49 829
15 0 583
15 1 412
15 2 369
15 3 473
15 4 404
15 5 439
15 6 642
15 7 495
15 8 356
15 9 669
15 10 435
15 11 582
15 12 452
15 13 677
15 14 630
15 15 0
15 16 456
15 17 625
15 18 551
15 19 491
15 20 526
15 21 773
15 22 382
15 23 339
15 24 182
15 25 438
15 26 426
15 27 604
15 28 508
15 29 52
15 30 352
15 31 463
15 32 372
15 33 823
15 34 415
15 35 324
15 36 775
15 37 367
15 38 276
15 39 727
15 40 319
15 41 228
15 42 679
15 43 271
15 44 180
15 45 631
15 46 319
15 47 228
15 48 679
15 49 583
16 0 305
16 1 690
16 2 543
16 3 751
16 4 490
16 5 473
16 6 920
16 7 39
16 8 270
16 9 755
16 10 521
16 11 668
16 12 460
16 13 763
16 14 716
16 15 456
16 16 0
16 17 711
16 18 829
16 19 421
16 20 482
16 21 859
16 22 530
16 23 425
16 24 274
16 25 716
16 26 486
16 27 690
16 28 52
16 29 508
16 30 438
16 31 185
16 32 458
16 33 909
16 34 137
16 35 410
16 36 861
16 37 89
16 38 362
16 39 813
16 40 137
16 41 410
16 42 861
16 43 185
16 44 458
16 45 909
16 46 233
16 47 506
16 48 957
16 49 305
17 0 1016
17 1 417
17 2 634
17 3 452
17 4 221
17 5 512
17 6 283
17 7 672
17 8 907
17 9 352
17 10 508
17 11 343
17 12 525
17 13 52
17 14 391
17 15 625
17 16 711
17 17 0
17 18 374
17 19 564
17 20 599
17 21 248
17 22 647
17 23 286
17 24 807
17 25 391
17 26 499
17 27 417
17 28 659
17 29 573
17 30 273
17 31 896
17 32 445
17 33 198
17 34 848
17 35 397
17 36 150
17 37 800
17 38 349
17 39 102
17 40 848
17 41 397
17 42 150
17 43 896
17 44 445
17 45 198
17 46 944
17 47 493
17 48 246
17 49 1016
18 0 1134
18 1 395
18 2 464
18 3 78
18 4 595
18 5 630
18 6 91
18 7 790
18 8 737
18 9 522
18 10 626
18 11 513
18 12 643
18 13 322
18 14 561
18 15 551
18 16 829
18 17 374
18 18 0
18 19 682
18 20 717
18 21 418
18 22 477
18 23 530
18 24 733
18 25 369
18 26 617
18 27 587
18 28 777
18 29 499
18 30 543
18 31 1014
18 32 563
18 33 368
18 34 966
18 35 515
18 36 320
18 37 918
18 38 467
18 39 272
18 40 870
18 41 419
18 42 224
18 43 822
18 44 371
18 45 176
18 46 774
18 47 323
18 48 128
18 49 1134
19 0 452
19 1 543
19 2 500
19 3 604
19 4 343
19 5 52
19 6 773
19 7 460
19 8 513
19 9 512
19 10 278
19 11 425
19 12 39
19 13 616
19 14 473
19 15 491
19 16 421
19 17 564
19 18 682
19 19 0
19 20 369
19 21 616
19 22 513
19 23 278
19 24 517
19 25 569
19 26 65
19 27 447
19 28 473
19 29 439
19 30 291
19 31 332
19 32 215
19 33 666
19 34 284
19 35 167
19 36 618
19 37 332
19 38 215
19 39 666
19 40 380
19 41 263
19 42 714
19 43 428
19 44 311
19 45 762
19 46 476
19 47 359
19 48 810
19 49 452
20 0 417
20 1 578
20 2 535
20 3 639
20 4 378
20 5 317
20 6 808
20 7 521
20 8 574
20 9 451
20 10 91
20 11 460
20 12 330
20 13 651
20 14 412
20 15 526
20 16 482
20 17 599
20 18 717
20 19 369
20 20 0
20 21 555
20 22 548
20 23 313
20 24 578
20 25 604
20 26 304
20 27 386
20 28 534
20 29 474
20 30 326
20 31 297
20 32 154
20 33 605
20 34 345
20 35 202
20 36 653
20 37 393
20 38 250
20 39 701
20 40 441
20 41 298
20 42 749
20 43 489
20 44 346
20 45 797
20 46 537
20 47 394
20 48 845
20 49 417
21 0 972
21 1 461
21 2 782
21 3 496
21 4 469
21 5 564
21 6 327
21 7 820
21 8 1055
21 9 104
21 10 464
21 11 291
21 12 577
21 13 196
21 14 143
21 15 773
21 16 859
21 17 248
21 18 418
21 19 616
21 20 555
21 21 0
21 22 795
21 23 534
21 24 955
21 25 435
21 26 551
21 27 169
21 28 807
21 29 721
21 30 521
21 31 852
21 32 401
21 33 50
21 34 900
21 35 449
21 36 98
21 37 948
21 38 497
21 39 146
21 40 996
21 41 545
21 42 194
21 43 1044
21 44 593
21 45 242
21 46 1092
21 47 641
21 48 290
21 49 972
22 0 657
22 1 434
22 2 13
22 3 399
22 4 426
22 5 461
22 6 568
22 7 569
22 8 260
22 9 691
22 10 457
22 11 604
22 12 474
22 13 699
22 14 652
22 15 382
22 16 530
22 17 647
22 18 477
22 19 513
22 20 548
22 21 795
22 22 0
22 23 361
22 24 434
22 25 460
22 26 448
22 27 626
22 28 582
22 29 330
22 30 374
22 31 537
22 32 394
22 33 845
22 34 489
22 35 346
22 36 797
22 37 441
22 38 298
22 39 749
22 40 393
22 41 250
22 42 701
22 43 345
22 44 202
22 45 653
22 46 297
22 47 154
22 48 605
22 49 657
23 0 730
23 1 391
23 2 348
23 3 452
23 4 65
23 5 226
23 6 569
23 7 386
23 8 621
23 9 456
23 10 222
23 11 369
23 12 239
23 13 338
23 14 417
23 15 339
23 16 425
23 17 286
23 18 530
23 19 278
23 20 313
23 21 534
23 22 361
23 23 0
23 24 521
23 25 417
23 26 213
23 27 391
23 28 373
23 29 287
23 30 13
23 31 610
23 32 159
23 33 484
23 34 562
23 35 111
23 36 436
23 37 514
23 38 63
23 39 388
23 40 562
23 41 111
23 42 436
23 43 610
23 44 159
23 45 484
23 46 658
23 47 207
23 48 532
23 49 730
24 0 401
24 1 594
24 2 447
24 3 655
24 4 586
24 5 569
24 6 824
24 7 313
24 8 174
24 9 851
24 10 617
24 11 764
24 12 556
24 13 859
24 14 812
24 15 182
24 16 274
24 17 807
24 18 733
24 19 517
24 20 578
24 21 955
24 22 434
24 23 521
24 24 0
24 25 620
24 26 582
24 27 786
24 28 326
24 29 234
24 30 534
24 31 281
24 32 554
24 33 1005
24 34 233
24 35 506
24 36 957
24 37 185
24 38 458
24 39 909
24 40 137
24 41 410
24 42 861
24 43 89
24 44 362
24 45 813
24 46 137
24 47 410
24 48 861
24 49 401
25 0 1021
25 1 26
25 2 447
25 3 447
25 4 482
25 5 517
25 6 278
25 7 677
25 8 720
25 9 539
25 10 513
25 11 530
25 12 530
25 13 339
25 14 578
25 15 438
25 16 716
25 17 391
25 18 369
25 19 569
25 20 604
25 21 435
25 22 460
25 23 417
25 24 620
25 25 0
25 26 504
25 27 604
25 28 664
25 29 386
25 30 430
25 31 901
25 32 450
25 33 385
25 34 853
25 35 402
25 36 337
25 37 805
25 38 354
25 39 289
25 40 757
25 41 306
25 42 241
25 43 709
25 44 258
25 45 193
25 46 757
25 47 306
25 48 241
25 49 1021
26 0 517
26 1 478
26 2 435
26 3 539
26 4 278
26 5 13
26 6 708
26 7 473
26 8 578
26 9 447
26 10 213
26 11 360
26 12 26
26 13 551
26 14 408
26 15 426
26 16 486
26 17 499
26 18 617
26 19 65
26 20 304
26 21 551
26 22 448
26 23 213
26 24 582
26 25 504
26 26 0
26 27 382
26 28 460
26 29 374
26 30 226
26 31 397
26 32 150
26 33 601
26 34 349
26 35 102
26 36 553
26 37 397
26 38 150
26 39 601
26 40 445
26 41 198
26 42 649
26 43 493
26 44 246
26 45 697
26 46 541
26 47 294
26 48 745
26 49 517
27 0 803
27 1 630
27 2 613
27 3 665
27 4 456
27 5 395
27 6 496
27 7 651
27 8 886
27 9 65
27 10 295
27 11 460
27 12 408
27 13 365
27 14 26
27 15 604
27 16 690
27 17 417
27 18 587
27 19 447
27 20 386
27 21 169
27 22 626
27 23 391
27 24 786
27 25 604
27 26 382
27 27 0
27 28 638
27 29 552
27 30 404
27 31 683
27 32 232
27 33 219
27 34 731
27 35 280
27 36 267
27 37 779
27 38 328
27 39 315
27 40 827
27 41 376
27 42 363
27 43 875
27 44 424
27 45 411
27 46 923
27 47 472
27 48 459
27 49 803
28 0 357
28 1 638
28 2 595
28 3 699
28 4 438
28 5 473
28 6 868
28 7 13
28 8 322
28 9 703
28 10 469
28 11 616
28 12 486
28 13 711
28 14 664
28 15 508
28 16 52
28 17 659
28 18 777
28 19 473
28 20 534
28 21 807
28 22 582
28 23 373
28 24 326
28 25 664
28 26 460
28 27 638
28 28 0
28 29 534
28 30 386
28 31 237
28 32 406
28 33 857
28 34 189
28 35 358
28 36 809
28 37 141
28 38 310
28 39 761
28 40 189
28 41 358
28 42 809
28 43 237
28 44 406
28 45 857
28 46 285
28 47 454
28 48 905
28 49 357
29 0 635
29 1 360
29 2 317
29 3 421
29 4 352
29 5 387
29 6 590
29 7 547
29 8 408
29 9 617
29 10 383
29 11 530
29 12 400
29 13 625
29 14 578
29 15 52
29 16 508
29 17 573
29 18 499
29 19 439
29 20 474
29 21 721
29 22 330
29 23 287
29 24 234
29 25 386
29 26 374
29 27 552
29 28 534
29 29 0
29 30 300
29 31 515
29 32 320
29 33 771
29 34 467
29 35 272
29 36 723
29 37 419
29 38 224
29 39 675
29 40 371
29 41 176
29 42 627
29 43 323
29 44 128
29 45 579
29 46 371
29 47 176
29 48 627
29 49 635
30 0 743
30 1 404
30 2 361
30 3 465
30 4 52
30 5 239
30 6 556
30 7 399
30 8 634
30 9 469
30 10 235
30 11 382
30 12 252
30 13 325
30 14 430
30 15 352
30 16 438
30 17 273
30 18 543
30 19 291
30 20 326
30 21 521
30 22 374
30 23 13
30 24 534
30 25 430
30 26 226
30 27 404
30 28 386
30 29 300
30 30 0
30 31 623
30 32 172
30 33 471
30 34 575
30 35 124
30 36 423
30 37 527
30 38 76
30 39 375
30 40 575
30 41 124
30 42 423
30 43 623
30 44 172
30 45 471
30 46 671
30 47 220
30 48 519
30 49 743
31 0 120
31 1 875
31 2 550
31 3 936
31 4 675
31 5 384
31 6 1105
31 7 224
31 8 277
31 9 748
31 10 388
31 11 757
31 12 371
31 13 948
31 14 709
31 15 463
31 16 185
31 17 896
31 18 1014
31 19 332
31 20 297
31 21 852
31 22 537
31 23 610
31 24 281
31 25 901
31 26 397
31 27 683
31 28 237
31 29 515
31 30 623
31 31 0
31 32 451
31 33 902
31 34 48
31 35 499
31 36 950
31 37 96
31 38 547
31 39 998
31 40 144
31 41 595
31 42 1046
31 43 192
31 44 643
31 45 1094
31 46 240
31 47 691
31 48 1142
31 49 120
32 0 571
32 1 424
32 2 381
32 3 485
32 4 224
32 5 163
32 6 654
32 7 419
32 8 654
32 9 297
32 10 63
32 11 306
32 12 176
32 13 497
32 14 258
32 15 372
32 16 458
32 17 445
32 18 563
32 19 215
32 20 154
32 21 401
32 22 394
32 23 159
32 24 554
32 25 450
32 26 150
32 27 232
32 28 406
32 29 320
32 30 172
32 31 451
32 32 0
32 33 451
32 34 499
32 35 48
32 36 499
32 37 547
32 38 96
32 39 547
32 40 595
32 41 144
32 42 595
32 43 643
32 44 192
32 45 643
32 46 691
32 47 240
32 48 691
32 49 571
33 0 1022
33 1 411
33 2 832
33 3 446
33 4 419
33 5 614
33 6 277
33 7 870
33 8 1105
33 9 154
33 10 514
33 11 241
33 12 627
33 13 146
33 14 193
33 15 823
33 16 909
33 17 198
33 18 368
33 19 666
33 20 605
33 21 50
33 22 845
33 23 484
33 24 1005
33 25 385
33 26 601
33 27 219
33 28 857
33 29 771
33 30 471
33 31 902
33 32 451
33 33 0
33 34 950
33 35 499
33 36 48
33 37 998
33 38 547
33 39 96
33 40 1046
33 41 595
33 42 144
33 43 1094
33 44 643
33 45 192
33 46 1142
33 47 691
33 48 240
33 49 1022
34 0 168
34 1 827
34 2 502
34 3 888
34 4 627
34 5 336
34 6 1057
34 7 176
34 8 229
34 9 796
34 10 436
34 11 709
34 12 323
34 13 900
34 14 757
34 15 415
34 16 137
34 17 848
34 18 966
34 19 284
34 20 345
34 21 900
34 22 489
34 23 562
34 24 233
34 25 853
34 26 349
34 27 731
34 28 189
34 29 467
34 30 575
34 31 48
34 32 499
34 33 950
34 34 0
34 35 451
34 36 902
34 37 48
34 38 499
34 39 950
34 40 96
34 41 547
34 42 998
34 43 144
34 44 595
34 45 1046
34 46 192
34 47 643
34 48 1094
34 49 168
35 0 619
35 1 376
35 2 333
35 3 437
35 4 176
35 5 115
35 6 606
35 7 371
35 8 606
35 9 345
35 10 111
35 11 258
35 12 128
35 13 449
35 14 306
35 15 324
35 16 410
35 17 397
35 18 515
35 19 167
35 20 202
35 21 449
35 22 346
35 23 111
35 24 506
35 25 402
35 26 102
35 27 280
35 28 358
35 29 272
35 30 124
35 31 499
35 32 48
35 33 499
35 34 451
35 35 0
35 36 451
35 37 499
35 38 48
35 39 499
35 40 547
35 41 96
35 42 547
35 43 595
35 44 144
35 45 595
35 46 643
35 47 192
35 48 643
35 49 619
36 0 1070
36 1 363
36 2 784
36 3 398
36 4 371
36 5 566
36 6 229
36 7 822
36 8 1057
36 9 202
36 10 562
36 11 193
36 12 579
36 13 98
36 14 241
36 15 775
36 16 861
36 17 150
36 18 320
36 19 618
36 20 653
36 21 98
36 22 797
36 23 436
36 24 957
36 25 337
36 26 553
36 27 267
36 28 809
36 29 723
36 30 423
36 31 950
36 32 499
36 33 48
36 34 902
36 35 451
36 36 0
36 37 950
36 38 499
36 39 48
36 40 998
36 41 547
36 42 96
36 43 1046
36 44 595
36 45 144
36 46 1094
36 47 643
36 48 192
36 49 1070
37 0 216
37 1 779
37 2 454
37 3 840
37 4 579
37 5 384
37 6 1009
37 7 128
37 8 181
37 9 844
37 10 484
37 11 757
37 12 371
37 13 852
37 14 805
37 15 367
37 16 89
37 17 800
37 18 918
37 19 332
37 20 393
37 21 948
37 22 441
37 23 514
37 24 185
37 25 805
37 26 397
37 27 779
37 28 141
37 29 419
37 30 527
37 31 96
37 32 547
37 33 998
37 34 48
37 35 499
37 36 950
37 37 0
37 38 451
37 39 902
37 40 48
37 41 499
37 42 950
37 43 96
37 44 547
37 45 998
37 46 144
37 47 595
37 48 1046
37 49 216
38 0 667
38 1 328
38 2 285
38 3 389
38 4 128
38 5 163
38 6 558
38 7 323
38 8 558
38 9 393
38 10 159
38 11 306
38 12 176
38 13 401
38 14 354
38 15 276
38 16 362
38 17 349
38 18 467
38 19 215
38 20 250
38 21 497
38 22 298
38 23 63
38 24 458
38 25 354
38 26 150
38 27 328
38 28 310
38 29 224
38 30 76
38 31 547
38 32 96
38 33 547
38 34 499
38 35 48
38 36 499
38 37 451
38 38 0
38 39 451
38 40 499
38 41 48
38 42 499
38 43 547
38 44 96
38 45 547
38 46 595
38 47 144
38 48 595
38 49 667
39 0 1118
39 1 315
39 2 736
39 3 350
39 4 323
39 5 614
39 6 181
39 7 774
39 8 1009
39 9 250
39 10 610
39 11 241
39 12 627
39 13 50
39 14 289
39 15 727
39 16 813
39 17 102
39 18 272
39 19 666
39 20 701
39 21 146
39 22 749
39 23 388
39 24 909
39 25 289
39 26 601
39 27 315
39 28 761
39 29 675
39 30 375
39 31 998
39 32 547
39 33 96
39 34 950
39 35 499
39 36 48
39 37 902
39 38 451
39 39 0
39 40 950
39 41 499
39 42 48
39 43 998
39 44 547
39 45 96
39 46 1046
39 47 595
39 48 144
39 49 1118
40 0 264
40 1 731
40 2 406
40 3 792
40 4 627
40 5 432
40 6 961
40 7 176
40 8 133
40 9 892
40 10 532
40 11 805
40 12 419
40 13 900
40 14 853
40 15 319
40 16 137
40 17 848
40 18 870
40 19 380
40 20 441
40 21 996
40 22 393
40 23 562
40 24 137
40 25 757
40 26 445
40 27 827
40 28 189
40 29 371
40 30 575
40 31 144
40 32 595
40 33 1046
40 34 96
40 35 547
40 36 998
40 37 48
40 38 499
40 39 950
40 40 0
40 41 451
40 42 902
40 43 48
40 44 499
40 45 950
40 46 96
40 47 547
40 48 998
40 49 264
41 0 715
41 1 280
41 2 237
41 3 341
41 4 176
41 5 211
41 6 510
41 7 371
41 8 510
41 9 441
41 10 207
41 11 354
41 12 224
41 13 449
41 14 402
41 15 228
41 16 410
41 17 397
41 18 419
41 19 263
41 20 298
41 21 545
41 22 250
41 23 111
41 24 410
41 25 306
41 26 198
41 27 376
41 28 358
41 29 176
41 30 124
41 31 595
41 32 144
41 33 595
41 34 547
41 35 96
41 36 547
41 37 499
41 38 48
41 39 499
41 40 451
41 41 0
41 42 451
41 43 499
41 44 48
41 45 499
41 46 547
41 47 96
41 48 547
41 49 715
42 0 1166
42 1 267
42 2 688
42 3 302
42 4 371
42 5 662
42 6 133
42 7 822
42 8 961
42 9 298
42 10 658
42 11 289
42 12 675
42 13 98
42 14 337
42 15 679
42 16 861
42 17 150
42 18 224
42 19 714
42 20 749
42 21 194
42 22 701
42 23 436
42 24 861
42 25 241
42 26 649
42 27 363
42 28 809
42 29 627
42 30 423
42 31 1046
42 32 595
42 33 144
42 34 998
42 35 547
42 36 96
42 37 950
42 38 499
42 39 48
42 40 902
42 41 451
42 42 0
42 43 950
42 44 499
42 45 48
42 46 998
42 47 547
42 48 96
42 49 1166
43 0 312
43 1 683
43 2 358
43 3 744
43 4 675
43 5 480
43 6 913
43 7 224
43 8 85
43 9 940
43 10 580
43 11 853
43 12 467
43 13 948
43 14 901
43 15 271
43 16 185
43 17 896
43 18 822
43 19 428
43 20 489
43 21 1044
43 22 345
43 23 610
43 24 89
43 25 709
43 26 493
43 27 875
43 28 237
43 29 323
43 30 623
43 31 192
43 32 643
43 33 1094
43 34 144
43 35 595
43 36 1046
43 37 96
43 38 547
43 39 998
43 40 48
43 41 499
43 42 950
43 43 0
43 44 451
43 45 902
43 46 48
43 47 499
43 48 950
43 49 312
44 0 763
44 1 232
44 2 189
44 3 293
44 4 224
44 5 259
44 6 462
44 7 419
44 8 462
44 9 489
44 10 255
44 11 402
44 12 272
44 13 497
44 14 450
44 15 180
44 16 458
44 17 445
44 18 371
44 19 311
44 20 346
44 21 593
44 22 202
44 23 159
44 24 362
44 25 258
44 26 246
44 27 424
44 28 406
44 29 128
44 30 172
44 31 643
44 32 192
44 33 643
44 34 595
44 35 144
44 36 595
44 37 547
44 38 96
44 39 547
44 40 499
44 41 48
44 42 499
44 43 451
44 44 0
44 45 451
44 46 499
44 47 48
44 48 499
44 49 763
45 0 1214
45 1 219
45 2 640
45 3 254
45 4 419
45 5 710
45 6 85
45 7 870
45 8 913
45 9 346
45 10 706
45 11 337
45 12 723
45 13 146
45 14 385
45 15 631
45 16 909
45 17 198
45 18 176
45 19 762
45 20 797
45 21 242
45 22 653
45 23 484
45 24 813
45 25 193
45 26 697
45 27 411
45 28 857
45 29 579
45 30 471
45 31 1094
45 32 643
45 33 192
45 34 1046
45 35 595
45 36 144
45 37 998
45 38 547
45 39 96
45 40 950
45 41 499
45 42 48
45 43 902
45 44 451
45 45 0
45 46 950
45 47 499
45 48 48
45 49 1214
46 0 360
46 1 731
46 2 310
46 3 696
46 4 723
46 5 528
46 6 865
46 7 272
46 8 37
46 9 988
46 10 628
46 11 901
46 12 515
46 13 996
46 14 949
46 15 319
46 16 233
46 17 944
46 18 774
46 19 476
46 20 537
46 21 1092
46 22 297
46 23 658
46 24 137
46 25 757
46 26 541
46 27 923
46 28 285
46 29 371
46 30 671
46 31 240
46 32 691
46 33 1142
46 34 192
46 35 643
46 36 1094
46 37 144
46 38 595
46 39 1046
46 40 96
46 41 547
46 42 998
46 43 48
46 44 499
46 45 950
46 46 0
46 47 451
46 48 902
46 49 360
47 0 811
47 1 280
47 2 141
47 3 245
47 4 272
47 5 307
47 6 414
47 7 467
47 8 414
47 9 537
47 10 303
47 11 450
47 12 320
47 13 545
47 14 498
47 15 228
47 16 506
47 17 493
47 18 323
47 19 359
47 20 394
47 21 641
47 22 154
47 23 207
47 24 410
47 25 306
47 26 294
47 27 472
47 28 454
47 29 176
47 30 220
47 31 691
47 32 240
47 33 691
47 34 643
47 35 192
47 36 643
47 37 595
47 38 144
47 39 595
47 40 547
47 41 96
47 42 547
47 43 499
47 44 48
47 45 499
47 46 451
47 47 0
47 48 451
47 49 811
48 0 1262
48 1 267
48 2 592
48 3 206
48 4 467
48 5 758
48 6 37
48 7 918
48 8 865
48 9 394
48 10 754
48 11 385
48 12 771
48 13 194
48 14 433
48 15 679
48 16 957
48 17 246
48 18 128
48 19 810
48 20 845
48 21 290
48 22 605
48 23 532
48 24 861
48 25 241
48 26 745
48 27 459
48 28 905
48 29 627
48 30 519
48 31 1142
48 32 691
48 33 240
48 34 1094
48 35 643
48 36 192
48 37 1046
48 38 595
48 39 144
48 40 998
48 41 547
48 42 96
48 43 950
48 44 499
48 45 48
48 46 902
48 47 451
48 48 0
48 49 1262
49 0 0
49 1 995
49 2 670
49 3 1056
49 4 795
49 5 504
49 6 1225
49 7 344
49 8 397
49 9 868
49 10 508
49 11 877
49 12 491
49 13 1068
49 14 829
49 15 583
49 16 305
49 17 1016
49 18 1134
49 19 452
49 20 417
49 21 972
49 22 657
49 23 730
49 24 401
49 25 1021
49 26 517
49 27 803
49 28 357
49 29 635
49 30 743
49 31 120
49 32 571
49 33 1022
49 34 168
49 35 619
49 36 1070
49 37 216
49 38 667
49 39 1118
49 40 264
49 41 715
49 42 1166
49 43 312
49 44 763
49 45 1214
49 46 360
49 47 811
49 48 1262
49 49 0
//Location coordinates LocationName
//Loc x y
0 0.0 0.0 "depot"
1 192.0 803.0 "product aisle 4 bloc 1 rank 32"
2 240.0 430.0 "product aisle 5 bloc 0 rank 44"
3 240.0 816.0 "product aisle 5 bloc 1 rank 33"
4 96.0 699.0 "product aisle 2 bloc 1 rank 15"
5 48.0 456.0 "product aisle 1 bloc 0 rank 47"
6 240.0 985.0 "product aisle 5 bloc 1 rank 60"
7 96.0 248.0 "product aisle 2 bloc 0 rank 16"
8 240.0 157.0 "product aisle 5 bloc 0 rank 2"
9 0.0 868.0 "product aisle 0 bloc 1 rank 41"
10 0.0 508.0 "product aisle 0 bloc 0 rank 56"
11 48.0 829.0 "product aisle 1 bloc 1 rank 36"
12 48.0 443.0 "product aisle 1 bloc 0 rank 45"
13 96.0 972.0 "product aisle 2 bloc 1 rank 57"
14 0.0 829.0 "product aisle 0 bloc 1 rank 36"
15 192.0 391.0 "product aisle 4 bloc 0 rank 37"
16 96.0 209.0 "product aisle 2 bloc 0 rank 10"
17 96.0 920.0 "product aisle 2 bloc 1 rank 49"
18 240.0 894.0 "product aisle 5 bloc 1 rank 46"
19 48.0 404.0 "product aisle 1 bloc 0 rank 40"
20 0.0 417.0 "product aisle 0 bloc 0 rank 42"
21 0.0 972.0 "product aisle 0 bloc 1 rank 57"
22 240.0 417.0 "product aisle 5 bloc 0 rank 42"
23 96.0 634.0 "product aisle 2 bloc 1 rank 5"
24 192.0 209.0 "product aisle 4 bloc 0 rank 10"
25 192.0 829.0 "product aisle 4 bloc 1 rank 35"
26 48.0 469.0 "product aisle 1 bloc 0 rank 50"
27 0.0 803.0 "product aisle 0 bloc 1 rank 31"
28 96.0 261.0 "product aisle 2 bloc 0 rank 17"
29 192.0 443.0 "product aisle 4 bloc 0 rank 46"
30 96.0 647.0 "product aisle 2 bloc 1 rank 8"
31 24.0 120.0 "intersection aisle 0 bloc 0 rank 0"
32 24.0 571.0 "intersection aisle 0 bloc 1 rank 1"
33 24.0 1022.0 "intersection aisle 0 bloc 2 rank 2"
34 72.0 120.0 "intersection aisle 1 bloc 0 rank 0"
35 72.0 571.0 "intersection aisle 1 bloc 1 rank 1"
36 72.0 1022.0 "intersection aisle 1 bloc 2 rank 2"
37 120.0 120.0 "intersection aisle 2 bloc 0 rank 0"
38 120.0 571.0 "intersection aisle 2 bloc 1 rank 1"
39 120.0 1022.0 "intersection aisle 2 bloc 2 rank 2"
40 168.0 120.0 "intersection aisle 3 bloc 0 rank 0"
41 168.0 571.0 "intersection aisle 3 bloc 1 rank 1"
42 168.0 1022.0 "intersection aisle 3 bloc 2 rank 2"
43 216.0 120.0 "intersection aisle 4 bloc 0 rank 0"
44 216.0 571.0 "intersection aisle 4 bloc 1 rank 1"
45 216.0 1022.0 "intersection aisle 4 bloc 2 rank 2"
46 264.0 120.0 "intersection aisle 5 bloc 0 rank 0"
47 264.0 571.0 "intersection aisle 5 bloc 1 rank 1"
48 264.0 1022.0 "intersection aisle 5 bloc 2 rank 2"
49 0.0 0.0 "depot"
