//alpha
1
//NbLocations
44
//NbProducts
25
//NbPickers
2
//CapaPicker
12
//TimeToTravelOneDistanceUnit
3
//SetupTime
5400
//PickTime
300
//Products
//Idx Location Size
1 1 1
2 2 1
3 3 1
4 4 1
5 5 1
6 6 1
7 7 1
8 8 1
9 9 1
10 10 1
11 11 1
12 12 1
13 13 1
14 14 1
15 15 1
16 16 1
17 17 1
18 18 1
19 19 1
20 20 1
21 21 1
22 22 1
23 23 1
24 24 1
25 25 1
//Orders
//NbOrders
12
//Idx DueDate TardinessPenalty NbProdInOrder ProdIdx1 Qty1 ProdIdx2 Qty2 ...
1 90000 0 2 1 1 2 1
2 72000 0 1 3 1
3 72000 0 1 4 1
4 36000 0 2 5 1 6 1
5 72000 0 4 7 1 8 1 9 1 10 1
6 54000 0 5 11 1 12 1 13 1 14 1 15 1
7 108000 0 2 16 1 17 1
8 54000 0 1 18 1
9 72000 0 3 19 1 20 1 21 1
10 54000 0 2 22 1 23 1
11 90000 0 1 24 1
12 54000 0 1 25 1
//Graph (Products are vertices indexed from 1 to NbProducts)
//NbVerticesIntersections
18
//DepartingDepot
0
//ArrivalDepot
44
//Arcs
//Start End Distance
0 26 120
1 8 39
1 13 26
2 25 117
2 42 115
3 13 52
3 24 13
4 42 50
4 43 401
5 23 13
5 28 37
6 11 78
6 16 39
7 39 50
7 40 401
8 1 39
8 39 89
9 21 91
9 32 284
10 21 13
10 33 63
11 6 78
11 23 247
12 36 63
12 37 388
13 1 26
13 3 52
14 22 208
14 36 128
15 30 180
15 31 271
16 6 39
16 27 37
17 29 271
17 30 180
18 26 63
18 27 388
19 25 117
19 41 102
20 33 63
20 34 388
21 9 91
21 10 13
22 14 208
22 35 115
23 5 13
23 11 247
24 3 13
24 38 232
25 2 117
25 19 117
26 18 63
26 29 48
26 44 120
27 16 37
27 18 388
27 30 48
28 5 37
28 31 48
29 17 271
29 26 48
29 32 48
30 15 180
30 17 180
30 27 48
30 33 48
31 15 271
31 28 48
31 34 48
32 9 284
32 29 48
32 35 48
33 10 63
33 20 63
33 30 48
33 36 48
34 20 388
34 31 48
34 37 48
35 22 115
35 32 48
35 38 48
36 12 63
36 14 128
36 33 48
36 39 48
37 12 388
37 34 48
37 40 48
38 24 232
38 35 48
38 41 48
39 7 50
39 8 89
39 36 48
39 42 48
40 7 401
40 37 48
40 43 48
41 19 102
41 38 48
42 2 115
42 4 50
42 39 48
43 4 401
43 40 48
//LocStart LocEnd ShortestPath
0 0 0
0 1 635
0 2 696
0 3 557
0 4 861
0 5 985
0 6 647
0 7 813
0 8 674
0 9 500
0 10 604
0 11 725
0 12 778
0 13 609
0 14 587
0 15 799
0 16 608
0 17 439
0 18 183
0 19 462
0 20 730
0 21 591
0 22 379
0 23 972
0 24 544
0 25 579
0 26 120
0 27 571
0 28 1022
0 29 168
0 30 619
0 31 1070
0 32 216
0 33 667
0 34 1118
0 35 264
0 36 715
0 37 1166
0 38 312
0 39 763
0 40 1214
0 41 360
0 42 811
0 43 1262
0 44 0
1 0 635
1 1 0
1 2 291
1 3 78
1 4 226
1 5 734
1 6 396
1 7 178
1 8 39
1 9 391
1 10 287
1 11 474
1 12 239
1 13 26
1 14 304
1 15 452
1 16 357
1 17 452
1 18 578
1 19 473
1 20 287
1 21 300
1 22 486
1 23 721
1 24 91
1 25 408
1 26 515
1 27 320
1 28 771
1 29 467
1 30 272
1 31 723
1 32 419
1 33 224
1 34 675
1 35 371
1 36 176
1 37 627
1 38 323
1 39 128
1 40 579
1 41 371
1 42 176
1 43 627
1 44 635
2 0 696
2 1 291
2 2 0
2 3 369
2 4 165
2 5 769
2 6 431
2 7 213
2 8 252
2 9 426
2 10 322
2 11 509
2 12 274
2 13 317
2 14 339
2 15 487
2 16 392
2 17 487
2 18 639
2 19 234
2 20 322
2 21 335
2 22 547
2 23 756
2 24 382
2 25 117
2 26 576
2 27 355
2 28 806
2 29 528
2 30 307
2 31 758
2 32 480
2 33 259
2 34 710
2 35 432
2 36 211
2 37 662
2 38 384
2 39 163
2 40 614
2 41 336
2 42 115
2 43 566
2 44 696
3 0 557
3 1 78
3 2 369
3 3 0
3 4 304
3 5 812
3 6 474
3 7 256
3 8 117
3 9 469
3 10 365
3 11 552
3 12 317
3 13 52
3 14 382
3 15 530
3 16 435
3 17 530
3 18 500
3 19 395
3 20 365
3 21 378
3 22 408
3 23 799
3 24 13
3 25 486
3 26 437
3 27 398
3 28 849
3 29 389
3 30 350
3 31 801
3 32 341
3 33 302
3 34 753
3 35 293
3 36 254
3 37 705
3 38 245
3 39 206
3 40 657
3 41 293
3 42 254
3 43 705
3 44 557
4 0 861
4 1 226
4 2 165
4 3 304
4 4 0
4 5 678
4 6 366
4 7 148
4 8 187
4 9 361
4 10 257
4 11 444
4 12 209
4 13 252
4 14 274
4 15 422
4 16 327
4 17 422
4 18 678
4 19 399
4 20 257
4 21 270
4 22 482
4 23 691
4 24 317
4 25 282
4 26 741
4 27 290
4 28 641
4 29 693
4 30 242
4 31 593
4 32 645
4 33 194
4 34 545
4 35 597
4 36 146
4 37 497
4 38 549
4 39 98
4 40 449
4 41 501
4 42 50
4 43 401
4 44 861
5 0 985
5 1 734
5 2 769
5 3 812
5 4 678
5 5 0
5 6 338
5 7 630
5 8 695
5 9 677
5 10 573
5 11 260
5 12 569
5 13 760
5 14 686
5 15 356
5 16 377
5 17 642
5 18 802
5 19 1003
5 20 521
5 21 586
5 22 894
5 23 13
5 24 825
5 25 886
5 26 865
5 27 414
5 28 37
5 29 913
5 30 462
5 31 85
5 32 961
5 33 510
5 34 133
5 35 1009
5 36 558
5 37 181
5 38 1057
5 39 606
5 40 229
5 41 1105
5 42 654
5 43 277
5 44 985
6 0 647
6 1 396
6 2 431
6 3 474
6 4 366
6 5 338
6 6 0
6 7 318
6 8 357
6 9 339
6 10 235
6 11 78
6 12 283
6 13 422
6 14 348
6 15 304
6 16 39
6 17 304
6 18 464
6 19 665
6 20 235
6 21 248
6 22 556
6 23 325
6 24 487
6 25 548
6 26 527
6 27 76
6 28 375
6 29 575
6 30 124
6 31 423
6 32 623
6 33 172
6 34 471
6 35 671
6 36 220
6 37 519
6 38 719
6 39 268
6 40 567
6 41 767
6 42 316
6 43 615
6 44 647
7 0 813
7 1 178
7 2 213
7 3 256
7 4 148
7 5 630
7 6 318
7 7 0
7 8 139
7 9 313
7 10 209
7 11 396
7 12 161
7 13 204
7 14 226
7 15 374
7 16 279
7 17 374
7 18 630
7 19 447
7 20 209
7 21 222
7 22 434
7 23 643
7 24 269
7 25 330
7 26 693
7 27 242
7 28 593
7 29 645
7 30 194
7 31 545
7 32 597
7 33 146
7 34 497
7 35 549
7 36 98
7 37 449
7 38 501
7 39 50
7 40 401
7 41 549
7 42 98
7 43 449
7 44 813
8 0 674
8 1 39
8 2 252
8 3 117
8 4 187
8 5 695
8 6 357
8 7 139
8 8 0
8 9 352
8 10 248
8 11 435
8 12 200
8 13 65
8 14 265
8 15 413
8 16 318
8 17 413
8 18 617
8 19 486
8 20 248
8 21 261
8 22 473
8 23 682
8 24 130
8 25 369
8 26 554
8 27 281
8 28 732
8 29 506
8 30 233
8 31 684
8 32 458
8 33 185
8 34 636
8 35 410
8 36 137
8 37 588
8 38 362
8 39 89
8 40 540
8 41 410
8 42 137
8 43 588
8 44 674
9 0 500
9 1 391
9 2 426
9 3 469
9 4 361
9 5 677
9 6 339
9 7 313
9 8 352
9 9 0
9 10 104
9 11 417
9 12 278
9 13 417
9 14 343
9 15 395
9 16 300
9 17 395
9 18 443
9 19 530
9 20 230
9 21 91
9 22 447
9 23 664
9 24 482
9 25 543
9 26 380
9 27 263
9 28 714
9 29 332
9 30 215
9 31 666
9 32 284
9 33 167
9 34 618
9 35 332
9 36 215
9 37 666
9 38 380
9 39 263
9 40 714
9 41 428
9 42 311
9 43 762
9 44 500
10 0 604
10 1 287
10 2 322
10 3 365
10 4 257
10 5 573
10 6 235
10 7 209
10 8 248
10 9 104
10 10 0
10 11 313
10 12 174
10 13 313
10 14 239
10 15 291
10 16 196
10 17 291
10 18 547
10 19 556
10 20 126
10 21 13
10 22 447
10 23 560
10 24 378
10 25 439
10 26 484
10 27 159
10 28 610
10 29 436
10 30 111
10 31 562
10 32 388
10 33 63
10 34 514
10 35 436
10 36 111
10 37 562
10 38 484
10 39 159
10 40 610
10 41 532
10 42 207
10 43 658
10 44 604
11 0 725
11 1 474
11 2 509
11 3 552
11 4 444
11 5 260
11 6 78
11 7 396
11 8 435
11 9 417
11 10 313
11 11 0
11 12 361
11 13 500
11 14 426
11 15 382
11 16 117
11 17 382
11 18 542
11 19 743
11 20 313
11 21 326
11 22 634
11 23 247
11 24 565
11 25 626
11 26 605
11 27 154
11 28 297
11 29 653
11 30 202
11 31 345
11 32 701
11 33 250
11 34 393
11 35 749
11 36 298
11 37 441
11 38 797
11 39 346
11 40 489
11 41 845
11 42 394
11 43 537
11 44 725
12 0 778
12 1 239
12 2 274
12 3 317
12 4 209
12 5 569
12 6 283
12 7 161
12 8 200
12 9 278
12 10 174
12 11 361
12 12 0
12 13 265
12 14 191
12 15 339
12 16 244
12 17 339
12 18 595
12 19 508
12 20 174
12 21 187
12 22 399
12 23 582
12 24 330
12 25 391
12 26 658
12 27 207
12 28 532
12 29 610
12 30 159
12 31 484
12 32 562
12 33 111
12 34 436
12 35 514
12 36 63
12 37 388
12 38 562
12 39 111
12 40 436
12 41 610
12 42 159
12 43 484
12 44 778
13 0 609
13 1 26
13 2 317
13 3 52
13 4 252
13 5 760
13 6 422
13 7 204
13 8 65
13 9 417
13 10 313
13 11 500
13 12 265
13 13 0
13 14 330
13 15 478
13 16 383
13 17 478
13 18 552
13 19 447
13 20 313
13 21 326
13 22 460
13 23 747
13 24 65
13 25 434
13 26 489
13 27 346
13 28 797
13 29 441
13 30 298
13 31 749
13 32 393
13 33 250
13 34 701
13 35 345
13 36 202
13 37 653
13 38 297
13 39 154
13 40 605
13 41 345
13 42 202
13 43 653
13 44 609
14 0 587
14 1 304
14 2 339
14 3 382
14 4 274
14 5 686
14 6 348
14 7 226
14 8 265
14 9 343
14 10 239
14 11 426
14 12 191
14 13 330
14 14 0
14 15 404
14 16 309
14 17 404
14 18 530
14 19 521
14 20 239
14 21 252
14 22 208
14 23 673
14 24 395
14 25 456
14 26 467
14 27 272
14 28 723
14 29 419
14 30 224
14 31 675
14 32 371
14 33 176
14 34 627
14 35 323
14 36 128
14 37 579
14 38 371
14 39 176
14 40 627
14 41 419
14 42 224
14 43 675
14 44 587
15 0 799
15 1 452
15 2 487
15 3 530
15 4 422
15 5 356
15 6 304
15 7 374
15 8 413
15 9 395
15 10 291
15 11 382
15 12 339
15 13 478
15 14 404
15 15 0
15 16 265
15 17 360
15 18 616
15 19 721
15 20 291
15 21 304
15 22 612
15 23 369
15 24 543
15 25 604
15 26 679
15 27 228
15 28 319
15 29 631
15 30 180
15 31 271
15 32 679
15 33 228
15 34 319
15 35 727
15 36 276
15 37 367
15 38 775
15 39 324
15 40 415
15 41 823
15 42 372
15 43 463
15 44 799
16 0 608
16 1 357
16 2 392
16 3 435
16 4 327
16 5 377
16 6 39
16 7 279
16 8 318
16 9 300
16 10 196
16 11 117
16 12 244
16 13 383
16 14 309
16 15 265
16 16 0
16 17 265
16 18 425
16 19 626
16 20 196
16 21 209
16 22 517
16 23 364
16 24 448
16 25 509
16 26 488
16 27 37
16 28 414
16 29 536
16 30 85
16 31 462
16 32 584
16 33 133
16 34 510
16 35 632
16 36 181
16 37 558
16 38 680
16 39 229
16 40 606
16 41 728
16 42 277
16 43 654
16 44 608
17 0 439
17 1 452
17 2 487
17 3 530
17 4 422
17 5 642
17 6 304
17 7 374
17 8 413
17 9 395
17 10 291
17 11 382
17 12 339
17 13 478
17 14 404
17 15 360
17 16 265
17 17 0
17 18 382
17 19 565
17 20 291
17 21 304
17 22 482
17 23 629
17 24 543
17 25 604
17 26 319
17 27 228
17 28 679
17 29 271
17 30 180
17 31 631
17 32 319
17 33 228
17 34 679
17 35 367
17 36 276
17 37 727
17 38 415
17 39 324
17 40 775
17 41 463
17 42 372
17 43 823
17 44 439
18 0 183
18 1 578
18 2 639
18 3 500
18 4 678
18 5 802
18 6 464
18 7 630
18 8 617
18 9 443
18 10 547
18 11 542
18 12 595
18 13 552
18 14 530
18 15 616
18 16 425
18 17 382
18 18 0
18 19 405
18 20 547
18 21 534
18 22 322
18 23 789
18 24 487
18 25 522
18 26 63
18 27 388
18 28 839
18 29 111
18 30 436
18 31 887
18 32 159
18 33 484
18 34 935
18 35 207
18 36 532
18 37 983
18 38 255
18 39 580
18 40 1031
18 41 303
18 42 628
18 43 1079
18 44 183
19 0 462
19 1 473
19 2 234
19 3 395
19 4 399
19 5 1003
19 6 665
19 7 447
19 8 486
19 9 530
19 10 556
19 11 743
19 12 508
19 13 447
19 14 521
19 15 721
19 16 626
19 17 565
19 18 405
19 19 0
19 20 556
19 21 569
19 22 313
19 23 990
19 24 382
19 25 117
19 26 342
19 27 589
19 28 1040
19 29 294
19 30 541
19 31 992
19 32 246
19 33 493
19 34 944
19 35 198
19 36 445
19 37 896
19 38 150
19 39 397
19 40 848
19 41 102
19 42 349
19 43 800
19 44 462
20 0 730
20 1 287
20 2 322
20 3 365
20 4 257
20 5 521
20 6 235
20 7 209
20 8 248
20 9 230
20 10 126
20 11 313
20 12 174
20 13 313
20 14 239
20 15 291
20 16 196
20 17 291
20 18 547
20 19 556
20 20 0
20 21 139
20 22 447
20 23 534
20 24 378
20 25 439
20 26 610
20 27 159
20 28 484
20 29 562
20 30 111
20 31 436
20 32 514
20 33 63
20 34 388
20 35 562
20 36 111
20 37 436
20 38 610
20 39 159
20 40 484
20 41 658
20 42 207
20 43 532
20 44 730
21 0 591
21 1 300
21 2 335
21 3 378
21 4 270
21 5 586
21 6 248
21 7 222
21 8 261
21 9 91
21 10 13
21 11 326
21 12 187
21 13 326
21 14 252
21 15 304
21 16 209
21 17 304
21 18 534
21 19 569
21 20 139
21 21 0
21 22 460
21 23 573
21 24 391
21 25 452
21 26 471
21 27 172
21 28 623
21 29 423
21 30 124
21 31 575
21 32 375
21 33 76
21 34 527
21 35 423
21 36 124
21 37 575
21 38 471
21 39 172
21 40 623
21 41 519
21 42 220
21 43 671
21 44 591
22 0 379
22 1 486
22 2 547
22 3 408
22 4 482
22 5 894
22 6 556
22 7 434
22 8 473
22 9 447
22 10 447
22 11 634
22 12 399
22 13 460
22 14 208
22 15 612
22 16 517
22 17 482
22 18 322
22 19 313
22 20 447
22 21 460
22 22 0
22 23 881
22 24 395
22 25 430
22 26 259
22 27 480
22 28 931
22 29 211
22 30 432
22 31 883
22 32 163
22 33 384
22 34 835
22 35 115
22 36 336
22 37 787
22 38 163
22 39 384
22 40 835
22 41 211
22 42 432
22 43 883
22 44 379
23 0 972
23 1 721
23 2 756
23 3 799
23 4 691
23 5 13
23 6 325
23 7 643
23 8 682
23 9 664
23 10 560
23 11 247
23 12 582
23 13 747
23 14 673
23 15 369
23 16 364
23 17 629
23 18 789
23 19 990
23 20 534
23 21 573
23 22 881
23 23 0
23 24 812
23 25 873
23 26 852
23 27 401
23 28 50
23 29 900
23 30 449
23 31 98
23 32 948
23 33 497
23 34 146
23 35 996
23 36 545
23 37 194
23 38 1044
23 39 593
23 40 242
23 41 1092
23 42 641
23 43 290
23 44 972
24 0 544
24 1 91
24 2 382
24 3 13
24 4 317
24 5 825
24 6 487
24 7 269
24 8 130
24 9 482
24 10 378
24 11 565
24 12 330
24 13 65
24 14 395
24 15 543
24 16 448
24 17 543
24 18 487
24 19 382
24 20 378
24 21 391
24 22 395
24 23 812
24 24 0
24 25 499
24 26 424
24 27 411
24 28 862
24 29 376
24 30 363
24 31 814
24 32 328
24 33 315
24 34 766
24 35 280
24 36 267
24 37 718
24 38 232
24 39 219
24 40 670
24 41 280
24 42 267
24 43 718
24 44 544
25 0 579
25 1 408
25 2 117
25 3 486
25 4 282
25 5 886
25 6 548
25 7 330
25 8 369
25 9 543
25 10 439
25 11 626
25 12 391
25 13 434
25 14 456
25 15 604
25 16 509
25 17 604
25 18 522
25 19 117
25 20 439
25 21 452
25 22 430
25 23 873
25 24 499
25 25 0
25 26 459
25 27 472
25 28 923
25 29 411
25 30 424
25 31 875
25 32 363
25 33 376
25 34 827
25 35 315
25 36 328
25 37 779
25 38 267
25 39 280
25 40 731
25 41 219
25 42 232
25 43 683
25 44 579
26 0 120
26 1 515
26 2 576
26 3 437
26 4 741
26 5 865
26 6 527
26 7 693
26 8 554
26 9 380
26 10 484
26 11 605
26 12 658
26 13 489
26 14 467
26 15 679
26 16 488
26 17 319
26 18 63
26 19 342
26 20 610
26 21 471
26 22 259
26 23 852
26 24 424
26 25 459
26 26 0
26 27 451
26 28 902
26 29 48
26 30 499
26 31 950
26 32 96
26 33 547
26 34 998
26 35 144
26 36 595
26 37 1046
26 38 192
26 39 643
26 40 1094
26 41 240
26 42 691
26 43 1142
26 44 120
27 0 571
27 1 320
27 2 355
27 3 398
27 4 290
27 5 414
27 6 76
27 7 242
27 8 281
27 9 263
27 10 159
27 11 154
27 12 207
27 13 346
27 14 272
27 15 228
27 16 37
27 17 228
27 18 388
27 19 589
27 20 159
27 21 172
27 22 480
27 23 401
27 24 411
27 25 472
27 26 451
27 27 0
27 28 451
27 29 499
27 30 48
27 31 499
27 32 547
27 33 96
27 34 547
27 35 595
27 36 144
27 37 595
27 38 643
27 39 192
27 40 643
27 41 691
27 42 240
27 43 691
27 44 571
28 0 1022
28 1 771
28 2 806
28 3 849
28 4 641
28 5 37
28 6 375
28 7 593
28 8 732
28 9 714
28 10 610
28 11 297
28 12 532
28 13 797
28 14 723
28 15 319
28 16 414
28 17 679
28 18 839
28 19 1040
28 20 484
28 21 623
28 22 931
28 23 50
28 24 862
28 25 923
28 26 902
28 27 451
28 28 0
28 29 950
28 30 499
28 31 48
28 32 998
28 33 547
28 34 96
28 35 1046
28 36 595
28 37 144
28 38 1094
28 39 643
28 40 192
28 41 1142
28 42 691
28 43 240
28 44 1022
29 0 168
29 1 467
29 2 528
29 3 389
29 4 693
29 5 913
29 6 575
29 7 645
29 8 506
29 9 332
29 10 436
29 11 653
29 12 610
29 13 441
29 14 419
29 15 631
29 16 536
29 17 271
29 18 111
29 19 294
29 20 562
29 21 423
29 22 211
29 23 900
29 24 376
29 25 411
29 26 48
29 27 499
29 28 950
29 29 0
29 30 451
29 31 902
29 32 48
29 33 499
29 34 950
29 35 96
29 36 547
29 37 998
29 38 144
29 39 595
29 40 1046
29 41 192
29 42 643
29 43 1094
29 44 168
30 0 619
30 1 272
30 2 307
30 3 350
30 4 242
30 5 462
30 6 124
30 7 194
30 8 233
30 9 215
30 10 111
30 11 202
30 12 159
30 13 298
30 14 224
30 15 180
30 16 85
30 17 180
30 18 436
30 19 541
30 20 111
30 21 124
30 22 432
30 23 449
30 24 363
30 25 424
30 26 499
30 27 48
30 28 499
30 29 451
30 30 0
30 31 451
30 32 499
30 33 48
30 34 499
30 35 547
30 36 96
30 37 547
30 38 595
30 39 144
30 40 595
30 41 643
30 42 192
30 43 643
30 44 619
31 0 1070
31 1 723
31 2 758
31 3 801
31 4 593
31 5 85
31 6 423
31 7 545
31 8 684
31 9 666
31 10 562
31 11 345
31 12 484
31 13 749
31 14 675
31 15 271
31 16 462
31 17 631
31 18 887
31 19 992
31 20 436
31 21 575
31 22 883
31 23 98
31 24 814
31 25 875
31 26 950
31 27 499
31 28 48
31 29 902
31 30 451
31 31 0
31 32 950
31 33 499
31 34 48
31 35 998
31 36 547
31 37 96
31 38 1046
31 39 595
31 40 144
31 41 1094
31 42 643
31 43 192
31 44 1070
32 0 216
32 1 419
32 2 480
32 3 341
32 4 645
32 5 961
32 6 623
32 7 597
32 8 458
32 9 284
32 10 388
32 11 701
32 12 562
32 13 393
32 14 371
32 15 679
32 16 584
32 17 319
32 18 159
32 19 246
32 20 514
32 21 375
32 22 163
32 23 948
32 24 328
32 25 363
32 26 96
32 27 547
32 28 998
32 29 48
32 30 499
32 31 950
32 32 0
32 33 451
32 34 902
32 35 48
32 36 499
32 37 950
32 38 96
32 39 547
32 40 998
32 41 144
32 42 595
32 43 1046
32 44 216
33 0 667
33 1 224
33 2 259
33 3 302
33 4 194
33 5 510
33 6 172
33 7 146
33 8 185
33 9 167
33 10 63
33 11 250
33 12 111
33 13 250
33 14 176
33 15 228
33 16 133
33 17 228
33 18 484
33 19 493
33 20 63
33 21 76
33 22 384
33 23 497
33 24 315
33 25 376
33 26 547
33 27 96
33 28 547
33 29 499
33 30 48
33 31 499
33 32 451
33 33 0
33 34 451
33 35 499
33 36 48
33 37 499
33 38 547
33 39 96
33 40 547
33 41 595
33 42 144
33 43 595
33 44 667
34 0 1118
34 1 675
34 2 710
34 3 753
34 4 545
34 5 133
34 6 471
34 7 497
34 8 636
34 9 618
34 10 514
34 11 393
34 12 436
34 13 701
34 14 627
34 15 319
34 16 510
34 17 679
34 18 935
34 19 944
34 20 388
34 21 527
34 22 835
34 23 146
34 24 766
34 25 827
34 26 998
34 27 547
34 28 96
34 29 950
34 30 499
34 31 48
34 32 902
34 33 451
34 34 0
34 35 950
34 36 499
34 37 48
34 38 998
34 39 547
34 40 96
34 41 1046
34 42 595
34 43 144
34 44 1118
35 0 264
35 1 371
35 2 432
35 3 293
35 4 597
35 5 1009
35 6 671
35 7 549
35 8 410
35 9 332
35 10 436
35 11 749
35 12 514
35 13 345
35 14 323
35 15 727
35 16 632
35 17 367
35 18 207
35 19 198
35 20 562
35 21 423
35 22 115
35 23 996
35 24 280
35 25 315
35 26 144
35 27 595
35 28 1046
35 29 96
35 30 547
35 31 998
35 32 48
35 33 499
35 34 950
35 35 0
35 36 451
35 37 902
35 38 48
35 39 499
35 40 950
35 41 96
35 42 547
35 43 998
35 44 264
36 0 715
36 1 176
36 2 211
36 3 254
36 4 146
36 5 558
36 6 220
36 7 98
36 8 137
36 9 215
36 10 111
36 11 298
36 12 63
36 13 202
36 14 128
36 15 276
36 16 181
36 17 276
36 18 532
36 19 445
36 20 111
36 21 124
36 22 336
36 23 545
36 24 267
36 25 328
36 26 595
36 27 144
36 28 595
36 29 547
36 30 96
36 31 547
36 32 499
36 33 48
36 34 499
36 35 451
36 36 0
36 37 451
36 38 499
36 39 48
36 40 499
36 41 547
36 42 96
36 43 547
36 44 715
37 0 1166
37 1 627
37 2 662
37 3 705
37 4 497
37 5 181
37 6 519
37 7 449
37 8 588
37 9 666
37 10 562
37 11 441
37 12 388
37 13 653
37 14 579
37 15 367
37 16 558
37 17 727
37 18 983
37 19 896
37 20 436
37 21 575
37 22 787
37 23 194
37 24 718
37 25 779
37 26 1046
37 27 595
37 28 144
37 29 998
37 30 547
37 31 96
37 32 950
37 33 499
37 34 48
37 35 902
37 36 451
37 37 0
37 38 950
37 39 499
37 40 48
37 41 998
37 42 547
37 43 96
37 44 1166
38 0 312
38 1 323
38 2 384
38 3 245
38 4 549
38 5 1057
38 6 719
38 7 501
38 8 362
38 9 380
38 10 484
38 11 797
38 12 562
38 13 297
38 14 371
38 15 775
38 16 680
38 17 415
38 18 255
38 19 150
38 20 610
38 21 471
38 22 163
38 23 1044
38 24 232
38 25 267
38 26 192
38 27 643
38 28 1094
38 29 144
38 30 595
38 31 1046
38 32 96
38 33 547
38 34 998
38 35 48
38 36 499
38 37 950
38 38 0
38 39 451
38 40 902
38 41 48
38 42 499
38 43 950
38 44 312
39 0 763
39 1 128
39 2 163
39 3 206
39 4 98
39 5 606
39 6 268
39 7 50
39 8 89
39 9 263
39 10 159
39 11 346
39 12 111
39 13 154
39 14 176
39 15 324
39 16 229
39 17 324
39 18 580
39 19 397
39 20 159
39 21 172
39 22 384
39 23 593
39 24 219
39 25 280
39 26 643
39 27 192
39 28 643
39 29 595
39 30 144
39 31 595
39 32 547
39 33 96
39 34 547
39 35 499
39 36 48
39 37 499
39 38 451
39 39 0
39 40 451
39 41 499
39 42 48
39 43 499
39 44 763
40 0 1214
40 1 579
40 2 614
40 3 657
40 4 449
40 5 229
40 6 567
40 7 401
40 8 540
40 9 714
40 10 610
40 11 489
40 12 436
40 13 605
40 14 627
40 15 415
40 16 606
40 17 775
40 18 1031
40 19 848
40 20 484
40 21 623
40 22 835
40 23 242
40 24 670
40 25 731
40 26 1094
40 27 643
40 28 192
40 29 1046
40 30 595
40 31 144
40 32 998
40 33 547
40 34 96
40 35 950
40 36 499
40 37 48
40 38 902
40 39 451
40 40 0
40 41 950
40 42 499
40 43 48
40 44 1214
41 0 360
41 1 371
41 2 336
41 3 293
41 4 501
41 5 1105
41 6 767
41 7 549
41 8 410
41 9 428
41 10 532
41 11 845
41 12 610
41 13 345
41 14 419
41 15 823
41 16 728
41 17 463
41 18 303
41 19 102
41 20 658
41 21 519
41 22 211
41 23 1092
41 24 280
41 25 219
41 26 240
41 27 691
41 28 1142
41 29 192
41 30 643
41 31 1094
41 32 144
41 33 595
41 34 1046
41 35 96
41 36 547
41 37 998
41 38 48
41 39 499
41 40 950
41 41 0
41 42 451
41 43 902
41 44 360
42 0 811
42 1 176
42 2 115
42 3 254
42 4 50
42 5 654
42 6 316
42 7 98
42 8 137
42 9 311
42 10 207
42 11 394
42 12 159
42 13 202
42 14 224
42 15 372
42 16 277
42 17 372
42 18 628
42 19 349
42 20 207
42 21 220
42 22 432
42 23 641
42 24 267
42 25 232
42 26 691
42 27 240
42 28 691
42 29 643
42 30 192
42 31 643
42 32 595
42 33 144
42 34 595
42 35 547
42 36 96
42 37 547
42 38 499
42 39 48
42 40 499
42 41 451
42 42 0
42 43 451
42 44 811
43 0 1262
43 1 627
43 2 566
43 3 705
43 4 401
43 5 277
43 6 615
43 7 449
43 8 588
43 9 762
43 10 658
43 11 537
43 12 484
43 13 653
43 14 675
43 15 463
43 16 654
43 17 823
43 18 1079
43 19 800
43 20 532
43 21 671
43 22 883
43 23 290
43 24 718
43 25 683
43 26 1142
43 27 691
43 28 240
43 29 1094
43 30 643
43 31 192
43 32 1046
43 33 595
43 34 144
43 35 998
43 36 547
43 37 96
43 38 950
43 39 499
43 40 48
43 41 902
43 42 451
43 43 0
43 44 1262
44 0 0
44 1 635
44 2 696
44 3 557
44 4 861
44 5 985
44 6 647
44 7 813
44 8 674
44 9 500
44 10 604
44 11 725
44 12 778
44 13 609
44 14 587
44 15 799
44 16 608
44 17 439
44 18 183
44 19 462
44 20 730
44 21 591
44 22 379
44 23 972
44 24 544
44 25 579
44 26 120
44 27 571
44 28 1022
44 29 168
44 30 619
44 31 1070
44 32 216
44 33 667
44 34 1118
44 35 264
44 36 715
44 37 1166
44 38 312
44 39 763
44 40 1214
44 41 360
44 42 811
44 43 1262
44 44 0
//Location coordinates LocationName
//Loc x y
0 0.0 0.0 "depot"
1 192.0 443.0 "product aisle 4 bloc 0 rank 45"
2 240.0 456.0 "product aisle 5 bloc 0 rank 47"
3 192.0 365.0 "product aisle 4 bloc 0 rank 34"
4 240.0 621.0 "product aisle 5 bloc 1 rank 3"
5 0.0 985.0 "product aisle 0 bloc 1 rank 60"
6 0.0 647.0 "product aisle 0 bloc 1 rank 8"
7 192.0 621.0 "product aisle 4 bloc 1 rank 4"
8 192.0 482.0 "product aisle 4 bloc 0 rank 52"
9 96.0 404.0 "product aisle 2 bloc 0 rank 39"
10 96.0 508.0 "product aisle 2 bloc 0 rank 56"
11 0.0 725.0 "product aisle 0 bloc 1 rank 20"
12 144.0 634.0 "product aisle 3 bloc 1 rank 6"
13 192.0 417.0 "product aisle 4 bloc 0 rank 41"
14 144.0 443.0 "product aisle 3 bloc 0 rank 46"
15 48.0 751.0 "product aisle 1 bloc 1 rank 24"
16 0.0 608.0 "product aisle 0 bloc 1 rank 1"
17 48.0 391.0 "product aisle 1 bloc 0 rank 38"
18 0.0 183.0 "product aisle 0 bloc 0 rank 5"
19 240.0 222.0 "product aisle 5 bloc 0 rank 12"
20 96.0 634.0 "product aisle 2 bloc 1 rank 5"
21 96.0 495.0 "product aisle 2 bloc 0 rank 53"
22 144.0 235.0 "product aisle 3 bloc 0 rank 14"
23 0.0 972.0 "product aisle 0 bloc 1 rank 57"
24 192.0 352.0 "product aisle 4 bloc 0 rank 31"
25 240.0 339.0 "product aisle 5 bloc 0 rank 30"
26 24.0 120.0 "intersection aisle 0 bloc 0 rank 0"
27 24.0 571.0 "intersection aisle 0 bloc 1 rank 1"
28 24.0 1022.0 "intersection aisle 0 bloc 2 rank 2"
29 72.0 120.0 "intersection aisle 1 bloc 0 rank 0"
30 72.0 571.0 "intersection aisle 1 bloc 1 rank 1"
31 72.0 1022.0 "intersection aisle 1 bloc 2 rank 2"
32 120.0 120.0 "intersection aisle 2 bloc 0 rank 0"
33 120.0 571.0 "intersection aisle 2 bloc 1 rank 1"
34 120.0 1022.0 "intersection aisle 2 bloc 2 rank 2"
35 168.0 120.0 "intersection aisle 3 bloc 0 rank 0"
36 168.0 571.0 "intersection aisle 3 bloc 1 rank 1"
37 168.0 1022.0 "intersection aisle 3 bloc 2 rank 2"
38 216.0 120.0 "intersection aisle 4 bloc 0 rank 0"
39 216.0 571.0 "intersection aisle 4 bloc 1 rank 1"
40 216.0 1022.0 "intersection aisle 4 bloc 2 rank 2"
41 264.0 120.0 "intersection aisle 5 bloc 0 rank 0"
42 264.0 571.0 "intersection aisle 5 bloc 1 rank 1"
43 264.0 1022.0 "intersection aisle 5 bloc 2 rank 2"
44 0.0 0.0 "depot"
