//alpha
1
//NbLocations
48
//NbProducts
30
//NbPickers
2
//CapaPicker
8
//TimeToTravelOneDistanceUnit
3
//SetupTime
5400
//PickTime
300
//Products
//Idx Location Size
1 1 1
2 2 1
3 3 1
4 4 1
5 5 1
6 6 1
7 7 1
8 8 1
9 9 1
10 10 1
11 11 1
12 12 1
13 13 1
14 14 1
15 15 1
16 16 1
17 13 1
18 17 1
19 18 1
20 19 1
21 20 1
22 21 1
23 22 1
24 23 1
25 24 1
26 25 1
27 26 1
28 27 1
29 28 1
30 29 1
//Orders
//NbOrders
12
//Idx DueDate TardinessPenalty NbProdInOrder ProdIdx1 Qty1 ProdIdx2 Qty2 ...
1 90000 0 4 1 1 2 1 3 1 4 1
2 54000 0 1 5 1
3 54000 0 1 6 1
4 54000 0 1 7 1
5 54000 0 5 8 1 9 1 10 1 11 1 12 1
6 72000 0 1 13 1
7 126000 0 5 14 1 15 1 16 1 17 1 18 1
8 126000 0 3 19 1 20 1 21 1
9 144000 0 1 22 1
10 72000 0 3 23 1 24 1 25 1
11 90000 0 3 26 1 27 1 28 1
12 72000 0 2 29 1 30 1
//Graph (Products are vertices indexed from 1 to NbProducts)
//NbVerticesIntersections
18
//DepartingDepot
0
//ArrivalDepot
48
//Arcs
//Start End Distance
0 30 120
1 33 206
1 34 245
2 42 336
2 43 115
3 20 26
3 40 63
4 13 78
4 28 247
5 9 143
5 44 37
6 8 26
6 18 247
7 21 39
7 40 180
8 6 26
8 38 63
9 5 143
9 27 208
10 13 39
10 45 50
11 29 156
11 32 128
12 17 104
12 31 232
13 4 78
13 10 39
14 18 26
14 37 89
15 24 260
15 39 89
16 26 78
16 34 219
17 12 104
17 30 115
18 6 247
18 14 26
19 26 104
19 35 50
20 3 26
20 24 13
21 7 39
21 41 232
22 46 115
22 47 336
23 25 91
23 36 102
24 15 260
24 20 13
25 23 91
25 37 258
26 16 78
26 19 104
27 9 208
27 43 63
28 4 247
28 46 37
29 11 156
29 31 167
30 17 115
30 33 48
30 48 120
31 12 232
31 29 167
31 34 48
32 11 128
32 35 48
33 1 206
33 30 48
33 36 48
34 1 245
34 16 219
34 31 48
34 37 48
35 19 50
35 32 48
35 38 48
36 23 102
36 33 48
36 39 48
37 14 89
37 25 258
37 34 48
37 40 48
38 8 63
38 35 48
38 41 48
39 15 89
39 36 48
39 42 48
40 3 63
40 7 180
40 37 48
40 43 48
41 21 232
41 38 48
41 44 48
42 2 336
42 39 48
42 45 48
43 2 115
43 27 63
43 40 48
43 46 48
44 5 37
44 41 48
44 47 48
45 10 50
45 42 48
46 22 115
46 28 37
46 43 48
47 22 336
47 44 48
//LocStart LocEnd ShortestPath
0 0 0
0 1 374
0 2 648
0 3 652
0 4 527
0 5 1177
0 6 1029
0 7 895
0 8 1055
0 9 1034
0 10 410
0 11 894
0 12 339
0 13 449
0 14 756
0 15 353
0 16 838
0 17 235
0 18 782
0 19 1020
0 20 626
0 21 934
0 22 926
0 23 318
0 24 613
0 25 409
0 26 916
0 27 826
0 28 774
0 29 738
0 30 120
0 31 571
0 32 1022
0 33 168
0 34 619
0 35 1070
0 36 216
0 37 667
0 38 1118
0 39 264
0 40 715
0 41 1166
0 42 312
0 43 763
0 44 1214
0 45 360
0 46 811
0 47 1262
0 48 0
1 0 374
1 1 0
1 2 504
1 3 404
1 4 565
1 5 803
1 6 655
1 7 521
1 8 681
1 9 660
1 10 448
1 11 616
1 12 473
1 13 487
1 14 382
1 15 391
1 16 464
1 17 369
1 18 408
1 19 646
1 20 430
1 21 560
1 22 552
1 23 356
1 24 443
1 25 447
1 26 542
1 27 452
1 28 474
1 29 460
1 30 254
1 31 293
1 32 744
1 33 206
1 34 245
1 35 696
1 36 254
1 37 293
1 38 744
1 39 302
1 40 341
1 41 792
1 42 350
1 43 389
1 44 840
1 45 398
1 46 437
1 47 888
1 48 374
2 0 648
2 1 504
2 2 0
2 3 226
2 4 447
2 5 529
2 6 573
2 7 343
2 8 599
2 9 386
2 10 434
2 11 630
2 12 539
2 13 473
2 14 300
2 15 473
2 16 478
2 17 643
2 18 326
2 19 660
2 20 252
2 21 382
2 22 278
2 23 534
2 24 265
2 25 469
2 26 556
2 27 178
2 28 200
2 29 474
2 30 528
2 31 307
2 32 758
2 33 480
2 34 259
2 35 710
2 36 432
2 37 211
2 38 662
2 39 384
2 40 163
2 41 614
2 42 336
2 43 115
2 44 566
2 45 384
2 46 163
2 47 614
2 48 648
3 0 652
3 1 404
3 2 226
3 3 0
3 4 443
3 5 525
3 6 473
3 7 243
3 8 499
3 9 382
3 10 534
3 11 530
3 12 439
3 13 521
3 14 200
3 15 299
3 16 378
3 17 543
3 18 226
3 19 560
3 20 26
3 21 282
3 22 274
3 23 460
3 24 39
3 25 369
3 26 456
3 27 174
3 28 196
3 29 374
3 30 532
3 31 207
3 32 658
3 33 484
3 34 159
3 35 610
3 36 436
3 37 111
3 38 562
3 39 388
3 40 63
3 41 514
3 42 436
3 43 111
3 44 562
3 45 484
3 46 159
3 47 610
3 48 652
4 0 527
4 1 565
4 2 447
4 3 443
4 4 0
4 5 746
4 6 790
4 7 560
4 8 816
4 9 603
4 10 117
4 11 847
4 12 626
4 13 78
4 14 517
4 15 352
4 16 695
4 17 522
4 18 543
4 19 877
4 20 469
4 21 599
4 22 399
4 23 413
4 24 482
4 25 504
4 26 773
4 27 395
4 28 247
4 29 691
4 30 407
4 31 524
4 32 975
4 33 359
4 34 476
4 35 927
4 36 311
4 37 428
4 38 879
4 39 263
4 40 380
4 41 831
4 42 215
4 43 332
4 44 783
4 45 167
4 46 284
4 47 735
4 48 527
5 0 1177
5 1 803
5 2 529
5 3 525
5 4 746
5 5 0
5 6 222
5 7 356
5 8 196
5 9 143
5 10 863
5 11 357
5 12 838
5 13 824
5 14 495
5 15 824
5 16 413
5 17 942
5 18 469
5 19 231
5 20 551
5 21 317
5 22 421
5 23 859
5 24 564
5 25 768
5 26 335
5 27 351
5 28 499
5 29 513
5 30 1057
5 31 606
5 32 229
5 33 1009
5 34 558
5 35 181
5 36 961
5 37 510
5 38 133
5 39 913
5 40 462
5 41 85
5 42 865
5 43 414
5 44 37
5 45 913
5 46 462
5 47 85
5 48 1177
6 0 1029
6 1 655
6 2 573
6 3 473
6 4 790
6 5 222
6 6 0
6 7 408
6 8 26
6 9 365
6 10 907
6 11 313
6 12 690
6 13 868
6 14 273
6 15 772
6 16 369
6 17 794
6 18 247
6 19 187
6 20 499
6 21 369
6 22 569
6 23 711
6 24 512
6 25 620
6 26 291
6 27 521
6 28 543
6 29 469
6 30 909
6 31 458
6 32 185
6 33 861
6 34 410
6 35 137
6 36 813
6 37 362
6 38 89
6 39 861
6 40 410
6 41 137
6 42 909
6 43 458
6 44 185
6 45 957
6 46 506
6 47 233
6 48 1029
7 0 895
7 1 521
7 2 343
7 3 243
7 4 560
7 5 356
7 6 408
7 7 0
7 8 382
7 9 499
7 10 677
7 11 543
7 12 556
7 13 638
7 14 317
7 15 542
7 16 495
7 17 660
7 18 343
7 19 417
7 20 269
7 21 39
7 22 391
7 23 577
7 24 282
7 25 486
7 26 521
7 27 291
7 28 313
7 29 491
7 30 775
7 31 324
7 32 415
7 33 727
7 34 276
7 35 367
7 36 679
7 37 228
7 38 319
7 39 631
7 40 180
7 41 271
7 42 679
7 43 228
7 44 319
7 45 727
7 46 276
7 47 367
7 48 895
8 0 1055
8 1 681
8 2 599
8 3 499
8 4 816
8 5 196
8 6 26
8 7 382
8 8 0
8 9 339
8 10 933
8 11 287
8 12 716
8 13 894
8 14 299
8 15 798
8 16 343
8 17 820
8 18 273
8 19 161
8 20 525
8 21 343
8 22 543
8 23 737
8 24 538
8 25 646
8 26 265
8 27 547
8 28 569
8 29 443
8 30 935
8 31 484
8 32 159
8 33 887
8 34 436
8 35 111
8 36 839
8 37 388
8 38 63
8 39 887
8 40 436
8 41 111
8 42 935
8 43 484
8 44 159
8 45 983
8 46 532
8 47 207
8 48 1055
9 0 1034
9 1 660
9 2 386
9 3 382
9 4 603
9 5 143
9 6 365
9 7 499
9 8 339
9 9 0
9 10 720
9 11 500
9 12 695
9 13 681
9 14 456
9 15 681
9 16 556
9 17 799
9 18 482
9 19 374
9 20 408
9 21 460
9 22 434
9 23 716
9 24 421
9 25 625
9 26 478
9 27 208
9 28 356
9 29 630
9 30 914
9 31 463
9 32 372
9 33 866
9 34 415
9 35 324
9 36 818
9 37 367
9 38 276
9 39 770
9 40 319
9 41 228
9 42 722
9 43 271
9 44 180
9 45 770
9 46 319
9 47 228
9 48 1034
10 0 410
10 1 448
10 2 434
10 3 534
10 4 117
10 5 863
10 6 907
10 7 677
10 8 933
10 9 720
10 10 0
10 11 964
10 12 509
10 13 39
10 14 634
10 15 235
10 16 812
10 17 405
10 18 660
10 19 994
10 20 508
10 21 716
10 22 516
10 23 296
10 24 495
10 25 387
10 26 890
10 27 512
10 28 364
10 29 808
10 30 290
10 31 641
10 32 1092
10 33 242
10 34 593
10 35 1044
10 36 194
10 37 545
10 38 996
10 39 146
10 40 497
10 41 948
10 42 98
10 43 449
10 44 900
10 45 50
10 46 401
10 47 852
10 48 410
11 0 894
11 1 616
11 2 630
11 3 530
11 4 847
11 5 357
11 6 313
11 7 543
11 8 287
11 9 500
11 10 964
11 11 0
11 12 555
11 13 925
11 14 508
11 15 829
11 16 408
11 17 659
11 18 534
11 19 226
11 20 556
11 21 504
11 22 678
11 23 768
11 24 569
11 25 677
11 26 330
11 27 578
11 28 600
11 29 156
11 30 774
11 31 323
11 32 128
11 33 822
11 34 371
11 35 176
11 36 870
11 37 419
11 38 224
11 39 918
11 40 467
11 41 272
11 42 966
11 43 515
11 44 320
11 45 1014
11 46 563
11 47 368
11 48 894
12 0 339
12 1 473
12 2 539
12 3 439
12 4 626
12 5 838
12 6 690
12 7 556
12 8 716
12 9 695
12 10 509
12 11 555
12 12 0
12 13 548
12 14 417
12 15 452
12 16 499
12 17 104
12 18 443
12 19 681
12 20 465
12 21 595
12 22 587
12 23 417
12 24 478
12 25 508
12 26 577
12 27 487
12 28 509
12 29 399
12 30 219
12 31 232
12 32 683
12 33 267
12 34 280
12 35 731
12 36 315
12 37 328
12 38 779
12 39 363
12 40 376
12 41 827
12 42 411
12 43 424
12 44 875
12 45 459
12 46 472
12 47 923
12 48 339
13 0 449
13 1 487
13 2 473
13 3 521
13 4 78
13 5 824
13 6 868
13 7 638
13 8 894
13 9 681
13 10 39
13 11 925
13 12 548
13 13 0
13 14 595
13 15 274
13 16 773
13 17 444
13 18 621
13 19 955
13 20 547
13 21 677
13 22 477
13 23 335
13 24 534
13 25 426
13 26 851
13 27 473
13 28 325
13 29 769
13 30 329
13 31 602
13 32 1053
13 33 281
13 34 554
13 35 1005
13 36 233
13 37 506
13 38 957
13 39 185
13 40 458
13 41 909
13 42 137
13 43 410
13 44 861
13 45 89
13 46 362
13 47 813
13 48 449
14 0 756
14 1 382
14 2 300
14 3 200
14 4 517
14 5 495
14 6 273
14 7 317
14 8 299
14 9 456
14 10 634
14 11 508
14 12 417
14 13 595
14 14 0
14 15 499
14 16 356
14 17 521
14 18 26
14 19 460
14 20 226
14 21 356
14 22 348
14 23 438
14 24 239
14 25 347
14 26 434
14 27 248
14 28 270
14 29 352
14 30 636
14 31 185
14 32 458
14 33 588
14 34 137
14 35 410
14 36 540
14 37 89
14 38 362
14 39 588
14 40 137
14 41 410
14 42 636
14 43 185
14 44 458
14 45 684
14 46 233
14 47 506
14 48 756
15 0 353
15 1 391
15 2 473
15 3 299
15 4 352
15 5 824
15 6 772
15 7 542
15 8 798
15 9 681
15 10 235
15 11 829
15 12 452
15 13 274
15 14 499
15 15 0
15 16 677
15 17 348
15 18 525
15 19 859
15 20 273
15 21 581
15 22 573
15 23 239
15 24 260
15 25 330
15 26 755
15 27 473
15 28 495
15 29 673
15 30 233
15 31 506
15 32 957
15 33 185
15 34 458
15 35 909
15 36 137
15 37 410
15 38 861
15 39 89
15 40 362
15 41 813
15 42 137
15 43 410
15 44 861
15 45 185
15 46 458
15 47 909
15 48 353
16 0 838
16 1 464
16 2 478
16 3 378
16 4 695
16 5 413
16 6 369
16 7 495
16 8 343
16 9 556
16 10 812
16 11 408
16 12 499
16 13 773
16 14 356
16 15 677
16 16 0
16 17 603
16 18 382
16 19 182
16 20 404
16 21 534
16 22 526
16 23 616
16 24 417
16 25 525
16 26 78
16 27 426
16 28 448
16 29 434
16 30 718
16 31 267
16 32 280
16 33 670
16 34 219
16 35 232
16 36 718
16 37 267
16 38 280
16 39 766
16 40 315
16 41 328
16 42 814
16 43 363
16 44 376
16 45 862
16 46 411
16 47 424
16 48 838
17 0 235
17 1 369
17 2 643
17 3 543
17 4 522
17 5 942
17 6 794
17 7 660
17 8 820
17 9 799
17 10 405
17 11 659
17 12 104
17 13 444
17 14 521
17 15 348
17 16 603
17 17 0
17 18 547
17 19 785
17 20 569
17 21 699
17 22 691
17 23 313
17 24 582
17 25 404
17 26 681
17 27 591
17 28 613
17 29 503
17 30 115
17 31 336
17 32 787
17 33 163
17 34 384
17 35 835
17 36 211
17 37 432
17 38 883
17 39 259
17 40 480
17 41 931
17 42 307
17 43 528
17 44 979
17 45 355
17 46 576
17 47 1027
17 48 235
18 0 782
18 1 408
18 2 326
18 3 226
18 4 543
18 5 469
18 6 247
18 7 343
18 8 273
18 9 482
18 10 660
18 11 534
18 12 443
18 13 621
18 14 26
18 15 525
18 16 382
18 17 547
18 18 0
18 19 434
18 20 252
18 21 382
18 22 374
18 23 464
18 24 265
18 25 373
18 26 460
18 27 274
18 28 296
18 29 378
18 30 662
18 31 211
18 32 432
18 33 614
18 34 163
18 35 384
18 36 566
18 37 115
18 38 336
18 39 614
18 40 163
18 41 384
18 42 662
18 43 211
18 44 432
18 45 710
18 46 259
18 47 480
18 48 782
19 0 1020
19 1 646
19 2 660
19 3 560
19 4 877
19 5 231
19 6 187
19 7 417
19 8 161
19 9 374
19 10 994
19 11 226
19 12 681
19 13 955
19 14 460
19 15 859
19 16 182
19 17 785
19 18 434
19 19 0
19 20 586
19 21 378
19 22 578
19 23 798
19 24 599
19 25 707
19 26 104
19 27 582
19 28 630
19 29 382
19 30 900
19 31 449
19 32 98
19 33 852
19 34 401
19 35 50
19 36 900
19 37 449
19 38 98
19 39 948
19 40 497
19 41 146
19 42 996
19 43 545
19 44 194
19 45 1044
19 46 593
19 47 242
19 48 1020
20 0 626
20 1 430
20 2 252
20 3 26
20 4 469
20 5 551
20 6 499
20 7 269
20 8 525
20 9 408
20 10 508
20 11 556
20 12 465
20 13 547
20 14 226
20 15 273
20 16 404
20 17 569
20 18 252
20 19 586
20 20 0
20 21 308
20 22 300
20 23 486
20 24 13
20 25 395
20 26 482
20 27 200
20 28 222
20 29 400
20 30 506
20 31 233
20 32 684
20 33 458
20 34 185
20 35 636
20 36 410
20 37 137
20 38 588
20 39 362
20 40 89
20 41 540
20 42 410
20 43 137
20 44 588
20 45 458
20 46 185
20 47 636
20 48 626
21 0 934
21 1 560
21 2 382
21 3 282
21 4 599
21 5 317
21 6 369
21 7 39
21 8 343
21 9 460
21 10 716
21 11 504
21 12 595
21 13 677
21 14 356
21 15 581
21 16 534
21 17 699
21 18 382
21 19 378
21 20 308
21 21 0
21 22 430
21 23 616
21 24 321
21 25 525
21 26 482
21 27 330
21 28 352
21 29 530
21 30 814
21 31 363
21 32 376
21 33 766
21 34 315
21 35 328
21 36 718
21 37 267
21 38 280
21 39 670
21 40 219
21 41 232
21 42 718
21 43 267
21 44 280
21 45 766
21 46 315
21 47 328
21 48 934
22 0 926
22 1 552
22 2 278
22 3 274
22 4 399
22 5 421
22 6 569
22 7 391
22 8 543
22 9 434
22 10 516
22 11 678
22 12 587
22 13 477
22 14 348
22 15 573
22 16 526
22 17 691
22 18 374
22 19 578
22 20 300
22 21 430
22 22 0
22 23 608
22 24 313
22 25 517
22 26 604
22 27 226
22 28 152
22 29 522
22 30 806
22 31 355
22 32 576
22 33 758
22 34 307
22 35 528
22 36 710
22 37 259
22 38 480
22 39 662
22 40 211
22 41 432
22 42 614
22 43 163
22 44 384
22 45 566
22 46 115
22 47 336
22 48 926
23 0 318
23 1 356
23 2 534
23 3 460
23 4 413
23 5 859
23 6 711
23 7 577
23 8 737
23 9 716
23 10 296
23 11 768
23 12 417
23 13 335
23 14 438
23 15 239
23 16 616
23 17 313
23 18 464
23 19 798
23 20 486
23 21 616
23 22 608
23 23 0
23 24 499
23 25 91
23 26 694
23 27 508
23 28 530
23 29 612
23 30 198
23 31 445
23 32 896
23 33 150
23 34 397
23 35 848
23 36 102
23 37 349
23 38 800
23 39 150
23 40 397
23 41 848
23 42 198
23 43 445
23 44 896
23 45 246
23 46 493
23 47 944
23 48 318
24 0 613
24 1 443
24 2 265
24 3 39
24 4 482
24 5 564
24 6 512
24 7 282
24 8 538
24 9 421
24 10 495
24 11 569
24 12 478
24 13 534
24 14 239
24 15 260
24 16 417
24 17 582
24 18 265
24 19 599
24 20 13
24 21 321
24 22 313
24 23 499
24 24 0
24 25 408
24 26 495
24 27 213
24 28 235
24 29 413
24 30 493
24 31 246
24 32 697
24 33 445
24 34 198
24 35 649
24 36 397
24 37 150
24 38 601
24 39 349
24 40 102
24 41 553
24 42 397
24 43 150
24 44 601
24 45 445
24 46 198
24 47 649
24 48 613
25 0 409
25 1 447
25 2 469
25 3 369
25 4 504
25 5 768
25 6 620
25 7 486
25 8 646
25 9 625
25 10 387
25 11 677
25 12 508
25 13 426
25 14 347
25 15 330
25 16 525
25 17 404
25 18 373
25 19 707
25 20 395
25 21 525
25 22 517
25 23 91
25 24 408
25 25 0
25 26 603
25 27 417
25 28 439
25 29 521
25 30 289
25 31 354
25 32 805
25 33 241
25 34 306
25 35 757
25 36 193
25 37 258
25 38 709
25 39 241
25 40 306
25 41 757
25 42 289
25 43 354
25 44 805
25 45 337
25 46 402
25 47 853
25 48 409
26 0 916
26 1 542
26 2 556
26 3 456
26 4 773
26 5 335
26 6 291
26 7 521
26 8 265
26 9 478
26 10 890
26 11 330
26 12 577
26 13 851
26 14 434
26 15 755
26 16 78
26 17 681
26 18 460
26 19 104
26 20 482
26 21 482
26 22 604
26 23 694
26 24 495
26 25 603
26 26 0
26 27 504
26 28 526
26 29 486
26 30 796
26 31 345
26 32 202
26 33 748
26 34 297
26 35 154
26 36 796
26 37 345
26 38 202
26 39 844
26 40 393
26 41 250
26 42 892
26 43 441
26 44 298
26 45 940
26 46 489
26 47 346
26 48 916
27 0 826
27 1 452
27 2 178
27 3 174
27 4 395
27 5 351
27 6 521
27 7 291
27 8 547
27 9 208
27 10 512
27 11 578
27 12 487
27 13 473
27 14 248
27 15 473
27 16 426
27 17 591
27 18 274
27 19 582
27 20 200
27 21 330
27 22 226
27 23 508
27 24 213
27 25 417
27 26 504
27 27 0
27 28 148
27 29 422
27 30 706
27 31 255
27 32 580
27 33 658
27 34 207
27 35 532
27 36 610
27 37 159
27 38 484
27 39 562
27 40 111
27 41 436
27 42 514
27 43 63
27 44 388
27 45 562
27 46 111
27 47 436
27 48 826
28 0 774
28 1 474
28 2 200
28 3 196
28 4 247
28 5 499
28 6 543
28 7 313
28 8 569
28 9 356
28 10 364
28 11 600
28 12 509
28 13 325
28 14 270
28 15 495
28 16 448
28 17 613
28 18 296
28 19 630
28 20 222
28 21 352
28 22 152
28 23 530
28 24 235
28 25 439
28 26 526
28 27 148
28 28 0
28 29 444
28 30 654
28 31 277
28 32 728
28 33 606
28 34 229
28 35 680
28 36 558
28 37 181
28 38 632
28 39 510
28 40 133
28 41 584
28 42 462
28 43 85
28 44 536
28 45 414
28 46 37
28 47 488
28 48 774
29 0 738
29 1 460
29 2 474
29 3 374
29 4 691
29 5 513
29 6 469
29 7 491
29 8 443
29 9 630
29 10 808
29 11 156
29 12 399
29 13 769
29 14 352
29 15 673
29 16 434
29 17 503
29 18 378
29 19 382
29 20 400
29 21 530
29 22 522
29 23 612
29 24 413
29 25 521
29 26 486
29 27 422
29 28 444
29 29 0
29 30 618
29 31 167
29 32 284
29 33 666
29 34 215
29 35 332
29 36 714
29 37 263
29 38 380
29 39 762
29 40 311
29 41 428
29 42 810
29 43 359
29 44 476
29 45 858
29 46 407
29 47 524
29 48 738
30 0 120
30 1 254
30 2 528
30 3 532
30 4 407
30 5 1057
30 6 909
30 7 775
30 8 935
30 9 914
30 10 290
30 11 774
30 12 219
30 13 329
30 14 636
30 15 233
30 16 718
30 17 115
30 18 662
30 19 900
30 20 506
30 21 814
30 22 806
30 23 198
30 24 493
30 25 289
30 26 796
30 27 706
30 28 654
30 29 618
30 30 0
30 31 451
30 32 902
30 33 48
30 34 499
30 35 950
30 36 96
30 37 547
30 38 998
30 39 144
30 40 595
30 41 1046
30 42 192
30 43 643
30 44 1094
30 45 240
30 46 691
30 47 1142
30 48 120
31 0 571
31 1 293
31 2 307
31 3 207
31 4 524
31 5 606
31 6 458
31 7 324
31 8 484
31 9 463
31 10 641
31 11 323
31 12 232
31 13 602
31 14 185
31 15 506
31 16 267
31 17 336
31 18 211
31 19 449
31 20 233
31 21 363
31 22 355
31 23 445
31 24 246
31 25 354
31 26 345
31 27 255
31 28 277
31 29 167
31 30 451
31 31 0
31 32 451
31 33 499
31 34 48
31 35 499
31 36 547
31 37 96
31 38 547
31 39 595
31 40 144
31 41 595
31 42 643
31 43 192
31 44 643
31 45 691
31 46 240
31 47 691
31 48 571
32 0 1022
32 1 744
32 2 758
32 3 658
32 4 975
32 5 229
32 6 185
32 7 415
32 8 159
32 9 372
32 10 1092
32 11 128
32 12 683
32 13 1053
32 14 458
32 15 957
32 16 280
32 17 787
32 18 432
32 19 98
32 20 684
32 21 376
32 22 576
32 23 896
32 24 697
32 25 805
32 26 202
32 27 580
32 28 728
32 29 284
32 30 902
32 31 451
32 32 0
32 33 950
32 34 499
32 35 48
32 36 998
32 37 547
32 38 96
32 39 1046
32 40 595
32 41 144
32 42 1094
32 43 643
32 44 192
32 45 1142
32 46 691
32 47 240
32 48 1022
33 0 168
33 1 206
33 2 480
33 3 484
33 4 359
33 5 1009
33 6 861
33 7 727
33 8 887
33 9 866
33 10 242
33 11 822
33 12 267
33 13 281
33 14 588
33 15 185
33 16 670
33 17 163
33 18 614
33 19 852
33 20 458
33 21 766
33 22 758
33 23 150
33 24 445
33 25 241
33 26 748
33 27 658
33 28 606
33 29 666
33 30 48
33 31 499
33 32 950
33 33 0
33 34 451
33 35 902
33 36 48
33 37 499
33 38 950
33 39 96
33 40 547
33 41 998
33 42 144
33 43 595
33 44 1046
33 45 192
33 46 643
33 47 1094
33 48 168
34 0 619
34 1 245
34 2 259
34 3 159
34 4 476
34 5 558
34 6 410
34 7 276
34 8 436
34 9 415
34 10 593
34 11 371
34 12 280
34 13 554
34 14 137
34 15 458
34 16 219
34 17 384
34 18 163
34 19 401
34 20 185
34 21 315
34 22 307
34 23 397
34 24 198
34 25 306
34 26 297
34 27 207
34 28 229
34 29 215
34 30 499
34 31 48
34 32 499
34 33 451
34 34 0
34 35 451
34 36 499
34 37 48
34 38 499
34 39 547
34 40 96
34 41 547
34 42 595
34 43 144
34 44 595
34 45 643
34 46 192
34 47 643
34 48 619
35 0 1070
35 1 696
35 2 710
35 3 610
35 4 927
35 5 181
35 6 137
35 7 367
35 8 111
35 9 324
35 10 1044
35 11 176
35 12 731
35 13 1005
35 14 410
35 15 909
35 16 232
35 17 835
35 18 384
35 19 50
35 20 636
35 21 328
35 22 528
35 23 848
35 24 649
35 25 757
35 26 154
35 27 532
35 28 680
35 29 332
35 30 950
35 31 499
35 32 48
35 33 902
35 34 451
35 35 0
35 36 950
35 37 499
35 38 48
35 39 998
35 40 547
35 41 96
35 42 1046
35 43 595
35 44 144
35 45 1094
35 46 643
35 47 192
35 48 1070
36 0 216
36 1 254
36 2 432
36 3 436
36 4 311
36 5 961
36 6 813
36 7 679
36 8 839
36 9 818
36 10 194
36 11 870
36 12 315
36 13 233
36 14 540
36 15 137
36 16 718
36 17 211
36 18 566
36 19 900
36 20 410
36 21 718
36 22 710
36 23 102
36 24 397
36 25 193
36 26 796
36 27 610
36 28 558
36 29 714
36 30 96
36 31 547
36 32 998
36 33 48
36 34 499
36 35 950
36 36 0
36 37 451
36 38 902
36 39 48
36 40 499
36 41 950
36 42 96
36 43 547
36 44 998
36 45 144
36 46 595
36 47 1046
36 48 216
37 0 667
37 1 293
37 2 211
37 3 111
37 4 428
37 5 510
37 6 362
37 7 228
37 8 388
37 9 367
37 10 545
37 11 419
37 12 328
37 13 506
37 14 89
37 15 410
37 16 267
37 17 432
37 18 115
37 19 449
37 20 137
37 21 267
37 22 259
37 23 349
37 24 150
37 25 258
37 26 345
37 27 159
37 28 181
37 29 263
37 30 547
37 31 96
37 32 547
37 33 499
37 34 48
37 35 499
37 36 451
37 37 0
37 38 451
37 39 499
37 40 48
37 41 499
37 42 547
37 43 96
37 44 547
37 45 595
37 46 144
37 47 595
37 48 667
38 0 1118
38 1 744
38 2 662
38 3 562
38 4 879
38 5 133
38 6 89
38 7 319
38 8 63
38 9 276
38 10 996
38 11 224
38 12 779
38 13 957
38 14 362
38 15 861
38 16 280
38 17 883
38 18 336
38 19 98
38 20 588
38 21 280
38 22 480
38 23 800
38 24 601
38 25 709
38 26 202
38 27 484
38 28 632
38 29 380
38 30 998
38 31 547
38 32 96
38 33 950
38 34 499
38 35 48
38 36 902
38 37 451
38 38 0
38 39 950
38 40 499
38 41 48
38 42 998
38 43 547
38 44 96
38 45 1046
38 46 595
38 47 144
38 48 1118
39 0 264
39 1 302
39 2 384
39 3 388
39 4 263
39 5 913
39 6 861
39 7 631
39 8 887
39 9 770
39 10 146
39 11 918
39 12 363
39 13 185
39 14 588
39 15 89
39 16 766
39 17 259
39 18 614
39 19 948
39 20 362
39 21 670
39 22 662
39 23 150
39 24 349
39 25 241
39 26 844
39 27 562
39 28 510
39 29 762
39 30 144
39 31 595
39 32 1046
39 33 96
39 34 547
39 35 998
39 36 48
39 37 499
39 38 950
39 39 0
39 40 451
39 41 902
39 42 48
39 43 499
39 44 950
39 45 96
39 46 547
39 47 998
39 48 264
40 0 715
40 1 341
40 2 163
40 3 63
40 4 380
40 5 462
40 6 410
40 7 180
40 8 436
40 9 319
40 10 497
40 11 467
40 12 376
40 13 458
40 14 137
40 15 362
40 16 315
40 17 480
40 18 163
40 19 497
40 20 89
40 21 219
40 22 211
40 23 397
40 24 102
40 25 306
40 26 393
40 27 111
40 28 133
40 29 311
40 30 595
40 31 144
40 32 595
40 33 547
40 34 96
40 35 547
40 36 499
40 37 48
40 38 499
40 39 451
40 40 0
40 41 451
40 42 499
40 43 48
40 44 499
40 45 547
40 46 96
40 47 547
40 48 715
41 0 1166
41 1 792
41 2 614
41 3 514
41 4 831
41 5 85
41 6 137
41 7 271
41 8 111
41 9 228
41 10 948
41 11 272
41 12 827
41 13 909
41 14 410
41 15 813
41 16 328
41 17 931
41 18 384
41 19 146
41 20 540
41 21 232
41 22 432
41 23 848
41 24 553
41 25 757
41 26 250
41 27 436
41 28 584
41 29 428
41 30 1046
41 31 595
41 32 144
41 33 998
41 34 547
41 35 96
41 36 950
41 37 499
41 38 48
41 39 902
41 40 451
41 41 0
41 42 950
41 43 499
41 44 48
41 45 998
41 46 547
41 47 96
41 48 1166
42 0 312
42 1 350
42 2 336
42 3 436
42 4 215
42 5 865
42 6 909
42 7 679
42 8 935
42 9 722
42 10 98
42 11 966
42 12 411
42 13 137
42 14 636
42 15 137
42 16 814
42 17 307
42 18 662
42 19 996
42 20 410
42 21 718
42 22 614
42 23 198
42 24 397
42 25 289
42 26 892
42 27 514
42 28 462
42 29 810
42 30 192
42 31 643
42 32 1094
42 33 144
42 34 595
42 35 1046
42 36 96
42 37 547
42 38 998
42 39 48
42 40 499
42 41 950
42 42 0
42 43 451
42 44 902
42 45 48
42 46 499
42 47 950
42 48 312
43 0 763
43 1 389
43 2 115
43 3 111
43 4 332
43 5 414
43 6 458
43 7 228
43 8 484
43 9 271
43 10 449
43 11 515
43 12 424
43 13 410
43 14 185
43 15 410
43 16 363
43 17 528
43 18 211
43 19 545
43 20 137
43 21 267
43 22 163
43 23 445
43 24 150
43 25 354
43 26 441
43 27 63
43 28 85
43 29 359
43 30 643
43 31 192
43 32 643
43 33 595
43 34 144
43 35 595
43 36 547
43 37 96
43 38 547
43 39 499
43 40 48
43 41 499
43 42 451
43 43 0
43 44 451
43 45 499
43 46 48
43 47 499
43 48 763
44 0 1214
44 1 840
44 2 566
44 3 562
44 4 783
44 5 37
44 6 185
44 7 319
44 8 159
44 9 180
44 10 900
44 11 320
44 12 875
44 13 861
44 14 458
44 15 861
44 16 376
44 17 979
44 18 432
44 19 194
44 20 588
44 21 280
44 22 384
44 23 896
44 24 601
44 25 805
44 26 298
44 27 388
44 28 536
44 29 476
44 30 1094
44 31 643
44 32 192
44 33 1046
44 34 595
44 35 144
44 36 998
44 37 547
44 38 96
44 39 950
44 40 499
44 41 48
44 42 902
44 43 451
44 44 0
44 45 950
44 46 499
44 47 48
44 48 1214
45 0 360
45 1 398
45 2 384
45 3 484
45 4 167
45 5 913
45 6 957
45 7 727
45 8 983
45 9 770
45 10 50
45 11 1014
45 12 459
45 13 89
45 14 684
45 15 185
45 16 862
45 17 355
45 18 710
45 19 1044
45 20 458
45 21 766
45 22 566
45 23 246
45 24 445
45 25 337
45 26 940
45 27 562
45 28 414
45 29 858
45 30 240
45 31 691
45 32 1142
45 33 192
45 34 643
45 35 1094
45 36 144
45 37 595
45 38 1046
45 39 96
45 40 547
45 41 998
45 42 48
45 43 499
45 44 950
45 45 0
45 46 451
45 47 902
45 48 360
46 0 811
46 1 437
46 2 163
46 3 159
46 4 284
46 5 462
46 6 506
46 7 276
46 8 532
46 9 319
46 10 401
46 11 563
46 12 472
46 13 362
46 14 233
46 15 458
46 16 411
46 17 576
46 18 259
46 19 593
46 20 185
46 21 315
46 22 115
46 23 493
46 24 198
46 25 402
46 26 489
46 27 111
46 28 37
46 29 407
46 30 691
46 31 240
46 32 691
46 33 643
46 34 192
46 35 643
46 36 595
46 37 144
46 38 595
46 39 547
46 40 96
46 41 547
46 42 499
46 43 48
46 44 499
46 45 451
46 46 0
46 47 451
46 48 811
47 0 1262
47 1 888
47 2 614
47 3 610
47 4 735
47 5 85
47 6 233
47 7 367
47 8 207
47 9 228
47 10 852
47 11 368
47 12 923
47 13 813
47 14 506
47 15 909
47 16 424
47 17 1027
47 18 480
47 19 242
47 20 636
47 21 328
47 22 336
47 23 944
47 24 649
47 25 853
47 26 346
47 27 436
47 28 488
47 29 524
47 30 1142
47 31 691
47 32 240
47 33 1094
47 34 643
47 35 192
47 36 1046
47 37 595
47 38 144
47 39 998
47 40 547
47 41 96
47 42 950
47 43 499
47 44 48
47 45 902
47 46 451
47 47 0
47 48 1262
48 0 0
48 1 374
48 2 648
48 3 652
48 4 527
48 5 1177
48 6 1029
48 7 895
48 8 1055
48 9 1034
48 10 410
48 11 894
48 12 339
48 13 449
48 14 756
48 15 353
48 16 838
48 17 235
48 18 782
48 19 1020
48 20 626
48 21 934
48 22 926
48 23 318
48 24 613
48 25 409
48 26 916
48 27 826
48 28 774
48 29 738
48 30 120
48 31 571
48 32 1022
48 33 168
48 34 619
48 35 1070
48 36 216
48 37 667
48 38 1118
48 39 264
48 40 715
48 41 1166
48 42 312
48 43 763
48 44 1214
48 45 360
48 46 811
48 47 1262
48 48 0
//Location coordinates LocationName
//Loc x y
0 0.0 0.0 "depot"
1 48.0 326.0 "product aisle 1 bloc 0 rank 28"
2 192.0 456.0 "product aisle 4 bloc 0 rank 48"
3 144.0 508.0 "product aisle 3 bloc 0 rank 56"
4 240.0 287.0 "product aisle 5 bloc 0 rank 21"
5 192.0 985.0 "product aisle 4 bloc 1 rank 60"
6 96.0 933.0 "product aisle 2 bloc 1 rank 51"
7 144.0 751.0 "product aisle 3 bloc 1 rank 23"
8 96.0 959.0 "product aisle 2 bloc 1 rank 56"
9 192.0 842.0 "product aisle 4 bloc 1 rank 37"
10 240.0 170.0 "product aisle 5 bloc 0 rank 3"
11 0.0 894.0 "product aisle 0 bloc 1 rank 45"
12 0.0 339.0 "product aisle 0 bloc 0 rank 30"
13 240.0 209.0 "product aisle 5 bloc 0 rank 9"
14 96.0 660.0 "product aisle 2 bloc 1 rank 9"
15 144.0 209.0 "product aisle 3 bloc 0 rank 9"
16 48.0 790.0 "product aisle 1 bloc 1 rank 29"
17 0.0 235.0 "product aisle 0 bloc 0 rank 13"
18 96.0 686.0 "product aisle 2 bloc 1 rank 14"
19 48.0 972.0 "product aisle 1 bloc 1 rank 57"
20 144.0 482.0 "product aisle 3 bloc 0 rank 51"
21 144.0 790.0 "product aisle 3 bloc 1 rank 30"
22 240.0 686.0 "product aisle 5 bloc 1 rank 13"
23 96.0 222.0 "product aisle 2 bloc 0 rank 11"
24 144.0 469.0 "product aisle 3 bloc 0 rank 50"
25 96.0 313.0 "product aisle 2 bloc 0 rank 25"
26 48.0 868.0 "product aisle 1 bloc 1 rank 42"
27 192.0 634.0 "product aisle 4 bloc 1 rank 5"
28 240.0 534.0 "product aisle 5 bloc 0 rank 60"
29 0.0 738.0 "product aisle 0 bloc 1 rank 22"
30 24.0 120.0 "intersection aisle 0 bloc 0 rank 0"
31 24.0 571.0 "intersection aisle 0 bloc 1 rank 1"
32 24.0 1022.0 "intersection aisle 0 bloc 2 rank 2"
33 72.0 120.0 "intersection aisle 1 bloc 0 rank 0"
34 72.0 571.0 "intersection aisle 1 bloc 1 rank 1"
35 72.0 1022.0 "intersection aisle 1 bloc 2 rank 2"
36 120.0 120.0 "intersection aisle 2 bloc 0 rank 0"
37 120.0 571.0 "intersection aisle 2 bloc 1 rank 1"
38 120.0 1022.0 "intersection aisle 2 bloc 2 rank 2"
39 168.0 120.0 "intersection aisle 3 bloc 0 rank 0"
40 168.0 571.0 "intersection aisle 3 bloc 1 rank 1"
41 168.0 1022.0 "intersection aisle 3 bloc 2 rank 2"
42 216.0 120.0 "intersection aisle 4 bloc 0 rank 0"
43 216.0 571.0 "intersection aisle 4 bloc 1 rank 1"
44 216.0 1022.0 "intersection aisle 4 bloc 2 rank 2"
45 264.0 120.0 "intersection aisle 5 bloc 0 rank 0"
46 264.0 571.0 "intersection aisle 5 bloc 1 rank 1"
47 264.0 1022.0 "intersection aisle 5 bloc 2 rank 2"
48 0.0 0.0 "depot"
