//alpha
1
//NbLocations
84
//NbProducts
29
//NbPickers
2
//CapaPicker
12
//TimeToTravelOneDistanceUnit
3
//SetupTime
5400
//PickTime
300
//Products
//Idx Location Size
1 1 1
2 2 1
3 3 1
4 4 1
5 5 1
6 6 1
7 7 1
8 8 1
9 9 1
10 10 1
11 11 1
12 12 1
13 13 1
14 14 1
15 15 1
16 16 1
17 17 1
18 18 1
19 19 1
20 20 1
21 21 1
22 22 1
23 23 1
24 24 1
25 25 1
26 26 1
27 27 1
28 28 1
29 29 1
//Orders
//NbOrders
6
//Idx DueDate TardinessPenalty NbProdInOrder ProdIdx1 Qty1 ProdIdx2 Qty2 ...
1 144000 0 2 1 1 2 1
2 90000 0 3 3 1 4 1 5 1
3 108000 0 10 6 1 7 1 8 1 9 1 10 1 11 1 12 1 13 1 14 1 15 1
4 72000 0 3 16 1 17 1 18 1
5 72000 0 6 19 1 20 1 21 1 22 1 23 1 24 1
6 54000 0 5 25 1 26 1 27 1 28 1 29 1
//Graph (Products are vertices indexed from 1 to NbProducts)
//NbVerticesIntersections
54
//DepartingDepot
0
//ArrivalDepot
84
//Arcs
//Start End Distance
0 30 120
1 37 89
1 38 1142
2 10 52
2 37 1142
3 13 351
3 49 63
4 8 741
4 31 219
5 7 26
5 78 115
6 12 247
6 73 89
7 5 26
7 79 1090
8 4 741
8 32 271
9 42 193
9 43 1038
10 2 52
10 36 37
11 64 596
11 65 635
12 6 247
12 74 895
13 3 351
13 50 817
14 48 37
14 49 1194
15 33 37
15 34 1194
16 72 583
16 73 648
17 23 13
17 71 1051
18 40 1142
18 41 89
19 69 310
19 70 921
20 76 557
20 77 674
21 45 89
21 46 1142
22 55 752
22 56 479
23 17 13
23 70 167
24 28 754
24 46 167
25 34 167
25 35 1064
26 29 13
26 52 492
27 39 557
27 40 674
28 24 754
28 47 310
29 26 13
29 53 726
30 31 1231
30 33 48
30 84 120
31 4 219
31 30 1231
31 34 48
32 8 271
32 35 48
33 15 37
33 30 48
33 36 48
34 15 1194
34 25 167
34 31 48
34 37 48
35 25 1064
35 32 48
35 38 48
36 10 37
36 33 48
36 39 48
37 1 89
37 2 1142
37 34 48
37 40 48
38 1 1142
38 35 48
38 41 48
39 27 557
39 36 48
39 42 48
40 18 1142
40 27 674
40 37 48
40 43 48
41 18 89
41 38 48
41 44 48
42 9 193
42 39 48
42 45 48
43 9 1038
43 40 48
43 44 1231
43 46 48
44 41 48
44 43 1231
44 47 48
45 21 89
45 42 48
45 48 48
46 21 1142
46 24 167
46 43 48
46 49 48
47 28 310
47 44 48
47 50 48
48 14 37
48 45 48
48 51 48
49 3 63
49 14 1194
49 46 48
49 52 48
50 13 817
50 47 48
50 53 48
51 48 48
51 52 1231
51 54 48
52 26 492
52 49 48
52 51 1231
52 55 48
53 29 726
53 50 48
53 56 48
54 51 48
54 55 1231
54 57 48
55 22 752
55 52 48
55 54 1231
55 58 48
56 22 479
56 53 48
56 59 48
57 54 48
57 58 1231
57 60 48
58 55 48
58 57 1231
58 59 1231
58 61 48
59 56 48
59 58 1231
59 62 48
60 57 48
60 61 1231
60 63 48
61 58 48
61 60 1231
61 62 1231
61 64 48
62 59 48
62 61 1231
62 65 48
63 60 48
63 64 1231
63 66 48
64 11 596
64 61 48
64 63 1231
64 67 48
65 11 635
65 62 48
65 68 48
66 63 48
66 67 1231
66 69 48
67 64 48
67 66 1231
67 68 1231
67 70 48
68 65 48
68 67 1231
68 71 48
69 19 310
69 66 48
69 72 48
70 19 921
70 23 167
70 67 48
70 73 48
71 17 1051
71 68 48
71 74 48
72 16 583
72 69 48
72 75 48
73 6 89
73 16 648
73 70 48
73 76 48
74 12 895
74 71 48
74 77 48
75 72 48
75 76 1231
75 78 48
76 20 557
76 73 48
76 75 1231
76 79 48
77 20 674
77 74 48
77 80 48
78 5 115
78 75 48
78 81 48
79 7 1090
79 76 48
79 80 1231
79 82 48
80 77 48
80 79 1231
80 83 48
81 78 48
81 82 1231
82 79 48
82 81 1231
82 83 1231
83 80 48
83 82 1231
//LocStart LocEnd ShortestPath
0 0 0
0 1 1536
0 2 305
0 3 1702
0 4 1570
0 5 1003
0 6 2112
0 7 1029
0 8 2311
0 9 505
0 10 253
0 11 2475
0 12 2359
0 13 2053
0 14 445
0 15 205
0 16 1375
0 17 2155
0 18 2637
0 19 1054
0 20 2628
0 21 449
0 22 2487
0 23 2142
0 24 1758
0 25 1566
0 26 2179
0 27 821
0 28 2512
0 29 2192
0 30 120
0 31 1351
0 32 2582
0 33 168
0 34 1399
0 35 2630
0 36 216
0 37 1447
0 38 2678
0 39 264
0 40 1495
0 41 2726
0 42 312
0 43 1543
0 44 2774
0 45 360
0 46 1591
0 47 2822
0 48 408
0 49 1639
0 50 2870
0 51 456
0 52 1687
0 53 2918
0 54 504
0 55 1735
0 56 2966
0 57 552
0 58 1783
0 59 3014
0 60 600
0 61 1831
0 62 3062
0 63 648
0 64 1879
0 65 3110
0 66 696
0 67 1927
0 68 3158
0 69 744
0 70 1975
0 71 3206
0 72 792
0 73 2023
0 74 3254
0 75 840
0 76 2071
0 77 3302
0 78 888
0 79 2119
0 80 3350
0 81 936
0 82 2167
0 83 3398
0 84 0
1 0 1536
1 1 0
1 2 1231
1 3 344
1 4 404
1 5 1877
1 6 754
1 7 1851
1 8 1145
1 9 1223
1 10 1283
1 11 1117
1 12 1001
1 13 695
1 14 1475
1 15 1331
1 16 1313
1 17 797
1 18 1279
1 19 1538
1 20 1270
1 21 1375
1 22 1129
1 23 784
1 24 400
1 25 304
1 26 821
1 27 811
1 28 1154
1 29 834
1 30 1416
1 31 185
1 32 1238
1 33 1368
1 34 137
1 35 1190
1 36 1320
1 37 89
1 38 1142
1 39 1368
1 40 137
1 41 1190
1 42 1416
1 43 185
1 44 1238
1 45 1464
1 46 233
1 47 1286
1 48 1512
1 49 281
1 50 1334
1 51 1560
1 52 329
1 53 1382
1 54 1608
1 55 377
1 56 1430
1 57 1656
1 58 425
1 59 1478
1 60 1704
1 61 473
1 62 1526
1 63 1752
1 64 521
1 65 1574
1 66 1800
1 67 569
1 68 1622
1 69 1848
1 70 617
1 71 1670
1 72 1896
1 73 665
1 74 1718
1 75 1944
1 76 713
1 77 1766
1 78 1992
1 79 761
1 80 1814
1 81 2040
1 82 809
1 83 1862
1 84 1536
2 0 305
2 1 1231
2 2 0
2 3 1397
2 4 1457
2 5 876
2 6 1807
2 7 902
2 8 2198
2 9 378
2 10 52
2 11 2170
2 12 2054
2 13 1748
2 14 318
2 15 174
2 16 1248
2 17 1850
2 18 2332
2 19 927
2 20 2323
2 21 322
2 22 2182
2 23 1837
2 24 1453
2 25 1357
2 26 1874
2 27 694
2 28 2207
2 29 1887
2 30 185
2 31 1238
2 32 2469
2 33 137
2 34 1190
2 35 2421
2 36 89
2 37 1142
2 38 2373
2 39 137
2 40 1190
2 41 2421
2 42 185
2 43 1238
2 44 2469
2 45 233
2 46 1286
2 47 2517
2 48 281
2 49 1334
2 50 2565
2 51 329
2 52 1382
2 53 2613
2 54 377
2 55 1430
2 56 2661
2 57 425
2 58 1478
2 59 2709
2 60 473
2 61 1526
2 62 2757
2 63 521
2 64 1574
2 65 2805
2 66 569
2 67 1622
2 68 2853
2 69 617
2 70 1670
2 71 2901
2 72 665
2 73 1718
2 74 2949
2 75 713
2 76 1766
2 77 2997
2 78 761
2 79 1814
2 80 3045
2 81 809
2 82 1862
2 83 3093
2 84 305
3 0 1702
3 1 344
3 2 1397
3 3 0
3 4 570
3 5 1659
3 6 536
3 7 1633
3 8 1311
3 9 1197
3 10 1449
3 11 899
3 12 783
3 13 351
3 14 1257
3 15 1497
3 16 1095
3 17 579
3 18 1349
3 19 1320
3 20 1052
3 21 1253
3 22 911
3 23 566
3 24 278
3 25 470
3 26 603
3 27 881
3 28 1032
3 29 616
3 30 1582
3 31 351
3 32 1456
3 33 1534
3 34 303
3 35 1408
3 36 1486
3 37 255
3 38 1360
3 39 1438
3 40 207
3 41 1312
3 42 1390
3 43 159
3 44 1264
3 45 1342
3 46 111
3 47 1216
3 48 1294
3 49 63
3 50 1168
3 51 1342
3 52 111
3 53 1216
3 54 1390
3 55 159
3 56 1264
3 57 1438
3 58 207
3 59 1312
3 60 1486
3 61 255
3 62 1360
3 63 1534
3 64 303
3 65 1408
3 66 1582
3 67 351
3 68 1456
3 69 1630
3 70 399
3 71 1504
3 72 1678
3 73 447
3 74 1552
3 75 1726
3 76 495
3 77 1600
3 78 1774
3 79 543
3 80 1648
3 81 1822
3 82 591
3 83 1696
3 84 1702
4 0 1570
4 1 404
4 2 1457
4 3 570
4 4 0
4 5 2103
4 6 980
4 7 2077
4 8 741
4 9 1449
4 10 1509
4 11 1343
4 12 1227
4 13 921
4 14 1701
4 15 1461
4 16 1539
4 17 1023
4 18 1245
4 19 1764
4 20 1496
4 21 1601
4 22 1355
4 23 1010
4 24 626
4 25 434
4 26 1047
4 27 1037
4 28 1380
4 29 1060
4 30 1450
4 31 219
4 32 1012
4 33 1498
4 34 267
4 35 1060
4 36 1546
4 37 315
4 38 1108
4 39 1594
4 40 363
4 41 1156
4 42 1642
4 43 411
4 44 1204
4 45 1690
4 46 459
4 47 1252
4 48 1738
4 49 507
4 50 1300
4 51 1786
4 52 555
4 53 1348
4 54 1834
4 55 603
4 56 1396
4 57 1882
4 58 651
4 59 1444
4 60 1930
4 61 699
4 62 1492
4 63 1978
4 64 747
4 65 1540
4 66 2026
4 67 795
4 68 1588
4 69 2074
4 70 843
4 71 1636
4 72 2122
4 73 891
4 74 1684
4 75 2170
4 76 939
4 77 1732
4 78 2218
4 79 987
4 80 1780
4 81 2266
4 82 1035
4 83 1828
4 84 1570
5 0 1003
5 1 1877
5 2 876
5 3 1659
5 4 2103
5 5 0
5 6 1301
5 7 26
5 8 2844
5 9 884
5 10 824
5 11 1952
5 12 1548
5 13 2010
5 14 632
5 15 872
5 16 794
5 17 1440
5 18 2882
5 19 569
5 20 1721
5 21 732
5 22 2252
5 23 1427
5 24 1811
5 25 2003
5 26 2040
5 27 1296
5 28 2565
5 29 2053
5 30 883
5 31 1884
5 32 3115
5 33 835
5 34 1836
5 35 3067
5 36 787
5 37 1788
5 38 3019
5 39 739
5 40 1740
5 41 2971
5 42 691
5 43 1692
5 44 2923
5 45 643
5 46 1644
5 47 2875
5 48 595
5 49 1596
5 50 2827
5 51 547
5 52 1548
5 53 2779
5 54 499
5 55 1500
5 56 2731
5 57 451
5 58 1452
5 59 2683
5 60 403
5 61 1404
5 62 2635
5 63 355
5 64 1356
5 65 2587
5 66 307
5 67 1308
5 68 2539
5 69 259
5 70 1260
5 71 2491
5 72 211
5 73 1212
5 74 2443
5 75 163
5 76 1164
5 77 2395
5 78 115
5 79 1116
5 80 2347
5 81 163
5 82 1164
5 83 2395
5 84 1003
6 0 2112
6 1 754
6 2 1807
6 3 536
6 4 980
6 5 1301
6 6 0
6 7 1275
6 8 1721
6 9 1607
6 10 1859
6 11 829
6 12 247
6 13 887
6 14 1667
6 15 1907
6 16 737
6 17 317
6 18 1759
6 19 1058
6 20 694
6 21 1663
6 22 1129
6 23 304
6 24 688
6 25 880
6 26 917
6 27 1291
6 28 1442
6 29 930
6 30 1992
6 31 761
6 32 1814
6 33 1944
6 34 713
6 35 1766
6 36 1896
6 37 665
6 38 1718
6 39 1848
6 40 617
6 41 1670
6 42 1800
6 43 569
6 44 1622
6 45 1752
6 46 521
6 47 1574
6 48 1704
6 49 473
6 50 1526
6 51 1656
6 52 425
6 53 1478
6 54 1608
6 55 377
6 56 1430
6 57 1560
6 58 329
6 59 1382
6 60 1512
6 61 281
6 62 1334
6 63 1464
6 64 233
6 65 1286
6 66 1416
6 67 185
6 68 1238
6 69 1368
6 70 137
6 71 1190
6 72 1320
6 73 89
6 74 1142
6 75 1368
6 76 137
6 77 1190
6 78 1416
6 79 185
6 80 1238
6 81 1464
6 82 233
6 83 1286
6 84 2112
7 0 1029
7 1 1851
7 2 902
7 3 1633
7 4 2077
7 5 26
7 6 1275
7 7 0
7 8 2818
7 9 910
7 10 850
7 11 1926
7 12 1522
7 13 1984
7 14 658
7 15 898
7 16 820
7 17 1414
7 18 2856
7 19 595
7 20 1695
7 21 758
7 22 2226
7 23 1401
7 24 1785
7 25 1977
7 26 2014
7 27 1322
7 28 2539
7 29 2027
7 30 909
7 31 1858
7 32 3089
7 33 861
7 34 1810
7 35 3041
7 36 813
7 37 1762
7 38 2993
7 39 765
7 40 1714
7 41 2945
7 42 717
7 43 1666
7 44 2897
7 45 669
7 46 1618
7 47 2849
7 48 621
7 49 1570
7 50 2801
7 51 573
7 52 1522
7 53 2753
7 54 525
7 55 1474
7 56 2705
7 57 477
7 58 1426
7 59 2657
7 60 429
7 61 1378
7 62 2609
7 63 381
7 64 1330
7 65 2561
7 66 333
7 67 1282
7 68 2513
7 69 285
7 70 1234
7 71 2465
7 72 237
7 73 1186
7 74 2417
7 75 189
7 76 1138
7 77 2369
7 78 141
7 79 1090
7 80 2321
7 81 189
7 82 1138
7 83 2369
7 84 1029
8 0 2311
8 1 1145
8 2 2198
8 3 1311
8 4 741
8 5 2844
8 6 1721
8 7 2818
8 8 0
8 9 2190
8 10 2250
8 11 1434
8 12 1838
8 13 1376
8 14 2442
8 15 2202
8 16 2280
8 17 1764
8 18 504
8 19 2505
8 20 1665
8 21 2342
8 22 1134
8 23 1751
8 24 1367
8 25 1175
8 26 1346
8 27 1778
8 28 821
8 29 1333
8 30 2191
8 31 960
8 32 271
8 33 2239
8 34 1008
8 35 319
8 36 2287
8 37 1056
8 38 367
8 39 2335
8 40 1104
8 41 415
8 42 2383
8 43 1152
8 44 463
8 45 2431
8 46 1200
8 47 511
8 48 2479
8 49 1248
8 50 559
8 51 2527
8 52 1296
8 53 607
8 54 2575
8 55 1344
8 56 655
8 57 2623
8 58 1392
8 59 703
8 60 2671
8 61 1440
8 62 751
8 63 2719
8 64 1488
8 65 799
8 66 2767
8 67 1536
8 68 847
8 69 2815
8 70 1584
8 71 895
8 72 2863
8 73 1632
8 74 943
8 75 2911
8 76 1680
8 77 991
8 78 2959
8 79 1728
8 80 1039
8 81 3007
8 82 1776
8 83 1087
8 84 2311
9 0 505
9 1 1223
9 2 378
9 3 1197
9 4 1449
9 5 884
9 6 1607
9 7 910
9 8 2190
9 9 0
9 10 326
9 11 1970
9 12 1854
9 13 1548
9 14 326
9 15 374
9 16 1256
9 17 1650
9 18 2228
9 19 935
9 20 2123
9 21 330
9 22 1982
9 23 1637
9 24 1253
9 25 1349
9 26 1674
9 27 798
9 28 2007
9 29 1687
9 30 385
9 31 1230
9 32 2461
9 33 337
9 34 1182
9 35 2413
9 36 289
9 37 1134
9 38 2365
9 39 241
9 40 1086
9 41 2317
9 42 193
9 43 1038
9 44 2269
9 45 241
9 46 1086
9 47 2317
9 48 289
9 49 1134
9 50 2365
9 51 337
9 52 1182
9 53 2413
9 54 385
9 55 1230
9 56 2461
9 57 433
9 58 1278
9 59 2509
9 60 481
9 61 1326
9 62 2557
9 63 529
9 64 1374
9 65 2605
9 66 577
9 67 1422
9 68 2653
9 69 625
9 70 1470
9 71 2701
9 72 673
9 73 1518
9 74 2749
9 75 721
9 76 1566
9 77 2797
9 78 769
9 79 1614
9 80 2845
9 81 817
9 82 1662
9 83 2893
9 84 505
10 0 253
10 1 1283
10 2 52
10 3 1449
10 4 1509
10 5 824
10 6 1859
10 7 850
10 8 2250
10 9 326
10 10 0
10 11 2222
10 12 2106
10 13 1800
10 14 266
10 15 122
10 16 1196
10 17 1902
10 18 2384
10 19 875
10 20 2375
10 21 270
10 22 2234
10 23 1889
10 24 1505
10 25 1409
10 26 1926
10 27 642
10 28 2259
10 29 1939
10 30 133
10 31 1290
10 32 2521
10 33 85
10 34 1242
10 35 2473
10 36 37
10 37 1194
10 38 2425
10 39 85
10 40 1242
10 41 2473
10 42 133
10 43 1290
10 44 2521
10 45 181
10 46 1338
10 47 2569
10 48 229
10 49 1386
10 50 2617
10 51 277
10 52 1434
10 53 2665
10 54 325
10 55 1482
10 56 2713
10 57 373
10 58 1530
10 59 2761
10 60 421
10 61 1578
10 62 2809
10 63 469
10 64 1626
10 65 2857
10 66 517
10 67 1674
10 68 2905
10 69 565
10 70 1722
10 71 2953
10 72 613
10 73 1770
10 74 3001
10 75 661
10 76 1818
10 77 3049
10 78 709
10 79 1866
10 80 3097
10 81 757
10 82 1914
10 83 3145
10 84 253
11 0 2475
11 1 1117
11 2 2170
11 3 899
11 4 1343
11 5 1952
11 6 829
11 7 1926
11 8 1434
11 9 1970
11 10 2222
11 11 0
11 12 1076
11 13 1250
11 14 2030
11 15 2270
11 16 1388
11 17 872
11 18 1108
11 19 1613
11 20 1345
11 21 2026
11 22 1258
11 23 859
11 24 1051
11 25 1243
11 26 1280
11 27 1654
11 28 1233
11 29 1293
11 30 2355
11 31 1124
11 32 1163
11 33 2307
11 34 1076
11 35 1115
11 36 2259
11 37 1028
11 38 1067
11 39 2211
11 40 980
11 41 1019
11 42 2163
11 43 932
11 44 971
11 45 2115
11 46 884
11 47 923
11 48 2067
11 49 836
11 50 875
11 51 2019
11 52 788
11 53 827
11 54 1971
11 55 740
11 56 779
11 57 1923
11 58 692
11 59 731
11 60 1875
11 61 644
11 62 683
11 63 1827
11 64 596
11 65 635
11 66 1875
11 67 644
11 68 683
11 69 1923
11 70 692
11 71 731
11 72 1971
11 73 740
11 74 779
11 75 2019
11 76 788
11 77 827
11 78 2067
11 79 836
11 80 875
11 81 2115
11 82 884
11 83 923
11 84 2475
12 0 2359
12 1 1001
12 2 2054
12 3 783
12 4 1227
12 5 1548
12 6 247
12 7 1522
12 8 1838
12 9 1854
12 10 2106
12 11 1076
12 12 0
12 13 1134
12 14 1914
12 15 2154
12 16 984
12 17 564
12 18 1512
12 19 1305
12 20 941
12 21 1910
12 22 1376
12 23 551
12 24 935
12 25 1127
12 26 1164
12 27 1538
12 28 1637
12 29 1177
12 30 2239
12 31 1008
12 32 1567
12 33 2191
12 34 960
12 35 1519
12 36 2143
12 37 912
12 38 1471
12 39 2095
12 40 864
12 41 1423
12 42 2047
12 43 816
12 44 1375
12 45 1999
12 46 768
12 47 1327
12 48 1951
12 49 720
12 50 1279
12 51 1903
12 52 672
12 53 1231
12 54 1855
12 55 624
12 56 1183
12 57 1807
12 58 576
12 59 1135
12 60 1759
12 61 528
12 62 1087
12 63 1711
12 64 480
12 65 1039
12 66 1663
12 67 432
12 68 991
12 69 1615
12 70 384
12 71 943
12 72 1567
12 73 336
12 74 895
12 75 1615
12 76 384
12 77 943
12 78 1663
12 79 432
12 80 991
12 81 1711
12 82 480
12 83 1039
12 84 2359
13 0 2053
13 1 695
13 2 1748
13 3 351
13 4 921
13 5 2010
13 6 887
13 7 1984
13 8 1376
13 9 1548
13 10 1800
13 11 1250
13 12 1134
13 13 0
13 14 1608
13 15 1848
13 16 1446
13 17 930
13 18 1050
13 19 1671
13 20 1403
13 21 1604
13 22 1262
13 23 917
13 24 629
13 25 821
13 26 954
13 27 1232
13 28 1175
13 29 967
13 30 1933
13 31 702
13 32 1105
13 33 1885
13 34 654
13 35 1057
13 36 1837
13 37 606
13 38 1009
13 39 1789
13 40 558
13 41 961
13 42 1741
13 43 510
13 44 913
13 45 1693
13 46 462
13 47 865
13 48 1645
13 49 414
13 50 817
13 51 1693
13 52 462
13 53 865
13 54 1741
13 55 510
13 56 913
13 57 1789
13 58 558
13 59 961
13 60 1837
13 61 606
13 62 1009
13 63 1885
13 64 654
13 65 1057
13 66 1933
13 67 702
13 68 1105
13 69 1981
13 70 750
13 71 1153
13 72 2029
13 73 798
13 74 1201
13 75 2077
13 76 846
13 77 1249
13 78 2125
13 79 894
13 80 1297
13 81 2173
13 82 942
13 83 1345
13 84 2053
14 0 445
14 1 1475
14 2 318
14 3 1257
14 4 1701
14 5 632
14 6 1667
14 7 658
14 8 2442
14 9 326
14 10 266
14 11 2030
14 12 1914
14 13 1608
14 14 0
14 15 314
14 16 1004
14 17 1710
14 18 2480
14 19 683
14 20 2183
14 21 174
14 22 2042
14 23 1697
14 24 1409
14 25 1601
14 26 1734
14 27 738
14 28 2163
14 29 1747
14 30 325
14 31 1482
14 32 2713
14 33 277
14 34 1434
14 35 2665
14 36 229
14 37 1386
14 38 2617
14 39 181
14 40 1338
14 41 2569
14 42 133
14 43 1290
14 44 2521
14 45 85
14 46 1242
14 47 2473
14 48 37
14 49 1194
14 50 2425
14 51 85
14 52 1242
14 53 2473
14 54 133
14 55 1290
14 56 2521
14 57 181
14 58 1338
14 59 2569
14 60 229
14 61 1386
14 62 2617
14 63 277
14 64 1434
14 65 2665
14 66 325
14 67 1482
14 68 2713
14 69 373
14 70 1530
14 71 2761
14 72 421
14 73 1578
14 74 2809
14 75 469
14 76 1626
14 77 2857
14 78 517
14 79 1674
14 80 2905
14 81 565
14 82 1722
14 83 2953
14 84 445
15 0 205
15 1 1331
15 2 174
15 3 1497
15 4 1461
15 5 872
15 6 1907
15 7 898
15 8 2202
15 9 374
15 10 122
15 11 2270
15 12 2154
15 13 1848
15 14 314
15 15 0
15 16 1244
15 17 1950
15 18 2432
15 19 923
15 20 2423
15 21 318
15 22 2282
15 23 1937
15 24 1553
15 25 1361
15 26 1974
15 27 690
15 28 2307
15 29 1987
15 30 85
15 31 1242
15 32 2473
15 33 37
15 34 1194
15 35 2425
15 36 85
15 37 1242
15 38 2473
15 39 133
15 40 1290
15 41 2521
15 42 181
15 43 1338
15 44 2569
15 45 229
15 46 1386
15 47 2617
15 48 277
15 49 1434
15 50 2665
15 51 325
15 52 1482
15 53 2713
15 54 373
15 55 1530
15 56 2761
15 57 421
15 58 1578
15 59 2809
15 60 469
15 61 1626
15 62 2857
15 63 517
15 64 1674
15 65 2905
15 66 565
15 67 1722
15 68 2953
15 69 613
15 70 1770
15 71 3001
15 72 661
15 73 1818
15 74 3049
15 75 709
15 76 1866
15 77 3097
15 78 757
15 79 1914
15 80 3145
15 81 805
15 82 1962
15 83 3193
15 84 205
16 0 1375
16 1 1313
16 2 1248
16 3 1095
16 4 1539
16 5 794
16 6 737
16 7 820
16 8 2280
16 9 1256
16 10 1196
16 11 1388
16 12 984
16 13 1446
16 14 1004
16 15 1244
16 16 0
16 17 876
16 18 2318
16 19 941
16 20 1253
16 21 1104
16 22 1688
16 23 863
16 24 1247
16 25 1439
16 26 1476
16 27 1668
16 28 2001
16 29 1489
16 30 1255
16 31 1320
16 32 2551
16 33 1207
16 34 1272
16 35 2503
16 36 1159
16 37 1224
16 38 2455
16 39 1111
16 40 1176
16 41 2407
16 42 1063
16 43 1128
16 44 2359
16 45 1015
16 46 1080
16 47 2311
16 48 967
16 49 1032
16 50 2263
16 51 919
16 52 984
16 53 2215
16 54 871
16 55 936
16 56 2167
16 57 823
16 58 888
16 59 2119
16 60 775
16 61 840
16 62 2071
16 63 727
16 64 792
16 65 2023
16 66 679
16 67 744
16 68 1975
16 69 631
16 70 696
16 71 1927
16 72 583
16 73 648
16 74 1879
16 75 631
16 76 696
16 77 1927
16 78 679
16 79 744
16 80 1975
16 81 727
16 82 792
16 83 2023
16 84 1375
17 0 2155
17 1 797
17 2 1850
17 3 579
17 4 1023
17 5 1440
17 6 317
17 7 1414
17 8 1764
17 9 1650
17 10 1902
17 11 872
17 12 564
17 13 930
17 14 1710
17 15 1950
17 16 876
17 17 0
17 18 1620
17 19 1101
17 20 833
17 21 1706
17 22 1172
17 23 13
17 24 731
17 25 923
17 26 960
17 27 1334
17 28 1485
17 29 973
17 30 2035
17 31 804
17 32 1675
17 33 1987
17 34 756
17 35 1627
17 36 1939
17 37 708
17 38 1579
17 39 1891
17 40 660
17 41 1531
17 42 1843
17 43 612
17 44 1483
17 45 1795
17 46 564
17 47 1435
17 48 1747
17 49 516
17 50 1387
17 51 1699
17 52 468
17 53 1339
17 54 1651
17 55 420
17 56 1291
17 57 1603
17 58 372
17 59 1243
17 60 1555
17 61 324
17 62 1195
17 63 1507
17 64 276
17 65 1147
17 66 1459
17 67 228
17 68 1099
17 69 1411
17 70 180
17 71 1051
17 72 1459
17 73 228
17 74 1099
17 75 1507
17 76 276
17 77 1147
17 78 1555
17 79 324
17 80 1195
17 81 1603
17 82 372
17 83 1243
17 84 2155
18 0 2637
18 1 1279
18 2 2332
18 3 1349
18 4 1245
18 5 2882
18 6 1759
18 7 2856
18 8 504
18 9 2228
18 10 2384
18 11 1108
18 12 1512
18 13 1050
18 14 2480
18 15 2432
18 16 2318
18 17 1620
18 18 0
18 19 2543
18 20 1339
18 21 2380
18 22 808
18 23 1633
18 24 1249
18 25 1249
18 26 1020
18 27 1816
18 28 495
18 29 1007
18 30 2517
18 31 1286
18 32 233
18 33 2469
18 34 1238
18 35 185
18 36 2421
18 37 1190
18 38 137
18 39 2373
18 40 1142
18 41 89
18 42 2421
18 43 1190
18 44 137
18 45 2469
18 46 1238
18 47 185
18 48 2517
18 49 1286
18 50 233
18 51 2565
18 52 1334
18 53 281
18 54 2613
18 55 1382
18 56 329
18 57 2661
18 58 1430
18 59 377
18 60 2709
18 61 1478
18 62 425
18 63 2757
18 64 1526
18 65 473
18 66 2805
18 67 1574
18 68 521
18 69 2853
18 70 1622
18 71 569
18 72 2901
18 73 1670
18 74 617
18 75 2949
18 76 1718
18 77 665
18 78 2997
18 79 1766
18 80 713
18 81 3045
18 82 1814
18 83 761
18 84 2637
19 0 1054
19 1 1538
19 2 927
19 3 1320
19 4 1764
19 5 569
19 6 1058
19 7 595
19 8 2505
19 9 935
19 10 875
19 11 1613
19 12 1305
19 13 1671
19 14 683
19 15 923
19 16 941
19 17 1101
19 18 2543
19 19 0
19 20 1574
19 21 783
19 22 1913
19 23 1088
19 24 1472
19 25 1664
19 26 1701
19 27 1347
19 28 2226
19 29 1714
19 30 934
19 31 1545
19 32 2776
19 33 886
19 34 1497
19 35 2728
19 36 838
19 37 1449
19 38 2680
19 39 790
19 40 1401
19 41 2632
19 42 742
19 43 1353
19 44 2584
19 45 694
19 46 1305
19 47 2536
19 48 646
19 49 1257
19 50 2488
19 51 598
19 52 1209
19 53 2440
19 54 550
19 55 1161
19 56 2392
19 57 502
19 58 1113
19 59 2344
19 60 454
19 61 1065
19 62 2296
19 63 406
19 64 1017
19 65 2248
19 66 358
19 67 969
19 68 2200
19 69 310
19 70 921
19 71 2152
19 72 358
19 73 969
19 74 2200
19 75 406
19 76 1017
19 77 2248
19 78 454
19 79 1065
19 80 2296
19 81 502
19 82 1113
19 83 2344
19 84 1054
20 0 2628
20 1 1270
20 2 2323
20 3 1052
20 4 1496
20 5 1721
20 6 694
20 7 1695
20 8 1665
20 9 2123
20 10 2375
20 11 1345
20 12 941
20 13 1403
20 14 2183
20 15 2423
20 16 1253
20 17 833
20 18 1339
20 19 1574
20 20 0
20 21 2179
20 22 1489
20 23 820
20 24 1204
20 25 1396
20 26 1433
20 27 1807
20 28 1464
20 29 1446
20 30 2508
20 31 1277
20 32 1394
20 33 2460
20 34 1229
20 35 1346
20 36 2412
20 37 1181
20 38 1298
20 39 2364
20 40 1133
20 41 1250
20 42 2316
20 43 1085
20 44 1202
20 45 2268
20 46 1037
20 47 1154
20 48 2220
20 49 989
20 50 1106
20 51 2172
20 52 941
20 53 1058
20 54 2124
20 55 893
20 56 1010
20 57 2076
20 58 845
20 59 962
20 60 2028
20 61 797
20 62 914
20 63 1980
20 64 749
20 65 866
20 66 1932
20 67 701
20 68 818
20 69 1884
20 70 653
20 71 770
20 72 1836
20 73 605
20 74 722
20 75 1788
20 76 557
20 77 674
20 78 1836
20 79 605
20 80 722
20 81 1884
20 82 653
20 83 770
20 84 2628
21 0 449
21 1 1375
21 2 322
21 3 1253
21 4 1601
21 5 732
21 6 1663
21 7 758
21 8 2342
21 9 330
21 10 270
21 11 2026
21 12 1910
21 13 1604
21 14 174
21 15 318
21 16 1104
21 17 1706
21 18 2380
21 19 783
21 20 2179
21 21 0
21 22 2038
21 23 1693
21 24 1309
21 25 1501
21 26 1730
21 27 742
21 28 2063
21 29 1743
21 30 329
21 31 1382
21 32 2613
21 33 281
21 34 1334
21 35 2565
21 36 233
21 37 1286
21 38 2517
21 39 185
21 40 1238
21 41 2469
21 42 137
21 43 1190
21 44 2421
21 45 89
21 46 1142
21 47 2373
21 48 137
21 49 1190
21 50 2421
21 51 185
21 52 1238
21 53 2469
21 54 233
21 55 1286
21 56 2517
21 57 281
21 58 1334
21 59 2565
21 60 329
21 61 1382
21 62 2613
21 63 377
21 64 1430
21 65 2661
21 66 425
21 67 1478
21 68 2709
21 69 473
21 70 1526
21 71 2757
21 72 521
21 73 1574
21 74 2805
21 75 569
21 76 1622
21 77 2853
21 78 617
21 79 1670
21 80 2901
21 81 665
21 82 1718
21 83 2949
21 84 449
22 0 2487
22 1 1129
22 2 2182
22 3 911
22 4 1355
22 5 2252
22 6 1129
22 7 2226
22 8 1134
22 9 1982
22 10 2234
22 11 1258
22 12 1376
22 13 1262
22 14 2042
22 15 2282
22 16 1688
22 17 1172
22 18 808
22 19 1913
22 20 1489
22 21 2038
22 22 0
22 23 1159
22 24 1063
22 25 1255
22 26 1266
22 27 1666
22 28 933
22 29 1253
22 30 2367
22 31 1136
22 32 863
22 33 2319
22 34 1088
22 35 815
22 36 2271
22 37 1040
22 38 767
22 39 2223
22 40 992
22 41 719
22 42 2175
22 43 944
22 44 671
22 45 2127
22 46 896
22 47 623
22 48 2079
22 49 848
22 50 575
22 51 2031
22 52 800
22 53 527
22 54 1983
22 55 752
22 56 479
22 57 2031
22 58 800
22 59 527
22 60 2079
22 61 848
22 62 575
22 63 2127
22 64 896
22 65 623
22 66 2175
22 67 944
22 68 671
22 69 2223
22 70 992
22 71 719
22 72 2271
22 73 1040
22 74 767
22 75 2319
22 76 1088
22 77 815
22 78 2367
22 79 1136
22 80 863
22 81 2415
22 82 1184
22 83 911
22 84 2487
23 0 2142
23 1 784
23 2 1837
23 3 566
23 4 1010
23 5 1427
23 6 304
23 7 1401
23 8 1751
23 9 1637
23 10 1889
23 11 859
23 12 551
23 13 917
23 14 1697
23 15 1937
23 16 863
23 17 13
23 18 1633
23 19 1088
23 20 820
23 21 1693
23 22 1159
23 23 0
23 24 718
23 25 910
23 26 947
23 27 1321
23 28 1472
23 29 960
23 30 2022
23 31 791
23 32 1688
23 33 1974
23 34 743
23 35 1640
23 36 1926
23 37 695
23 38 1592
23 39 1878
23 40 647
23 41 1544
23 42 1830
23 43 599
23 44 1496
23 45 1782
23 46 551
23 47 1448
23 48 1734
23 49 503
23 50 1400
23 51 1686
23 52 455
23 53 1352
23 54 1638
23 55 407
23 56 1304
23 57 1590
23 58 359
23 59 1256
23 60 1542
23 61 311
23 62 1208
23 63 1494
23 64 263
23 65 1160
23 66 1446
23 67 215
23 68 1112
23 69 1398
23 70 167
23 71 1064
23 72 1446
23 73 215
23 74 1112
23 75 1494
23 76 263
23 77 1160
23 78 1542
23 79 311
23 80 1208
23 81 1590
23 82 359
23 83 1256
23 84 2142
24 0 1758
24 1 400
24 2 1453
24 3 278
24 4 626
24 5 1811
24 6 688
24 7 1785
24 8 1367
24 9 1253
24 10 1505
24 11 1051
24 12 935
24 13 629
24 14 1409
24 15 1553
24 16 1247
24 17 731
24 18 1249
24 19 1472
24 20 1204
24 21 1309
24 22 1063
24 23 718
24 24 0
24 25 526
24 26 755
24 27 937
24 28 754
24 29 768
24 30 1638
24 31 407
24 32 1304
24 33 1590
24 34 359
24 35 1256
24 36 1542
24 37 311
24 38 1208
24 39 1494
24 40 263
24 41 1160
24 42 1446
24 43 215
24 44 1112
24 45 1398
24 46 167
24 47 1064
24 48 1446
24 49 215
24 50 1112
24 51 1494
24 52 263
24 53 1160
24 54 1542
24 55 311
24 56 1208
24 57 1590
24 58 359
24 59 1256
24 60 1638
24 61 407
24 62 1304
24 63 1686
24 64 455
24 65 1352
24 66 1734
24 67 503
24 68 1400
24 69 1782
24 70 551
24 71 1448
24 72 1830
24 73 599
24 74 1496
24 75 1878
24 76 647
24 77 1544
24 78 1926
24 79 695
24 80 1592
24 81 1974
24 82 743
24 83 1640
24 84 1758
25 0 1566
25 1 304
25 2 1357
25 3 470
25 4 434
25 5 2003
25 6 880
25 7 1977
25 8 1175
25 9 1349
25 10 1409
25 11 1243
25 12 1127
25 13 821
25 14 1601
25 15 1361
25 16 1439
25 17 923
25 18 1249
25 19 1664
25 20 1396
25 21 1501
25 22 1255
25 23 910
25 24 526
25 25 0
25 26 947
25 27 937
25 28 1280
25 29 960
25 30 1446
25 31 215
25 32 1112
25 33 1398
25 34 167
25 35 1064
25 36 1446
25 37 215
25 38 1112
25 39 1494
25 40 263
25 41 1160
25 42 1542
25 43 311
25 44 1208
25 45 1590
25 46 359
25 47 1256
25 48 1638
25 49 407
25 50 1304
25 51 1686
25 52 455
25 53 1352
25 54 1734
25 55 503
25 56 1400
25 57 1782
25 58 551
25 59 1448
25 60 1830
25 61 599
25 62 1496
25 63 1878
25 64 647
25 65 1544
25 66 1926
25 67 695
25 68 1592
25 69 1974
25 70 743
25 71 1640
25 72 2022
25 73 791
25 74 1688
25 75 2070
25 76 839
25 77 1736
25 78 2118
25 79 887
25 80 1784
25 81 2166
25 82 935
25 83 1832
25 84 1566
26 0 2179
26 1 821
26 2 1874
26 3 603
26 4 1047
26 5 2040
26 6 917
26 7 2014
26 8 1346
26 9 1674
26 10 1926
26 11 1280
26 12 1164
26 13 954
26 14 1734
26 15 1974
26 16 1476
26 17 960
26 18 1020
26 19 1701
26 20 1433
26 21 1730
26 22 1266
26 23 947
26 24 755
26 25 947
26 26 0
26 27 1358
26 28 1145
26 29 13
26 30 2059
26 31 828
26 32 1075
26 33 2011
26 34 780
26 35 1027
26 36 1963
26 37 732
26 38 979
26 39 1915
26 40 684
26 41 931
26 42 1867
26 43 636
26 44 883
26 45 1819
26 46 588
26 47 835
26 48 1771
26 49 540
26 50 787
26 51 1723
26 52 492
26 53 739
26 54 1771
26 55 540
26 56 787
26 57 1819
26 58 588
26 59 835
26 60 1867
26 61 636
26 62 883
26 63 1915
26 64 684
26 65 931
26 66 1963
26 67 732
26 68 979
26 69 2011
26 70 780
26 71 1027
26 72 2059
26 73 828
26 74 1075
26 75 2107
26 76 876
26 77 1123
26 78 2155
26 79 924
26 80 1171
26 81 2203
26 82 972
26 83 1219
26 84 2179
27 0 821
27 1 811
27 2 694
27 3 881
27 4 1037
27 5 1296
27 6 1291
27 7 1322
27 8 1778
27 9 798
27 10 642
27 11 1654
27 12 1538
27 13 1232
27 14 738
27 15 690
27 16 1668
27 17 1334
27 18 1816
27 19 1347
27 20 1807
27 21 742
27 22 1666
27 23 1321
27 24 937
27 25 937
27 26 1358
27 27 0
27 28 1691
27 29 1371
27 30 701
27 31 818
27 32 2049
27 33 653
27 34 770
27 35 2001
27 36 605
27 37 722
27 38 1953
27 39 557
27 40 674
27 41 1905
27 42 605
27 43 722
27 44 1953
27 45 653
27 46 770
27 47 2001
27 48 701
27 49 818
27 50 2049
27 51 749
27 52 866
27 53 2097
27 54 797
27 55 914
27 56 2145
27 57 845
27 58 962
27 59 2193
27 60 893
27 61 1010
27 62 2241
27 63 941
27 64 1058
27 65 2289
27 66 989
27 67 1106
27 68 2337
27 69 1037
27 70 1154
27 71 2385
27 72 1085
27 73 1202
27 74 2433
27 75 1133
27 76 1250
27 77 2481
27 78 1181
27 79 1298
27 80 2529
27 81 1229
27 82 1346
27 83 2577
27 84 821
28 0 2512
28 1 1154
28 2 2207
28 3 1032
28 4 1380
28 5 2565
28 6 1442
28 7 2539
28 8 821
28 9 2007
28 10 2259
28 11 1233
28 12 1637
28 13 1175
28 14 2163
28 15 2307
28 16 2001
28 17 1485
28 18 495
28 19 2226
28 20 1464
28 21 2063
28 22 933
28 23 1472
28 24 754
28 25 1280
28 26 1145
28 27 1691
28 28 0
28 29 1132
28 30 2392
28 31 1161
28 32 550
28 33 2344
28 34 1113
28 35 502
28 36 2296
28 37 1065
28 38 454
28 39 2248
28 40 1017
28 41 406
28 42 2200
28 43 969
28 44 358
28 45 2152
28 46 921
28 47 310
28 48 2200
28 49 969
28 50 358
28 51 2248
28 52 1017
28 53 406
28 54 2296
28 55 1065
28 56 454
28 57 2344
28 58 1113
28 59 502
28 60 2392
28 61 1161
28 62 550
28 63 2440
28 64 1209
28 65 598
28 66 2488
28 67 1257
28 68 646
28 69 2536
28 70 1305
28 71 694
28 72 2584
28 73 1353
28 74 742
28 75 2632
28 76 1401
28 77 790
28 78 2680
28 79 1449
28 80 838
28 81 2728
28 82 1497
28 83 886
28 84 2512
29 0 2192
29 1 834
29 2 1887
29 3 616
29 4 1060
29 5 2053
29 6 930
29 7 2027
29 8 1333
29 9 1687
29 10 1939
29 11 1293
29 12 1177
29 13 967
29 14 1747
29 15 1987
29 16 1489
29 17 973
29 18 1007
29 19 1714
29 20 1446
29 21 1743
29 22 1253
29 23 960
29 24 768
29 25 960
29 26 13
29 27 1371
29 28 1132
29 29 0
29 30 2072
29 31 841
29 32 1062
29 33 2024
29 34 793
29 35 1014
29 36 1976
29 37 745
29 38 966
29 39 1928
29 40 697
29 41 918
29 42 1880
29 43 649
29 44 870
29 45 1832
29 46 601
29 47 822
29 48 1784
29 49 553
29 50 774
29 51 1736
29 52 505
29 53 726
29 54 1784
29 55 553
29 56 774
29 57 1832
29 58 601
29 59 822
29 60 1880
29 61 649
29 62 870
29 63 1928
29 64 697
29 65 918
29 66 1976
29 67 745
29 68 966
29 69 2024
29 70 793
29 71 1014
29 72 2072
29 73 841
29 74 1062
29 75 2120
29 76 889
29 77 1110
29 78 2168
29 79 937
29 80 1158
29 81 2216
29 82 985
29 83 1206
29 84 2192
30 0 120
30 1 1416
30 2 185
30 3 1582
30 4 1450
30 5 883
30 6 1992
30 7 909
30 8 2191
30 9 385
30 10 133
30 11 2355
30 12 2239
30 13 1933
30 14 325
30 15 85
30 16 1255
30 17 2035
30 18 2517
30 19 934
30 20 2508
30 21 329
30 22 2367
30 23 2022
30 24 1638
30 25 1446
30 26 2059
30 27 701
30 28 2392
30 29 2072
30 30 0
30 31 1231
30 32 2462
30 33 48
30 34 1279
30 35 2510
30 36 96
30 37 1327
30 38 2558
30 39 144
30 40 1375
30 41 2606
30 42 192
30 43 1423
30 44 2654
30 45 240
30 46 1471
30 47 2702
30 48 288
30 49 1519
30 50 2750
30 51 336
30 52 1567
30 53 2798
30 54 384
30 55 1615
30 56 2846
30 57 432
30 58 1663
30 59 2894
30 60 480
30 61 1711
30 62 2942
30 63 528
30 64 1759
30 65 2990
30 66 576
30 67 1807
30 68 3038
30 69 624
30 70 1855
30 71 3086
30 72 672
30 73 1903
30 74 3134
30 75 720
30 76 1951
30 77 3182
30 78 768
30 79 1999
30 80 3230
30 81 816
30 82 2047
30 83 3278
30 84 120
31 0 1351
31 1 185
31 2 1238
31 3 351
31 4 219
31 5 1884
31 6 761
31 7 1858
31 8 960
31 9 1230
31 10 1290
31 11 1124
31 12 1008
31 13 702
31 14 1482
31 15 1242
31 16 1320
31 17 804
31 18 1286
31 19 1545
31 20 1277
31 21 1382
31 22 1136
31 23 791
31 24 407
31 25 215
31 26 828
31 27 818
31 28 1161
31 29 841
31 30 1231
31 31 0
31 32 1231
31 33 1279
31 34 48
31 35 1279
31 36 1327
31 37 96
31 38 1327
31 39 1375
31 40 144
31 41 1375
31 42 1423
31 43 192
31 44 1423
31 45 1471
31 46 240
31 47 1471
31 48 1519
31 49 288
31 50 1519
31 51 1567
31 52 336
31 53 1567
31 54 1615
31 55 384
31 56 1615
31 57 1663
31 58 432
31 59 1663
31 60 1711
31 61 480
31 62 1711
31 63 1759
31 64 528
31 65 1759
31 66 1807
31 67 576
31 68 1807
31 69 1855
31 70 624
31 71 1855
31 72 1903
31 73 672
31 74 1903
31 75 1951
31 76 720
31 77 1951
31 78 1999
31 79 768
31 80 1999
31 81 2047
31 82 816
31 83 2047
31 84 1351
32 0 2582
32 1 1238
32 2 2469
32 3 1456
32 4 1012
32 5 3115
32 6 1814
32 7 3089
32 8 271
32 9 2461
32 10 2521
32 11 1163
32 12 1567
32 13 1105
32 14 2713
32 15 2473
32 16 2551
32 17 1675
32 18 233
32 19 2776
32 20 1394
32 21 2613
32 22 863
32 23 1688
32 24 1304
32 25 1112
32 26 1075
32 27 2049
32 28 550
32 29 1062
32 30 2462
32 31 1231
32 32 0
32 33 2510
32 34 1279
32 35 48
32 36 2558
32 37 1327
32 38 96
32 39 2606
32 40 1375
32 41 144
32 42 2654
32 43 1423
32 44 192
32 45 2702
32 46 1471
32 47 240
32 48 2750
32 49 1519
32 50 288
32 51 2798
32 52 1567
32 53 336
32 54 2846
32 55 1615
32 56 384
32 57 2894
32 58 1663
32 59 432
32 60 2942
32 61 1711
32 62 480
32 63 2990
32 64 1759
32 65 528
32 66 3038
32 67 1807
32 68 576
32 69 3086
32 70 1855
32 71 624
32 72 3134
32 73 1903
32 74 672
32 75 3182
32 76 1951
32 77 720
32 78 3230
32 79 1999
32 80 768
32 81 3278
32 82 2047
32 83 816
32 84 2582
33 0 168
33 1 1368
33 2 137
33 3 1534
33 4 1498
33 5 835
33 6 1944
33 7 861
33 8 2239
33 9 337
33 10 85
33 11 2307
33 12 2191
33 13 1885
33 14 277
33 15 37
33 16 1207
33 17 1987
33 18 2469
33 19 886
33 20 2460
33 21 281
33 22 2319
33 23 1974
33 24 1590
33 25 1398
33 26 2011
33 27 653
33 28 2344
33 29 2024
33 30 48
33 31 1279
33 32 2510
33 33 0
33 34 1231
33 35 2462
33 36 48
33 37 1279
33 38 2510
33 39 96
33 40 1327
33 41 2558
33 42 144
33 43 1375
33 44 2606
33 45 192
33 46 1423
33 47 2654
33 48 240
33 49 1471
33 50 2702
33 51 288
33 52 1519
33 53 2750
33 54 336
33 55 1567
33 56 2798
33 57 384
33 58 1615
33 59 2846
33 60 432
33 61 1663
33 62 2894
33 63 480
33 64 1711
33 65 2942
33 66 528
33 67 1759
33 68 2990
33 69 576
33 70 1807
33 71 3038
33 72 624
33 73 1855
33 74 3086
33 75 672
33 76 1903
33 77 3134
33 78 720
33 79 1951
33 80 3182
33 81 768
33 82 1999
33 83 3230
33 84 168
34 0 1399
34 1 137
34 2 1190
34 3 303
34 4 267
34 5 1836
34 6 713
34 7 1810
34 8 1008
34 9 1182
34 10 1242
34 11 1076
34 12 960
34 13 654
34 14 1434
34 15 1194
34 16 1272
34 17 756
34 18 1238
34 19 1497
34 20 1229
34 21 1334
34 22 1088
34 23 743
34 24 359
34 25 167
34 26 780
34 27 770
34 28 1113
34 29 793
34 30 1279
34 31 48
34 32 1279
34 33 1231
34 34 0
34 35 1231
34 36 1279
34 37 48
34 38 1279
34 39 1327
34 40 96
34 41 1327
34 42 1375
34 43 144
34 44 1375
34 45 1423
34 46 192
34 47 1423
34 48 1471
34 49 240
34 50 1471
34 51 1519
34 52 288
34 53 1519
34 54 1567
34 55 336
34 56 1567
34 57 1615
34 58 384
34 59 1615
34 60 1663
34 61 432
34 62 1663
34 63 1711
34 64 480
34 65 1711
34 66 1759
34 67 528
34 68 1759
34 69 1807
34 70 576
34 71 1807
34 72 1855
34 73 624
34 74 1855
34 75 1903
34 76 672
34 77 1903
34 78 1951
34 79 720
34 80 1951
34 81 1999
34 82 768
34 83 1999
34 84 1399
35 0 2630
35 1 1190
35 2 2421
35 3 1408
35 4 1060
35 5 3067
35 6 1766
35 7 3041
35 8 319
35 9 2413
35 10 2473
35 11 1115
35 12 1519
35 13 1057
35 14 2665
35 15 2425
35 16 2503
35 17 1627
35 18 185
35 19 2728
35 20 1346
35 21 2565
35 22 815
35 23 1640
35 24 1256
35 25 1064
35 26 1027
35 27 2001
35 28 502
35 29 1014
35 30 2510
35 31 1279
35 32 48
35 33 2462
35 34 1231
35 35 0
35 36 2510
35 37 1279
35 38 48
35 39 2558
35 40 1327
35 41 96
35 42 2606
35 43 1375
35 44 144
35 45 2654
35 46 1423
35 47 192
35 48 2702
35 49 1471
35 50 240
35 51 2750
35 52 1519
35 53 288
35 54 2798
35 55 1567
35 56 336
35 57 2846
35 58 1615
35 59 384
35 60 2894
35 61 1663
35 62 432
35 63 2942
35 64 1711
35 65 480
35 66 2990
35 67 1759
35 68 528
35 69 3038
35 70 1807
35 71 576
35 72 3086
35 73 1855
35 74 624
35 75 3134
35 76 1903
35 77 672
35 78 3182
35 79 1951
35 80 720
35 81 3230
35 82 1999
35 83 768
35 84 2630
36 0 216
36 1 1320
36 2 89
36 3 1486
36 4 1546
36 5 787
36 6 1896
36 7 813
36 8 2287
36 9 289
36 10 37
36 11 2259
36 12 2143
36 13 1837
36 14 229
36 15 85
36 16 1159
36 17 1939
36 18 2421
36 19 838
36 20 2412
36 21 233
36 22 2271
36 23 1926
36 24 1542
36 25 1446
36 26 1963
36 27 605
36 28 2296
36 29 1976
36 30 96
36 31 1327
36 32 2558
36 33 48
36 34 1279
36 35 2510
36 36 0
36 37 1231
36 38 2462
36 39 48
36 40 1279
36 41 2510
36 42 96
36 43 1327
36 44 2558
36 45 144
36 46 1375
36 47 2606
36 48 192
36 49 1423
36 50 2654
36 51 240
36 52 1471
36 53 2702
36 54 288
36 55 1519
36 56 2750
36 57 336
36 58 1567
36 59 2798
36 60 384
36 61 1615
36 62 2846
36 63 432
36 64 1663
36 65 2894
36 66 480
36 67 1711
36 68 2942
36 69 528
36 70 1759
36 71 2990
36 72 576
36 73 1807
36 74 3038
36 75 624
36 76 1855
36 77 3086
36 78 672
36 79 1903
36 80 3134
36 81 720
36 82 1951
36 83 3182
36 84 216
37 0 1447
37 1 89
37 2 1142
37 3 255
37 4 315
37 5 1788
37 6 665
37 7 1762
37 8 1056
37 9 1134
37 10 1194
37 11 1028
37 12 912
37 13 606
37 14 1386
37 15 1242
37 16 1224
37 17 708
37 18 1190
37 19 1449
37 20 1181
37 21 1286
37 22 1040
37 23 695
37 24 311
37 25 215
37 26 732
37 27 722
37 28 1065
37 29 745
37 30 1327
37 31 96
37 32 1327
37 33 1279
37 34 48
37 35 1279
37 36 1231
37 37 0
37 38 1231
37 39 1279
37 40 48
37 41 1279
37 42 1327
37 43 96
37 44 1327
37 45 1375
37 46 144
37 47 1375
37 48 1423
37 49 192
37 50 1423
37 51 1471
37 52 240
37 53 1471
37 54 1519
37 55 288
37 56 1519
37 57 1567
37 58 336
37 59 1567
37 60 1615
37 61 384
37 62 1615
37 63 1663
37 64 432
37 65 1663
37 66 1711
37 67 480
37 68 1711
37 69 1759
37 70 528
37 71 1759
37 72 1807
37 73 576
37 74 1807
37 75 1855
37 76 624
37 77 1855
37 78 1903
37 79 672
37 80 1903
37 81 1951
37 82 720
37 83 1951
37 84 1447
38 0 2678
38 1 1142
38 2 2373
38 3 1360
38 4 1108
38 5 3019
38 6 1718
38 7 2993
38 8 367
38 9 2365
38 10 2425
38 11 1067
38 12 1471
38 13 1009
38 14 2617
38 15 2473
38 16 2455
38 17 1579
38 18 137
38 19 2680
38 20 1298
38 21 2517
38 22 767
38 23 1592
38 24 1208
38 25 1112
38 26 979
38 27 1953
38 28 454
38 29 966
38 30 2558
38 31 1327
38 32 96
38 33 2510
38 34 1279
38 35 48
38 36 2462
38 37 1231
38 38 0
38 39 2510
38 40 1279
38 41 48
38 42 2558
38 43 1327
38 44 96
38 45 2606
38 46 1375
38 47 144
38 48 2654
38 49 1423
38 50 192
38 51 2702
38 52 1471
38 53 240
38 54 2750
38 55 1519
38 56 288
38 57 2798
38 58 1567
38 59 336
38 60 2846
38 61 1615
38 62 384
38 63 2894
38 64 1663
38 65 432
38 66 2942
38 67 1711
38 68 480
38 69 2990
38 70 1759
38 71 528
38 72 3038
38 73 1807
38 74 576
38 75 3086
38 76 1855
38 77 624
38 78 3134
38 79 1903
38 80 672
38 81 3182
38 82 1951
38 83 720
38 84 2678
39 0 264
39 1 1368
39 2 137
39 3 1438
39 4 1594
39 5 739
39 6 1848
39 7 765
39 8 2335
39 9 241
39 10 85
39 11 2211
39 12 2095
39 13 1789
39 14 181
39 15 133
39 16 1111
39 17 1891
39 18 2373
39 19 790
39 20 2364
39 21 185
39 22 2223
39 23 1878
39 24 1494
39 25 1494
39 26 1915
39 27 557
39 28 2248
39 29 1928
39 30 144
39 31 1375
39 32 2606
39 33 96
39 34 1327
39 35 2558
39 36 48
39 37 1279
39 38 2510
39 39 0
39 40 1231
39 41 2462
39 42 48
39 43 1279
39 44 2510
39 45 96
39 46 1327
39 47 2558
39 48 144
39 49 1375
39 50 2606
39 51 192
39 52 1423
39 53 2654
39 54 240
39 55 1471
39 56 2702
39 57 288
39 58 1519
39 59 2750
39 60 336
39 61 1567
39 62 2798
39 63 384
39 64 1615
39 65 2846
39 66 432
39 67 1663
39 68 2894
39 69 480
39 70 1711
39 71 2942
39 72 528
39 73 1759
39 74 2990
39 75 576
39 76 1807
39 77 3038
39 78 624
39 79 1855
39 80 3086
39 81 672
39 82 1903
39 83 3134
39 84 264
40 0 1495
40 1 137
40 2 1190
40 3 207
40 4 363
40 5 1740
40 6 617
40 7 1714
40 8 1104
40 9 1086
40 10 1242
40 11 980
40 12 864
40 13 558
40 14 1338
40 15 1290
40 16 1176
40 17 660
40 18 1142
40 19 1401
40 20 1133
40 21 1238
40 22 992
40 23 647
40 24 263
40 25 263
40 26 684
40 27 674
40 28 1017
40 29 697
40 30 1375
40 31 144
40 32 1375
40 33 1327
40 34 96
40 35 1327
40 36 1279
40 37 48
40 38 1279
40 39 1231
40 40 0
40 41 1231
40 42 1279
40 43 48
40 44 1279
40 45 1327
40 46 96
40 47 1327
40 48 1375
40 49 144
40 50 1375
40 51 1423
40 52 192
40 53 1423
40 54 1471
40 55 240
40 56 1471
40 57 1519
40 58 288
40 59 1519
40 60 1567
40 61 336
40 62 1567
40 63 1615
40 64 384
40 65 1615
40 66 1663
40 67 432
40 68 1663
40 69 1711
40 70 480
40 71 1711
40 72 1759
40 73 528
40 74 1759
40 75 1807
40 76 576
40 77 1807
40 78 1855
40 79 624
40 80 1855
40 81 1903
40 82 672
40 83 1903
40 84 1495
41 0 2726
41 1 1190
41 2 2421
41 3 1312
41 4 1156
41 5 2971
41 6 1670
41 7 2945
41 8 415
41 9 2317
41 10 2473
41 11 1019
41 12 1423
41 13 961
41 14 2569
41 15 2521
41 16 2407
41 17 1531
41 18 89
41 19 2632
41 20 1250
41 21 2469
41 22 719
41 23 1544
41 24 1160
41 25 1160
41 26 931
41 27 1905
41 28 406
41 29 918
41 30 2606
41 31 1375
41 32 144
41 33 2558
41 34 1327
41 35 96
41 36 2510
41 37 1279
41 38 48
41 39 2462
41 40 1231
41 41 0
41 42 2510
41 43 1279
41 44 48
41 45 2558
41 46 1327
41 47 96
41 48 2606
41 49 1375
41 50 144
41 51 2654
41 52 1423
41 53 192
41 54 2702
41 55 1471
41 56 240
41 57 2750
41 58 1519
41 59 288
41 60 2798
41 61 1567
41 62 336
41 63 2846
41 64 1615
41 65 384
41 66 2894
41 67 1663
41 68 432
41 69 2942
41 70 1711
41 71 480
41 72 2990
41 73 1759
41 74 528
41 75 3038
41 76 1807
41 77 576
41 78 3086
41 79 1855
41 80 624
41 81 3134
41 82 1903
41 83 672
41 84 2726
42 0 312
42 1 1416
42 2 185
42 3 1390
42 4 1642
42 5 691
42 6 1800
42 7 717
42 8 2383
42 9 193
42 10 133
42 11 2163
42 12 2047
42 13 1741
42 14 133
42 15 181
42 16 1063
42 17 1843
42 18 2421
42 19 742
42 20 2316
42 21 137
42 22 2175
42 23 1830
42 24 1446
42 25 1542
42 26 1867
42 27 605
42 28 2200
