//alpha
1
//NbLocations
80
//NbProducts
25
//NbPickers
2
//CapaPicker
8
//TimeToTravelOneDistanceUnit
3
//SetupTime
5400
//PickTime
300
//Products
//Idx Location Size
1 1 1
2 2 1
3 3 1
4 4 1
5 5 1
6 6 1
7 7 1
8 8 1
9 9 1
10 10 1
11 11 1
12 12 1
13 13 1
14 14 1
15 15 1
16 16 1
17 17 1
18 18 1
19 19 1
20 20 1
21 21 1
22 22 1
23 23 1
24 24 1
25 25 1
//Orders
//NbOrders
12
//Idx DueDate TardinessPenalty NbProdInOrder ProdIdx1 Qty1 ProdIdx2 Qty2 ...
1 36000 0 1 1 1
2 54000 0 1 2 1
3 54000 0 1 3 1
4 54000 0 2 4 1 5 1
5 36000 0 1 6 1
6 108000 0 3 7 1 8 1 9 1
7 54000 0 2 10 1 11 1
8 54000 0 2 12 1 13 1
9 36000 0 1 14 1
10 72000 0 2 15 1 16 1
11 126000 0 7 17 1 18 1 19 1 20 1 21 1 22 1 23 1
12 72000 0 2 24 1 25 1
//Graph (Products are vertices indexed from 1 to NbProducts)
//NbVerticesIntersections
54
//DepartingDepot
0
//ArrivalDepot
80
//Arcs
//Start End Distance
0 26 120
1 17 351
1 72 674
2 12 156
2 16 351
3 72 89
3 73 1142
4 26 518
4 27 713
5 32 258
5 33 973
6 10 26
6 30 50
7 27 76
7 28 1155
8 38 141
8 39 1090
9 13 247
9 24 13
10 6 26
10 31 1155
11 15 351
11 76 726
12 2 156
12 56 63
13 9 247
13 69 895
14 36 219
14 37 1012
15 11 351
15 75 154
16 2 351
16 57 661
17 1 351
17 71 206
18 29 440
18 30 791
19 69 232
19 70 999
20 62 37
20 63 1194
21 39 141
21 40 1090
22 41 453
22 42 778
23 42 89
23 43 1142
24 9 13
24 68 76
25 66 219
25 67 1012
26 4 518
26 29 48
26 80 120
27 4 713
27 7 76
27 30 48
28 7 1155
28 31 48
29 18 440
29 26 48
29 32 48
30 6 50
30 18 791
30 27 48
30 33 48
31 10 1155
31 28 48
31 34 48
32 5 258
32 29 48
32 35 48
33 5 973
33 30 48
33 34 1231
33 36 48
34 31 48
34 33 1231
34 37 48
35 32 48
35 36 1231
35 38 48
36 14 219
36 33 48
36 35 1231
36 39 48
37 14 1012
37 34 48
37 40 48
38 8 141
38 35 48
38 41 48
39 8 1090
39 21 141
39 36 48
39 42 48
40 21 1090
40 37 48
40 43 48
41 22 453
41 38 48
41 44 48
42 22 778
42 23 89
42 39 48
42 45 48
43 23 1142
43 40 48
43 46 48
44 41 48
44 45 1231
44 47 48
45 42 48
45 44 1231
45 46 1231
45 48 48
46 43 48
46 45 1231
46 49 48
47 44 48
47 48 1231
47 50 48
48 45 48
48 47 1231
48 49 1231
48 51 48
49 46 48
49 48 1231
49 52 48
50 47 48
50 51 1231
50 53 48
51 48 48
51 50 1231
51 52 1231
51 54 48
52 49 48
52 51 1231
52 55 48
53 50 48
53 54 1231
53 56 48
54 51 48
54 53 1231
54 55 1231
54 57 48
55 52 48
55 54 1231
55 58 48
56 12 63
56 53 48
56 59 48
57 16 661
57 54 48
57 58 1231
57 60 48
58 55 48
58 57 1231
58 61 48
59 56 48
59 60 1231
59 62 48
60 57 48
60 59 1231
60 61 1231
60 63 48
61 58 48
61 60 1231
61 64 48
62 20 37
62 59 48
62 65 48
63 20 1194
63 60 48
63 64 1231
63 66 48
64 61 48
64 63 1231
64 67 48
65 62 48
65 66 1231
65 68 48
66 25 219
66 63 48
66 65 1231
66 69 48
67 25 1012
67 64 48
67 70 48
68 24 76
68 65 48
68 71 48
69 13 895
69 19 232
69 66 48
69 72 48
70 19 999
70 67 48
70 73 48
71 17 206
71 68 48
71 74 48
72 1 674
72 3 89
72 69 48
72 75 48
73 3 1142
73 70 48
73 76 48
74 71 48
74 75 1231
74 77 48
75 15 154
75 72 48
75 74 1231
75 78 48
76 11 726
76 73 48
76 79 48
77 74 48
77 78 1231
78 75 48
78 77 1231
78 79 1231
79 76 48
79 78 1231
//LocStart LocEnd ShortestPath
0 0 0
0 1 1397
0 2 819
0 3 2160
0 4 638
0 5 474
0 6 1449
0 7 1427
0 8 453
0 9 881
0 10 1475
0 11 2624
0 12 663
0 13 1128
0 14 1714
0 15 2273
0 16 1170
0 17 1046
0 18 608
0 19 2255
0 20 733
0 21 1684
0 22 813
0 23 1680
0 24 868
0 25 2194
0 26 120
0 27 1351
0 28 2582
0 29 168
0 30 1399
0 31 2630
0 32 216
0 33 1447
0 34 2678
0 35 264
0 36 1495
0 37 2726
0 38 312
0 39 1543
0 40 2774
0 41 360
0 42 1591
0 43 2822
0 44 408
0 45 1639
0 46 2870
0 47 456
0 48 1687
0 49 2918
0 50 504
0 51 1735
0 52 2966
0 53 552
0 54 1783
0 55 3014
0 56 600
0 57 1831
0 58 3062
0 59 648
0 60 1879
0 61 3110
0 62 696
0 63 1927
0 64 3158
0 65 744
0 66 1975
0 67 3206
0 68 792
0 69 2023
0 70 3254
0 71 840
0 72 2071
0 73 3302
0 74 888
0 75 2119
0 76 3350
0 77 936
0 78 2167
0 79 3398
0 80 0
1 0 1397
1 1 0
1 2 1016
1 3 763
1 4 1795
1 5 1439
1 6 1396
1 7 1470
1 8 1226
1 9 694
1 10 1422
1 11 1227
1 12 860
1 13 941
1 14 1469
1 15 876
1 16 1367
1 17 351
1 18 1669
1 19 954
1 20 738
1 21 1343
1 22 1490
1 23 1243
1 24 681
1 25 989
1 26 1277
1 27 1394
1 28 2625
1 29 1229
1 30 1346
1 31 2577
1 32 1181
1 33 1298
1 34 2529
1 35 1133
1 36 1250
1 37 2481
1 38 1085
1 39 1202
1 40 2433
1 41 1037
1 42 1154
1 43 2385
1 44 989
1 45 1106
1 46 2337
1 47 941
1 48 1058
1 49 2289
1 50 893
1 51 1010
1 52 2241
1 53 845
1 54 962
1 55 2193
1 56 797
1 57 914
1 58 2145
1 59 749
1 60 866
1 61 2097
1 62 701
1 63 818
1 64 2049
1 65 653
1 66 770
1 67 2001
1 68 605
1 69 722
1 70 1953
1 71 557
1 72 674
1 73 1905
1 74 605
1 75 722
1 76 1953
1 77 653
1 78 770
1 79 2001
1 80 1397
2 0 819
2 1 1016
2 2 0
2 3 1341
2 4 1217
2 5 861
2 6 1494
2 7 1568
2 8 648
2 9 500
2 10 1520
2 11 1805
2 12 156
2 13 747
2 14 1567
2 15 1454
2 16 351
2 17 665
2 18 1091
2 19 1436
2 20 352
2 21 1441
2 22 912
2 23 1341
2 24 487
2 25 1375
2 26 699
2 27 1492
2 28 2723
2 29 651
2 30 1444
2 31 2675
2 32 603
2 33 1396
2 34 2627
2 35 555
2 36 1348
2 37 2579
2 38 507
2 39 1300
2 40 2531
2 41 459
2 42 1252
2 43 2483
2 44 411
2 45 1204
2 46 2435
2 47 363
2 48 1156
2 49 2387
2 50 315
2 51 1108
2 52 2339
2 53 267
2 54 1060
2 55 2291
2 56 219
2 57 1012
2 58 2243
2 59 267
2 60 1060
2 61 2291
2 62 315
2 63 1108
2 64 2339
2 65 363
2 66 1156
2 67 2387
2 68 411
2 69 1204
2 70 2435
2 71 459
2 72 1252
2 73 2483
2 74 507
2 75 1300
2 76 2531
2 77 555
2 78 1348
2 79 2579
2 80 819
3 0 2160
3 1 763
3 2 1341
3 3 0
3 4 1522
3 5 1686
3 6 811
3 7 885
3 8 1707
3 9 1279
3 10 837
3 11 642
3 12 1497
3 13 1032
3 14 884
3 15 291
3 16 990
3 17 1114
3 18 1552
3 19 369
3 20 1427
3 21 758
3 22 1347
3 23 658
3 24 1292
3 25 404
3 26 2040
3 27 809
3 28 1862
3 29 1992
3 30 761
3 31 1814
3 32 1944
3 33 713
3 34 1766
3 35 1896
3 36 665
3 37 1718
3 38 1848
3 39 617
3 40 1670
3 41 1800
3 42 569
3 43 1622
3 44 1752
3 45 521
3 46 1574
3 47 1704
3 48 473
3 49 1526
3 50 1656
3 51 425
3 52 1478
3 53 1608
3 54 377
3 55 1430
3 56 1560
3 57 329
3 58 1382
3 59 1512
3 60 281
3 61 1334
3 62 1464
3 63 233
3 64 1286
3 65 1416
3 66 185
3 67 1238
3 68 1368
3 69 137
3 70 1190
3 71 1320
3 72 89
3 73 1142
3 74 1368
3 75 137
3 76 1190
3 77 1416
3 78 185
3 79 1238
3 80 2160
4 0 638
4 1 1795
4 2 1217
4 3 1522
4 4 0
4 5 872
4 6 811
4 7 789
4 8 851
4 9 1279
4 10 837
4 11 1986
4 12 1061
4 13 1526
4 14 1076
4 15 1635
4 16 1568
4 17 1444
4 18 1006
4 19 1617
4 20 1131
4 21 1046
4 22 1211
4 23 1042
4 24 1266
4 25 1556
4 26 518
4 27 713
4 28 1944
4 29 566
4 30 761
4 31 1992
4 32 614
4 33 809
4 34 2040
4 35 662
4 36 857
4 37 2088
4 38 710
4 39 905
4 40 2136
4 41 758
4 42 953
4 43 2184
4 44 806
4 45 1001
4 46 2232
4 47 854
4 48 1049
4 49 2280
4 50 902
4 51 1097
4 52 2328
4 53 950
4 54 1145
4 55 2376
4 56 998
4 57 1193
4 58 2424
4 59 1046
4 60 1241
4 61 2472
4 62 1094
4 63 1289
4 64 2520
4 65 1142
4 66 1337
4 67 2568
4 68 1190
4 69 1385
4 70 2616
4 71 1238
4 72 1433
4 73 2664
4 74 1286
4 75 1481
4 76 2712
4 77 1334
4 78 1529
4 79 2760
4 80 638
5 0 474
5 1 1439
5 2 861
5 3 1686
5 4 872
5 5 0
5 6 1071
5 7 1145
5 8 495
5 9 923
5 10 1097
5 11 2150
5 12 705
5 13 1170
5 14 1240
5 15 1799
5 16 1212
5 17 1088
5 18 746
5 19 1781
5 20 775
5 21 1210
5 22 855
5 23 1206
5 24 910
5 25 1720
5 26 354
5 27 1069
5 28 2300
5 29 306
5 30 1021
5 31 2252
5 32 258
5 33 973
5 34 2204
5 35 306
5 36 1021
5 37 2252
5 38 354
5 39 1069
5 40 2300
5 41 402
5 42 1117
5 43 2348
5 44 450
5 45 1165
5 46 2396
5 47 498
5 48 1213
5 49 2444
5 50 546
5 51 1261
5 52 2492
5 53 594
5 54 1309
5 55 2540
5 56 642
5 57 1357
5 58 2588
5 59 690
5 60 1405
5 61 2636
5 62 738
5 63 1453
5 64 2684
5 65 786
5 66 1501
5 67 2732
5 68 834
5 69 1549
5 70 2780
5 71 882
5 72 1597
5 73 2828
5 74 930
5 75 1645
5 76 2876
5 77 978
5 78 1693
5 79 2924
5 80 474
6 0 1449
6 1 1396
6 2 1494
6 3 811
6 4 811
6 5 1071
6 6 0
6 7 174
6 8 1284
6 9 1816
6 10 26
6 11 1275
6 12 1650
6 13 1569
6 14 365
6 15 924
6 16 1143
6 17 1747
6 18 841
6 19 906
6 20 1772
6 21 335
6 22 1020
6 23 331
6 24 1829
6 25 845
6 26 1329
6 27 98
6 28 1229
6 29 1281
6 30 50
6 31 1181
6 32 1329
6 33 98
6 34 1229
6 35 1377
6 36 146
6 37 1277
6 38 1425
6 39 194
6 40 1325
6 41 1473
6 42 242
6 43 1373
6 44 1521
6 45 290
6 46 1421
6 47 1569
6 48 338
6 49 1469
6 50 1617
6 51 386
6 52 1517
6 53 1665
6 54 434
6 55 1565
6 56 1713
6 57 482
6 58 1613
6 59 1761
6 60 530
6 61 1661
6 62 1809
6 63 578
6 64 1709
6 65 1857
6 66 626
6 67 1757
6 68 1905
6 69 674
6 70 1805
6 71 1953
6 72 722
6 73 1853
6 74 2001
6 75 770
6 76 1901
6 77 2049
6 78 818
6 79 1949
6 80 1449
7 0 1427
7 1 1470
7 2 1568
7 3 885
7 4 789
7 5 1145
7 6 174
7 7 0
7 8 1358
7 9 1890
7 10 200
7 11 1349
7 12 1724
7 13 1643
7 14 439
7 15 998
7 16 1217
7 17 1821
7 18 915
7 19 980
7 20 1846
7 21 409
7 22 1094
7 23 405
7 24 1903
7 25 919
7 26 1307
7 27 76
7 28 1155
7 29 1355
7 30 124
7 31 1203
7 32 1403
7 33 172
7 34 1251
7 35 1451
7 36 220
7 37 1299
7 38 1499
7 39 268
7 40 1347
7 41 1547
7 42 316
7 43 1395
7 44 1595
7 45 364
7 46 1443
7 47 1643
7 48 412
7 49 1491
7 50 1691
7 51 460
7 52 1539
7 53 1739
7 54 508
7 55 1587
7 56 1787
7 57 556
7 58 1635
7 59 1835
7 60 604
7 61 1683
7 62 1883
7 63 652
7 64 1731
7 65 1931
7 66 700
7 67 1779
7 68 1979
7 69 748
7 70 1827
7 71 2027
7 72 796
7 73 1875
7 74 2075
7 75 844
7 76 1923
7 77 2123
7 78 892
7 79 1971
7 80 1427
8 0 453
8 1 1226
8 2 648
8 3 1707
8 4 851
8 5 495
8 6 1284
8 7 1358
8 8 0
8 9 710
8 10 1310
8 11 2171
8 12 492
8 13 957
8 14 1357
8 15 1820
8 16 999
8 17 875
8 18 725
8 19 1802
8 20 562
8 21 1231
8 22 642
8 23 1227
8 24 697
8 25 1741
8 26 333
8 27 1282
8 28 2513
8 29 285
8 30 1234
8 31 2465
8 32 237
8 33 1186
8 34 2417
8 35 189
8 36 1138
8 37 2369
8 38 141
8 39 1090
8 40 2321
8 41 189
8 42 1138
8 43 2369
8 44 237
8 45 1186
8 46 2417
8 47 285
8 48 1234
8 49 2465
8 50 333
8 51 1282
8 52 2513
8 53 381
8 54 1330
8 55 2561
8 56 429
8 57 1378
8 58 2609
8 59 477
8 60 1426
8 61 2657
8 62 525
8 63 1474
8 64 2705
8 65 573
8 66 1522
8 67 2753
8 68 621
8 69 1570
8 70 2801
8 71 669
8 72 1618
8 73 2849
8 74 717
8 75 1666
8 76 2897
8 77 765
8 78 1714
8 79 2945
8 80 453
9 0 881
9 1 694
9 2 500
9 3 1279
9 4 1279
9 5 923
9 6 1816
9 7 1890
9 8 710
9 9 0
9 10 1842
9 11 1743
9 12 344
9 13 247
9 14 1889
9 15 1392
9 16 851
9 17 343
9 18 1153
9 19 1374
9 20 222
9 21 1763
9 22 974
9 23 1663
9 24 13
9 25 1409
9 26 761
9 27 1814
9 28 3045
9 29 713
9 30 1766
9 31 2997
9 32 665
9 33 1718
9 34 2949
9 35 617
9 36 1670
9 37 2901
9 38 569
9 39 1622
9 40 2853
9 41 521
9 42 1574
9 43 2805
9 44 473
9 45 1526
9 46 2757
9 47 425
9 48 1478
9 49 2709
9 50 377
9 51 1430
9 52 2661
9 53 329
9 54 1382
9 55 2613
9 56 281
9 57 1334
9 58 2565
9 59 233
9 60 1286
9 61 2517
9 62 185
9 63 1238
9 64 2469
9 65 137
9 66 1190
9 67 2421
9 68 89
9 69 1142
9 70 2373
9 71 137
9 72 1190
9 73 2421
9 74 185
9 75 1238
9 76 2469
9 77 233
9 78 1286
9 79 2517
9 80 881
10 0 1475
10 1 1422
10 2 1520
10 3 837
10 4 837
10 5 1097
10 6 26
10 7 200
10 8 1310
10 9 1842
10 10 0
10 11 1301
10 12 1676
10 13 1595
10 14 391
10 15 950
10 16 1169
10 17 1773
10 18 867
10 19 932
10 20 1798
10 21 361
10 22 1046
10 23 357
10 24 1855
10 25 871
10 26 1355
10 27 124
10 28 1203
10 29 1307
10 30 76
10 31 1155
10 32 1355
10 33 124
10 34 1203
10 35 1403
10 36 172
10 37 1251
10 38 1451
10 39 220
10 40 1299
10 41 1499
10 42 268
10 43 1347
10 44 1547
10 45 316
10 46 1395
10 47 1595
10 48 364
10 49 1443
10 50 1643
10 51 412
10 52 1491
10 53 1691
10 54 460
10 55 1539
10 56 1739
10 57 508
10 58 1587
10 59 1787
10 60 556
10 61 1635
10 62 1835
10 63 604
10 64 1683
10 65 1883
10 66 652
10 67 1731
10 68 1931
10 69 700
10 70 1779
10 71 1979
10 72 748
10 73 1827
10 74 2027
10 75 796
10 76 1875
10 77 2075
10 78 844
10 79 1923
10 80 1475
11 0 2624
11 1 1227
11 2 1805
11 3 642
11 4 1986
11 5 2150
11 6 1275
11 7 1349
11 8 2171
11 9 1743
11 10 1301
11 11 0
11 12 1961
11 13 1496
11 14 1348
11 15 351
11 16 1454
11 17 1578
11 18 2016
11 19 833
11 20 1891
11 21 1222
11 22 1811
11 23 1122
11 24 1756
11 25 868
11 26 2504
11 27 1273
11 28 1494
11 29 2456
11 30 1225
11 31 1446
11 32 2408
11 33 1177
11 34 1398
11 35 2360
11 36 1129
11 37 1350
11 38 2312
11 39 1081
11 40 1302
11 41 2264
11 42 1033
11 43 1254
11 44 2216
11 45 985
11 46 1206
11 47 2168
11 48 937
11 49 1158
11 50 2120
11 51 889
11 52 1110
11 53 2072
11 54 841
11 55 1062
11 56 2024
11 57 793
11 58 1014
11 59 1976
11 60 745
11 61 966
11 62 1928
11 63 697
11 64 918
11 65 1880
11 66 649
11 67 870
11 68 1832
11 69 601
11 70 822
11 71 1784
11 72 553
11 73 774
11 74 1736
11 75 505
11 76 726
11 77 1784
11 78 553
11 79 774
11 80 2624
12 0 663
12 1 860
12 2 156
12 3 1497
12 4 1061
12 5 705
12 6 1650
12 7 1724
12 8 492
12 9 344
12 10 1676
12 11 1961
12 12 0
12 13 591
12 14 1723
12 15 1610
12 16 507
12 17 509
12 18 935
12 19 1592
12 20 196
12 21 1597
12 22 756
12 23 1497
12 24 331
12 25 1531
12 26 543
12 27 1648
12 28 2879
12 29 495
12 30 1600
12 31 2831
12 32 447
12 33 1552
12 34 2783
12 35 399
12 36 1504
12 37 2735
12 38 351
12 39 1456
12 40 2687
12 41 303
12 42 1408
12 43 2639
12 44 255
12 45 1360
12 46 2591
12 47 207
12 48 1312
12 49 2543
12 50 159
12 51 1264
12 52 2495
12 53 111
12 54 1216
12 55 2447
12 56 63
12 57 1168
12 58 2399
12 59 111
12 60 1216
12 61 2447
12 62 159
12 63 1264
12 64 2495
12 65 207
12 66 1312
12 67 2543
12 68 255
12 69 1360
12 70 2591
12 71 303
12 72 1408
12 73 2639
12 74 351
12 75 1456
12 76 2687
12 77 399
12 78 1504
12 79 2735
12 80 663
13 0 1128
13 1 941
13 2 747
13 3 1032
13 4 1526
13 5 1170
13 6 1569
13 7 1643
13 8 957
13 9 247
13 10 1595
13 11 1496
13 12 591
13 13 0
13 14 1642
13 15 1145
13 16 1098
13 17 590
13 18 1400
13 19 1127
13 20 469
13 21 1516
13 22 1221
13 23 1416
13 24 260
13 25 1162
13 26 1008
13 27 1567
13 28 2798
13 29 960
13 30 1519
13 31 2750
13 32 912
13 33 1471
13 34 2702
13 35 864
13 36 1423
13 37 2654
13 38 816
13 39 1375
13 40 2606
13 41 768
13 42 1327
13 43 2558
13 44 720
13 45 1279
13 46 2510
13 47 672
13 48 1231
13 49 2462
13 50 624
13 51 1183
13 52 2414
13 53 576
13 54 1135
13 55 2366
13 56 528
13 57 1087
13 58 2318
13 59 480
13 60 1039
13 61 2270
13 62 432
13 63 991
13 64 2222
13 65 384
13 66 943
13 67 2174
13 68 336
13 69 895
13 70 2126
13 71 384
13 72 943
13 73 2174
13 74 432
13 75 991
13 76 2222
13 77 480
13 78 1039
13 79 2270
13 80 1128
14 0 1714
14 1 1469
14 2 1567
14 3 884
14 4 1076
14 5 1240
14 6 365
14 7 439
14 8 1357
14 9 1889
14 10 391
14 11 1348
14 12 1723
14 13 1642
14 14 0
14 15 997
14 16 1216
14 17 1820
14 18 1106
14 19 979
14 20 1845
14 21 408
14 22 1093
14 23 404
14 24 1902
14 25 918
14 26 1594
14 27 363
14 28 1156
14 29 1546
14 30 315
14 31 1108
14 32 1498
14 33 267
14 34 1060
14 35 1450
14 36 219
14 37 1012
14 38 1498
14 39 267
14 40 1060
14 41 1546
14 42 315
14 43 1108
14 44 1594
14 45 363
14 46 1156
14 47 1642
14 48 411
14 49 1204
14 50 1690
14 51 459
14 52 1252
14 53 1738
14 54 507
14 55 1300
14 56 1786
14 57 555
14 58 1348
14 59 1834
14 60 603
14 61 1396
14 62 1882
14 63 651
14 64 1444
14 65 1930
14 66 699
14 67 1492
14 68 1978
14 69 747
14 70 1540
14 71 2026
14 72 795
14 73 1588
14 74 2074
14 75 843
14 76 1636
14 77 2122
14 78 891
14 79 1684
14 80 1714
15 0 2273
15 1 876
15 2 1454
15 3 291
15 4 1635
15 5 1799
15 6 924
15 7 998
15 8 1820
15 9 1392
15 10 950
15 11 351
15 12 1610
15 13 1145
15 14 997
15 15 0
15 16 1103
15 17 1227
15 18 1665
15 19 482
15 20 1540
15 21 871
15 22 1460
15 23 771
15 24 1405
15 25 517
15 26 2153
15 27 922
15 28 1845
15 29 2105
15 30 874
15 31 1797
15 32 2057
15 33 826
15 34 1749
15 35 2009
15 36 778
15 37 1701
15 38 1961
15 39 730
15 40 1653
15 41 1913
15 42 682
15 43 1605
15 44 1865
15 45 634
15 46 1557
15 47 1817
15 48 586
15 49 1509
15 50 1769
15 51 538
15 52 1461
15 53 1721
15 54 490
15 55 1413
15 56 1673
15 57 442
15 58 1365
15 59 1625
15 60 394
15 61 1317
15 62 1577
15 63 346
15 64 1269
15 65 1529
15 66 298
15 67 1221
15 68 1481
15 69 250
15 70 1173
15 71 1433
15 72 202
15 73 1125
15 74 1385
15 75 154
15 76 1077
15 77 1433
15 78 202
15 79 1125
15 80 2273
16 0 1170
16 1 1367
16 2 351
16 3 990
16 4 1568
16 5 1212
16 6 1143
16 7 1217
16 8 999
16 9 851
16 10 1169
16 11 1454
16 12 507
16 13 1098
16 14 1216
16 15 1103
16 16 0
16 17 1016
16 18 1442
16 19 1085
16 20 703
16 21 1090
16 22 1263
16 23 990
16 24 838
16 25 1024
16 26 1050
16 27 1141
16 28 2372
16 29 1002
16 30 1093
16 31 2324
16 32 954
16 33 1045
16 34 2276
16 35 906
16 36 997
16 37 2228
16 38 858
16 39 949
16 40 2180
16 41 810
16 42 901
16 43 2132
16 44 762
16 45 853
16 46 2084
16 47 714
16 48 805
16 49 2036
16 50 666
16 51 757
16 52 1988
16 53 618
16 54 709
16 55 1940
16 56 570
16 57 661
16 58 1892
16 59 618
16 60 709
16 61 1940
16 62 666
16 63 757
16 64 1988
16 65 714
16 66 805
16 67 2036
16 68 762
16 69 853
16 70 2084
16 71 810
16 72 901
16 73 2132
16 74 858
16 75 949
16 76 2180
16 77 906
16 78 997
16 79 2228
16 80 1170
17 0 1046
17 1 351
17 2 665
17 3 1114
17 4 1444
17 5 1088
17 6 1747
17 7 1821
17 8 875
17 9 343
17 10 1773
17 11 1578
17 12 509
17 13 590
17 14 1820
17 15 1227
17 16 1016
17 17 0
17 18 1318
17 19 1305
17 20 387
17 21 1694
17 22 1139
17 23 1594
17 24 330
17 25 1340
17 26 926
17 27 1745
17 28 2976
17 29 878
17 30 1697
17 31 2928
17 32 830
17 33 1649
17 34 2880
17 35 782
17 36 1601
17 37 2832
17 38 734
17 39 1553
17 40 2784
17 41 686
17 42 1505
17 43 2736
17 44 638
17 45 1457
17 46 2688
17 47 590
17 48 1409
17 49 2640
17 50 542
17 51 1361
17 52 2592
17 53 494
17 54 1313
17 55 2544
17 56 446
17 57 1265
17 58 2496
17 59 398
17 60 1217
17 61 2448
17 62 350
17 63 1169
17 64 2400
17 65 302
17 66 1121
17 67 2352
17 68 254
17 69 1073
17 70 2304
17 71 206
17 72 1025
17 73 2256
17 74 254
17 75 1073
17 76 2304
17 77 302
17 78 1121
17 79 2352
17 80 1046
18 0 608
18 1 1669
18 2 1091
18 3 1552
18 4 1006
18 5 746
18 6 841
18 7 915
18 8 725
18 9 1153
18 10 867
18 11 2016
18 12 935
18 13 1400
18 14 1106
18 15 1665
18 16 1442
18 17 1318
18 18 0
18 19 1647
18 20 1005
18 21 1076
18 22 1085
18 23 1072
18 24 1140
18 25 1586
18 26 488
18 27 839
18 28 2070
18 29 440
18 30 791
18 31 2022
18 32 488
18 33 839
18 34 2070
18 35 536
18 36 887
18 37 2118
18 38 584
18 39 935
18 40 2166
18 41 632
18 42 983
18 43 2214
18 44 680
18 45 1031
18 46 2262
18 47 728
18 48 1079
18 49 2310
18 50 776
18 51 1127
18 52 2358
18 53 824
18 54 1175
18 55 2406
18 56 872
18 57 1223
18 58 2454
18 59 920
18 60 1271
18 61 2502
18 62 968
18 63 1319
18 64 2550
18 65 1016
18 66 1367
18 67 2598
18 68 1064
18 69 1415
18 70 2646
18 71 1112
18 72 1463
18 73 2694
18 74 1160
18 75 1511
18 76 2742
18 77 1208
18 78 1559
18 79 2790
18 80 608
19 0 2255
19 1 954
19 2 1436
19 3 369
19 4 1617
19 5 1781
19 6 906
19 7 980
19 8 1802
19 9 1374
19 10 932
19 11 833
19 12 1592
19 13 1127
19 14 979
19 15 482
19 16 1085
19 17 1305
19 18 1647
19 19 0
19 20 1522
19 21 853
19 22 1442
19 23 753
19 24 1387
19 25 499
19 26 2135
19 27 904
19 28 1671
19 29 2087
19 30 856
19 31 1623
19 32 2039
19 33 808
19 34 1575
19 35 1991
19 36 760
19 37 1527
19 38 1943
19 39 712
19 40 1479
19 41 1895
19 42 664
19 43 1431
19 44 1847
19 45 616
19 46 1383
19 47 1799
19 48 568
19 49 1335
19 50 1751
19 51 520
19 52 1287
19 53 1703
19 54 472
19 55 1239
19 56 1655
19 57 424
19 58 1191
19 59 1607
19 60 376
19 61 1143
19 62 1559
19 63 328
19 64 1095
19 65 1511
19 66 280
19 67 1047
19 68 1463
19 69 232
19 70 999
19 71 1511
19 72 280
19 73 1047
19 74 1559
19 75 328
19 76 1095
19 77 1607
19 78 376
19 79 1143
19 80 2255
20 0 733
20 1 738
20 2 352
20 3 1427
20 4 1131
20 5 775
20 6 1772
20 7 1846
20 8 562
20 9 222
20 10 1798
20 11 1891
20 12 196
20 13 469
20 14 1845
20 15 1540
20 16 703
20 17 387
20 18 1005
20 19 1522
20 20 0
20 21 1719
20 22 826
20 23 1619
20 24 209
20 25 1461
20 26 613
20 27 1770
20 28 3001
20 29 565
20 30 1722
20 31 2953
20 32 517
20 33 1674
20 34 2905
20 35 469
20 36 1626
20 37 2857
20 38 421
20 39 1578
20 40 2809
20 41 373
20 42 1530
20 43 2761
20 44 325
20 45 1482
20 46 2713
20 47 277
20 48 1434
20 49 2665
20 50 229
20 51 1386
20 52 2617
20 53 181
20 54 1338
20 55 2569
20 56 133
20 57 1290
20 58 2521
20 59 85
20 60 1242
20 61 2473
20 62 37
20 63 1194
20 64 2425
20 65 85
20 66 1242
20 67 2473
20 68 133
20 69 1290
20 70 2521
20 71 181
20 72 1338
20 73 2569
20 74 229
20 75 1386
20 76 2617
20 77 277
20 78 1434
20 79 2665
20 80 733
21 0 1684
21 1 1343
21 2 1441
21 3 758
21 4 1046
21 5 1210
21 6 335
21 7 409
21 8 1231
21 9 1763
21 10 361
21 11 1222
21 12 1597
21 13 1516
21 14 408
21 15 871
21 16 1090
21 17 1694
21 18 1076
21 19 853
21 20 1719
21 21 0
21 22 967
21 23 278
21 24 1776
21 25 792
21 26 1564
21 27 333
21 28 1282
21 29 1516
21 30 285
21 31 1234
21 32 1468
21 33 237
21 34 1186
21 35 1420
21 36 189
21 37 1138
21 38 1372
21 39 141
21 40 1090
21 41 1420
21 42 189
21 43 1138
21 44 1468
21 45 237
21 46 1186
21 47 1516
21 48 285
21 49 1234
21 50 1564
21 51 333
21 52 1282
21 53 1612
21 54 381
21 55 1330
21 56 1660
21 57 429
21 58 1378
21 59 1708
21 60 477
21 61 1426
21 62 1756
21 63 525
21 64 1474
21 65 1804
21 66 573
21 67 1522
21 68 1852
21 69 621
21 70 1570
21 71 1900
21 72 669
21 73 1618
21 74 1948
21 75 717
21 76 1666
21 77 1996
21 78 765
21 79 1714
21 80 1684
22 0 813
22 1 1490
22 2 912
22 3 1347
22 4 1211
22 5 855
22 6 1020
22 7 1094
22 8 642
22 9 974
22 10 1046
22 11 1811
22 12 756
22 13 1221
22 14 1093
22 15 1460
22 16 1263
22 17 1139
22 18 1085
22 19 1442
22 20 826
22 21 967
22 22 0
22 23 867
22 24 961
22 25 1381
22 26 693
22 27 1018
22 28 2249
22 29 645
22 30 970
22 31 2201
22 32 597
22 33 922
22 34 2153
22 35 549
22 36 874
22 37 2105
22 38 501
22 39 826
22 40 2057
22 41 453
22 42 778
22 43 2009
22 44 501
22 45 826
22 46 2057
22 47 549
22 48 874
22 49 2105
22 50 597
22 51 922
22 52 2153
22 53 645
22 54 970
22 55 2201
22 56 693
22 57 1018
22 58 2249
22 59 741
22 60 1066
22 61 2297
22 62 789
22 63 1114
22 64 2345
22 65 837
22 66 1162
22 67 2393
22 68 885
22 69 1210
22 70 2441
22 71 933
22 72 1258
22 73 2489
22 74 981
22 75 1306
22 76 2537
22 77 1029
22 78 1354
22 79 2585
22 80 813
23 0 1680
23 1 1243
23 2 1341
23 3 658
23 4 1042
23 5 1206
23 6 331
23 7 405
23 8 1227
23 9 1663
23 10 357
23 11 1122
23 12 1497
23 13 1416
23 14 404
23 15 771
23 16 990
23 17 1594
23 18 1072
23 19 753
23 20 1619
23 21 278
23 22 867
23 23 0
23 24 1676
23 25 692
23 26 1560
23 27 329
23 28 1382
23 29 1512
23 30 281
23 31 1334
23 32 1464
23 33 233
23 34 1286
23 35 1416
23 36 185
23 37 1238
23 38 1368
23 39 137
23 40 1190
23 41 1320
23 42 89
23 43 1142
23 44 1368
23 45 137
23 46 1190
23 47 1416
23 48 185
23 49 1238
23 50 1464
23 51 233
23 52 1286
23 53 1512
23 54 281
23 55 1334
23 56 1560
23 57 329
23 58 1382
23 59 1608
23 60 377
23 61 1430
23 62 1656
23 63 425
23 64 1478
23 65 1704
23 66 473
23 67 1526
23 68 1752
23 69 521
23 70 1574
23 71 1800
23 72 569
23 73 1622
23 74 1848
23 75 617
23 76 1670
23 77 1896
23 78 665
23 79 1718
23 80 1680
24 0 868
24 1 681
24 2 487
24 3 1292
24 4 1266
24 5 910
24 6 1829
24 7 1903
24 8 697
24 9 13
24 10 1855
24 11 1756
24 12 331
24 13 260
24 14 1902
24 15 1405
24 16 838
24 17 330
24 18 1140
24 19 1387
24 20 209
24 21 1776
24 22 961
24 23 1676
24 24 0
24 25 1422
24 26 748
24 27 1827
24 28 3058
24 29 700
24 30 1779
24 31 3010
24 32 652
24 33 1731
24 34 2962
24 35 604
24 36 1683
24 37 2914
24 38 556
24 39 1635
24 40 2866
24 41 508
24 42 1587
24 43 2818
24 44 460
24 45 1539
24 46 2770
24 47 412
24 48 1491
24 49 2722
24 50 364
24 51 1443
24 52 2674
24 53 316
24 54 1395
24 55 2626
24 56 268
24 57 1347
24 58 2578
24 59 220
24 60 1299
24 61 2530
24 62 172
24 63 1251
24 64 2482
24 65 124
24 66 1203
24 67 2434
24 68 76
24 69 1155
24 70 2386
24 71 124
24 72 1203
24 73 2434
24 74 172
24 75 1251
24 76 2482
24 77 220
24 78 1299
24 79 2530
24 80 868
25 0 2194
25 1 989
25 2 1375
25 3 404
25 4 1556
25 5 1720
25 6 845
25 7 919
25 8 1741
25 9 1409
25 10 871
25 11 868
25 12 1531
25 13 1162
25 14 918
25 15 517
25 16 1024
25 17 1340
25 18 1586
25 19 499
25 20 1461
25 21 792
25 22 1381
25 23 692
25 24 1422
25 25 0
25 26 2074
25 27 843
25 28 1636
25 29 2026
25 30 795
25 31 1588
25 32 1978
25 33 747
25 34 1540
25 35 1930
25 36 699
25 37 1492
25 38 1882
25 39 651
25 40 1444
25 41 1834
25 42 603
25 43 1396
25 44 1786
25 45 555
25 46 1348
25 47 1738
25 48 507
25 49 1300
25 50 1690
25 51 459
25 52 1252
25 53 1642
25 54 411
25 55 1204
25 56 1594
25 57 363
25 58 1156
25 59 1546
25 60 315
25 61 1108
25 62 1498
25 63 267
25 64 1060
25 65 1450
25 66 219
25 67 1012
25 68 1498
25 69 267
25 70 1060
25 71 1546
25 72 315
25 73 1108
25 74 1594
25 75 363
25 76 1156
25 77 1642
25 78 411
25 79 1204
25 80 2194
26 0 120
26 1 1277
26 2 699
26 3 2040
26 4 518
26 5 354
26 6 1329
26 7 1307
26 8 333
26 9 761
26 10 1355
26 11 2504
26 12 543
26 13 1008
26 14 1594
26 15 2153
26 16 1050
26 17 926
26 18 488
26 19 2135
26 20 613
26 21 1564
26 22 693
26 23 1560
26 24 748
26 25 2074
26 26 0
26 27 1231
26 28 2462
26 29 48
26 30 1279
26 31 2510
26 32 96
26 33 1327
26 34 2558
26 35 144
26 36 1375
26 37 2606
26 38 192
26 39 1423
26 40 2654
26 41 240
26 42 1471
26 43 2702
26 44 288
26 45 1519
26 46 2750
26 47 336
26 48 1567
26 49 2798
26 50 384
26 51 1615
26 52 2846
26 53 432
26 54 1663
26 55 2894
26 56 480
26 57 1711
26 58 2942
26 59 528
26 60 1759
26 61 2990
26 62 576
26 63 1807
26 64 3038
26 65 624
26 66 1855
26 67 3086
26 68 672
26 69 1903
26 70 3134
26 71 720
26 72 1951
26 73 3182
26 74 768
26 75 1999
26 76 3230
26 77 816
26 78 2047
26 79 3278
26 80 120
27 0 1351
27 1 1394
27 2 1492
27 3 809
27 4 713
27 5 1069
27 6 98
27 7 76
27 8 1282
27 9 1814
27 10 124
27 11 1273
27 12 1648
27 13 1567
27 14 363
27 15 922
27 16 1141
27 17 1745
27 18 839
27 19 904
27 20 1770
27 21 333
27 22 1018
27 23 329
27 24 1827
27 25 843
27 26 1231
27 27 0
27 28 1231
27 29 1279
27 30 48
27 31 1279
27 32 1327
27 33 96
27 34 1327
27 35 1375
27 36 144
27 37 1375
27 38 1423
27 39 192
27 40 1423
27 41 1471
27 42 240
27 43 1471
27 44 1519
27 45 288
27 46 1519
27 47 1567
27 48 336
27 49 1567
27 50 1615
27 51 384
27 52 1615
27 53 1663
27 54 432
27 55 1663
27 56 1711
27 57 480
27 58 1711
27 59 1759
27 60 528
27 61 1759
27 62 1807
27 63 576
27 64 1807
27 65 1855
27 66 624
27 67 1855
27 68 1903
27 69 672
27 70 1903
27 71 1951
27 72 720
27 73 1951
27 74 1999
27 75 768
27 76 1999
27 77 2047
27 78 816
27 79 2047
27 80 1351
28 0 2582
28 1 2625
28 2 2723
28 3 1862
28 4 1944
28 5 2300
28 6 1229
28 7 1155
28 8 2513
28 9 3045
28 10 1203
28 11 1494
28 12 2879
28 13 2798
28 14 1156
28 15 1845
28 16 2372
28 17 2976
28 18 2070
28 19 1671
28 20 3001
28 21 1282
28 22 2249
28 23 1382
28 24 3058
28 25 1636
28 26 2462
28 27 1231
28 28 0
28 29 2510
28 30 1279
28 31 48
28 32 2558
28 33 1327
28 34 96
28 35 2606
28 36 1375
28 37 144
28 38 2654
28 39 1423
28 40 192
28 41 2702
28 42 1471
28 43 240
28 44 2750
28 45 1519
28 46 288
28 47 2798
28 48 1567
28 49 336
28 50 2846
28 51 1615
28 52 384
28 53 2894
28 54 1663
28 55 432
28 56 2942
28 57 1711
28 58 480
28 59 2990
28 60 1759
28 61 528
28 62 3038
28 63 1807
28 64 576
28 65 3086
28 66 1855
28 67 624
28 68 3134
28 69 1903
28 70 672
28 71 3182
28 72 1951
28 73 720
28 74 3230
28 75 1999
28 76 768
28 77 3278
28 78 2047
28 79 816
28 80 2582
29 0 168
29 1 1229
29 2 651
29 3 1992
29 4 566
29 5 306
29 6 1281
29 7 1355
29 8 285
29 9 713
29 10 1307
29 11 2456
29 12 495
29 13 960
29 14 1546
29 15 2105
29 16 1002
29 17 878
29 18 440
29 19 2087
29 20 565
29 21 1516
29 22 645
29 23 1512
29 24 700
29 25 2026
29 26 48
29 27 1279
29 28 2510
29 29 0
29 30 1231
29 31 2462
29 32 48
29 33 1279
29 34 2510
29 35 96
29 36 1327
29 37 2558
29 38 144
29 39 1375
29 40 2606
29 41 192
29 42 1423
29 43 2654
29 44 240
29 45 1471
29 46 2702
29 47 288
29 48 1519
29 49 2750
29 50 336
29 51 1567
29 52 2798
29 53 384
29 54 1615
29 55 2846
29 56 432
29 57 1663
29 58 2894
29 59 480
29 60 1711
29 61 2942
29 62 528
29 63 1759
29 64 2990
29 65 576
29 66 1807
29 67 3038
29 68 624
29 69 1855
29 70 3086
29 71 672
29 72 1903
29 73 3134
29 74 720
29 75 1951
29 76 3182
29 77 768
29 78 1999
29 79 3230
29 80 168
30 0 1399
30 1 1346
30 2 1444
30 3 761
30 4 761
30 5 1021
30 6 50
30 7 124
30 8 1234
30 9 1766
30 10 76
30 11 1225
30 12 1600
30 13 1519
30 14 315
30 15 874
30 16 1093
30 17 1697
30 18 791
30 19 856
30 20 1722
30 21 285
30 22 970
30 23 281
30 24 1779
30 25 795
30 26 1279
30 27 48
30 28 1279
30 29 1231
30 30 0
30 31 1231
30 32 1279
30 33 48
30 34 1279
30 35 1327
30 36 96
30 37 1327
30 38 1375
30 39 144
30 40 1375
30 41 1423
30 42 192
30 43 1423
30 44 1471
30 45 240
30 46 1471
30 47 1519
30 48 288
30 49 1519
30 50 1567
30 51 336
30 52 1567
30 53 1615
30 54 384
30 55 1615
30 56 1663
30 57 432
30 58 1663
30 59 1711
30 60 480
30 61 1711
30 62 1759
30 63 528
30 64 1759
30 65 1807
30 66 576
30 67 1807
30 68 1855
30 69 624
30 70 1855
30 71 1903
30 72 672
30 73 1903
30 74 1951
30 75 720
30 76 1951
30 77 1999
30 78 768
30 79 1999
30 80 1399
31 0 2630
31 1 2577
31 2 2675
31 3 1814
31 4 1992
31 5 2252
31 6 1181
31 7 1203
31 8 2465
31 9 2997
31 10 1155
31 11 1446
31 12 2831
31 13 2750
31 14 1108
31 15 1797
31 16 2324
31 17 2928
31 18 2022
31 19 1623
31 20 2953
31 21 1234
31 22 2201
31 23 1334
31 24 3010
31 25 1588
31 26 2510
31 27 1279
31 28 48
31 29 2462
31 30 1231
31 31 0
31 32 2510
31 33 1279
31 34 48
31 35 2558
31 36 1327
31 37 96
31 38 2606
31 39 1375
31 40 144
31 41 2654
31 42 1423
31 43 192
31 44 2702
31 45 1471
31 46 240
31 47 2750
31 48 1519
31 49 288
31 50 2798
31 51 1567
31 52 336
31 53 2846
31 54 1615
31 55 384
31 56 2894
31 57 1663
31 58 432
31 59 2942
31 60 1711
31 61 480
31 62 2990
31 63 1759
31 64 528
31 65 3038
31 66 1807
31 67 576
31 68 3086
31 69 1855
31 70 624
31 71 3134
31 72 1903
31 73 672
31 74 3182
31 75 1951
31 76 720
31 77 3230
31 78 1999
31 79 768
31 80 2630
32 0 216
32 1 1181
32 2 603
32 3 1944
32 4 614
32 5 258
32 6 1329
32 7 1403
32 8 237
32 9 665
32 10 1355
32 11 2408
32 12 447
32 13 912
32 14 1498
32 15 2057
32 16 954
32 17 830
32 18 488
32 19 2039
32 20 517
32 21 1468
32 22 597
32 23 1464
32 24 652
32 25 1978
32 26 96
32 27 1327
32 28 2558
32 29 48
32 30 1279
32 31 2510
32 32 0
32 33 1231
32 34 2462
32 35 48
32 36 1279
32 37 2510
32 38 96
32 39 1327
32 40 2558
32 41 144
32 42 1375
32 43 2606
32 44 192
32 45 1423
32 46 2654
32 47 240
32 48 1471
32 49 2702
32 50 288
32 51 1519
32 52 2750
32 53 336
32 54 1567
32 55 2798
32 56 384
32 57 1615
32 58 2846
32 59 432
32 60 1663
32 61 2894
32 62 480
32 63 1711
32 64 2942
32 65 528
32 66 1759
32 67 2990
32 68 576
32 69 1807
32 70 3038
32 71 624
32 72 1855
32 73 3086
32 74 672
32 75 1903
32 76 3134
32 77 720
32 78 1951
32 79 3182
32 80 216
33 0 1447
33 1 1298
33 2 1396
33 3 713
33 4 809
33 5 973
33 6 98
33 7 172
33 8 1186
33 9 1718
33 10 124
33 11 1177
33 12 1552
33 13 1471
33 14 267
33 15 826
33 16 1045
33 17 1649
33 18 839
33 19 808
33 20 1674
33 21 237
33 22 922
33 23 233
33 24 1731
33 25 747
33 26 1327
33 27 96
33 28 1327
33 29 1279
33 30 48
33 31 1279
33 32 1231
33 33 0
33 34 1231
33 35 1279
33 36 48
33 37 1279
33 38 1327
33 39 96
33 40 1327
33 41 1375
33 42 144
33 43 1375
33 44 1423
33 45 192
33 46 1423
33 47 1471
33 48 240
33 49 1471
33 50 1519
33 51 288
33 52 1519
33 53 1567
33 54 336
33 55 1567
33 56 1615
33 57 384
33 58 1615
33 59 1663
33 60 432
33 61 1663
33 62 1711
33 63 480
33 64 1711
33 65 1759
33 66 528
33 67 1759
33 68 1807
33 69 576
33 70 1807
33 71 1855
33 72 624
33 73 1855
33 74 1903
33 75 672
33 76 1903
33 77 1951
33 78 720
33 79 1951
33 80 1447
34 0 2678
34 1 2529
34 2 2627
34 3 1766
34 4 2040
34 5 2204
34 6 1229
34 7 1251
34 8 2417
34 9 2949
34 10 1203
34 11 1398
34 12 2783
34 13 2702
34 14 1060
34 15 1749
34 16 2276
34 17 2880
34 18 2070
34 19 1575
34 20 2905
34 21 1186
34 22 2153
34 23 1286
34 24 2962
34 25 1540
34 26 2558
34 27 1327
34 28 96
34 29 2510
34 30 1279
34 31 48
34 32 2462
34 33 1231
34 34 0
34 35 2510
34 36 1279
34 37 48
34 38 2558
34 39 1327
34 40 96
34 41 2606
34 42 1375
34 43 144
34 44 2654
34 45 1423
34 46 192
34 47 2702
34 48 1471
34 49 240
34 50 2750
34 51 1519
34 52 288
34 53 2798
34 54 1567
34 55 336
34 56 2846
34 57 1615
34 58 384
34 59 2894
34 60 1663
34 61 432
34 62 2942
34 63 1711
34 64 480
34 65 2990
34 66 1759
34 67 528
34 68 3038
34 69 1807
34 70 576
34 71 3086
34 72 1855
34 73 624
34 74 3134
34 75 1903
34 76 672
34 77 3182
34 78 1951
34 79 720
34 80 2678
35 0 264
35 1 1133
35 2 555
35 3 1896
35 4 662
35 5 306
35 6 1377
35 7 1451
35 8 189
35 9 617
35 10 1403
35 11 2360
35 12 399
35 13 864
35 14 1450
35 15 2009
35 16 906
35 17 782
35 18 536
35 19 1991
35 20 469
35 21 1420
35 22 549
35 23 1416
35 24 604
35 25 1930
35 26 144
35 27 1375
35 28 2606
35 29 96
35 30 1327
35 31 2558
35 32 48
35 33 1279
35 34 2510
35 35 0
35 36 1231
35 37 2462
35 38 48
35 39 1279
35 40 2510
35 41 96
35 42 1327
35 43 2558
35 44 144
35 45 1375
35 46 2606
35 47 192
35 48 1423
35 49 2654
35 50 240
35 51 1471
35 52 2702
35 53 288
35 54 1519
35 55 2750
35 56 336
35 57 1567
35 58 2798
35 59 384
35 60 1615
35 61 2846
35 62 432
35 63 1663
35 64 2894
35 65 480
35 66 1711
35 67 2942
35 68 528
35 69 1759
35 70 2990
35 71 576
35 72 1807
35 73 3038
35 74 624
35 75 1855
35 76 3086
35 77 672
35 78 1903
35 79 3134
35 80 264
36 0 1495
36 1 1250
36 2 1348
36 3 665
36 4 857
36 5 1021
36 6 146
36 7 220
36 8 1138
36 9 1670
36 10 172
36 11 1129
36 12 1504
36 13 1423
36 14 219
36 15 778
36 16 997
36 17 1601
36 18 887
36 19 760
36 20 1626
36 21 189
36 22 874
36 23 185
36 24 1683
36 25 699
36 26 1375
36 27 144
36 28 1375
36 29 1327
36 30 96
36 31 1327
36 32 1279
36 33 48
36 34 1279
36 35 1231
36 36 0
36 37 1231
36 38 1279
36 39 48
36 40 1279
36 41 1327
36 42 96
36 43 1327
36 44 1375
36 45 144
36 46 1375
36 47 1423
36 48 192
36 49 1423
36 50 1471
36 51 240
36 52 1471
36 53 1519
36 54 288
36 55 1519
36 56 1567
36 57 336
36 58 1567
36 59 1615
36 60 384
36 61 1615
36 62 1663
36 63 432
36 64 1663
36 65 1711
36 66 480
36 67 1711
36 68 1759
36 69 528
36 70 1759
36 71 1807
36 72 576
36 73 1807
36 74 1855
36 75 624
36 76 1855
36 77 1903
36 78 672
36 79 1903
36 80 1495
37 0 2726
37 1 2481
37 2 2579
37 3 1718
37 4 2088
37 5 2252
37 6 1277
37 7 1299
37 8 2369
37 9 2901
37 10 1251
37 11 1350
37 12 2735
37 13 2654
37 14 1012
37 15 1701
37 16 2228
37 17 2832
37 18 2118
37 19 1527
37 20 2857
37 21 1138
37 22 2105
37 23 1238
37 24 2914
37 25 1492
37 26 2606
37 27 1375
37 28 144
37 29 2558
37 30 1327
37 31 96
37 32 2510
37 33 1279
37 34 48
37 35 2462
37 36 1231
37 37 0
37 38 2510
37 39 1279
37 40 48
37 41 2558
37 42 1327
37 43 96
37 44 2606
37 45 1375
37 46 144
37 47 2654
37 48 1423
37 49 192
37 50 2702
37 51 1471
37 52 240
37 53 2750
37 54 1519
37 55 288
37 56 2798
37 57 1567
37 58 336
37 59 2846
37 60 1615
37 61 384
37 62 2894
37 63 1663
37 64 432
37 65 2942
37 66 1711
37 67 480
37 68 2990
37 69 1759
37 70 528
37 71 3038
37 72 1807
37 73 576
37 74 3086
37 75 1855
37 76 624
37 77 3134
37 78 1903
37 79 672
37 80 2726
38 0 312
38 1 1085
38 2 507
38 3 1848
38 4 710
38 5 354
38 6 1425
38 7 1499
38 8 141
38 9 569
38 10 1451
38 11 2312
38 12 351
38 13 816
38 14 1498
38 15 1961
38 16 858
38 17 734
38 18 584
38 19 1943
38 20 421
38 21 1372
38 22 501
38 23 1368
38 24 556
38 25 1882
38 26 192
38 27 1423
38 28 2654
38 29 144
38 30 1375
38 31 2606
38 32 96
38 33 1327
38 34 2558
38 35 48
38 36 1279
38 37 2510
38 38 0
38 39 1231
38 40 2462
38 41 48
38 42 1279
38 43 2510
38 44 96
38 45 1327
38 46 2558
38 47 144
38 48 1375
38 49 2606
38 50 192
38 51 1423
38 52 2654
38 53 240
38 54 1471
38 55 2702
38 56 288
38 57 1519
38 58 2750
38 59 336
38 60 1567
38 61 2798
38 62 384
38 63 1615
38 64 2846
38 65 432
38 66 1663
38 67 2894
38 68 480
38 69 1711
38 70 2942
38 71 528
38 72 1759
38 73 2990
38 74 576
38 75 1807
38 76 3038
38 77 624
38 78 1855
38 79 3086
38 80 312
39 0 1543
39 1 1202
39 2 1300
39 3 617
39 4 905
39 5 1069
39 6 194
39 7 268
39 8 1090
39 9 1622
39 10 220
39 11 1081
39 12 1456
39 13 1375
39 14 267
39 15 730
39 16 949
39 17 1553
39 18 935
39 19 712
39 20 1578
39 21 141
39 22 826
39 23 137
39 24 1635
39 25 651
39 26 1423
39 27 192
39 28 1423
39 29 1375
39 30 144
39 31 1375
39 32 1327
39 33 96
39 34 1327
39 35 1279
39 36 48
39 37 1279
39 38 1231
39 39 0
39 40 1231
39 41 1279
39 42 48
39 43 1279
39 44 1327
39 45 96
39 46 1327
39 47 1375
39 48 144
39 49 1375
39 50 1423
39 51 192
39 52 1423
39 53 1471
39 54 240
39 55 1471
39 56 1519
39 57 288
39 58 1519
39 59 1567
39 60 336
39 61 1567
39 62 1615
39 63 384
39 64 1615
39 65 1663
39 66 432
39 67 1663
39 68 1711
39 69 480
39 70 1711
39 71 1759
39 72 528
39 73 1759
39 74 1807
39 75 576
39 76 1807
39 77 1855
39 78 624
39 79 1855
39 80 1543
40 0 2774
40 1 2433
40 2 2531
40 3 1670
40 4 2136
40 5 2300
40 6 1325
40 7 1347
40 8 2321
40 9 2853
40 10 1299
40 11 1302
40 12 2687
40 13 2606
40 14 1060
40 15 1653
40 16 2180
40 17 2784
40 18 2166
40 19 1479
40 20 2809
40 21 1090
40 22 2057
40 23 1190
40 24 2866
40 25 1444
40 26 2654
40 27 1423
40 28 192
40 29 2606
40 30 1375
40 31 144
40 32 2558
40 33 1327
40 34 96
40 35 2510
40 36 1279
40 37 48
40 38 2462
40 39 1231
40 40 0
40 41 2510
40 42 1279
40 43 48
40 44 2558
40 45 1327
40 46 96
40 47 2606
40 48 1375
40 49 144
40 50 2654
40 51 1423
40 52 192
40 53 2702
40 54 1471
40 55 240
40 56 2750
40 57 1519
40 58 288
40 59 2798
40 60 1567
40 61 336
40 62 2846
40 63 1615
40 64 384
40 65 2894
40 66 1663
40 67 432
40 68 2942
40 69 1711
40 70 480
40 71 2990
40 72 1759
40 73 528
40 74 3038
40 75 1807
40 76 576
40 77 3086
40 78 1855
40 79 624
40 80 2774
41 0 360
41 1 1037
41 2 459
41 3 1800
41 4 758
41 5 402
41 6 1473
41 7 1547
41 8 189
41 9 521
41 10 1499
41 11 2264
41 12 303
41 13 768
41 14 1546
41 15 1913
41 16 810
41 17 686
41 18 632
41 19 1895
41 20 373
41 21 1420
41 22 453
41 23 1320
41 24 508
41 25 1834
41 26 240
41 27 1471
41 28 2702
41 29 192
41 30 1423
41 31 2654
41 32 144
41 33 1375
41 34 2606
41 35 96
41 36 1327
41 37 2558
41 38 48
41 39 1279
41 40 2510
41 41 0
41 42 1231
41 43 2462
41 44 48
41 45 1279
41 46 2510
41 47 96
41 48 1327
41 49 2558
41 50 144
41 51 1375
41 52 2606
41 53 192
41 54 1423
41 55 2654
41 56 240
41 57 1471
41 58 2702
41 59 288
41 60 1519
41 61 2750
41 62 336
41 63 1567
41 64 2798
41 65 384
41 66 1615
41 67 2846
41 68 432
41 69 1663
41 70 2894
41 71 480
41 72 1711
41 73 2942
41 74 528
41 75 1759
41 76 2990
41 77 576
41 78 1807
41 79 3038
41 80 360
42 0 1591
42 1 1154
42 2 1252
42 3 569
42 4 953
42 5 1117
42 6 242
42 7 316
42 8 1138
42 9 1574
42 10 268
42 11 1033
42 12 1408
42 13 1327
42 14 315
42 15 682
42 16 901
42 17 1505
42 18 983
42 19 664
42 20 1530
42 21 189
42 22 778
42 23 89
42 24 1587
42 25 603
42 26 1471
42 27 240
42 28 1471
42 29 1423
42 30 192
42 31 1423
42 32 1375
42 33 144
42 34 1375
42 35 1327
42 36 96
42 37 1327
42 38 1279
42 39 48
42 40 1279
42 41 1231
42 42 0
42 43 1231
42 44 1279
42 45 48
42 46 1279
42 47 1327
42 48 96
42 49 1327
42 50 1375
42 51 144
42 52 1375
42 53 1423
42 54 192
42 55 1423
42 56 1471
42 57 240
42 58 1471
42 59 1519
42 60 288
42 61 1519
42 62 1567
42 63 336
42 64 1567
42 65 1615
42 66 384
42 67 1615
42 68 1663
42 69 432
42 70 1663
42 71 1711
42 72 480
42 73 1711
42 74 1759
42 75 528
42 76 1759
42 77 1807
42 78 576
42 79 1807
42 80 1591
43 0 2822
43 1 2385
43 2 2483
43 3 1622
43 4 2184
43 5 2348
43 6 1373
43 7 1395
43 8 2369
43 9 2805
43 10 1347
43 11 1254
43 12 2639
43 13 2558
43 14 1108
43 15 1605
43 16 2132
43 17 2736
43 18 2214
43 19 1431
43 20 2761
43 21 1138
43 22 2009
43 23 1142
43 24 2818
43 25 1396
43 26 2702
43 27 1471
43 28 240
43 29 2654
43 30 1423
43 31 192
43 32 2606
43 33 1375
43 34 144
43 35 2558
43 36 1327
43 37 96
43 38 2510
43 39 1279
43 40 48
43 41 2462
43 42 1231
43 43 0
43 44 2510
43 45 1279
43 46 48
43 47 2558
43 48 1327
43 49 96
43 50 2606
43 51 1375
43 52 144
43 53 2654
43 54 1423
43 55 192
43 56 2702
43 57 1471
43 58 240
43 59 2750
43 60 1519
43 61 288
43 62 2798
43 63 1567
43 64 336
43 65 2846
43 66 1615
43 67 384
43 68 2894
43 69 1663
43 70 432
43 71 2942
43 72 1711
43 73 480
43 74 2990
43 75 1759
43 76 528
43 77 3038
43 78 1807
43 79 576
43 80 2822
44 0 408
44 1 989
44 2 411
44 3 1752
44 4 806
44 5 450
44 6 1521
44 7 1595
44 8 237
44 9 473
44 10 1547
44 11 2216
44 12 255
44 13 720
44 14 1594
44 15 1865
44 16 762
44 17 638
44 18 680
44 19 1847
44 20 325
44 21 1468
44 22 501
44 23 1368
44 24 460
44 25 1786
44 26 288
44 27 1519
44 28 2750
44 29 240
44 30 1471
44 31 2702
44 32 192
44 33 1423
44 34 2654
44 35 144
44 36 1375
44 37 2606
44 38 96
44 39 1327
44 40 2558
44 41 48
44 42 1279
44 43 2510
