//alpha
1
//NbLocations
76
//NbProducts
39
//NbPickers
2
//CapaPicker
12
//TimeToTravelOneDistanceUnit
3
//SetupTime
5400
//PickTime
300
//Products
//Idx Location Size
1 1 1
2 2 1
3 3 1
4 4 1
5 5 1
6 6 1
7 7 1
8 8 1
9 9 1
10 10 1
11 11 1
12 12 1
13 13 1
14 14 1
15 15 1
16 16 1
17 17 1
18 18 1
19 19 1
20 20 1
21 21 1
22 22 1
23 23 1
24 24 1
25 25 1
26 26 1
27 27 1
28 28 1
29 29 1
30 30 1
31 31 1
32 32 1
33 33 1
34 34 1
35 35 1
36 36 1
37 37 1
38 38 1
39 39 1
//Orders
//NbOrders
6
//Idx DueDate TardinessPenalty NbProdInOrder ProdIdx1 Qty1 ProdIdx2 Qty2 ...
1 72000 0 2 1 1 2 1
2 144000 0 12 3 1 4 1 5 1 6 1 7 1 8 1 9 1 10 1 11 1 12 1 13 1 14 1
3 108000 0 5 15 1 16 1 17 1 18 1 19 1
4 126000 0 4 20 1 21 1 22 1 23 1
5 144000 0 12 24 1 25 1 26 1 27 1 28 1 29 1 30 1 31 1 32 1 33 1 34 1 35 1
6 90000 0 4 36 1 37 1 38 1 39 1
//Graph (Products are vertices indexed from 1 to NbProducts)
//NbVerticesIntersections
36
//DepartingDepot
0
//ArrivalDepot
76
//Arcs
//Start End Distance
0 40 120
1 4 429
1 23 26
2 38 104
2 47 336
3 23 39
3 43 37
4 1 429
4 44 310
5 37 52
5 39 130
6 20 65
6 29 13
7 56 479
7 57 362
8 16 13
8 34 39
9 35 390
9 53 50
10 28 156
10 52 206
11 27 104
11 30 117
12 55 76
12 56 765
13 21 182
13 42 323
14 32 26
14 47 219
15 26 104
15 45 206
16 8 13
16 30 78
17 62 609
17 63 232
18 67 297
18 68 544
19 25 78
19 34 182
20 6 65
20 37 65
21 13 182
21 33 182
22 27 26
22 41 89
23 1 26
23 3 39
24 26 104
24 39 26
25 19 78
25 40 115
26 15 104
26 24 104
27 11 104
27 22 26
28 10 156
28 53 479
29 6 13
29 44 76
30 11 117
30 16 78
31 49 50
31 50 791
32 14 26
32 48 596
33 21 182
33 36 117
34 8 39
34 19 182
35 9 390
35 54 401
36 33 117
36 41 37
37 5 52
37 20 65
38 2 104
38 46 401
39 5 130
39 24 26
40 25 115
40 43 48
40 76 120
41 22 89
41 36 37
41 44 48
42 13 323
42 45 48
43 3 37
43 40 48
43 46 48
44 4 310
44 29 76
44 41 48
44 47 48
45 15 206
45 42 48
45 48 48
46 38 401
46 43 48
46 49 48
47 2 336
47 14 219
47 44 48
47 50 48
48 32 596
48 45 48
48 51 48
49 31 50
49 46 48
49 52 48
50 31 791
50 47 48
50 51 841
50 53 48
51 48 48
51 50 841
51 54 48
52 10 206
52 49 48
52 55 48
53 9 50
53 28 479
53 50 48
53 56 48
54 35 401
54 51 48
54 57 48
55 12 76
55 52 48
55 58 48
56 7 479
56 12 765
56 53 48
56 59 48
57 7 362
57 54 48
57 60 48
58 55 48
58 59 841
58 61 48
59 56 48
59 58 841
59 60 841
59 62 48
60 57 48
60 59 841
60 63 48
61 58 48
61 62 841
61 64 48
62 17 609
62 59 48
62 61 841
62 65 48
63 17 232
63 60 48
63 66 48
64 61 48
64 65 841
64 67 48
65 62 48
65 64 841
65 66 841
65 68 48
66 63 48
66 65 841
66 69 48
67 18 297
67 64 48
67 70 48
68 18 544
68 65 48
68 69 841
68 71 48
69 66 48
69 68 841
69 72 48
70 67 48
70 71 841
70 73 48
71 68 48
71 70 841
71 72 841
71 74 48
72 69 48
72 71 841
72 75 48
73 70 48
73 74 841
74 71 48
74 73 841
74 75 841
75 72 48
75 74 841
//LocStart LocEnd ShortestPath
0 0 0
0 1 270
0 2 721
0 3 205
0 4 699
0 5 1280
0 6 1098
0 7 1680
0 8 534
0 9 1203
0 10 518
0 11 742
0 12 436
0 13 1479
0 14 1276
0 15 1644
0 16 547
0 17 1906
0 18 849
0 19 313
0 20 1163
0 21 1297
0 22 872
0 23 244
0 24 1436
0 25 235
0 26 1540
0 27 846
0 28 674
0 29 1085
0 30 625
0 31 314
0 32 1302
0 33 1115
0 34 495
0 35 1593
0 36 998
0 37 1228
0 38 617
0 39 1410
0 40 120
0 41 961
0 42 1802
0 43 168
0 44 1009
0 45 1850
0 46 216
0 47 1057
0 48 1898
0 49 264
0 50 1105
0 51 1946
0 52 312
0 53 1153
0 54 1994
0 55 360
0 56 1201
0 57 2042
0 58 408
0 59 1249
0 60 2090
0 61 456
0 62 1297
0 63 2138
0 64 504
0 65 1345
0 66 2186
0 67 552
0 68 1393
0 69 2234
0 70 600
0 71 1441
0 72 2282
0 73 648
0 74 1489
0 75 2330
0 76 0
1 0 270
1 1 0
1 2 655
1 3 65
1 4 429
1 5 1010
1 6 828
1 7 1410
1 8 564
1 9 933
1 10 452
1 11 772
1 12 370
1 13 1305
1 14 1006
1 15 1374
1 16 577
1 17 1636
1 18 783
1 19 343
1 20 893
1 21 1123
1 22 876
1 23 26
1 24 1166
1 25 265
1 26 1270
1 27 876
1 28 608
1 29 815
1 30 655
1 31 248
1 32 1032
1 33 941
1 34 525
1 35 1323
1 36 824
1 37 958
1 38 551
1 39 1140
1 40 150
1 41 787
1 42 1628
1 43 102
1 44 739
1 45 1580
1 46 150
1 47 787
1 48 1628
1 49 198
1 50 835
1 51 1676
1 52 246
1 53 883
1 54 1724
1 55 294
1 56 931
1 57 1772
1 58 342
1 59 979
1 60 1820
1 61 390
1 62 1027
1 63 1868
1 64 438
1 65 1075
1 66 1916
1 67 486
1 68 1123
1 69 1964
1 70 534
1 71 1171
1 72 2012
1 73 582
1 74 1219
1 75 2060
1 76 270
2 0 721
2 1 655
2 2 0
2 3 590
2 4 694
2 5 655
2 6 473
2 7 959
2 8 859
2 9 482
2 10 807
2 11 651
2 12 725
2 13 950
2 14 555
2 15 1019
2 16 846
2 17 1185
2 18 1138
2 19 794
2 20 538
2 21 768
2 22 521
2 23 629
2 24 811
2 25 716
2 26 915
2 27 547
2 28 911
2 29 460
2 30 768
2 31 603
2 32 581
2 33 586
2 34 898
2 35 872
2 36 469
2 37 603
2 38 104
2 39 785
2 40 601
2 41 432
2 42 1273
2 43 553
2 44 384
2 45 1225
2 46 505
2 47 336
2 48 1177
2 49 553
2 50 384
2 51 1225
2 52 601
2 53 432
2 54 1273
2 55 649
2 56 480
2 57 1321
2 58 697
2 59 528
2 60 1369
2 61 745
2 62 576
2 63 1417
2 64 793
2 65 624
2 66 1465
2 67 841
2 68 672
2 69 1513
2 70 889
2 71 720
2 72 1561
2 73 937
2 74 768
2 75 1609
2 76 721
3 0 205
3 1 65
3 2 590
3 3 0
3 4 494
3 5 1075
3 6 893
3 7 1475
3 8 499
3 9 998
3 10 387
3 11 707
3 12 305
3 13 1370
3 14 1071
3 15 1439
3 16 512
3 17 1701
3 18 718
3 19 278
3 20 958
3 21 1188
3 22 837
3 23 39
3 24 1231
3 25 200
3 26 1335
3 27 811
3 28 543
3 29 880
3 30 590
3 31 183
3 32 1097
3 33 1006
3 34 460
3 35 1388
3 36 889
3 37 1023
3 38 486
3 39 1205
3 40 85
3 41 852
3 42 1693
3 43 37
3 44 804
3 45 1645
3 46 85
3 47 852
3 48 1693
3 49 133
3 50 900
3 51 1741
3 52 181
3 53 948
3 54 1789
3 55 229
3 56 996
3 57 1837
3 58 277
3 59 1044
3 60 1885
3 61 325
3 62 1092
3 63 1933
3 64 373
3 65 1140
3 66 1981
3 67 421
3 68 1188
3 69 2029
3 70 469
3 71 1236
3 72 2077
3 73 517
3 74 1284
3 75 2125
3 76 205
4 0 699
4 1 429
4 2 694
4 3 494
4 4 0
4 5 581
4 6 399
4 7 981
4 8 785
4 9 504
4 10 881
4 11 577
4 12 799
4 13 876
4 14 577
4 15 945
4 16 772
4 17 1207
4 18 1212
4 19 772
4 20 464
4 21 694
4 22 447
4 23 455
4 24 737
4 25 694
4 26 841
4 27 473
4 28 933
4 29 386
4 30 694
4 31 677
4 32 603
4 33 512
4 34 824
4 35 894
4 36 395
4 37 529
4 38 798
4 39 711
4 40 579
4 41 358
4 42 1199
4 43 531
4 44 310
4 45 1151
4 46 579
4 47 358
4 48 1199
4 49 627
4 50 406
4 51 1247
4 52 675
4 53 454
4 54 1295
4 55 723
4 56 502
4 57 1343
4 58 771
4 59 550
4 60 1391
4 61 819
4 62 598
4 63 1439
4 64 867
4 65 646
4 66 1487
4 67 915
4 68 694
4 69 1535
4 70 963
4 71 742
4 72 1583
4 73 1011
4 74 790
4 75 1631
4 76 699
5 0 1280
5 1 1010
5 2 655
5 3 1075
5 4 581
5 5 0
5 6 182
5 7 942
5 8 746
5 9 465
5 10 1050
5 11 538
5 12 1228
5 13 837
5 14 538
5 15 364
5 16 733
5 17 1090
5 18 1199
5 19 967
5 20 117
5 21 655
5 22 408
5 23 1036
5 24 156
5 25 1045
5 26 260
5 27 434
5 28 894
5 29 195
5 30 655
5 31 1158
5 32 564
5 33 473
5 34 785
5 35 855
5 36 356
5 37 52
5 38 759
5 39 130
5 40 1160
5 41 319
5 42 618
5 43 1112
5 44 271
5 45 570
5 46 1160
5 47 319
5 48 618
5 49 1208
5 50 367
5 51 666
5 52 1256
5 53 415
5 54 714
5 55 1304
5 56 463
5 57 762
5 58 1352
5 59 511
5 60 810
5 61 1400
5 62 559
5 63 858
5 64 1448
5 65 607
5 66 906
5 67 1496
5 68 655
5 69 954
5 70 1544
5 71 703
5 72 1002
5 73 1592
5 74 751
5 75 1050
5 76 1280
6 0 1098
6 1 828
6 2 473
6 3 893
6 4 399
6 5 182
6 6 0
6 7 760
6 8 564
6 9 283
6 10 868
6 11 356
6 12 1046
6 13 655
6 14 356
6 15 546
6 16 551
6 17 986
6 18 1017
6 19 785
6 20 65
6 21 473
6 22 226
6 23 854
6 24 338
6 25 863
6 26 442
6 27 252
6 28 712
6 29 13
6 30 473
6 31 976
6 32 382
6 33 291
6 34 603
6 35 673
6 36 174
6 37 130
6 38 577
6 39 312
6 40 978
6 41 137
6 42 800
6 43 930
6 44 89
6 45 752
6 46 978
6 47 137
6 48 800
6 49 1026
6 50 185
6 51 848
6 52 1074
6 53 233
6 54 896
6 55 1122
6 56 281
6 57 944
6 58 1170
6 59 329
6 60 992
6 61 1218
6 62 377
6 63 1040
6 64 1266
6 65 425
6 66 1088
6 67 1314
6 68 473
6 69 1136
6 70 1362
6 71 521
6 72 1184
6 73 1410
6 74 569
6 75 1232
6 76 1098
7 0 1680
7 1 1410
7 2 959
7 3 1475
7 4 981
7 5 942
7 6 760
7 7 0
7 8 1146
7 9 577
7 10 1162
7 11 938
7 12 1244
7 13 925
7 14 842
7 15 760
7 16 1133
7 17 690
7 18 1215
7 19 1367
7 20 825
7 21 1055
7 22 808
7 23 1436
7 24 968
7 25 1445
7 26 864
7 27 834
7 28 1006
7 29 747
7 30 1055
7 31 1366
7 32 868
7 33 873
7 34 1185
7 35 811
7 36 756
7 37 890
7 38 1063
7 39 994
7 40 1560
7 41 719
7 42 602
7 43 1512
7 44 671
7 45 554
7 46 1464
7 47 623
7 48 506
7 49 1416
7 50 575
7 51 458
7 52 1368
7 53 527
7 54 410
7 55 1320
7 56 479
7 57 362
7 58 1368
7 59 527
7 60 410
7 61 1416
7 62 575
7 63 458
7 64 1464
7 65 623
7 66 506
7 67 1512
7 68 671
7 69 554
7 70 1560
7 71 719
7 72 602
7 73 1608
7 74 767
7 75 650
7 76 1680
8 0 534
8 1 564
8 2 859
8 3 499
8 4 785
8 5 746
8 6 564
8 7 1146
8 8 0
8 9 669
8 10 812
8 11 208
8 12 730
8 13 945
8 14 742
8 15 1110
8 16 13
8 17 1372
8 18 1143
8 19 221
8 20 629
8 21 763
8 22 338
8 23 538
8 24 902
8 25 299
8 26 1006
8 27 312
8 28 968
8 29 551
8 30 91
8 31 608
8 32 768
8 33 581
8 34 39
8 35 1059
8 36 464
8 37 694
8 38 911
8 39 876
8 40 414
8 41 427
8 42 1268
8 43 462
8 44 475
8 45 1316
8 46 510
8 47 523
8 48 1364
8 49 558
8 50 571
8 51 1412
8 52 606
8 53 619
8 54 1460
8 55 654
8 56 667
8 57 1508
8 58 702
8 59 715
8 60 1556
8 61 750
8 62 763
8 63 1604
8 64 798
8 65 811
8 66 1652
8 67 846
8 68 859
8 69 1700
8 70 894
8 71 907
8 72 1748
8 73 942
8 74 955
8 75 1796
8 76 534
9 0 1203
9 1 933
9 2 482
9 3 998
9 4 504
9 5 465
9 6 283
9 7 577
9 8 669
9 9 0
9 10 685
9 11 461
9 12 863
9 13 760
9 14 365
9 15 829
9 16 656
9 17 803
9 18 834
9 19 890
9 20 348
9 21 578
9 22 331
9 23 959
9 24 621
9 25 968
9 26 725
9 27 357
9 28 529
9 29 270
9 30 578
9 31 889
9 32 391
9 33 396
9 34 708
9 35 390
9 36 279
9 37 413
9 38 586
9 39 595
9 40 1083
9 41 242
9 42 983
9 43 1035
9 44 194
9 45 935
9 46 987
9 47 146
9 48 887
9 49 939
9 50 98
9 51 839
9 52 891
9 53 50
9 54 791
9 55 939
9 56 98
9 57 839
9 58 987
9 59 146
9 60 887
9 61 1035
9 62 194
9 63 935
9 64 1083
9 65 242
9 66 983
9 67 1131
9 68 290
9 69 1031
9 70 1179
9 71 338
9 72 1079
9 73 1227
9 74 386
9 75 1127
9 76 1203
10 0 518
10 1 452
10 2 807
10 3 387
10 4 881
10 5 1050
10 6 868
10 7 1162
10 8 812
10 9 685
10 10 0
10 11 1020
10 12 330
10 13 1345
10 14 950
10 15 1414
10 16 825
10 17 1388
10 18 743
10 19 591
10 20 933
10 21 1163
10 22 916
10 23 426
10 24 1206
10 25 513
10 26 1310
10 27 942
10 28 156
10 29 855
10 30 903
10 31 304
10 32 976
10 33 981
10 34 773
10 35 1075
10 36 864
10 37 998
10 38 703
10 39 1180
10 40 398
10 41 827
10 42 1668
10 43 350
10 44 779
10 45 1620
10 46 302
10 47 731
10 48 1572
10 49 254
10 50 683
10 51 1524
10 52 206
10 53 635
10 54 1476
10 55 254
10 56 683
10 57 1524
10 58 302
10 59 731
10 60 1572
10 61 350
10 62 779
10 63 1620
10 64 398
10 65 827
10 66 1668
10 67 446
10 68 875
10 69 1716
10 70 494
10 71 923
10 72 1764
10 73 542
10 74 971
10 75 1812
10 76 518
11 0 742
11 1 772
11 2 651
11 3 707
11 4 577
11 5 538
11 6 356
11 7 938
11 8 208
11 9 461
11 10 1020
11 11 0
11 12 938
11 13 737
11 14 534
11 15 902
11 16 195
11 17 1164
11 18 1195
11 19 429
11 20 421
11 21 555
11 22 130
11 23 746
11 24 694
11 25 507
11 26 798
11 27 104
11 28 890
11 29 343
11 30 117
11 31 816
11 32 560
11 33 373
11 34 247
11 35 851
11 36 256
11 37 486
11 38 755
11 39 668
11 40 622
11 41 219
11 42 1060
11 43 670
11 44 267
11 45 1108
11 46 718
11 47 315
11 48 1156
11 49 766
11 50 363
11 51 1204
11 52 814
11 53 411
11 54 1252
11 55 862
11 56 459
11 57 1300
11 58 910
11 59 507
11 60 1348
11 61 958
11 62 555
11 63 1396
11 64 1006
11 65 603
11 66 1444
11 67 1054
11 68 651
11 69 1492
11 70 1102
11 71 699
11 72 1540
11 73 1150
11 74 747
11 75 1588
11 76 742
12 0 436
12 1 370
12 2 725
12 3 305
12 4 799
12 5 1228
12 6 1046
12 7 1244
12 8 730
12 9 863
12 10 330
12 11 938
12 12 0
12 13 1523
12 14 1128
12 15 1592
12 16 743
12 17 1470
12 18 565
12 19 509
12 20 1111
12 21 1341
12 22 1068
12 23 344
12 24 1384
12 25 431
12 26 1488
12 27 1042
12 28 486
12 29 1033
12 30 821
12 31 222
12 32 1154
12 33 1159
12 34 691
12 35 1253
12 36 1042
12 37 1176
12 38 621
12 39 1358
12 40 316
12 41 1005
12 42 1846
12 43 268
12 44 957
12 45 1798
12 46 220
12 47 909
12 48 1750
12 49 172
12 50 861
12 51 1702
12 52 124
12 53 813
12 54 1654
12 55 76
12 56 765
12 57 1606
12 58 124
12 59 813
12 60 1654
12 61 172
12 62 861
12 63 1702
12 64 220
12 65 909
12 66 1750
12 67 268
12 68 957
12 69 1798
12 70 316
12 71 1005
12 72 1846
12 73 364
12 74 1053
12 75 1894
12 76 436
13 0 1479
13 1 1305
13 2 950
13 3 1370
13 4 876
13 5 837
13 6 655
13 7 925
13 8 945
13 9 760
13 10 1345
13 11 737
13 12 1523
13 13 0
13 14 833
13 15 577
13 16 932
13 17 891
13 18 1494
13 19 1166
13 20 720
13 21 182
13 22 607
13 23 1331
13 24 785
13 25 1244
13 26 681
13 27 633
13 28 1189
13 29 642
13 30 854
13 31 1453
13 32 859
13 33 364
13 34 984
13 35 916
13 36 481
13 37 785
13 38 1054
13 39 811
13 40 1359
13 41 518
13 42 323
13 43 1407
13 44 566
13 45 371
13 46 1455
13 47 614
13 48 419
13 49 1503
13 50 662
13 51 467
13 52 1551
13 53 710
13 54 515
13 55 1599
13 56 758
13 57 563
13 58 1647
13 59 806
13 60 611
13 61 1695
13 62 854
13 63 659
13 64 1743
13 65 902
13 66 707
13 67 1791
13 68 950
13 69 755
13 70 1839
13 71 998
13 72 803
13 73 1887
13 74 1046
13 75 851
13 76 1479
14 0 1276
14 1 1006
14 2 555
14 3 1071
14 4 577
14 5 538
14 6 356
14 7 842
14 8 742
14 9 365
14 10 950
14 11 534
14 12 1128
14 13 833
14 14 0
14 15 876
14 16 729
14 17 1068
14 18 1099
14 19 963
14 20 421
14 21 651
14 22 404
14 23 1032
14 24 694
14 25 1041
14 26 798
14 27 430
14 28 794
14 29 343
14 30 651
14 31 1058
14 32 26
14 33 469
14 34 781
14 35 755
14 36 352
14 37 486
14 38 659
14 39 668
14 40 1156
14 41 315
14 42 718
14 43 1108
14 44 267
14 45 670
14 46 1060
14 47 219
14 48 622
14 49 1108
14 50 267
14 51 670
14 52 1156
14 53 315
14 54 718
14 55 1204
14 56 363
14 57 766
14 58 1252
14 59 411
14 60 814
14 61 1300
14 62 459
14 63 862
14 64 1348
14 65 507
14 66 910
14 67 1396
14 68 555
14 69 958
14 70 1444
14 71 603
14 72 1006
14 73 1492
14 74 651
14 75 1054
14 76 1276
15 0 1644
15 1 1374
15 2 1019
15 3 1439
15 4 945
15 5 364
15 6 546
15 7 760
15 8 1110
15 9 829
15 10 1414
15 11 902
15 12 1592
15 13 577
15 14 876
15 15 0
15 16 1097
15 17 726
15 18 1563
15 19 1331
15 20 481
15 21 759
15 22 772
15 23 1400
15 24 208
15 25 1409
15 26 104
15 27 798
15 28 1258
15 29 559
15 30 1019
15 31 1522
15 32 850
15 33 837
15 34 1149
15 35 751
15 36 720
15 37 416
15 38 1123
15 39 234
15 40 1524
15 41 683
15 42 254
15 43 1476
15 44 635
15 45 206
15 46 1524
15 47 683
15 48 254
15 49 1572
15 50 731
15 51 302
15 52 1620
15 53 779
15 54 350
15 55 1668
15 56 827
15 57 398
15 58 1716
15 59 875
15 60 446
15 61 1764
15 62 923
15 63 494
15 64 1812
15 65 971
15 66 542
15 67 1860
15 68 1019
15 69 590
15 70 1908
15 71 1067
15 72 638
15 73 1956
15 74 1115
15 75 686
15 76 1644
16 0 547
16 1 577
16 2 846
16 3 512
16 4 772
16 5 733
16 6 551
16 7 1133
16 8 13
16 9 656
16 10 825
16 11 195
16 12 743
16 13 932
16 14 729
16 15 1097
16 16 0
16 17 1359
16 18 1156
16 19 234
16 20 616
16 21 750
16 22 325
16 23 551
16 24 889
16 25 312
16 26 993
16 27 299
16 28 981
16 29 538
16 30 78
16 31 621
16 32 755
16 33 568
16 34 52
16 35 1046
16 36 451
16 37 681
16 38 924
16 39 863
16 40 427
16 41 414
16 42 1255
16 43 475
16 44 462
16 45 1303
16 46 523
16 47 510
16 48 1351
16 49 571
16 50 558
16 51 1399
16 52 619
16 53 606
16 54 1447
16 55 667
16 56 654
16 57 1495
16 58 715
16 59 702
16 60 1543
16 61 763
16 62 750
16 63 1591
16 64 811
16 65 798
16 66 1639
16 67 859
16 68 846
16 69 1687
16 70 907
16 71 894
16 72 1735
16 73 955
16 74 942
16 75 1783
16 76 547
17 0 1906
17 1 1636
17 2 1185
17 3 1701
17 4 1207
17 5 1090
17 6 986
17 7 690
17 8 1372
17 9 803
17 10 1388
17 11 1164
17 12 1470
17 13 891
17 14 1068
17 15 726
17 16 1359
17 17 0
17 18 1249
17 19 1593
17 20 1051
17 21 1073
17 22 1034
17 23 1662
17 24 934
17 25 1671
17 26 830
17 27 1060
17 28 1232
17 29 973
17 30 1281
17 31 1592
17 32 1068
17 33 1099
17 34 1411
17 35 777
17 36 982
17 37 1116
17 38 1289
17 39 960
17 40 1786
17 41 945
17 42 568
17 43 1738
17 44 897
17 45 520
17 46 1690
17 47 849
17 48 472
17 49 1642
17 50 801
17 51 424
17 52 1594
17 53 753
17 54 376
17 55 1546
17 56 705
17 57 328
17 58 1498
17 59 657
17 60 280
17 61 1450
17 62 609
17 63 232
17 64 1498
17 65 657
17 66 280
17 67 1546
17 68 705
17 69 328
17 70 1594
17 71 753
17 72 376
17 73 1642
17 74 801
17 75 424
17 76 1906
18 0 849
18 1 783
18 2 1138
18 3 718
18 4 1212
18 5 1199
18 6 1017
18 7 1215
18 8 1143
18 9 834
18 10 743
18 11 1195
18 12 565
18 13 1494
18 14 1099
18 15 1563
18 16 1156
18 17 1249
18 18 0
18 19 922
18 20 1082
18 21 1312
18 22 1065
18 23 757
18 24 1355
18 25 844
18 26 1459
18 27 1091
18 28 899
18 29 1004
18 30 1234
18 31 635
18 32 1125
18 33 1130
18 34 1104
18 35 1224
18 36 1013
18 37 1147
18 38 1034
18 39 1329
18 40 729
18 41 976
18 42 1817
18 43 681
18 44 928
18 45 1769
18 46 633
18 47 880
18 48 1721
18 49 585
18 50 832
18 51 1673
18 52 537
18 53 784
18 54 1625
18 55 489
18 56 736
18 57 1577
18 58 441
18 59 688
18 60 1529
18 61 393
18 62 640
18 63 1481
18 64 345
18 65 592
18 66 1433
18 67 297
18 68 544
18 69 1385
18 70 345
18 71 592
18 72 1433
18 73 393
18 74 640
18 75 1481
18 76 849
19 0 313
19 1 343
19 2 794
19 3 278
19 4 772
19 5 967
19 6 785
19 7 1367
19 8 221
19 9 890
19 10 591
19 11 429
19 12 509
19 13 1166
19 14 963
19 15 1331
19 16 234
19 17 1593
19 18 922
19 19 0
19 20 850
19 21 984
19 22 559
19 23 317
19 24 1123
19 25 78
19 26 1227
19 27 533
19 28 747
19 29 772
19 30 312
19 31 387
19 32 989
19 33 802
19 34 182
19 35 1280
19 36 685
19 37 915
19 38 690
19 39 1097
19 40 193
19 41 648
19 42 1489
19 43 241
19 44 696
19 45 1537
19 46 289
19 47 744
19 48 1585
19 49 337
19 50 792
19 51 1633
19 52 385
19 53 840
19 54 1681
19 55 433
19 56 888
19 57 1729
19 58 481
19 59 936
19 60 1777
19 61 529
19 62 984
19 63 1825
19 64 577
19 65 1032
19 66 1873
19 67 625
19 68 1080
19 69 1921
19 70 673
19 71 1128
19 72 1969
19 73 721
19 74 1176
19 75 2017
19 76 313
20 0 1163
20 1 893
20 2 538
20 3 958
20 4 464
20 5 117
20 6 65
20 7 825
20 8 629
20 9 348
20 10 933
20 11 421
20 12 1111
20 13 720
20 14 421
20 15 481
20 16 616
20 17 1051
20 18 1082
20 19 850
20 20 0
20 21 538
20 22 291
20 23 919
20 24 273
20 25 928
20 26 377
20 27 317
20 28 777
20 29 78
20 30 538
20 31 1041
20 32 447
20 33 356
20 34 668
20 35 738
20 36 239
20 37 65
20 38 642
20 39 247
20 40 1043
20 41 202
20 42 735
20 43 995
20 44 154
20 45 687
20 46 1043
20 47 202
20 48 735
20 49 1091
20 50 250
20 51 783
20 52 1139
20 53 298
20 54 831
20 55 1187
20 56 346
20 57 879
20 58 1235
20 59 394
20 60 927
20 61 1283
20 62 442
20 63 975
20 64 1331
20 65 490
20 66 1023
20 67 1379
20 68 538
20 69 1071
20 70 1427
20 71 586
20 72 1119
20 73 1475
20 74 634
20 75 1167
20 76 1163
21 0 1297
21 1 1123
21 2 768
21 3 1188
21 4 694
21 5 655
21 6 473
21 7 1055
21 8 763
21 9 578
21 10 1163
21 11 555
21 12 1341
21 13 182
21 14 651
21 15 759
21 16 750
21 17 1073
21 18 1312
21 19 984
21 20 538
21 21 0
21 22 425
21 23 1149
21 24 811
21 25 1062
21 26 863
21 27 451
21 28 1007
21 29 460
21 30 672
21 31 1271
21 32 677
21 33 182
21 34 802
21 35 968
21 36 299
21 37 603
21 38 872
21 39 785
21 40 1177
21 41 336
21 42 505
21 43 1225
21 44 384
21 45 553
21 46 1273
21 47 432
21 48 601
21 49 1321
21 50 480
21 51 649
21 52 1369
21 53 528
21 54 697
21 55 1417
21 56 576
21 57 745
21 58 1465
21 59 624
21 60 793
21 61 1513
21 62 672
21 63 841
21 64 1561
21 65 720
21 66 889
21 67 1609
21 68 768
21 69 937
21 70 1657
21 71 816
21 72 985
21 73 1705
21 74 864
21 75 1033
21 76 1297
22 0 872
22 1 876
22 2 521
22 3 837
22 4 447
22 5 408
22 6 226
22 7 808
22 8 338
22 9 331
22 10 916
22 11 130
22 12 1068
22 13 607
22 14 404
22 15 772
22 16 325
22 17 1034
22 18 1065
22 19 559
22 20 291
22 21 425
22 22 0
22 23 876
22 24 564
22 25 637
22 26 668
22 27 26
22 28 760
22 29 213
22 30 247
22 31 946
22 32 430
22 33 243
22 34 377
22 35 721
22 36 126
22 37 356
22 38 625
22 39 538
22 40 752
22 41 89
22 42 930
22 43 800
22 44 137
22 45 978
22 46 848
22 47 185
22 48 1026
22 49 896
22 50 233
22 51 1074
22 52 944
22 53 281
22 54 1122
22 55 992
22 56 329
22 57 1170
22 58 1040
22 59 377
22 60 1218
22 61 1088
22 62 425
22 63 1266
22 64 1136
22 65 473
22 66 1314
22 67 1184
22 68 521
22 69 1362
22 70 1232
22 71 569
22 72 1410
22 73 1280
22 74 617
22 75 1458
22 76 872
23 0 244
23 1 26
23 2 629
23 3 39
23 4 455
23 5 1036
23 6 854
23 7 1436
23 8 538
23 9 959
23 10 426
23 11 746
23 12 344
23 13 1331
23 14 1032
23 15 1400
23 16 551
23 17 1662
23 18 757
23 19 317
23 20 919
23 21 1149
23 22 876
23 23 0
23 24 1192
23 25 239
23 26 1296
23 27 850
23 28 582
23 29 841
23 30 629
23 31 222
23 32 1058
23 33 967
23 34 499
23 35 1349
23 36 850
23 37 984
23 38 525
23 39 1166
23 40 124
23 41 813
23 42 1654
23 43 76
23 44 765
23 45 1606
23 46 124
23 47 813
23 48 1654
23 49 172
23 50 861
23 51 1702
23 52 220
23 53 909
23 54 1750
23 55 268
23 56 957
23 57 1798
23 58 316
23 59 1005
23 60 1846
23 61 364
23 62 1053
23 63 1894
23 64 412
23 65 1101
23 66 1942
23 67 460
23 68 1149
23 69 1990
23 70 508
23 71 1197
23 72 2038
23 73 556
23 74 1245
23 75 2086
23 76 244
24 0 1436
24 1 1166
24 2 811
24 3 1231
24 4 737
24 5 156
24 6 338
24 7 968
24 8 902
24 9 621
24 10 1206
24 11 694
24 12 1384
24 13 785
24 14 694
24 15 208
24 16 889
24 17 934
24 18 1355
24 19 1123
24 20 273
24 21 811
24 22 564
24 23 1192
24 24 0
24 25 1201
24 26 104
24 27 590
24 28 1050
24 29 351
24 30 811
24 31 1314
24 32 720
24 33 629
24 34 941
24 35 959
24 36 512
24 37 208
24 38 915
24 39 26
24 40 1316
24 41 475
24 42 462
24 43 1268
24 44 427
24 45 414
24 46 1316
24 47 475
24 48 462
24 49 1364
24 50 523
24 51 510
24 52 1412
24 53 571
24 54 558
24 55 1460
24 56 619
24 57 606
24 58 1508
24 59 667
24 60 654
24 61 1556
24 62 715
24 63 702
24 64 1604
24 65 763
24 66 750
24 67 1652
24 68 811
24 69 798
24 70 1700
24 71 859
24 72 846
24 73 1748
24 74 907
24 75 894
24 76 1436
25 0 235
25 1 265
25 2 716
25 3 200
25 4 694
25 5 1045
25 6 863
25 7 1445
25 8 299
25 9 968
25 10 513
25 11 507
25 12 431
25 13 1244
25 14 1041
25 15 1409
25 16 312
25 17 1671
25 18 844
25 19 78
25 20 928
25 21 1062
25 22 637
25 23 239
25 24 1201
25 25 0
25 26 1305
25 27 611
25 28 669
25 29 850
25 30 390
25 31 309
25 32 1067
25 33 880
25 34 260
25 35 1358
25 36 763
25 37 993
25 38 612
25 39 1175
25 40 115
25 41 726
25 42 1567
25 43 163
25 44 774
25 45 1615
25 46 211
25 47 822
25 48 1663
25 49 259
25 50 870
25 51 1711
25 52 307
25 53 918
25 54 1759
25 55 355
25 56 966
25 57 1807
25 58 403
25 59 1014
25 60 1855
25 61 451
25 62 1062
25 63 1903
25 64 499
25 65 1110
25 66 1951
25 67 547
25 68 1158
25 69 1999
25 70 595
25 71 1206
25 72 2047
25 73 643
25 74 1254
25 75 2095
25 76 235
26 0 1540
26 1 1270
26 2 915
26 3 1335
26 4 841
26 5 260
26 6 442
26 7 864
26 8 1006
26 9 725
26 10 1310
26 11 798
26 12 1488
26 13 681
26 14 798
26 15 104
26 16 993
26 17 830
26 18 1459
26 19 1227
26 20 377
26 21 863
26 22 668
26 23 1296
26 24 104
26 25 1305
26 26 0
26 27 694
26 28 1154
26 29 455
26 30 915
26 31 1418
26 32 824
26 33 733
26 34 1045
26 35 855
26 36 616
26 37 312
26 38 1019
26 39 130
26 40 1420
26 41 579
26 42 358
26 43 1372
26 44 531
26 45 310
26 46 1420
26 47 579
26 48 358
26 49 1468
26 50 627
26 51 406
26 52 1516
26 53 675
26 54 454
26 55 1564
26 56 723
26 57 502
26 58 1612
26 59 771
26 60 550
26 61 1660
26 62 819
26 63 598
26 64 1708
26 65 867
26 66 646
26 67 1756
26 68 915
26 69 694
26 70 1804
26 71 963
26 72 742
26 73 1852
26 74 1011
26 75 790
26 76 1540
27 0 846
27 1 876
27 2 547
27 3 811
27 4 473
27 5 434
27 6 252
27 7 834
27 8 312
27 9 357
27 10 942
27 11 104
27 12 1042
27 13 633
27 14 430
27 15 798
27 16 299
27 17 1060
27 18 1091
27 19 533
27 20 317
27 21 451
27 22 26
27 23 850
27 24 590
27 25 611
27 26 694
27 27 0
27 28 786
27 29 239
27 30 221
27 31 920
27 32 456
27 33 269
27 34 351
27 35 747
27 36 152
27 37 382
27 38 651
27 39 564
27 40 726
27 41 115
27 42 956
27 43 774
27 44 163
27 45 1004
27 46 822
27 47 211
27 48 1052
27 49 870
27 50 259
27 51 1100
27 52 918
27 53 307
27 54 1148
27 55 966
27 56 355
27 57 1196
27 58 1014
27 59 403
27 60 1244
27 61 1062
27 62 451
27 63 1292
27 64 1110
27 65 499
27 66 1340
27 67 1158
27 68 547
27 69 1388
27 70 1206
27 71 595
27 72 1436
27 73 1254
27 74 643
27 75 1484
27 76 846
28 0 674
28 1 608
28 2 911
28 3 543
28 4 933
28 5 894
28 6 712
28 7 1006
28 8 968
28 9 529
28 10 156
28 11 890
28 12 486
28 13 1189
28 14 794
28 15 1258
28 16 981
28 17 1232
28 18 899
28 19 747
28 20 777
28 21 1007
28 22 760
28 23 582
28 24 1050
28 25 669
28 26 1154
28 27 786
28 28 0
28 29 699
28 30 1007
28 31 460
28 32 820
28 33 825
28 34 929
28 35 919
28 36 708
28 37 842
28 38 859
28 39 1024
28 40 554
28 41 671
28 42 1512
28 43 506
28 44 623
28 45 1464
28 46 458
28 47 575
28 48 1416
28 49 410
28 50 527
28 51 1368
28 52 362
28 53 479
28 54 1320
28 55 410
28 56 527
28 57 1368
28 58 458
28 59 575
28 60 1416
28 61 506
28 62 623
28 63 1464
28 64 554
28 65 671
28 66 1512
28 67 602
28 68 719
28 69 1560
28 70 650
28 71 767
28 72 1608
28 73 698
28 74 815
28 75 1656
28 76 674
29 0 1085
29 1 815
29 2 460
29 3 880
29 4 386
29 5 195
29 6 13
29 7 747
29 8 551
29 9 270
29 10 855
29 11 343
29 12 1033
29 13 642
29 14 343
29 15 559
29 16 538
29 17 973
29 18 1004
29 19 772
29 20 78
29 21 460
29 22 213
29 23 841
29 24 351
29 25 850
29 26 455
29 27 239
29 28 699
29 29 0
29 30 460
29 31 963
29 32 369
29 33 278
29 34 590
29 35 660
29 36 161
29 37 143
29 38 564
29 39 325
29 40 965
29 41 124
29 42 813
29 43 917
29 44 76
29 45 765
29 46 965
29 47 124
29 48 813
29 49 1013
29 50 172
29 51 861
29 52 1061
29 53 220
29 54 909
29 55 1109
29 56 268
29 57 957
29 58 1157
29 59 316
29 60 1005
29 61 1205
29 62 364
29 63 1053
29 64 1253
29 65 412
29 66 1101
29 67 1301
29 68 460
29 69 1149
29 70 1349
29 71 508
29 72 1197
29 73 1397
29 74 556
29 75 1245
29 76 1085
30 0 625
30 1 655
30 2 768
30 3 590
30 4 694
30 5 655
30 6 473
30 7 1055
30 8 91
30 9 578
30 10 903
30 11 117
30 12 821
30 13 854
30 14 651
30 15 1019
30 16 78
30 17 1281
30 18 1234
30 19 312
30 20 538
30 21 672
30 22 247
30 23 629
30 24 811
30 25 390
30 26 915
30 27 221
30 28 1007
30 29 460
30 30 0
30 31 699
30 32 677
30 33 490
30 34 130
30 35 968
30 36 373
30 37 603
30 38 872
30 39 785
30 40 505
30 41 336
30 42 1177
30 43 553
30 44 384
30 45 1225
30 46 601
30 47 432
30 48 1273
30 49 649
30 50 480
30 51 1321
30 52 697
30 53 528
30 54 1369
30 55 745
30 56 576
30 57 1417
30 58 793
30 59 624
30 60 1465
30 61 841
30 62 672
30 63 1513
30 64 889
30 65 720
30 66 1561
30 67 937
30 68 768
30 69 1609
30 70 985
30 71 816
30 72 1657
30 73 1033
30 74 864
30 75 1705
30 76 625
31 0 314
31 1 248
31 2 603
31 3 183
31 4 677
31 5 1158
31 6 976
31 7 1366
31 8 608
31 9 889
31 10 304
31 11 816
31 12 222
31 13 1453
31 14 1058
31 15 1522
31 16 621
31 17 1592
31 18 635
31 19 387
31 20 1041
31 21 1271
31 22 946
31 23 222
31 24 1314
31 25 309
31 26 1418
31 27 920
31 28 460
31 29 963
31 30 699
31 31 0
31 32 1084
31 33 1089
31 34 569
31 35 1279
31 36 972
31 37 1106
31 38 499
31 39 1288
31 40 194
31 41 935
31 42 1776
31 43 146
31 44 887
31 45 1728
31 46 98
31 47 839
31 48 1680
31 49 50
31 50 791
31 51 1632
31 52 98
31 53 839
31 54 1680
31 55 146
31 56 887
31 57 1728
31 58 194
31 59 935
31 60 1776
31 61 242
31 62 983
31 63 1824
31 64 290
31 65 1031
31 66 1872
31 67 338
31 68 1079
31 69 1920
31 70 386
31 71 1127
31 72 1968
31 73 434
31 74 1175
31 75 2016
31 76 314
32 0 1302
32 1 1032
32 2 581
32 3 1097
32 4 603
32 5 564
32 6 382
32 7 868
32 8 768
32 9 391
32 10 976
32 11 560
32 12 1154
32 13 859
32 14 26
32 15 850
32 16 755
32 17 1068
32 18 1125
32 19 989
32 20 447
32 21 677
32 22 430
32 23 1058
32 24 720
32 25 1067
32 26 824
32 27 456
32 28 820
32 29 369
32 30 677
32 31 1084
32 32 0
32 33 495
32 34 807
32 35 781
32 36 378
32 37 512
32 38 685
32 39 694
32 40 1182
32 41 341
32 42 692
32 43 1134
32 44 293
32 45 644
32 46 1086
32 47 245
32 48 596
32 49 1134
32 50 293
32 51 644
32 52 1182
32 53 341
32 54 692
32 55 1230
32 56 389
32 57 740
32 58 1278
32 59 437
32 60 788
32 61 1326
32 62 485
32 63 836
32 64 1374
32 65 533
32 66 884
32 67 1422
32 68 581
32 69 932
32 70 1470
32 71 629
32 72 980
32 73 1518
32 74 677
32 75 1028
32 76 1302
33 0 1115
33 1 941
33 2 586
33 3 1006
33 4 512
33 5 473
33 6 291
33 7 873
33 8 581
33 9 396
33 10 981
33 11 373
33 12 1159
33 13 364
33 14 469
33 15 837
33 16 568
33 17 1099
33 18 1130
33 19 802
33 20 356
33 21 182
33 22 243
33 23 967
33 24 629
33 25 880
33 26 733
33 27 269
33 28 825
33 29 278
33 30 490
33 31 1089
33 32 495
33 33 0
33 34 620
33 35 786
33 36 117
33 37 421
33 38 690
33 39 603
33 40 995
33 41 154
33 42 687
33 43 1043
33 44 202
33 45 735
33 46 1091
33 47 250
33 48 783
33 49 1139
33 50 298
33 51 831
33 52 1187
33 53 346
33 54 879
33 55 1235
33 56 394
33 57 927
33 58 1283
33 59 442
33 60 975
33 61 1331
33 62 490
33 63 1023
33 64 1379
33 65 538
33 66 1071
33 67 1427
33 68 586
33 69 1119
33 70 1475
33 71 634
33 72 1167
33 73 1523
33 74 682
33 75 1215
33 76 1115
34 0 495
34 1 525
34 2 898
34 3 460
34 4 824
34 5 785
34 6 603
34 7 1185
34 8 39
34 9 708
34 10 773
34 11 247
34 12 691
34 13 984
34 14 781
34 15 1149
34 16 52
34 17 1411
34 18 1104
34 19 182
34 20 668
34 21 802
34 22 377
34 23 499
34 24 941
34 25 260
34 26 1045
34 27 351
34 28 929
34 29 590
34 30 130
34 31 569
34 32 807
34 33 620
34 34 0
34 35 1098
34 36 503
34 37 733
34 38 872
34 39 915
34 40 375
34 41 466
34 42 1307
34 43 423
34 44 514
34 45 1355
34 46 471
34 47 562
34 48 1403
34 49 519
34 50 610
34 51 1451
34 52 567
34 53 658
34 54 1499
34 55 615
34 56 706
34 57 1547
34 58 663
34 59 754
34 60 1595
34 61 711
34 62 802
34 63 1643
34 64 759
34 65 850
34 66 1691
34 67 807
34 68 898
34 69 1739
34 70 855
34 71 946
34 72 1787
34 73 903
34 74 994
34 75 1835
34 76 495
35 0 1593
35 1 1323
35 2 872
35 3 1388
35 4 894
35 5 855
35 6 673
35 7 811
35 8 1059
35 9 390
35 10 1075
35 11 851
35 12 1253
35 13 916
35 14 755
35 15 751
35 16 1046
35 17 777
35 18 1224
35 19 1280
35 20 738
35 21 968
35 22 721
35 23 1349
35 24 959
35 25 1358
35 26 855
35 27 747
35 28 919
35 29 660
35 30 968
35 31 1279
35 32 781
35 33 786
35 34 1098
35 35 0
35 36 669
35 37 803
35 38 976
35 39 985
35 40 1473
35 41 632
35 42 593
35 43 1425
35 44 584
35 45 545
35 46 1377
35 47 536
35 48 497
35 49 1329
35 50 488
35 51 449
35 52 1281
35 53 440
35 54 401
35 55 1329
35 56 488
35 57 449
35 58 1377
35 59 536
35 60 497
35 61 1425
35 62 584
35 63 545
35 64 1473
35 65 632
35 66 593
35 67 1521
35 68 680
35 69 641
35 70 1569
35 71 728
35 72 689
35 73 1617
35 74 776
35 75 737
35 76 1593
36 0 998
36 1 824
36 2 469
36 3 889
36 4 395
36 5 356
36 6 174
36 7 756
36 8 464
36 9 279
36 10 864
36 11 256
36 12 1042
36 13 481
36 14 352
36 15 720
36 16 451
36 17 982
36 18 1013
36 19 685
36 20 239
36 21 299
36 22 126
36 23 850
36 24 512
36 25 763
36 26 616
36 27 152
36 28 708
36 29 161
36 30 373
36 31 972
36 32 378
36 33 117
36 34 503
36 35 669
36 36 0
36 37 304
36 38 573
36 39 486
36 40 878
36 41 37
36 42 804
36 43 926
36 44 85
36 45 852
36 46 974
36 47 133
36 48 900
36 49 1022
36 50 181
36 51 948
36 52 1070
36 53 229
36 54 996
36 55 1118
36 56 277
36 57 1044
36 58 1166
36 59 325
36 60 1092
36 61 1214
36 62 373
36 63 1140
36 64 1262
36 65 421
36 66 1188
36 67 1310
36 68 469
36 69 1236
36 70 1358
36 71 517
36 72 1284
36 73 1406
36 74 565
36 75 1332
36 76 998
37 0 1228
37 1 958
37 2 603
37 3 1023
37 4 529
37 5 52
37 6 130
37 7 890
37 8 694
37 9 413
37 10 998
37 11 486
37 12 1176
37 13 785
37 14 486
37 15 416
37 16 681
37 17 1116
37 18 1147
37 19 915
37 20 65
37 21 603
37 22 356
37 23 984
37 24 208
37 25 993
37 26 312
37 27 382
37 28 842
37 29 143
37 30 603
37 31 1106
37 32 512
37 33 421
37 34 733
37 35 803
37 36 304
37 37 0
37 38 707
37 39 182
37 40 1108
37 41 267
37 42 670
37 43 1060
37 44 219
37 45 622
37 46 1108
37 47 267
37 48 670
37 49 1156
37 50 315
37 51 718
37 52 1204
37 53 363
37 54 766
37 55 1252
37 56 411
37 57 814
37 58 1300
37 59 459
37 60 862
37 61 1348
37 62 507
37 63 910
37 64 1396
37 65 555
37 66 958
37 67 1444
37 68 603
37 69 1006
37 70 1492
37 71 651
37 72 1054
37 73 1540
37 74 699
37 75 1102
37 76 1228
38 0 617
38 1 551
38 2 104
38 3 486
38 4 798
38 5 759
38 6 577
38 7 1063
38 8 911
38 9 586
38 10 703
38 11 755
38 12 621
38 13 1054
38 14 659
38 15 1123
38 16 924
38 17 1289
38 18 1034
38 19 690
38 20 642
38 21 872
38 22 625
38 23 525
38 24 915
38 25 612
38 26 1019
38 27 651
38 28 859
38 29 564
38 30 872
38 31 499
38 32 685
38 33 690
38 34 872
38 35 976
38 36 573
38 37 707
38 38 0
38 39 889
38 40 497
38 41 536
38 42 1377
38 43 449
38 44 488
38 45 1329
38 46 401
38 47 440
38 48 1281
38 49 449
38 50 488
38 51 1329
38 52 497
38 53 536
38 54 1377
38 55 545
38 56 584
38 57 1425
38 58 593
38 59 632
38 60 1473
38 61 641
38 62 680
38 63 1521
38 64 689
38 65 728
38 66 1569
38 67 737
38 68 776
38 69 1617
38 70 785
38 71 824
38 72 1665
38 73 833
38 74 872
38 75 1713
38 76 617
39 0 1410
39 1 1140
39 2 785
39 3 1205
39 4 711
39 5 130
39 6 312
39 7 994
39 8 876
39 9 595
39 10 1180
39 11 668
39 12 1358
39 13 811
39 14 668
39 15 234
39 16 863
39 17 960
39 18 1329
39 19 1097
39 20 247
39 21 785
39 22 538
39 23 1166
39 24 26
39 25 1175
39 26 130
39 27 564
39 28 1024
39 29 325
39 30 785
39 31 1288
39 32 694
39 33 603
39 34 915
39 35 985
39 36 486
39 37 182
39 38 889
39 39 0
39 40 1290
39 41 449
39 42 488
39 43 1242
39 44 401
39 45 440
39 46 1290
39 47 449
39 48 488
39 49 1338
39 50 497
39 51 536
39 52 1386
39 53 545
39 54 584
39 55 1434
39 56 593
39 57 632
39 58 1482
39 59 641
39 60 680
39 61 1530
39 62 689
39 63 728
39 64 1578
39 65 737
39 66 776
39 67 1626
39 68 785
39 69 824
39 70 1674
39 71 833
39 72 872
39 73 1722
39 74 881
39 75 920
39 76 1410
40 0 120
40 1 150
40 2 601
40 3 85
40 4 579
40 5 1160
40 6 978
40 7 1560
40 8 414
40 9 1083
40 10 398
40 11 622
40 12 316
40 13 1359
40 14 1156
40 15 1524
40 16 427
40 17 1786
40 18 729
40 19 193
40 20 1043
40 21 1177
40 22 752
40 23 124
40 24 1316
40 25 115
40 26 1420
40 27 726
40 28 554
40 29 965
40 30 505
40 31 194
40 32 1182
40 33 995
40 34 375
40 35 1473
40 36 878
40 37 1108
40 38 497
40 39 1290
40 40 0
40 41 841
40 42 1682
40 43 48
40 44 889
40 45 1730
40 46 96
40 47 937
40 48 1778
40 49 144
40 50 985
40 51 1826
40 52 192
40 53 1033
40 54 1874
40 55 240
40 56 1081
40 57 1922
40 58 288
40 59 1129
40 60 1970
40 61 336
40 62 1177
40 63 2018
40 64 384
40 65 1225
40 66 2066
40 67 432
40 68 1273
40 69 2114
40 70 480
40 71 1321
40 72 2162
40 73 528
40 74 1369
40 75 2210
40 76 120
41 0 961
41 1 787
41 2 432
41 3 852
41 4 358
41 5 319
41 6 137
41 7 719
41 8 427
41 9 242
41 10 827
41 11 219
41 12 1005
41 13 518
41 14 315
41 15 683
41 16 414
41 17 945
41 18 976
41 19 648
41 20 202
41 21 336
41 22 89
41 23 813
41 24 475
41 25 726
41 26 579
41 27 115
41 28 671
41 29 124
41 30 336
41 31 935
41 32 341
41 33 154
41 34 466
41 35 632
41 36 37
41 37 267
41 38 536
41 39 449
41 40 841
41 41 0
41 42 841
41 43 889
41 44 48
41 45 889
41 46 937
41 47 96
41 48 937
41 49 985
41 50 144
41 51 985
41 52 1033
41 53 192
41 54 1033
41 55 1081
41 56 240
41 57 1081
41 58 1129
41 59 288
41 60 1129
41 61 1177
41 62 336
41 63 1177
41 64 1225
41 65 384
41 66 1225
41 67 1273
41 68 432
41 69 1273
41 70 1321
41 71 480
41 72 1321
41 73 1369
41 74 528
41 75 1369
41 76 961
42 0 1802
42 1 1628
42 2 1273
42 3 1693
42 4 1199
42 5 618
42 6 800
42 7 602
42 8 1268
42 9 983
42 10 1668
42 11 1060
42 12 1846
42 13 323
42 14 718
42 15 254
42 16 1255
42 17 568
42 18 1817
42 19 1489
42 20 735
42 21 505
42 22 930
42 23 1654
42 24 462
42 25 1567
42 26 358
42 27 956
42 28 1512
42 29 813
42 30 1177
42 31 1776
42 32 692
42 33 687
42 34 1307
42 35 593
42 36 804
42 37 670
42 38 1377
42 39 488
42 40 1682
42 41 841
42 42 0
42 43 1730
42 44 889
42 45 48
42 46 1778
42 47 937
42 48 96
42 49 1826
42 50 985
42 51 144
42 52 1874
42 53 1033
42 54 192
42 55 1922
42 56 1081
42 57 240
42 58 1970
42 59 1129
42 60 288
42 61 2018
42 62 1177
42 63 336
42 64 2066
42 65 1225
42 66 384
42 67 2114
42 68 1273
42 69 432
42 70 2162
42 71 1321
42 72 480
42 73 2210
42 74 1369
42 75 528
42 76 1802
43 0 168
43 1 102
43 2 553
43 3 37
43 4 531
43 5 1112
43 6 930
43 7 1512
43 8 462
43 9 1035
43 10 350
43 11 670
43 12 268
43 13 1407
43 14 1108
43 15 1476
43 16 475
43 17 1738
43 18 681
43 19 241
43 20 995
43 21 1225
43 22 800
43 23 76
43 24 1268
43 25 163
43 26 1372
43 27 774
43 28 506
43 29 917
43 30 553
43 31 146
43 32 1134
43 33 1043
43 34 423
43 35 1425
43 36 926
43 37 1060
43 38 449
43 39 1242
43 40 48
43 41 889
43 42 1730
43 43 0
43 44 841
43 45 1682
43 46 48
43 47 889
43 48 1730
43 49 96
43 50 937
43 51 1778
43 52 144
43 53 985
43 54 1826
43 55 192
43 56 1033
43 57 1874
43 58 240
43 59 1081
43 60 1922
43 61 288
43 62 1129
43 63 1970
43 64 336
43 65 1177
43 66 2018
43 67 384
43 68 1225
43 69 2066
43 70 432
43 71 1273
43 72 2114
43 73 480
43 74 1321
43 75 2162
43 76 168
44 0 1009
44 1 739
44 2 384
44 3 804
44 4 310
44 5 271
44 6 89
44 7 671
44 8 475
44 9 194
44 10 779
44 11 267
44 12 957
44 13 566
44 14 267
44 15 635
44 16 462
44 17 897
44 18 928
44 19 696
44 20 154
44 21 384
44 22 137
44 23 765
44 24 427
44 25 774
44 26 531
44 27 163
44 28 623
44 29 76
44 30 384
44 31 887
44 32 293
44 33 202
44 34 514
44 35 584
44 36 85
44 37 219
44 38 488
44 39 401
44 40 889
44 41 48
44 42 889
44 43 841
44 44 0
44 45 841
44 46 889
44 47 48
44 48 889
44 49 937
44 50 96
44 51 937
44 52 985
44 53 144
44 54 985
44 55 1033
44 56 192
44 57 1033
44 58 1081
44 59 240
44 60 1081
44 61 1129
44 62 288
44 63 1129
44 64 1177
44 65 336
44 66 1177
44 67 1225
44 68 384
44 69 1225
44 70 1273
44 71 432
44 72 1273
44 73 1321
44 74 480
44 75 1321
44 76 1009
45 0 1850
45 1 1580
45 2 1225
45 3 1645
45 4 1151
45 5 570
45 6 752
45 7 554
45 8 1316
45 9 935
45 10 1620
45 11 1108
45 12 1798
45 13 371
45 14 670
45 15 206
45 16 1303
45 17 520
45 18 1769
45 19 1537
45 20 687
45 21 553
45 22 978
45 23 1606
45 24 414
45 25 1615
45 26 310
45 27 1004
45 28 1464
45 29 765
45 30 1225
45 31 1728
45 32 644
45 33 735
45 34 1355
45 35 545
45 36 852
45 37 622
45 38 1329
45 39 440
45 40 1730
45 41 889
45 42 48
45 43 1682
45 44 841
45 45 0
45 46 1730
45 47 889
45 48 48
45 49 1778
45 50 937
45 51 96
45 52 1826
45 53 985
45 54 144
45 55 1874
45 56 1033
45 57 192
45 58 1922
45 59 1081
45 60 240
45 61 1970
45 62 1129
45 63 288
45 64 2018
45 65 1177
45 66 336
45 67 2066
45 68 1225
45 69 384
45 70 2114
45 71 1273
45 72 432
45 73 2162
45 74 1321
45 75 480
45 76 1850
46 0 216
46 1 150
46 2 505
46 3 85
46 4 579
46 5 1160
46 6 978
46 7 1464
46 8 510
46 9 987
46 10 302
46 11 718
46 12 220
46 13 1455
46 14 1060
46 15 1524
46 16 523
46 17 1690
46 18 633
46 19 289
46 20 1043
46 21 1273
46 22 848
46 23 124
46 24 1316
46 25 211
46 26 1420
46 27 822
46 28 458
46 29 965
46 30 601
46 31 98
46 32 1086
46 33 1091
46 34 471
46 35 1377
46 36 974
46 37 1108
46 38 401
46 39 1290
46 40 96
46 41 937
46 42 1778
46 43 48
46 44 889
46 45 1730
46 46 0
46 47 841
46 48 1682
46 49 48
46 50 889
46 51 1730
46 52 96
46 53 937
46 54 1778
46 55 144
46 56 985
46 57 1826
46 58 192
46 59 1033
46 60 1874
46 61 240
46 62 1081
46 63 1922
46 64 288
46 65 1129
46 66 1970
46 67 336
46 68 1177
46 69 2018
46 70 384
46 71 1225
46 72 2066
46 73 432
46 74 1273
46 75 2114
46 76 216
47 0 1057
47 1 787
47 2 336
47 3 852
47 4 358
47 5 319
47 6 137
47 7 623
47 8 523
47 9 146
47 10 731
47 11 315
47 12 909
47 13 614
47 14 219
47 15 683
47 16 510
47 17 849
47 18 880
47 19 744
47 20 202
47 21 432
47 22 185
47 23 813
47 24 475
47 25 822
47 26 579
47 27 211
47 28 575
47 29 124
47 30 432
47 31 839
47 32 245
47 33 250
47 34 562
47 35 536
47 36 133
47 37 267
47 38 440
47 39 449
47 40 937
47 41 96
47 42 937
47 43 889
47 44 48
47 45 889
47 46 841
47 47 0
47 48 841
47 49 889
47 50 48
47 51 889
47 52 937
47 53 96
47 54 937
47 55 985
47 56 144
47 57 985
47 58 1033
47 59 192
47 60 1033
47 61 1081
47 62 240
47 63 1081
47 64 1129
47 65 288
47 66 1129
47 67 1177
47 68 336
47 69 1177
47 70 1225
47 71 384
47 72 1225
47 73 1273
47 74 432
47 75 1273
47 76 1057
48 0 1898
48 1 1628
48 2 1177
48 3 1693
48 4 1199
48 5 618
48 6 800
48 7 506
48 8 1364
48 9 887
48 10 1572
48 11 1156
48 12 1750
48 13 419
48 14 622
48 15 254
48 16 1351
48 17 472
48 18 1721
48 19 1585
48 20 735
48 21 601
48 22 1026
48 23 1654
48 24 462
48 25 1663
48 26 358
48 27 1052
48 28 1416
48 29 813
48 30 1273
48 31 1680
48 32 596
48 33 783
48 34 1403
48 35 497
48 36 900
48 37 670
48 38 1281
48 39 488
48 40 1778
48 41 937
48 42 96
48 43 1730
