//alpha
1
//NbLocations
61
//NbProducts
24
//NbPickers
2
//CapaPicker
4
//TimeToTravelOneDistanceUnit
3
//SetupTime
5400
//PickTime
300
//Products
//Idx Location Size
1 1 1
2 2 1
3 3 1
4 4 1
5 5 1
6 6 1
7 7 1
8 8 1
9 9 1
10 10 1
11 11 1
12 12 1
13 13 1
14 14 1
15 15 1
16 16 1
17 17 1
18 18 1
19 19 1
20 20 1
21 21 1
22 22 1
23 23 1
24 24 1
//Orders
//NbOrders
12
//Idx DueDate TardinessPenalty NbProdInOrder ProdIdx1 Qty1 ProdIdx2 Qty2 ...
1 126000 0 1 1 1
2 36000 0 4 2 1 3 1 4 1 5 1
3 90000 0 1 6 1
4 72000 0 2 7 1 8 1
5 90000 0 4 9 1 10 1 11 1 12 1
6 90000 0 3 13 1 14 1 15 1
7 72000 0 4 16 1 17 1 18 1 19 1
8 126000 0 1 20 1
9 36000 0 1 21 1
10 126000 0 1 22 1
11 144000 0 1 23 1
12 36000 0 1 24 1
//Graph (Products are vertices indexed from 1 to NbProducts)
//NbVerticesIntersections
36
//DepartingDepot
0
//ArrivalDepot
61
//Arcs
//Start End Distance
0 25 120
1 20 195
1 47 50
2 3 507
2 53 50
3 2 507
3 54 284
4 23 104
4 27 89
5 16 104
5 56 167
6 14 195
6 26 453
7 24 182
7 58 219
8 40 193
8 41 648
9 50 544
9 51 297
10 31 557
10 32 284
11 24 208
11 59 232
12 49 700
12 50 141
13 52 76
13 53 765
14 6 195
14 25 193
15 41 427
15 42 414
16 5 104
16 57 570
17 37 388
17 38 453
18 21 104
18 30 518
19 44 791
19 45 50
20 1 195
20 48 596
21 18 104
21 29 219
22 38 414
22 39 427
23 4 104
23 26 648
24 7 182
24 11 208
25 14 193
25 28 48
25 61 120
26 6 453
26 23 648
26 29 48
27 4 89
27 30 48
28 25 48
28 29 841
28 31 48
29 21 219
29 26 48
29 28 841
29 32 48
30 18 518
30 27 48
30 33 48
31 10 557
31 28 48
31 34 48
32 10 284
32 29 48
32 33 841
32 35 48
33 30 48
33 32 841
33 36 48
34 31 48
34 35 841
34 37 48
35 32 48
35 34 841
35 36 841
35 38 48
36 33 48
36 35 841
36 39 48
37 17 388
37 34 48
37 40 48
38 17 453
38 22 414
38 35 48
38 41 48
39 22 427
39 36 48
39 42 48
40 8 193
40 37 48
40 43 48
41 8 648
41 15 427
41 38 48
41 44 48
42 15 414
42 39 48
42 45 48
43 40 48
43 44 841
43 46 48
44 19 791
44 41 48
44 43 841
44 47 48
45 19 50
45 42 48
45 48 48
46 43 48
46 47 841
46 49 48
47 1 50
47 44 48
47 46 841
47 50 48
48 20 596
48 45 48
48 51 48
49 12 700
49 46 48
49 52 48
50 9 544
50 12 141
50 47 48
50 53 48
51 9 297
51 48 48
51 54 48
52 13 76
52 49 48
52 55 48
53 2 50
53 13 765
53 50 48
53 56 48
54 3 284
54 51 48
54 57 48
55 52 48
55 56 841
55 58 48
56 5 167
56 53 48
56 55 841
56 59 48
57 16 570
57 54 48
57 60 48
58 7 219
58 55 48
59 11 232
59 56 48
59 60 841
60 57 48
60 59 841
//LocStart LocEnd ShortestPath
0 0 0
0 1 1347
0 2 1443
0 3 1950
0 4 1713
0 5 1608
0 6 508
0 7 867
0 8 553
0 9 1889
0 10 773
0 11 1257
0 12 1204
0 13 628
0 14 313
0 15 1628
0 16 1712
0 17 700
0 18 1332
0 19 2040
0 20 1542
0 21 1228
0 22 1567
0 23 1609
0 24 1049
0 25 120
0 26 961
0 27 1802
0 28 168
0 29 1009
0 30 1850
0 31 216
0 32 1057
0 33 1898
0 34 264
0 35 1105
0 36 1946
0 37 312
0 38 1153
0 39 1994
0 40 360
0 41 1201
0 42 2042
0 43 408
0 44 1249
0 45 2090
0 46 456
0 47 1297
0 48 2138
0 49 504
0 50 1345
0 51 2186
0 52 552
0 53 1393
0 54 2234
0 55 600
0 56 1441
0 57 2282
0 58 648
0 59 1489
0 60 2330
0 61 0
1 0 1347
1 1 0
1 2 196
1 3 703
1 4 1138
1 5 361
1 6 839
1 7 864
1 8 794
1 9 642
1 10 574
1 11 474
1 12 239
1 13 911
1 14 1034
1 15 573
1 16 465
1 17 647
1 18 661
1 19 889
1 20 195
1 21 557
1 22 608
1 23 1034
1 24 682
1 25 1227
1 26 386
1 27 1127
1 28 1179
1 29 338
1 30 1079
1 31 1131
1 32 290
1 33 1031
1 34 1083
1 35 242
1 36 983
1 37 1035
1 38 194
1 39 935
1 40 987
1 41 146
1 42 887
1 43 939
1 44 98
1 45 839
1 46 891
1 47 50
1 48 791
1 49 939
1 50 98
1 51 839
1 52 987
1 53 146
1 54 887
1 55 1035
1 56 194
1 57 935
1 58 1083
1 59 242
1 60 983
1 61 1347
2 0 1443
2 1 196
2 2 0
2 3 507
2 4 1234
2 5 265
2 6 935
2 7 768
2 8 890
2 9 642
2 10 670
2 11 378
2 12 239
2 13 815
2 14 1130
2 15 669
2 16 369
2 17 743
2 18 757
2 19 985
2 20 391
2 21 653
2 22 704
2 23 1130
2 24 586
2 25 1323
2 26 482
2 27 1223
2 28 1275
2 29 434
2 30 1175
2 31 1227
2 32 386
2 33 1127
2 34 1179
2 35 338
2 36 1079
2 37 1131
2 38 290
2 39 1031
2 40 1083
2 41 242
2 42 983
2 43 1035
2 44 194
2 45 935
2 46 987
2 47 146
2 48 887
2 49 939
2 50 98
2 51 839
2 52 891
2 53 50
2 54 791
2 55 939
2 56 98
2 57 839
2 58 987
2 59 146
2 60 887
2 61 1443
3 0 1950
3 1 703
3 2 507
3 3 0
3 4 805
3 5 772
3 6 1442
3 7 1275
3 8 1397
3 9 629
3 10 1177
3 11 885
3 12 746
3 13 1322
3 14 1637
3 15 890
3 16 876
3 17 1250
3 18 1186
3 19 478
3 20 898
3 21 1160
3 22 951
3 23 909
3 24 1093
3 25 1830
3 26 989
3 27 716
3 28 1782
3 29 941
3 30 668
3 31 1734
3 32 893
3 33 620
3 34 1686
3 35 845
3 36 572
3 37 1638
3 38 797
3 39 524
3 40 1590
3 41 749
3 42 476
3 43 1542
3 44 701
3 45 428
3 46 1494
3 47 653
3 48 380
3 49 1446
3 50 605
3 51 332
3 52 1398
3 53 557
3 54 284
3 55 1446
3 56 605
3 57 332
3 58 1494
3 59 653
3 60 380
3 61 1950
4 0 1713
4 1 1138
4 2 1234
4 3 805
4 4 0
4 5 1243
4 6 1205
4 7 1902
4 8 1640
4 9 770
4 10 1132
4 11 1512
4 12 1277
4 13 1949
4 14 1400
4 15 743
4 16 1139
4 17 1397
4 18 655
4 19 427
4 20 1021
4 21 759
4 22 708
4 23 104
4 24 1720
4 25 1593
4 26 752
4 27 89
4 28 1641
4 29 800
4 30 137
4 31 1689
4 32 848
4 33 185
4 34 1737
4 35 896
4 36 233
4 37 1785
4 38 944
4 39 281
4 40 1833
4 41 992
4 42 329
4 43 1881
4 44 1040
4 45 377
4 46 1929
4 47 1088
4 48 425
4 49 1977
4 50 1136
4 51 473
4 52 2025
4 53 1184
4 54 521
4 55 2073
4 56 1232
4 57 569
4 58 2121
4 59 1280
4 60 617
4 61 1713
5 0 1608
5 1 361
5 2 265
5 3 772
5 4 1243
5 5 0
5 6 1100
5 7 837
5 8 1055
5 9 807
5 10 835
5 11 447
5 12 404
5 13 980
5 14 1295
5 15 834
5 16 104
5 17 908
5 18 922
5 19 916
5 20 556
5 21 818
5 22 869
5 23 1295
5 24 655
5 25 1488
5 26 647
5 27 1154
5 28 1440
5 29 599
5 30 1106
5 31 1392
5 32 551
5 33 1058
5 34 1344
5 35 503
5 36 1010
5 37 1296
5 38 455
5 39 962
5 40 1248
5 41 407
5 42 914
5 43 1200
5 44 359
5 45 866
5 46 1152
5 47 311
5 48 818
5 49 1104
5 50 263
5 51 770
5 52 1056
5 53 215
5 54 722
5 55 1008
5 56 167
5 57 674
5 58 1056
5 59 215
5 60 722
5 61 1608
6 0 508
6 1 839
6 2 935
6 3 1442
6 4 1205
6 5 1100
6 6 0
6 7 1135
6 8 821
6 9 1381
6 10 833
6 11 1213
6 12 978
6 13 896
6 14 195
6 15 1120
6 16 1204
6 17 968
6 18 824
6 19 1532
6 20 1034
6 21 720
6 22 1059
6 23 1101
6 24 1317
6 25 388
6 26 453
6 27 1294
6 28 436
6 29 501
6 30 1342
6 31 484
6 32 549
6 33 1390
6 34 532
6 35 597
6 36 1438
6 37 580
6 38 645
6 39 1486
6 40 628
6 41 693
6 42 1534
6 43 676
6 44 741
6 45 1582
6 46 724
6 47 789
6 48 1630
6 49 772
6 50 837
6 51 1678
6 52 820
6 53 885
6 54 1726
6 55 868
6 56 933
6 57 1774
6 58 916
6 59 981
6 60 1822
6 61 508
7 0 867
7 1 864
7 2 768
7 3 1275
7 4 1902
7 5 837
7 6 1135
7 7 0
7 8 700
7 9 1310
7 10 1208
7 11 390
7 12 907
7 13 391
7 14 940
7 15 1337
7 16 941
7 17 943
7 18 1425
7 19 1653
7 20 1059
7 21 1321
7 22 1372
7 23 1798
7 24 182
7 25 747
7 26 1150
7 27 1991
7 28 699
7 29 1102
7 30 1943
7 31 651
7 32 1054
7 33 1895
7 34 603
7 35 1006
7 36 1847
7 37 555
7 38 958
7 39 1799
7 40 507
7 41 910
7 42 1751
7 43 459
7 44 862
7 45 1703
7 46 411
7 47 814
7 48 1655
7 49 363
7 50 766
7 51 1607
7 52 315
7 53 718
7 54 1559
7 55 267
7 56 670
7 57 1511
7 58 219
7 59 622
7 60 1463
7 61 867
8 0 553
8 1 794
8 2 890
8 3 1397
8 4 1640
8 5 1055
8 6 821
8 7 700
8 8 0
8 9 1336
8 10 894
8 11 1090
8 12 933
8 13 461
8 14 626
8 15 1075
8 16 1159
8 17 629
8 18 1163
8 19 1487
8 20 989
8 21 1059
8 22 1110
8 23 1536
8 24 882
8 25 433
8 26 888
8 27 1729
8 28 385
8 29 840
8 30 1681
8 31 337
8 32 792
8 33 1633
8 34 289
8 35 744
8 36 1585
8 37 241
8 38 696
8 39 1537
8 40 193
8 41 648
8 42 1489
8 43 241
8 44 696
8 45 1537
8 46 289
8 47 744
8 48 1585
8 49 337
8 50 792
8 51 1633
8 52 385
8 53 840
8 54 1681
8 55 433
8 56 888
8 57 1729
8 58 481
8 59 936
8 60 1777
8 61 553
9 0 1889
9 1 642
9 2 642
9 3 629
9 4 770
9 5 807
9 6 1381
9 7 1310
9 8 1336
9 9 0
9 10 1116
9 11 920
9 12 685
9 13 1357
9 14 1576
9 15 855
9 16 911
9 17 1189
9 18 1151
9 19 443
9 20 837
9 21 1099
9 22 916
9 23 874
9 24 1128
9 25 1769
9 26 928
9 27 681
9 28 1721
9 29 880
9 30 633
9 31 1673
9 32 832
9 33 585
9 34 1625
9 35 784
9 36 537
9 37 1577
9 38 736
9 39 489
9 40 1529
9 41 688
9 42 441
9 43 1481
9 44 640
9 45 393
9 46 1433
9 47 592
9 48 345
9 49 1385
9 50 544
9 51 297
9 52 1433
9 53 592
9 54 345
9 55 1481
9 56 640
9 57 393
9 58 1529
9 59 688
9 60 441
9 61 1889
10 0 773
10 1 574
10 2 670
10 3 1177
10 4 1132
10 5 835
10 6 833
10 7 1208
10 8 894
10 9 1116
10 10 0
10 11 948
10 12 713
10 13 969
10 14 846
10 15 855
10 16 939
10 17 833
10 18 655
10 19 1267
10 20 769
10 21 551
10 22 794
10 23 1028
10 24 1156
10 25 653
10 26 380
10 27 1221
10 28 605
10 29 332
10 30 1173
10 31 557
10 32 284
10 33 1125
10 34 605
10 35 332
10 36 1173
10 37 653
10 38 380
10 39 1221
10 40 701
10 41 428
10 42 1269
10 43 749
10 44 476
10 45 1317
10 46 797
10 47 524
10 48 1365
10 49 845
10 50 572
10 51 1413
10 52 893
10 53 620
10 54 1461
10 55 941
10 56 668
10 57 1509
10 58 989
10 59 716
10 60 1557
10 61 773
11 0 1257
11 1 474
11 2 378
11 3 885
11 4 1512
11 5 447
11 6 1213
11 7 390
11 8 1090
11 9 920
11 10 948
11 11 0
11 12 517
11 13 781
11 14 1330
11 15 947
11 16 551
11 17 1021
11 18 1035
11 19 1263
11 20 669
11 21 931
11 22 982
11 23 1408
11 24 208
11 25 1137
11 26 760
11 27 1601
11 28 1089
11 29 712
11 30 1553
11 31 1041
11 32 664
11 33 1505
11 34 993
11 35 616
11 36 1457
11 37 945
11 38 568
11 39 1409
11 40 897
11 41 520
11 42 1361
11 43 849
11 44 472
11 45 1313
11 46 801
11 47 424
11 48 1265
11 49 753
11 50 376
11 51 1217
11 52 705
11 53 328
11 54 1169
11 55 657
11 56 280
11 57 1121
11 58 609
11 59 232
11 60 1073
11 61 1257
12 0 1204
12 1 239
12 2 239
12 3 746
12 4 1277
12 5 404
12 6 978
12 7 907
12 8 933
12 9 685
12 10 713
12 11 517
12 12 0
12 13 824
12 14 1173
12 15 712
12 16 508
12 17 786
12 18 800
12 19 1028
12 20 434
12 21 696
12 22 747
12 23 1173
12 24 725
12 25 1084
12 26 525
12 27 1366
12 28 1036
12 29 477
12 30 1318
12 31 988
12 32 429
12 33 1270
12 34 940
12 35 381
12 36 1222
12 37 892
12 38 333
12 39 1174
12 40 844
12 41 285
12 42 1126
12 43 796
12 44 237
12 45 1078
12 46 748
12 47 189
12 48 1030
12 49 700
12 50 141
12 51 982
12 52 748
12 53 189
12 54 1030
12 55 796
12 56 237
12 57 1078
12 58 844
12 59 285
12 60 1126
12 61 1204
13 0 628
13 1 911
13 2 815
13 3 1322
13 4 1949
13 5 980
13 6 896
13 7 391
13 8 461
13 9 1357
13 10 969
13 11 781
13 12 824
13 13 0
13 14 701
13 15 1384
13 16 1084
13 17 704
13 18 1472
13 19 1700
13 20 1106
13 21 1368
13 22 1419
13 23 1845
13 24 573
13 25 508
13 26 1197
13 27 2038
13 28 460
13 29 1149
13 30 1990
13 31 412
13 32 1101
13 33 1942
13 34 364
13 35 1053
13 36 1894
13 37 316
13 38 1005
13 39 1846
13 40 268
13 41 957
13 42 1798
13 43 220
13 44 909
13 45 1750
13 46 172
13 47 861
13 48 1702
13 49 124
13 50 813
13 51 1654
13 52 76
13 53 765
13 54 1606
13 55 124
13 56 813
13 57 1654
13 58 172
13 59 861
13 60 1702
13 61 628
14 0 313
14 1 1034
14 2 1130
14 3 1637
14 4 1400
14 5 1295
14 6 195
14 7 940
14 8 626
14 9 1576
14 10 846
14 11 1330
14 12 1173
14 13 701
14 14 0
14 15 1315
14 16 1399
14 17 773
14 18 1019
14 19 1727
14 20 1229
14 21 915
14 22 1254
14 23 1296
14 24 1122
14 25 193
14 26 648
14 27 1489
14 28 241
14 29 696
14 30 1537
14 31 289
14 32 744
14 33 1585
14 34 337
14 35 792
14 36 1633
14 37 385
14 38 840
14 39 1681
14 40 433
14 41 888
14 42 1729
14 43 481
14 44 936
14 45 1777
14 46 529
14 47 984
14 48 1825
14 49 577
14 50 1032
14 51 1873
14 52 625
14 53 1080
14 54 1921
14 55 673
14 56 1128
14 57 1969
14 58 721
14 59 1176
14 60 2017
14 61 313
15 0 1628
15 1 573
15 2 669
15 3 890
15 4 743
15 5 834
15 6 1120
15 7 1337
15 8 1075
15 9 855
15 10 855
15 11 947
15 12 712
15 13 1384
15 14 1315
15 15 0
15 16 938
15 17 928
15 18 942
15 19 512
15 20 768
15 21 838
15 22 889
15 23 847
15 24 1155
15 25 1508
15 26 667
15 27 654
15 28 1460
15 29 619
15 30 606
15 31 1412
15 32 571
15 33 558
15 34 1364
15 35 523
15 36 510
15 37 1316
15 38 475
15 39 462
15 40 1268
15 41 427
15 42 414
15 43 1316
15 44 475
15 45 462
15 46 1364
15 47 523
15 48 510
15 49 1412
15 50 571
15 51 558
15 52 1460
15 53 619
15 54 606
15 55 1508
15 56 667
15 57 654
15 58 1556
15 59 715
15 60 702
15 61 1628
16 0 1712
16 1 465
16 2 369
16 3 876
16 4 1139
16 5 104
16 6 1204
16 7 941
16 8 1159
16 9 911
16 10 939
16 11 551
16 12 508
16 13 1084
16 14 1399
16 15 938
16 16 0
16 17 1012
16 18 1026
16 19 812
16 20 660
16 21 922
16 22 973
16 23 1243
16 24 759
16 25 1592
16 26 751
16 27 1050
16 28 1544
16 29 703
16 30 1002
16 31 1496
16 32 655
16 33 954
16 34 1448
16 35 607
16 36 906
16 37 1400
16 38 559
16 39 858
16 40 1352
16 41 511
16 42 810
16 43 1304
16 44 463
16 45 762
16 46 1256
16 47 415
16 48 714
16 49 1208
16 50 367
16 51 666
16 52 1160
16 53 319
16 54 618
16 55 1112
16 56 271
16 57 570
16 58 1160
16 59 319
16 60 618
16 61 1712
17 0 700
17 1 647
17 2 743
17 3 1250
17 4 1397
17 5 908
17 6 968
17 7 943
17 8 629
17 9 1189
17 10 833
17 11 1021
17 12 786
17 13 704
17 14 773
17 15 928
17 16 1012
17 17 0
17 18 920
17 19 1340
17 20 842
17 21 816
17 22 867
17 23 1293
17 24 1125
17 25 580
17 26 645
17 27 1486
17 28 532
17 29 597
17 30 1438
17 31 484
17 32 549
17 33 1390
17 34 436
17 35 501
17 36 1342
17 37 388
17 38 453
17 39 1294
17 40 436
17 41 501
17 42 1342
17 43 484
17 44 549
17 45 1390
17 46 532
17 47 597
17 48 1438
17 49 580
17 50 645
17 51 1486
17 52 628
17 53 693
17 54 1534
17 55 676
17 56 741
17 57 1582
17 58 724
17 59 789
17 60 1630
17 61 700
18 0 1332
18 1 661
18 2 757
18 3 1186
18 4 655
18 5 922
18 6 824
18 7 1425
18 8 1163
18 9 1151
18 10 655
18 11 1035
18 12 800
18 13 1472
18 14 1019
18 15 942
18 16 1026
18 17 920
18 18 0
18 19 808
18 20 856
18 21 104
18 22 881
18 23 759
18 24 1243
18 25 1212
18 26 371
18 27 566
18 28 1164
18 29 323
18 30 518
18 31 1212
18 32 371
18 33 566
18 34 1260
18 35 419
18 36 614
18 37 1308
18 38 467
18 39 662
18 40 1356
18 41 515
18 42 710
18 43 1404
18 44 563
18 45 758
18 46 1452
18 47 611
18 48 806
18 49 1500
18 50 659
18 51 854
18 52 1548
18 53 707
18 54 902
18 55 1596
18 56 755
18 57 950
18 58 1644
18 59 803
18 60 998
18 61 1332
19 0 2040
19 1 889
19 2 985
19 3 478
19 4 427
19 5 916
19 6 1532
19 7 1653
19 8 1487
19 9 443
19 10 1267
19 11 1263
19 12 1028
19 13 1700
19 14 1727
19 15 512
19 16 812
19 17 1340
19 18 808
19 19 0
19 20 694
19 21 912
19 22 573
19 23 531
19 24 1471
19 25 1920
19 26 1079
19 27 338
19 28 1872
19 29 1031
19 30 290
19 31 1824
19 32 983
19 33 242
19 34 1776
19 35 935
19 36 194
19 37 1728
19 38 887
19 39 146
19 40 1680
19 41 839
19 42 98
19 43 1632
19 44 791
19 45 50
19 46 1680
19 47 839
19 48 98
19 49 1728
19 50 887
19 51 146
19 52 1776
19 53 935
19 54 194
19 55 1824
19 56 983
19 57 242
19 58 1872
19 59 1031
19 60 290
19 61 2040
20 0 1542
20 1 195
20 2 391
20 3 898
20 4 1021
20 5 556
20 6 1034
20 7 1059
20 8 989
20 9 837
20 10 769
20 11 669
20 12 434
20 13 1106
20 14 1229
20 15 768
20 16 660
20 17 842
20 18 856
20 19 694
20 20 0
20 21 752
20 22 803
20 23 1125
20 24 877
20 25 1422
20 26 581
20 27 932
20 28 1374
20 29 533
20 30 884
20 31 1326
20 32 485
20 33 836
20 34 1278
20 35 437
20 36 788
20 37 1230
20 38 389
20 39 740
20 40 1182
20 41 341
20 42 692
20 43 1134
20 44 293
20 45 644
20 46 1086
20 47 245
20 48 596
20 49 1134
20 50 293
20 51 644
20 52 1182
20 53 341
20 54 692
20 55 1230
20 56 389
20 57 740
20 58 1278
20 59 437
20 60 788
20 61 1542
21 0 1228
21 1 557
21 2 653
21 3 1160
21 4 759
21 5 818
21 6 720
21 7 1321
21 8 1059
21 9 1099
21 10 551
21 11 931
21 12 696
21 13 1368
21 14 915
21 15 838
21 16 922
21 17 816
21 18 104
21 19 912
21 20 752
21 21 0
21 22 777
21 23 863
21 24 1139
21 25 1108
21 26 267
21 27 670
21 28 1060
21 29 219
21 30 622
21 31 1108
21 32 267
21 33 670
21 34 1156
21 35 315
21 36 718
21 37 1204
21 38 363
21 39 766
21 40 1252
21 41 411
21 42 814
21 43 1300
21 44 459
21 45 862
21 46 1348
21 47 507
21 48 910
21 49 1396
21 50 555
21 51 958
21 52 1444
21 53 603
21 54 1006
21 55 1492
21 56 651
21 57 1054
21 58 1540
21 59 699
21 60 1102
21 61 1228
22 0 1567
22 1 608
22 2 704
22 3 951
22 4 708
22 5 869
22 6 1059
22 7 1372
22 8 1110
22 9 916
22 10 794
22 11 982
22 12 747
22 13 1419
22 14 1254
22 15 889
22 16 973
22 17 867
22 18 881
22 19 573
22 20 803
22 21 777
22 22 0
22 23 812
22 24 1190
22 25 1447
22 26 606
22 27 619
22 28 1399
22 29 558
22 30 571
22 31 1351
22 32 510
22 33 523
22 34 1303
22 35 462
22 36 475
22 37 1255
22 38 414
22 39 427
22 40 1303
22 41 462
22 42 475
22 43 1351
22 44 510
22 45 523
22 46 1399
22 47 558
22 48 571
22 49 1447
22 50 606
22 51 619
22 52 1495
22 53 654
22 54 667
22 55 1543
22 56 702
22 57 715
22 58 1591
22 59 750
22 60 763
22 61 1567
23 0 1609
23 1 1034
23 2 1130
23 3 909
23 4 104
23 5 1295
23 6 1101
23 7 1798
23 8 1536
23 9 874
23 10 1028
23 11 1408
23 12 1173
23 13 1845
23 14 1296
23 15 847
23 16 1243
23 17 1293
23 18 759
23 19 531
23 20 1125
23 21 863
23 22 812
23 23 0
23 24 1616
23 25 1489
23 26 648
23 27 193
23 28 1537
23 29 696
23 30 241
23 31 1585
23 32 744
23 33 289
23 34 1633
23 35 792
23 36 337
23 37 1681
23 38 840
23 39 385
23 40 1729
23 41 888
23 42 433
23 43 1777
23 44 936
23 45 481
23 46 1825
23 47 984
23 48 529
23 49 1873
23 50 1032
23 51 577
23 52 1921
23 53 1080
23 54 625
23 55 1969
23 56 1128
23 57 673
23 58 2017
23 59 1176
23 60 721
23 61 1609
24 0 1049
24 1 682
24 2 586
24 3 1093
24 4 1720
24 5 655
24 6 1317
24 7 182
24 8 882
24 9 1128
24 10 1156
24 11 208
24 12 725
24 13 573
24 14 1122
24 15 1155
24 16 759
24 17 1125
24 18 1243
24 19 1471
24 20 877
24 21 1139
24 22 1190
24 23 1616
24 24 0
24 25 929
24 26 968
24 27 1809
24 28 881
24 29 920
24 30 1761
24 31 833
24 32 872
24 33 1713
24 34 785
24 35 824
24 36 1665
24 37 737
24 38 776
24 39 1617
24 40 689
24 41 728
24 42 1569
24 43 641
24 44 680
24 45 1521
24 46 593
24 47 632
24 48 1473
24 49 545
24 50 584
24 51 1425
24 52 497
24 53 536
24 54 1377
24 55 449
24 56 488
24 57 1329
24 58 401
24 59 440
24 60 1281
24 61 1049
25 0 120
25 1 1227
25 2 1323
25 3 1830
25 4 1593
25 5 1488
25 6 388
25 7 747
25 8 433
25 9 1769
25 10 653
25 11 1137
25 12 1084
25 13 508
25 14 193
25 15 1508
25 16 1592
25 17 580
25 18 1212
25 19 1920
25 20 1422
25 21 1108
25 22 1447
25 23 1489
25 24 929
25 25 0
25 26 841
25 27 1682
25 28 48
25 29 889
25 30 1730
25 31 96
25 32 937
25 33 1778
25 34 144
25 35 985
25 36 1826
25 37 192
25 38 1033
25 39 1874
25 40 240
25 41 1081
25 42 1922
25 43 288
25 44 1129
25 45 1970
25 46 336
25 47 1177
25 48 2018
25 49 384
25 50 1225
25 51 2066
25 52 432
25 53 1273
25 54 2114
25 55 480
25 56 1321
25 57 2162
25 58 528
25 59 1369
25 60 2210
25 61 120
26 0 961
26 1 386
26 2 482
26 3 989
26 4 752
26 5 647
26 6 453
26 7 1150
26 8 888
26 9 928
26 10 380
26 11 760
26 12 525
26 13 1197
26 14 648
26 15 667
26 16 751
26 17 645
26 18 371
26 19 1079
26 20 581
26 21 267
26 22 606
26 23 648
26 24 968
26 25 841
26 26 0
26 27 841
26 28 889
26 29 48
26 30 889
26 31 937
26 32 96
26 33 937
26 34 985
26 35 144
26 36 985
26 37 1033
26 38 192
26 39 1033
26 40 1081
26 41 240
26 42 1081
26 43 1129
26 44 288
26 45 1129
26 46 1177
26 47 336
26 48 1177
26 49 1225
26 50 384
26 51 1225
26 52 1273
26 53 432
26 54 1273
26 55 1321
26 56 480
26 57 1321
26 58 1369
26 59 528
26 60 1369
26 61 961
27 0 1802
27 1 1127
27 2 1223
27 3 716
27 4 89
27 5 1154
27 6 1294
27 7 1991
27 8 1729
27 9 681
27 10 1221
27 11 1601
27 12 1366
27 13 2038
27 14 1489
27 15 654
27 16 1050
27 17 1486
27 18 566
27 19 338
27 20 932
27 21 670
27 22 619
27 23 193
27 24 1809
27 25 1682
27 26 841
27 27 0
27 28 1730
27 29 889
27 30 48
27 31 1778
27 32 937
27 33 96
27 34 1826
27 35 985
27 36 144
27 37 1874
27 38 1033
27 39 192
27 40 1922
27 41 1081
27 42 240
27 43 1970
27 44 1129
27 45 288
27 46 2018
27 47 1177
27 48 336
27 49 2066
27 50 1225
27 51 384
27 52 2114
27 53 1273
27 54 432
27 55 2162
27 56 1321
27 57 480
27 58 2210
27 59 1369
27 60 528
27 61 1802
28 0 168
28 1 1179
28 2 1275
28 3 1782
28 4 1641
28 5 1440
28 6 436
28 7 699
28 8 385
28 9 1721
28 10 605
28 11 1089
28 12 1036
28 13 460
28 14 241
28 15 1460
28 16 1544
28 17 532
28 18 1164
28 19 1872
28 20 1374
28 21 1060
28 22 1399
28 23 1537
28 24 881
28 25 48
28 26 889
28 27 1730
28 28 0
28 29 841
28 30 1682
28 31 48
28 32 889
28 33 1730
28 34 96
28 35 937
28 36 1778
28 37 144
28 38 985
28 39 1826
28 40 192
28 41 1033
28 42 1874
28 43 240
28 44 1081
28 45 1922
28 46 288
28 47 1129
28 48 1970
28 49 336
28 50 1177
28 51 2018
28 52 384
28 53 1225
28 54 2066
28 55 432
28 56 1273
28 57 2114
28 58 480
28 59 1321
28 60 2162
28 61 168
29 0 1009
29 1 338
29 2 434
29 3 941
29 4 800
29 5 599
29 6 501
29 7 1102
29 8 840
29 9 880
29 10 332
29 11 712
29 12 477
29 13 1149
29 14 696
29 15 619
29 16 703
29 17 597
29 18 323
29 19 1031
29 20 533
29 21 219
29 22 558
29 23 696
29 24 920
29 25 889
29 26 48
29 27 889
29 28 841
29 29 0
29 30 841
29 31 889
29 32 48
29 33 889
29 34 937
29 35 96
29 36 937
29 37 985
29 38 144
29 39 985
29 40 1033
29 41 192
29 42 1033
29 43 1081
29 44 240
29 45 1081
29 46 1129
29 47 288
29 48 1129
29 49 1177
29 50 336
29 51 1177
29 52 1225
29 53 384
29 54 1225
29 55 1273
29 56 432
29 57 1273
29 58 1321
29 59 480
29 60 1321
29 61 1009
30 0 1850
30 1 1079
30 2 1175
30 3 668
30 4 137
30 5 1106
30 6 1342
30 7 1943
30 8 1681
30 9 633
30 10 1173
30 11 1553
30 12 1318
30 13 1990
30 14 1537
30 15 606
30 16 1002
30 17 1438
30 18 518
30 19 290
30 20 884
30 21 622
30 22 571
30 23 241
30 24 1761
30 25 1730
30 26 889
30 27 48
30 28 1682
30 29 841
30 30 0
30 31 1730
30 32 889
30 33 48
30 34 1778
30 35 937
30 36 96
30 37 1826
30 38 985
30 39 144
30 40 1874
30 41 1033
30 42 192
30 43 1922
30 44 1081
30 45 240
30 46 1970
30 47 1129
30 48 288
30 49 2018
30 50 1177
30 51 336
30 52 2066
30 53 1225
30 54 384
30 55 2114
30 56 1273
30 57 432
30 58 2162
30 59 1321
30 60 480
30 61 1850
31 0 216
31 1 1131
31 2 1227
31 3 1734
31 4 1689
31 5 1392
31 6 484
31 7 651
31 8 337
31 9 1673
31 10 557
31 11 1041
31 12 988
31 13 412
31 14 289
31 15 1412
31 16 1496
31 17 484
31 18 1212
31 19 1824
31 20 1326
31 21 1108
31 22 1351
31 23 1585
31 24 833
31 25 96
31 26 937
31 27 1778
31 28 48
31 29 889
31 30 1730
31 31 0
31 32 841
31 33 1682
31 34 48
31 35 889
31 36 1730
31 37 96
31 38 937
31 39 1778
31 40 144
31 41 985
31 42 1826
31 43 192
31 44 1033
31 45 1874
31 46 240
31 47 1081
31 48 1922
31 49 288
31 50 1129
31 51 1970
31 52 336
31 53 1177
31 54 2018
31 55 384
31 56 1225
31 57 2066
31 58 432
31 59 1273
31 60 2114
31 61 216
32 0 1057
32 1 290
32 2 386
32 3 893
32 4 848
32 5 551
32 6 549
32 7 1054
32 8 792
32 9 832
32 10 284
32 11 664
32 12 429
32 13 1101
32 14 744
32 15 571
32 16 655
32 17 549
32 18 371
32 19 983
32 20 485
32 21 267
32 22 510
32 23 744
32 24 872
32 25 937
32 26 96
32 27 937
32 28 889
32 29 48
32 30 889
32 31 841
32 32 0
32 33 841
32 34 889
32 35 48
32 36 889
32 37 937
32 38 96
32 39 937
32 40 985
32 41 144
32 42 985
32 43 1033
32 44 192
32 45 1033
32 46 1081
32 47 240
32 48 1081
32 49 1129
32 50 288
32 51 1129
32 52 1177
32 53 336
32 54 1177
32 55 1225
32 56 384
32 57 1225
32 58 1273
32 59 432
32 60 1273
32 61 1057
33 0 1898
33 1 1031
33 2 1127
33 3 620
33 4 185
33 5 1058
33 6 1390
33 7 1895
33 8 1633
33 9 585
33 10 1125
33 11 1505
33 12 1270
33 13 1942
33 14 1585
33 15 558
33 16 954
33 17 1390
33 18 566
33 19 242
33 20 836
33 21 670
33 22 523
33 23 289
33 24 1713
33 25 1778
33 26 937
33 27 96
33 28 1730
33 29 889
33 30 48
33 31 1682
33 32 841
33 33 0
33 34 1730
33 35 889
33 36 48
33 37 1778
33 38 937
33 39 96
33 40 1826
33 41 985
33 42 144
33 43 1874
33 44 1033
33 45 192
33 46 1922
33 47 1081
33 48 240
33 49 1970
33 50 1129
33 51 288
33 52 2018
33 53 1177
33 54 336
33 55 2066
33 56 1225
33 57 384
33 58 2114
33 59 1273
33 60 432
33 61 1898
34 0 264
34 1 1083
34 2 1179
34 3 1686
34 4 1737
34 5 1344
34 6 532
34 7 603
34 8 289
34 9 1625
34 10 605
34 11 993
34 12 940
34 13 364
34 14 337
34 15 1364
34 16 1448
34 17 436
34 18 1260
34 19 1776
34 20 1278
34 21 1156
34 22 1303
34 23 1633
34 24 785
34 25 144
34 26 985
34 27 1826
34 28 96
34 29 937
34 30 1778
34 31 48
34 32 889
34 33 1730
34 34 0
34 35 841
34 36 1682
34 37 48
34 38 889
34 39 1730
34 40 96
34 41 937
34 42 1778
34 43 144
34 44 985
34 45 1826
34 46 192
34 47 1033
34 48 1874
34 49 240
34 50 1081
34 51 1922
34 52 288
34 53 1129
34 54 1970
34 55 336
34 56 1177
34 57 2018
34 58 384
34 59 1225
34 60 2066
34 61 264
35 0 1105
35 1 242
35 2 338
35 3 845
35 4 896
35 5 503
35 6 597
35 7 1006
35 8 744
35 9 784
35 10 332
35 11 616
35 12 381
35 13 1053
35 14 792
35 15 523
35 16 607
35 17 501
35 18 419
35 19 935
35 20 437
35 21 315
35 22 462
35 23 792
35 24 824
35 25 985
35 26 144
35 27 985
35 28 937
35 29 96
35 30 937
35 31 889
35 32 48
35 33 889
35 34 841
35 35 0
35 36 841
35 37 889
35 38 48
35 39 889
35 40 937
35 41 96
35 42 937
35 43 985
35 44 144
35 45 985
35 46 1033
35 47 192
35 48 1033
35 49 1081
35 50 240
35 51 1081
35 52 1129
35 53 288
35 54 1129
35 55 1177
35 56 336
35 57 1177
35 58 1225
35 59 384
35 60 1225
35 61 1105
36 0 1946
36 1 983
36 2 1079
36 3 572
36 4 233
36 5 1010
36 6 1438
36 7 1847
36 8 1585
36 9 537
36 10 1173
36 11 1457
36 12 1222
36 13 1894
36 14 1633
36 15 510
36 16 906
36 17 1342
36 18 614
36 19 194
36 20 788
36 21 718
36 22 475
36 23 337
36 24 1665
36 25 1826
36 26 985
36 27 144
36 28 1778
36 29 937
36 30 96
36 31 1730
36 32 889
36 33 48
36 34 1682
36 35 841
36 36 0
36 37 1730
36 38 889
36 39 48
36 40 1778
36 41 937
36 42 96
36 43 1826
36 44 985
36 45 144
36 46 1874
36 47 1033
36 48 192
36 49 1922
36 50 1081
36 51 240
36 52 1970
36 53 1129
36 54 288
36 55 2018
36 56 1177
36 57 336
36 58 2066
36 59 1225
36 60 384
36 61 1946
37 0 312
37 1 1035
37 2 1131
37 3 1638
37 4 1785
37 5 1296
37 6 580
37 7 555
37 8 241
37 9 1577
37 10 653
37 11 945
37 12 892
37 13 316
37 14 385
37 15 1316
37 16 1400
37 17 388
37 18 1308
37 19 1728
37 20 1230
37 21 1204
37 22 1255
37 23 1681
37 24 737
37 25 192
37 26 1033
37 27 1874
37 28 144
37 29 985
37 30 1826
37 31 96
37 32 937
37 33 1778
37 34 48
37 35 889
37 36 1730
37 37 0
37 38 841
37 39 1682
37 40 48
37 41 889
37 42 1730
37 43 96
37 44 937
37 45 1778
37 46 144
37 47 985
37 48 1826
37 49 192
37 50 1033
37 51 1874
37 52 240
37 53 1081
37 54 1922
37 55 288
37 56 1129
37 57 1970
37 58 336
37 59 1177
37 60 2018
37 61 312
38 0 1153
38 1 194
38 2 290
38 3 797
38 4 944
38 5 455
38 6 645
38 7 958
38 8 696
38 9 736
38 10 380
38 11 568
38 12 333
38 13 1005
38 14 840
38 15 475
38 16 559
38 17 453
38 18 467
38 19 887
38 20 389
38 21 363
38 22 414
38 23 840
38 24 776
38 25 1033
38 26 192
38 27 1033
38 28 985
38 29 144
38 30 985
38 31 937
38 32 96
38 33 937
38 34 889
38 35 48
38 36 889
38 37 841
38 38 0
38 39 841
38 40 889
38 41 48
38 42 889
38 43 937
38 44 96
38 45 937
38 46 985
38 47 144
38 48 985
38 49 1033
38 50 192
38 51 1033
38 52 1081
38 53 240
38 54 1081
38 55 1129
38 56 288
38 57 1129
38 58 1177
38 59 336
38 60 1177
38 61 1153
39 0 1994
39 1 935
39 2 1031
39 3 524
39 4 281
39 5 962
39 6 1486
39 7 1799
39 8 1537
39 9 489
39 10 1221
39 11 1409
39 12 1174
39 13 1846
39 14 1681
39 15 462
39 16 858
39 17 1294
39 18 662
39 19 146
39 20 740
39 21 766
39 22 427
39 23 385
39 24 1617
39 25 1874
39 26 1033
39 27 192
39 28 1826
39 29 985
39 30 144
39 31 1778
39 32 937
39 33 96
39 34 1730
39 35 889
39 36 48
39 37 1682
39 38 841
39 39 0
39 40 1730
39 41 889
39 42 48
39 43 1778
39 44 937
39 45 96
39 46 1826
39 47 985
39 48 144
39 49 1874
39 50 1033
39 51 192
39 52 1922
39 53 1081
39 54 240
39 55 1970
39 56 1129
39 57 288
39 58 2018
39 59 1177
39 60 336
39 61 1994
40 0 360
40 1 987
40 2 1083
40 3 1590
40 4 1833
40 5 1248
40 6 628
40 7 507
40 8 193
40 9 1529
40 10 701
40 11 897
40 12 844
40 13 268
40 14 433
40 15 1268
40 16 1352
40 17 436
40 18 1356
40 19 1680
40 20 1182
40 21 1252
40 22 1303
40 23 1729
40 24 689
40 25 240
40 26 1081
40 27 1922
40 28 192
40 29 1033
40 30 1874
40 31 144
40 32 985
40 33 1826
40 34 96
40 35 937
40 36 1778
40 37 48
40 38 889
40 39 1730
40 40 0
40 41 841
40 42 1682
40 43 48
40 44 889
40 45 1730
40 46 96
40 47 937
40 48 1778
40 49 144
40 50 985
40 51 1826
40 52 192
40 53 1033
40 54 1874
40 55 240
40 56 1081
40 57 1922
40 58 288
40 59 1129
40 60 1970
40 61 360
41 0 1201
41 1 146
41 2 242
41 3 749
41 4 992
41 5 407
41 6 693
41 7 910
41 8 648
41 9 688
41 10 428
41 11 520
41 12 285
41 13 957
41 14 888
41 15 427
41 16 511
41 17 501
41 18 515
41 19 839
41 20 341
41 21 411
41 22 462
41 23 888
41 24 728
41 25 1081
41 26 240
41 27 1081
41 28 1033
41 29 192
41 30 1033
41 31 985
41 32 144
41 33 985
41 34 937
41 35 96
41 36 937
41 37 889
41 38 48
41 39 889
41 40 841
41 41 0
41 42 841
41 43 889
41 44 48
41 45 889
41 46 937
41 47 96
41 48 937
41 49 985
41 50 144
41 51 985
41 52 1033
41 53 192
41 54 1033
41 55 1081
41 56 240
41 57 1081
41 58 1129
41 59 288
41 60 1129
41 61 1201
42 0 2042
42 1 887
42 2 983
42 3 476
42 4 329
42 5 914
42 6 1534
42 7 1751
42 8 1489
42 9 441
42 10 1269
42 11 1361
42 12 1126
42 13 1798
42 14 1729
42 15 414
42 16 810
42 17 1342
42 18 710
42 19 98
42 20 692
42 21 814
42 22 475
42 23 433
42 24 1569
42 25 1922
42 26 1081
42 27 240
42 28 1874
42 29 1033
42 30 192
42 31 1826
42 32 985
42 33 144
42 34 1778
42 35 937
42 36 96
42 37 1730
42 38 889
42 39 48
42 40 1682
42 41 841
42 42 0
42 43 1730
42 44 889
42 45 48
42 46 1778
42 47 937
42 48 96
42 49 1826
42 50 985
42 51 144
42 52 1874
42 53 1033
42 54 192
42 55 1922
42 56 1081
42 57 240
42 58 1970
42 59 1129
42 60 288
42 61 2042
43 0 408
43 1 939
43 2 1035
43 3 1542
43 4 1881
43 5 1200
43 6 676
43 7 459
43 8 241
43 9 1481
43 10 749
43 11 849
43 12 796
43 13 220
43 14 481
43 15 1316
43 16 1304
43 17 484
43 18 1404
43 19 1632
43 20 1134
43 21 1300
43 22 1351
43 23 1777
43 24 641
43 25 288
43 26 1129
43 27 1970
43 28 240
43 29 1081
43 30 1922
43 31 192
43 32 1033
43 33 1874
43 34 144
43 35 985
43 36 1826
43 37 96
43 38 937
43 39 1778
43 40 48
43 41 889
43 42 1730
43 43 0
43 44 841
43 45 1682
43 46 48
43 47 889
43 48 1730
43 49 96
43 50 937
43 51 1778
43 52 144
43 53 985
43 54 1826
43 55 192
43 56 1033
43 57 1874
43 58 240
43 59 1081
43 60 1922
43 61 408
44 0 1249
44 1 98
44 2 194
44 3 701
44 4 1040
44 5 359
44 6 741
44 7 862
44 8 696
44 9 640
44 10 476
44 11 472
44 12 237
44 13 909
44 14 936
44 15 475
44 16 463
44 17 549
44 18 563
44 19 791
44 20 293
44 21 459
44 22 510
44 23 936
44 24 680
44 25 1129
44 26 288
44 27 1129
44 28 1081
44 29 240
44 30 1081
44 31 1033
44 32 192
44 33 1033
44 34 985
44 35 144
44 36 985
44 37 937
44 38 96
44 39 937
44 40 889
44 41 48
44 42 889
44 43 841
44 44 0
44 45 841
44 46 889
44 47 48
44 48 889
44 49 937
44 50 96
44 51 937
44 52 985
44 53 144
44 54 985
44 55 1033
44 56 192
44 57 1033
44 58 1081
44 59 240
44 60 1081
44 61 1249
45 0 2090
45 1 839
45 2 935
45 3 428
45 4 377
45 5 866
45 6 1582
45 7 1703
45 8 1537
45 9 393
45 10 1317
45 11 1313
45 12 1078
45 13 1750
45 14 1777
45 15 462
45 16 762
45 17 1390
45 18 758
45 19 50
45 20 644
45 21 862
45 22 523
45 23 481
45 24 1521
45 25 1970
45 26 1129
45 27 288
45 28 1922
45 29 1081
45 30 240
45 31 1874
45 32 1033
45 33 192
45 34 1826
45 35 985
45 36 144
45 37 1778
45 38 937
45 39 96
45 40 1730
45 41 889
45 42 48
45 43 1682
45 44 841
45 45 0
45 46 1730
45 47 889
45 48 48
45 49 1778
45 50 937
45 51 96
45 52 1826
45 53 985
45 54 144
45 55 1874
45 56 1033
45 57 192
45 58 1922
45 59 1081
45 60 240
45 61 2090
46 0 456
46 1 891
46 2 987
46 3 1494
46 4 1929
46 5 1152
46 6 724
46 7 411
46 8 289
46 9 1433
46 10 797
46 11 801
46 12 748
46 13 172
46 14 529
46 15 1364
46 16 1256
46 17 532
46 18 1452
46 19 1680
46 20 1086
46 21 1348
46 22 1399
46 23 1825
46 24 593
46 25 336
46 26 1177
46 27 2018
46 28 288
46 29 1129
46 30 1970
46 31 240
46 32 1081
46 33 1922
46 34 192
46 35 1033
46 36 1874
46 37 144
46 38 985
46 39 1826
46 40 96
46 41 937
46 42 1778
46 43 48
46 44 889
46 45 1730
46 46 0
46 47 841
46 48 1682
46 49 48
46 50 889
46 51 1730
46 52 96
46 53 937
46 54 1778
46 55 144
46 56 985
46 57 1826
46 58 192
46 59 1033
46 60 1874
46 61 456
47 0 1297
47 1 50
47 2 146
47 3 653
47 4 1088
47 5 311
47 6 789
47 7 814
47 8 744
47 9 592
47 10 524
47 11 424
47 12 189
47 13 861
47 14 984
47 15 523
47 16 415
47 17 597
47 18 611
47 19 839
47 20 245
47 21 507
47 22 558
47 23 984
47 24 632
47 25 1177
47 26 336
47 27 1177
47 28 1129
47 29 288
47 30 1129
47 31 1081
47 32 240
47 33 1081
47 34 1033
47 35 192
47 36 1033
47 37 985
47 38 144
47 39 985
47 40 937
47 41 96
47 42 937
47 43 889
47 44 48
47 45 889
47 46 841
47 47 0
47 48 841
47 49 889
47 50 48
47 51 889
47 52 937
47 53 96
47 54 937
47 55 985
47 56 144
47 57 985
47 58 1033
47 59 192
47 60 1033
47 61 1297
48 0 2138
48 1 791
48 2 887
48 3 380
48 4 425
48 5 818
48 6 1630
48 7 1655
48 8 1585
48 9 345
48 10 1365
48 11 1265
48 12 1030
48 13 1702
48 14 1825
48 15 510
48 16 714
48 17 1438
48 18 806
48 19 98
48 20 596
48 21 910
48 22 571
48 23 529
48 24 1473
48 25 2018
48 26 1177
48 27 336
48 28 1970
48 29 1129
48 30 288
48 31 1922
48 32 1081
48 33 240
48 34 1874
48 35 1033
48 36 192
48 37 1826
48 38 985
48 39 144
48 40 1778
48 41 937
48 42 96
48 43 1730
48 44 889
48 45 48
48 46 1682
48 47 841
48 48 0
48 49 1730
48 50 889
48 51 48
48 52 1778
48 53 937
48 54 96
48 55 1826
48 56 985
48 57 144
48 58 1874
48 59 1033
48 60 192
48 61 2138
49 0 504
49 1 939
49 2 939
49 3 1446
49 4 1977
49 5 1104
49 6 772
49 7 363
49 8 337
49 9 1385
49 10 845
49 11 753
49 12 700
49 13 124
49 14 577
49 15 1412
49 16 1208
49 17 580
49 18 1500
49 19 1728
49 20 1134
49 21 1396
49 22 1447
49 23 1873
49 24 545
49 25 384
49 26 1225
49 27 2066
49 28 336
49 29 1177
49 30 2018
49 31 288
49 32 1129
49 33 1970
49 34 240
49 35 1081
49 36 1922
49 37 192
49 38 1033
49 39 1874
49 40 144
49 41 985
49 42 1826
49 43 96
49 44 937
49 45 1778
49 46 48
49 47 889
49 48 1730
49 49 0
49 50 841
49 51 1682
49 52 48
49 53 889
49 54 1730
49 55 96
49 56 937
49 57 1778
49 58 144
49 59 985
49 60 1826
49 61 504
50 0 1345
50 1 98
50 2 98
50 3 605
50 4 1136
50 5 263
50 6 837
50 7 766
50 8 792
50 9 544
50 10 572
50 11 376
50 12 141
50 13 813
50 14 1032
50 15 571
50 16 367
50 17 645
50 18 659
50 19 887
50 20 293
50 21 555
50 22 606
50 23 1032
50 24 584
50 25 1225
50 26 384
50 27 1225
50 28 1177
50 29 336
50 30 1177
50 31 1129
50 32 288
50 33 1129
50 34 1081
50 35 240
50 36 1081
50 37 1033
50 38 192
50 39 1033
50 40 985
50 41 144
50 42 985
50 43 937
50 44 96
50 45 937
50 46 889
50 47 48
50 48 889
50 49 841
50 50 0
50 51 841
50 52 889
50 53 48
50 54 889
50 55 937
50 56 96
50 57 937
50 58 985
50 59 144
50 60 985
50 61 1345
51 0 2186
51 1 839
51 2 839
51 3 332
51 4 473
51 5 770
51 6 1678
51 7 1607
51 8 1633
51 9 297
51 10 1413
51 11 1217
51 12 982
51 13 1654
51 14 1873
51 15 558
51 16 666
51 17 1486
51 18 854
51 19 146
51 20 644
51 21 958
51 22 619
51 23 577
51 24 1425
51 25 2066
51 26 1225
51 27 384
51 28 2018
51 29 1177
51 30 336
51 31 1970
51 32 1129
51 33 288
51 34 1922
51 35 1081
51 36 240
51 37 1874
51 38 1033
51 39 192
51 40 1826
51 41 985
51 42 144
51 43 1778
51 44 937
51 45 96
51 46 1730
51 47 889
51 48 48
51 49 1682
51 50 841
51 51 0
51 52 1730
51 53 889
51 54 48
51 55 1778
51 56 937
51 57 96
51 58 1826
51 59 985
51 60 144
51 61 2186
52 0 552
52 1 987
52 2 891
52 3 1398
52 4 2025
52 5 1056
52 6 820
52 7 315
52 8 385
52 9 1433
52 10 893
52 11 705
52 12 748
52 13 76
52 14 625
52 15 1460
52 16 1160
52 17 628
52 18 1548
52 19 1776
52 20 1182
52 21 1444
52 22 1495
52 23 1921
52 24 497
52 25 432
52 26 1273
52 27 2114
52 28 384
52 29 1225
52 30 2066
52 31 336
52 32 1177
52 33 2018
52 34 288
52 35 1129
52 36 1970
52 37 240
52 38 1081
52 39 1922
52 40 192
52 41 1033
52 42 1874
52 43 144
52 44 985
52 45 1826
52 46 96
52 47 937
52 48 1778
52 49 48
52 50 889
52 51 1730
52 52 0
52 53 841
52 54 1682
52 55 48
52 56 889
52 57 1730
52 58 96
52 59 937
52 60 1778
52 61 552
53 0 1393
53 1 146
53 2 50
53 3 557
53 4 1184
53 5 215
53 6 885
53 7 718
53 8 840
53 9 592
53 10 620
53 11 328
53 12 189
53 13 765
53 14 1080
53 15 619
53 16 319
53 17 693
53 18 707
53 19 935
53 20 341
53 21 603
53 22 654
53 23 1080
53 24 536
53 25 1273
53 26 432
53 27 1273
53 28 1225
53 29 384
53 30 1225
53 31 1177
53 32 336
53 33 1177
53 34 1129
53 35 288
53 36 1129
53 37 1081
53 38 240
53 39 1081
53 40 1033
53 41 192
53 42 1033
53 43 985
53 44 144
53 45 985
53 46 937
53 47 96
53 48 937
53 49 889
53 50 48
53 51 889
53 52 841
53 53 0
53 54 841
53 55 889
53 56 48
53 57 889
53 58 937
53 59 96
53 60 937
53 61 1393
54 0 2234
54 1 887
54 2 791
54 3 284
54 4 521
54 5 722
54 6 1726
54 7 1559
54 8 1681
54 9 345
54 10 1461
54 11 1169
54 12 1030
54 13 1606
54 14 1921
54 15 606
54 16 618
54 17 1534
54 18 902
54 19 194
54 20 692
54 21 1006
54 22 667
54 23 625
54 24 1377
54 25 2114
54 26 1273
54 27 432
54 28 2066
54 29 1225
54 30 384
54 31 2018
54 32 1177
54 33 336
54 34 1970
54 35 1129
54 36 288
54 37 1922
54 38 1081
54 39 240
54 40 1874
54 41 1033
54 42 192
54 43 1826
54 44 985
54 45 144
54 46 1778
54 47 937
54 48 96
54 49 1730
54 50 889
54 51 48
54 52 1682
54 53 841
54 54 0
54 55 1730
54 56 889
54 57 48
54 58 1778
54 59 937
54 60 96
54 61 2234
55 0 600
55 1 1035
55 2 939
55 3 1446
55 4 2073
55 5 1008
55 6 868
55 7 267
55 8 433
55 9 1481
55 10 941
55 11 657
55 12 796
55 13 124
55 14 673
55 15 1508
55 16 1112
55 17 676
55 18 1596
55 19 1824
55 20 1230
55 21 1492
55 22 1543
55 23 1969
55 24 449
55 25 480
55 26 1321
55 27 2162
55 28 432
55 29 1273
55 30 2114
55 31 384
55 32 1225
55 33 2066
55 34 336
55 35 1177
55 36 2018
55 37 288
55 38 1129
55 39 1970
55 40 240
55 41 1081
55 42 1922
55 43 192
55 44 1033
55 45 1874
55 46 144
55 47 985
55 48 1826
55 49 96
55 50 937
55 51 1778
55 52 48
55 53 889
55 54 1730
55 55 0
55 56 841
55 57 1682
55 58 48
55 59 889
55 60 1730
55 61 600
56 0 1441
56 1 194
56 2 98
56 3 605
56 4 1232
56 5 167
56 6 933
56 7 670
56 8 888
56 9 640
56 10 668
56 11 280
56 12 237
56 13 813
56 14 1128
56 15 667
56 16 271
56 17 741
56 18 755
56 19 983
56 20 389
56 21 651
56 22 702
56 23 1128
56 24 488
56 25 1321
56 26 480
56 27 1321
56 28 1273
56 29 432
56 30 1273
56 31 1225
56 32 384
56 33 1225
56 34 1177
56 35 336
56 36 1177
56 37 1129
56 38 288
56 39 1129
56 40 1081
56 41 240
56 42 1081
56 43 1033
56 44 192
56 45 1033
56 46 985
56 47 144
56 48 985
56 49 937
56 50 96
56 51 937
56 52 889
56 53 48
56 54 889
56 55 841
56 56 0
56 57 841
56 58 889
56 59 48
56 60 889
56 61 1441
57 0 2282
57 1 935
57 2 839
57 3 332
57 4 569
57 5 674
57 6 1774
57 7 1511
57 8 1729
57 9 393
57 10 1509
57 11 1121
57 12 1078
57 13 1654
57 14 1969
57 15 654
57 16 570
57 17 1582
57 18 950
57 19 242
57 20 740
57 21 1054
57 22 715
57 23 673
57 24 1329
57 25 2162
57 26 1321
57 27 480
57 28 2114
57 29 1273
57 30 432
57 31 2066
57 32 1225
57 33 384
57 34 2018
57 35 1177
57 36 336
57 37 1970
57 38 1129
57 39 288
57 40 1922
57 41 1081
57 42 240
57 43 1874
57 44 1033
57 45 192
57 46 1826
57 47 985
57 48 144
57 49 1778
57 50 937
57 51 96
57 52 1730
57 53 889
57 54 48
57 55 1682
57 56 841
57 57 0
57 58 1730
57 59 889
57 60 48
57 61 2282
58 0 648
58 1 1083
58 2 987
58 3 1494
58 4 2121
58 5 1056
58 6 916
58 7 219
58 8 481
58 9 1529
58 10 989
58 11 609
58 12 844
58 13 172
58 14 721
58 15 1556
58 16 1160
58 17 724
58 18 1644
58 19 1872
58 20 1278
58 21 1540
58 22 1591
58 23 2017
58 24 401
58 25 528
58 26 1369
58 27 2210
58 28 480
58 29 1321
58 30 2162
58 31 432
58 32 1273
58 33 2114
58 34 384
58 35 1225
58 36 2066
58 37 336
58 38 1177
58 39 2018
58 40 288
58 41 1129
58 42 1970
58 43 240
58 44 1081
58 45 1922
58 46 192
58 47 1033
58 48 1874
58 49 144
58 50 985
58 51 1826
58 52 96
58 53 937
58 54 1778
58 55 48
58 56 889
58 57 1730
58 58 0
58 59 841
58 60 1682
58 61 648
59 0 1489
59 1 242
59 2 146
59 3 653
59 4 1280
59 5 215
59 6 981
59 7 622
59 8 936
59 9 688
59 10 716
59 11 232
59 12 285
59 13 861
59 14 1176
59 15 715
59 16 319
59 17 789
59 18 803
59 19 1031
59 20 437
59 21 699
59 22 750
59 23 1176
59 24 440
59 25 1369
59 26 528
59 27 1369
59 28 1321
59 29 480
59 30 1321
59 31 1273
59 32 432
59 33 1273
59 34 1225
59 35 384
59 36 1225
59 37 1177
59 38 336
59 39 1177
59 40 1129
59 41 288
59 42 1129
59 43 1081
59 44 240
59 45 1081
59 46 1033
59 47 192
59 48 1033
59 49 985
59 50 144
59 51 985
59 52 937
59 53 96
59 54 937
59 55 889
59 56 48
59 57 889
59 58 841
59 59 0
59 60 841
59 61 1489
60 0 2330
60 1 983
60 2 887
60 3 380
60 4 617
60 5 722
60 6 1822
60 7 1463
60 8 1777
60 9 441
60 10 1557
60 11 1073
60 12 1126
60 13 1702
60 14 2017
60 15 702
60 16 618
60 17 1630
60 18 998
60 19 290
60 20 788
60 21 1102
60 22 763
60 23 721
60 24 1281
60 25 2210
60 26 1369
60 27 528
60 28 2162
60 29 1321
60 30 480
60 31 2114
60 32 1273
