//alpha
1
//NbLocations
95
//NbProducts
40
//NbPickers
2
//CapaPicker
8
//TimeToTravelOneDistanceUnit
3
//SetupTime
5400
//PickTime
300
//Products
//Idx Location Size
1 1 1
2 2 1
3 3 1
4 4 1
5 5 1
6 6 1
7 7 1
8 8 1
9 9 1
10 10 1
11 11 1
12 12 1
13 13 1
14 14 1
15 15 1
16 16 1
17 17 1
18 18 1
19 19 1
20 20 1
21 21 1
22 22 1
23 23 1
24 24 1
25 25 1
26 26 1
27 27 1
28 28 1
29 29 1
30 30 1
31 31 1
32 32 1
33 33 1
34 34 1
35 35 1
36 36 1
37 37 1
38 38 1
39 39 1
40 40 1
//Orders
//NbOrders
12
//Idx DueDate TardinessPenalty NbProdInOrder ProdIdx1 Qty1 ProdIdx2 Qty2 ...
1 126000 0 1 1 1
2 36000 0 1 2 1
3 72000 0 1 3 1
4 54000 0 8 4 1 5 1 6 1 7 1 8 1 9 1 10 1 11 1
5 72000 0 4 12 1 13 1 14 1 15 1
6 126000 0 8 16 1 17 1 18 1 19 1 20 1 21 1 22 1 23 1
7 144000 0 5 24 1 25 1 26 1 27 1 28 1
8 108000 0 1 29 1
9 36000 0 2 30 1 31 1
10 36000 0 3 32 1 33 1 34 1
11 72000 0 4 35 1 36 1 37 1 38 1
12 144000 0 2 39 1 40 1
//Graph (Products are vertices indexed from 1 to NbProducts)
//NbVerticesIntersections
54
//DepartingDepot
0
//ArrivalDepot
95
//Arcs
//Start End Distance
0 41 120
1 9 832
1 38 104
2 11 130
2 18 65
3 29 481
3 93 37
4 53 128
4 54 1103
5 75 128
5 76 1103
6 13 78
6 72 102
7 17 65
7 36 572
8 60 180
8 61 1051
9 1 832
9 66 258
10 16 39
10 47 50
11 2 130
11 78 271
12 51 518
12 52 713
13 6 78
13 31 1014
14 16 572
14 48 570
15 84 583
15 85 648
16 10 39
16 14 572
17 7 65
17 41 362
18 2 65
18 19 312
19 18 312
19 77 453
20 57 1142
20 58 89
21 54 1090
21 55 141
22 89 895
22 90 336
23 29 195
23 30 364
24 37 208
24 78 232
25 50 804
25 51 427
26 35 663
26 91 167
27 42 1168
27 43 63
28 63 154
28 64 1077
29 3 481
29 23 195
30 23 364
30 92 154
31 13 1014
31 71 37
32 59 50
32 60 1181
33 87 1038
33 88 193
34 93 1155
34 94 76
35 26 663
35 90 401
36 7 572
36 42 232
37 24 208
37 79 791
38 1 104
38 67 37
39 62 1155
39 63 76
40 74 388
40 75 843
41 17 362
41 44 48
41 95 120
42 27 1168
42 36 232
42 45 48
43 27 63
43 46 48
44 41 48
44 45 1231
44 47 48
45 42 48
45 44 1231
45 46 1231
45 48 48
46 43 48
46 45 1231
46 49 48
47 10 50
47 44 48
47 50 48
48 14 570
48 45 48
48 49 1231
48 51 48
49 46 48
49 48 1231
49 52 48
50 25 804
50 47 48
50 53 48
51 12 518
51 25 427
51 48 48
51 54 48
52 12 713
52 49 48
52 55 48
53 4 128
53 50 48
53 56 48
54 4 1103
54 21 1090
54 51 48
54 57 48
55 21 141
55 52 48
55 58 48
56 53 48
56 57 1231
56 59 48
57 20 1142
57 54 48
57 56 1231
57 60 48
58 20 89
58 55 48
58 61 48
59 32 50
59 56 48
59 62 48
60 8 180
60 32 1181
60 57 48
60 63 48
61 8 1051
61 58 48
61 64 48
62 39 1155
62 59 48
62 65 48
63 28 154
63 39 76
63 60 48
63 66 48
64 28 1077
64 61 48
64 67 48
65 62 48
65 66 1231
65 68 48
66 9 258
66 63 48
66 65 1231
66 69 48
67 38 37
67 64 48
67 70 48
68 65 48
68 69 1231
68 71 48
69 66 48
69 68 1231
69 70 1231
69 72 48
70 67 48
70 69 1231
70 73 48
71 31 37
71 68 48
71 74 48
72 6 102
72 69 48
72 73 1231
72 75 48
73 70 48
73 72 1231
73 76 48
74 40 388
74 71 48
74 77 48
75 5 128
75 40 843
75 72 48
75 78 48
76 5 1103
76 73 48
76 79 48
77 19 453
77 74 48
77 80 48
78 11 271
78 24 232
78 75 48
78 81 48
79 37 791
79 76 48
79 82 48
80 77 48
80 81 1231
80 83 48
81 78 48
81 80 1231
81 82 1231
81 84 48
82 79 48
82 81 1231
82 85 48
83 80 48
83 84 1231
83 86 48
84 15 583
84 81 48
84 83 1231
84 87 48
85 15 648
85 82 48
85 88 48
86 83 48
86 87 1231
86 89 48
87 33 1038
87 84 48
87 86 1231
87 90 48
88 33 193
88 85 48
88 91 48
89 22 895
89 86 48
89 92 48
90 22 336
90 35 401
90 87 48
90 93 48
91 26 167
91 88 48
91 94 48
92 30 154
92 89 48
93 3 37
93 34 1155
93 90 48
94 34 76
94 91 48
//LocStart LocEnd ShortestPath
0 0 0
0 1 2825
0 2 1526
0 3 2130
0 4 440
0 5 2007
0 6 1729
0 7 547
0 8 1819
0 9 1993
0 10 266
0 11 1656
0 12 2013
0 13 1651
0 14 877
0 15 2606
0 16 305
0 17 482
0 18 1461
0 19 1149
0 20 2733
0 21 2633
0 22 1783
0 23 1454
0 24 2159
0 25 1068
0 26 3183
0 27 2519
0 28 1841
0 29 1649
0 30 1090
0 31 637
0 32 458
0 33 3109
0 34 3322
0 35 2520
0 36 1119
0 37 2367
0 38 2929
0 39 1611
0 40 1036
0 41 120
0 42 1351
0 43 2582
0 44 168
0 45 1399
0 46 2630
0 47 216
0 48 1447
0 49 2678
0 50 264
0 51 1495
0 52 2726
0 53 312
0 54 1543
0 55 2774
0 56 360
0 57 1591
0 58 2822
0 59 408
0 60 1639
0 61 2870
0 62 456
0 63 1687
0 64 2918
0 65 504
0 66 1735
0 67 2966
0 68 552
0 69 1783
0 70 3014
0 71 600
0 72 1831
0 73 3062
0 74 648
0 75 1879
0 76 3110
0 77 696
0 78 1927
0 79 3158
0 80 744
0 81 1975
0 82 3206
0 83 792
0 84 2023
0 85 3254
0 86 840
0 87 2071
0 88 3302
0 89 888
0 90 2119
0 91 3350
0 92 936
0 93 2167
0 94 3398
0 95 0
1 0 2825
1 1 0
1 2 1683
1 3 1559
1 4 2385
1 5 1362
1 6 1288
1 7 2278
1 8 1288
1 9 832
1 10 2559
1 11 1553
1 12 1094
1 13 1366
1 14 1948
1 15 1077
1 16 2520
1 17 2343
1 18 1748
1 19 2060
1 20 374
1 21 474
1 22 1810
1 23 2235
1 24 1332
1 25 1757
1 26 692
1 27 588
1 28 1266
1 29 2040
1 30 2599
1 31 2380
1 32 2367
1 33 670
1 34 649
1 35 1355
1 36 1706
1 37 1124
1 38 104
1 39 1214
1 40 2077
1 41 2705
1 42 1474
1 43 525
1 44 2657
1 45 1426
1 46 477
1 47 2609
1 48 1378
1 49 429
1 50 2561
1 51 1330
1 52 381
1 53 2513
1 54 1282
1 55 333
1 56 2465
1 57 1234
1 58 285
1 59 2417
1 60 1186
1 61 237
1 62 2369
1 63 1138
1 64 189
1 65 2321
1 66 1090
1 67 141
1 68 2369
1 69 1138
1 70 189
1 71 2417
1 72 1186
1 73 237
1 74 2465
1 75 1234
1 76 285
1 77 2513
1 78 1282
1 79 333
1 80 2561
1 81 1330
1 82 381
1 83 2609
1 84 1378
1 85 429
1 86 2657
1 87 1426
1 88 477
1 89 2705
1 90 1474
1 91 525
1 92 2753
1 93 1522
1 94 573
1 95 2825
2 0 1526
2 1 1683
2 2 0
2 3 678
2 4 1342
2 5 577
2 6 599
2 7 1781
2 8 869
2 9 851
2 10 1360
2 11 130
2 12 1351
2 13 677
2 14 1451
2 15 1080
2 16 1399
2 17 1768
2 18 65
2 19 377
2 20 1879
2 21 1875
2 22 929
2 23 1354
2 24 633
2 25 1260
2 26 1657
2 27 2145
2 28 795
2 29 1159
2 30 1224
2 31 963
2 32 1168
2 33 1583
2 34 1796
2 35 994
2 36 1209
2 37 841
2 38 1787
2 39 717
2 40 1266
2 41 1406
2 42 977
2 43 2208
2 44 1358
2 45 929
2 46 2160
2 47 1310
2 48 881
2 49 2112
2 50 1262
2 51 833
2 52 2064
2 53 1214
2 54 785
2 55 2016
2 56 1166
2 57 737
2 58 1968
2 59 1118
2 60 689
2 61 1920
2 62 1070
2 63 641
2 64 1872
2 65 1022
2 66 593
2 67 1824
2 68 974
2 69 545
2 70 1776
2 71 926
2 72 497
2 73 1728
2 74 878
2 75 449
2 76 1680
2 77 830
2 78 401
2 79 1632
2 80 878
2 81 449
2 82 1680
2 83 926
2 84 497
2 85 1728
2 86 974
2 87 545
2 88 1776
2 89 1022
2 90 593
2 91 1824
2 92 1070
2 93 641
2 94 1872
2 95 1526
3 0 2130
3 1 1559
3 2 678
3 3 0
3 4 1764
3 5 453
3 6 475
3 7 1657
3 8 745
3 9 727
3 10 1938
3 11 548
3 12 1227
3 13 553
3 14 1327
3 15 764
3 16 1899
3 17 1722
3 18 743
3 19 1055
3 20 1755
3 21 1751
3 22 421
3 23 676
3 24 509
3 25 1136
3 26 1149
3 27 2021
3 28 671
3 29 481
3 30 1040
3 31 1567
3 32 1746
3 33 1171
3 34 1192
3 35 486
3 36 1085
3 37 717
3 38 1663
3 39 593
3 40 1168
3 41 2010
3 42 853
3 43 2084
3 44 1962
3 45 805
3 46 2036
3 47 1914
3 48 757
3 49 1988
3 50 1866
3 51 709
3 52 1940
3 53 1818
3 54 661
3 55 1892
3 56 1770
3 57 613
3 58 1844
3 59 1722
3 60 565
3 61 1796
3 62 1674
3 63 517
3 64 1748
3 65 1626
3 66 469
3 67 1700
3 68 1578
3 69 421
3 70 1652
3 71 1530
3 72 373
3 73 1604
3 74 1482
3 75 325
3 76 1556
3 77 1434
3 78 277
3 79 1508
3 80 1386
3 81 229
3 82 1460
3 83 1338
3 84 181
3 85 1412
3 86 1290
3 87 133
3 88 1364
3 89 1242
3 90 85
3 91 1316
3 92 1194
3 93 37
3 94 1268
3 95 2130
4 0 440
4 1 2385
4 2 1342
4 3 1764
4 4 0
4 5 1567
4 6 1493
4 7 747
4 8 1379
4 9 1553
4 10 274
4 11 1472
4 12 1669
4 13 1467
4 14 885
4 15 2166
4 16 313
4 17 682
4 18 1277
4 19 965
4 20 2293
4 21 2193
4 22 1599
4 23 1270
4 24 1719
4 25 980
4 26 2743
4 27 2463
4 28 1401
4 29 1465
4 30 906
4 31 453
4 32 274
4 33 2669
4 34 2882
4 35 2080
4 36 1319
4 37 1927
4 38 2489
4 39 1323
4 40 852
4 41 320
4 42 1295
4 43 2526
4 44 272
4 45 1247
4 46 2478
4 47 224
4 48 1199
4 49 2430
4 50 176
4 51 1151
4 52 2382
4 53 128
4 54 1103
4 55 2334
4 56 176
4 57 1151
4 58 2382
4 59 224
4 60 1199
4 61 2430
4 62 272
4 63 1247
4 64 2478
4 65 320
4 66 1295
4 67 2526
4 68 368
4 69 1343
4 70 2574
4 71 416
4 72 1391
4 73 2622
4 74 464
4 75 1439
4 76 2670
4 77 512
4 78 1487
4 79 2718
4 80 560
4 81 1535
4 82 2766
4 83 608
4 84 1583
4 85 2814
4 86 656
4 87 1631
4 88 2862
4 89 704
4 90 1679
4 91 2910
4 92 752
4 93 1727
4 94 2958
4 95 440
5 0 2007
5 1 1362
5 2 577
5 3 453
5 4 1567
5 5 0
5 6 278
5 7 1460
5 8 548
5 9 530
5 10 1741
5 11 447
5 12 1030
5 13 356
5 14 1130
5 15 855
5 16 1702
5 17 1525
5 18 642
5 19 954
5 20 1480
5 21 1554
5 22 704
5 23 1129
5 24 408
5 25 939
5 26 1432
5 27 1694
5 28 474
5 29 934
5 30 1493
5 31 1370
5 32 1549
5 33 1358
5 34 1467
5 35 769
5 36 888
5 37 616
5 38 1284
5 39 396
5 40 971
5 41 1887
5 42 656
5 43 1631
5 44 1839
5 45 608
5 46 1583
5 47 1791
5 48 560
5 49 1535
5 50 1743
5 51 512
5 52 1487
5 53 1695
5 54 464
5 55 1439
5 56 1647
5 57 416
5 58 1391
5 59 1599
5 60 368
5 61 1343
5 62 1551
5 63 320
5 64 1295
5 65 1503
5 66 272
5 67 1247
5 68 1455
5 69 224
5 70 1199
5 71 1407
5 72 176
5 73 1151
5 74 1359
5 75 128
5 76 1103
5 77 1407
5 78 176
5 79 1151
5 80 1455
5 81 224
5 82 1199
5 83 1503
5 84 272
5 85 1247
5 86 1551
5 87 320
5 88 1295
5 89 1599
5 90 368
5 91 1343
5 92 1647
5 93 416
5 94 1391
5 95 2007
6 0 1729
6 1 1288
6 2 599
6 3 475
6 4 1493
6 5 278
6 6 0
6 7 1386
6 8 474
6 9 456
6 10 1563
6 11 469
6 12 956
6 13 78
6 14 1056
6 15 877
6 16 1602
6 17 1451
6 18 664
6 19 976
6 20 1484
6 21 1480
6 22 726
6 23 1151
6 24 430
6 25 865
6 26 1454
6 27 1750
6 28 400
6 29 956
6 30 1515
6 31 1092
6 32 1371
6 33 1380
6 34 1593
6 35 791
6 36 814
6 37 638
6 38 1392
6 39 322
6 40 993
6 41 1609
6 42 582
6 43 1813
6 44 1561
6 45 534
6 46 1765
6 47 1513
6 48 486
6 49 1717
6 50 1465
6 51 438
6 52 1669
6 53 1417
6 54 390
6 55 1621
6 56 1369
6 57 342
6 58 1573
6 59 1321
6 60 294
6 61 1525
6 62 1273
6 63 246
6 64 1477
6 65 1225
6 66 198
6 67 1429
6 68 1177
6 69 150
6 70 1381
6 71 1129
6 72 102
6 73 1333
6 74 1177
6 75 150
6 76 1381
6 77 1225
6 78 198
6 79 1429
6 80 1273
6 81 246
6 82 1477
6 83 1321
6 84 294
6 85 1525
6 86 1369
6 87 342
6 88 1573
6 89 1417
6 90 390
6 91 1621
6 92 1465
6 93 438
6 94 1669
6 95 1729
7 0 547
7 1 2278
7 2 1781
7 3 1657
7 4 747
7 5 1460
7 6 1386
7 7 0
7 8 1272
7 9 1446
7 10 573
7 11 1651
7 12 1466
7 13 1464
7 14 1184
7 15 2059
7 16 612
7 17 65
7 18 1768
7 19 1456
7 20 2186
7 21 2086
7 22 1908
7 23 1761
7 24 1612
7 25 1375
7 26 2636
7 27 1972
7 28 1294
7 29 1956
7 30 1397
7 31 944
7 32 765
7 33 2562
7 34 2775
7 35 1973
7 36 572
7 37 1820
7 38 2382
7 39 1216
7 40 1343
7 41 427
7 42 804
7 43 2035
7 44 475
7 45 852
7 46 2083
7 47 523
7 48 900
7 49 2131
7 50 571
7 51 948
7 52 2179
7 53 619
7 54 996
7 55 2227
7 56 667
7 57 1044
7 58 2275
7 59 715
7 60 1092
7 61 2323
7 62 763
7 63 1140
7 64 2371
7 65 811
7 66 1188
7 67 2419
7 68 859
7 69 1236
7 70 2467
7 71 907
7 72 1284
7 73 2515
7 74 955
7 75 1332
7 76 2563
7 77 1003
7 78 1380
7 79 2611
7 80 1051
7 81 1428
7 82 2659
7 83 1099
7 84 1476
7 85 2707
7 86 1147
7 87 1524
7 88 2755
7 89 1195
7 90 1572
7 91 2803
7 92 1243
7 93 1620
7 94 2851
7 95 547
8 0 1819
8 1 1288
8 2 869
8 3 745
8 4 1379
8 5 548
8 6 474
8 7 1272
8 8 0
8 9 534
8 10 1553
8 11 739
8 12 842
8 13 552
8 14 942
8 15 1147
8 16 1514
8 17 1337
8 18 934
8 19 1246
8 20 1188
8 21 1288
8 22 996
8 23 1421
8 24 700
8 25 751
8 26 1698
8 27 1402
8 28 382
8 29 1226
8 30 1785
8 31 1566
8 32 1361
8 33 1650
8 34 1655
8 35 1061
8 36 700
8 37 908
8 38 1184
8 39 304
8 40 1263
8 41 1699
8 42 468
8 43 1339
8 44 1651
8 45 420
8 46 1291
8 47 1603
8 48 372
8 49 1243
8 50 1555
8 51 324
8 52 1195
8 53 1507
8 54 276
8 55 1147
8 56 1459
8 57 228
8 58 1099
8 59 1411
8 60 180
8 61 1051
8 62 1459
8 63 228
8 64 1099
8 65 1507
8 66 276
8 67 1147
8 68 1555
8 69 324
8 70 1195
8 71 1603
8 72 372
8 73 1243
8 74 1651
8 75 420
8 76 1291
8 77 1699
8 78 468
8 79 1339
8 80 1747
8 81 516
8 82 1387
8 83 1795
8 84 564
8 85 1435
8 86 1843
8 87 612
8 88 1483
8 89 1891
8 90 660
8 91 1531
8 92 1939
8 93 708
8 94 1579
8 95 1819
9 0 1993
9 1 832
9 2 851
9 3 727
9 4 1553
9 5 530
9 6 456
9 7 1446
9 8 534
9 9 0
9 10 1727
9 11 721
9 12 1016
9 13 534
9 14 1116
9 15 1129
9 16 1688
9 17 1511
9 18 916
9 19 1228
9 20 1206
9 21 1306
9 22 978
9 23 1403
9 24 682
9 25 925
9 26 1524
9 27 1420
9 28 460
9 29 1208
9 30 1767
9 31 1548
9 32 1535
9 33 1502
9 34 1481
9 35 1043
9 36 874
9 37 890
9 38 936
9 39 382
9 40 1245
9 41 1873
9 42 642
9 43 1357
9 44 1825
9 45 594
9 46 1309
9 47 1777
9 48 546
9 49 1261
9 50 1729
9 51 498
9 52 1213
9 53 1681
9 54 450
9 55 1165
9 56 1633
9 57 402
9 58 1117
9 59 1585
9 60 354
9 61 1069
9 62 1537
9 63 306
9 64 1021
9 65 1489
9 66 258
9 67 973
9 68 1537
9 69 306
9 70 1021
9 71 1585
9 72 354
9 73 1069
9 74 1633
9 75 402
9 76 1117
9 77 1681
9 78 450
9 79 1165
9 80 1729
9 81 498
9 82 1213
9 83 1777
9 84 546
9 85 1261
9 86 1825
9 87 594
9 88 1309
9 89 1873
9 90 642
9 91 1357
9 92 1921
9 93 690
9 94 1405
9 95 1993
10 0 266
10 1 2559
10 2 1360
10 3 1938
10 4 274
10 5 1741
10 6 1563
10 7 573
10 8 1553
10 9 1727
10 10 0
10 11 1490
10 12 1747
10 13 1485
10 14 611
10 15 2340
10 16 39
10 17 508
10 18 1295
10 19 983
10 20 2467
10 21 2367
10 22 1617
10 23 1288
10 24 1893
10 25 902
10 26 2917
10 27 2445
10 28 1575
10 29 1483
10 30 924
10 31 471
10 32 292
10 33 2843
10 34 3056
10 35 2254
10 36 1145
10 37 2101
10 38 2663
10 39 1445
10 40 870
10 41 146
10 42 1277
10 43 2508
10 44 98
10 45 1229
10 46 2460
10 47 50
10 48 1181
10 49 2412
10 50 98
10 51 1229
10 52 2460
10 53 146
10 54 1277
10 55 2508
10 56 194
10 57 1325
10 58 2556
10 59 242
10 60 1373
10 61 2604
10 62 290
10 63 1421
10 64 2652
10 65 338
10 66 1469
10 67 2700
10 68 386
10 69 1517
10 70 2748
10 71 434
10 72 1565
10 73 2796
10 74 482
10 75 1613
10 76 2844
10 77 530
10 78 1661
10 79 2892
10 80 578
10 81 1709
10 82 2940
10 83 626
10 84 1757
10 85 2988
10 86 674
10 87 1805
10 88 3036
10 89 722
10 90 1853
10 91 3084
10 92 770
10 93 1901
10 94 3132
10 95 266
11 0 1656
11 1 1553
11 2 130
11 3 548
11 4 1472
11 5 447
11 6 469
11 7 1651
11 8 739
11 9 721
11 10 1490
11 11 0
11 12 1221
11 13 547
11 14 1321
11 15 950
11 16 1529
11 17 1716
11 18 195
11 19 507
11 20 1749
11 21 1745
11 22 799
11 23 1224
11 24 503
11 25 1130
11 26 1527
11 27 2015
11 28 665
11 29 1029
11 30 1354
11 31 1093
11 32 1298
11 33 1453
11 34 1666
11 35 864
11 36 1079
11 37 711
11 38 1657
11 39 587
11 40 1162
11 41 1536
11 42 847
11 43 2078
11 44 1488
11 45 799
11 46 2030
11 47 1440
11 48 751
11 49 1982
11 50 1392
11 51 703
11 52 1934
11 53 1344
11 54 655
11 55 1886
11 56 1296
11 57 607
11 58 1838
11 59 1248
11 60 559
11 61 1790
11 62 1200
11 63 511
11 64 1742
11 65 1152
11 66 463
11 67 1694
11 68 1104
11 69 415
11 70 1646
11 71 1056
11 72 367
11 73 1598
11 74 1008
11 75 319
11 76 1550
11 77 960
11 78 271
11 79 1502
11 80 1008
11 81 319
11 82 1550
11 83 1056
11 84 367
11 85 1598
11 86 1104
11 87 415
11 88 1646
11 89 1152
11 90 463
11 91 1694
11 92 1200
11 93 511
11 94 1742
11 95 1656
12 0 2013
12 1 1094
12 2 1351
12 3 1227
12 4 1669
12 5 1030
12 6 956
12 7 1466
12 8 842
12 9 1016
12 10 1747
12 11 1221
12 12 0
12 13 1034
12 14 1136
12 15 1629
12 16 1708
12 17 1531
12 18 1416
12 19 1728
12 20 898
12 21 902
12 22 1478
12 23 1903
12 24 1182
12 25 945
12 26 1504
12 27 920
12 28 864
12 29 1708
12 30 2267
12 31 2048
12 32 1843
12 33 1482
12 34 1461
12 35 1543
12 36 894
12 37 1390
12 38 990
12 39 786
12 40 1745
12 41 1893
12 42 662
12 43 857
12 44 1845
12 45 614
12 46 809
12 47 1797
12 48 566
12 49 761
12 50 1749
12 51 518
12 52 713
12 53 1797
12 54 566
12 55 761
12 56 1845
12 57 614
12 58 809
12 59 1893
12 60 662
12 61 857
12 62 1941
12 63 710
12 64 905
12 65 1989
12 66 758
12 67 953
12 68 2037
12 69 806
12 70 1001
12 71 2085
12 72 854
12 73 1049
12 74 2133
12 75 902
12 76 1097
12 77 2181
12 78 950
12 79 1145
12 80 2229
12 81 998
12 82 1193
12 83 2277
12 84 1046
12 85 1241
12 86 2325
12 87 1094
12 88 1289
12 89 2373
12 90 1142
12 91 1337
12 92 2421
12 93 1190
12 94 1385
12 95 2013
13 0 1651
13 1 1366
13 2 677
13 3 553
13 4 1467
13 5 356
13 6 78
13 7 1464
13 8 552
13 9 534
13 10 1485
13 11 547
13 12 1034
13 13 0
13 14 1134
13 15 955
13 16 1524
13 17 1529
13 18 742
13 19 1054
13 20 1562
13 21 1558
13 22 804
13 23 1229
13 24 508
13 25 943
13 26 1532
13 27 1828
13 28 478
13 29 1034
13 30 1541
13 31 1014
13 32 1293
13 33 1458
13 34 1671
13 35 869
13 36 892
13 37 716
13 38 1470
13 39 400
13 40 1071
13 41 1531
13 42 660
13 43 1891
13 44 1483
13 45 612
13 46 1843
13 47 1435
13 48 564
13 49 1795
13 50 1387
13 51 516
13 52 1747
13 53 1339
13 54 468
13 55 1699
13 56 1291
13 57 420
13 58 1651
13 59 1243
13 60 372
13 61 1603
13 62 1195
13 63 324
13 64 1555
13 65 1147
13 66 276
13 67 1507
13 68 1099
13 69 228
13 70 1459
13 71 1051
13 72 180
13 73 1411
13 74 1099
13 75 228
13 76 1459
13 77 1147
13 78 276
13 79 1507
13 80 1195
13 81 324
13 82 1555
13 83 1243
13 84 372
13 85 1603
13 86 1291
13 87 420
13 88 1651
13 89 1339
13 90 468
13 91 1699
13 92 1387
13 93 516
13 94 1747
13 95 1651
14 0 877
14 1 1948
14 2 1451
14 3 1327
14 4 885
14 5 1130
14 6 1056
14 7 1184
14 8 942
14 9 1116
14 10 611
14 11 1321
14 12 1136
14 13 1134
14 14 0
14 15 1729
14 16 572
14 17 1119
14 18 1516
14 19 1594
14 20 1856
14 21 1756
14 22 1578
14 23 1899
14 24 1282
14 25 1045
14 26 2306
14 27 1834
14 28 964
14 29 1808
14 30 1535
14 31 1082
14 32 903
14 33 2232
14 34 2445
14 35 1643
14 36 898
14 37 1490
14 38 2052
14 39 886
14 40 1481
14 41 757
14 42 666
14 43 1897
14 44 709
14 45 618
14 46 1849
14 47 661
14 48 570
14 49 1801
14 50 709
14 51 618
14 52 1849
14 53 757
14 54 666
14 55 1897
14 56 805
14 57 714
14 58 1945
14 59 853
14 60 762
14 61 1993
14 62 901
14 63 810
14 64 2041
14 65 949
14 66 858
14 67 2089
14 68 997
14 69 906
14 70 2137
14 71 1045
14 72 954
14 73 2185
14 74 1093
14 75 1002
14 76 2233
14 77 1141
14 78 1050
14 79 2281
14 80 1189
14 81 1098
14 82 2329
14 83 1237
14 84 1146
14 85 2377
14 86 1285
14 87 1194
14 88 2425
14 89 1333
14 90 1242
14 91 2473
14 92 1381
14 93 1290
14 94 2521
14 95 877
15 0 2606
15 1 1077
15 2 1080
15 3 764
15 4 2166
15 5 855
15 6 877
15 7 2059
15 8 1147
15 9 1129
15 10 2340
15 11 950
15 12 1629
15 13 955
15 14 1729
15 15 0
15 16 2301
15 17 2124
15 18 1145
15 19 1457
15 20 1169
15 21 1269
15 22 1015
15 23 1440
15 24 911
15 25 1538
15 26 911
15 27 1383
15 28 1073
15 29 1245
15 30 1804
15 31 1969
15 32 2148
15 33 889
15 34 868
15 35 1080
15 36 1487
15 37 1119
15 38 973
15 39 995
15 40 1570
15 41 2486
15 42 1255
15 43 1320
15 44 2438
15 45 1207
15 46 1272
15 47 2390
15 48 1159
15 49 1224
15 50 2342
15 51 1111
15 52 1176
15 53 2294
15 54 1063
15 55 1128
15 56 2246
15 57 1015
15 58 1080
15 59 2198
15 60 967
15 61 1032
15 62 2150
15 63 919
15 64 984
15 65 2102
15 66 871
15 67 936
15 68 2054
15 69 823
15 70 888
15 71 2006
15 72 775
15 73 840
15 74 1958
15 75 727
15 76 792
15 77 1910
15 78 679
15 79 744
15 80 1862
15 81 631
15 82 696
15 83 1814
15 84 583
15 85 648
15 86 1862
15 87 631
15 88 696
15 89 1910
15 90 679
15 91 744
15 92 1958
15 93 727
15 94 792
15 95 2606
16 0 305
16 1 2520
16 2 1399
16 3 1899
16 4 313
16 5 1702
16 6 1602
16 7 612
16 8 1514
16 9 1688
16 10 39
16 11 1529
16 12 1708
16 13 1524
16 14 572
16 15 2301
16 16 0
16 17 547
16 18 1334
16 19 1022
16 20 2428
16 21 2328
16 22 1656
16 23 1327
16 24 1854
16 25 941
16 26 2878
16 27 2406
16 28 1536
16 29 1522
16 30 963
16 31 510
16 32 331
16 33 2804
16 34 3017
16 35 2215
16 36 1184
16 37 2062
16 38 2624
16 39 1458
16 40 909
16 41 185
16 42 1238
16 43 2469
16 44 137
16 45 1190
16 46 2421
16 47 89
16 48 1142
16 49 2373
16 50 137
16 51 1190
16 52 2421
16 53 185
16 54 1238
16 55 2469
16 56 233
16 57 1286
16 58 2517
16 59 281
16 60 1334
16 61 2565
16 62 329
16 63 1382
16 64 2613
16 65 377
16 66 1430
16 67 2661
16 68 425
16 69 1478
16 70 2709
16 71 473
16 72 1526
16 73 2757
16 74 521
16 75 1574
16 76 2805
16 77 569
16 78 1622
16 79 2853
16 80 617
16 81 1670
16 82 2901
16 83 665
16 84 1718
16 85 2949
16 86 713
16 87 1766
16 88 2997
16 89 761
16 90 1814
16 91 3045
16 92 809
16 93 1862
16 94 3093
16 95 305
17 0 482
17 1 2343
17 2 1768
17 3 1722
17 4 682
17 5 1525
17 6 1451
17 7 65
17 8 1337
17 9 1511
17 10 508
17 11 1716
17 12 1531
17 13 1529
17 14 1119
17 15 2124
17 16 547
17 17 0
17 18 1703
17 19 1391
17 20 2251
17 21 2151
17 22 1973
17 23 1696
17 24 1677
17 25 1310
17 26 2701
17 27 2037
17 28 1359
17 29 1891
17 30 1332
17 31 879
17 32 700
17 33 2627
17 34 2840
17 35 2038
17 36 637
17 37 1885
17 38 2447
17 39 1281
17 40 1278
17 41 362
17 42 869
17 43 2100
17 44 410
17 45 917
17 46 2148
17 47 458
17 48 965
17 49 2196
17 50 506
17 51 1013
17 52 2244
17 53 554
17 54 1061
17 55 2292
17 56 602
17 57 1109
17 58 2340
17 59 650
17 60 1157
17 61 2388
17 62 698
17 63 1205
17 64 2436
17 65 746
17 66 1253
17 67 2484
17 68 794
17 69 1301
17 70 2532
17 71 842
17 72 1349
17 73 2580
17 74 890
17 75 1397
17 76 2628
17 77 938
17 78 1445
17 79 2676
17 80 986
17 81 1493
17 82 2724
17 83 1034
17 84 1541
17 85 2772
17 86 1082
17 87 1589
17 88 2820
17 89 1130
17 90 1637
17 91 2868
17 92 1178
17 93 1685
17 94 2916
17 95 482
18 0 1461
18 1 1748
18 2 65
18 3 743
18 4 1277
18 5 642
18 6 664
18 7 1768
18 8 934
18 9 916
18 10 1295
18 11 195
18 12 1416
18 13 742
18 14 1516
18 15 1145
18 16 1334
18 17 1703
18 18 0
18 19 312
18 20 1944
18 21 1940
18 22 994
18 23 1419
18 24 698
18 25 1325
18 26 1722
18 27 2210
18 28 860
18 29 1224
18 30 1159
18 31 898
18 32 1103
18 33 1648
18 34 1861
18 35 1059
18 36 1274
18 37 906
18 38 1852
18 39 782
18 40 1201
18 41 1341
18 42 1042
18 43 2273
18 44 1293
18 45 994
18 46 2225
18 47 1245
18 48 946
18 49 2177
18 50 1197
18 51 898
18 52 2129
18 53 1149
18 54 850
18 55 2081
18 56 1101
18 57 802
18 58 2033
18 59 1053
18 60 754
18 61 1985
18 62 1005
18 63 706
18 64 1937
18 65 957
18 66 658
18 67 1889
18 68 909
18 69 610
18 70 1841
18 71 861
18 72 562
18 73 1793
18 74 813
18 75 514
18 76 1745
18 77 765
18 78 466
18 79 1697
18 80 813
18 81 514
18 82 1745
18 83 861
18 84 562
18 85 1793
18 86 909
18 87 610
18 88 1841
18 89 957
18 90 658
18 91 1889
18 92 1005
18 93 706
18 94 1937
18 95 1461
19 0 1149
19 1 2060
19 2 377
19 3 1055
19 4 965
19 5 954
19 6 976
19 7 1456
19 8 1246
19 9 1228
19 10 983
19 11 507
19 12 1728
19 13 1054
19 14 1594
19 15 1457
19 16 1022
19 17 1391
19 18 312
19 19 0
19 20 2256
19 21 2252
19 22 1306
19 23 1211
19 24 1010
19 25 1637
19 26 2034
19 27 2522
19 28 1172
19 29 1406
19 30 847
19 31 586
19 32 791
19 33 1960
19 34 2173
19 35 1371
19 36 1586
19 37 1218
19 38 2164
19 39 1094
19 40 889
19 41 1029
19 42 1354
19 43 2585
19 44 981
19 45 1306
19 46 2537
19 47 933
19 48 1258
19 49 2489
19 50 885
19 51 1210
19 52 2441
19 53 837
19 54 1162
19 55 2393
19 56 789
19 57 1114
19 58 2345
19 59 741
19 60 1066
19 61 2297
19 62 693
19 63 1018
19 64 2249
19 65 645
19 66 970
19 67 2201
19 68 597
19 69 922
19 70 2153
19 71 549
19 72 874
19 73 2105
19 74 501
19 75 826
19 76 2057
19 77 453
19 78 778
19 79 2009
19 80 501
19 81 826
19 82 2057
19 83 549
19 84 874
19 85 2105
19 86 597
19 87 922
19 88 2153
19 89 645
19 90 970
19 91 2201
19 92 693
19 93 1018
19 94 2249
19 95 1149
20 0 2733
20 1 374
20 2 1879
20 3 1755
20 4 2293
20 5 1480
20 6 1484
20 7 2186
20 8 1188
20 9 1206
20 10 2467
20 11 1749
20 12 898
20 13 1562
20 14 1856
20 15 1169
20 16 2428
20 17 2251
20 18 1944
20 19 2256
20 20 0
20 21 278
20 22 2006
20 23 2431
20 24 1424
20 25 1665
20 26 784
20 27 392
20 28 1262
20 29 2236
20 30 2795
20 31 2576
20 32 2371
20 33 762
20 34 741
20 35 1447
20 36 1614
20 37 1216
20 38 270
20 39 1314
20 40 2273
20 41 2613
20 42 1382
20 43 329
20 44 2565
20 45 1334
20 46 281
20 47 2517
20 48 1286
20 49 233
20 50 2469
20 51 1238
20 52 185
20 53 2421
20 54 1190
20 55 137
20 56 2373
20 57 1142
20 58 89
20 59 2421
20 60 1190
20 61 137
20 62 2469
20 63 1238
20 64 185
20 65 2517
20 66 1286
20 67 233
20 68 2565
20 69 1334
20 70 281
20 71 2613
20 72 1382
20 73 329
20 74 2661
20 75 1430
20 76 377
20 77 2709
20 78 1478
20 79 425
20 80 2757
20 81 1526
20 82 473
20 83 2805
20 84 1574
20 85 521
20 86 2853
20 87 1622
20 88 569
20 89 2901
20 90 1670
20 91 617
20 92 2949
20 93 1718
20 94 665
20 95 2733
21 0 2633
21 1 474
21 2 1875
21 3 1751
21 4 2193
21 5 1554
21 6 1480
21 7 2086
21 8 1288
21 9 1306
21 10 2367
21 11 1745
21 12 902
21 13 1558
21 14 1756
21 15 1269
21 16 2328
21 17 2151
21 18 1940
21 19 2252
21 20 278
21 21 0
21 22 2002
21 23 2427
21 24 1524
21 25 1565
21 26 884
21 27 396
21 28 1362
21 29 2232
21 30 2791
21 31 2572
21 32 2367
21 33 862
21 34 841
21 35 1547
21 36 1514
21 37 1316
21 38 370
21 39 1310
21 40 2269
21 41 2513
21 42 1282
21 43 333
21 44 2465
21 45 1234
21 46 285
21 47 2417
21 48 1186
21 49 237
21 50 2369
21 51 1138
21 52 189
21 53 2321
21 54 1090
21 55 141
21 56 2369
21 57 1138
21 58 189
21 59 2417
21 60 1186
21 61 237
21 62 2465
21 63 1234
21 64 285
21 65 2513
21 66 1282
21 67 333
21 68 2561
21 69 1330
21 70 381
21 71 2609
21 72 1378
21 73 429
21 74 2657
21 75 1426
21 76 477
21 77 2705
21 78 1474
21 79 525
21 80 2753
21 81 1522
21 82 573
21 83 2801
21 84 1570
21 85 621
21 86 2849
21 87 1618
21 88 669
21 89 2897
21 90 1666
21 91 717
21 92 2945
21 93 1714
21 94 765
21 95 2633
22 0 1783
22 1 1810
22 2 929
22 3 421
22 4 1599
22 5 704
22 6 726
22 7 1908
22 8 996
22 9 978
22 10 1617
22 11 799
22 12 1478
22 13 804
22 14 1578
22 15 1015
22 16 1656
22 17 1973
22 18 994
22 19 1306
22 20 2006
22 21 2002
22 22 0
22 23 1097
22 24 760
22 25 1387
22 26 1400
22 27 2272
22 28 922
22 29 902
22 30 1097
22 31 1220
22 32 1425
22 33 1422
22 34 1539
22 35 737
22 36 1336
22 37 968
22 38 1914
22 39 844
22 40 1419
22 41 1663
22 42 1104
22 43 2335
22 44 1615
22 45 1056
22 46 2287
22 47 1567
22 48 1008
22 49 2239
22 50 1519
22 51 960
22 52 2191
22 53 1471
22 54 912
22 55 2143
22 56 1423
22 57 864
22 58 2095
22 59 1375
22 60 816
22 61 2047
22 62 1327
22 63 768
22 64 1999
22 65 1279
22 66 720
22 67 1951
22 68 1231
22 69 672
22 70 1903
22 71 1183
22 72 624
22 73 1855
22 74 1135
22 75 576
22 76 1807
22 77 1087
22 78 528
22 79 1759
22 80 1039
22 81 480
22 82 1711
22 83 991
22 84 432
22 85 1663
22 86 943
22 87 384
22 88 1615
22 89 895
22 90 336
22 91 1567
22 92 943
22 93 384
22 94 1615
22 95 1783
23 0 1454
23 1 2235
23 2 1354
23 3 676
23 4 1270
23 5 1129
23 6 1151
23 7 1761
23 8 1421
23 9 1403
23 10 1288
23 11 1224
23 12 1903
23 13 1229
23 14 1899
23 15 1440
23 16 1327
23 17 1696
23 18 1419
23 19 1211
23 20 2431
23 21 2427
23 22 1097
23 23 0
23 24 1185
23 25 1812
23 26 1825
23 27 2697
23 28 1347
23 29 195
23 30 364
23 31 891
23 32 1096
23 33 1847
23 34 1868
23 35 1162
23 36 1761
23 37 1393
23 38 2339
23 39 1269
23 40 1194
23 41 1334
23 42 1529
23 43 2760
23 44 1286
23 45 1481
23 46 2712
23 47 1238
23 48 1433
23 49 2664
23 50 1190
23 51 1385
23 52 2616
23 53 1142
23 54 1337
23 55 2568
23 56 1094
23 57 1289
23 58 2520
23 59 1046
23 60 1241
23 61 2472
23 62 998
23 63 1193
23 64 2424
23 65 950
23 66 1145
23 67 2376
23 68 902
23 69 1097
23 70 2328
23 71 854
23 72 1049
23 73 2280
23 74 806
23 75 1001
23 76 2232
23 77 758
23 78 953
23 79 2184
23 80 710
23 81 905
23 82 2136
23 83 662
23 84 857
23 85 2088
23 86 614
23 87 809
23 88 2040
23 89 566
23 90 761
23 91 1992
23 92 518
23 93 713
23 94 1944
23 95 1454
24 0 2159
24 1 1332
24 2 633
24 3 509
24 4 1719
24 5 408
24 6 430
24 7 1612
24 8 700
24 9 682
24 10 1893
24 11 503
24 12 1182
24 13 508
24 14 1282
24 15 911
24 16 1854
24 17 1677
24 18 698
24 19 1010
24 20 1424
24 21 1524
24 22 760
24 23 1185
24 24 0
24 25 1091
24 26 1358
24 27 1638
24 28 626
24 29 990
24 30 1549
24 31 1522
24 32 1701
24 33 1336
24 34 1315
24 35 825
24 36 1040
24 37 208
24 38 1228
24 39 548
24 40 1123
24 41 2039
24 42 808
24 43 1575
24 44 1991
24 45 760
24 46 1527
24 47 1943
24 48 712
24 49 1479
24 50 1895
24 51 664
24 52 1431
24 53 1847
24 54 616
24 55 1383
24 56 1799
24 57 568
24 58 1335
24 59 1751
24 60 520
24 61 1287
24 62 1703
24 63 472
24 64 1239
24 65 1655
24 66 424
24 67 1191
24 68 1607
24 69 376
24 70 1143
24 71 1559
24 72 328
24 73 1095
24 74 1511
24 75 280
24 76 1047
24 77 1463
24 78 232
24 79 999
24 80 1511
24 81 280
24 82 1047
24 83 1559
24 84 328
24 85 1095
24 86 1607
24 87 376
24 88 1143
24 89 1655
24 90 424
24 91 1191
24 92 1703
24 93 472
24 94 1239
24 95 2159
25 0 1068
25 1 1757
25 2 1260
25 3 1136
25 4 980
25 5 939
25 6 865
25 7 1375
25 8 751
25 9 925
25 10 902
25 11 1130
25 12 945
25 13 943
25 14 1045
25 15 1538
25 16 941
25 17 1310
25 18 1325
25 19 1637
25 20 1665
25 21 1565
25 22 1387
25 23 1812
25 24 1091
25 25 0
25 26 2115
25 27 1739
25 28 773
25 29 1617
25 30 1630
25 31 1177
25 32 998
25 33 2041
25 34 2254
25 35 1452
25 36 803
25 37 1299
25 38 1861
25 39 695
25 40 1576
25 41 948
25 42 571
25 43 1802
25 44 900
25 45 523
25 46 1754
25 47 852
25 48 475
25 49 1706
25 50 804
25 51 427
25 52 1658
25 53 852
25 54 475
25 55 1706
25 56 900
25 57 523
25 58 1754
25 59 948
25 60 571
25 61 1802
25 62 996
25 63 619
25 64 1850
25 65 1044
25 66 667
25 67 1898
25 68 1092
25 69 715
25 70 1946
25 71 1140
25 72 763
25 73 1994
25 74 1188
25 75 811
25 76 2042
25 77 1236
25 78 859
25 79 2090
25 80 1284
25 81 907
25 82 2138
25 83 1332
25 84 955
25 85 2186
25 86 1380
25 87 1003
25 88 2234
25 89 1428
25 90 1051
25 91 2282
25 92 1476
25 93 1099
25 94 2330
25 95 1068
26 0 3183
26 1 692
26 2 1657
26 3 1149
26 4 2743
26 5 1432
26 6 1454
26 7 2636
26 8 1698
26 9 1524
26 10 2917
26 11 1527
26 12 1504
26 13 1532
26 14 2306
26 15 911
26 16 2878
26 17 2701
26 18 1722
26 19 2034
26 20 784
26 21 884
26 22 1400
26 23 1825
26 24 1358
26 25 2115
26 26 0
26 27 998
26 28 1650
26 29 1630
26 30 2189
26 31 2546
26 32 2725
26 33 408
26 34 291
26 35 663
26 36 2064
26 37 1150
26 38 588
26 39 1572
26 40 2147
26 41 3063
26 42 1832
26 43 935
26 44 3015
26 45 1784
26 46 887
26 47 2967
26 48 1736
26 49 839
26 50 2919
26 51 1688
26 52 791
26 53 2871
26 54 1640
26 55 743
26 56 2823
26 57 1592
26 58 695
26 59 2775
26 60 1544
26 61 647
26 62 2727
26 63 1496
26 64 599
26 65 2679
26 66 1448
26 67 551
26 68 2631
26 69 1400
26 70 503
26 71 2583
26 72 1352
26 73 455
26 74 2535
26 75 1304
26 76 407
26 77 2487
26 78 1256
26 79 359
26 80 2439
26 81 1208
26 82 311
26 83 2391
26 84 1160
26 85 263
26 86 2343
26 87 1112
26 88 215
26 89 2295
26 90 1064
26 91 167
26 92 2343
26 93 1112
26 94 215
26 95 3183
27 0 2519
27 1 588
27 2 2145
27 3 2021
27 4 2463
27 5 1694
27 6 1750
27 7 1972
27 8 1402
27 9 1420
27 10 2445
27 11 2015
27 12 920
27 13 1828
27 14 1834
27 15 1383
27 16 2406
27 17 2037
27 18 2210
27 19 2522
27 20 392
27 21 396
27 22 2272
27 23 2697
27 24 1638
27 25 1739
27 26 998
27 27 0
27 28 1476
27 29 2502
27 30 3061
27 31 2842
27 32 2637
27 33 976
27 34 955
27 35 1661
27 36 1400
27 37 1430
27 38 484
27 39 1580
27 40 2539
27 41 2399
27 42 1168
27 43 63
27 44 2447
27 45 1216
27 46 111
27 47 2495
27 48 1264
27 49 159
27 50 2543
27 51 1312
27 52 207
27 53 2591
27 54 1360
27 55 255
27 56 2639
27 57 1408
27 58 303
27 59 2687
27 60 1456
27 61 351
27 62 2735
27 63 1504
27 64 399
27 65 2783
27 66 1552
27 67 447
27 68 2831
27 69 1600
27 70 495
27 71 2879
27 72 1648
27 73 543
27 74 2927
27 75 1696
27 76 591
27 77 2975
27 78 1744
27 79 639
27 80 3023
27 81 1792
27 82 687
27 83 3071
27 84 1840
27 85 735
27 86 3119
27 87 1888
27 88 783
27 89 3167
27 90 1936
27 91 831
27 92 3215
27 93 1984
27 94 879
27 95 2519
28 0 1841
28 1 1266
28 2 795
28 3 671
28 4 1401
28 5 474
28 6 400
28 7 1294
28 8 382
28 9 460
28 10 1575
28 11 665
28 12 864
28 13 478
28 14 964
28 15 1073
28 16 1536
28 17 1359
28 18 860
28 19 1172
28 20 1262
28 21 1362
28 22 922
28 23 1347
28 24 626
28 25 773
28 26 1650
28 27 1476
28 28 0
28 29 1152
28 30 1711
28 31 1492
28 32 1383
28 33 1576
28 34 1633
28 35 987
28 36 722
28 37 834
28 38 1162
28 39 230
28 40 1189
28 41 1721
28 42 490
28 43 1413
28 44 1673
28 45 442
28 46 1365
28 47 1625
28 48 394
28 49 1317
28 50 1577
28 51 346
28 52 1269
28 53 1529
28 54 298
28 55 1221
28 56 1481
28 57 250
28 58 1173
28 59 1433
28 60 202
28 61 1125
28 62 1385
28 63 154
28 64 1077
28 65 1433
28 66 202
28 67 1125
28 68 1481
28 69 250
28 70 1173
28 71 1529
28 72 298
28 73 1221
28 74 1577
28 75 346
28 76 1269
28 77 1625
28 78 394
28 79 1317
28 80 1673
28 81 442
28 82 1365
28 83 1721
28 84 490
28 85 1413
28 86 1769
28 87 538
28 88 1461
28 89 1817
28 90 586
28 91 1509
28 92 1865
28 93 634
28 94 1557
28 95 1841
29 0 1649
29 1 2040
29 2 1159
29 3 481
29 4 1465
29 5 934
29 6 956
29 7 1956
29 8 1226
29 9 1208
29 10 1483
29 11 1029
29 12 1708
29 13 1034
29 14 1808
29 15 1245
29 16 1522
29 17 1891
29 18 1224
29 19 1406
29 20 2236
29 21 2232
29 22 902
29 23 195
29 24 990
29 25 1617
29 26 1630
29 27 2502
29 28 1152
29 29 0
29 30 559
29 31 1086
29 32 1291
29 33 1652
29 34 1673
29 35 967
29 36 1566
29 37 1198
29 38 2144
29 39 1074
29 40 1389
29 41 1529
29 42 1334
29 43 2565
29 44 1481
29 45 1286
29 46 2517
29 47 1433
29 48 1238
29 49 2469
29 50 1385
29 51 1190
29 52 2421
29 53 1337
29 54 1142
29 55 2373
29 56 1289
29 57 1094
29 58 2325
29 59 1241
29 60 1046
29 61 2277
29 62 1193
29 63 998
29 64 2229
29 65 1145
29 66 950
29 67 2181
29 68 1097
29 69 902
29 70 2133
29 71 1049
29 72 854
29 73 2085
29 74 1001
29 75 806
29 76 2037
29 77 953
29 78 758
29 79 1989
29 80 905
29 81 710
29 82 1941
29 83 857
29 84 662
29 85 1893
29 86 809
29 87 614
29 88 1845
29 89 761
29 90 566
29 91 1797
29 92 713
29 93 518
29 94 1749
29 95 1649
30 0 1090
30 1 2599
30 2 1224
30 3 1040
30 4 906
30 5 1493
30 6 1515
30 7 1397
30 8 1785
30 9 1767
30 10 924
30 11 1354
30 12 2267
30 13 1541
30 14 1535
30 15 1804
30 16 963
30 17 1332
30 18 1159
30 19 847
30 20 2795
30 21 2791
30 22 1097
30 23 364
30 24 1549
30 25 1630
30 26 2189
30 27 3061
30 28 1711
30 29 559
30 30 0
30 31 527
30 32 732
30 33 2211
30 34 2232
30 35 1526
30 36 1969
30 37 1757
30 38 2703
30 39 1633
30 40 830
30 41 970
30 42 1893
30 43 3124
30 44 922
30 45 1845
30 46 3076
30 47 874
30 48 1797
30 49 3028
30 50 826
30 51 1749
30 52 2980
30 53 778
30 54 1701
30 55 2932
30 56 730
30 57 1653
30 58 2884
30 59 682
30 60 1605
30 61 2836
30 62 634
30 63 1557
30 64 2788
30 65 586
30 66 1509
30 67 2740
30 68 538
30 69 1461
30 70 2692
30 71 490
30 72 1413
30 73 2644
30 74 442
30 75 1365
30 76 2596
30 77 394
30 78 1317
30 79 2548
30 80 346
30 81 1269
30 82 2500
30 83 298
30 84 1221
30 85 2452
30 86 250
30 87 1173
30 88 2404
30 89 202
30 90 1125
30 91 2356
30 92 154
30 93 1077
30 94 2308
30 95 1090
31 0 637
31 1 2380
31 2 963
31 3 1567
31 4 453
31 5 1370
31 6 1092
31 7 944
31 8 1566
31 9 1548
31 10 471
31 11 1093
31 12 2048
31 13 1014
31 14 1082
31 15 1969
31 16 510
31 17 879
31 18 898
31 19 586
31 20 2576
31 21 2572
31 22 1220
31 23 891
31 24 1522
31 25 1177
31 26 2546
31 27 2842
31 28 1492
31 29 1086
31 30 527
31 31 0
31 32 279
31 33 2472
31 34 2685
31 35 1883
31 36 1516
31 37 1730
31 38 2484
31 39 1336
31 40 473
31 41 517
31 42 1674
31 43 2905
31 44 469
31 45 1626
31 46 2857
31 47 421
31 48 1578
31 49 2809
31 50 373
31 51 1530
31 52 2761
31 53 325
31 54 1482
31 55 2713
31 56 277
31 57 1434
31 58 2665
31 59 229
31 60 1386
31 61 2617
31 62 181
31 63 1338
31 64 2569
31 65 133
31 66 1290
31 67 2521
31 68 85
31 69 1242
31 70 2473
31 71 37
31 72 1194
31 73 2425
31 74 85
31 75 1242
31 76 2473
31 77 133
31 78 1290
31 79 2521
31 80 181
31 81 1338
31 82 2569
31 83 229
31 84 1386
31 85 2617
31 86 277
31 87 1434
31 88 2665
31 89 325
31 90 1482
31 91 2713
31 92 373
31 93 1530
31 94 2761
31 95 637
32 0 458
32 1 2367
32 2 1168
32 3 1746
32 4 274
32 5 1549
32 6 1371
32 7 765
32 8 1361
32 9 1535
32 10 292
32 11 1298
32 12 1843
32 13 1293
32 14 903
32 15 2148
32 16 331
32 17 700
32 18 1103
32 19 791
32 20 2371
32 21 2367
32 22 1425
32 23 1096
32 24 1701
32 25 998
32 26 2725
32 27 2637
32 28 1383
32 29 1291
32 30 732
32 31 279
32 32 0
32 33 2651
32 34 2864
32 35 2062
32 36 1337
32 37 1909
32 38 2471
32 39 1253
32 40 678
32 41 338
32 42 1469
32 43 2700
32 44 290
32 45 1421
32 46 2652
32 47 242
32 48 1373
32 49 2604
32 50 194
32 51 1325
32 52 2556
32 53 146
32 54 1277
32 55 2508
32 56 98
32 57 1229
32 58 2460
32 59 50
32 60 1181
32 61 2412
32 62 98
32 63 1229
32 64 2460
32 65 146
32 66 1277
32 67 2508
32 68 194
32 69 1325
32 70 2556
32 71 242
32 72 1373
32 73 2604
32 74 290
32 75 1421
32 76 2652
32 77 338
32 78 1469
32 79 2700
32 80 386
32 81 1517
32 82 2748
32 83 434
32 84 1565
32 85 2796
32 86 482
32 87 1613
32 88 2844
32 89 530
32 90 1661
32 91 2892
32 92 578
32 93 1709
32 94 2940
32 95 458
33 0 3109
33 1 670
33 2 1583
33 3 1171
33 4 2669
33 5 1358
33 6 1380
33 7 2562
33 8 1650
33 9 1502
33 10 2843
33 11 1453
33 12 1482
33 13 1458
33 14 2232
33 15 889
33 16 2804
33 17 2627
33 18 1648
33 19 1960
33 20 762
33 21 862
33 22 1422
33 23 1847
33 24 1336
33 25 2041
33 26 408
33 27 976
33 28 1576
33 29 1652
33 30 2211
33 31 2472
33 32 2651
33 33 0
33 34 365
33 35 1071
33 36 1990
33 37 1128
33 38 566
33 39 1498
33 40 2073
33 41 2989
33 42 1758
33 43 913
33 44 2941
33 45 1710
33 46 865
33 47 2893
33 48 1662
33 49 817
33 50 2845
33 51 1614
33 52 769
33 53 2797
33 54 1566
33 55 721
33 56 2749
33 57 1518
33 58 673
33 59 2701
33 60 1470
33 61 625
33 62 2653
33 63 1422
33 64 577
33 65 2605
33 66 1374
33 67 529
33 68 2557
33 69 1326
33 70 481
33 71 2509
33 72 1278
33 73 433
33 74 2461
33 75 1230
33 76 385
33 77 2413
33 78 1182
33 79 337
33 80 2365
33 81 1134
33 82 289
33 83 2317
33 84 1086
33 85 241
33 86 2269
33 87 1038
33 88 193
33 89 2317
33 90 1086
33 91 241
33 92 2365
33 93 1134
33 94 289
33 95 3109
34 0 3322
34 1 649
34 2 1796
34 3 1192
34 4 2882
34 5 1467
34 6 1593
34 7 2775
34 8 1655
34 9 1481
34 10 3056
34 11 1666
34 12 1461
34 13 1671
34 14 2445
34 15 868
34 16 3017
34 17 2840
34 18 1861
34 19 2173
34 20 741
34 21 841
34 22 1539
34 23 1868
34 24 1315
34 25 2254
34 26 291
34 27 955
34 28 1633
34 29 1673
34 30 2232
34 31 2685
34 32 2864
34 33 365
34 34 0
34 35 954
34 36 2203
34 37 1107
34 38 545
34 39 1711
34 40 2286
34 41 3202
34 42 1971
34 43 892
34 44 3154
34 45 1923
34 46 844
34 47 3106
34 48 1875
34 49 796
34 50 3058
34 51 1827
34 52 748
34 53 3010
34 54 1779
34 55 700
34 56 2962
34 57 1731
34 58 652
34 59 2914
34 60 1683
34 61 604
34 62 2866
34 63 1635
34 64 556
34 65 2818
34 66 1587
34 67 508
34 68 2770
34 69 1539
34 70 460
34 71 2722
34 72 1491
34 73 412
34 74 2674
34 75 1443
34 76 364
34 77 2626
34 78 1395
34 79 316
34 80 2578
34 81 1347
34 82 268
34 83 2530
34 84 1299
34 85 220
34 86 2482
34 87 1251
34 88 172
34 89 2434
34 90 1203
34 91 124
34 92 2386
34 93 1155
34 94 76
34 95 3322
35 0 2520
35 1 1355
35 2 994
35 3 486
35 4 2080
35 5 769
35 6 791
35 7 1973
35 8 1061
35 9 1043
35 10 2254
35 11 864
35 12 1543
35 13 869
35 14 1643
35 15 1080
35 16 2215
35 17 2038
35 18 1059
35 19 1371
35 20 1447
35 21 1547
35 22 737
35 23 1162
35 24 825
35 25 1452
35 26 663
35 27 1661
35 28 987
35 29 967
35 30 1526
35 31 1883
35 32 2062
35 33 1071
35 34 954
35 35 0
35 36 1401
35 37 1033
35 38 1251
35 39 909
35 40 1484
35 41 2400
35 42 1169
35 43 1598
35 44 2352
35 45 1121
35 46 1550
35 47 2304
35 48 1073
35 49 1502
35 50 2256
35 51 1025
35 52 1454
35 53 2208
35 54 977
35 55 1406
35 56 2160
35 57 929
35 58 1358
35 59 2112
35 60 881
35 61 1310
35 62 2064
35 63 833
35 64 1262
35 65 2016
35 66 785
35 67 1214
35 68 1968
35 69 737
35 70 1166
35 71 1920
35 72 689
35 73 1118
35 74 1872
35 75 641
35 76 1070
35 77 1824
35 78 593
35 79 1022
35 80 1776
35 81 545
35 82 974
35 83 1728
35 84 497
35 85 926
35 86 1680
35 87 449
35 88 878
35 89 1632
35 90 401
35 91 830
35 92 1680
35 93 449
35 94 878
35 95 2520
36 0 1119
36 1 1706
36 2 1209
36 3 1085
36 4 1319
36 5 888
36 6 814
36 7 572
36 8 700
36 9 874
36 10 1145
36 11 1079
36 12 894
36 13 892
36 14 898
36 15 1487
36 16 1184
36 17 637
36 18 1274
36 19 1586
36 20 1614
36 21 1514
36 22 1336
36 23 1761
36 24 1040
36 25 803
36 26 2064
36 27 1400
36 28 722
36 29 1566
36 30 1969
36 31 1516
36 32 1337
36 33 1990
36 34 2203
36 35 1401
36 36 0
36 37 1248
36 38 1810
36 39 644
36 40 1603
36 41 999
36 42 232
36 43 1463
36 44 1047
36 45 280
36 46 1511
36 47 1095
36 48 328
36 49 1559
36 50 1143
36 51 376
36 52 1607
36 53 1191
36 54 424
36 55 1655
36 56 1239
36 57 472
36 58 1703
36 59 1287
36 60 520
36 61 1751
36 62 1335
36 63 568
36 64 1799
36 65 1383
36 66 616
36 67 1847
36 68 1431
36 69 664
36 70 1895
36 71 1479
36 72 712
36 73 1943
36 74 1527
36 75 760
36 76 1991
36 77 1575
36 78 808
36 79 2039
36 80 1623
36 81 856
36 82 2087
36 83 1671
36 84 904
36 85 2135
36 86 1719
36 87 952
36 88 2183
36 89 1767
36 90 1000
36 91 2231
36 92 1815
36 93 1048
36 94 2279
36 95 1119
37 0 2367
