//alpha
1
//NbLocations
64
//NbProducts
45
//NbPickers
2
//CapaPicker
12
//TimeToTravelOneDistanceUnit
3
//SetupTime
5400
//PickTime
300
//Products
//Idx Location Size
1 1 1
2 2 1
3 3 1
4 4 1
5 5 1
6 6 1
7 7 1
8 8 1
9 9 1
10 10 1
11 11 1
12 12 1
13 13 1
14 14 1
15 15 1
16 16 1
17 17 1
18 18 1
19 19 1
20 20 1
21 21 1
22 22 1
23 23 1
24 24 1
25 25 1
26 26 1
27 27 1
28 28 1
29 29 1
30 30 1
31 31 1
32 32 1
33 33 1
34 34 1
35 35 1
36 36 1
37 37 1
38 38 1
39 39 1
40 40 1
41 41 1
42 42 1
43 43 1
44 44 1
45 45 1
//Orders
//NbOrders
12
//Idx DueDate TardinessPenalty NbProdInOrder ProdIdx1 Qty1 ProdIdx2 Qty2 ...
1 72000 0 6 1 1 2 1 3 1 4 1 5 1 6 1
2 90000 0 3 7 1 8 1 9 1
3 36000 0 3 10 1 11 1 12 1
4 126000 0 3 13 1 14 1 15 1
5 126000 0 12 16 1 17 1 18 1 19 1 20 1 21 1 22 1 23 1 24 1 25 1 26 1 27 1
6 54000 0 8 28 1 29 1 30 1 31 1 32 1 33 1 34 1 35 1
7 36000 0 1 36 1
8 126000 0 1 37 1
9 108000 0 2 38 1 39 1
10 126000 0 1 40 1
11 36000 0 4 41 1 42 1 43 1 44 1
12 90000 0 1 45 1
//Graph (Products are vertices indexed from 1 to NbProducts)
//NbVerticesIntersections
18
//DepartingDepot
0
//ArrivalDepot
64
//Arcs
//Start End Distance
0 46 120
1 32 143
1 51 50
2 11 78
2 13 39
3 4 26
3 10 39
4 3 26
4 56 37
5 12 52
5 53 154
6 32 52
6 50 206
7 29 26
7 34 65
8 33 39
8 41 26
9 38 52
9 56 154
10 3 39
10 34 13
11 2 78
11 59 154
12 5 52
12 54 245
13 2 39
13 39 13
14 22 143
14 59 63
15 16 286
15 42 13
16 15 286
16 62 89
17 46 401
17 47 50
18 20 78
18 25 65
19 27 156
19 52 37
20 18 78
20 49 63
21 30 208
21 61 89
22 14 143
22 24 130
23 35 13
23 58 63
24 22 130
24 35 39
25 18 65
25 50 245
26 43 0
26 55 50
27 19 156
27 45 208
28 31 52
28 57 63
29 7 26
29 36 91
30 21 208
30 62 154
31 28 52
31 38 130
32 1 143
32 6 52
33 8 39
33 44 39
34 7 65
34 10 13
35 23 13
35 24 39
36 29 91
36 43 104
37 44 13
37 47 154
38 9 52
38 31 130
39 13 13
39 60 167
40 41 91
40 48 89
41 8 26
41 40 91
42 15 13
42 63 63
43 26 0
43 36 104
44 33 39
44 37 13
45 27 208
45 53 50
46 17 401
46 49 48
46 64 120
47 17 50
47 37 154
47 50 48
48 40 89
48 51 48
49 20 63
49 46 48
49 52 48
50 6 206
50 25 245
50 47 48
50 53 48
51 1 50
51 48 48
51 54 48
52 19 37
52 49 48
52 55 48
53 5 154
53 45 50
53 50 48
53 56 48
54 12 245
54 51 48
54 57 48
55 26 50
55 52 48
55 58 48
56 4 37
56 9 154
56 53 48
56 59 48
57 28 63
57 54 48
57 60 48
58 23 63
58 55 48
58 61 48
59 11 154
59 14 63
59 56 48
59 62 48
60 39 167
60 57 48
60 63 48
61 21 89
61 58 48
62 16 89
62 30 154
62 59 48
63 42 63
63 60 48
//LocStart LocEnd ShortestPath
0 0 0
0 1 1020
0 2 995
0 3 652
0 4 678
0 5 821
0 6 825
0 7 535
0 8 816
0 9 869
0 10 613
0 11 917
0 12 873
0 13 1034
0 14 700
0 15 1186
0 16 900
0 17 521
0 18 309
0 19 253
0 20 231
0 21 449
0 22 557
0 23 375
0 24 427
0 25 374
0 26 314
0 27 409
0 28 1103
0 29 509
0 30 657
0 31 1051
0 32 877
0 33 777
0 34 600
0 35 388
0 36 418
0 37 725
0 38 921
0 39 1047
0 40 933
0 41 842
0 42 1199
0 43 314
0 44 738
0 45 617
0 46 120
0 47 571
0 48 1022
0 49 168
0 50 619
0 51 1070
0 52 216
0 53 667
0 54 1118
0 55 264
0 56 715
0 57 1166
0 58 312
0 59 763
0 60 1214
0 61 360
0 62 811
0 63 1262
0 64 0
1 0 1020
1 1 0
1 2 413
1 3 560
1 4 534
1 5 395
1 6 195
1 7 677
1 8 304
1 9 443
1 10 599
1 11 491
1 12 343
1 13 374
1 14 608
1 15 318
1 16 604
1 17 499
1 18 711
1 19 863
1 20 789
1 21 955
1 22 751
1 23 933
1 24 881
1 25 646
1 26 898
1 27 707
1 28 209
1 29 703
1 30 747
1 31 261
1 32 143
1 33 343
1 34 612
1 35 920
1 36 794
1 37 395
1 38 391
1 39 361
1 40 187
1 41 278
1 42 305
1 43 898
1 44 382
1 45 499
1 46 900
1 47 449
1 48 98
1 49 852
1 50 401
1 51 50
1 52 900
1 53 449
1 54 98
1 55 948
1 56 497
1 57 146
1 58 996
1 59 545
1 60 194
1 61 1044
1 62 593
1 63 242
1 64 1020
2 0 995
2 1 413
2 2 0
2 3 343
2 4 317
2 5 482
2 6 582
2 7 460
2 8 617
2 9 434
2 10 382
2 11 78
2 12 534
2 13 39
2 14 295
2 15 343
2 16 369
2 17 474
2 18 686
2 19 742
2 20 764
2 21 642
2 22 438
2 23 620
2 24 568
2 25 621
2 26 681
2 27 586
2 28 330
2 29 486
2 30 434
2 31 382
2 32 556
2 33 630
2 34 395
2 35 607
2 36 577
2 37 578
2 38 486
2 39 52
2 40 500
2 41 591
2 42 330
2 43 681
2 44 591
2 45 378
2 46 875
2 47 424
2 48 411
2 49 827
2 50 376
2 51 363
2 52 779
2 53 328
2 54 315
2 55 731
2 56 280
2 57 267
2 58 683
2 59 232
2 60 219
2 61 731
2 62 280
2 63 267
2 64 995
3 0 652
3 1 560
3 2 343
3 3 0
3 4 26
3 5 265
3 6 365
3 7 117
3 8 452
3 9 217
3 10 39
3 11 265
3 12 317
3 13 382
3 14 174
3 15 534
3 16 248
3 17 257
3 18 469
3 19 473
3 20 547
3 21 521
3 22 317
3 23 499
3 24 447
3 25 404
3 26 338
3 27 369
3 28 451
3 29 143
3 30 313
3 31 399
3 32 417
3 33 413
3 34 52
3 35 486
3 36 234
3 37 361
3 38 269
3 39 395
3 40 569
3 41 478
3 42 547
3 43 338
3 44 374
3 45 161
3 46 532
3 47 207
3 48 658
3 49 484
3 50 159
3 51 610
3 52 436
3 53 111
3 54 562
3 55 388
3 56 63
3 57 514
3 58 436
3 59 111
3 60 562
3 61 484
3 62 159
3 63 610
3 64 652
4 0 678
4 1 534
4 2 317
4 3 26
4 4 0
4 5 239
4 6 339
4 7 143
4 8 426
4 9 191
4 10 65
4 11 239
4 12 291
4 13 356
4 14 148
4 15 508
4 16 222
4 17 231
4 18 443
4 19 499
4 20 521
4 21 495
4 22 291
4 23 473
4 24 421
4 25 378
4 26 364
4 27 343
4 28 425
4 29 169
4 30 287
4 31 373
4 32 391
4 33 387
4 34 78
4 35 460
4 36 260
4 37 335
4 38 243
4 39 369
4 40 543
4 41 452
4 42 521
4 43 364
4 44 348
4 45 135
4 46 558
4 47 181
4 48 632
4 49 510
4 50 133
4 51 584
4 52 462
4 53 85
4 54 536
4 55 414
4 56 37
4 57 488
4 58 462
4 59 85
4 60 536
4 61 510
4 62 133
4 63 584
4 64 678
5 0 821
5 1 395
5 2 482
5 3 265
5 4 239
5 5 0
5 6 408
5 7 382
5 8 495
5 9 356
5 10 304
5 11 404
5 12 52
5 13 521
5 14 313
5 15 517
5 16 387
5 17 300
5 18 512
5 19 568
5 20 590
5 21 660
5 22 456
5 23 638
5 24 586
5 25 447
5 26 603
5 27 412
5 28 408
5 29 408
5 30 452
5 31 460
5 32 460
5 33 456
5 34 317
5 35 625
5 36 499
5 37 404
5 38 408
5 39 534
5 40 482
5 41 521
5 42 504
5 43 603
5 44 417
5 45 204
5 46 701
5 47 250
5 48 393
5 49 653
5 50 202
5 51 345
5 52 605
5 53 154
5 54 297
5 55 653
5 56 202
5 57 345
5 58 701
5 59 250
5 60 393
5 61 749
5 62 298
5 63 441
5 64 821
6 0 825
6 1 195
6 2 582
6 3 365
6 4 339
6 5 408
6 6 0
6 7 482
6 8 499
6 9 456
6 10 404
6 11 504
6 12 460
6 13 569
6 14 413
6 15 513
6 16 487
6 17 304
6 18 516
6 19 668
6 20 594
6 21 760
6 22 556
6 23 738
6 24 686
6 25 451
6 26 703
6 27 512
6 28 404
6 29 508
6 30 552
6 31 456
6 32 52
6 33 460
6 34 417
6 35 725
6 36 599
6 37 408
6 38 508
6 39 556
6 40 382
6 41 473
6 42 500
6 43 703
6 44 421
6 45 304
6 46 705
6 47 254
6 48 293
6 49 657
6 50 206
6 51 245
6 52 705
6 53 254
6 54 293
6 55 753
6 56 302
6 57 341
6 58 801
6 59 350
6 60 389
6 61 849
6 62 398
6 63 437
6 64 825
7 0 535
7 1 677
7 2 460
7 3 117
7 4 143
7 5 382
7 6 482
7 7 0
7 8 569
7 9 334
7 10 78
7 11 382
7 12 434
7 13 499
7 14 291
7 15 651
7 16 365
7 17 374
7 18 508
7 19 356
7 20 430
7 21 456
7 22 434
7 23 382
7 24 434
7 25 521
7 26 221
7 27 486
7 28 568
7 29 26
7 30 430
7 31 516
7 32 534
7 33 530
7 34 65
7 35 395
7 36 117
7 37 478
7 38 386
7 39 512
7 40 686
7 41 595
7 42 664
7 43 221
7 44 491
7 45 278
7 46 415
7 47 324
7 48 775
7 49 367
7 50 276
7 51 727
7 52 319
7 53 228
7 54 679
7 55 271
7 56 180
7 57 631
7 58 319
7 59 228
7 60 679
7 61 367
7 62 276
7 63 727
7 64 535
8 0 816
8 1 304
8 2 617
8 3 452
8 4 426
8 5 495
8 6 499
8 7 569
8 8 0
8 9 543
8 10 491
8 11 591
8 12 547
8 13 578
8 14 500
8 15 522
8 16 574
8 17 295
8 18 603
8 19 755
8 20 681
8 21 847
8 22 643
8 23 825
8 24 773
8 25 538
8 26 790
8 27 599
8 28 413
8 29 595
8 30 639
8 31 465
8 32 447
8 33 39
8 34 504
8 35 812
8 36 686
8 37 91
8 38 595
8 39 565
8 40 117
8 41 26
8 42 509
8 43 790
8 44 78
8 45 391
8 46 696
8 47 245
8 48 206
8 49 744
8 50 293
8 51 254
8 52 792
8 53 341
8 54 302
8 55 840
8 56 389
8 57 350
8 58 888
8 59 437
8 60 398
8 61 936
8 62 485
8 63 446
8 64 816
9 0 869
9 1 443
9 2 434
9 3 217
9 4 191
9 5 356
9 6 456
9 7 334
9 8 543
9 9 0
9 10 256
9 11 356
9 12 408
9 13 473
9 14 265
9 15 469
9 16 339
9 17 348
9 18 560
9 19 616
9 20 638
9 21 612
9 22 408
9 23 590
9 24 538
9 25 495
9 26 555
9 27 460
9 28 234
9 29 360
9 30 404
9 31 182
9 32 508
9 33 504
9 34 269
9 35 577
9 36 451
9 37 452
9 38 52
9 39 486
9 40 530
9 41 569
9 42 456
9 43 555
9 44 465
9 45 252
9 46 749
9 47 298
9 48 441
9 49 701
9 50 250
9 51 393
9 52 653
9 53 202
9 54 345
9 55 605
9 56 154
9 57 297
9 58 653
9 59 202
9 60 345
9 61 701
9 62 250
9 63 393
9 64 869
10 0 613
10 1 599
10 2 382
10 3 39
10 4 65
10 5 304
10 6 404
10 7 78
10 8 491
10 9 256
10 10 0
10 11 304
10 12 356
10 13 421
10 14 213
10 15 573
10 16 287
10 17 296
10 18 508
10 19 434
10 20 508
10 21 534
10 22 356
10 23 460
10 24 486
10 25 443
10 26 299
10 27 408
10 28 490
10 29 104
10 30 352
10 31 438
10 32 456
10 33 452
10 34 13
10 35 473
10 36 195
10 37 400
10 38 308
10 39 434
10 40 608
10 41 517
10 42 586
10 43 299
10 44 413
10 45 200
10 46 493
10 47 246
10 48 697
10 49 445
10 50 198
10 51 649
10 52 397
10 53 150
10 54 601
10 55 349
10 56 102
10 57 553
10 58 397
10 59 150
10 60 601
10 61 445
10 62 198
10 63 649
10 64 613
11 0 917
11 1 491
11 2 78
11 3 265
11 4 239
11 5 404
11 6 504
11 7 382
11 8 591
11 9 356
11 10 304
11 11 0
11 12 456
11 13 117
11 14 217
11 15 421
11 16 291
11 17 396
11 18 608
11 19 664
11 20 686
11 21 564
11 22 360
11 23 542
11 24 490
11 25 543
11 26 603
11 27 508
11 28 408
11 29 408
11 30 356
11 31 460
11 32 556
11 33 552
11 34 317
11 35 529
11 36 499
11 37 500
11 38 408
11 39 130
11 40 578
11 41 617
11 42 408
11 43 603
11 44 513
11 45 300
11 46 797
11 47 346
11 48 489
11 49 749
11 50 298
11 51 441
11 52 701
11 53 250
11 54 393
11 55 653
11 56 202
11 57 345
11 58 605
11 59 154
11 60 297
11 61 653
11 62 202
11 63 345
11 64 917
12 0 873
12 1 343
12 2 534
12 3 317
12 4 291
12 5 52
12 6 460
12 7 434
12 8 547
12 9 408
12 10 356
12 11 456
12 12 0
12 13 521
12 14 365
12 15 465
12 16 439
12 17 352
12 18 564
12 19 620
12 20 642
12 21 712
12 22 508
12 23 690
12 24 638
12 25 499
12 26 655
12 27 464
12 28 356
12 29 460
12 30 504
12 31 408
12 32 486
12 33 508
12 34 369
12 35 677
12 36 551
12 37 456
12 38 460
12 39 508
12 40 430
12 41 521
12 42 452
12 43 655
12 44 469
12 45 256
12 46 753
12 47 302
12 48 341
12 49 705
12 50 254
12 51 293
12 52 657
12 53 206
12 54 245
12 55 705
12 56 254
12 57 293
12 58 753
12 59 302
12 60 341
12 61 801
12 62 350
12 63 389
12 64 873
13 0 1034
13 1 374
13 2 39
13 3 382
13 4 356
13 5 521
13 6 569
13 7 499
13 8 578
13 9 473
13 10 421
13 11 117
13 12 521
13 13 0
13 14 334
13 15 304
13 16 408
13 17 513
13 18 725
13 19 781
13 20 803
13 21 681
13 22 477
13 23 659
13 24 607
13 25 660
13 26 720
13 27 625
13 28 291
13 29 525
13 30 473
13 31 343
13 32 517
13 33 617
13 34 434
13 35 646
13 36 616
13 37 617
13 38 473
13 39 13
13 40 461
13 41 552
13 42 291
13 43 720
13 44 630
13 45 417
13 46 914
13 47 463
13 48 372
13 49 866
13 50 415
13 51 324
13 52 818
13 53 367
13 54 276
13 55 770
13 56 319
13 57 228
13 58 722
13 59 271
13 60 180
13 61 770
13 62 319
13 63 228
13 64 1034
14 0 700
14 1 608
14 2 295
14 3 174
14 4 148
14 5 313
14 6 413
14 7 291
14 8 500
14 9 265
14 10 213
14 11 217
14 12 365
14 13 334
14 14 0
14 15 486
14 16 200
14 17 305
14 18 517
14 19 521
14 20 595
14 21 473
14 22 143
14 23 325
14 24 273
14 25 452
14 26 486
14 27 417
14 28 499
14 29 317
14 30 265
14 31 447
14 32 465
14 33 461
14 34 226
14 35 312
14 36 408
14 37 409
14 38 317
14 39 347
14 40 617
14 41 526
14 42 499
14 43 486
14 44 422
14 45 209
14 46 580
14 47 255
14 48 706
14 49 532
14 50 207
14 51 658
14 52 484
14 53 159
14 54 610
14 55 436
14 56 111
14 57 562
14 58 388
14 59 63
14 60 514
14 61 436
14 62 111
14 63 562
14 64 700
15 0 1186
15 1 318
15 2 343
15 3 534
15 4 508
15 5 517
15 6 513
15 7 651
15 8 522
15 9 469
15 10 573
15 11 421
15 12 465
15 13 304
15 14 486
15 15 0
15 16 286
15 17 665
15 18 877
15 19 933
15 20 955
15 21 737
15 22 629
15 23 811
15 24 759
15 25 812
15 26 872
15 27 777
15 28 235
15 29 677
15 30 529
15 31 287
15 32 461
15 33 561
15 34 586
15 35 798
15 36 768
15 37 613
15 38 417
15 39 291
15 40 405
15 41 496
15 42 13
15 43 872
15 44 600
15 45 569
15 46 1066
15 47 615
15 48 316
15 49 1018
15 50 567
15 51 268
15 52 970
15 53 519
15 54 220
15 55 922
15 56 471
15 57 172
15 58 874
15 59 423
15 60 124
15 61 826
15 62 375
15 63 76
15 64 1186
16 0 900
16 1 604
16 2 369
16 3 248
16 4 222
16 5 387
16 6 487
16 7 365
16 8 574
16 9 339
16 10 287
16 11 291
16 12 439
16 13 408
16 14 200
16 15 286
16 16 0
16 17 379
16 18 591
16 19 647
16 20 669
16 21 451
16 22 343
16 23 525
16 24 473
16 25 526
16 26 586
16 27 491
16 28 521
16 29 391
16 30 243
16 31 521
16 32 539
16 33 535
16 34 300
16 35 512
16 36 482
16 37 483
16 38 391
16 39 421
16 40 691
16 41 600
16 42 299
16 43 586
16 44 496
16 45 283
16 46 780
16 47 329
16 48 602
16 49 732
16 50 281
16 51 554
16 52 684
16 53 233
16 54 506
16 55 636
16 56 185
16 57 458
16 58 588
16 59 137
16 60 410
16 61 540
16 62 89
16 63 362
16 64 900
17 0 521
17 1 499
17 2 474
17 3 257
17 4 231
17 5 300
17 6 304
17 7 374
17 8 295
17 9 348
17 10 296
17 11 396
17 12 352
17 13 513
17 14 305
17 15 665
17 16 379
17 17 0
17 18 408
17 19 534
17 20 486
17 21 652
17 22 448
17 23 630
17 24 578
17 25 343
17 26 595
17 27 404
17 28 582
17 29 400
17 30 444
17 31 530
17 32 356
17 33 256
17 34 309
17 35 617
17 36 491
17 37 204
17 38 400
17 39 526
17 40 412
17 41 321
17 42 678
17 43 595
17 44 217
17 45 196
17 46 401
17 47 50
17 48 501
17 49 449
17 50 98
17 51 549
17 52 497
17 53 146
17 54 597
17 55 545
17 56 194
17 57 645
17 58 593
17 59 242
17 60 693
17 61 641
17 62 290
17 63 741
17 64 521
18 0 309
18 1 711
18 2 686
18 3 469
18 4 443
18 5 512
18 6 516
18 7 508
18 8 603
18 9 560
18 10 508
18 11 608
18 12 564
18 13 725
18 14 517
18 15 877
18 16 591
18 17 408
18 18 0
18 19 226
18 20 78
18 21 422
18 22 530
18 23 348
18 24 400
18 25 65
18 26 287
18 27 382
18 28 794
18 29 482
18 30 630
18 31 742
18 32 568
18 33 564
18 34 521
18 35 361
18 36 391
18 37 512
18 38 612
18 39 738
18 40 720
18 41 629
18 42 890
18 43 287
18 44 525
18 45 408
18 46 189
18 47 358
18 48 809
18 49 141
18 50 310
18 51 761
18 52 189
18 53 358
18 54 809
18 55 237
18 56 406
18 57 857
18 58 285
18 59 454
18 60 905
18 61 333
18 62 502
18 63 953
18 64 309
19 0 253
19 1 863
19 2 742
19 3 473
19 4 499
19 5 568
19 6 668
19 7 356
19 8 755
19 9 616
19 10 434
19 11 664
19 12 620
19 13 781
19 14 521
19 15 933
19 16 647
19 17 534
19 18 226
19 19 0
19 20 148
19 21 270
19 22 378
19 23 196
19 24 248
19 25 291
19 26 135
19 27 156
19 28 850
19 29 330
19 30 478
19 31 798
19 32 720
19 33 716
19 34 421
19 35 209
19 36 239
19 37 664
19 38 668
19 39 794
19 40 872
19 41 781
19 42 946
19 43 135
19 44 677
19 45 364
19 46 133
19 47 510
19 48 961
19 49 85
19 50 462
19 51 913
19 52 37
19 53 414
19 54 865
19 55 85
19 56 462
19 57 913
19 58 133
19 59 510
19 60 961
19 61 181
19 62 558
19 63 1009
19 64 253
20 0 231
20 1 789
20 2 764
20 3 547
20 4 521
20 5 590
20 6 594
20 7 430
20 8 681
20 9 638
20 10 508
20 11 686
20 12 642
20 13 803
20 14 595
20 15 955
20 16 669
20 17 486
20 18 78
20 19 148
20 20 0
20 21 344
20 22 452
20 23 270
20 24 322
20 25 143
20 26 209
20 27 304
20 28 872
20 29 404
20 30 552
20 31 820
20 32 646
20 33 642
20 34 495
20 35 283
20 36 313
20 37 590
20 38 690
20 39 816
20 40 798
20 41 707
20 42 968
20 43 209
20 44 603
20 45 486
20 46 111
20 47 436
20 48 887
20 49 63
20 50 388
20 51 839
20 52 111
20 53 436
20 54 887
20 55 159
20 56 484
20 57 935
20 58 207
20 59 532
20 60 983
20 61 255
20 62 580
20 63 1031
20 64 231
21 0 449
21 1 955
21 2 642
21 3 521
21 4 495
21 5 660
21 6 760
21 7 456
21 8 847
21 9 612
21 10 534
21 11 564
21 12 712
21 13 681
21 14 473
21 15 737
21 16 451
21 17 652
21 18 422
21 19 270
21 20 344
21 21 0
21 22 382
21 23 200
21 24 252
21 25 487
21 26 235
21 27 426
21 28 846
21 29 430
21 30 208
21 31 794
21 32 812
21 33 808
21 34 521
21 35 213
21 36 339
21 37 756
21 38 664
21 39 694
21 40 964
21 41 873
21 42 750
21 43 235
21 44 769
21 45 556
21 46 329
21 47 602
21 48 1053
21 49 281
21 50 554
21 51 1005
21 52 233
21 53 506
21 54 957
21 55 185
21 56 458
21 57 909
21 58 137
21 59 410
21 60 861
21 61 89
21 62 362
21 63 813
21 64 449
22 0 557
22 1 751
22 2 438
22 3 317
22 4 291
22 5 456
22 6 556
22 7 434
22 8 643
22 9 408
22 10 356
22 11 360
22 12 508
22 13 477
22 14 143
22 15 629
22 16 343
22 17 448
22 18 530
22 19 378
22 20 452
22 21 382
22 22 0
22 23 182
22 24 130
22 25 595
22 26 343
22 27 534
22 28 642
22 29 460
22 30 408
22 31 590
22 32 608
22 33 604
22 34 369
22 35 169
22 36 447
22 37 552
22 38 460
22 39 490
22 40 760
22 41 669
22 42 642
22 43 343
22 44 565
22 45 352
22 46 437
22 47 398
22 48 849
22 49 389
22 50 350
22 51 801
22 52 341
22 53 302
22 54 753
22 55 293
22 56 254
22 57 705
22 58 245
22 59 206
22 60 657
22 61 293
22 62 254
22 63 705
22 64 557
23 0 375
23 1 933
23 2 620
23 3 499
23 4 473
23 5 638
23 6 738
23 7 382
23 8 825
23 9 590
23 10 460
23 11 542
23 12 690
23 13 659
23 14 325
23 15 811
23 16 525
23 17 630
23 18 348
23 19 196
23 20 270
23 21 200
23 22 182
23 23 0
23 24 52
23 25 413
23 26 161
23 27 352
23 28 824
23 29 356
23 30 408
23 31 772
23 32 790
23 33 786
23 34 447
23 35 13
23 36 265
23 37 734
23 38 642
23 39 672
23 40 942
23 41 851
23 42 824
23 43 161
23 44 747
23 45 534
23 46 255
23 47 580
23 48 1031
23 49 207
23 50 532
23 51 983
23 52 159
23 53 484
23 54 935
23 55 111
23 56 436
23 57 887
23 58 63
23 59 388
23 60 839
23 61 111
23 62 436
23 63 887
23 64 375
24 0 427
24 1 881
24 2 568
24 3 447
24 4 421
24 5 586
24 6 686
24 7 434
24 8 773
24 9 538
24 10 486
24 11 490
24 12 638
24 13 607
24 14 273
24 15 759
24 16 473
24 17 578
24 18 400
24 19 248
24 20 322
24 21 252
24 22 130
24 23 52
24 24 0
24 25 465
24 26 213
24 27 404
24 28 772
24 29 408
24 30 460
24 31 720
24 32 738
24 33 734
24 34 499
24 35 39
24 36 317
24 37 682
24 38 590
24 39 620
24 40 890
24 41 799
24 42 772
24 43 213
24 44 695
24 45 482
24 46 307
24 47 528
24 48 979
24 49 259
24 50 480
24 51 931
24 52 211
24 53 432
24 54 883
24 55 163
24 56 384
24 57 835
24 58 115
24 59 336
24 60 787
24 61 163
24 62 384
24 63 835
24 64 427
25 0 374
25 1 646
25 2 621
25 3 404
25 4 378
25 5 447
25 6 451
25 7 521
25 8 538
25 9 495
25 10 443
25 11 543
25 12 499
25 13 660
25 14 452
25 15 812
25 16 526
25 17 343
25 18 65
25 19 291
25 20 143
25 21 487
25 22 595
25 23 413
25 24 465
25 25 0
25 26 352
25 27 447
25 28 729
25 29 547
25 30 591
25 31 677
25 32 503
25 33 499
25 34 456
25 35 426
25 36 456
25 37 447
25 38 547
25 39 673
25 40 655
25 41 564
25 42 825
25 43 352
25 44 460
25 45 343
25 46 254
25 47 293
25 48 744
25 49 206
25 50 245
25 51 696
25 52 254
25 53 293
25 54 744
25 55 302
25 56 341
25 57 792
25 58 350
25 59 389
25 60 840
25 61 398
25 62 437
25 63 888
25 64 374
26 0 314
26 1 898
26 2 681
26 3 338
26 4 364
26 5 603
26 6 703
26 7 221
26 8 790
26 9 555
26 10 299
26 11 603
26 12 655
26 13 720
26 14 486
26 15 872
26 16 586
26 17 595
26 18 287
26 19 135
26 20 209
26 21 235
26 22 343
26 23 161
26 24 213
26 25 352
26 26 0
26 27 291
26 28 789
26 29 195
26 30 443
26 31 737
26 32 755
26 33 751
26 34 286
26 35 174
26 36 104
26 37 699
26 38 607
26 39 733
26 40 907
26 41 816
26 42 885
26 43 0
26 44 712
26 45 499
26 46 194
26 47 545
26 48 996
26 49 146
26 50 497
26 51 948
26 52 98
26 53 449
26 54 900
26 55 50
26 56 401
26 57 852
26 58 98
26 59 449
26 60 900
26 61 146
26 62 497
26 63 948
26 64 314
27 0 409
27 1 707
27 2 586
27 3 369
27 4 343
27 5 412
27 6 512
27 7 486
27 8 599
27 9 460
27 10 408
27 11 508
27 12 464
27 13 625
27 14 417
27 15 777
27 16 491
27 17 404
27 18 382
27 19 156
27 20 304
27 21 426
27 22 534
27 23 352
27 24 404
27 25 447
27 26 291
27 27 0
27 28 694
27 29 486
27 30 556
27 31 642
27 32 564
27 33 560
27 34 421
27 35 365
27 36 395
27 37 508
27 38 512
27 39 638
27 40 716
27 41 625
27 42 790
27 43 291
27 44 521
27 45 208
27 46 289
27 47 354
27 48 805
27 49 241
27 50 306
27 51 757
27 52 193
27 53 258
27 54 709
27 55 241
27 56 306
27 57 757
27 58 289
27 59 354
27 60 805
27 61 337
27 62 402
27 63 853
27 64 409
28 0 1103
28 1 209
28 2 330
28 3 451
28 4 425
28 5 408
28 6 404
28 7 568
28 8 413
28 9 234
28 10 490
28 11 408
28 12 356
28 13 291
28 14 499
28 15 235
28 16 521
28 17 582
28 18 794
28 19 850
28 20 872
28 21 846
28 22 642
28 23 824
28 24 772
28 25 729
28 26 789
28 27 694
28 28 0
28 29 594
28 30 638
28 31 52
28 32 352
28 33 452
28 34 503
28 35 811
28 36 685
28 37 504
28 38 182
28 39 278
28 40 296
28 41 387
28 42 222
28 43 789
28 44 491
28 45 486
28 46 983
28 47 532
28 48 207
28 49 935
28 50 484
28 51 159
28 52 887
28 53 436
28 54 111
28 55 839
28 56 388
28 57 63
28 58 887
28 59 436
28 60 111
28 61 935
28 62 484
28 63 159
28 64 1103
29 0 509
29 1 703
29 2 486
29 3 143
29 4 169
29 5 408
29 6 508
29 7 26
29 8 595
29 9 360
29 10 104
29 11 408
29 12 460
29 13 525
29 14 317
29 15 677
29 16 391
29 17 400
29 18 482
29 19 330
29 20 404
29 21 430
29 22 460
29 23 356
29 24 408
29 25 547
29 26 195
29 27 486
29 28 594
29 29 0
29 30 456
29 31 542
29 32 560
29 33 556
29 34 91
29 35 369
29 36 91
29 37 504
29 38 412
29 39 538
29 40 712
29 41 621
29 42 690
29 43 195
29 44 517
29 45 304
29 46 389
29 47 350
29 48 801
29 49 341
29 50 302
29 51 753
29 52 293
29 53 254
29 54 705
29 55 245
29 56 206
29 57 657
29 58 293
29 59 254
29 60 705
29 61 341
29 62 302
29 63 753
29 64 509
30 0 657
30 1 747
30 2 434
30 3 313
30 4 287
30 5 452
30 6 552
30 7 430
30 8 639
30 9 404
30 10 352
30 11 356
30 12 504
30 13 473
30 14 265
30 15 529
30 16 243
30 17 444
30 18 630
30 19 478
30 20 552
30 21 208
30 22 408
30 23 408
30 24 460
30 25 591
30 26 443
30 27 556
30 28 638
30 29 456
30 30 0
30 31 586
30 32 604
30 33 600
30 34 365
30 35 421
30 36 547
30 37 548
30 38 456
30 39 486
30 40 756
30 41 665
30 42 542
30 43 443
30 44 561
30 45 348
30 46 537
30 47 394
30 48 845
30 49 489
30 50 346
30 51 797
30 52 441
30 53 298
30 54 749
30 55 393
30 56 250
30 57 701
30 58 345
30 59 202
30 60 653
30 61 297
30 62 154
30 63 605
30 64 657
31 0 1051
31 1 261
31 2 382
31 3 399
31 4 373
31 5 460
31 6 456
31 7 516
31 8 465
31 9 182
31 10 438
31 11 460
31 12 408
31 13 343
31 14 447
31 15 287
31 16 521
31 17 530
31 18 742
31 19 798
31 20 820
31 21 794
31 22 590
31 23 772
31 24 720
31 25 677
31 26 737
31 27 642
31 28 52
31 29 542
31 30 586
31 31 0
31 32 404
31 33 504
31 34 451
31 35 759
31 36 633
31 37 556
31 38 130
31 39 330
31 40 348
31 41 439
31 42 274
31 43 737
31 44 543
31 45 434
31 46 931
31 47 480
31 48 259
31 49 883
31 50 432
31 51 211
31 52 835
31 53 384
31 54 163
31 55 787
31 56 336
31 57 115
31 58 835
31 59 384
31 60 163
31 61 883
31 62 432
31 63 211
31 64 1051
32 0 877
32 1 143
32 2 556
32 3 417
32 4 391
32 5 460
32 6 52
32 7 534
32 8 447
32 9 508
32 10 456
32 11 556
32 12 486
32 13 517
32 14 465
32 15 461
32 16 539
32 17 356
32 18 568
32 19 720
32 20 646
32 21 812
32 22 608
32 23 790
32 24 738
32 25 503
32 26 755
32 27 564
32 28 352
32 29 560
32 30 604
32 31 404
32 32 0
32 33 486
32 34 469
32 35 777
32 36 651
32 37 460
32 38 534
32 39 504
32 40 330
32 41 421
32 42 448
32 43 755
32 44 473
32 45 356
32 46 757
32 47 306
32 48 241
32 49 709
32 50 258
32 51 193
32 52 757
32 53 306
32 54 241
32 55 805
32 56 354
32 57 289
32 58 853
32 59 402
32 60 337
32 61 901
32 62 450
32 63 385
32 64 877
33 0 777
33 1 343
33 2 630
33 3 413
33 4 387
33 5 456
33 6 460
33 7 530
33 8 39
33 9 504
33 10 452
33 11 552
33 12 508
33 13 617
33 14 461
33 15 561
33 16 535
33 17 256
33 18 564
33 19 716
33 20 642
33 21 808
33 22 604
33 23 786
33 24 734
33 25 499
33 26 751
33 27 560
33 28 452
33 29 556
33 30 600
33 31 504
33 32 486
33 33 0
33 34 465
33 35 773
33 36 647
33 37 52
33 38 556
33 39 604
33 40 156
33 41 65
33 42 548
33 43 751
33 44 39
33 45 352
33 46 657
33 47 206
33 48 245
33 49 705
33 50 254
33 51 293
33 52 753
33 53 302
33 54 341
33 55 801
33 56 350
33 57 389
33 58 849
33 59 398
33 60 437
33 61 897
33 62 446
33 63 485
33 64 777
34 0 600
34 1 612
34 2 395
34 3 52
34 4 78
34 5 317
34 6 417
34 7 65
34 8 504
34 9 269
34 10 13
34 11 317
34 12 369
34 13 434
34 14 226
34 15 586
34 16 300
34 17 309
34 18 521
34 19 421
34 20 495
34 21 521
34 22 369
34 23 447
34 24 499
34 25 456
34 26 286
34 27 421
34 28 503
34 29 91
34 30 365
34 31 451
34 32 469
34 33 465
34 34 0
34 35 460
34 36 182
34 37 413
34 38 321
34 39 447
34 40 621
34 41 530
34 42 599
34 43 286
34 44 426
34 45 213
34 46 480
34 47 259
34 48 710
34 49 432
34 50 211
34 51 662
34 52 384
34 53 163
34 54 614
34 55 336
34 56 115
34 57 566
34 58 384
34 59 163
34 60 614
34 61 432
34 62 211
34 63 662
34 64 600
35 0 388
35 1 920
35 2 607
35 3 486
35 4 460
35 5 625
35 6 725
35 7 395
35 8 812
35 9 577
35 10 473
35 11 529
35 12 677
35 13 646
35 14 312
35 15 798
35 16 512
35 17 617
35 18 361
35 19 209
35 20 283
35 21 213
35 22 169
35 23 13
35 24 39
35 25 426
35 26 174
35 27 365
35 28 811
35 29 369
35 30 421
35 31 759
35 32 777
35 33 773
35 34 460
35 35 0
35 36 278
35 37 721
35 38 629
35 39 659
35 40 929
35 41 838
35 42 811
35 43 174
35 44 734
35 45 521
35 46 268
35 47 567
35 48 1018
35 49 220
35 50 519
35 51 970
35 52 172
35 53 471
35 54 922
35 55 124
35 56 423
35 57 874
35 58 76
35 59 375
35 60 826
35 61 124
35 62 423
35 63 874
35 64 388
36 0 418
36 1 794
36 2 577
36 3 234
36 4 260
36 5 499
36 6 599
36 7 117
36 8 686
36 9 451
36 10 195
36 11 499
36 12 551
36 13 616
36 14 408
36 15 768
36 16 482
36 17 491
36 18 391
36 19 239
36 20 313
36 21 339
36 22 447
36 23 265
36 24 317
36 25 456
36 26 104
36 27 395
36 28 685
36 29 91
36 30 547
36 31 633
36 32 651
36 33 647
36 34 182
36 35 278
36 36 0
36 37 595
36 38 503
36 39 629
36 40 803
36 41 712
36 42 781
36 43 104
36 44 608
36 45 395
36 46 298
36 47 441
36 48 892
36 49 250
36 50 393
36 51 844
36 52 202
36 53 345
36 54 796
36 55 154
36 56 297
36 57 748
36 58 202
36 59 345
36 60 796
36 61 250
36 62 393
36 63 844
36 64 418
37 0 725
37 1 395
37 2 578
37 3 361
37 4 335
37 5 404
37 6 408
37 7 478
37 8 91
37 9 452
37 10 400
37 11 500
37 12 456
37 13 617
37 14 409
37 15 613
37 16 483
37 17 204
37 18 512
37 19 664
37 20 590
37 21 756
37 22 552
37 23 734
37 24 682
37 25 447
37 26 699
37 27 508
37 28 504
37 29 504
37 30 548
37 31 556
37 32 460
37 33 52
37 34 413
37 35 721
37 36 595
37 37 0
37 38 504
37 39 630
37 40 208
37 41 117
37 42 600
37 43 699
37 44 13
37 45 300
37 46 605
37 47 154
37 48 297
37 49 653
37 50 202
37 51 345
37 52 701
37 53 250
37 54 393
37 55 749
37 56 298
37 57 441
37 58 797
37 59 346
37 60 489
37 61 845
37 62 394
37 63 537
37 64 725
38 0 921
38 1 391
38 2 486
38 3 269
38 4 243
38 5 408
38 6 508
38 7 386
38 8 595
38 9 52
38 10 308
38 11 408
38 12 460
38 13 473
38 14 317
38 15 417
38 16 391
38 17 400
38 18 612
38 19 668
38 20 690
38 21 664
38 22 460
38 23 642
38 24 590
38 25 547
38 26 607
38 27 512
38 28 182
38 29 412
38 30 456
38 31 130
38 32 534
38 33 556
38 34 321
38 35 629
38 36 503
38 37 504
38 38 0
38 39 460
38 40 478
38 41 569
38 42 404
38 43 607
38 44 517
38 45 304
38 46 801
38 47 350
38 48 389
38 49 753
38 50 302
38 51 341
38 52 705
38 53 254
38 54 293
38 55 657
38 56 206
38 57 245
38 58 705
38 59 254
38 60 293
38 61 753
38 62 302
38 63 341
38 64 921
39 0 1047
39 1 361
39 2 52
39 3 395
39 4 369
39 5 534
39 6 556
39 7 512
39 8 565
39 9 486
39 10 434
39 11 130
39 12 508
39 13 13
39 14 347
39 15 291
39 16 421
39 17 526
39 18 738
39 19 794
39 20 816
39 21 694
39 22 490
39 23 672
39 24 620
39 25 673
39 26 733
39 27 638
39 28 278
39 29 538
39 30 486
39 31 330
39 32 504
39 33 604
39 34 447
39 35 659
39 36 629
39 37 630
39 38 460
39 39 0
39 40 448
39 41 539
39 42 278
39 43 733
39 44 643
39 45 430
39 46 927
39 47 476
39 48 359
39 49 879
39 50 428
39 51 311
39 52 831
39 53 380
39 54 263
39 55 783
39 56 332
39 57 215
39 58 735
39 59 284
39 60 167
39 61 783
39 62 332
39 63 215
39 64 1047
40 0 933
40 1 187
40 2 500
40 3 569
40 4 543
40 5 482
40 6 382
40 7 686
40 8 117
40 9 530
40 10 608
40 11 578
40 12 430
40 13 461
40 14 617
40 15 405
40 16 691
40 17 412
40 18 720
40 19 872
40 20 798
40 21 964
40 22 760
40 23 942
40 24 890
40 25 655
40 26 907
40 27 716
40 28 296
40 29 712
40 30 756
40 31 348
40 32 330
40 33 156
40 34 621
40 35 929
40 36 803
40 37 208
40 38 478
40 39 448
40 40 0
40 41 91
40 42 392
40 43 907
40 44 195
40 45 508
40 46 813
40 47 362
40 48 89
40 49 861
40 50 410
40 51 137
40 52 909
40 53 458
40 54 185
40 55 957
40 56 506
40 57 233
40 58 1005
40 59 554
40 60 281
40 61 1053
40 62 602
40 63 329
40 64 933
41 0 842
41 1 278
41 2 591
41 3 478
41 4 452
41 5 521
41 6 473
41 7 595
41 8 26
41 9 569
41 10 517
41 11 617
41 12 521
41 13 552
41 14 526
41 15 496
41 16 600
41 17 321
41 18 629
41 19 781
41 20 707
41 21 873
41 22 669
41 23 851
41 24 799
41 25 564
41 26 816
41 27 625
41 28 387
41 29 621
41 30 665
41 31 439
41 32 421
41 33 65
41 34 530
41 35 838
41 36 712
41 37 117
41 38 569
41 39 539
41 40 91
41 41 0
41 42 483
41 43 816
41 44 104
41 45 417
41 46 722
41 47 271
41 48 180
41 49 770
41 50 319
41 51 228
41 52 818
41 53 367
41 54 276
41 55 866
41 56 415
41 57 324
41 58 914
41 59 463
41 60 372
41 61 962
41 62 511
41 63 420
41 64 842
42 0 1199
42 1 305
42 2 330
42 3 547
42 4 521
42 5 504
42 6 500
42 7 664
42 8 509
42 9 456
42 10 586
42 11 408
42 12 452
42 13 291
42 14 499
42 15 13
42 16 299
42 17 678
42 18 890
42 19 946
42 20 968
42 21 750
42 22 642
42 23 824
42 24 772
42 25 825
42 26 885
42 27 790
42 28 222
42 29 690
42 30 542
42 31 274
42 32 448
42 33 548
42 34 599
42 35 811
42 36 781
42 37 600
42 38 404
42 39 278
42 40 392
42 41 483
42 42 0
42 43 885
42 44 587
42 45 582
42 46 1079
42 47 628
42 48 303
42 49 1031
42 50 580
42 51 255
42 52 983
42 53 532
42 54 207
42 55 935
42 56 484
42 57 159
42 58 887
42 59 436
42 60 111
42 61 839
42 62 388
42 63 63
42 64 1199
43 0 314
43 1 898
43 2 681
43 3 338
43 4 364
43 5 603
43 6 703
43 7 221
43 8 790
43 9 555
43 10 299
43 11 603
43 12 655
43 13 720
43 14 486
43 15 872
43 16 586
43 17 595
43 18 287
43 19 135
43 20 209
43 21 235
43 22 343
43 23 161
43 24 213
43 25 352
43 26 0
43 27 291
43 28 789
43 29 195
43 30 443
43 31 737
43 32 755
43 33 751
43 34 286
43 35 174
43 36 104
43 37 699
43 38 607
43 39 733
43 40 907
43 41 816
43 42 885
43 43 0
43 44 712
43 45 499
43 46 194
43 47 545
43 48 996
43 49 146
43 50 497
43 51 948
43 52 98
43 53 449
43 54 900
43 55 50
43 56 401
43 57 852
43 58 98
43 59 449
43 60 900
43 61 146
43 62 497
43 63 948
43 64 314
44 0 738
44 1 382
44 2 591
44 3 374
44 4 348
44 5 417
44 6 421
44 7 491
44 8 78
44 9 465
44 10 413
44 11 513
44 12 469
44 13 630
44 14 422
44 15 600
44 16 496
44 17 217
44 18 525
44 19 677
44 20 603
44 21 769
44 22 565
44 23 747
44 24 695
44 25 460
44 26 712
44 27 521
44 28 491
44 29 517
44 30 561
44 31 543
44 32 473
44 33 39
44 34 426
44 35 734
44 36 608
44 37 13
44 38 517
44 39 643
44 40 195
44 41 104
44 42 587
44 43 712
44 44 0
44 45 313
44 46 618
44 47 167
44 48 284
44 49 666
44 50 215
44 51 332
44 52 714
44 53 263
44 54 380
44 55 762
44 56 311
44 57 428
44 58 810
44 59 359
44 60 476
44 61 858
44 62 407
44 63 524
44 64 738
45 0 617
45 1 499
45 2 378
45 3 161
45 4 135
45 5 204
45 6 304
45 7 278
45 8 391
45 9 252
45 10 200
45 11 300
45 12 256
45 13 417
45 14 209
45 15 569
45 16 283
45 17 196
45 18 408
45 19 364
45 20 486
45 21 556
45 22 352
45 23 534
45 24 482
45 25 343
45 26 499
45 27 208
45 28 486
45 29 304
45 30 348
45 31 434
45 32 356
45 33 352
45 34 213
45 35 521
45 36 395
45 37 300
45 38 304
45 39 430
45 40 508
45 41 417
45 42 582
45 43 499
45 44 313
45 45 0
45 46 497
45 47 146
45 48 597
45 49 449
45 50 98
45 51 549
45 52 401
45 53 50
45 54 501
45 55 449
45 56 98
45 57 549
45 58 497
45 59 146
45 60 597
45 61 545
45 62 194
45 63 645
45 64 617
46 0 120
46 1 900
46 2 875
46 3 532
46 4 558
46 5 701
46 6 705
46 7 415
46 8 696
46 9 749
46 10 493
46 11 797
46 12 753
46 13 914
46 14 580
46 15 1066
46 16 780
46 17 401
46 18 189
46 19 133
46 20 111
46 21 329
46 22 437
46 23 255
46 24 307
46 25 254
46 26 194
46 27 289
46 28 983
46 29 389
46 30 537
46 31 931
46 32 757
46 33 657
46 34 480
46 35 268
46 36 298
46 37 605
46 38 801
46 39 927
46 40 813
46 41 722
46 42 1079
46 43 194
46 44 618
46 45 497
46 46 0
46 47 451
46 48 902
46 49 48
46 50 499
46 51 950
46 52 96
46 53 547
46 54 998
46 55 144
46 56 595
46 57 1046
46 58 192
46 59 643
46 60 1094
46 61 240
46 62 691
46 63 1142
46 64 120
47 0 571
47 1 449
47 2 424
47 3 207
47 4 181
47 5 250
47 6 254
47 7 324
47 8 245
47 9 298
47 10 246
47 11 346
47 12 302
47 13 463
47 14 255
47 15 615
47 16 329
47 17 50
47 18 358
47 19 510
47 20 436
47 21 602
47 22 398
47 23 580
47 24 528
47 25 293
47 26 545
47 27 354
47 28 532
47 29 350
47 30 394
47 31 480
47 32 306
47 33 206
47 34 259
47 35 567
47 36 441
47 37 154
47 38 350
47 39 476
47 40 362
47 41 271
47 42 628
47 43 545
47 44 167
47 45 146
47 46 451
47 47 0
47 48 451
47 49 499
47 50 48
47 51 499
47 52 547
47 53 96
47 54 547
47 55 595
47 56 144
47 57 595
47 58 643
47 59 192
47 60 643
47 61 691
47 62 240
47 63 691
47 64 571
48 0 1022
48 1 98
48 2 411
48 3 658
48 4 632
48 5 393
48 6 293
48 7 775
48 8 206
48 9 441
48 10 697
48 11 489
48 12 341
48 13 372
48 14 706
48 15 316
48 16 602
48 17 501
48 18 809
48 19 961
48 20 887
48 21 1053
48 22 849
48 23 1031
48 24 979
48 25 744
48 26 996
48 27 805
48 28 207
48 29 801
48 30 845
48 31 259
48 32 241
48 33 245
48 34 710
48 35 1018
48 36 892
48 37 297
48 38 389
48 39 359
48 40 89
48 41 180
48 42 303
48 43 996
48 44 284
48 45 597
48 46 902
48 47 451
48 48 0
48 49 950
48 50 499
48 51 48
48 52 998
48 53 547
48 54 96
48 55 1046
48 56 595
48 57 144
48 58 1094
48 59 643
48 60 192
48 61 1142
48 62 691
48 63 240
48 64 1022
49 0 168
49 1 852
49 2 827
49 3 484
49 4 510
49 5 653
49 6 657
49 7 367
49 8 744
49 9 701
49 10 445
49 11 749
49 12 705
49 13 866
49 14 532
49 15 1018
49 16 732
49 17 449
49 18 141
49 19 85
49 20 63
49 21 281
49 22 389
49 23 207
49 24 259
49 25 206
49 26 146
49 27 241
49 28 935
49 29 341
49 30 489
49 31 883
49 32 709
49 33 705
49 34 432
49 35 220
49 36 250
49 37 653
49 38 753
49 39 879
49 40 861
49 41 770
49 42 1031
49 43 146
49 44 666
49 45 449
49 46 48
49 47 499
49 48 950
49 49 0
49 50 451
49 51 902
49 52 48
49 53 499
49 54 950
49 55 96
49 56 547
49 57 998
49 58 144
49 59 595
49 60 1046
49 61 192
49 62 643
49 63 1094
49 64 168
50 0 619
50 1 401
50 2 376
50 3 159
50 4 133
50 5 202
50 6 206
50 7 276
50 8 293
50 9 250
50 10 198
50 11 298
50 12 254
50 13 415
50 14 207
50 15 567
50 16 281
50 17 98
50 18 310
50 19 462
50 20 388
50 21 554
50 22 350
50 23 532
50 24 480
50 25 245
50 26 497
50 27 306
50 28 484
50 29 302
50 30 346
50 31 432
50 32 258
50 33 254
50 34 211
50 35 519
50 36 393
50 37 202
50 38 302
50 39 428
50 40 410
50 41 319
50 42 580
50 43 497
50 44 215
50 45 98
50 46 499
50 47 48
50 48 499
50 49 451
50 50 0
50 51 451
50 52 499
50 53 48
50 54 499
50 55 547
50 56 96
50 57 547
50 58 595
50 59 144
50 60 595
50 61 643
50 62 192
50 63 643
50 64 619
51 0 1070
51 1 50
51 2 363
51 3 610
51 4 584
51 5 345
51 6 245
51 7 727
51 8 254
51 9 393
51 10 649
51 11 441
51 12 293
51 13 324
51 14 658
51 15 268
51 16 554
51 17 549
51 18 761
51 19 913
51 20 839
51 21 1005
51 22 801
51 23 983
51 24 931
51 25 696
51 26 948
51 27 757
51 28 159
51 29 753
51 30 797
51 31 211
51 32 193
51 33 293
51 34 662
51 35 970
51 36 844
51 37 345
51 38 341
51 39 311
51 40 137
51 41 228
51 42 255
51 43 948
51 44 332
51 45 549
51 46 950
51 47 499
51 48 48
51 49 902
51 50 451
51 51 0
51 52 950
51 53 499
51 54 48
51 55 998
51 56 547
51 57 96
51 58 1046
51 59 595
51 60 144
51 61 1094
51 62 643
51 63 192
51 64 1070
52 0 216
52 1 900
52 2 779
52 3 436
52 4 462
52 5 605
52 6 705
52 7 319
52 8 792
52 9 653
52 10 397
52 11 701
52 12 657
52 13 818
52 14 484
52 15 970
52 16 684
52 17 497
52 18 189
52 19 37
52 20 111
52 21 233
52 22 341
52 23 159
52 24 211
52 25 254
52 26 98
52 27 193
52 28 887
52 29 293
52 30 441
52 31 835
52 32 757
52 33 753
52 34 384
52 35 172
52 36 202
52 37 701
52 38 705
52 39 831
52 40 909
52 41 818
52 42 983
52 43 98
52 44 714
52 45 401
52 46 96
52 47 547
52 48 998
52 49 48
52 50 499
52 51 950
52 52 0
52 53 451
52 54 902
52 55 48
52 56 499
52 57 950
52 58 96
52 59 547
52 60 998
52 61 144
52 62 595
52 63 1046
52 64 216
53 0 667
53 1 449
53 2 328
53 3 111
53 4 85
53 5 154
53 6 254
53 7 228
53 8 341
53 9 202
53 10 150
53 11 250
53 12 206
53 13 367
53 14 159
53 15 519
53 16 233
53 17 146
53 18 358
53 19 414
53 20 436
53 21 506
53 22 302
53 23 484
53 24 432
53 25 293
53 26 449
53 27 258
53 28 436
53 29 254
53 30 298
53 31 384
53 32 306
53 33 302
53 34 163
53 35 471
53 36 345
53 37 250
53 38 254
53 39 380
53 40 458
53 41 367
53 42 532
53 43 449
53 44 263
53 45 50
53 46 547
53 47 96
53 48 547
53 49 499
53 50 48
53 51 499
53 52 451
53 53 0
53 54 451
53 55 499
53 56 48
53 57 499
53 58 547
53 59 96
53 60 547
53 61 595
53 62 144
53 63 595
53 64 667
54 0 1118
54 1 98
54 2 315
54 3 562
54 4 536
54 5 297
54 6 293
54 7 679
54 8 302
54 9 345
54 10 601
54 11 393
54 12 245
54 13 276
54 14 610
54 15 220
54 16 506
54 17 597
54 18 809
54 19 865
54 20 887
54 21 957
54 22 753
54 23 935
54 24 883
54 25 744
54 26 900
54 27 709
54 28 111
54 29 705
54 30 749
54 31 163
54 32 241
54 33 341
54 34 614
54 35 922
54 36 796
54 37 393
54 38 293
54 39 263
54 40 185
54 41 276
54 42 207
54 43 900
54 44 380
54 45 501
54 46 998
54 47 547
54 48 96
54 49 950
54 50 499
54 51 48
54 52 902
54 53 451
54 54 0
54 55 950
54 56 499
54 57 48
54 58 998
54 59 547
54 60 96
54 61 1046
54 62 595
54 63 144
54 64 1118
55 0 264
55 1 948
55 2 731
55 3 388
55 4 414
55 5 653
55 6 753
55 7 271
55 8 840
55 9 605
55 10 349
55 11 653
55 12 705
55 13 770
55 14 436
55 15 922
55 16 636
55 17 545
55 18 237
55 19 85
55 20 159
55 21 185
55 22 293
55 23 111
55 24 163
55 25 302
55 26 50
55 27 241
55 28 839
55 29 245
55 30 393
55 31 787
55 32 805
55 33 801
55 34 336
55 35 124
55 36 154
55 37 749
55 38 657
55 39 783
55 40 957
55 41 866
55 42 935
55 43 50
55 44 762
55 45 449
55 46 144
55 47 595
55 48 1046
55 49 96
55 50 547
55 51 998
55 52 48
55 53 499
55 54 950
55 55 0
55 56 451
55 57 902
55 58 48
55 59 499
55 60 950
55 61 96
55 62 547
55 63 998
55 64 264
56 0 715
56 1 497
56 2 280
56 3 63
56 4 37
56 5 202
56 6 302
56 7 180
56 8 389
56 9 154
56 10 102
56 11 202
56 12 254
56 13 319
56 14 111
56 15 471
56 16 185
56 17 194
56 18 406
56 19 462
56 20 484
56 21 458
56 22 254
56 23 436
56 24 384
56 25 341
56 26 401
56 27 306
56 28 388
56 29 206
56 30 250
56 31 336
56 32 354
56 33 350
56 34 115
56 35 423
56 36 297
56 37 298
56 38 206
56 39 332
56 40 506
56 41 415
56 42 484
56 43 401
56 44 311
56 45 98
56 46 595
56 47 144
56 48 595
56 49 547
56 50 96
56 51 547
56 52 499
56 53 48
56 54 499
56 55 451
56 56 0
56 57 451
56 58 499
56 59 48
56 60 499
56 61 547
56 62 96
56 63 547
56 64 715
57 0 1166
57 1 146
57 2 267
57 3 514
57 4 488
57 5 345
57 6 341
57 7 631
57 8 350
57 9 297
57 10 553
57 11 345
57 12 293
57 13 228
57 14 562
57 15 172
57 16 458
57 17 645
57 18 857
57 19 913
57 20 935
57 21 909
57 22 705
57 23 887
57 24 835
57 25 792
57 26 852
57 27 757
57 28 63
57 29 657
57 30 701
57 31 115
57 32 289
57 33 389
57 34 566
57 35 874
57 36 748
57 37 441
57 38 245
57 39 215
57 40 233
57 41 324
57 42 159
57 43 852
57 44 428
57 45 549
57 46 1046
57 47 595
57 48 144
57 49 998
57 50 547
57 51 96
57 52 950
57 53 499
57 54 48
57 55 902
57 56 451
57 57 0
57 58 950
57 59 499
57 60 48
57 61 998
57 62 547
57 63 96
57 64 1166
58 0 312
58 1 996
58 2 683
58 3 436
58 4 462
58 5 701
58 6 801
58 7 319
58 8 888
58 9 653
58 10 397
58 11 605
58 12 753
58 13 722
58 14 388
58 15 874
58 16 588
58 17 593
58 18 285
58 19 133
58 20 207
58 21 137
58 22 245
58 23 63
58 24 115
58 25 350
58 26 98
58 27 289
58 28 887
58 29 293
58 30 345
58 31 835
58 32 853
58 33 849
58 34 384
58 35 76
58 36 202
58 37 797
58 38 705
58 39 735
58 40 1005
58 41 914
58 42 887
58 43 98
58 44 810
58 45 497
58 46 192
58 47 643
58 48 1094
58 49 144
58 50 595
58 51 1046
58 52 96
58 53 547
58 54 998
58 55 48
58 56 499
58 57 950
58 58 0
58 59 451
58 60 902
58 61 48
58 62 499
58 63 950
58 64 312
59 0 763
59 1 545
59 2 232
59 3 111
59 4 85
59 5 250
59 6 350
59 7 228
59 8 437
59 9 202
59 10 150
59 11 154
59 12 302
59 13 271
59 14 63
59 15 423
59 16 137
59 17 242
59 18 454
59 19 510
59 20 532
59 21 410
59 22 206
59 23 388
59 24 336
59 25 389
59 26 449
59 27 354
59 28 436
59 29 254
59 30 202
59 31 384
59 32 402
59 33 398
59 34 163
59 35 375
59 36 345
59 37 346
59 38 254
59 39 284
59 40 554
59 41 463
59 42 436
59 43 449
59 44 359
59 45 146
59 46 643
59 47 192
59 48 643
59 49 595
59 50 144
59 51 595
59 52 547
59 53 96
59 54 547
59 55 499
59 56 48
59 57 499
59 58 451
59 59 0
59 60 451
59 61 499
59 62 48
59 63 499
