//alpha
1
//NbLocations
41
//NbProducts
22
//NbPickers
2
//CapaPicker
4
//TimeToTravelOneDistanceUnit
3
//SetupTime
5400
//PickTime
300
//Products
//Idx Location Size
1 1 1
2 2 1
3 3 1
4 4 1
5 5 1
6 6 1
7 7 1
8 8 1
9 9 1
10 10 1
11 11 1
12 12 1
13 13 1
14 14 1
15 15 1
16 16 1
17 17 1
18 18 1
19 19 1
20 20 1
21 21 1
22 22 1
//Orders
//NbOrders
12
//Idx DueDate TardinessPenalty NbProdInOrder ProdIdx1 Qty1 ProdIdx2 Qty2 ...
1 54000 0 2 1 1 2 1
2 54000 0 3 3 1 4 1 5 1
3 126000 0 2 6 1 7 1
4 126000 0 1 8 1
5 36000 0 3 9 1 10 1 11 1
6 126000 0 1 12 1
7 90000 0 1 13 1
8 72000 0 1 14 1
9 72000 0 1 15 1
10 54000 0 2 16 1 17 1
11 108000 0 3 18 1 19 1 20 1
12 108000 0 2 21 1 22 1
//Graph (Products are vertices indexed from 1 to NbProducts)
//NbVerticesIntersections
18
//DepartingDepot
0
//ArrivalDepot
41
//Arcs
//Start End Distance
0 23 120
1 8 39
1 12 13
2 4 117
2 34 128
3 39 193
3 40 258
4 2 117
4 7 13
5 16 26
5 24 232
6 17 39
6 20 156
7 4 13
7 33 193
8 1 39
8 21 0
9 15 104
9 27 284
10 35 154
10 36 297
11 13 247
11 33 154
12 1 13
12 18 117
13 11 247
13 32 50
14 29 414
14 30 37
15 9 104
15 26 63
16 5 26
16 23 193
17 6 39
17 38 50
18 12 117
18 25 76
19 27 219
19 28 232
20 6 156
20 22 13
21 8 0
21 24 206
22 20 13
22 39 193
23 16 193
23 26 48
23 41 120
24 5 232
24 21 206
24 27 48
25 18 76
25 28 48
26 15 63
26 23 48
26 29 48
27 9 284
27 19 219
27 24 48
27 30 48
28 19 232
28 25 48
28 31 48
29 14 414
29 26 48
29 32 48
30 14 37
30 27 48
30 31 451
30 33 48
31 28 48
31 30 451
31 34 48
32 13 50
32 29 48
32 35 48
33 7 193
33 11 154
33 30 48
33 36 48
34 2 128
34 31 48
34 37 48
35 10 154
35 32 48
35 38 48
36 10 297
36 33 48
36 37 451
36 39 48
37 34 48
37 36 451
37 40 48
38 17 50
38 35 48
39 3 193
39 22 193
39 36 48
40 3 258
40 37 48
//LocStart LocEnd ShortestPath
0 0 0
0 1 816
0 2 1038
0 3 1004
0 4 921
0 5 339
0 6 449
0 7 908
0 8 777
0 9 335
0 10 466
0 11 561
0 12 829
0 13 314
0 14 630
0 15 231
0 16 313
0 17 410
0 18 946
0 19 838
0 20 605
0 21 777
0 22 618
0 23 120
0 24 571
0 25 1022
0 26 168
0 27 619
0 28 1070
0 29 216
0 30 667
0 31 1118
0 32 264
0 33 715
0 34 1166
0 35 312
0 36 763
0 37 1214
0 38 360
0 39 811
0 40 1262
0 41 0
1 0 816
1 1 0
1 2 478
1 3 678
1 4 595
1 5 477
1 6 847
1 7 582
1 8 39
1 9 577
1 10 734
1 11 543
1 12 13
1 13 790
1 14 378
1 15 681
1 16 503
1 17 886
1 18 130
1 19 486
1 20 691
1 21 39
1 22 678
1 23 696
1 24 245
1 25 206
1 26 744
1 27 293
1 28 254
1 29 792
1 30 341
1 31 302
1 32 840
1 33 389
1 34 350
1 35 888
1 36 437
1 37 398
1 38 936
1 39 485
1 40 446
1 41 816
2 0 1038
2 1 478
2 2 0
2 3 482
2 4 117
2 5 699
2 6 781
2 7 130
2 8 517
2 9 703
2 10 668
2 11 477
2 12 465
2 13 724
2 14 408
2 15 807
2 16 725
2 17 820
2 18 348
2 19 456
2 20 625
2 21 517
2 22 612
2 23 918
2 24 467
2 25 272
2 26 870
2 27 419
2 28 224
2 29 822
2 30 371
2 31 176
2 32 774
2 33 323
2 34 128
2 35 822
2 36 371
2 37 176
2 38 870
2 39 419
2 40 224
2 41 1038
3 0 1004
3 1 678
3 2 482
3 3 0
3 4 495
3 5 665
3 6 555
3 7 482
3 8 639
3 9 669
3 10 538
3 11 443
3 12 691
3 13 690
3 14 374
3 15 773
3 16 691
3 17 594
3 18 574
3 19 604
3 20 399
3 21 639
3 22 386
3 23 884
3 24 433
3 25 498
3 26 836
3 27 385
3 28 450
3 29 788
3 30 337
3 31 402
3 32 740
3 33 289
3 34 354
3 35 692
3 36 241
3 37 306
3 38 644
3 39 193
3 40 258
3 41 1004
4 0 921
4 1 595
4 2 117
4 3 495
4 4 0
4 5 582
4 6 664
4 7 13
4 8 556
4 9 586
4 10 551
4 11 360
4 12 582
4 13 607
4 14 291
4 15 690
4 16 608
4 17 703
4 18 465
4 19 521
4 20 508
4 21 556
4 22 495
4 23 801
4 24 350
4 25 389
4 26 753
4 27 302
4 28 341
4 29 705
4 30 254
4 31 293
4 32 657
4 33 206
4 34 245
4 35 705
4 36 254
4 37 293
4 38 753
4 39 302
4 40 341
4 41 921
5 0 339
5 1 477
5 2 699
5 3 665
5 4 582
5 5 0
5 6 548
5 7 569
5 8 438
5 9 434
5 10 565
5 11 530
5 12 490
5 13 413
5 14 365
5 15 330
5 16 26
5 17 509
5 18 607
5 19 499
5 20 678
5 21 438
5 22 665
5 23 219
5 24 232
5 25 683
5 26 267
5 27 280
5 28 731
5 29 315
5 30 328
5 31 779
5 32 363
5 33 376
5 34 827
5 35 411
5 36 424
5 37 875
5 38 459
5 39 472
5 40 923
5 41 339
6 0 449
6 1 847
6 2 781
6 3 555
6 4 664
6 5 548
6 6 0
6 7 651
6 8 808
6 9 448
6 10 291
6 11 482
6 12 860
6 13 235
6 14 543
6 15 344
6 16 522
6 17 39
6 18 977
6 19 773
6 20 156
6 21 808
6 22 169
6 23 329
6 24 602
6 25 1053
6 26 281
6 27 554
6 28 1005
6 29 233
6 30 506
6 31 957
6 32 185
6 33 458
6 34 909
6 35 137
6 36 410
6 37 861
6 38 89
6 39 362
6 40 813
6 41 449
7 0 908
7 1 582
7 2 130
7 3 482
7 4 13
7 5 569
7 6 651
7 7 0
7 8 543
7 9 573
7 10 538
7 11 347
7 12 595
7 13 594
7 14 278
7 15 677
7 16 595
7 17 690
7 18 478
7 19 508
7 20 495
7 21 543
7 22 482
7 23 788
7 24 337
7 25 402
7 26 740
7 27 289
7 28 354
7 29 692
7 30 241
7 31 306
7 32 644
7 33 193
7 34 258
7 35 692
7 36 241
7 37 306
7 38 740
7 39 289
7 40 354
7 41 908
8 0 777
8 1 39
8 2 517
8 3 639
8 4 556
8 5 438
8 6 808
8 7 543
8 8 0
8 9 538
8 10 695
8 11 504
8 12 52
8 13 751
8 14 339
8 15 642
8 16 464
8 17 847
8 18 169
8 19 473
8 20 652
8 21 0
8 22 639
8 23 657
8 24 206
8 25 245
8 26 705
8 27 254
8 28 293
8 29 753
8 30 302
8 31 341
8 32 801
8 33 350
8 34 389
8 35 849
8 36 398
8 37 437
8 38 897
8 39 446
8 40 485
8 41 777
9 0 335
9 1 577
9 2 703
9 3 669
9 4 586
9 5 434
9 6 448
9 7 573
9 8 538
9 9 0
9 10 465
9 11 534
9 12 590
9 13 313
9 14 369
9 15 104
9 16 408
9 17 409
9 18 707
9 19 503
9 20 604
9 21 538
9 22 617
9 23 215
9 24 332
9 25 783
9 26 167
9 27 284
9 28 735
9 29 215
9 30 332
9 31 783
9 32 263
9 33 380
9 34 831
9 35 311
9 36 428
9 37 879
9 38 359
9 39 476
9 40 927
9 41 335
10 0 466
10 1 734
10 2 668
10 3 538
10 4 551
10 5 565
10 6 291
10 7 538
10 8 695
10 9 465
10 10 0
10 11 499
10 12 747
10 13 252
10 14 430
10 15 361
10 16 539
10 17 252
10 18 864
10 19 660
10 20 447
10 21 695
10 22 460
10 23 346
10 24 489
10 25 940
10 26 298
10 27 441
10 28 892
10 29 250
10 30 393
10 31 844
10 32 202
10 33 345
10 34 796
10 35 154
10 36 297
10 37 748
10 38 202
10 39 345
10 40 796
10 41 466
11 0 561
11 1 543
11 2 477
11 3 443
11 4 360
11 5 530
11 6 482
11 7 347
11 8 504
11 9 534
11 10 499
11 11 0
11 12 556
11 13 247
11 14 239
11 15 456
11 16 556
11 17 443
11 18 673
11 19 469
11 20 456
11 21 504
11 22 443
11 23 441
11 24 298
11 25 749
11 26 393
11 27 250
11 28 701
11 29 345
11 30 202
11 31 653
11 32 297
11 33 154
11 34 605
11 35 345
11 36 202
11 37 653
11 38 393
11 39 250
11 40 701
11 41 561
12 0 829
12 1 13
12 2 465
12 3 691
12 4 582
12 5 490
12 6 860
12 7 595
12 8 52
12 9 590
12 10 747
12 11 556
12 12 0
12 13 803
12 14 391
12 15 694
12 16 516
12 17 899
12 18 117
12 19 473
12 20 704
12 21 52
12 22 691
12 23 709
12 24 258
12 25 193
12 26 757
12 27 306
12 28 241
12 29 805
12 30 354
12 31 289
12 32 853
12 33 402
12 34 337
12 35 901
12 36 450
12 37 385
12 38 949
12 39 498
12 40 433
12 41 829
13 0 314
13 1 790
13 2 724
13 3 690
13 4 607
13 5 413
13 6 235
13 7 594
13 8 751
13 9 313
13 10 252
13 11 247
13 12 803
13 13 0
13 14 486
13 15 209
13 16 387
13 17 196
13 18 920
13 19 716
13 20 391
13 21 751
13 22 404
13 23 194
13 24 545
13 25 996
13 26 146
13 27 497
13 28 948
13 29 98
13 30 449
13 31 900
13 32 50
13 33 401
13 34 852
13 35 98
13 36 449
13 37 900
13 38 146
13 39 497
13 40 948
13 41 314
14 0 630
14 1 378
14 2 408
14 3 374
14 4 291
14 5 365
14 6 543
14 7 278
14 8 339
14 9 369
14 10 430
14 11 239
14 12 391
14 13 486
14 14 0
14 15 473
14 16 391
14 17 582
14 18 508
14 19 304
14 20 387
14 21 339
14 22 374
14 23 510
14 24 133
14 25 584
14 26 462
14 27 85
14 28 536
14 29 414
14 30 37
14 31 488
14 32 462
14 33 85
14 34 536
14 35 510
14 36 133
14 37 584
14 38 558
14 39 181
14 40 632
14 41 630
15 0 231
15 1 681
15 2 807
15 3 773
15 4 690
15 5 330
15 6 344
15 7 677
15 8 642
15 9 104
15 10 361
15 11 456
15 12 694
15 13 209
15 14 473
15 15 0
15 16 304
15 17 305
15 18 811
15 19 607
15 20 500
15 21 642
15 22 513
15 23 111
15 24 436
15 25 887
15 26 63
15 27 388
15 28 839
15 29 111
15 30 436
15 31 887
15 32 159
15 33 484
15 34 935
15 35 207
15 36 532
15 37 983
15 38 255
15 39 580
15 40 1031
15 41 231
16 0 313
16 1 503
16 2 725
16 3 691
16 4 608
16 5 26
16 6 522
16 7 595
16 8 464
16 9 408
16 10 539
16 11 556
16 12 516
16 13 387
16 14 391
16 15 304
16 16 0
16 17 483
16 18 633
16 19 525
16 20 678
16 21 464
16 22 691
16 23 193
16 24 258
16 25 709
16 26 241
16 27 306
16 28 757
16 29 289
16 30 354
16 31 805
16 32 337
16 33 402
16 34 853
16 35 385
16 36 450
16 37 901
16 38 433
16 39 498
16 40 949
16 41 313
17 0 410
17 1 886
17 2 820
17 3 594
17 4 703
17 5 509
17 6 39
17 7 690
17 8 847
17 9 409
17 10 252
17 11 443
17 12 899
17 13 196
17 14 582
17 15 305
17 16 483
17 17 0
17 18 1016
17 19 812
17 20 195
17 21 847
17 22 208
17 23 290
17 24 641
17 25 1092
17 26 242
17 27 593
17 28 1044
17 29 194
17 30 545
17 31 996
17 32 146
17 33 497
17 34 948
17 35 98
17 36 449
17 37 900
17 38 50
17 39 401
17 40 852
17 41 410
18 0 946
18 1 130
18 2 348
18 3 574
18 4 465
18 5 607
18 6 977
18 7 478
18 8 169
18 9 707
18 10 864
18 11 673
18 12 117
18 13 920
18 14 508
18 15 811
18 16 633
18 17 1016
18 18 0
18 19 356
18 20 821
18 21 169
18 22 808
18 23 826
18 24 375
18 25 76
18 26 874
18 27 423
18 28 124
18 29 922
18 30 471
18 31 172
18 32 970
18 33 519
18 34 220
18 35 1018
18 36 567
18 37 268
18 38 1066
18 39 615
18 40 316
18 41 946
19 0 838
19 1 486
19 2 456
19 3 604
19 4 521
19 5 499
19 6 773
19 7 508
19 8 473
19 9 503
19 10 660
19 11 469
19 12 473
19 13 716
19 14 304
19 15 607
19 16 525
19 17 812
19 18 356
19 19 0
19 20 617
19 21 473
19 22 604
19 23 718
19 24 267
19 25 280
19 26 670
19 27 219
19 28 232
19 29 718
19 30 267
19 31 280
19 32 766
19 33 315
19 34 328
19 35 814
19 36 363
19 37 376
19 38 862
19 39 411
19 40 424
19 41 838
20 0 605
20 1 691
20 2 625
20 3 399
20 4 508
20 5 678
20 6 156
20 7 495
20 8 652
20 9 604
20 10 447
20 11 456
20 12 704
20 13 391
20 14 387
20 15 500
20 16 678
20 17 195
20 18 821
20 19 617
20 20 0
20 21 652
20 22 13
20 23 485
20 24 446
20 25 897
20 26 437
20 27 398
20 28 849
20 29 389
20 30 350
20 31 801
20 32 341
20 33 302
20 34 753
20 35 293
20 36 254
20 37 705
20 38 245
20 39 206
20 40 657
20 41 605
21 0 777
21 1 39
21 2 517
21 3 639
21 4 556
21 5 438
21 6 808
21 7 543
21 8 0
21 9 538
21 10 695
21 11 504
21 12 52
21 13 751
21 14 339
21 15 642
21 16 464
21 17 847
21 18 169
21 19 473
21 20 652
21 21 0
21 22 639
21 23 657
21 24 206
21 25 245
21 26 705
21 27 254
21 28 293
21 29 753
21 30 302
21 31 341
21 32 801
21 33 350
21 34 389
21 35 849
21 36 398
21 37 437
21 38 897
21 39 446
21 40 485
21 41 777
22 0 618
22 1 678
22 2 612
22 3 386
22 4 495
22 5 665
22 6 169
22 7 482
22 8 639
22 9 617
22 10 460
22 11 443
22 12 691
22 13 404
22 14 374
22 15 513
22 16 691
22 17 208
22 18 808
22 19 604
22 20 13
22 21 639
22 22 0
22 23 498
22 24 433
22 25 884
22 26 450
22 27 385
22 28 836
22 29 402
22 30 337
22 31 788
22 32 354
22 33 289
22 34 740
22 35 306
22 36 241
22 37 692
22 38 258
22 39 193
22 40 644
22 41 618
23 0 120
23 1 696
23 2 918
23 3 884
23 4 801
23 5 219
23 6 329
23 7 788
23 8 657
23 9 215
23 10 346
23 11 441
23 12 709
23 13 194
23 14 510
23 15 111
23 16 193
23 17 290
23 18 826
23 19 718
23 20 485
23 21 657
23 22 498
23 23 0
23 24 451
23 25 902
23 26 48
23 27 499
23 28 950
23 29 96
23 30 547
23 31 998
23 32 144
23 33 595
23 34 1046
23 35 192
23 36 643
23 37 1094
23 38 240
23 39 691
23 40 1142
23 41 120
24 0 571
24 1 245
24 2 467
24 3 433
24 4 350
24 5 232
24 6 602
24 7 337
24 8 206
24 9 332
24 10 489
24 11 298
24 12 258
24 13 545
24 14 133
24 15 436
24 16 258
24 17 641
24 18 375
24 19 267
24 20 446
24 21 206
24 22 433
24 23 451
24 24 0
24 25 451
24 26 499
24 27 48
24 28 499
24 29 547
24 30 96
24 31 547
24 32 595
24 33 144
24 34 595
24 35 643
24 36 192
24 37 643
24 38 691
24 39 240
24 40 691
24 41 571
25 0 1022
25 1 206
25 2 272
25 3 498
25 4 389
25 5 683
25 6 1053
25 7 402
25 8 245
25 9 783
25 10 940
25 11 749
25 12 193
25 13 996
25 14 584
25 15 887
25 16 709
25 17 1092
25 18 76
25 19 280
25 20 897
25 21 245
25 22 884
25 23 902
25 24 451
25 25 0
25 26 950
25 27 499
25 28 48
25 29 998
25 30 547
25 31 96
25 32 1046
25 33 595
25 34 144
25 35 1094
25 36 643
25 37 192
25 38 1142
25 39 691
25 40 240
25 41 1022
26 0 168
26 1 744
26 2 870
26 3 836
26 4 753
26 5 267
26 6 281
26 7 740
26 8 705
26 9 167
26 10 298
26 11 393
26 12 757
26 13 146
26 14 462
26 15 63
26 16 241
26 17 242
26 18 874
26 19 670
26 20 437
26 21 705
26 22 450
26 23 48
26 24 499
26 25 950
26 26 0
26 27 451
26 28 902
26 29 48
26 30 499
26 31 950
26 32 96
26 33 547
26 34 998
26 35 144
26 36 595
26 37 1046
26 38 192
26 39 643
26 40 1094
26 41 168
27 0 619
27 1 293
27 2 419
27 3 385
27 4 302
27 5 280
27 6 554
27 7 289
27 8 254
27 9 284
27 10 441
27 11 250
27 12 306
27 13 497
27 14 85
27 15 388
27 16 306
27 17 593
27 18 423
27 19 219
27 20 398
27 21 254
27 22 385
27 23 499
27 24 48
27 25 499
27 26 451
27 27 0
27 28 451
27 29 499
27 30 48
27 31 499
27 32 547
27 33 96
27 34 547
27 35 595
27 36 144
27 37 595
27 38 643
27 39 192
27 40 643
27 41 619
28 0 1070
28 1 254
28 2 224
28 3 450
28 4 341
28 5 731
28 6 1005
28 7 354
28 8 293
28 9 735
28 10 892
28 11 701
28 12 241
28 13 948
28 14 536
28 15 839
28 16 757
28 17 1044
28 18 124
28 19 232
28 20 849
28 21 293
28 22 836
28 23 950
28 24 499
28 25 48
28 26 902
28 27 451
28 28 0
28 29 950
28 30 499
28 31 48
28 32 998
28 33 547
28 34 96
28 35 1046
28 36 595
28 37 144
28 38 1094
28 39 643
28 40 192
28 41 1070
29 0 216
29 1 792
29 2 822
29 3 788
29 4 705
29 5 315
29 6 233
29 7 692
29 8 753
29 9 215
29 10 250
29 11 345
29 12 805
29 13 98
29 14 414
29 15 111
29 16 289
29 17 194
29 18 922
29 19 718
29 20 389
29 21 753
29 22 402
29 23 96
29 24 547
29 25 998
29 26 48
29 27 499
29 28 950
29 29 0
29 30 451
29 31 902
29 32 48
29 33 499
29 34 950
29 35 96
29 36 547
29 37 998
29 38 144
29 39 595
29 40 1046
29 41 216
30 0 667
30 1 341
30 2 371
30 3 337
30 4 254
30 5 328
30 6 506
30 7 241
30 8 302
30 9 332
30 10 393
30 11 202
30 12 354
30 13 449
30 14 37
30 15 436
30 16 354
30 17 545
30 18 471
30 19 267
30 20 350
30 21 302
30 22 337
30 23 547
30 24 96
30 25 547
30 26 499
30 27 48
30 28 499
30 29 451
30 30 0
30 31 451
30 32 499
30 33 48
30 34 499
30 35 547
30 36 96
30 37 547
30 38 595
30 39 144
30 40 595
30 41 667
31 0 1118
31 1 302
31 2 176
31 3 402
31 4 293
31 5 779
31 6 957
31 7 306
31 8 341
31 9 783
31 10 844
31 11 653
31 12 289
31 13 900
31 14 488
31 15 887
31 16 805
31 17 996
31 18 172
31 19 280
31 20 801
31 21 341
31 22 788
31 23 998
31 24 547
31 25 96
31 26 950
31 27 499
31 28 48
31 29 902
31 30 451
31 31 0
31 32 950
31 33 499
31 34 48
31 35 998
31 36 547
31 37 96
31 38 1046
31 39 595
31 40 144
31 41 1118
32 0 264
32 1 840
32 2 774
32 3 740
32 4 657
32 5 363
32 6 185
32 7 644
32 8 801
32 9 263
32 10 202
32 11 297
32 12 853
32 13 50
32 14 462
32 15 159
32 16 337
32 17 146
32 18 970
32 19 766
32 20 341
32 21 801
32 22 354
32 23 144
32 24 595
32 25 1046
32 26 96
32 27 547
32 28 998
32 29 48
32 30 499
32 31 950
32 32 0
32 33 451
32 34 902
32 35 48
32 36 499
32 37 950
32 38 96
32 39 547
32 40 998
32 41 264
33 0 715
33 1 389
33 2 323
33 3 289
33 4 206
33 5 376
33 6 458
33 7 193
33 8 350
33 9 380
33 10 345
33 11 154
33 12 402
33 13 401
33 14 85
33 15 484
33 16 402
33 17 497
33 18 519
33 19 315
33 20 302
33 21 350
33 22 289
33 23 595
33 24 144
33 25 595
33 26 547
33 27 96
33 28 547
33 29 499
33 30 48
33 31 499
33 32 451
33 33 0
33 34 451
33 35 499
33 36 48
33 37 499
33 38 547
33 39 96
33 40 547
33 41 715
34 0 1166
34 1 350
34 2 128
34 3 354
34 4 245
34 5 827
34 6 909
34 7 258
34 8 389
34 9 831
34 10 796
34 11 605
34 12 337
34 13 852
34 14 536
34 15 935
34 16 853
34 17 948
34 18 220
34 19 328
34 20 753
34 21 389
34 22 740
34 23 1046
34 24 595
34 25 144
34 26 998
34 27 547
34 28 96
34 29 950
34 30 499
34 31 48
34 32 902
34 33 451
34 34 0
34 35 950
34 36 499
34 37 48
34 38 998
34 39 547
34 40 96
34 41 1166
35 0 312
35 1 888
35 2 822
35 3 692
35 4 705
35 5 411
35 6 137
35 7 692
35 8 849
35 9 311
35 10 154
35 11 345
35 12 901
35 13 98
35 14 510
35 15 207
35 16 385
35 17 98
35 18 1018
35 19 814
35 20 293
35 21 849
35 22 306
35 23 192
35 24 643
35 25 1094
35 26 144
35 27 595
35 28 1046
35 29 96
35 30 547
35 31 998
35 32 48
35 33 499
35 34 950
35 35 0
35 36 451
35 37 902
35 38 48
35 39 499
35 40 950
35 41 312
36 0 763
36 1 437
36 2 371
36 3 241
36 4 254
36 5 424
36 6 410
36 7 241
36 8 398
36 9 428
36 10 297
36 11 202
36 12 450
36 13 449
36 14 133
36 15 532
36 16 450
36 17 449
36 18 567
36 19 363
36 20 254
36 21 398
36 22 241
36 23 643
36 24 192
36 25 643
36 26 595
36 27 144
36 28 595
36 29 547
36 30 96
36 31 547
36 32 499
36 33 48
36 34 499
36 35 451
36 36 0
36 37 451
36 38 499
36 39 48
36 40 499
36 41 763
37 0 1214
37 1 398
37 2 176
37 3 306
37 4 293
37 5 875
37 6 861
37 7 306
37 8 437
37 9 879
37 10 748
37 11 653
37 12 385
37 13 900
37 14 584
37 15 983
37 16 901
37 17 900
37 18 268
37 19 376
37 20 705
37 21 437
37 22 692
37 23 1094
37 24 643
37 25 192
37 26 1046
37 27 595
37 28 144
37 29 998
37 30 547
37 31 96
37 32 950
37 33 499
37 34 48
37 35 902
37 36 451
37 37 0
37 38 950
37 39 499
37 40 48
37 41 1214
38 0 360
38 1 936
38 2 870
38 3 644
38 4 753
38 5 459
38 6 89
38 7 740
38 8 897
38 9 359
38 10 202
38 11 393
38 12 949
38 13 146
38 14 558
38 15 255
38 16 433
38 17 50
38 18 1066
38 19 862
38 20 245
38 21 897
38 22 258
38 23 240
38 24 691
38 25 1142
38 26 192
38 27 643
38 28 1094
38 29 144
38 30 595
38 31 1046
38 32 96
38 33 547
38 34 998
38 35 48
38 36 499
38 37 950
38 38 0
38 39 451
38 40 902
38 41 360
39 0 811
39 1 485
39 2 419
39 3 193
39 4 302
39 5 472
39 6 362
39 7 289
39 8 446
39 9 476
39 10 345
39 11 250
39 12 498
39 13 497
39 14 181
39 15 580
39 16 498
39 17 401
39 18 615
39 19 411
39 20 206
39 21 446
39 22 193
39 23 691
39 24 240
39 25 691
39 26 643
39 27 192
39 28 643
39 29 595
39 30 144
39 31 595
39 32 547
39 33 96
39 34 547
39 35 499
39 36 48
39 37 499
39 38 451
39 39 0
39 40 451
39 41 811
40 0 1262
40 1 446
40 2 224
40 3 258
40 4 341
40 5 923
40 6 813
40 7 354
40 8 485
40 9 927
40 10 796
40 11 701
40 12 433
40 13 948
40 14 632
40 15 1031
40 16 949
40 17 852
40 18 316
40 19 424
40 20 657
40 21 485
40 22 644
40 23 1142
40 24 691
40 25 240
40 26 1094
40 27 643
40 28 192
40 29 1046
40 30 595
40 31 144
40 32 998
40 33 547
40 34 96
40 35 950
40 36 499
40 37 48
40 38 902
40 39 451
40 40 0
40 41 1262
41 0 0
41 1 816
41 2 1038
41 3 1004
41 4 921
41 5 339
41 6 449
41 7 908
41 8 777
41 9 335
41 10 466
41 11 561
41 12 829
41 13 314
41 14 630
41 15 231
41 16 313
41 17 410
41 18 946
41 19 838
41 20 605
41 21 777
41 22 618
41 23 120
41 24 571
41 25 1022
41 26 168
41 27 619
41 28 1070
41 29 216
41 30 667
41 31 1118
41 32 264
41 33 715
41 34 1166
41 35 312
41 36 763
41 37 1214
41 38 360
41 39 811
41 40 1262
41 41 0
//Location coordinates LocationName
//Loc x y
0 0.0 0.0 "depot"
1 0.0 816.0 "product aisle 0 bloc 1 rank 33"
2 144.0 894.0 "product aisle 3 bloc 1 rank 45"
3 240.0 764.0 "product aisle 5 bloc 1 rank 25"
4 144.0 777.0 "product aisle 3 bloc 1 rank 27"
5 0.0 339.0 "product aisle 0 bloc 0 rank 30"
6 240.0 209.0 "product aisle 5 bloc 0 rank 9"
7 144.0 764.0 "product aisle 3 bloc 1 rank 26"
8 0.0 777.0 "product aisle 0 bloc 1 rank 28"
9 48.0 287.0 "product aisle 1 bloc 0 rank 21"
10 192.0 274.0 "product aisle 4 bloc 0 rank 19"
11 144.0 417.0 "product aisle 3 bloc 0 rank 41"
12 0.0 829.0 "product aisle 0 bloc 1 rank 35"
13 144.0 170.0 "product aisle 3 bloc 0 rank 4"
14 96.0 534.0 "product aisle 2 bloc 0 rank 59"
15 48.0 183.0 "product aisle 1 bloc 0 rank 5"
16 0.0 313.0 "product aisle 0 bloc 0 rank 26"
17 240.0 170.0 "product aisle 5 bloc 0 rank 4"
18 0.0 946.0 "product aisle 0 bloc 1 rank 54"
19 48.0 790.0 "product aisle 1 bloc 1 rank 29"
20 240.0 365.0 "product aisle 5 bloc 0 rank 33"
21 0.0 777.0 "product aisle 0 bloc 1 rank 27"
22 240.0 378.0 "product aisle 5 bloc 0 rank 36"
23 24.0 120.0 "intersection aisle 0 bloc 0 rank 0"
24 24.0 571.0 "intersection aisle 0 bloc 1 rank 1"
25 24.0 1022.0 "intersection aisle 0 bloc 2 rank 2"
26 72.0 120.0 "intersection aisle 1 bloc 0 rank 0"
27 72.0 571.0 "intersection aisle 1 bloc 1 rank 1"
28 72.0 1022.0 "intersection aisle 1 bloc 2 rank 2"
29 120.0 120.0 "intersection aisle 2 bloc 0 rank 0"
30 120.0 571.0 "intersection aisle 2 bloc 1 rank 1"
31 120.0 1022.0 "intersection aisle 2 bloc 2 rank 2"
32 168.0 120.0 "intersection aisle 3 bloc 0 rank 0"
33 168.0 571.0 "intersection aisle 3 bloc 1 rank 1"
34 168.0 1022.0 "intersection aisle 3 bloc 2 rank 2"
35 216.0 120.0 "intersection aisle 4 bloc 0 rank 0"
36 216.0 571.0 "intersection aisle 4 bloc 1 rank 1"
37 216.0 1022.0 "intersection aisle 4 bloc 2 rank 2"
38 264.0 120.0 "intersection aisle 5 bloc 0 rank 0"
39 264.0 571.0 "intersection aisle 5 bloc 1 rank 1"
40 264.0 1022.0 "intersection aisle 5 bloc 2 rank 2"
41 0.0 0.0 "depot"
