//alpha
1
//NbLocations
44
//NbProducts
27
//NbPickers
2
//CapaPicker
4
//TimeToTravelOneDistanceUnit
3
//SetupTime
5400
//PickTime
300
//Products
//Idx Location Size
1 1 1
2 2 1
3 3 1
4 4 1
5 5 1
6 6 1
7 6 1
8 7 1
9 8 1
10 9 1
11 10 1
12 11 1
13 12 1
14 13 1
15 14 1
16 15 1
17 16 1
18 17 1
19 18 1
20 10 1
21 19 1
22 20 1
23 21 1
24 22 1
25 23 1
26 24 1
27 25 1
//Orders
//NbOrders
12
//Idx DueDate TardinessPenalty NbProdInOrder ProdIdx1 Qty1 ProdIdx2 Qty2 ...
1 36000 0 1 1 1
2 90000 0 1 2 1
3 54000 0 1 3 1
4 144000 0 3 4 1 5 1 6 1
5 72000 0 4 7 1 8 1 9 1 10 1
6 90000 0 2 11 1 12 1
7 72000 0 1 13 1
8 90000 0 4 14 1 15 1 16 1 17 1
9 126000 0 1 18 1
10 72000 0 1 19 1
11 108000 0 4 20 1 21 1 22 1 23 1
12 72000 0 4 24 1 25 1 26 1 27 1
//Graph (Products are vertices indexed from 1 to NbProducts)
//NbVerticesIntersections
18
//DepartingDepot
0
//ArrivalDepot
44
//Arcs
//Start End Distance
0 26 120
1 7 26
1 22 52
2 29 128
2 30 323
3 23 13
3 28 37
4 9 104
4 20 0
5 12 117
5 14 143
6 11 39
6 24 65
7 1 26
7 19 130
8 17 0
8 24 65
9 4 104
9 17 26
10 11 13
10 27 63
11 6 39
11 10 13
12 5 117
12 33 50
13 18 13
13 33 362
14 5 143
14 21 26
15 36 414
15 37 37
16 41 37
16 42 414
17 8 0
17 9 26
18 13 13
18 32 76
19 7 130
19 23 39
20 4 0
20 26 76
21 14 26
21 34 115
22 1 52
22 27 154
23 3 13
23 19 39
24 6 65
24 8 65
25 30 154
25 31 297
26 20 76
26 29 48
26 44 120
27 10 63
27 22 154
27 30 48
28 3 37
28 31 48
29 2 128
29 26 48
29 32 48
30 2 323
30 25 154
30 27 48
30 33 48
31 25 297
31 28 48
31 34 48
32 18 76
32 29 48
32 35 48
33 12 50
33 13 362
33 30 48
33 36 48
34 21 115
34 31 48
34 37 48
35 32 48
35 36 451
35 38 48
36 15 414
36 33 48
36 35 451
36 39 48
37 15 37
37 34 48
37 40 48
38 35 48
38 39 451
38 41 48
39 36 48
39 38 451
39 40 451
39 42 48
40 37 48
40 39 451
40 43 48
41 16 37
41 38 48
42 16 414
42 39 48
42 43 451
43 40 48
43 42 451
//LocStart LocEnd ShortestPath
0 0 0
0 1 777
0 2 296
0 3 985
0 4 196
0 5 834
0 6 456
0 7 803
0 8 326
0 9 300
0 10 508
0 11 495
0 12 717
0 13 305
0 14 977
0 15 1129
0 16 397
0 17 326
0 18 292
0 19 933
0 20 196
0 21 1003
0 22 725
0 23 972
0 24 391
0 25 773
0 26 120
0 27 571
0 28 1022
0 29 168
0 30 619
0 31 1070
0 32 216
0 33 667
0 34 1118
0 35 264
0 36 715
0 37 1166
0 38 312
0 39 763
0 40 1214
0 41 360
0 42 811
0 43 1262
0 44 0
1 0 777
1 1 0
1 2 577
1 3 208
1 4 581
1 5 469
1 6 321
1 7 26
1 8 451
1 9 477
1 10 269
1 11 282
1 12 352
1 13 664
1 14 482
1 15 426
1 16 860
1 17 451
1 18 677
1 19 156
1 20 581
1 21 456
1 22 52
1 23 195
1 24 386
1 25 408
1 26 657
1 27 206
1 28 245
1 29 705
1 30 254
1 31 293
1 32 753
1 33 302
1 34 341
1 35 801
1 36 350
1 37 389
1 38 849
1 39 398
1 40 437
1 41 897
1 42 446
1 43 485
1 44 777
2 0 296
2 1 577
2 2 0
2 3 785
2 4 252
2 5 538
2 6 486
2 7 603
2 8 382
2 9 356
2 10 434
2 11 447
2 12 421
2 13 265
2 14 681
2 15 833
2 16 357
2 17 382
2 18 252
2 19 733
2 20 252
2 21 707
2 22 525
2 23 772
2 24 447
2 25 477
2 26 176
2 27 371
2 28 822
2 29 128
2 30 323
2 31 774
2 32 176
2 33 371
2 34 822
2 35 224
2 36 419
2 37 870
2 38 272
2 39 467
2 40 918
2 41 320
2 42 515
2 43 966
2 44 296
3 0 985
3 1 208
3 2 785
3 3 0
3 4 789
3 5 417
3 6 529
3 7 182
3 8 659
3 9 685
3 10 477
3 11 490
3 12 534
3 13 872
3 14 274
3 15 218
3 16 1068
3 17 659
3 18 885
3 19 52
3 20 789
3 21 248
3 22 260
3 23 13
3 24 594
3 25 382
3 26 865
3 27 414
3 28 37
3 29 913
3 30 462
3 31 85
3 32 961
3 33 510
3 34 133
3 35 1009
3 36 558
3 37 181
3 38 1057
3 39 606
3 40 229
3 41 1105
3 42 654
3 43 277
3 44 985
4 0 196
4 1 581
4 2 252
4 3 789
4 4 0
4 5 638
4 6 260
4 7 607
4 8 130
4 9 104
4 10 312
4 11 299
4 12 521
4 13 261
4 14 781
4 15 933
4 16 353
4 17 130
4 18 248
4 19 737
4 20 0
4 21 807
4 22 529
4 23 776
4 24 195
4 25 577
4 26 76
4 27 375
4 28 826
4 29 124
4 30 423
4 31 874
4 32 172
4 33 471
4 34 922
4 35 220
4 36 519
4 37 970
4 38 268
4 39 567
4 40 1018
4 41 316
4 42 615
4 43 1066
4 44 196
5 0 834
5 1 469
5 2 538
5 3 417
5 4 638
5 5 0
5 6 378
5 7 495
5 8 508
5 9 534
5 10 326
5 11 339
5 12 117
5 13 529
5 14 143
5 15 369
5 16 725
5 17 508
5 18 542
5 19 469
5 20 638
5 21 169
5 22 417
5 23 430
5 24 443
5 25 369
5 26 714
5 27 263
5 28 380
5 29 666
5 30 215
5 31 332
5 32 618
5 33 167
5 34 284
5 35 666
5 36 215
5 37 332
5 38 714
5 39 263
5 40 380
5 41 762
5 42 311
5 43 428
5 44 834
6 0 456
6 1 321
6 2 486
6 3 529
6 4 260
6 5 378
6 6 0
6 7 347
6 8 130
6 9 156
6 10 52
6 11 39
6 12 261
6 13 521
6 14 521
6 15 673
6 16 613
6 17 130
6 18 508
6 19 477
6 20 260
6 21 547
6 22 269
6 23 516
6 24 65
6 25 317
6 26 336
6 27 115
6 28 566
6 29 384
6 30 163
6 31 614
6 32 432
6 33 211
6 34 662
6 35 480
6 36 259
6 37 710
6 38 528
6 39 307
6 40 758
6 41 576
6 42 355
6 43 806
6 44 456
7 0 803
7 1 26
7 2 603
7 3 182
7 4 607
7 5 495
7 6 347
7 7 0
7 8 477
7 9 503
7 10 295
7 11 308
7 12 378
7 13 690
7 14 456
7 15 400
7 16 886
7 17 477
7 18 703
7 19 130
7 20 607
7 21 430
7 22 78
7 23 169
7 24 412
7 25 434
7 26 683
7 27 232
7 28 219
7 29 731
7 30 280
7 31 267
7 32 779
7 33 328
7 34 315
7 35 827
7 36 376
7 37 363
7 38 875
7 39 424
7 40 411
7 41 923
7 42 472
7 43 459
7 44 803
8 0 326
8 1 451
8 2 382
8 3 659
8 4 130
8 5 508
8 6 130
8 7 477
8 8 0
8 9 26
8 10 182
8 11 169
8 12 391
8 13 391
8 14 651
8 15 803
8 16 483
8 17 0
8 18 378
8 19 607
8 20 130
8 21 677
8 22 399
8 23 646
8 24 65
8 25 447
8 26 206
8 27 245
8 28 696
8 29 254
8 30 293
8 31 744
8 32 302
8 33 341
8 34 792
8 35 350
8 36 389
8 37 840
8 38 398
8 39 437
8 40 888
8 41 446
8 42 485
8 43 936
8 44 326
9 0 300
9 1 477
9 2 356
9 3 685
9 4 104
9 5 534
9 6 156
9 7 503
9 8 26
9 9 0
9 10 208
9 11 195
9 12 417
9 13 365
9 14 677
9 15 829
9 16 457
9 17 26
9 18 352
9 19 633
9 20 104
9 21 703
9 22 425
9 23 672
9 24 91
9 25 473
9 26 180
9 27 271
9 28 722
9 29 228
9 30 319
9 31 770
9 32 276
9 33 367
9 34 818
9 35 324
9 36 415
9 37 866
9 38 372
9 39 463
9 40 914
9 41 420
9 42 511
9 43 962
9 44 300
10 0 508
10 1 269
10 2 434
10 3 477
10 4 312
10 5 326
10 6 52
10 7 295
10 8 182
10 9 208
10 10 0
10 11 13
10 12 209
10 13 521
10 14 469
10 15 621
10 16 665
10 17 182
10 18 534
10 19 425
10 20 312
10 21 495
10 22 217
10 23 464
10 24 117
10 25 265
10 26 388
10 27 63
10 28 514
10 29 436
10 30 111
10 31 562
10 32 484
10 33 159
10 34 610
10 35 532
10 36 207
10 37 658
10 38 580
10 39 255
10 40 706
10 41 628
10 42 303
10 43 754
10 44 508
11 0 495
11 1 282
11 2 447
11 3 490
11 4 299
11 5 339
11 6 39
11 7 308
11 8 169
11 9 195
11 10 13
11 11 0
11 12 222
11 13 534
11 14 482
11 15 634
11 16 652
11 17 169
11 18 547
11 19 438
11 20 299
11 21 508
11 22 230
11 23 477
11 24 104
11 25 278
11 26 375
11 27 76
11 28 527
11 29 423
11 30 124
11 31 575
11 32 471
11 33 172
11 34 623
11 35 519
11 36 220
11 37 671
11 38 567
11 39 268
11 40 719
11 41 615
11 42 316
11 43 767
11 44 495
12 0 717
12 1 352
12 2 421
12 3 534
12 4 521
12 5 117
12 6 261
12 7 378
12 8 391
12 9 417
12 10 209
12 11 222
12 12 0
12 13 412
12 14 260
12 15 486
12 16 608
12 17 391
12 18 425
12 19 508
12 20 521
12 21 286
12 22 300
12 23 547
12 24 326
12 25 252
12 26 597
12 27 146
12 28 497
12 29 549
12 30 98
12 31 449
12 32 501
12 33 50
12 34 401
12 35 549
12 36 98
12 37 449
12 38 597
12 39 146
12 40 497
12 41 645
12 42 194
12 43 545
12 44 717
13 0 305
13 1 664
13 2 265
13 3 872
13 4 261
13 5 529
13 6 521
13 7 690
13 8 391
13 9 365
13 10 521
13 11 534
13 12 412
13 13 0
13 14 672
13 15 824
13 16 270
13 17 391
13 18 13
13 19 820
13 20 261
13 21 698
13 22 612
13 23 859
13 24 456
13 25 564
13 26 185
13 27 458
13 28 909
13 29 137
13 30 410
13 31 861
13 32 89
13 33 362
13 34 813
13 35 137
13 36 410
13 37 861
13 38 185
13 39 458
13 40 909
13 41 233
13 42 506
13 43 957
13 44 305
14 0 977
14 1 482
14 2 681
14 3 274
14 4 781
14 5 143
14 6 521
14 7 456
14 8 651
14 9 677
14 10 469
14 11 482
14 12 260
14 13 672
14 14 0
14 15 226
14 16 868
14 17 651
14 18 685
14 19 326
14 20 781
14 21 26
14 22 534
14 23 287
14 24 586
14 25 486
14 26 857
14 27 406
14 28 237
14 29 809
14 30 358
14 31 189
14 32 761
14 33 310
14 34 141
14 35 809
14 36 358
14 37 189
14 38 857
14 39 406
14 40 237
14 41 905
14 42 454
14 43 285
14 44 977
15 0 1129
15 1 426
15 2 833
15 3 218
15 4 933
15 5 369
15 6 673
15 7 400
15 8 803
15 9 829
15 10 621
15 11 634
15 12 486
15 13 824
15 14 226
15 15 0
15 16 924
15 17 803
15 18 837
15 19 270
15 20 933
15 21 200
15 22 478
15 23 231
15 24 738
15 25 430
15 26 1009
15 27 558
15 28 181
15 29 961
15 30 510
15 31 133
15 32 913
15 33 462
15 34 85
15 35 865
15 36 414
15 37 37
15 38 913
15 39 462
15 40 85
15 41 961
15 42 510
15 43 133
15 44 1129
16 0 397
16 1 860
16 2 357
16 3 1068
16 4 353
16 5 725
16 6 613
16 7 886
16 8 483
16 9 457
16 10 665
16 11 652
16 12 608
16 13 270
16 14 868
16 15 924
16 16 0
16 17 483
16 18 257
16 19 1016
16 20 353
16 21 894
16 22 808
16 23 1055
16 24 548
16 25 760
16 26 277
16 27 654
16 28 1105
16 29 229
16 30 606
16 31 1057
16 32 181
16 33 558
16 34 1009
16 35 133
16 36 510
16 37 961
16 38 85
16 39 462
16 40 913
16 41 37
16 42 414
16 43 865
16 44 397
17 0 326
17 1 451
17 2 382
17 3 659
17 4 130
17 5 508
17 6 130
17 7 477
17 8 0
17 9 26
17 10 182
17 11 169
17 12 391
17 13 391
17 14 651
17 15 803
17 16 483
17 17 0
17 18 378
17 19 607
17 20 130
17 21 677
17 22 399
17 23 646
17 24 65
17 25 447
17 26 206
17 27 245
17 28 696
17 29 254
17 30 293
17 31 744
17 32 302
17 33 341
17 34 792
17 35 350
17 36 389
17 37 840
17 38 398
17 39 437
17 40 888
17 41 446
17 42 485
17 43 936
17 44 326
18 0 292
18 1 677
18 2 252
18 3 885
18 4 248
18 5 542
18 6 508
18 7 703
18 8 378
18 9 352
18 10 534
18 11 547
18 12 425
18 13 13
18 14 685
18 15 837
18 16 257
18 17 378
18 18 0
18 19 833
18 20 248
18 21 711
18 22 625
18 23 872
18 24 443
18 25 577
18 26 172
18 27 471
18 28 922
18 29 124
18 30 423
18 31 874
18 32 76
18 33 375
18 34 826
18 35 124
18 36 423
18 37 874
18 38 172
18 39 471
18 40 922
18 41 220
18 42 519
18 43 970
18 44 292
19 0 933
19 1 156
19 2 733
19 3 52
19 4 737
19 5 469
19 6 477
19 7 130
19 8 607
19 9 633
19 10 425
19 11 438
19 12 508
19 13 820
19 14 326
19 15 270
19 16 1016
19 17 607
19 18 833
19 19 0
19 20 737
19 21 300
19 22 208
19 23 39
19 24 542
19 25 434
19 26 813
19 27 362
19 28 89
19 29 861
19 30 410
19 31 137
19 32 909
19 33 458
19 34 185
19 35 957
19 36 506
19 37 233
19 38 1005
19 39 554
19 40 281
19 41 1053
19 42 602
19 43 329
19 44 933
20 0 196
20 1 581
20 2 252
20 3 789
20 4 0
20 5 638
20 6 260
20 7 607
20 8 130
20 9 104
20 10 312
20 11 299
20 12 521
20 13 261
20 14 781
20 15 933
20 16 353
20 17 130
20 18 248
20 19 737
20 20 0
20 21 807
20 22 529
20 23 776
20 24 195
20 25 577
20 26 76
20 27 375
20 28 826
20 29 124
20 30 423
20 31 874
20 32 172
20 33 471
20 34 922
20 35 220
20 36 519
20 37 970
20 38 268
20 39 567
20 40 1018
20 41 316
20 42 615
20 43 1066
20 44 196
21 0 1003
21 1 456
21 2 707
21 3 248
21 4 807
21 5 169
21 6 547
21 7 430
21 8 677
21 9 703
21 10 495
21 11 508
21 12 286
21 13 698
21 14 26
21 15 200
21 16 894
21 17 677
21 18 711
21 19 300
21 20 807
21 21 0
21 22 508
21 23 261
21 24 612
21 25 460
21 26 883
21 27 432
21 28 211
21 29 835
21 30 384
21 31 163
21 32 787
21 33 336
21 34 115
21 35 835
21 36 384
21 37 163
21 38 883
21 39 432
21 40 211
21 41 931
21 42 480
21 43 259
21 44 1003
22 0 725
22 1 52
22 2 525
22 3 260
22 4 529
22 5 417
22 6 269
22 7 78
22 8 399
22 9 425
22 10 217
22 11 230
22 12 300
22 13 612
22 14 534
22 15 478
22 16 808
22 17 399
22 18 625
22 19 208
22 20 529
22 21 508
22 22 0
22 23 247
22 24 334
22 25 356
22 26 605
22 27 154
22 28 297
22 29 653
22 30 202
22 31 345
22 32 701
22 33 250
22 34 393
22 35 749
22 36 298
22 37 441
22 38 797
22 39 346
22 40 489
22 41 845
22 42 394
22 43 537
22 44 725
23 0 972
23 1 195
23 2 772
23 3 13
23 4 776
23 5 430
23 6 516
23 7 169
23 8 646
23 9 672
23 10 464
23 11 477
23 12 547
23 13 859
23 14 287
23 15 231
23 16 1055
23 17 646
23 18 872
23 19 39
23 20 776
23 21 261
23 22 247
23 23 0
23 24 581
23 25 395
23 26 852
23 27 401
23 28 50
23 29 900
23 30 449
23 31 98
23 32 948
23 33 497
23 34 146
23 35 996
23 36 545
23 37 194
23 38 1044
23 39 593
23 40 242
23 41 1092
23 42 641
23 43 290
23 44 972
24 0 391
24 1 386
24 2 447
24 3 594
24 4 195
24 5 443
24 6 65
24 7 412
24 8 65
24 9 91
24 10 117
24 11 104
24 12 326
24 13 456
24 14 586
24 15 738
24 16 548
24 17 65
24 18 443
24 19 542
24 20 195
24 21 612
24 22 334
24 23 581
24 24 0
24 25 382
24 26 271
24 27 180
24 28 631
24 29 319
24 30 228
24 31 679
24 32 367
24 33 276
24 34 727
24 35 415
24 36 324
24 37 775
24 38 463
24 39 372
24 40 823
24 41 511
24 42 420
24 43 871
24 44 391
25 0 773
25 1 408
25 2 477
25 3 382
25 4 577
25 5 369
25 6 317
25 7 434
25 8 447
25 9 473
25 10 265
25 11 278
25 12 252
25 13 564
25 14 486
25 15 430
25 16 760
25 17 447
25 18 577
25 19 434
25 20 577
25 21 460
25 22 356
25 23 395
25 24 382
25 25 0
25 26 653
25 27 202
25 28 345
25 29 605
25 30 154
25 31 297
25 32 653
25 33 202
25 34 345
25 35 701
25 36 250
25 37 393
25 38 749
25 39 298
25 40 441
25 41 797
25 42 346
25 43 489
25 44 773
26 0 120
26 1 657
26 2 176
26 3 865
26 4 76
26 5 714
26 6 336
26 7 683
26 8 206
26 9 180
26 10 388
26 11 375
26 12 597
26 13 185
26 14 857
26 15 1009
26 16 277
26 17 206
26 18 172
26 19 813
26 20 76
26 21 883
26 22 605
26 23 852
26 24 271
26 25 653
26 26 0
26 27 451
26 28 902
26 29 48
26 30 499
26 31 950
26 32 96
26 33 547
26 34 998
26 35 144
26 36 595
26 37 1046
26 38 192
26 39 643
26 40 1094
26 41 240
26 42 691
26 43 1142
26 44 120
27 0 571
27 1 206
27 2 371
27 3 414
27 4 375
27 5 263
27 6 115
27 7 232
27 8 245
27 9 271
27 10 63
27 11 76
27 12 146
27 13 458
27 14 406
27 15 558
27 16 654
27 17 245
27 18 471
27 19 362
27 20 375
27 21 432
27 22 154
27 23 401
27 24 180
27 25 202
27 26 451
27 27 0
27 28 451
27 29 499
27 30 48
27 31 499
27 32 547
27 33 96
27 34 547
27 35 595
27 36 144
27 37 595
27 38 643
27 39 192
27 40 643
27 41 691
27 42 240
27 43 691
27 44 571
28 0 1022
28 1 245
28 2 822
28 3 37
28 4 826
28 5 380
28 6 566
28 7 219
28 8 696
28 9 722
28 10 514
28 11 527
28 12 497
28 13 909
28 14 237
28 15 181
28 16 1105
28 17 696
28 18 922
28 19 89
28 20 826
28 21 211
28 22 297
28 23 50
28 24 631
28 25 345
28 26 902
28 27 451
28 28 0
28 29 950
28 30 499
28 31 48
28 32 998
28 33 547
28 34 96
28 35 1046
28 36 595
28 37 144
28 38 1094
28 39 643
28 40 192
28 41 1142
28 42 691
28 43 240
28 44 1022
29 0 168
29 1 705
29 2 128
29 3 913
29 4 124
29 5 666
29 6 384
29 7 731
29 8 254
29 9 228
29 10 436
29 11 423
29 12 549
29 13 137
29 14 809
29 15 961
29 16 229
29 17 254
29 18 124
29 19 861
29 20 124
29 21 835
29 22 653
29 23 900
29 24 319
29 25 605
29 26 48
29 27 499
29 28 950
29 29 0
29 30 451
29 31 902
29 32 48
29 33 499
29 34 950
29 35 96
29 36 547
29 37 998
29 38 144
29 39 595
29 40 1046
29 41 192
29 42 643
29 43 1094
29 44 168
30 0 619
30 1 254
30 2 323
30 3 462
30 4 423
30 5 215
30 6 163
30 7 280
30 8 293
30 9 319
30 10 111
30 11 124
30 12 98
30 13 410
30 14 358
30 15 510
30 16 606
30 17 293
30 18 423
30 19 410
30 20 423
30 21 384
30 22 202
30 23 449
30 24 228
30 25 154
30 26 499
30 27 48
30 28 499
30 29 451
30 30 0
30 31 451
30 32 499
30 33 48
30 34 499
30 35 547
30 36 96
30 37 547
30 38 595
30 39 144
30 40 595
30 41 643
30 42 192
30 43 643
30 44 619
31 0 1070
31 1 293
31 2 774
31 3 85
31 4 874
31 5 332
31 6 614
31 7 267
31 8 744
31 9 770
31 10 562
31 11 575
31 12 449
31 13 861
31 14 189
31 15 133
31 16 1057
31 17 744
31 18 874
31 19 137
31 20 874
31 21 163
31 22 345
31 23 98
31 24 679
31 25 297
31 26 950
31 27 499
31 28 48
31 29 902
31 30 451
31 31 0
31 32 950
31 33 499
31 34 48
31 35 998
31 36 547
31 37 96
31 38 1046
31 39 595
31 40 144
31 41 1094
31 42 643
31 43 192
31 44 1070
32 0 216
32 1 753
32 2 176
32 3 961
32 4 172
32 5 618
32 6 432
32 7 779
32 8 302
32 9 276
32 10 484
32 11 471
32 12 501
32 13 89
32 14 761
32 15 913
32 16 181
32 17 302
32 18 76
32 19 909
32 20 172
32 21 787
32 22 701
32 23 948
32 24 367
32 25 653
32 26 96
32 27 547
32 28 998
32 29 48
32 30 499
32 31 950
32 32 0
32 33 451
32 34 902
32 35 48
32 36 499
32 37 950
32 38 96
32 39 547
32 40 998
32 41 144
32 42 595
32 43 1046
32 44 216
33 0 667
33 1 302
33 2 371
33 3 510
33 4 471
33 5 167
33 6 211
33 7 328
33 8 341
33 9 367
33 10 159
33 11 172
33 12 50
33 13 362
33 14 310
33 15 462
33 16 558
33 17 341
33 18 375
33 19 458
33 20 471
33 21 336
33 22 250
33 23 497
33 24 276
33 25 202
33 26 547
33 27 96
33 28 547
33 29 499
33 30 48
33 31 499
33 32 451
33 33 0
33 34 451
33 35 499
33 36 48
33 37 499
33 38 547
33 39 96
33 40 547
33 41 595
33 42 144
33 43 595
33 44 667
34 0 1118
34 1 341
34 2 822
34 3 133
34 4 922
34 5 284
34 6 662
34 7 315
34 8 792
34 9 818
34 10 610
34 11 623
34 12 401
34 13 813
34 14 141
34 15 85
34 16 1009
34 17 792
34 18 826
34 19 185
34 20 922
34 21 115
34 22 393
34 23 146
34 24 727
34 25 345
34 26 998
34 27 547
34 28 96
34 29 950
34 30 499
34 31 48
34 32 902
34 33 451
34 34 0
34 35 950
34 36 499
34 37 48
34 38 998
34 39 547
34 40 96
34 41 1046
34 42 595
34 43 144
34 44 1118
35 0 264
35 1 801
35 2 224
35 3 1009
35 4 220
35 5 666
35 6 480
35 7 827
35 8 350
35 9 324
35 10 532
35 11 519
35 12 549
35 13 137
35 14 809
35 15 865
35 16 133
35 17 350
35 18 124
35 19 957
35 20 220
35 21 835
35 22 749
35 23 996
35 24 415
35 25 701
35 26 144
35 27 595
35 28 1046
35 29 96
35 30 547
35 31 998
35 32 48
35 33 499
35 34 950
35 35 0
35 36 451
35 37 902
35 38 48
35 39 499
35 40 950
35 41 96
35 42 547
35 43 998
35 44 264
36 0 715
36 1 350
36 2 419
36 3 558
36 4 519
36 5 215
36 6 259
36 7 376
36 8 389
36 9 415
36 10 207
36 11 220
36 12 98
36 13 410
36 14 358
36 15 414
36 16 510
36 17 389
36 18 423
36 19 506
36 20 519
36 21 384
36 22 298
36 23 545
36 24 324
36 25 250
36 26 595
36 27 144
36 28 595
36 29 547
36 30 96
36 31 547
36 32 499
36 33 48
36 34 499
36 35 451
36 36 0
36 37 451
36 38 499
36 39 48
36 40 499
36 41 547
36 42 96
36 43 547
36 44 715
37 0 1166
37 1 389
37 2 870
37 3 181
37 4 970
37 5 332
37 6 710
37 7 363
37 8 840
37 9 866
37 10 658
37 11 671
37 12 449
37 13 861
37 14 189
37 15 37
37 16 961
37 17 840
37 18 874
37 19 233
37 20 970
37 21 163
37 22 441
37 23 194
37 24 775
37 25 393
37 26 1046
37 27 595
37 28 144
37 29 998
37 30 547
37 31 96
37 32 950
37 33 499
37 34 48
37 35 902
37 36 451
37 37 0
37 38 950
37 39 499
37 40 48
37 41 998
37 42 547
37 43 96
37 44 1166
38 0 312
38 1 849
38 2 272
38 3 1057
38 4 268
38 5 714
38 6 528
38 7 875
38 8 398
38 9 372
38 10 580
38 11 567
38 12 597
38 13 185
38 14 857
38 15 913
38 16 85
38 17 398
38 18 172
38 19 1005
38 20 268
38 21 883
38 22 797
38 23 1044
38 24 463
38 25 749
38 26 192
38 27 643
38 28 1094
38 29 144
38 30 595
38 31 1046
38 32 96
38 33 547
38 34 998
38 35 48
38 36 499
38 37 950
38 38 0
38 39 451
38 40 902
38 41 48
38 42 499
38 43 950
38 44 312
39 0 763
39 1 398
39 2 467
39 3 606
39 4 567
39 5 263
39 6 307
39 7 424
39 8 437
39 9 463
39 10 255
39 11 268
39 12 146
39 13 458
39 14 406
39 15 462
39 16 462
39 17 437
39 18 471
39 19 554
39 20 567
39 21 432
39 22 346
39 23 593
39 24 372
39 25 298
39 26 643
39 27 192
39 28 643
39 29 595
39 30 144
39 31 595
39 32 547
39 33 96
39 34 547
39 35 499
39 36 48
39 37 499
39 38 451
39 39 0
39 40 451
39 41 499
39 42 48
39 43 499
39 44 763
40 0 1214
40 1 437
40 2 918
40 3 229
40 4 1018
40 5 380
40 6 758
40 7 411
40 8 888
40 9 914
40 10 706
40 11 719
40 12 497
40 13 909
40 14 237
40 15 85
40 16 913
40 17 888
40 18 922
40 19 281
40 20 1018
40 21 211
40 22 489
40 23 242
40 24 823
40 25 441
40 26 1094
40 27 643
40 28 192
40 29 1046
40 30 595
40 31 144
40 32 998
40 33 547
40 34 96
40 35 950
40 36 499
40 37 48
40 38 902
40 39 451
40 40 0
40 41 950
40 42 499
40 43 48
40 44 1214
41 0 360
41 1 897
41 2 320
41 3 1105
41 4 316
41 5 762
41 6 576
41 7 923
41 8 446
41 9 420
41 10 628
41 11 615
41 12 645
41 13 233
41 14 905
41 15 961
41 16 37
41 17 446
41 18 220
41 19 1053
41 20 316
41 21 931
41 22 845
41 23 1092
41 24 511
41 25 797
41 26 240
41 27 691
41 28 1142
41 29 192
41 30 643
41 31 1094
41 32 144
41 33 595
41 34 1046
41 35 96
41 36 547
41 37 998
41 38 48
41 39 499
41 40 950
41 41 0
41 42 451
41 43 902
41 44 360
42 0 811
42 1 446
42 2 515
42 3 654
42 4 615
42 5 311
42 6 355
42 7 472
42 8 485
42 9 511
42 10 303
42 11 316
42 12 194
42 13 506
42 14 454
42 15 510
42 16 414
42 17 485
42 18 519
42 19 602
42 20 615
42 21 480
42 22 394
42 23 641
42 24 420
42 25 346
42 26 691
42 27 240
42 28 691
42 29 643
42 30 192
42 31 643
42 32 595
42 33 144
42 34 595
42 35 547
42 36 96
42 37 547
42 38 499
42 39 48
42 40 499
42 41 451
42 42 0
42 43 451
42 44 811
43 0 1262
43 1 485
43 2 966
43 3 277
43 4 1066
43 5 428
43 6 806
43 7 459
43 8 936
43 9 962
43 10 754
43 11 767
43 12 545
43 13 957
43 14 285
43 15 133
43 16 865
43 17 936
43 18 970
43 19 329
43 20 1066
43 21 259
43 22 537
43 23 290
43 24 871
43 25 489
43 26 1142
43 27 691
43 28 240
43 29 1094
43 30 643
43 31 192
43 32 1046
43 33 595
43 34 144
43 35 998
43 36 547
43 37 96
43 38 950
43 39 499
43 40 48
43 41 902
43 42 451
43 43 0
43 44 1262
44 0 0
44 1 777
44 2 296
44 3 985
44 4 196
44 5 834
44 6 456
44 7 803
44 8 326
44 9 300
44 10 508
44 11 495
44 12 717
44 13 305
44 14 977
44 15 1129
44 16 397
44 17 326
44 18 292
44 19 933
44 20 196
44 21 1003
44 22 725
44 23 972
44 24 391
44 25 773
44 26 120
44 27 571
44 28 1022
44 29 168
44 30 619
44 31 1070
44 32 216
44 33 667
44 34 1118
44 35 264
44 36 715
44 37 1166
44 38 312
44 39 763
44 40 1214
44 41 360
44 42 811
44 43 1262
44 44 0
//Location coordinates LocationName
//Loc x y
0 0.0 0.0 "depot"
1 0.0 777.0 "product aisle 0 bloc 1 rank 27"
2 48.0 248.0 "product aisle 1 bloc 0 rank 15"
3 0.0 985.0 "product aisle 0 bloc 1 rank 59"
4 0.0 196.0 "product aisle 0 bloc 0 rank 8"
5 96.0 738.0 "product aisle 2 bloc 1 rank 21"
6 0.0 456.0 "product aisle 0 bloc 0 rank 47"
7 0.0 803.0 "product aisle 0 bloc 1 rank 31"
8 0.0 326.0 "product aisle 0 bloc 0 rank 28"
9 0.0 300.0 "product aisle 0 bloc 0 rank 24"
10 0.0 508.0 "product aisle 0 bloc 0 rank 56"
11 0.0 495.0 "product aisle 0 bloc 0 rank 54"
12 96.0 621.0 "product aisle 2 bloc 1 rank 4"
13 96.0 209.0 "product aisle 2 bloc 0 rank 10"
14 96.0 881.0 "product aisle 2 bloc 1 rank 44"
15 144.0 985.0 "product aisle 3 bloc 1 rank 60"
16 240.0 157.0 "product aisle 5 bloc 0 rank 1"
17 0.0 326.0 "product aisle 0 bloc 0 rank 27"
18 96.0 196.0 "product aisle 2 bloc 0 rank 8"
19 0.0 933.0 "product aisle 0 bloc 1 rank 52"
20 0.0 196.0 "product aisle 0 bloc 0 rank 7"
21 96.0 907.0 "product aisle 2 bloc 1 rank 48"
22 0.0 725.0 "product aisle 0 bloc 1 rank 19"
23 0.0 972.0 "product aisle 0 bloc 1 rank 58"
24 0.0 391.0 "product aisle 0 bloc 0 rank 37"
25 48.0 725.0 "product aisle 1 bloc 1 rank 19"
26 24.0 120.0 "intersection aisle 0 bloc 0 rank 0"
27 24.0 571.0 "intersection aisle 0 bloc 1 rank 1"
28 24.0 1022.0 "intersection aisle 0 bloc 2 rank 2"
29 72.0 120.0 "intersection aisle 1 bloc 0 rank 0"
30 72.0 571.0 "intersection aisle 1 bloc 1 rank 1"
31 72.0 1022.0 "intersection aisle 1 bloc 2 rank 2"
32 120.0 120.0 "intersection aisle 2 bloc 0 rank 0"
33 120.0 571.0 "intersection aisle 2 bloc 1 rank 1"
34 120.0 1022.0 "intersection aisle 2 bloc 2 rank 2"
35 168.0 120.0 "intersection aisle 3 bloc 0 rank 0"
36 168.0 571.0 "intersection aisle 3 bloc 1 rank 1"
37 168.0 1022.0 "intersection aisle 3 bloc 2 rank 2"
38 216.0 120.0 "intersection aisle 4 bloc 0 rank 0"
39 216.0 571.0 "intersection aisle 4 bloc 1 rank 1"
40 216.0 1022.0 "intersection aisle 4 bloc 2 rank 2"
41 264.0 120.0 "intersection aisle 5 bloc 0 rank 0"
42 264.0 571.0 "intersection aisle 5 bloc 1 rank 1"
43 264.0 1022.0 "intersection aisle 5 bloc 2 rank 2"
44 0.0 0.0 "depot"
