//alpha
1
//NbLocations
42
//NbProducts
24
//NbPickers
2
//CapaPicker
8
//TimeToTravelOneDistanceUnit
3
//SetupTime
5400
//PickTime
300
//Products
//Idx Location Size
1 1 1
2 2 1
3 3 1
4 4 1
5 5 1
6 6 1
7 7 1
8 8 1
9 9 1
10 10 1
11 11 1
12 12 1
13 13 1
14 14 1
15 15 1
16 16 1
17 17 1
18 18 1
19 19 1
20 20 1
21 21 1
22 22 1
23 21 1
24 23 1
//Orders
//NbOrders
12
//Idx DueDate TardinessPenalty NbProdInOrder ProdIdx1 Qty1 ProdIdx2 Qty2 ...
1 36000 0 2 1 1 2 1
2 72000 0 3 3 1 4 1 5 1
3 36000 0 4 6 1 7 1 8 1 9 1
4 108000 0 1 10 1
5 72000 0 3 11 1 12 1 13 1
6 144000 0 1 14 1
7 72000 0 1 15 1
8 144000 0 1 16 1
9 126000 0 1 17 1
10 54000 0 3 18 1 19 1 20 1
11 108000 0 2 21 1 22 1
12 54000 0 2 23 1 24 1
//Graph (Products are vertices indexed from 1 to NbProducts)
//NbVerticesIntersections
18
//DepartingDepot
0
//ArrivalDepot
42
//Arcs
//Start End Distance
0 24 120
1 4 26
1 9 91
2 19 143
2 41 37
3 7 312
3 21 13
4 1 26
4 18 13
5 11 26
5 26 37
6 12 91
6 16 104
7 3 312
7 24 76
8 16 143
8 27 76
9 1 91
9 11 52
10 17 26
10 18 0
11 5 26
11 9 52
12 6 91
12 28 37
13 21 13
13 25 37
14 22 182
14 30 102
15 34 245
15 35 206
16 6 104
16 8 143
17 10 26
17 20 143
18 4 13
18 10 0
19 2 143
19 40 271
20 17 143
20 25 37
21 3 13
21 13 13
22 14 182
22 31 167
23 31 375
23 32 76
24 7 76
24 27 48
24 42 120
25 13 37
25 20 37
25 28 48
26 5 37
26 29 48
27 8 76
27 24 48
27 30 48
28 12 37
28 25 48
28 29 451
28 31 48
29 26 48
29 28 451
29 32 48
30 14 102
30 27 48
30 33 48
31 22 167
31 23 375
31 28 48
31 34 48
32 23 76
32 29 48
32 35 48
33 30 48
33 34 451
33 36 48
34 15 245
34 31 48
34 33 451
34 37 48
35 15 206
35 32 48
35 38 48
36 33 48
36 37 451
36 39 48
37 34 48
37 36 451
37 38 451
37 40 48
38 35 48
38 37 451
38 41 48
39 36 48
39 40 451
40 19 271
40 37 48
40 39 451
41 2 37
41 38 48
//LocStart LocEnd ShortestPath
0 0 0
0 1 816
0 2 1225
0 3 508
0 4 790
0 5 985
0 6 491
0 7 196
0 8 244
0 9 907
0 10 777
0 11 959
0 12 582
0 13 534
0 14 318
0 15 960
0 16 387
0 17 751
0 18 777
0 19 1082
0 20 608
0 21 521
0 22 500
0 23 1042
0 24 120
0 25 571
0 26 1022
0 27 168
0 28 619
0 29 1070
0 30 216
0 31 667
0 32 1118
0 33 264
0 34 715
0 35 1166
0 36 312
0 37 763
0 38 1214
0 39 360
0 40 811
0 41 1262
0 42 0
1 0 816
1 1 0
1 2 483
1 3 308
1 4 26
1 5 169
1 6 421
1 7 620
1 8 668
1 9 91
1 10 39
1 11 143
1 12 330
1 13 282
1 14 690
1 15 556
1 16 525
1 17 65
1 18 39
1 19 626
1 20 208
1 21 295
1 22 508
1 23 378
1 24 696
1 25 245
1 26 206
1 27 744
1 28 293
1 29 254
1 30 792
1 31 341
1 32 302
1 33 840
1 34 389
1 35 350
1 36 888
1 37 437
1 38 398
1 39 936
1 40 485
1 41 446
1 42 816
2 0 1225
2 1 483
2 2 0
2 3 717
2 4 509
2 5 314
2 6 734
2 7 1029
2 8 981
2 9 392
2 10 522
2 11 340
2 12 643
2 13 691
2 14 907
2 15 339
2 16 838
2 17 548
2 18 522
2 19 143
2 20 691
2 21 704
2 22 725
2 23 257
2 24 1105
2 25 654
2 26 277
2 27 1057
2 28 606
2 29 229
2 30 1009
2 31 558
2 32 181
2 33 961
2 34 510
2 35 133
2 36 913
2 37 462
2 38 85
2 39 865
2 40 414
2 41 37
2 42 1225
3 0 508
3 1 308
3 2 717
3 3 0
3 4 282
3 5 477
3 6 239
3 7 312
3 8 486
3 9 399
3 10 269
3 11 451
3 12 148
3 13 26
3 14 508
3 15 452
3 16 343
3 17 243
3 18 269
3 19 574
3 20 100
3 21 13
3 22 326
3 23 534
3 24 388
3 25 63
3 26 514
3 27 436
3 28 111
3 29 562
3 30 484
3 31 159
3 32 610
3 33 532
3 34 207
3 35 658
3 36 580
3 37 255
3 38 706
3 39 628
3 40 303
3 41 754
3 42 508
4 0 790
4 1 26
4 2 509
4 3 282
4 4 0
4 5 195
4 6 395
4 7 594
4 8 642
4 9 117
4 10 13
4 11 169
4 12 304
4 13 256
4 14 664
4 15 582
4 16 499
4 17 39
4 18 13
4 19 652
4 20 182
4 21 269
4 22 482
4 23 404
4 24 670
4 25 219
4 26 232
4 27 718
4 28 267
4 29 280
4 30 766
4 31 315
4 32 328
4 33 814
4 34 363
4 35 376
4 36 862
4 37 411
4 38 424
4 39 910
4 40 459
4 41 472
4 42 790
5 0 985
5 1 169
5 2 314
5 3 477
5 4 195
5 5 0
5 6 590
5 7 789
5 8 837
5 9 78
5 10 208
5 11 26
5 12 499
5 13 451
5 14 859
5 15 387
5 16 694
5 17 234
5 18 208
5 19 457
5 20 377
5 21 464
5 22 677
5 23 209
5 24 865
5 25 414
5 26 37
5 27 913
5 28 462
5 29 85
5 30 961
5 31 510
5 32 133
5 33 1009
5 34 558
5 35 181
5 36 1057
5 37 606
5 38 229
5 39 1105
5 40 654
5 41 277
5 42 985
6 0 491
6 1 421
6 2 734
6 3 239
6 4 395
6 5 590
6 6 0
6 7 447
6 8 247
6 9 512
6 10 382
6 11 564
6 12 91
6 13 213
6 14 473
6 15 469
6 16 104
6 17 356
6 18 382
6 19 591
6 20 213
6 21 226
6 22 343
6 23 551
6 24 371
6 25 176
6 26 627
6 27 323
6 28 128
6 29 579
6 30 371
6 31 176
6 32 627
6 33 419
6 34 224
6 35 675
6 36 467
6 37 272
6 38 723
6 39 515
6 40 320
6 41 771
6 42 491
7 0 196
7 1 620
7 2 1029
7 3 312
7 4 594
7 5 789
7 6 447
7 7 0
7 8 200
7 9 711
7 10 581
7 11 763
7 12 460
7 13 338
7 14 274
7 15 764
7 16 343
7 17 555
7 18 581
7 19 886
7 20 412
7 21 325
7 22 456
7 23 846
7 24 76
7 25 375
7 26 826
7 27 124
7 28 423
7 29 874
7 30 172
7 31 471
7 32 922
7 33 220
7 34 519
7 35 970
7 36 268
7 37 567
7 38 1018
7 39 316
7 40 615
7 41 1066
7 42 196
8 0 244
8 1 668
8 2 981
8 3 486
8 4 642
8 5 837
8 6 247
8 7 200
8 8 0
8 9 759
8 10 629
8 11 811
8 12 338
8 13 460
8 14 226
8 15 716
8 16 143
8 17 603
8 18 629
8 19 838
8 20 460
8 21 473
8 22 408
8 23 798
8 24 124
8 25 423
8 26 874
8 27 76
8 28 375
8 29 826
8 30 124
8 31 423
8 32 874
8 33 172
8 34 471
8 35 922
8 36 220
8 37 519
8 38 970
8 39 268
8 40 567
8 41 1018
8 42 244
9 0 907
9 1 91
9 2 392
9 3 399
9 4 117
9 5 78
9 6 512
9 7 711
9 8 759
9 9 0
9 10 130
9 11 52
9 12 421
9 13 373
9 14 781
9 15 465
9 16 616
9 17 156
9 18 130
9 19 535
9 20 299
9 21 386
9 22 599
9 23 287
9 24 787
9 25 336
9 26 115
9 27 835
9 28 384
9 29 163
9 30 883
9 31 432
9 32 211
9 33 931
9 34 480
9 35 259
9 36 979
9 37 528
9 38 307
9 39 1027
9 40 576
9 41 355
9 42 907
10 0 777
10 1 39
10 2 522
10 3 269
10 4 13
10 5 208
10 6 382
10 7 581
10 8 629
10 9 130
10 10 0
10 11 182
10 12 291
10 13 243
10 14 651
10 15 595
10 16 486
10 17 26
10 18 0
10 19 665
10 20 169
10 21 256
10 22 469
10 23 417
10 24 657
10 25 206
10 26 245
10 27 705
10 28 254
10 29 293
10 30 753
10 31 302
10 32 341
10 33 801
10 34 350
10 35 389
10 36 849
10 37 398
10 38 437
10 39 897
10 40 446
10 41 485
10 42 777
11 0 959
11 1 143
11 2 340
11 3 451
11 4 169
11 5 26
11 6 564
11 7 763
11 8 811
11 9 52
11 10 182
11 11 0
11 12 473
11 13 425
11 14 833
11 15 413
11 16 668
11 17 208
11 18 182
11 19 483
11 20 351
11 21 438
11 22 651
11 23 235
11 24 839
11 25 388
11 26 63
11 27 887
11 28 436
11 29 111
11 30 935
11 31 484
11 32 159
11 33 983
11 34 532
11 35 207
11 36 1031
11 37 580
11 38 255
11 39 1079
11 40 628
11 41 303
11 42 959
12 0 582
12 1 330
12 2 643
12 3 148
12 4 304
12 5 499
12 6 91
12 7 460
12 8 338
12 9 421
12 10 291
12 11 473
12 12 0
12 13 122
12 14 434
12 15 378
12 16 195
12 17 265
12 18 291
12 19 500
12 20 122
12 21 135
12 22 252
12 23 460
12 24 462
12 25 85
12 26 536
12 27 414
12 28 37
12 29 488
12 30 462
12 31 85
12 32 536
12 33 510
12 34 133
12 35 584
12 36 558
12 37 181
12 38 632
12 39 606
12 40 229
12 41 680
12 42 582
13 0 534
13 1 282
13 2 691
13 3 26
13 4 256
13 5 451
13 6 213
13 7 338
13 8 460
13 9 373
13 10 243
13 11 425
13 12 122
13 13 0
13 14 482
13 15 426
13 16 317
13 17 217
13 18 243
13 19 548
13 20 74
13 21 13
13 22 300
13 23 508
13 24 414
13 25 37
13 26 488
13 27 462
13 28 85
13 29 536
13 30 510
13 31 133
13 32 584
13 33 558
13 34 181
13 35 632
13 36 606
13 37 229
13 38 680
13 39 654
13 40 277
13 41 728
13 42 534
14 0 318
14 1 690
14 2 907
14 3 508
14 4 664
14 5 859
14 6 473
14 7 274
14 8 226
14 9 781
14 10 651
14 11 833
14 12 434
14 13 482
14 14 0
14 15 642
14 16 369
14 17 625
14 18 651
14 19 764
14 20 482
14 21 495
14 22 182
14 23 724
14 24 198
14 25 445
14 26 896
14 27 150
14 28 397
14 29 848
14 30 102
14 31 349
14 32 800
14 33 150
14 34 397
14 35 848
14 36 198
14 37 445
14 38 896
14 39 246
14 40 493
14 41 944
14 42 318
15 0 960
15 1 556
15 2 339
15 3 452
15 4 582
15 5 387
15 6 469
15 7 764
15 8 716
15 9 465
15 10 595
15 11 413
15 12 378
15 13 426
15 14 642
15 15 0
15 16 573
15 17 569
15 18 595
15 19 482
15 20 426
15 21 439
15 22 460
15 23 330
15 24 840
15 25 389
15 26 350
15 27 792
15 28 341
15 29 302
15 30 744
15 31 293
15 32 254
15 33 696
15 34 245
15 35 206
15 36 744
15 37 293
15 38 254
15 39 792
15 40 341
15 41 302
15 42 960
16 0 387
16 1 525
16 2 838
16 3 343
16 4 499
16 5 694
16 6 104
16 7 343
16 8 143
16 9 616
16 10 486
16 11 668
16 12 195
16 13 317
16 14 369
16 15 573
16 16 0
16 17 460
16 18 486
16 19 695
16 20 317
16 21 330
16 22 447
16 23 655
16 24 267
16 25 280
16 26 731
16 27 219
16 28 232
16 29 683
16 30 267
16 31 280
16 32 731
16 33 315
16 34 328
16 35 779
16 36 363
16 37 376
16 38 827
16 39 411
16 40 424
16 41 875
16 42 387
17 0 751
17 1 65
17 2 548
17 3 243
17 4 39
17 5 234
17 6 356
17 7 555
17 8 603
17 9 156
17 10 26
17 11 208
17 12 265
17 13 217
17 14 625
17 15 569
17 16 460
17 17 0
17 18 26
17 19 691
17 20 143
17 21 230
17 22 443
17 23 443
17 24 631
17 25 180
17 26 271
17 27 679
17 28 228
17 29 319
17 30 727
17 31 276
17 32 367
17 33 775
17 34 324
17 35 415
17 36 823
17 37 372
17 38 463
17 39 871
17 40 420
17 41 511
17 42 751
18 0 777
18 1 39
18 2 522
18 3 269
18 4 13
18 5 208
18 6 382
18 7 581
18 8 629
18 9 130
18 10 0
18 11 182
18 12 291
18 13 243
18 14 651
18 15 595
18 16 486
18 17 26
18 18 0
18 19 665
18 20 169
18 21 256
18 22 469
18 23 417
18 24 657
18 25 206
18 26 245
18 27 705
18 28 254
18 29 293
18 30 753
18 31 302
18 32 341
18 33 801
18 34 350
18 35 389
18 36 849
18 37 398
18 38 437
18 39 897
18 40 446
18 41 485
18 42 777
19 0 1082
19 1 626
19 2 143
19 3 574
19 4 652
19 5 457
19 6 591
19 7 886
19 8 838
19 9 535
19 10 665
19 11 483
19 12 500
19 13 548
19 14 764
19 15 482
19 16 695
19 17 691
19 18 665
19 19 0
19 20 548
19 21 561
19 22 582
19 23 400
19 24 962
19 25 511
19 26 420
19 27 914
19 28 463
19 29 372
19 30 866
19 31 415
19 32 324
19 33 818
19 34 367
19 35 276
19 36 770
19 37 319
19 38 228
19 39 722
19 40 271
19 41 180
19 42 1082
20 0 608
20 1 208
20 2 691
20 3 100
20 4 182
20 5 377
20 6 213
20 7 412
20 8 460
20 9 299
20 10 169
20 11 351
20 12 122
20 13 74
20 14 482
20 15 426
20 16 317
20 17 143
20 18 169
20 19 548
20 20 0
20 21 87
20 22 300
20 23 508
20 24 488
20 25 37
20 26 414
20 27 536
20 28 85
20 29 462
20 30 584
20 31 133
20 32 510
20 33 632
20 34 181
20 35 558
20 36 680
20 37 229
20 38 606
20 39 728
20 40 277
20 41 654
20 42 608
21 0 521
21 1 295
21 2 704
21 3 13
21 4 269
21 5 464
21 6 226
21 7 325
21 8 473
21 9 386
21 10 256
21 11 438
21 12 135
21 13 13
21 14 495
21 15 439
21 16 330
21 17 230
21 18 256
21 19 561
21 20 87
21 21 0
21 22 313
21 23 521
21 24 401
21 25 50
21 26 501
21 27 449
21 28 98
21 29 549
21 30 497
21 31 146
21 32 597
21 33 545
21 34 194
21 35 645
21 36 593
21 37 242
21 38 693
21 39 641
21 40 290
21 41 741
21 42 521
22 0 500
22 1 508
22 2 725
22 3 326
22 4 482
22 5 677
22 6 343
22 7 456
22 8 408
22 9 599
22 10 469
22 11 651
22 12 252
22 13 300
22 14 182
22 15 460
22 16 447
22 17 443
22 18 469
22 19 582
22 20 300
22 21 313
22 22 0
22 23 542
22 24 380
22 25 263
22 26 714
22 27 332
22 28 215
22 29 666
22 30 284
22 31 167
22 32 618
22 33 332
22 34 215
22 35 666
22 36 380
22 37 263
22 38 714
22 39 428
22 40 311
22 41 762
22 42 500
23 0 1042
23 1 378
23 2 257
23 3 534
23 4 404
23 5 209
23 6 551
23 7 846
23 8 798
23 9 287
23 10 417
23 11 235
23 12 460
23 13 508
23 14 724
23 15 330
23 16 655
23 17 443
23 18 417
23 19 400
23 20 508
23 21 521
23 22 542
23 23 0
23 24 922
23 25 471
23 26 172
23 27 874
23 28 423
23 29 124
23 30 826
23 31 375
23 32 76
23 33 874
23 34 423
23 35 124
23 36 922
23 37 471
23 38 172
23 39 970
23 40 519
23 41 220
23 42 1042
24 0 120
24 1 696
24 2 1105
24 3 388
24 4 670
24 5 865
24 6 371
24 7 76
24 8 124
24 9 787
24 10 657
24 11 839
24 12 462
24 13 414
24 14 198
24 15 840
24 16 267
24 17 631
24 18 657
24 19 962
24 20 488
24 21 401
24 22 380
24 23 922
24 24 0
24 25 451
24 26 902
24 27 48
24 28 499
24 29 950
24 30 96
24 31 547
24 32 998
24 33 144
24 34 595
24 35 1046
24 36 192
24 37 643
24 38 1094
24 39 240
24 40 691
24 41 1142
24 42 120
25 0 571
25 1 245
25 2 654
25 3 63
25 4 219
25 5 414
25 6 176
25 7 375
25 8 423
25 9 336
25 10 206
25 11 388
25 12 85
25 13 37
25 14 445
25 15 389
25 16 280
25 17 180
25 18 206
25 19 511
25 20 37
25 21 50
25 22 263
25 23 471
25 24 451
25 25 0
25 26 451
25 27 499
25 28 48
25 29 499
25 30 547
25 31 96
25 32 547
25 33 595
25 34 144
25 35 595
25 36 643
25 37 192
25 38 643
25 39 691
25 40 240
25 41 691
25 42 571
26 0 1022
26 1 206
26 2 277
26 3 514
26 4 232
26 5 37
26 6 627
26 7 826
26 8 874
26 9 115
26 10 245
26 11 63
26 12 536
26 13 488
26 14 896
26 15 350
26 16 731
26 17 271
26 18 245
26 19 420
26 20 414
26 21 501
26 22 714
26 23 172
26 24 902
26 25 451
26 26 0
26 27 950
26 28 499
26 29 48
26 30 998
26 31 547
26 32 96
26 33 1046
26 34 595
26 35 144
26 36 1094
26 37 643
26 38 192
26 39 1142
26 40 691
26 41 240
26 42 1022
27 0 168
27 1 744
27 2 1057
27 3 436
27 4 718
27 5 913
27 6 323
27 7 124
27 8 76
27 9 835
27 10 705
27 11 887
27 12 414
27 13 462
27 14 150
27 15 792
27 16 219
27 17 679
27 18 705
27 19 914
27 20 536
27 21 449
27 22 332
27 23 874
27 24 48
27 25 499
27 26 950
27 27 0
27 28 451
27 29 902
27 30 48
27 31 499
27 32 950
27 33 96
27 34 547
27 35 998
27 36 144
27 37 595
27 38 1046
27 39 192
27 40 643
27 41 1094
27 42 168
28 0 619
28 1 293
28 2 606
28 3 111
28 4 267
28 5 462
28 6 128
28 7 423
28 8 375
28 9 384
28 10 254
28 11 436
28 12 37
28 13 85
28 14 397
28 15 341
28 16 232
28 17 228
28 18 254
28 19 463
28 20 85
28 21 98
28 22 215
28 23 423
28 24 499
28 25 48
28 26 499
28 27 451
28 28 0
28 29 451
28 30 499
28 31 48
28 32 499
28 33 547
28 34 96
28 35 547
28 36 595
28 37 144
28 38 595
28 39 643
28 40 192
28 41 643
28 42 619
29 0 1070
29 1 254
29 2 229
29 3 562
29 4 280
29 5 85
29 6 579
29 7 874
29 8 826
29 9 163
29 10 293
29 11 111
29 12 488
29 13 536
29 14 848
29 15 302
29 16 683
29 17 319
29 18 293
29 19 372
29 20 462
29 21 549
29 22 666
29 23 124
29 24 950
29 25 499
29 26 48
29 27 902
29 28 451
29 29 0
29 30 950
29 31 499
29 32 48
29 33 998
29 34 547
29 35 96
29 36 1046
29 37 595
29 38 144
29 39 1094
29 40 643
29 41 192
29 42 1070
30 0 216
30 1 792
30 2 1009
30 3 484
30 4 766
30 5 961
30 6 371
30 7 172
30 8 124
30 9 883
30 10 753
30 11 935
30 12 462
30 13 510
30 14 102
30 15 744
30 16 267
30 17 727
30 18 753
30 19 866
30 20 584
30 21 497
30 22 284
30 23 826
30 24 96
30 25 547
30 26 998
30 27 48
30 28 499
30 29 950
30 30 0
30 31 451
30 32 902
30 33 48
30 34 499
30 35 950
30 36 96
30 37 547
30 38 998
30 39 144
30 40 595
30 41 1046
30 42 216
31 0 667
31 1 341
31 2 558
31 3 159
31 4 315
31 5 510
31 6 176
31 7 471
31 8 423
31 9 432
31 10 302
31 11 484
31 12 85
31 13 133
31 14 349
31 15 293
31 16 280
31 17 276
31 18 302
31 19 415
31 20 133
31 21 146
31 22 167
31 23 375
31 24 547
31 25 96
31 26 547
31 27 499
31 28 48
31 29 499
31 30 451
31 31 0
31 32 451
31 33 499
31 34 48
31 35 499
31 36 547
31 37 96
31 38 547
31 39 595
31 40 144
31 41 595
31 42 667
32 0 1118
32 1 302
32 2 181
32 3 610
32 4 328
32 5 133
32 6 627
32 7 922
32 8 874
32 9 211
32 10 341
32 11 159
32 12 536
32 13 584
32 14 800
32 15 254
32 16 731
32 17 367
32 18 341
32 19 324
32 20 510
32 21 597
32 22 618
32 23 76
32 24 998
32 25 547
32 26 96
32 27 950
32 28 499
32 29 48
32 30 902
32 31 451
32 32 0
32 33 950
32 34 499
32 35 48
32 36 998
32 37 547
32 38 96
32 39 1046
32 40 595
32 41 144
32 42 1118
33 0 264
33 1 840
33 2 961
33 3 532
33 4 814
33 5 1009
33 6 419
33 7 220
33 8 172
33 9 931
33 10 801
33 11 983
33 12 510
33 13 558
33 14 150
33 15 696
33 16 315
33 17 775
33 18 801
33 19 818
33 20 632
33 21 545
33 22 332
33 23 874
33 24 144
33 25 595
33 26 1046
33 27 96
33 28 547
33 29 998
33 30 48
33 31 499
33 32 950
33 33 0
33 34 451
33 35 902
33 36 48
33 37 499
33 38 950
33 39 96
33 40 547
33 41 998
33 42 264
34 0 715
34 1 389
34 2 510
34 3 207
34 4 363
34 5 558
34 6 224
34 7 519
34 8 471
34 9 480
34 10 350
34 11 532
34 12 133
34 13 181
34 14 397
34 15 245
34 16 328
34 17 324
34 18 350
34 19 367
34 20 181
34 21 194
34 22 215
34 23 423
34 24 595
34 25 144
34 26 595
34 27 547
34 28 96
34 29 547
34 30 499
34 31 48
34 32 499
34 33 451
34 34 0
34 35 451
34 36 499
34 37 48
34 38 499
34 39 547
34 40 96
34 41 547
34 42 715
35 0 1166
35 1 350
35 2 133
35 3 658
35 4 376
35 5 181
35 6 675
35 7 970
35 8 922
35 9 259
35 10 389
35 11 207
35 12 584
35 13 632
35 14 848
35 15 206
35 16 779
35 17 415
35 18 389
35 19 276
35 20 558
35 21 645
35 22 666
35 23 124
35 24 1046
35 25 595
35 26 144
35 27 998
35 28 547
35 29 96
35 30 950
35 31 499
35 32 48
35 33 902
35 34 451
35 35 0
35 36 950
35 37 499
35 38 48
35 39 998
35 40 547
35 41 96
35 42 1166
36 0 312
36 1 888
36 2 913
36 3 580
36 4 862
36 5 1057
36 6 467
36 7 268
36 8 220
36 9 979
36 10 849
36 11 1031
36 12 558
36 13 606
36 14 198
36 15 744
36 16 363
36 17 823
36 18 849
36 19 770
36 20 680
36 21 593
36 22 380
36 23 922
36 24 192
36 25 643
36 26 1094
36 27 144
36 28 595
36 29 1046
36 30 96
36 31 547
36 32 998
36 33 48
36 34 499
36 35 950
36 36 0
36 37 451
36 38 902
36 39 48
36 40 499
36 41 950
36 42 312
37 0 763
37 1 437
37 2 462
37 3 255
37 4 411
37 5 606
37 6 272
37 7 567
37 8 519
37 9 528
37 10 398
37 11 580
37 12 181
37 13 229
37 14 445
37 15 293
37 16 376
37 17 372
37 18 398
37 19 319
37 20 229
37 21 242
37 22 263
37 23 471
37 24 643
37 25 192
37 26 643
37 27 595
37 28 144
37 29 595
37 30 547
37 31 96
37 32 547
37 33 499
37 34 48
37 35 499
37 36 451
37 37 0
37 38 451
37 39 499
37 40 48
37 41 499
37 42 763
38 0 1214
38 1 398
38 2 85
38 3 706
38 4 424
38 5 229
38 6 723
38 7 1018
38 8 970
38 9 307
38 10 437
38 11 255
38 12 632
38 13 680
38 14 896
38 15 254
38 16 827
38 17 463
38 18 437
38 19 228
38 20 606
38 21 693
38 22 714
38 23 172
38 24 1094
38 25 643
38 26 192
38 27 1046
38 28 595
38 29 144
38 30 998
38 31 547
38 32 96
38 33 950
38 34 499
38 35 48
38 36 902
38 37 451
38 38 0
38 39 950
38 40 499
38 41 48
38 42 1214
39 0 360
39 1 936
39 2 865
39 3 628
39 4 910
39 5 1105
39 6 515
39 7 316
39 8 268
39 9 1027
39 10 897
39 11 1079
39 12 606
39 13 654
39 14 246
39 15 792
39 16 411
39 17 871
39 18 897
39 19 722
39 20 728
39 21 641
39 22 428
39 23 970
39 24 240
39 25 691
39 26 1142
39 27 192
39 28 643
39 29 1094
39 30 144
39 31 595
39 32 1046
39 33 96
39 34 547
39 35 998
39 36 48
39 37 499
39 38 950
39 39 0
39 40 451
39 41 902
39 42 360
40 0 811
40 1 485
40 2 414
40 3 303
40 4 459
40 5 654
40 6 320
40 7 615
40 8 567
40 9 576
40 10 446
40 11 628
40 12 229
40 13 277
40 14 493
40 15 341
40 16 424
40 17 420
40 18 446
40 19 271
40 20 277
40 21 290
40 22 311
40 23 519
40 24 691
40 25 240
40 26 691
40 27 643
40 28 192
40 29 643
40 30 595
40 31 144
40 32 595
40 33 547
40 34 96
40 35 547
40 36 499
40 37 48
40 38 499
40 39 451
40 40 0
40 41 451
40 42 811
41 0 1262
41 1 446
41 2 37
41 3 754
41 4 472
41 5 277
41 6 771
41 7 1066
41 8 1018
41 9 355
41 10 485
41 11 303
41 12 680
41 13 728
41 14 944
41 15 302
41 16 875
41 17 511
41 18 485
41 19 180
41 20 654
41 21 741
41 22 762
41 23 220
41 24 1142
41 25 691
41 26 240
41 27 1094
41 28 643
41 29 192
41 30 1046
41 31 595
41 32 144
41 33 998
41 34 547
41 35 96
41 36 950
41 37 499
41 38 48
41 39 902
41 40 451
41 41 0
41 42 1262
42 0 0
42 1 816
42 2 1225
42 3 508
42 4 790
42 5 985
42 6 491
42 7 196
42 8 244
42 9 907
42 10 777
42 11 959
42 12 582
42 13 534
42 14 318
42 15 960
42 16 387
42 17 751
42 18 777
42 19 1082
42 20 608
42 21 521
42 22 500
42 23 1042
42 24 120
42 25 571
42 26 1022
42 27 168
42 28 619
42 29 1070
42 30 216
42 31 667
42 32 1118
42 33 264
42 34 715
42 35 1166
42 36 312
42 37 763
42 38 1214
42 39 360
42 40 811
42 41 1262
42 42 0
//Location coordinates LocationName
//Loc x y
0 0.0 0.0 "depot"
1 0.0 816.0 "product aisle 0 bloc 1 rank 33"
2 240.0 985.0 "product aisle 5 bloc 1 rank 60"
3 0.0 508.0 "product aisle 0 bloc 0 rank 56"
4 0.0 790.0 "product aisle 0 bloc 1 rank 29"
5 0.0 985.0 "product aisle 0 bloc 1 rank 59"
6 48.0 443.0 "product aisle 1 bloc 0 rank 46"
7 0.0 196.0 "product aisle 0 bloc 0 rank 8"
8 48.0 196.0 "product aisle 1 bloc 0 rank 7"
9 0.0 907.0 "product aisle 0 bloc 1 rank 47"
10 0.0 777.0 "product aisle 0 bloc 1 rank 27"
11 0.0 959.0 "product aisle 0 bloc 1 rank 56"
12 48.0 534.0 "product aisle 1 bloc 0 rank 60"
13 0.0 534.0 "product aisle 0 bloc 0 rank 60"
14 96.0 222.0 "product aisle 2 bloc 0 rank 11"
15 144.0 816.0 "product aisle 3 bloc 1 rank 33"
16 48.0 339.0 "product aisle 1 bloc 0 rank 29"
17 0.0 751.0 "product aisle 0 bloc 1 rank 23"
18 0.0 777.0 "product aisle 0 bloc 1 rank 28"
19 240.0 842.0 "product aisle 5 bloc 1 rank 38"
20 0.0 608.0 "product aisle 0 bloc 1 rank 2"
21 0.0 521.0 "product aisle 0 bloc 0 rank 57"
22 96.0 404.0 "product aisle 2 bloc 0 rank 40"
23 96.0 946.0 "product aisle 2 bloc 1 rank 53"
24 24.0 120.0 "intersection aisle 0 bloc 0 rank 0"
25 24.0 571.0 "intersection aisle 0 bloc 1 rank 1"
26 24.0 1022.0 "intersection aisle 0 bloc 2 rank 2"
27 72.0 120.0 "intersection aisle 1 bloc 0 rank 0"
28 72.0 571.0 "intersection aisle 1 bloc 1 rank 1"
29 72.0 1022.0 "intersection aisle 1 bloc 2 rank 2"
30 120.0 120.0 "intersection aisle 2 bloc 0 rank 0"
31 120.0 571.0 "intersection aisle 2 bloc 1 rank 1"
32 120.0 1022.0 "intersection aisle 2 bloc 2 rank 2"
33 168.0 120.0 "intersection aisle 3 bloc 0 rank 0"
34 168.0 571.0 "intersection aisle 3 bloc 1 rank 1"
35 168.0 1022.0 "intersection aisle 3 bloc 2 rank 2"
36 216.0 120.0 "intersection aisle 4 bloc 0 rank 0"
37 216.0 571.0 "intersection aisle 4 bloc 1 rank 1"
38 216.0 1022.0 "intersection aisle 4 bloc 2 rank 2"
39 264.0 120.0 "intersection aisle 5 bloc 0 rank 0"
40 264.0 571.0 "intersection aisle 5 bloc 1 rank 1"
41 264.0 1022.0 "intersection aisle 5 bloc 2 rank 2"
42 0.0 0.0 "depot"
