//alpha
1
//NbLocations
97
//NbProducts
42
//NbPickers
2
//CapaPicker
12
//TimeToTravelOneDistanceUnit
3
//SetupTime
5400
//PickTime
300
//Products
//Idx Location Size
1 1 1
2 2 1
3 3 1
4 4 1
5 5 1
6 6 1
7 7 1
8 8 1
9 9 1
10 10 1
11 11 1
12 12 1
13 13 1
14 14 1
15 15 1
16 16 1
17 17 1
18 18 1
19 19 1
20 20 1
21 21 1
22 22 1
23 23 1
24 24 1
25 25 1
26 26 1
27 27 1
28 28 1
29 29 1
30 30 1
31 31 1
32 32 1
33 33 1
34 34 1
35 35 1
36 36 1
37 37 1
38 38 1
39 39 1
40 40 1
41 41 1
42 42 1
//Orders
//NbOrders
18
//Idx DueDate TardinessPenalty NbProdInOrder ProdIdx1 Qty1 ProdIdx2 Qty2 ...
1 90000 0 2 1 1 2 1
2 54000 0 9 3 1 4 1 5 1 6 1 7 1 8 1 9 1 10 1 11 1
3 108000 0 4 12 1 13 1 14 1 15 1
4 90000 0 1 16 1
5 90000 0 2 17 1 18 1
6 54000 0 2 19 1 20 1
7 54000 0 1 21 1
8 54000 0 1 22 1
9 90000 0 1 23 1
10 90000 0 3 24 1 25 1 26 1
11 36000 0 1 27 1
12 72000 0 2 28 1 29 1
13 72000 0 3 30 1 31 1 32 1
14 90000 0 4 33 1 34 1 35 1 36 1
15 72000 0 1 37 1
16 72000 0 1 38 1
17 54000 0 3 39 1 40 1 41 1
18 54000 0 1 42 1
//Graph (Products are vertices indexed from 1 to NbProducts)
//NbVerticesIntersections
54
//DepartingDepot
0
//ArrivalDepot
97
//Arcs
//Start End Distance
0 43 120
1 36 260
1 79 791
2 38 260
2 47 362
3 85 583
3 86 648
4 40 286
4 68 362
5 74 518
5 75 713
6 34 78
6 63 154
7 15 429
7 62 622
8 21 117
8 74 310
9 20 91
9 89 232
10 95 284
10 96 947
11 23 611
11 37 78
12 80 362
12 81 869
13 43 427
13 44 804
14 27 130
14 32 299
15 7 429
15 61 180
16 26 364
16 77 492
17 70 297
17 71 934
18 39 52
18 53 583
19 30 728
19 86 284
20 9 91
20 90 908
21 8 117
21 73 804
22 37 143
22 65 193
23 11 611
23 66 206
24 41 143
24 72 869
25 32 195
25 82 336
26 16 364
26 76 375
27 14 130
27 83 271
28 94 310
28 95 921
29 35 130
29 52 297
30 19 728
30 87 219
31 55 50
31 56 1181
32 14 299
32 25 195
33 58 635
33 59 596
34 6 78
34 62 999
35 29 130
35 39 169
36 1 260
36 80 180
37 11 78
37 22 143
38 2 260
38 48 609
39 18 52
39 35 169
40 4 286
40 67 583
41 24 143
41 71 219
42 50 154
42 51 1077
43 13 427
43 46 48
43 97 120
44 13 804
44 45 1231
44 47 48
45 44 1231
45 48 48
46 43 48
46 47 1231
46 49 48
47 2 362
47 44 48
47 46 1231
47 50 48
48 38 609
48 45 48
48 51 48
49 46 48
49 50 1231
49 52 48
50 42 154
50 47 48
50 49 1231
50 53 48
51 42 1077
51 48 48
51 54 48
52 29 297
52 49 48
52 55 48
53 18 583
53 50 48
53 54 1231
53 56 48
54 51 48
54 53 1231
54 57 48
55 31 50
55 52 48
55 58 48
56 31 1181
56 53 48
56 57 1231
56 59 48
57 54 48
57 56 1231
57 60 48
58 33 635
58 55 48
58 61 48
59 33 596
59 56 48
59 60 1231
59 62 48
60 57 48
60 59 1231
60 63 48
61 15 180
61 58 48
61 64 48
62 7 622
62 34 999
62 59 48
62 65 48
63 6 154
63 60 48
63 66 48
64 61 48
64 65 1231
64 67 48
65 22 193
65 62 48
65 64 1231
65 68 48
66 23 206
66 63 48
66 69 48
67 40 583
67 64 48
67 70 48
68 4 362
68 65 48
68 69 1231
68 71 48
69 66 48
69 68 1231
69 72 48
70 17 297
70 67 48
70 73 48
71 17 934
71 41 219
71 68 48
71 74 48
72 24 869
72 69 48
72 75 48
73 21 804
73 70 48
73 76 48
74 5 518
74 8 310
74 71 48
74 77 48
75 5 713
75 72 48
75 78 48
76 26 375
76 73 48
76 79 48
77 16 492
77 74 48
77 78 1231
77 80 48
78 75 48
78 77 1231
78 81 48
79 1 791
79 76 48
79 82 48
80 12 362
80 36 180
80 77 48
80 83 48
81 12 869
81 78 48
81 84 48
82 25 336
82 79 48
82 85 48
83 27 271
83 80 48
83 84 1231
83 86 48
84 81 48
84 83 1231
84 87 48
85 3 583
85 82 48
85 88 48
86 3 648
86 19 284
86 83 48
86 89 48
87 30 219
87 84 48
87 90 48
88 85 48
88 89 1231
88 91 48
89 9 232
89 86 48
89 88 1231
89 92 48
90 20 908
90 87 48
90 93 48
91 88 48
91 92 1231
91 94 48
92 89 48
92 91 1231
92 93 1231
92 95 48
93 90 48
93 92 1231
93 96 48
94 28 310
94 91 48
95 10 284
95 28 921
95 92 48
96 10 947
96 93 48
//LocStart LocEnd ShortestPath
0 0 0
0 1 1487
0 2 1761
0 3 1375
0 4 1373
0 5 2349
0 6 2716
0 7 1017
0 8 1521
0 9 2303
0 10 2451
0 11 2101
0 12 2289
0 13 547
0 14 1574
0 15 588
0 16 1387
0 17 849
0 18 912
0 19 2307
0 20 2394
0 21 1404
0 22 1880
0 23 2712
0 24 2145
0 25 1080
0 26 1023
0 27 1704
0 28 1246
0 29 561
0 30 3035
0 31 362
0 32 1275
0 33 995
0 34 2638
0 35 691
0 36 1747
0 37 2023
0 38 2021
0 39 860
0 40 1087
0 41 2002
0 42 1601
0 43 120
0 44 1351
0 45 2582
0 46 168
0 47 1399
0 48 2630
0 49 216
0 50 1447
0 51 2678
0 52 264
0 53 1495
0 54 2726
0 55 312
0 56 1543
0 57 2774
0 58 360
0 59 1591
0 60 2822
0 61 408
0 62 1639
0 63 2870
0 64 456
0 65 1687
0 66 2918
0 67 504
0 68 1735
0 69 2966
0 70 552
0 71 1783
0 72 3014
0 73 600
0 74 1831
0 75 3062
0 76 648
0 77 1879
0 78 3110
0 79 696
0 80 1927
0 81 3158
0 82 744
0 83 1975
0 84 3206
0 85 792
0 86 2023
0 87 3254
0 88 840
0 89 2071
0 90 3302
0 91 888
0 92 2119
0 93 3350
0 94 936
0 95 2167
0 96 3398
0 97 0
1 0 1487
1 1 0
1 2 1330
1 3 1184
1 4 994
1 5 1054
1 6 1805
1 7 1350
1 8 846
1 9 816
1 10 964
1 11 1094
1 12 802
1 13 1794
1 14 889
1 15 1259
1 16 980
1 17 1232
1 18 1455
1 19 820
1 20 907
1 21 963
1 22 873
1 23 1705
1 24 946
1 25 1175
1 26 1214
1 27 759
1 28 1341
1 29 1520
1 30 1548
1 31 1225
1 32 1188
1 33 1372
1 34 1727
1 35 1650
1 36 260
1 37 1016
1 38 1590
1 39 1507
1 40 1280
1 41 803
1 42 1074
1 43 1367
1 44 1016
1 45 2247
1 46 1319
1 47 968
1 48 2199
1 49 1271
1 50 920
1 51 2151
1 52 1223
1 53 872
1 54 2103
1 55 1175
1 56 824
1 57 2055
1 58 1127
1 59 776
1 60 2007
1 61 1079
1 62 728
1 63 1959
1 64 1031
1 65 680
1 66 1911
1 67 983
1 68 632
1 69 1863
1 70 935
1 71 584
1 72 1815
1 73 887
1 74 536
1 75 1767
1 76 839
1 77 488
1 78 1719
1 79 791
1 80 440
1 81 1671
1 82 839
1 83 488
1 84 1719
1 85 887
1 86 536
1 87 1767
1 88 935
1 89 584
1 90 1815
1 91 983
1 92 632
1 93 1863
1 94 1031
1 95 680
1 96 1911
1 97 1487
2 0 1761
2 1 1330
2 2 0
2 3 1634
2 4 1060
2 5 1312
2 6 1263
2 7 1224
2 8 1104
2 9 1266
2 10 1414
2 11 1064
2 12 1252
2 13 1214
2 14 1339
2 15 1653
2 16 1334
2 17 1680
2 18 1041
2 19 1270
2 20 1357
2 21 1221
2 22 843
2 23 1363
2 24 1108
2 25 1833
2 26 1698
2 27 1209
2 28 2051
2 29 1392
2 30 1712
2 31 1687
2 32 1638
2 33 1150
2 34 1341
2 35 1262
2 36 1070
2 37 986
2 38 260
2 39 1093
2 40 1346
2 41 965
2 42 564
2 43 1641
2 44 410
2 45 917
2 46 1593
2 47 362
2 48 869
2 49 1641
2 50 410
2 51 917
2 52 1689
2 53 458
2 54 965
2 55 1737
2 56 506
2 57 1013
2 58 1785
2 59 554
2 60 1061
2 61 1833
2 62 602
2 63 1109
2 64 1881
2 65 650
2 66 1157
2 67 1929
2 68 698
2 69 1205
2 70 1977
2 71 746
2 72 1253
2 73 2025
2 74 794
2 75 1301
2 76 2073
2 77 842
2 78 1349
2 79 2121
2 80 890
2 81 1397
2 82 2169
2 83 938
2 84 1445
2 85 2217
2 86 986
2 87 1493
2 88 2265
2 89 1034
2 90 1541
2 91 2313
2 92 1082
2 93 1589
2 94 2361
2 95 1130
2 96 1637
2 97 1761
3 0 1375
3 1 1184
3 2 1634
3 3 0
3 4 1298
3 5 1358
3 6 2109
3 7 1576
3 8 1150
3 9 928
3 10 1076
3 11 1398
3 12 1106
3 13 1682
3 14 1097
3 15 1147
3 16 1284
3 17 1120
3 18 1759
3 19 932
3 20 1019
3 21 1267
3 22 1177
3 23 2009
3 24 1250
3 25 967
3 26 1102
3 27 967
3 28 1037
3 29 1408
3 30 1660
3 31 1113
3 32 1162
3 33 1650
3 34 2031
3 35 1538
3 36 924
3 37 1320
3 38 1894
3 39 1707
3 40 1454
3 41 1107
3 42 1378
3 43 1255
3 44 1320
3 45 2551
3 46 1207
3 47 1272
3 48 2503
3 49 1159
3 50 1224
3 51 2455
3 52 1111
3 53 1176
3 54 2407
3 55 1063
3 56 1128
3 57 2359
3 58 1015
3 59 1080
3 60 2311
3 61 967
3 62 1032
3 63 2263
3 64 919
3 65 984
3 66 2215
3 67 871
3 68 936
3 69 2167
3 70 823
3 71 888
3 72 2119
3 73 775
3 74 840
3 75 2071
3 76 727
3 77 792
3 78 2023
3 79 679
3 80 744
3 81 1975
3 82 631
3 83 696
3 84 1927
3 85 583
3 86 648
3 87 1879
3 88 631
3 89 696
3 90 1927
3 91 679
3 92 744
3 93 1975
3 94 727
3 95 792
3 96 2023
3 97 1375
4 0 1373
4 1 994
4 2 1060
4 3 1298
4 4 0
4 5 976
4 6 1535
4 7 1080
4 8 768
4 9 930
4 10 1078
4 11 824
4 12 916
4 13 1550
4 14 1003
4 15 1145
4 16 998
4 17 1214
4 18 1185
4 19 934
4 20 1021
4 21 885
4 22 603
4 23 1435
4 24 772
4 25 1445
4 26 1362
4 27 873
4 28 1611
4 29 1406
4 30 1662
4 31 1111
4 32 1302
4 33 1102
4 34 1457
4 35 1406
4 36 734
4 37 746
4 38 1320
4 39 1237
4 40 286
4 41 629
4 42 804
4 43 1253
4 44 746
4 45 1977
4 46 1205
4 47 698
4 48 1929
4 49 1157
4 50 650
4 51 1881
4 52 1109
4 53 602
4 54 1833
4 55 1061
4 56 554
4 57 1785
4 58 1013
4 59 506
4 60 1737
4 61 965
4 62 458
4 63 1689
4 64 917
4 65 410
4 66 1641
4 67 869
4 68 362
4 69 1593
4 70 917
4 71 410
4 72 1641
4 73 965
4 74 458
4 75 1689
4 76 1013
4 77 506
4 78 1737
4 79 1061
4 80 554
4 81 1785
4 82 1109
4 83 602
4 84 1833
4 85 1157
4 86 650
4 87 1881
4 88 1205
4 89 698
4 90 1929
4 91 1253
4 92 746
4 93 1977
4 94 1301
4 95 794
4 96 2025
4 97 1373
5 0 2349
5 1 1054
5 2 1312
5 3 1358
5 4 976
5 5 0
5 6 1059
5 7 1332
5 8 828
5 9 990
5 10 1138
5 11 1076
5 12 976
5 13 1802
5 14 1063
5 15 1761
5 16 1058
5 17 1500
5 18 1437
5 19 994
5 20 1081
5 21 945
5 22 855
5 23 1063
5 24 928
5 25 1557
5 26 1422
5 27 933
5 28 1775
5 29 1788
5 30 1124
5 31 1987
5 32 1362
5 33 1354
5 34 1137
5 35 1658
5 36 794
5 37 998
5 38 1572
5 39 1489
5 40 1262
5 41 785
5 42 1056
5 43 2229
5 44 998
5 45 1193
5 46 2181
5 47 950
5 48 1145
5 49 2133
5 50 902
5 51 1097
5 52 2085
5 53 854
5 54 1049
5 55 2037
5 56 806
5 57 1001
5 58 1989
5 59 758
5 60 953
5 61 1941
5 62 710
5 63 905
5 64 1893
5 65 662
5 66 857
5 67 1845
5 68 614
5 69 809
5 70 1797
5 71 566
5 72 761
5 73 1749
5 74 518
5 75 713
5 76 1797
5 77 566
5 78 761
5 79 1845
5 80 614
5 81 809
5 82 1893
5 83 662
5 84 857
5 85 1941
5 86 710
5 87 905
5 88 1989
5 89 758
5 90 953
5 91 2037
5 92 806
5 93 1001
5 94 2085
5 95 854
5 96 1049
5 97 2349
6 0 2716
6 1 1805
6 2 1263
6 3 2109
6 4 1535
6 5 1059
6 6 0
6 7 1699
6 8 1579
6 9 1585
6 10 1629
6 11 1019
6 12 1311
6 13 2169
6 14 1814
6 15 2128
6 16 1809
6 17 2155
6 18 1804
6 19 1485
6 20 1494
6 21 1696
6 22 1240
6 23 408
6 24 1167
6 25 2308
6 26 2173
6 27 1684
6 28 2526
6 29 2155
6 30 757
6 31 2354
6 32 2113
6 33 1721
6 34 78
6 35 2025
6 36 1545
6 37 1097
6 38 1003
6 39 1856
6 40 1821
6 41 1310
6 42 1423
6 43 2596
6 44 1365
6 45 442
6 46 2548
6 47 1317
6 48 394
6 49 2500
6 50 1269
6 51 346
6 52 2452
6 53 1221
6 54 298
6 55 2404
6 56 1173
6 57 250
6 58 2356
6 59 1125
6 60 202
6 61 2308
6 62 1077
6 63 154
6 64 2356
6 65 1125
6 66 202
6 67 2404
6 68 1173
6 69 250
6 70 2452
6 71 1221
6 72 298
6 73 2500
6 74 1269
6 75 346
6 76 2548
6 77 1317
6 78 394
6 79 2596
6 80 1365
6 81 442
6 82 2644
6 83 1413
6 84 490
6 85 2692
6 86 1461
6 87 538
6 88 2740
6 89 1509
6 90 586
6 91 2788
6 92 1557
6 93 634
6 94 2836
6 95 1605
6 96 682
6 97 2716
7 0 1017
7 1 1350
7 2 1224
7 3 1576
7 4 1080
7 5 1332
7 6 1699
7 7 0
7 8 1124
7 9 1286
7 10 1434
7 11 1084
7 12 1272
7 13 1324
7 14 1359
7 15 429
7 16 1354
7 17 1050
7 18 1349
7 19 1290
7 20 1377
7 21 1241
7 22 863
7 23 1695
7 24 1128
7 25 1281
7 26 1224
7 27 1229
7 28 1447
7 29 1050
7 30 2018
7 31 755
7 32 1476
7 33 1266
7 34 1621
7 35 1180
7 36 1090
7 37 1006
7 38 1484
7 39 1349
7 40 1288
7 41 985
7 42 968
7 43 897
7 44 910
7 45 2141
7 46 849
7 47 862
7 48 2093
7 49 801
7 50 814
7 51 2045
7 52 753
7 53 766
7 54 1997
7 55 705
7 56 718
7 57 1949
7 58 657
7 59 670
7 60 1901
7 61 609
7 62 622
7 63 1853
7 64 657
7 65 670
7 66 1901
7 67 705
7 68 718
7 69 1949
7 70 753
7 71 766
7 72 1997
7 73 801
7 74 814
7 75 2045
7 76 849
7 77 862
7 78 2093
7 79 897
7 80 910
7 81 2141
7 82 945
7 83 958
7 84 2189
7 85 993
7 86 1006
7 87 2237
7 88 1041
7 89 1054
7 90 2285
7 91 1089
7 92 1102
7 93 2333
7 94 1137
7 95 1150
7 96 2381
7 97 1017
8 0 1521
8 1 846
8 2 1104
8 3 1150
8 4 768
8 5 828
8 6 1579
8 7 1124
8 8 0
8 9 782
8 10 930
8 11 868
8 12 768
8 13 1594
8 14 855
8 15 1293
8 16 850
8 17 1266
8 18 1229
8 19 786
8 20 873
8 21 117
8 22 647
8 23 1479
8 24 720
8 25 1349
8 26 1214
8 27 725
8 28 1567
8 29 1554
8 30 1514
8 31 1259
8 32 1154
8 33 1146
8 34 1501
8 35 1450
8 36 586
8 37 790
8 38 1364
8 39 1281
8 40 1054
8 41 577
8 42 848
8 43 1401
8 44 790
8 45 2021
8 46 1353
8 47 742
8 48 1973
8 49 1305
8 50 694
8 51 1925
8 52 1257
8 53 646
8 54 1877
8 55 1209
8 56 598
8 57 1829
8 58 1161
8 59 550
8 60 1781
8 61 1113
8 62 502
8 63 1733
8 64 1065
8 65 454
8 66 1685
8 67 1017
8 68 406
8 69 1637
8 70 969
8 71 358
8 72 1589
8 73 921
8 74 310
8 75 1541
8 76 969
8 77 358
8 78 1589
8 79 1017
8 80 406
8 81 1637
8 82 1065
8 83 454
8 84 1685
8 85 1113
8 86 502
8 87 1733
8 88 1161
8 89 550
8 90 1781
8 91 1209
8 92 598
8 93 1829
8 94 1257
8 95 646
8 96 1877
8 97 1521
9 0 2303
9 1 816
9 2 1266
9 3 928
9 4 930
9 5 990
9 6 1585
9 7 1286
9 8 782
9 9 0
9 10 612
9 11 1030
9 12 738
9 13 1756
9 14 729
9 15 1715
9 16 916
9 17 1454
9 18 1391
9 19 564
9 20 91
9 21 899
9 22 809
9 23 1589
9 24 882
9 25 1223
9 26 1280
9 27 599
9 28 1249
9 29 1742
9 30 1266
9 31 1941
9 32 1028
9 33 1308
9 34 1663
9 35 1612
9 36 556
9 37 952
9 38 1526
9 39 1443
9 40 1216
9 41 739
9 42 1010
9 43 2183
9 44 952
9 45 1719
9 46 2135
9 47 904
9 48 1671
9 49 2087
9 50 856
9 51 1623
9 52 2039
9 53 808
9 54 1575
9 55 1991
9 56 760
9 57 1527
9 58 1943
9 59 712
9 60 1479
9 61 1895
9 62 664
9 63 1431
9 64 1847
9 65 616
9 66 1383
9 67 1799
9 68 568
9 69 1335
9 70 1751
9 71 520
9 72 1287
9 73 1703
9 74 472
9 75 1239
9 76 1655
9 77 424
9 78 1191
9 79 1607
9 80 376
9 81 1143
9 82 1559
9 83 328
9 84 1095
9 85 1511
9 86 280
9 87 1047
9 88 1463
9 89 232
9 90 999
9 91 1511
9 92 280
9 93 1047
9 94 1559
9 95 328
9 96 1095
9 97 2303
10 0 2451
10 1 964
10 2 1414
10 3 1076
10 4 1078
10 5 1138
10 6 1629
10 7 1434
10 8 930
10 9 612
10 10 0
10 11 1178
10 12 886
10 13 1904
10 14 877
10 15 1863
10 16 1064
10 17 1602
10 18 1539
10 19 712
10 20 703
10 21 1047
10 22 957
10 23 1633
10 24 1030
10 25 1371
10 26 1428
10 27 747
10 28 1205
10 29 1890
10 30 1310
10 31 2089
10 32 1176
10 33 1456
10 34 1707
10 35 1760
10 36 704
10 37 1100
10 38 1674
10 39 1591
10 40 1364
10 41 887
10 42 1158
10 43 2331
10 44 1100
10 45 1763
10 46 2283
10 47 1052
10 48 1715
10 49 2235
10 50 1004
10 51 1667
10 52 2187
10 53 956
10 54 1619
10 55 2139
10 56 908
10 57 1571
10 58 2091
10 59 860
10 60 1523
10 61 2043
10 62 812
10 63 1475
10 64 1995
10 65 764
10 66 1427
10 67 1947
10 68 716
10 69 1379
10 70 1899
10 71 668
10 72 1331
10 73 1851
10 74 620
10 75 1283
10 76 1803
10 77 572
10 78 1235
10 79 1755
10 80 524
10 81 1187
10 82 1707
10 83 476
10 84 1139
10 85 1659
10 86 428
10 87 1091
10 88 1611
10 89 380
10 90 1043
10 91 1563
10 92 332
10 93 995
10 94 1515
10 95 284
10 96 947
10 97 2451
11 0 2101
11 1 1094
11 2 1064
11 3 1398
11 4 824
11 5 1076
11 6 1019
11 7 1084
11 8 868
11 9 1030
11 10 1178
11 11 0
11 12 1016
11 13 1554
11 14 1103
11 15 1513
11 16 1098
11 17 1444
11 18 1189
11 19 1034
11 20 1121
11 21 985
11 22 221
11 23 611
11 24 872
11 25 1597
11 26 1462
11 27 973
11 28 1815
11 29 1540
11 30 1372
11 31 1739
11 32 1402
11 33 1106
11 34 1097
11 35 1410
11 36 834
11 37 78
11 38 1324
11 39 1241
11 40 1110
11 41 729
11 42 808
11 43 1981
11 44 750
11 45 1153
11 46 1933
11 47 702
11 48 1105
11 49 1885
11 50 654
11 51 1057
11 52 1837
11 53 606
11 54 1009
11 55 1789
11 56 558
11 57 961
11 58 1741
11 59 510
11 60 913
11 61 1693
11 62 462
11 63 865
11 64 1645
11 65 414
11 66 817
11 67 1693
11 68 462
11 69 865
11 70 1741
11 71 510
11 72 913
11 73 1789
11 74 558
11 75 961
11 76 1837
11 77 606
11 78 1009
11 79 1885
11 80 654
11 81 1057
11 82 1933
11 83 702
11 84 1105
11 85 1981
11 86 750
11 87 1153
11 88 2029
11 89 798
11 90 1201
11 91 2077
11 92 846
11 93 1249
11 94 2125
11 95 894
11 96 1297
11 97 2101
12 0 2289
12 1 802
12 2 1252
12 3 1106
12 4 916
12 5 976
12 6 1311
12 7 1272
12 8 768
12 9 738
12 10 886
12 11 1016
12 12 0
12 13 1742
12 14 811
12 15 1701
12 16 902
12 17 1440
12 18 1377
12 19 742
12 20 829
12 21 885
12 22 795
12 23 1315
12 24 868
12 25 1305
12 26 1266
12 27 681
12 28 1523
12 29 1728
12 30 1184
12 31 1927
12 32 1110
12 33 1294
12 34 1389
12 35 1598
12 36 542
12 37 938
12 38 1512
12 39 1429
12 40 1202
12 41 725
12 42 996
12 43 2169
12 44 938
12 45 1445
12 46 2121
12 47 890
12 48 1397
12 49 2073
12 50 842
12 51 1349
12 52 2025
12 53 794
12 54 1301
12 55 1977
12 56 746
12 57 1253
12 58 1929
12 59 698
12 60 1205
12 61 1881
12 62 650
12 63 1157
12 64 1833
12 65 602
12 66 1109
12 67 1785
12 68 554
12 69 1061
12 70 1737
12 71 506
12 72 1013
12 73 1689
12 74 458
12 75 965
12 76 1641
12 77 410
12 78 917
12 79 1593
12 80 362
12 81 869
12 82 1641
12 83 410
12 84 917
12 85 1689
12 86 458
12 87 965
12 88 1737
12 89 506
12 90 1013
12 91 1785
12 92 554
12 93 1061
12 94 1833
12 95 602
12 96 1109
12 97 2289
13 0 547
13 1 1794
13 2 1214
13 3 1682
13 4 1550
13 5 1802
13 6 2169
13 7 1324
13 8 1594
13 9 1756
13 10 1904
13 11 1554
13 12 1742
13 13 0
13 14 1829
13 15 895
13 16 1694
13 17 1156
13 18 1219
13 19 1760
13 20 1847
13 21 1711
13 22 1333
13 23 2165
13 24 1598
13 25 1387
13 26 1330
13 27 1699
13 28 1553
13 29 868
13 30 2488
13 31 669
13 32 1582
13 33 1302
13 34 2091
13 35 998
13 36 1560
13 37 1476
13 38 1474
13 39 1167
13 40 1394
13 41 1455
13 42 1054
13 43 427
13 44 804
13 45 2035
13 46 475
13 47 852
13 48 2083
13 49 523
13 50 900
13 51 2131
13 52 571
13 53 948
13 54 2179
13 55 619
13 56 996
13 57 2227
13 58 667
13 59 1044
13 60 2275
13 61 715
13 62 1092
13 63 2323
13 64 763
13 65 1140
13 66 2371
13 67 811
13 68 1188
13 69 2419
13 70 859
13 71 1236
13 72 2467
13 73 907
13 74 1284
13 75 2515
13 76 955
13 77 1332
13 78 2563
13 79 1003
13 80 1380
13 81 2611
13 82 1051
13 83 1428
13 84 2659
13 85 1099
13 86 1476
13 87 2707
13 88 1147
13 89 1524
13 90 2755
13 91 1195
13 92 1572
13 93 2803
13 94 1243
13 95 1620
13 96 2851
13 97 547
14 0 1574
14 1 889
14 2 1339
14 3 1097
14 4 1003
14 5 1063
14 6 1814
14 7 1359
14 8 855
14 9 729
14 10 877
14 11 1103
14 12 811
14 13 1829
14 14 0
14 15 1346
14 16 989
14 17 1319
14 18 1464
14 19 733
14 20 820
14 21 972
14 22 882
14 23 1714
14 24 955
14 25 494
14 26 1301
14 27 130
14 28 1332
14 29 1607
14 30 1461
14 31 1312
14 32 299
14 33 1381
14 34 1736
14 35 1685
14 36 629
14 37 1025
14 38 1599
14 39 1516
14 40 1289
14 41 812
14 42 1083
14 43 1454
14 44 1025
14 45 2256
14 46 1406
14 47 977
14 48 2208
14 49 1358
14 50 929
14 51 2160
14 52 1310
14 53 881
14 54 2112
14 55 1262
14 56 833
14 57 2064
14 58 1214
14 59 785
14 60 2016
14 61 1166
14 62 737
14 63 1968
14 64 1118
14 65 689
14 66 1920
14 67 1070
14 68 641
14 69 1872
14 70 1022
14 71 593
14 72 1824
14 73 974
14 74 545
14 75 1776
14 76 926
14 77 497
14 78 1728
14 79 878
14 80 449
14 81 1680
14 82 830
14 83 401
14 84 1632
14 85 878
14 86 449
14 87 1680
14 88 926
14 89 497
14 90 1728
14 91 974
14 92 545
14 93 1776
14 94 1022
14 95 593
14 96 1824
14 97 1574
15 0 588
15 1 1259
15 2 1653
15 3 1147
15 4 1145
15 5 1761
15 6 2128
15 7 429
15 8 1293
15 9 1715
15 10 1863
15 11 1513
15 12 1701
15 13 895
15 14 1346
15 15 0
15 16 1159
15 17 621
15 18 972
15 19 1719
15 20 1806
15 21 1176
15 22 1292
15 23 2124
15 24 1557
15 25 852
15 26 795
15 27 1476
15 28 1018
15 29 621
15 30 2447
15 31 326
15 32 1047
15 33 863
15 34 2050
15 35 751
15 36 1519
15 37 1435
15 38 1913
15 39 920
15 40 859
15 41 1414
15 42 1397
15 43 468
15 44 1339
15 45 2570
15 46 420
15 47 1291
15 48 2522
15 49 372
15 50 1243
15 51 2474
15 52 324
15 53 1195
15 54 2426
15 55 276
15 56 1147
15 57 2378
15 58 228
15 59 1099
15 60 2330
15 61 180
15 62 1051
15 63 2282
15 64 228
15 65 1099
15 66 2330
15 67 276
15 68 1147
15 69 2378
15 70 324
15 71 1195
15 72 2426
15 73 372
15 74 1243
15 75 2474
15 76 420
15 77 1291
15 78 2522
15 79 468
15 80 1339
15 81 2570
15 82 516
15 83 1387
15 84 2618
15 85 564
15 86 1435
15 87 2666
15 88 612
15 89 1483
15 90 2714
15 91 660
15 92 1531
15 93 2762
15 94 708
15 95 1579
15 96 2810
15 97 588
16 0 1387
16 1 980
16 2 1334
16 3 1284
16 4 998
16 5 1058
16 6 1809
16 7 1354
16 8 850
16 9 916
16 10 1064
16 11 1098
16 12 902
16 13 1694
16 14 989
16 15 1159
16 16 0
16 17 1132
16 18 1459
16 19 920
16 20 1007
16 21 967
16 22 877
16 23 1709
16 24 950
16 25 1171
16 26 364
16 27 859
16 28 1337
16 29 1420
16 30 1648
16 31 1125
16 32 1288
16 33 1376
16 34 1731
16 35 1550
16 36 720
16 37 1020
16 38 1594
16 39 1511
16 40 1284
16 41 807
16 42 1078
16 43 1267
16 44 1020
16 45 2251
16 46 1219
16 47 972
16 48 2203
16 49 1171
16 50 924
16 51 2155
16 52 1123
16 53 876
16 54 2107
16 55 1075
16 56 828
16 57 2059
16 58 1027
16 59 780
16 60 2011
16 61 979
16 62 732
16 63 1963
16 64 931
16 65 684
16 66 1915
16 67 883
16 68 636
16 69 1867
16 70 835
16 71 588
16 72 1819
16 73 787
16 74 540
16 75 1771
16 76 739
16 77 492
16 78 1723
16 79 787
16 80 540
16 81 1771
16 82 835
16 83 588
16 84 1819
16 85 883
16 86 636
16 87 1867
16 88 931
16 89 684
16 90 1915
16 91 979
16 92 732
16 93 1963
16 94 1027
16 95 780
16 96 2011
16 97 1387
17 0 849
17 1 1232
17 2 1680
17 3 1120
17 4 1214
17 5 1500
17 6 2155
17 7 1050
17 8 1266
17 9 1454
17 10 1602
17 11 1444
17 12 1440
17 13 1156
17 14 1319
17 15 621
17 16 1132
17 17 0
17 18 1233
17 19 1458
17 20 1545
17 21 1149
17 22 1223
17 23 2055
17 24 1296
17 25 825
17 26 768
17 27 1397
17 28 991
17 29 882
17 30 2186
17 31 587
17 32 1020
17 33 1124
17 34 2077
17 35 1012
17 36 1258
17 37 1366
17 38 1940
17 39 1181
17 40 928
17 41 1153
17 42 1424
17 43 729
17 44 1366
17 45 2597
17 46 681
17 47 1318
17 48 2549
17 49 633
17 50 1270
17 51 2501
17 52 585
17 53 1222
17 54 2453
17 55 537
17 56 1174
17 57 2405
17 58 489
17 59 1126
17 60 2357
17 61 441
17 62 1078
17 63 2309
17 64 393
17 65 1030
17 66 2261
17 67 345
17 68 982
17 69 2213
17 70 297
17 71 934
17 72 2165
17 73 345
17 74 982
17 75 2213
17 76 393
17 77 1030
17 78 2261
17 79 441
17 80 1078
17 81 2309
17 82 489
17 83 1126
17 84 2357
17 85 537
17 86 1174
17 87 2405
17 88 585
17 89 1222
17 90 2453
17 91 633
17 92 1270
17 93 2501
17 94 681
17 95 1318
17 96 2549
17 97 849
18 0 912
18 1 1455
18 2 1041
18 3 1759
18 4 1185
18 5 1437
18 6 1804
18 7 1349
18 8 1229
18 9 1391
18 10 1539
18 11 1189
18 12 1377
18 13 1219
18 14 1464
18 15 972
18 16 1459
18 17 1233
18 18 0
18 19 1395
18 20 1482
18 21 1346
18 22 968
18 23 1800
18 24 1233
18 25 1464
18 26 1407
18 27 1334
18 28 1630
18 29 351
18 30 2123
18 31 746
18 32 1659
18 33 1275
18 34 1726
18 35 221
18 36 1195
18 37 1111
18 38 1301
18 39 52
18 40 1471
18 41 1090
18 42 785
18 43 792
18 44 727
18 45 1958
18 46 744
18 47 679
18 48 1910
18 49 696
18 50 631
18 51 1862
18 52 648
18 53 583
18 54 1814
18 55 696
18 56 631
18 57 1862
18 58 744
18 59 679
18 60 1910
18 61 792
18 62 727
18 63 1958
18 64 840
18 65 775
18 66 2006
18 67 888
18 68 823
18 69 2054
18 70 936
18 71 871
18 72 2102
18 73 984
18 74 919
18 75 2150
18 76 1032
18 77 967
18 78 2198
18 79 1080
18 80 1015
18 81 2246
18 82 1128
18 83 1063
18 84 2294
18 85 1176
18 86 1111
18 87 2342
18 88 1224
18 89 1159
18 90 2390
18 91 1272
18 92 1207
18 93 2438
18 94 1320
18 95 1255
18 96 2486
18 97 912
19 0 2307
19 1 820
19 2 1270
19 3 932
19 4 934
19 5 994
19 6 1485
19 7 1290
19 8 786
19 9 564
19 10 712
19 11 1034
19 12 742
19 13 1760
19 14 733
19 15 1719
19 16 920
19 17 1458
19 18 1395
19 19 0
19 20 655
19 21 903
19 22 813
19 23 1489
19 24 886
19 25 1227
19 26 1284
19 27 603
19 28 1349
19 29 1746
19 30 728
19 31 1945
19 32 1032
19 33 1312
19 34 1563
19 35 1616
19 36 560
19 37 956
19 38 1530
19 39 1447
19 40 1220
19 41 743
19 42 1014
19 43 2187
19 44 956
19 45 1619
19 46 2139
19 47 908
19 48 1571
19 49 2091
19 50 860
19 51 1523
19 52 2043
19 53 812
19 54 1475
19 55 1995
19 56 764
19 57 1427
19 58 1947
19 59 716
19 60 1379
19 61 1899
19 62 668
19 63 1331
19 64 1851
19 65 620
19 66 1283
19 67 1803
19 68 572
19 69 1235
19 70 1755
19 71 524
19 72 1187
19 73 1707
19 74 476
19 75 1139
19 76 1659
19 77 428
19 78 1091
19 79 1611
19 80 380
19 81 1043
19 82 1563
19 83 332
19 84 995
19 85 1515
19 86 284
19 87 947
19 88 1563
19 89 332
19 90 995
19 91 1611
19 92 380
19 93 1043
19 94 1659
19 95 428
19 96 1091
19 97 2307
20 0 2394
20 1 907
20 2 1357
20 3 1019
20 4 1021
20 5 1081
20 6 1494
20 7 1377
20 8 873
20 9 91
20 10 703
20 11 1121
20 12 829
20 13 1847
20 14 820
20 15 1806
20 16 1007
20 17 1545
20 18 1482
20 19 655
20 20 0
20 21 990
20 22 900
20 23 1498
20 24 973
20 25 1314
20 26 1371
20 27 690
20 28 1340
20 29 1833
20 30 1175
20 31 2032
20 32 1119
20 33 1399
20 34 1572
20 35 1703
20 36 647
20 37 1043
20 38 1617
20 39 1534
20 40 1307
20 41 830
20 42 1101
20 43 2274
20 44 1043
20 45 1628
20 46 2226
20 47 995
20 48 1580
20 49 2178
20 50 947
20 51 1532
20 52 2130
20 53 899
20 54 1484
20 55 2082
20 56 851
20 57 1436
20 58 2034
20 59 803
20 60 1388
20 61 1986
20 62 755
20 63 1340
20 64 1938
20 65 707
20 66 1292
20 67 1890
20 68 659
20 69 1244
20 70 1842
20 71 611
20 72 1196
20 73 1794
20 74 563
20 75 1148
20 76 1746
20 77 515
20 78 1100
20 79 1698
20 80 467
20 81 1052
20 82 1650
20 83 419
20 84 1004
20 85 1602
20 86 371
20 87 956
20 88 1554
20 89 323
20 90 908
20 91 1602
20 92 371
20 93 956
20 94 1650
20 95 419
20 96 1004
20 97 2394
21 0 1404
21 1 963
21 2 1221
21 3 1267
21 4 885
21 5 945
21 6 1696
21 7 1241
21 8 117
21 9 899
21 10 1047
21 11 985
21 12 885
21 13 1711
21 14 972
21 15 1176
21 16 967
21 17 1149
21 18 1346
21 19 903
21 20 990
21 21 0
21 22 764
21 23 1596
21 24 837
21 25 1284
21 26 1227
21 27 842
21 28 1450
21 29 1437
21 30 1631
21 31 1142
21 32 1271
21 33 1263
21 34 1618
21 35 1567
21 36 703
21 37 907
21 38 1481
21 39 1398
21 40 1171
21 41 694
21 42 965
21 43 1284
21 44 907
21 45 2138
21 46 1236
21 47 859
21 48 2090
21 49 1188
21 50 811
21 51 2042
21 52 1140
21 53 763
21 54 1994
21 55 1092
21 56 715
21 57 1946
21 58 1044
21 59 667
21 60 1898
21 61 996
21 62 619
21 63 1850
21 64 948
21 65 571
21 66 1802
21 67 900
21 68 523
21 69 1754
21 70 852
21 71 475
21 72 1706
21 73 804
21 74 427
21 75 1658
21 76 852
21 77 475
21 78 1706
21 79 900
21 80 523
21 81 1754
21 82 948
21 83 571
21 84 1802
21 85 996
21 86 619
21 87 1850
21 88 1044
21 89 667
21 90 1898
21 91 1092
21 92 715
21 93 1946
21 94 1140
21 95 763
21 96 1994
21 97 1404
22 0 1880
22 1 873
22 2 843
22 3 1177
22 4 603
22 5 855
22 6 1240
22 7 863
22 8 647
22 9 809
22 10 957
22 11 221
22 12 795
22 13 1333
22 14 882
22 15 1292
22 16 877
22 17 1223
22 18 968
22 19 813
22 20 900
22 21 764
22 22 0
22 23 832
22 24 651
22 25 1376
22 26 1241
22 27 752
22 28 1594
22 29 1319
22 30 1541
22 31 1518
22 32 1181
22 33 885
22 34 1240
22 35 1189
22 36 613
22 37 143
22 38 1103
22 39 1020
22 40 889
22 41 508
22 42 587
22 43 1760
22 44 529
22 45 1374
22 46 1712
22 47 481
22 48 1326
22 49 1664
22 50 433
22 51 1278
22 52 1616
22 53 385
22 54 1230
22 55 1568
22 56 337
22 57 1182
22 58 1520
22 59 289
22 60 1134
22 61 1472
22 62 241
22 63 1086
22 64 1424
22 65 193
22 66 1038
22 67 1472
22 68 241
22 69 1086
22 70 1520
22 71 289
22 72 1134
22 73 1568
22 74 337
22 75 1182
22 76 1616
22 77 385
22 78 1230
22 79 1664
22 80 433
22 81 1278
22 82 1712
22 83 481
22 84 1326
22 85 1760
22 86 529
22 87 1374
22 88 1808
22 89 577
22 90 1422
22 91 1856
22 92 625
22 93 1470
22 94 1904
22 95 673
22 96 1518
22 97 1880
23 0 2712
23 1 1705
23 2 1363
23 3 2009
23 4 1435
23 5 1063
23 6 408
23 7 1695
23 8 1479
23 9 1589
23 10 1633
23 11 611
23 12 1315
23 13 2165
23 14 1714
23 15 2124
23 16 1709
23 17 2055
23 18 1800
23 19 1489
23 20 1498
23 21 1596
23 22 832
23 23 0
23 24 1171
23 25 2208
23 26 2073
23 27 1584
23 28 2426
23 29 2151
23 30 761
23 31 2350
23 32 2013
23 33 1717
23 34 486
23 35 2021
23 36 1445
23 37 689
23 38 1103
23 39 1852
23 40 1721
23 41 1314
23 42 1419
23 43 2592
23 44 1361
23 45 542
23 46 2544
23 47 1313
23 48 494
23 49 2496
23 50 1265
23 51 446
23 52 2448
23 53 1217
23 54 398
23 55 2400
23 56 1169
23 57 350
23 58 2352
23 59 1121
23 60 302
23 61 2304
23 62 1073
23 63 254
23 64 2256
23 65 1025
23 66 206
23 67 2304
23 68 1073
23 69 254
23 70 2352
23 71 1121
23 72 302
23 73 2400
23 74 1169
23 75 350
23 76 2448
23 77 1217
23 78 398
23 79 2496
23 80 1265
23 81 446
23 82 2544
23 83 1313
23 84 494
23 85 2592
23 86 1361
23 87 542
23 88 2640
23 89 1409
23 90 590
23 91 2688
23 92 1457
23 93 638
23 94 2736
23 95 1505
23 96 686
23 97 2712
24 0 2145
24 1 946
24 2 1108
24 3 1250
24 4 772
24 5 928
24 6 1167
24 7 1128
24 8 720
24 9 882
24 10 1030
24 11 872
24 12 868
24 13 1598
24 14 955
24 15 1557
24 16 950
24 17 1296
24 18 1233
24 19 886
24 20 973
24 21 837
24 22 651
24 23 1171
24 24 0
24 25 1449
24 26 1314
24 27 825
24 28 1667
24 29 1584
24 30 1328
24 31 1783
24 32 1254
24 33 1150
24 34 1245
24 35 1454
24 36 686
24 37 794
24 38 1368
24 39 1285
24 40 1058
24 41 143
24 42 852
24 43 2025
24 44 794
24 45 1301
24 46 1977
24 47 746
24 48 1253
24 49 1929
24 50 698
24 51 1205
24 52 1881
24 53 650
24 54 1157
24 55 1833
24 56 602
24 57 1109
24 58 1785
24 59 554
24 60 1061
24 61 1737
24 62 506
24 63 1013
24 64 1689
24 65 458
24 66 965
24 67 1641
24 68 410
24 69 917
24 70 1593
24 71 362
24 72 869
24 73 1641
24 74 410
24 75 917
24 76 1689
24 77 458
24 78 965
24 79 1737
24 80 506
24 81 1013
24 82 1785
24 83 554
24 84 1061
24 85 1833
24 86 602
24 87 1109
24 88 1881
24 89 650
24 90 1157
24 91 1929
24 92 698
24 93 1205
24 94 1977
24 95 746
24 96 1253
24 97 2145
25 0 1080
25 1 1175
25 2 1833
25 3 967
25 4 1445
25 5 1557
25 6 2308
25 7 1281
25 8 1349
25 9 1223
25 10 1371
25 11 1597
25 12 1305
25 13 1387
25 14 494
25 15 852
25 16 1171
25 17 825
25 18 1464
25 19 1227
25 20 1314
25 21 1284
25 22 1376
25 23 2208
25 24 1449
25 25 0
25 26 807
25 27 624
25 28 838
25 29 1113
25 30 1955
25 31 818
25 32 195
25 33 1355
25 34 2230
25 35 1243
25 36 1123
25 37 1519
25 38 2093
25 39 1412
25 40 1159
25 41 1306
25 42 1577
25 43 960
25 44 1519
25 45 2750
25 46 912
25 47 1471
25 48 2702
25 49 864
25 50 1423
25 51 2654
25 52 816
25 53 1375
25 54 2606
25 55 768
25 56 1327
25 57 2558
25 58 720
25 59 1279
25 60 2510
25 61 672
25 62 1231
25 63 2462
25 64 624
25 65 1183
25 66 2414
25 67 576
25 68 1135
25 69 2366
25 70 528
25 71 1087
25 72 2318
25 73 480
25 74 1039
25 75 2270
25 76 432
25 77 991
25 78 2222
25 79 384
25 80 943
25 81 2174
25 82 336
25 83 895
25 84 2126
25 85 384
25 86 943
25 87 2174
25 88 432
25 89 991
25 90 2222
25 91 480
25 92 1039
25 93 2270
25 94 528
25 95 1087
25 96 2318
25 97 1080
26 0 1023
26 1 1214
26 2 1698
26 3 1102
26 4 1362
26 5 1422
26 6 2173
26 7 1224
26 8 1214
26 9 1280
26 10 1428
26 11 1462
26 12 1266
26 13 1330
26 14 1301
26 15 795
26 16 364
26 17 768
26 18 1407
26 19 1284
26 20 1371
26 21 1227
26 22 1241
26 23 2073
26 24 1314
26 25 807
26 26 0
26 27 1223
26 28 973
26 29 1056
26 30 2012
26 31 761
26 32 1002
26 33 1298
26 34 2095
26 35 1186
26 36 1084
26 37 1384
26 38 1958
26 39 1355
26 40 1102
26 41 1171
26 42 1442
26 43 903
26 44 1384
26 45 2615
26 46 855
26 47 1336
26 48 2567
26 49 807
26 50 1288
26 51 2519
26 52 759
26 53 1240
26 54 2471
26 55 711
26 56 1192
26 57 2423
26 58 663
26 59 1144
26 60 2375
26 61 615
26 62 1096
26 63 2327
26 64 567
26 65 1048
26 66 2279
26 67 519
26 68 1000
26 69 2231
26 70 471
26 71 952
26 72 2183
26 73 423
26 74 904
26 75 2135
26 76 375
26 77 856
26 78 2087
26 79 423
26 80 904
26 81 2135
26 82 471
26 83 952
26 84 2183
26 85 519
26 86 1000
26 87 2231
26 88 567
26 89 1048
26 90 2279
26 91 615
26 92 1096
26 93 2327
26 94 663
26 95 1144
26 96 2375
26 97 1023
27 0 1704
27 1 759
27 2 1209
27 3 967
27 4 873
27 5 933
27 6 1684
27 7 1229
27 8 725
27 9 599
27 10 747
27 11 973
27 12 681
27 13 1699
27 14 130
27 15 1476
27 16 859
27 17 1397
27 18 1334
27 19 603
27 20 690
27 21 842
27 22 752
27 23 1584
27 24 825
27 25 624
27 26 1223
27 27 0
27 28 1384
27 29 1685
27 30 1331
27 31 1442
27 32 429
27 33 1251
27 34 1606
27 35 1555
27 36 499
27 37 895
27 38 1469
27 39 1386
27 40 1159
27 41 682
27 42 953
27 43 1584
27 44 895
27 45 2126
27 46 1536
27 47 847
27 48 2078
27 49 1488
27 50 799
27 51 2030
27 52 1440
27 53 751
27 54 1982
27 55 1392
27 56 703
27 57 1934
27 58 1344
27 59 655
27 60 1886
27 61 1296
27 62 607
27 63 1838
27 64 1248
27 65 559
27 66 1790
27 67 1200
27 68 511
27 69 1742
27 70 1152
27 71 463
27 72 1694
27 73 1104
27 74 415
27 75 1646
27 76 1056
27 77 367
27 78 1598
27 79 1008
27 80 319
27 81 1550
27 82 960
27 83 271
27 84 1502
27 85 1008
27 86 319
27 87 1550
27 88 1056
27 89 367
27 90 1598
27 91 1104
27 92 415
27 93 1646
27 94 1152
27 95 463
27 96 1694
27 97 1704
28 0 1246
28 1 1341
28 2 2051
28 3 1037
28 4 1611
28 5 1775
28 6 2526
28 7 1447
28 8 1567
28 9 1249
28 10 1205
28 11 1815
28 12 1523
28 13 1553
28 14 1332
28 15 1018
28 16 1337
28 17 991
28 18 1630
28 19 1349
28 20 1340
28 21 1450
28 22 1594
28 23 2426
28 24 1667
28 25 838
28 26 973
28 27 1384
28 28 0
28 29 1279
28 30 2077
28 31 984
28 32 1033
28 33 1521
28 34 2448
28 35 1409
28 36 1341
28 37 1737
28 38 2311
28 39 1578
28 40 1325
28 41 1524
28 42 1795
28 43 1126
28 44 1737
28 45 2968
28 46 1078
28 47 1689
28 48 2920
28 49 1030
28 50 1641
28 51 2872
28 52 982
28 53 1593
28 54 2824
28 55 934
28 56 1545
28 57 2776
28 58 886
28 59 1497
28 60 2728
28 61 838
28 62 1449
28 63 2680
28 64 790
28 65 1401
28 66 2632
28 67 742
28 68 1353
28 69 2584
28 70 694
28 71 1305
28 72 2536
28 73 646
28 74 1257
28 75 2488
28 76 598
28 77 1209
28 78 2440
28 79 550
28 80 1161
28 81 2392
28 82 502
28 83 1113
28 84 2344
28 85 454
28 86 1065
28 87 2296
28 88 406
28 89 1017
28 90 2248
28 91 358
28 92 969
28 93 2200
28 94 310
28 95 921
28 96 2152
28 97 1246
29 0 561
29 1 1520
29 2 1392
29 3 1408
29 4 1406
29 5 1788
29 6 2155
29 7 1050
29 8 1554
29 9 1742
29 10 1890
29 11 1540
29 12 1728
29 13 868
29 14 1607
29 15 621
29 16 1420
29 17 882
29 18 351
29 19 1746
29 20 1833
29 21 1437
29 22 1319
29 23 2151
29 24 1584
29 25 1113
29 26 1056
29 27 1685
29 28 1279
29 29 0
29 30 2474
29 31 395
29 32 1308
29 33 1028
29 34 2077
29 35 130
29 36 1546
29 37 1462
29 38 1652
29 39 299
29 40 1120
29 41 1441
29 42 1136
29 43 441
29 44 1078
29 45 2309
29 46 393
29 47 1030
29 48 2261
29 49 345
29 50 982
29 51 2213
29 52 297
29 53 934
29 54 2165
29 55 345
29 56 982
29 57 2213
29 58 393
29 59 1030
29 60 2261
29 61 441
29 62 1078
29 63 2309
29 64 489
29 65 1126
29 66 2357
29 67 537
29 68 1174
29 69 2405
29 70 585
29 71 1222
29 72 2453
29 73 633
29 74 1270
29 75 2501
29 76 681
29 77 1318
29 78 2549
29 79 729
29 80 1366
29 81 2597
29 82 777
29 83 1414
29 84 2645
29 85 825
29 86 1462
29 87 2693
29 88 873
29 89 1510
29 90 2741
29 91 921
29 92 1558
29 93 2789
29 94 969
29 95 1606
29 96 2837
29 97 561
30 0 3035
30 1 1548
30 2 1712
30 3 1660
30 4 1662
30 5 1124
30 6 757
30 7 2018
30 8 1514
30 9 1266
30 10 1310
30 11 1372
30 12 1184
30 13 2488
30 14 1461
30 15 2447
30 16 1648
30 17 2186
30 18 2123
30 19 728
30 20 1175
30 21 1631
30 22 1541
30 23 761
30 24 1328
30 25 1955
30 26 2012
30 27 1331
30 28 2077
30 29 2474
30 30 0
30 31 2673
30 32 1760
30 33 2040
30 34 835
30 35 2344
30 36 1288
30 37 1450
30 38 1452
30 39 2175
30 40 1948
30 41 1471
30 42 1742
30 43 2915
30 44 1684
30 45 891
30 46 2867
30 47 1636
30 48 843
30 49 2819
30 50 1588
30 51 795
30 52 2771
30 53 1540
30 54 747
30 55 2723
30 56 1492
30 57 699
30 58 2675
30 59 1444
30 60 651
30 61 2627
30 62 1396
30 63 603
30 64 2579
30 65 1348
30 66 555
30 67 2531
30 68 1300
30 69 507
30 70 2483
30 71 1252
30 72 459
30 73 2435
30 74 1204
30 75 411
30 76 2387
30 77 1156
30 78 363
30 79 2339
30 80 1108
30 81 315
30 82 2291
30 83 1060
30 84 267
30 85 2243
30 86 1012
30 87 219
30 88 2291
30 89 1060
30 90 267
30 91 2339
30 92 1108
30 93 315
30 94 2387
30 95 1156
30 96 363
30 97 3035
31 0 362
31 1 1225
31 2 1687
31 3 1113
31 4 1111
31 5 1987
31 6 2354
31 7 755
31 8 1259
31 9 1941
31 10 2089
31 11 1739
31 12 1927
31 13 669
31 14 1312
31 15 326
31 16 1125
31 17 587
31 18 746
31 19 1945
31 20 2032
31 21 1142
31 22 1518
31 23 2350
31 24 1783
31 25 818
31 26 761
31 27 1442
31 28 984
31 29 395
31 30 2673
31 31 0
31 32 1013
31 33 733
31 34 2276
31 35 525
31 36 1485
31 37 1661
31 38 1947
31 39 694
31 40 825
31 41 1640
31 42 1431
31 43 242
31 44 1373
31 45 2604
31 46 194
31 47 1325
31 48 2556
31 49 146
31 50 1277
31 51 2508
31 52 98
31 53 1229
31 54 2460
31 55 50
31 56 1181
31 57 2412
31 58 98
31 59 1229
31 60 2460
31 61 146
31 62 1277
31 63 2508
31 64 194
31 65 1325
31 66 2556
31 67 242
31 68 1373
31 69 2604
31 70 290
31 71 1421
31 72 2652
31 73 338
31 74 1469
31 75 2700
31 76 386
31 77 1517
31 78 2748
31 79 434
31 80 1565
31 81 2796
31 82 482
31 83 1613
31 84 2844
31 85 530
31 86 1661
31 87 2892
31 88 578
31 89 1709
31 90 2940
31 91 626
31 92 1757
31 93 2988
31 94 674
31 95 1805
31 96 3036
31 97 362
32 0 1275
32 1 1188
32 2 1638
32 3 1162
32 4 1302
32 5 1362
32 6 2113
32 7 1476
32 8 1154
32 9 1028
32 10 1176
32 11 1402
32 12 1110
32 13 1582
32 14 299
32 15 1047
32 16 1288
32 17 1020
32 18 1659
32 19 1032
32 20 1119
32 21 1271
32 22 1181
32 23 2013
32 24 1254
32 25 195
32 26 1002
32 27 429
32 28 1033
32 29 1308
32 30 1760
32 31 1013
32 32 0
32 33 1550
32 34 2035
32 35 1438
32 36 928
32 37 1324
32 38 1898
32 39 1607
32 40 1354
32 41 1111
32 42 1382
32 43 1155
32 44 1324
32 45 2555
32 46 1107
32 47 1276
32 48 2507
32 49 1059
32 50 1228
32 51 2459
32 52 1011
32 53 1180
32 54 2411
32 55 963
32 56 1132
32 57 2363
32 58 915
32 59 1084
32 60 2315
32 61 867
32 62 1036
32 63 2267
32 64 819
32 65 988
32 66 2219
32 67 771
32 68 940
32 69 2171
32 70 723
32 71 892
32 72 2123
32 73 675
32 74 844
32 75 2075
32 76 627
32 77 796
32 78 2027
32 79 579
32 80 748
32 81 1979
32 82 531
32 83 700
32 84 1931
32 85 579
32 86 748
32 87 1979
32 88 627
32 89 796
32 90 2027
32 91 675
32 92 844
32 93 2075
32 94 723
32 95 892
32 96 2123
32 97 1275
33 0 995
33 1 1372
33 2 1150
33 3 1650
33 4 1102
33 5 1354
33 6 1721
33 7 1266
33 8 1146
33 9 1308
33 10 1456
33 11 1106
33 12 1294
33 13 1302
33 14 1381
33 15 863
33 16 1376
33 17 1124
33 18 1275
33 19 1312
33 20 1399
33 21 1263
33 22 885
33 23 1717
33 24 1150
33 25 1355
33 26 1298
33 27 1251
33 28 1521
33 29 1028
33 30 2040
33 31 733
33 32 1550
33 33 0
33 34 1643
33 35 1158
33 36 1112
33 37 1028
33 38 1410
33 39 1327
33 40 1362
33 41 1007
33 42 894
33 43 875
33 44 836
33 45 2067
33 46 827
33 47 788
33 48 2019
33 49 779
33 50 740
33 51 1971
33 52 731
33 53 692
33 54 1923
33 55 683
33 56 644
33 57 1875
33 58 635
33 59 596
33 60 1827
33 61 683
33 62 644
33 63 1875
33 64 731
33 65 692
33 66 1923
33 67 779
33 68 740
33 69 1971
33 70 827
33 71 788
33 72 2019
33 73 875
33 74 836
33 75 2067
33 76 923
33 77 884
33 78 2115
33 79 971
33 80 932
33 81 2163
33 82 1019
33 83 980
33 84 2211
33 85 1067
33 86 1028
33 87 2259
33 88 1115
33 89 1076
33 90 2307
33 91 1163
33 92 1124
33 93 2355
33 94 1211
33 95 1172
33 96 2403
33 97 995
34 0 2638
34 1 1727
34 2 1341
34 3 2031
34 4 1457
34 5 1137
34 6 78
34 7 1621
34 8 1501
34 9 1663
34 10 1707
34 11 1097
34 12 1389
34 13 2091
34 14 1736
34 15 2050
34 16 1731
34 17 2077
34 18 1726
34 19 1563
34 20 1572
34 21 1618
34 22 1240
34 23 486
34 24 1245
34 25 2230
34 26 2095
34 27 1606
34 28 2448
34 29 2077
34 30 835
34 31 2276
34 32 2035
34 33 1643
34 34 0
34 35 1947
34 36 1467
34 37 1175
34 38 1081
34 39 1778
34 40 1743
34 41 1362
34 42 1345
34 43 2518
34 44 1287
34 45 520
34 46 2470
34 47 1239
34 48 472
34 49 2422
34 50 1191
34 51 424
34 52 2374
34 53 1143
34 54 376
34 55 2326
34 56 1095
34 57 328
34 58 2278
34 59 1047
34 60 280
34 61 2230
34 62 999
34 63 232
34 64 2278
34 65 1047
34 66 280
34 67 2326
34 68 1095
34 69 328
34 70 2374
34 71 1143
34 72 376
34 73 2422
34 74 1191
34 75 424
34 76 2470
34 77 1239
34 78 472
34 79 2518
34 80 1287
34 81 520
34 82 2566
34 83 1335
34 84 568
34 85 2614
34 86 1383
34 87 616
34 88 2662
34 89 1431
34 90 664
34 91 2710
34 92 1479
34 93 712
34 94 2758
34 95 1527
34 96 760
34 97 2638
35 0 691
35 1 1650
35 2 1262
35 3 1538
35 4 1406
35 5 1658
35 6 2025
35 7 1180
35 8 1450
35 9 1612
35 10 1760
35 11 1410
35 12 1598
35 13 998
35 14 1685
35 15 751
35 16 1550
35 17 1012
35 18 221
35 19 1616
35 20 1703
35 21 1567
35 22 1189
35 23 2021
35 24 1454
35 25 1243
35 26 1186
35 27 1555
35 28 1409
35 29 130
35 30 2344
35 31 525
35 32 1438
35 33 1158
35 34 1947
35 35 0
35 36 1416
35 37 1332
35 38 1522
35 39 169
35 40 1250
35 41 1311
35 42 1006
35 43 571
35 44 948
35 45 2179
35 46 523
35 47 900
35 48 2131
35 49 475
35 50 852
35 51 2083
35 52 427
35 53 804
35 54 2035
35 55 475
35 56 852
35 57 2083
35 58 523
35 59 900
35 60 2131
35 61 571
35 62 948
35 63 2179
35 64 619
35 65 996
35 66 2227
35 67 667
35 68 1044
35 69 2275
35 70 715
35 71 1092
35 72 2323
35 73 763
35 74 1140
35 75 2371
35 76 811
35 77 1188
35 78 2419
35 79 859
35 80 1236
35 81 2467
35 82 907
35 83 1284
35 84 2515
35 85 955
35 86 1332
35 87 2563
35 88 1003
35 89 1380
35 90 2611
35 91 1051
35 92 1428
35 93 2659
35 94 1099
35 95 1476
35 96 2707
35 97 691
36 0 1747
36 1 260
36 2 1070
36 3 924
36 4 734
36 5 794
36 6 1545
36 7 1090
36 8 586
36 9 556
36 10 704
36 11 834
36 12 542
36 13 1560
36 14 629
36 15 1519
