//alpha
1
//NbLocations
92
//NbProducts
37
//NbPickers
2
//CapaPicker
12
//TimeToTravelOneDistanceUnit
3
//SetupTime
5400
//PickTime
300
//Products
//Idx Location Size
1 1 1
2 2 1
3 3 1
4 4 1
5 5 1
6 6 1
7 7 1
8 8 1
9 9 1
10 10 1
11 11 1
12 12 1
13 13 1
14 14 1
15 15 1
16 16 1
17 17 1
18 18 1
19 19 1
20 20 1
21 21 1
22 22 1
23 23 1
24 24 1
25 25 1
26 26 1
27 27 1
28 28 1
29 29 1
30 30 1
31 31 1
32 32 1
33 33 1
34 34 1
35 35 1
36 36 1
37 37 1
//Orders
//NbOrders
18
//Idx DueDate TardinessPenalty NbProdInOrder ProdIdx1 Qty1 ProdIdx2 Qty2 ...
1 54000 0 1 1 1
2 54000 0 3 2 1 3 1 4 1
3 72000 0 2 5 1 6 1
4 54000 0 1 7 1
5 72000 0 2 8 1 9 1
6 90000 0 2 10 1 11 1
7 54000 0 4 12 1 13 1 14 1 15 1
8 54000 0 1 16 1
9 72000 0 1 17 1
10 54000 0 2 18 1 19 1
11 90000 0 3 20 1 21 1 22 1
12 72000 0 1 23 1
13 54000 0 1 24 1
14 144000 0 3 25 1 26 1 27 1
15 126000 0 2 28 1 29 1
16 108000 0 3 30 1 31 1 32 1
17 90000 0 2 33 1 34 1
18 72000 0 3 35 1 36 1 37 1
//Graph (Products are vertices indexed from 1 to NbProducts)
//NbVerticesIntersections
54
//DepartingDepot
0
//ArrivalDepot
92
//Arcs
//Start End Distance
0 38 120
1 5 195
1 29 195
2 17 78
2 45 180
3 4 52
3 11 156
4 3 52
4 43 583
5 1 195
5 23 91
6 18 260
6 45 128
7 83 609
7 84 622
8 9 117
8 63 648
9 8 117
9 32 221
10 81 882
10 82 349
11 3 156
11 42 440
12 32 104
12 62 141
13 51 934
13 52 297
14 36 26
14 55 596
15 53 115
15 54 1116
16 17 52
16 22 533
17 2 78
17 16 52
18 6 260
18 27 468
19 31 403
19 61 37
20 35 117
20 42 596
21 24 26
21 39 167
22 16 533
22 46 388
23 5 91
23 40 674
24 21 26
24 38 1038
25 36 156
25 54 453
26 59 791
26 60 440
27 18 468
27 44 375
28 48 310
28 49 921
29 1 195
29 39 76
30 47 1168
30 48 63
31 19 403
31 60 791
32 9 221
32 12 104
33 84 1012
33 85 219
34 86 50
34 87 1181
35 20 117
35 41 518
36 14 26
36 25 156
37 72 1025
37 73 206
38 24 1038
38 41 48
38 92 120
39 21 167
39 29 76
39 42 48
40 23 674
40 43 48
41 35 518
41 38 48
41 44 48
42 11 440
42 20 596
42 39 48
42 45 48
43 4 583
43 40 48
43 46 48
44 27 375
44 41 48
44 47 48
45 2 180
45 6 128
45 42 48
45 48 48
46 22 388
46 43 48
46 49 48
47 30 1168
47 44 48
47 50 48
48 28 310
48 30 63
48 45 48
48 51 48
49 28 921
49 46 48
49 52 48
50 47 48
50 51 1231
50 53 48
51 13 934
51 48 48
51 50 1231
51 54 48
52 13 297
52 49 48
52 55 48
53 15 115
53 50 48
53 56 48
54 15 1116
54 25 453
54 51 48
54 57 48
55 14 596
55 52 48
55 58 48
56 53 48
56 57 1231
56 59 48
57 54 48
57 56 1231
57 58 1231
57 60 48
58 55 48
58 57 1231
58 61 48
59 26 791
59 56 48
59 62 48
60 26 440
60 31 791
60 57 48
60 63 48
61 19 37
61 58 48
61 64 48
62 12 141
62 59 48
62 65 48
63 8 648
63 60 48
63 64 1231
63 66 48
64 61 48
64 63 1231
64 67 48
65 62 48
65 66 1231
65 68 48
66 63 48
66 65 1231
66 67 1231
66 69 48
67 64 48
67 66 1231
67 70 48
68 65 48
68 69 1231
68 71 48
69 66 48
69 68 1231
69 70 1231
69 72 48
70 67 48
70 69 1231
70 73 48
71 68 48
71 72 1231
71 74 48
72 37 1025
72 69 48
72 71 1231
72 75 48
73 37 206
73 70 48
73 76 48
74 71 48
74 75 1231
74 77 48
75 72 48
75 74 1231
75 76 1231
75 78 48
76 73 48
76 75 1231
76 79 48
77 74 48
77 78 1231
77 80 48
78 75 48
78 77 1231
78 79 1231
78 81 48
79 76 48
79 78 1231
79 82 48
80 77 48
80 81 1231
80 83 48
81 10 882
81 78 48
81 80 1231
81 84 48
82 10 349
82 79 48
82 85 48
83 7 609
83 80 48
83 86 48
84 7 622
84 33 1012
84 81 48
84 87 48
85 33 219
85 82 48
85 88 48
86 34 50
86 83 48
86 89 48
87 34 1181
87 84 48
87 88 1231
87 90 48
88 85 48
88 87 1231
88 91 48
89 86 48
89 90 1231
90 87 48
90 89 1231
90 91 1231
91 88 48
91 90 1231
//LocStart LocEnd ShortestPath
0 0 0
0 1 1622
0 2 1627
0 3 1995
0 4 2047
0 5 1817
0 6 1319
0 7 1449
0 8 1087
0 9 970
0 10 2905
0 11 1839
0 12 645
0 13 2477
0 14 2226
0 15 475
0 16 1757
0 17 1705
0 18 1059
0 19 2881
0 20 803
0 21 1184
0 22 2290
0 23 1908
0 24 1158
0 25 2044
0 26 1247
0 27 591
0 28 1805
0 29 1427
0 30 1432
0 31 2478
0 32 749
0 33 3083
0 34 938
0 35 686
0 36 2200
0 37 2904
0 38 120
0 39 1351
0 40 2582
0 41 168
0 42 1399
0 43 2630
0 44 216
0 45 1447
0 46 2678
0 47 264
0 48 1495
0 49 2726
0 50 312
0 51 1543
0 52 2774
0 53 360
0 54 1591
0 55 2822
0 56 408
0 57 1639
0 58 2870
0 59 456
0 60 1687
0 61 2918
0 62 504
0 63 1735
0 64 2966
0 65 552
0 66 1783
0 67 3014
0 68 600
0 69 1831
0 70 3062
0 71 648
0 72 1879
0 73 3110
0 74 696
0 75 1927
0 76 3158
0 77 744
0 78 1975
0 79 3206
0 80 792
0 81 2023
0 82 3254
0 83 840
0 84 2071
0 85 3302
0 86 888
0 87 2119
0 88 3350
0 89 936
0 90 2167
0 91 3398
0 92 0
1 0 1622
1 1 0
1 2 547
1 3 915
1 4 967
1 5 195
1 6 495
1 7 1613
1 8 1303
1 9 1420
1 10 1825
1 11 759
1 12 1745
1 13 1397
1 14 1146
1 15 1627
1 16 677
1 17 625
1 18 755
1 19 1333
1 20 915
1 21 438
1 22 1210
1 23 286
1 24 464
1 25 964
1 26 1047
1 27 1223
1 28 725
1 29 195
1 30 478
1 31 1398
1 32 1641
1 33 1899
1 34 2220
1 35 1032
1 36 1120
1 37 1694
1 38 1502
1 39 271
1 40 960
1 41 1550
1 42 319
1 43 1008
1 44 1598
1 45 367
1 46 1056
1 47 1646
1 48 415
1 49 1104
1 50 1694
1 51 463
1 52 1152
1 53 1742
1 54 511
1 55 1200
1 56 1790
1 57 559
1 58 1248
1 59 1838
1 60 607
1 61 1296
1 62 1886
1 63 655
1 64 1344
1 65 1934
1 66 703
1 67 1392
1 68 1982
1 69 751
1 70 1440
1 71 2030
1 72 799
1 73 1488
1 74 2078
1 75 847
1 76 1536
1 77 2126
1 78 895
1 79 1584
1 80 2174
1 81 943
1 82 1632
1 83 2222
1 84 991
1 85 1680
1 86 2270
1 87 1039
1 88 1728
1 89 2318
1 90 1087
1 91 1776
1 92 1622
2 0 1627
2 1 547
2 2 0
2 3 824
2 4 876
2 5 742
2 6 308
2 7 1426
2 8 1116
2 9 1233
2 10 1638
2 11 668
2 12 1558
2 13 1210
2 14 959
2 15 1440
2 16 130
2 17 78
2 18 568
2 19 1328
2 20 824
2 21 443
2 22 663
2 23 833
2 24 469
2 25 777
2 26 860
2 27 1036
2 28 538
2 29 352
2 30 291
2 31 1211
2 32 1454
2 33 1816
2 34 2033
2 35 941
2 36 933
2 37 1637
2 38 1507
2 39 276
2 40 1147
2 41 1459
2 42 228
2 43 1099
2 44 1411
2 45 180
2 46 1051
2 47 1459
2 48 228
2 49 1099
2 50 1507
2 51 276
2 52 1147
2 53 1555
2 54 324
2 55 1195
2 56 1603
2 57 372
2 58 1243
2 59 1651
2 60 420
2 61 1291
2 62 1699
2 63 468
2 64 1339
2 65 1747
2 66 516
2 67 1387
2 68 1795
2 69 564
2 70 1435
2 71 1843
2 72 612
2 73 1483
2 74 1891
2 75 660
2 76 1531
2 77 1939
2 78 708
2 79 1579
2 80 1987
2 81 756
2 82 1627
2 83 2035
2 84 804
2 85 1675
2 86 2083
2 87 852
2 88 1723
2 89 2131
2 90 900
2 91 1771
2 92 1627
3 0 1995
3 1 915
3 2 824
3 3 0
3 4 52
3 5 1110
3 6 772
3 7 1890
3 8 1580
3 9 1697
3 10 1608
3 11 156
3 12 2022
3 13 1076
3 14 1423
3 15 1904
3 16 954
3 17 902
3 18 1032
3 19 960
3 20 1192
3 21 811
3 22 1071
3 23 1201
3 24 837
3 25 1241
3 26 1324
3 27 1500
3 28 1002
3 29 720
3 30 755
3 31 1363
3 32 1918
3 33 1526
3 34 2497
3 35 1309
3 36 1397
3 37 1321
3 38 1875
3 39 644
3 40 683
3 41 1827
3 42 596
3 43 635
3 44 1875
3 45 644
3 46 683
3 47 1923
3 48 692
3 49 731
3 50 1971
3 51 740
3 52 779
3 53 2019
3 54 788
3 55 827
3 56 2067
3 57 836
3 58 875
3 59 2115
3 60 884
3 61 923
3 62 2163
3 63 932
3 64 971
3 65 2211
3 66 980
3 67 1019
3 68 2259
3 69 1028
3 70 1067
3 71 2307
3 72 1076
3 73 1115
3 74 2355
3 75 1124
3 76 1163
3 77 2403
3 78 1172
3 79 1211
3 80 2451
3 81 1220
3 82 1259
3 83 2499
3 84 1268
3 85 1307
3 86 2547
3 87 1316
3 88 1355
3 89 2595
3 90 1364
3 91 1403
3 92 1995
4 0 2047
4 1 967
4 2 876
4 3 52
4 4 0
4 5 1162
4 6 824
4 7 1942
4 8 1632
4 9 1749
4 10 1556
4 11 208
4 12 2074
4 13 1024
4 14 1371
4 15 1956
4 16 1006
4 17 954
4 18 1084
4 19 908
4 20 1244
4 21 863
4 22 1019
4 23 1253
4 24 889
4 25 1293
4 26 1376
4 27 1552
4 28 1054
4 29 772
4 30 807
4 31 1311
4 32 1970
4 33 1474
4 34 2549
4 35 1361
4 36 1397
4 37 1269
4 38 1927
4 39 696
4 40 631
4 41 1879
4 42 648
4 43 583
4 44 1927
4 45 696
4 46 631
4 47 1975
4 48 744
4 49 679
4 50 2023
4 51 792
4 52 727
4 53 2071
4 54 840
4 55 775
4 56 2119
4 57 888
4 58 823
4 59 2167
4 60 936
4 61 871
4 62 2215
4 63 984
4 64 919
4 65 2263
4 66 1032
4 67 967
4 68 2311
4 69 1080
4 70 1015
4 71 2359
4 72 1128
4 73 1063
4 74 2407
4 75 1176
4 76 1111
4 77 2455
4 78 1224
4 79 1159
4 80 2503
4 81 1272
4 82 1207
4 83 2551
4 84 1320
4 85 1255
4 86 2599
4 87 1368
4 88 1303
4 89 2647
4 90 1416
4 91 1351
4 92 2047
5 0 1817
5 1 195
5 2 742
5 3 1110
5 4 1162
5 5 0
5 6 690
5 7 1808
5 8 1498
5 9 1615
5 10 1786
5 11 954
5 12 1940
5 13 1254
5 14 1341
5 15 1822
5 16 872
5 17 820
5 18 950
5 19 1138
5 20 1110
5 21 633
5 22 1249
5 23 91
5 24 659
5 25 1159
5 26 1242
5 27 1418
5 28 920
5 29 390
5 30 673
5 31 1541
5 32 1836
5 33 1704
5 34 2415
5 35 1227
5 36 1315
5 37 1499
5 38 1697
5 39 466
5 40 765
5 41 1745
5 42 514
5 43 813
5 44 1793
5 45 562
5 46 861
5 47 1841
5 48 610
5 49 909
5 50 1889
5 51 658
5 52 957
5 53 1937
5 54 706
5 55 1005
5 56 1985
5 57 754
5 58 1053
5 59 2033
5 60 802
5 61 1101
5 62 2081
5 63 850
5 64 1149
5 65 2129
5 66 898
5 67 1197
5 68 2177
5 69 946
5 70 1245
5 71 2225
5 72 994
5 73 1293
5 74 2273
5 75 1042
5 76 1341
5 77 2321
5 78 1090
5 79 1389
5 80 2369
5 81 1138
5 82 1437
5 83 2417
5 84 1186
5 85 1485
5 86 2465
5 87 1234
5 88 1533
5 89 2513
5 90 1282
5 91 1581
5 92 1817
6 0 1319
6 1 495
6 2 308
6 3 772
6 4 824
6 5 690
6 6 0
6 7 1374
6 8 1064
6 9 1181
6 10 1586
6 11 616
6 12 1506
6 13 1158
6 14 907
6 15 1362
6 16 438
6 17 386
6 18 260
6 19 1562
6 20 772
6 21 391
6 22 971
6 23 781
6 24 417
6 25 725
6 26 808
6 27 728
6 28 486
6 29 300
6 30 239
6 31 1159
6 32 1402
6 33 1764
6 34 1825
6 35 889
6 36 881
6 37 1585
6 38 1199
6 39 224
6 40 1455
6 41 1151
6 42 176
6 43 1407
6 44 1103
6 45 128
6 46 1359
6 47 1151
6 48 176
6 49 1407
6 50 1199
6 51 224
6 52 1455
6 53 1247
6 54 272
6 55 1503
6 56 1295
6 57 320
6 58 1551
6 59 1343
6 60 368
6 61 1599
6 62 1391
6 63 416
6 64 1647
6 65 1439
6 66 464
6 67 1695
6 68 1487
6 69 512
6 70 1743
6 71 1535
6 72 560
6 73 1791
6 74 1583
6 75 608
6 76 1839
6 77 1631
6 78 656
6 79 1887
6 80 1679
6 81 704
6 82 1935
6 83 1727
6 84 752
6 85 1983
6 86 1775
6 87 800
6 88 2031
6 89 1823
6 90 848
6 91 2079
6 92 1319
7 0 1449
7 1 1613
7 2 1426
7 3 1890
7 4 1942
7 5 1808
7 6 1374
7 7 0
7 8 1528
7 9 1411
7 10 1552
7 11 1734
7 12 1086
7 13 2084
7 14 1737
7 15 1204
7 16 1556
7 17 1504
7 18 1634
7 19 2200
7 20 1890
7 21 1509
7 22 2089
7 23 1899
7 24 1535
7 25 1555
7 26 1446
7 27 1608
7 28 1508
7 29 1418
7 30 1261
7 31 1797
7 32 1190
7 33 1634
7 34 707
7 35 1799
7 36 1711
7 37 1839
7 38 1329
7 39 1342
7 40 2573
7 41 1281
7 42 1294
7 43 2525
7 44 1233
7 45 1246
7 46 2477
7 47 1185
7 48 1198
7 49 2429
7 50 1137
7 51 1150
7 52 2381
7 53 1089
7 54 1102
7 55 2333
7 56 1041
7 57 1054
7 58 2285
7 59 993
7 60 1006
7 61 2237
7 62 945
7 63 958
7 64 2189
7 65 897
7 66 910
7 67 2141
7 68 849
7 69 862
7 70 2093
7 71 801
7 72 814
7 73 2045
7 74 753
7 75 766
7 76 1997
7 77 705
7 78 718
7 79 1949
7 80 657
7 81 670
7 82 1901
7 83 609
7 84 622
7 85 1853
7 86 657
7 87 670
7 88 1901
7 89 705
7 90 718
7 91 1949
7 92 1449
8 0 1087
8 1 1303
8 2 1116
8 3 1580
8 4 1632
8 5 1498
8 6 1064
8 7 1528
8 8 0
8 9 117
8 10 1818
8 11 1424
8 12 442
8 13 1774
8 14 1427
8 15 842
8 16 1246
8 17 1194
8 18 1324
8 19 1890
8 20 1554
8 21 1199
8 22 1779
8 23 1589
8 24 1225
8 25 1245
8 26 1136
8 27 1246
8 28 1198
8 29 1108
8 30 951
8 31 1487
8 32 338
8 33 1996
8 34 1017
8 35 1437
8 36 1401
8 37 1817
8 38 967
8 39 1032
8 40 2263
8 41 919
8 42 984
8 43 2215
8 44 871
8 45 936
8 46 2167
8 47 823
8 48 888
8 49 2119
8 50 775
8 51 840
8 52 2071
8 53 727
8 54 792
8 55 2023
8 56 679
8 57 744
8 58 1975
8 59 631
8 60 696
8 61 1927
8 62 583
8 63 648
8 64 1879
8 65 631
8 66 696
8 67 1927
8 68 679
8 69 744
8 70 1975
8 71 727
8 72 792
8 73 2023
8 74 775
8 75 840
8 76 2071
8 77 823
8 78 888
8 79 2119
8 80 871
8 81 936
8 82 2167
8 83 919
8 84 984
8 85 2215
8 86 967
8 87 1032
8 88 2263
8 89 1015
8 90 1080
8 91 2311
8 92 1087
9 0 970
9 1 1420
9 2 1233
9 3 1697
9 4 1749
9 5 1615
9 6 1181
9 7 1411
9 8 117
9 9 0
9 10 1935
9 11 1541
9 12 325
9 13 1891
9 14 1544
9 15 725
9 16 1363
9 17 1311
9 18 1441
9 19 2007
9 20 1437
9 21 1316
9 22 1896
9 23 1706
9 24 1342
9 25 1362
9 26 1253
9 27 1129
9 28 1315
9 29 1225
9 30 1068
9 31 1604
9 32 221
9 33 2113
9 34 900
9 35 1320
9 36 1518
9 37 1934
9 38 850
9 39 1149
9 40 2380
9 41 802
9 42 1101
9 43 2332
9 44 754
9 45 1053
9 46 2284
9 47 706
9 48 1005
9 49 2236
9 50 658
9 51 957
9 52 2188
9 53 610
9 54 909
9 55 2140
9 56 562
9 57 861
9 58 2092
9 59 514
9 60 813
9 61 2044
9 62 466
9 63 765
9 64 1996
9 65 514
9 66 813
9 67 2044
9 68 562
9 69 861
9 70 2092
9 71 610
9 72 909
9 73 2140
9 74 658
9 75 957
9 76 2188
9 77 706
9 78 1005
9 79 2236
9 80 754
9 81 1053
9 82 2284
9 83 802
9 84 1101
9 85 2332
9 86 850
9 87 1149
9 88 2380
9 89 898
9 90 1197
9 91 2428
9 92 970
10 0 2905
10 1 1825
10 2 1638
10 3 1608
10 4 1556
10 5 1786
10 6 1586
10 7 1552
10 8 1818
10 9 1935
10 10 0
10 11 1764
10 12 2260
10 13 1126
10 14 1377
10 15 2430
10 16 1768
10 17 1716
10 18 1846
10 19 722
10 20 2102
10 21 1721
10 22 1313
10 23 1695
10 24 1747
10 25 1559
10 26 1658
10 27 2314
10 28 1720
10 29 1630
10 30 1473
10 31 1125
10 32 2156
10 33 616
10 34 2159
10 35 2219
10 36 1403
10 37 699
10 38 2785
10 39 1554
10 40 1021
10 41 2737
10 42 1506
10 43 973
10 44 2689
10 45 1458
10 46 925
10 47 2641
10 48 1410
10 49 877
10 50 2593
10 51 1362
10 52 829
10 53 2545
10 54 1314
10 55 781
10 56 2497
10 57 1266
10 58 733
10 59 2449
10 60 1218
10 61 685
10 62 2401
10 63 1170
10 64 637
10 65 2353
10 66 1122
10 67 589
10 68 2305
10 69 1074
10 70 541
10 71 2257
10 72 1026
10 73 493
10 74 2209
10 75 978
10 76 445
10 77 2161
10 78 930
10 79 397
10 80 2113
10 81 882
10 82 349
10 83 2161
10 84 930
10 85 397
10 86 2209
10 87 978
10 88 445
10 89 2257
10 90 1026
10 91 493
10 92 2905
11 0 1839
11 1 759
11 2 668
11 3 156
11 4 208
11 5 954
11 6 616
11 7 1734
11 8 1424
11 9 1541
11 10 1764
11 11 0
11 12 1866
11 13 1232
11 14 1267
11 15 1748
11 16 798
11 17 746
11 18 876
11 19 1116
11 20 1036
11 21 655
11 22 1227
11 23 1045
11 24 681
11 25 1085
11 26 1168
11 27 1344
11 28 846
11 29 564
11 30 599
11 31 1519
11 32 1762
11 33 1682
11 34 2341
11 35 1153
11 36 1241
11 37 1477
11 38 1719
11 39 488
11 40 839
11 41 1671
11 42 440
11 43 791
11 44 1719
11 45 488
11 46 839
11 47 1767
11 48 536
11 49 887
11 50 1815
11 51 584
11 52 935
11 53 1863
11 54 632
11 55 983
11 56 1911
11 57 680
11 58 1031
11 59 1959
11 60 728
11 61 1079
11 62 2007
11 63 776
11 64 1127
11 65 2055
11 66 824
11 67 1175
11 68 2103
11 69 872
11 70 1223
11 71 2151
11 72 920
11 73 1271
11 74 2199
11 75 968
11 76 1319
11 77 2247
11 78 1016
11 79 1367
11 80 2295
11 81 1064
11 82 1415
11 83 2343
11 84 1112
11 85 1463
11 86 2391
11 87 1160
11 88 1511
11 89 2439
11 90 1208
11 91 1559
11 92 1839
12 0 645
12 1 1745
12 2 1558
12 3 2022
12 4 2074
12 5 1940
12 6 1506
12 7 1086
12 8 442
12 9 325
12 10 2260
12 11 1866
12 12 0
12 13 2216
12 14 1869
12 15 400
12 16 1688
12 17 1636
12 18 1272
12 19 2332
12 20 1112
12 21 1589
12 22 2221
12 23 2031
12 24 1563
12 25 1687
12 26 980
12 27 804
12 28 1640
12 29 1550
12 30 1393
12 31 1929
12 32 104
12 33 2438
12 34 575
12 35 995
12 36 1843
12 37 2259
12 38 525
12 39 1474
12 40 2705
12 41 477
12 42 1426
12 43 2657
12 44 429
12 45 1378
12 46 2609
12 47 381
12 48 1330
12 49 2561
12 50 333
12 51 1282
12 52 2513
12 53 285
12 54 1234
12 55 2465
12 56 237
12 57 1186
12 58 2417
12 59 189
12 60 1138
12 61 2369
12 62 141
12 63 1090
12 64 2321
12 65 189
12 66 1138
12 67 2369
12 68 237
12 69 1186
12 70 2417
12 71 285
12 72 1234
12 73 2465
12 74 333
12 75 1282
12 76 2513
12 77 381
12 78 1330
12 79 2561
12 80 429
12 81 1378
12 82 2609
12 83 477
12 84 1426
12 85 2657
12 86 525
12 87 1474
12 88 2705
12 89 573
12 90 1522
12 91 2753
12 92 645
13 0 2477
13 1 1397
13 2 1210
13 3 1076
13 4 1024
13 5 1254
13 6 1158
13 7 2084
13 8 1774
13 9 1891
13 10 1126
13 11 1232
13 12 2216
13 13 0
13 14 941
13 15 2098
13 16 1314
13 17 1288
13 18 1418
13 19 478
13 20 1674
13 21 1293
13 22 781
13 23 1163
13 24 1319
13 25 1123
13 26 1518
13 27 1886
13 28 1266
13 29 1202
13 30 1045
13 31 881
13 32 2112
13 33 1044
13 34 2691
13 35 1791
13 36 967
13 37 839
13 38 2357
13 39 1126
13 40 489
13 41 2309
13 42 1078
13 43 441
13 44 2261
13 45 1030
13 46 393
13 47 2213
13 48 982
13 49 345
13 50 2165
13 51 934
13 52 297
13 53 2213
13 54 982
13 55 345
13 56 2261
13 57 1030
13 58 393
13 59 2309
13 60 1078
13 61 441
13 62 2357
13 63 1126
13 64 489
13 65 2405
13 66 1174
13 67 537
13 68 2453
13 69 1222
13 70 585
13 71 2501
13 72 1270
13 73 633
13 74 2549
13 75 1318
13 76 681
13 77 2597
13 78 1366
13 79 729
13 80 2645
13 81 1414
13 82 777
13 83 2693
13 84 1462
13 85 825
13 86 2741
13 87 1510
13 88 873
13 89 2789
13 90 1558
13 91 921
13 92 2477
14 0 2226
14 1 1146
14 2 959
14 3 1423
14 4 1371
14 5 1341
14 6 907
14 7 1737
14 8 1427
14 9 1544
14 10 1377
14 11 1267
14 12 1869
14 13 941
14 14 0
14 15 1751
14 16 1089
14 17 1037
14 18 1167
14 19 729
14 20 1423
14 21 1042
14 22 1128
14 23 1432
14 24 1068
14 25 182
14 26 1171
14 27 1635
14 28 1041
14 29 951
14 30 794
14 31 1132
14 32 1765
14 33 1295
14 34 2344
14 35 1540
14 36 26
14 37 1090
14 38 2106
14 39 875
14 40 836
14 41 2058
14 42 827
14 43 788
14 44 2010
14 45 779
14 46 740
14 47 1962
14 48 731
14 49 692
14 50 1914
14 51 683
14 52 644
14 53 1866
14 54 635
14 55 596
14 56 1914
14 57 683
14 58 644
14 59 1962
14 60 731
14 61 692
14 62 2010
14 63 779
14 64 740
14 65 2058
14 66 827
14 67 788
14 68 2106
14 69 875
14 70 836
14 71 2154
14 72 923
14 73 884
14 74 2202
14 75 971
14 76 932
14 77 2250
14 78 1019
14 79 980
14 80 2298
14 81 1067
14 82 1028
14 83 2346
14 84 1115
14 85 1076
14 86 2394
14 87 1163
14 88 1124
14 89 2442
14 90 1211
14 91 1172
14 92 2226
15 0 475
15 1 1627
15 2 1440
15 3 1904
15 4 1956
15 5 1822
15 6 1362
15 7 1204
15 8 842
15 9 725
15 10 2430
15 11 1748
15 12 400
15 13 2098
15 14 1751
15 15 0
15 16 1570
15 17 1518
15 18 1102
15 19 2406
15 20 942
15 21 1419
15 22 2103
15 23 1913
15 24 1393
15 25 1569
15 26 1002
15 27 634
15 28 1522
15 29 1432
15 30 1275
15 31 2003
15 32 504
15 33 2608
15 34 693
15 35 825
15 36 1725
15 37 2429
15 38 355
15 39 1356
15 40 2587
15 41 307
15 42 1308
15 43 2539
15 44 259
15 45 1260
15 46 2491
15 47 211
15 48 1212
15 49 2443
15 50 163
15 51 1164
15 52 2395
15 53 115
15 54 1116
15 55 2347
15 56 163
15 57 1164
15 58 2395
15 59 211
15 60 1212
15 61 2443
15 62 259
15 63 1260
15 64 2491
15 65 307
15 66 1308
15 67 2539
15 68 355
15 69 1356
15 70 2587
15 71 403
15 72 1404
15 73 2635
15 74 451
15 75 1452
15 76 2683
15 77 499
15 78 1500
15 79 2731
15 80 547
15 81 1548
15 82 2779
15 83 595
15 84 1596
15 85 2827
15 86 643
15 87 1644
15 88 2875
15 89 691
15 90 1692
15 91 2923
15 92 475
16 0 1757
16 1 677
16 2 130
16 3 954
16 4 1006
16 5 872
16 6 438
16 7 1556
16 8 1246
16 9 1363
16 10 1768
16 11 798
16 12 1688
16 13 1314
16 14 1089
16 15 1570
16 16 0
16 17 52
16 18 698
16 19 1198
16 20 954
16 21 573
16 22 533
16 23 963
16 24 599
16 25 907
16 26 990
16 27 1166
16 28 668
16 29 482
16 30 421
16 31 1341
16 32 1584
16 33 1764
16 34 2163
16 35 1071
16 36 1063
16 37 1559
16 38 1637
16 39 406
16 40 1017
16 41 1589
16 42 358
16 43 969
16 44 1541
16 45 310
16 46 921
16 47 1589
16 48 358
16 49 969
16 50 1637
16 51 406
16 52 1017
16 53 1685
16 54 454
16 55 1065
16 56 1733
16 57 502
16 58 1113
16 59 1781
16 60 550
16 61 1161
16 62 1829
16 63 598
16 64 1209
16 65 1877
16 66 646
16 67 1257
16 68 1925
16 69 694
16 70 1305
16 71 1973
16 72 742
16 73 1353
16 74 2021
16 75 790
16 76 1401
16 77 2069
16 78 838
16 79 1449
16 80 2117
16 81 886
16 82 1497
16 83 2165
16 84 934
16 85 1545
16 86 2213
16 87 982
16 88 1593
16 89 2261
16 90 1030
16 91 1641
16 92 1757
17 0 1705
17 1 625
17 2 78
17 3 902
17 4 954
17 5 820
17 6 386
17 7 1504
17 8 1194
17 9 1311
17 10 1716
17 11 746
17 12 1636
17 13 1288
17 14 1037
17 15 1518
17 16 52
17 17 0
17 18 646
17 19 1250
17 20 902
17 21 521
17 22 585
17 23 911
17 24 547
17 25 855
17 26 938
17 27 1114
17 28 616
17 29 430
17 30 369
17 31 1289
17 32 1532
17 33 1816
17 34 2111
17 35 1019
17 36 1011
17 37 1611
17 38 1585
17 39 354
17 40 1069
17 41 1537
17 42 306
17 43 1021
17 44 1489
17 45 258
17 46 973
17 47 1537
17 48 306
17 49 1021
17 50 1585
17 51 354
17 52 1069
17 53 1633
17 54 402
17 55 1117
17 56 1681
17 57 450
17 58 1165
17 59 1729
17 60 498
17 61 1213
17 62 1777
17 63 546
17 64 1261
17 65 1825
17 66 594
17 67 1309
17 68 1873
17 69 642
17 70 1357
17 71 1921
17 72 690
17 73 1405
17 74 1969
17 75 738
17 76 1453
17 77 2017
17 78 786
17 79 1501
17 80 2065
17 81 834
17 82 1549
17 83 2113
17 84 882
17 85 1597
17 86 2161
17 87 930
17 88 1645
17 89 2209
17 90 978
17 91 1693
17 92 1705
18 0 1059
18 1 755
18 2 568
18 3 1032
18 4 1084
18 5 950
18 6 260
18 7 1634
18 8 1324
18 9 1441
18 10 1846
18 11 876
18 12 1272
18 13 1418
18 14 1167
18 15 1102
18 16 698
18 17 646
18 18 0
18 19 1822
18 20 1032
18 21 651
18 22 1231
18 23 1041
18 24 677
18 25 985
18 26 1068
18 27 468
18 28 746
18 29 560
18 30 499
18 31 1419
18 32 1376
18 33 2024
18 34 1565
18 35 1149
18 36 1141
18 37 1845
18 38 939
18 39 484
18 40 1715
18 41 891
18 42 436
18 43 1667
18 44 843
18 45 388
18 46 1619
18 47 891
18 48 436
18 49 1667
18 50 939
18 51 484
18 52 1715
18 53 987
18 54 532
18 55 1763
18 56 1035
18 57 580
18 58 1811
18 59 1083
18 60 628
18 61 1859
18 62 1131
18 63 676
18 64 1907
18 65 1179
18 66 724
18 67 1955
18 68 1227
18 69 772
18 70 2003
18 71 1275
18 72 820
18 73 2051
18 74 1323
18 75 868
18 76 2099
18 77 1371
18 78 916
18 79 2147
18 80 1419
18 81 964
18 82 2195
18 83 1467
18 84 1012
18 85 2243
18 86 1515
18 87 1060
18 88 2291
18 89 1563
18 90 1108
18 91 2339
18 92 1059
19 0 2881
19 1 1333
19 2 1328
19 3 960
19 4 908
19 5 1138
19 6 1562
19 7 2200
19 8 1890
19 9 2007
19 10 722
19 11 1116
19 12 2332
19 13 478
19 14 729
19 15 2406
19 16 1198
19 17 1250
19 18 1822
19 19 0
19 20 2078
19 21 1697
19 22 665
19 23 1047
19 24 1723
19 25 911
19 26 1634
19 27 2290
19 28 1150
19 29 1528
19 30 1449
19 31 403
19 32 2228
19 33 640
19 34 2807
19 35 2195
19 36 755
19 37 435
19 38 2761
19 39 1530
19 40 373
19 41 2713
19 42 1482
19 43 325
19 44 2665
19 45 1434
19 46 277
19 47 2617
19 48 1386
19 49 229
19 50 2569
19 51 1338
19 52 181
19 53 2521
19 54 1290
19 55 133
19 56 2473
19 57 1242
19 58 85
19 59 2425
19 60 1194
19 61 37
19 62 2473
19 63 1242
19 64 85
19 65 2521
19 66 1290
19 67 133
19 68 2569
19 69 1338
19 70 181
19 71 2617
19 72 1386
19 73 229
19 74 2665
19 75 1434
19 76 277
19 77 2713
19 78 1482
19 79 325
19 80 2761
19 81 1530
19 82 373
19 83 2809
19 84 1578
19 85 421
19 86 2857
19 87 1626
19 88 469
19 89 2905
19 90 1674
19 91 517
19 92 2881
20 0 803
20 1 915
20 2 824
20 3 1192
20 4 1244
20 5 1110
20 6 772
20 7 1890
20 8 1554
20 9 1437
20 10 2102
20 11 1036
20 12 1112
20 13 1674
20 14 1423
20 15 942
20 16 954
20 17 902
20 18 1032
20 19 2078
20 20 0
20 21 811
20 22 1487
20 23 1201
20 24 837
20 25 1241
20 26 1324
20 27 1058
20 28 1002
20 29 720
20 30 755
20 31 1675
20 32 1216
20 33 2280
20 34 1405
20 35 117
20 36 1397
20 37 2101
20 38 683
20 39 644
20 40 1875
20 41 635
20 42 596
20 43 1827
20 44 683
20 45 644
20 46 1875
20 47 731
20 48 692
20 49 1923
20 50 779
20 51 740
20 52 1971
20 53 827
20 54 788
20 55 2019
20 56 875
20 57 836
20 58 2067
20 59 923
20 60 884
20 61 2115
20 62 971
20 63 932
20 64 2163
20 65 1019
20 66 980
20 67 2211
20 68 1067
20 69 1028
20 70 2259
20 71 1115
20 72 1076
20 73 2307
20 74 1163
20 75 1124
20 76 2355
20 77 1211
20 78 1172
20 79 2403
20 80 1259
20 81 1220
20 82 2451
20 83 1307
20 84 1268
20 85 2499
20 86 1355
20 87 1316
20 88 2547
20 89 1403
20 90 1364
20 91 2595
20 92 803
21 0 1184
21 1 438
21 2 443
21 3 811
21 4 863
21 5 633
21 6 391
21 7 1509
21 8 1199
21 9 1316
21 10 1721
21 11 655
21 12 1589
21 13 1293
21 14 1042
21 15 1419
21 16 573
21 17 521
21 18 651
21 19 1697
21 20 811
21 21 0
21 22 1106
21 23 724
21 24 26
21 25 860
21 26 943
21 27 1119
21 28 621
21 29 243
21 30 374
21 31 1294
21 32 1537
21 33 1899
21 34 1882
21 35 928
21 36 1016
21 37 1720
21 38 1064
21 39 167
21 40 1398
21 41 1112
21 42 215
21 43 1446
21 44 1160
21 45 263
21 46 1494
21 47 1208
21 48 311
21 49 1542
21 50 1256
21 51 359
21 52 1590
21 53 1304
21 54 407
21 55 1638
21 56 1352
21 57 455
21 58 1686
21 59 1400
21 60 503
21 61 1734
21 62 1448
21 63 551
21 64 1782
21 65 1496
21 66 599
21 67 1830
21 68 1544
21 69 647
21 70 1878
21 71 1592
21 72 695
21 73 1926
21 74 1640
21 75 743
21 76 1974
21 77 1688
21 78 791
21 79 2022
21 80 1736
21 81 839
21 82 2070
21 83 1784
21 84 887
21 85 2118
21 86 1832
21 87 935
21 88 2166
21 89 1880
21 90 983
21 91 2214
21 92 1184
22 0 2290
22 1 1210
22 2 663
22 3 1071
22 4 1019
22 5 1249
22 6 971
22 7 2089
22 8 1779
22 9 1896
22 10 1313
22 11 1227
22 12 2221
22 13 781
22 14 1128
22 15 2103
22 16 533
22 17 585
22 18 1231
22 19 665
22 20 1487
22 21 1106
22 22 0
22 23 1158
22 24 1132
22 25 1310
22 26 1523
22 27 1699
22 28 1201
22 29 1015
22 30 954
22 31 1068
22 32 2117
22 33 1231
22 34 2696
22 35 1604
22 36 1154
22 37 1026
22 38 2170
22 39 939
22 40 484
22 41 2122
22 42 891
22 43 436
22 44 2074
22 45 843
22 46 388
22 47 2122
22 48 891
22 49 436
22 50 2170
22 51 939
22 52 484
22 53 2218
22 54 987
22 55 532
22 56 2266
22 57 1035
22 58 580
22 59 2314
22 60 1083
22 61 628
22 62 2362
22 63 1131
22 64 676
22 65 2410
22 66 1179
22 67 724
22 68 2458
22 69 1227
22 70 772
22 71 2506
22 72 1275
22 73 820
22 74 2554
22 75 1323
22 76 868
22 77 2602
22 78 1371
22 79 916
22 80 2650
22 81 1419
22 82 964
22 83 2698
22 84 1467
22 85 1012
22 86 2746
22 87 1515
22 88 1060
22 89 2794
22 90 1563
22 91 1108
22 92 2290
23 0 1908
23 1 286
23 2 833
23 3 1201
23 4 1253
23 5 91
23 6 781
23 7 1899
23 8 1589
23 9 1706
23 10 1695
23 11 1045
23 12 2031
23 13 1163
23 14 1432
23 15 1913
23 16 963
23 17 911
23 18 1041
23 19 1047
23 20 1201
23 21 724
23 22 1158
23 23 0
23 24 750
23 25 1250
23 26 1333
23 27 1509
23 28 1011
23 29 481
23 30 764
23 31 1450
23 32 1927
23 33 1613
23 34 2506
23 35 1318
23 36 1406
23 37 1408
23 38 1788
23 39 557
23 40 674
23 41 1836
23 42 605
23 43 722
23 44 1884
23 45 653
23 46 770
23 47 1932
23 48 701
23 49 818
23 50 1980
23 51 749
23 52 866
23 53 2028
23 54 797
23 55 914
23 56 2076
23 57 845
23 58 962
23 59 2124
23 60 893
23 61 1010
23 62 2172
23 63 941
23 64 1058
23 65 2220
23 66 989
23 67 1106
23 68 2268
23 69 1037
23 70 1154
23 71 2316
23 72 1085
23 73 1202
23 74 2364
23 75 1133
23 76 1250
23 77 2412
23 78 1181
23 79 1298
23 80 2460
23 81 1229
23 82 1346
23 83 2508
23 84 1277
23 85 1394
23 86 2556
23 87 1325
23 88 1442
23 89 2604
23 90 1373
23 91 1490
23 92 1908
24 0 1158
24 1 464
24 2 469
24 3 837
24 4 889
24 5 659
24 6 417
24 7 1535
24 8 1225
24 9 1342
24 10 1747
24 11 681
24 12 1563
24 13 1319
24 14 1068
24 15 1393
24 16 599
24 17 547
24 18 677
24 19 1723
24 20 837
24 21 26
24 22 1132
24 23 750
24 24 0
24 25 886
24 26 969
24 27 1145
24 28 647
24 29 269
24 30 400
24 31 1320
24 32 1563
24 33 1925
24 34 1856
24 35 954
24 36 1042
24 37 1746
24 38 1038
24 39 193
24 40 1424
24 41 1086
24 42 241
24 43 1472
24 44 1134
24 45 289
24 46 1520
24 47 1182
24 48 337
24 49 1568
24 50 1230
24 51 385
24 52 1616
24 53 1278
24 54 433
24 55 1664
24 56 1326
24 57 481
24 58 1712
24 59 1374
24 60 529
24 61 1760
24 62 1422
24 63 577
24 64 1808
24 65 1470
24 66 625
24 67 1856
24 68 1518
24 69 673
24 70 1904
24 71 1566
24 72 721
24 73 1952
24 74 1614
24 75 769
24 76 2000
24 77 1662
24 78 817
24 79 2048
24 80 1710
24 81 865
24 82 2096
24 83 1758
24 84 913
24 85 2144
24 86 1806
24 87 961
24 88 2192
24 89 1854
24 90 1009
24 91 2240
24 92 1158
25 0 2044
25 1 964
25 2 777
25 3 1241
25 4 1293
25 5 1159
25 6 725
25 7 1555
25 8 1245
25 9 1362
25 10 1559
25 11 1085
25 12 1687
25 13 1123
25 14 182
25 15 1569
25 16 907
25 17 855
25 18 985
25 19 911
25 20 1241
25 21 860
25 22 1310
25 23 1250
25 24 886
25 25 0
25 26 989
25 27 1453
25 28 859
25 29 769
25 30 612
25 31 1314
25 32 1583
25 33 1477
25 34 2162
25 35 1358
25 36 156
25 37 1272
25 38 1924
25 39 693
25 40 1018
25 41 1876
25 42 645
25 43 970
25 44 1828
25 45 597
25 46 922
25 47 1780
25 48 549
25 49 874
25 50 1732
25 51 501
25 52 826
25 53 1684
25 54 453
25 55 778
25 56 1732
25 57 501
25 58 826
25 59 1780
25 60 549
25 61 874
25 62 1828
25 63 597
25 64 922
25 65 1876
25 66 645
25 67 970
25 68 1924
25 69 693
25 70 1018
25 71 1972
25 72 741
25 73 1066
25 74 2020
25 75 789
25 76 1114
25 77 2068
25 78 837
25 79 1162
25 80 2116
25 81 885
25 82 1210
25 83 2164
25 84 933
25 85 1258
25 86 2212
25 87 981
25 88 1306
25 89 2260
25 90 1029
25 91 1354
25 92 2044
26 0 1247
26 1 1047
26 2 860
26 3 1324
26 4 1376
26 5 1242
26 6 808
26 7 1446
26 8 1136
26 9 1253
26 10 1658
26 11 1168
26 12 980
26 13 1518
26 14 1171
26 15 1002
26 16 990
26 17 938
26 18 1068
26 19 1634
26 20 1324
26 21 943
26 22 1523
26 23 1333
26 24 969
26 25 989
26 26 0
26 27 1406
26 28 942
26 29 852
26 30 695
26 31 1231
26 32 1084
26 33 1836
26 34 1273
26 35 1441
26 36 1145
26 37 1657
26 38 1127
26 39 776
26 40 2007
26 41 1079
26 42 728
26 43 1959
26 44 1031
26 45 680
26 46 1911
26 47 983
26 48 632
26 49 1863
26 50 935
26 51 584
26 52 1815
26 53 887
26 54 536
26 55 1767
26 56 839
26 57 488
26 58 1719
26 59 791
26 60 440
26 61 1671
26 62 839
26 63 488
26 64 1719
26 65 887
26 66 536
26 67 1767
26 68 935
26 69 584
26 70 1815
26 71 983
26 72 632
26 73 1863
26 74 1031
26 75 680
26 76 1911
26 77 1079
26 78 728
26 79 1959
26 80 1127
26 81 776
26 82 2007
26 83 1175
26 84 824
26 85 2055
26 86 1223
26 87 872
26 88 2103
26 89 1271
26 90 920
26 91 2151
26 92 1247
27 0 591
27 1 1223
27 2 1036
27 3 1500
27 4 1552
27 5 1418
27 6 728
27 7 1608
27 8 1246
27 9 1129
27 10 2314
27 11 1344
27 12 804
27 13 1886
27 14 1635
27 15 634
27 16 1166
27 17 1114
27 18 468
27 19 2290
27 20 1058
27 21 1119
27 22 1699
27 23 1509
27 24 1145
27 25 1453
27 26 1406
27 27 0
27 28 1214
27 29 1028
27 30 967
27 31 1887
27 32 908
27 33 2492
27 34 1097
27 35 941
27 36 1609
27 37 2313
27 38 471
27 39 952
27 40 2183
27 41 423
27 42 904
27 43 2135
27 44 375
27 45 856
27 46 2087
27 47 423
27 48 904
27 49 2135
27 50 471
27 51 952
27 52 2183
27 53 519
27 54 1000
27 55 2231
27 56 567
27 57 1048
27 58 2279
27 59 615
27 60 1096
27 61 2327
27 62 663
27 63 1144
27 64 2375
27 65 711
27 66 1192
27 67 2423
27 68 759
27 69 1240
27 70 2471
27 71 807
27 72 1288
27 73 2519
27 74 855
27 75 1336
27 76 2567
27 77 903
27 78 1384
27 79 2615
27 80 951
27 81 1432
27 82 2663
27 83 999
27 84 1480
27 85 2711
27 86 1047
27 87 1528
27 88 2759
27 89 1095
27 90 1576
27 91 2807
27 92 591
28 0 1805
28 1 725
28 2 538
28 3 1002
28 4 1054
28 5 920
28 6 486
28 7 1508
28 8 1198
28 9 1315
28 10 1720
28 11 846
28 12 1640
28 13 1266
28 14 1041
28 15 1522
28 16 668
28 17 616
28 18 746
28 19 1150
28 20 1002
28 21 621
28 22 1201
28 23 1011
28 24 647
28 25 859
28 26 942
28 27 1214
28 28 0
28 29 530
28 30 373
28 31 1293
28 32 1536
28 33 1716
28 34 2115
28 35 1119
28 36 1015
28 37 1511
28 38 1685
28 39 454
28 40 1065
28 41 1637
28 42 406
28 43 1017
28 44 1589
28 45 358
28 46 969
28 47 1541
28 48 310
28 49 921
28 50 1589
28 51 358
28 52 969
28 53 1637
28 54 406
28 55 1017
28 56 1685
28 57 454
28 58 1065
28 59 1733
28 60 502
28 61 1113
28 62 1781
28 63 550
28 64 1161
28 65 1829
28 66 598
28 67 1209
28 68 1877
28 69 646
28 70 1257
28 71 1925
28 72 694
28 73 1305
28 74 1973
28 75 742
28 76 1353
28 77 2021
28 78 790
28 79 1401
28 80 2069
28 81 838
28 82 1449
28 83 2117
28 84 886
28 85 1497
28 86 2165
28 87 934
28 88 1545
28 89 2213
28 90 982
28 91 1593
28 92 1805
29 0 1427
29 1 195
29 2 352
29 3 720
29 4 772
29 5 390
29 6 300
29 7 1418
29 8 1108
29 9 1225
29 10 1630
29 11 564
29 12 1550
29 13 1202
29 14 951
29 15 1432
29 16 482
29 17 430
29 18 560
29 19 1528
29 20 720
29 21 243
29 22 1015
29 23 481
29 24 269
29 25 769
29 26 852
29 27 1028
29 28 530
29 29 0
29 30 283
29 31 1203
29 32 1446
29 33 1808
29 34 2025
29 35 837
29 36 925
29 37 1629
29 38 1307
29 39 76
29 40 1155
29 41 1355
29 42 124
29 43 1203
29 44 1403
29 45 172
29 46 1251
29 47 1451
29 48 220
29 49 1299
29 50 1499
29 51 268
29 52 1347
29 53 1547
29 54 316
29 55 1395
29 56 1595
29 57 364
29 58 1443
29 59 1643
29 60 412
29 61 1491
29 62 1691
29 63 460
29 64 1539
29 65 1739
29 66 508
29 67 1587
29 68 1787
29 69 556
29 70 1635
29 71 1835
29 72 604
29 73 1683
29 74 1883
29 75 652
29 76 1731
29 77 1931
29 78 700
29 79 1779
29 80 1979
29 81 748
29 82 1827
29 83 2027
29 84 796
29 85 1875
29 86 2075
29 87 844
29 88 1923
29 89 2123
29 90 892
29 91 1971
29 92 1427
30 0 1432
30 1 478
30 2 291
30 3 755
30 4 807
30 5 673
30 6 239
30 7 1261
30 8 951
30 9 1068
30 10 1473
30 11 599
30 12 1393
30 13 1045
30 14 794
30 15 1275
30 16 421
30 17 369
30 18 499
30 19 1449
30 20 755
30 21 374
30 22 954
30 23 764
30 24 400
30 25 612
30 26 695
30 27 967
30 28 373
30 29 283
30 30 0
30 31 1046
30 32 1289
30 33 1651
30 34 1842
30 35 872
30 36 768
30 37 1472
30 38 1312
30 39 207
30 40 1438
30 41 1264
30 42 159
30 43 1390
30 44 1216
30 45 111
30 46 1342
30 47 1168
30 48 63
30 49 1294
30 50 1216
30 51 111
30 52 1342
30 53 1264
30 54 159
30 55 1390
30 56 1312
30 57 207
30 58 1438
30 59 1360
30 60 255
30 61 1486
30 62 1408
30 63 303
30 64 1534
30 65 1456
30 66 351
30 67 1582
30 68 1504
30 69 399
30 70 1630
30 71 1552
30 72 447
30 73 1678
30 74 1600
30 75 495
30 76 1726
30 77 1648
30 78 543
30 79 1774
30 80 1696
30 81 591
30 82 1822
30 83 1744
30 84 639
30 85 1870
30 86 1792
30 87 687
30 88 1918
30 89 1840
30 90 735
30 91 1966
30 92 1432
31 0 2478
31 1 1398
31 2 1211
31 3 1363
31 4 1311
31 5 1541
31 6 1159
31 7 1797
31 8 1487
31 9 1604
31 10 1125
31 11 1519
31 12 1929
31 13 881
31 14 1132
31 15 2003
31 16 1341
31 17 1289
31 18 1419
31 19 403
31 20 1675
31 21 1294
31 22 1068
31 23 1450
31 24 1320
31 25 1314
31 26 1231
31 27 1887
31 28 1293
31 29 1203
31 30 1046
31 31 0
31 32 1825
31 33 1043
31 34 2404
31 35 1792
31 36 1158
31 37 838
31 38 2358
31 39 1127
31 40 776
31 41 2310
31 42 1079
31 43 728
31 44 2262
31 45 1031
31 46 680
31 47 2214
31 48 983
31 49 632
31 50 2166
31 51 935
31 52 584
31 53 2118
31 54 887
31 55 536
31 56 2070
31 57 839
31 58 488
31 59 2022
31 60 791
31 61 440
31 62 2070
31 63 839
31 64 488
31 65 2118
31 66 887
31 67 536
31 68 2166
31 69 935
31 70 584
31 71 2214
31 72 983
31 73 632
31 74 2262
31 75 1031
31 76 680
31 77 2310
31 78 1079
31 79 728
31 80 2358
31 81 1127
31 82 776
31 83 2406
31 84 1175
31 85 824
31 86 2454
31 87 1223
31 88 872
31 89 2502
31 90 1271
31 91 920
31 92 2478
32 0 749
32 1 1641
32 2 1454
32 3 1918
32 4 1970
32 5 1836
32 6 1402
32 7 1190
32 8 338
32 9 221
32 10 2156
32 11 1762
32 12 104
32 13 2112
32 14 1765
32 15 504
32 16 1584
32 17 1532
32 18 1376
32 19 2228
32 20 1216
32 21 1537
32 22 2117
32 23 1927
32 24 1563
32 25 1583
32 26 1084
32 27 908
32 28 1536
32 29 1446
32 30 1289
32 31 1825
32 32 0
32 33 2334
32 34 679
32 35 1099
32 36 1739
32 37 2155
32 38 629
32 39 1370
32 40 2601
32 41 581
32 42 1322
32 43 2553
32 44 533
32 45 1274
32 46 2505
32 47 485
32 48 1226
32 49 2457
32 50 437
32 51 1178
32 52 2409
32 53 389
32 54 1130
32 55 2361
32 56 341
32 57 1082
32 58 2313
32 59 293
32 60 1034
32 61 2265
32 62 245
32 63 986
32 64 2217
32 65 293
32 66 1034
32 67 2265
32 68 341
32 69 1082
32 70 2313
32 71 389
32 72 1130
32 73 2361
32 74 437
32 75 1178
32 76 2409
32 77 485
32 78 1226
32 79 2457
32 80 533
32 81 1274
32 82 2505
32 83 581
32 84 1322
32 85 2553
32 86 629
32 87 1370
32 88 2601
32 89 677
32 90 1418
32 91 2649
32 92 749
33 0 3083
33 1 1899
33 2 1816
33 3 1526
33 4 1474
33 5 1704
33 6 1764
33 7 1634
33 8 1996
33 9 2113
33 10 616
33 11 1682
33 12 2438
33 13 1044
33 14 1295
33 15 2608
33 16 1764
33 17 1816
33 18 2024
33 19 640
33 20 2280
33 21 1899
33 22 1231
33 23 1613
33 24 1925
33 25 1477
33 26 1836
33 27 2492
33 28 1716
33 29 1808
33 30 1651
33 31 1043
33 32 2334
33 33 0
33 34 2241
33 35 2397
33 36 1321
33 37 617
33 38 2963
33 39 1732
33 40 939
33 41 2915
33 42 1684
33 43 891
33 44 2867
33 45 1636
33 46 843
33 47 2819
33 48 1588
33 49 795
33 50 2771
33 51 1540
33 52 747
33 53 2723
33 54 1492
33 55 699
33 56 2675
33 57 1444
33 58 651
33 59 2627
33 60 1396
33 61 603
33 62 2579
33 63 1348
33 64 555
33 65 2531
33 66 1300
33 67 507
33 68 2483
33 69 1252
33 70 459
33 71 2435
33 72 1204
33 73 411
33 74 2387
33 75 1156
33 76 363
33 77 2339
33 78 1108
33 79 315
33 80 2291
33 81 1060
33 82 267
33 83 2243
33 84 1012
33 85 219
33 86 2291
33 87 1060
33 88 267
33 89 2339
33 90 1108
33 91 315
33 92 3083
34 0 938
34 1 2220
34 2 2033
34 3 2497
34 4 2549
34 5 2415
34 6 1825
34 7 707
34 8 1017
34 9 900
34 10 2159
34 11 2341
34 12 575
34 13 2691
34 14 2344
34 15 693
34 16 2163
34 17 2111
34 18 1565
34 19 2807
34 20 1405
34 21 1882
34 22 2696
34 23 2506
34 24 1856
34 25 2162
34 26 1273
34 27 1097
34 28 2115
34 29 2025
34 30 1842
34 31 2404
34 32 679
34 33 2241
34 34 0
34 35 1288
34 36 2318
34 37 2446
34 38 818
34 39 1949
34 40 3180
34 41 770
34 42 1901
34 43 3132
34 44 722
34 45 1853
34 46 3084
34 47 674
34 48 1805
34 49 3036
34 50 626
34 51 1757
34 52 2988
34 53 578
34 54 1709
34 55 2940
34 56 530
34 57 1661
34 58 2892
34 59 482
34 60 1613
34 61 2844
34 62 434
34 63 1565
34 64 2796
34 65 386
34 66 1517
34 67 2748
34 68 338
34 69 1469
34 70 2700
34 71 290
34 72 1421
34 73 2652
34 74 242
34 75 1373
34 76 2604
34 77 194
34 78 1325
34 79 2556
34 80 146
34 81 1277
34 82 2508
34 83 98
34 84 1229
34 85 2460
34 86 50
34 87 1181
34 88 2412
34 89 98
34 90 1229
34 91 2460
34 92 938
35 0 686
35 1 1032
35 2 941
35 3 1309
35 4 1361
35 5 1227
35 6 889
35 7 1799
35 8 1437
35 9 1320
35 10 2219
35 11 1153
35 12 995
35 13 1791
35 14 1540
35 15 825
35 16 1071
35 17 1019
35 18 1149
35 19 2195
35 20 117
35 21 928
35 22 1604
35 23 1318
35 24 954
35 25 1358
35 26 1441
35 27 941
35 28 1119
35 29 837
35 30 872
35 31 1792
35 32 1099
35 33 2397
35 34 1288
35 35 0
35 36 1514
35 37 2218
35 38 566
35 39 761
35 40 1992
35 41 518
35 42 713
35 43 1944
35 44 566
35 45 761
35 46 1992
35 47 614
35 48 809
35 49 2040
35 50 662
35 51 857
35 52 2088
35 53 710
35 54 905
35 55 2136
35 56 758
35 57 953
35 58 2184
35 59 806
35 60 1001
35 61 2232
35 62 854
35 63 1049
35 64 2280
35 65 902
35 66 1097
35 67 2328
35 68 950
35 69 1145
35 70 2376
35 71 998
35 72 1193
35 73 2424
35 74 1046
35 75 1241
35 76 2472
35 77 1094
35 78 1289
35 79 2520
35 80 1142
35 81 1337
35 82 2568
35 83 1190
35 84 1385
35 85 2616
35 86 1238
35 87 1433
35 88 2664
35 89 1286
35 90 1481
35 91 2712
35 92 686
36 0 2200
36 1 1120
36 2 933
36 3 1397
36 4 1397
36 5 1315
36 6 881
36 7 1711
36 8 1401
36 9 1518
36 10 1403
36 11 1241
36 12 1843
36 13 967
36 14 26
36 15 1725
36 16 1063
36 17 1011
36 18 1141
36 19 755
36 20 1397
36 21 1016
36 22 1154
36 23 1406
36 24 1042
36 25 156
36 26 1145
36 27 1609
36 28 1015
36 29 925
36 30 768
36 31 1158
36 32 1739
36 33 1321
36 34 2318
36 35 1514
36 36 0
36 37 1116
36 38 2080
36 39 849
36 40 862
36 41 2032
36 42 801
36 43 814
36 44 1984
36 45 753
36 46 766
36 47 1936
36 48 705
36 49 718
36 50 1888
36 51 657
36 52 670
36 53 1840
36 54 609
36 55 622
36 56 1888
36 57 657
36 58 670
36 59 1936
36 60 705
36 61 718
36 62 1984
36 63 753
36 64 766
36 65 2032
36 66 801
36 67 814
36 68 2080
36 69 849
36 70 862
36 71 2128
36 72 897
36 73 910
36 74 2176
36 75 945
36 76 958
36 77 2224
36 78 993
36 79 1006
36 80 2272
36 81 1041
36 82 1054
36 83 2320
36 84 1089
36 85 1102
36 86 2368
36 87 1137
36 88 1150
36 89 2416
36 90 1185
36 91 1198
36 92 2200
37 0 2904
37 1 1694
37 2 1637
37 3 1321
37 4 1269
37 5 1499
37 6 1585
37 7 1839
37 8 1817
37 9 1934
37 10 699
37 11 1477
37 12 2259
37 13 839
37 14 1090
37 15 2429
37 16 1559
37 17 1611
37 18 1845
37 19 435
37 20 2101
37 21 1720
37 22 1026
37 23 1408
37 24 1746
37 25 1272
37 26 1657
37 27 2313
37 28 1511
37 29 1629
37 30 1472
37 31 838
37 32 2155
37 33 617
37 34 2446
37 35 2218
37 36 1116
37 37 0
37 38 2784
37 39 1553
37 40 734
37 41 2736
37 42 1505
37 43 686
37 44 2688
37 45 1457
37 46 638
37 47 2640
37 48 1409
37 49 590
37 50 2592
37 51 1361
37 52 542
37 53 2544
37 54 1313
37 55 494
37 56 2496
37 57 1265
37 58 446
37 59 2448
37 60 1217
37 61 398
37 62 2400
37 63 1169
37 64 350
37 65 2352
37 66 1121
37 67 302
37 68 2304
37 69 1073
37 70 254
37 71 2256
37 72 1025
37 73 206
37 74 2304
37 75 1073
37 76 254
37 77 2352
37 78 1121
37 79 302
37 80 2400
37 81 1169
37 82 350
37 83 2448
37 84 1217
37 85 398
37 86 2496
37 87 1265
37 88 446
37 89 2544
37 90 1313
37 91 494
37 92 2904
38 0 120
38 1 1502
38 2 1507
38 3 1875
38 4 1927
38 5 1697
38 6 1199
38 7 1329
38 8 967
38 9 850
38 10 2785
38 11 1719
38 12 525
38 13 2357
38 14 2106
38 15 355
38 16 1637
38 17 1585
38 18 939
38 19 2761
38 20 683
38 21 1064
38 22 2170
38 23 1788
38 24 1038
