//alpha
1
//NbLocations
66
//NbProducts
29
//NbPickers
2
//CapaPicker
12
//TimeToTravelOneDistanceUnit
3
//SetupTime
5400
//PickTime
300
//Products
//Idx Location Size
1 1 1
2 2 1
3 3 1
4 4 1
5 5 1
6 6 1
7 7 1
8 8 1
9 9 1
10 10 1
11 11 1
12 12 1
13 13 1
14 14 1
15 15 1
16 16 1
17 17 1
18 18 1
19 19 1
20 20 1
21 21 1
22 22 1
23 23 1
24 24 1
25 25 1
26 26 1
27 27 1
28 28 1
29 29 1
//Orders
//NbOrders
18
//Idx DueDate TardinessPenalty NbProdInOrder ProdIdx1 Qty1 ProdIdx2 Qty2 ...
1 90000 0 1 1 1
2 90000 0 2 2 1 3 1
3 72000 0 2 4 1 5 1
4 90000 0 3 6 1 7 1 8 1
5 144000 0 1 9 1
6 144000 0 4 10 1 11 1 12 1 13 1
7 126000 0 1 14 1
8 90000 0 2 15 1 16 1
9 144000 0 1 17 1
10 108000 0 1 18 1
11 108000 0 1 19 1
12 144000 0 2 20 1 21 1
13 108000 0 1 22 1
14 108000 0 2 23 1 24 1
15 90000 0 1 25 1
16 72000 0 1 26 1
17 72000 0 2 27 1 28 1
18 144000 0 1 29 1
//Graph (Products are vertices indexed from 1 to NbProducts)
//NbVerticesIntersections
36
//DepartingDepot
0
//ArrivalDepot
66
//Arcs
//Start End Distance
0 30 120
1 43 739
1 44 102
2 17 481
2 34 206
3 29 598
3 40 180
4 60 596
4 61 245
5 27 143
5 32 245
6 52 648
6 53 193
7 19 325
7 33 167
8 37 349
8 38 492
9 21 26
9 31 63
10 16 143
10 28 156
11 45 479
11 46 362
12 63 713
12 64 128
13 16 26
13 30 102
14 20 26
14 26 260
15 18 52
15 27 247
16 10 143
16 13 26
17 2 481
17 24 39
18 15 52
18 21 65
19 7 325
19 34 349
20 14 26
20 25 13
21 9 26
21 18 65
22 23 78
22 42 388
23 22 78
23 43 375
24 17 39
24 35 115
25 20 13
25 28 13
26 14 260
26 31 102
27 5 143
27 15 247
28 10 156
28 25 13
29 3 598
29 39 63
30 13 102
30 33 48
30 66 120
31 9 63
31 26 102
31 34 48
32 5 245
32 35 48
33 7 167
33 30 48
33 36 48
34 2 206
34 19 349
34 31 48
34 37 48
35 24 115
35 32 48
35 38 48
36 33 48
36 37 841
36 39 48
37 8 349
37 34 48
37 36 841
37 40 48
38 8 492
38 35 48
38 41 48
39 29 63
39 36 48
39 42 48
40 3 180
40 37 48
40 41 841
40 43 48
41 38 48
41 40 841
41 44 48
42 22 388
42 39 48
42 45 48
43 1 739
43 23 375
43 40 48
43 46 48
44 1 102
44 41 48
44 47 48
45 11 479
45 42 48
45 48 48
46 11 362
46 43 48
46 47 841
46 49 48
47 44 48
47 46 841
47 50 48
48 45 48
48 49 841
48 51 48
49 46 48
49 48 841
49 50 841
49 52 48
50 47 48
50 49 841
50 53 48
51 48 48
51 52 841
51 54 48
52 6 648
52 49 48
52 51 841
52 55 48
53 6 193
53 50 48
53 56 48
54 51 48
54 55 841
54 57 48
55 52 48
55 54 841
55 56 841
55 58 48
56 53 48
56 55 841
56 59 48
57 54 48
57 58 841
57 60 48
58 55 48
58 57 841
58 59 841
58 61 48
59 56 48
59 58 841
59 62 48
60 4 596
60 57 48
60 63 48
61 4 245
61 58 48
61 62 841
61 64 48
62 59 48
62 61 841
62 65 48
63 12 713
63 60 48
64 12 128
64 61 48
64 65 841
65 62 48
65 64 841
//LocStart LocEnd ShortestPath
0 0 0
0 1 1892
0 2 1215
0 3 925
0 4 1196
0 5 1557
0 6 1945
0 7 335
0 8 1406
0 9 1024
0 10 391
0 11 839
0 12 1361
0 13 222
0 14 599
0 15 1167
0 16 248
0 17 1696
0 18 1115
0 19 660
0 20 573
0 21 1050
0 22 700
0 23 778
0 24 1735
0 25 560
0 26 859
0 27 1414
0 28 547
0 29 327
0 30 120
0 31 961
0 32 1802
0 33 168
0 34 1009
0 35 1850
0 36 216
0 37 1057
0 38 1898
0 39 264
0 40 1105
0 41 1946
0 42 312
0 43 1153
0 44 1994
0 45 360
0 46 1201
0 47 2042
0 48 408
0 49 1249
0 50 2090
0 51 456
0 52 1297
0 53 2138
0 54 504
0 55 1345
0 56 2186
0 57 552
0 58 1393
0 59 2234
0 60 600
0 61 1441
0 62 2282
0 63 648
0 64 1489
0 65 2330
0 66 0
1 0 1892
1 1 0
1 2 881
1 3 967
1 4 1272
1 5 539
1 6 439
1 7 1557
1 8 690
1 9 994
1 10 1501
1 11 1149
1 12 1203
1 13 1670
1 14 1293
1 15 929
1 16 1644
1 17 400
1 18 981
1 19 1232
1 20 1319
1 21 1020
1 22 1192
1 23 1114
1 24 361
1 25 1332
1 26 1033
1 27 682
1 28 1345
1 29 1565
1 30 1772
1 31 931
1 32 294
1 33 1724
1 34 883
1 35 246
1 36 1676
1 37 835
1 38 198
1 39 1628
1 40 787
1 41 150
1 42 1580
1 43 739
1 44 102
1 45 1628
1 46 787
1 47 150
1 48 1676
1 49 835
1 50 198
1 51 1724
1 52 883
1 53 246
1 54 1772
1 55 931
1 56 294
1 57 1820
1 58 979
1 59 342
1 60 1868
1 61 1027
1 62 390
1 63 1916
1 64 1075
1 65 438
1 66 1892
2 0 1215
2 1 881
2 2 0
2 3 482
2 4 883
2 5 850
2 6 1116
2 7 880
2 8 603
2 9 317
2 10 824
2 11 760
2 12 814
2 13 993
2 14 616
2 15 460
2 16 967
2 17 481
2 18 408
2 19 555
2 20 642
2 21 343
2 22 803
2 23 725
2 24 520
2 25 655
2 26 356
2 27 707
2 28 668
2 29 1080
2 30 1095
2 31 254
2 32 683
2 33 1047
2 34 206
2 35 635
2 36 1095
2 37 254
2 38 683
2 39 1143
2 40 302
2 41 731
2 42 1191
2 43 350
2 44 779
2 45 1239
2 46 398
2 47 827
2 48 1287
2 49 446
2 50 875
2 51 1335
2 52 494
2 53 923
2 54 1383
2 55 542
2 56 971
2 57 1431
2 58 590
2 59 1019
2 60 1479
2 61 638
2 62 1067
2 63 1527
2 64 686
2 65 1115
2 66 1215
3 0 925
3 1 967
3 2 482
3 3 0
3 4 761
3 5 920
3 6 1020
3 7 924
3 8 577
3 9 387
3 10 894
3 11 638
3 12 692
3 13 907
3 14 686
3 15 530
3 16 933
3 17 963
3 18 478
3 19 625
3 20 712
3 21 413
3 22 681
3 23 603
3 24 1002
3 25 725
3 26 426
3 27 777
3 28 738
3 29 598
3 30 805
3 31 324
3 32 1165
3 33 757
3 34 276
3 35 1117
3 36 709
3 37 228
3 38 1069
3 39 661
3 40 180
3 41 1021
3 42 709
3 43 228
3 44 1069
3 45 757
3 46 276
3 47 1117
3 48 805
3 49 324
3 50 1165
3 51 853
3 52 372
3 53 1213
3 54 901
3 55 420
3 56 1261
3 57 949
3 58 468
3 59 1309
3 60 997
3 61 516
3 62 1357
3 63 1045
3 64 564
3 65 1405
3 66 925
4 0 1196
4 1 1272
4 2 883
4 3 761
4 4 0
4 5 1321
4 6 1037
4 7 1195
4 8 978
4 9 788
4 10 1295
4 11 847
4 12 421
4 13 1178
4 14 1087
4 15 931
4 16 1204
4 17 1364
4 18 879
4 19 1026
4 20 1113
4 21 814
4 22 986
4 23 908
4 24 1403
4 25 1126
4 26 827
4 27 1178
4 28 1139
4 29 995
4 30 1076
4 31 725
4 32 1566
4 33 1028
4 34 677
4 35 1518
4 36 980
4 37 629
4 38 1470
4 39 932
4 40 581
4 41 1422
4 42 884
4 43 533
4 44 1374
4 45 836
4 46 485
4 47 1326
4 48 788
4 49 437
4 50 1278
4 51 740
4 52 389
4 53 1230
4 54 692
4 55 341
4 56 1182
4 57 644
4 58 293
4 59 1134
4 60 596
4 61 245
4 62 1086
4 63 644
4 64 293
4 65 1134
4 66 1196
5 0 1557
5 1 539
5 2 850
5 3 920
5 4 1321
5 5 0
5 6 774
5 7 1318
5 8 833
5 9 533
5 10 1166
5 11 1198
5 12 1252
5 13 1335
5 14 958
5 15 390
5 16 1309
5 17 447
5 18 442
5 19 993
5 20 984
5 21 507
5 22 1241
5 23 1163
5 24 408
5 25 997
5 26 698
5 27 143
5 28 1010
5 29 1518
5 30 1437
5 31 596
5 32 245
5 33 1485
5 34 644
5 35 293
5 36 1533
5 37 692
5 38 341
5 39 1581
5 40 740
5 41 389
5 42 1629
5 43 788
5 44 437
5 45 1677
5 46 836
5 47 485
5 48 1725
5 49 884
5 50 533
5 51 1773
5 52 932
5 53 581
5 54 1821
5 55 980
5 56 629
5 57 1869
5 58 1028
5 59 677
5 60 1917
5 61 1076
5 62 725
5 63 1965
5 64 1124
5 65 773
5 66 1557
6 0 1945
6 1 439
6 2 1116
6 3 1020
6 4 1037
6 5 774
6 6 0
6 7 1610
6 8 925
6 9 1047
6 10 1554
6 11 1106
6 12 968
6 13 1723
6 14 1346
6 15 1164
6 16 1697
6 17 635
6 18 1138
6 19 1285
6 20 1372
6 21 1073
6 22 1245
6 23 1167
6 24 596
6 25 1385
6 26 1086
6 27 917
6 28 1398
6 29 1618
6 30 1825
6 31 984
6 32 529
6 33 1777
6 34 936
6 35 481
6 36 1729
6 37 888
6 38 433
6 39 1681
6 40 840
6 41 385
6 42 1633
6 43 792
6 44 337
6 45 1585
6 46 744
6 47 289
6 48 1537
6 49 696
6 50 241
6 51 1489
6 52 648
6 53 193
6 54 1537
6 55 696
6 56 241
6 57 1585
6 58 744
6 59 289
6 60 1633
6 61 792
6 62 337
6 63 1681
6 64 840
6 65 385
6 66 1945
7 0 335
7 1 1557
7 2 880
7 3 924
7 4 1195
7 5 1318
7 6 1610
7 7 0
7 8 1071
7 9 785
7 10 486
7 11 838
7 12 1282
7 13 317
7 14 694
7 15 928
7 16 343
7 17 1361
7 18 876
7 19 325
7 20 668
7 21 811
7 22 699
7 23 777
7 24 1400
7 25 655
7 26 824
7 27 1175
7 28 642
7 29 326
7 30 215
7 31 722
7 32 1563
7 33 167
7 34 674
7 35 1515
7 36 215
7 37 722
7 38 1563
7 39 263
7 40 770
7 41 1611
7 42 311
7 43 818
7 44 1659
7 45 359
7 46 866
7 47 1707
7 48 407
7 49 914
7 50 1755
7 51 455
7 52 962
7 53 1803
7 54 503
7 55 1010
7 56 1851
7 57 551
7 58 1058
7 59 1899
7 60 599
7 61 1106
7 62 1947
7 63 647
7 64 1154
7 65 1995
7 66 335
8 0 1406
8 1 690
8 2 603
8 3 577
8 4 978
8 5 833
8 6 925
8 7 1071
8 8 0
8 9 508
8 10 1015
8 11 855
8 12 909
8 13 1184
8 14 807
8 15 651
8 16 1158
8 17 694
8 18 599
8 19 746
8 20 833
8 21 534
8 22 898
8 23 820
8 24 655
8 25 846
8 26 547
8 27 898
8 28 859
8 29 1175
8 30 1286
8 31 445
8 32 588
8 33 1238
8 34 397
8 35 540
8 36 1190
8 37 349
8 38 492
8 39 1238
8 40 397
8 41 540
8 42 1286
8 43 445
8 44 588
8 45 1334
8 46 493
8 47 636
8 48 1382
8 49 541
8 50 684
8 51 1430
8 52 589
8 53 732
8 54 1478
8 55 637
8 56 780
8 57 1526
8 58 685
8 59 828
8 60 1574
8 61 733
8 62 876
8 63 1622
8 64 781
8 65 924
8 66 1406
9 0 1024
9 1 994
9 2 317
9 3 387
9 4 788
9 5 533
9 6 1047
9 7 785
9 8 508
9 9 0
9 10 633
9 11 665
9 12 719
9 13 802
9 14 425
9 15 143
9 16 776
9 17 798
9 18 91
9 19 460
9 20 451
9 21 26
9 22 708
9 23 630
9 24 837
9 25 464
9 26 165
9 27 390
9 28 477
9 29 985
9 30 904
9 31 63
9 32 778
9 33 952
9 34 111
9 35 826
9 36 1000
9 37 159
9 38 874
9 39 1048
9 40 207
9 41 922
9 42 1096
9 43 255
9 44 970
9 45 1144
9 46 303
9 47 1018
9 48 1192
9 49 351
9 50 1066
9 51 1240
9 52 399
9 53 1114
9 54 1288
9 55 447
9 56 1162
9 57 1336
9 58 495
9 59 1210
9 60 1384
9 61 543
9 62 1258
9 63 1432
9 64 591
9 65 1306
9 66 1024
10 0 391
10 1 1501
10 2 824
10 3 894
10 4 1295
10 5 1166
10 6 1554
10 7 486
10 8 1015
10 9 633
10 10 0
10 11 990
10 12 1226
10 13 169
10 14 208
10 15 776
10 16 143
10 17 1305
10 18 724
10 19 811
10 20 182
10 21 659
10 22 851
10 23 929
10 24 1344
10 25 169
10 26 468
10 27 1023
10 28 156
10 29 478
10 30 271
10 31 570
10 32 1411
10 33 319
10 34 618
10 35 1459
10 36 367
10 37 666
10 38 1507
10 39 415
10 40 714
10 41 1555
10 42 463
10 43 762
10 44 1603
10 45 511
10 46 810
10 47 1651
10 48 559
10 49 858
10 50 1699
10 51 607
10 52 906
10 53 1747
10 54 655
10 55 954
10 56 1795
10 57 703
10 58 1002
10 59 1843
10 60 751
10 61 1050
10 62 1891
10 63 799
10 64 1098
10 65 1939
10 66 391
11 0 839
11 1 1149
11 2 760
11 3 638
11 4 847
11 5 1198
11 6 1106
11 7 838
11 8 855
11 9 665
11 10 990
11 11 0
11 12 778
11 13 821
11 14 964
11 15 808
11 16 847
11 17 1241
11 18 756
11 19 903
11 20 990
11 21 691
11 22 863
11 23 785
11 24 1280
11 25 1003
11 26 704
11 27 1055
11 28 1016
11 29 638
11 30 719
11 31 602
11 32 1443
11 33 671
11 34 554
11 35 1395
11 36 623
11 37 506
11 38 1347
11 39 575
11 40 458
11 41 1299
11 42 527
11 43 410
11 44 1251
11 45 479
11 46 362
11 47 1203
11 48 527
11 49 410
11 50 1251
11 51 575
11 52 458
11 53 1299
11 54 623
11 55 506
11 56 1347
11 57 671
11 58 554
11 59 1395
11 60 719
11 61 602
11 62 1443
11 63 767
11 64 650
11 65 1491
11 66 839
12 0 1361
12 1 1203
12 2 814
12 3 692
12 4 421
12 5 1252
12 6 968
12 7 1282
12 8 909
12 9 719
12 10 1226
12 11 778
12 12 0
12 13 1343
12 14 1018
12 15 862
12 16 1369
12 17 1295
12 18 810
12 19 957
12 20 1044
12 21 745
12 22 917
12 23 839
12 24 1334
12 25 1057
12 26 758
12 27 1109
12 28 1070
12 29 1160
12 30 1241
12 31 656
12 32 1497
12 33 1193
12 34 608
12 35 1449
12 36 1145
12 37 560
12 38 1401
12 39 1097
12 40 512
12 41 1353
12 42 1049
12 43 464
12 44 1305
12 45 1001
12 46 416
12 47 1257
12 48 953
12 49 368
12 50 1209
12 51 905
12 52 320
12 53 1161
12 54 857
12 55 272
12 56 1113
12 57 809
12 58 224
12 59 1065
12 60 761
12 61 176
12 62 1017
12 63 713
12 64 128
12 65 969
12 66 1361
13 0 222
13 1 1670
13 2 993
13 3 907
13 4 1178
13 5 1335
13 6 1723
13 7 317
13 8 1184
13 9 802
13 10 169
13 11 821
13 12 1343
13 13 0
13 14 377
13 15 945
13 16 26
13 17 1474
13 18 893
13 19 642
13 20 351
13 21 828
13 22 682
13 23 760
13 24 1513
13 25 338
13 26 637
13 27 1192
13 28 325
13 29 309
13 30 102
13 31 739
13 32 1580
13 33 150
13 34 787
13 35 1628
13 36 198
13 37 835
13 38 1676
13 39 246
13 40 883
13 41 1724
13 42 294
13 43 931
13 44 1772
13 45 342
13 46 979
13 47 1820
13 48 390
13 49 1027
13 50 1868
13 51 438
13 52 1075
13 53 1916
13 54 486
13 55 1123
13 56 1964
13 57 534
13 58 1171
13 59 2012
13 60 582
13 61 1219
13 62 2060
13 63 630
13 64 1267
13 65 2108
13 66 222
14 0 599
14 1 1293
14 2 616
14 3 686
14 4 1087
14 5 958
14 6 1346
14 7 694
14 8 807
14 9 425
14 10 208
14 11 964
14 12 1018
14 13 377
14 14 0
14 15 568
14 16 351
14 17 1097
14 18 516
14 19 759
14 20 26
14 21 451
14 22 1007
14 23 929
14 24 1136
14 25 39
14 26 260
14 27 815
14 28 52
14 29 686
14 30 479
14 31 362
14 32 1203
14 33 527
14 34 410
14 35 1251
14 36 575
14 37 458
14 38 1299
14 39 623
14 40 506
14 41 1347
14 42 671
14 43 554
14 44 1395
14 45 719
14 46 602
14 47 1443
14 48 767
14 49 650
14 50 1491
14 51 815
14 52 698
14 53 1539
14 54 863
14 55 746
14 56 1587
14 57 911
14 58 794
14 59 1635
14 60 959
14 61 842
14 62 1683
14 63 1007
14 64 890
14 65 1731
14 66 599
15 0 1167
15 1 929
15 2 460
15 3 530
15 4 931
15 5 390
15 6 1164
15 7 928
15 8 651
15 9 143
15 10 776
15 11 808
15 12 862
15 13 945
15 14 568
15 15 0
15 16 919
15 17 837
15 18 52
15 19 603
15 20 594
15 21 117
15 22 851
15 23 773
15 24 798
15 25 607
15 26 308
15 27 247
15 28 620
15 29 1128
15 30 1047
15 31 206
15 32 635
15 33 1095
15 34 254
15 35 683
15 36 1143
15 37 302
15 38 731
15 39 1191
15 40 350
15 41 779
15 42 1239
15 43 398
15 44 827
15 45 1287
15 46 446
15 47 875
15 48 1335
15 49 494
15 50 923
15 51 1383
15 52 542
15 53 971
15 54 1431
15 55 590
15 56 1019
15 57 1479
15 58 638
15 59 1067
15 60 1527
15 61 686
15 62 1115
15 63 1575
15 64 734
15 65 1163
15 66 1167
16 0 248
16 1 1644
16 2 967
16 3 933
16 4 1204
16 5 1309
16 6 1697
16 7 343
16 8 1158
16 9 776
16 10 143
16 11 847
16 12 1369
16 13 26
16 14 351
16 15 919
16 16 0
16 17 1448
16 18 867
16 19 668
16 20 325
16 21 802
16 22 708
16 23 786
16 24 1487
16 25 312
16 26 611
16 27 1166
16 28 299
16 29 335
16 30 128
16 31 713
16 32 1554
16 33 176
16 34 761
16 35 1602
16 36 224
16 37 809
16 38 1650
16 39 272
16 40 857
16 41 1698
16 42 320
16 43 905
16 44 1746
16 45 368
16 46 953
16 47 1794
16 48 416
16 49 1001
16 50 1842
16 51 464
16 52 1049
16 53 1890
16 54 512
16 55 1097
16 56 1938
16 57 560
16 58 1145
16 59 1986
16 60 608
16 61 1193
16 62 2034
16 63 656
16 64 1241
16 65 2082
16 66 248
17 0 1696
17 1 400
17 2 481
17 3 963
17 4 1364
17 5 447
17 6 635
17 7 1361
17 8 694
17 9 798
17 10 1305
17 11 1241
17 12 1295
17 13 1474
17 14 1097
17 15 837
17 16 1448
17 17 0
17 18 889
17 19 1036
17 20 1123
17 21 824
17 22 1284
17 23 1206
17 24 39
17 25 1136
17 26 837
17 27 590
17 28 1149
17 29 1561
17 30 1576
17 31 735
17 32 202
17 33 1528
17 34 687
17 35 154
17 36 1576
17 37 735
17 38 202
17 39 1624
17 40 783
17 41 250
17 42 1672
17 43 831
17 44 298
17 45 1720
17 46 879
17 47 346
17 48 1768
17 49 927
17 50 394
17 51 1816
17 52 975
17 53 442
17 54 1864
17 55 1023
17 56 490
17 57 1912
17 58 1071
17 59 538
17 60 1960
17 61 1119
17 62 586
17 63 2008
17 64 1167
17 65 634
17 66 1696
18 0 1115
18 1 981
18 2 408
18 3 478
18 4 879
18 5 442
18 6 1138
18 7 876
18 8 599
18 9 91
18 10 724
18 11 756
18 12 810
18 13 893
18 14 516
18 15 52
18 16 867
18 17 889
18 18 0
18 19 551
18 20 542
18 21 65
18 22 799
18 23 721
18 24 850
18 25 555
18 26 256
18 27 299
18 28 568
18 29 1076
18 30 995
18 31 154
18 32 687
18 33 1043
18 34 202
18 35 735
18 36 1091
18 37 250
18 38 783
18 39 1139
18 40 298
18 41 831
18 42 1187
18 43 346
18 44 879
18 45 1235
18 46 394
18 47 927
18 48 1283
18 49 442
18 50 975
18 51 1331
18 52 490
18 53 1023
18 54 1379
18 55 538
18 56 1071
18 57 1427
18 58 586
18 59 1119
18 60 1475
18 61 634
18 62 1167
18 63 1523
18 64 682
18 65 1215
18 66 1115
19 0 660
19 1 1232
19 2 555
19 3 625
19 4 1026
19 5 993
19 6 1285
19 7 325
19 8 746
19 9 460
19 10 811
19 11 903
19 12 957
19 13 642
19 14 759
19 15 603
19 16 668
19 17 1036
19 18 551
19 19 0
19 20 785
19 21 486
19 22 946
19 23 868
19 24 1075
19 25 798
19 26 499
19 27 850
19 28 811
19 29 651
19 30 540
19 31 397
19 32 1238
19 33 492
19 34 349
19 35 1190
19 36 540
19 37 397
19 38 1238
19 39 588
19 40 445
19 41 1286
19 42 636
19 43 493
19 44 1334
19 45 684
19 46 541
19 47 1382
19 48 732
19 49 589
19 50 1430
19 51 780
19 52 637
19 53 1478
19 54 828
19 55 685
19 56 1526
19 57 876
19 58 733
19 59 1574
19 60 924
19 61 781
19 62 1622
19 63 972
19 64 829
19 65 1670
19 66 660
20 0 573
20 1 1319
20 2 642
20 3 712
20 4 1113
20 5 984
20 6 1372
20 7 668
20 8 833
20 9 451
20 10 182
20 11 990
20 12 1044
20 13 351
20 14 26
20 15 594
20 16 325
20 17 1123
20 18 542
20 19 785
20 20 0
20 21 477
20 22 1033
20 23 955
20 24 1162
20 25 13
20 26 286
20 27 841
20 28 26
20 29 660
20 30 453
20 31 388
20 32 1229
20 33 501
20 34 436
20 35 1277
20 36 549
20 37 484
20 38 1325
20 39 597
20 40 532
20 41 1373
20 42 645
20 43 580
20 44 1421
20 45 693
20 46 628
20 47 1469
20 48 741
20 49 676
20 50 1517
20 51 789
20 52 724
20 53 1565
20 54 837
20 55 772
20 56 1613
20 57 885
20 58 820
20 59 1661
20 60 933
20 61 868
20 62 1709
20 63 981
20 64 916
20 65 1757
20 66 573
21 0 1050
21 1 1020
21 2 343
21 3 413
21 4 814
21 5 507
21 6 1073
21 7 811
21 8 534
21 9 26
21 10 659
21 11 691
21 12 745
21 13 828
21 14 451
21 15 117
21 16 802
21 17 824
21 18 65
21 19 486
21 20 477
21 21 0
21 22 734
21 23 656
21 24 863
21 25 490
21 26 191
21 27 364
21 28 503
21 29 1011
21 30 930
21 31 89
21 32 752
21 33 978
21 34 137
21 35 800
21 36 1026
21 37 185
21 38 848
21 39 1074
21 40 233
21 41 896
21 42 1122
21 43 281
21 44 944
21 45 1170
21 46 329
21 47 992
21 48 1218
21 49 377
21 50 1040
21 51 1266
21 52 425
21 53 1088
21 54 1314
21 55 473
21 56 1136
21 57 1362
21 58 521
21 59 1184
21 60 1410
21 61 569
21 62 1232
21 63 1458
21 64 617
21 65 1280
21 66 1050
22 0 700
22 1 1192
22 2 803
22 3 681
22 4 986
22 5 1241
22 6 1245
22 7 699
22 8 898
22 9 708
22 10 851
22 11 863
22 12 917
22 13 682
22 14 1007
22 15 851
22 16 708
22 17 1284
22 18 799
22 19 946
22 20 1033
22 21 734
22 22 0
22 23 78
22 24 1323
22 25 1020
22 26 747
22 27 1098
22 28 1007
22 29 499
22 30 580
22 31 645
22 32 1486
22 33 532
22 34 597
22 35 1438
22 36 484
22 37 549
22 38 1390
22 39 436
22 40 501
22 41 1342
22 42 388
22 43 453
22 44 1294
22 45 436
22 46 501
22 47 1342
22 48 484
22 49 549
22 50 1390
22 51 532
22 52 597
22 53 1438
22 54 580
22 55 645
22 56 1486
22 57 628
22 58 693
22 59 1534
22 60 676
22 61 741
22 62 1582
22 63 724
22 64 789
22 65 1630
22 66 700
23 0 778
23 1 1114
23 2 725
23 3 603
23 4 908
23 5 1163
23 6 1167
23 7 777
23 8 820
23 9 630
23 10 929
23 11 785
23 12 839
23 13 760
23 14 929
23 15 773
23 16 786
23 17 1206
23 18 721
23 19 868
23 20 955
23 21 656
23 22 78
23 23 0
23 24 1245
23 25 968
23 26 669
23 27 1020
23 28 981
23 29 577
23 30 658
23 31 567
23 32 1408
23 33 610
23 34 519
23 35 1360
23 36 562
23 37 471
23 38 1312
23 39 514
23 40 423
23 41 1264
23 42 466
23 43 375
23 44 1216
23 45 514
23 46 423
23 47 1264
23 48 562
23 49 471
23 50 1312
23 51 610
23 52 519
23 53 1360
23 54 658
23 55 567
23 56 1408
23 57 706
23 58 615
23 59 1456
23 60 754
23 61 663
23 62 1504
23 63 802
23 64 711
23 65 1552
23 66 778
24 0 1735
24 1 361
24 2 520
24 3 1002
24 4 1403
24 5 408
24 6 596
24 7 1400
24 8 655
24 9 837
24 10 1344
24 11 1280
24 12 1334
24 13 1513
24 14 1136
24 15 798
24 16 1487
24 17 39
24 18 850
24 19 1075
24 20 1162
24 21 863
24 22 1323
24 23 1245
24 24 0
24 25 1175
24 26 876
24 27 551
24 28 1188
24 29 1600
24 30 1615
24 31 774
24 32 163
24 33 1567
24 34 726
24 35 115
24 36 1615
24 37 774
24 38 163
24 39 1663
24 40 822
24 41 211
24 42 1711
24 43 870
24 44 259
24 45 1759
24 46 918
24 47 307
24 48 1807
24 49 966
24 50 355
24 51 1855
24 52 1014
24 53 403
24 54 1903
24 55 1062
24 56 451
24 57 1951
24 58 1110
24 59 499
24 60 1999
24 61 1158
24 62 547
24 63 2047
24 64 1206
24 65 595
24 66 1735
25 0 560
25 1 1332
25 2 655
25 3 725
25 4 1126
25 5 997
25 6 1385
25 7 655
25 8 846
25 9 464
25 10 169
25 11 1003
25 12 1057
25 13 338
25 14 39
25 15 607
25 16 312
25 17 1136
25 18 555
25 19 798
25 20 13
25 21 490
25 22 1020
25 23 968
25 24 1175
25 25 0
25 26 299
25 27 854
25 28 13
25 29 647
25 30 440
25 31 401
25 32 1242
25 33 488
25 34 449
25 35 1290
25 36 536
25 37 497
25 38 1338
25 39 584
25 40 545
25 41 1386
25 42 632
25 43 593
25 44 1434
25 45 680
25 46 641
25 47 1482
25 48 728
25 49 689
25 50 1530
25 51 776
25 52 737
25 53 1578
25 54 824
25 55 785
25 56 1626
25 57 872
25 58 833
25 59 1674
25 60 920
25 61 881
25 62 1722
25 63 968
25 64 929
25 65 1770
25 66 560
26 0 859
26 1 1033
26 2 356
26 3 426
26 4 827
26 5 698
26 6 1086
26 7 824
26 8 547
26 9 165
26 10 468
26 11 704
26 12 758
26 13 637
26 14 260
26 15 308
26 16 611
26 17 837
26 18 256
26 19 499
26 20 286
26 21 191
26 22 747
26 23 669
26 24 876
26 25 299
26 26 0
26 27 555
26 28 312
26 29 946
26 30 739
26 31 102
26 32 943
26 33 787
26 34 150
26 35 991
26 36 835
26 37 198
26 38 1039
26 39 883
26 40 246
26 41 1087
26 42 931
26 43 294
26 44 1135
26 45 979
26 46 342
26 47 1183
26 48 1027
26 49 390
26 50 1231
26 51 1075
26 52 438
26 53 1279
26 54 1123
26 55 486
26 56 1327
26 57 1171
26 58 534
26 59 1375
26 60 1219
26 61 582
26 62 1423
26 63 1267
26 64 630
26 65 1471
26 66 859
27 0 1414
27 1 682
27 2 707
27 3 777
27 4 1178
27 5 143
27 6 917
27 7 1175
27 8 898
27 9 390
27 10 1023
27 11 1055
27 12 1109
27 13 1192
27 14 815
27 15 247
27 16 1166
27 17 590
27 18 299
27 19 850
27 20 841
27 21 364
27 22 1098
27 23 1020
27 24 551
27 25 854
27 26 555
27 27 0
27 28 867
27 29 1375
27 30 1294
27 31 453
27 32 388
27 33 1342
27 34 501
27 35 436
27 36 1390
27 37 549
27 38 484
27 39 1438
27 40 597
27 41 532
27 42 1486
27 43 645
27 44 580
27 45 1534
27 46 693
27 47 628
27 48 1582
27 49 741
27 50 676
27 51 1630
27 52 789
27 53 724
27 54 1678
27 55 837
27 56 772
27 57 1726
27 58 885
27 59 820
27 60 1774
27 61 933
27 62 868
27 63 1822
27 64 981
27 65 916
27 66 1414
28 0 547
28 1 1345
28 2 668
28 3 738
28 4 1139
28 5 1010
28 6 1398
28 7 642
28 8 859
28 9 477
28 10 156
28 11 1016
28 12 1070
28 13 325
28 14 52
28 15 620
28 16 299
28 17 1149
28 18 568
28 19 811
28 20 26
28 21 503
28 22 1007
28 23 981
28 24 1188
28 25 13
28 26 312
28 27 867
28 28 0
28 29 634
28 30 427
28 31 414
28 32 1255
28 33 475
28 34 462
28 35 1303
28 36 523
28 37 510
28 38 1351
28 39 571
28 40 558
28 41 1399
28 42 619
28 43 606
28 44 1447
28 45 667
28 46 654
28 47 1495
28 48 715
28 49 702
28 50 1543
28 51 763
28 52 750
28 53 1591
28 54 811
28 55 798
28 56 1639
28 57 859
28 58 846
28 59 1687
28 60 907
28 61 894
28 62 1735
28 63 955
28 64 942
28 65 1783
28 66 547
29 0 327
29 1 1565
29 2 1080
29 3 598
29 4 995
29 5 1518
29 6 1618
29 7 326
29 8 1175
29 9 985
29 10 478
29 11 638
29 12 1160
29 13 309
29 14 686
29 15 1128
29 16 335
29 17 1561
29 18 1076
29 19 651
29 20 660
29 21 1011
29 22 499
29 23 577
29 24 1600
29 25 647
29 26 946
29 27 1375
29 28 634
29 29 0
29 30 207
29 31 922
29 32 1763
29 33 159
29 34 874
29 35 1715
29 36 111
29 37 826
29 38 1667
29 39 63
29 40 778
29 41 1619
29 42 111
29 43 826
29 44 1667
29 45 159
29 46 874
29 47 1715
29 48 207
29 49 922
29 50 1763
29 51 255
29 52 970
29 53 1811
29 54 303
29 55 1018
29 56 1859
29 57 351
29 58 1066
29 59 1907
29 60 399
29 61 1114
29 62 1955
29 63 447
29 64 1162
29 65 2003
29 66 327
30 0 120
30 1 1772
30 2 1095
30 3 805
30 4 1076
30 5 1437
30 6 1825
30 7 215
30 8 1286
30 9 904
30 10 271
30 11 719
30 12 1241
30 13 102
30 14 479
30 15 1047
30 16 128
30 17 1576
30 18 995
30 19 540
30 20 453
30 21 930
30 22 580
30 23 658
30 24 1615
30 25 440
30 26 739
30 27 1294
30 28 427
30 29 207
30 30 0
30 31 841
30 32 1682
30 33 48
30 34 889
30 35 1730
30 36 96
30 37 937
30 38 1778
30 39 144
30 40 985
30 41 1826
30 42 192
30 43 1033
30 44 1874
30 45 240
30 46 1081
30 47 1922
30 48 288
30 49 1129
30 50 1970
30 51 336
30 52 1177
30 53 2018
30 54 384
30 55 1225
30 56 2066
30 57 432
30 58 1273
30 59 2114
30 60 480
30 61 1321
30 62 2162
30 63 528
30 64 1369
30 65 2210
30 66 120
31 0 961
31 1 931
31 2 254
31 3 324
31 4 725
31 5 596
31 6 984
31 7 722
31 8 445
31 9 63
31 10 570
31 11 602
31 12 656
31 13 739
31 14 362
31 15 206
31 16 713
31 17 735
31 18 154
31 19 397
31 20 388
31 21 89
31 22 645
31 23 567
31 24 774
31 25 401
31 26 102
31 27 453
31 28 414
31 29 922
31 30 841
31 31 0
31 32 841
31 33 889
31 34 48
31 35 889
31 36 937
31 37 96
31 38 937
31 39 985
31 40 144
31 41 985
31 42 1033
31 43 192
31 44 1033
31 45 1081
31 46 240
31 47 1081
31 48 1129
31 49 288
31 50 1129
31 51 1177
31 52 336
31 53 1177
31 54 1225
31 55 384
31 56 1225
31 57 1273
31 58 432
31 59 1273
31 60 1321
31 61 480
31 62 1321
31 63 1369
31 64 528
31 65 1369
31 66 961
32 0 1802
32 1 294
32 2 683
32 3 1165
32 4 1566
32 5 245
32 6 529
32 7 1563
32 8 588
32 9 778
32 10 1411
32 11 1443
32 12 1497
32 13 1580
32 14 1203
32 15 635
32 16 1554
32 17 202
32 18 687
32 19 1238
32 20 1229
32 21 752
32 22 1486
32 23 1408
32 24 163
32 25 1242
32 26 943
32 27 388
32 28 1255
32 29 1763
32 30 1682
32 31 841
32 32 0
32 33 1730
32 34 889
32 35 48
32 36 1778
32 37 937
32 38 96
32 39 1826
32 40 985
32 41 144
32 42 1874
32 43 1033
32 44 192
32 45 1922
32 46 1081
32 47 240
32 48 1970
32 49 1129
32 50 288
32 51 2018
32 52 1177
32 53 336
32 54 2066
32 55 1225
32 56 384
32 57 2114
32 58 1273
32 59 432
32 60 2162
32 61 1321
32 62 480
32 63 2210
32 64 1369
32 65 528
32 66 1802
33 0 168
33 1 1724
33 2 1047
33 3 757
33 4 1028
33 5 1485
33 6 1777
33 7 167
33 8 1238
33 9 952
33 10 319
33 11 671
33 12 1193
33 13 150
33 14 527
33 15 1095
33 16 176
33 17 1528
33 18 1043
33 19 492
33 20 501
33 21 978
33 22 532
33 23 610
33 24 1567
33 25 488
33 26 787
33 27 1342
33 28 475
33 29 159
33 30 48
33 31 889
33 32 1730
33 33 0
33 34 841
33 35 1682
33 36 48
33 37 889
33 38 1730
33 39 96
33 40 937
33 41 1778
33 42 144
33 43 985
33 44 1826
33 45 192
33 46 1033
33 47 1874
33 48 240
33 49 1081
33 50 1922
33 51 288
33 52 1129
33 53 1970
33 54 336
33 55 1177
33 56 2018
33 57 384
33 58 1225
33 59 2066
33 60 432
33 61 1273
33 62 2114
33 63 480
33 64 1321
33 65 2162
33 66 168
34 0 1009
34 1 883
34 2 206
34 3 276
34 4 677
34 5 644
34 6 936
34 7 674
34 8 397
34 9 111
34 10 618
34 11 554
34 12 608
34 13 787
34 14 410
34 15 254
34 16 761
34 17 687
34 18 202
34 19 349
34 20 436
34 21 137
34 22 597
34 23 519
34 24 726
34 25 449
34 26 150
34 27 501
34 28 462
34 29 874
34 30 889
34 31 48
34 32 889
34 33 841
34 34 0
34 35 841
34 36 889
34 37 48
34 38 889
34 39 937
34 40 96
34 41 937
34 42 985
34 43 144
34 44 985
34 45 1033
34 46 192
34 47 1033
34 48 1081
34 49 240
34 50 1081
34 51 1129
34 52 288
34 53 1129
34 54 1177
34 55 336
34 56 1177
34 57 1225
34 58 384
34 59 1225
34 60 1273
34 61 432
34 62 1273
34 63 1321
34 64 480
34 65 1321
34 66 1009
35 0 1850
35 1 246
35 2 635
35 3 1117
35 4 1518
35 5 293
35 6 481
35 7 1515
35 8 540
35 9 826
35 10 1459
35 11 1395
35 12 1449
35 13 1628
35 14 1251
35 15 683
35 16 1602
35 17 154
35 18 735
35 19 1190
35 20 1277
35 21 800
35 22 1438
35 23 1360
35 24 115
35 25 1290
35 26 991
35 27 436
35 28 1303
35 29 1715
35 30 1730
35 31 889
35 32 48
35 33 1682
35 34 841
35 35 0
35 36 1730
35 37 889
35 38 48
35 39 1778
35 40 937
35 41 96
35 42 1826
35 43 985
35 44 144
35 45 1874
35 46 1033
35 47 192
35 48 1922
35 49 1081
35 50 240
35 51 1970
35 52 1129
35 53 288
35 54 2018
35 55 1177
35 56 336
35 57 2066
35 58 1225
35 59 384
35 60 2114
35 61 1273
35 62 432
35 63 2162
35 64 1321
35 65 480
35 66 1850
36 0 216
36 1 1676
36 2 1095
36 3 709
36 4 980
36 5 1533
36 6 1729
36 7 215
36 8 1190
36 9 1000
36 10 367
36 11 623
36 12 1145
36 13 198
36 14 575
36 15 1143
36 16 224
36 17 1576
36 18 1091
36 19 540
36 20 549
36 21 1026
36 22 484
36 23 562
36 24 1615
36 25 536
36 26 835
36 27 1390
36 28 523
36 29 111
36 30 96
36 31 937
36 32 1778
36 33 48
36 34 889
36 35 1730
36 36 0
36 37 841
36 38 1682
36 39 48
36 40 889
36 41 1730
36 42 96
36 43 937
36 44 1778
36 45 144
36 46 985
36 47 1826
36 48 192
36 49 1033
36 50 1874
36 51 240
36 52 1081
36 53 1922
36 54 288
36 55 1129
36 56 1970
36 57 336
36 58 1177
36 59 2018
36 60 384
36 61 1225
36 62 2066
36 63 432
36 64 1273
36 65 2114
36 66 216
37 0 1057
37 1 835
37 2 254
37 3 228
37 4 629
37 5 692
37 6 888
37 7 722
37 8 349
37 9 159
37 10 666
37 11 506
37 12 560
37 13 835
37 14 458
37 15 302
37 16 809
37 17 735
37 18 250
37 19 397
37 20 484
37 21 185
37 22 549
37 23 471
37 24 774
37 25 497
37 26 198
37 27 549
37 28 510
37 29 826
37 30 937
37 31 96
37 32 937
37 33 889
37 34 48
37 35 889
37 36 841
37 37 0
37 38 841
37 39 889
37 40 48
37 41 889
37 42 937
37 43 96
37 44 937
37 45 985
37 46 144
37 47 985
37 48 1033
37 49 192
37 50 1033
37 51 1081
37 52 240
37 53 1081
37 54 1129
37 55 288
37 56 1129
37 57 1177
37 58 336
37 59 1177
37 60 1225
37 61 384
37 62 1225
37 63 1273
37 64 432
37 65 1273
37 66 1057
38 0 1898
38 1 198
38 2 683
38 3 1069
38 4 1470
38 5 341
38 6 433
38 7 1563
38 8 492
38 9 874
38 10 1507
38 11 1347
38 12 1401
38 13 1676
38 14 1299
38 15 731
38 16 1650
38 17 202
38 18 783
38 19 1238
38 20 1325
38 21 848
38 22 1390
38 23 1312
38 24 163
38 25 1338
38 26 1039
38 27 484
38 28 1351
38 29 1667
38 30 1778
38 31 937
38 32 96
38 33 1730
38 34 889
38 35 48
38 36 1682
38 37 841
38 38 0
38 39 1730
38 40 889
38 41 48
38 42 1778
38 43 937
38 44 96
38 45 1826
38 46 985
38 47 144
38 48 1874
38 49 1033
38 50 192
38 51 1922
38 52 1081
38 53 240
38 54 1970
38 55 1129
38 56 288
38 57 2018
38 58 1177
38 59 336
38 60 2066
38 61 1225
38 62 384
38 63 2114
38 64 1273
38 65 432
38 66 1898
39 0 264
39 1 1628
39 2 1143
39 3 661
39 4 932
39 5 1581
39 6 1681
39 7 263
39 8 1238
39 9 1048
39 10 415
39 11 575
39 12 1097
39 13 246
39 14 623
39 15 1191
39 16 272
39 17 1624
39 18 1139
39 19 588
39 20 597
39 21 1074
39 22 436
39 23 514
39 24 1663
39 25 584
39 26 883
39 27 1438
39 28 571
39 29 63
39 30 144
39 31 985
39 32 1826
39 33 96
39 34 937
39 35 1778
39 36 48
39 37 889
39 38 1730
39 39 0
39 40 841
39 41 1682
39 42 48
39 43 889
39 44 1730
39 45 96
39 46 937
39 47 1778
39 48 144
39 49 985
39 50 1826
39 51 192
39 52 1033
39 53 1874
39 54 240
39 55 1081
39 56 1922
39 57 288
39 58 1129
39 59 1970
39 60 336
39 61 1177
39 62 2018
39 63 384
39 64 1225
39 65 2066
39 66 264
40 0 1105
40 1 787
40 2 302
40 3 180
40 4 581
40 5 740
40 6 840
40 7 770
40 8 397
40 9 207
40 10 714
40 11 458
40 12 512
40 13 883
40 14 506
40 15 350
40 16 857
40 17 783
40 18 298
40 19 445
40 20 532
40 21 233
40 22 501
40 23 423
40 24 822
40 25 545
40 26 246
40 27 597
40 28 558
40 29 778
40 30 985
40 31 144
40 32 985
40 33 937
40 34 96
40 35 937
40 36 889
40 37 48
40 38 889
40 39 841
40 40 0
40 41 841
40 42 889
40 43 48
40 44 889
40 45 937
40 46 96
40 47 937
40 48 985
40 49 144
40 50 985
40 51 1033
40 52 192
40 53 1033
40 54 1081
40 55 240
40 56 1081
40 57 1129
40 58 288
40 59 1129
40 60 1177
40 61 336
40 62 1177
40 63 1225
40 64 384
40 65 1225
40 66 1105
41 0 1946
41 1 150
41 2 731
41 3 1021
41 4 1422
41 5 389
41 6 385
41 7 1611
41 8 540
41 9 922
41 10 1555
41 11 1299
41 12 1353
41 13 1724
41 14 1347
41 15 779
41 16 1698
41 17 250
41 18 831
41 19 1286
41 20 1373
41 21 896
41 22 1342
41 23 1264
41 24 211
41 25 1386
41 26 1087
41 27 532
41 28 1399
41 29 1619
41 30 1826
41 31 985
41 32 144
41 33 1778
41 34 937
41 35 96
41 36 1730
41 37 889
41 38 48
41 39 1682
41 40 841
41 41 0
41 42 1730
41 43 889
41 44 48
41 45 1778
41 46 937
41 47 96
41 48 1826
41 49 985
41 50 144
41 51 1874
41 52 1033
41 53 192
41 54 1922
41 55 1081
41 56 240
41 57 1970
41 58 1129
41 59 288
41 60 2018
41 61 1177
41 62 336
41 63 2066
41 64 1225
41 65 384
41 66 1946
42 0 312
42 1 1580
42 2 1191
42 3 709
42 4 884
42 5 1629
42 6 1633
42 7 311
42 8 1286
42 9 1096
42 10 463
42 11 527
42 12 1049
42 13 294
42 14 671
42 15 1239
42 16 320
42 17 1672
42 18 1187
42 19 636
42 20 645
42 21 1122
42 22 388
42 23 466
42 24 1711
42 25 632
42 26 931
42 27 1486
42 28 619
42 29 111
42 30 192
42 31 1033
42 32 1874
42 33 144
42 34 985
42 35 1826
42 36 96
42 37 937
42 38 1778
42 39 48
42 40 889
42 41 1730
42 42 0
42 43 841
42 44 1682
42 45 48
42 46 889
42 47 1730
42 48 96
42 49 937
42 50 1778
42 51 144
42 52 985
42 53 1826
42 54 192
42 55 1033
42 56 1874
42 57 240
42 58 1081
42 59 1922
42 60 288
42 61 1129
42 62 1970
42 63 336
42 64 1177
42 65 2018
42 66 312
43 0 1153
43 1 739
43 2 350
43 3 228
43 4 533
43 5 788
43 6 792
43 7 818
43 8 445
43 9 255
43 10 762
43 11 410
43 12 464
43 13 931
43 14 554
43 15 398
43 16 905
43 17 831
43 18 346
43 19 493
43 20 580
43 21 281
43 22 453
43 23 375
43 24 870
43 25 593
43 26 294
43 27 645
43 28 606
43 29 826
43 30 1033
43 31 192
43 32 1033
43 33 985
43 34 144
43 35 985
43 36 937
43 37 96
43 38 937
43 39 889
43 40 48
43 41 889
43 42 841
43 43 0
43 44 841
43 45 889
43 46 48
43 47 889
43 48 937
43 49 96
43 50 937
43 51 985
43 52 144
43 53 985
43 54 1033
43 55 192
43 56 1033
43 57 1081
43 58 240
43 59 1081
43 60 1129
43 61 288
43 62 1129
43 63 1177
43 64 336
43 65 1177
43 66 1153
44 0 1994
44 1 102
44 2 779
44 3 1069
44 4 1374
44 5 437
44 6 337
44 7 1659
44 8 588
44 9 970
44 10 1603
44 11 1251
44 12 1305
44 13 1772
44 14 1395
44 15 827
44 16 1746
44 17 298
44 18 879
44 19 1334
44 20 1421
44 21 944
44 22 1294
44 23 1216
44 24 259
44 25 1434
44 26 1135
44 27 580
44 28 1447
44 29 1667
44 30 1874
44 31 1033
44 32 192
44 33 1826
44 34 985
44 35 144
44 36 1778
44 37 937
44 38 96
44 39 1730
44 40 889
44 41 48
44 42 1682
44 43 841
44 44 0
44 45 1730
44 46 889
44 47 48
44 48 1778
44 49 937
44 50 96
44 51 1826
44 52 985
44 53 144
44 54 1874
44 55 1033
44 56 192
44 57 1922
44 58 1081
44 59 240
44 60 1970
44 61 1129
44 62 288
44 63 2018
44 64 1177
44 65 336
44 66 1994
45 0 360
45 1 1628
45 2 1239
45 3 757
45 4 836
45 5 1677
45 6 1585
45 7 359
45 8 1334
45 9 1144
45 10 511
45 11 479
45 12 1001
45 13 342
45 14 719
45 15 1287
45 16 368
45 17 1720
45 18 1235
45 19 684
45 20 693
45 21 1170
45 22 436
45 23 514
45 24 1759
45 25 680
45 26 979
45 27 1534
45 28 667
45 29 159
45 30 240
45 31 1081
45 32 1922
45 33 192
45 34 1033
45 35 1874
45 36 144
45 37 985
45 38 1826
45 39 96
45 40 937
45 41 1778
45 42 48
45 43 889
45 44 1730
45 45 0
45 46 841
45 47 1682
45 48 48
45 49 889
45 50 1730
45 51 96
45 52 937
45 53 1778
45 54 144
45 55 985
45 56 1826
45 57 192
45 58 1033
45 59 1874
45 60 240
45 61 1081
45 62 1922
45 63 288
45 64 1129
45 65 1970
45 66 360
46 0 1201
46 1 787
46 2 398
46 3 276
46 4 485
46 5 836
46 6 744
46 7 866
46 8 493
46 9 303
46 10 810
46 11 362
46 12 416
46 13 979
46 14 602
46 15 446
46 16 953
46 17 879
46 18 394
46 19 541
46 20 628
46 21 329
46 22 501
46 23 423
46 24 918
46 25 641
46 26 342
46 27 693
46 28 654
46 29 874
46 30 1081
46 31 240
46 32 1081
46 33 1033
46 34 192
46 35 1033
46 36 985
46 37 144
46 38 985
46 39 937
46 40 96
46 41 937
46 42 889
46 43 48
46 44 889
46 45 841
46 46 0
46 47 841
46 48 889
46 49 48
46 50 889
46 51 937
46 52 96
46 53 937
46 54 985
46 55 144
46 56 985
46 57 1033
46 58 192
46 59 1033
46 60 1081
46 61 240
46 62 1081
46 63 1129
46 64 288
46 65 1129
46 66 1201
47 0 2042
47 1 150
47 2 827
47 3 1117
47 4 1326
47 5 485
47 6 289
47 7 1707
47 8 636
47 9 1018
47 10 1651
47 11 1203
47 12 1257
47 13 1820
47 14 1443
47 15 875
47 16 1794
47 17 346
47 18 927
47 19 1382
47 20 1469
47 21 992
47 22 1342
47 23 1264
47 24 307
47 25 1482
47 26 1183
47 27 628
47 28 1495
47 29 1715
47 30 1922
47 31 1081
47 32 240
47 33 1874
47 34 1033
47 35 192
47 36 1826
47 37 985
47 38 144
47 39 1778
47 40 937
47 41 96
47 42 1730
47 43 889
47 44 48
47 45 1682
47 46 841
47 47 0
47 48 1730
47 49 889
47 50 48
47 51 1778
47 52 937
47 53 96
47 54 1826
47 55 985
47 56 144
47 57 1874
47 58 1033
47 59 192
47 60 1922
47 61 1081
47 62 240
47 63 1970
47 64 1129
47 65 288
47 66 2042
48 0 408
48 1 1676
48 2 1287
48 3 805
48 4 788
48 5 1725
48 6 1537
48 7 407
48 8 1382
48 9 1192
48 10 559
48 11 527
48 12 953
48 13 390
48 14 767
48 15 1335
48 16 416
48 17 1768
48 18 1283
48 19 732
48 20 741
48 21 1218
48 22 484
48 23 562
48 24 1807
48 25 728
48 26 1027
48 27 1582
48 28 715
48 29 207
48 30 288
48 31 1129
48 32 1970
48 33 240
48 34 1081
48 35 1922
48 36 192
48 37 1033
48 38 1874
48 39 144
48 40 985
48 41 1826
48 42 96
48 43 937
48 44 1778
48 45 48
48 46 889
48 47 1730
48 48 0
48 49 841
48 50 1682
48 51 48
48 52 889
48 53 1730
48 54 96
48 55 937
48 56 1778
48 57 144
48 58 985
48 59 1826
48 60 192
48 61 1033
48 62 1874
48 63 240
48 64 1081
48 65 1922
48 66 408
49 0 1249
49 1 835
49 2 446
49 3 324
49 4 437
49 5 884
49 6 696
49 7 914
49 8 541
49 9 351
49 10 858
49 11 410
49 12 368
49 13 1027
49 14 650
49 15 494
49 16 1001
49 17 927
49 18 442
49 19 589
49 20 676
49 21 377
49 22 549
49 23 471
49 24 966
49 25 689
49 26 390
49 27 741
49 28 702
49 29 922
49 30 1129
49 31 288
49 32 1129
49 33 1081
49 34 240
49 35 1081
49 36 1033
49 37 192
49 38 1033
49 39 985
49 40 144
49 41 985
49 42 937
49 43 96
49 44 937
49 45 889
49 46 48
49 47 889
49 48 841
49 49 0
49 50 841
49 51 889
49 52 48
49 53 889
49 54 937
49 55 96
49 56 937
49 57 985
49 58 144
49 59 985
49 60 1033
49 61 192
49 62 1033
49 63 1081
49 64 240
49 65 1081
49 66 1249
50 0 2090
50 1 198
50 2 875
50 3 1165
50 4 1278
50 5 533
50 6 241
50 7 1755
50 8 684
50 9 1066
50 10 1699
50 11 1251
50 12 1209
50 13 1868
50 14 1491
50 15 923
50 16 1842
50 17 394
50 18 975
50 19 1430
50 20 1517
50 21 1040
50 22 1390
50 23 1312
50 24 355
50 25 1530
50 26 1231
50 27 676
50 28 1543
50 29 1763
50 30 1970
50 31 1129
50 32 288
50 33 1922
50 34 1081
50 35 240
50 36 1874
50 37 1033
50 38 192
50 39 1826
50 40 985
50 41 144
50 42 1778
50 43 937
50 44 96
50 45 1730
50 46 889
50 47 48
50 48 1682
50 49 841
50 50 0
50 51 1730
50 52 889
50 53 48
50 54 1778
50 55 937
50 56 96
50 57 1826
50 58 985
50 59 144
50 60 1874
50 61 1033
50 62 192
50 63 1922
50 64 1081
50 65 240
50 66 2090
51 0 456
51 1 1724
51 2 1335
51 3 853
51 4 740
51 5 1773
51 6 1489
51 7 455
51 8 1430
51 9 1240
51 10 607
51 11 575
51 12 905
51 13 438
51 14 815
51 15 1383
51 16 464
51 17 1816
51 18 1331
51 19 780
51 20 789
51 21 1266
51 22 532
51 23 610
51 24 1855
51 25 776
51 26 1075
51 27 1630
51 28 763
51 29 255
51 30 336
51 31 1177
51 32 2018
51 33 288
51 34 1129
51 35 1970
51 36 240
51 37 1081
51 38 1922
51 39 192
51 40 1033
51 41 1874
51 42 144
51 43 985
51 44 1826
51 45 96
51 46 937
51 47 1778
51 48 48
51 49 889
51 50 1730
51 51 0
51 52 841
51 53 1682
51 54 48
51 55 889
51 56 1730
51 57 96
51 58 937
51 59 1778
51 60 144
51 61 985
51 62 1826
51 63 192
51 64 1033
51 65 1874
51 66 456
52 0 1297
52 1 883
52 2 494
52 3 372
52 4 389
52 5 932
52 6 648
52 7 962
52 8 589
52 9 399
52 10 906
52 11 458
52 12 320
52 13 1075
52 14 698
52 15 542
52 16 1049
52 17 975
52 18 490
52 19 637
52 20 724
52 21 425
52 22 597
52 23 519
52 24 1014
52 25 737
52 26 438
52 27 789
52 28 750
52 29 970
52 30 1177
52 31 336
52 32 1177
52 33 1129
52 34 288
52 35 1129
52 36 1081
52 37 240
52 38 1081
52 39 1033
52 40 192
52 41 1033
52 42 985
52 43 144
52 44 985
52 45 937
52 46 96
52 47 937
52 48 889
52 49 48
52 50 889
52 51 841
52 52 0
52 53 841
52 54 889
52 55 48
52 56 889
52 57 937
52 58 96
52 59 937
52 60 985
52 61 144
52 62 985
52 63 1033
52 64 192
52 65 1033
52 66 1297
53 0 2138
53 1 246
53 2 923
53 3 1213
53 4 1230
53 5 581
53 6 193
53 7 1803
53 8 732
53 9 1114
53 10 1747
53 11 1299
53 12 1161
53 13 1916
53 14 1539
53 15 971
53 16 1890
53 17 442
53 18 1023
53 19 1478
53 20 1565
53 21 1088
53 22 1438
53 23 1360
53 24 403
53 25 1578
53 26 1279
53 27 724
53 28 1591
53 29 1811
53 30 2018
53 31 1177
53 32 336
53 33 1970
53 34 1129
53 35 288
53 36 1922
53 37 1081
53 38 240
53 39 1874
53 40 1033
53 41 192
53 42 1826
53 43 985
53 44 144
53 45 1778
53 46 937
53 47 96
53 48 1730
53 49 889
53 50 48
53 51 1682
53 52 841
53 53 0
53 54 1730
53 55 889
53 56 48
53 57 1778
53 58 937
53 59 96
53 60 1826
53 61 985
53 62 144
53 63 1874
53 64 1033
53 65 192
53 66 2138
54 0 504
54 1 1772
54 2 1383
54 3 901
54 4 692
54 5 1821
54 6 1537
54 7 503
54 8 1478
54 9 1288
54 10 655
54 11 623
54 12 857
54 13 486
54 14 863
54 15 1431
54 16 512
54 17 1864
54 18 1379
54 19 828
54 20 837
54 21 1314
54 22 580
54 23 658
54 24 1903
54 25 824
54 26 1123
54 27 1678
54 28 811
54 29 303
54 30 384
54 31 1225
54 32 2066
54 33 336
54 34 1177
54 35 2018
54 36 288
54 37 1129
54 38 1970
54 39 240
54 40 1081
54 41 1922
54 42 192
54 43 1033
54 44 1874
54 45 144
54 46 985
54 47 1826
54 48 96
54 49 937
54 50 1778
54 51 48
54 52 889
54 53 1730
54 54 0
54 55 841
54 56 1682
54 57 48
54 58 889
54 59 1730
54 60 96
54 61 937
54 62 1778
54 63 144
54 64 985
54 65 1826
54 66 504
55 0 1345
55 1 931
55 2 542
55 3 420
55 4 341
55 5 980
55 6 696
55 7 1010
55 8 637
55 9 447
55 10 954
55 11 506
55 12 272
55 13 1123
55 14 746
55 15 590
55 16 1097
55 17 1023
55 18 538
55 19 685
55 20 772
55 21 473
55 22 645
55 23 567
55 24 1062
55 25 785
55 26 486
55 27 837
55 28 798
55 29 1018
55 30 1225
55 31 384
55 32 1225
55 33 1177
55 34 336
55 35 1177
55 36 1129
55 37 288
55 38 1129
55 39 1081
55 40 240
55 41 1081
55 42 1033
55 43 192
55 44 1033
55 45 985
55 46 144
55 47 985
55 48 937
55 49 96
55 50 937
55 51 889
55 52 48
