//alpha
1
//NbLocations
44
//NbProducts
25
//NbPickers
2
//CapaPicker
8
//TimeToTravelOneDistanceUnit
3
//SetupTime
5400
//PickTime
300
//Products
//Idx Location Size
1 1 1
2 2 1
3 3 1
4 4 1
5 5 1
6 6 1
7 7 1
8 8 1
9 9 1
10 10 1
11 11 1
12 12 1
13 13 1
14 14 1
15 15 1
16 16 1
17 17 1
18 18 1
19 19 1
20 20 1
21 21 1
22 22 1
23 23 1
24 24 1
25 25 1
//Orders
//NbOrders
12
//Idx DueDate TardinessPenalty NbProdInOrder ProdIdx1 Qty1 ProdIdx2 Qty2 ...
1 54000 0 2 1 1 2 1
2 72000 0 1 3 1
3 72000 0 2 4 1 5 1
4 108000 0 2 6 1 7 1
5 126000 0 5 8 1 9 1 10 1 11 1 12 1
6 126000 0 3 13 1 14 1 15 1
7 126000 0 1 16 1
8 144000 0 1 17 1
9 90000 0 2 18 1 19 1
10 126000 0 3 20 1 21 1 22 1
11 90000 0 1 23 1
12 90000 0 2 24 1 25 1
//Graph (Products are vertices indexed from 1 to NbProducts)
//NbVerticesIntersections
18
//DepartingDepot
0
//ArrivalDepot
44
//Arcs
//Start End Distance
0 26 120
1 6 39
1 9 104
2 13 221
2 33 128
3 29 180
3 30 271
4 23 130
4 27 128
5 15 104
5 16 104
6 1 39
6 21 156
7 22 13
7 23 104
8 12 221
8 39 128
9 1 104
9 36 115
10 14 156
10 36 206
11 19 169
11 42 89
12 8 221
12 40 102
13 2 221
13 32 102
14 10 156
14 35 89
15 5 104
15 39 128
16 5 104
16 38 115
17 22 26
17 26 50
18 27 89
18 28 362
19 11 169
19 41 193
20 24 52
20 30 50
21 6 156
21 37 37
22 7 13
22 17 26
23 4 130
23 7 104
24 20 52
24 25 65
25 24 65
25 31 284
26 17 50
26 29 48
26 44 120
27 4 128
27 18 89
27 30 48
28 18 362
28 31 48
29 3 180
29 26 48
29 32 48
30 3 271
30 20 50
30 27 48
30 33 48
31 25 284
31 28 48
31 34 48
32 13 102
32 29 48
32 35 48
33 2 128
33 30 48
33 34 451
33 36 48
34 31 48
34 33 451
34 37 48
35 14 89
35 32 48
35 38 48
36 9 115
36 10 206
36 33 48
36 39 48
37 21 37
37 34 48
37 40 48
38 16 115
38 35 48
38 41 48
39 8 128
39 15 128
39 36 48
39 42 48
40 12 102
40 37 48
40 43 48
41 19 193
41 38 48
42 11 89
42 39 48
42 43 451
43 40 48
43 42 451
//LocStart LocEnd ShortestPath
0 0 0
0 1 934
0 2 539
0 3 348
0 4 443
0 5 531
0 6 973
0 7 209
0 8 891
0 9 830
0 10 509
0 11 722
0 12 1112
0 13 318
0 14 353
0 15 635
0 16 427
0 17 170
0 18 660
0 19 553
0 20 669
0 21 1129
0 22 196
0 23 313
0 24 721
0 25 786
0 26 120
0 27 571
0 28 1022
0 29 168
0 30 619
0 31 1070
0 32 216
0 33 667
0 34 1118
0 35 264
0 36 715
0 37 1166
0 38 312
0 39 763
0 40 1214
0 41 360
0 42 811
0 43 1262
0 44 0
1 0 934
1 1 0
1 2 395
1 3 586
1 4 491
1 5 499
1 6 39
1 7 725
1 8 395
1 9 104
1 10 425
1 11 404
1 12 382
1 13 616
1 14 581
1 15 395
1 16 603
1 17 764
1 18 452
1 19 573
1 20 365
1 21 195
1 22 738
1 23 621
1 24 417
1 25 482
1 26 814
1 27 363
1 28 376
1 29 766
1 30 315
1 31 328
1 32 718
1 33 267
1 34 280
1 35 670
1 36 219
1 37 232
1 38 718
1 39 267
1 40 280
1 41 766
1 42 315
1 43 328
1 44 934
2 0 539
2 1 395
2 2 0
2 3 447
2 4 352
2 5 456
2 6 434
2 7 508
2 8 352
2 9 291
2 10 382
2 11 361
2 12 573
2 13 221
2 14 460
2 15 352
2 16 534
2 17 469
2 18 313
2 19 530
2 20 226
2 21 590
2 22 495
2 23 482
2 24 278
2 25 343
2 26 419
2 27 224
2 28 675
2 29 371
2 30 176
2 31 627
2 32 323
2 33 128
2 34 579
2 35 371
2 36 176
2 37 627
2 38 419
2 39 224
2 40 675
2 41 467
2 42 272
2 43 723
2 44 539
3 0 348
3 1 586
3 2 447
3 3 0
3 4 447
3 5 543
3 6 625
3 7 317
3 8 543
3 9 482
3 10 521
3 11 552
3 12 764
3 13 330
3 14 365
3 15 543
3 16 439
3 17 278
3 18 408
3 19 565
3 20 321
3 21 781
3 22 304
3 23 421
3 24 373
3 25 438
3 26 228
3 27 319
3 28 770
3 29 180
3 30 271
3 31 722
3 32 228
3 33 319
3 34 770
3 35 276
3 36 367
3 37 818
3 38 324
3 39 415
3 40 866
3 41 372
3 42 463
3 43 914
3 44 348
4 0 443
4 1 491
4 2 352
4 3 447
4 4 0
4 5 552
4 6 530
4 7 234
4 8 448
4 9 387
4 10 478
4 11 457
4 12 669
4 13 521
4 14 556
4 15 448
4 16 630
4 17 273
4 18 217
4 19 626
4 20 226
4 21 686
4 22 247
4 23 130
4 24 278
4 25 343
4 26 323
4 27 128
4 28 579
4 29 371
4 30 176
4 31 627
4 32 419
4 33 224
4 34 675
4 35 467
4 36 272
4 37 723
4 38 515
4 39 320
4 40 771
4 41 563
4 42 368
4 43 819
4 44 443
5 0 531
5 1 499
5 2 456
5 3 543
5 4 552
5 5 0
5 6 538
5 7 500
5 8 360
5 9 395
5 10 486
5 11 369
5 12 581
5 13 417
5 14 356
5 15 104
5 16 104
5 17 461
5 18 513
5 19 460
5 20 426
5 21 694
5 22 487
5 23 604
5 24 478
5 25 543
5 26 411
5 27 424
5 28 875
5 29 363
5 30 376
5 31 827
5 32 315
5 33 328
5 34 779
5 35 267
5 36 280
5 37 731
5 38 219
5 39 232
5 40 683
5 41 267
5 42 280
5 43 731
5 44 531
6 0 973
6 1 39
6 2 434
6 3 625
6 4 530
6 5 538
6 6 0
6 7 764
6 8 434
6 9 143
6 10 464
6 11 443
6 12 343
6 13 655
6 14 620
6 15 434
6 16 642
6 17 803
6 18 491
6 19 612
6 20 404
6 21 156
6 22 777
6 23 660
6 24 456
6 25 521
6 26 853
6 27 402
6 28 337
6 29 805
6 30 354
6 31 289
6 32 757
6 33 306
6 34 241
6 35 709
6 36 258
6 37 193
6 38 757
6 39 306
6 40 241
6 41 805
6 42 354
6 43 289
6 44 973
7 0 209
7 1 725
7 2 508
7 3 317
7 4 234
7 5 500
7 6 764
7 7 0
7 8 682
7 9 621
7 10 478
7 11 691
7 12 903
7 13 287
7 14 322
7 15 604
7 16 396
7 17 39
7 18 451
7 19 522
7 20 460
7 21 920
7 22 13
7 23 104
7 24 512
7 25 577
7 26 89
7 27 362
7 28 813
7 29 137
7 30 410
7 31 861
7 32 185
7 33 458
7 34 909
7 35 233
7 36 506
7 37 957
7 38 281
7 39 554
7 40 1005
7 41 329
7 42 602
7 43 1053
7 44 209
8 0 891
8 1 395
8 2 352
8 3 543
8 4 448
8 5 360
8 6 434
8 7 682
8 8 0
8 9 291
8 10 382
8 11 265
8 12 221
8 13 573
8 14 538
8 15 256
8 16 464
8 17 721
8 18 409
8 19 434
8 20 322
8 21 408
8 22 695
8 23 578
8 24 374
8 25 439
8 26 771
8 27 320
8 28 515
8 29 723
8 30 272
8 31 467
8 32 675
8 33 224
8 34 419
8 35 627
8 36 176
8 37 371
8 38 579
8 39 128
8 40 323
8 41 627
8 42 176
8 43 371
8 44 891
9 0 830
9 1 104
9 2 291
9 3 482
9 4 387
9 5 395
9 6 143
9 7 621
9 8 291
9 9 0
9 10 321
9 11 300
9 12 486
9 13 512
9 14 477
9 15 291
9 16 499
9 17 660
9 18 348
9 19 469
9 20 261
9 21 299
9 22 634
9 23 517
9 24 313
9 25 378
9 26 710
9 27 259
9 28 480
9 29 662
9 30 211
9 31 432
9 32 614
9 33 163
9 34 384
9 35 566
9 36 115
9 37 336
9 38 614
9 39 163
9 40 384
9 41 662
9 42 211
9 43 432
9 44 830
10 0 509
10 1 425
10 2 382
10 3 521
10 4 478
10 5 486
10 6 464
10 7 478
10 8 382
10 9 321
10 10 0
10 11 391
10 12 603
10 13 395
10 14 156
10 15 382
10 16 408
10 17 439
10 18 439
10 19 534
10 20 352
10 21 620
10 22 465
10 23 582
10 24 404
10 25 469
10 26 389
10 27 350
10 28 801
10 29 341
10 30 302
10 31 753
10 32 293
10 33 254
10 34 705
10 35 245
10 36 206
10 37 657
10 38 293
10 39 254
10 40 705
10 41 341
10 42 302
10 43 753
10 44 509
11 0 722
11 1 404
11 2 361
11 3 552
11 4 457
11 5 369
11 6 443
11 7 691
11 8 265
11 9 300
11 10 391
11 11 0
11 12 486
11 13 582
11 14 547
11 15 265
11 16 473
11 17 652
11 18 418
11 19 169
11 20 331
11 21 599
11 22 678
11 23 587
11 24 383
11 25 448
11 26 602
11 27 329
11 28 780
11 29 554
11 30 281
11 31 732
11 32 506
11 33 233
11 34 684
11 35 458
11 36 185
11 37 636
11 38 410
11 39 137
11 40 588
11 41 362
11 42 89
11 43 540
11 44 722
12 0 1112
12 1 382
12 2 573
12 3 764
12 4 669
12 5 581
12 6 343
12 7 903
12 8 221
12 9 486
12 10 603
12 11 486
12 12 0
12 13 794
12 14 759
12 15 477
12 16 685
12 17 942
12 18 630
12 19 655
12 20 543
12 21 187
12 22 916
12 23 799
12 24 595
12 25 530
12 26 992
12 27 541
12 28 294
12 29 944
12 30 493
12 31 246
12 32 896
12 33 445
12 34 198
12 35 848
12 36 397
12 37 150
12 38 800
12 39 349
12 40 102
12 41 848
12 42 397
12 43 150
12 44 1112
13 0 318
13 1 616
13 2 221
13 3 330
13 4 521
13 5 417
13 6 655
13 7 287
13 8 573
13 9 512
13 10 395
13 11 582
13 12 794
13 13 0
13 14 239
13 15 521
13 16 313
13 17 248
13 18 534
13 19 439
13 20 447
13 21 811
13 22 274
13 23 391
13 24 499
13 25 564
13 26 198
13 27 445
13 28 896
13 29 150
13 30 397
13 31 848
13 32 102
13 33 349
13 34 800
13 35 150
13 36 397
13 37 848
13 38 198
13 39 445
13 40 896
13 41 246
13 42 493
13 43 944
13 44 318
14 0 353
14 1 581
14 2 460
14 3 365
14 4 556
14 5 356
14 6 620
14 7 322
14 8 538
14 9 477
14 10 156
14 11 547
14 12 759
14 13 239
14 14 0
14 15 460
14 16 252
14 17 283
14 18 595
14 19 378
14 20 508
14 21 776
14 22 309
14 23 426
14 24 560
14 25 625
14 26 233
14 27 506
14 28 957
14 29 185
14 30 458
14 31 909
14 32 137
14 33 410
14 34 861
14 35 89
14 36 362
14 37 813
14 38 137
14 39 410
14 40 861
14 41 185
14 42 458
14 43 909
14 44 353
15 0 635
15 1 395
15 2 352
15 3 543
15 4 448
15 5 104
15 6 434
15 7 604
15 8 256
15 9 291
15 10 382
15 11 265
15 12 477
15 13 521
15 14 460
15 15 0
15 16 208
15 17 565
15 18 409
15 19 434
15 20 322
15 21 590
15 22 591
15 23 578
15 24 374
15 25 439
15 26 515
15 27 320
15 28 771
15 29 467
15 30 272
15 31 723
15 32 419
15 33 224
15 34 675
15 35 371
15 36 176
15 37 627
15 38 323
15 39 128
15 40 579
15 41 371
15 42 176
15 43 627
15 44 635
16 0 427
16 1 603
16 2 534
16 3 439
16 4 630
16 5 104
16 6 642
16 7 396
16 8 464
16 9 499
16 10 408
16 11 473
16 12 685
16 13 313
16 14 252
16 15 208
16 16 0
16 17 357
16 18 617
16 19 356
16 20 530
16 21 798
16 22 383
16 23 500
16 24 582
16 25 647
16 26 307
16 27 528
16 28 979
16 29 259
16 30 480
16 31 931
16 32 211
16 33 432
16 34 883
16 35 163
16 36 384
16 37 835
16 38 115
16 39 336
16 40 787
16 41 163
16 42 384
16 43 835
16 44 427
17 0 170
17 1 764
17 2 469
17 3 278
17 4 273
17 5 461
17 6 803
17 7 39
17 8 721
17 9 660
17 10 439
17 11 652
17 12 942
17 13 248
17 14 283
17 15 565
17 16 357
17 17 0
17 18 490
17 19 483
17 20 499
17 21 959
17 22 26
17 23 143
17 24 551
17 25 616
17 26 50
17 27 401
17 28 852
17 29 98
17 30 449
17 31 900
17 32 146
17 33 497
17 34 948
17 35 194
17 36 545
17 37 996
17 38 242
17 39 593
17 40 1044
17 41 290
17 42 641
17 43 1092
17 44 170
18 0 660
18 1 452
18 2 313
18 3 408
18 4 217
18 5 513
18 6 491
18 7 451
18 8 409
18 9 348
18 10 439
18 11 418
18 12 630
18 13 534
18 14 595
18 15 409
18 16 617
18 17 490
18 18 0
18 19 587
18 20 187
18 21 543
18 22 464
18 23 347
18 24 239
18 25 304
18 26 540
18 27 89
18 28 362
18 29 588
18 30 137
18 31 410
18 32 636
18 33 185
18 34 458
18 35 684
18 36 233
18 37 506
18 38 732
18 39 281
18 40 554
18 41 780
18 42 329
18 43 602
18 44 660
19 0 553
19 1 573
19 2 530
19 3 565
19 4 626
19 5 460
19 6 612
19 7 522
19 8 434
19 9 469
19 10 534
19 11 169
19 12 655
19 13 439
19 14 378
19 15 434
19 16 356
19 17 483
19 18 587
19 19 0
19 20 500
19 21 768
19 22 509
19 23 626
19 24 552
19 25 617
19 26 433
19 27 498
19 28 949
19 29 385
19 30 450
19 31 901
19 32 337
19 33 402
19 34 853
19 35 289
19 36 354
19 37 805
19 38 241
19 39 306
19 40 757
19 41 193
19 42 258
19 43 709
19 44 553
20 0 669
20 1 365
20 2 226
20 3 321
20 4 226
20 5 426
20 6 404
20 7 460
20 8 322
20 9 261
20 10 352
20 11 331
20 12 543
20 13 447
20 14 508
20 15 322
20 16 530
20 17 499
20 18 187
20 19 500
20 20 0
20 21 534
20 22 473
20 23 356
20 24 52
20 25 117
20 26 549
20 27 98
20 28 449
20 29 501
20 30 50
20 31 401
20 32 549
20 33 98
20 34 449
20 35 597
20 36 146
20 37 497
20 38 645
20 39 194
20 40 545
20 41 693
20 42 242
20 43 593
20 44 669
21 0 1129
21 1 195
21 2 590
21 3 781
21 4 686
21 5 694
21 6 156
21 7 920
21 8 408
21 9 299
21 10 620
21 11 599
21 12 187
21 13 811
21 14 776
21 15 590
21 16 798
21 17 959
21 18 543
21 19 768
21 20 534
21 21 0
21 22 933
21 23 816
21 24 482
21 25 417
21 26 1009
21 27 558
21 28 181
21 29 961
21 30 510
21 31 133
21 32 913
21 33 462
21 34 85
21 35 865
21 36 414
21 37 37
21 38 913
21 39 462
21 40 85
21 41 961
21 42 510
21 43 133
21 44 1129
22 0 196
22 1 738
22 2 495
22 3 304
22 4 247
22 5 487
22 6 777
22 7 13
22 8 695
22 9 634
22 10 465
22 11 678
22 12 916
22 13 274
22 14 309
22 15 591
22 16 383
22 17 26
22 18 464
22 19 509
22 20 473
22 21 933
22 22 0
22 23 117
22 24 525
22 25 590
22 26 76
22 27 375
22 28 826
22 29 124
22 30 423
22 31 874
22 32 172
22 33 471
22 34 922
22 35 220
22 36 519
22 37 970
22 38 268
22 39 567
22 40 1018
22 41 316
22 42 615
22 43 1066
22 44 196
23 0 313
23 1 621
23 2 482
23 3 421
23 4 130
23 5 604
23 6 660
23 7 104
23 8 578
23 9 517
23 10 582
23 11 587
23 12 799
23 13 391
23 14 426
23 15 578
23 16 500
23 17 143
23 18 347
23 19 626
23 20 356
23 21 816
23 22 117
23 23 0
23 24 408
23 25 473
23 26 193
23 27 258
23 28 709
23 29 241
23 30 306
23 31 757
23 32 289
23 33 354
23 34 805
23 35 337
23 36 402
23 37 853
23 38 385
23 39 450
23 40 901
23 41 433
23 42 498
23 43 949
23 44 313
24 0 721
24 1 417
24 2 278
24 3 373
24 4 278
24 5 478
24 6 456
24 7 512
24 8 374
24 9 313
24 10 404
24 11 383
24 12 595
24 13 499
24 14 560
24 15 374
24 16 582
24 17 551
24 18 239
24 19 552
24 20 52
24 21 482
24 22 525
24 23 408
24 24 0
24 25 65
24 26 601
24 27 150
24 28 397
24 29 553
24 30 102
24 31 349
24 32 601
24 33 150
24 34 397
24 35 649
24 36 198
24 37 445
24 38 697
24 39 246
24 40 493
24 41 745
24 42 294
24 43 541
24 44 721
25 0 786
25 1 482
25 2 343
25 3 438
25 4 343
25 5 543
25 6 521
25 7 577
25 8 439
25 9 378
25 10 469
25 11 448
25 12 530
25 13 564
25 14 625
25 15 439
25 16 647
25 17 616
25 18 304
25 19 617
25 20 117
25 21 417
25 22 590
25 23 473
25 24 65
25 25 0
25 26 666
25 27 215
25 28 332
25 29 618
25 30 167
25 31 284
25 32 666
25 33 215
25 34 332
25 35 714
25 36 263
25 37 380
25 38 762
25 39 311
25 40 428
25 41 810
25 42 359
25 43 476
25 44 786
26 0 120
26 1 814
26 2 419
26 3 228
26 4 323
26 5 411
26 6 853
26 7 89
26 8 771
26 9 710
26 10 389
26 11 602
26 12 992
26 13 198
26 14 233
26 15 515
26 16 307
26 17 50
26 18 540
26 19 433
26 20 549
26 21 1009
26 22 76
26 23 193
26 24 601
26 25 666
26 26 0
26 27 451
26 28 902
26 29 48
26 30 499
26 31 950
26 32 96
26 33 547
26 34 998
26 35 144
26 36 595
26 37 1046
26 38 192
26 39 643
26 40 1094
26 41 240
26 42 691
26 43 1142
26 44 120
27 0 571
27 1 363
27 2 224
27 3 319
27 4 128
27 5 424
27 6 402
27 7 362
27 8 320
27 9 259
27 10 350
27 11 329
27 12 541
27 13 445
27 14 506
27 15 320
27 16 528
27 17 401
27 18 89
27 19 498
27 20 98
27 21 558
27 22 375
27 23 258
27 24 150
27 25 215
27 26 451
27 27 0
27 28 451
27 29 499
27 30 48
27 31 499
27 32 547
27 33 96
27 34 547
27 35 595
27 36 144
27 37 595
27 38 643
27 39 192
27 40 643
27 41 691
27 42 240
27 43 691
27 44 571
28 0 1022
28 1 376
28 2 675
28 3 770
28 4 579
28 5 875
28 6 337
28 7 813
28 8 515
28 9 480
28 10 801
28 11 780
28 12 294
28 13 896
28 14 957
28 15 771
28 16 979
28 17 852
28 18 362
28 19 949
28 20 449
28 21 181
28 22 826
28 23 709
28 24 397
28 25 332
28 26 902
28 27 451
28 28 0
28 29 950
28 30 499
28 31 48
28 32 998
28 33 547
28 34 96
28 35 1046
28 36 595
28 37 144
28 38 1094
28 39 643
28 40 192
28 41 1142
28 42 691
28 43 240
28 44 1022
29 0 168
29 1 766
29 2 371
29 3 180
29 4 371
29 5 363
29 6 805
29 7 137
29 8 723
29 9 662
29 10 341
29 11 554
29 12 944
29 13 150
29 14 185
29 15 467
29 16 259
29 17 98
29 18 588
29 19 385
29 20 501
29 21 961
29 22 124
29 23 241
29 24 553
29 25 618
29 26 48
29 27 499
29 28 950
29 29 0
29 30 451
29 31 902
29 32 48
29 33 499
29 34 950
29 35 96
29 36 547
29 37 998
29 38 144
29 39 595
29 40 1046
29 41 192
29 42 643
29 43 1094
29 44 168
30 0 619
30 1 315
30 2 176
30 3 271
30 4 176
30 5 376
30 6 354
30 7 410
30 8 272
30 9 211
30 10 302
30 11 281
30 12 493
30 13 397
30 14 458
30 15 272
30 16 480
30 17 449
30 18 137
30 19 450
30 20 50
30 21 510
30 22 423
30 23 306
30 24 102
30 25 167
30 26 499
30 27 48
30 28 499
30 29 451
30 30 0
30 31 451
30 32 499
30 33 48
30 34 499
30 35 547
30 36 96
30 37 547
30 38 595
30 39 144
30 40 595
30 41 643
30 42 192
30 43 643
30 44 619
31 0 1070
31 1 328
31 2 627
31 3 722
31 4 627
31 5 827
31 6 289
31 7 861
31 8 467
31 9 432
31 10 753
31 11 732
31 12 246
31 13 848
31 14 909
31 15 723
31 16 931
31 17 900
31 18 410
31 19 901
31 20 401
31 21 133
31 22 874
31 23 757
31 24 349
31 25 284
31 26 950
31 27 499
31 28 48
31 29 902
31 30 451
31 31 0
31 32 950
31 33 499
31 34 48
31 35 998
31 36 547
31 37 96
31 38 1046
31 39 595
31 40 144
31 41 1094
31 42 643
31 43 192
31 44 1070
32 0 216
32 1 718
32 2 323
32 3 228
32 4 419
32 5 315
32 6 757
32 7 185
32 8 675
32 9 614
32 10 293
32 11 506
32 12 896
32 13 102
32 14 137
32 15 419
32 16 211
32 17 146
32 18 636
32 19 337
32 20 549
32 21 913
32 22 172
32 23 289
32 24 601
32 25 666
32 26 96
32 27 547
32 28 998
32 29 48
32 30 499
32 31 950
32 32 0
32 33 451
32 34 902
32 35 48
32 36 499
32 37 950
32 38 96
32 39 547
32 40 998
32 41 144
32 42 595
32 43 1046
32 44 216
33 0 667
33 1 267
33 2 128
33 3 319
33 4 224
33 5 328
33 6 306
33 7 458
33 8 224
33 9 163
33 10 254
33 11 233
33 12 445
33 13 349
33 14 410
33 15 224
33 16 432
33 17 497
33 18 185
33 19 402
33 20 98
33 21 462
33 22 471
33 23 354
33 24 150
33 25 215
33 26 547
33 27 96
33 28 547
33 29 499
33 30 48
33 31 499
33 32 451
33 33 0
33 34 451
33 35 499
33 36 48
33 37 499
33 38 547
33 39 96
33 40 547
33 41 595
33 42 144
33 43 595
33 44 667
34 0 1118
34 1 280
34 2 579
34 3 770
34 4 675
34 5 779
34 6 241
34 7 909
34 8 419
34 9 384
34 10 705
34 11 684
34 12 198
34 13 800
34 14 861
34 15 675
34 16 883
34 17 948
34 18 458
34 19 853
34 20 449
34 21 85
34 22 922
34 23 805
34 24 397
34 25 332
34 26 998
34 27 547
34 28 96
34 29 950
34 30 499
34 31 48
34 32 902
34 33 451
34 34 0
34 35 950
34 36 499
34 37 48
34 38 998
34 39 547
34 40 96
34 41 1046
34 42 595
34 43 144
34 44 1118
35 0 264
35 1 670
35 2 371
35 3 276
35 4 467
35 5 267
35 6 709
35 7 233
35 8 627
35 9 566
35 10 245
35 11 458
35 12 848
35 13 150
35 14 89
35 15 371
35 16 163
35 17 194
35 18 684
35 19 289
35 20 597
35 21 865
35 22 220
35 23 337
35 24 649
35 25 714
35 26 144
35 27 595
35 28 1046
35 29 96
35 30 547
35 31 998
35 32 48
35 33 499
35 34 950
35 35 0
35 36 451
35 37 902
35 38 48
35 39 499
35 40 950
35 41 96
35 42 547
35 43 998
35 44 264
36 0 715
36 1 219
36 2 176
36 3 367
36 4 272
36 5 280
36 6 258
36 7 506
36 8 176
36 9 115
36 10 206
36 11 185
36 12 397
36 13 397
36 14 362
36 15 176
36 16 384
36 17 545
36 18 233
36 19 354
36 20 146
36 21 414
36 22 519
36 23 402
36 24 198
36 25 263
36 26 595
36 27 144
36 28 595
36 29 547
36 30 96
36 31 547
36 32 499
36 33 48
36 34 499
36 35 451
36 36 0
36 37 451
36 38 499
36 39 48
36 40 499
36 41 547
36 42 96
36 43 547
36 44 715
37 0 1166
37 1 232
37 2 627
37 3 818
37 4 723
37 5 731
37 6 193
37 7 957
37 8 371
37 9 336
37 10 657
37 11 636
37 12 150
37 13 848
37 14 813
37 15 627
37 16 835
37 17 996
37 18 506
37 19 805
37 20 497
37 21 37
37 22 970
37 23 853
37 24 445
37 25 380
37 26 1046
37 27 595
37 28 144
37 29 998
37 30 547
37 31 96
37 32 950
37 33 499
37 34 48
37 35 902
37 36 451
37 37 0
37 38 950
37 39 499
37 40 48
37 41 998
37 42 547
37 43 96
37 44 1166
38 0 312
38 1 718
38 2 419
38 3 324
38 4 515
38 5 219
38 6 757
38 7 281
38 8 579
38 9 614
38 10 293
38 11 410
38 12 800
38 13 198
38 14 137
38 15 323
38 16 115
38 17 242
38 18 732
38 19 241
38 20 645
38 21 913
38 22 268
38 23 385
38 24 697
38 25 762
38 26 192
38 27 643
38 28 1094
38 29 144
38 30 595
38 31 1046
38 32 96
38 33 547
38 34 998
38 35 48
38 36 499
38 37 950
38 38 0
38 39 451
38 40 902
38 41 48
38 42 499
38 43 950
38 44 312
39 0 763
39 1 267
39 2 224
39 3 415
39 4 320
39 5 232
39 6 306
39 7 554
39 8 128
39 9 163
39 10 254
39 11 137
39 12 349
39 13 445
39 14 410
39 15 128
39 16 336
39 17 593
39 18 281
39 19 306
39 20 194
39 21 462
39 22 567
39 23 450
39 24 246
39 25 311
39 26 643
39 27 192
39 28 643
39 29 595
39 30 144
39 31 595
39 32 547
39 33 96
39 34 547
39 35 499
39 36 48
39 37 499
39 38 451
39 39 0
39 40 451
39 41 499
39 42 48
39 43 499
39 44 763
40 0 1214
40 1 280
40 2 675
40 3 866
40 4 771
40 5 683
40 6 241
40 7 1005
40 8 323
40 9 384
40 10 705
40 11 588
40 12 102
40 13 896
40 14 861
40 15 579
40 16 787
40 17 1044
40 18 554
40 19 757
40 20 545
40 21 85
40 22 1018
40 23 901
40 24 493
40 25 428
40 26 1094
40 27 643
40 28 192
40 29 1046
40 30 595
40 31 144
40 32 998
40 33 547
40 34 96
40 35 950
40 36 499
40 37 48
40 38 902
40 39 451
40 40 0
40 41 950
40 42 499
40 43 48
40 44 1214
41 0 360
41 1 766
41 2 467
41 3 372
41 4 563
41 5 267
41 6 805
41 7 329
41 8 627
41 9 662
41 10 341
41 11 362
41 12 848
41 13 246
41 14 185
41 15 371
41 16 163
41 17 290
41 18 780
41 19 193
41 20 693
41 21 961
41 22 316
41 23 433
41 24 745
41 25 810
41 26 240
41 27 691
41 28 1142
41 29 192
41 30 643
41 31 1094
41 32 144
41 33 595
41 34 1046
41 35 96
41 36 547
41 37 998
41 38 48
41 39 499
41 40 950
41 41 0
41 42 451
41 43 902
41 44 360
42 0 811
42 1 315
42 2 272
42 3 463
42 4 368
42 5 280
42 6 354
42 7 602
42 8 176
42 9 211
42 10 302
42 11 89
42 12 397
42 13 493
42 14 458
42 15 176
42 16 384
42 17 641
42 18 329
42 19 258
42 20 242
42 21 510
42 22 615
42 23 498
42 24 294
42 25 359
42 26 691
42 27 240
42 28 691
42 29 643
42 30 192
42 31 643
42 32 595
42 33 144
42 34 595
42 35 547
42 36 96
42 37 547
42 38 499
42 39 48
42 40 499
42 41 451
42 42 0
42 43 451
42 44 811
43 0 1262
43 1 328
43 2 723
43 3 914
43 4 819
43 5 731
43 6 289
43 7 1053
43 8 371
43 9 432
43 10 753
43 11 540
43 12 150
43 13 944
43 14 909
43 15 627
43 16 835
43 17 1092
43 18 602
43 19 709
43 20 593
43 21 133
43 22 1066
43 23 949
43 24 541
43 25 476
43 26 1142
43 27 691
43 28 240
43 29 1094
43 30 643
43 31 192
43 32 1046
43 33 595
43 34 144
43 35 998
43 36 547
43 37 96
43 38 950
43 39 499
43 40 48
43 41 902
43 42 451
43 43 0
43 44 1262
44 0 0
44 1 934
44 2 539
44 3 348
44 4 443
44 5 531
44 6 973
44 7 209
44 8 891
44 9 830
44 10 509
44 11 722
44 12 1112
44 13 318
44 14 353
44 15 635
44 16 427
44 17 170
44 18 660
44 19 553
44 20 669
44 21 1129
44 22 196
44 23 313
44 24 721
44 25 786
44 26 120
44 27 571
44 28 1022
44 29 168
44 30 619
44 31 1070
44 32 216
44 33 667
44 34 1118
44 35 264
44 36 715
44 37 1166
44 38 312
44 39 763
44 40 1214
44 41 360
44 42 811
44 43 1262
44 44 0
//Location coordinates LocationName
//Loc x y
0 0.0 0.0 "depot"
1 144.0 790.0 "product aisle 3 bloc 1 rank 29"
2 96.0 443.0 "product aisle 2 bloc 0 rank 45"
3 48.0 300.0 "product aisle 1 bloc 0 rank 23"
4 0.0 443.0 "product aisle 0 bloc 0 rank 46"
5 192.0 339.0 "product aisle 4 bloc 0 rank 30"
6 144.0 829.0 "product aisle 3 bloc 1 rank 35"
7 0.0 209.0 "product aisle 0 bloc 0 rank 10"
8 192.0 699.0 "product aisle 4 bloc 1 rank 15"
9 144.0 686.0 "product aisle 3 bloc 1 rank 14"
10 144.0 365.0 "product aisle 3 bloc 0 rank 33"
11 240.0 482.0 "product aisle 5 bloc 0 rank 52"
12 192.0 920.0 "product aisle 4 bloc 1 rank 50"
13 96.0 222.0 "product aisle 2 bloc 0 rank 12"
14 144.0 209.0 "product aisle 3 bloc 0 rank 10"
15 192.0 443.0 "product aisle 4 bloc 0 rank 46"
16 192.0 235.0 "product aisle 4 bloc 0 rank 13"
17 0.0 170.0 "product aisle 0 bloc 0 rank 4"
18 0.0 660.0 "product aisle 0 bloc 1 rank 10"
19 240.0 313.0 "product aisle 5 bloc 0 rank 25"
20 48.0 621.0 "product aisle 1 bloc 1 rank 4"
21 144.0 985.0 "product aisle 3 bloc 1 rank 59"
22 0.0 196.0 "product aisle 0 bloc 0 rank 8"
23 0.0 313.0 "product aisle 0 bloc 0 rank 25"
24 48.0 673.0 "product aisle 1 bloc 1 rank 12"
25 48.0 738.0 "product aisle 1 bloc 1 rank 21"
26 24.0 120.0 "intersection aisle 0 bloc 0 rank 0"
27 24.0 571.0 "intersection aisle 0 bloc 1 rank 1"
28 24.0 1022.0 "intersection aisle 0 bloc 2 rank 2"
29 72.0 120.0 "intersection aisle 1 bloc 0 rank 0"
30 72.0 571.0 "intersection aisle 1 bloc 1 rank 1"
31 72.0 1022.0 "intersection aisle 1 bloc 2 rank 2"
32 120.0 120.0 "intersection aisle 2 bloc 0 rank 0"
33 120.0 571.0 "intersection aisle 2 bloc 1 rank 1"
34 120.0 1022.0 "intersection aisle 2 bloc 2 rank 2"
35 168.0 120.0 "intersection aisle 3 bloc 0 rank 0"
36 168.0 571.0 "intersection aisle 3 bloc 1 rank 1"
37 168.0 1022.0 "intersection aisle 3 bloc 2 rank 2"
38 216.0 120.0 "intersection aisle 4 bloc 0 rank 0"
39 216.0 571.0 "intersection aisle 4 bloc 1 rank 1"
40 216.0 1022.0 "intersection aisle 4 bloc 2 rank 2"
41 264.0 120.0 "intersection aisle 5 bloc 0 rank 0"
42 264.0 571.0 "intersection aisle 5 bloc 1 rank 1"
43 264.0 1022.0 "intersection aisle 5 bloc 2 rank 2"
44 0.0 0.0 "depot"
