//alpha
1
//NbLocations
67
//NbProducts
12
//NbPickers
2
//CapaPicker
4
//TimeToTravelOneDistanceUnit
3
//SetupTime
5400
//PickTime
300
//Products
//Idx Location Size
1 1 1
2 2 1
3 3 1
4 4 1
5 5 1
6 6 1
7 7 1
8 8 1
9 9 1
10 10 1
11 11 1
12 12 1
//Orders
//NbOrders
6
//Idx DueDate TardinessPenalty NbProdInOrder ProdIdx1 Qty1 ProdIdx2 Qty2 ...
1 144000 0 3 1 1 2 1 3 1
2 36000 0 4 4 1 5 1 6 1 7 1
3 54000 0 1 8 1
4 36000 0 1 9 1
5 54000 0 1 10 1
6 144000 0 2 11 1 12 1
//Graph (Products are vertices indexed from 1 to NbProducts)
//NbVerticesIntersections
54
//DepartingDepot
0
//ArrivalDepot
67
//Arcs
//Start End Distance
0 13 120
1 46 960
1 47 271
2 16 349
2 17 882
3 35 1116
3 36 115
4 53 1194
4 54 37
5 44 778
5 45 453
6 49 973
6 50 258
7 32 921
7 33 310
8 19 375
8 20 856
9 58 687
9 59 544
10 26 115
10 27 1116
11 20 1116
11 21 115
12 64 37
12 65 1194
13 14 1231
13 16 48
13 67 120
14 13 1231
14 15 1231
14 17 48
15 14 1231
15 18 48
16 2 349
16 13 48
16 19 48
17 2 882
17 14 48
17 18 1231
17 20 48
18 15 48
18 17 1231
18 21 48
19 8 375
19 16 48
19 22 48
20 8 856
20 11 1116
20 17 48
20 23 48
21 11 115
21 18 48
21 24 48
22 19 48
22 23 1231
22 25 48
23 20 48
23 22 1231
23 24 1231
23 26 48
24 21 48
24 23 1231
24 27 48
25 22 48
25 26 1231
25 28 48
26 10 115
26 23 48
26 25 1231
26 29 48
27 10 1116
27 24 48
27 30 48
28 25 48
28 29 1231
28 31 48
29 26 48
29 28 1231
29 30 1231
29 32 48
30 27 48
30 29 1231
30 33 48
31 28 48
31 32 1231
31 34 48
32 7 921
32 29 48
32 31 1231
32 35 48
33 7 310
33 30 48
33 36 48
34 31 48
34 35 1231
34 37 48
35 3 1116
35 32 48
35 34 1231
35 38 48
36 3 115
36 33 48
36 39 48
37 34 48
37 38 1231
37 40 48
38 35 48
38 37 1231
38 39 1231
38 41 48
39 36 48
39 38 1231
39 42 48
40 37 48
40 41 1231
40 43 48
41 38 48
41 40 1231
41 42 1231
41 44 48
42 39 48
42 41 1231
42 45 48
43 40 48
43 44 1231
43 46 48
44 5 778
44 41 48
44 43 1231
44 47 48
45 5 453
45 42 48
45 48 48
46 1 960
46 43 48
46 49 48
47 1 271
47 44 48
47 48 1231
47 50 48
48 45 48
48 47 1231
48 51 48
49 6 973
49 46 48
49 52 48
50 6 258
50 47 48
50 51 1231
50 53 48
51 48 48
51 50 1231
51 54 48
52 49 48
52 53 1231
52 55 48
53 4 1194
53 50 48
53 52 1231
53 56 48
54 4 37
54 51 48
54 57 48
55 52 48
55 56 1231
55 58 48
56 53 48
56 55 1231
56 57 1231
56 59 48
57 54 48
57 56 1231
57 60 48
58 9 687
58 55 48
58 61 48
59 9 544
59 56 48
59 60 1231
59 62 48
60 57 48
60 59 1231
60 63 48
61 58 48
61 62 1231
61 64 48
62 59 48
62 61 1231
62 63 1231
62 65 48
63 60 48
63 62 1231
63 66 48
64 12 37
64 61 48
65 12 1194
65 62 48
65 66 1231
66 63 48
66 65 1231
//LocStart LocEnd ShortestPath
0 0 0
0 1 1608
0 2 517
0 3 2803
0 4 3169
0 5 2609
0 6 1669
0 7 2560
0 8 591
0 9 1527
0 10 1658
0 11 2563
0 12 973
0 13 120
0 14 1351
0 15 2582
0 16 168
0 17 1399
0 18 2630
0 19 216
0 20 1447
0 21 2678
0 22 264
0 23 1495
0 24 2726
0 25 312
0 26 1543
0 27 2774
0 28 360
0 29 1591
0 30 2822
0 31 408
0 32 1639
0 33 2870
0 34 456
0 35 1687
0 36 2918
0 37 504
0 38 1735
0 39 2966
0 40 552
0 41 1783
0 42 3014
0 43 600
0 44 1831
0 45 3062
0 46 648
0 47 1879
0 48 3110
0 49 696
0 50 1927
0 51 3158
0 52 744
0 53 1975
0 54 3206
0 55 792
0 56 2023
0 57 3254
0 58 840
0 59 2071
0 60 3302
0 61 888
0 62 2119
0 63 3350
0 64 936
0 65 2167
0 66 3398
0 67 0
1 0 1608
1 1 0
1 2 1633
1 3 1579
1 4 1561
1 5 1097
1 6 577
1 7 1432
1 8 1559
1 9 1007
1 10 722
1 11 1819
1 12 1285
1 13 1488
1 14 799
1 15 2030
1 16 1440
1 17 751
1 18 1982
1 19 1392
1 20 703
1 21 1934
1 22 1344
1 23 655
1 24 1886
1 25 1296
1 26 607
1 27 1838
1 28 1248
1 29 559
1 30 1790
1 31 1200
1 32 511
1 33 1742
1 34 1152
1 35 463
1 36 1694
1 37 1104
1 38 415
1 39 1646
1 40 1056
1 41 367
1 42 1598
1 43 1008
1 44 319
1 45 1550
1 46 960
1 47 271
1 48 1502
1 49 1008
1 50 319
1 51 1550
1 52 1056
1 53 367
1 54 1598
1 55 1104
1 56 415
1 57 1646
1 58 1152
1 59 463
1 60 1694
1 61 1200
1 62 511
1 63 1742
1 64 1248
1 65 559
1 66 1790
1 67 1608
2 0 517
2 1 1633
2 2 0
2 3 2286
2 4 2652
2 5 2092
2 6 1668
2 7 2043
2 8 772
2 9 1708
2 10 1141
2 11 2046
2 12 1154
2 13 397
2 14 930
2 15 2161
2 16 349
2 17 882
2 18 2113
2 19 397
2 20 930
2 21 2161
2 22 445
2 23 978
2 24 2209
2 25 493
2 26 1026
2 27 2257
2 28 541
2 29 1074
2 30 2305
2 31 589
2 32 1122
2 33 2353
2 34 637
2 35 1170
2 36 2401
2 37 685
2 38 1218
2 39 2449
2 40 733
2 41 1266
2 42 2497
2 43 781
2 44 1314
2 45 2545
2 46 829
2 47 1362
2 48 2593
2 49 877
2 50 1410
2 51 2641
2 52 925
2 53 1458
2 54 2689
2 55 973
2 56 1506
2 57 2737
2 58 1021
2 59 1554
2 60 2785
2 61 1069
2 62 1602
2 63 2833
2 64 1117
2 65 1650
2 66 2881
2 67 517
3 0 2803
3 1 1579
3 2 2286
3 3 0
3 4 440
3 5 712
3 6 1614
3 7 473
3 8 2212
3 9 2044
3 10 1375
3 11 470
3 12 2790
3 13 2683
3 14 1452
3 15 451
3 16 2635
3 17 1404
3 18 403
3 19 2587
3 20 1356
3 21 355
3 22 2539
3 23 1308
3 24 307
3 25 2491
3 26 1260
3 27 259
3 28 2443
3 29 1212
3 30 211
3 31 2395
3 32 1164
3 33 163
3 34 2347
3 35 1116
3 36 115
3 37 2395
3 38 1164
3 39 163
3 40 2443
3 41 1212
3 42 211
3 43 2491
3 44 1260
3 45 259
3 46 2539
3 47 1308
3 48 307
3 49 2587
3 50 1356
3 51 355
3 52 2635
3 53 1404
3 54 403
3 55 2683
3 56 1452
3 57 451
3 58 2731
3 59 1500
3 60 499
3 61 2779
3 62 1548
3 63 547
3 64 2827
3 65 1596
3 66 595
3 67 2803
4 0 3169
4 1 1561
4 2 2652
4 3 440
4 4 0
4 5 634
4 6 1500
4 7 683
4 8 2578
4 9 1834
4 10 1585
4 11 680
4 12 2580
4 13 3049
4 14 1818
4 15 661
4 16 3001
4 17 1770
4 18 613
4 19 2953
4 20 1722
4 21 565
4 22 2905
4 23 1674
4 24 517
4 25 2857
4 26 1626
4 27 469
4 28 2809
4 29 1578
4 30 421
4 31 2761
4 32 1530
4 33 373
4 34 2713
4 35 1482
4 36 325
4 37 2665
4 38 1434
4 39 277
4 40 2617
4 41 1386
4 42 229
4 43 2569
4 44 1338
4 45 181
4 46 2521
4 47 1290
4 48 133
4 49 2473
4 50 1242
4 51 85
4 52 2425
4 53 1194
4 54 37
4 55 2473
4 56 1242
4 57 85
4 58 2521
4 59 1290
4 60 133
4 61 2569
4 62 1338
4 63 181
4 64 2617
4 65 1386
4 66 229
4 67 3169
5 0 2609
5 1 1097
5 2 2092
5 3 712
5 4 634
5 5 0
5 6 1132
5 7 955
5 8 2018
5 9 1562
5 10 1181
5 11 952
5 12 2308
5 13 2489
5 14 1258
5 15 933
5 16 2441
5 17 1210
5 18 885
5 19 2393
5 20 1162
5 21 837
5 22 2345
5 23 1114
5 24 789
5 25 2297
5 26 1066
5 27 741
5 28 2249
5 29 1018
5 30 693
5 31 2201
5 32 970
5 33 645
5 34 2153
5 35 922
5 36 597
5 37 2105
5 38 874
5 39 549
5 40 2057
5 41 826
5 42 501
5 43 2009
5 44 778
5 45 453
5 46 2057
5 47 826
5 48 501
5 49 2105
5 50 874
5 51 549
5 52 2153
5 53 922
5 54 597
5 55 2201
5 56 970
5 57 645
5 58 2249
5 59 1018
5 60 693
5 61 2297
5 62 1066
5 63 741
5 64 2345
5 65 1114
5 66 789
5 67 2609
6 0 1669
6 1 577
6 2 1668
6 3 1614
6 4 1500
6 5 1132
6 6 0
6 7 1467
6 8 1594
6 9 946
6 10 757
6 11 1854
6 12 1250
6 13 1549
6 14 834
6 15 2065
6 16 1501
6 17 786
6 18 2017
6 19 1453
6 20 738
6 21 1969
6 22 1405
6 23 690
6 24 1921
6 25 1357
6 26 642
6 27 1873
6 28 1309
6 29 594
6 30 1825
6 31 1261
6 32 546
6 33 1777
6 34 1213
6 35 498
6 36 1729
6 37 1165
6 38 450
6 39 1681
6 40 1117
6 41 402
6 42 1633
6 43 1069
6 44 354
6 45 1585
6 46 1021
6 47 306
6 48 1537
6 49 973
6 50 258
6 51 1489
6 52 1021
6 53 306
6 54 1537
6 55 1069
6 56 354
6 57 1585
6 58 1117
6 59 402
6 60 1633
6 61 1165
6 62 450
6 63 1681
6 64 1213
6 65 498
6 66 1729
6 67 1669
7 0 2560
7 1 1432
7 2 2043
7 3 473
7 4 683
7 5 955
7 6 1467
7 7 0
7 8 1969
7 9 1897
7 10 1132
7 11 617
7 12 2643
7 13 2440
7 14 1209
7 15 598
7 16 2392
7 17 1161
7 18 550
7 19 2344
7 20 1113
7 21 502
7 22 2296
7 23 1065
7 24 454
7 25 2248
7 26 1017
7 27 406
7 28 2200
7 29 969
7 30 358
7 31 2152
7 32 921
7 33 310
7 34 2200
7 35 969
7 36 358
7 37 2248
7 38 1017
7 39 406
7 40 2296
7 41 1065
7 42 454
7 43 2344
7 44 1113
7 45 502
7 46 2392
7 47 1161
7 48 550
7 49 2440
7 50 1209
7 51 598
7 52 2488
7 53 1257
7 54 646
7 55 2536
7 56 1305
7 57 694
7 58 2584
7 59 1353
7 60 742
7 61 2632
7 62 1401
7 63 790
7 64 2680
7 65 1449
7 66 838
7 67 2560
8 0 591
8 1 1559
8 2 772
8 3 2212
8 4 2578
8 5 2018
8 6 1594
8 7 1969
8 8 0
8 9 1686
8 10 1067
8 11 1972
8 12 1132
8 13 471
8 14 952
8 15 2183
8 16 423
8 17 904
8 18 2135
8 19 375
8 20 856
8 21 2087
8 22 423
8 23 904
8 24 2135
8 25 471
8 26 952
8 27 2183
8 28 519
8 29 1000
8 30 2231
8 31 567
8 32 1048
8 33 2279
8 34 615
8 35 1096
8 36 2327
8 37 663
8 38 1144
8 39 2375
8 40 711
8 41 1192
8 42 2423
8 43 759
8 44 1240
8 45 2471
8 46 807
8 47 1288
8 48 2519
8 49 855
8 50 1336
8 51 2567
8 52 903
8 53 1384
8 54 2615
8 55 951
8 56 1432
8 57 2663
8 58 999
8 59 1480
8 60 2711
8 61 1047
8 62 1528
8 63 2759
8 64 1095
8 65 1576
8 66 2807
8 67 591
9 0 1527
9 1 1007
9 2 1708
9 3 2044
9 4 1834
9 5 1562
9 6 946
9 7 1897
9 8 1686
9 9 0
9 10 1187
9 11 2284
9 12 820
9 13 1407
9 14 1264
9 15 2495
9 16 1359
9 17 1216
9 18 2447
9 19 1311
9 20 1168
9 21 2399
9 22 1263
9 23 1120
9 24 2351
9 25 1215
9 26 1072
9 27 2303
9 28 1167
9 29 1024
9 30 2255
9 31 1119
9 32 976
9 33 2207
9 34 1071
9 35 928
9 36 2159
9 37 1023
9 38 880
9 39 2111
9 40 975
9 41 832
9 42 2063
9 43 927
9 44 784
9 45 2015
9 46 879
9 47 736
9 48 1967
9 49 831
9 50 688
9 51 1919
9 52 783
9 53 640
9 54 1871
9 55 735
9 56 592
9 57 1823
9 58 687
9 59 544
9 60 1775
9 61 735
9 62 592
9 63 1823
9 64 783
9 65 640
9 66 1871
9 67 1527
10 0 1658
10 1 722
10 2 1141
10 3 1375
10 4 1585
10 5 1181
10 6 757
10 7 1132
10 8 1067
10 9 1187
10 10 0
10 11 1327
10 12 1933
10 13 1538
10 14 307
10 15 1308
10 16 1490
10 17 259
10 18 1260
10 19 1442
10 20 211
10 21 1212
10 22 1394
10 23 163
10 24 1164
10 25 1346
10 26 115
10 27 1116
10 28 1394
10 29 163
10 30 1164
10 31 1442
10 32 211
10 33 1212
10 34 1490
10 35 259
10 36 1260
10 37 1538
10 38 307
10 39 1308
10 40 1586
10 41 355
10 42 1356
10 43 1634
10 44 403
10 45 1404
10 46 1682
10 47 451
10 48 1452
10 49 1730
10 50 499
10 51 1500
10 52 1778
10 53 547
10 54 1548
10 55 1826
10 56 595
10 57 1596
10 58 1874
10 59 643
10 60 1644
10 61 1922
10 62 691
10 63 1692
10 64 1970
10 65 739
10 66 1740
10 67 1658
11 0 2563
11 1 1819
11 2 2046
11 3 470
11 4 680
11 5 952
11 6 1854
11 7 617
11 8 1972
11 9 2284
11 10 1327
11 11 0
11 12 3030
11 13 2443
11 14 1212
11 15 211
11 16 2395
11 17 1164
11 18 163
11 19 2347
11 20 1116
11 21 115
11 22 2395
11 23 1164
11 24 163
11 25 2443
11 26 1212
11 27 211
11 28 2491
11 29 1260
11 30 259
11 31 2539
11 32 1308
11 33 307
11 34 2587
11 35 1356
11 36 355
11 37 2635
11 38 1404
11 39 403
11 40 2683
11 41 1452
11 42 451
11 43 2731
11 44 1500
11 45 499
11 46 2779
11 47 1548
11 48 547
11 49 2827
11 50 1596
11 51 595
11 52 2875
11 53 1644
11 54 643
11 55 2923
11 56 1692
11 57 691
11 58 2971
11 59 1740
11 60 739
11 61 3019
11 62 1788
11 63 787
11 64 3067
11 65 1836
11 66 835
11 67 2563
12 0 973
12 1 1285
12 2 1154
12 3 2790
12 4 2580
12 5 2308
12 6 1250
12 7 2643
12 8 1132
12 9 820
12 10 1933
12 11 3030
12 12 0
12 13 853
12 14 2010
12 15 3241
12 16 805
12 17 1962
12 18 3193
12 19 757
12 20 1914
12 21 3145
12 22 709
12 23 1866
12 24 3097
12 25 661
12 26 1818
12 27 3049
12 28 613
12 29 1770
12 30 3001
12 31 565
12 32 1722
12 33 2953
12 34 517
12 35 1674
12 36 2905
12 37 469
12 38 1626
12 39 2857
12 40 421
12 41 1578
12 42 2809
12 43 373
12 44 1530
12 45 2761
12 46 325
12 47 1482
12 48 2713
12 49 277
12 50 1434
12 51 2665
12 52 229
12 53 1386
12 54 2617
12 55 181
12 56 1338
12 57 2569
12 58 133
12 59 1290
12 60 2521
12 61 85
12 62 1242
12 63 2473
12 64 37
12 65 1194
12 66 2425
12 67 973
13 0 120
13 1 1488
13 2 397
13 3 2683
13 4 3049
13 5 2489
13 6 1549
13 7 2440
13 8 471
13 9 1407
13 10 1538
13 11 2443
13 12 853
13 13 0
13 14 1231
13 15 2462
13 16 48
13 17 1279
13 18 2510
13 19 96
13 20 1327
13 21 2558
13 22 144
13 23 1375
13 24 2606
13 25 192
13 26 1423
13 27 2654
13 28 240
13 29 1471
13 30 2702
13 31 288
13 32 1519
13 33 2750
13 34 336
13 35 1567
13 36 2798
13 37 384
13 38 1615
13 39 2846
13 40 432
13 41 1663
13 42 2894
13 43 480
13 44 1711
13 45 2942
13 46 528
13 47 1759
13 48 2990
13 49 576
13 50 1807
13 51 3038
13 52 624
13 53 1855
13 54 3086
13 55 672
13 56 1903
13 57 3134
13 58 720
13 59 1951
13 60 3182
13 61 768
13 62 1999
13 63 3230
13 64 816
13 65 2047
13 66 3278
13 67 120
14 0 1351
14 1 799
14 2 930
14 3 1452
14 4 1818
14 5 1258
14 6 834
14 7 1209
14 8 952
14 9 1264
14 10 307
14 11 1212
14 12 2010
14 13 1231
14 14 0
14 15 1231
14 16 1279
14 17 48
14 18 1279
14 19 1327
14 20 96
14 21 1327
14 22 1375
14 23 144
14 24 1375
14 25 1423
14 26 192
14 27 1423
14 28 1471
14 29 240
14 30 1471
14 31 1519
14 32 288
14 33 1519
14 34 1567
14 35 336
14 36 1567
14 37 1615
14 38 384
14 39 1615
14 40 1663
14 41 432
14 42 1663
14 43 1711
14 44 480
14 45 1711
14 46 1759
14 47 528
14 48 1759
14 49 1807
14 50 576
14 51 1807
14 52 1855
14 53 624
14 54 1855
14 55 1903
14 56 672
14 57 1903
14 58 1951
14 59 720
14 60 1951
14 61 1999
14 62 768
14 63 1999
14 64 2047
14 65 816
14 66 2047
14 67 1351
15 0 2582
15 1 2030
15 2 2161
15 3 451
15 4 661
15 5 933
15 6 2065
15 7 598
15 8 2183
15 9 2495
15 10 1308
15 11 211
15 12 3241
15 13 2462
15 14 1231
15 15 0
15 16 2510
15 17 1279
15 18 48
15 19 2558
15 20 1327
15 21 96
15 22 2606
15 23 1375
15 24 144
15 25 2654
15 26 1423
15 27 192
15 28 2702
15 29 1471
15 30 240
15 31 2750
15 32 1519
15 33 288
15 34 2798
15 35 1567
15 36 336
15 37 2846
15 38 1615
15 39 384
15 40 2894
15 41 1663
15 42 432
15 43 2942
15 44 1711
15 45 480
15 46 2990
15 47 1759
15 48 528
15 49 3038
15 50 1807
15 51 576
15 52 3086
15 53 1855
15 54 624
15 55 3134
15 56 1903
15 57 672
15 58 3182
15 59 1951
15 60 720
15 61 3230
15 62 1999
15 63 768
15 64 3278
15 65 2047
15 66 816
15 67 2582
16 0 168
16 1 1440
16 2 349
16 3 2635
16 4 3001
16 5 2441
16 6 1501
16 7 2392
16 8 423
16 9 1359
16 10 1490
16 11 2395
16 12 805
16 13 48
16 14 1279
16 15 2510
16 16 0
16 17 1231
16 18 2462
16 19 48
16 20 1279
16 21 2510
16 22 96
16 23 1327
16 24 2558
16 25 144
16 26 1375
16 27 2606
16 28 192
16 29 1423
16 30 2654
16 31 240
16 32 1471
16 33 2702
16 34 288
16 35 1519
16 36 2750
16 37 336
16 38 1567
16 39 2798
16 40 384
16 41 1615
16 42 2846
16 43 432
16 44 1663
16 45 2894
16 46 480
16 47 1711
16 48 2942
16 49 528
16 50 1759
16 51 2990
16 52 576
16 53 1807
16 54 3038
16 55 624
16 56 1855
16 57 3086
16 58 672
16 59 1903
16 60 3134
16 61 720
16 62 1951
16 63 3182
16 64 768
16 65 1999
16 66 3230
16 67 168
17 0 1399
17 1 751
17 2 882
17 3 1404
17 4 1770
17 5 1210
17 6 786
17 7 1161
17 8 904
17 9 1216
17 10 259
17 11 1164
17 12 1962
17 13 1279
17 14 48
17 15 1279
17 16 1231
17 17 0
17 18 1231
17 19 1279
17 20 48
17 21 1279
17 22 1327
17 23 96
17 24 1327
17 25 1375
17 26 144
17 27 1375
17 28 1423
17 29 192
17 30 1423
17 31 1471
17 32 240
17 33 1471
17 34 1519
17 35 288
17 36 1519
17 37 1567
17 38 336
17 39 1567
17 40 1615
17 41 384
17 42 1615
17 43 1663
17 44 432
17 45 1663
17 46 1711
17 47 480
17 48 1711
17 49 1759
17 50 528
17 51 1759
17 52 1807
17 53 576
17 54 1807
17 55 1855
17 56 624
17 57 1855
17 58 1903
17 59 672
17 60 1903
17 61 1951
17 62 720
17 63 1951
17 64 1999
17 65 768
17 66 1999
17 67 1399
18 0 2630
18 1 1982
18 2 2113
18 3 403
18 4 613
18 5 885
18 6 2017
18 7 550
18 8 2135
18 9 2447
18 10 1260
18 11 163
18 12 3193
18 13 2510
18 14 1279
18 15 48
18 16 2462
18 17 1231
18 18 0
18 19 2510
18 20 1279
18 21 48
18 22 2558
18 23 1327
18 24 96
18 25 2606
18 26 1375
18 27 144
18 28 2654
18 29 1423
18 30 192
18 31 2702
18 32 1471
18 33 240
18 34 2750
18 35 1519
18 36 288
18 37 2798
18 38 1567
18 39 336
18 40 2846
18 41 1615
18 42 384
18 43 2894
18 44 1663
18 45 432
18 46 2942
18 47 1711
18 48 480
18 49 2990
18 50 1759
18 51 528
18 52 3038
18 53 1807
18 54 576
18 55 3086
18 56 1855
18 57 624
18 58 3134
18 59 1903
18 60 672
18 61 3182
18 62 1951
18 63 720
18 64 3230
18 65 1999
18 66 768
18 67 2630
19 0 216
19 1 1392
19 2 397
19 3 2587
19 4 2953
19 5 2393
19 6 1453
19 7 2344
19 8 375
19 9 1311
19 10 1442
19 11 2347
19 12 757
19 13 96
19 14 1327
19 15 2558
19 16 48
19 17 1279
19 18 2510
19 19 0
19 20 1231
19 21 2462
19 22 48
19 23 1279
19 24 2510
19 25 96
19 26 1327
19 27 2558
19 28 144
19 29 1375
19 30 2606
19 31 192
19 32 1423
19 33 2654
19 34 240
19 35 1471
19 36 2702
19 37 288
19 38 1519
19 39 2750
19 40 336
19 41 1567
19 42 2798
19 43 384
19 44 1615
19 45 2846
19 46 432
19 47 1663
19 48 2894
19 49 480
19 50 1711
19 51 2942
19 52 528
19 53 1759
19 54 2990
19 55 576
19 56 1807
19 57 3038
19 58 624
19 59 1855
19 60 3086
19 61 672
19 62 1903
19 63 3134
19 64 720
19 65 1951
19 66 3182
19 67 216
20 0 1447
20 1 703
20 2 930
20 3 1356
20 4 1722
20 5 1162
20 6 738
20 7 1113
20 8 856
20 9 1168
20 10 211
20 11 1116
20 12 1914
20 13 1327
20 14 96
20 15 1327
20 16 1279
20 17 48
20 18 1279
20 19 1231
20 20 0
20 21 1231
20 22 1279
20 23 48
20 24 1279
20 25 1327
20 26 96
20 27 1327
20 28 1375
20 29 144
20 30 1375
20 31 1423
20 32 192
20 33 1423
20 34 1471
20 35 240
20 36 1471
20 37 1519
20 38 288
20 39 1519
20 40 1567
20 41 336
20 42 1567
20 43 1615
20 44 384
20 45 1615
20 46 1663
20 47 432
20 48 1663
20 49 1711
20 50 480
20 51 1711
20 52 1759
20 53 528
20 54 1759
20 55 1807
20 56 576
20 57 1807
20 58 1855
20 59 624
20 60 1855
20 61 1903
20 62 672
20 63 1903
20 64 1951
20 65 720
20 66 1951
20 67 1447
21 0 2678
21 1 1934
21 2 2161
21 3 355
21 4 565
21 5 837
21 6 1969
21 7 502
21 8 2087
21 9 2399
21 10 1212
21 11 115
21 12 3145
21 13 2558
21 14 1327
21 15 96
21 16 2510
21 17 1279
21 18 48
21 19 2462
21 20 1231
21 21 0
21 22 2510
21 23 1279
21 24 48
21 25 2558
21 26 1327
21 27 96
21 28 2606
21 29 1375
21 30 144
21 31 2654
21 32 1423
21 33 192
21 34 2702
21 35 1471
21 36 240
21 37 2750
21 38 1519
21 39 288
21 40 2798
21 41 1567
21 42 336
21 43 2846
21 44 1615
21 45 384
21 46 2894
21 47 1663
21 48 432
21 49 2942
21 50 1711
21 51 480
21 52 2990
21 53 1759
21 54 528
21 55 3038
21 56 1807
21 57 576
21 58 3086
21 59 1855
21 60 624
21 61 3134
21 62 1903
21 63 672
21 64 3182
21 65 1951
21 66 720
21 67 2678
22 0 264
22 1 1344
22 2 445
22 3 2539
22 4 2905
22 5 2345
22 6 1405
22 7 2296
22 8 423
22 9 1263
22 10 1394
22 11 2395
22 12 709
22 13 144
22 14 1375
22 15 2606
22 16 96
22 17 1327
22 18 2558
22 19 48
22 20 1279
22 21 2510
22 22 0
22 23 1231
22 24 2462
22 25 48
22 26 1279
22 27 2510
22 28 96
22 29 1327
22 30 2558
22 31 144
22 32 1375
22 33 2606
22 34 192
22 35 1423
22 36 2654
22 37 240
22 38 1471
22 39 2702
22 40 288
22 41 1519
22 42 2750
22 43 336
22 44 1567
22 45 2798
22 46 384
22 47 1615
22 48 2846
22 49 432
22 50 1663
22 51 2894
22 52 480
22 53 1711
22 54 2942
22 55 528
22 56 1759
22 57 2990
22 58 576
22 59 1807
22 60 3038
22 61 624
22 62 1855
22 63 3086
22 64 672
22 65 1903
22 66 3134
22 67 264
23 0 1495
23 1 655
23 2 978
23 3 1308
23 4 1674
23 5 1114
23 6 690
23 7 1065
23 8 904
23 9 1120
23 10 163
23 11 1164
23 12 1866
23 13 1375
23 14 144
23 15 1375
23 16 1327
23 17 96
23 18 1327
23 19 1279
23 20 48
23 21 1279
23 22 1231
23 23 0
23 24 1231
23 25 1279
23 26 48
23 27 1279
23 28 1327
23 29 96
23 30 1327
23 31 1375
23 32 144
23 33 1375
23 34 1423
23 35 192
23 36 1423
23 37 1471
23 38 240
23 39 1471
23 40 1519
23 41 288
23 42 1519
23 43 1567
23 44 336
23 45 1567
23 46 1615
23 47 384
23 48 1615
23 49 1663
23 50 432
23 51 1663
23 52 1711
23 53 480
23 54 1711
23 55 1759
23 56 528
23 57 1759
23 58 1807
23 59 576
23 60 1807
23 61 1855
23 62 624
23 63 1855
23 64 1903
23 65 672
23 66 1903
23 67 1495
24 0 2726
24 1 1886
24 2 2209
24 3 307
24 4 517
24 5 789
24 6 1921
24 7 454
24 8 2135
24 9 2351
24 10 1164
24 11 163
24 12 3097
24 13 2606
24 14 1375
24 15 144
24 16 2558
24 17 1327
24 18 96
24 19 2510
24 20 1279
24 21 48
24 22 2462
24 23 1231
24 24 0
24 25 2510
24 26 1279
24 27 48
24 28 2558
24 29 1327
24 30 96
24 31 2606
24 32 1375
24 33 144
24 34 2654
24 35 1423
24 36 192
24 37 2702
24 38 1471
24 39 240
24 40 2750
24 41 1519
24 42 288
24 43 2798
24 44 1567
24 45 336
24 46 2846
24 47 1615
24 48 384
24 49 2894
24 50 1663
24 51 432
24 52 2942
24 53 1711
24 54 480
24 55 2990
24 56 1759
24 57 528
24 58 3038
24 59 1807
24 60 576
24 61 3086
24 62 1855
24 63 624
24 64 3134
24 65 1903
24 66 672
24 67 2726
25 0 312
25 1 1296
25 2 493
25 3 2491
25 4 2857
25 5 2297
25 6 1357
25 7 2248
25 8 471
25 9 1215
25 10 1346
25 11 2443
25 12 661
25 13 192
25 14 1423
25 15 2654
25 16 144
25 17 1375
25 18 2606
25 19 96
25 20 1327
25 21 2558
25 22 48
25 23 1279
25 24 2510
25 25 0
25 26 1231
25 27 2462
25 28 48
25 29 1279
25 30 2510
25 31 96
25 32 1327
25 33 2558
25 34 144
25 35 1375
25 36 2606
25 37 192
25 38 1423
25 39 2654
25 40 240
25 41 1471
25 42 2702
25 43 288
25 44 1519
25 45 2750
25 46 336
25 47 1567
25 48 2798
25 49 384
25 50 1615
25 51 2846
25 52 432
25 53 1663
25 54 2894
25 55 480
25 56 1711
25 57 2942
25 58 528
25 59 1759
25 60 2990
25 61 576
25 62 1807
25 63 3038
25 64 624
25 65 1855
25 66 3086
25 67 312
26 0 1543
26 1 607
26 2 1026
26 3 1260
26 4 1626
26 5 1066
26 6 642
26 7 1017
26 8 952
26 9 1072
26 10 115
26 11 1212
26 12 1818
26 13 1423
26 14 192
26 15 1423
26 16 1375
26 17 144
26 18 1375
26 19 1327
26 20 96
26 21 1327
26 22 1279
26 23 48
26 24 1279
26 25 1231
26 26 0
26 27 1231
26 28 1279
26 29 48
26 30 1279
26 31 1327
26 32 96
26 33 1327
26 34 1375
26 35 144
26 36 1375
26 37 1423
26 38 192
26 39 1423
26 40 1471
26 41 240
26 42 1471
26 43 1519
26 44 288
26 45 1519
26 46 1567
26 47 336
26 48 1567
26 49 1615
26 50 384
26 51 1615
26 52 1663
26 53 432
26 54 1663
26 55 1711
26 56 480
26 57 1711
26 58 1759
26 59 528
26 60 1759
26 61 1807
26 62 576
26 63 1807
26 64 1855
26 65 624
26 66 1855
26 67 1543
27 0 2774
27 1 1838
27 2 2257
27 3 259
27 4 469
27 5 741
27 6 1873
27 7 406
27 8 2183
27 9 2303
27 10 1116
27 11 211
27 12 3049
27 13 2654
27 14 1423
27 15 192
27 16 2606
27 17 1375
27 18 144
27 19 2558
27 20 1327
27 21 96
27 22 2510
27 23 1279
27 24 48
27 25 2462
27 26 1231
27 27 0
27 28 2510
27 29 1279
27 30 48
27 31 2558
27 32 1327
27 33 96
27 34 2606
27 35 1375
27 36 144
27 37 2654
27 38 1423
27 39 192
27 40 2702
27 41 1471
27 42 240
27 43 2750
27 44 1519
27 45 288
27 46 2798
27 47 1567
27 48 336
27 49 2846
27 50 1615
27 51 384
27 52 2894
27 53 1663
27 54 432
27 55 2942
27 56 1711
27 57 480
27 58 2990
27 59 1759
27 60 528
27 61 3038
27 62 1807
27 63 576
27 64 3086
27 65 1855
27 66 624
27 67 2774
28 0 360
28 1 1248
28 2 541
28 3 2443
28 4 2809
28 5 2249
28 6 1309
28 7 2200
28 8 519
28 9 1167
28 10 1394
28 11 2491
28 12 613
28 13 240
28 14 1471
28 15 2702
28 16 192
28 17 1423
28 18 2654
28 19 144
28 20 1375
28 21 2606
28 22 96
28 23 1327
28 24 2558
28 25 48
28 26 1279
28 27 2510
28 28 0
28 29 1231
28 30 2462
28 31 48
28 32 1279
28 33 2510
28 34 96
28 35 1327
28 36 2558
28 37 144
28 38 1375
28 39 2606
28 40 192
28 41 1423
28 42 2654
28 43 240
28 44 1471
28 45 2702
28 46 288
28 47 1519
28 48 2750
28 49 336
28 50 1567
28 51 2798
28 52 384
28 53 1615
28 54 2846
28 55 432
28 56 1663
28 57 2894
28 58 480
28 59 1711
28 60 2942
28 61 528
28 62 1759
28 63 2990
28 64 576
28 65 1807
28 66 3038
28 67 360
29 0 1591
29 1 559
29 2 1074
29 3 1212
29 4 1578
29 5 1018
29 6 594
29 7 969
29 8 1000
29 9 1024
29 10 163
29 11 1260
29 12 1770
29 13 1471
29 14 240
29 15 1471
29 16 1423
29 17 192
29 18 1423
29 19 1375
29 20 144
29 21 1375
29 22 1327
29 23 96
29 24 1327
29 25 1279
29 26 48
29 27 1279
29 28 1231
29 29 0
29 30 1231
29 31 1279
29 32 48
29 33 1279
29 34 1327
29 35 96
29 36 1327
29 37 1375
29 38 144
29 39 1375
29 40 1423
29 41 192
29 42 1423
29 43 1471
29 44 240
29 45 1471
29 46 1519
29 47 288
29 48 1519
29 49 1567
29 50 336
29 51 1567
29 52 1615
29 53 384
29 54 1615
29 55 1663
29 56 432
29 57 1663
29 58 1711
29 59 480
29 60 1711
29 61 1759
29 62 528
29 63 1759
29 64 1807
29 65 576
29 66 1807
29 67 1591
30 0 2822
30 1 1790
30 2 2305
30 3 211
30 4 421
30 5 693
30 6 1825
30 7 358
30 8 2231
30 9 2255
30 10 1164
30 11 259
30 12 3001
30 13 2702
30 14 1471
30 15 240
30 16 2654
30 17 1423
30 18 192
30 19 2606
30 20 1375
30 21 144
30 22 2558
30 23 1327
30 24 96
30 25 2510
30 26 1279
30 27 48
30 28 2462
30 29 1231
30 30 0
30 31 2510
30 32 1279
30 33 48
30 34 2558
30 35 1327
30 36 96
30 37 2606
30 38 1375
30 39 144
30 40 2654
30 41 1423
30 42 192
30 43 2702
30 44 1471
30 45 240
30 46 2750
30 47 1519
30 48 288
30 49 2798
30 50 1567
30 51 336
30 52 2846
30 53 1615
30 54 384
30 55 2894
30 56 1663
30 57 432
30 58 2942
30 59 1711
30 60 480
30 61 2990
30 62 1759
30 63 528
30 64 3038
30 65 1807
30 66 576
30 67 2822
31 0 408
31 1 1200
31 2 589
31 3 2395
31 4 2761
31 5 2201
31 6 1261
31 7 2152
31 8 567
31 9 1119
31 10 1442
31 11 2539
31 12 565
31 13 288
31 14 1519
31 15 2750
31 16 240
31 17 1471
31 18 2702
31 19 192
31 20 1423
31 21 2654
31 22 144
31 23 1375
31 24 2606
31 25 96
31 26 1327
31 27 2558
31 28 48
31 29 1279
31 30 2510
31 31 0
31 32 1231
31 33 2462
31 34 48
31 35 1279
31 36 2510
31 37 96
31 38 1327
31 39 2558
31 40 144
31 41 1375
31 42 2606
31 43 192
31 44 1423
31 45 2654
31 46 240
31 47 1471
31 48 2702
31 49 288
31 50 1519
31 51 2750
31 52 336
31 53 1567
31 54 2798
31 55 384
31 56 1615
31 57 2846
31 58 432
31 59 1663
31 60 2894
31 61 480
31 62 1711
31 63 2942
31 64 528
31 65 1759
31 66 2990
31 67 408
32 0 1639
32 1 511
32 2 1122
32 3 1164
32 4 1530
32 5 970
32 6 546
32 7 921
32 8 1048
32 9 976
32 10 211
32 11 1308
32 12 1722
32 13 1519
32 14 288
32 15 1519
32 16 1471
32 17 240
32 18 1471
32 19 1423
32 20 192
32 21 1423
32 22 1375
32 23 144
32 24 1375
32 25 1327
32 26 96
32 27 1327
32 28 1279
32 29 48
32 30 1279
32 31 1231
32 32 0
32 33 1231
32 34 1279
32 35 48
32 36 1279
32 37 1327
32 38 96
32 39 1327
32 40 1375
32 41 144
32 42 1375
32 43 1423
32 44 192
32 45 1423
32 46 1471
32 47 240
32 48 1471
32 49 1519
32 50 288
32 51 1519
32 52 1567
32 53 336
32 54 1567
32 55 1615
32 56 384
32 57 1615
32 58 1663
32 59 432
32 60 1663
32 61 1711
32 62 480
32 63 1711
32 64 1759
32 65 528
32 66 1759
32 67 1639
33 0 2870
33 1 1742
33 2 2353
33 3 163
33 4 373
33 5 645
33 6 1777
33 7 310
33 8 2279
33 9 2207
33 10 1212
33 11 307
33 12 2953
33 13 2750
33 14 1519
33 15 288
33 16 2702
33 17 1471
33 18 240
33 19 2654
33 20 1423
33 21 192
33 22 2606
33 23 1375
33 24 144
33 25 2558
33 26 1327
33 27 96
33 28 2510
33 29 1279
33 30 48
33 31 2462
33 32 1231
33 33 0
33 34 2510
33 35 1279
33 36 48
33 37 2558
33 38 1327
33 39 96
33 40 2606
33 41 1375
33 42 144
33 43 2654
33 44 1423
33 45 192
33 46 2702
33 47 1471
33 48 240
33 49 2750
33 50 1519
33 51 288
33 52 2798
33 53 1567
33 54 336
33 55 2846
33 56 1615
33 57 384
33 58 2894
33 59 1663
33 60 432
33 61 2942
33 62 1711
33 63 480
33 64 2990
33 65 1759
33 66 528
33 67 2870
34 0 456
34 1 1152
34 2 637
34 3 2347
34 4 2713
34 5 2153
34 6 1213
34 7 2200
34 8 615
34 9 1071
34 10 1490
34 11 2587
34 12 517
34 13 336
34 14 1567
34 15 2798
34 16 288
34 17 1519
34 18 2750
34 19 240
34 20 1471
34 21 2702
34 22 192
34 23 1423
34 24 2654
34 25 144
34 26 1375
34 27 2606
34 28 96
34 29 1327
34 30 2558
34 31 48
34 32 1279
34 33 2510
34 34 0
34 35 1231
34 36 2462
34 37 48
34 38 1279
34 39 2510
34 40 96
34 41 1327
34 42 2558
34 43 144
34 44 1375
34 45 2606
34 46 192
34 47 1423
34 48 2654
34 49 240
34 50 1471
34 51 2702
34 52 288
34 53 1519
34 54 2750
34 55 336
34 56 1567
34 57 2798
34 58 384
34 59 1615
34 60 2846
34 61 432
34 62 1663
34 63 2894
34 64 480
34 65 1711
34 66 2942
34 67 456
35 0 1687
35 1 463
35 2 1170
35 3 1116
35 4 1482
35 5 922
35 6 498
35 7 969
35 8 1096
35 9 928
35 10 259
35 11 1356
35 12 1674
35 13 1567
35 14 336
35 15 1567
35 16 1519
35 17 288
35 18 1519
35 19 1471
35 20 240
35 21 1471
35 22 1423
35 23 192
35 24 1423
35 25 1375
35 26 144
35 27 1375
35 28 1327
35 29 96
35 30 1327
35 31 1279
35 32 48
35 33 1279
35 34 1231
35 35 0
35 36 1231
35 37 1279
35 38 48
35 39 1279
35 40 1327
35 41 96
35 42 1327
35 43 1375
35 44 144
35 45 1375
35 46 1423
35 47 192
35 48 1423
35 49 1471
35 50 240
35 51 1471
35 52 1519
35 53 288
35 54 1519
35 55 1567
35 56 336
35 57 1567
35 58 1615
35 59 384
35 60 1615
35 61 1663
35 62 432
35 63 1663
35 64 1711
35 65 480
35 66 1711
35 67 1687
36 0 2918
36 1 1694
36 2 2401
36 3 115
36 4 325
36 5 597
36 6 1729
36 7 358
36 8 2327
36 9 2159
36 10 1260
36 11 355
36 12 2905
36 13 2798
36 14 1567
36 15 336
36 16 2750
36 17 1519
36 18 288
36 19 2702
36 20 1471
36 21 240
36 22 2654
36 23 1423
36 24 192
36 25 2606
36 26 1375
36 27 144
36 28 2558
36 29 1327
36 30 96
36 31 2510
36 32 1279
36 33 48
36 34 2462
36 35 1231
36 36 0
36 37 2510
36 38 1279
36 39 48
36 40 2558
36 41 1327
36 42 96
36 43 2606
36 44 1375
36 45 144
36 46 2654
36 47 1423
36 48 192
36 49 2702
36 50 1471
36 51 240
36 52 2750
36 53 1519
36 54 288
36 55 2798
36 56 1567
36 57 336
36 58 2846
36 59 1615
36 60 384
36 61 2894
36 62 1663
36 63 432
36 64 2942
36 65 1711
36 66 480
36 67 2918
37 0 504
37 1 1104
37 2 685
37 3 2395
37 4 2665
37 5 2105
37 6 1165
37 7 2248
37 8 663
37 9 1023
37 10 1538
37 11 2635
37 12 469
37 13 384
37 14 1615
37 15 2846
37 16 336
37 17 1567
37 18 2798
37 19 288
37 20 1519
37 21 2750
37 22 240
37 23 1471
37 24 2702
37 25 192
37 26 1423
37 27 2654
37 28 144
37 29 1375
37 30 2606
37 31 96
37 32 1327
37 33 2558
37 34 48
37 35 1279
37 36 2510
37 37 0
37 38 1231
37 39 2462
37 40 48
37 41 1279
37 42 2510
37 43 96
37 44 1327
37 45 2558
37 46 144
37 47 1375
37 48 2606
37 49 192
37 50 1423
37 51 2654
37 52 240
37 53 1471
37 54 2702
37 55 288
37 56 1519
37 57 2750
37 58 336
37 59 1567
37 60 2798
37 61 384
37 62 1615
37 63 2846
37 64 432
37 65 1663
37 66 2894
37 67 504
38 0 1735
38 1 415
38 2 1218
38 3 1164
38 4 1434
38 5 874
38 6 450
38 7 1017
38 8 1144
38 9 880
38 10 307
38 11 1404
38 12 1626
38 13 1615
38 14 384
38 15 1615
38 16 1567
38 17 336
38 18 1567
38 19 1519
38 20 288
38 21 1519
38 22 1471
38 23 240
38 24 1471
38 25 1423
38 26 192
38 27 1423
38 28 1375
38 29 144
38 30 1375
38 31 1327
38 32 96
38 33 1327
38 34 1279
38 35 48
38 36 1279
38 37 1231
38 38 0
38 39 1231
38 40 1279
38 41 48
38 42 1279
38 43 1327
38 44 96
38 45 1327
38 46 1375
38 47 144
38 48 1375
38 49 1423
38 50 192
38 51 1423
38 52 1471
38 53 240
38 54 1471
38 55 1519
38 56 288
38 57 1519
38 58 1567
38 59 336
38 60 1567
38 61 1615
38 62 384
38 63 1615
38 64 1663
38 65 432
38 66 1663
38 67 1735
39 0 2966
39 1 1646
39 2 2449
39 3 163
39 4 277
39 5 549
39 6 1681
39 7 406
39 8 2375
39 9 2111
39 10 1308
39 11 403
39 12 2857
39 13 2846
39 14 1615
39 15 384
39 16 2798
39 17 1567
39 18 336
39 19 2750
39 20 1519
39 21 288
39 22 2702
39 23 1471
39 24 240
39 25 2654
39 26 1423
39 27 192
39 28 2606
39 29 1375
39 30 144
39 31 2558
39 32 1327
39 33 96
39 34 2510
39 35 1279
39 36 48
39 37 2462
39 38 1231
39 39 0
39 40 2510
39 41 1279
39 42 48
39 43 2558
39 44 1327
39 45 96
39 46 2606
39 47 1375
39 48 144
39 49 2654
39 50 1423
39 51 192
39 52 2702
39 53 1471
39 54 240
39 55 2750
39 56 1519
39 57 288
39 58 2798
39 59 1567
39 60 336
39 61 2846
39 62 1615
39 63 384
39 64 2894
39 65 1663
39 66 432
39 67 2966
40 0 552
40 1 1056
40 2 733
40 3 2443
40 4 2617
40 5 2057
40 6 1117
40 7 2296
40 8 711
40 9 975
40 10 1586
40 11 2683
40 12 421
40 13 432
40 14 1663
40 15 2894
40 16 384
40 17 1615
40 18 2846
40 19 336
40 20 1567
40 21 2798
40 22 288
40 23 1519
40 24 2750
40 25 240
40 26 1471
40 27 2702
40 28 192
40 29 1423
40 30 2654
40 31 144
40 32 1375
40 33 2606
40 34 96
40 35 1327
40 36 2558
40 37 48
40 38 1279
40 39 2510
40 40 0
40 41 1231
40 42 2462
40 43 48
40 44 1279
40 45 2510
40 46 96
40 47 1327
40 48 2558
40 49 144
40 50 1375
40 51 2606
40 52 192
40 53 1423
40 54 2654
40 55 240
40 56 1471
40 57 2702
40 58 288
40 59 1519
40 60 2750
40 61 336
40 62 1567
40 63 2798
40 64 384
40 65 1615
40 66 2846
40 67 552
41 0 1783
41 1 367
41 2 1266
41 3 1212
41 4 1386
41 5 826
41 6 402
41 7 1065
41 8 1192
41 9 832
41 10 355
41 11 1452
41 12 1578
41 13 1663
41 14 432
41 15 1663
41 16 1615
41 17 384
41 18 1615
41 19 1567
41 20 336
41 21 1567
41 22 1519
41 23 288
41 24 1519
41 25 1471
41 26 240
41 27 1471
41 28 1423
41 29 192
41 30 1423
41 31 1375
41 32 144
41 33 1375
41 34 1327
41 35 96
41 36 1327
41 37 1279
41 38 48
41 39 1279
41 40 1231
41 41 0
41 42 1231
41 43 1279
41 44 48
41 45 1279
41 46 1327
41 47 96
41 48 1327
41 49 1375
41 50 144
41 51 1375
41 52 1423
41 53 192
41 54 1423
41 55 1471
41 56 240
41 57 1471
41 58 1519
41 59 288
41 60 1519
41 61 1567
41 62 336
41 63 1567
41 64 1615
41 65 384
41 66 1615
41 67 1783
42 0 3014
42 1 1598
42 2 2497
42 3 211
42 4 229
42 5 501
42 6 1633
42 7 454
42 8 2423
42 9 2063
42 10 1356
42 11 451
42 12 2809
42 13 2894
42 14 1663
42 15 432
42 16 2846
42 17 1615
42 18 384
42 19 2798
42 20 1567
42 21 336
42 22 2750
42 23 1519
42 24 288
42 25 2702
42 26 1471
42 27 240
42 28 2654
42 29 1423
42 30 192
42 31 2606
42 32 1375
42 33 144
42 34 2558
42 35 1327
42 36 96
42 37 2510
42 38 1279
42 39 48
42 40 2462
42 41 1231
42 42 0
42 43 2510
42 44 1279
42 45 48
42 46 2558
42 47 1327
42 48 96
42 49 2606
42 50 1375
42 51 144
42 52 2654
42 53 1423
42 54 192
42 55 2702
42 56 1471
42 57 240
42 58 2750
42 59 1519
42 60 288
42 61 2798
42 62 1567
42 63 336
42 64 2846
42 65 1615
42 66 384
42 67 3014
43 0 600
43 1 1008
43 2 781
43 3 2491
43 4 2569
43 5 2009
43 6 1069
43 7 2344
43 8 759
43 9 927
43 10 1634
43 11 2731
43 12 373
43 13 480
43 14 1711
43 15 2942
43 16 432
43 17 1663
43 18 2894
43 19 384
43 20 1615
43 21 2846
43 22 336
43 23 1567
43 24 2798
43 25 288
43 26 1519
43 27 2750
43 28 240
43 29 1471
43 30 2702
43 31 192
43 32 1423
43 33 2654
43 34 144
43 35 1375
43 36 2606
43 37 96
43 38 1327
43 39 2558
43 40 48
43 41 1279
43 42 2510
43 43 0
43 44 1231
43 45 2462
43 46 48
43 47 1279
43 48 2510
43 49 96
43 50 1327
43 51 2558
43 52 144
43 53 1375
43 54 2606
43 55 192
43 56 1423
43 57 2654
43 58 240
43 59 1471
43 60 2702
43 61 288
43 62 1519
43 63 2750
43 64 336
43 65 1567
43 66 2798
43 67 600
44 0 1831
44 1 319
44 2 1314
44 3 1260
44 4 1338
44 5 778
44 6 354
44 7 1113
44 8 1240
44 9 784
44 10 403
44 11 1500
44 12 1530
44 13 1711
44 14 480
44 15 1711
44 16 1663
44 17 432
44 18 1663
44 19 1615
44 20 384
44 21 1615
44 22 1567
44 23 336
44 24 1567
44 25 1519
44 26 288
44 27 1519
44 28 1471
44 29 240
44 30 1471
44 31 1423
44 32 192
44 33 1423
44 34 1375
44 35 144
44 36 1375
44 37 1327
44 38 96
44 39 1327
44 40 1279
44 41 48
44 42 1279
44 43 1231
44 44 0
44 45 1231
44 46 1279
44 47 48
44 48 1279
44 49 1327
44 50 96
44 51 1327
44 52 1375
44 53 144
44 54 1375
44 55 1423
44 56 192
44 57 1423
44 58 1471
44 59 240
44 60 1471
44 61 1519
44 62 288
44 63 1519
44 64 1567
44 65 336
44 66 1567
44 67 1831
45 0 3062
45 1 1550
45 2 2545
45 3 259
45 4 181
45 5 453
45 6 1585
45 7 502
45 8 2471
45 9 2015
45 10 1404
45 11 499
45 12 2761
45 13 2942
45 14 1711
45 15 480
45 16 2894
45 17 1663
45 18 432
45 19 2846
45 20 1615
45 21 384
45 22 2798
45 23 1567
45 24 336
45 25 2750
45 26 1519
45 27 288
45 28 2702
45 29 1471
45 30 240
45 31 2654
45 32 1423
45 33 192
45 34 2606
45 35 1375
45 36 144
45 37 2558
45 38 1327
45 39 96
45 40 2510
45 41 1279
45 42 48
45 43 2462
45 44 1231
45 45 0
45 46 2510
45 47 1279
45 48 48
45 49 2558
45 50 1327
45 51 96
45 52 2606
45 53 1375
45 54 144
45 55 2654
45 56 1423
45 57 192
45 58 2702
45 59 1471
45 60 240
45 61 2750
45 62 1519
45 63 288
45 64 2798
45 65 1567
45 66 336
45 67 3062
46 0 648
46 1 960
46 2 829
46 3 2539
46 4 2521
46 5 2057
46 6 1021
46 7 2392
46 8 807
46 9 879
46 10 1682
46 11 2779
46 12 325
46 13 528
46 14 1759
46 15 2990
46 16 480
46 17 1711
46 18 2942
46 19 432
46 20 1663
46 21 2894
46 22 384
46 23 1615
46 24 2846
46 25 336
46 26 1567
46 27 2798
46 28 288
46 29 1519
46 30 2750
46 31 240
46 32 1471
46 33 2702
46 34 192
46 35 1423
46 36 2654
46 37 144
46 38 1375
46 39 2606
46 40 96
46 41 1327
46 42 2558
46 43 48
46 44 1279
46 45 2510
46 46 0
46 47 1231
46 48 2462
46 49 48
46 50 1279
46 51 2510
46 52 96
46 53 1327
46 54 2558
46 55 144
46 56 1375
46 57 2606
46 58 192
46 59 1423
46 60 2654
46 61 240
46 62 1471
46 63 2702
46 64 288
46 65 1519
46 66 2750
46 67 648
47 0 1879
47 1 271
47 2 1362
47 3 1308
47 4 1290
47 5 826
47 6 306
47 7 1161
47 8 1288
47 9 736
47 10 451
47 11 1548
47 12 1482
47 13 1759
47 14 528
47 15 1759
47 16 1711
47 17 480
47 18 1711
47 19 1663
47 20 432
47 21 1663
47 22 1615
47 23 384
47 24 1615
47 25 1567
47 26 336
47 27 1567
47 28 1519
47 29 288
47 30 1519
47 31 1471
47 32 240
47 33 1471
47 34 1423
47 35 192
47 36 1423
47 37 1375
47 38 144
47 39 1375
47 40 1327
47 41 96
47 42 1327
47 43 1279
47 44 48
47 45 1279
47 46 1231
47 47 0
47 48 1231
47 49 1279
47 50 48
47 51 1279
47 52 1327
47 53 96
47 54 1327
47 55 1375
47 56 144
47 57 1375
47 58 1423
47 59 192
47 60 1423
47 61 1471
47 62 240
47 63 1471
47 64 1519
47 65 288
47 66 1519
47 67 1879
48 0 3110
48 1 1502
48 2 2593
48 3 307
48 4 133
48 5 501
48 6 1537
48 7 550
48 8 2519
48 9 1967
48 10 1452
48 11 547
48 12 2713
48 13 2990
48 14 1759
48 15 528
48 16 2942
48 17 1711
48 18 480
48 19 2894
48 20 1663
48 21 432
48 22 2846
48 23 1615
48 24 384
48 25 2798
48 26 1567
48 27 336
48 28 2750
48 29 1519
48 30 288
48 31 2702
48 32 1471
48 33 240
48 34 2654
48 35 1423
48 36 192
48 37 2606
48 38 1375
48 39 144
48 40 2558
48 41 1327
48 42 96
48 43 2510
48 44 1279
48 45 48
48 46 2462
48 47 1231
48 48 0
48 49 2510
48 50 1279
48 51 48
48 52 2558
48 53 1327
48 54 96
48 55 2606
48 56 1375
48 57 144
48 58 2654
48 59 1423
48 60 192
48 61 2702
48 62 1471
48 63 240
48 64 2750
48 65 1519
48 66 288
48 67 3110
49 0 696
49 1 1008
49 2 877
49 3 2587
49 4 2473
49 5 2105
49 6 973
49 7 2440
49 8 855
49 9 831
49 10 1730
49 11 2827
49 12 277
49 13 576
49 14 1807
49 15 3038
49 16 528
49 17 1759
49 18 2990
49 19 480
49 20 1711
49 21 2942
49 22 432
49 23 1663
49 24 2894
49 25 384
49 26 1615
49 27 2846
49 28 336
49 29 1567
49 30 2798
49 31 288
49 32 1519
49 33 2750
49 34 240
49 35 1471
49 36 2702
49 37 192
49 38 1423
49 39 2654
49 40 144
49 41 1375
49 42 2606
49 43 96
49 44 1327
49 45 2558
49 46 48
49 47 1279
49 48 2510
49 49 0
49 50 1231
49 51 2462
49 52 48
49 53 1279
49 54 2510
49 55 96
49 56 1327
49 57 2558
49 58 144
49 59 1375
49 60 2606
49 61 192
49 62 1423
49 63 2654
49 64 240
49 65 1471
49 66 2702
49 67 696
50 0 1927
50 1 319
50 2 1410
50 3 1356
50 4 1242
50 5 874
50 6 258
50 7 1209
50 8 1336
50 9 688
50 10 499
50 11 1596
50 12 1434
50 13 1807
50 14 576
50 15 1807
50 16 1759
50 17 528
50 18 1759
50 19 1711
50 20 480
50 21 1711
50 22 1663
50 23 432
50 24 1663
50 25 1615
50 26 384
50 27 1615
50 28 1567
50 29 336
50 30 1567
50 31 1519
50 32 288
50 33 1519
50 34 1471
50 35 240
50 36 1471
50 37 1423
50 38 192
50 39 1423
50 40 1375
50 41 144
50 42 1375
50 43 1327
50 44 96
50 45 1327
50 46 1279
50 47 48
50 48 1279
50 49 1231
50 50 0
50 51 1231
50 52 1279
50 53 48
50 54 1279
50 55 1327
50 56 96
50 57 1327
50 58 1375
50 59 144
50 60 1375
50 61 1423
50 62 192
50 63 1423
50 64 1471
50 65 240
50 66 1471
50 67 1927
51 0 3158
51 1 1550
51 2 2641
51 3 355
51 4 85
51 5 549
51 6 1489
51 7 598
51 8 2567
51 9 1919
51 10 1500
51 11 595
51 12 2665
51 13 3038
51 14 1807
51 15 576
51 16 2990
51 17 1759
51 18 528
51 19 2942
51 20 1711
51 21 480
51 22 2894
51 23 1663
51 24 432
51 25 2846
51 26 1615
51 27 384
51 28 2798
51 29 1567
51 30 336
51 31 2750
51 32 1519
51 33 288
51 34 2702
51 35 1471
51 36 240
51 37 2654
51 38 1423
51 39 192
51 40 2606
51 41 1375
51 42 144
51 43 2558
51 44 1327
51 45 96
51 46 2510
51 47 1279
51 48 48
51 49 2462
51 50 1231
51 51 0
51 52 2510
51 53 1279
51 54 48
51 55 2558
51 56 1327
51 57 96
51 58 2606
51 59 1375
51 60 144
51 61 2654
51 62 1423
51 63 192
51 64 2702
51 65 1471
51 66 240
51 67 3158
52 0 744
52 1 1056
52 2 925
52 3 2635
52 4 2425
52 5 2153
52 6 1021
52 7 2488
52 8 903
52 9 783
52 10 1778
52 11 2875
52 12 229
52 13 624
52 14 1855
52 15 3086
52 16 576
52 17 1807
52 18 3038
52 19 528
52 20 1759
52 21 2990
52 22 480
52 23 1711
52 24 2942
52 25 432
52 26 1663
52 27 2894
52 28 384
52 29 1615
52 30 2846
52 31 336
52 32 1567
52 33 2798
52 34 288
52 35 1519
52 36 2750
52 37 240
52 38 1471
52 39 2702
52 40 192
52 41 1423
52 42 2654
52 43 144
52 44 1375
52 45 2606
52 46 96
52 47 1327
52 48 2558
52 49 48
52 50 1279
52 51 2510
52 52 0
52 53 1231
52 54 2462
52 55 48
52 56 1279
52 57 2510
52 58 96
52 59 1327
52 60 2558
52 61 144
52 62 1375
52 63 2606
52 64 192
52 65 1423
52 66 2654
52 67 744
53 0 1975
53 1 367
53 2 1458
53 3 1404
53 4 1194
53 5 922
53 6 306
53 7 1257
53 8 1384
53 9 640
53 10 547
53 11 1644
53 12 1386
53 13 1855
53 14 624
53 15 1855
53 16 1807
53 17 576
53 18 1807
53 19 1759
53 20 528
53 21 1759
53 22 1711
53 23 480
53 24 1711
53 25 1663
53 26 432
53 27 1663
53 28 1615
53 29 384
53 30 1615
53 31 1567
53 32 336
53 33 1567
53 34 1519
53 35 288
53 36 1519
53 37 1471
53 38 240
53 39 1471
53 40 1423
53 41 192
53 42 1423
53 43 1375
53 44 144
53 45 1375
53 46 1327
