//alpha
1
//NbLocations
55
//NbProducts
19
//NbPickers
2
//CapaPicker
8
//TimeToTravelOneDistanceUnit
3
//SetupTime
5400
//PickTime
300
//Products
//Idx Location Size
1 1 1
2 2 1
3 3 1
4 4 1
5 5 1
6 6 1
7 7 1
8 8 1
9 9 1
10 10 1
11 11 1
12 12 1
13 13 1
14 5 1
15 14 1
16 15 1
17 16 1
18 17 1
19 18 1
//Orders
//NbOrders
6
//Idx DueDate TardinessPenalty NbProdInOrder ProdIdx1 Qty1 ProdIdx2 Qty2 ...
1 90000 0 2 1 1 2 1
2 108000 0 8 3 1 4 1 5 1 6 1 7 1 8 1 9 1 10 1
3 108000 0 1 11 1
4 72000 0 5 12 1 13 1 14 1 15 1 16 1
5 144000 0 2 17 1 18 1
6 144000 0 1 19 1
//Graph (Products are vertices indexed from 1 to NbProducts)
//NbVerticesIntersections
36
//DepartingDepot
0
//ArrivalDepot
55
//Arcs
//Start End Distance
0 19 120
1 7 442
1 26 232
2 15 182
2 47 479
3 29 622
3 30 219
4 31 453
4 32 388
5 8 26
5 18 299
6 28 180
6 29 661
7 1 442
7 25 167
8 5 26
8 22 154
9 49 674
9 50 167
10 50 258
10 51 583
11 18 143
11 23 219
12 40 193
12 41 648
13 14 416
13 44 336
14 13 416
14 43 89
15 2 182
15 48 180
16 20 752
16 21 89
17 53 674
17 54 167
18 5 299
18 11 143
19 20 841
19 22 48
19 55 120
20 16 752
20 19 841
20 23 48
21 16 89
21 24 48
22 8 154
22 19 48
22 25 48
23 11 219
23 20 48
23 24 841
23 26 48
24 21 48
24 23 841
24 27 48
25 7 167
25 22 48
25 28 48
26 1 232
26 23 48
26 27 841
26 29 48
27 24 48
27 26 841
27 30 48
28 6 180
28 25 48
28 31 48
29 3 622
29 6 661
29 26 48
29 32 48
30 3 219
30 27 48
30 33 48
31 4 453
31 28 48
31 34 48
32 4 388
32 29 48
32 33 841
32 35 48
33 30 48
33 32 841
33 36 48
34 31 48
34 35 841
34 37 48
35 32 48
35 34 841
35 36 841
35 38 48
36 33 48
36 35 841
36 39 48
37 34 48
37 38 841
37 40 48
38 35 48
38 37 841
38 39 841
38 41 48
39 36 48
39 38 841
39 42 48
40 12 193
40 37 48
40 43 48
41 12 648
41 38 48
41 42 841
41 44 48
42 39 48
42 41 841
42 45 48
43 14 89
43 40 48
43 46 48
44 13 336
44 41 48
44 45 841
44 47 48
45 42 48
45 44 841
45 48 48
46 43 48
46 47 841
46 49 48
47 2 479
47 44 48
47 46 841
47 50 48
48 15 180
48 45 48
48 51 48
49 9 674
49 46 48
49 52 48
50 9 167
50 10 258
50 47 48
50 53 48
51 10 583
51 48 48
51 54 48
52 49 48
52 53 841
53 17 674
53 50 48
53 52 841
54 17 167
54 51 48
//LocStart LocEnd ShortestPath
0 0 0
0 1 825
0 2 1872
0 3 1727
0 4 765
0 5 348
0 6 444
0 7 383
0 8 322
0 9 1274
0 10 1699
0 11 790
0 12 649
0 13 1009
0 14 593
0 15 2054
0 16 1713
0 17 2163
0 18 647
0 19 120
0 20 961
0 21 1802
0 22 168
0 23 1009
0 24 1850
0 25 216
0 26 1057
0 27 1898
0 28 264
0 29 1105
0 30 1946
0 31 312
0 32 1153
0 33 1994
0 34 360
0 35 1201
0 36 2042
0 37 408
0 38 1249
0 39 2090
0 40 456
0 41 1297
0 42 2138
0 43 504
0 44 1345
0 45 2186
0 46 552
0 47 1393
0 48 2234
0 49 600
0 50 1441
0 51 2282
0 52 648
0 53 1489
0 54 2330
0 55 0
1 0 825
1 1 0
1 2 1047
1 3 902
1 4 716
1 5 837
1 6 837
1 7 442
1 8 811
1 9 783
1 10 874
1 11 499
1 12 1042
1 13 856
1 14 986
1 15 1229
1 16 1080
1 17 1338
1 18 642
1 19 705
1 20 328
1 21 1169
1 22 657
1 23 280
1 24 1121
1 25 609
1 26 232
1 27 1073
1 28 657
1 29 280
1 30 1121
1 31 705
1 32 328
1 33 1169
1 34 753
1 35 376
1 36 1217
1 37 801
1 38 424
1 39 1265
1 40 849
1 41 472
1 42 1313
1 43 897
1 44 520
1 45 1361
1 46 945
1 47 568
1 48 1409
1 49 993
1 50 616
1 51 1457
1 52 1041
1 53 664
1 54 1505
1 55 825
2 0 1872
2 1 1047
2 2 0
2 3 869
2 4 1107
2 5 1524
2 6 1428
2 7 1489
2 8 1550
2 9 694
2 10 785
2 11 1082
2 12 1223
2 13 863
2 14 1279
2 15 182
2 16 883
2 17 625
2 18 1225
2 19 1752
2 20 911
2 21 794
2 22 1704
2 23 863
2 24 746
2 25 1656
2 26 815
2 27 698
2 28 1608
2 29 767
2 30 650
2 31 1560
2 32 719
2 33 602
2 34 1512
2 35 671
2 36 554
2 37 1464
2 38 623
2 39 506
2 40 1416
2 41 575
2 42 458
2 43 1368
2 44 527
2 45 410
2 46 1320
2 47 479
2 48 362
2 49 1368
2 50 527
2 51 410
2 52 1416
2 53 575
2 54 458
2 55 1872
3 0 1727
3 1 902
3 2 869
3 3 0
3 4 1058
3 5 1379
3 6 1283
3 7 1344
3 8 1405
3 9 1125
3 10 1138
3 11 937
3 12 1462
3 13 1198
3 14 1614
3 15 687
3 16 452
3 17 770
3 18 1080
3 19 1607
3 20 766
3 21 363
3 22 1559
3 23 718
3 24 315
3 25 1511
3 26 670
3 27 267
3 28 1463
3 29 622
3 30 219
3 31 1511
3 32 670
3 33 267
3 34 1559
3 35 718
3 36 315
3 37 1607
3 38 766
3 39 363
3 40 1655
3 41 814
3 42 411
3 43 1703
3 44 862
3 45 459
3 46 1751
3 47 910
3 48 507
3 49 1799
3 50 958
3 51 555
3 52 1847
3 53 1006
3 54 603
3 55 1727
4 0 765
4 1 716
4 2 1107
4 3 1058
4 4 0
4 5 777
4 6 681
4 7 716
4 8 751
4 9 843
4 10 934
4 11 751
4 12 790
4 13 916
4 14 734
4 15 1289
4 16 1332
4 17 1398
4 18 894
4 19 645
4 20 580
4 21 1421
4 22 597
4 23 532
4 24 1373
4 25 549
4 26 484
4 27 1325
4 28 501
4 29 436
4 30 1277
4 31 453
4 32 388
4 33 1229
4 34 501
4 35 436
4 36 1277
4 37 549
4 38 484
4 39 1325
4 40 597
4 41 532
4 42 1373
4 43 645
4 44 580
4 45 1421
4 46 693
4 47 628
4 48 1469
4 49 741
4 50 676
4 51 1517
4 52 789
4 53 724
4 54 1565
4 55 765
5 0 348
5 1 837
5 2 1524
5 3 1379
5 4 777
5 5 0
5 6 456
5 7 395
5 8 26
5 9 1260
5 10 1351
5 11 442
5 12 661
5 13 1021
5 14 605
5 15 1706
5 16 1461
5 17 1815
5 18 299
5 19 228
5 20 709
5 21 1550
5 22 180
5 23 661
5 24 1502
5 25 228
5 26 709
5 27 1550
5 28 276
5 29 757
5 30 1598
5 31 324
5 32 805
5 33 1646
5 34 372
5 35 853
5 36 1694
5 37 420
5 38 901
5 39 1742
5 40 468
5 41 949
5 42 1790
5 43 516
5 44 997
5 45 1838
5 46 564
5 47 1045
5 48 1886
5 49 612
5 50 1093
5 51 1934
5 52 660
5 53 1141
5 54 1982
5 55 348
6 0 444
6 1 837
6 2 1428
6 3 1283
6 4 681
6 5 456
6 6 0
6 7 395
6 8 430
6 9 1164
6 10 1255
6 11 898
6 12 565
6 13 925
6 14 509
6 15 1610
6 16 1557
6 17 1719
6 18 755
6 19 324
6 20 805
6 21 1646
6 22 276
6 23 757
6 24 1598
6 25 228
6 26 709
6 27 1550
6 28 180
6 29 661
6 30 1502
6 31 228
6 32 709
6 33 1550
6 34 276
6 35 757
6 36 1598
6 37 324
6 38 805
6 39 1646
6 40 372
6 41 853
6 42 1694
6 43 420
6 44 901
6 45 1742
6 46 468
6 47 949
6 48 1790
6 49 516
6 50 997
6 51 1838
6 52 564
6 53 1045
6 54 1886
6 55 444
7 0 383
7 1 442
7 2 1489
7 3 1344
7 4 716
7 5 395
7 6 395
7 7 0
7 8 369
7 9 1225
7 10 1316
7 11 837
7 12 600
7 13 960
7 14 544
7 15 1671
7 16 1522
7 17 1780
7 18 694
7 19 263
7 20 770
7 21 1611
7 22 215
7 23 722
7 24 1563
7 25 167
7 26 674
7 27 1515
7 28 215
7 29 722
7 30 1563
7 31 263
7 32 770
7 33 1611
7 34 311
7 35 818
7 36 1659
7 37 359
7 38 866
7 39 1707
7 40 407
7 41 914
7 42 1755
7 43 455
7 44 962
7 45 1803
7 46 503
7 47 1010
7 48 1851
7 49 551
7 50 1058
7 51 1899
7 52 599
7 53 1106
7 54 1947
7 55 383
8 0 322
8 1 811
8 2 1550
8 3 1405
8 4 751
8 5 26
8 6 430
8 7 369
8 8 0
8 9 1260
8 10 1377
8 11 468
8 12 635
8 13 995
8 14 579
8 15 1732
8 16 1487
8 17 1841
8 18 325
8 19 202
8 20 735
8 21 1576
8 22 154
8 23 687
8 24 1528
8 25 202
8 26 735
8 27 1576
8 28 250
8 29 783
8 30 1624
8 31 298
8 32 831
8 33 1672
8 34 346
8 35 879
8 36 1720
8 37 394
8 38 927
8 39 1768
8 40 442
8 41 975
8 42 1816
8 43 490
8 44 1023
8 45 1864
8 46 538
8 47 1071
8 48 1912
8 49 586
8 50 1119
8 51 1960
8 52 634
8 53 1167
8 54 2008
8 55 322
9 0 1274
9 1 783
9 2 694
9 3 1125
9 4 843
9 5 1260
9 6 1164
9 7 1225
9 8 1260
9 9 0
9 10 425
9 11 818
9 12 959
9 13 599
9 14 859
9 15 876
9 16 1399
9 17 889
9 18 961
9 19 1154
9 20 647
9 21 1488
9 22 1106
9 23 599
9 24 1440
9 25 1058
9 26 551
9 27 1392
9 28 1010
9 29 503
9 30 1344
9 31 962
9 32 455
9 33 1296
9 34 914
9 35 407
9 36 1248
9 37 866
9 38 359
9 39 1200
9 40 818
9 41 311
9 42 1152
9 43 770
9 44 263
9 45 1104
9 46 722
9 47 215
9 48 1056
9 49 674
9 50 167
9 51 1008
9 52 722
9 53 215
9 54 1056
9 55 1274
10 0 1699
10 1 874
10 2 785
10 3 1138
10 4 934
10 5 1351
10 6 1255
10 7 1316
10 8 1377
10 9 425
10 10 0
10 11 909
10 12 1050
10 13 690
10 14 1106
10 15 811
10 16 1152
10 17 798
10 18 1052
10 19 1579
10 20 738
10 21 1063
10 22 1531
10 23 690
10 24 1015
10 25 1483
10 26 642
10 27 967
10 28 1435
10 29 594
10 30 919
10 31 1387
10 32 546
10 33 871
10 34 1339
10 35 498
10 36 823
10 37 1291
10 38 450
10 39 775
10 40 1243
10 41 402
10 42 727
10 43 1195
10 44 354
10 45 679
10 46 1147
10 47 306
10 48 631
10 49 1099
10 50 258
10 51 583
10 52 1147
10 53 306
10 54 631
10 55 1699
11 0 790
11 1 499
11 2 1082
11 3 937
11 4 751
11 5 442
11 6 898
11 7 837
11 8 468
11 9 818
11 10 909
11 11 0
11 12 1103
11 13 891
11 14 1047
11 15 1264
11 16 1019
11 17 1373
11 18 143
11 19 670
11 20 267
11 21 1108
11 22 622
11 23 219
11 24 1060
11 25 670
11 26 267
11 27 1108
11 28 718
11 29 315
11 30 1156
11 31 766
11 32 363
11 33 1204
11 34 814
11 35 411
11 36 1252
11 37 862
11 38 459
11 39 1300
11 40 910
11 41 507
11 42 1348
11 43 958
11 44 555
11 45 1396
11 46 1006
11 47 603
11 48 1444
11 49 1054
11 50 651
11 51 1492
11 52 1102
11 53 699
11 54 1540
11 55 790
12 0 649
12 1 1042
12 2 1223
12 3 1462
12 4 790
12 5 661
12 6 565
12 7 600
12 8 635
12 9 959
12 10 1050
12 11 1103
12 12 0
12 13 746
12 14 330
12 15 1405
12 16 1736
12 17 1514
12 18 960
12 19 529
12 20 984
12 21 1825
12 22 481
12 23 936
12 24 1777
12 25 433
12 26 888
12 27 1729
12 28 385
12 29 840
12 30 1681
12 31 337
12 32 792
12 33 1633
12 34 289
12 35 744
12 36 1585
12 37 241
12 38 696
12 39 1537
12 40 193
12 41 648
12 42 1489
12 43 241
12 44 696
12 45 1537
12 46 289
12 47 744
12 48 1585
12 49 337
12 50 792
12 51 1633
12 52 385
12 53 840
12 54 1681
12 55 649
13 0 1009
13 1 856
13 2 863
13 3 1198
13 4 916
13 5 1021
13 6 925
13 7 960
13 8 995
13 9 599
13 10 690
13 11 891
13 12 746
13 13 0
13 14 416
13 15 1045
13 16 1472
13 17 1154
13 18 1034
13 19 889
13 20 720
13 21 1561
13 22 841
13 23 672
13 24 1513
13 25 793
13 26 624
13 27 1465
13 28 745
13 29 576
13 30 1417
13 31 697
13 32 528
13 33 1369
13 34 649
13 35 480
13 36 1321
13 37 601
13 38 432
13 39 1273
13 40 553
13 41 384
13 42 1225
13 43 505
13 44 336
13 45 1177
13 46 553
13 47 384
13 48 1225
13 49 601
13 50 432
13 51 1273
13 52 649
13 53 480
13 54 1321
13 55 1009
14 0 593
14 1 986
14 2 1279
14 3 1614
14 4 734
14 5 605
14 6 509
14 7 544
14 8 579
14 9 859
14 10 1106
14 11 1047
14 12 330
14 13 416
14 14 0
14 15 1461
14 16 1888
14 17 1570
14 18 904
14 19 473
14 20 1136
14 21 1977
14 22 425
14 23 1088
14 24 1929
14 25 377
14 26 1040
14 27 1881
14 28 329
14 29 992
14 30 1833
14 31 281
14 32 944
14 33 1785
14 34 233
14 35 896
14 36 1737
14 37 185
14 38 848
14 39 1689
14 40 137
14 41 800
14 42 1641
14 43 89
14 44 752
14 45 1593
14 46 137
14 47 800
14 48 1641
14 49 185
14 50 848
14 51 1689
14 52 233
14 53 896
14 54 1737
14 55 593
15 0 2054
15 1 1229
15 2 182
15 3 687
15 4 1289
15 5 1706
15 6 1610
15 7 1671
15 8 1732
15 9 876
15 10 811
15 11 1264
15 12 1405
15 13 1045
15 14 1461
15 15 0
15 16 701
15 17 443
15 18 1407
15 19 1934
15 20 1093
15 21 612
15 22 1886
15 23 1045
15 24 564
15 25 1838
15 26 997
15 27 516
15 28 1790
15 29 949
15 30 468
15 31 1742
15 32 901
15 33 420
15 34 1694
15 35 853
15 36 372
15 37 1646
15 38 805
15 39 324
15 40 1598
15 41 757
15 42 276
15 43 1550
15 44 709
15 45 228
15 46 1502
15 47 661
15 48 180
15 49 1550
15 50 709
15 51 228
15 52 1598
15 53 757
15 54 276
15 55 2054
16 0 1713
16 1 1080
16 2 883
16 3 452
16 4 1332
16 5 1461
16 6 1557
16 7 1522
16 8 1487
16 9 1399
16 10 1152
16 11 1019
16 12 1736
16 13 1472
16 14 1888
16 15 701
16 16 0
16 17 784
16 18 1162
16 19 1593
16 20 752
16 21 89
16 22 1641
16 23 800
16 24 137
16 25 1689
16 26 848
16 27 185
16 28 1737
16 29 896
16 30 233
16 31 1785
16 32 944
16 33 281
16 34 1833
16 35 992
16 36 329
16 37 1881
16 38 1040
16 39 377
16 40 1929
16 41 1088
16 42 425
16 43 1977
16 44 1136
16 45 473
16 46 2025
16 47 1184
16 48 521
16 49 2073
16 50 1232
16 51 569
16 52 2121
16 53 1280
16 54 617
16 55 1713
17 0 2163
17 1 1338
17 2 625
17 3 770
17 4 1398
17 5 1815
17 6 1719
17 7 1780
17 8 1841
17 9 889
17 10 798
17 11 1373
17 12 1514
17 13 1154
17 14 1570
17 15 443
17 16 784
17 17 0
17 18 1516
17 19 2043
17 20 1202
17 21 695
17 22 1995
17 23 1154
17 24 647
17 25 1947
17 26 1106
17 27 599
17 28 1899
17 29 1058
17 30 551
17 31 1851
17 32 1010
17 33 503
17 34 1803
17 35 962
17 36 455
17 37 1755
17 38 914
17 39 407
17 40 1707
17 41 866
17 42 359
17 43 1659
17 44 818
17 45 311
17 46 1611
17 47 770
17 48 263
17 49 1563
17 50 722
17 51 215
17 52 1515
17 53 674
17 54 167
17 55 2163
18 0 647
18 1 642
18 2 1225
18 3 1080
18 4 894
18 5 299
18 6 755
18 7 694
18 8 325
18 9 961
18 10 1052
18 11 143
18 12 960
18 13 1034
18 14 904
18 15 1407
18 16 1162
18 17 1516
18 18 0
18 19 527
18 20 410
18 21 1251
18 22 479
18 23 362
18 24 1203
18 25 527
18 26 410
18 27 1251
18 28 575
18 29 458
18 30 1299
18 31 623
18 32 506
18 33 1347
18 34 671
18 35 554
18 36 1395
18 37 719
18 38 602
18 39 1443
18 40 767
18 41 650
18 42 1491
18 43 815
18 44 698
18 45 1539
18 46 863
18 47 746
18 48 1587
18 49 911
18 50 794
18 51 1635
18 52 959
18 53 842
18 54 1683
18 55 647
19 0 120
19 1 705
19 2 1752
19 3 1607
19 4 645
19 5 228
19 6 324
19 7 263
19 8 202
19 9 1154
19 10 1579
19 11 670
19 12 529
19 13 889
19 14 473
19 15 1934
19 16 1593
19 17 2043
19 18 527
19 19 0
19 20 841
19 21 1682
19 22 48
19 23 889
19 24 1730
19 25 96
19 26 937
19 27 1778
19 28 144
19 29 985
19 30 1826
19 31 192
19 32 1033
19 33 1874
19 34 240
19 35 1081
19 36 1922
19 37 288
19 38 1129
19 39 1970
19 40 336
19 41 1177
19 42 2018
19 43 384
19 44 1225
19 45 2066
19 46 432
19 47 1273
19 48 2114
19 49 480
19 50 1321
19 51 2162
19 52 528
19 53 1369
19 54 2210
19 55 120
20 0 961
20 1 328
20 2 911
20 3 766
20 4 580
20 5 709
20 6 805
20 7 770
20 8 735
20 9 647
20 10 738
20 11 267
20 12 984
20 13 720
20 14 1136
20 15 1093
20 16 752
20 17 1202
20 18 410
20 19 841
20 20 0
20 21 841
20 22 889
20 23 48
20 24 889
20 25 937
20 26 96
20 27 937
20 28 985
20 29 144
20 30 985
20 31 1033
20 32 192
20 33 1033
20 34 1081
20 35 240
20 36 1081
20 37 1129
20 38 288
20 39 1129
20 40 1177
20 41 336
20 42 1177
20 43 1225
20 44 384
20 45 1225
20 46 1273
20 47 432
20 48 1273
20 49 1321
20 50 480
20 51 1321
20 52 1369
20 53 528
20 54 1369
20 55 961
21 0 1802
21 1 1169
21 2 794
21 3 363
21 4 1421
21 5 1550
21 6 1646
21 7 1611
21 8 1576
21 9 1488
21 10 1063
21 11 1108
21 12 1825
21 13 1561
21 14 1977
21 15 612
21 16 89
21 17 695
21 18 1251
21 19 1682
21 20 841
21 21 0
21 22 1730
21 23 889
21 24 48
21 25 1778
21 26 937
21 27 96
21 28 1826
21 29 985
21 30 144
21 31 1874
21 32 1033
21 33 192
21 34 1922
21 35 1081
21 36 240
21 37 1970
21 38 1129
21 39 288
21 40 2018
21 41 1177
21 42 336
21 43 2066
21 44 1225
21 45 384
21 46 2114
21 47 1273
21 48 432
21 49 2162
21 50 1321
21 51 480
21 52 2210
21 53 1369
21 54 528
21 55 1802
22 0 168
22 1 657
22 2 1704
22 3 1559
22 4 597
22 5 180
22 6 276
22 7 215
22 8 154
22 9 1106
22 10 1531
22 11 622
22 12 481
22 13 841
22 14 425
22 15 1886
22 16 1641
22 17 1995
22 18 479
22 19 48
22 20 889
22 21 1730
22 22 0
22 23 841
22 24 1682
22 25 48
22 26 889
22 27 1730
22 28 96
22 29 937
22 30 1778
22 31 144
22 32 985
22 33 1826
22 34 192
22 35 1033
22 36 1874
22 37 240
22 38 1081
22 39 1922
22 40 288
22 41 1129
22 42 1970
22 43 336
22 44 1177
22 45 2018
22 46 384
22 47 1225
22 48 2066
22 49 432
22 50 1273
22 51 2114
22 52 480
22 53 1321
22 54 2162
22 55 168
23 0 1009
23 1 280
23 2 863
23 3 718
23 4 532
23 5 661
23 6 757
23 7 722
23 8 687
23 9 599
23 10 690
23 11 219
23 12 936
23 13 672
23 14 1088
23 15 1045
23 16 800
23 17 1154
23 18 362
23 19 889
23 20 48
23 21 889
23 22 841
23 23 0
23 24 841
23 25 889
23 26 48
23 27 889
23 28 937
23 29 96
23 30 937
23 31 985
23 32 144
23 33 985
23 34 1033
23 35 192
23 36 1033
23 37 1081
23 38 240
23 39 1081
23 40 1129
23 41 288
23 42 1129
23 43 1177
23 44 336
23 45 1177
23 46 1225
23 47 384
23 48 1225
23 49 1273
23 50 432
23 51 1273
23 52 1321
23 53 480
23 54 1321
23 55 1009
24 0 1850
24 1 1121
24 2 746
24 3 315
24 4 1373
24 5 1502
24 6 1598
24 7 1563
24 8 1528
24 9 1440
24 10 1015
24 11 1060
24 12 1777
24 13 1513
24 14 1929
24 15 564
24 16 137
24 17 647
24 18 1203
24 19 1730
24 20 889
24 21 48
24 22 1682
24 23 841
24 24 0
24 25 1730
24 26 889
24 27 48
24 28 1778
24 29 937
24 30 96
24 31 1826
24 32 985
24 33 144
24 34 1874
24 35 1033
24 36 192
24 37 1922
24 38 1081
24 39 240
24 40 1970
24 41 1129
24 42 288
24 43 2018
24 44 1177
24 45 336
24 46 2066
24 47 1225
24 48 384
24 49 2114
24 50 1273
24 51 432
24 52 2162
24 53 1321
24 54 480
24 55 1850
25 0 216
25 1 609
25 2 1656
25 3 1511
25 4 549
25 5 228
25 6 228
25 7 167
25 8 202
25 9 1058
25 10 1483
25 11 670
25 12 433
25 13 793
25 14 377
25 15 1838
25 16 1689
25 17 1947
25 18 527
25 19 96
25 20 937
25 21 1778
25 22 48
25 23 889
25 24 1730
25 25 0
25 26 841
25 27 1682
25 28 48
25 29 889
25 30 1730
25 31 96
25 32 937
25 33 1778
25 34 144
25 35 985
25 36 1826
25 37 192
25 38 1033
25 39 1874
25 40 240
25 41 1081
25 42 1922
25 43 288
25 44 1129
25 45 1970
25 46 336
25 47 1177
25 48 2018
25 49 384
25 50 1225
25 51 2066
25 52 432
25 53 1273
25 54 2114
25 55 216
26 0 1057
26 1 232
26 2 815
26 3 670
26 4 484
26 5 709
26 6 709
26 7 674
26 8 735
26 9 551
26 10 642
26 11 267
26 12 888
26 13 624
26 14 1040
26 15 997
26 16 848
26 17 1106
26 18 410
26 19 937
26 20 96
26 21 937
26 22 889
26 23 48
26 24 889
26 25 841
26 26 0
26 27 841
26 28 889
26 29 48
26 30 889
26 31 937
26 32 96
26 33 937
26 34 985
26 35 144
26 36 985
26 37 1033
26 38 192
26 39 1033
26 40 1081
26 41 240
26 42 1081
26 43 1129
26 44 288
26 45 1129
26 46 1177
26 47 336
26 48 1177
26 49 1225
26 50 384
26 51 1225
26 52 1273
26 53 432
26 54 1273
26 55 1057
27 0 1898
27 1 1073
27 2 698
27 3 267
27 4 1325
27 5 1550
27 6 1550
27 7 1515
27 8 1576
27 9 1392
27 10 967
27 11 1108
27 12 1729
27 13 1465
27 14 1881
27 15 516
27 16 185
27 17 599
27 18 1251
27 19 1778
27 20 937
27 21 96
27 22 1730
27 23 889
27 24 48
27 25 1682
27 26 841
27 27 0
27 28 1730
27 29 889
27 30 48
27 31 1778
27 32 937
27 33 96
27 34 1826
27 35 985
27 36 144
27 37 1874
27 38 1033
27 39 192
27 40 1922
27 41 1081
27 42 240
27 43 1970
27 44 1129
27 45 288
27 46 2018
27 47 1177
27 48 336
27 49 2066
27 50 1225
27 51 384
27 52 2114
27 53 1273
27 54 432
27 55 1898
28 0 264
28 1 657
28 2 1608
28 3 1463
28 4 501
28 5 276
28 6 180
28 7 215
28 8 250
28 9 1010
28 10 1435
28 11 718
28 12 385
28 13 745
28 14 329
28 15 1790
28 16 1737
28 17 1899
28 18 575
28 19 144
28 20 985
28 21 1826
28 22 96
28 23 937
28 24 1778
28 25 48
28 26 889
28 27 1730
28 28 0
28 29 841
28 30 1682
28 31 48
28 32 889
28 33 1730
28 34 96
28 35 937
28 36 1778
28 37 144
28 38 985
28 39 1826
28 40 192
28 41 1033
28 42 1874
28 43 240
28 44 1081
28 45 1922
28 46 288
28 47 1129
28 48 1970
28 49 336
28 50 1177
28 51 2018
28 52 384
28 53 1225
28 54 2066
28 55 264
29 0 1105
29 1 280
29 2 767
29 3 622
29 4 436
29 5 757
29 6 661
29 7 722
29 8 783
29 9 503
29 10 594
29 11 315
29 12 840
29 13 576
29 14 992
29 15 949
29 16 896
29 17 1058
29 18 458
29 19 985
29 20 144
29 21 985
29 22 937
29 23 96
29 24 937
29 25 889
29 26 48
29 27 889
29 28 841
29 29 0
29 30 841
29 31 889
29 32 48
29 33 889
29 34 937
29 35 96
29 36 937
29 37 985
29 38 144
29 39 985
29 40 1033
29 41 192
29 42 1033
29 43 1081
29 44 240
29 45 1081
29 46 1129
29 47 288
29 48 1129
29 49 1177
29 50 336
29 51 1177
29 52 1225
29 53 384
29 54 1225
29 55 1105
30 0 1946
30 1 1121
30 2 650
30 3 219
30 4 1277
30 5 1598
30 6 1502
30 7 1563
30 8 1624
30 9 1344
30 10 919
30 11 1156
30 12 1681
30 13 1417
30 14 1833
30 15 468
30 16 233
30 17 551
30 18 1299
30 19 1826
30 20 985
30 21 144
30 22 1778
30 23 937
30 24 96
30 25 1730
30 26 889
30 27 48
30 28 1682
30 29 841
30 30 0
30 31 1730
30 32 889
30 33 48
30 34 1778
30 35 937
30 36 96
30 37 1826
30 38 985
30 39 144
30 40 1874
30 41 1033
30 42 192
30 43 1922
30 44 1081
30 45 240
30 46 1970
30 47 1129
30 48 288
30 49 2018
30 50 1177
30 51 336
30 52 2066
30 53 1225
30 54 384
30 55 1946
31 0 312
31 1 705
31 2 1560
31 3 1511
31 4 453
31 5 324
31 6 228
31 7 263
31 8 298
31 9 962
31 10 1387
31 11 766
31 12 337
31 13 697
31 14 281
31 15 1742
31 16 1785
31 17 1851
31 18 623
31 19 192
31 20 1033
31 21 1874
31 22 144
31 23 985
31 24 1826
31 25 96
31 26 937
31 27 1778
31 28 48
31 29 889
31 30 1730
31 31 0
31 32 841
31 33 1682
31 34 48
31 35 889
31 36 1730
31 37 96
31 38 937
31 39 1778
31 40 144
31 41 985
31 42 1826
31 43 192
31 44 1033
31 45 1874
31 46 240
31 47 1081
31 48 1922
31 49 288
31 50 1129
31 51 1970
31 52 336
31 53 1177
31 54 2018
31 55 312
32 0 1153
32 1 328
32 2 719
32 3 670
32 4 388
32 5 805
32 6 709
32 7 770
32 8 831
32 9 455
32 10 546
32 11 363
32 12 792
32 13 528
32 14 944
32 15 901
32 16 944
32 17 1010
32 18 506
32 19 1033
32 20 192
32 21 1033
32 22 985
32 23 144
32 24 985
32 25 937
32 26 96
32 27 937
32 28 889
32 29 48
32 30 889
32 31 841
32 32 0
32 33 841
32 34 889
32 35 48
32 36 889
32 37 937
32 38 96
32 39 937
32 40 985
32 41 144
32 42 985
32 43 1033
32 44 192
32 45 1033
32 46 1081
32 47 240
32 48 1081
32 49 1129
32 50 288
32 51 1129
32 52 1177
32 53 336
32 54 1177
32 55 1153
33 0 1994
33 1 1169
33 2 602
33 3 267
33 4 1229
33 5 1646
33 6 1550
33 7 1611
33 8 1672
33 9 1296
33 10 871
33 11 1204
33 12 1633
33 13 1369
33 14 1785
33 15 420
33 16 281
33 17 503
33 18 1347
33 19 1874
33 20 1033
33 21 192
33 22 1826
33 23 985
33 24 144
33 25 1778
33 26 937
33 27 96
33 28 1730
33 29 889
33 30 48
33 31 1682
33 32 841
33 33 0
33 34 1730
33 35 889
33 36 48
33 37 1778
33 38 937
33 39 96
33 40 1826
33 41 985
33 42 144
33 43 1874
33 44 1033
33 45 192
33 46 1922
33 47 1081
33 48 240
33 49 1970
33 50 1129
33 51 288
33 52 2018
33 53 1177
33 54 336
33 55 1994
34 0 360
34 1 753
34 2 1512
34 3 1559
34 4 501
34 5 372
34 6 276
34 7 311
34 8 346
34 9 914
34 10 1339
34 11 814
34 12 289
34 13 649
34 14 233
34 15 1694
34 16 1833
34 17 1803
34 18 671
34 19 240
34 20 1081
34 21 1922
34 22 192
34 23 1033
34 24 1874
34 25 144
34 26 985
34 27 1826
34 28 96
34 29 937
34 30 1778
34 31 48
34 32 889
34 33 1730
34 34 0
34 35 841
34 36 1682
34 37 48
34 38 889
34 39 1730
34 40 96
34 41 937
34 42 1778
34 43 144
34 44 985
34 45 1826
34 46 192
34 47 1033
34 48 1874
34 49 240
34 50 1081
34 51 1922
34 52 288
34 53 1129
34 54 1970
34 55 360
35 0 1201
35 1 376
35 2 671
35 3 718
35 4 436
35 5 853
35 6 757
35 7 818
35 8 879
35 9 407
35 10 498
35 11 411
35 12 744
35 13 480
35 14 896
35 15 853
35 16 992
35 17 962
35 18 554
35 19 1081
35 20 240
35 21 1081
35 22 1033
35 23 192
35 24 1033
35 25 985
35 26 144
35 27 985
35 28 937
35 29 96
35 30 937
35 31 889
35 32 48
35 33 889
35 34 841
35 35 0
35 36 841
35 37 889
35 38 48
35 39 889
35 40 937
35 41 96
35 42 937
35 43 985
35 44 144
35 45 985
35 46 1033
35 47 192
35 48 1033
35 49 1081
35 50 240
35 51 1081
35 52 1129
35 53 288
35 54 1129
35 55 1201
36 0 2042
36 1 1217
36 2 554
36 3 315
36 4 1277
36 5 1694
36 6 1598
36 7 1659
36 8 1720
36 9 1248
36 10 823
36 11 1252
36 12 1585
36 13 1321
36 14 1737
36 15 372
36 16 329
36 17 455
36 18 1395
36 19 1922
36 20 1081
36 21 240
36 22 1874
36 23 1033
36 24 192
36 25 1826
36 26 985
36 27 144
36 28 1778
36 29 937
36 30 96
36 31 1730
36 32 889
36 33 48
36 34 1682
36 35 841
36 36 0
36 37 1730
36 38 889
36 39 48
36 40 1778
36 41 937
36 42 96
36 43 1826
36 44 985
36 45 144
36 46 1874
36 47 1033
36 48 192
36 49 1922
36 50 1081
36 51 240
36 52 1970
36 53 1129
36 54 288
36 55 2042
37 0 408
37 1 801
37 2 1464
37 3 1607
37 4 549
37 5 420
37 6 324
37 7 359
37 8 394
37 9 866
37 10 1291
37 11 862
37 12 241
37 13 601
37 14 185
37 15 1646
37 16 1881
37 17 1755
37 18 719
37 19 288
37 20 1129
37 21 1970
37 22 240
37 23 1081
37 24 1922
37 25 192
37 26 1033
37 27 1874
37 28 144
37 29 985
37 30 1826
37 31 96
37 32 937
37 33 1778
37 34 48
37 35 889
37 36 1730
37 37 0
37 38 841
37 39 1682
37 40 48
37 41 889
37 42 1730
37 43 96
37 44 937
37 45 1778
37 46 144
37 47 985
37 48 1826
37 49 192
37 50 1033
37 51 1874
37 52 240
37 53 1081
37 54 1922
37 55 408
38 0 1249
38 1 424
38 2 623
38 3 766
38 4 484
38 5 901
38 6 805
38 7 866
38 8 927
38 9 359
38 10 450
38 11 459
38 12 696
38 13 432
38 14 848
38 15 805
38 16 1040
38 17 914
38 18 602
38 19 1129
38 20 288
38 21 1129
38 22 1081
38 23 240
38 24 1081
38 25 1033
38 26 192
38 27 1033
38 28 985
38 29 144
38 30 985
38 31 937
38 32 96
38 33 937
38 34 889
38 35 48
38 36 889
38 37 841
38 38 0
38 39 841
38 40 889
38 41 48
38 42 889
38 43 937
38 44 96
38 45 937
38 46 985
38 47 144
38 48 985
38 49 1033
38 50 192
38 51 1033
38 52 1081
38 53 240
38 54 1081
38 55 1249
39 0 2090
39 1 1265
39 2 506
39 3 363
39 4 1325
39 5 1742
39 6 1646
39 7 1707
39 8 1768
39 9 1200
39 10 775
39 11 1300
39 12 1537
39 13 1273
39 14 1689
39 15 324
39 16 377
39 17 407
39 18 1443
39 19 1970
39 20 1129
39 21 288
39 22 1922
39 23 1081
39 24 240
39 25 1874
39 26 1033
39 27 192
39 28 1826
39 29 985
39 30 144
39 31 1778
39 32 937
39 33 96
39 34 1730
39 35 889
39 36 48
39 37 1682
39 38 841
39 39 0
39 40 1730
39 41 889
39 42 48
39 43 1778
39 44 937
39 45 96
39 46 1826
39 47 985
39 48 144
39 49 1874
39 50 1033
39 51 192
39 52 1922
39 53 1081
39 54 240
39 55 2090
40 0 456
40 1 849
40 2 1416
40 3 1655
40 4 597
40 5 468
40 6 372
40 7 407
40 8 442
40 9 818
40 10 1243
40 11 910
40 12 193
40 13 553
40 14 137
40 15 1598
40 16 1929
40 17 1707
40 18 767
40 19 336
40 20 1177
40 21 2018
40 22 288
40 23 1129
40 24 1970
40 25 240
40 26 1081
40 27 1922
40 28 192
40 29 1033
40 30 1874
40 31 144
40 32 985
40 33 1826
40 34 96
40 35 937
40 36 1778
40 37 48
40 38 889
40 39 1730
40 40 0
40 41 841
40 42 1682
40 43 48
40 44 889
40 45 1730
40 46 96
40 47 937
40 48 1778
40 49 144
40 50 985
40 51 1826
40 52 192
40 53 1033
40 54 1874
40 55 456
41 0 1297
41 1 472
41 2 575
41 3 814
41 4 532
41 5 949
41 6 853
41 7 914
41 8 975
41 9 311
41 10 402
41 11 507
41 12 648
41 13 384
41 14 800
41 15 757
41 16 1088
41 17 866
41 18 650
41 19 1177
41 20 336
41 21 1177
41 22 1129
41 23 288
41 24 1129
41 25 1081
41 26 240
41 27 1081
41 28 1033
41 29 192
41 30 1033
41 31 985
41 32 144
41 33 985
41 34 937
41 35 96
41 36 937
41 37 889
41 38 48
41 39 889
41 40 841
41 41 0
41 42 841
41 43 889
41 44 48
41 45 889
41 46 937
41 47 96
41 48 937
41 49 985
41 50 144
41 51 985
41 52 1033
41 53 192
41 54 1033
41 55 1297
42 0 2138
42 1 1313
42 2 458
42 3 411
42 4 1373
42 5 1790
42 6 1694
42 7 1755
42 8 1816
42 9 1152
42 10 727
42 11 1348
42 12 1489
42 13 1225
42 14 1641
42 15 276
42 16 425
42 17 359
42 18 1491
42 19 2018
42 20 1177
42 21 336
42 22 1970
42 23 1129
42 24 288
42 25 1922
42 26 1081
42 27 240
42 28 1874
42 29 1033
42 30 192
42 31 1826
42 32 985
42 33 144
42 34 1778
42 35 937
42 36 96
42 37 1730
42 38 889
42 39 48
42 40 1682
42 41 841
42 42 0
42 43 1730
42 44 889
42 45 48
42 46 1778
42 47 937
42 48 96
42 49 1826
42 50 985
42 51 144
42 52 1874
42 53 1033
42 54 192
42 55 2138
43 0 504
43 1 897
43 2 1368
43 3 1703
43 4 645
43 5 516
43 6 420
43 7 455
43 8 490
43 9 770
43 10 1195
43 11 958
43 12 241
43 13 505
43 14 89
43 15 1550
43 16 1977
43 17 1659
43 18 815
43 19 384
43 20 1225
43 21 2066
43 22 336
43 23 1177
43 24 2018
43 25 288
43 26 1129
43 27 1970
43 28 240
43 29 1081
43 30 1922
43 31 192
43 32 1033
43 33 1874
43 34 144
43 35 985
43 36 1826
43 37 96
43 38 937
43 39 1778
43 40 48
43 41 889
43 42 1730
43 43 0
43 44 841
43 45 1682
43 46 48
43 47 889
43 48 1730
43 49 96
43 50 937
43 51 1778
43 52 144
43 53 985
43 54 1826
43 55 504
44 0 1345
44 1 520
44 2 527
44 3 862
44 4 580
44 5 997
44 6 901
44 7 962
44 8 1023
44 9 263
44 10 354
44 11 555
44 12 696
44 13 336
44 14 752
44 15 709
44 16 1136
44 17 818
44 18 698
44 19 1225
44 20 384
44 21 1225
44 22 1177
44 23 336
44 24 1177
44 25 1129
44 26 288
44 27 1129
44 28 1081
44 29 240
44 30 1081
44 31 1033
44 32 192
44 33 1033
44 34 985
44 35 144
44 36 985
44 37 937
44 38 96
44 39 937
44 40 889
44 41 48
44 42 889
44 43 841
44 44 0
44 45 841
44 46 889
44 47 48
44 48 889
44 49 937
44 50 96
44 51 937
44 52 985
44 53 144
44 54 985
44 55 1345
45 0 2186
45 1 1361
45 2 410
45 3 459
45 4 1421
45 5 1838
45 6 1742
45 7 1803
45 8 1864
45 9 1104
45 10 679
45 11 1396
45 12 1537
45 13 1177
45 14 1593
45 15 228
45 16 473
45 17 311
45 18 1539
45 19 2066
45 20 1225
45 21 384
45 22 2018
45 23 1177
45 24 336
45 25 1970
45 26 1129
45 27 288
45 28 1922
45 29 1081
45 30 240
45 31 1874
45 32 1033
45 33 192
45 34 1826
45 35 985
45 36 144
45 37 1778
45 38 937
45 39 96
45 40 1730
45 41 889
45 42 48
45 43 1682
45 44 841
45 45 0
45 46 1730
45 47 889
45 48 48
45 49 1778
45 50 937
45 51 96
45 52 1826
45 53 985
45 54 144
45 55 2186
46 0 552
46 1 945
46 2 1320
46 3 1751
46 4 693
46 5 564
46 6 468
46 7 503
46 8 538
46 9 722
46 10 1147
46 11 1006
46 12 289
46 13 553
46 14 137
46 15 1502
46 16 2025
46 17 1611
46 18 863
46 19 432
46 20 1273
46 21 2114
46 22 384
46 23 1225
46 24 2066
46 25 336
46 26 1177
46 27 2018
46 28 288
46 29 1129
46 30 1970
46 31 240
46 32 1081
46 33 1922
46 34 192
46 35 1033
46 36 1874
46 37 144
46 38 985
46 39 1826
46 40 96
46 41 937
46 42 1778
46 43 48
46 44 889
46 45 1730
46 46 0
46 47 841
46 48 1682
46 49 48
46 50 889
46 51 1730
46 52 96
46 53 937
46 54 1778
46 55 552
47 0 1393
47 1 568
47 2 479
47 3 910
47 4 628
47 5 1045
47 6 949
47 7 1010
47 8 1071
47 9 215
47 10 306
47 11 603
47 12 744
47 13 384
47 14 800
47 15 661
47 16 1184
47 17 770
47 18 746
47 19 1273
47 20 432
47 21 1273
47 22 1225
47 23 384
47 24 1225
47 25 1177
47 26 336
47 27 1177
47 28 1129
47 29 288
47 30 1129
47 31 1081
47 32 240
47 33 1081
47 34 1033
47 35 192
47 36 1033
47 37 985
47 38 144
47 39 985
47 40 937
47 41 96
47 42 937
47 43 889
47 44 48
47 45 889
47 46 841
47 47 0
47 48 841
47 49 889
47 50 48
47 51 889
47 52 937
47 53 96
47 54 937
47 55 1393
48 0 2234
48 1 1409
48 2 362
48 3 507
48 4 1469
48 5 1886
48 6 1790
48 7 1851
48 8 1912
48 9 1056
48 10 631
48 11 1444
48 12 1585
48 13 1225
48 14 1641
48 15 180
48 16 521
48 17 263
48 18 1587
48 19 2114
48 20 1273
48 21 432
48 22 2066
48 23 1225
48 24 384
48 25 2018
48 26 1177
48 27 336
48 28 1970
48 29 1129
48 30 288
48 31 1922
48 32 1081
48 33 240
48 34 1874
48 35 1033
48 36 192
48 37 1826
48 38 985
48 39 144
48 40 1778
48 41 937
48 42 96
48 43 1730
48 44 889
48 45 48
48 46 1682
48 47 841
48 48 0
48 49 1730
48 50 889
48 51 48
48 52 1778
48 53 937
48 54 96
48 55 2234
49 0 600
49 1 993
49 2 1368
49 3 1799
49 4 741
49 5 612
49 6 516
49 7 551
49 8 586
49 9 674
49 10 1099
49 11 1054
49 12 337
49 13 601
49 14 185
49 15 1550
49 16 2073
49 17 1563
49 18 911
49 19 480
49 20 1321
49 21 2162
49 22 432
49 23 1273
49 24 2114
49 25 384
49 26 1225
49 27 2066
49 28 336
49 29 1177
49 30 2018
49 31 288
49 32 1129
49 33 1970
49 34 240
49 35 1081
49 36 1922
49 37 192
49 38 1033
49 39 1874
49 40 144
49 41 985
49 42 1826
49 43 96
49 44 937
49 45 1778
49 46 48
49 47 889
49 48 1730
49 49 0
49 50 841
49 51 1682
49 52 48
49 53 889
49 54 1730
49 55 600
50 0 1441
50 1 616
50 2 527
50 3 958
50 4 676
50 5 1093
50 6 997
50 7 1058
50 8 1119
50 9 167
50 10 258
50 11 651
50 12 792
50 13 432
50 14 848
50 15 709
50 16 1232
50 17 722
50 18 794
50 19 1321
50 20 480
50 21 1321
50 22 1273
50 23 432
50 24 1273
50 25 1225
50 26 384
50 27 1225
50 28 1177
50 29 336
50 30 1177
50 31 1129
50 32 288
50 33 1129
50 34 1081
50 35 240
50 36 1081
50 37 1033
50 38 192
50 39 1033
50 40 985
50 41 144
50 42 985
50 43 937
50 44 96
50 45 937
50 46 889
50 47 48
50 48 889
50 49 841
50 50 0
50 51 841
50 52 889
50 53 48
50 54 889
50 55 1441
51 0 2282
51 1 1457
51 2 410
51 3 555
51 4 1517
51 5 1934
51 6 1838
51 7 1899
51 8 1960
51 9 1008
51 10 583
51 11 1492
51 12 1633
51 13 1273
51 14 1689
51 15 228
51 16 569
51 17 215
51 18 1635
51 19 2162
51 20 1321
51 21 480
51 22 2114
51 23 1273
51 24 432
51 25 2066
51 26 1225
51 27 384
51 28 2018
51 29 1177
51 30 336
51 31 1970
51 32 1129
51 33 288
51 34 1922
51 35 1081
51 36 240
51 37 1874
51 38 1033
51 39 192
51 40 1826
51 41 985
51 42 144
51 43 1778
51 44 937
51 45 96
51 46 1730
51 47 889
51 48 48
51 49 1682
51 50 841
51 51 0
51 52 1730
51 53 889
51 54 48
51 55 2282
52 0 648
52 1 1041
52 2 1416
52 3 1847
52 4 789
52 5 660
52 6 564
52 7 599
52 8 634
52 9 722
52 10 1147
52 11 1102
52 12 385
52 13 649
52 14 233
52 15 1598
52 16 2121
52 17 1515
52 18 959
52 19 528
52 20 1369
52 21 2210
52 22 480
52 23 1321
52 24 2162
52 25 432
52 26 1273
52 27 2114
52 28 384
52 29 1225
52 30 2066
52 31 336
52 32 1177
52 33 2018
52 34 288
52 35 1129
52 36 1970
52 37 240
52 38 1081
52 39 1922
52 40 192
52 41 1033
52 42 1874
52 43 144
52 44 985
52 45 1826
52 46 96
52 47 937
52 48 1778
52 49 48
52 50 889
52 51 1730
52 52 0
52 53 841
52 54 1682
52 55 648
53 0 1489
53 1 664
53 2 575
53 3 1006
53 4 724
53 5 1141
53 6 1045
53 7 1106
53 8 1167
53 9 215
53 10 306
53 11 699
53 12 840
53 13 480
53 14 896
53 15 757
53 16 1280
53 17 674
53 18 842
53 19 1369
53 20 528
53 21 1369
53 22 1321
53 23 480
53 24 1321
53 25 1273
53 26 432
53 27 1273
53 28 1225
53 29 384
53 30 1225
53 31 1177
53 32 336
53 33 1177
53 34 1129
53 35 288
53 36 1129
53 37 1081
53 38 240
53 39 1081
53 40 1033
53 41 192
53 42 1033
53 43 985
53 44 144
53 45 985
53 46 937
53 47 96
53 48 937
53 49 889
53 50 48
53 51 889
53 52 841
53 53 0
53 54 841
53 55 1489
54 0 2330
54 1 1505
54 2 458
54 3 603
54 4 1565
54 5 1982
54 6 1886
54 7 1947
54 8 2008
54 9 1056
54 10 631
54 11 1540
54 12 1681
54 13 1321
54 14 1737
54 15 276
54 16 617
54 17 167
54 18 1683
54 19 2210
54 20 1369
54 21 528
54 22 2162
54 23 1321
54 24 480
54 25 2114
54 26 1273
54 27 432
54 28 2066
54 29 1225
54 30 384
54 31 2018
54 32 1177
54 33 336
54 34 1970
54 35 1129
54 36 288
54 37 1922
54 38 1081
54 39 240
54 40 1874
54 41 1033
54 42 192
54 43 1826
54 44 985
54 45 144
54 46 1778
54 47 937
54 48 96
54 49 1730
54 50 889
54 51 48
54 52 1682
54 53 841
54 54 0
54 55 2330
55 0 0
55 1 825
55 2 1872
55 3 1727
55 4 765
55 5 348
55 6 444
55 7 383
55 8 322
55 9 1274
55 10 1699
55 11 790
55 12 649
55 13 1009
55 14 593
55 15 2054
55 16 1713
55 17 2163
55 18 647
55 19 120
55 20 961
55 21 1802
55 22 168
55 23 1009
55 24 1850
55 25 216
55 26 1057
55 27 1898
55 28 264
55 29 1105
55 30 1946
55 31 312
55 32 1153
55 33 1994
55 34 360
55 35 1201
55 36 2042
55 37 408
55 38 1249
55 39 2090
55 40 456
55 41 1297
55 42 2138
55 43 504
55 44 1345
55 45 2186
55 46 552
55 47 1393
55 48 2234
55 49 600
55 50 1441
55 51 2282
55 52 648
55 53 1489
55 54 2330
55 55 0
//Location coordinates LocationName
//Loc x y
0 0.0 0.0 "depot"
1 96.0 729.0 "product aisle 2 bloc 0 rank 90"
2 432.0 1440.0 "product aisle 9 bloc 1 rank 70"
3 144.0 1583.0 "product aisle 3 bloc 1 rank 91"
4 192.0 573.0 "product aisle 4 bloc 0 rank 65"
5 48.0 300.0 "product aisle 1 bloc 0 rank 23"
6 144.0 300.0 "product aisle 3 bloc 0 rank 24"
7 96.0 287.0 "product aisle 2 bloc 0 rank 21"
8 48.0 274.0 "product aisle 1 bloc 0 rank 20"
9 480.0 794.0 "product aisle 10 bloc 0 rank 100"
10 480.0 1219.0 "product aisle 10 bloc 1 rank 36"
11 48.0 742.0 "product aisle 1 bloc 0 rank 91"
12 336.0 313.0 "product aisle 7 bloc 0 rank 26"
13 384.0 625.0 "product aisle 8 bloc 0 rank 74"
14 384.0 209.0 "product aisle 8 bloc 0 rank 10"
15 432.0 1622.0 "product aisle 9 bloc 1 rank 98"
16 0.0 1713.0 "product aisle 0 bloc 1 rank 111"
17 528.0 1635.0 "product aisle 11 bloc 1 rank 99"
18 48.0 599.0 "product aisle 1 bloc 0 rank 70"
19 24.0 120.0 "intersection aisle 0 bloc 0 rank 0"
20 24.0 961.0 "intersection aisle 0 bloc 1 rank 1"
21 24.0 1802.0 "intersection aisle 0 bloc 2 rank 2"
22 72.0 120.0 "intersection aisle 1 bloc 0 rank 0"
23 72.0 961.0 "intersection aisle 1 bloc 1 rank 1"
24 72.0 1802.0 "intersection aisle 1 bloc 2 rank 2"
25 120.0 120.0 "intersection aisle 2 bloc 0 rank 0"
26 120.0 961.0 "intersection aisle 2 bloc 1 rank 1"
27 120.0 1802.0 "intersection aisle 2 bloc 2 rank 2"
28 168.0 120.0 "intersection aisle 3 bloc 0 rank 0"
29 168.0 961.0 "intersection aisle 3 bloc 1 rank 1"
30 168.0 1802.0 "intersection aisle 3 bloc 2 rank 2"
31 216.0 120.0 "intersection aisle 4 bloc 0 rank 0"
32 216.0 961.0 "intersection aisle 4 bloc 1 rank 1"
33 216.0 1802.0 "intersection aisle 4 bloc 2 rank 2"
34 264.0 120.0 "intersection aisle 5 bloc 0 rank 0"
35 264.0 961.0 "intersection aisle 5 bloc 1 rank 1"
36 264.0 1802.0 "intersection aisle 5 bloc 2 rank 2"
37 312.0 120.0 "intersection aisle 6 bloc 0 rank 0"
38 312.0 961.0 "intersection aisle 6 bloc 1 rank 1"
39 312.0 1802.0 "intersection aisle 6 bloc 2 rank 2"
40 360.0 120.0 "intersection aisle 7 bloc 0 rank 0"
41 360.0 961.0 "intersection aisle 7 bloc 1 rank 1"
42 360.0 1802.0 "intersection aisle 7 bloc 2 rank 2"
43 408.0 120.0 "intersection aisle 8 bloc 0 rank 0"
44 408.0 961.0 "intersection aisle 8 bloc 1 rank 1"
45 408.0 1802.0 "intersection aisle 8 bloc 2 rank 2"
46 456.0 120.0 "intersection aisle 9 bloc 0 rank 0"
47 456.0 961.0 "intersection aisle 9 bloc 1 rank 1"
48 456.0 1802.0 "intersection aisle 9 bloc 2 rank 2"
49 504.0 120.0 "intersection aisle 10 bloc 0 rank 0"
50 504.0 961.0 "intersection aisle 10 bloc 1 rank 1"
51 504.0 1802.0 "intersection aisle 10 bloc 2 rank 2"
52 552.0 120.0 "intersection aisle 11 bloc 0 rank 0"
53 552.0 961.0 "intersection aisle 11 bloc 1 rank 1"
54 552.0 1802.0 "intersection aisle 11 bloc 2 rank 2"
55 0.0 0.0 "depot"
