//alpha
1
//NbLocations
41
//NbProducts
24
//NbPickers
2
//CapaPicker
12
//TimeToTravelOneDistanceUnit
3
//SetupTime
5400
//PickTime
300
//Products
//Idx Location Size
1 1 1
2 2 1
3 3 1
4 4 1
5 5 1
6 6 1
7 7 1
8 8 1
9 9 1
10 10 1
11 11 1
12 12 1
13 13 1
14 14 1
15 5 1
16 15 1
17 16 1
18 8 1
19 17 1
20 18 1
21 19 1
22 20 1
23 21 1
24 22 1
//Orders
//NbOrders
12
//Idx DueDate TardinessPenalty NbProdInOrder ProdIdx1 Qty1 ProdIdx2 Qty2 ...
1 126000 0 1 1 1
2 108000 0 5 2 1 3 1 4 1 5 1 6 1
3 126000 0 1 7 1
4 126000 0 1 8 1
5 90000 0 3 9 1 10 1 11 1
6 72000 0 1 12 1
7 108000 0 1 13 1
8 108000 0 2 14 1 15 1
9 54000 0 3 16 1 17 1 18 1
10 72000 0 1 19 1
11 54000 0 4 20 1 21 1 22 1 23 1
12 72000 0 1 24 1
//Graph (Products are vertices indexed from 1 to NbProducts)
//NbVerticesIntersections
18
//DepartingDepot
0
//ArrivalDepot
41
//Arcs
//Start End Distance
0 23 120
1 23 115
1 24 336
2 4 26
2 8 26
3 22 260
3 33 63
4 2 26
4 10 117
5 12 52
5 27 63
6 30 115
6 31 336
7 21 52
7 30 349
8 2 26
8 32 37
9 21 13
9 29 37
10 4 117
10 19 13
11 39 63
11 40 388
12 5 52
12 13 299
13 12 299
13 28 37
14 16 52
14 26 89
15 20 13
15 35 50
16 14 52
16 27 310
17 36 37
17 37 414
18 24 76
18 25 375
19 10 13
19 33 232
20 15 13
20 36 388
21 7 52
21 9 13
22 3 260
22 34 128
23 1 115
23 26 48
23 41 120
24 1 336
24 18 76
24 27 48
25 18 375
25 28 48
26 14 89
26 23 48
26 29 48
27 5 63
27 16 310
27 24 48
27 30 48
28 13 37
28 25 48
28 31 48
29 9 37
29 26 48
29 32 48
30 6 115
30 7 349
30 27 48
30 33 48
31 6 336
31 28 48
31 34 48
32 8 37
32 29 48
32 35 48
33 3 63
33 19 232
33 30 48
33 36 48
34 22 128
34 31 48
34 37 48
35 15 50
35 32 48
35 38 48
36 17 37
36 20 388
36 33 48
36 39 48
37 17 414
37 34 48
37 40 48
38 35 48
38 39 451
39 11 63
39 36 48
39 38 451
40 11 388
40 37 48
//LocStart LocEnd ShortestPath
0 0 0
0 1 235
0 2 327
0 3 778
0 4 353
0 5 682
0 6 782
0 7 318
0 8 301
0 9 253
0 10 470
0 11 874
0 12 734
0 13 1033
0 14 257
0 15 362
0 16 309
0 17 800
0 18 647
0 19 483
0 20 375
0 21 266
0 22 1038
0 23 120
0 24 571
0 25 1022
0 26 168
0 27 619
0 28 1070
0 29 216
0 30 667
0 31 1118
0 32 264
0 33 715
0 34 1166
0 35 312
0 36 763
0 37 1214
0 38 360
0 39 811
0 40 1262
0 41 0
1 0 235
1 1 0
1 2 322
1 3 543
1 4 348
1 5 447
1 6 547
1 7 313
1 8 296
1 9 248
1 10 465
1 11 639
1 12 499
1 13 798
1 14 252
1 15 357
1 16 304
1 17 565
1 18 412
1 19 478
1 20 370
1 21 261
1 22 803
1 23 115
1 24 336
1 25 787
1 26 163
1 27 384
1 28 835
1 29 211
1 30 432
1 31 883
1 32 259
1 33 480
1 34 931
1 35 307
1 36 528
1 37 979
1 38 355
1 39 576
1 40 1027
1 41 235
2 0 327
2 1 322
2 2 0
2 3 451
2 4 26
2 5 547
2 6 551
2 7 213
2 8 26
2 9 148
2 10 143
2 11 547
2 12 599
2 13 898
2 14 248
2 15 161
2 16 300
2 17 473
2 18 608
2 19 156
2 20 174
2 21 161
2 22 711
2 23 207
2 24 532
2 25 983
2 26 159
2 27 484
2 28 935
2 29 111
2 30 436
2 31 887
2 32 63
2 33 388
2 34 839
2 35 111
2 36 436
2 37 887
2 38 159
2 39 484
2 40 935
2 41 327
3 0 778
3 1 543
3 2 451
3 3 0
3 4 425
3 5 222
3 6 226
3 7 460
3 8 477
3 9 525
3 10 308
3 11 222
3 12 274
3 13 521
3 14 521
3 15 512
3 16 469
3 17 148
3 18 283
3 19 295
3 20 499
3 21 512
3 22 260
3 23 658
3 24 207
3 25 532
3 26 610
3 27 159
3 28 484
3 29 562
3 30 111
3 31 436
3 32 514
3 33 63
3 34 388
3 35 562
3 36 111
3 37 436
3 38 610
3 39 159
3 40 484
3 41 778
4 0 353
4 1 348
4 2 26
4 3 425
4 4 0
4 5 521
4 6 525
4 7 239
4 8 52
4 9 174
4 10 117
4 11 521
4 12 573
4 13 872
4 14 274
4 15 187
4 16 326
4 17 447
4 18 582
4 19 130
4 20 200
4 21 187
4 22 685
4 23 233
4 24 506
4 25 957
4 26 185
4 27 458
4 28 909
4 29 137
4 30 410
4 31 861
4 32 89
4 33 362
4 34 813
4 35 137
4 36 410
4 37 861
4 38 185
4 39 458
4 40 909
4 41 353
5 0 682
5 1 447
5 2 547
5 3 222
5 4 521
5 5 0
5 6 226
5 7 460
5 8 573
5 9 525
5 10 404
5 11 318
5 12 52
5 13 351
5 14 425
5 15 608
5 16 373
5 17 244
5 18 187
5 19 391
5 20 595
5 21 512
5 22 482
5 23 562
5 24 111
5 25 436
5 26 514
5 27 63
5 28 388
5 29 562
5 30 111
5 31 436
5 32 610
5 33 159
5 34 484
5 35 658
5 36 207
5 37 532
5 38 706
5 39 255
5 40 580
5 41 682
6 0 782
6 1 547
6 2 551
6 3 226
6 4 525
6 5 226
6 6 0
6 7 464
6 8 577
6 9 529
6 10 408
6 11 322
6 12 278
6 13 421
6 14 525
6 15 612
6 16 473
6 17 248
6 18 287
6 19 395
6 20 599
6 21 516
6 22 486
6 23 662
6 24 211
6 25 432
6 26 614
6 27 163
6 28 384
6 29 566
6 30 115
6 31 336
6 32 614
6 33 163
6 34 384
6 35 662
6 36 211
6 37 432
6 38 710
6 39 259
6 40 480
6 41 782
7 0 318
7 1 313
7 2 213
7 3 460
7 4 239
7 5 460
7 6 464
7 7 0
7 8 187
7 9 65
7 10 356
7 11 556
7 12 512
7 13 811
7 14 239
7 15 248
7 16 291
7 17 482
7 18 521
7 19 369
7 20 261
7 21 52
7 22 720
7 23 198
7 24 445
7 25 896
7 26 150
7 27 397
7 28 848
7 29 102
7 30 349
7 31 800
7 32 150
7 33 397
7 34 848
7 35 198
7 36 445
7 37 896
7 38 246
7 39 493
7 40 944
7 41 318
8 0 301
8 1 296
8 2 26
8 3 477
8 4 52
8 5 573
8 6 577
8 7 187
8 8 0
8 9 122
8 10 169
8 11 573
8 12 625
8 13 924
8 14 222
8 15 135
8 16 274
8 17 499
8 18 634
8 19 182
8 20 148
8 21 135
8 22 737
8 23 181
8 24 558
8 25 1009
8 26 133
8 27 510
8 28 961
8 29 85
8 30 462
8 31 913
8 32 37
8 33 414
8 34 865
8 35 85
8 36 462
8 37 913
8 38 133
8 39 510
8 40 961
8 41 301
9 0 253
9 1 248
9 2 148
9 3 525
9 4 174
9 5 525
9 6 529
9 7 65
9 8 122
9 9 0
9 10 291
9 11 621
9 12 577
9 13 876
9 14 174
9 15 183
9 16 226
9 17 547
9 18 586
9 19 304
9 20 196
9 21 13
9 22 785
9 23 133
9 24 510
9 25 961
9 26 85
9 27 462
9 28 913
9 29 37
9 30 414
9 31 865
9 32 85
9 33 462
9 34 913
9 35 133
9 36 510
9 37 961
9 38 181
9 39 558
9 40 1009
9 41 253
10 0 470
10 1 465
10 2 143
10 3 308
10 4 117
10 5 404
10 6 408
10 7 356
10 8 169
10 9 291
10 10 0
10 11 404
10 12 456
10 13 755
10 14 391
10 15 304
10 16 443
10 17 330
10 18 465
10 19 13
10 20 317
10 21 304
10 22 568
10 23 350
10 24 389
10 25 840
10 26 302
10 27 341
10 28 792
10 29 254
10 30 293
10 31 744
10 32 206
10 33 245
10 34 696
10 35 254
10 36 293
10 37 744
10 38 302
10 39 341
10 40 792
10 41 470
11 0 874
11 1 639
11 2 547
11 3 222
11 4 521
11 5 318
11 6 322
11 7 556
11 8 573
11 9 621
11 10 404
11 11 0
11 12 370
11 13 617
11 14 617
11 15 512
11 16 565
11 17 148
11 18 379
11 19 391
11 20 499
11 21 608
11 22 482
11 23 754
11 24 303
11 25 628
11 26 706
11 27 255
11 28 580
11 29 658
11 30 207
11 31 532
11 32 610
11 33 159
11 34 484
11 35 562
11 36 111
11 37 436
11 38 514
11 39 63
11 40 388
11 41 874
12 0 734
12 1 499
12 2 599
12 3 274
12 4 573
12 5 52
12 6 278
12 7 512
12 8 625
12 9 577
12 10 456
12 11 370
12 12 0
12 13 299
12 14 477
12 15 660
12 16 425
12 17 296
12 18 239
12 19 443
12 20 647
12 21 564
12 22 534
12 23 614
12 24 163
12 25 384
12 26 566
12 27 115
12 28 336
12 29 614
12 30 163
12 31 384
12 32 662
12 33 211
12 34 432
12 35 710
12 36 259
12 37 480
12 38 758
12 39 307
12 40 528
12 41 734
13 0 1033
13 1 798
13 2 898
13 3 521
13 4 872
13 5 351
13 6 421
13 7 811
13 8 924
13 9 876
13 10 755
13 11 617
13 12 299
13 13 0
13 14 776
13 15 959
13 16 724
13 17 595
13 18 460
13 19 742
13 20 946
13 21 863
13 22 261
13 23 913
13 24 462
13 25 85
13 26 865
13 27 414
13 28 37
13 29 913
13 30 462
13 31 85
13 32 961
13 33 510
13 34 133
13 35 1009
13 36 558
13 37 181
13 38 1057
13 39 606
13 40 229
13 41 1033
14 0 257
14 1 252
14 2 248
14 3 521
14 4 274
14 5 425
14 6 525
14 7 239
14 8 222
14 9 174
14 10 391
14 11 617
14 12 477
14 13 776
14 14 0
14 15 283
14 16 52
14 17 543
14 18 486
14 19 404
14 20 296
14 21 187
14 22 781
14 23 137
14 24 410
14 25 861
14 26 89
14 27 362
14 28 813
14 29 137
14 30 410
14 31 861
14 32 185
14 33 458
14 34 909
14 35 233
14 36 506
14 37 957
14 38 281
14 39 554
14 40 1005
14 41 257
15 0 362
15 1 357
15 2 161
15 3 512
15 4 187
15 5 608
15 6 612
15 7 248
15 8 135
15 9 183
15 10 304
15 11 512
15 12 660
15 13 959
15 14 283
15 15 0
15 16 335
15 17 438
15 18 669
15 19 317
15 20 13
15 21 196
15 22 772
15 23 242
15 24 593
15 25 1044
15 26 194
15 27 545
15 28 996
15 29 146
15 30 497
15 31 948
15 32 98
15 33 449
15 34 900
15 35 50
15 36 401
15 37 852
15 38 98
15 39 449
15 40 900
15 41 362
16 0 309
16 1 304
16 2 300
16 3 469
16 4 326
16 5 373
16 6 473
16 7 291
16 8 274
16 9 226
16 10 443
16 11 565
16 12 425
16 13 724
16 14 52
16 15 335
16 16 0
16 17 491
16 18 434
16 19 456
16 20 348
16 21 239
16 22 729
16 23 189
16 24 358
16 25 809
16 26 141
16 27 310
16 28 761
16 29 189
16 30 358
16 31 809
16 32 237
16 33 406
16 34 857
16 35 285
16 36 454
16 37 905
16 38 333
16 39 502
16 40 953
16 41 309
17 0 800
17 1 565
17 2 473
17 3 148
17 4 447
17 5 244
17 6 248
17 7 482
17 8 499
17 9 547
17 10 330
17 11 148
17 12 296
17 13 595
17 14 543
17 15 438
17 16 491
17 17 0
17 18 305
17 19 317
17 20 425
17 21 534
17 22 408
17 23 680
17 24 229
17 25 606
17 26 632
17 27 181
17 28 558
17 29 584
17 30 133
17 31 510
17 32 536
17 33 85
17 34 462
17 35 488
17 36 37
17 37 414
17 38 536
17 39 85
17 40 462
17 41 800
18 0 647
18 1 412
18 2 608
18 3 283
18 4 582
18 5 187
18 6 287
18 7 521
18 8 634
18 9 586
18 10 465
18 11 379
18 12 239
18 13 460
18 14 486
18 15 669
18 16 434
18 17 305
18 18 0
18 19 452
18 20 656
18 21 573
18 22 543
18 23 527
18 24 76
18 25 375
18 26 575
18 27 124
18 28 423
18 29 623
18 30 172
18 31 471
18 32 671
18 33 220
18 34 519
18 35 719
18 36 268
18 37 567
18 38 767
18 39 316
18 40 615
18 41 647
19 0 483
19 1 478
19 2 156
19 3 295
19 4 130
19 5 391
19 6 395
19 7 369
19 8 182
19 9 304
19 10 13
19 11 391
19 12 443
19 13 742
19 14 404
19 15 317
19 16 456
19 17 317
19 18 452
19 19 0
19 20 330
19 21 317
19 22 555
19 23 363
19 24 376
19 25 827
19 26 315
19 27 328
19 28 779
19 29 267
19 30 280
19 31 731
19 32 219
19 33 232
19 34 683
19 35 267
19 36 280
19 37 731
19 38 315
19 39 328
19 40 779
19 41 483
20 0 375
20 1 370
20 2 174
20 3 499
20 4 200
20 5 595
20 6 599
20 7 261
20 8 148
20 9 196
20 10 317
20 11 499
20 12 647
20 13 946
20 14 296
20 15 13
20 16 348
20 17 425
20 18 656
20 19 330
20 20 0
20 21 209
20 22 759
20 23 255
20 24 580
20 25 1031
20 26 207
20 27 532
20 28 983
20 29 159
20 30 484
20 31 935
20 32 111
20 33 436
20 34 887
20 35 63
20 36 388
20 37 839
20 38 111
20 39 436
20 40 887
20 41 375
21 0 266
21 1 261
21 2 161
21 3 512
21 4 187
21 5 512
21 6 516
21 7 52
21 8 135
21 9 13
21 10 304
21 11 608
21 12 564
21 13 863
21 14 187
21 15 196
21 16 239
21 17 534
21 18 573
21 19 317
21 20 209
21 21 0
21 22 772
21 23 146
21 24 497
21 25 948
21 26 98
21 27 449
21 28 900
21 29 50
21 30 401
21 31 852
21 32 98
21 33 449
21 34 900
21 35 146
21 36 497
21 37 948
21 38 194
21 39 545
21 40 996
21 41 266
22 0 1038
22 1 803
22 2 711
22 3 260
22 4 685
22 5 482
22 6 486
22 7 720
22 8 737
22 9 785
22 10 568
22 11 482
22 12 534
22 13 261
22 14 781
22 15 772
22 16 729
22 17 408
22 18 543
22 19 555
22 20 759
22 21 772
22 22 0
22 23 918
22 24 467
22 25 272
22 26 870
22 27 419
22 28 224
22 29 822
22 30 371
22 31 176
22 32 774
22 33 323
22 34 128
22 35 822
22 36 371
22 37 176
22 38 870
22 39 419
22 40 224
22 41 1038
23 0 120
23 1 115
23 2 207
23 3 658
23 4 233
23 5 562
23 6 662
23 7 198
23 8 181
23 9 133
23 10 350
23 11 754
23 12 614
23 13 913
23 14 137
23 15 242
23 16 189
23 17 680
23 18 527
23 19 363
23 20 255
23 21 146
23 22 918
23 23 0
23 24 451
23 25 902
23 26 48
23 27 499
23 28 950
23 29 96
23 30 547
23 31 998
23 32 144
23 33 595
23 34 1046
23 35 192
23 36 643
23 37 1094
23 38 240
23 39 691
23 40 1142
23 41 120
24 0 571
24 1 336
24 2 532
24 3 207
24 4 506
24 5 111
24 6 211
24 7 445
24 8 558
24 9 510
24 10 389
24 11 303
24 12 163
24 13 462
24 14 410
24 15 593
24 16 358
24 17 229
24 18 76
24 19 376
24 20 580
24 21 497
24 22 467
24 23 451
24 24 0
24 25 451
24 26 499
24 27 48
24 28 499
24 29 547
24 30 96
24 31 547
24 32 595
24 33 144
24 34 595
24 35 643
24 36 192
24 37 643
24 38 691
24 39 240
24 40 691
24 41 571
25 0 1022
25 1 787
25 2 983
25 3 532
25 4 957
25 5 436
25 6 432
25 7 896
25 8 1009
25 9 961
25 10 840
25 11 628
25 12 384
25 13 85
25 14 861
25 15 1044
25 16 809
25 17 606
25 18 375
25 19 827
25 20 1031
25 21 948
25 22 272
25 23 902
25 24 451
25 25 0
25 26 950
25 27 499
25 28 48
25 29 998
25 30 547
25 31 96
25 32 1046
25 33 595
25 34 144
25 35 1094
25 36 643
25 37 192
25 38 1142
25 39 691
25 40 240
25 41 1022
26 0 168
26 1 163
26 2 159
26 3 610
26 4 185
26 5 514
26 6 614
26 7 150
26 8 133
26 9 85
26 10 302
26 11 706
26 12 566
26 13 865
26 14 89
26 15 194
26 16 141
26 17 632
26 18 575
26 19 315
26 20 207
26 21 98
26 22 870
26 23 48
26 24 499
26 25 950
26 26 0
26 27 451
26 28 902
26 29 48
26 30 499
26 31 950
26 32 96
26 33 547
26 34 998
26 35 144
26 36 595
26 37 1046
26 38 192
26 39 643
26 40 1094
26 41 168
27 0 619
27 1 384
27 2 484
27 3 159
27 4 458
27 5 63
27 6 163
27 7 397
27 8 510
27 9 462
27 10 341
27 11 255
27 12 115
27 13 414
27 14 362
27 15 545
27 16 310
27 17 181
27 18 124
27 19 328
27 20 532
27 21 449
27 22 419
27 23 499
27 24 48
27 25 499
27 26 451
27 27 0
27 28 451
27 29 499
27 30 48
27 31 499
27 32 547
27 33 96
27 34 547
27 35 595
27 36 144
27 37 595
27 38 643
27 39 192
27 40 643
27 41 619
28 0 1070
28 1 835
28 2 935
28 3 484
28 4 909
28 5 388
28 6 384
28 7 848
28 8 961
28 9 913
28 10 792
28 11 580
28 12 336
28 13 37
28 14 813
28 15 996
28 16 761
28 17 558
28 18 423
28 19 779
28 20 983
28 21 900
28 22 224
28 23 950
28 24 499
28 25 48
28 26 902
28 27 451
28 28 0
28 29 950
28 30 499
28 31 48
28 32 998
28 33 547
28 34 96
28 35 1046
28 36 595
28 37 144
28 38 1094
28 39 643
28 40 192
28 41 1070
29 0 216
29 1 211
29 2 111
29 3 562
29 4 137
29 5 562
29 6 566
29 7 102
29 8 85
29 9 37
29 10 254
29 11 658
29 12 614
29 13 913
29 14 137
29 15 146
29 16 189
29 17 584
29 18 623
29 19 267
29 20 159
29 21 50
29 22 822
29 23 96
29 24 547
29 25 998
29 26 48
29 27 499
29 28 950
29 29 0
29 30 451
29 31 902
29 32 48
29 33 499
29 34 950
29 35 96
29 36 547
29 37 998
29 38 144
29 39 595
29 40 1046
29 41 216
30 0 667
30 1 432
30 2 436
30 3 111
30 4 410
30 5 111
30 6 115
30 7 349
30 8 462
30 9 414
30 10 293
30 11 207
30 12 163
30 13 462
30 14 410
30 15 497
30 16 358
30 17 133
30 18 172
30 19 280
30 20 484
30 21 401
30 22 371
30 23 547
30 24 96
30 25 547
30 26 499
30 27 48
30 28 499
30 29 451
30 30 0
30 31 451
30 32 499
30 33 48
30 34 499
30 35 547
30 36 96
30 37 547
30 38 595
30 39 144
30 40 595
30 41 667
31 0 1118
31 1 883
31 2 887
31 3 436
31 4 861
31 5 436
31 6 336
31 7 800
31 8 913
31 9 865
31 10 744
31 11 532
31 12 384
31 13 85
31 14 861
31 15 948
31 16 809
31 17 510
31 18 471
31 19 731
31 20 935
31 21 852
31 22 176
31 23 998
31 24 547
31 25 96
31 26 950
31 27 499
31 28 48
31 29 902
31 30 451
31 31 0
31 32 950
31 33 499
31 34 48
31 35 998
31 36 547
31 37 96
31 38 1046
31 39 595
31 40 144
31 41 1118
32 0 264
32 1 259
32 2 63
32 3 514
32 4 89
32 5 610
32 6 614
32 7 150
32 8 37
32 9 85
32 10 206
32 11 610
32 12 662
32 13 961
32 14 185
32 15 98
32 16 237
32 17 536
32 18 671
32 19 219
32 20 111
32 21 98
32 22 774
32 23 144
32 24 595
32 25 1046
32 26 96
32 27 547
32 28 998
32 29 48
32 30 499
32 31 950
32 32 0
32 33 451
32 34 902
32 35 48
32 36 499
32 37 950
32 38 96
32 39 547
32 40 998
32 41 264
33 0 715
33 1 480
33 2 388
33 3 63
33 4 362
33 5 159
33 6 163
33 7 397
33 8 414
33 9 462
33 10 245
33 11 159
33 12 211
33 13 510
33 14 458
33 15 449
33 16 406
33 17 85
33 18 220
33 19 232
33 20 436
33 21 449
33 22 323
33 23 595
33 24 144
33 25 595
33 26 547
33 27 96
33 28 547
33 29 499
33 30 48
33 31 499
33 32 451
33 33 0
33 34 451
33 35 499
33 36 48
33 37 499
33 38 547
33 39 96
33 40 547
33 41 715
34 0 1166
34 1 931
34 2 839
34 3 388
34 4 813
34 5 484
34 6 384
34 7 848
34 8 865
34 9 913
34 10 696
34 11 484
34 12 432
34 13 133
34 14 909
34 15 900
34 16 857
34 17 462
34 18 519
34 19 683
34 20 887
34 21 900
34 22 128
34 23 1046
34 24 595
34 25 144
34 26 998
34 27 547
34 28 96
34 29 950
34 30 499
34 31 48
34 32 902
34 33 451
34 34 0
34 35 950
34 36 499
34 37 48
34 38 998
34 39 547
34 40 96
34 41 1166
35 0 312
35 1 307
35 2 111
35 3 562
35 4 137
35 5 658
35 6 662
35 7 198
35 8 85
35 9 133
35 10 254
35 11 562
35 12 710
35 13 1009
35 14 233
35 15 50
35 16 285
35 17 488
35 18 719
35 19 267
35 20 63
35 21 146
35 22 822
35 23 192
35 24 643
35 25 1094
35 26 144
35 27 595
35 28 1046
35 29 96
35 30 547
35 31 998
35 32 48
35 33 499
35 34 950
35 35 0
35 36 451
35 37 902
35 38 48
35 39 499
35 40 950
35 41 312
36 0 763
36 1 528
36 2 436
36 3 111
36 4 410
36 5 207
36 6 211
36 7 445
36 8 462
36 9 510
36 10 293
36 11 111
36 12 259
36 13 558
36 14 506
36 15 401
36 16 454
36 17 37
36 18 268
36 19 280
36 20 388
36 21 497
36 22 371
36 23 643
36 24 192
36 25 643
36 26 595
36 27 144
36 28 595
36 29 547
36 30 96
36 31 547
36 32 499
36 33 48
36 34 499
36 35 451
36 36 0
36 37 451
36 38 499
36 39 48
36 40 499
36 41 763
37 0 1214
37 1 979
37 2 887
37 3 436
37 4 861
37 5 532
37 6 432
37 7 896
37 8 913
37 9 961
37 10 744
37 11 436
37 12 480
37 13 181
37 14 957
37 15 852
37 16 905
37 17 414
37 18 567
37 19 731
37 20 839
37 21 948
37 22 176
37 23 1094
37 24 643
37 25 192
37 26 1046
37 27 595
37 28 144
37 29 998
37 30 547
37 31 96
37 32 950
37 33 499
37 34 48
37 35 902
37 36 451
37 37 0
37 38 950
37 39 499
37 40 48
37 41 1214
38 0 360
38 1 355
38 2 159
38 3 610
38 4 185
38 5 706
38 6 710
38 7 246
38 8 133
38 9 181
38 10 302
38 11 514
38 12 758
38 13 1057
38 14 281
38 15 98
38 16 333
38 17 536
38 18 767
38 19 315
38 20 111
38 21 194
38 22 870
38 23 240
38 24 691
38 25 1142
38 26 192
38 27 643
38 28 1094
38 29 144
38 30 595
38 31 1046
38 32 96
38 33 547
38 34 998
38 35 48
38 36 499
38 37 950
38 38 0
38 39 451
38 40 902
38 41 360
39 0 811
39 1 576
39 2 484
39 3 159
39 4 458
39 5 255
39 6 259
39 7 493
39 8 510
39 9 558
39 10 341
39 11 63
39 12 307
39 13 606
39 14 554
39 15 449
39 16 502
39 17 85
39 18 316
39 19 328
39 20 436
39 21 545
39 22 419
39 23 691
39 24 240
39 25 691
39 26 643
39 27 192
39 28 643
39 29 595
39 30 144
39 31 595
39 32 547
39 33 96
39 34 547
39 35 499
39 36 48
39 37 499
39 38 451
39 39 0
39 40 451
39 41 811
40 0 1262
40 1 1027
40 2 935
40 3 484
40 4 909
40 5 580
40 6 480
40 7 944
40 8 961
40 9 1009
40 10 792
40 11 388
40 12 528
40 13 229
40 14 1005
40 15 900
40 16 953
40 17 462
40 18 615
40 19 779
40 20 887
40 21 996
40 22 224
40 23 1142
40 24 691
40 25 240
40 26 1094
40 27 643
40 28 192
40 29 1046
40 30 595
40 31 144
40 32 998
40 33 547
40 34 96
40 35 950
40 36 499
40 37 48
40 38 902
40 39 451
40 40 0
40 41 1262
41 0 0
41 1 235
41 2 327
41 3 778
41 4 353
41 5 682
41 6 782
41 7 318
41 8 301
41 9 253
41 10 470
41 11 874
41 12 734
41 13 1033
41 14 257
41 15 362
41 16 309
41 17 800
41 18 647
41 19 483
41 20 375
41 21 266
41 22 1038
41 23 120
41 24 571
41 25 1022
41 26 168
41 27 619
41 28 1070
41 29 216
41 30 667
41 31 1118
41 32 264
41 33 715
41 34 1166
41 35 312
41 36 763
41 37 1214
41 38 360
41 39 811
41 40 1262
41 41 0
//Location coordinates LocationName
//Loc x y
0 0.0 0.0 "depot"
1 0.0 235.0 "product aisle 0 bloc 0 rank 13"
2 144.0 183.0 "product aisle 3 bloc 0 rank 5"
3 144.0 634.0 "product aisle 3 bloc 1 rank 5"
4 144.0 209.0 "product aisle 3 bloc 0 rank 10"
5 48.0 634.0 "product aisle 1 bloc 1 rank 5"
6 96.0 686.0 "product aisle 2 bloc 1 rank 14"
7 96.0 222.0 "product aisle 2 bloc 0 rank 11"
8 144.0 157.0 "product aisle 3 bloc 0 rank 2"
9 96.0 157.0 "product aisle 2 bloc 0 rank 1"
10 144.0 326.0 "product aisle 3 bloc 0 rank 27"
11 240.0 634.0 "product aisle 5 bloc 1 rank 6"
12 48.0 686.0 "product aisle 1 bloc 1 rank 14"
13 48.0 985.0 "product aisle 1 bloc 1 rank 60"
14 48.0 209.0 "product aisle 1 bloc 0 rank 10"
15 192.0 170.0 "product aisle 4 bloc 0 rank 4"
16 48.0 261.0 "product aisle 1 bloc 0 rank 18"
17 192.0 608.0 "product aisle 4 bloc 1 rank 1"
18 0.0 647.0 "product aisle 0 bloc 1 rank 7"
19 144.0 339.0 "product aisle 3 bloc 0 rank 30"
20 192.0 183.0 "product aisle 4 bloc 0 rank 6"
21 96.0 170.0 "product aisle 2 bloc 0 rank 3"
22 144.0 894.0 "product aisle 3 bloc 1 rank 45"
23 24.0 120.0 "intersection aisle 0 bloc 0 rank 0"
24 24.0 571.0 "intersection aisle 0 bloc 1 rank 1"
25 24.0 1022.0 "intersection aisle 0 bloc 2 rank 2"
26 72.0 120.0 "intersection aisle 1 bloc 0 rank 0"
27 72.0 571.0 "intersection aisle 1 bloc 1 rank 1"
28 72.0 1022.0 "intersection aisle 1 bloc 2 rank 2"
29 120.0 120.0 "intersection aisle 2 bloc 0 rank 0"
30 120.0 571.0 "intersection aisle 2 bloc 1 rank 1"
31 120.0 1022.0 "intersection aisle 2 bloc 2 rank 2"
32 168.0 120.0 "intersection aisle 3 bloc 0 rank 0"
33 168.0 571.0 "intersection aisle 3 bloc 1 rank 1"
34 168.0 1022.0 "intersection aisle 3 bloc 2 rank 2"
35 216.0 120.0 "intersection aisle 4 bloc 0 rank 0"
36 216.0 571.0 "intersection aisle 4 bloc 1 rank 1"
37 216.0 1022.0 "intersection aisle 4 bloc 2 rank 2"
38 264.0 120.0 "intersection aisle 5 bloc 0 rank 0"
39 264.0 571.0 "intersection aisle 5 bloc 1 rank 1"
40 264.0 1022.0 "intersection aisle 5 bloc 2 rank 2"
41 0.0 0.0 "depot"
