//alpha
1
//NbLocations
66
//NbProducts
29
//NbPickers
2
//CapaPicker
4
//TimeToTravelOneDistanceUnit
3
//SetupTime
5400
//PickTime
300
//Products
//Idx Location Size
1 1 1
2 2 1
3 3 1
4 4 1
5 5 1
6 6 1
7 7 1
8 8 1
9 9 1
10 10 1
11 11 1
12 12 1
13 13 1
14 14 1
15 15 1
16 16 1
17 17 1
18 18 1
19 19 1
20 20 1
21 21 1
22 22 1
23 23 1
24 24 1
25 25 1
26 26 1
27 27 1
28 28 1
29 29 1
//Orders
//NbOrders
12
//Idx DueDate TardinessPenalty NbProdInOrder ProdIdx1 Qty1 ProdIdx2 Qty2 ...
1 72000 0 3 1 1 2 1 3 1
2 36000 0 2 4 1 5 1
3 54000 0 4 6 1 7 1 8 1 9 1
4 72000 0 2 10 1 11 1
5 36000 0 3 12 1 13 1 14 1
6 90000 0 1 15 1
7 126000 0 2 16 1 17 1
8 90000 0 1 18 1
9 72000 0 4 19 1 20 1 21 1 22 1
10 54000 0 1 23 1
11 54000 0 3 24 1 25 1 26 1
12 108000 0 3 27 1 28 1 29 1
//Graph (Products are vertices indexed from 1 to NbProducts)
//NbVerticesIntersections
36
//DepartingDepot
0
//ArrivalDepot
66
//Arcs
//Start End Distance
0 30 120
1 34 76
1 35 765
2 48 310
2 49 531
3 8 598
3 38 206
4 9 325
4 50 362
5 7 13
5 28 247
6 12 39
6 51 440
7 5 13
7 46 141
8 3 598
8 37 37
9 4 325
9 13 52
10 18 169
10 23 182
11 20 351
11 47 180
12 6 39
12 21 234
13 9 52
13 49 102
14 55 336
14 56 505
15 24 169
15 64 297
16 40 778
16 41 63
17 33 362
17 34 479
18 10 169
18 54 89
19 22 390
19 58 310
20 11 351
20 46 310
21 12 234
21 52 128
22 19 390
22 59 141
23 10 182
23 55 401
24 15 169
24 65 375
25 57 102
25 58 739
26 30 570
26 31 271
27 52 63
27 53 778
28 5 247
28 45 440
29 61 349
29 62 492
30 26 570
30 33 48
30 66 120
31 26 271
31 32 841
31 34 48
32 31 841
32 35 48
33 17 362
33 30 48
33 36 48
34 1 76
34 17 479
34 31 48
34 37 48
35 1 765
35 32 48
35 38 48
36 33 48
36 37 841
36 39 48
37 8 37
37 34 48
37 36 841
37 40 48
38 3 206
38 35 48
38 41 48
39 36 48
39 40 841
39 42 48
40 16 778
40 37 48
40 39 841
40 43 48
41 16 63
41 38 48
41 44 48
42 39 48
42 43 841
42 45 48
43 40 48
43 42 841
43 44 841
43 46 48
44 41 48
44 43 841
44 47 48
45 28 440
45 42 48
45 48 48
46 7 141
46 20 310
46 43 48
46 49 48
47 11 180
47 44 48
47 50 48
48 2 310
48 45 48
48 51 48
49 2 531
49 13 102
49 46 48
49 52 48
50 4 362
50 47 48
50 53 48
51 6 440
51 48 48
51 54 48
52 21 128
52 27 63
52 49 48
52 55 48
53 27 778
53 50 48
53 56 48
54 18 89
54 51 48
54 57 48
55 14 336
55 23 401
55 52 48
55 58 48
56 14 505
56 53 48
56 59 48
57 25 102
57 54 48
57 60 48
58 19 310
58 25 739
58 55 48
58 61 48
59 22 141
59 56 48
59 62 48
60 57 48
60 61 841
60 63 48
61 29 349
61 58 48
61 60 841
61 64 48
62 29 492
62 59 48
62 65 48
63 60 48
63 64 841
64 15 297
64 61 48
64 63 841
65 24 375
65 62 48
//LocStart LocEnd ShortestPath
0 0 0
0 1 1085
0 2 718
0 3 1692
0 4 1728
0 5 1047
0 6 896
0 7 1060
0 8 1094
0 9 1403
0 10 762
0 11 1862
0 12 935
0 13 1351
0 14 1681
0 15 1786
0 16 1883
0 17 530
0 18 593
0 19 1703
0 20 1511
0 21 1169
0 22 2093
0 23 944
0 24 1955
0 25 654
0 26 690
0 27 1360
0 28 800
0 29 1790
0 30 120
0 31 961
0 32 1802
0 33 168
0 34 1009
0 35 1850
0 36 216
0 37 1057
0 38 1898
0 39 264
0 40 1105
0 41 1946
0 42 312
0 43 1153
0 44 1994
0 45 360
0 46 1201
0 47 2042
0 48 408
0 49 1249
0 50 2090
0 51 456
0 52 1297
0 53 2138
0 54 504
0 55 1345
0 56 2186
0 57 552
0 58 1393
0 59 2234
0 60 600
0 61 1441
0 62 2282
0 63 648
0 64 1489
0 65 2330
0 66 0
1 0 1085
1 1 0
1 2 847
1 3 759
1 4 795
1 5 422
1 6 765
1 7 409
1 8 161
1 9 470
1 10 995
1 11 929
1 12 726
1 13 418
1 14 748
1 15 853
1 16 924
1 17 555
1 18 1164
1 19 770
1 20 578
1 21 492
1 22 1160
1 23 813
1 24 1022
1 25 1199
1 26 395
1 27 427
1 28 669
1 29 857
1 30 965
1 31 124
1 32 813
1 33 917
1 34 76
1 35 765
1 36 965
1 37 124
1 38 813
1 39 1013
1 40 172
1 41 861
1 42 1061
1 43 220
1 44 909
1 45 1109
1 46 268
1 47 957
1 48 1157
1 49 316
1 50 1005
1 51 1205
1 52 364
1 53 1053
1 54 1253
1 55 412
1 56 1101
1 57 1301
1 58 460
1 59 1149
1 60 1349
1 61 508
1 62 1197
1 63 1397
1 64 556
1 65 1245
1 66 1085
2 0 718
2 1 847
2 2 0
2 3 1358
2 4 1010
2 5 733
2 6 798
2 7 720
2 8 760
2 9 685
2 10 664
2 11 1240
2 12 837
2 13 633
2 14 963
2 15 1068
2 16 1453
2 17 912
2 18 495
2 19 985
2 20 889
2 21 707
2 22 1375
2 23 846
2 24 1237
2 25 556
2 26 1090
2 27 642
2 28 798
2 29 1072
2 30 598
2 31 819
2 32 1660
2 33 550
2 34 771
2 35 1612
2 36 502
2 37 723
2 38 1564
2 39 454
2 40 675
2 41 1516
2 42 406
2 43 627
2 44 1468
2 45 358
2 46 579
2 47 1420
2 48 310
2 49 531
2 50 1372
2 51 358
2 52 579
2 53 1420
2 54 406
2 55 627
2 56 1468
2 57 454
2 58 675
2 59 1516
2 60 502
2 61 723
2 62 1564
2 63 550
2 64 771
2 65 1612
2 66 718
3 0 1692
3 1 759
3 2 1358
3 3 0
3 4 760
3 5 933
3 6 1276
3 7 920
3 8 598
3 9 981
3 10 1506
3 11 530
3 12 1237
3 13 929
3 14 999
3 15 1182
3 16 317
3 17 1162
3 18 1675
3 19 1073
3 20 881
3 21 1003
3 22 683
3 23 1324
3 24 1013
3 25 1710
3 26 1002
3 27 938
3 28 1180
3 29 1082
3 30 1572
3 31 731
3 32 302
3 33 1524
3 34 683
3 35 254
3 36 1476
3 37 635
3 38 206
3 39 1524
3 40 683
3 41 254
3 42 1572
3 43 731
3 44 302
3 45 1620
3 46 779
3 47 350
3 48 1668
3 49 827
3 50 398
3 51 1716
3 52 875
3 53 446
3 54 1764
3 55 923
3 56 494
3 57 1812
3 58 971
3 59 542
3 60 1860
3 61 1019
3 62 590
3 63 1908
3 64 1067
3 65 638
3 66 1692
4 0 1728
4 1 795
4 2 1010
4 3 760
4 4 0
4 5 681
4 6 928
4 7 668
4 8 708
4 9 325
4 10 1158
4 11 590
4 12 889
4 13 377
4 14 911
4 15 1016
4 16 569
4 17 1198
4 18 1327
4 19 933
4 20 837
4 21 655
4 22 647
4 23 976
4 24 977
4 25 1362
4 26 1038
4 27 590
4 28 928
4 29 1020
4 30 1608
4 31 767
4 32 650
4 33 1560
4 34 719
4 35 602
4 36 1512
4 37 671
4 38 554
4 39 1464
4 40 623
4 41 506
4 42 1416
4 43 575
4 44 458
4 45 1368
4 46 527
4 47 410
4 48 1320
4 49 479
4 50 362
4 51 1368
4 52 527
4 53 410
4 54 1416
4 55 575
4 56 458
4 57 1464
4 58 623
4 59 506
4 60 1512
4 61 671
4 62 554
4 63 1560
4 64 719
4 65 602
4 66 1728
5 0 1047
5 1 422
5 2 733
5 3 933
5 4 681
5 5 0
5 6 651
5 7 13
5 8 335
5 9 356
5 10 881
5 11 815
5 12 612
5 13 304
5 14 634
5 15 739
5 16 1028
5 17 825
5 18 920
5 19 656
5 20 464
5 21 378
5 22 1046
5 23 699
5 24 908
5 25 981
5 26 665
5 27 313
5 28 247
5 29 743
5 30 927
5 31 394
5 32 1235
5 33 879
5 34 346
5 35 1187
5 36 831
5 37 298
5 38 1139
5 39 783
5 40 250
5 41 1091
5 42 735
5 43 202
5 44 1043
5 45 687
5 46 154
5 47 995
5 48 735
5 49 202
5 50 1043
5 51 783
5 52 250
5 53 1091
5 54 831
5 55 298
5 56 1139
5 57 879
5 58 346
5 59 1187
5 60 927
5 61 394
5 62 1235
5 63 975
5 64 442
5 65 1283
5 66 1047
6 0 896
6 1 765
6 2 798
6 3 1276
6 4 928
6 5 651
6 6 0
6 7 638
6 8 678
6 9 603
6 10 746
6 11 1158
6 12 39
6 13 551
6 14 785
6 15 890
6 16 1371
6 17 1090
6 18 577
6 19 807
6 20 807
6 21 273
6 22 1197
6 23 850
6 24 1059
6 25 638
6 26 1008
6 27 464
6 28 898
6 29 894
6 30 776
6 31 737
6 32 1578
6 33 728
6 34 689
6 35 1530
6 36 680
6 37 641
6 38 1482
6 39 632
6 40 593
6 41 1434
6 42 584
6 43 545
6 44 1386
6 45 536
6 46 497
6 47 1338
6 48 488
6 49 449
6 50 1290
6 51 440
6 52 401
6 53 1242
6 54 488
6 55 449
6 56 1290
6 57 536
6 58 497
6 59 1338
6 60 584
6 61 545
6 62 1386
6 63 632
6 64 593
6 65 1434
6 66 896
7 0 1060
7 1 409
7 2 720
7 3 920
7 4 668
7 5 13
7 6 638
7 7 0
7 8 322
7 9 343
7 10 868
7 11 802
7 12 599
7 13 291
7 14 621
7 15 726
7 16 1015
7 17 812
7 18 933
7 19 643
7 20 451
7 21 365
7 22 1033
7 23 686
7 24 895
7 25 994
7 26 652
7 27 300
7 28 260
7 29 730
7 30 940
7 31 381
7 32 1222
7 33 892
7 34 333
7 35 1174
7 36 844
7 37 285
7 38 1126
7 39 796
7 40 237
7 41 1078
7 42 748
7 43 189
7 44 1030
7 45 700
7 46 141
7 47 982
7 48 748
7 49 189
7 50 1030
7 51 796
7 52 237
7 53 1078
7 54 844
7 55 285
7 56 1126
7 57 892
7 58 333
7 59 1174
7 60 940
7 61 381
7 62 1222
7 63 988
7 64 429
7 65 1270
7 66 1060
8 0 1094
8 1 161
8 2 760
8 3 598
8 4 708
8 5 335
8 6 678
8 7 322
8 8 0
8 9 383
8 10 908
8 11 842
8 12 639
8 13 331
8 14 661
8 15 766
8 16 863
8 17 564
8 18 1077
8 19 683
8 20 491
8 21 405
8 22 1073
8 23 726
8 24 935
8 25 1112
8 26 404
8 27 340
8 28 582
8 29 770
8 30 974
8 31 133
8 32 900
8 33 926
8 34 85
8 35 852
8 36 878
8 37 37
8 38 804
8 39 926
8 40 85
8 41 852
8 42 974
8 43 133
8 44 900
8 45 1022
8 46 181
8 47 948
8 48 1070
8 49 229
8 50 996
8 51 1118
8 52 277
8 53 1044
8 54 1166
8 55 325
8 56 1092
8 57 1214
8 58 373
8 59 1140
8 60 1262
8 61 421
8 62 1188
8 63 1310
8 64 469
8 65 1236
8 66 1094
9 0 1403
9 1 470
9 2 685
9 3 981
9 4 325
9 5 356
9 6 603
9 7 343
9 8 383
9 9 0
9 10 833
9 11 863
9 12 564
9 13 52
9 14 586
9 15 691
9 16 894
9 17 873
9 18 1002
9 19 608
9 20 512
9 21 330
9 22 972
9 23 651
9 24 860
9 25 1037
9 26 713
9 27 265
9 28 603
9 29 695
9 30 1283
9 31 442
9 32 975
9 33 1235
9 34 394
9 35 927
9 36 1187
9 37 346
9 38 879
9 39 1139
9 40 298
9 41 831
9 42 1091
9 43 250
9 44 783
9 45 1043
9 46 202
9 47 735
9 48 995
9 49 154
9 50 687
9 51 1043
9 52 202
9 53 735
9 54 1091
9 55 250
9 56 783
9 57 1139
9 58 298
9 59 831
9 60 1187
9 61 346
9 62 879
9 63 1235
9 64 394
9 65 927
9 66 1403
10 0 762
10 1 995
10 2 664
10 3 1506
10 4 1158
10 5 881
10 6 746
10 7 868
10 8 908
10 9 833
10 10 0
10 11 1388
10 12 785
10 13 781
10 14 919
10 15 1024
10 16 1601
10 17 956
10 18 169
10 19 941
10 20 1037
10 21 759
10 22 1331
10 23 182
10 24 1193
10 25 408
10 26 1212
10 27 694
10 28 842
10 29 1028
10 30 642
10 31 967
10 32 1808
10 33 594
10 34 919
10 35 1760
10 36 546
10 37 871
10 38 1712
10 39 498
10 40 823
10 41 1664
10 42 450
10 43 775
10 44 1616
10 45 402
10 46 727
10 47 1568
10 48 354
10 49 679
10 50 1520
10 51 306
10 52 631
10 53 1472
10 54 258
10 55 583
10 56 1424
10 57 306
10 58 631
10 59 1472
10 60 354
10 61 679
10 62 1520
10 63 402
10 64 727
10 65 1568
10 66 762
11 0 1862
11 1 929
11 2 1240
11 3 530
11 4 590
11 5 815
11 6 1158
11 7 802
11 8 842
11 9 863
11 10 1388
11 11 0
11 12 1119
11 13 811
11 14 829
11 15 1012
11 16 339
11 17 1332
11 18 1557
11 19 903
11 20 351
11 21 885
11 22 513
11 23 1206
11 24 843
11 25 1592
11 26 1172
11 27 820
11 28 1062
11 29 912
11 30 1742
11 31 901
11 32 420
11 33 1694
11 34 853
11 35 372
11 36 1646
11 37 805
11 38 324
11 39 1598
11 40 757
11 41 276
11 42 1550
11 43 709
11 44 228
11 45 1502
11 46 661
11 47 180
11 48 1550
11 49 709
11 50 228
11 51 1598
11 52 757
11 53 276
11 54 1646
11 55 805
11 56 324
11 57 1694
11 58 853
11 59 372
11 60 1742
11 61 901
11 62 420
11 63 1790
11 64 949
11 65 468
11 66 1862
12 0 935
12 1 726
12 2 837
12 3 1237
12 4 889
12 5 612
12 6 39
12 7 599
12 8 639
12 9 564
12 10 785
12 11 1119
12 12 0
12 13 512
12 14 746
12 15 851
12 16 1332
12 17 1129
12 18 616
12 19 768
12 20 768
12 21 234
12 22 1158
12 23 811
12 24 1020
12 25 677
12 26 969
12 27 425
12 28 859
12 29 855
12 30 815
12 31 698
12 32 1539
12 33 767
12 34 650
12 35 1491
12 36 719
12 37 602
12 38 1443
12 39 671
12 40 554
12 41 1395
12 42 623
12 43 506
12 44 1347
12 45 575
12 46 458
12 47 1299
12 48 527
12 49 410
12 50 1251
12 51 479
12 52 362
12 53 1203
12 54 527
12 55 410
12 56 1251
12 57 575
12 58 458
12 59 1299
12 60 623
12 61 506
12 62 1347
12 63 671
12 64 554
12 65 1395
12 66 935
13 0 1351
13 1 418
13 2 633
13 3 929
13 4 377
13 5 304
13 6 551
13 7 291
13 8 331
13 9 52
13 10 781
13 11 811
13 12 512
13 13 0
13 14 534
13 15 639
13 16 946
13 17 821
13 18 950
13 19 556
13 20 460
13 21 278
13 22 946
13 23 599
13 24 808
13 25 985
13 26 661
13 27 213
13 28 551
13 29 643
13 30 1231
13 31 390
13 32 1027
13 33 1183
13 34 342
13 35 979
13 36 1135
13 37 294
13 38 931
13 39 1087
13 40 246
13 41 883
13 42 1039
13 43 198
13 44 835
13 45 991
13 46 150
13 47 787
13 48 943
13 49 102
13 50 739
13 51 991
13 52 150
13 53 787
13 54 1039
13 55 198
13 56 835
13 57 1087
13 58 246
13 59 883
13 60 1135
13 61 294
13 62 931
13 63 1183
13 64 342
13 65 979
13 66 1351
14 0 1681
14 1 748
14 2 963
14 3 999
14 4 911
14 5 634
14 6 785
14 7 621
14 8 661
14 9 586
14 10 919
14 11 829
14 12 746
14 13 534
14 14 0
14 15 777
14 16 808
14 17 1151
14 18 1088
14 19 694
14 20 790
14 21 512
14 22 694
14 23 737
14 24 946
14 25 1123
14 26 991
14 27 447
14 28 881
14 29 781
14 30 1561
14 31 720
14 32 889
14 33 1513
14 34 672
14 35 841
14 36 1465
14 37 624
14 38 793
14 39 1417
14 40 576
14 41 745
14 42 1369
14 43 528
14 44 697
14 45 1321
14 46 480
14 47 649
14 48 1273
14 49 432
14 50 601
14 51 1225
14 52 384
14 53 553
14 54 1177
14 55 336
14 56 505
14 57 1225
14 58 384
14 59 553
14 60 1273
14 61 432
14 62 601
14 63 1321
14 64 480
14 65 649
14 66 1681
15 0 1786
15 1 853
15 2 1068
15 3 1182
15 4 1016
15 5 739
15 6 890
15 7 726
15 8 766
15 9 691
15 10 1024
15 11 1012
15 12 851
15 13 639
15 14 777
15 15 0
15 16 991
15 17 1256
15 18 1193
15 19 703
15 20 895
15 21 617
15 22 781
15 23 842
15 24 169
15 25 1132
15 26 1096
15 27 552
15 28 986
15 29 694
15 30 1666
15 31 825
15 32 1072
15 33 1618
15 34 777
15 35 1024
15 36 1570
15 37 729
15 38 976
15 39 1522
15 40 681
15 41 928
15 42 1474
15 43 633
15 44 880
15 45 1426
15 46 585
15 47 832
15 48 1378
15 49 537
15 50 784
15 51 1330
15 52 489
15 53 736
15 54 1282
15 55 441
15 56 688
15 57 1234
15 58 393
15 59 640
15 60 1186
15 61 345
15 62 592
15 63 1138
15 64 297
15 65 544
15 66 1786
16 0 1883
16 1 924
16 2 1453
16 3 317
16 4 569
16 5 1028
16 6 1371
16 7 1015
16 8 863
16 9 894
16 10 1601
16 11 339
16 12 1332
16 13 946
16 14 808
16 15 991
16 16 0
16 17 1353
16 18 1770
16 19 882
16 20 690
16 21 1098
16 22 492
16 23 1419
16 24 822
16 25 1805
16 26 1193
16 27 1033
16 28 1275
16 29 891
16 30 1763
16 31 922
16 32 207
16 33 1715
16 34 874
16 35 159
16 36 1667
16 37 826
16 38 111
16 39 1619
16 40 778
16 41 63
16 42 1667
16 43 826
16 44 111
16 45 1715
16 46 874
16 47 159
16 48 1763
16 49 922
16 50 207
16 51 1811
16 52 970
16 53 255
16 54 1859
16 55 1018
16 56 303
16 57 1907
16 58 1066
16 59 351
16 60 1955
16 61 1114
16 62 399
16 63 2003
16 64 1162
16 65 447
16 66 1883
17 0 530
17 1 555
17 2 912
17 3 1162
17 4 1198
17 5 825
17 6 1090
17 7 812
17 8 564
17 9 873
17 10 956
17 11 1332
17 12 1129
17 13 821
17 14 1151
17 15 1256
17 16 1353
17 17 0
17 18 787
17 19 1173
17 20 981
17 21 895
17 22 1563
17 23 1138
17 24 1425
17 25 848
17 26 798
17 27 830
17 28 994
17 29 1260
17 30 410
17 31 527
17 32 1368
17 33 362
17 34 479
17 35 1320
17 36 410
17 37 527
17 38 1368
17 39 458
17 40 575
17 41 1416
17 42 506
17 43 623
17 44 1464
17 45 554
17 46 671
17 47 1512
17 48 602
17 49 719
17 50 1560
17 51 650
17 52 767
17 53 1608
17 54 698
17 55 815
17 56 1656
17 57 746
17 58 863
17 59 1704
17 60 794
17 61 911
17 62 1752
17 63 842
17 64 959
17 65 1800
17 66 530
18 0 593
18 1 1164
18 2 495
18 3 1675
18 4 1327
18 5 920
18 6 577
18 7 933
18 8 1077
18 9 1002
18 10 169
18 11 1557
18 12 616
18 13 950
18 14 1088
18 15 1193
18 16 1770
18 17 787
18 18 0
18 19 1110
18 20 1206
18 21 850
18 22 1500
18 23 351
18 24 1362
18 25 239
18 26 1043
18 27 863
18 28 673
18 29 1197
18 30 473
18 31 1136
18 32 1977
18 33 425
18 34 1088
18 35 1929
18 36 377
18 37 1040
18 38 1881
18 39 329
18 40 992
18 41 1833
18 42 281
18 43 944
18 44 1785
18 45 233
18 46 896
18 47 1737
18 48 185
18 49 848
18 50 1689
18 51 137
18 52 800
18 53 1641
18 54 89
18 55 752
18 56 1593
18 57 137
18 58 800
18 59 1641
18 60 185
18 61 848
18 62 1689
18 63 233
18 64 896
18 65 1737
18 66 593
19 0 1703
19 1 770
19 2 985
19 3 1073
19 4 933
19 5 656
19 6 807
19 7 643
19 8 683
19 9 608
19 10 941
19 11 903
19 12 768
19 13 556
19 14 694
19 15 703
19 16 882
19 17 1173
19 18 1110
19 19 0
19 20 812
19 21 534
19 22 390
19 23 759
19 24 872
19 25 1049
19 26 1013
19 27 469
19 28 903
19 29 707
19 30 1583
19 31 742
19 32 963
19 33 1535
19 34 694
19 35 915
19 36 1487
19 37 646
19 38 867
19 39 1439
19 40 598
19 41 819
19 42 1391
19 43 550
19 44 771
19 45 1343
19 46 502
19 47 723
19 48 1295
19 49 454
19 50 675
19 51 1247
19 52 406
19 53 627
19 54 1199
19 55 358
19 56 579
19 57 1151
19 58 310
19 59 531
19 60 1199
19 61 358
19 62 579
19 63 1247
19 64 406
19 65 627
19 66 1703
20 0 1511
20 1 578
20 2 889
20 3 881
20 4 837
20 5 464
20 6 807
20 7 451
20 8 491
20 9 512
20 10 1037
20 11 351
20 12 768
20 13 460
20 14 790
20 15 895
20 16 690
20 17 981
20 18 1206
20 19 812
20 20 0
20 21 534
20 22 864
20 23 855
20 24 1064
20 25 1241
20 26 821
20 27 469
20 28 711
20 29 899
20 30 1391
20 31 550
20 32 771
20 33 1343
20 34 502
20 35 723
20 36 1295
20 37 454
20 38 675
20 39 1247
20 40 406
20 41 627
20 42 1199
20 43 358
20 44 579
20 45 1151
20 46 310
20 47 531
20 48 1199
20 49 358
20 50 579
20 51 1247
20 52 406
20 53 627
20 54 1295
20 55 454
20 56 675
20 57 1343
20 58 502
20 59 723
20 60 1391
20 61 550
20 62 771
20 63 1439
20 64 598
20 65 819
20 66 1511
21 0 1169
21 1 492
21 2 707
21 3 1003
21 4 655
21 5 378
21 6 273
21 7 365
21 8 405
21 9 330
21 10 759
21 11 885
21 12 234
21 13 278
21 14 512
21 15 617
21 16 1098
21 17 895
21 18 850
21 19 534
21 20 534
21 21 0
21 22 924
21 23 577
21 24 786
21 25 911
21 26 735
21 27 191
21 28 625
21 29 621
21 30 1049
21 31 464
21 32 1305
21 33 1001
21 34 416
21 35 1257
21 36 953
21 37 368
21 38 1209
21 39 905
21 40 320
21 41 1161
21 42 857
21 43 272
21 44 1113
21 45 809
21 46 224
21 47 1065
21 48 761
21 49 176
21 50 1017
21 51 713
21 52 128
21 53 969
21 54 761
21 55 176
21 56 1017
21 57 809
21 58 224
21 59 1065
21 60 857
21 61 272
21 62 1113
21 63 905
21 64 320
21 65 1161
21 66 1169
22 0 2093
22 1 1160
22 2 1375
22 3 683
22 4 647
22 5 1046
22 6 1197
22 7 1033
22 8 1073
22 9 972
22 10 1331
22 11 513
22 12 1158
22 13 946
22 14 694
22 15 781
22 16 492
22 17 1563
22 18 1500
22 19 390
22 20 864
22 21 924
22 22 0
22 23 1149
22 24 612
22 25 1439
22 26 1403
22 27 859
22 28 1293
22 29 681
22 30 1973
22 31 1132
22 32 573
22 33 1925
22 34 1084
22 35 525
22 36 1877
22 37 1036
22 38 477
22 39 1829
22 40 988
22 41 429
22 42 1781
22 43 940
22 44 381
22 45 1733
22 46 892
22 47 333
22 48 1685
22 49 844
22 50 285
22 51 1637
22 52 796
22 53 237
22 54 1589
22 55 748
22 56 189
22 57 1541
22 58 700
22 59 141
22 60 1589
22 61 748
22 62 189
22 63 1637
22 64 796
22 65 237
22 66 2093
23 0 944
23 1 813
23 2 846
23 3 1324
23 4 976
23 5 699
23 6 850
23 7 686
23 8 726
23 9 651
23 10 182
23 11 1206
23 12 811
23 13 599
23 14 737
23 15 842
23 16 1419
23 17 1138
23 18 351
23 19 759
23 20 855
23 21 577
23 22 1149
23 23 0
23 24 1011
23 25 590
23 26 1056
23 27 512
23 28 946
23 29 846
23 30 824
23 31 785
23 32 1626
23 33 776
23 34 737
23 35 1578
23 36 728
23 37 689
23 38 1530
23 39 680
23 40 641
23 41 1482
23 42 632
23 43 593
23 44 1434
23 45 584
23 46 545
23 47 1386
23 48 536
23 49 497
23 50 1338
23 51 488
23 52 449
23 53 1290
23 54 440
23 55 401
23 56 1242
23 57 488
23 58 449
23 59 1290
23 60 536
23 61 497
23 62 1338
23 63 584
23 64 545
23 65 1386
23 66 944
24 0 1955
24 1 1022
24 2 1237
24 3 1013
24 4 977
24 5 908
24 6 1059
24 7 895
24 8 935
24 9 860
24 10 1193
24 11 843
24 12 1020
24 13 808
24 14 946
24 15 169
24 16 822
24 17 1425
24 18 1362
24 19 872
24 20 1064
24 21 786
24 22 612
24 23 1011
24 24 0
24 25 1301
24 26 1265
24 27 721
24 28 1155
24 29 863
24 30 1835
24 31 994
24 32 903
24 33 1787
24 34 946
24 35 855
24 36 1739
24 37 898
24 38 807
24 39 1691
24 40 850
24 41 759
24 42 1643
24 43 802
24 44 711
24 45 1595
24 46 754
24 47 663
24 48 1547
24 49 706
24 50 615
24 51 1499
24 52 658
24 53 567
24 54 1451
24 55 610
24 56 519
24 57 1403
24 58 562
24 59 471
24 60 1355
24 61 514
24 62 423
24 63 1307
24 64 466
24 65 375
24 66 1955
25 0 654
25 1 1199
25 2 556
25 3 1710
25 4 1362
25 5 981
25 6 638
25 7 994
25 8 1112
25 9 1037
25 10 408
25 11 1592
25 12 677
25 13 985
25 14 1123
25 15 1132
25 16 1805
25 17 848
25 18 239
25 19 1049
25 20 1241
25 21 911
25 22 1439
25 23 590
25 24 1301
25 25 0
25 26 1104
25 27 898
25 28 734
25 29 1136
25 30 534
25 31 1171
25 32 2012
25 33 486
25 34 1123
25 35 1964
25 36 438
25 37 1075
25 38 1916
25 39 390
25 40 1027
25 41 1868
25 42 342
25 43 979
25 44 1820
25 45 294
25 46 931
25 47 1772
25 48 246
25 49 883
25 50 1724
25 51 198
25 52 835
25 53 1676
25 54 150
25 55 787
25 56 1628
25 57 102
25 58 739
25 59 1580
25 60 150
25 61 787
25 62 1628
25 63 198
25 64 835
25 65 1676
25 66 654
26 0 690
26 1 395
26 2 1090
26 3 1002
26 4 1038
26 5 665
26 6 1008
26 7 652
26 8 404
26 9 713
26 10 1212
26 11 1172
26 12 969
26 13 661
26 14 991
26 15 1096
26 16 1193
26 17 798
26 18 1043
26 19 1013
26 20 821
26 21 735
26 22 1403
26 23 1056
26 24 1265
26 25 1104
26 26 0
26 27 670
26 28 912
26 29 1100
26 30 570
26 31 271
26 32 1112
26 33 618
26 34 319
26 35 1160
26 36 666
26 37 367
26 38 1208
26 39 714
26 40 415
26 41 1256
26 42 762
26 43 463
26 44 1304
26 45 810
26 46 511
26 47 1352
26 48 858
26 49 559
26 50 1400
26 51 906
26 52 607
26 53 1448
26 54 954
26 55 655
26 56 1496
26 57 1002
26 58 703
26 59 1544
26 60 1050
26 61 751
26 62 1592
26 63 1098
26 64 799
26 65 1640
26 66 690
27 0 1360
27 1 427
27 2 642
27 3 938
27 4 590
27 5 313
27 6 464
27 7 300
27 8 340
27 9 265
27 10 694
27 11 820
27 12 425
27 13 213
27 14 447
27 15 552
27 16 1033
27 17 830
27 18 863
27 19 469
27 20 469
27 21 191
27 22 859
27 23 512
27 24 721
27 25 898
27 26 670
27 27 0
27 28 560
27 29 556
27 30 1240
27 31 399
27 32 1114
27 33 1192
27 34 351
27 35 1066
27 36 1144
27 37 303
27 38 1018
27 39 1096
27 40 255
27 41 970
27 42 1048
27 43 207
27 44 922
27 45 1000
27 46 159
27 47 874
27 48 952
27 49 111
27 50 826
27 51 904
27 52 63
27 53 778
27 54 952
27 55 111
27 56 826
27 57 1000
27 58 159
27 59 874
27 60 1048
27 61 207
27 62 922
27 63 1096
27 64 255
27 65 970
27 66 1360
28 0 800
28 1 669
28 2 798
28 3 1180
28 4 928
28 5 247
28 6 898
28 7 260
28 8 582
28 9 603
28 10 842
28 11 1062
28 12 859
28 13 551
28 14 881
28 15 986
28 16 1275
28 17 994
28 18 673
28 19 903
28 20 711
28 21 625
28 22 1293
28 23 946
28 24 1155
28 25 734
28 26 912
28 27 560
28 28 0
28 29 990
28 30 680
28 31 641
28 32 1482
28 33 632
28 34 593
28 35 1434
28 36 584
28 37 545
28 38 1386
28 39 536
28 40 497
28 41 1338
28 42 488
28 43 449
28 44 1290
28 45 440
28 46 401
28 47 1242
28 48 488
28 49 449
28 50 1290
28 51 536
28 52 497
28 53 1338
28 54 584
28 55 545
28 56 1386
28 57 632
28 58 593
28 59 1434
28 60 680
28 61 641
28 62 1482
28 63 728
28 64 689
28 65 1530
28 66 800
29 0 1790
29 1 857
29 2 1072
29 3 1082
29 4 1020
29 5 743
29 6 894
29 7 730
29 8 770
29 9 695
29 10 1028
29 11 912
29 12 855
29 13 643
29 14 781
29 15 694
29 16 891
29 17 1260
29 18 1197
29 19 707
29 20 899
29 21 621
29 22 681
29 23 846
29 24 863
29 25 1136
29 26 1100
29 27 556
29 28 990
29 29 0
29 30 1670
29 31 829
29 32 972
29 33 1622
29 34 781
29 35 924
29 36 1574
29 37 733
29 38 876
29 39 1526
29 40 685
29 41 828
29 42 1478
29 43 637
29 44 780
29 45 1430
29 46 589
29 47 732
29 48 1382
29 49 541
29 50 684
29 51 1334
29 52 493
29 53 636
29 54 1286
29 55 445
29 56 588
29 57 1238
29 58 397
29 59 540
29 60 1190
29 61 349
29 62 492
29 63 1238
29 64 397
29 65 540
29 66 1790
30 0 120
30 1 965
30 2 598
30 3 1572
30 4 1608
30 5 927
30 6 776
30 7 940
30 8 974
30 9 1283
30 10 642
30 11 1742
30 12 815
30 13 1231
30 14 1561
30 15 1666
30 16 1763
30 17 410
30 18 473
30 19 1583
30 20 1391
30 21 1049
30 22 1973
30 23 824
30 24 1835
30 25 534
30 26 570
30 27 1240
30 28 680
30 29 1670
30 30 0
30 31 841
30 32 1682
30 33 48
30 34 889
30 35 1730
30 36 96
30 37 937
30 38 1778
30 39 144
30 40 985
30 41 1826
30 42 192
30 43 1033
30 44 1874
30 45 240
30 46 1081
30 47 1922
30 48 288
30 49 1129
30 50 1970
30 51 336
30 52 1177
30 53 2018
30 54 384
30 55 1225
30 56 2066
30 57 432
30 58 1273
30 59 2114
30 60 480
30 61 1321
30 62 2162
30 63 528
30 64 1369
30 65 2210
30 66 120
31 0 961
31 1 124
31 2 819
31 3 731
31 4 767
31 5 394
31 6 737
31 7 381
31 8 133
31 9 442
31 10 967
31 11 901
31 12 698
31 13 390
31 14 720
31 15 825
31 16 922
31 17 527
31 18 1136
31 19 742
31 20 550
31 21 464
31 22 1132
31 23 785
31 24 994
31 25 1171
31 26 271
31 27 399
31 28 641
31 29 829
31 30 841
31 31 0
31 32 841
31 33 889
31 34 48
31 35 889
31 36 937
31 37 96
31 38 937
31 39 985
31 40 144
31 41 985
31 42 1033
31 43 192
31 44 1033
31 45 1081
31 46 240
31 47 1081
31 48 1129
31 49 288
31 50 1129
31 51 1177
31 52 336
31 53 1177
31 54 1225
31 55 384
31 56 1225
31 57 1273
31 58 432
31 59 1273
31 60 1321
31 61 480
31 62 1321
31 63 1369
31 64 528
31 65 1369
31 66 961
32 0 1802
32 1 813
32 2 1660
32 3 302
32 4 650
32 5 1235
32 6 1578
32 7 1222
32 8 900
32 9 975
32 10 1808
32 11 420
32 12 1539
32 13 1027
32 14 889
32 15 1072
32 16 207
32 17 1368
32 18 1977
32 19 963
32 20 771
32 21 1305
32 22 573
32 23 1626
32 24 903
32 25 2012
32 26 1112
32 27 1114
32 28 1482
32 29 972
32 30 1682
32 31 841
32 32 0
32 33 1730
32 34 889
32 35 48
32 36 1778
32 37 937
32 38 96
32 39 1826
32 40 985
32 41 144
32 42 1874
32 43 1033
32 44 192
32 45 1922
32 46 1081
32 47 240
32 48 1970
32 49 1129
32 50 288
32 51 2018
32 52 1177
32 53 336
32 54 2066
32 55 1225
32 56 384
32 57 2114
32 58 1273
32 59 432
32 60 2162
32 61 1321
32 62 480
32 63 2210
32 64 1369
32 65 528
32 66 1802
33 0 168
33 1 917
33 2 550
33 3 1524
33 4 1560
33 5 879
33 6 728
33 7 892
33 8 926
33 9 1235
33 10 594
33 11 1694
33 12 767
33 13 1183
33 14 1513
33 15 1618
33 16 1715
33 17 362
33 18 425
33 19 1535
33 20 1343
33 21 1001
33 22 1925
33 23 776
33 24 1787
33 25 486
33 26 618
33 27 1192
33 28 632
33 29 1622
33 30 48
33 31 889
33 32 1730
33 33 0
33 34 841
33 35 1682
33 36 48
33 37 889
33 38 1730
33 39 96
33 40 937
33 41 1778
33 42 144
33 43 985
33 44 1826
33 45 192
33 46 1033
33 47 1874
33 48 240
33 49 1081
33 50 1922
33 51 288
33 52 1129
33 53 1970
33 54 336
33 55 1177
33 56 2018
33 57 384
33 58 1225
33 59 2066
33 60 432
33 61 1273
33 62 2114
33 63 480
33 64 1321
33 65 2162
33 66 168
34 0 1009
34 1 76
34 2 771
34 3 683
34 4 719
34 5 346
34 6 689
34 7 333
34 8 85
34 9 394
34 10 919
34 11 853
34 12 650
34 13 342
34 14 672
34 15 777
34 16 874
34 17 479
34 18 1088
34 19 694
34 20 502
34 21 416
34 22 1084
34 23 737
34 24 946
34 25 1123
34 26 319
34 27 351
34 28 593
34 29 781
34 30 889
34 31 48
34 32 889
34 33 841
34 34 0
34 35 841
34 36 889
34 37 48
34 38 889
34 39 937
34 40 96
34 41 937
34 42 985
34 43 144
34 44 985
34 45 1033
34 46 192
34 47 1033
34 48 1081
34 49 240
34 50 1081
34 51 1129
34 52 288
34 53 1129
34 54 1177
34 55 336
34 56 1177
34 57 1225
34 58 384
34 59 1225
34 60 1273
34 61 432
34 62 1273
34 63 1321
34 64 480
34 65 1321
34 66 1009
35 0 1850
35 1 765
35 2 1612
35 3 254
35 4 602
35 5 1187
35 6 1530
35 7 1174
35 8 852
35 9 927
35 10 1760
35 11 372
35 12 1491
35 13 979
35 14 841
35 15 1024
35 16 159
35 17 1320
35 18 1929
35 19 915
35 20 723
35 21 1257
35 22 525
35 23 1578
35 24 855
35 25 1964
35 26 1160
35 27 1066
35 28 1434
35 29 924
35 30 1730
35 31 889
35 32 48
35 33 1682
35 34 841
35 35 0
35 36 1730
35 37 889
35 38 48
35 39 1778
35 40 937
35 41 96
35 42 1826
35 43 985
35 44 144
35 45 1874
35 46 1033
35 47 192
35 48 1922
35 49 1081
35 50 240
35 51 1970
35 52 1129
35 53 288
35 54 2018
35 55 1177
35 56 336
35 57 2066
35 58 1225
35 59 384
35 60 2114
35 61 1273
35 62 432
35 63 2162
35 64 1321
35 65 480
35 66 1850
36 0 216
36 1 965
36 2 502
36 3 1476
36 4 1512
36 5 831
36 6 680
36 7 844
36 8 878
36 9 1187
36 10 546
36 11 1646
36 12 719
36 13 1135
36 14 1465
36 15 1570
36 16 1667
36 17 410
36 18 377
36 19 1487
36 20 1295
36 21 953
36 22 1877
36 23 728
36 24 1739
36 25 438
36 26 666
36 27 1144
36 28 584
36 29 1574
36 30 96
36 31 937
36 32 1778
36 33 48
36 34 889
36 35 1730
36 36 0
36 37 841
36 38 1682
36 39 48
36 40 889
36 41 1730
36 42 96
36 43 937
36 44 1778
36 45 144
36 46 985
36 47 1826
36 48 192
36 49 1033
36 50 1874
36 51 240
36 52 1081
36 53 1922
36 54 288
36 55 1129
36 56 1970
36 57 336
36 58 1177
36 59 2018
36 60 384
36 61 1225
36 62 2066
36 63 432
36 64 1273
36 65 2114
36 66 216
37 0 1057
37 1 124
37 2 723
37 3 635
37 4 671
37 5 298
37 6 641
37 7 285
37 8 37
37 9 346
37 10 871
37 11 805
37 12 602
37 13 294
37 14 624
37 15 729
37 16 826
37 17 527
37 18 1040
37 19 646
37 20 454
37 21 368
37 22 1036
37 23 689
37 24 898
37 25 1075
37 26 367
37 27 303
37 28 545
37 29 733
37 30 937
37 31 96
37 32 937
37 33 889
37 34 48
37 35 889
37 36 841
37 37 0
37 38 841
37 39 889
37 40 48
37 41 889
37 42 937
37 43 96
37 44 937
37 45 985
37 46 144
37 47 985
37 48 1033
37 49 192
37 50 1033
37 51 1081
37 52 240
37 53 1081
37 54 1129
37 55 288
37 56 1129
37 57 1177
37 58 336
37 59 1177
37 60 1225
37 61 384
37 62 1225
37 63 1273
37 64 432
37 65 1273
37 66 1057
38 0 1898
38 1 813
38 2 1564
38 3 206
38 4 554
38 5 1139
38 6 1482
38 7 1126
38 8 804
38 9 879
38 10 1712
38 11 324
38 12 1443
38 13 931
38 14 793
38 15 976
38 16 111
38 17 1368
38 18 1881
38 19 867
38 20 675
38 21 1209
38 22 477
38 23 1530
38 24 807
38 25 1916
38 26 1208
38 27 1018
38 28 1386
38 29 876
38 30 1778
38 31 937
38 32 96
38 33 1730
38 34 889
38 35 48
38 36 1682
38 37 841
38 38 0
38 39 1730
38 40 889
38 41 48
38 42 1778
38 43 937
38 44 96
38 45 1826
38 46 985
38 47 144
38 48 1874
38 49 1033
38 50 192
38 51 1922
38 52 1081
38 53 240
38 54 1970
38 55 1129
38 56 288
38 57 2018
38 58 1177
38 59 336
38 60 2066
38 61 1225
38 62 384
38 63 2114
38 64 1273
38 65 432
38 66 1898
39 0 264
39 1 1013
39 2 454
39 3 1524
39 4 1464
39 5 783
39 6 632
39 7 796
39 8 926
39 9 1139
39 10 498
39 11 1598
39 12 671
39 13 1087
39 14 1417
39 15 1522
39 16 1619
39 17 458
39 18 329
39 19 1439
39 20 1247
39 21 905
39 22 1829
39 23 680
39 24 1691
39 25 390
39 26 714
39 27 1096
39 28 536
39 29 1526
39 30 144
39 31 985
39 32 1826
39 33 96
39 34 937
39 35 1778
39 36 48
39 37 889
39 38 1730
39 39 0
39 40 841
39 41 1682
39 42 48
39 43 889
39 44 1730
39 45 96
39 46 937
39 47 1778
39 48 144
39 49 985
39 50 1826
39 51 192
39 52 1033
39 53 1874
39 54 240
39 55 1081
39 56 1922
39 57 288
39 58 1129
39 59 1970
39 60 336
39 61 1177
39 62 2018
39 63 384
39 64 1225
39 65 2066
39 66 264
40 0 1105
40 1 172
40 2 675
40 3 683
40 4 623
40 5 250
40 6 593
40 7 237
40 8 85
40 9 298
40 10 823
40 11 757
40 12 554
40 13 246
40 14 576
40 15 681
40 16 778
40 17 575
40 18 992
40 19 598
40 20 406
40 21 320
40 22 988
40 23 641
40 24 850
40 25 1027
40 26 415
40 27 255
40 28 497
40 29 685
40 30 985
40 31 144
40 32 985
40 33 937
40 34 96
40 35 937
40 36 889
40 37 48
40 38 889
40 39 841
40 40 0
40 41 841
40 42 889
40 43 48
40 44 889
40 45 937
40 46 96
40 47 937
40 48 985
40 49 144
40 50 985
40 51 1033
40 52 192
40 53 1033
40 54 1081
40 55 240
40 56 1081
40 57 1129
40 58 288
40 59 1129
40 60 1177
40 61 336
40 62 1177
40 63 1225
40 64 384
40 65 1225
40 66 1105
41 0 1946
41 1 861
41 2 1516
41 3 254
41 4 506
41 5 1091
41 6 1434
41 7 1078
41 8 852
41 9 831
41 10 1664
41 11 276
41 12 1395
41 13 883
41 14 745
41 15 928
41 16 63
41 17 1416
41 18 1833
41 19 819
41 20 627
41 21 1161
41 22 429
41 23 1482
41 24 759
41 25 1868
41 26 1256
41 27 970
41 28 1338
41 29 828
41 30 1826
41 31 985
41 32 144
41 33 1778
41 34 937
41 35 96
41 36 1730
41 37 889
41 38 48
41 39 1682
41 40 841
41 41 0
41 42 1730
41 43 889
41 44 48
41 45 1778
41 46 937
41 47 96
41 48 1826
41 49 985
41 50 144
41 51 1874
41 52 1033
41 53 192
41 54 1922
41 55 1081
41 56 240
41 57 1970
41 58 1129
41 59 288
41 60 2018
41 61 1177
41 62 336
41 63 2066
41 64 1225
41 65 384
41 66 1946
42 0 312
42 1 1061
42 2 406
42 3 1572
42 4 1416
42 5 735
42 6 584
42 7 748
42 8 974
42 9 1091
42 10 450
42 11 1550
42 12 623
42 13 1039
42 14 1369
42 15 1474
42 16 1667
42 17 506
42 18 281
42 19 1391
42 20 1199
42 21 857
42 22 1781
42 23 632
42 24 1643
42 25 342
42 26 762
42 27 1048
42 28 488
42 29 1478
42 30 192
42 31 1033
42 32 1874
42 33 144
42 34 985
42 35 1826
42 36 96
42 37 937
42 38 1778
42 39 48
42 40 889
42 41 1730
42 42 0
42 43 841
42 44 1682
42 45 48
42 46 889
42 47 1730
42 48 96
42 49 937
42 50 1778
42 51 144
42 52 985
42 53 1826
42 54 192
42 55 1033
42 56 1874
42 57 240
42 58 1081
42 59 1922
42 60 288
42 61 1129
42 62 1970
42 63 336
42 64 1177
42 65 2018
42 66 312
43 0 1153
43 1 220
43 2 627
43 3 731
43 4 575
43 5 202
43 6 545
43 7 189
43 8 133
43 9 250
43 10 775
43 11 709
43 12 506
43 13 198
43 14 528
43 15 633
43 16 826
43 17 623
43 18 944
43 19 550
43 20 358
43 21 272
43 22 940
43 23 593
43 24 802
43 25 979
43 26 463
43 27 207
43 28 449
43 29 637
43 30 1033
43 31 192
43 32 1033
43 33 985
43 34 144
43 35 985
43 36 937
43 37 96
43 38 937
43 39 889
43 40 48
43 41 889
43 42 841
43 43 0
43 44 841
43 45 889
43 46 48
43 47 889
43 48 937
43 49 96
43 50 937
43 51 985
43 52 144
43 53 985
43 54 1033
43 55 192
43 56 1033
43 57 1081
43 58 240
43 59 1081
43 60 1129
43 61 288
43 62 1129
43 63 1177
43 64 336
43 65 1177
43 66 1153
44 0 1994
44 1 909
44 2 1468
44 3 302
44 4 458
44 5 1043
44 6 1386
44 7 1030
44 8 900
44 9 783
44 10 1616
44 11 228
44 12 1347
44 13 835
44 14 697
44 15 880
44 16 111
44 17 1464
44 18 1785
44 19 771
44 20 579
44 21 1113
44 22 381
44 23 1434
44 24 711
44 25 1820
44 26 1304
44 27 922
44 28 1290
44 29 780
44 30 1874
44 31 1033
44 32 192
44 33 1826
44 34 985
44 35 144
44 36 1778
44 37 937
44 38 96
44 39 1730
44 40 889
44 41 48
44 42 1682
44 43 841
44 44 0
44 45 1730
44 46 889
44 47 48
44 48 1778
44 49 937
44 50 96
44 51 1826
44 52 985
44 53 144
44 54 1874
44 55 1033
44 56 192
44 57 1922
44 58 1081
44 59 240
44 60 1970
44 61 1129
44 62 288
44 63 2018
44 64 1177
44 65 336
44 66 1994
45 0 360
45 1 1109
45 2 358
45 3 1620
45 4 1368
45 5 687
45 6 536
45 7 700
45 8 1022
45 9 1043
45 10 402
45 11 1502
45 12 575
45 13 991
45 14 1321
45 15 1426
45 16 1715
45 17 554
45 18 233
45 19 1343
45 20 1151
45 21 809
45 22 1733
45 23 584
45 24 1595
45 25 294
45 26 810
45 27 1000
45 28 440
45 29 1430
45 30 240
45 31 1081
45 32 1922
45 33 192
45 34 1033
45 35 1874
45 36 144
45 37 985
45 38 1826
45 39 96
45 40 937
45 41 1778
45 42 48
45 43 889
45 44 1730
45 45 0
45 46 841
45 47 1682
45 48 48
45 49 889
45 50 1730
45 51 96
45 52 937
45 53 1778
45 54 144
45 55 985
45 56 1826
45 57 192
45 58 1033
45 59 1874
45 60 240
45 61 1081
45 62 1922
45 63 288
45 64 1129
45 65 1970
45 66 360
46 0 1201
46 1 268
46 2 579
46 3 779
46 4 527
46 5 154
46 6 497
46 7 141
46 8 181
46 9 202
46 10 727
46 11 661
46 12 458
46 13 150
46 14 480
46 15 585
46 16 874
46 17 671
46 18 896
46 19 502
46 20 310
46 21 224
46 22 892
46 23 545
46 24 754
46 25 931
46 26 511
46 27 159
46 28 401
46 29 589
46 30 1081
46 31 240
46 32 1081
46 33 1033
46 34 192
46 35 1033
46 36 985
46 37 144
46 38 985
46 39 937
46 40 96
46 41 937
46 42 889
46 43 48
46 44 889
46 45 841
46 46 0
46 47 841
46 48 889
46 49 48
46 50 889
46 51 937
46 52 96
46 53 937
46 54 985
46 55 144
46 56 985
46 57 1033
46 58 192
46 59 1033
46 60 1081
46 61 240
46 62 1081
46 63 1129
46 64 288
46 65 1129
46 66 1201
47 0 2042
47 1 957
47 2 1420
47 3 350
47 4 410
47 5 995
47 6 1338
47 7 982
47 8 948
47 9 735
47 10 1568
47 11 180
47 12 1299
47 13 787
47 14 649
47 15 832
47 16 159
47 17 1512
47 18 1737
47 19 723
47 20 531
47 21 1065
47 22 333
47 23 1386
47 24 663
47 25 1772
47 26 1352
47 27 874
47 28 1242
47 29 732
47 30 1922
47 31 1081
47 32 240
47 33 1874
47 34 1033
47 35 192
47 36 1826
47 37 985
47 38 144
47 39 1778
47 40 937
47 41 96
47 42 1730
47 43 889
47 44 48
47 45 1682
47 46 841
47 47 0
47 48 1730
47 49 889
47 50 48
47 51 1778
47 52 937
47 53 96
47 54 1826
47 55 985
47 56 144
47 57 1874
47 58 1033
47 59 192
47 60 1922
47 61 1081
47 62 240
47 63 1970
47 64 1129
47 65 288
47 66 2042
48 0 408
48 1 1157
48 2 310
48 3 1668
48 4 1320
48 5 735
48 6 488
48 7 748
48 8 1070
48 9 995
48 10 354
48 11 1550
48 12 527
48 13 943
48 14 1273
48 15 1378
48 16 1763
48 17 602
48 18 185
48 19 1295
48 20 1199
48 21 761
48 22 1685
48 23 536
48 24 1547
48 25 246
48 26 858
48 27 952
48 28 488
48 29 1382
48 30 288
48 31 1129
48 32 1970
48 33 240
48 34 1081
48 35 1922
48 36 192
48 37 1033
48 38 1874
48 39 144
48 40 985
48 41 1826
48 42 96
48 43 937
48 44 1778
48 45 48
48 46 889
48 47 1730
48 48 0
48 49 841
48 50 1682
48 51 48
48 52 889
48 53 1730
48 54 96
48 55 937
48 56 1778
48 57 144
48 58 985
48 59 1826
48 60 192
48 61 1033
48 62 1874
48 63 240
48 64 1081
48 65 1922
48 66 408
49 0 1249
49 1 316
49 2 531
49 3 827
49 4 479
49 5 202
49 6 449
49 7 189
49 8 229
49 9 154
49 10 679
49 11 709
49 12 410
49 13 102
49 14 432
49 15 537
49 16 922
49 17 719
49 18 848
49 19 454
49 20 358
49 21 176
49 22 844
49 23 497
49 24 706
49 25 883
49 26 559
49 27 111
49 28 449
49 29 541
49 30 1129
49 31 288
49 32 1129
49 33 1081
49 34 240
49 35 1081
49 36 1033
49 37 192
49 38 1033
49 39 985
49 40 144
49 41 985
49 42 937
49 43 96
49 44 937
49 45 889
49 46 48
49 47 889
49 48 841
49 49 0
49 50 841
49 51 889
49 52 48
49 53 889
49 54 937
49 55 96
49 56 937
49 57 985
49 58 144
49 59 985
49 60 1033
49 61 192
49 62 1033
49 63 1081
49 64 240
49 65 1081
49 66 1249
50 0 2090
50 1 1005
50 2 1372
50 3 398
50 4 362
50 5 1043
50 6 1290
50 7 1030
50 8 996
50 9 687
50 10 1520
50 11 228
50 12 1251
50 13 739
50 14 601
50 15 784
50 16 207
50 17 1560
50 18 1689
50 19 675
50 20 579
50 21 1017
50 22 285
50 23 1338
50 24 615
50 25 1724
50 26 1400
50 27 826
50 28 1290
50 29 684
50 30 1970
50 31 1129
50 32 288
50 33 1922
50 34 1081
50 35 240
50 36 1874
50 37 1033
50 38 192
50 39 1826
50 40 985
50 41 144
50 42 1778
50 43 937
50 44 96
50 45 1730
50 46 889
50 47 48
50 48 1682
50 49 841
50 50 0
50 51 1730
50 52 889
50 53 48
50 54 1778
50 55 937
50 56 96
50 57 1826
50 58 985
50 59 144
50 60 1874
50 61 1033
50 62 192
50 63 1922
50 64 1081
50 65 240
50 66 2090
51 0 456
51 1 1205
51 2 358
51 3 1716
51 4 1368
51 5 783
51 6 440
51 7 796
51 8 1118
51 9 1043
51 10 306
51 11 1598
51 12 479
51 13 991
51 14 1225
51 15 1330
51 16 1811
51 17 650
51 18 137
51 19 1247
51 20 1247
51 21 713
51 22 1637
51 23 488
51 24 1499
51 25 198
51 26 906
51 27 904
51 28 536
51 29 1334
51 30 336
51 31 1177
51 32 2018
51 33 288
51 34 1129
51 35 1970
51 36 240
51 37 1081
51 38 1922
51 39 192
51 40 1033
51 41 1874
51 42 144
51 43 985
51 44 1826
51 45 96
51 46 937
51 47 1778
51 48 48
51 49 889
51 50 1730
51 51 0
51 52 841
51 53 1682
51 54 48
51 55 889
51 56 1730
51 57 96
51 58 937
51 59 1778
51 60 144
51 61 985
51 62 1826
51 63 192
51 64 1033
51 65 1874
51 66 456
52 0 1297
52 1 364
52 2 579
52 3 875
52 4 527
52 5 250
52 6 401
52 7 237
52 8 277
52 9 202
52 10 631
52 11 757
52 12 362
52 13 150
52 14 384
52 15 489
52 16 970
52 17 767
52 18 800
52 19 406
52 20 406
52 21 128
52 22 796
52 23 449
52 24 658
52 25 835
52 26 607
52 27 63
52 28 497
52 29 493
52 30 1177
52 31 336
52 32 1177
52 33 1129
52 34 288
52 35 1129
52 36 1081
52 37 240
52 38 1081
52 39 1033
52 40 192
52 41 1033
52 42 985
52 43 144
52 44 985
52 45 937
52 46 96
52 47 937
52 48 889
52 49 48
52 50 889
52 51 841
52 52 0
52 53 841
52 54 889
52 55 48
52 56 889
52 57 937
52 58 96
52 59 937
52 60 985
52 61 144
52 62 985
52 63 1033
52 64 192
52 65 1033
52 66 1297
53 0 2138
53 1 1053
53 2 1420
53 3 446
53 4 410
53 5 1091
53 6 1242
53 7 1078
53 8 1044
53 9 735
53 10 1472
53 11 276
53 12 1203
53 13 787
53 14 553
53 15 736
53 16 255
53 17 1608
53 18 1641
53 19 627
53 20 627
53 21 969
53 22 237
53 23 1290
53 24 567
53 25 1676
53 26 1448
53 27 778
53 28 1338
53 29 636
53 30 2018
53 31 1177
53 32 336
53 33 1970
53 34 1129
53 35 288
53 36 1922
53 37 1081
53 38 240
53 39 1874
53 40 1033
53 41 192
53 42 1826
53 43 985
53 44 144
53 45 1778
53 46 937
53 47 96
53 48 1730
53 49 889
53 50 48
53 51 1682
53 52 841
53 53 0
53 54 1730
53 55 889
53 56 48
53 57 1778
53 58 937
53 59 96
53 60 1826
53 61 985
53 62 144
53 63 1874
53 64 1033
53 65 192
53 66 2138
54 0 504
54 1 1253
54 2 406
54 3 1764
54 4 1416
54 5 831
54 6 488
54 7 844
54 8 1166
54 9 1091
54 10 258
54 11 1646
54 12 527
54 13 1039
54 14 1177
54 15 1282
54 16 1859
54 17 698
54 18 89
54 19 1199
54 20 1295
54 21 761
54 22 1589
54 23 440
54 24 1451
54 25 150
54 26 954
54 27 952
54 28 584
54 29 1286
54 30 384
54 31 1225
54 32 2066
54 33 336
54 34 1177
54 35 2018
54 36 288
54 37 1129
54 38 1970
54 39 240
54 40 1081
54 41 1922
54 42 192
54 43 1033
54 44 1874
54 45 144
54 46 985
54 47 1826
54 48 96
54 49 937
54 50 1778
54 51 48
54 52 889
54 53 1730
54 54 0
54 55 841
54 56 1682
54 57 48
54 58 889
54 59 1730
54 60 96
54 61 937
54 62 1778
54 63 144
54 64 985
54 65 1826
54 66 504
55 0 1345
55 1 412
55 2 627
55 3 923
55 4 575
55 5 298
55 6 449
55 7 285
55 8 325
55 9 250
55 10 583
55 11 805
55 12 410
55 13 198
55 14 336
55 15 441
55 16 1018
55 17 815
55 18 752
55 19 358
55 20 454
55 21 176
55 22 748
55 23 401
55 24 610
55 25 787
55 26 655
55 27 111
55 28 545
55 29 445
55 30 1225
55 31 384
55 32 1225
55 33 1177
55 34 336
55 35 1177
55 36 1129
55 37 288
55 38 1129
55 39 1081
55 40 240
55 41 1081
55 42 1033
55 43 192
55 44 1033
55 45 985
55 46 144
55 47 985
55 48 937
55 49 96
55 50 937
55 51 889
55 52 48
55 53 889
55 54 841
55 55 0
55 56 841
55 57 889
55 58 48
55 59 889
55 60 937
55 61 96
55 62 937
55 63 985
55 64 144
55 65 985
55 66 1345
