//alpha
1
//NbLocations
89
//NbProducts
34
//NbPickers
2
//CapaPicker
8
//TimeToTravelOneDistanceUnit
3
//SetupTime
5400
//PickTime
300
//Products
//Idx Location Size
1 1 1
2 2 1
3 3 1
4 4 1
5 5 1
6 6 1
7 7 1
8 8 1
9 9 1
10 10 1
11 11 1
12 12 1
13 13 1
14 14 1
15 15 1
16 16 1
17 17 1
18 18 1
19 19 1
20 20 1
21 21 1
22 22 1
23 23 1
24 24 1
25 25 1
26 26 1
27 27 1
28 28 1
29 29 1
30 30 1
31 31 1
32 32 1
33 33 1
34 34 1
//Orders
//NbOrders
18
//Idx DueDate TardinessPenalty NbProdInOrder ProdIdx1 Qty1 ProdIdx2 Qty2 ...
1 36000 0 3 1 1 2 1 3 1
2 144000 0 1 4 1
3 126000 0 2 5 1 6 1
4 144000 0 1 7 1
5 144000 0 1 8 1
6 144000 0 1 9 1
7 126000 0 1 10 1
8 144000 0 1 11 1
9 90000 0 2 12 1 13 1
10 54000 0 2 14 1 15 1
11 126000 0 2 16 1 17 1
12 36000 0 8 18 1 19 1 20 1 21 1 22 1 23 1 24 1 25 1
13 54000 0 3 26 1 27 1 28 1
14 108000 0 1 29 1
15 72000 0 1 30 1
16 126000 0 1 31 1
17 54000 0 1 32 1
18 36000 0 2 33 1 34 1
//Graph (Products are vertices indexed from 1 to NbProducts)
//NbVerticesIntersections
54
//DepartingDepot
0
//ArrivalDepot
89
//Arcs
//Start End Distance
0 35 120
1 53 635
1 54 596
2 26 182
2 84 739
3 39 583
3 40 648
4 42 37
4 43 1194
5 29 364
5 45 180
6 63 180
6 64 1051
7 25 611
7 83 219
8 22 520
8 55 89
9 18 130
9 75 1012
10 14 546
10 52 375
11 25 286
11 84 115
12 41 934
12 42 297
13 27 559
13 38 271
14 10 546
14 23 65
15 35 76
15 36 1155
16 75 76
16 76 1155
17 87 778
17 88 453
18 9 130
18 74 89
19 26 260
19 85 50
20 33 988
20 69 193
21 36 1181
21 37 50
22 8 520
22 54 622
23 14 65
23 51 245
24 57 310
24 58 921
25 7 611
25 11 286
26 2 182
26 19 260
27 13 559
27 39 401
28 86 297
28 87 934
29 5 364
29 46 687
30 81 427
30 82 804
31 62 882
31 63 349
32 56 167
32 57 1064
33 20 988
33 68 50
34 69 934
34 70 297
35 15 76
35 38 48
35 89 120
36 15 1155
36 21 1181
36 39 48
37 21 50
37 40 48
38 13 271
38 35 48
38 41 48
39 3 583
39 27 401
39 36 48
39 42 48
40 3 648
40 37 48
40 43 48
41 12 934
41 38 48
41 44 48
42 4 37
42 12 297
42 39 48
42 45 48
43 4 1194
43 40 48
43 46 48
44 41 48
44 45 1231
44 47 48
45 5 180
45 42 48
45 44 1231
45 48 48
46 29 687
46 43 48
46 49 48
47 44 48
47 48 1231
47 50 48
48 45 48
48 47 1231
48 49 1231
48 51 48
49 46 48
49 48 1231
49 52 48
50 47 48
50 51 1231
50 53 48
51 23 245
51 48 48
51 50 1231
51 54 48
52 10 375
52 49 48
52 55 48
53 1 635
53 50 48
53 56 48
54 1 596
54 22 622
54 51 48
54 57 48
55 8 89
55 52 48
55 58 48
56 32 167
56 53 48
56 59 48
57 24 310
57 32 1064
57 54 48
57 60 48
58 24 921
58 55 48
58 61 48
59 56 48
59 60 1231
59 62 48
60 57 48
60 59 1231
60 61 1231
60 63 48
61 58 48
61 60 1231
61 64 48
62 31 882
62 59 48
62 65 48
63 6 180
63 31 349
63 60 48
63 66 48
64 6 1051
64 61 48
64 67 48
65 62 48
65 66 1231
65 68 48
66 63 48
66 65 1231
66 67 1231
66 69 48
67 64 48
67 66 1231
67 70 48
68 33 50
68 65 48
68 71 48
69 20 193
69 34 934
69 66 48
69 72 48
70 34 297
70 67 48
70 73 48
71 68 48
71 72 1231
71 74 48
72 69 48
72 71 1231
72 73 1231
72 75 48
73 70 48
73 72 1231
73 76 48
74 18 89
74 71 48
74 77 48
75 9 1012
75 16 76
75 72 48
75 78 48
76 16 1155
76 73 48
76 79 48
77 74 48
77 78 1231
77 80 48
78 75 48
78 77 1231
78 79 1231
78 81 48
79 76 48
79 78 1231
79 82 48
80 77 48
80 81 1231
80 83 48
81 30 427
81 78 48
81 80 1231
81 84 48
82 30 804
82 79 48
82 85 48
83 7 219
83 80 48
83 86 48
84 2 739
84 11 115
84 81 48
84 87 48
85 19 50
85 82 48
85 88 48
86 28 297
86 83 48
87 17 778
87 28 934
87 84 48
88 17 453
88 85 48
//LocStart LocEnd ShortestPath
0 0 0
0 1 1043
0 2 2858
0 3 1982
0 4 1484
0 5 1675
0 6 1963
0 7 1107
0 8 2781
0 9 963
0 10 2447
0 11 2004
0 12 1150
0 13 439
0 14 1901
0 15 196
0 16 2051
0 17 2945
0 18 833
0 19 3300
0 20 1686
0 21 2532
0 22 2261
0 23 1836
0 24 1997
0 25 1718
0 26 3040
0 27 998
0 28 1233
0 29 2039
0 30 2498
0 31 1434
0 32 623
0 33 698
0 34 2813
0 35 120
0 36 1351
0 37 2582
0 38 168
0 39 1399
0 40 2630
0 41 216
0 42 1447
0 43 2678
0 44 264
0 45 1495
0 46 2726
0 47 312
0 48 1543
0 49 2774
0 50 360
0 51 1591
0 52 2822
0 53 408
0 54 1639
0 55 2870
0 56 456
0 57 1687
0 58 2918
0 59 504
0 60 1735
0 61 2966
0 62 552
0 63 1783
0 64 3014
0 65 600
0 66 1831
0 67 3062
0 68 648
0 69 1879
0 70 3110
0 71 696
0 72 1927
0 73 3158
0 74 744
0 75 1975
0 76 3206
0 77 792
0 78 2023
0 79 3254
0 80 840
0 81 2071
0 82 3302
0 83 888
0 84 2119
0 85 3350
0 86 936
0 87 2167
0 88 3398
0 89 0
1 0 1043
1 1 0
1 2 1815
1 3 1419
1 4 825
1 5 920
1 6 920
1 7 1334
1 8 1738
1 9 1190
1 10 1500
1 11 1191
1 12 1085
1 13 1146
1 14 954
1 15 999
1 16 1008
1 17 1902
1 18 1060
1 19 2257
1 20 1029
1 21 2065
1 22 1218
1 23 889
1 24 954
1 25 1477
1 26 1997
1 27 1237
1 28 1460
1 29 1284
1 30 1455
1 31 1089
1 32 850
1 33 925
1 34 1770
1 35 923
1 36 884
1 37 2115
1 38 875
1 39 836
1 40 2067
1 41 827
1 42 788
1 43 2019
1 44 779
1 45 740
1 46 1971
1 47 731
1 48 692
1 49 1923
1 50 683
1 51 644
1 52 1875
1 53 635
1 54 596
1 55 1827
1 56 683
1 57 644
1 58 1875
1 59 731
1 60 692
1 61 1923
1 62 779
1 63 740
1 64 1971
1 65 827
1 66 788
1 67 2019
1 68 875
1 69 836
1 70 2067
1 71 923
1 72 884
1 73 2115
1 74 971
1 75 932
1 76 2163
1 77 1019
1 78 980
1 79 2211
1 80 1067
1 81 1028
1 82 2259
1 83 1115
1 84 1076
1 85 2307
1 86 1163
1 87 1124
1 88 2355
1 89 1043
2 0 2858
2 1 1815
2 2 0
2 3 1860
2 4 1448
2 5 1543
2 6 1255
2 7 1751
2 8 1061
2 9 1895
2 10 1395
2 11 854
2 12 1708
2 13 2419
2 14 1577
2 15 2662
2 16 959
2 17 993
2 18 2025
2 19 442
2 20 1172
2 21 1310
2 22 1581
2 23 1512
2 24 1481
2 25 1140
2 26 182
2 27 1860
2 28 1721
2 29 1803
2 30 1214
2 31 1424
2 32 2235
2 33 2160
2 34 1029
2 35 2738
2 36 1507
2 37 1260
2 38 2690
2 39 1459
2 40 1212
2 41 2642
2 42 1411
2 43 1164
2 44 2594
2 45 1363
2 46 1116
2 47 2546
2 48 1315
2 49 1068
2 50 2498
2 51 1267
2 52 1020
2 53 2450
2 54 1219
2 55 972
2 56 2402
2 57 1171
2 58 924
2 59 2354
2 60 1123
2 61 876
2 62 2306
2 63 1075
2 64 828
2 65 2258
2 66 1027
2 67 780
2 68 2210
2 69 979
2 70 732
2 71 2162
2 72 931
2 73 684
2 74 2114
2 75 883
2 76 636
2 77 2066
2 78 835
2 79 588
2 80 2018
2 81 787
2 82 540
2 83 1970
2 84 739
2 85 492
2 86 2018
2 87 787
2 88 540
2 89 2858
3 0 1982
3 1 1419
3 2 1860
3 3 0
3 4 668
3 5 859
3 6 1147
3 7 2315
3 8 977
3 9 2171
3 10 1215
3 11 1418
3 12 928
3 13 1543
3 14 1085
3 15 1786
3 16 1235
3 17 1869
3 18 2301
3 19 1418
3 20 1256
3 21 746
3 22 1445
3 23 1020
3 24 1181
3 25 1704
3 26 1678
3 27 984
3 28 2285
3 29 1223
3 30 1682
3 31 1316
3 32 1935
3 33 2244
3 34 1425
3 35 1862
3 36 631
3 37 696
3 38 1814
3 39 583
3 40 648
3 41 1862
3 42 631
3 43 696
3 44 1910
3 45 679
3 46 744
3 47 1958
3 48 727
3 49 792
3 50 2006
3 51 775
3 52 840
3 53 2054
3 54 823
3 55 888
3 56 2102
3 57 871
3 58 936
3 59 2150
3 60 919
3 61 984
3 62 2198
3 63 967
3 64 1032
3 65 2246
3 66 1015
3 67 1080
3 68 2294
3 69 1063
3 70 1128
3 71 2342
3 72 1111
3 73 1176
3 74 2390
3 75 1159
3 76 1224
3 77 2438
3 78 1207
3 79 1272
3 80 2486
3 81 1255
3 82 1320
3 83 2534
3 84 1303
3 85 1368
3 86 2582
3 87 1351
3 88 1416
3 89 1982
4 0 1484
4 1 825
4 2 1448
4 3 668
4 4 0
4 5 265
4 6 553
4 7 1721
4 8 1371
4 9 1577
4 10 1037
4 11 824
4 12 334
4 13 1045
4 14 491
4 15 1288
4 16 641
4 17 1535
4 18 1707
4 19 1890
4 20 662
4 21 1314
4 22 851
4 23 426
4 24 587
4 25 1110
4 26 1630
4 27 486
4 28 1691
4 29 629
4 30 1088
4 31 722
4 32 1341
4 33 1650
4 34 1403
4 35 1364
4 36 133
4 37 1290
4 38 1316
4 39 85
4 40 1242
4 41 1268
4 42 37
4 43 1194
4 44 1316
4 45 85
4 46 1242
4 47 1364
4 48 133
4 49 1290
4 50 1412
4 51 181
4 52 1338
4 53 1460
4 54 229
4 55 1386
4 56 1508
4 57 277
4 58 1434
4 59 1556
4 60 325
4 61 1482
4 62 1604
4 63 373
4 64 1530
4 65 1652
4 66 421
4 67 1578
4 68 1700
4 69 469
4 70 1626
4 71 1748
4 72 517
4 73 1674
4 74 1796
4 75 565
4 76 1722
4 77 1844
4 78 613
4 79 1770
4 80 1892
4 81 661
4 82 1818
4 83 1940
4 84 709
4 85 1866
4 86 1988
4 87 757
4 88 1914
4 89 1484
5 0 1675
5 1 920
5 2 1543
5 3 859
5 4 265
5 5 0
5 6 648
5 7 1816
5 8 1284
5 9 1672
5 10 1132
5 11 919
5 12 525
5 13 1236
5 14 586
5 15 1479
5 16 736
5 17 1630
5 18 1802
5 19 1725
5 20 757
5 21 1245
5 22 946
5 23 521
5 24 682
5 25 1205
5 26 1725
5 27 677
5 28 1786
5 29 364
5 30 1183
5 31 817
5 32 1436
5 33 1745
5 34 1498
5 35 1555
5 36 324
5 37 1195
5 38 1507
5 39 276
5 40 1147
5 41 1459
5 42 228
5 43 1099
5 44 1411
5 45 180
5 46 1051
5 47 1459
5 48 228
5 49 1099
5 50 1507
5 51 276
5 52 1147
5 53 1555
5 54 324
5 55 1195
5 56 1603
5 57 372
5 58 1243
5 59 1651
5 60 420
5 61 1291
5 62 1699
5 63 468
5 64 1339
5 65 1747
5 66 516
5 67 1387
5 68 1795
5 69 564
5 70 1435
5 71 1843
5 72 612
5 73 1483
5 74 1891
5 75 660
5 76 1531
5 77 1939
5 78 708
5 79 1579
5 80 1987
5 81 756
5 82 1627
5 83 2035
5 84 804
5 85 1675
5 86 2083
5 87 852
5 88 1723
5 89 1675
6 0 1963
6 1 920
6 2 1255
6 3 1147
6 4 553
6 5 648
6 6 0
6 7 1528
6 8 1284
6 9 1384
6 10 1228
6 11 631
6 12 813
6 13 1524
6 14 682
6 15 1767
6 16 448
6 17 1342
6 18 1514
6 19 1437
6 20 469
6 21 1533
6 22 946
6 23 617
6 24 586
6 25 917
6 26 1437
6 27 965
6 28 1498
6 29 1012
6 30 895
6 31 529
6 32 1340
6 33 1457
6 34 1210
6 35 1843
6 36 612
6 37 1483
6 38 1795
6 39 564
6 40 1435
6 41 1747
6 42 516
6 43 1387
6 44 1699
6 45 468
6 46 1339
6 47 1651
6 48 420
6 49 1291
6 50 1603
6 51 372
6 52 1243
6 53 1555
6 54 324
6 55 1195
6 56 1507
6 57 276
6 58 1147
6 59 1459
6 60 228
6 61 1099
6 62 1411
6 63 180
6 64 1051
6 65 1459
6 66 228
6 67 1099
6 68 1507
6 69 276
6 70 1147
6 71 1555
6 72 324
6 73 1195
6 74 1603
6 75 372
6 76 1243
6 77 1651
6 78 420
6 79 1291
6 80 1699
6 81 468
6 82 1339
6 83 1747
6 84 516
6 85 1387
6 86 1795
6 87 564
6 88 1435
6 89 1963
7 0 1107
7 1 1334
7 2 1751
7 3 2315
7 4 1721
7 5 1816
7 6 1528
7 7 0
7 8 2634
7 9 582
7 10 2396
7 11 897
7 12 1825
7 13 1210
7 14 1850
7 15 1063
7 16 1232
7 17 1838
7 18 452
7 19 2193
7 20 1445
7 21 2961
7 22 2114
7 23 1785
7 24 1754
7 25 611
7 26 1933
7 27 1769
7 28 564
7 29 2180
7 30 1487
7 31 1437
7 32 818
7 33 509
7 34 2186
7 35 987
7 36 1780
7 37 3011
7 38 939
7 39 1732
7 40 2963
7 41 891
7 42 1684
7 43 2915
7 44 843
7 45 1636
7 46 2867
7 47 795
7 48 1588
7 49 2819
7 50 747
7 51 1540
7 52 2771
7 53 699
7 54 1492
7 55 2723
7 56 651
7 57 1444
7 58 2675
7 59 603
7 60 1396
7 61 2627
7 62 555
7 63 1348
7 64 2579
7 65 507
7 66 1300
7 67 2531
7 68 459
7 69 1252
7 70 2483
7 71 411
7 72 1204
7 73 2435
7 74 363
7 75 1156
7 76 2387
7 77 315
7 78 1108
7 79 2339
7 80 267
7 81 1060
7 82 2291
7 83 219
7 84 1012
7 85 2243
7 86 267
7 87 1060
7 88 2291
7 89 1107
8 0 2781
8 1 1738
8 2 1061
8 3 977
8 4 1371
8 5 1284
8 6 1284
8 7 2634
8 8 0
8 9 2490
8 10 512
8 11 1737
8 12 1631
8 13 2342
8 14 1058
8 15 2585
8 16 1554
8 17 1070
8 18 2620
8 19 619
8 20 1575
8 21 427
8 22 520
8 23 1123
8 24 1058
8 25 2023
8 26 879
8 27 1783
8 28 2604
8 29 920
8 30 1325
8 31 1635
8 32 2254
8 33 2563
8 34 626
8 35 2661
8 36 1430
8 37 377
8 38 2613
8 39 1382
8 40 329
8 41 2565
8 42 1334
8 43 281
8 44 2517
8 45 1286
8 46 233
8 47 2469
8 48 1238
8 49 185
8 50 2421
8 51 1190
8 52 137
8 53 2373
8 54 1142
8 55 89
8 56 2421
8 57 1190
8 58 137
8 59 2469
8 60 1238
8 61 185
8 62 2517
8 63 1286
8 64 233
8 65 2565
8 66 1334
8 67 281
8 68 2613
8 69 1382
8 70 329
8 71 2661
8 72 1430
8 73 377
8 74 2709
8 75 1478
8 76 425
8 77 2757
8 78 1526
8 79 473
8 80 2805
8 81 1574
8 82 521
8 83 2853
8 84 1622
8 85 569
8 86 2901
8 87 1670
8 88 617
8 89 2781
9 0 963
9 1 1190
9 2 1895
9 3 2171
9 4 1577
9 5 1672
9 6 1384
9 7 582
9 8 2490
9 9 0
9 10 2252
9 11 1271
9 12 1681
9 13 1066
9 14 1706
9 15 919
9 16 1088
9 17 1982
9 18 130
9 19 2337
9 20 1301
9 21 2817
9 22 1970
9 23 1641
9 24 1610
9 25 1193
9 26 2077
9 27 1625
9 28 708
9 29 2036
9 30 1535
9 31 1293
9 32 674
9 33 365
9 34 2042
9 35 843
9 36 1636
9 37 2867
9 38 795
9 39 1588
9 40 2819
9 41 747
9 42 1540
9 43 2771
9 44 699
9 45 1492
9 46 2723
9 47 651
9 48 1444
9 49 2675
9 50 603
9 51 1396
9 52 2627
9 53 555
9 54 1348
9 55 2579
9 56 507
9 57 1300
9 58 2531
9 59 459
9 60 1252
9 61 2483
9 62 411
9 63 1204
9 64 2435
9 65 363
9 66 1156
9 67 2387
9 68 315
9 69 1108
9 70 2339
9 71 267
9 72 1060
9 73 2291
9 74 219
9 75 1012
9 76 2243
9 77 267
9 78 1060
9 79 2291
9 80 315
9 81 1108
9 82 2339
9 83 363
9 84 1156
9 85 2387
9 86 411
9 87 1204
9 88 2435
9 89 963
10 0 2447
10 1 1500
10 2 1395
10 3 1215
10 4 1037
10 5 1132
10 6 1228
10 7 2396
10 8 512
10 9 2252
10 10 0
10 11 1499
10 12 1297
10 13 2008
10 14 546
10 15 2251
10 16 1316
10 17 1404
10 18 2382
10 19 953
10 20 1337
10 21 665
10 22 1032
10 23 611
10 24 1262
10 25 1785
10 26 1213
10 27 1449
10 28 2366
10 29 1158
10 30 1659
10 31 1397
10 32 2016
10 33 2325
10 34 960
10 35 2327
10 36 1096
10 37 615
10 38 2279
10 39 1048
10 40 567
10 41 2231
10 42 1000
10 43 519
10 44 2183
10 45 952
10 46 471
10 47 2135
10 48 904
10 49 423
10 50 2087
10 51 856
10 52 375
10 53 2135
10 54 904
10 55 423
10 56 2183
10 57 952
10 58 471
10 59 2231
10 60 1000
10 61 519
10 62 2279
10 63 1048
10 64 567
10 65 2327
10 66 1096
10 67 615
10 68 2375
10 69 1144
10 70 663
10 71 2423
10 72 1192
10 73 711
10 74 2471
10 75 1240
10 76 759
10 77 2519
10 78 1288
10 79 807
10 80 2567
10 81 1336
10 82 855
10 83 2615
10 84 1384
10 85 903
10 86 2663
10 87 1432
10 88 951
10 89 2447
11 0 2004
11 1 1191
11 2 854
11 3 1418
11 4 824
11 5 919
11 6 631
11 7 897
11 8 1737
11 9 1271
11 10 1499
11 11 0
11 12 1084
11 13 1795
11 14 953
11 15 1960
11 16 335
11 17 941
11 18 1349
11 19 1296
11 20 548
11 21 2064
11 22 1217
11 23 888
11 24 857
11 25 286
11 26 1036
11 27 1236
11 28 1097
11 29 1283
11 30 590
11 31 800
11 32 1611
11 33 1406
11 34 1289
11 35 1884
11 36 883
11 37 2114
11 38 1836
11 39 835
11 40 2066
11 41 1788
11 42 787
11 43 2018
11 44 1740
11 45 739
11 46 1970
11 47 1692
11 48 691
11 49 1922
11 50 1644
11 51 643
11 52 1874
11 53 1596
11 54 595
11 55 1826
11 56 1548
11 57 547
11 58 1778
11 59 1500
11 60 499
11 61 1730
11 62 1452
11 63 451
11 64 1682
11 65 1404
11 66 403
11 67 1634
11 68 1356
11 69 355
11 70 1586
11 71 1308
11 72 307
11 73 1538
11 74 1260
11 75 259
11 76 1490
11 77 1212
11 78 211
11 79 1442
11 80 1164
11 81 163
11 82 1394
11 83 1116
11 84 115
11 85 1346
11 86 1164
11 87 163
11 88 1394
11 89 2004
12 0 1150
12 1 1085
12 2 1708
12 3 928
12 4 334
12 5 525
12 6 813
12 7 1825
12 8 1631
12 9 1681
12 10 1297
12 11 1084
12 12 0
12 13 1253
12 14 751
12 15 1106
12 16 901
12 17 1795
12 18 1551
12 19 2150
12 20 922
12 21 1574
12 22 1111
12 23 686
12 24 847
12 25 1370
12 26 1890
12 27 746
12 28 1951
12 29 889
12 30 1348
12 31 982
12 32 1341
12 33 1416
12 34 1663
12 35 1030
12 36 393
12 37 1624
12 38 982
12 39 345
12 40 1576
12 41 934
12 42 297
12 43 1528
12 44 982
12 45 345
12 46 1576
12 47 1030
12 48 393
12 49 1624
12 50 1078
12 51 441
12 52 1672
12 53 1126
12 54 489
12 55 1720
12 56 1174
12 57 537
12 58 1768
12 59 1222
12 60 585
12 61 1816
12 62 1270
12 63 633
12 64 1864
12 65 1318
12 66 681
12 67 1912
12 68 1366
12 69 729
12 70 1960
12 71 1414
12 72 777
12 73 2008
12 74 1462
12 75 825
12 76 2056
12 77 1510
12 78 873
12 79 2104
12 80 1558
12 81 921
12 82 2152
12 83 1606
12 84 969
12 85 2200
12 86 1654
12 87 1017
12 88 2248
12 89 1150
13 0 439
13 1 1146
13 2 2419
13 3 1543
13 4 1045
13 5 1236
13 6 1524
13 7 1210
13 8 2342
13 9 1066
13 10 2008
13 11 1795
13 12 1253
13 13 0
13 14 1462
13 15 395
13 16 1612
13 17 2506
13 18 936
13 19 2861
13 20 1633
13 21 2189
13 22 1822
13 23 1397
13 24 1558
13 25 1821
13 26 2601
13 27 559
13 28 1336
13 29 1600
13 30 2059
13 31 1537
13 32 726
13 33 801
13 34 2374
13 35 319
13 36 1008
13 37 2239
13 38 271
13 39 960
13 40 2191
13 41 319
13 42 1008
13 43 2239
13 44 367
13 45 1056
13 46 2287
13 47 415
13 48 1104
13 49 2335
13 50 463
13 51 1152
13 52 2383
13 53 511
13 54 1200
13 55 2431
13 56 559
13 57 1248
13 58 2479
13 59 607
13 60 1296
13 61 2527
13 62 655
13 63 1344
13 64 2575
13 65 703
13 66 1392
13 67 2623
13 68 751
13 69 1440
13 70 2671
13 71 799
13 72 1488
13 73 2719
13 74 847
13 75 1536
13 76 2767
13 77 895
13 78 1584
13 79 2815
13 80 943
13 81 1632
13 82 2863
13 83 991
13 84 1680
13 85 2911
13 86 1039
13 87 1728
13 88 2959
13 89 439
14 0 1901
14 1 954
14 2 1577
14 3 1085
14 4 491
14 5 586
14 6 682
14 7 1850
14 8 1058
14 9 1706
14 10 546
14 11 953
14 12 751
14 13 1462
14 14 0
14 15 1705
14 16 770
14 17 1664
14 18 1836
14 19 1499
14 20 791
14 21 1211
14 22 980
14 23 65
14 24 716
14 25 1239
14 26 1759
14 27 903
14 28 1820
14 29 950
14 30 1217
14 31 851
14 32 1470
14 33 1779
14 34 1506
14 35 1781
14 36 550
14 37 1161
14 38 1733
14 39 502
14 40 1113
14 41 1685
14 42 454
14 43 1065
14 44 1637
14 45 406
14 46 1017
14 47 1589
14 48 358
14 49 969
14 50 1541
14 51 310
14 52 921
14 53 1589
14 54 358
14 55 969
14 56 1637
14 57 406
14 58 1017
14 59 1685
14 60 454
14 61 1065
14 62 1733
14 63 502
14 64 1113
14 65 1781
14 66 550
14 67 1161
14 68 1829
14 69 598
14 70 1209
14 71 1877
14 72 646
14 73 1257
14 74 1925
14 75 694
14 76 1305
14 77 1973
14 78 742
14 79 1353
14 80 2021
14 81 790
14 82 1401
14 83 2069
14 84 838
14 85 1449
14 86 2117
14 87 886
14 88 1497
14 89 1901
15 0 196
15 1 999
15 2 2662
15 3 1786
15 4 1288
15 5 1479
15 6 1767
15 7 1063
15 8 2585
15 9 919
15 10 2251
15 11 1960
15 12 1106
15 13 395
15 14 1705
15 15 0
15 16 1855
15 17 2749
15 18 789
15 19 3104
15 20 1642
15 21 2336
15 22 2065
15 23 1640
15 24 1801
15 25 1674
15 26 2844
15 27 954
15 28 1189
15 29 1843
15 30 2302
15 31 1390
15 32 579
15 33 654
15 34 2617
15 35 76
15 36 1155
15 37 2386
15 38 124
15 39 1203
15 40 2434
15 41 172
15 42 1251
15 43 2482
15 44 220
15 45 1299
15 46 2530
15 47 268
15 48 1347
15 49 2578
15 50 316
15 51 1395
15 52 2626
15 53 364
15 54 1443
15 55 2674
15 56 412
15 57 1491
15 58 2722
15 59 460
15 60 1539
15 61 2770
15 62 508
15 63 1587
15 64 2818
15 65 556
15 66 1635
15 67 2866
15 68 604
15 69 1683
15 70 2914
15 71 652
15 72 1731
15 73 2962
15 74 700
15 75 1779
15 76 3010
15 77 748
15 78 1827
15 79 3058
15 80 796
15 81 1875
15 82 3106
15 83 844
15 84 1923
15 85 3154
15 86 892
15 87 1971
15 88 3202
15 89 196
16 0 2051
16 1 1008
16 2 959
16 3 1235
16 4 641
16 5 736
16 6 448
16 7 1232
16 8 1554
16 9 1088
16 10 1316
16 11 335
16 12 901
16 13 1612
16 14 770
16 15 1855
16 16 0
16 17 1046
16 18 1218
16 19 1349
16 20 365
16 21 1829
16 22 1034
16 23 705
16 24 674
16 25 621
16 26 1141
16 27 1053
16 28 1202
16 29 1100
16 30 599
16 31 617
16 32 1428
16 33 1353
16 34 1106
16 35 1931
16 36 700
16 37 1779
16 38 1883
16 39 652
16 40 1731
16 41 1835
16 42 604
16 43 1683
16 44 1787
16 45 556
16 46 1635
16 47 1739
16 48 508
16 49 1587
16 50 1691
16 51 460
16 52 1539
16 53 1643
16 54 412
16 55 1491
16 56 1595
16 57 364
16 58 1443
16 59 1547
16 60 316
16 61 1395
16 62 1499
16 63 268
16 64 1347
16 65 1451
16 66 220
16 67 1299
16 68 1403
16 69 172
16 70 1251
16 71 1355
16 72 124
16 73 1203
16 74 1307
16 75 76
16 76 1155
16 77 1355
16 78 124
16 79 1203
16 80 1403
16 81 172
16 82 1251
16 83 1451
16 84 220
16 85 1299
16 86 1499
16 87 268
16 88 1347
16 89 2051
17 0 2945
17 1 1902
17 2 993
17 3 1869
17 4 1535
17 5 1630
17 6 1342
17 7 1838
17 8 1070
17 9 1982
17 10 1404
17 11 941
17 12 1795
17 13 2506
17 14 1664
17 15 2749
17 16 1046
17 17 0
17 18 2112
17 19 551
17 20 1259
17 21 1319
17 22 1590
17 23 1599
17 24 1568
17 25 1227
17 26 811
17 27 1947
17 28 1712
17 29 1812
17 30 1301
17 31 1511
17 32 2322
17 33 2247
17 34 1038
17 35 2825
17 36 1594
17 37 1269
17 38 2777
17 39 1546
17 40 1221
17 41 2729
17 42 1498
17 43 1173
17 44 2681
17 45 1450
17 46 1125
17 47 2633
17 48 1402
17 49 1077
17 50 2585
17 51 1354
17 52 1029
17 53 2537
17 54 1306
17 55 981
17 56 2489
17 57 1258
17 58 933
17 59 2441
17 60 1210
17 61 885
17 62 2393
17 63 1162
17 64 837
17 65 2345
17 66 1114
17 67 789
17 68 2297
17 69 1066
17 70 741
17 71 2249
17 72 1018
17 73 693
17 74 2201
17 75 970
17 76 645
17 77 2153
17 78 922
17 79 597
17 80 2105
17 81 874
17 82 549
17 83 2057
17 84 826
17 85 501
17 86 2009
17 87 778
17 88 453
17 89 2945
18 0 833
18 1 1060
18 2 2025
18 3 2301
18 4 1707
18 5 1802
18 6 1514
18 7 452
18 8 2620
18 9 130
18 10 2382
18 11 1349
18 12 1551
18 13 936
18 14 1836
18 15 789
18 16 1218
18 17 2112
18 18 0
18 19 2467
18 20 1223
18 21 2947
18 22 2100
18 23 1771
18 24 1740
18 25 1063
18 26 2207
18 27 1495
18 28 578
18 29 2166
18 30 1665
18 31 1163
18 32 544
18 33 235
18 34 2172
18 35 713
18 36 1766
18 37 2997
18 38 665
18 39 1718
18 40 2949
18 41 617
18 42 1670
18 43 2901
18 44 569
18 45 1622
18 46 2853
18 47 521
18 48 1574
18 49 2805
18 50 473
18 51 1526
18 52 2757
18 53 425
18 54 1478
18 55 2709
18 56 377
18 57 1430
18 58 2661
18 59 329
18 60 1382
18 61 2613
18 62 281
18 63 1334
18 64 2565
18 65 233
18 66 1286
18 67 2517
18 68 185
18 69 1238
18 70 2469
18 71 137
18 72 1190
18 73 2421
18 74 89
18 75 1142
18 76 2373
18 77 137
18 78 1190
18 79 2421
18 80 185
18 81 1238
18 82 2469
18 83 233
18 84 1286
18 85 2517
18 86 281
18 87 1334
18 88 2565
18 89 833
19 0 3300
19 1 2257
19 2 442
19 3 1418
19 4 1890
19 5 1725
19 6 1437
19 7 2193
19 8 619
19 9 2337
19 10 953
19 11 1296
19 12 2150
19 13 2861
19 14 1499
19 15 3104
19 16 1349
19 17 551
19 18 2467
19 19 0
19 20 1614
19 21 868
19 22 1139
19 23 1564
19 24 1403
19 25 1582
19 26 260
19 27 2302
19 28 2163
19 29 1361
19 30 902
19 31 1866
19 32 2677
19 33 2602
19 34 587
19 35 3180
19 36 1949
19 37 818
19 38 3132
19 39 1901
19 40 770
19 41 3084
19 42 1853
19 43 722
19 44 3036
19 45 1805
19 46 674
19 47 2988
19 48 1757
19 49 626
19 50 2940
19 51 1709
19 52 578
19 53 2892
19 54 1661
19 55 530
19 56 2844
19 57 1613
19 58 482
19 59 2796
19 60 1565
19 61 434
19 62 2748
19 63 1517
19 64 386
19 65 2700
19 66 1469
19 67 338
19 68 2652
19 69 1421
19 70 290
19 71 2604
19 72 1373
19 73 242
19 74 2556
19 75 1325
19 76 194
19 77 2508
19 78 1277
19 79 146
19 80 2460
19 81 1229
19 82 98
19 83 2412
19 84 1181
19 85 50
19 86 2460
19 87 1229
19 88 98
19 89 3300
20 0 1686
20 1 1029
20 2 1172
20 3 1256
20 4 662
20 5 757
20 6 469
20 7 1445
20 8 1575
20 9 1301
20 10 1337
20 11 548
20 12 922
20 13 1633
20 14 791
20 15 1642
20 16 365
20 17 1259
20 18 1223
20 19 1614
20 20 0
20 21 1902
20 22 1055
20 23 726
20 24 695
20 25 834
20 26 1354
20 27 1074
20 28 1415
20 29 1121
20 30 812
20 31 638
20 32 1397
20 33 988
20 34 1127
20 35 1566
20 36 721
20 37 1952
20 38 1518
20 39 673
20 40 1904
20 41 1470
20 42 625
20 43 1856
20 44 1422
20 45 577
20 46 1808
20 47 1374
20 48 529
20 49 1760
20 50 1326
20 51 481
20 52 1712
20 53 1278
20 54 433
20 55 1664
20 56 1230
20 57 385
20 58 1616
20 59 1182
20 60 337
20 61 1568
20 62 1134
20 63 289
20 64 1520
20 65 1086
20 66 241
20 67 1472
20 68 1038
20 69 193
20 70 1424
20 71 1086
20 72 241
20 73 1472
20 74 1134
20 75 289
20 76 1520
20 77 1182
20 78 337
20 79 1568
20 80 1230
20 81 385
20 82 1616
20 83 1278
20 84 433
20 85 1664
20 86 1326
20 87 481
20 88 1712
20 89 1686
21 0 2532
21 1 2065
21 2 1310
21 3 746
21 4 1314
21 5 1245
21 6 1533
21 7 2961
21 8 427
21 9 2817
21 10 665
21 11 2064
21 12 1574
21 13 2189
21 14 1211
21 15 2336
21 16 1829
21 17 1319
21 18 2947
21 19 868
21 20 1902
21 21 0
21 22 947
21 23 1276
21 24 1307
21 25 2350
21 26 1128
21 27 1630
21 28 2931
21 29 881
21 30 1574
21 31 1962
21 32 2581
21 33 2890
21 34 875
21 35 2412
21 36 1181
21 37 50
21 38 2460
21 39 1229
21 40 98
21 41 2508
21 42 1277
21 43 146
21 44 2556
21 45 1325
21 46 194
21 47 2604
21 48 1373
21 49 242
21 50 2652
21 51 1421
21 52 290
21 53 2700
21 54 1469
21 55 338
21 56 2748
21 57 1517
21 58 386
21 59 2796
21 60 1565
21 61 434
21 62 2844
21 63 1613
21 64 482
21 65 2892
21 66 1661
21 67 530
21 68 2940
21 69 1709
21 70 578
21 71 2988
21 72 1757
21 73 626
21 74 3036
21 75 1805
21 76 674
21 77 3084
21 78 1853
21 79 722
21 80 3132
21 81 1901
21 82 770
21 83 3180
21 84 1949
21 85 818
21 86 3228
21 87 1997
21 88 866
21 89 2532
22 0 2261
22 1 1218
22 2 1581
22 3 1445
22 4 851
22 5 946
22 6 946
22 7 2114
22 8 520
22 9 1970
22 10 1032
22 11 1217
22 12 1111
22 13 1822
22 14 980
22 15 2065
22 16 1034
22 17 1590
22 18 2100
22 19 1139
22 20 1055
22 21 947
22 22 0
22 23 915
22 24 980
22 25 1503
22 26 1399
22 27 1263
22 28 2084
22 29 1310
22 30 1481
22 31 1115
22 32 1734
22 33 2043
22 34 1146
22 35 2141
22 36 910
22 37 897
22 38 2093
22 39 862
22 40 849
22 41 2045
22 42 814
22 43 801
22 44 1997
22 45 766
22 46 753
22 47 1949
22 48 718
22 49 705
22 50 1901
22 51 670
22 52 657
22 53 1853
22 54 622
22 55 609
22 56 1901
22 57 670
22 58 657
22 59 1949
22 60 718
22 61 705
22 62 1997
22 63 766
22 64 753
22 65 2045
22 66 814
22 67 801
22 68 2093
22 69 862
22 70 849
22 71 2141
22 72 910
22 73 897
22 74 2189
22 75 958
22 76 945
22 77 2237
22 78 1006
22 79 993
22 80 2285
22 81 1054
22 82 1041
22 83 2333
22 84 1102
22 85 1089
22 86 2381
22 87 1150
22 88 1137
22 89 2261
23 0 1836
23 1 889
23 2 1512
23 3 1020
23 4 426
23 5 521
23 6 617
23 7 1785
23 8 1123
23 9 1641
23 10 611
23 11 888
23 12 686
23 13 1397
23 14 65
23 15 1640
23 16 705
23 17 1599
23 18 1771
23 19 1564
23 20 726
23 21 1276
23 22 915
23 23 0
23 24 651
23 25 1174
23 26 1694
23 27 838
23 28 1755
23 29 885
23 30 1152
23 31 786
23 32 1405
23 33 1714
23 34 1467
23 35 1716
23 36 485
23 37 1226
23 38 1668
23 39 437
23 40 1178
23 41 1620
23 42 389
23 43 1130
23 44 1572
23 45 341
23 46 1082
23 47 1524
23 48 293
23 49 1034
23 50 1476
23 51 245
23 52 986
23 53 1524
23 54 293
23 55 1034
23 56 1572
23 57 341
23 58 1082
23 59 1620
23 60 389
23 61 1130
23 62 1668
23 63 437
23 64 1178
23 65 1716
23 66 485
23 67 1226
23 68 1764
23 69 533
23 70 1274
23 71 1812
23 72 581
23 73 1322
23 74 1860
23 75 629
23 76 1370
23 77 1908
23 78 677
23 79 1418
23 80 1956
23 81 725
23 82 1466
23 83 2004
23 84 773
23 85 1514
23 86 2052
23 87 821
23 88 1562
23 89 1836
24 0 1997
24 1 954
24 2 1481
24 3 1181
24 4 587
24 5 682
24 6 586
24 7 1754
24 8 1058
24 9 1610
24 10 1262
24 11 857
24 12 847
24 13 1558
24 14 716
24 15 1801
24 16 674
24 17 1568
24 18 1740
24 19 1403
24 20 695
24 21 1307
24 22 980
24 23 651
24 24 0
24 25 1143
24 26 1663
24 27 999
24 28 1724
24 29 1046
24 30 1121
24 31 755
24 32 1374
24 33 1683
24 34 1410
24 35 1877
24 36 646
24 37 1257
24 38 1829
24 39 598
24 40 1209
24 41 1781
24 42 550
24 43 1161
24 44 1733
24 45 502
24 46 1113
24 47 1685
24 48 454
24 49 1065
24 50 1637
24 51 406
24 52 1017
24 53 1589
24 54 358
24 55 969
24 56 1541
24 57 310
24 58 921
24 59 1589
24 60 358
24 61 969
24 62 1637
24 63 406
24 64 1017
24 65 1685
24 66 454
24 67 1065
24 68 1733
24 69 502
24 70 1113
24 71 1781
24 72 550
24 73 1161
24 74 1829
24 75 598
24 76 1209
24 77 1877
24 78 646
24 79 1257
24 80 1925
24 81 694
24 82 1305
24 83 1973
24 84 742
24 85 1353
24 86 2021
24 87 790
24 88 1401
24 89 1997
25 0 1718
25 1 1477
25 2 1140
25 3 1704
25 4 1110
25 5 1205
25 6 917
25 7 611
25 8 2023
25 9 1193
25 10 1785
25 11 286
25 12 1370
25 13 1821
25 14 1239
25 15 1674
25 16 621
25 17 1227
25 18 1063
25 19 1582
25 20 834
25 21 2350
25 22 1503
25 23 1174
25 24 1143
25 25 0
25 26 1322
25 27 1522
25 28 1175
25 29 1569
25 30 876
25 31 1086
25 32 1429
25 33 1120
25 34 1575
25 35 1598
25 36 1169
25 37 2400
25 38 1550
25 39 1121
25 40 2352
25 41 1502
25 42 1073
25 43 2304
25 44 1454
25 45 1025
25 46 2256
25 47 1406
25 48 977
25 49 2208
25 50 1358
25 51 929
25 52 2160
25 53 1310
25 54 881
25 55 2112
25 56 1262
25 57 833
25 58 2064
25 59 1214
25 60 785
25 61 2016
25 62 1166
25 63 737
25 64 1968
25 65 1118
25 66 689
25 67 1920
25 68 1070
25 69 641
25 70 1872
25 71 1022
25 72 593
25 73 1824
25 74 974
25 75 545
25 76 1776
25 77 926
25 78 497
25 79 1728
25 80 878
25 81 449
25 82 1680
25 83 830
25 84 401
25 85 1632
25 86 878
25 87 449
25 88 1680
25 89 1718
26 0 3040
26 1 1997
26 2 182
26 3 1678
26 4 1630
26 5 1725
26 6 1437
26 7 1933
26 8 879
26 9 2077
26 10 1213
26 11 1036
26 12 1890
26 13 2601
26 14 1759
26 15 2844
26 16 1141
26 17 811
26 18 2207
26 19 260
26 20 1354
26 21 1128
26 22 1399
26 23 1694
26 24 1663
26 25 1322
26 26 0
26 27 2042
26 28 1903
26 29 1621
26 30 1162
26 31 1606
26 32 2417
26 33 2342
26 34 847
26 35 2920
26 36 1689
26 37 1078
26 38 2872
26 39 1641
26 40 1030
26 41 2824
26 42 1593
26 43 982
26 44 2776
26 45 1545
26 46 934
26 47 2728
26 48 1497
26 49 886
26 50 2680
26 51 1449
26 52 838
26 53 2632
26 54 1401
26 55 790
26 56 2584
26 57 1353
26 58 742
26 59 2536
26 60 1305
26 61 694
26 62 2488
26 63 1257
26 64 646
26 65 2440
26 66 1209
26 67 598
26 68 2392
26 69 1161
26 70 550
26 71 2344
26 72 1113
26 73 502
26 74 2296
26 75 1065
26 76 454
26 77 2248
26 78 1017
26 79 406
26 80 2200
26 81 969
26 82 358
26 83 2152
26 84 921
26 85 310
26 86 2200
26 87 969
26 88 358
26 89 3040
27 0 998
27 1 1237
27 2 1860
27 3 984
27 4 486
27 5 677
27 6 965
27 7 1769
27 8 1783
27 9 1625
27 10 1449
27 11 1236
27 12 746
27 13 559
27 14 903
27 15 954
27 16 1053
27 17 1947
27 18 1495
27 19 2302
27 20 1074
27 21 1630
27 22 1263
27 23 838
27 24 999
27 25 1522
27 26 2042
27 27 0
27 28 1895
27 29 1041
27 30 1500
27 31 1134
27 32 1285
27 33 1360
27 34 1815
27 35 878
27 36 449
27 37 1680
27 38 830
27 39 401
27 40 1632
27 41 878
27 42 449
27 43 1680
27 44 926
27 45 497
27 46 1728
27 47 974
27 48 545
27 49 1776
27 50 1022
27 51 593
27 52 1824
27 53 1070
27 54 641
27 55 1872
27 56 1118
27 57 689
27 58 1920
27 59 1166
27 60 737
27 61 1968
27 62 1214
27 63 785
27 64 2016
27 65 1262
27 66 833
27 67 2064
27 68 1310
27 69 881
27 70 2112
27 71 1358
27 72 929
27 73 2160
27 74 1406
27 75 977
27 76 2208
27 77 1454
27 78 1025
27 79 2256
27 80 1502
27 81 1073
27 82 2304
27 83 1550
27 84 1121
27 85 2352
27 86 1598
27 87 1169
27 88 2400
27 89 998
28 0 1233
28 1 1460
28 2 1721
28 3 2285
28 4 1691
28 5 1786
28 6 1498
28 7 564
28 8 2604
28 9 708
28 10 2366
28 11 1097
28 12 1951
28 13 1336
28 14 1820
28 15 1189
28 16 1202
28 17 1712
28 18 578
28 19 2163
28 20 1415
28 21 2931
28 22 2084
28 23 1755
28 24 1724
28 25 1175
28 26 1903
28 27 1895
28 28 0
28 29 2150
28 30 1457
28 31 1563
28 32 944
28 33 635
28 34 2156
28 35 1113
28 36 1750
28 37 2981
28 38 1065
28 39 1702
28 40 2933
28 41 1017
28 42 1654
28 43 2885
28 44 969
28 45 1606
28 46 2837
28 47 921
28 48 1558
28 49 2789
28 50 873
28 51 1510
28 52 2741
28 53 825
28 54 1462
28 55 2693
28 56 777
28 57 1414
28 58 2645
28 59 729
28 60 1366
28 61 2597
28 62 681
28 63 1318
28 64 2549
28 65 633
28 66 1270
28 67 2501
28 68 585
28 69 1222
28 70 2453
28 71 537
28 72 1174
28 73 2405
28 74 489
28 75 1126
28 76 2357
28 77 441
28 78 1078
28 79 2309
28 80 393
28 81 1030
28 82 2261
28 83 345
28 84 982
28 85 2213
28 86 297
28 87 934
28 88 2165
28 89 1233
29 0 2039
29 1 1284
29 2 1803
29 3 1223
29 4 629
29 5 364
29 6 1012
29 7 2180
29 8 920
29 9 2036
29 10 1158
29 11 1283
29 12 889
29 13 1600
29 14 950
29 15 1843
29 16 1100
29 17 1812
29 18 2166
29 19 1361
29 20 1121
29 21 881
29 22 1310
29 23 885
29 24 1046
29 25 1569
29 26 1621
29 27 1041
29 28 2150
29 29 0
29 30 1547
29 31 1181
29 32 1800
29 33 2109
29 34 1368
29 35 1919
29 36 688
29 37 831
29 38 1871
29 39 640
29 40 783
29 41 1823
29 42 592
29 43 735
29 44 1775
29 45 544
29 46 687
29 47 1823
29 48 592
29 49 735
29 50 1871
29 51 640
29 52 783
29 53 1919
29 54 688
29 55 831
29 56 1967
29 57 736
29 58 879
29 59 2015
29 60 784
29 61 927
29 62 2063
29 63 832
29 64 975
29 65 2111
29 66 880
29 67 1023
29 68 2159
29 69 928
29 70 1071
29 71 2207
29 72 976
29 73 1119
29 74 2255
29 75 1024
29 76 1167
29 77 2303
29 78 1072
29 79 1215
29 80 2351
29 81 1120
29 82 1263
29 83 2399
29 84 1168
29 85 1311
29 86 2447
29 87 1216
29 88 1359
29 89 2039
30 0 2498
30 1 1455
30 2 1214
30 3 1682
30 4 1088
30 5 1183
30 6 895
30 7 1487
30 8 1325
30 9 1535
30 10 1659
30 11 590
30 12 1348
30 13 2059
30 14 1217
30 15 2302
30 16 599
30 17 1301
30 18 1665
30 19 902
30 20 812
30 21 1574
30 22 1481
30 23 1152
30 24 1121
30 25 876
30 26 1162
30 27 1500
30 28 1457
30 29 1547
30 30 0
30 31 1064
30 32 1875
30 33 1800
30 34 1293
30 35 2378
30 36 1147
30 37 1524
30 38 2330
30 39 1099
30 40 1476
30 41 2282
30 42 1051
30 43 1428
30 44 2234
30 45 1003
30 46 1380
30 47 2186
30 48 955
30 49 1332
30 50 2138
30 51 907
30 52 1284
30 53 2090
30 54 859
30 55 1236
30 56 2042
30 57 811
30 58 1188
30 59 1994
30 60 763
30 61 1140
30 62 1946
30 63 715
30 64 1092
30 65 1898
30 66 667
30 67 1044
30 68 1850
30 69 619
30 70 996
30 71 1802
30 72 571
30 73 948
30 74 1754
30 75 523
30 76 900
30 77 1706
30 78 475
30 79 852
30 80 1658
30 81 427
30 82 804
30 83 1706
30 84 475
30 85 852
30 86 1754
30 87 523
30 88 900
30 89 2498
31 0 1434
31 1 1089
31 2 1424
31 3 1316
31 4 722
31 5 817
31 6 529
31 7 1437
31 8 1635
31 9 1293
31 10 1397
31 11 800
31 12 982
31 13 1537
31 14 851
31 15 1390
31 16 617
31 17 1511
31 18 1163
31 19 1866
31 20 638
31 21 1962
31 22 1115
31 23 786
31 24 755
31 25 1086
31 26 1606
31 27 1134
31 28 1563
31 29 1181
31 30 1064
31 31 0
31 32 1145
31 33 1028
31 34 1379
31 35 1314
31 36 781
31 37 2012
31 38 1266
31 39 733
31 40 1964
31 41 1218
31 42 685
31 43 1916
31 44 1170
31 45 637
31 46 1868
31 47 1122
31 48 589
31 49 1820
31 50 1074
31 51 541
31 52 1772
31 53 1026
31 54 493
31 55 1724
31 56 978
31 57 445
31 58 1676
31 59 930
31 60 397
31 61 1628
31 62 882
31 63 349
31 64 1580
31 65 930
31 66 397
31 67 1628
31 68 978
31 69 445
31 70 1676
31 71 1026
31 72 493
31 73 1724
31 74 1074
31 75 541
31 76 1772
31 77 1122
31 78 589
31 79 1820
31 80 1170
31 81 637
31 82 1868
31 83 1218
31 84 685
31 85 1916
31 86 1266
31 87 733
31 88 1964
31 89 1434
32 0 623
32 1 850
32 2 2235
32 3 1935
32 4 1341
32 5 1436
32 6 1340
32 7 818
32 8 2254
32 9 674
32 10 2016
32 11 1611
32 12 1341
32 13 726
32 14 1470
32 15 579
32 16 1428
32 17 2322
32 18 544
32 19 2677
32 20 1397
32 21 2581
32 22 1734
32 23 1405
32 24 1374
32 25 1429
32 26 2417
32 27 1285
32 28 944
32 29 1800
32 30 1875
32 31 1145
32 32 0
32 33 409
32 34 2190
32 35 503
32 36 1400
32 37 2631
32 38 455
32 39 1352
32 40 2583
32 41 407
32 42 1304
32 43 2535
32 44 359
32 45 1256
32 46 2487
32 47 311
32 48 1208
32 49 2439
32 50 263
32 51 1160
32 52 2391
32 53 215
32 54 1112
32 55 2343
32 56 167
32 57 1064
32 58 2295
32 59 215
32 60 1112
32 61 2343
32 62 263
32 63 1160
32 64 2391
32 65 311
32 66 1208
32 67 2439
32 68 359
32 69 1256
32 70 2487
32 71 407
32 72 1304
32 73 2535
32 74 455
32 75 1352
32 76 2583
32 77 503
32 78 1400
32 79 2631
32 80 551
32 81 1448
32 82 2679
32 83 599
32 84 1496
32 85 2727
32 86 647
32 87 1544
32 88 2775
32 89 623
33 0 698
33 1 925
33 2 2160
33 3 2244
33 4 1650
33 5 1745
33 6 1457
33 7 509
33 8 2563
33 9 365
33 10 2325
33 11 1406
33 12 1416
33 13 801
33 14 1779
33 15 654
33 16 1353
33 17 2247
33 18 235
33 19 2602
33 20 988
33 21 2890
33 22 2043
33 23 1714
33 24 1683
33 25 1120
33 26 2342
33 27 1360
33 28 635
33 29 2109
33 30 1800
33 31 1028
33 32 409
33 33 0
33 34 2115
33 35 578
33 36 1709
33 37 2940
33 38 530
33 39 1661
33 40 2892
33 41 482
33 42 1613
33 43 2844
33 44 434
33 45 1565
33 46 2796
33 47 386
33 48 1517
33 49 2748
33 50 338
33 51 1469
33 52 2700
33 53 290
33 54 1421
33 55 2652
33 56 242
33 57 1373
33 58 2604
33 59 194
33 60 1325
33 61 2556
33 62 146
33 63 1277
33 64 2508
33 65 98
33 66 1229
33 67 2460
33 68 50
33 69 1181
33 70 2412
33 71 98
33 72 1229
33 73 2460
33 74 146
33 75 1277
33 76 2508
33 77 194
33 78 1325
33 79 2556
33 80 242
33 81 1373
33 82 2604
33 83 290
33 84 1421
33 85 2652
33 86 338
33 87 1469
33 88 2700
33 89 698
34 0 2813
34 1 1770
34 2 1029
34 3 1425
34 4 1403
34 5 1498
34 6 1210
34 7 2186
34 8 626
34 9 2042
34 10 960
34 11 1289
34 12 1663
34 13 2374
34 14 1506
34 15 2617
34 16 1106
34 17 1038
34 18 2172
34 19 587
34 20 1127
34 21 875
34 22 1146
34 23 1467
34 24 1410
34 25 1575
34 26 847
34 27 1815
34 28 2156
34 29 1368
34 30 1293
34 31 1379
34 32 2190
34 33 2115
34 34 0
34 35 2693
34 36 1462
34 37 825
34 38 2645
34 39 1414
34 40 777
34 41 2597
34 42 1366
34 43 729
34 44 2549
34 45 1318
34 46 681
34 47 2501
34 48 1270
34 49 633
34 50 2453
34 51 1222
34 52 585
34 53 2405
34 54 1174
34 55 537
34 56 2357
34 57 1126
34 58 489
34 59 2309
34 60 1078
34 61 441
34 62 2261
34 63 1030
34 64 393
34 65 2213
34 66 982
34 67 345
34 68 2165
34 69 934
34 70 297
34 71 2213
34 72 982
34 73 345
34 74 2261
34 75 1030
34 76 393
34 77 2309
34 78 1078
34 79 441
34 80 2357
34 81 1126
34 82 489
34 83 2405
34 84 1174
34 85 537
34 86 2453
34 87 1222
34 88 585
34 89 2813
35 0 120
35 1 923
35 2 2738
35 3 1862
35 4 1364
35 5 1555
35 6 1843
35 7 987
35 8 2661
35 9 843
35 10 2327
35 11 1884
35 12 1030
35 13 319
35 14 1781
35 15 76
35 16 1931
35 17 2825
35 18 713
35 19 3180
35 20 1566
35 21 2412
35 22 2141
35 23 1716
35 24 1877
35 25 1598
35 26 2920
35 27 878
35 28 1113
35 29 1919
35 30 2378
35 31 1314
35 32 503
35 33 578
35 34 2693
35 35 0
35 36 1231
35 37 2462
35 38 48
35 39 1279
35 40 2510
35 41 96
35 42 1327
35 43 2558
35 44 144
35 45 1375
35 46 2606
35 47 192
35 48 1423
35 49 2654
35 50 240
35 51 1471
35 52 2702
35 53 288
35 54 1519
35 55 2750
35 56 336
35 57 1567
35 58 2798
35 59 384
35 60 1615
35 61 2846
35 62 432
35 63 1663
35 64 2894
35 65 480
35 66 1711
35 67 2942
35 68 528
35 69 1759
35 70 2990
35 71 576
35 72 1807
35 73 3038
35 74 624
35 75 1855
35 76 3086
35 77 672
35 78 1903
35 79 3134
35 80 720
35 81 1951
35 82 3182
35 83 768
35 84 1999
35 85 3230
35 86 816
35 87 2047
35 88 3278
35 89 120
36 0 1351
36 1 884
36 2 1507
36 3 631
36 4 133
36 5 324
36 6 612
36 7 1780
36 8 1430
36 9 1636
36 10 1096
36 11 883
36 12 393
36 13 1008
36 14 550
36 15 1155
36 16 700
36 17 1594
36 18 1766
36 19 1949
36 20 721
36 21 1181
36 22 910
36 23 485
36 24 646
36 25 1169
36 26 1689
36 27 449
36 28 1750
36 29 688
36 30 1147
36 31 781
36 32 1400
36 33 1709
36 34 1462
36 35 1231
36 36 0
36 37 1231
36 38 1279
36 39 48
36 40 1279
36 41 1327
36 42 96
36 43 1327
36 44 1375
36 45 144
36 46 1375
36 47 1423
36 48 192
36 49 1423
36 50 1471
36 51 240
36 52 1471
36 53 1519
36 54 288
36 55 1519
36 56 1567
36 57 336
36 58 1567
36 59 1615
36 60 384
36 61 1615
36 62 1663
36 63 432
36 64 1663
36 65 1711
36 66 480
36 67 1711
36 68 1759
36 69 528
36 70 1759
36 71 1807
36 72 576
36 73 1807
36 74 1855
36 75 624
36 76 1855
36 77 1903
36 78 672
36 79 1903
36 80 1951
36 81 720
36 82 1951
36 83 1999
36 84 768
36 85 1999
36 86 2047
36 87 816
36 88 2047
36 89 1351
37 0 2582
37 1 2115
37 2 1260
37 3 696
37 4 1290
37 5 1195
37 6 1483
37 7 3011
37 8 377
37 9 2867
37 10 615
37 11 2114
37 12 1624
37 13 2239
37 14 1161
37 15 2386
37 16 1779
37 17 1269
37 18 2997
37 19 818
37 20 1952
37 21 50
37 22 897
37 23 1226
37 24 1257
37 25 2400
37 26 1078
37 27 1680
37 28 2981
37 29 831
37 30 1524
37 31 2012
37 32 2631
37 33 2940
37 34 825
37 35 2462
37 36 1231
37 37 0
37 38 2510
37 39 1279
37 40 48
37 41 2558
37 42 1327
37 43 96
37 44 2606
37 45 1375
37 46 144
37 47 2654
37 48 1423
37 49 192
37 50 2702
37 51 1471
37 52 240
37 53 2750
37 54 1519
37 55 288
37 56 2798
37 57 1567
37 58 336
37 59 2846
37 60 1615
37 61 384
37 62 2894
37 63 1663
37 64 432
37 65 2942
37 66 1711
37 67 480
37 68 2990
37 69 1759
37 70 528
37 71 3038
37 72 1807
37 73 576
37 74 3086
37 75 1855
37 76 624
37 77 3134
37 78 1903
37 79 672
37 80 3182
37 81 1951
37 82 720
37 83 3230
37 84 1999
37 85 768
37 86 3278
37 87 2047
37 88 816
37 89 2582
38 0 168
38 1 875
38 2 2690
38 3 1814
38 4 1316
38 5 1507
38 6 1795
38 7 939
38 8 2613
38 9 795
38 10 2279
38 11 1836
38 12 982
38 13 271
38 14 1733
38 15 124
38 16 1883
38 17 2777
38 18 665
38 19 3132
38 20 1518
38 21 2460
38 22 2093
38 23 1668
38 24 1829
38 25 1550
38 26 2872
38 27 830
38 28 1065
38 29 1871
38 30 2330
38 31 1266
38 32 455
38 33 530
38 34 2645
38 35 48
38 36 1279
38 37 2510
38 38 0
38 39 1231
38 40 2462
38 41 48
38 42 1279
38 43 2510
38 44 96
38 45 1327
38 46 2558
38 47 144
38 48 1375
38 49 2606
38 50 192
38 51 1423
38 52 2654
38 53 240
38 54 1471
38 55 2702
38 56 288
38 57 1519
38 58 2750
38 59 336
38 60 1567
38 61 2798
38 62 384
38 63 1615
38 64 2846
38 65 432
38 66 1663
38 67 2894
38 68 480
38 69 1711
38 70 2942
38 71 528
38 72 1759
38 73 2990
38 74 576
38 75 1807
38 76 3038
38 77 624
38 78 1855
38 79 3086
38 80 672
38 81 1903
38 82 3134
38 83 720
38 84 1951
38 85 3182
38 86 768
38 87 1999
38 88 3230
38 89 168
39 0 1399
39 1 836
39 2 1459
39 3 583
39 4 85
39 5 276
39 6 564
39 7 1732
39 8 1382
39 9 1588
39 10 1048
39 11 835
39 12 345
39 13 960
39 14 502
39 15 1203
39 16 652
39 17 1546
39 18 1718
39 19 1901
39 20 673
39 21 1229
39 22 862
39 23 437
39 24 598
39 25 1121
39 26 1641
39 27 401
39 28 1702
39 29 640
39 30 1099
39 31 733
39 32 1352
39 33 1661
39 34 1414
39 35 1279
39 36 48
39 37 1279
39 38 1231
39 39 0
39 40 1231
39 41 1279
39 42 48
39 43 1279
39 44 1327
39 45 96
39 46 1327
39 47 1375
39 48 144
39 49 1375
39 50 1423
