//alpha
1
//NbLocations
68
//NbProducts
13
//NbPickers
2
//CapaPicker
4
//TimeToTravelOneDistanceUnit
3
//SetupTime
5400
//PickTime
300
//Products
//Idx Location Size
1 1 1
2 2 1
3 3 1
4 4 1
5 5 1
6 6 1
7 7 1
8 8 1
9 9 1
10 10 1
11 11 1
12 12 1
13 13 1
//Orders
//NbOrders
6
//Idx DueDate TardinessPenalty NbProdInOrder ProdIdx1 Qty1 ProdIdx2 Qty2 ...
1 54000 0 2 1 1 2 1
2 72000 0 4 3 1 4 1 5 1 6 1
3 36000 0 1 7 1
4 72000 0 1 8 1
5 54000 0 1 9 1
6 36000 0 4 10 1 11 1 12 1 13 1
//Graph (Products are vertices indexed from 1 to NbProducts)
//NbVerticesIntersections
54
//DepartingDepot
0
//ArrivalDepot
68
//Arcs
//Start End Distance
0 14 120
1 12 234
1 61 921
2 23 739
2 24 492
3 38 154
3 39 1077
4 18 661
4 19 570
5 42 193
5 43 1038
6 21 89
6 22 1142
7 29 492
7 30 739
8 9 143
8 31 661
9 8 143
9 11 286
10 24 531
10 25 700
11 9 286
11 30 141
12 1 234
12 60 76
13 15 258
13 16 973
14 15 1231
14 17 48
14 68 120
15 13 258
15 14 1231
15 18 48
16 13 973
16 19 48
17 14 48
17 18 1231
17 20 48
18 4 661
18 15 48
18 17 1231
18 21 48
19 4 570
19 16 48
19 22 48
20 17 48
20 21 1231
20 23 48
21 6 89
21 18 48
21 20 1231
21 24 48
22 6 1142
22 19 48
22 25 48
23 2 739
23 20 48
23 26 48
24 2 492
24 10 531
24 21 48
24 27 48
25 10 700
25 22 48
25 28 48
26 23 48
26 27 1231
26 29 48
27 24 48
27 26 1231
27 28 1231
27 30 48
28 25 48
28 27 1231
28 31 48
29 7 492
29 26 48
29 32 48
30 7 739
30 11 141
30 27 48
30 33 48
31 8 661
31 28 48
31 34 48
32 29 48
32 33 1231
32 35 48
33 30 48
33 32 1231
33 34 1231
33 36 48
34 31 48
34 33 1231
34 37 48
35 32 48
35 36 1231
35 38 48
36 33 48
36 35 1231
36 37 1231
36 39 48
37 34 48
37 36 1231
37 40 48
38 3 154
38 35 48
38 41 48
39 3 1077
39 36 48
39 40 1231
39 42 48
40 37 48
40 39 1231
40 43 48
41 38 48
41 42 1231
41 44 48
42 5 193
42 39 48
42 41 1231
42 45 48
43 5 1038
43 40 48
43 46 48
44 41 48
44 45 1231
44 47 48
45 42 48
45 44 1231
45 46 1231
45 48 48
46 43 48
46 45 1231
46 49 48
47 44 48
47 48 1231
47 50 48
48 45 48
48 47 1231
48 49 1231
48 51 48
49 46 48
49 48 1231
49 52 48
50 47 48
50 51 1231
50 53 48
51 48 48
51 50 1231
51 52 1231
51 54 48
52 49 48
52 51 1231
52 55 48
53 50 48
53 54 1231
53 56 48
54 51 48
54 53 1231
54 55 1231
54 57 48
55 52 48
55 54 1231
55 58 48
56 53 48
56 57 1231
56 59 48
57 54 48
57 56 1231
57 58 1231
57 60 48
58 55 48
58 57 1231
58 61 48
59 56 48
59 60 1231
59 62 48
60 12 76
60 57 48
60 59 1231
60 63 48
61 1 921
61 58 48
61 64 48
62 59 48
62 63 1231
62 65 48
63 60 48
63 62 1231
63 64 1231
63 66 48
64 61 48
64 63 1231
64 67 48
65 62 48
65 66 1231
66 63 48
66 65 1231
66 67 1231
67 64 48
67 66 1231
//LocStart LocEnd ShortestPath
0 0 0
0 1 2381
0 2 1003
0 3 658
0 4 2060
0 5 1976
0 6 1536
0 7 852
0 8 2161
0 9 2018
0 10 2026
0 11 1732
0 12 2147
0 13 1609
0 14 120
0 15 1351
0 16 2582
0 17 168
0 18 1399
0 19 2630
0 20 216
0 21 1447
0 22 2678
0 23 264
0 24 1495
0 25 2726
0 26 312
0 27 1543
0 28 2774
0 29 360
0 30 1591
0 31 2822
0 32 408
0 33 1639
0 34 2870
0 35 456
0 36 1687
0 37 2918
0 38 504
0 39 1735
0 40 2966
0 41 552
0 42 1783
0 43 3014
0 44 600
0 45 1831
0 46 3062
0 47 648
0 48 1879
0 49 3110
0 50 696
0 51 1927
0 52 3158
0 53 744
0 54 1975
0 55 3206
0 56 792
0 57 2023
0 58 3254
0 59 840
0 60 2071
0 61 3302
0 62 888
0 63 2119
0 64 3350
0 65 936
0 66 2167
0 67 3398
0 68 0
1 0 2381
1 1 0
1 2 1378
1 3 1723
1 4 1643
1 5 791
1 6 1023
1 7 1529
1 8 1360
1 9 1217
1 10 1417
1 11 931
1 12 234
1 13 1288
1 14 2261
1 15 1030
1 16 1641
1 17 2213
1 18 982
1 19 1593
1 20 2165
1 21 934
1 22 1545
1 23 2117
1 24 886
1 25 1497
1 26 2069
1 27 838
1 28 1449
1 29 2021
1 30 790
1 31 1401
1 32 1973
1 33 742
1 34 1353
1 35 1925
1 36 694
1 37 1305
1 38 1877
1 39 646
1 40 1257
1 41 1829
1 42 598
1 43 1209
1 44 1781
1 45 550
1 46 1161
1 47 1733
1 48 502
1 49 1113
1 50 1685
1 51 454
1 52 1065
1 53 1637
1 54 406
1 55 1017
1 56 1589
1 57 358
1 58 969
1 59 1541
1 60 310
1 61 921
1 62 1589
1 63 358
1 64 969
1 65 1637
1 66 406
1 67 1017
1 68 2381
2 0 1003
2 1 1378
2 2 0
2 3 1133
2 4 1249
2 5 973
2 6 629
2 7 1327
2 8 1158
2 9 1015
2 10 1023
2 11 729
2 12 1144
2 13 894
2 14 883
2 15 636
2 16 1867
2 17 835
2 18 588
2 19 1819
2 20 787
2 21 540
2 22 1771
2 23 739
2 24 492
2 25 1723
2 26 787
2 27 540
2 28 1771
2 29 835
2 30 588
2 31 1819
2 32 883
2 33 636
2 34 1867
2 35 931
2 36 684
2 37 1915
2 38 979
2 39 732
2 40 1963
2 41 1027
2 42 780
2 43 2011
2 44 1075
2 45 828
2 46 2059
2 47 1123
2 48 876
2 49 2107
2 50 1171
2 51 924
2 52 2155
2 53 1219
2 54 972
2 55 2203
2 56 1267
2 57 1020
2 58 2251
2 59 1315
2 60 1068
2 61 2299
2 62 1363
2 63 1116
2 64 2347
2 65 1411
2 66 1164
2 67 2395
2 68 1003
3 0 658
3 1 1723
3 2 1133
3 3 0
3 4 2074
3 5 1318
3 6 1454
3 7 790
3 8 1791
3 9 1648
3 10 1848
3 11 1362
3 12 1489
3 13 1719
3 14 538
3 15 1461
3 16 2692
3 17 490
3 18 1413
3 19 2644
3 20 442
3 21 1365
3 22 2596
3 23 394
3 24 1317
3 25 2548
3 26 346
3 27 1269
3 28 2500
3 29 298
3 30 1221
3 31 2452
3 32 250
3 33 1173
3 34 2404
3 35 202
3 36 1125
3 37 2356
3 38 154
3 39 1077
3 40 2308
3 41 202
3 42 1125
3 43 2356
3 44 250
3 45 1173
3 46 2404
3 47 298
3 48 1221
3 49 2452
3 50 346
3 51 1269
3 52 2500
3 53 394
3 54 1317
3 55 2548
3 56 442
3 57 1365
3 58 2596
3 59 490
3 60 1413
3 61 2644
3 62 538
3 63 1461
3 64 2692
3 65 586
3 66 1509
3 67 2740
3 68 658
4 0 2060
4 1 1643
4 2 1249
4 3 2074
4 4 0
4 5 1238
4 6 798
4 7 1592
4 8 1423
4 9 1280
4 10 1288
4 11 994
4 12 1409
4 13 967
4 14 1940
4 15 709
4 16 618
4 17 1892
4 18 661
4 19 570
4 20 1940
4 21 709
4 22 618
4 23 1988
4 24 757
4 25 666
4 26 2036
4 27 805
4 28 714
4 29 2084
4 30 853
4 31 762
4 32 2132
4 33 901
4 34 810
4 35 2180
4 36 949
4 37 858
4 38 2228
4 39 997
4 40 906
4 41 2276
4 42 1045
4 43 954
4 44 2324
4 45 1093
4 46 1002
4 47 2372
4 48 1141
4 49 1050
4 50 2420
4 51 1189
4 52 1098
4 53 2468
4 54 1237
4 55 1146
4 56 2516
4 57 1285
4 58 1194
4 59 2564
4 60 1333
4 61 1242
4 62 2612
4 63 1381
4 64 1290
4 65 2660
4 66 1429
4 67 1338
4 68 2060
5 0 1976
5 1 791
5 2 973
5 3 1318
5 4 1238
5 5 0
5 6 618
5 7 1124
5 8 955
5 9 812
5 10 1012
5 11 526
5 12 557
5 13 883
5 14 1856
5 15 625
5 16 1470
5 17 1808
5 18 577
5 19 1422
5 20 1760
5 21 529
5 22 1374
5 23 1712
5 24 481
5 25 1326
5 26 1664
5 27 433
5 28 1278
5 29 1616
5 30 385
5 31 1230
5 32 1568
5 33 337
5 34 1182
5 35 1520
5 36 289
5 37 1134
5 38 1472
5 39 241
5 40 1086
5 41 1424
5 42 193
5 43 1038
5 44 1472
5 45 241
5 46 1086
5 47 1520
5 48 289
5 49 1134
5 50 1568
5 51 337
5 52 1182
5 53 1616
5 54 385
5 55 1230
5 56 1664
5 57 433
5 58 1278
5 59 1712
5 60 481
5 61 1326
5 62 1760
5 63 529
5 64 1374
5 65 1808
5 66 577
5 67 1422
5 68 1976
6 0 1536
6 1 1023
6 2 629
6 3 1454
6 4 798
6 5 618
6 6 0
6 7 972
6 8 803
6 9 660
6 10 668
6 11 374
6 12 789
6 13 443
6 14 1416
6 15 185
6 16 1238
6 17 1368
6 18 137
6 19 1190
6 20 1320
6 21 89
6 22 1142
6 23 1368
6 24 137
6 25 1190
6 26 1416
6 27 185
6 28 1238
6 29 1464
6 30 233
6 31 1286
6 32 1512
6 33 281
6 34 1334
6 35 1560
6 36 329
6 37 1382
6 38 1608
6 39 377
6 40 1430
6 41 1656
6 42 425
6 43 1478
6 44 1704
6 45 473
6 46 1526
6 47 1752
6 48 521
6 49 1574
6 50 1800
6 51 569
6 52 1622
6 53 1848
6 54 617
6 55 1670
6 56 1896
6 57 665
6 58 1718
6 59 1944
6 60 713
6 61 1766
6 62 1992
6 63 761
6 64 1814
6 65 2040
6 66 809
6 67 1862
6 68 1536
7 0 852
7 1 1529
7 2 1327
7 3 790
7 4 1592
7 5 1124
7 6 972
7 7 0
7 8 1309
7 9 1166
7 10 1366
7 11 880
7 12 1295
7 13 1237
7 14 732
7 15 979
7 16 2210
7 17 684
7 18 931
7 19 2162
7 20 636
7 21 883
7 22 2114
7 23 588
7 24 835
7 25 2066
7 26 540
7 27 787
7 28 2018
7 29 492
7 30 739
7 31 1970
7 32 540
7 33 787
7 34 2018
7 35 588
7 36 835
7 37 2066
7 38 636
7 39 883
7 40 2114
7 41 684
7 42 931
7 43 2162
7 44 732
7 45 979
7 46 2210
7 47 780
7 48 1027
7 49 2258
7 50 828
7 51 1075
7 52 2306
7 53 876
7 54 1123
7 55 2354
7 56 924
7 57 1171
7 58 2402
7 59 972
7 60 1219
7 61 2450
7 62 1020
7 63 1267
7 64 2498
7 65 1068
7 66 1315
7 67 2546
7 68 852
8 0 2161
8 1 1360
8 2 1158
8 3 1791
8 4 1423
8 5 955
8 6 803
8 7 1309
8 8 0
8 9 143
8 10 1197
8 11 429
8 12 1126
8 13 1068
8 14 2041
8 15 810
8 16 901
8 17 1993
8 18 762
8 19 853
8 20 1945
8 21 714
8 22 805
8 23 1897
8 24 666
8 25 757
8 26 1849
8 27 618
8 28 709
8 29 1801
8 30 570
8 31 661
8 32 1849
8 33 618
8 34 709
8 35 1897
8 36 666
8 37 757
8 38 1945
8 39 714
8 40 805
8 41 1993
8 42 762
8 43 853
8 44 2041
8 45 810
8 46 901
8 47 2089
8 48 858
8 49 949
8 50 2137
8 51 906
8 52 997
8 53 2185
8 54 954
8 55 1045
8 56 2233
8 57 1002
8 58 1093
8 59 2281
8 60 1050
8 61 1141
8 62 2329
8 63 1098
8 64 1189
8 65 2377
8 66 1146
8 67 1237
8 68 2161
9 0 2018
9 1 1217
9 2 1015
9 3 1648
9 4 1280
9 5 812
9 6 660
9 7 1166
9 8 143
9 9 0
9 10 1054
9 11 286
9 12 983
9 13 925
9 14 1898
9 15 667
9 16 1044
9 17 1850
9 18 619
9 19 996
9 20 1802
9 21 571
9 22 948
9 23 1754
9 24 523
9 25 900
9 26 1706
9 27 475
9 28 852
9 29 1658
9 30 427
9 31 804
9 32 1706
9 33 475
9 34 852
9 35 1754
9 36 523
9 37 900
9 38 1802
9 39 571
9 40 948
9 41 1850
9 42 619
9 43 996
9 44 1898
9 45 667
9 46 1044
9 47 1946
9 48 715
9 49 1092
9 50 1994
9 51 763
9 52 1140
9 53 2042
9 54 811
9 55 1188
9 56 2090
9 57 859
9 58 1236
9 59 2138
9 60 907
9 61 1284
9 62 2186
9 63 955
9 64 1332
9 65 2234
9 66 1003
9 67 1380
9 68 2018
10 0 2026
10 1 1417
10 2 1023
10 3 1848
10 4 1288
10 5 1012
10 6 668
10 7 1366
10 8 1197
10 9 1054
10 10 0
10 11 768
10 12 1183
10 13 933
10 14 1906
10 15 675
10 16 844
10 17 1858
10 18 627
10 19 796
10 20 1810
10 21 579
10 22 748
10 23 1762
10 24 531
10 25 700
10 26 1810
10 27 579
10 28 748
10 29 1858
10 30 627
10 31 796
10 32 1906
10 33 675
10 34 844
10 35 1954
10 36 723
10 37 892
10 38 2002
10 39 771
10 40 940
10 41 2050
10 42 819
10 43 988
10 44 2098
10 45 867
10 46 1036
10 47 2146
10 48 915
10 49 1084
10 50 2194
10 51 963
10 52 1132
10 53 2242
10 54 1011
10 55 1180
10 56 2290
10 57 1059
10 58 1228
10 59 2338
10 60 1107
10 61 1276
10 62 2386
10 63 1155
10 64 1324
10 65 2434
10 66 1203
10 67 1372
10 68 2026
11 0 1732
11 1 931
11 2 729
11 3 1362
11 4 994
11 5 526
11 6 374
11 7 880
11 8 429
11 9 286
11 10 768
11 11 0
11 12 697
11 13 639
11 14 1612
11 15 381
11 16 1330
11 17 1564
11 18 333
11 19 1282
11 20 1516
11 21 285
11 22 1234
11 23 1468
11 24 237
11 25 1186
11 26 1420
11 27 189
11 28 1138
11 29 1372
11 30 141
11 31 1090
11 32 1420
11 33 189
11 34 1138
11 35 1468
11 36 237
11 37 1186
11 38 1516
11 39 285
11 40 1234
11 41 1564
11 42 333
11 43 1282
11 44 1612
11 45 381
11 46 1330
11 47 1660
11 48 429
11 49 1378
11 50 1708
11 51 477
11 52 1426
11 53 1756
11 54 525
11 55 1474
11 56 1804
11 57 573
11 58 1522
11 59 1852
11 60 621
11 61 1570
11 62 1900
11 63 669
11 64 1618
11 65 1948
11 66 717
11 67 1666
11 68 1732
12 0 2147
12 1 234
12 2 1144
12 3 1489
12 4 1409
12 5 557
12 6 789
12 7 1295
12 8 1126
12 9 983
12 10 1183
12 11 697
12 12 0
12 13 1054
12 14 2027
12 15 796
12 16 1875
12 17 1979
12 18 748
12 19 1827
12 20 1931
12 21 700
12 22 1779
12 23 1883
12 24 652
12 25 1731
12 26 1835
12 27 604
12 28 1683
12 29 1787
12 30 556
12 31 1635
12 32 1739
12 33 508
12 34 1587
12 35 1691
12 36 460
12 37 1539
12 38 1643
12 39 412
12 40 1491
12 41 1595
12 42 364
12 43 1443
12 44 1547
12 45 316
12 46 1395
12 47 1499
12 48 268
12 49 1347
12 50 1451
12 51 220
12 52 1299
12 53 1403
12 54 172
12 55 1251
12 56 1355
12 57 124
12 58 1203
12 59 1307
12 60 76
12 61 1155
12 62 1355
12 63 124
12 64 1203
12 65 1403
12 66 172
12 67 1251
12 68 2147
13 0 1609
13 1 1288
13 2 894
13 3 1719
13 4 967
13 5 883
13 6 443
13 7 1237
13 8 1068
13 9 925
13 10 933
13 11 639
13 12 1054
13 13 0
13 14 1489
13 15 258
13 16 973
13 17 1537
13 18 306
13 19 1021
13 20 1585
13 21 354
13 22 1069
13 23 1633
13 24 402
13 25 1117
13 26 1681
13 27 450
13 28 1165
13 29 1729
13 30 498
13 31 1213
13 32 1777
13 33 546
13 34 1261
13 35 1825
13 36 594
13 37 1309
13 38 1873
13 39 642
13 40 1357
13 41 1921
13 42 690
13 43 1405
13 44 1969
13 45 738
13 46 1453
13 47 2017
13 48 786
13 49 1501
13 50 2065
13 51 834
13 52 1549
13 53 2113
13 54 882
13 55 1597
13 56 2161
13 57 930
13 58 1645
13 59 2209
13 60 978
13 61 1693
13 62 2257
13 63 1026
13 64 1741
13 65 2305
13 66 1074
13 67 1789
13 68 1609
14 0 120
14 1 2261
14 2 883
14 3 538
14 4 1940
14 5 1856
14 6 1416
14 7 732
14 8 2041
14 9 1898
14 10 1906
14 11 1612
14 12 2027
14 13 1489
14 14 0
14 15 1231
14 16 2462
14 17 48
14 18 1279
14 19 2510
14 20 96
14 21 1327
14 22 2558
14 23 144
14 24 1375
14 25 2606
14 26 192
14 27 1423
14 28 2654
14 29 240
14 30 1471
14 31 2702
14 32 288
14 33 1519
14 34 2750
14 35 336
14 36 1567
14 37 2798
14 38 384
14 39 1615
14 40 2846
14 41 432
14 42 1663
14 43 2894
14 44 480
14 45 1711
14 46 2942
14 47 528
14 48 1759
14 49 2990
14 50 576
14 51 1807
14 52 3038
14 53 624
14 54 1855
14 55 3086
14 56 672
14 57 1903
14 58 3134
14 59 720
14 60 1951
14 61 3182
14 62 768
14 63 1999
14 64 3230
14 65 816
14 66 2047
14 67 3278
14 68 120
15 0 1351
15 1 1030
15 2 636
15 3 1461
15 4 709
15 5 625
15 6 185
15 7 979
15 8 810
15 9 667
15 10 675
15 11 381
15 12 796
15 13 258
15 14 1231
15 15 0
15 16 1231
15 17 1279
15 18 48
15 19 1279
15 20 1327
15 21 96
15 22 1327
15 23 1375
15 24 144
15 25 1375
15 26 1423
15 27 192
15 28 1423
15 29 1471
15 30 240
15 31 1471
15 32 1519
15 33 288
15 34 1519
15 35 1567
15 36 336
15 37 1567
15 38 1615
15 39 384
15 40 1615
15 41 1663
15 42 432
15 43 1663
15 44 1711
15 45 480
15 46 1711
15 47 1759
15 48 528
15 49 1759
15 50 1807
15 51 576
15 52 1807
15 53 1855
15 54 624
15 55 1855
15 56 1903
15 57 672
15 58 1903
15 59 1951
15 60 720
15 61 1951
15 62 1999
15 63 768
15 64 1999
15 65 2047
15 66 816
15 67 2047
15 68 1351
16 0 2582
16 1 1641
16 2 1867
16 3 2692
16 4 618
16 5 1470
16 6 1238
16 7 2210
16 8 901
16 9 1044
16 10 844
16 11 1330
16 12 1875
16 13 973
16 14 2462
16 15 1231
16 16 0
16 17 2510
16 18 1279
16 19 48
16 20 2558
16 21 1327
16 22 96
16 23 2606
16 24 1375
16 25 144
16 26 2654
16 27 1423
16 28 192
16 29 2702
16 30 1471
16 31 240
16 32 2750
16 33 1519
16 34 288
16 35 2798
16 36 1567
16 37 336
16 38 2846
16 39 1615
16 40 384
16 41 2894
16 42 1663
16 43 432
16 44 2942
16 45 1711
16 46 480
16 47 2990
16 48 1759
16 49 528
16 50 3038
16 51 1807
16 52 576
16 53 3086
16 54 1855
16 55 624
16 56 3134
16 57 1903
16 58 672
16 59 3182
16 60 1951
16 61 720
16 62 3230
16 63 1999
16 64 768
16 65 3278
16 66 2047
16 67 816
16 68 2582
17 0 168
17 1 2213
17 2 835
17 3 490
17 4 1892
17 5 1808
17 6 1368
17 7 684
17 8 1993
17 9 1850
17 10 1858
17 11 1564
17 12 1979
17 13 1537
17 14 48
17 15 1279
17 16 2510
17 17 0
17 18 1231
17 19 2462
17 20 48
17 21 1279
17 22 2510
17 23 96
17 24 1327
17 25 2558
17 26 144
17 27 1375
17 28 2606
17 29 192
17 30 1423
17 31 2654
17 32 240
17 33 1471
17 34 2702
17 35 288
17 36 1519
17 37 2750
17 38 336
17 39 1567
17 40 2798
17 41 384
17 42 1615
17 43 2846
17 44 432
17 45 1663
17 46 2894
17 47 480
17 48 1711
17 49 2942
17 50 528
17 51 1759
17 52 2990
17 53 576
17 54 1807
17 55 3038
17 56 624
17 57 1855
17 58 3086
17 59 672
17 60 1903
17 61 3134
17 62 720
17 63 1951
17 64 3182
17 65 768
17 66 1999
17 67 3230
17 68 168
18 0 1399
18 1 982
18 2 588
18 3 1413
18 4 661
18 5 577
18 6 137
18 7 931
18 8 762
18 9 619
18 10 627
18 11 333
18 12 748
18 13 306
18 14 1279
18 15 48
18 16 1279
18 17 1231
18 18 0
18 19 1231
18 20 1279
18 21 48
18 22 1279
18 23 1327
18 24 96
18 25 1327
18 26 1375
18 27 144
18 28 1375
18 29 1423
18 30 192
18 31 1423
18 32 1471
18 33 240
18 34 1471
18 35 1519
18 36 288
18 37 1519
18 38 1567
18 39 336
18 40 1567
18 41 1615
18 42 384
18 43 1615
18 44 1663
18 45 432
18 46 1663
18 47 1711
18 48 480
18 49 1711
18 50 1759
18 51 528
18 52 1759
18 53 1807
18 54 576
18 55 1807
18 56 1855
18 57 624
18 58 1855
18 59 1903
18 60 672
18 61 1903
18 62 1951
18 63 720
18 64 1951
18 65 1999
18 66 768
18 67 1999
18 68 1399
19 0 2630
19 1 1593
19 2 1819
19 3 2644
19 4 570
19 5 1422
19 6 1190
19 7 2162
19 8 853
19 9 996
19 10 796
19 11 1282
19 12 1827
19 13 1021
19 14 2510
19 15 1279
19 16 48
19 17 2462
19 18 1231
19 19 0
19 20 2510
19 21 1279
19 22 48
19 23 2558
19 24 1327
19 25 96
19 26 2606
19 27 1375
19 28 144
19 29 2654
19 30 1423
19 31 192
19 32 2702
19 33 1471
19 34 240
19 35 2750
19 36 1519
19 37 288
19 38 2798
19 39 1567
19 40 336
19 41 2846
19 42 1615
19 43 384
19 44 2894
19 45 1663
19 46 432
19 47 2942
19 48 1711
19 49 480
19 50 2990
19 51 1759
19 52 528
19 53 3038
19 54 1807
19 55 576
19 56 3086
19 57 1855
19 58 624
19 59 3134
19 60 1903
19 61 672
19 62 3182
19 63 1951
19 64 720
19 65 3230
19 66 1999
19 67 768
19 68 2630
20 0 216
20 1 2165
20 2 787
20 3 442
20 4 1940
20 5 1760
20 6 1320
20 7 636
20 8 1945
20 9 1802
20 10 1810
20 11 1516
20 12 1931
20 13 1585
20 14 96
20 15 1327
20 16 2558
20 17 48
20 18 1279
20 19 2510
20 20 0
20 21 1231
20 22 2462
20 23 48
20 24 1279
20 25 2510
20 26 96
20 27 1327
20 28 2558
20 29 144
20 30 1375
20 31 2606
20 32 192
20 33 1423
20 34 2654
20 35 240
20 36 1471
20 37 2702
20 38 288
20 39 1519
20 40 2750
20 41 336
20 42 1567
20 43 2798
20 44 384
20 45 1615
20 46 2846
20 47 432
20 48 1663
20 49 2894
20 50 480
20 51 1711
20 52 2942
20 53 528
20 54 1759
20 55 2990
20 56 576
20 57 1807
20 58 3038
20 59 624
20 60 1855
20 61 3086
20 62 672
20 63 1903
20 64 3134
20 65 720
20 66 1951
20 67 3182
20 68 216
21 0 1447
21 1 934
21 2 540
21 3 1365
21 4 709
21 5 529
21 6 89
21 7 883
21 8 714
21 9 571
21 10 579
21 11 285
21 12 700
21 13 354
21 14 1327
21 15 96
21 16 1327
21 17 1279
21 18 48
21 19 1279
21 20 1231
21 21 0
21 22 1231
21 23 1279
21 24 48
21 25 1279
21 26 1327
21 27 96
21 28 1327
21 29 1375
21 30 144
21 31 1375
21 32 1423
21 33 192
21 34 1423
21 35 1471
21 36 240
21 37 1471
21 38 1519
21 39 288
21 40 1519
21 41 1567
21 42 336
21 43 1567
21 44 1615
21 45 384
21 46 1615
21 47 1663
21 48 432
21 49 1663
21 50 1711
21 51 480
21 52 1711
21 53 1759
21 54 528
21 55 1759
21 56 1807
21 57 576
21 58 1807
21 59 1855
21 60 624
21 61 1855
21 62 1903
21 63 672
21 64 1903
21 65 1951
21 66 720
21 67 1951
21 68 1447
22 0 2678
22 1 1545
22 2 1771
22 3 2596
22 4 618
22 5 1374
22 6 1142
22 7 2114
22 8 805
22 9 948
22 10 748
22 11 1234
22 12 1779
22 13 1069
22 14 2558
22 15 1327
22 16 96
22 17 2510
22 18 1279
22 19 48
22 20 2462
22 21 1231
22 22 0
22 23 2510
22 24 1279
22 25 48
22 26 2558
22 27 1327
22 28 96
22 29 2606
22 30 1375
22 31 144
22 32 2654
22 33 1423
22 34 192
22 35 2702
22 36 1471
22 37 240
22 38 2750
22 39 1519
22 40 288
22 41 2798
22 42 1567
22 43 336
22 44 2846
22 45 1615
22 46 384
22 47 2894
22 48 1663
22 49 432
22 50 2942
22 51 1711
22 52 480
22 53 2990
22 54 1759
22 55 528
22 56 3038
22 57 1807
22 58 576
22 59 3086
22 60 1855
22 61 624
22 62 3134
22 63 1903
22 64 672
22 65 3182
22 66 1951
22 67 720
22 68 2678
23 0 264
23 1 2117
23 2 739
23 3 394
23 4 1988
23 5 1712
23 6 1368
23 7 588
23 8 1897
23 9 1754
23 10 1762
23 11 1468
23 12 1883
23 13 1633
23 14 144
23 15 1375
23 16 2606
23 17 96
23 18 1327
23 19 2558
23 20 48
23 21 1279
23 22 2510
23 23 0
23 24 1231
23 25 2462
23 26 48
23 27 1279
23 28 2510
23 29 96
23 30 1327
23 31 2558
23 32 144
23 33 1375
23 34 2606
23 35 192
23 36 1423
23 37 2654
23 38 240
23 39 1471
23 40 2702
23 41 288
23 42 1519
23 43 2750
23 44 336
23 45 1567
23 46 2798
23 47 384
23 48 1615
23 49 2846
23 50 432
23 51 1663
23 52 2894
23 53 480
23 54 1711
23 55 2942
23 56 528
23 57 1759
23 58 2990
23 59 576
23 60 1807
23 61 3038
23 62 624
23 63 1855
23 64 3086
23 65 672
23 66 1903
23 67 3134
23 68 264
24 0 1495
24 1 886
24 2 492
24 3 1317
24 4 757
24 5 481
24 6 137
24 7 835
24 8 666
24 9 523
24 10 531
24 11 237
24 12 652
24 13 402
24 14 1375
24 15 144
24 16 1375
24 17 1327
24 18 96
24 19 1327
24 20 1279
24 21 48
24 22 1279
24 23 1231
24 24 0
24 25 1231
24 26 1279
24 27 48
24 28 1279
24 29 1327
24 30 96
24 31 1327
24 32 1375
24 33 144
24 34 1375
24 35 1423
24 36 192
24 37 1423
24 38 1471
24 39 240
24 40 1471
24 41 1519
24 42 288
24 43 1519
24 44 1567
24 45 336
24 46 1567
24 47 1615
24 48 384
24 49 1615
24 50 1663
24 51 432
24 52 1663
24 53 1711
24 54 480
24 55 1711
24 56 1759
24 57 528
24 58 1759
24 59 1807
24 60 576
24 61 1807
24 62 1855
24 63 624
24 64 1855
24 65 1903
24 66 672
24 67 1903
24 68 1495
25 0 2726
25 1 1497
25 2 1723
25 3 2548
25 4 666
25 5 1326
25 6 1190
25 7 2066
25 8 757
25 9 900
25 10 700
25 11 1186
25 12 1731
25 13 1117
25 14 2606
25 15 1375
25 16 144
25 17 2558
25 18 1327
25 19 96
25 20 2510
25 21 1279
25 22 48
25 23 2462
25 24 1231
25 25 0
25 26 2510
25 27 1279
25 28 48
25 29 2558
25 30 1327
25 31 96
25 32 2606
25 33 1375
25 34 144
25 35 2654
25 36 1423
25 37 192
25 38 2702
25 39 1471
25 40 240
25 41 2750
25 42 1519
25 43 288
25 44 2798
25 45 1567
25 46 336
25 47 2846
25 48 1615
25 49 384
25 50 2894
25 51 1663
25 52 432
25 53 2942
25 54 1711
25 55 480
25 56 2990
25 57 1759
25 58 528
25 59 3038
25 60 1807
25 61 576
25 62 3086
25 63 1855
25 64 624
25 65 3134
25 66 1903
25 67 672
25 68 2726
26 0 312
26 1 2069
26 2 787
26 3 346
26 4 2036
26 5 1664
26 6 1416
26 7 540
26 8 1849
26 9 1706
26 10 1810
26 11 1420
26 12 1835
26 13 1681
26 14 192
26 15 1423
26 16 2654
26 17 144
26 18 1375
26 19 2606
26 20 96
26 21 1327
26 22 2558
26 23 48
26 24 1279
26 25 2510
26 26 0
26 27 1231
26 28 2462
26 29 48
26 30 1279
26 31 2510
26 32 96
26 33 1327
26 34 2558
26 35 144
26 36 1375
26 37 2606
26 38 192
26 39 1423
26 40 2654
26 41 240
26 42 1471
26 43 2702
26 44 288
26 45 1519
26 46 2750
26 47 336
26 48 1567
26 49 2798
26 50 384
26 51 1615
26 52 2846
26 53 432
26 54 1663
26 55 2894
26 56 480
26 57 1711
26 58 2942
26 59 528
26 60 1759
26 61 2990
26 62 576
26 63 1807
26 64 3038
26 65 624
26 66 1855
26 67 3086
26 68 312
27 0 1543
27 1 838
27 2 540
27 3 1269
27 4 805
27 5 433
27 6 185
27 7 787
27 8 618
27 9 475
27 10 579
27 11 189
27 12 604
27 13 450
27 14 1423
27 15 192
27 16 1423
27 17 1375
27 18 144
27 19 1375
27 20 1327
27 21 96
27 22 1327
27 23 1279
27 24 48
27 25 1279
27 26 1231
27 27 0
27 28 1231
27 29 1279
27 30 48
27 31 1279
27 32 1327
27 33 96
27 34 1327
27 35 1375
27 36 144
27 37 1375
27 38 1423
27 39 192
27 40 1423
27 41 1471
27 42 240
27 43 1471
27 44 1519
27 45 288
27 46 1519
27 47 1567
27 48 336
27 49 1567
27 50 1615
27 51 384
27 52 1615
27 53 1663
27 54 432
27 55 1663
27 56 1711
27 57 480
27 58 1711
27 59 1759
27 60 528
27 61 1759
27 62 1807
27 63 576
27 64 1807
27 65 1855
27 66 624
27 67 1855
27 68 1543
28 0 2774
28 1 1449
28 2 1771
28 3 2500
28 4 714
28 5 1278
28 6 1238
28 7 2018
28 8 709
28 9 852
28 10 748
28 11 1138
28 12 1683
28 13 1165
28 14 2654
28 15 1423
28 16 192
28 17 2606
28 18 1375
28 19 144
28 20 2558
28 21 1327
28 22 96
28 23 2510
28 24 1279
28 25 48
28 26 2462
28 27 1231
28 28 0
28 29 2510
28 30 1279
28 31 48
28 32 2558
28 33 1327
28 34 96
28 35 2606
28 36 1375
28 37 144
28 38 2654
28 39 1423
28 40 192
28 41 2702
28 42 1471
28 43 240
28 44 2750
28 45 1519
28 46 288
28 47 2798
28 48 1567
28 49 336
28 50 2846
28 51 1615
28 52 384
28 53 2894
28 54 1663
28 55 432
28 56 2942
28 57 1711
28 58 480
28 59 2990
28 60 1759
28 61 528
28 62 3038
28 63 1807
28 64 576
28 65 3086
28 66 1855
28 67 624
28 68 2774
29 0 360
29 1 2021
29 2 835
29 3 298
29 4 2084
29 5 1616
29 6 1464
29 7 492
29 8 1801
29 9 1658
29 10 1858
29 11 1372
29 12 1787
29 13 1729
29 14 240
29 15 1471
29 16 2702
29 17 192
29 18 1423
29 19 2654
29 20 144
29 21 1375
29 22 2606
29 23 96
29 24 1327
29 25 2558
29 26 48
29 27 1279
29 28 2510
29 29 0
29 30 1231
29 31 2462
29 32 48
29 33 1279
29 34 2510
29 35 96
29 36 1327
29 37 2558
29 38 144
29 39 1375
29 40 2606
29 41 192
29 42 1423
29 43 2654
29 44 240
29 45 1471
29 46 2702
29 47 288
29 48 1519
29 49 2750
29 50 336
29 51 1567
29 52 2798
29 53 384
29 54 1615
29 55 2846
29 56 432
29 57 1663
29 58 2894
29 59 480
29 60 1711
29 61 2942
29 62 528
29 63 1759
29 64 2990
29 65 576
29 66 1807
29 67 3038
29 68 360
30 0 1591
30 1 790
30 2 588
30 3 1221
30 4 853
30 5 385
30 6 233
30 7 739
30 8 570
30 9 427
30 10 627
30 11 141
30 12 556
30 13 498
30 14 1471
30 15 240
30 16 1471
30 17 1423
30 18 192
30 19 1423
30 20 1375
30 21 144
30 22 1375
30 23 1327
30 24 96
30 25 1327
30 26 1279
30 27 48
30 28 1279
30 29 1231
30 30 0
30 31 1231
30 32 1279
30 33 48
30 34 1279
30 35 1327
30 36 96
30 37 1327
30 38 1375
30 39 144
30 40 1375
30 41 1423
30 42 192
30 43 1423
30 44 1471
30 45 240
30 46 1471
30 47 1519
30 48 288
30 49 1519
30 50 1567
30 51 336
30 52 1567
30 53 1615
30 54 384
30 55 1615
30 56 1663
30 57 432
30 58 1663
30 59 1711
30 60 480
30 61 1711
30 62 1759
30 63 528
30 64 1759
30 65 1807
30 66 576
30 67 1807
30 68 1591
31 0 2822
31 1 1401
31 2 1819
31 3 2452
31 4 762
31 5 1230
31 6 1286
31 7 1970
31 8 661
31 9 804
31 10 796
31 11 1090
31 12 1635
31 13 1213
31 14 2702
31 15 1471
31 16 240
31 17 2654
31 18 1423
31 19 192
31 20 2606
31 21 1375
31 22 144
31 23 2558
31 24 1327
31 25 96
31 26 2510
31 27 1279
31 28 48
31 29 2462
31 30 1231
31 31 0
31 32 2510
31 33 1279
31 34 48
31 35 2558
31 36 1327
31 37 96
31 38 2606
31 39 1375
31 40 144
31 41 2654
31 42 1423
31 43 192
31 44 2702
31 45 1471
31 46 240
31 47 2750
31 48 1519
31 49 288
31 50 2798
31 51 1567
31 52 336
31 53 2846
31 54 1615
31 55 384
31 56 2894
31 57 1663
31 58 432
31 59 2942
31 60 1711
31 61 480
31 62 2990
31 63 1759
31 64 528
31 65 3038
31 66 1807
31 67 576
31 68 2822
32 0 408
32 1 1973
32 2 883
32 3 250
32 4 2132
32 5 1568
32 6 1512
32 7 540
32 8 1849
32 9 1706
32 10 1906
32 11 1420
32 12 1739
32 13 1777
32 14 288
32 15 1519
32 16 2750
32 17 240
32 18 1471
32 19 2702
32 20 192
32 21 1423
32 22 2654
32 23 144
32 24 1375
32 25 2606
32 26 96
32 27 1327
32 28 2558
32 29 48
32 30 1279
32 31 2510
32 32 0
32 33 1231
32 34 2462
32 35 48
32 36 1279
32 37 2510
32 38 96
32 39 1327
32 40 2558
32 41 144
32 42 1375
32 43 2606
32 44 192
32 45 1423
32 46 2654
32 47 240
32 48 1471
32 49 2702
32 50 288
32 51 1519
32 52 2750
32 53 336
32 54 1567
32 55 2798
32 56 384
32 57 1615
32 58 2846
32 59 432
32 60 1663
32 61 2894
32 62 480
32 63 1711
32 64 2942
32 65 528
32 66 1759
32 67 2990
32 68 408
33 0 1639
33 1 742
33 2 636
33 3 1173
33 4 901
33 5 337
33 6 281
33 7 787
33 8 618
33 9 475
33 10 675
33 11 189
33 12 508
33 13 546
33 14 1519
33 15 288
33 16 1519
33 17 1471
33 18 240
33 19 1471
33 20 1423
33 21 192
33 22 1423
33 23 1375
33 24 144
33 25 1375
33 26 1327
33 27 96
33 28 1327
33 29 1279
33 30 48
33 31 1279
33 32 1231
33 33 0
33 34 1231
33 35 1279
33 36 48
33 37 1279
33 38 1327
33 39 96
33 40 1327
33 41 1375
33 42 144
33 43 1375
33 44 1423
33 45 192
33 46 1423
33 47 1471
33 48 240
33 49 1471
33 50 1519
33 51 288
33 52 1519
33 53 1567
33 54 336
33 55 1567
33 56 1615
33 57 384
33 58 1615
33 59 1663
33 60 432
33 61 1663
33 62 1711
33 63 480
33 64 1711
33 65 1759
33 66 528
33 67 1759
33 68 1639
34 0 2870
34 1 1353
34 2 1867
34 3 2404
34 4 810
34 5 1182
34 6 1334
34 7 2018
34 8 709
34 9 852
34 10 844
34 11 1138
34 12 1587
34 13 1261
34 14 2750
34 15 1519
34 16 288
34 17 2702
34 18 1471
34 19 240
34 20 2654
34 21 1423
34 22 192
34 23 2606
34 24 1375
34 25 144
34 26 2558
34 27 1327
34 28 96
34 29 2510
34 30 1279
34 31 48
34 32 2462
34 33 1231
34 34 0
34 35 2510
34 36 1279
34 37 48
34 38 2558
34 39 1327
34 40 96
34 41 2606
34 42 1375
34 43 144
34 44 2654
34 45 1423
34 46 192
34 47 2702
34 48 1471
34 49 240
34 50 2750
34 51 1519
34 52 288
34 53 2798
34 54 1567
34 55 336
34 56 2846
34 57 1615
34 58 384
34 59 2894
34 60 1663
34 61 432
34 62 2942
34 63 1711
34 64 480
34 65 2990
34 66 1759
34 67 528
34 68 2870
35 0 456
35 1 1925
35 2 931
35 3 202
35 4 2180
35 5 1520
35 6 1560
35 7 588
35 8 1897
35 9 1754
35 10 1954
35 11 1468
35 12 1691
35 13 1825
35 14 336
35 15 1567
35 16 2798
35 17 288
35 18 1519
35 19 2750
35 20 240
35 21 1471
35 22 2702
35 23 192
35 24 1423
35 25 2654
35 26 144
35 27 1375
35 28 2606
35 29 96
35 30 1327
35 31 2558
35 32 48
35 33 1279
35 34 2510
35 35 0
35 36 1231
35 37 2462
35 38 48
35 39 1279
35 40 2510
35 41 96
35 42 1327
35 43 2558
35 44 144
35 45 1375
35 46 2606
35 47 192
35 48 1423
35 49 2654
35 50 240
35 51 1471
35 52 2702
35 53 288
35 54 1519
35 55 2750
35 56 336
35 57 1567
35 58 2798
35 59 384
35 60 1615
35 61 2846
35 62 432
35 63 1663
35 64 2894
35 65 480
35 66 1711
35 67 2942
35 68 456
36 0 1687
36 1 694
36 2 684
36 3 1125
36 4 949
36 5 289
36 6 329
36 7 835
36 8 666
36 9 523
36 10 723
36 11 237
36 12 460
36 13 594
36 14 1567
36 15 336
36 16 1567
36 17 1519
36 18 288
36 19 1519
36 20 1471
36 21 240
36 22 1471
36 23 1423
36 24 192
36 25 1423
36 26 1375
36 27 144
36 28 1375
36 29 1327
36 30 96
36 31 1327
36 32 1279
36 33 48
36 34 1279
36 35 1231
36 36 0
36 37 1231
36 38 1279
36 39 48
36 40 1279
36 41 1327
36 42 96
36 43 1327
36 44 1375
36 45 144
36 46 1375
36 47 1423
36 48 192
36 49 1423
36 50 1471
36 51 240
36 52 1471
36 53 1519
36 54 288
36 55 1519
36 56 1567
36 57 336
36 58 1567
36 59 1615
36 60 384
36 61 1615
36 62 1663
36 63 432
36 64 1663
36 65 1711
36 66 480
36 67 1711
36 68 1687
37 0 2918
37 1 1305
37 2 1915
37 3 2356
37 4 858
37 5 1134
37 6 1382
37 7 2066
37 8 757
37 9 900
37 10 892
37 11 1186
37 12 1539
37 13 1309
37 14 2798
37 15 1567
37 16 336
37 17 2750
37 18 1519
37 19 288
37 20 2702
37 21 1471
37 22 240
37 23 2654
37 24 1423
37 25 192
37 26 2606
37 27 1375
37 28 144
37 29 2558
37 30 1327
37 31 96
37 32 2510
37 33 1279
37 34 48
37 35 2462
37 36 1231
37 37 0
37 38 2510
37 39 1279
37 40 48
37 41 2558
37 42 1327
37 43 96
37 44 2606
37 45 1375
37 46 144
37 47 2654
37 48 1423
37 49 192
37 50 2702
37 51 1471
37 52 240
37 53 2750
37 54 1519
37 55 288
37 56 2798
37 57 1567
37 58 336
37 59 2846
37 60 1615
37 61 384
37 62 2894
37 63 1663
37 64 432
37 65 2942
37 66 1711
37 67 480
37 68 2918
38 0 504
38 1 1877
38 2 979
38 3 154
38 4 2228
38 5 1472
38 6 1608
38 7 636
38 8 1945
38 9 1802
38 10 2002
38 11 1516
38 12 1643
38 13 1873
38 14 384
38 15 1615
38 16 2846
38 17 336
38 18 1567
38 19 2798
38 20 288
38 21 1519
38 22 2750
38 23 240
38 24 1471
38 25 2702
38 26 192
38 27 1423
38 28 2654
38 29 144
38 30 1375
38 31 2606
38 32 96
38 33 1327
38 34 2558
38 35 48
38 36 1279
38 37 2510
38 38 0
38 39 1231
38 40 2462
38 41 48
38 42 1279
38 43 2510
38 44 96
38 45 1327
38 46 2558
38 47 144
38 48 1375
38 49 2606
38 50 192
38 51 1423
38 52 2654
38 53 240
38 54 1471
38 55 2702
38 56 288
38 57 1519
38 58 2750
38 59 336
38 60 1567
38 61 2798
38 62 384
38 63 1615
38 64 2846
38 65 432
38 66 1663
38 67 2894
38 68 504
39 0 1735
39 1 646
39 2 732
39 3 1077
39 4 997
39 5 241
39 6 377
39 7 883
39 8 714
39 9 571
39 10 771
39 11 285
39 12 412
39 13 642
39 14 1615
39 15 384
39 16 1615
39 17 1567
39 18 336
39 19 1567
39 20 1519
39 21 288
39 22 1519
39 23 1471
39 24 240
39 25 1471
39 26 1423
39 27 192
39 28 1423
39 29 1375
39 30 144
39 31 1375
39 32 1327
39 33 96
39 34 1327
39 35 1279
39 36 48
39 37 1279
39 38 1231
39 39 0
39 40 1231
39 41 1279
39 42 48
39 43 1279
39 44 1327
39 45 96
39 46 1327
39 47 1375
39 48 144
39 49 1375
39 50 1423
39 51 192
39 52 1423
39 53 1471
39 54 240
39 55 1471
39 56 1519
39 57 288
39 58 1519
39 59 1567
39 60 336
39 61 1567
39 62 1615
39 63 384
39 64 1615
39 65 1663
39 66 432
39 67 1663
39 68 1735
40 0 2966
40 1 1257
40 2 1963
40 3 2308
40 4 906
40 5 1086
40 6 1430
40 7 2114
40 8 805
40 9 948
40 10 940
40 11 1234
40 12 1491
40 13 1357
40 14 2846
40 15 1615
40 16 384
40 17 2798
40 18 1567
40 19 336
40 20 2750
40 21 1519
40 22 288
40 23 2702
40 24 1471
40 25 240
40 26 2654
40 27 1423
40 28 192
40 29 2606
40 30 1375
40 31 144
40 32 2558
40 33 1327
40 34 96
40 35 2510
40 36 1279
40 37 48
40 38 2462
40 39 1231
40 40 0
40 41 2510
40 42 1279
40 43 48
40 44 2558
40 45 1327
40 46 96
40 47 2606
40 48 1375
40 49 144
40 50 2654
40 51 1423
40 52 192
40 53 2702
40 54 1471
40 55 240
40 56 2750
40 57 1519
40 58 288
40 59 2798
40 60 1567
40 61 336
40 62 2846
40 63 1615
40 64 384
40 65 2894
40 66 1663
40 67 432
40 68 2966
41 0 552
41 1 1829
41 2 1027
41 3 202
41 4 2276
41 5 1424
41 6 1656
41 7 684
41 8 1993
41 9 1850
41 10 2050
41 11 1564
41 12 1595
41 13 1921
41 14 432
41 15 1663
41 16 2894
41 17 384
41 18 1615
41 19 2846
41 20 336
41 21 1567
41 22 2798
41 23 288
41 24 1519
41 25 2750
41 26 240
41 27 1471
41 28 2702
41 29 192
41 30 1423
41 31 2654
41 32 144
41 33 1375
41 34 2606
41 35 96
41 36 1327
41 37 2558
41 38 48
41 39 1279
41 40 2510
41 41 0
41 42 1231
41 43 2462
41 44 48
41 45 1279
41 46 2510
41 47 96
41 48 1327
41 49 2558
41 50 144
41 51 1375
41 52 2606
41 53 192
41 54 1423
41 55 2654
41 56 240
41 57 1471
41 58 2702
41 59 288
41 60 1519
41 61 2750
41 62 336
41 63 1567
41 64 2798
41 65 384
41 66 1615
41 67 2846
41 68 552
42 0 1783
42 1 598
42 2 780
42 3 1125
42 4 1045
42 5 193
42 6 425
42 7 931
42 8 762
42 9 619
42 10 819
42 11 333
42 12 364
42 13 690
42 14 1663
42 15 432
42 16 1663
42 17 1615
42 18 384
42 19 1615
42 20 1567
42 21 336
42 22 1567
42 23 1519
42 24 288
42 25 1519
42 26 1471
42 27 240
42 28 1471
42 29 1423
42 30 192
42 31 1423
42 32 1375
42 33 144
42 34 1375
42 35 1327
42 36 96
42 37 1327
42 38 1279
42 39 48
42 40 1279
42 41 1231
42 42 0
42 43 1231
42 44 1279
42 45 48
42 46 1279
42 47 1327
42 48 96
42 49 1327
42 50 1375
42 51 144
42 52 1375
42 53 1423
42 54 192
42 55 1423
42 56 1471
42 57 240
42 58 1471
42 59 1519
42 60 288
42 61 1519
42 62 1567
42 63 336
42 64 1567
42 65 1615
42 66 384
42 67 1615
42 68 1783
43 0 3014
43 1 1209
43 2 2011
43 3 2356
43 4 954
43 5 1038
43 6 1478
43 7 2162
43 8 853
43 9 996
43 10 988
43 11 1282
43 12 1443
43 13 1405
43 14 2894
43 15 1663
43 16 432
43 17 2846
43 18 1615
43 19 384
43 20 2798
43 21 1567
43 22 336
43 23 2750
43 24 1519
43 25 288
43 26 2702
43 27 1471
43 28 240
43 29 2654
43 30 1423
43 31 192
43 32 2606
43 33 1375
43 34 144
43 35 2558
43 36 1327
43 37 96
43 38 2510
43 39 1279
43 40 48
43 41 2462
43 42 1231
43 43 0
43 44 2510
43 45 1279
43 46 48
43 47 2558
43 48 1327
43 49 96
43 50 2606
43 51 1375
43 52 144
43 53 2654
43 54 1423
43 55 192
43 56 2702
43 57 1471
43 58 240
43 59 2750
43 60 1519
43 61 288
43 62 2798
43 63 1567
43 64 336
43 65 2846
43 66 1615
43 67 384
43 68 3014
44 0 600
44 1 1781
44 2 1075
44 3 250
44 4 2324
44 5 1472
44 6 1704
44 7 732
44 8 2041
44 9 1898
44 10 2098
44 11 1612
44 12 1547
44 13 1969
44 14 480
44 15 1711
44 16 2942
44 17 432
44 18 1663
44 19 2894
44 20 384
44 21 1615
44 22 2846
44 23 336
44 24 1567
44 25 2798
44 26 288
44 27 1519
44 28 2750
44 29 240
44 30 1471
44 31 2702
44 32 192
44 33 1423
44 34 2654
44 35 144
44 36 1375
44 37 2606
44 38 96
44 39 1327
44 40 2558
44 41 48
44 42 1279
44 43 2510
44 44 0
44 45 1231
44 46 2462
44 47 48
44 48 1279
44 49 2510
44 50 96
44 51 1327
44 52 2558
44 53 144
44 54 1375
44 55 2606
44 56 192
44 57 1423
44 58 2654
44 59 240
44 60 1471
44 61 2702
44 62 288
44 63 1519
44 64 2750
44 65 336
44 66 1567
44 67 2798
44 68 600
45 0 1831
45 1 550
45 2 828
45 3 1173
45 4 1093
45 5 241
45 6 473
45 7 979
45 8 810
45 9 667
45 10 867
45 11 381
45 12 316
45 13 738
45 14 1711
45 15 480
45 16 1711
45 17 1663
45 18 432
45 19 1663
45 20 1615
45 21 384
45 22 1615
45 23 1567
45 24 336
45 25 1567
45 26 1519
45 27 288
45 28 1519
45 29 1471
45 30 240
45 31 1471
45 32 1423
45 33 192
45 34 1423
45 35 1375
45 36 144
45 37 1375
45 38 1327
45 39 96
45 40 1327
45 41 1279
45 42 48
45 43 1279
45 44 1231
45 45 0
45 46 1231
45 47 1279
45 48 48
45 49 1279
45 50 1327
45 51 96
45 52 1327
45 53 1375
45 54 144
45 55 1375
45 56 1423
45 57 192
45 58 1423
45 59 1471
45 60 240
45 61 1471
45 62 1519
45 63 288
45 64 1519
45 65 1567
45 66 336
45 67 1567
45 68 1831
46 0 3062
46 1 1161
46 2 2059
46 3 2404
46 4 1002
46 5 1086
46 6 1526
46 7 2210
46 8 901
46 9 1044
46 10 1036
46 11 1330
46 12 1395
46 13 1453
46 14 2942
46 15 1711
46 16 480
46 17 2894
46 18 1663
46 19 432
46 20 2846
46 21 1615
46 22 384
46 23 2798
46 24 1567
46 25 336
46 26 2750
46 27 1519
46 28 288
46 29 2702
46 30 1471
46 31 240
46 32 2654
46 33 1423
46 34 192
46 35 2606
46 36 1375
46 37 144
46 38 2558
46 39 1327
46 40 96
46 41 2510
46 42 1279
46 43 48
46 44 2462
46 45 1231
46 46 0
46 47 2510
46 48 1279
46 49 48
46 50 2558
46 51 1327
46 52 96
46 53 2606
46 54 1375
46 55 144
46 56 2654
46 57 1423
46 58 192
46 59 2702
46 60 1471
46 61 240
46 62 2750
46 63 1519
46 64 288
46 65 2798
46 66 1567
46 67 336
46 68 3062
47 0 648
47 1 1733
47 2 1123
47 3 298
47 4 2372
47 5 1520
47 6 1752
47 7 780
47 8 2089
47 9 1946
47 10 2146
47 11 1660
47 12 1499
47 13 2017
47 14 528
47 15 1759
47 16 2990
47 17 480
47 18 1711
47 19 2942
47 20 432
47 21 1663
47 22 2894
47 23 384
47 24 1615
47 25 2846
47 26 336
47 27 1567
47 28 2798
47 29 288
47 30 1519
47 31 2750
47 32 240
47 33 1471
47 34 2702
47 35 192
47 36 1423
47 37 2654
47 38 144
47 39 1375
47 40 2606
47 41 96
47 42 1327
47 43 2558
47 44 48
47 45 1279
47 46 2510
47 47 0
47 48 1231
47 49 2462
47 50 48
47 51 1279
47 52 2510
47 53 96
47 54 1327
47 55 2558
47 56 144
47 57 1375
47 58 2606
47 59 192
47 60 1423
47 61 2654
47 62 240
47 63 1471
47 64 2702
47 65 288
47 66 1519
47 67 2750
47 68 648
48 0 1879
48 1 502
48 2 876
48 3 1221
48 4 1141
48 5 289
48 6 521
48 7 1027
48 8 858
48 9 715
48 10 915
48 11 429
48 12 268
48 13 786
48 14 1759
48 15 528
48 16 1759
48 17 1711
48 18 480
48 19 1711
48 20 1663
48 21 432
48 22 1663
48 23 1615
48 24 384
48 25 1615
48 26 1567
48 27 336
48 28 1567
48 29 1519
48 30 288
48 31 1519
48 32 1471
48 33 240
48 34 1471
48 35 1423
48 36 192
48 37 1423
48 38 1375
48 39 144
48 40 1375
48 41 1327
48 42 96
48 43 1327
48 44 1279
48 45 48
48 46 1279
48 47 1231
48 48 0
48 49 1231
48 50 1279
48 51 48
48 52 1279
48 53 1327
48 54 96
48 55 1327
48 56 1375
48 57 144
48 58 1375
48 59 1423
48 60 192
48 61 1423
48 62 1471
48 63 240
48 64 1471
48 65 1519
48 66 288
48 67 1519
48 68 1879
49 0 3110
49 1 1113
49 2 2107
49 3 2452
49 4 1050
49 5 1134
49 6 1574
49 7 2258
49 8 949
49 9 1092
49 10 1084
49 11 1378
49 12 1347
49 13 1501
49 14 2990
49 15 1759
49 16 528
49 17 2942
49 18 1711
49 19 480
49 20 2894
49 21 1663
49 22 432
49 23 2846
49 24 1615
49 25 384
49 26 2798
49 27 1567
49 28 336
49 29 2750
49 30 1519
49 31 288
49 32 2702
49 33 1471
49 34 240
49 35 2654
49 36 1423
49 37 192
49 38 2606
49 39 1375
49 40 144
49 41 2558
49 42 1327
49 43 96
49 44 2510
49 45 1279
49 46 48
49 47 2462
49 48 1231
49 49 0
49 50 2510
49 51 1279
49 52 48
49 53 2558
49 54 1327
49 55 96
49 56 2606
49 57 1375
49 58 144
49 59 2654
49 60 1423
49 61 192
49 62 2702
49 63 1471
49 64 240
49 65 2750
49 66 1519
49 67 288
49 68 3110
50 0 696
50 1 1685
50 2 1171
50 3 346
50 4 2420
50 5 1568
50 6 1800
50 7 828
50 8 2137
50 9 1994
50 10 2194
50 11 1708
50 12 1451
50 13 2065
50 14 576
50 15 1807
50 16 3038
50 17 528
50 18 1759
50 19 2990
50 20 480
50 21 1711
50 22 2942
50 23 432
50 24 1663
50 25 2894
50 26 384
50 27 1615
50 28 2846
50 29 336
50 30 1567
50 31 2798
50 32 288
50 33 1519
50 34 2750
50 35 240
50 36 1471
50 37 2702
50 38 192
50 39 1423
50 40 2654
50 41 144
50 42 1375
50 43 2606
50 44 96
50 45 1327
50 46 2558
50 47 48
50 48 1279
50 49 2510
50 50 0
50 51 1231
50 52 2462
50 53 48
50 54 1279
50 55 2510
50 56 96
50 57 1327
50 58 2558
50 59 144
50 60 1375
50 61 2606
50 62 192
50 63 1423
50 64 2654
50 65 240
50 66 1471
50 67 2702
50 68 696
51 0 1927
51 1 454
51 2 924
51 3 1269
51 4 1189
51 5 337
51 6 569
51 7 1075
51 8 906
51 9 763
51 10 963
51 11 477
51 12 220
51 13 834
51 14 1807
51 15 576
51 16 1807
51 17 1759
51 18 528
51 19 1759
51 20 1711
51 21 480
51 22 1711
51 23 1663
51 24 432
51 25 1663
51 26 1615
51 27 384
51 28 1615
51 29 1567
51 30 336
51 31 1567
51 32 1519
51 33 288
51 34 1519
51 35 1471
51 36 240
51 37 1471
51 38 1423
51 39 192
51 40 1423
51 41 1375
51 42 144
51 43 1375
51 44 1327
51 45 96
51 46 1327
51 47 1279
51 48 48
51 49 1279
51 50 1231
51 51 0
51 52 1231
51 53 1279
51 54 48
51 55 1279
51 56 1327
51 57 96
51 58 1327
51 59 1375
51 60 144
51 61 1375
51 62 1423
51 63 192
51 64 1423
51 65 1471
51 66 240
51 67 1471
51 68 1927
52 0 3158
52 1 1065
52 2 2155
52 3 2500
52 4 1098
52 5 1182
52 6 1622
52 7 2306
52 8 997
52 9 1140
52 10 1132
52 11 1426
52 12 1299
52 13 1549
52 14 3038
52 15 1807
52 16 576
52 17 2990
52 18 1759
52 19 528
52 20 2942
52 21 1711
52 22 480
52 23 2894
52 24 1663
52 25 432
52 26 2846
52 27 1615
52 28 384
52 29 2798
52 30 1567
52 31 336
52 32 2750
52 33 1519
52 34 288
52 35 2702
52 36 1471
52 37 240
52 38 2654
52 39 1423
52 40 192
52 41 2606
52 42 1375
52 43 144
52 44 2558
52 45 1327
52 46 96
52 47 2510
52 48 1279
52 49 48
52 50 2462
52 51 1231
52 52 0
52 53 2510
52 54 1279
52 55 48
52 56 2558
52 57 1327
52 58 96
52 59 2606
52 60 1375
52 61 144
52 62 2654
52 63 1423
52 64 192
52 65 2702
52 66 1471
