//alpha
1
//NbLocations
56
//NbProducts
19
//NbPickers
2
//CapaPicker
12
//TimeToTravelOneDistanceUnit
3
//SetupTime
5400
//PickTime
300
//Products
//Idx Location Size
1 1 1
2 2 1
3 3 1
4 4 1
5 5 1
6 6 1
7 7 1
8 8 1
9 9 1
10 10 1
11 11 1
12 12 1
13 13 1
14 14 1
15 15 1
16 16 1
17 17 1
18 18 1
19 19 1
//Orders
//NbOrders
6
//Idx DueDate TardinessPenalty NbProdInOrder ProdIdx1 Qty1 ProdIdx2 Qty2 ...
1 36000 0 7 1 1 2 1 3 1 4 1 5 1 6 1 7 1
2 144000 0 1 8 1
3 126000 0 1 9 1
4 90000 0 5 10 1 11 1 12 1 13 1 14 1
5 90000 0 4 15 1 16 1 17 1 18 1
6 90000 0 1 19 1
//Graph (Products are vertices indexed from 1 to NbProducts)
//NbVerticesIntersections
36
//DepartingDepot
0
//ArrivalDepot
56
//Arcs
//Start End Distance
0 20 120
1 10 78
1 30 63
2 17 208
2 38 63
3 15 156
3 36 115
4 18 520
4 21 167
5 9 481
5 26 232
6 17 507
6 39 63
7 12 91
7 40 180
8 33 193
8 34 648
9 5 481
9 27 128
10 1 78
10 31 700
11 51 193
11 52 648
12 7 91
12 39 570
13 47 531
13 48 310
14 41 232
14 42 609
15 3 156
15 37 570
16 42 622
16 43 219
17 2 208
17 6 507
18 4 520
18 20 154
19 21 206
19 22 635
20 18 154
20 23 48
20 56 120
21 4 167
21 19 206
21 24 48
22 19 635
22 25 48
23 20 48
23 24 841
23 26 48
24 21 48
24 23 841
24 25 841
24 27 48
25 22 48
25 24 841
25 28 48
26 5 232
26 23 48
26 29 48
27 9 128
27 24 48
27 28 841
27 30 48
28 25 48
28 27 841
28 31 48
29 26 48
29 30 841
29 32 48
30 1 63
30 27 48
30 29 841
30 33 48
31 10 700
31 28 48
31 34 48
32 29 48
32 33 841
32 35 48
33 8 193
33 30 48
33 32 841
33 36 48
34 8 648
34 31 48
34 37 48
35 32 48
35 36 841
35 38 48
36 3 115
36 33 48
36 35 841
36 39 48
37 15 570
37 34 48
37 40 48
38 2 63
38 35 48
38 41 48
39 6 63
39 12 570
39 36 48
39 42 48
40 7 180
40 37 48
40 43 48
41 14 232
41 38 48
41 44 48
42 14 609
42 16 622
42 39 48
42 45 48
43 16 219
43 40 48
43 46 48
44 41 48
44 45 841
44 47 48
45 42 48
45 44 841
45 46 841
45 48 48
46 43 48
46 45 841
46 49 48
47 13 531
47 44 48
47 50 48
48 13 310
48 45 48
48 49 841
48 51 48
49 46 48
49 48 841
49 52 48
50 47 48
50 51 841
50 53 48
51 11 193
51 48 48
51 50 841
51 54 48
52 11 648
52 49 48
52 55 48
53 50 48
53 54 841
54 51 48
54 53 841
54 55 841
55 52 48
55 54 841
//LocStart LocEnd ShortestPath
0 0 0
0 1 1168
0 2 471
0 3 1316
0 4 794
0 5 448
0 6 1186
0 7 1910
0 8 1346
0 9 929
0 10 1246
0 11 1634
0 12 1819
0 13 1083
0 14 688
0 15 1472
0 16 1919
0 17 679
0 18 274
0 19 1167
0 20 120
0 21 961
0 22 1802
0 23 168
0 24 1009
0 25 1850
0 26 216
0 27 1057
0 28 1898
0 29 264
0 30 1105
0 31 1946
0 32 312
0 33 1153
0 34 1994
0 35 360
0 36 1201
0 37 2042
0 38 408
0 39 1249
0 40 2090
0 41 456
0 42 1297
0 43 2138
0 44 504
0 45 1345
0 46 2186
0 47 552
0 48 1393
0 49 2234
0 50 600
0 51 1441
0 52 2282
0 53 648
0 54 1489
0 55 2330
0 56 0
1 0 1168
1 1 0
1 2 985
1 3 274
1 4 374
1 5 720
1 6 270
1 7 868
1 8 304
1 9 239
1 10 78
1 11 592
1 12 777
1 13 661
1 14 864
1 15 430
1 16 877
1 17 777
1 18 894
1 19 413
1 20 1048
1 21 207
1 22 922
1 23 1000
1 24 159
1 25 874
1 26 952
1 27 111
1 28 826
1 29 904
1 30 63
1 31 778
1 32 952
1 33 111
1 34 826
1 35 1000
1 36 159
1 37 874
1 38 1048
1 39 207
1 40 922
1 41 1096
1 42 255
1 43 970
1 44 1144
1 45 303
1 46 1018
1 47 1192
1 48 351
1 49 1066
1 50 1240
1 51 399
1 52 1114
1 53 1288
1 54 447
1 55 1162
1 56 1168
2 0 471
2 1 985
2 2 0
2 3 941
2 4 1025
2 5 487
2 6 715
2 7 1439
2 8 1067
2 9 968
2 10 1063
2 11 1163
2 12 1348
2 13 738
2 14 343
2 15 1097
2 16 1448
2 17 208
2 18 505
2 19 1272
2 20 351
2 21 1066
2 22 1907
2 23 303
2 24 1018
2 25 1859
2 26 255
2 27 970
2 28 1811
2 29 207
2 30 922
2 31 1763
2 32 159
2 33 874
2 34 1715
2 35 111
2 36 826
2 37 1667
2 38 63
2 39 778
2 40 1619
2 41 111
2 42 826
2 43 1667
2 44 159
2 45 874
2 46 1715
2 47 207
2 48 922
2 49 1763
2 50 255
2 51 970
2 52 1811
2 53 303
2 54 1018
2 55 1859
2 56 471
3 0 1316
3 1 274
3 2 941
3 3 0
3 4 522
3 5 868
3 6 226
3 7 824
3 8 356
3 9 387
3 10 352
3 11 548
3 12 733
3 13 617
3 14 820
3 15 156
3 16 833
3 17 733
3 18 1042
3 19 561
3 20 1196
3 21 355
3 22 966
3 23 1148
3 24 307
3 25 918
3 26 1100
3 27 259
3 28 870
3 29 1052
3 30 211
3 31 822
3 32 1004
3 33 163
3 34 774
3 35 956
3 36 115
3 37 726
3 38 1004
3 39 163
3 40 774
3 41 1052
3 42 211
3 43 822
3 44 1100
3 45 259
3 46 870
3 47 1148
3 48 307
3 49 918
3 50 1196
3 51 355
3 52 966
3 53 1244
3 54 403
3 55 1014
3 56 1316
4 0 794
4 1 374
4 2 1025
4 3 522
4 4 0
4 5 872
4 6 518
4 7 1116
4 8 552
4 9 391
4 10 452
4 11 840
4 12 1025
4 13 909
4 14 1112
4 15 678
4 16 1125
4 17 1025
4 18 520
4 19 373
4 20 674
4 21 167
4 22 1008
4 23 722
4 24 215
4 25 1056
4 26 770
4 27 263
4 28 1104
4 29 818
4 30 311
4 31 1152
4 32 866
4 33 359
4 34 1200
4 35 914
4 36 407
4 37 1248
4 38 962
4 39 455
4 40 1296
4 41 1010
4 42 503
4 43 1344
4 44 1058
4 45 551
4 46 1392
4 47 1106
4 48 599
4 49 1440
4 50 1154
4 51 647
4 52 1488
4 53 1202
4 54 695
4 55 1536
4 56 794
5 0 448
5 1 720
5 2 487
5 3 868
5 4 872
5 5 0
5 6 864
5 7 1462
5 8 898
5 9 481
5 10 798
5 11 1186
5 12 1371
5 13 1099
5 14 704
5 15 1024
5 16 1471
5 17 695
5 18 482
5 19 911
5 20 328
5 21 705
5 22 1546
5 23 280
5 24 657
5 25 1498
5 26 232
5 27 609
5 28 1450
5 29 280
5 30 657
5 31 1498
5 32 328
5 33 705
5 34 1546
5 35 376
5 36 753
5 37 1594
5 38 424
5 39 801
5 40 1642
5 41 472
5 42 849
5 43 1690
5 44 520
5 45 897
5 46 1738
5 47 568
5 48 945
5 49 1786
5 50 616
5 51 993
5 52 1834
5 53 664
5 54 1041
5 55 1882
5 56 448
6 0 1186
6 1 270
6 2 715
6 3 226
6 4 518
6 5 864
6 6 0
6 7 724
6 8 352
6 9 383
6 10 348
6 11 448
6 12 633
6 13 517
6 14 720
6 15 382
6 16 733
6 17 507
6 18 1038
6 19 557
6 20 1066
6 21 351
6 22 1192
6 23 1018
6 24 303
6 25 1144
6 26 970
6 27 255
6 28 1096
6 29 922
6 30 207
6 31 1048
6 32 874
6 33 159
6 34 1000
6 35 826
6 36 111
6 37 952
6 38 778
6 39 63
6 40 904
6 41 826
6 42 111
6 43 952
6 44 874
6 45 159
6 46 1000
6 47 922
6 48 207
6 49 1048
6 50 970
6 51 255
6 52 1096
6 53 1018
6 54 303
6 55 1144
6 56 1186
7 0 1910
7 1 868
7 2 1439
7 3 824
7 4 1116
7 5 1462
7 6 724
7 7 0
7 8 924
7 9 981
7 10 946
7 11 1020
7 12 91
7 13 1115
7 14 1318
7 15 798
7 16 447
7 17 1231
7 18 1636
7 19 1103
7 20 1790
7 21 949
7 22 468
7 23 1742
7 24 901
7 25 420
7 26 1694
7 27 853
7 28 372
7 29 1646
7 30 805
7 31 324
7 32 1598
7 33 757
7 34 276
7 35 1550
7 36 709
7 37 228
7 38 1502
7 39 661
7 40 180
7 41 1550
7 42 709
7 43 228
7 44 1598
7 45 757
7 46 276
7 47 1646
7 48 805
7 49 324
7 50 1694
7 51 853
7 52 372
7 53 1742
7 54 901
7 55 420
7 56 1910
8 0 1346
8 1 304
8 2 1067
8 3 356
8 4 552
8 5 898
8 6 352
8 7 924
8 8 0
8 9 417
8 10 382
8 11 674
8 12 859
8 13 743
8 14 946
8 15 512
8 16 959
8 17 859
8 18 1072
8 19 591
8 20 1226
8 21 385
8 22 840
8 23 1178
8 24 337
8 25 792
8 26 1130
8 27 289
8 28 744
8 29 1082
8 30 241
8 31 696
8 32 1034
8 33 193
8 34 648
8 35 1082
8 36 241
8 37 696
8 38 1130
8 39 289
8 40 744
8 41 1178
8 42 337
8 43 792
8 44 1226
8 45 385
8 46 840
8 47 1274
8 48 433
8 49 888
8 50 1322
8 51 481
8 52 936
8 53 1370
8 54 529
8 55 984
8 56 1346
9 0 929
9 1 239
9 2 968
9 3 387
9 4 391
9 5 481
9 6 383
9 7 981
9 8 417
9 9 0
9 10 317
9 11 705
9 12 890
9 13 774
9 14 977
9 15 543
9 16 990
9 17 890
9 18 911
9 19 430
9 20 809
9 21 224
9 22 1065
9 23 761
9 24 176
9 25 1017
9 26 713
9 27 128
9 28 969
9 29 761
9 30 176
9 31 1017
9 32 809
9 33 224
9 34 1065
9 35 857
9 36 272
9 37 1113
9 38 905
9 39 320
9 40 1161
9 41 953
9 42 368
9 43 1209
9 44 1001
9 45 416
9 46 1257
9 47 1049
9 48 464
9 49 1305
9 50 1097
9 51 512
9 52 1353
9 53 1145
9 54 560
9 55 1401
9 56 929
10 0 1246
10 1 78
10 2 1063
10 3 352
10 4 452
10 5 798
10 6 348
10 7 946
10 8 382
10 9 317
10 10 0
10 11 670
10 12 855
10 13 739
10 14 942
10 15 508
10 16 955
10 17 855
10 18 972
10 19 491
10 20 1126
10 21 285
10 22 844
10 23 1078
10 24 237
10 25 796
10 26 1030
10 27 189
10 28 748
10 29 982
10 30 141
10 31 700
10 32 1030
10 33 189
10 34 748
10 35 1078
10 36 237
10 37 796
10 38 1126
10 39 285
10 40 844
10 41 1174
10 42 333
10 43 892
10 44 1222
10 45 381
10 46 940
10 47 1270
10 48 429
10 49 988
10 50 1318
10 51 477
10 52 1036
10 53 1366
10 54 525
10 55 1084
10 56 1246
11 0 1634
11 1 592
11 2 1163
11 3 548
11 4 840
11 5 1186
11 6 448
11 7 1020
11 8 674
11 9 705
11 10 670
11 11 0
11 12 955
11 13 551
11 14 946
11 15 704
11 16 959
11 17 955
11 18 1360
11 19 879
11 20 1514
11 21 673
11 22 1128
11 23 1466
11 24 625
11 25 1080
11 26 1418
11 27 577
11 28 1032
11 29 1370
11 30 529
11 31 984
11 32 1322
11 33 481
11 34 936
11 35 1274
11 36 433
11 37 888
11 38 1226
11 39 385
11 40 840
11 41 1178
11 42 337
11 43 792
11 44 1130
11 45 289
11 46 744
11 47 1082
11 48 241
11 49 696
11 50 1034
11 51 193
11 52 648
11 53 1082
11 54 241
11 55 696
11 56 1634
12 0 1819
12 1 777
12 2 1348
12 3 733
12 4 1025
12 5 1371
12 6 633
12 7 91
12 8 859
12 9 890
12 10 855
12 11 955
12 12 0
12 13 1024
12 14 1227
12 15 889
12 16 538
12 17 1140
12 18 1545
12 19 1064
12 20 1699
12 21 858
12 22 559
12 23 1651
12 24 810
12 25 511
12 26 1603
12 27 762
12 28 463
12 29 1555
12 30 714
12 31 415
12 32 1507
12 33 666
12 34 367
12 35 1459
12 36 618
12 37 319
12 38 1411
12 39 570
12 40 271
12 41 1459
12 42 618
12 43 319
12 44 1507
12 45 666
12 46 367
12 47 1555
12 48 714
12 49 415
12 50 1603
12 51 762
12 52 463
12 53 1651
12 54 810
12 55 511
12 56 1819
13 0 1083
13 1 661
13 2 738
13 3 617
13 4 909
13 5 1099
13 6 517
13 7 1115
13 8 743
13 9 774
13 10 739
13 11 551
13 12 1024
13 13 0
13 14 859
13 15 773
13 16 1028
13 17 946
13 18 1117
13 19 948
13 20 963
13 21 742
13 22 1583
13 23 915
13 24 694
13 25 1535
13 26 867
13 27 646
13 28 1487
13 29 819
13 30 598
13 31 1439
13 32 771
13 33 550
13 34 1391
13 35 723
13 36 502
13 37 1343
13 38 675
13 39 454
13 40 1295
13 41 627
13 42 406
13 43 1247
13 44 579
13 45 358
13 46 1199
13 47 531
13 48 310
13 49 1151
13 50 579
13 51 358
13 52 1199
13 53 627
13 54 406
13 55 1247
13 56 1083
14 0 688
14 1 864
14 2 343
14 3 820
14 4 1112
14 5 704
14 6 720
14 7 1318
14 8 946
14 9 977
14 10 942
14 11 946
14 12 1227
14 13 859
14 14 0
14 15 976
14 16 1231
14 17 551
14 18 722
14 19 1151
14 20 568
14 21 945
14 22 1786
14 23 520
14 24 897
14 25 1738
14 26 472
14 27 849
14 28 1690
14 29 424
14 30 801
14 31 1642
14 32 376
14 33 753
14 34 1594
14 35 328
14 36 705
14 37 1546
14 38 280
14 39 657
14 40 1498
14 41 232
14 42 609
14 43 1450
14 44 280
14 45 657
14 46 1498
14 47 328
14 48 705
14 49 1546
14 50 376
14 51 753
14 52 1594
14 53 424
14 54 801
14 55 1642
14 56 688
15 0 1472
15 1 430
15 2 1097
15 3 156
15 4 678
15 5 1024
15 6 382
15 7 798
15 8 512
15 9 543
15 10 508
15 11 704
15 12 889
15 13 773
15 14 976
15 15 0
15 16 885
15 17 889
15 18 1198
15 19 717
15 20 1352
15 21 511
15 22 810
15 23 1304
15 24 463
15 25 762
15 26 1256
15 27 415
15 28 714
15 29 1208
15 30 367
15 31 666
15 32 1160
15 33 319
15 34 618
15 35 1112
15 36 271
15 37 570
15 38 1160
15 39 319
15 40 618
15 41 1208
15 42 367
15 43 666
15 44 1256
15 45 415
15 46 714
15 47 1304
15 48 463
15 49 762
15 50 1352
15 51 511
15 52 810
15 53 1400
15 54 559
15 55 858
15 56 1472
16 0 1919
16 1 877
16 2 1448
16 3 833
16 4 1125
16 5 1471
16 6 733
16 7 447
16 8 959
16 9 990
16 10 955
16 11 959
16 12 538
16 13 1028
16 14 1231
16 15 885
16 16 0
16 17 1240
16 18 1645
16 19 1164
16 20 1799
16 21 958
16 22 555
16 23 1751
16 24 910
16 25 507
16 26 1703
16 27 862
16 28 459
16 29 1655
16 30 814
16 31 411
16 32 1607
16 33 766
16 34 363
16 35 1559
16 36 718
16 37 315
16 38 1511
16 39 670
16 40 267
16 41 1463
16 42 622
16 43 219
16 44 1511
16 45 670
16 46 267
16 47 1559
16 48 718
16 49 315
16 50 1607
16 51 766
16 52 363
16 53 1655
16 54 814
16 55 411
16 56 1919
17 0 679
17 1 777
17 2 208
17 3 733
17 4 1025
17 5 695
17 6 507
17 7 1231
17 8 859
17 9 890
17 10 855
17 11 955
17 12 1140
17 13 946
17 14 551
17 15 889
17 16 1240
17 17 0
17 18 713
17 19 1064
17 20 559
17 21 858
17 22 1699
17 23 511
17 24 810
17 25 1651
17 26 463
17 27 762
17 28 1603
17 29 415
17 30 714
17 31 1555
17 32 367
17 33 666
17 34 1507
17 35 319
17 36 618
17 37 1459
17 38 271
17 39 570
17 40 1411
17 41 319
17 42 618
17 43 1459
17 44 367
17 45 666
17 46 1507
17 47 415
17 48 714
17 49 1555
17 50 463
17 51 762
17 52 1603
17 53 511
17 54 810
17 55 1651
17 56 679
18 0 274
18 1 894
18 2 505
18 3 1042
18 4 520
18 5 482
18 6 1038
18 7 1636
18 8 1072
18 9 911
18 10 972
18 11 1360
18 12 1545
18 13 1117
18 14 722
18 15 1198
18 16 1645
18 17 713
18 18 0
18 19 893
18 20 154
18 21 687
18 22 1528
18 23 202
18 24 735
18 25 1576
18 26 250
18 27 783
18 28 1624
18 29 298
18 30 831
18 31 1672
18 32 346
18 33 879
18 34 1720
18 35 394
18 36 927
18 37 1768
18 38 442
18 39 975
18 40 1816
18 41 490
18 42 1023
18 43 1864
18 44 538
18 45 1071
18 46 1912
18 47 586
18 48 1119
18 49 1960
18 50 634
18 51 1167
18 52 2008
18 53 682
18 54 1215
18 55 2056
18 56 274
19 0 1167
19 1 413
19 2 1272
19 3 561
19 4 373
19 5 911
19 6 557
19 7 1103
19 8 591
19 9 430
19 10 491
19 11 879
19 12 1064
19 13 948
19 14 1151
19 15 717
19 16 1164
19 17 1064
19 18 893
19 19 0
19 20 1047
19 21 206
19 22 635
19 23 1095
19 24 254
19 25 683
19 26 1143
19 27 302
19 28 731
19 29 1191
19 30 350
19 31 779
19 32 1239
19 33 398
19 34 827
19 35 1287
19 36 446
19 37 875
19 38 1335
19 39 494
19 40 923
19 41 1383
19 42 542
19 43 971
19 44 1431
19 45 590
19 46 1019
19 47 1479
19 48 638
19 49 1067
19 50 1527
19 51 686
19 52 1115
19 53 1575
19 54 734
19 55 1163
19 56 1167
20 0 120
20 1 1048
20 2 351
20 3 1196
20 4 674
20 5 328
20 6 1066
20 7 1790
20 8 1226
20 9 809
20 10 1126
20 11 1514
20 12 1699
20 13 963
20 14 568
20 15 1352
20 16 1799
20 17 559
20 18 154
20 19 1047
20 20 0
20 21 841
20 22 1682
20 23 48
20 24 889
20 25 1730
20 26 96
20 27 937
20 28 1778
20 29 144
20 30 985
20 31 1826
20 32 192
20 33 1033
20 34 1874
20 35 240
20 36 1081
20 37 1922
20 38 288
20 39 1129
20 40 1970
20 41 336
20 42 1177
20 43 2018
20 44 384
20 45 1225
20 46 2066
20 47 432
20 48 1273
20 49 2114
20 50 480
20 51 1321
20 52 2162
20 53 528
20 54 1369
20 55 2210
20 56 120
21 0 961
21 1 207
21 2 1066
21 3 355
21 4 167
21 5 705
21 6 351
21 7 949
21 8 385
21 9 224
21 10 285
21 11 673
21 12 858
21 13 742
21 14 945
21 15 511
21 16 958
21 17 858
21 18 687
21 19 206
21 20 841
21 21 0
21 22 841
21 23 889
21 24 48
21 25 889
21 26 937
21 27 96
21 28 937
21 29 985
21 30 144
21 31 985
21 32 1033
21 33 192
21 34 1033
21 35 1081
21 36 240
21 37 1081
21 38 1129
21 39 288
21 40 1129
21 41 1177
21 42 336
21 43 1177
21 44 1225
21 45 384
21 46 1225
21 47 1273
21 48 432
21 49 1273
21 50 1321
21 51 480
21 52 1321
21 53 1369
21 54 528
21 55 1369
21 56 961
22 0 1802
22 1 922
22 2 1907
22 3 966
22 4 1008
22 5 1546
22 6 1192
22 7 468
22 8 840
22 9 1065
22 10 844
22 11 1128
22 12 559
22 13 1583
22 14 1786
22 15 810
22 16 555
22 17 1699
22 18 1528
22 19 635
22 20 1682
22 21 841
22 22 0
22 23 1730
22 24 889
22 25 48
22 26 1778
22 27 937
22 28 96
22 29 1826
22 30 985
22 31 144
22 32 1874
22 33 1033
22 34 192
22 35 1922
22 36 1081
22 37 240
22 38 1970
22 39 1129
22 40 288
22 41 2018
22 42 1177
22 43 336
22 44 2066
22 45 1225
22 46 384
22 47 2114
22 48 1273
22 49 432
22 50 2162
22 51 1321
22 52 480
22 53 2210
22 54 1369
22 55 528
22 56 1802
23 0 168
23 1 1000
23 2 303
23 3 1148
23 4 722
23 5 280
23 6 1018
23 7 1742
23 8 1178
23 9 761
23 10 1078
23 11 1466
23 12 1651
23 13 915
23 14 520
23 15 1304
23 16 1751
23 17 511
23 18 202
23 19 1095
23 20 48
23 21 889
23 22 1730
23 23 0
23 24 841
23 25 1682
23 26 48
23 27 889
23 28 1730
23 29 96
23 30 937
23 31 1778
23 32 144
23 33 985
23 34 1826
23 35 192
23 36 1033
23 37 1874
23 38 240
23 39 1081
23 40 1922
23 41 288
23 42 1129
23 43 1970
23 44 336
23 45 1177
23 46 2018
23 47 384
23 48 1225
23 49 2066
23 50 432
23 51 1273
23 52 2114
23 53 480
23 54 1321
23 55 2162
23 56 168
24 0 1009
24 1 159
24 2 1018
24 3 307
24 4 215
24 5 657
24 6 303
24 7 901
24 8 337
24 9 176
24 10 237
24 11 625
24 12 810
24 13 694
24 14 897
24 15 463
24 16 910
24 17 810
24 18 735
24 19 254
24 20 889
24 21 48
24 22 889
24 23 841
24 24 0
24 25 841
24 26 889
24 27 48
24 28 889
24 29 937
24 30 96
24 31 937
24 32 985
24 33 144
24 34 985
24 35 1033
24 36 192
24 37 1033
24 38 1081
24 39 240
24 40 1081
24 41 1129
24 42 288
24 43 1129
24 44 1177
24 45 336
24 46 1177
24 47 1225
24 48 384
24 49 1225
24 50 1273
24 51 432
24 52 1273
24 53 1321
24 54 480
24 55 1321
24 56 1009
25 0 1850
25 1 874
25 2 1859
25 3 918
25 4 1056
25 5 1498
25 6 1144
25 7 420
25 8 792
25 9 1017
25 10 796
25 11 1080
25 12 511
25 13 1535
25 14 1738
25 15 762
25 16 507
25 17 1651
25 18 1576
25 19 683
25 20 1730
25 21 889
25 22 48
25 23 1682
25 24 841
25 25 0
25 26 1730
25 27 889
25 28 48
25 29 1778
25 30 937
25 31 96
25 32 1826
25 33 985
25 34 144
25 35 1874
25 36 1033
25 37 192
25 38 1922
25 39 1081
25 40 240
25 41 1970
25 42 1129
25 43 288
25 44 2018
25 45 1177
25 46 336
25 47 2066
25 48 1225
25 49 384
25 50 2114
25 51 1273
25 52 432
25 53 2162
25 54 1321
25 55 480
25 56 1850
26 0 216
26 1 952
26 2 255
26 3 1100
26 4 770
26 5 232
26 6 970
26 7 1694
26 8 1130
26 9 713
26 10 1030
26 11 1418
26 12 1603
26 13 867
26 14 472
26 15 1256
26 16 1703
26 17 463
26 18 250
26 19 1143
26 20 96
26 21 937
26 22 1778
26 23 48
26 24 889
26 25 1730
26 26 0
26 27 841
26 28 1682
26 29 48
26 30 889
26 31 1730
26 32 96
26 33 937
26 34 1778
26 35 144
26 36 985
26 37 1826
26 38 192
26 39 1033
26 40 1874
26 41 240
26 42 1081
26 43 1922
26 44 288
26 45 1129
26 46 1970
26 47 336
26 48 1177
26 49 2018
26 50 384
26 51 1225
26 52 2066
26 53 432
26 54 1273
26 55 2114
26 56 216
27 0 1057
27 1 111
27 2 970
27 3 259
27 4 263
27 5 609
27 6 255
27 7 853
27 8 289
27 9 128
27 10 189
27 11 577
27 12 762
27 13 646
27 14 849
27 15 415
27 16 862
27 17 762
27 18 783
27 19 302
27 20 937
27 21 96
27 22 937
27 23 889
27 24 48
27 25 889
27 26 841
27 27 0
27 28 841
27 29 889
27 30 48
27 31 889
27 32 937
27 33 96
27 34 937
27 35 985
27 36 144
27 37 985
27 38 1033
27 39 192
27 40 1033
27 41 1081
27 42 240
27 43 1081
27 44 1129
27 45 288
27 46 1129
27 47 1177
27 48 336
27 49 1177
27 50 1225
27 51 384
27 52 1225
27 53 1273
27 54 432
27 55 1273
27 56 1057
28 0 1898
28 1 826
28 2 1811
28 3 870
28 4 1104
28 5 1450
28 6 1096
28 7 372
28 8 744
28 9 969
28 10 748
28 11 1032
28 12 463
28 13 1487
28 14 1690
28 15 714
28 16 459
28 17 1603
28 18 1624
28 19 731
28 20 1778
28 21 937
28 22 96
28 23 1730
28 24 889
28 25 48
28 26 1682
28 27 841
28 28 0
28 29 1730
28 30 889
28 31 48
28 32 1778
28 33 937
28 34 96
28 35 1826
28 36 985
28 37 144
28 38 1874
28 39 1033
28 40 192
28 41 1922
28 42 1081
28 43 240
28 44 1970
28 45 1129
28 46 288
28 47 2018
28 48 1177
28 49 336
28 50 2066
28 51 1225
28 52 384
28 53 2114
28 54 1273
28 55 432
28 56 1898
29 0 264
29 1 904
29 2 207
29 3 1052
29 4 818
29 5 280
29 6 922
29 7 1646
29 8 1082
29 9 761
29 10 982
29 11 1370
29 12 1555
29 13 819
29 14 424
29 15 1208
29 16 1655
29 17 415
29 18 298
29 19 1191
29 20 144
29 21 985
29 22 1826
29 23 96
29 24 937
29 25 1778
29 26 48
29 27 889
29 28 1730
29 29 0
29 30 841
29 31 1682
29 32 48
29 33 889
29 34 1730
29 35 96
29 36 937
29 37 1778
29 38 144
29 39 985
29 40 1826
29 41 192
29 42 1033
29 43 1874
29 44 240
29 45 1081
29 46 1922
29 47 288
29 48 1129
29 49 1970
29 50 336
29 51 1177
29 52 2018
29 53 384
29 54 1225
29 55 2066
29 56 264
30 0 1105
30 1 63
30 2 922
30 3 211
30 4 311
30 5 657
30 6 207
30 7 805
30 8 241
30 9 176
30 10 141
30 11 529
30 12 714
30 13 598
30 14 801
30 15 367
30 16 814
30 17 714
30 18 831
30 19 350
30 20 985
30 21 144
30 22 985
30 23 937
30 24 96
30 25 937
30 26 889
30 27 48
30 28 889
30 29 841
30 30 0
30 31 841
30 32 889
30 33 48
30 34 889
30 35 937
30 36 96
30 37 937
30 38 985
30 39 144
30 40 985
30 41 1033
30 42 192
30 43 1033
30 44 1081
30 45 240
30 46 1081
30 47 1129
30 48 288
30 49 1129
30 50 1177
30 51 336
30 52 1177
30 53 1225
30 54 384
30 55 1225
30 56 1105
31 0 1946
31 1 778
31 2 1763
31 3 822
31 4 1152
31 5 1498
31 6 1048
31 7 324
31 8 696
31 9 1017
31 10 700
31 11 984
31 12 415
31 13 1439
31 14 1642
31 15 666
31 16 411
31 17 1555
31 18 1672
31 19 779
31 20 1826
31 21 985
31 22 144
31 23 1778
31 24 937
31 25 96
31 26 1730
31 27 889
31 28 48
31 29 1682
31 30 841
31 31 0
31 32 1730
31 33 889
31 34 48
31 35 1778
31 36 937
31 37 96
31 38 1826
31 39 985
31 40 144
31 41 1874
31 42 1033
31 43 192
31 44 1922
31 45 1081
31 46 240
31 47 1970
31 48 1129
31 49 288
31 50 2018
31 51 1177
31 52 336
31 53 2066
31 54 1225
31 55 384
31 56 1946
32 0 312
32 1 952
32 2 159
32 3 1004
32 4 866
32 5 328
32 6 874
32 7 1598
32 8 1034
32 9 809
32 10 1030
32 11 1322
32 12 1507
32 13 771
32 14 376
32 15 1160
32 16 1607
32 17 367
32 18 346
32 19 1239
32 20 192
32 21 1033
32 22 1874
32 23 144
32 24 985
32 25 1826
32 26 96
32 27 937
32 28 1778
32 29 48
32 30 889
32 31 1730
32 32 0
32 33 841
32 34 1682
32 35 48
32 36 889
32 37 1730
32 38 96
32 39 937
32 40 1778
32 41 144
32 42 985
32 43 1826
32 44 192
32 45 1033
32 46 1874
32 47 240
32 48 1081
32 49 1922
32 50 288
32 51 1129
32 52 1970
32 53 336
32 54 1177
32 55 2018
32 56 312
33 0 1153
33 1 111
33 2 874
33 3 163
33 4 359
33 5 705
33 6 159
33 7 757
33 8 193
33 9 224
33 10 189
33 11 481
33 12 666
33 13 550
33 14 753
33 15 319
33 16 766
33 17 666
33 18 879
33 19 398
33 20 1033
33 21 192
33 22 1033
33 23 985
33 24 144
33 25 985
33 26 937
33 27 96
33 28 937
33 29 889
33 30 48
33 31 889
33 32 841
33 33 0
33 34 841
33 35 889
33 36 48
33 37 889
33 38 937
33 39 96
33 40 937
33 41 985
33 42 144
33 43 985
33 44 1033
33 45 192
33 46 1033
33 47 1081
33 48 240
33 49 1081
33 50 1129
33 51 288
33 52 1129
33 53 1177
33 54 336
33 55 1177
33 56 1153
34 0 1994
34 1 826
34 2 1715
34 3 774
34 4 1200
34 5 1546
34 6 1000
34 7 276
34 8 648
34 9 1065
34 10 748
34 11 936
34 12 367
34 13 1391
34 14 1594
34 15 618
34 16 363
34 17 1507
34 18 1720
34 19 827
34 20 1874
34 21 1033
34 22 192
34 23 1826
34 24 985
34 25 144
34 26 1778
34 27 937
34 28 96
34 29 1730
34 30 889
34 31 48
34 32 1682
34 33 841
34 34 0
34 35 1730
34 36 889
34 37 48
34 38 1778
34 39 937
34 40 96
34 41 1826
34 42 985
34 43 144
34 44 1874
34 45 1033
34 46 192
34 47 1922
34 48 1081
34 49 240
34 50 1970
34 51 1129
34 52 288
34 53 2018
34 54 1177
34 55 336
34 56 1994
35 0 360
35 1 1000
35 2 111
35 3 956
35 4 914
35 5 376
35 6 826
35 7 1550
35 8 1082
35 9 857
35 10 1078
35 11 1274
35 12 1459
35 13 723
35 14 328
35 15 1112
35 16 1559
35 17 319
35 18 394
35 19 1287
35 20 240
35 21 1081
35 22 1922
35 23 192
35 24 1033
35 25 1874
35 26 144
35 27 985
35 28 1826
35 29 96
35 30 937
35 31 1778
35 32 48
35 33 889
35 34 1730
35 35 0
35 36 841
35 37 1682
35 38 48
35 39 889
35 40 1730
35 41 96
35 42 937
35 43 1778
35 44 144
35 45 985
35 46 1826
35 47 192
35 48 1033
35 49 1874
35 50 240
35 51 1081
35 52 1922
35 53 288
35 54 1129
35 55 1970
35 56 360
36 0 1201
36 1 159
36 2 826
36 3 115
36 4 407
36 5 753
36 6 111
36 7 709
36 8 241
36 9 272
36 10 237
36 11 433
36 12 618
36 13 502
36 14 705
36 15 271
36 16 718
36 17 618
36 18 927
36 19 446
36 20 1081
36 21 240
36 22 1081
36 23 1033
36 24 192
36 25 1033
36 26 985
36 27 144
36 28 985
36 29 937
36 30 96
36 31 937
36 32 889
36 33 48
36 34 889
36 35 841
36 36 0
36 37 841
36 38 889
36 39 48
36 40 889
36 41 937
36 42 96
36 43 937
36 44 985
36 45 144
36 46 985
36 47 1033
36 48 192
36 49 1033
36 50 1081
36 51 240
36 52 1081
36 53 1129
36 54 288
36 55 1129
36 56 1201
37 0 2042
37 1 874
37 2 1667
37 3 726
37 4 1248
37 5 1594
37 6 952
37 7 228
37 8 696
37 9 1113
37 10 796
37 11 888
37 12 319
37 13 1343
37 14 1546
37 15 570
37 16 315
37 17 1459
37 18 1768
37 19 875
37 20 1922
37 21 1081
37 22 240
37 23 1874
37 24 1033
37 25 192
37 26 1826
37 27 985
37 28 144
37 29 1778
37 30 937
37 31 96
37 32 1730
37 33 889
37 34 48
37 35 1682
37 36 841
37 37 0
37 38 1730
37 39 889
37 40 48
37 41 1778
37 42 937
37 43 96
37 44 1826
37 45 985
37 46 144
37 47 1874
37 48 1033
37 49 192
37 50 1922
37 51 1081
37 52 240
37 53 1970
37 54 1129
37 55 288
37 56 2042
38 0 408
38 1 1048
38 2 63
38 3 1004
38 4 962
38 5 424
38 6 778
38 7 1502
38 8 1130
38 9 905
38 10 1126
38 11 1226
38 12 1411
38 13 675
38 14 280
38 15 1160
38 16 1511
38 17 271
38 18 442
38 19 1335
38 20 288
38 21 1129
38 22 1970
38 23 240
38 24 1081
38 25 1922
38 26 192
38 27 1033
38 28 1874
38 29 144
38 30 985
38 31 1826
38 32 96
38 33 937
38 34 1778
38 35 48
38 36 889
38 37 1730
38 38 0
38 39 841
38 40 1682
38 41 48
38 42 889
38 43 1730
38 44 96
38 45 937
38 46 1778
38 47 144
38 48 985
38 49 1826
38 50 192
38 51 1033
38 52 1874
38 53 240
38 54 1081
38 55 1922
38 56 408
39 0 1249
39 1 207
39 2 778
39 3 163
39 4 455
39 5 801
39 6 63
39 7 661
39 8 289
39 9 320
39 10 285
39 11 385
39 12 570
39 13 454
39 14 657
39 15 319
39 16 670
39 17 570
39 18 975
39 19 494
39 20 1129
39 21 288
39 22 1129
39 23 1081
39 24 240
39 25 1081
39 26 1033
39 27 192
39 28 1033
39 29 985
39 30 144
39 31 985
39 32 937
39 33 96
39 34 937
39 35 889
39 36 48
39 37 889
39 38 841
39 39 0
39 40 841
39 41 889
39 42 48
39 43 889
39 44 937
39 45 96
39 46 937
39 47 985
39 48 144
39 49 985
39 50 1033
39 51 192
39 52 1033
39 53 1081
39 54 240
39 55 1081
39 56 1249
40 0 2090
40 1 922
40 2 1619
40 3 774
40 4 1296
40 5 1642
40 6 904
40 7 180
40 8 744
40 9 1161
40 10 844
40 11 840
40 12 271
40 13 1295
40 14 1498
40 15 618
40 16 267
40 17 1411
40 18 1816
40 19 923
40 20 1970
40 21 1129
40 22 288
40 23 1922
40 24 1081
40 25 240
40 26 1874
40 27 1033
40 28 192
40 29 1826
40 30 985
40 31 144
40 32 1778
40 33 937
40 34 96
40 35 1730
40 36 889
40 37 48
40 38 1682
40 39 841
40 40 0
40 41 1730
40 42 889
40 43 48
40 44 1778
40 45 937
40 46 96
40 47 1826
40 48 985
40 49 144
40 50 1874
40 51 1033
40 52 192
40 53 1922
40 54 1081
40 55 240
40 56 2090
41 0 456
41 1 1096
41 2 111
41 3 1052
41 4 1010
41 5 472
41 6 826
41 7 1550
41 8 1178
41 9 953
41 10 1174
41 11 1178
41 12 1459
41 13 627
41 14 232
41 15 1208
41 16 1463
41 17 319
41 18 490
41 19 1383
41 20 336
41 21 1177
41 22 2018
41 23 288
41 24 1129
41 25 1970
41 26 240
41 27 1081
41 28 1922
41 29 192
41 30 1033
41 31 1874
41 32 144
41 33 985
41 34 1826
41 35 96
41 36 937
41 37 1778
41 38 48
41 39 889
41 40 1730
41 41 0
41 42 841
41 43 1682
41 44 48
41 45 889
41 46 1730
41 47 96
41 48 937
41 49 1778
41 50 144
41 51 985
41 52 1826
41 53 192
41 54 1033
41 55 1874
41 56 456
42 0 1297
42 1 255
42 2 826
42 3 211
42 4 503
42 5 849
42 6 111
42 7 709
42 8 337
42 9 368
42 10 333
42 11 337
42 12 618
42 13 406
42 14 609
42 15 367
42 16 622
42 17 618
42 18 1023
42 19 542
42 20 1177
42 21 336
42 22 1177
42 23 1129
42 24 288
42 25 1129
42 26 1081
42 27 240
42 28 1081
42 29 1033
42 30 192
42 31 1033
42 32 985
42 33 144
42 34 985
42 35 937
42 36 96
42 37 937
42 38 889
42 39 48
42 40 889
42 41 841
42 42 0
42 43 841
42 44 889
42 45 48
42 46 889
42 47 937
42 48 96
42 49 937
42 50 985
42 51 144
42 52 985
42 53 1033
42 54 192
42 55 1033
42 56 1297
43 0 2138
43 1 970
43 2 1667
43 3 822
43 4 1344
43 5 1690
43 6 952
43 7 228
43 8 792
43 9 1209
43 10 892
43 11 792
43 12 319
43 13 1247
43 14 1450
43 15 666
43 16 219
43 17 1459
43 18 1864
43 19 971
43 20 2018
43 21 1177
43 22 336
43 23 1970
43 24 1129
43 25 288
43 26 1922
43 27 1081
43 28 240
43 29 1874
43 30 1033
43 31 192
43 32 1826
43 33 985
43 34 144
43 35 1778
43 36 937
43 37 96
43 38 1730
43 39 889
43 40 48
43 41 1682
43 42 841
43 43 0
43 44 1730
43 45 889
43 46 48
43 47 1778
43 48 937
43 49 96
43 50 1826
43 51 985
43 52 144
43 53 1874
43 54 1033
43 55 192
43 56 2138
44 0 504
44 1 1144
44 2 159
44 3 1100
44 4 1058
44 5 520
44 6 874
44 7 1598
44 8 1226
44 9 1001
44 10 1222
44 11 1130
44 12 1507
44 13 579
44 14 280
44 15 1256
44 16 1511
44 17 367
44 18 538
44 19 1431
44 20 384
44 21 1225
44 22 2066
44 23 336
44 24 1177
44 25 2018
44 26 288
44 27 1129
44 28 1970
44 29 240
44 30 1081
44 31 1922
44 32 192
44 33 1033
44 34 1874
44 35 144
44 36 985
44 37 1826
44 38 96
44 39 937
44 40 1778
44 41 48
44 42 889
44 43 1730
44 44 0
44 45 841
44 46 1682
44 47 48
44 48 889
44 49 1730
44 50 96
44 51 937
44 52 1778
44 53 144
44 54 985
44 55 1826
44 56 504
45 0 1345
45 1 303
45 2 874
45 3 259
45 4 551
45 5 897
45 6 159
45 7 757
45 8 385
45 9 416
45 10 381
45 11 289
45 12 666
45 13 358
45 14 657
45 15 415
45 16 670
45 17 666
45 18 1071
45 19 590
45 20 1225
45 21 384
45 22 1225
45 23 1177
45 24 336
45 25 1177
45 26 1129
45 27 288
45 28 1129
45 29 1081
45 30 240
45 31 1081
45 32 1033
45 33 192
45 34 1033
45 35 985
45 36 144
45 37 985
45 38 937
45 39 96
45 40 937
45 41 889
45 42 48
45 43 889
45 44 841
45 45 0
45 46 841
45 47 889
45 48 48
45 49 889
45 50 937
45 51 96
45 52 937
45 53 985
45 54 144
45 55 985
45 56 1345
46 0 2186
46 1 1018
46 2 1715
46 3 870
46 4 1392
46 5 1738
46 6 1000
46 7 276
46 8 840
46 9 1257
46 10 940
46 11 744
46 12 367
46 13 1199
46 14 1498
46 15 714
46 16 267
46 17 1507
46 18 1912
46 19 1019
46 20 2066
46 21 1225
46 22 384
46 23 2018
46 24 1177
46 25 336
46 26 1970
46 27 1129
46 28 288
46 29 1922
46 30 1081
46 31 240
46 32 1874
46 33 1033
46 34 192
46 35 1826
46 36 985
46 37 144
46 38 1778
46 39 937
46 40 96
46 41 1730
46 42 889
46 43 48
46 44 1682
46 45 841
46 46 0
46 47 1730
46 48 889
46 49 48
46 50 1778
46 51 937
46 52 96
46 53 1826
46 54 985
46 55 144
46 56 2186
47 0 552
47 1 1192
47 2 207
47 3 1148
47 4 1106
47 5 568
47 6 922
47 7 1646
47 8 1274
47 9 1049
47 10 1270
47 11 1082
47 12 1555
47 13 531
47 14 328
47 15 1304
47 16 1559
47 17 415
47 18 586
47 19 1479
47 20 432
47 21 1273
47 22 2114
47 23 384
47 24 1225
47 25 2066
47 26 336
47 27 1177
47 28 2018
47 29 288
47 30 1129
47 31 1970
47 32 240
47 33 1081
47 34 1922
47 35 192
47 36 1033
47 37 1874
47 38 144
47 39 985
47 40 1826
47 41 96
47 42 937
47 43 1778
47 44 48
47 45 889
47 46 1730
47 47 0
47 48 841
47 49 1682
47 50 48
47 51 889
47 52 1730
47 53 96
47 54 937
47 55 1778
47 56 552
48 0 1393
48 1 351
48 2 922
48 3 307
48 4 599
48 5 945
48 6 207
48 7 805
48 8 433
48 9 464
48 10 429
48 11 241
48 12 714
48 13 310
48 14 705
48 15 463
48 16 718
48 17 714
48 18 1119
48 19 638
48 20 1273
48 21 432
48 22 1273
48 23 1225
48 24 384
48 25 1225
48 26 1177
48 27 336
48 28 1177
48 29 1129
48 30 288
48 31 1129
48 32 1081
48 33 240
48 34 1081
48 35 1033
48 36 192
48 37 1033
48 38 985
48 39 144
48 40 985
48 41 937
48 42 96
48 43 937
48 44 889
48 45 48
48 46 889
48 47 841
48 48 0
48 49 841
48 50 889
48 51 48
48 52 889
48 53 937
48 54 96
48 55 937
48 56 1393
49 0 2234
49 1 1066
49 2 1763
49 3 918
49 4 1440
49 5 1786
49 6 1048
49 7 324
49 8 888
49 9 1305
49 10 988
49 11 696
49 12 415
49 13 1151
49 14 1546
49 15 762
49 16 315
49 17 1555
49 18 1960
49 19 1067
49 20 2114
49 21 1273
49 22 432
49 23 2066
49 24 1225
49 25 384
49 26 2018
49 27 1177
49 28 336
49 29 1970
49 30 1129
49 31 288
49 32 1922
49 33 1081
49 34 240
49 35 1874
49 36 1033
49 37 192
49 38 1826
49 39 985
49 40 144
49 41 1778
49 42 937
49 43 96
49 44 1730
49 45 889
49 46 48
49 47 1682
49 48 841
49 49 0
49 50 1730
49 51 889
49 52 48
49 53 1778
49 54 937
49 55 96
49 56 2234
50 0 600
50 1 1240
50 2 255
50 3 1196
50 4 1154
50 5 616
50 6 970
50 7 1694
50 8 1322
50 9 1097
50 10 1318
50 11 1034
50 12 1603
50 13 579
50 14 376
50 15 1352
50 16 1607
50 17 463
50 18 634
50 19 1527
50 20 480
50 21 1321
50 22 2162
50 23 432
50 24 1273
50 25 2114
50 26 384
50 27 1225
50 28 2066
50 29 336
50 30 1177
50 31 2018
50 32 288
50 33 1129
50 34 1970
50 35 240
50 36 1081
50 37 1922
50 38 192
50 39 1033
50 40 1874
50 41 144
50 42 985
50 43 1826
50 44 96
50 45 937
50 46 1778
50 47 48
50 48 889
50 49 1730
50 50 0
50 51 841
50 52 1682
50 53 48
50 54 889
50 55 1730
50 56 600
51 0 1441
51 1 399
51 2 970
51 3 355
51 4 647
51 5 993
51 6 255
51 7 853
51 8 481
51 9 512
51 10 477
51 11 193
51 12 762
51 13 358
51 14 753
51 15 511
51 16 766
51 17 762
51 18 1167
51 19 686
51 20 1321
51 21 480
51 22 1321
51 23 1273
51 24 432
51 25 1273
51 26 1225
51 27 384
51 28 1225
51 29 1177
51 30 336
51 31 1177
51 32 1129
51 33 288
51 34 1129
51 35 1081
51 36 240
51 37 1081
51 38 1033
51 39 192
51 40 1033
51 41 985
51 42 144
51 43 985
51 44 937
51 45 96
51 46 937
51 47 889
51 48 48
51 49 889
51 50 841
51 51 0
51 52 841
51 53 889
51 54 48
51 55 889
51 56 1441
52 0 2282
52 1 1114
52 2 1811
52 3 966
52 4 1488
52 5 1834
52 6 1096
52 7 372
52 8 936
52 9 1353
52 10 1036
52 11 648
52 12 463
52 13 1199
52 14 1594
52 15 810
52 16 363
52 17 1603
52 18 2008
52 19 1115
52 20 2162
52 21 1321
52 22 480
52 23 2114
52 24 1273
52 25 432
52 26 2066
52 27 1225
52 28 384
52 29 2018
52 30 1177
52 31 336
52 32 1970
52 33 1129
52 34 288
52 35 1922
52 36 1081
52 37 240
52 38 1874
52 39 1033
52 40 192
52 41 1826
52 42 985
52 43 144
52 44 1778
52 45 937
52 46 96
52 47 1730
52 48 889
52 49 48
52 50 1682
52 51 841
52 52 0
52 53 1730
52 54 889
52 55 48
52 56 2282
53 0 648
53 1 1288
53 2 303
53 3 1244
53 4 1202
53 5 664
53 6 1018
53 7 1742
53 8 1370
53 9 1145
53 10 1366
53 11 1082
53 12 1651
53 13 627
53 14 424
53 15 1400
53 16 1655
53 17 511
53 18 682
53 19 1575
53 20 528
53 21 1369
53 22 2210
53 23 480
53 24 1321
53 25 2162
53 26 432
53 27 1273
53 28 2114
53 29 384
53 30 1225
53 31 2066
53 32 336
53 33 1177
53 34 2018
53 35 288
53 36 1129
53 37 1970
53 38 240
53 39 1081
53 40 1922
53 41 192
53 42 1033
53 43 1874
53 44 144
53 45 985
53 46 1826
53 47 96
53 48 937
53 49 1778
53 50 48
53 51 889
53 52 1730
53 53 0
53 54 841
53 55 1682
53 56 648
54 0 1489
54 1 447
54 2 1018
54 3 403
54 4 695
54 5 1041
54 6 303
54 7 901
54 8 529
54 9 560
54 10 525
54 11 241
54 12 810
54 13 406
54 14 801
54 15 559
54 16 814
54 17 810
54 18 1215
54 19 734
54 20 1369
54 21 528
54 22 1369
54 23 1321
54 24 480
54 25 1321
54 26 1273
54 27 432
54 28 1273
54 29 1225
54 30 384
54 31 1225
54 32 1177
54 33 336
54 34 1177
54 35 1129
54 36 288
54 37 1129
54 38 1081
54 39 240
54 40 1081
54 41 1033
54 42 192
54 43 1033
54 44 985
54 45 144
54 46 985
54 47 937
54 48 96
54 49 937
54 50 889
54 51 48
54 52 889
54 53 841
54 54 0
54 55 841
54 56 1489
55 0 2330
55 1 1162
55 2 1859
55 3 1014
55 4 1536
55 5 1882
55 6 1144
55 7 420
55 8 984
55 9 1401
55 10 1084
55 11 696
55 12 511
55 13 1247
55 14 1642
55 15 858
55 16 411
55 17 1651
55 18 2056
55 19 1163
55 20 2210
55 21 1369
55 22 528
55 23 2162
55 24 1321
55 25 480
55 26 2114
55 27 1273
55 28 432
55 29 2066
55 30 1225
55 31 384
55 32 2018
55 33 1177
55 34 336
55 35 1970
55 36 1129
55 37 288
55 38 1922
55 39 1081
55 40 240
55 41 1874
55 42 1033
55 43 192
55 44 1826
55 45 985
55 46 144
55 47 1778
55 48 937
55 49 96
55 50 1730
55 51 889
55 52 48
55 53 1682
55 54 841
55 55 0
55 56 2330
56 0 0
56 1 1168
56 2 471
56 3 1316
56 4 794
56 5 448
56 6 1186
56 7 1910
56 8 1346
56 9 929
56 10 1246
56 11 1634
56 12 1819
56 13 1083
56 14 688
56 15 1472
56 16 1919
56 17 679
56 18 274
56 19 1167
56 20 120
56 21 961
56 22 1802
56 23 168
56 24 1009
56 25 1850
56 26 216
56 27 1057
56 28 1898
56 29 264
56 30 1105
56 31 1946
56 32 312
56 33 1153
56 34 1994
56 35 360
56 36 1201
56 37 2042
56 38 408
56 39 1249
56 40 2090
56 41 456
56 42 1297
56 43 2138
56 44 504
56 45 1345
56 46 2186
56 47 552
56 48 1393
56 49 2234
56 50 600
56 51 1441
56 52 2282
56 53 648
56 54 1489
56 55 2330
56 56 0
//Location coordinates LocationName
//Loc x y
0 0.0 0.0 "depot"
1 144.0 1024.0 "product aisle 3 bloc 1 rank 6"
2 288.0 183.0 "product aisle 6 bloc 0 rank 6"
3 240.0 1076.0 "product aisle 5 bloc 1 rank 13"
4 0.0 794.0 "product aisle 0 bloc 0 rank 100"
5 96.0 352.0 "product aisle 2 bloc 0 rank 31"
6 288.0 898.0 "product aisle 6 bloc 0 rank 115"
7 288.0 1622.0 "product aisle 6 bloc 1 rank 98"
8 192.0 1154.0 "product aisle 4 bloc 1 rank 26"
9 96.0 833.0 "product aisle 2 bloc 0 rank 105"
10 144.0 1102.0 "product aisle 3 bloc 1 rank 17"
11 480.0 1154.0 "product aisle 10 bloc 1 rank 26"
12 288.0 1531.0 "product aisle 6 bloc 1 rank 84"
13 432.0 651.0 "product aisle 9 bloc 0 rank 77"
14 336.0 352.0 "product aisle 7 bloc 0 rank 32"
15 240.0 1232.0 "product aisle 5 bloc 1 rank 38"
16 336.0 1583.0 "product aisle 7 bloc 1 rank 91"
17 288.0 391.0 "product aisle 6 bloc 0 rank 38"
18 0.0 274.0 "product aisle 0 bloc 0 rank 20"
19 0.0 1167.0 "product aisle 0 bloc 1 rank 28"
20 24.0 120.0 "intersection aisle 0 bloc 0 rank 0"
21 24.0 961.0 "intersection aisle 0 bloc 1 rank 1"
22 24.0 1802.0 "intersection aisle 0 bloc 2 rank 2"
23 72.0 120.0 "intersection aisle 1 bloc 0 rank 0"
24 72.0 961.0 "intersection aisle 1 bloc 1 rank 1"
25 72.0 1802.0 "intersection aisle 1 bloc 2 rank 2"
26 120.0 120.0 "intersection aisle 2 bloc 0 rank 0"
27 120.0 961.0 "intersection aisle 2 bloc 1 rank 1"
28 120.0 1802.0 "intersection aisle 2 bloc 2 rank 2"
29 168.0 120.0 "intersection aisle 3 bloc 0 rank 0"
30 168.0 961.0 "intersection aisle 3 bloc 1 rank 1"
31 168.0 1802.0 "intersection aisle 3 bloc 2 rank 2"
32 216.0 120.0 "intersection aisle 4 bloc 0 rank 0"
33 216.0 961.0 "intersection aisle 4 bloc 1 rank 1"
34 216.0 1802.0 "intersection aisle 4 bloc 2 rank 2"
35 264.0 120.0 "intersection aisle 5 bloc 0 rank 0"
36 264.0 961.0 "intersection aisle 5 bloc 1 rank 1"
37 264.0 1802.0 "intersection aisle 5 bloc 2 rank 2"
38 312.0 120.0 "intersection aisle 6 bloc 0 rank 0"
39 312.0 961.0 "intersection aisle 6 bloc 1 rank 1"
40 312.0 1802.0 "intersection aisle 6 bloc 2 rank 2"
41 360.0 120.0 "intersection aisle 7 bloc 0 rank 0"
42 360.0 961.0 "intersection aisle 7 bloc 1 rank 1"
43 360.0 1802.0 "intersection aisle 7 bloc 2 rank 2"
44 408.0 120.0 "intersection aisle 8 bloc 0 rank 0"
45 408.0 961.0 "intersection aisle 8 bloc 1 rank 1"
46 408.0 1802.0 "intersection aisle 8 bloc 2 rank 2"
47 456.0 120.0 "intersection aisle 9 bloc 0 rank 0"
48 456.0 961.0 "intersection aisle 9 bloc 1 rank 1"
49 456.0 1802.0 "intersection aisle 9 bloc 2 rank 2"
50 504.0 120.0 "intersection aisle 10 bloc 0 rank 0"
51 504.0 961.0 "intersection aisle 10 bloc 1 rank 1"
52 504.0 1802.0 "intersection aisle 10 bloc 2 rank 2"
53 552.0 120.0 "intersection aisle 11 bloc 0 rank 0"
54 552.0 961.0 "intersection aisle 11 bloc 1 rank 1"
55 552.0 1802.0 "intersection aisle 11 bloc 2 rank 2"
56 0.0 0.0 "depot"
