//alpha
1
//NbLocations
57
//NbProducts
38
//NbPickers
2
//CapaPicker
12
//TimeToTravelOneDistanceUnit
3
//SetupTime
5400
//PickTime
300
//Products
//Idx Location Size
1 1 1
2 2 1
3 3 1
4 4 1
5 5 1
6 6 1
7 7 1
8 8 1
9 9 1
10 10 1
11 11 1
12 12 1
13 13 1
14 14 1
15 15 1
16 16 1
17 17 1
18 18 1
19 19 1
20 20 1
21 21 1
22 22 1
23 23 1
24 24 1
25 25 1
26 26 1
27 27 1
28 28 1
29 29 1
30 30 1
31 31 1
32 32 1
33 33 1
34 34 1
35 35 1
36 36 1
37 37 1
38 38 1
//Orders
//NbOrders
18
//Idx DueDate TardinessPenalty NbProdInOrder ProdIdx1 Qty1 ProdIdx2 Qty2 ...
1 54000 0 2 1 1 2 1
2 108000 0 2 3 1 4 1
3 90000 0 3 5 1 6 1 7 1
4 72000 0 1 8 1
5 72000 0 4 9 1 10 1 11 1 12 1
6 90000 0 2 13 1 14 1
7 144000 0 4 15 1 16 1 17 1 18 1
8 90000 0 1 19 1
9 54000 0 5 20 1 21 1 22 1 23 1 24 1
10 72000 0 2 25 1 26 1
11 126000 0 2 27 1 28 1
12 108000 0 1 29 1
13 108000 0 2 30 1 31 1
14 90000 0 1 32 1
15 36000 0 2 33 1 34 1
16 108000 0 1 35 1
17 90000 0 2 36 1 37 1
18 36000 0 1 38 1
//Graph (Products are vertices indexed from 1 to NbProducts)
//NbVerticesIntersections
18
//DepartingDepot
0
//ArrivalDepot
57
//Arcs
//Start End Distance
0 39 120
1 22 286
1 44 76
2 15 65
2 17 26
3 5 260
3 43 154
4 32 299
4 41 63
5 3 260
5 42 37
6 25 13
6 30 65
7 35 26
7 55 37
8 15 260
8 49 37
9 17 26
9 37 0
10 21 26
10 29 13
11 54 63
11 55 388
12 27 117
12 50 63
13 19 13
13 21 13
14 20 13
14 22 13
15 2 65
15 8 260
16 24 0
16 43 50
17 2 26
17 9 26
18 34 13
18 40 37
19 13 13
19 46 349
20 14 13
20 24 13
21 10 26
21 13 13
22 1 286
22 14 13
23 33 195
23 56 115
24 16 0
24 20 13
25 6 13
25 47 310
26 51 89
26 52 362
27 12 117
27 38 52
28 33 65
28 35 13
29 10 13
29 45 37
30 6 65
30 46 63
31 36 0
31 52 63
32 4 299
32 34 39
33 23 195
33 28 65
34 18 13
34 32 39
35 7 26
35 28 13
36 31 0
36 53 388
37 9 0
37 48 37
38 27 52
38 49 219
39 40 451
39 42 48
39 57 120
40 18 37
40 39 451
40 43 48
41 4 63
41 44 48
42 5 37
42 39 48
42 45 48
43 3 154
43 16 50
43 40 48
43 46 48
44 1 76
44 41 48
44 47 48
45 29 37
45 42 48
45 48 48
46 19 349
46 30 63
46 43 48
46 49 48
47 25 310
47 44 48
47 50 48
48 37 37
48 45 48
48 51 48
49 8 37
49 38 219
49 46 48
49 52 48
50 12 63
50 47 48
50 53 48
51 26 89
51 48 48
51 54 48
52 26 362
52 31 63
52 49 48
52 55 48
53 36 388
53 50 48
53 56 48
54 11 63
54 51 48
55 7 37
55 11 388
55 52 48
56 23 115
56 53 48
//LocStart LocEnd ShortestPath
0 0 0
0 1 994
0 2 353
0 3 465
0 4 959
0 5 205
0 6 795
0 7 848
0 8 678
0 9 301
0 10 266
0 11 423
0 12 1103
0 13 305
0 14 695
0 15 418
0 16 669
0 17 327
0 18 608
0 19 318
0 20 682
0 21 292
0 22 708
0 23 1147
0 24 669
0 25 808
0 26 401
0 27 986
0 28 887
0 29 253
0 30 730
0 31 826
0 32 660
0 33 952
0 34 621
0 35 874
0 36 826
0 37 301
0 38 934
0 39 120
0 40 571
0 41 1022
0 42 168
0 43 619
0 44 1070
0 45 216
0 46 667
0 47 1118
0 48 264
0 49 715
0 50 1166
0 51 312
0 52 763
0 53 1214
0 54 360
0 55 811
0 56 1262
0 57 0
1 0 994
1 1 0
1 2 833
1 3 529
1 4 187
1 5 789
1 6 447
1 7 604
1 8 508
1 9 885
1 10 824
1 11 955
1 12 235
1 13 785
1 14 299
1 15 768
1 16 325
1 17 859
1 18 460
1 19 772
1 20 312
1 21 798
1 22 286
1 23 383
1 24 325
1 25 434
1 26 881
1 27 352
1 28 643
1 29 837
1 30 486
1 31 582
1 32 486
1 33 578
1 34 473
1 35 630
1 36 582
1 37 885
1 38 404
1 39 874
1 40 423
1 41 124
1 42 826
1 43 375
1 44 76
1 45 874
1 46 423
1 47 124
1 48 922
1 49 471
1 50 172
1 51 970
1 52 519
1 53 220
1 54 1018
1 55 567
1 56 268
1 57 994
2 0 353
2 1 833
2 2 0
2 3 482
2 4 894
2 5 222
2 6 538
2 7 495
2 8 325
2 9 52
2 10 187
2 11 248
2 12 750
2 13 226
2 14 534
2 15 65
2 16 508
2 17 26
2 18 543
2 19 239
2 20 521
2 21 213
2 22 547
2 23 794
2 24 508
2 25 551
2 26 226
2 27 633
2 28 534
2 29 174
2 30 473
2 31 473
2 32 595
2 33 599
2 34 556
2 35 521
2 36 473
2 37 52
2 38 581
2 39 233
2 40 506
2 41 957
2 42 185
2 43 458
2 44 909
2 45 137
2 46 410
2 47 861
2 48 89
2 49 362
2 50 813
2 51 137
2 52 410
2 53 861
2 54 185
2 55 458
2 56 909
2 57 353
3 0 465
3 1 529
3 2 482
3 3 0
3 4 590
3 5 260
3 6 330
3 7 383
3 8 287
3 9 430
3 10 395
3 11 552
3 12 638
3 13 434
3 14 230
3 15 547
3 16 204
3 17 456
3 18 239
3 19 447
3 20 217
3 21 421
3 22 243
3 23 682
3 24 204
3 25 343
3 26 530
3 27 521
3 28 422
3 29 382
3 30 265
3 31 361
3 32 291
3 33 487
3 34 252
3 35 409
3 36 361
3 37 430
3 38 469
3 39 345
3 40 202
3 41 653
3 42 297
3 43 154
3 44 605
3 45 345
3 46 202
3 47 653
3 48 393
3 49 250
3 50 701
3 51 441
3 52 298
3 53 749
3 54 489
3 55 346
3 56 797
3 57 465
4 0 959
4 1 187
4 2 894
4 3 590
4 4 0
4 5 850
4 6 482
4 7 665
4 8 569
4 9 946
4 10 885
4 11 1016
4 12 270
4 13 846
4 14 486
4 15 829
4 16 486
4 17 920
4 18 351
4 19 833
4 20 499
4 21 859
4 22 473
4 23 418
4 24 486
4 25 469
4 26 942
4 27 387
4 28 678
4 29 898
4 30 547
4 31 643
4 32 299
4 33 613
4 34 338
4 35 691
4 36 643
4 37 946
4 38 439
4 39 839
4 40 388
4 41 63
4 42 887
4 43 436
4 44 111
4 45 935
4 46 484
4 47 159
4 48 983
4 49 532
4 50 207
4 51 1031
4 52 580
4 53 255
4 54 1079
4 55 628
4 56 303
4 57 959
5 0 205
5 1 789
5 2 222
5 3 260
5 4 850
5 5 0
5 6 590
5 7 643
5 8 547
5 9 170
5 10 135
5 11 292
5 12 898
5 13 174
5 14 490
5 15 287
5 16 464
5 17 196
5 18 499
5 19 187
5 20 477
5 21 161
5 22 503
5 23 942
5 24 464
5 25 603
5 26 270
5 27 781
5 28 682
5 29 122
5 30 525
5 31 621
5 32 551
5 33 747
5 34 512
5 35 669
5 36 621
5 37 170
5 38 729
5 39 85
5 40 462
5 41 913
5 42 37
5 43 414
5 44 865
5 45 85
5 46 462
5 47 913
5 48 133
5 49 510
5 50 961
5 51 181
5 52 558
5 53 1009
5 54 229
5 55 606
5 56 1057
5 57 205
6 0 795
6 1 447
6 2 538
6 3 330
6 4 482
6 5 590
6 6 0
6 7 309
6 8 213
6 9 590
6 10 529
6 11 660
6 12 434
6 13 490
6 14 252
6 15 473
6 16 226
6 17 564
6 18 261
6 19 477
6 20 239
6 21 503
6 22 265
6 23 582
6 24 226
6 25 13
6 26 586
6 27 447
6 28 348
6 29 542
6 30 65
6 31 287
6 32 313
6 33 413
6 34 274
6 35 335
6 36 287
6 37 590
6 38 395
6 39 675
6 40 224
6 41 419
6 42 627
6 43 176
6 44 371
6 45 579
6 46 128
6 47 323
6 48 627
6 49 176
6 50 371
6 51 675
6 52 224
6 53 419
6 54 723
6 55 272
6 56 467
6 57 795
7 0 848
7 1 604
7 2 495
7 3 383
7 4 665
7 5 643
7 6 309
7 7 0
7 8 170
7 9 547
7 10 582
7 11 425
7 12 521
7 13 543
7 14 305
7 15 430
7 16 279
7 17 521
7 18 314
7 19 530
7 20 292
7 21 556
7 22 318
7 23 299
7 24 279
7 25 322
7 26 447
7 27 404
7 28 39
7 29 595
7 30 244
7 31 148
7 32 366
7 33 104
7 34 327
7 35 26
7 36 148
7 37 547
7 38 352
7 39 728
7 40 277
7 41 654
7 42 680
7 43 229
7 44 606
7 45 632
7 46 181
7 47 558
7 48 584
7 49 133
7 50 510
7 51 536
7 52 85
7 53 462
7 54 488
7 55 37
7 56 414
7 57 848
8 0 678
8 1 508
8 2 325
8 3 287
8 4 569
8 5 547
8 6 213
8 7 170
8 8 0
8 9 377
8 10 486
8 11 521
8 12 425
8 13 447
8 14 209
8 15 260
8 16 183
8 17 351
8 18 218
8 19 434
8 20 196
8 21 460
8 22 222
8 23 469
8 24 183
8 25 226
8 26 447
8 27 308
8 28 209
8 29 499
8 30 148
8 31 148
8 32 270
8 33 274
8 34 231
8 35 196
8 36 148
8 37 377
8 38 256
8 39 558
8 40 181
8 41 632
8 42 510
8 43 133
8 44 584
8 45 462
8 46 85
8 47 536
8 48 414
8 49 37
8 50 488
8 51 462
8 52 85
8 53 536
8 54 510
8 55 133
8 56 584
8 57 678
9 0 301
9 1 885
9 2 52
9 3 430
9 4 946
9 5 170
9 6 590
9 7 547
9 8 377
9 9 0
9 10 135
9 11 196
9 12 802
9 13 174
9 14 586
9 15 117
9 16 560
9 17 26
9 18 595
9 19 187
9 20 573
9 21 161
9 22 599
9 23 846
9 24 560
9 25 603
9 26 174
9 27 685
9 28 586
9 29 122
9 30 525
9 31 525
9 32 647
9 33 651
9 34 608
9 35 573
9 36 525
9 37 0
9 38 633
9 39 181
9 40 558
9 41 1009
9 42 133
9 43 510
9 44 961
9 45 85
9 46 462
9 47 913
9 48 37
9 49 414
9 50 865
9 51 85
9 52 462
9 53 913
9 54 133
9 55 510
9 56 961
9 57 301
10 0 266
10 1 824
10 2 187
10 3 395
10 4 885
10 5 135
10 6 529
10 7 582
10 8 486
10 9 135
10 10 0
10 11 257
10 12 837
10 13 39
10 14 525
10 15 252
10 16 499
10 17 161
10 18 534
10 19 52
10 20 512
10 21 26
10 22 538
10 23 881
10 24 499
10 25 542
10 26 235
10 27 720
10 28 621
10 29 13
10 30 464
10 31 560
10 32 586
10 33 686
10 34 547
10 35 608
10 36 560
10 37 135
10 38 668
10 39 146
10 40 497
10 41 948
10 42 98
10 43 449
10 44 900
10 45 50
10 46 401
10 47 852
10 48 98
10 49 449
10 50 900
10 51 146
10 52 497
10 53 948
10 54 194
10 55 545
10 56 996
10 57 266
11 0 423
11 1 955
11 2 248
11 3 552
11 4 1016
11 5 292
11 6 660
11 7 425
11 8 521
11 9 196
11 10 257
11 11 0
11 12 872
11 13 296
11 14 656
11 15 313
11 16 630
11 17 222
11 18 665
11 19 309
11 20 643
11 21 283
11 22 669
11 23 724
11 24 630
11 25 673
11 26 200
11 27 755
11 28 464
11 29 244
11 30 595
11 31 499
11 32 717
11 33 529
11 34 678
11 35 451
11 36 499
11 37 196
11 38 703
11 39 303
11 40 628
11 41 1079
11 42 255
11 43 580
11 44 1031
11 45 207
11 46 532
11 47 983
11 48 159
11 49 484
11 50 935
11 51 111
11 52 436
11 53 887
11 54 63
11 55 388
11 56 839
11 57 423
12 0 1103
12 1 235
12 2 750
12 3 638
12 4 270
12 5 898
12 6 434
12 7 521
12 8 425
12 9 802
12 10 837
12 11 872
12 12 0
12 13 798
12 14 534
12 15 685
12 16 534
12 17 776
12 18 569
12 19 785
12 20 547
12 21 811
12 22 521
12 23 274
12 24 534
12 25 421
12 26 798
12 27 117
12 28 534
12 29 850
12 30 499
12 31 499
12 32 569
12 33 469
12 34 582
12 35 547
12 36 499
12 37 802
12 38 169
12 39 983
12 40 532
12 41 207
12 42 935
12 43 484
12 44 159
12 45 887
12 46 436
12 47 111
12 48 839
12 49 388
12 50 63
12 51 887
12 52 436
12 53 111
12 54 935
12 55 484
12 56 159
12 57 1103
13 0 305
13 1 785
13 2 226
13 3 434
13 4 846
13 5 174
13 6 490
13 7 543
13 8 447
13 9 174
13 10 39
13 11 296
13 12 798
13 13 0
13 14 486
13 15 291
13 16 460
13 17 200
13 18 495
13 19 13
13 20 473
13 21 13
13 22 499
13 23 842
13 24 460
13 25 503
13 26 274
13 27 681
13 28 582
13 29 52
13 30 425
13 31 521
13 32 547
13 33 647
13 34 508
13 35 569
13 36 521
13 37 174
13 38 629
13 39 185
13 40 458
13 41 909
13 42 137
13 43 410
13 44 861
13 45 89
13 46 362
13 47 813
13 48 137
13 49 410
13 50 861
13 51 185
13 52 458
13 53 909
13 54 233
13 55 506
13 56 957
13 57 305
14 0 695
14 1 299
14 2 534
14 3 230
14 4 486
14 5 490
14 6 252
14 7 305
14 8 209
14 9 586
14 10 525
14 11 656
14 12 534
14 13 486
14 14 0
14 15 469
14 16 26
14 17 560
14 18 161
14 19 473
14 20 13
14 21 499
14 22 13
14 23 604
14 24 26
14 25 265
14 26 582
14 27 443
14 28 344
14 29 538
14 30 187
14 31 283
14 32 213
14 33 409
14 34 174
14 35 331
14 36 283
14 37 586
14 38 391
14 39 575
14 40 124
14 41 423
14 42 527
14 43 76
14 44 375
14 45 575
14 46 124
14 47 423
14 48 623
14 49 172
14 50 471
14 51 671
14 52 220
14 53 519
14 54 719
14 55 268
14 56 567
14 57 695
15 0 418
15 1 768
15 2 65
15 3 547
15 4 829
15 5 287
15 6 473
15 7 430
15 8 260
15 9 117
15 10 252
15 11 313
15 12 685
15 13 291
15 14 469
15 15 0
15 16 443
15 17 91
15 18 478
15 19 304
15 20 456
15 21 278
15 22 482
15 23 729
15 24 443
15 25 486
15 26 291
15 27 568
15 28 469
15 29 239
15 30 408
15 31 408
15 32 530
15 33 534
15 34 491
15 35 456
15 36 408
15 37 117
15 38 516
15 39 298
15 40 441
15 41 892
15 42 250
15 43 393
15 44 844
15 45 202
15 46 345
15 47 796
15 48 154
15 49 297
15 50 748
15 51 202
15 52 345
15 53 796
15 54 250
15 55 393
15 56 844
15 57 418
16 0 669
16 1 325
16 2 508
16 3 204
16 4 486
16 5 464
16 6 226
16 7 279
16 8 183
16 9 560
16 10 499
16 11 630
16 12 534
16 13 460
16 14 26
16 15 443
16 16 0
16 17 534
16 18 135
16 19 447
16 20 13
16 21 473
16 22 39
16 23 578
16 24 0
16 25 239
16 26 556
16 27 417
16 28 318
16 29 512
16 30 161
16 31 257
16 32 187
16 33 383
16 34 148
16 35 305
16 36 257
16 37 560
16 38 365
16 39 549
16 40 98
16 41 449
16 42 501
16 43 50
16 44 401
16 45 549
16 46 98
16 47 449
16 48 597
16 49 146
16 50 497
16 51 645
16 52 194
16 53 545
16 54 693
16 55 242
16 56 593
16 57 669
17 0 327
17 1 859
17 2 26
17 3 456
17 4 920
17 5 196
17 6 564
17 7 521
17 8 351
17 9 26
17 10 161
17 11 222
17 12 776
17 13 200
17 14 560
17 15 91
17 16 534
17 17 0
17 18 569
17 19 213
17 20 547
17 21 187
17 22 573
17 23 820
17 24 534
17 25 577
17 26 200
17 27 659
17 28 560
17 29 148
17 30 499
17 31 499
17 32 621
17 33 625
17 34 582
17 35 547
17 36 499
17 37 26
17 38 607
17 39 207
17 40 532
17 41 983
17 42 159
17 43 484
17 44 935
17 45 111
17 46 436
17 47 887
17 48 63
17 49 388
17 50 839
17 51 111
17 52 436
17 53 887
17 54 159
17 55 484
17 56 935
17 57 327
18 0 608
18 1 460
18 2 543
18 3 239
18 4 351
18 5 499
18 6 261
18 7 314
18 8 218
18 9 595
18 10 534
18 11 665
18 12 569
18 13 495
18 14 161
18 15 478
18 16 135
18 17 569
18 18 0
18 19 482
18 20 148
18 21 508
18 22 174
18 23 613
18 24 135
18 25 274
18 26 591
18 27 452
18 28 353
18 29 547
18 30 196
18 31 292
18 32 52
18 33 418
18 34 13
18 35 340
18 36 292
18 37 595
18 38 400
18 39 488
18 40 37
18 41 414
18 42 536
18 43 85
18 44 462
18 45 584
18 46 133
18 47 510
18 48 632
18 49 181
18 50 558
18 51 680
18 52 229
18 53 606
18 54 728
18 55 277
18 56 654
18 57 608
19 0 318
19 1 772
19 2 239
19 3 447
19 4 833
19 5 187
19 6 477
19 7 530
19 8 434
19 9 187
19 10 52
19 11 309
19 12 785
19 13 13
19 14 473
19 15 304
19 16 447
19 17 213
19 18 482
19 19 0
19 20 460
19 21 26
19 22 486
19 23 829
19 24 447
19 25 490
19 26 287
19 27 668
19 28 569
19 29 65
19 30 412
19 31 508
19 32 534
19 33 634
19 34 495
19 35 556
19 36 508
19 37 187
19 38 616
19 39 198
19 40 445
19 41 896
19 42 150
19 43 397
19 44 848
19 45 102
19 46 349
19 47 800
19 48 150
19 49 397
19 50 848
19 51 198
19 52 445
19 53 896
19 54 246
19 55 493
19 56 944
19 57 318
20 0 682
20 1 312
20 2 521
20 3 217
20 4 499
20 5 477
20 6 239
20 7 292
20 8 196
20 9 573
20 10 512
20 11 643
20 12 547
20 13 473
20 14 13
20 15 456
20 16 13
20 17 547
20 18 148
20 19 460
20 20 0
20 21 486
20 22 26
20 23 591
20 24 13
20 25 252
20 26 569
20 27 430
20 28 331
20 29 525
20 30 174
20 31 270
20 32 200
20 33 396
20 34 161
20 35 318
20 36 270
20 37 573
20 38 378
20 39 562
20 40 111
20 41 436
20 42 514
20 43 63
20 44 388
20 45 562
20 46 111
20 47 436
20 48 610
20 49 159
20 50 484
20 51 658
20 52 207
20 53 532
20 54 706
20 55 255
20 56 580
20 57 682
21 0 292
21 1 798
21 2 213
21 3 421
21 4 859
21 5 161
21 6 503
21 7 556
21 8 460
21 9 161
21 10 26
21 11 283
21 12 811
21 13 13
21 14 499
21 15 278
21 16 473
21 17 187
21 18 508
21 19 26
21 20 486
21 21 0
21 22 512
21 23 855
21 24 473
21 25 516
21 26 261
21 27 694
21 28 595
21 29 39
21 30 438
21 31 534
21 32 560
21 33 660
21 34 521
21 35 582
21 36 534
21 37 161
21 38 642
21 39 172
21 40 471
21 41 922
21 42 124
21 43 423
21 44 874
21 45 76
21 46 375
21 47 826
21 48 124
21 49 423
21 50 874
21 51 172
21 52 471
21 53 922
21 54 220
21 55 519
21 56 970
21 57 292
22 0 708
22 1 286
22 2 547
22 3 243
22 4 473
22 5 503
22 6 265
22 7 318
22 8 222
22 9 599
22 10 538
22 11 669
22 12 521
22 13 499
22 14 13
22 15 482
22 16 39
22 17 573
22 18 174
22 19 486
22 20 26
22 21 512
22 22 0
22 23 617
22 24 39
22 25 278
22 26 595
22 27 456
22 28 357
22 29 551
22 30 200
22 31 296
22 32 226
22 33 422
22 34 187
22 35 344
22 36 296
22 37 599
22 38 404
22 39 588
22 40 137
22 41 410
22 42 540
22 43 89
22 44 362
22 45 588
22 46 137
22 47 410
22 48 636
22 49 185
22 50 458
22 51 684
22 52 233
22 53 506
22 54 732
22 55 281
22 56 554
22 57 708
23 0 1147
23 1 383
23 2 794
23 3 682
23 4 418
23 5 942
23 6 582
23 7 299
23 8 469
23 9 846
23 10 881
23 11 724
23 12 274
23 13 842
23 14 604
23 15 729
23 16 578
23 17 820
23 18 613
23 19 829
23 20 591
23 21 855
23 22 617
23 23 0
23 24 578
23 25 569
23 26 746
23 27 391
23 28 260
23 29 894
23 30 543
23 31 447
23 32 665
23 33 195
23 34 626
23 35 273
23 36 447
23 37 846
23 38 443
23 39 1027
23 40 576
23 41 355
23 42 979
23 43 528
23 44 307
23 45 931
23 46 480
23 47 259
23 48 883
23 49 432
23 50 211
23 51 835
23 52 384
23 53 163
23 54 787
23 55 336
23 56 115
23 57 1147
24 0 669
24 1 325
24 2 508
24 3 204
24 4 486
24 5 464
24 6 226
24 7 279
24 8 183
24 9 560
24 10 499
24 11 630
24 12 534
24 13 460
24 14 26
24 15 443
24 16 0
24 17 534
24 18 135
24 19 447
24 20 13
24 21 473
24 22 39
24 23 578
24 24 0
24 25 239
24 26 556
24 27 417
24 28 318
24 29 512
24 30 161
24 31 257
24 32 187
24 33 383
24 34 148
24 35 305
24 36 257
24 37 560
24 38 365
24 39 549
24 40 98
24 41 449
24 42 501
24 43 50
24 44 401
24 45 549
24 46 98
24 47 449
24 48 597
24 49 146
24 50 497
24 51 645
24 52 194
24 53 545
24 54 693
24 55 242
24 56 593
24 57 669
25 0 808
25 1 434
25 2 551
25 3 343
25 4 469
25 5 603
25 6 13
25 7 322
25 8 226
25 9 603
25 10 542
25 11 673
25 12 421
25 13 503
25 14 265
25 15 486
25 16 239
25 17 577
25 18 274
25 19 490
25 20 252
25 21 516
25 22 278
25 23 569
25 24 239
25 25 0
25 26 599
25 27 460
25 28 361
25 29 555
25 30 78
25 31 300
25 32 326
25 33 426
25 34 287
25 35 348
25 36 300
25 37 603
25 38 408
25 39 688
25 40 237
25 41 406
25 42 640
25 43 189
25 44 358
25 45 592
25 46 141
25 47 310
25 48 640
25 49 189
25 50 358
25 51 688
25 52 237
25 53 406
25 54 736
25 55 285
25 56 454
25 57 808
26 0 401
26 1 881
26 2 226
26 3 530
26 4 942
26 5 270
26 6 586
26 7 447
26 8 447
26 9 174
26 10 235
26 11 200
26 12 798
26 13 274
26 14 582
26 15 291
26 16 556
26 17 200
26 18 591
26 19 287
26 20 569
26 21 261
26 22 595
26 23 746
26 24 556
26 25 599
26 26 0
26 27 681
26 28 486
26 29 222
26 30 521
26 31 425
26 32 643
26 33 551
26 34 604
26 35 473
26 36 425
26 37 174
26 38 629
26 39 281
26 40 554
26 41 1005
26 42 233
26 43 506
26 44 957
26 45 185
26 46 458
26 47 909
26 48 137
26 49 410
26 50 861
26 51 89
26 52 362
26 53 813
26 54 137
26 55 410
26 56 861
26 57 401
27 0 986
27 1 352
27 2 633
27 3 521
27 4 387
27 5 781
27 6 447
27 7 404
27 8 308
27 9 685
27 10 720
27 11 755
27 12 117
27 13 681
27 14 443
27 15 568
27 16 417
27 17 659
27 18 452
27 19 668
27 20 430
27 21 694
27 22 456
27 23 391
27 24 417
27 25 460
27 26 681
27 27 0
27 28 443
27 29 733
27 30 382
27 31 382
27 32 504
27 33 508
27 34 465
27 35 430
27 36 382
27 37 685
27 38 52
27 39 866
27 40 415
27 41 324
27 42 818
27 43 367
27 44 276
27 45 770
27 46 319
27 47 228
27 48 722
27 49 271
27 50 180
27 51 770
27 52 319
27 53 228
27 54 818
27 55 367
27 56 276
27 57 986
28 0 887
28 1 643
28 2 534
28 3 422
28 4 678
28 5 682
28 6 348
28 7 39
28 8 209
28 9 586
28 10 621
28 11 464
28 12 534
28 13 582
28 14 344
28 15 469
28 16 318
28 17 560
28 18 353
28 19 569
28 20 331
28 21 595
28 22 357
28 23 260
28 24 318
28 25 361
28 26 486
28 27 443
28 28 0
28 29 634
28 30 283
28 31 187
28 32 405
28 33 65
28 34 366
28 35 13
28 36 187
28 37 586
28 38 391
28 39 767
28 40 316
28 41 615
28 42 719
28 43 268
28 44 567
28 45 671
28 46 220
28 47 519
28 48 623
28 49 172
28 50 471
28 51 575
28 52 124
28 53 423
28 54 527
28 55 76
28 56 375
28 57 887
29 0 253
29 1 837
29 2 174
29 3 382
29 4 898
29 5 122
29 6 542
29 7 595
29 8 499
29 9 122
29 10 13
29 11 244
29 12 850
29 13 52
29 14 538
29 15 239
29 16 512
29 17 148
29 18 547
29 19 65
29 20 525
29 21 39
29 22 551
29 23 894
29 24 512
29 25 555
29 26 222
29 27 733
29 28 634
29 29 0
29 30 477
29 31 573
29 32 599
29 33 699
29 34 560
29 35 621
29 36 573
29 37 122
29 38 681
29 39 133
29 40 510
29 41 961
29 42 85
29 43 462
29 44 913
29 45 37
29 46 414
29 47 865
29 48 85
29 49 462
29 50 913
29 51 133
29 52 510
29 53 961
29 54 181
29 55 558
29 56 1009
29 57 253
30 0 730
30 1 486
30 2 473
30 3 265
30 4 547
30 5 525
30 6 65
30 7 244
30 8 148
30 9 525
30 10 464
30 11 595
30 12 499
30 13 425
30 14 187
30 15 408
30 16 161
30 17 499
30 18 196
30 19 412
30 20 174
30 21 438
30 22 200
30 23 543
30 24 161
30 25 78
30 26 521
30 27 382
30 28 283
30 29 477
30 30 0
30 31 222
30 32 248
30 33 348
30 34 209
30 35 270
30 36 222
30 37 525
30 38 330
30 39 610
30 40 159
30 41 484
30 42 562
30 43 111
30 44 436
30 45 514
30 46 63
30 47 388
30 48 562
30 49 111
30 50 436
30 51 610
30 52 159
30 53 484
30 54 658
30 55 207
30 56 532
30 57 730
31 0 826
31 1 582
31 2 473
31 3 361
31 4 643
31 5 621
31 6 287
31 7 148
31 8 148
31 9 525
31 10 560
31 11 499
31 12 499
31 13 521
31 14 283
31 15 408
31 16 257
31 17 499
31 18 292
31 19 508
31 20 270
31 21 534
31 22 296
31 23 447
31 24 257
31 25 300
31 26 425
31 27 382
31 28 187
31 29 573
31 30 222
31 31 0
31 32 344
31 33 252
31 34 305
31 35 174
31 36 0
31 37 525
31 38 330
31 39 706
31 40 255
31 41 580
31 42 658
31 43 207
31 44 532
31 45 610
31 46 159
31 47 484
31 48 562
31 49 111
31 50 436
31 51 514
31 52 63
31 53 388
31 54 562
31 55 111
31 56 436
31 57 826
32 0 660
32 1 486
32 2 595
32 3 291
32 4 299
32 5 551
32 6 313
32 7 366
32 8 270
32 9 647
32 10 586
32 11 717
32 12 569
32 13 547
32 14 213
32 15 530
32 16 187
32 17 621
32 18 52
32 19 534
32 20 200
32 21 560
32 22 226
32 23 665
32 24 187
32 25 326
32 26 643
32 27 504
32 28 405
32 29 599
32 30 248
32 31 344
32 32 0
32 33 470
32 34 39
32 35 392
32 36 344
32 37 647
32 38 452
32 39 540
32 40 89
32 41 362
32 42 588
32 43 137
32 44 410
32 45 636
32 46 185
32 47 458
32 48 684
32 49 233
32 50 506
32 51 732
32 52 281
32 53 554
32 54 780
32 55 329
32 56 602
32 57 660
33 0 952
33 1 578
33 2 599
33 3 487
33 4 613
33 5 747
33 6 413
33 7 104
33 8 274
33 9 651
33 10 686
33 11 529
33 12 469
33 13 647
33 14 409
33 15 534
33 16 383
33 17 625
33 18 418
33 19 634
33 20 396
33 21 660
33 22 422
33 23 195
33 24 383
33 25 426
33 26 551
33 27 508
33 28 65
33 29 699
33 30 348
33 31 252
33 32 470
33 33 0
33 34 431
33 35 78
33 36 252
33 37 651
33 38 456
33 39 832
33 40 381
33 41 550
33 42 784
33 43 333
33 44 502
33 45 736
33 46 285
33 47 454
33 48 688
33 49 237
33 50 406
33 51 640
33 52 189
33 53 358
33 54 592
33 55 141
33 56 310
33 57 952
34 0 621
34 1 473
34 2 556
34 3 252
34 4 338
34 5 512
34 6 274
34 7 327
34 8 231
34 9 608
34 10 547
34 11 678
34 12 582
34 13 508
34 14 174
34 15 491
34 16 148
34 17 582
34 18 13
34 19 495
34 20 161
34 21 521
34 22 187
34 23 626
34 24 148
34 25 287
34 26 604
34 27 465
34 28 366
34 29 560
34 30 209
34 31 305
34 32 39
34 33 431
34 34 0
34 35 353
34 36 305
34 37 608
34 38 413
34 39 501
34 40 50
34 41 401
34 42 549
34 43 98
34 44 449
34 45 597
34 46 146
34 47 497
34 48 645
34 49 194
34 50 545
34 51 693
34 52 242
34 53 593
34 54 741
34 55 290
34 56 641
34 57 621
35 0 874
35 1 630
35 2 521
35 3 409
35 4 691
35 5 669
35 6 335
35 7 26
35 8 196
35 9 573
35 10 608
35 11 451
35 12 547
35 13 569
35 14 331
35 15 456
35 16 305
35 17 547
35 18 340
35 19 556
35 20 318
35 21 582
35 22 344
35 23 273
35 24 305
35 25 348
35 26 473
35 27 430
35 28 13
35 29 621
35 30 270
35 31 174
35 32 392
35 33 78
35 34 353
35 35 0
35 36 174
35 37 573
35 38 378
35 39 754
35 40 303
35 41 628
35 42 706
35 43 255
35 44 580
35 45 658
35 46 207
35 47 532
35 48 610
35 49 159
35 50 484
35 51 562
35 52 111
35 53 436
35 54 514
35 55 63
35 56 388
35 57 874
36 0 826
36 1 582
36 2 473
36 3 361
36 4 643
36 5 621
36 6 287
36 7 148
36 8 148
36 9 525
36 10 560
36 11 499
36 12 499
36 13 521
36 14 283
36 15 408
36 16 257
36 17 499
36 18 292
36 19 508
36 20 270
36 21 534
36 22 296
36 23 447
36 24 257
36 25 300
36 26 425
36 27 382
36 28 187
36 29 573
36 30 222
36 31 0
36 32 344
36 33 252
36 34 305
36 35 174
36 36 0
36 37 525
36 38 330
36 39 706
36 40 255
36 41 580
36 42 658
36 43 207
36 44 532
36 45 610
36 46 159
36 47 484
36 48 562
36 49 111
36 50 436
36 51 514
36 52 63
36 53 388
36 54 562
36 55 111
36 56 436
36 57 826
37 0 301
37 1 885
37 2 52
37 3 430
37 4 946
37 5 170
37 6 590
37 7 547
37 8 377
37 9 0
37 10 135
37 11 196
37 12 802
37 13 174
37 14 586
37 15 117
37 16 560
37 17 26
37 18 595
37 19 187
37 20 573
37 21 161
37 22 599
37 23 846
37 24 560
37 25 603
37 26 174
37 27 685
37 28 586
37 29 122
37 30 525
37 31 525
37 32 647
37 33 651
37 34 608
37 35 573
37 36 525
37 37 0
37 38 633
37 39 181
37 40 558
37 41 1009
37 42 133
37 43 510
37 44 961
37 45 85
37 46 462
37 47 913
37 48 37
37 49 414
37 50 865
37 51 85
37 52 462
37 53 913
37 54 133
37 55 510
37 56 961
37 57 301
38 0 934
38 1 404
38 2 581
38 3 469
38 4 439
38 5 729
38 6 395
38 7 352
38 8 256
38 9 633
38 10 668
38 11 703
38 12 169
38 13 629
38 14 391
38 15 516
38 16 365
38 17 607
38 18 400
38 19 616
38 20 378
38 21 642
38 22 404
38 23 443
38 24 365
38 25 408
38 26 629
38 27 52
38 28 391
38 29 681
38 30 330
38 31 330
38 32 452
38 33 456
38 34 413
38 35 378
38 36 330
38 37 633
38 38 0
38 39 814
38 40 363
38 41 376
38 42 766
38 43 315
38 44 328
38 45 718
38 46 267
38 47 280
38 48 670
38 49 219
38 50 232
38 51 718
38 52 267
38 53 280
38 54 766
38 55 315
38 56 328
38 57 934
39 0 120
39 1 874
39 2 233
39 3 345
39 4 839
39 5 85
39 6 675
39 7 728
39 8 558
39 9 181
39 10 146
39 11 303
39 12 983
39 13 185
39 14 575
39 15 298
39 16 549
39 17 207
39 18 488
39 19 198
39 20 562
39 21 172
39 22 588
39 23 1027
39 24 549
39 25 688
39 26 281
39 27 866
39 28 767
39 29 133
39 30 610
39 31 706
39 32 540
39 33 832
39 34 501
39 35 754
39 36 706
39 37 181
39 38 814
39 39 0
39 40 451
39 41 902
39 42 48
39 43 499
39 44 950
39 45 96
39 46 547
39 47 998
39 48 144
39 49 595
39 50 1046
39 51 192
39 52 643
39 53 1094
39 54 240
39 55 691
39 56 1142
39 57 120
40 0 571
40 1 423
40 2 506
40 3 202
40 4 388
40 5 462
40 6 224
40 7 277
40 8 181
40 9 558
40 10 497
40 11 628
40 12 532
40 13 458
40 14 124
40 15 441
40 16 98
40 17 532
40 18 37
40 19 445
40 20 111
40 21 471
40 22 137
40 23 576
40 24 98
40 25 237
40 26 554
40 27 415
40 28 316
40 29 510
40 30 159
40 31 255
40 32 89
40 33 381
40 34 50
40 35 303
40 36 255
40 37 558
40 38 363
40 39 451
40 40 0
40 41 451
40 42 499
40 43 48
40 44 499
40 45 547
40 46 96
40 47 547
40 48 595
40 49 144
40 50 595
40 51 643
40 52 192
40 53 643
40 54 691
40 55 240
40 56 691
40 57 571
41 0 1022
41 1 124
41 2 957
41 3 653
41 4 63
41 5 913
41 6 419
41 7 654
41 8 632
41 9 1009
41 10 948
41 11 1079
41 12 207
41 13 909
41 14 423
41 15 892
41 16 449
41 17 983
41 18 414
41 19 896
41 20 436
41 21 922
41 22 410
41 23 355
41 24 449
41 25 406
41 26 1005
41 27 324
41 28 615
41 29 961
41 30 484
41 31 580
41 32 362
41 33 550
41 34 401
41 35 628
41 36 580
41 37 1009
41 38 376
41 39 902
41 40 451
41 41 0
41 42 950
41 43 499
41 44 48
41 45 998
41 46 547
41 47 96
41 48 1046
41 49 595
41 50 144
41 51 1094
41 52 643
41 53 192
41 54 1142
41 55 691
41 56 240
41 57 1022
42 0 168
42 1 826
42 2 185
42 3 297
42 4 887
42 5 37
42 6 627
42 7 680
42 8 510
42 9 133
42 10 98
42 11 255
42 12 935
42 13 137
42 14 527
42 15 250
42 16 501
42 17 159
42 18 536
42 19 150
42 20 514
42 21 124
42 22 540
42 23 979
42 24 501
42 25 640
42 26 233
42 27 818
42 28 719
42 29 85
42 30 562
42 31 658
42 32 588
42 33 784
42 34 549
42 35 706
42 36 658
42 37 133
42 38 766
42 39 48
42 40 499
42 41 950
42 42 0
42 43 451
42 44 902
42 45 48
42 46 499
42 47 950
42 48 96
42 49 547
42 50 998
42 51 144
42 52 595
42 53 1046
42 54 192
42 55 643
42 56 1094
42 57 168
43 0 619
43 1 375
43 2 458
43 3 154
43 4 436
43 5 414
43 6 176
43 7 229
43 8 133
43 9 510
43 10 449
43 11 580
43 12 484
43 13 410
43 14 76
43 15 393
43 16 50
43 17 484
43 18 85
43 19 397
43 20 63
43 21 423
43 22 89
43 23 528
43 24 50
43 25 189
43 26 506
43 27 367
43 28 268
43 29 462
43 30 111
43 31 207
43 32 137
43 33 333
43 34 98
43 35 255
43 36 207
43 37 510
43 38 315
43 39 499
43 40 48
43 41 499
43 42 451
43 43 0
43 44 451
43 45 499
43 46 48
43 47 499
43 48 547
43 49 96
43 50 547
43 51 595
43 52 144
43 53 595
43 54 643
43 55 192
43 56 643
43 57 619
44 0 1070
44 1 76
44 2 909
44 3 605
44 4 111
44 5 865
44 6 371
44 7 606
44 8 584
44 9 961
44 10 900
44 11 1031
44 12 159
44 13 861
44 14 375
44 15 844
44 16 401
44 17 935
44 18 462
44 19 848
44 20 388
44 21 874
44 22 362
44 23 307
44 24 401
44 25 358
44 26 957
44 27 276
44 28 567
44 29 913
44 30 436
44 31 532
44 32 410
44 33 502
44 34 449
44 35 580
44 36 532
44 37 961
44 38 328
44 39 950
44 40 499
44 41 48
44 42 902
44 43 451
44 44 0
44 45 950
44 46 499
44 47 48
44 48 998
44 49 547
44 50 96
44 51 1046
44 52 595
44 53 144
44 54 1094
44 55 643
44 56 192
44 57 1070
45 0 216
45 1 874
45 2 137
45 3 345
45 4 935
45 5 85
45 6 579
45 7 632
45 8 462
45 9 85
45 10 50
45 11 207
45 12 887
45 13 89
45 14 575
45 15 202
45 16 549
45 17 111
45 18 584
45 19 102
45 20 562
45 21 76
45 22 588
45 23 931
45 24 549
45 25 592
45 26 185
45 27 770
45 28 671
45 29 37
45 30 514
45 31 610
45 32 636
45 33 736
45 34 597
45 35 658
45 36 610
45 37 85
45 38 718
45 39 96
45 40 547
45 41 998
45 42 48
45 43 499
45 44 950
45 45 0
45 46 451
45 47 902
45 48 48
45 49 499
45 50 950
45 51 96
45 52 547
45 53 998
45 54 144
45 55 595
45 56 1046
45 57 216
46 0 667
46 1 423
46 2 410
46 3 202
46 4 484
46 5 462
46 6 128
46 7 181
46 8 85
46 9 462
46 10 401
46 11 532
46 12 436
46 13 362
46 14 124
46 15 345
46 16 98
46 17 436
46 18 133
46 19 349
46 20 111
46 21 375
46 22 137
46 23 480
46 24 98
46 25 141
46 26 458
46 27 319
46 28 220
46 29 414
46 30 63
46 31 159
46 32 185
46 33 285
46 34 146
46 35 207
46 36 159
46 37 462
46 38 267
46 39 547
46 40 96
46 41 547
46 42 499
46 43 48
46 44 499
46 45 451
46 46 0
46 47 451
46 48 499
46 49 48
46 50 499
46 51 547
46 52 96
46 53 547
46 54 595
46 55 144
46 56 595
46 57 667
47 0 1118
47 1 124
47 2 861
47 3 653
47 4 159
47 5 913
47 6 323
47 7 558
47 8 536
47 9 913
47 10 852
47 11 983
47 12 111
47 13 813
47 14 423
47 15 796
47 16 449
47 17 887
47 18 510
47 19 800
47 20 436
47 21 826
47 22 410
47 23 259
47 24 449
47 25 310
47 26 909
47 27 228
47 28 519
47 29 865
47 30 388
47 31 484
47 32 458
47 33 454
47 34 497
47 35 532
47 36 484
47 37 913
47 38 280
47 39 998
47 40 547
47 41 96
47 42 950
47 43 499
47 44 48
47 45 902
47 46 451
47 47 0
47 48 950
47 49 499
47 50 48
47 51 998
47 52 547
47 53 96
47 54 1046
47 55 595
47 56 144
47 57 1118
48 0 264
48 1 922
48 2 89
48 3 393
48 4 983
48 5 133
48 6 627
48 7 584
48 8 414
48 9 37
48 10 98
48 11 159
48 12 839
48 13 137
48 14 623
48 15 154
48 16 597
48 17 63
48 18 632
48 19 150
48 20 610
48 21 124
48 22 636
48 23 883
48 24 597
48 25 640
48 26 137
48 27 722
48 28 623
48 29 85
48 30 562
48 31 562
48 32 684
48 33 688
48 34 645
48 35 610
48 36 562
48 37 37
48 38 670
48 39 144
48 40 595
48 41 1046
48 42 96
48 43 547
48 44 998
48 45 48
48 46 499
48 47 950
48 48 0
48 49 451
48 50 902
48 51 48
48 52 499
48 53 950
48 54 96
48 55 547
48 56 998
48 57 264
49 0 715
49 1 471
49 2 362
49 3 250
49 4 532
49 5 510
49 6 176
49 7 133
49 8 37
49 9 414
49 10 449
49 11 484
49 12 388
49 13 410
49 14 172
49 15 297
49 16 146
49 17 388
49 18 181
49 19 397
49 20 159
49 21 423
49 22 185
49 23 432
49 24 146
49 25 189
49 26 410
49 27 271
49 28 172
49 29 462
49 30 111
49 31 111
49 32 233
49 33 237
49 34 194
49 35 159
49 36 111
49 37 414
49 38 219
49 39 595
49 40 144
49 41 595
49 42 547
49 43 96
49 44 547
49 45 499
49 46 48
49 47 499
49 48 451
49 49 0
49 50 451
49 51 499
49 52 48
49 53 499
49 54 547
49 55 96
49 56 547
49 57 715
50 0 1166
50 1 172
50 2 813
50 3 701
50 4 207
50 5 961
50 6 371
50 7 510
50 8 488
50 9 865
50 10 900
50 11 935
50 12 63
50 13 861
50 14 471
50 15 748
50 16 497
50 17 839
50 18 558
50 19 848
50 20 484
50 21 874
50 22 458
50 23 211
50 24 497
50 25 358
50 26 861
50 27 180
50 28 471
50 29 913
50 30 436
50 31 436
50 32 506
50 33 406
50 34 545
50 35 484
50 36 436
50 37 865
50 38 232
50 39 1046
50 40 595
50 41 144
50 42 998
50 43 547
50 44 96
50 45 950
50 46 499
50 47 48
50 48 902
50 49 451
50 50 0
50 51 950
50 52 499
50 53 48
50 54 998
50 55 547
50 56 96
50 57 1166
51 0 312
51 1 970
51 2 137
51 3 441
51 4 1031
51 5 181
51 6 675
51 7 536
51 8 462
51 9 85
51 10 146
51 11 111
51 12 887
51 13 185
51 14 671
51 15 202
51 16 645
51 17 111
51 18 680
51 19 198
51 20 658
51 21 172
51 22 684
51 23 835
51 24 645
51 25 688
51 26 89
51 27 770
51 28 575
51 29 133
51 30 610
51 31 514
51 32 732
51 33 640
51 34 693
51 35 562
51 36 514
51 37 85
51 38 718
51 39 192
51 40 643
51 41 1094
51 42 144
51 43 595
51 44 1046
51 45 96
51 46 547
51 47 998
51 48 48
51 49 499
51 50 950
51 51 0
51 52 451
51 53 902
51 54 48
51 55 499
51 56 950
51 57 312
52 0 763
52 1 519
52 2 410
52 3 298
52 4 580
52 5 558
52 6 224
52 7 85
52 8 85
52 9 462
52 10 497
52 11 436
52 12 436
52 13 458
52 14 220
52 15 345
52 16 194
52 17 436
52 18 229
52 19 445
52 20 207
52 21 471
52 22 233
52 23 384
52 24 194
52 25 237
52 26 362
52 27 319
52 28 124
52 29 510
52 30 159
52 31 63
52 32 281
52 33 189
52 34 242
52 35 111
52 36 63
52 37 462
52 38 267
52 39 643
52 40 192
52 41 643
52 42 595
52 43 144
52 44 595
52 45 547
52 46 96
52 47 547
52 48 499
52 49 48
52 50 499
52 51 451
52 52 0
52 53 451
52 54 499
52 55 48
52 56 499
52 57 763
53 0 1214
53 1 220
53 2 861
53 3 749
53 4 255
53 5 1009
53 6 419
53 7 462
53 8 536
53 9 913
53 10 948
53 11 887
53 12 111
53 13 909
53 14 519
53 15 796
53 16 545
53 17 887
53 18 606
53 19 896
53 20 532
53 21 922
53 22 506
53 23 163
53 24 545
53 25 406
53 26 813
53 27 228
53 28 423
53 29 961
53 30 484
53 31 388
53 32 554
53 33 358
53 34 593
53 35 436
53 36 388
53 37 913
53 38 280
53 39 1094
53 40 643
53 41 192
53 42 1046
53 43 595
53 44 144
53 45 998
53 46 547
53 47 96
53 48 950
53 49 499
53 50 48
53 51 902
53 52 451
53 53 0
53 54 950
53 55 499
53 56 48
53 57 1214
54 0 360
54 1 1018
54 2 185
54 3 489
54 4 1079
54 5 229
54 6 723
54 7 488
54 8 510
54 9 133
54 10 194
54 11 63
54 12 935
54 13 233
54 14 719
54 15 250
54 16 693
54 17 159
54 18 728
54 19 246
54 20 706
54 21 220
54 22 732
54 23 787
54 24 693
54 25 736
54 26 137
54 27 818
54 28 527
54 29 181
54 30 658
54 31 562
54 32 780
54 33 592
54 34 741
54 35 514
54 36 562
54 37 133
54 38 766
54 39 240
54 40 691
54 41 1142
54 42 192
54 43 643
54 44 1094
54 45 144
54 46 595
54 47 1046
54 48 96
54 49 547
54 50 998
54 51 48
54 52 499
54 53 950
54 54 0
54 55 451
54 56 902
54 57 360
55 0 811
55 1 567
55 2 458
55 3 346
55 4 628
55 5 606
55 6 272
55 7 37
55 8 133
55 9 510
55 10 545
55 11 388
55 12 484
55 13 506
55 14 268
55 15 393
55 16 242
55 17 484
55 18 277
55 19 493
55 20 255
55 21 519
55 22 281
55 23 336
55 24 242
55 25 285
55 26 410
55 27 367
55 28 76
55 29 558
55 30 207
55 31 111
55 32 329
55 33 141
55 34 290
55 35 63
55 36 111
55 37 510
55 38 315
55 39 691
55 40 240
55 41 691
55 42 643
55 43 192
55 44 643
55 45 595
55 46 144
55 47 595
55 48 547
55 49 96
55 50 547
55 51 499
55 52 48
55 53 499
55 54 451
55 55 0
55 56 451
55 57 811
56 0 1262
56 1 268
56 2 909
56 3 797
56 4 303
56 5 1057
56 6 467
56 7 414
56 8 584
56 9 961
56 10 996
56 11 839
56 12 159
56 13 957
56 14 567
56 15 844
56 16 593
56 17 935
56 18 654
56 19 944
56 20 580
56 21 970
56 22 554
56 23 115
56 24 593
56 25 454
56 26 861
56 27 276
56 28 375
56 29 1009
56 30 532
56 31 436
56 32 602
56 33 310
56 34 641
56 35 388
56 36 436
56 37 961
56 38 328
56 39 1142
56 40 691
56 41 240
56 42 1094
56 43 643
56 44 192
56 45 1046
56 46 595
56 47 144
56 48 998
56 49 547
56 50 96
56 51 950
56 52 499
56 53 48
56 54 902
56 55 451
56 56 0
56 57 1262
57 0 0
57 1 994
57 2 353
57 3 465
57 4 959
57 5 205
57 6 795
57 7 848
57 8 678
57 9 301
57 10 266
57 11 423
57 12 1103
57 13 305
57 14 695
57 15 418
57 16 669
57 17 327
57 18 608
57 19 318
57 20 682
57 21 292
57 22 708
57 23 1147
57 24 669
57 25 808
57 26 401
57 27 986
57 28 887
57 29 253
57 30 730
57 31 826
57 32 660
57 33 952
57 34 621
57 35 874
57 36 826
57 37 301
57 38 934
57 39 120
57 40 571
57 41 1022
57 42 168
57 43 619
57 44 1070
57 45 216
57 46 667
57 47 1118
57 48 264
57 49 715
57 50 1166
57 51 312
57 52 763
57 53 1214
57 54 360
57 55 811
57 56 1262
57 57 0
//Location coordinates LocationName
//Loc x y
0 0.0 0.0 "depot"
1 48.0 946.0 "product aisle 1 bloc 1 rank 53"
2 144.0 209.0 "product aisle 3 bloc 0 rank 9"
3 48.0 417.0 "product aisle 1 bloc 0 rank 41"
4 0.0 959.0 "product aisle 0 bloc 1 rank 55"
5 48.0 157.0 "product aisle 1 bloc 0 rank 2"
6 96.0 699.0 "product aisle 2 bloc 1 rank 16"
7 240.0 608.0 "product aisle 5 bloc 1 rank 1"
8 144.0 534.0 "product aisle 3 bloc 0 rank 60"
9 144.0 157.0 "product aisle 3 bloc 0 rank 2"
10 96.0 170.0 "product aisle 2 bloc 0 rank 4"
11 240.0 183.0 "product aisle 5 bloc 0 rank 5"
12 144.0 959.0 "product aisle 3 bloc 1 rank 56"
13 96.0 209.0 "product aisle 2 bloc 0 rank 9"
14 48.0 647.0 "product aisle 1 bloc 1 rank 7"
15 144.0 274.0 "product aisle 3 bloc 0 rank 20"
16 48.0 621.0 "product aisle 1 bloc 1 rank 3"
17 144.0 183.0 "product aisle 3 bloc 0 rank 5"
18 0.0 608.0 "product aisle 0 bloc 1 rank 1"
19 96.0 222.0 "product aisle 2 bloc 0 rank 12"
20 48.0 634.0 "product aisle 1 bloc 1 rank 6"
21 96.0 196.0 "product aisle 2 bloc 0 rank 8"
22 48.0 660.0 "product aisle 1 bloc 1 rank 10"
23 240.0 907.0 "product aisle 5 bloc 1 rank 48"
24 48.0 621.0 "product aisle 1 bloc 1 rank 4"
25 96.0 712.0 "product aisle 2 bloc 1 rank 18"
26 192.0 209.0 "product aisle 4 bloc 0 rank 10"
27 144.0 842.0 "product aisle 3 bloc 1 rank 37"
28 240.0 647.0 "product aisle 5 bloc 1 rank 7"
29 96.0 157.0 "product aisle 2 bloc 0 rank 2"
30 96.0 634.0 "product aisle 2 bloc 1 rank 5"
31 192.0 634.0 "product aisle 4 bloc 1 rank 5"
32 0.0 660.0 "product aisle 0 bloc 1 rank 9"
33 240.0 712.0 "product aisle 5 bloc 1 rank 18"
34 0.0 621.0 "product aisle 0 bloc 1 rank 3"
35 240.0 634.0 "product aisle 5 bloc 1 rank 6"
36 192.0 634.0 "product aisle 4 bloc 1 rank 6"
37 144.0 157.0 "product aisle 3 bloc 0 rank 1"
38 144.0 790.0 "product aisle 3 bloc 1 rank 30"
39 24.0 120.0 "intersection aisle 0 bloc 0 rank 0"
40 24.0 571.0 "intersection aisle 0 bloc 1 rank 1"
41 24.0 1022.0 "intersection aisle 0 bloc 2 rank 2"
42 72.0 120.0 "intersection aisle 1 bloc 0 rank 0"
43 72.0 571.0 "intersection aisle 1 bloc 1 rank 1"
44 72.0 1022.0 "intersection aisle 1 bloc 2 rank 2"
45 120.0 120.0 "intersection aisle 2 bloc 0 rank 0"
46 120.0 571.0 "intersection aisle 2 bloc 1 rank 1"
47 120.0 1022.0 "intersection aisle 2 bloc 2 rank 2"
48 168.0 120.0 "intersection aisle 3 bloc 0 rank 0"
49 168.0 571.0 "intersection aisle 3 bloc 1 rank 1"
50 168.0 1022.0 "intersection aisle 3 bloc 2 rank 2"
51 216.0 120.0 "intersection aisle 4 bloc 0 rank 0"
52 216.0 571.0 "intersection aisle 4 bloc 1 rank 1"
53 216.0 1022.0 "intersection aisle 4 bloc 2 rank 2"
54 264.0 120.0 "intersection aisle 5 bloc 0 rank 0"
55 264.0 571.0 "intersection aisle 5 bloc 1 rank 1"
56 264.0 1022.0 "intersection aisle 5 bloc 2 rank 2"
57 0.0 0.0 "depot"
