//alpha
1
//NbLocations
81
//NbProducts
26
//NbPickers
2
//CapaPicker
12
//TimeToTravelOneDistanceUnit
3
//SetupTime
5400
//PickTime
300
//Products
//Idx Location Size
1 1 1
2 2 1
3 3 1
4 4 1
5 5 1
6 6 1
7 7 1
8 8 1
9 9 1
10 10 1
11 11 1
12 12 1
13 13 1
14 14 1
15 15 1
16 16 1
17 17 1
18 18 1
19 19 1
20 20 1
21 21 1
22 22 1
23 23 1
24 24 1
25 25 1
26 26 1
//Orders
//NbOrders
12
//Idx DueDate TardinessPenalty NbProdInOrder ProdIdx1 Qty1 ProdIdx2 Qty2 ...
1 72000 0 4 1 1 2 1 3 1 4 1
2 54000 0 4 5 1 6 1 7 1 8 1
3 72000 0 1 9 1
4 108000 0 2 10 1 11 1
5 90000 0 1 12 1
6 36000 0 1 13 1
7 72000 0 4 14 1 15 1 16 1 17 1
8 90000 0 2 18 1 19 1
9 72000 0 1 20 1
10 90000 0 1 21 1
11 108000 0 3 22 1 23 1 24 1
12 72000 0 2 25 1 26 1
//Graph (Products are vertices indexed from 1 to NbProducts)
//NbVerticesIntersections
54
//DepartingDepot
0
//ArrivalDepot
81
//Arcs
//Start End Distance
0 27 120
1 4 182
1 52 375
2 9 663
2 64 336
3 43 115
3 44 1116
4 1 182
4 53 674
5 22 195
5 57 492
6 24 78
6 64 388
7 10 351
7 12 559
8 51 778
8 52 453
9 2 663
9 63 232
10 7 351
10 72 37
11 25 377
11 76 778
12 7 559
12 73 284
13 31 102
13 32 1129
14 73 596
14 74 635
15 39 1181
15 40 50
16 60 141
16 61 1090
17 48 1181
17 49 50
18 46 492
18 47 739
19 69 245
19 70 986
20 28 856
20 29 375
21 70 882
21 71 349
22 5 195
22 58 544
23 54 700
23 55 531
24 6 78
24 65 765
25 11 377
25 75 76
26 33 882
26 34 349
27 28 1231
27 30 48
27 81 120
28 20 856
28 27 1231
28 31 48
29 20 375
29 32 48
30 27 48
30 31 1231
30 33 48
31 13 102
31 28 48
31 30 1231
31 34 48
32 13 1129
32 29 48
32 35 48
33 26 882
33 30 48
33 36 48
34 26 349
34 31 48
34 35 1231
34 37 48
35 32 48
35 34 1231
35 38 48
36 33 48
36 37 1231
36 39 48
37 34 48
37 36 1231
37 38 1231
37 40 48
38 35 48
38 37 1231
38 41 48
39 15 1181
39 36 48
39 42 48
40 15 50
40 37 48
40 41 1231
40 43 48
41 38 48
41 40 1231
41 44 48
42 39 48
42 43 1231
42 45 48
43 3 115
43 40 48
43 42 1231
43 46 48
44 3 1116
44 41 48
44 47 48
45 42 48
45 46 1231
45 48 48
46 18 492
46 43 48
46 45 1231
46 49 48
47 18 739
47 44 48
47 50 48
48 17 1181
48 45 48
48 51 48
49 17 50
49 46 48
49 50 1231
49 52 48
50 47 48
50 49 1231
50 53 48
51 8 778
51 48 48
51 54 48
52 1 375
52 8 453
52 49 48
52 55 48
53 4 674
53 50 48
53 56 48
54 23 700
54 51 48
54 57 48
55 23 531
55 52 48
55 56 1231
55 58 48
56 53 48
56 55 1231
56 59 48
57 5 492
57 54 48
57 60 48
58 22 544
58 55 48
58 59 1231
58 61 48
59 56 48
59 58 1231
59 62 48
60 16 141
60 57 48
60 63 48
61 16 1090
61 58 48
61 62 1231
61 64 48
62 59 48
62 61 1231
62 65 48
63 9 232
63 60 48
63 66 48
64 2 336
64 6 388
64 61 48
64 67 48
65 24 765
65 62 48
65 68 48
66 63 48
66 67 1231
66 69 48
67 64 48
67 66 1231
67 68 1231
67 70 48
68 65 48
68 67 1231
68 71 48
69 19 245
69 66 48
69 72 48
70 19 986
70 21 882
70 67 48
70 73 48
71 21 349
71 68 48
71 74 48
72 10 37
72 69 48
72 75 48
73 12 284
73 14 596
73 70 48
73 76 48
74 14 635
74 71 48
74 77 48
75 25 76
75 72 48
75 78 48
76 11 778
76 73 48
76 77 1231
76 79 48
77 74 48
77 76 1231
77 80 48
78 75 48
78 79 1231
79 76 48
79 78 1231
79 80 1231
80 77 48
80 79 1231
//LocStart LocEnd ShortestPath
0 0 0
0 1 2110
0 2 1591
0 3 1706
0 4 2292
0 5 1092
0 6 2315
0 7 1228
0 8 1282
0 9 928
0 10 877
0 11 1341
0 12 1787
0 13 1501
0 14 2667
0 15 1493
0 16 789
0 17 1637
0 18 2131
0 19 1037
0 20 2207
0 21 2905
0 22 1287
0 23 1252
0 24 2393
0 25 964
0 26 1098
0 27 120
0 28 1351
0 29 2582
0 30 168
0 31 1399
0 32 2630
0 33 216
0 34 1447
0 35 2678
0 36 264
0 37 1495
0 38 2726
0 39 312
0 40 1543
0 41 2774
0 42 360
0 43 1591
0 44 2822
0 45 408
0 46 1639
0 47 2870
0 48 456
0 49 1687
0 50 2918
0 51 504
0 52 1735
0 53 2966
0 54 552
0 55 1783
0 56 3014
0 57 600
0 58 1831
0 59 3062
0 60 648
0 61 1879
0 62 3110
0 63 696
0 64 1927
0 65 3158
0 66 744
0 67 1975
0 68 3206
0 69 792
0 70 2023
0 71 3254
0 72 840
0 73 2071
0 74 3302
0 75 888
0 76 2119
0 77 3350
0 78 936
0 79 2167
0 80 3398
0 81 0
1 0 2110
1 1 0
1 2 903
1 3 634
1 4 182
1 5 1210
1 6 955
1 7 1554
1 8 828
1 9 1566
1 10 1905
1 11 1537
1 12 995
1 13 813
1 14 1307
1 15 617
1 16 1609
1 17 473
1 18 963
1 19 1649
1 20 1615
1 21 1493
1 22 1015
1 23 954
1 24 1033
1 25 1914
1 26 1012
1 27 1990
1 28 759
1 29 1240
1 30 1942
1 31 711
1 32 1192
1 33 1894
1 34 663
1 35 1144
1 36 1846
1 37 615
1 38 1096
1 39 1798
1 40 567
1 41 1048
1 42 1750
1 43 519
1 44 1000
1 45 1702
1 46 471
1 47 952
1 48 1654
1 49 423
1 50 904
1 51 1606
1 52 375
1 53 856
1 54 1654
1 55 423
1 56 904
1 57 1702
1 58 471
1 59 952
1 60 1750
1 61 519
1 62 1000
1 63 1798
1 64 567
1 65 1048
1 66 1846
1 67 615
1 68 1096
1 69 1894
1 70 663
1 71 1144
1 72 1942
1 73 711
1 74 1192
1 75 1990
1 76 759
1 77 1240
1 78 2038
1 79 807
1 80 1288
1 81 2110
2 0 1591
2 1 903
2 2 0
2 3 787
2 4 1085
2 5 1171
2 6 724
2 7 1323
2 8 981
2 9 663
2 10 1076
2 11 1306
2 12 764
2 13 966
2 14 1076
2 15 770
2 16 1084
2 17 626
2 18 1116
2 19 1236
2 20 1768
2 21 1314
2 22 976
2 23 1011
2 24 802
2 25 1163
2 26 1165
2 27 1471
2 28 912
2 29 2143
2 30 1423
2 31 864
2 32 2095
2 33 1375
2 34 816
2 35 2047
2 36 1327
2 37 768
2 38 1999
2 39 1279
2 40 720
2 41 1951
2 42 1231
2 43 672
2 44 1903
2 45 1183
2 46 624
2 47 1855
2 48 1135
2 49 576
2 50 1807
2 51 1087
2 52 528
2 53 1759
2 54 1039
2 55 480
2 56 1711
2 57 991
2 58 432
2 59 1663
2 60 943
2 61 384
2 62 1615
2 63 895
2 64 336
2 65 1567
2 66 943
2 67 384
2 68 1615
2 69 991
2 70 432
2 71 1663
2 72 1039
2 73 480
2 74 1711
2 75 1087
2 76 528
2 77 1759
2 78 1135
2 79 576
2 80 1807
2 81 1591
3 0 1706
3 1 634
3 2 787
3 3 0
3 4 816
3 5 1094
3 6 839
3 7 1438
3 8 712
3 9 1450
3 10 1789
3 11 1421
3 12 879
3 13 409
3 14 1191
3 15 213
3 16 1493
3 17 261
3 18 655
3 19 1533
3 20 1211
3 21 1429
3 22 899
3 23 838
3 24 917
3 25 1798
3 26 608
3 27 1586
3 28 355
3 29 1356
3 30 1538
3 31 307
3 32 1308
3 33 1490
3 34 259
3 35 1260
3 36 1442
3 37 211
3 38 1212
3 39 1394
3 40 163
3 41 1164
3 42 1346
3 43 115
3 44 1116
3 45 1394
3 46 163
3 47 1164
3 48 1442
3 49 211
3 50 1212
3 51 1490
3 52 259
3 53 1260
3 54 1538
3 55 307
3 56 1308
3 57 1586
3 58 355
3 59 1356
3 60 1634
3 61 403
3 62 1404
3 63 1682
3 64 451
3 65 1452
3 66 1730
3 67 499
3 68 1500
3 69 1778
3 70 547
3 71 1548
3 72 1826
3 73 595
3 74 1596
3 75 1874
3 76 643
3 77 1644
3 78 1922
3 79 691
3 80 1692
3 81 1706
4 0 2292
4 1 182
4 2 1085
4 3 816
4 4 0
4 5 1392
4 6 1137
4 7 1736
4 8 1010
4 9 1748
4 10 2087
4 11 1719
4 12 1177
4 13 995
4 14 1489
4 15 799
4 16 1791
4 17 655
4 18 1145
4 19 1831
4 20 1433
4 21 1311
4 22 1197
4 23 1136
4 24 1215
4 25 2096
4 26 1194
4 27 2172
4 28 941
4 29 1058
4 30 2124
4 31 893
4 32 1010
4 33 2076
4 34 845
4 35 962
4 36 2028
4 37 797
4 38 914
4 39 1980
4 40 749
4 41 866
4 42 1932
4 43 701
4 44 818
4 45 1884
4 46 653
4 47 770
4 48 1836
4 49 605
4 50 722
4 51 1788
4 52 557
4 53 674
4 54 1836
4 55 605
4 56 722
4 57 1884
4 58 653
4 59 770
4 60 1932
4 61 701
4 62 818
4 63 1980
4 64 749
4 65 866
4 66 2028
4 67 797
4 68 914
4 69 2076
4 70 845
4 71 962
4 72 2124
4 73 893
4 74 1010
4 75 2172
4 76 941
4 77 1058
4 78 2220
4 79 989
4 80 1106
4 81 2292
5 0 1092
5 1 1210
5 2 1171
5 3 1094
5 4 1392
5 5 0
5 6 1223
5 7 1120
5 8 1288
5 9 820
5 10 769
5 11 1233
5 12 1263
5 13 1273
5 14 1575
5 15 1077
5 16 681
5 17 933
5 18 1423
5 19 929
5 20 2075
5 21 1813
5 22 195
5 23 1240
5 24 1301
5 25 856
5 26 1472
5 27 972
5 28 1219
5 29 2450
5 30 924
5 31 1171
5 32 2402
5 33 876
5 34 1123
5 35 2354
5 36 828
5 37 1075
5 38 2306
5 39 780
5 40 1027
5 41 2258
5 42 732
5 43 979
5 44 2210
5 45 684
5 46 931
5 47 2162
5 48 636
5 49 883
5 50 2114
5 51 588
5 52 835
5 53 2066
5 54 540
5 55 787
5 56 2018
5 57 492
5 58 739
5 59 1970
5 60 540
5 61 787
5 62 2018
5 63 588
5 64 835
5 65 2066
5 66 636
5 67 883
5 68 2114
5 69 684
5 70 931
5 71 2162
5 72 732
5 73 979
5 74 2210
5 75 780
5 76 1027
5 77 2258
5 78 828
5 79 1075
5 80 2306
5 81 1092
6 0 2315
6 1 955
6 2 724
6 3 839
6 4 1137
6 5 1223
6 6 0
6 7 1375
6 8 1033
6 9 1387
6 10 1726
6 11 1358
6 12 816
6 13 1018
6 14 1128
6 15 822
6 16 1526
6 17 678
6 18 1168
6 19 1470
6 20 1794
6 21 1288
6 22 1028
6 23 1063
6 24 78
6 25 1735
6 26 1217
6 27 2195
6 28 964
6 29 1419
6 30 2147
6 31 916
6 32 1371
6 33 2099
6 34 868
6 35 1323
6 36 2051
6 37 820
6 38 1275
6 39 2003
6 40 772
6 41 1227
6 42 1955
6 43 724
6 44 1179
6 45 1907
6 46 676
6 47 1131
6 48 1859
6 49 628
6 50 1083
6 51 1811
6 52 580
6 53 1035
6 54 1763
6 55 532
6 56 987
6 57 1715
6 58 484
6 59 939
6 60 1667
6 61 436
6 62 891
6 63 1619
6 64 388
6 65 843
6 66 1667
6 67 436
6 68 891
6 69 1715
6 70 484
6 71 939
6 72 1763
6 73 532
6 74 987
6 75 1811
6 76 580
6 77 1035
6 78 1859
6 79 628
6 80 1083
6 81 2315
7 0 1228
7 1 1554
7 2 1323
7 3 1438
7 4 1736
7 5 1120
7 6 1375
7 7 0
7 8 1502
7 9 764
7 10 351
7 11 889
7 12 559
7 13 1617
7 14 1439
7 15 1421
7 16 721
7 17 1277
7 18 1767
7 19 681
7 20 2419
7 21 1773
7 22 1315
7 23 1376
7 24 1453
7 25 512
7 26 1816
7 27 1108
7 28 1563
7 29 2794
7 30 1060
7 31 1515
7 32 2746
7 33 1012
7 34 1467
7 35 2698
7 36 964
7 37 1419
7 38 2650
7 39 916
7 40 1371
7 41 2602
7 42 868
7 43 1323
7 44 2554
7 45 820
7 46 1275
7 47 2506
7 48 772
7 49 1227
7 50 2458
7 51 724
7 52 1179
7 53 2410
7 54 676
7 55 1131
7 56 2362
7 57 628
7 58 1083
7 59 2314
7 60 580
7 61 1035
7 62 2266
7 63 532
7 64 987
7 65 2218
7 66 484
7 67 939
7 68 2170
7 69 436
7 70 891
7 71 2122
7 72 388
7 73 843
7 74 2074
7 75 436
7 76 891
7 77 2122
7 78 484
7 79 939
7 80 2170
7 81 1228
8 0 1282
8 1 828
8 2 981
8 3 712
8 4 1010
8 5 1288
8 6 1033
8 7 1502
8 8 0
8 9 1202
8 10 1151
8 11 1615
8 12 1073
8 13 891
8 14 1385
8 15 695
8 16 1063
8 17 551
8 18 1041
8 19 1311
8 20 1693
8 21 1623
8 22 1093
8 23 1032
8 24 1111
8 25 1238
8 26 1090
8 27 1162
8 28 837
8 29 2068
8 30 1114
8 31 789
8 32 2020
8 33 1066
8 34 741
8 35 1972
8 36 1018
8 37 693
8 38 1924
8 39 970
8 40 645
8 41 1876
8 42 922
8 43 597
8 44 1828
8 45 874
8 46 549
8 47 1780
8 48 826
8 49 501
8 50 1732
8 51 778
8 52 453
8 53 1684
8 54 826
8 55 501
8 56 1732
8 57 874
8 58 549
8 59 1780
8 60 922
8 61 597
8 62 1828
8 63 970
8 64 645
8 65 1876
8 66 1018
8 67 693
8 68 1924
8 69 1066
8 70 741
8 71 1972
8 72 1114
8 73 789
8 74 2020
8 75 1162
8 76 837
8 77 2068
8 78 1210
8 79 885
8 80 2116
8 81 1282
9 0 928
9 1 1566
9 2 663
9 3 1450
9 4 1748
9 5 820
9 6 1387
9 7 764
9 8 1202
9 9 0
9 10 413
9 11 877
9 12 1323
9 13 1629
9 14 1739
9 15 1433
9 16 421
9 17 1289
9 18 1779
9 19 573
9 20 2431
9 21 1977
9 22 1015
9 23 1076
9 24 1465
9 25 500
9 26 1594
9 27 808
9 28 1575
9 29 2806
9 30 760
9 31 1527
9 32 2758
9 33 712
9 34 1479
9 35 2710
9 36 664
9 37 1431
9 38 2662
9 39 616
9 40 1383
9 41 2614
9 42 568
9 43 1335
9 44 2566
9 45 520
9 46 1287
9 47 2518
9 48 472
9 49 1239
9 50 2470
9 51 424
9 52 1191
9 53 2422
9 54 376
9 55 1143
9 56 2374
9 57 328
9 58 1095
9 59 2326
9 60 280
9 61 1047
9 62 2278
9 63 232
9 64 999
9 65 2230
9 66 280
9 67 1047
9 68 2278
9 69 328
9 70 1095
9 71 2326
9 72 376
9 73 1143
9 74 2374
9 75 424
9 76 1191
9 77 2422
9 78 472
9 79 1239
9 80 2470
9 81 928
10 0 877
10 1 1905
10 2 1076
10 3 1789
10 4 2087
10 5 769
10 6 1726
10 7 351
10 8 1151
10 9 413
10 10 0
10 11 538
10 12 910
10 13 1968
10 14 1790
10 15 1746
10 16 370
10 17 1602
10 18 2118
10 19 330
10 20 2770
10 21 2124
10 22 964
10 23 1025
10 24 1804
10 25 161
10 26 1543
10 27 757
10 28 1914
10 29 3145
10 30 709
10 31 1866
10 32 3097
10 33 661
10 34 1818
10 35 3049
10 36 613
10 37 1770
10 38 3001
10 39 565
10 40 1722
10 41 2953
10 42 517
10 43 1674
10 44 2905
10 45 469
10 46 1626
10 47 2857
10 48 421
10 49 1578
10 50 2809
10 51 373
10 52 1530
10 53 2761
10 54 325
10 55 1482
10 56 2713
10 57 277
10 58 1434
10 59 2665
10 60 229
10 61 1386
10 62 2617
10 63 181
10 64 1338
10 65 2569
10 66 133
10 67 1290
10 68 2521
10 69 85
10 70 1242
10 71 2473
10 72 37
10 73 1194
10 74 2425
10 75 85
10 76 1242
10 77 2473
10 78 133
10 79 1290
10 80 2521
10 81 877
11 0 1341
11 1 1537
11 2 1306
11 3 1421
11 4 1719
11 5 1233
11 6 1358
11 7 889
11 8 1615
11 9 877
11 10 538
11 11 0
11 12 1110
11 13 1600
11 14 1422
11 15 1404
11 16 834
11 17 1260
11 18 1750
11 19 794
11 20 2402
11 21 1756
11 22 1428
11 23 1489
11 24 1436
11 25 377
11 26 1799
11 27 1221
11 28 1546
11 29 2777
11 30 1173
11 31 1498
11 32 2729
11 33 1125
11 34 1450
11 35 2681
11 36 1077
11 37 1402
11 38 2633
11 39 1029
11 40 1354
11 41 2585
11 42 981
11 43 1306
11 44 2537
11 45 933
11 46 1258
11 47 2489
11 48 885
11 49 1210
11 50 2441
11 51 837
11 52 1162
11 53 2393
11 54 789
11 55 1114
11 56 2345
11 57 741
11 58 1066
11 59 2297
11 60 693
11 61 1018
11 62 2249
11 63 645
11 64 970
11 65 2201
11 66 597
11 67 922
11 68 2153
11 69 549
11 70 874
11 71 2105
11 72 501
11 73 826
11 74 2057
11 75 453
11 76 778
11 77 2009
11 78 501
11 79 826
11 80 2057
11 81 1341
12 0 1787
12 1 995
12 2 764
12 3 879
12 4 1177
12 5 1263
12 6 816
12 7 559
12 8 1073
12 9 1323
12 10 910
12 11 1110
12 12 0
12 13 1058
12 14 880
12 15 862
12 16 1280
12 17 718
12 18 1208
12 19 1240
12 20 1860
12 21 1214
12 22 1068
12 23 1103
12 24 894
12 25 1071
12 26 1257
12 27 1667
12 28 1004
12 29 2235
12 30 1619
12 31 956
12 32 2187
12 33 1571
12 34 908
12 35 2139
12 36 1523
12 37 860
12 38 2091
12 39 1475
12 40 812
12 41 2043
12 42 1427
12 43 764
12 44 1995
12 45 1379
12 46 716
12 47 1947
12 48 1331
12 49 668
12 50 1899
12 51 1283
12 52 620
12 53 1851
12 54 1235
12 55 572
12 56 1803
12 57 1187
12 58 524
12 59 1755
12 60 1139
12 61 476
12 62 1707
12 63 1091
12 64 428
12 65 1659
12 66 1043
12 67 380
12 68 1611
12 69 995
12 70 332
12 71 1563
12 72 947
12 73 284
12 74 1515
12 75 995
12 76 332
12 77 1563
12 78 1043
12 79 380
12 80 1611
12 81 1787
13 0 1501
13 1 813
13 2 966
13 3 409
13 4 995
13 5 1273
13 6 1018
13 7 1617
13 8 891
13 9 1629
13 10 1968
13 11 1600
13 12 1058
13 13 0
13 14 1370
13 15 296
13 16 1672
13 17 440
13 18 834
13 19 1712
13 20 1006
13 21 1608
13 22 1078
13 23 1017
13 24 1096
13 25 1977
13 26 499
13 27 1381
13 28 150
13 29 1177
13 30 1333
13 31 102
13 32 1129
13 33 1381
13 34 150
13 35 1177
13 36 1429
13 37 198
13 38 1225
13 39 1477
13 40 246
13 41 1273
13 42 1525
13 43 294
13 44 1321
13 45 1573
13 46 342
13 47 1369
13 48 1621
13 49 390
13 50 1417
13 51 1669
13 52 438
13 53 1465
13 54 1717
13 55 486
13 56 1513
13 57 1765
13 58 534
13 59 1561
13 60 1813
13 61 582
13 62 1609
13 63 1861
13 64 630
13 65 1657
13 66 1909
13 67 678
13 68 1705
13 69 1957
13 70 726
13 71 1753
13 72 2005
13 73 774
13 74 1801
13 75 2053
13 76 822
13 77 1849
13 78 2101
13 79 870
13 80 1897
13 81 1501
14 0 2667
14 1 1307
14 2 1076
14 3 1191
14 4 1489
14 5 1575
14 6 1128
14 7 1439
14 8 1385
14 9 1739
14 10 1790
14 11 1422
14 12 880
14 13 1370
14 14 0
14 15 1174
14 16 1878
14 17 1030
14 18 1520
14 19 1630
14 20 1730
14 21 1032
14 22 1380
14 23 1415
14 24 1206
14 25 1799
14 26 1569
14 27 2547
14 28 1316
14 29 1355
14 30 2499
14 31 1268
14 32 1307
14 33 2451
14 34 1220
14 35 1259
14 36 2403
14 37 1172
14 38 1211
14 39 2355
14 40 1124
14 41 1163
14 42 2307
14 43 1076
14 44 1115
14 45 2259
14 46 1028
14 47 1067
14 48 2211
14 49 980
14 50 1019
14 51 2163
14 52 932
14 53 971
14 54 2115
14 55 884
14 56 923
14 57 2067
14 58 836
14 59 875
14 60 2019
14 61 788
14 62 827
14 63 1971
14 64 740
14 65 779
14 66 1923
14 67 692
14 68 731
14 69 1875
14 70 644
14 71 683
14 72 1827
14 73 596
14 74 635
14 75 1875
14 76 644
14 77 683
14 78 1923
14 79 692
14 80 731
14 81 2667
15 0 1493
15 1 617
15 2 770
15 3 213
15 4 799
15 5 1077
15 6 822
15 7 1421
15 8 695
15 9 1433
15 10 1746
15 11 1404
15 12 862
15 13 296
15 14 1174
15 15 0
15 16 1476
15 17 244
15 18 638
15 19 1516
15 20 1098
15 21 1412
15 22 882
15 23 821
15 24 900
15 25 1781
15 26 495
15 27 1373
15 28 242
15 29 1473
15 30 1325
15 31 194
15 32 1425
15 33 1277
15 34 146
15 35 1377
15 36 1229
15 37 98
15 38 1329
15 39 1181
15 40 50
15 41 1281
15 42 1229
15 43 98
15 44 1329
15 45 1277
15 46 146
15 47 1377
15 48 1325
15 49 194
15 50 1425
15 51 1373
15 52 242
15 53 1473
15 54 1421
15 55 290
15 56 1521
15 57 1469
15 58 338
15 59 1569
15 60 1517
15 61 386
15 62 1617
15 63 1565
15 64 434
15 65 1665
15 66 1613
15 67 482
15 68 1713
15 69 1661
15 70 530
15 71 1761
15 72 1709
15 73 578
15 74 1809
15 75 1757
15 76 626
15 77 1857
15 78 1805
15 79 674
15 80 1905
15 81 1493
16 0 789
16 1 1609
16 2 1084
16 3 1493
16 4 1791
16 5 681
16 6 1526
16 7 721
16 8 1063
16 9 421
16 10 370
16 11 834
16 12 1280
16 13 1672
16 14 1878
16 15 1476
16 16 0
16 17 1332
16 18 1822
16 19 530
16 20 2474
16 21 2116
16 22 876
16 23 937
16 24 1604
16 25 457
16 26 1455
16 27 669
16 28 1618
16 29 2849
16 30 621
16 31 1570
16 32 2801
16 33 573
16 34 1522
16 35 2753
16 36 525
16 37 1474
16 38 2705
16 39 477
16 40 1426
16 41 2657
16 42 429
16 43 1378
16 44 2609
16 45 381
16 46 1330
16 47 2561
16 48 333
16 49 1282
16 50 2513
16 51 285
16 52 1234
16 53 2465
16 54 237
16 55 1186
16 56 2417
16 57 189
16 58 1138
16 59 2369
16 60 141
16 61 1090
16 62 2321
16 63 189
16 64 1138
16 65 2369
16 66 237
16 67 1186
16 68 2417
16 69 285
16 70 1234
16 71 2465
16 72 333
16 73 1282
16 74 2513
16 75 381
16 76 1330
16 77 2561
16 78 429
16 79 1378
16 80 2609
16 81 789
17 0 1637
17 1 473
17 2 626
17 3 261
17 4 655
17 5 933
17 6 678
17 7 1277
17 8 551
17 9 1289
17 10 1602
17 11 1260
17 12 718
17 13 440
17 14 1030
17 15 244
17 16 1332
17 17 0
17 18 590
17 19 1372
17 20 1242
17 21 1268
17 22 738
17 23 677
17 24 756
17 25 1637
17 26 639
17 27 1517
17 28 386
17 29 1617
17 30 1469
17 31 338
17 32 1569
17 33 1421
17 34 290
17 35 1521
17 36 1373
17 37 242
17 38 1473
17 39 1325
17 40 194
17 41 1425
17 42 1277
17 43 146
17 44 1377
17 45 1229
17 46 98
17 47 1329
17 48 1181
17 49 50
17 50 1281
17 51 1229
17 52 98
17 53 1329
17 54 1277
17 55 146
17 56 1377
17 57 1325
17 58 194
17 59 1425
17 60 1373
17 61 242
17 62 1473
17 63 1421
17 64 290
17 65 1521
17 66 1469
17 67 338
17 68 1569
17 69 1517
17 70 386
17 71 1617
17 72 1565
17 73 434
17 74 1665
17 75 1613
17 76 482
17 77 1713
17 78 1661
17 79 530
17 80 1761
17 81 1637
18 0 2131
18 1 963
18 2 1116
18 3 655
18 4 1145
18 5 1423
18 6 1168
18 7 1767
18 8 1041
18 9 1779
18 10 2118
18 11 1750
18 12 1208
18 13 834
18 14 1520
18 15 638
18 16 1822
18 17 590
18 18 0
18 19 1862
18 20 1402
18 21 1472
18 22 1228
18 23 1167
18 24 1246
18 25 2127
18 26 1033
18 27 2011
18 28 780
18 29 1027
18 30 1963
18 31 732
18 32 979
18 33 1915
18 34 684
18 35 931
18 36 1867
18 37 636
18 38 883
18 39 1819
18 40 588
18 41 835
18 42 1771
18 43 540
18 44 787
18 45 1723
18 46 492
18 47 739
18 48 1771
18 49 540
18 50 787
18 51 1819
18 52 588
18 53 835
18 54 1867
18 55 636
18 56 883
18 57 1915
18 58 684
18 59 931
18 60 1963
18 61 732
18 62 979
18 63 2011
18 64 780
18 65 1027
18 66 2059
18 67 828
18 68 1075
18 69 2107
18 70 876
18 71 1123
18 72 2155
18 73 924
18 74 1171
18 75 2203
18 76 972
18 77 1219
18 78 2251
18 79 1020
18 80 1267
18 81 2131
19 0 1037
19 1 1649
19 2 1236
19 3 1533
19 4 1831
19 5 929
19 6 1470
19 7 681
19 8 1311
19 9 573
19 10 330
19 11 794
19 12 1240
19 13 1712
19 14 1630
19 15 1516
19 16 530
19 17 1372
19 18 1862
19 19 0
19 20 2514
19 21 1868
19 22 1124
19 23 1185
19 24 1548
19 25 417
19 26 1703
19 27 917
19 28 1658
19 29 2889
19 30 869
19 31 1610
19 32 2841
19 33 821
19 34 1562
19 35 2793
19 36 773
19 37 1514
19 38 2745
19 39 725
19 40 1466
19 41 2697
19 42 677
19 43 1418
19 44 2649
19 45 629
19 46 1370
19 47 2601
19 48 581
19 49 1322
19 50 2553
19 51 533
19 52 1274
19 53 2505
19 54 485
19 55 1226
19 56 2457
19 57 437
19 58 1178
19 59 2409
19 60 389
19 61 1130
19 62 2361
19 63 341
19 64 1082
19 65 2313
19 66 293
19 67 1034
19 68 2265
19 69 245
19 70 986
19 71 2217
19 72 293
19 73 1034
19 74 2265
19 75 341
19 76 1082
19 77 2313
19 78 389
19 79 1130
19 80 2361
19 81 1037
20 0 2207
20 1 1615
20 2 1768
20 3 1211
20 4 1433
20 5 2075
20 6 1794
20 7 2419
20 8 1693
20 9 2431
20 10 2770
20 11 2402
20 12 1860
20 13 1006
20 14 1730
20 15 1098
20 16 2474
20 17 1242
20 18 1402
20 19 2514
20 20 0
20 21 1396
20 22 1880
20 23 1819
20 24 1716
20 25 2779
20 26 1301
20 27 2087
20 28 856
20 29 375
20 30 2135
20 31 904
20 32 423
20 33 2183
20 34 952
20 35 471
20 36 2231
20 37 1000
20 38 519
20 39 2279
20 40 1048
20 41 567
20 42 2327
20 43 1096
20 44 615
20 45 2375
20 46 1144
20 47 663
20 48 2423
20 49 1192
20 50 711
20 51 2471
20 52 1240
20 53 759
20 54 2519
20 55 1288
20 56 807
20 57 2567
20 58 1336
20 59 855
20 60 2615
20 61 1384
20 62 903
20 63 2663
20 64 1432
20 65 951
20 66 2711
20 67 1480
20 68 999
20 69 2759
20 70 1528
20 71 1047
20 72 2807
20 73 1576
20 74 1095
20 75 2855
20 76 1624
20 77 1143
20 78 2903
20 79 1672
20 80 1191
20 81 2207
21 0 2905
21 1 1493
21 2 1314
21 3 1429
21 4 1311
21 5 1813
21 6 1288
21 7 1773
21 8 1623
21 9 1977
21 10 2124
21 11 1756
21 12 1214
21 13 1608
21 14 1032
21 15 1412
21 16 2116
21 17 1268
21 18 1472
21 19 1868
21 20 1396
21 21 0
21 22 1618
21 23 1653
21 24 1210
21 25 2133
21 26 1807
21 27 2785
21 28 1554
21 29 1021
21 30 2737
21 31 1506
21 32 973
21 33 2689
21 34 1458
21 35 925
21 36 2641
21 37 1410
21 38 877
21 39 2593
21 40 1362
21 41 829
21 42 2545
21 43 1314
21 44 781
21 45 2497
21 46 1266
21 47 733
21 48 2449
21 49 1218
21 50 685
21 51 2401
21 52 1170
21 53 637
21 54 2353
21 55 1122
21 56 589
21 57 2305
21 58 1074
21 59 541
21 60 2257
21 61 1026
21 62 493
21 63 2209
21 64 978
21 65 445
21 66 2161
21 67 930
21 68 397
21 69 2113
21 70 882
21 71 349
21 72 2161
21 73 930
21 74 397
21 75 2209
21 76 978
21 77 445
21 78 2257
21 79 1026
21 80 493
21 81 2905
22 0 1287
22 1 1015
22 2 976
22 3 899
22 4 1197
22 5 195
22 6 1028
22 7 1315
22 8 1093
22 9 1015
22 10 964
22 11 1428
22 12 1068
22 13 1078
22 14 1380
22 15 882
22 16 876
22 17 738
22 18 1228
22 19 1124
22 20 1880
22 21 1618
22 22 0
22 23 1123
22 24 1106
22 25 1051
22 26 1277
22 27 1167
22 28 1024
22 29 2255
22 30 1119
22 31 976
22 32 2207
22 33 1071
22 34 928
22 35 2159
22 36 1023
22 37 880
22 38 2111
22 39 975
22 40 832
22 41 2063
22 42 927
22 43 784
22 44 2015
22 45 879
22 46 736
22 47 1967
22 48 831
22 49 688
22 50 1919
22 51 783
22 52 640
22 53 1871
22 54 735
22 55 592
22 56 1823
22 57 687
22 58 544
22 59 1775
22 60 735
22 61 592
22 62 1823
22 63 783
22 64 640
22 65 1871
22 66 831
22 67 688
22 68 1919
22 69 879
22 70 736
22 71 1967
22 72 927
22 73 784
22 74 2015
22 75 975
22 76 832
22 77 2063
22 78 1023
22 79 880
22 80 2111
22 81 1287
23 0 1252
23 1 954
23 2 1011
23 3 838
23 4 1136
23 5 1240
23 6 1063
23 7 1376
23 8 1032
23 9 1076
23 10 1025
23 11 1489
23 12 1103
23 13 1017
23 14 1415
23 15 821
23 16 937
23 17 677
23 18 1167
23 19 1185
23 20 1819
23 21 1653
23 22 1123
23 23 0
23 24 1141
23 25 1112
23 26 1216
23 27 1132
23 28 963
23 29 2194
23 30 1084
23 31 915
23 32 2146
23 33 1036
23 34 867
23 35 2098
23 36 988
23 37 819
23 38 2050
23 39 940
23 40 771
23 41 2002
23 42 892
23 43 723
23 44 1954
23 45 844
23 46 675
23 47 1906
23 48 796
23 49 627
23 50 1858
23 51 748
23 52 579
23 53 1810
23 54 700
23 55 531
23 56 1762
23 57 748
23 58 579
23 59 1810
23 60 796
23 61 627
23 62 1858
23 63 844
23 64 675
23 65 1906
23 66 892
23 67 723
23 68 1954
23 69 940
23 70 771
23 71 2002
23 72 988
23 73 819
23 74 2050
23 75 1036
23 76 867
23 77 2098
23 78 1084
23 79 915
23 80 2146
23 81 1252
24 0 2393
24 1 1033
24 2 802
24 3 917
24 4 1215
24 5 1301
24 6 78
24 7 1453
24 8 1111
24 9 1465
24 10 1804
24 11 1436
24 12 894
24 13 1096
24 14 1206
24 15 900
24 16 1604
24 17 756
24 18 1246
24 19 1548
24 20 1716
24 21 1210
24 22 1106
24 23 1141
24 24 0
24 25 1813
24 26 1295
24 27 2273
24 28 1042
24 29 1341
24 30 2225
24 31 994
24 32 1293
24 33 2177
24 34 946
24 35 1245
24 36 2129
24 37 898
24 38 1197
24 39 2081
24 40 850
24 41 1149
24 42 2033
24 43 802
24 44 1101
24 45 1985
24 46 754
24 47 1053
24 48 1937
24 49 706
24 50 1005
24 51 1889
24 52 658
24 53 957
24 54 1841
24 55 610
24 56 909
24 57 1793
24 58 562
24 59 861
24 60 1745
24 61 514
24 62 813
24 63 1697
24 64 466
24 65 765
24 66 1745
24 67 514
24 68 813
24 69 1793
24 70 562
24 71 861
24 72 1841
24 73 610
24 74 909
24 75 1889
24 76 658
24 77 957
24 78 1937
24 79 706
24 80 1005
24 81 2393
25 0 964
25 1 1914
25 2 1163
25 3 1798
25 4 2096
25 5 856
25 6 1735
25 7 512
25 8 1238
25 9 500
25 10 161
25 11 377
25 12 1071
25 13 1977
25 14 1799
25 15 1781
25 16 457
25 17 1637
25 18 2127
25 19 417
25 20 2779
25 21 2133
25 22 1051
25 23 1112
25 24 1813
25 25 0
25 26 1630
25 27 844
25 28 1923
25 29 3154
25 30 796
25 31 1875
25 32 3106
25 33 748
25 34 1827
25 35 3058
25 36 700
25 37 1779
25 38 3010
25 39 652
25 40 1731
25 41 2962
25 42 604
25 43 1683
25 44 2914
25 45 556
25 46 1635
25 47 2866
25 48 508
25 49 1587
25 50 2818
25 51 460
25 52 1539
25 53 2770
25 54 412
25 55 1491
25 56 2722
25 57 364
25 58 1443
25 59 2674
25 60 316
25 61 1395
25 62 2626
25 63 268
25 64 1347
25 65 2578
25 66 220
25 67 1299
25 68 2530
25 69 172
25 70 1251
25 71 2482
25 72 124
25 73 1203
25 74 2434
25 75 76
25 76 1155
25 77 2386
25 78 124
25 79 1203
25 80 2434
25 81 964
26 0 1098
26 1 1012
26 2 1165
26 3 608
26 4 1194
26 5 1472
26 6 1217
26 7 1816
26 8 1090
26 9 1594
26 10 1543
26 11 1799
26 12 1257
26 13 499
26 14 1569
26 15 495
26 16 1455
26 17 639
26 18 1033
26 19 1703
26 20 1301
26 21 1807
26 22 1277
26 23 1216
26 24 1295
26 25 1630
26 26 0
26 27 978
26 28 445
26 29 1676
26 30 930
26 31 397
26 32 1628
26 33 882
26 34 349
26 35 1580
26 36 930
26 37 397
26 38 1628
26 39 978
26 40 445
26 41 1676
26 42 1026
26 43 493
26 44 1724
26 45 1074
26 46 541
26 47 1772
26 48 1122
26 49 589
26 50 1820
26 51 1170
26 52 637
26 53 1868
26 54 1218
26 55 685
26 56 1916
26 57 1266
26 58 733
26 59 1964
26 60 1314
26 61 781
26 62 2012
26 63 1362
26 64 829
26 65 2060
26 66 1410
26 67 877
26 68 2108
26 69 1458
26 70 925
26 71 2156
26 72 1506
26 73 973
26 74 2204
26 75 1554
26 76 1021
26 77 2252
26 78 1602
26 79 1069
26 80 2300
26 81 1098
27 0 120
27 1 1990
27 2 1471
27 3 1586
27 4 2172
27 5 972
27 6 2195
27 7 1108
27 8 1162
27 9 808
27 10 757
27 11 1221
27 12 1667
27 13 1381
27 14 2547
27 15 1373
27 16 669
27 17 1517
27 18 2011
27 19 917
27 20 2087
27 21 2785
27 22 1167
27 23 1132
27 24 2273
27 25 844
27 26 978
27 27 0
27 28 1231
27 29 2462
27 30 48
27 31 1279
27 32 2510
27 33 96
27 34 1327
27 35 2558
27 36 144
27 37 1375
27 38 2606
27 39 192
27 40 1423
27 41 2654
27 42 240
27 43 1471
27 44 2702
27 45 288
27 46 1519
27 47 2750
27 48 336
27 49 1567
27 50 2798
27 51 384
27 52 1615
27 53 2846
27 54 432
27 55 1663
27 56 2894
27 57 480
27 58 1711
27 59 2942
27 60 528
27 61 1759
27 62 2990
27 63 576
27 64 1807
27 65 3038
27 66 624
27 67 1855
27 68 3086
27 69 672
27 70 1903
27 71 3134
27 72 720
27 73 1951
27 74 3182
27 75 768
27 76 1999
27 77 3230
27 78 816
27 79 2047
27 80 3278
27 81 120
28 0 1351
28 1 759
28 2 912
28 3 355
28 4 941
28 5 1219
28 6 964
28 7 1563
28 8 837
28 9 1575
28 10 1914
28 11 1546
28 12 1004
28 13 150
28 14 1316
28 15 242
28 16 1618
28 17 386
28 18 780
28 19 1658
28 20 856
28 21 1554
28 22 1024
28 23 963
28 24 1042
28 25 1923
28 26 445
28 27 1231
28 28 0
28 29 1231
28 30 1279
28 31 48
28 32 1279
28 33 1327
28 34 96
28 35 1327
28 36 1375
28 37 144
28 38 1375
28 39 1423
28 40 192
28 41 1423
28 42 1471
28 43 240
28 44 1471
28 45 1519
28 46 288
28 47 1519
28 48 1567
28 49 336
28 50 1567
28 51 1615
28 52 384
28 53 1615
28 54 1663
28 55 432
28 56 1663
28 57 1711
28 58 480
28 59 1711
28 60 1759
28 61 528
28 62 1759
28 63 1807
28 64 576
28 65 1807
28 66 1855
28 67 624
28 68 1855
28 69 1903
28 70 672
28 71 1903
28 72 1951
28 73 720
28 74 1951
28 75 1999
28 76 768
28 77 1999
28 78 2047
28 79 816
28 80 2047
28 81 1351
29 0 2582
29 1 1240
29 2 2143
29 3 1356
29 4 1058
29 5 2450
29 6 1419
29 7 2794
29 8 2068
29 9 2806
29 10 3145
29 11 2777
29 12 2235
29 13 1177
29 14 1355
29 15 1473
29 16 2849
29 17 1617
29 18 1027
29 19 2889
29 20 375
29 21 1021
29 22 2255
29 23 2194
29 24 1341
29 25 3154
29 26 1676
29 27 2462
29 28 1231
29 29 0
29 30 2510
29 31 1279
29 32 48
29 33 2558
29 34 1327
29 35 96
29 36 2606
29 37 1375
29 38 144
29 39 2654
29 40 1423
29 41 192
29 42 2702
29 43 1471
29 44 240
29 45 2750
29 46 1519
29 47 288
29 48 2798
29 49 1567
29 50 336
29 51 2846
29 52 1615
29 53 384
29 54 2894
29 55 1663
29 56 432
29 57 2942
29 58 1711
29 59 480
29 60 2990
29 61 1759
29 62 528
29 63 3038
29 64 1807
29 65 576
29 66 3086
29 67 1855
29 68 624
29 69 3134
29 70 1903
29 71 672
29 72 3182
29 73 1951
29 74 720
29 75 3230
29 76 1999
29 77 768
29 78 3278
29 79 2047
29 80 816
29 81 2582
30 0 168
30 1 1942
30 2 1423
30 3 1538
30 4 2124
30 5 924
30 6 2147
30 7 1060
30 8 1114
30 9 760
30 10 709
30 11 1173
30 12 1619
30 13 1333
30 14 2499
30 15 1325
30 16 621
30 17 1469
30 18 1963
30 19 869
30 20 2135
30 21 2737
30 22 1119
30 23 1084
30 24 2225
30 25 796
30 26 930
30 27 48
30 28 1279
30 29 2510
30 30 0
30 31 1231
30 32 2462
30 33 48
30 34 1279
30 35 2510
30 36 96
30 37 1327
30 38 2558
30 39 144
30 40 1375
30 41 2606
30 42 192
30 43 1423
30 44 2654
30 45 240
30 46 1471
30 47 2702
30 48 288
30 49 1519
30 50 2750
30 51 336
30 52 1567
30 53 2798
30 54 384
30 55 1615
30 56 2846
30 57 432
30 58 1663
30 59 2894
30 60 480
30 61 1711
30 62 2942
30 63 528
30 64 1759
30 65 2990
30 66 576
30 67 1807
30 68 3038
30 69 624
30 70 1855
30 71 3086
30 72 672
30 73 1903
30 74 3134
30 75 720
30 76 1951
30 77 3182
30 78 768
30 79 1999
30 80 3230
30 81 168
31 0 1399
31 1 711
31 2 864
31 3 307
31 4 893
31 5 1171
31 6 916
31 7 1515
31 8 789
31 9 1527
31 10 1866
31 11 1498
31 12 956
31 13 102
31 14 1268
31 15 194
31 16 1570
31 17 338
31 18 732
31 19 1610
31 20 904
31 21 1506
31 22 976
31 23 915
31 24 994
31 25 1875
31 26 397
31 27 1279
31 28 48
31 29 1279
31 30 1231
31 31 0
31 32 1231
31 33 1279
31 34 48
31 35 1279
31 36 1327
31 37 96
31 38 1327
31 39 1375
31 40 144
31 41 1375
31 42 1423
31 43 192
31 44 1423
31 45 1471
31 46 240
31 47 1471
31 48 1519
31 49 288
31 50 1519
31 51 1567
31 52 336
31 53 1567
31 54 1615
31 55 384
31 56 1615
31 57 1663
31 58 432
31 59 1663
31 60 1711
31 61 480
31 62 1711
31 63 1759
31 64 528
31 65 1759
31 66 1807
31 67 576
31 68 1807
31 69 1855
31 70 624
31 71 1855
31 72 1903
31 73 672
31 74 1903
31 75 1951
31 76 720
31 77 1951
31 78 1999
31 79 768
31 80 1999
31 81 1399
32 0 2630
32 1 1192
32 2 2095
32 3 1308
32 4 1010
32 5 2402
32 6 1371
32 7 2746
32 8 2020
32 9 2758
32 10 3097
32 11 2729
32 12 2187
32 13 1129
32 14 1307
32 15 1425
32 16 2801
32 17 1569
32 18 979
32 19 2841
32 20 423
32 21 973
32 22 2207
32 23 2146
32 24 1293
32 25 3106
32 26 1628
32 27 2510
32 28 1279
32 29 48
32 30 2462
32 31 1231
32 32 0
32 33 2510
32 34 1279
32 35 48
32 36 2558
32 37 1327
32 38 96
32 39 2606
32 40 1375
32 41 144
32 42 2654
32 43 1423
32 44 192
32 45 2702
32 46 1471
32 47 240
32 48 2750
32 49 1519
32 50 288
32 51 2798
32 52 1567
32 53 336
32 54 2846
32 55 1615
32 56 384
32 57 2894
32 58 1663
32 59 432
32 60 2942
32 61 1711
32 62 480
32 63 2990
32 64 1759
32 65 528
32 66 3038
32 67 1807
32 68 576
32 69 3086
32 70 1855
32 71 624
32 72 3134
32 73 1903
32 74 672
32 75 3182
32 76 1951
32 77 720
32 78 3230
32 79 1999
32 80 768
32 81 2630
33 0 216
33 1 1894
33 2 1375
33 3 1490
33 4 2076
33 5 876
33 6 2099
33 7 1012
33 8 1066
33 9 712
33 10 661
33 11 1125
33 12 1571
33 13 1381
33 14 2451
33 15 1277
33 16 573
33 17 1421
33 18 1915
33 19 821
33 20 2183
33 21 2689
33 22 1071
33 23 1036
33 24 2177
33 25 748
33 26 882
33 27 96
33 28 1327
33 29 2558
33 30 48
33 31 1279
33 32 2510
33 33 0
33 34 1231
33 35 2462
33 36 48
33 37 1279
33 38 2510
33 39 96
33 40 1327
33 41 2558
33 42 144
33 43 1375
33 44 2606
33 45 192
33 46 1423
33 47 2654
33 48 240
33 49 1471
33 50 2702
33 51 288
33 52 1519
33 53 2750
33 54 336
33 55 1567
33 56 2798
33 57 384
33 58 1615
33 59 2846
33 60 432
33 61 1663
33 62 2894
33 63 480
33 64 1711
33 65 2942
33 66 528
33 67 1759
33 68 2990
33 69 576
33 70 1807
33 71 3038
33 72 624
33 73 1855
33 74 3086
33 75 672
33 76 1903
33 77 3134
33 78 720
33 79 1951
33 80 3182
33 81 216
34 0 1447
34 1 663
34 2 816
34 3 259
34 4 845
34 5 1123
34 6 868
34 7 1467
34 8 741
34 9 1479
34 10 1818
34 11 1450
34 12 908
34 13 150
34 14 1220
34 15 146
34 16 1522
34 17 290
34 18 684
34 19 1562
34 20 952
34 21 1458
34 22 928
34 23 867
34 24 946
34 25 1827
34 26 349
34 27 1327
34 28 96
34 29 1327
34 30 1279
34 31 48
34 32 1279
34 33 1231
34 34 0
34 35 1231
34 36 1279
34 37 48
34 38 1279
34 39 1327
34 40 96
34 41 1327
34 42 1375
34 43 144
34 44 1375
34 45 1423
34 46 192
34 47 1423
34 48 1471
34 49 240
34 50 1471
34 51 1519
34 52 288
34 53 1519
34 54 1567
34 55 336
34 56 1567
34 57 1615
34 58 384
34 59 1615
34 60 1663
34 61 432
34 62 1663
34 63 1711
34 64 480
34 65 1711
34 66 1759
34 67 528
34 68 1759
34 69 1807
34 70 576
34 71 1807
34 72 1855
34 73 624
34 74 1855
34 75 1903
34 76 672
34 77 1903
34 78 1951
34 79 720
34 80 1951
34 81 1447
35 0 2678
35 1 1144
35 2 2047
35 3 1260
35 4 962
35 5 2354
35 6 1323
35 7 2698
35 8 1972
35 9 2710
35 10 3049
35 11 2681
35 12 2139
35 13 1177
35 14 1259
35 15 1377
35 16 2753
35 17 1521
35 18 931
35 19 2793
35 20 471
35 21 925
35 22 2159
35 23 2098
35 24 1245
35 25 3058
35 26 1580
35 27 2558
35 28 1327
35 29 96
35 30 2510
35 31 1279
35 32 48
35 33 2462
35 34 1231
35 35 0
35 36 2510
35 37 1279
35 38 48
35 39 2558
35 40 1327
35 41 96
35 42 2606
35 43 1375
35 44 144
35 45 2654
35 46 1423
35 47 192
35 48 2702
35 49 1471
35 50 240
35 51 2750
35 52 1519
35 53 288
35 54 2798
35 55 1567
35 56 336
35 57 2846
35 58 1615
35 59 384
35 60 2894
35 61 1663
35 62 432
35 63 2942
35 64 1711
35 65 480
35 66 2990
35 67 1759
35 68 528
35 69 3038
35 70 1807
35 71 576
35 72 3086
35 73 1855
35 74 624
35 75 3134
35 76 1903
35 77 672
35 78 3182
35 79 1951
35 80 720
35 81 2678
36 0 264
36 1 1846
36 2 1327
36 3 1442
36 4 2028
36 5 828
36 6 2051
36 7 964
36 8 1018
36 9 664
36 10 613
36 11 1077
36 12 1523
36 13 1429
36 14 2403
36 15 1229
36 16 525
36 17 1373
36 18 1867
36 19 773
36 20 2231
36 21 2641
36 22 1023
36 23 988
36 24 2129
36 25 700
36 26 930
36 27 144
36 28 1375
36 29 2606
36 30 96
36 31 1327
36 32 2558
36 33 48
36 34 1279
36 35 2510
36 36 0
36 37 1231
36 38 2462
36 39 48
36 40 1279
36 41 2510
36 42 96
36 43 1327
36 44 2558
36 45 144
36 46 1375
36 47 2606
36 48 192
36 49 1423
36 50 2654
36 51 240
36 52 1471
36 53 2702
36 54 288
36 55 1519
36 56 2750
36 57 336
36 58 1567
36 59 2798
36 60 384
36 61 1615
36 62 2846
36 63 432
36 64 1663
36 65 2894
36 66 480
36 67 1711
36 68 2942
36 69 528
36 70 1759
36 71 2990
36 72 576
36 73 1807
36 74 3038
36 75 624
36 76 1855
36 77 3086
36 78 672
36 79 1903
36 80 3134
36 81 264
37 0 1495
37 1 615
37 2 768
37 3 211
37 4 797
37 5 1075
37 6 820
37 7 1419
37 8 693
37 9 1431
37 10 1770
37 11 1402
37 12 860
37 13 198
37 14 1172
37 15 98
37 16 1474
37 17 242
37 18 636
37 19 1514
37 20 1000
37 21 1410
37 22 880
37 23 819
37 24 898
37 25 1779
37 26 397
37 27 1375
37 28 144
37 29 1375
37 30 1327
37 31 96
37 32 1327
37 33 1279
37 34 48
37 35 1279
37 36 1231
37 37 0
37 38 1231
37 39 1279
37 40 48
37 41 1279
37 42 1327
37 43 96
37 44 1327
37 45 1375
37 46 144
37 47 1375
37 48 1423
37 49 192
37 50 1423
37 51 1471
37 52 240
37 53 1471
37 54 1519
37 55 288
37 56 1519
37 57 1567
37 58 336
37 59 1567
37 60 1615
37 61 384
37 62 1615
37 63 1663
37 64 432
37 65 1663
37 66 1711
37 67 480
37 68 1711
37 69 1759
37 70 528
37 71 1759
37 72 1807
37 73 576
37 74 1807
37 75 1855
37 76 624
37 77 1855
37 78 1903
37 79 672
37 80 1903
37 81 1495
38 0 2726
38 1 1096
38 2 1999
38 3 1212
38 4 914
38 5 2306
38 6 1275
38 7 2650
38 8 1924
38 9 2662
38 10 3001
38 11 2633
38 12 2091
38 13 1225
38 14 1211
38 15 1329
38 16 2705
38 17 1473
38 18 883
38 19 2745
38 20 519
38 21 877
38 22 2111
38 23 2050
38 24 1197
38 25 3010
38 26 1628
38 27 2606
38 28 1375
38 29 144
38 30 2558
38 31 1327
38 32 96
38 33 2510
38 34 1279
38 35 48
38 36 2462
38 37 1231
38 38 0
38 39 2510
38 40 1279
38 41 48
38 42 2558
38 43 1327
38 44 96
38 45 2606
38 46 1375
38 47 144
38 48 2654
38 49 1423
38 50 192
38 51 2702
38 52 1471
38 53 240
38 54 2750
38 55 1519
38 56 288
38 57 2798
38 58 1567
38 59 336
38 60 2846
38 61 1615
38 62 384
38 63 2894
38 64 1663
38 65 432
38 66 2942
38 67 1711
38 68 480
38 69 2990
38 70 1759
38 71 528
38 72 3038
38 73 1807
38 74 576
38 75 3086
38 76 1855
38 77 624
38 78 3134
38 79 1903
38 80 672
38 81 2726
39 0 312
39 1 1798
39 2 1279
39 3 1394
39 4 1980
39 5 780
39 6 2003
39 7 916
39 8 970
39 9 616
39 10 565
39 11 1029
39 12 1475
39 13 1477
39 14 2355
39 15 1181
39 16 477
39 17 1325
39 18 1819
39 19 725
39 20 2279
39 21 2593
39 22 975
39 23 940
39 24 2081
39 25 652
39 26 978
39 27 192
39 28 1423
39 29 2654
39 30 144
39 31 1375
39 32 2606
39 33 96
39 34 1327
39 35 2558
39 36 48
39 37 1279
39 38 2510
39 39 0
39 40 1231
39 41 2462
39 42 48
39 43 1279
39 44 2510
39 45 96
39 46 1327
39 47 2558
39 48 144
39 49 1375
39 50 2606
39 51 192
39 52 1423
39 53 2654
39 54 240
39 55 1471
39 56 2702
39 57 288
39 58 1519
39 59 2750
39 60 336
39 61 1567
39 62 2798
39 63 384
39 64 1615
39 65 2846
39 66 432
39 67 1663
39 68 2894
39 69 480
39 70 1711
39 71 2942
39 72 528
39 73 1759
39 74 2990
39 75 576
39 76 1807
39 77 3038
39 78 624
39 79 1855
39 80 3086
39 81 312
40 0 1543
40 1 567
40 2 720
40 3 163
40 4 749
40 5 1027
40 6 772
40 7 1371
40 8 645
40 9 1383
40 10 1722
40 11 1354
40 12 812
40 13 246
40 14 1124
40 15 50
40 16 1426
40 17 194
40 18 588
40 19 1466
40 20 1048
40 21 1362
40 22 832
40 23 771
40 24 850
40 25 1731
40 26 445
40 27 1423
40 28 192
40 29 1423
40 30 1375
40 31 144
40 32 1375
40 33 1327
40 34 96
40 35 1327
40 36 1279
40 37 48
40 38 1279
40 39 1231
40 40 0
40 41 1231
40 42 1279
40 43 48
40 44 1279
40 45 1327
40 46 96
40 47 1327
40 48 1375
40 49 144
40 50 1375
40 51 1423
40 52 192
40 53 1423
40 54 1471
40 55 240
40 56 1471
40 57 1519
40 58 288
40 59 1519
40 60 1567
40 61 336
40 62 1567
40 63 1615
40 64 384
40 65 1615
40 66 1663
40 67 432
40 68 1663
40 69 1711
40 70 480
40 71 1711
40 72 1759
40 73 528
40 74 1759
40 75 1807
40 76 576
40 77 1807
40 78 1855
40 79 624
40 80 1855
40 81 1543
41 0 2774
41 1 1048
41 2 1951
41 3 1164
41 4 866
41 5 2258
41 6 1227
41 7 2602
41 8 1876
41 9 2614
41 10 2953
41 11 2585
41 12 2043
41 13 1273
41 14 1163
41 15 1281
41 16 2657
41 17 1425
41 18 835
41 19 2697
41 20 567
41 21 829
41 22 2063
41 23 2002
41 24 1149
41 25 2962
41 26 1676
41 27 2654
41 28 1423
41 29 192
41 30 2606
41 31 1375
41 32 144
41 33 2558
41 34 1327
41 35 96
41 36 2510
41 37 1279
41 38 48
41 39 2462
41 40 1231
41 41 0
41 42 2510
41 43 1279
41 44 48
41 45 2558
41 46 1327
41 47 96
41 48 2606
41 49 1375
41 50 144
41 51 2654
41 52 1423
41 53 192
41 54 2702
41 55 1471
41 56 240
41 57 2750
41 58 1519
41 59 288
41 60 2798
41 61 1567
41 62 336
41 63 2846
41 64 1615
41 65 384
41 66 2894
41 67 1663
41 68 432
41 69 2942
41 70 1711
41 71 480
41 72 2990
41 73 1759
41 74 528
41 75 3038
41 76 1807
41 77 576
41 78 3086
41 79 1855
41 80 624
41 81 2774
42 0 360
42 1 1750
42 2 1231
42 3 1346
42 4 1932
42 5 732
42 6 1955
42 7 868
42 8 922
42 9 568
42 10 517
42 11 981
42 12 1427
42 13 1525
42 14 2307
42 15 1229
42 16 429
42 17 1277
42 18 1771
42 19 677
42 20 2327
42 21 2545
42 22 927
42 23 892
42 24 2033
42 25 604
42 26 1026
42 27 240
42 28 1471
42 29 2702
42 30 192
42 31 1423
42 32 2654
42 33 144
42 34 1375
42 35 2606
42 36 96
42 37 1327
42 38 2558
42 39 48
42 40 1279
42 41 2510
42 42 0
42 43 1231
42 44 2462
42 45 48
42 46 1279
42 47 2510
42 48 96
42 49 1327
42 50 2558
42 51 144
42 52 1375
42 53 2606
42 54 192
42 55 1423
42 56 2654
42 57 240
42 58 1471
42 59 2702
42 60 288
42 61 1519
42 62 2750
42 63 336
42 64 1567
42 65 2798
42 66 384
42 67 1615
42 68 2846
42 69 432
42 70 1663
42 71 2894
42 72 480
42 73 1711
42 74 2942
42 75 528
42 76 1759
42 77 2990
42 78 576
42 79 1807
42 80 3038
42 81 360
43 0 1591
43 1 519
43 2 672
43 3 115
43 4 701
43 5 979
43 6 724
43 7 1323
43 8 597
43 9 1335
43 10 1674
43 11 1306
43 12 764
43 13 294
43 14 1076
43 15 98
43 16 1378
43 17 146
43 18 540
43 19 1418
43 20 1096
43 21 1314
43 22 784
43 23 723
43 24 802
43 25 1683
43 26 493
43 27 1471
43 28 240
43 29 1471
43 30 1423
43 31 192
43 32 1423
43 33 1375
43 34 144
43 35 1375
43 36 1327
43 37 96
43 38 1327
43 39 1279
43 40 48
43 41 1279
43 42 1231
43 43 0
43 44 1231
43 45 1279
43 46 48
43 47 1279
43 48 1327
43 49 96
43 50 1327
43 51 1375
43 52 144
43 53 1375
43 54 1423
43 55 192
43 56 1423
43 57 1471
43 58 240
43 59 1471
43 60 1519
43 61 288
43 62 1519
43 63 1567
43 64 336
43 65 1567
43 66 1615
43 67 384
43 68 1615
43 69 1663
43 70 432
43 71 1663
43 72 1711
43 73 480
43 74 1711
43 75 1759
43 76 528
