//alpha
1
//NbLocations
42
//NbProducts
24
//NbPickers
2
//CapaPicker
4
//TimeToTravelOneDistanceUnit
3
//SetupTime
5400
//PickTime
300
//Products
//Idx Location Size
1 1 1
2 2 1
3 3 1
4 4 1
5 5 1
6 6 1
7 7 1
8 8 1
9 9 1
10 10 1
11 11 1
12 12 1
13 12 1
14 13 1
15 14 1
16 15 1
17 16 1
18 17 1
19 18 1
20 19 1
21 20 1
22 21 1
23 22 1
24 23 1
//Orders
//NbOrders
12
//Idx DueDate TardinessPenalty NbProdInOrder ProdIdx1 Qty1 ProdIdx2 Qty2 ...
1 144000 0 2 1 1 2 1
2 54000 0 3 3 1 4 1 5 1
3 126000 0 1 6 1
4 72000 0 3 7 1 8 1 9 1
5 144000 0 2 10 1 11 1
6 90000 0 1 12 1
7 144000 0 3 13 1 14 1 15 1
8 90000 0 3 16 1 17 1 18 1
9 108000 0 1 19 1
10 144000 0 2 20 1 21 1
11 90000 0 1 22 1
12 54000 0 2 23 1 24 1
//Graph (Products are vertices indexed from 1 to NbProducts)
//NbVerticesIntersections
18
//DepartingDepot
0
//ArrivalDepot
42
//Arcs
//Start End Distance
0 24 120
1 3 156
1 32 193
2 40 167
2 41 284
3 1 156
3 31 102
4 10 52
4 34 310
5 11 52
5 39 76
6 8 26
6 16 91
7 21 65
7 34 37
8 6 26
8 14 78
9 37 180
9 38 271
10 4 52
10 35 89
11 5 52
11 15 78
12 20 182
12 24 102
13 25 349
13 26 102
14 8 78
14 29 128
15 11 78
15 40 245
16 6 91
16 23 13
17 19 247
17 28 102
18 22 208
18 31 115
19 17 247
19 27 102
20 12 182
20 25 167
21 7 65
21 33 349
22 18 208
22 30 128
23 16 13
23 28 115
24 12 102
24 27 48
24 42 120
25 13 349
25 20 167
25 28 48
26 13 102
26 29 48
27 19 102
27 24 48
27 30 48
28 17 102
28 23 115
28 25 48
28 31 48
29 14 128
29 26 48
29 32 48
30 22 128
30 27 48
30 33 48
31 3 102
31 18 115
31 28 48
31 34 48
32 1 193
32 29 48
32 35 48
33 21 349
33 30 48
33 36 48
34 4 310
34 7 37
34 31 48
34 37 48
35 10 89
35 32 48
35 38 48
36 33 48
36 37 451
36 39 48
37 9 180
37 34 48
37 36 451
37 40 48
38 9 271
38 35 48
38 41 48
39 5 76
39 36 48
40 2 167
40 15 245
40 37 48
41 2 284
41 38 48
//LocStart LocEnd ShortestPath
0 0 0
0 1 925
0 2 978
0 3 769
0 4 1025
0 5 436
0 6 838
0 7 678
0 8 864
0 9 943
0 10 1077
0 11 488
0 12 222
0 13 920
0 14 942
0 15 566
0 16 747
0 17 517
0 18 552
0 19 270
0 20 404
0 21 613
0 22 344
0 23 734
0 24 120
0 25 571
0 26 1022
0 27 168
0 28 619
0 29 1070
0 30 216
0 31 667
0 32 1118
0 33 264
0 34 715
0 35 1166
0 36 312
0 37 763
0 38 1214
0 39 360
0 40 811
0 41 1262
0 42 0
1 0 925
1 1 0
1 2 569
1 3 156
1 4 382
1 5 777
1 6 473
1 7 343
1 8 447
1 9 534
1 10 330
1 11 725
1 12 703
1 13 391
1 14 369
1 15 647
1 16 434
1 17 408
1 18 373
1 19 655
1 20 521
1 21 408
1 22 581
1 23 421
1 24 805
1 25 354
1 26 289
1 27 757
1 28 306
1 29 241
1 30 709
1 31 258
1 32 193
1 33 757
1 34 306
1 35 241
1 36 805
1 37 354
1 38 289
1 39 853
1 40 402
1 41 337
1 42 925
2 0 978
2 1 569
2 2 0
2 3 413
2 4 521
2 5 542
2 6 578
2 7 300
2 8 604
2 9 395
2 10 469
2 11 490
2 12 756
2 13 626
2 14 604
2 15 412
2 16 487
2 17 461
2 18 426
2 19 708
2 20 574
2 21 365
2 22 634
2 23 474
2 24 858
2 25 407
2 26 524
2 27 810
2 28 359
2 29 476
2 30 762
2 31 311
2 32 428
2 33 714
2 34 263
2 35 380
2 36 666
2 37 215
2 38 332
2 39 618
2 40 167
2 41 284
2 42 978
3 0 769
3 1 156
3 2 413
3 3 0
3 4 460
3 5 621
3 6 369
3 7 187
3 8 395
3 9 378
3 10 486
3 11 569
3 12 547
3 13 547
3 14 473
3 15 491
3 16 278
3 17 252
3 18 217
3 19 499
3 20 365
3 21 252
3 22 425
3 23 265
3 24 649
3 25 198
3 26 445
3 27 601
3 28 150
3 29 397
3 30 553
3 31 102
3 32 349
3 33 601
3 34 150
3 35 397
3 36 649
3 37 198
3 38 445
3 39 697
3 40 246
3 41 493
3 42 769
4 0 1025
4 1 382
4 2 521
4 3 460
4 4 0
4 5 781
4 6 469
4 7 347
4 8 443
4 9 460
4 10 52
4 11 729
4 12 803
4 13 387
4 14 365
4 15 651
4 16 534
4 17 508
4 18 473
4 19 755
4 20 621
4 21 412
4 22 681
4 23 521
4 24 905
4 25 454
4 26 285
4 27 857
4 28 406
4 29 237
4 30 809
4 31 358
4 32 189
4 33 761
4 34 310
4 35 141
4 36 809
4 37 358
4 38 189
4 39 857
4 40 406
4 41 237
4 42 1025
5 0 436
5 1 777
5 2 542
5 3 621
5 4 781
5 5 0
5 6 786
5 7 508
5 8 812
5 9 603
5 10 833
5 11 52
5 12 418
5 13 964
5 14 890
5 15 130
5 16 695
5 17 617
5 18 556
5 19 370
5 20 600
5 21 521
5 22 348
5 23 682
5 24 316
5 25 615
5 26 1066
5 27 268
5 28 567
5 29 1018
5 30 220
5 31 519
5 32 970
5 33 172
5 34 471
5 35 922
5 36 124
5 37 423
5 38 874
5 39 76
5 40 375
5 41 826
5 42 436
6 0 838
6 1 473
6 2 578
6 3 369
6 4 469
6 5 786
6 6 0
6 7 352
6 8 26
6 9 543
6 10 417
6 11 734
6 12 616
6 13 382
6 14 104
6 15 656
6 16 91
6 17 321
6 18 382
6 19 568
6 20 434
6 21 417
6 22 590
6 23 104
6 24 718
6 25 267
6 26 280
6 27 670
6 28 219
6 29 232
6 30 718
6 31 267
6 32 280
6 33 766
6 34 315
6 35 328
6 36 814
6 37 363
6 38 376
6 39 862
6 40 411
6 41 424
6 42 838
7 0 678
7 1 343
7 2 300
7 3 187
7 4 347
7 5 508
7 6 352
7 7 0
7 8 378
7 9 265
7 10 399
7 11 456
7 12 530
7 13 530
7 14 456
7 15 378
7 16 261
7 17 235
7 18 200
7 19 482
7 20 348
7 21 65
7 22 408
7 23 248
7 24 558
7 25 181
7 26 632
7 27 510
7 28 133
7 29 584
7 30 462
7 31 85
7 32 536
7 33 414
7 34 37
7 35 488
7 36 462
7 37 85
7 38 536
7 39 510
7 40 133
7 41 584
7 42 678
8 0 864
8 1 447
8 2 604
8 3 395
8 4 443
8 5 812
8 6 26
8 7 378
8 8 0
8 9 569
8 10 391
8 11 760
8 12 642
8 13 356
8 14 78
8 15 682
8 16 117
8 17 347
8 18 408
8 19 594
8 20 460
8 21 443
8 22 616
8 23 130
8 24 744
8 25 293
8 26 254
8 27 696
8 28 245
8 29 206
8 30 744
8 31 293
8 32 254
8 33 792
8 34 341
8 35 302
8 36 840
8 37 389
8 38 350
8 39 888
8 40 437
8 41 398
8 42 864
9 0 943
9 1 534
9 2 395
9 3 378
9 4 460
9 5 603
9 6 543
9 7 265
9 8 569
9 9 0
9 10 408
9 11 551
9 12 721
9 13 565
9 14 543
9 15 473
9 16 452
9 17 426
9 18 391
9 19 673
9 20 539
9 21 330
9 22 599
9 23 439
9 24 823
9 25 372
9 26 463
9 27 775
9 28 324
9 29 415
9 30 727
9 31 276
9 32 367
9 33 679
9 34 228
9 35 319
9 36 631
9 37 180
9 38 271
9 39 679
9 40 228
9 41 319
9 42 943
10 0 1077
10 1 330
10 2 469
10 3 486
10 4 52
10 5 833
10 6 417
10 7 399
10 8 391
10 9 408
10 10 0
10 11 781
10 12 855
10 13 335
10 14 313
10 15 703
10 16 508
10 17 560
10 18 525
10 19 807
10 20 673
10 21 464
10 22 733
10 23 521
10 24 957
10 25 506
10 26 233
10 27 909
10 28 458
10 29 185
10 30 861
10 31 410
10 32 137
10 33 813
10 34 362
10 35 89
10 36 861
10 37 410
10 38 137
10 39 909
10 40 458
10 41 185
10 42 1077
11 0 488
11 1 725
11 2 490
11 3 569
11 4 729
11 5 52
11 6 734
11 7 456
11 8 760
11 9 551
11 10 781
11 11 0
11 12 470
11 13 912
11 14 838
11 15 78
11 16 643
11 17 617
11 18 582
11 19 422
11 20 652
11 21 521
11 22 400
11 23 630
11 24 368
11 25 563
11 26 1014
11 27 320
11 28 515
11 29 966
11 30 272
11 31 467
11 32 918
11 33 224
11 34 419
11 35 870
11 36 176
11 37 371
11 38 822
11 39 128
11 40 323
11 41 774
11 42 488
12 0 222
12 1 703
12 2 756
12 3 547
12 4 803
12 5 418
12 6 616
12 7 530
12 8 642
12 9 721
12 10 855
12 11 470
12 12 0
12 13 698
12 14 720
12 15 548
12 16 525
12 17 499
12 18 534
12 19 252
12 20 182
12 21 595
12 22 326
12 23 512
12 24 102
12 25 349
12 26 800
12 27 150
12 28 397
12 29 848
12 30 198
12 31 445
12 32 896
12 33 246
12 34 493
12 35 944
12 36 294
12 37 541
12 38 992
12 39 342
12 40 589
12 41 1040
12 42 222
13 0 920
13 1 391
13 2 626
13 3 547
13 4 387
13 5 964
13 6 382
13 7 530
13 8 356
13 9 565
13 10 335
13 11 912
13 12 698
13 13 0
13 14 278
13 15 834
13 16 473
13 17 499
13 18 560
13 19 746
13 20 516
13 21 595
13 22 768
13 23 486
13 24 800
13 25 349
13 26 102
13 27 848
13 28 397
13 29 150
13 30 896
13 31 445
13 32 198
13 33 944
13 34 493
13 35 246
13 36 992
13 37 541
13 38 294
13 39 1040
13 40 589
13 41 342
13 42 920
14 0 942
14 1 369
14 2 604
14 3 473
14 4 365
14 5 890
14 6 104
14 7 456
14 8 78
14 9 543
14 10 313
14 11 838
14 12 720
14 13 278
14 14 0
14 15 760
14 16 195
14 17 425
14 18 486
14 19 672
14 20 538
14 21 521
14 22 694
14 23 208
14 24 822
14 25 371
14 26 176
14 27 774
14 28 323
14 29 128
14 30 822
14 31 371
14 32 176
14 33 870
14 34 419
14 35 224
14 36 918
14 37 467
14 38 272
14 39 966
14 40 515
14 41 320
14 42 942
15 0 566
15 1 647
15 2 412
15 3 491
15 4 651
15 5 130
15 6 656
15 7 378
15 8 682
15 9 473
15 10 703
15 11 78
15 12 548
15 13 834
15 14 760
15 15 0
15 16 565
15 17 539
15 18 504
15 19 500
15 20 652
15 21 443
15 22 478
15 23 552
15 24 446
15 25 485
15 26 936
15 27 398
15 28 437
15 29 888
15 30 350
15 31 389
15 32 840
15 33 302
15 34 341
15 35 792
15 36 254
15 37 293
15 38 744
15 39 206
15 40 245
15 41 696
15 42 566
16 0 747
16 1 434
16 2 487
16 3 278
16 4 534
16 5 695
16 6 91
16 7 261
16 8 117
16 9 452
16 10 508
16 11 643
16 12 525
16 13 473
16 14 195
16 15 565
16 16 0
16 17 230
16 18 291
16 19 477
16 20 343
16 21 326
16 22 499
16 23 13
16 24 627
16 25 176
16 26 371
16 27 579
16 28 128
16 29 323
16 30 627
16 31 176
16 32 371
16 33 675
16 34 224
16 35 419
16 36 723
16 37 272
16 38 467
16 39 771
16 40 320
16 41 515
16 42 747
17 0 517
17 1 408
17 2 461
17 3 252
17 4 508
17 5 617
17 6 321
17 7 235
17 8 347
17 9 426
17 10 560
17 11 617
17 12 499
17 13 499
17 14 425
17 15 539
17 16 230
17 17 0
17 18 265
17 19 247
17 20 317
17 21 300
17 22 473
17 23 217
17 24 397
17 25 150
17 26 601
17 27 349
17 28 102
17 29 553
17 30 397
17 31 150
17 32 601
17 33 445
17 34 198
17 35 649
17 36 493
17 37 246
17 38 697
17 39 541
17 40 294
17 41 745
17 42 517
18 0 552
18 1 373
18 2 426
18 3 217
18 4 473
18 5 556
18 6 382
18 7 200
18 8 408
18 9 391
18 10 525
18 11 582
18 12 534
18 13 560
18 14 486
18 15 504
18 16 291
18 17 265
18 18 0
18 19 486
18 20 378
18 21 265
18 22 208
18 23 278
18 24 432
18 25 211
18 26 662
18 27 384
18 28 163
18 29 614
18 30 336
18 31 115
18 32 566
18 33 384
18 34 163
18 35 614
18 36 432
18 37 211
18 38 662
18 39 480
18 40 259
18 41 710
18 42 552
19 0 270
19 1 655
19 2 708
19 3 499
19 4 755
19 5 370
19 6 568
19 7 482
19 8 594
19 9 673
19 10 807
19 11 422
19 12 252
19 13 746
19 14 672
19 15 500
19 16 477
19 17 247
19 18 486
19 19 0
19 20 434
19 21 547
19 22 278
19 23 464
19 24 150
19 25 397
19 26 848
19 27 102
19 28 349
19 29 800
19 30 150
19 31 397
19 32 848
19 33 198
19 34 445
19 35 896
19 36 246
19 37 493
19 38 944
19 39 294
19 40 541
19 41 992
19 42 270
20 0 404
20 1 521
20 2 574
20 3 365
20 4 621
20 5 600
20 6 434
20 7 348
20 8 460
20 9 539
20 10 673
20 11 652
20 12 182
20 13 516
20 14 538
20 15 652
20 16 343
20 17 317
20 18 378
20 19 434
20 20 0
20 21 413
20 22 508
20 23 330
20 24 284
20 25 167
20 26 618
20 27 332
20 28 215
20 29 666
20 30 380
20 31 263
20 32 714
20 33 428
20 34 311
20 35 762
20 36 476
20 37 359
20 38 810
20 39 524
20 40 407
20 41 858
20 42 404
21 0 613
21 1 408
21 2 365
21 3 252
21 4 412
21 5 521
21 6 417
21 7 65
21 8 443
21 9 330
21 10 464
21 11 521
21 12 595
21 13 595
21 14 521
21 15 443
21 16 326
21 17 300
21 18 265
21 19 547
21 20 413
21 21 0
21 22 473
21 23 313
21 24 493
21 25 246
21 26 697
21 27 445
21 28 198
21 29 649
21 30 397
21 31 150
21 32 601
21 33 349
21 34 102
21 35 553
21 36 397
21 37 150
21 38 601
21 39 445
21 40 198
21 41 649
21 42 613
22 0 344
22 1 581
22 2 634
22 3 425
22 4 681
22 5 348
22 6 590
22 7 408
22 8 616
22 9 599
22 10 733
22 11 400
22 12 326
22 13 768
22 14 694
22 15 478
22 16 499
22 17 473
22 18 208
22 19 278
22 20 508
22 21 473
22 22 0
22 23 486
22 24 224
22 25 419
22 26 870
22 27 176
22 28 371
22 29 822
22 30 128
22 31 323
22 32 774
22 33 176
22 34 371
22 35 822
22 36 224
22 37 419
22 38 870
22 39 272
22 40 467
22 41 918
22 42 344
23 0 734
23 1 421
23 2 474
23 3 265
23 4 521
23 5 682
23 6 104
23 7 248
23 8 130
23 9 439
23 10 521
23 11 630
23 12 512
23 13 486
23 14 208
23 15 552
23 16 13
23 17 217
23 18 278
23 19 464
23 20 330
23 21 313
23 22 486
23 23 0
23 24 614
23 25 163
23 26 384
23 27 566
23 28 115
23 29 336
23 30 614
23 31 163
23 32 384
23 33 662
23 34 211
23 35 432
23 36 710
23 37 259
23 38 480
23 39 758
23 40 307
23 41 528
23 42 734
24 0 120
24 1 805
24 2 858
24 3 649
24 4 905
24 5 316
24 6 718
24 7 558
24 8 744
24 9 823
24 10 957
24 11 368
24 12 102
24 13 800
24 14 822
24 15 446
24 16 627
24 17 397
24 18 432
24 19 150
24 20 284
24 21 493
24 22 224
24 23 614
24 24 0
24 25 451
24 26 902
24 27 48
24 28 499
24 29 950
24 30 96
24 31 547
24 32 998
24 33 144
24 34 595
24 35 1046
24 36 192
24 37 643
24 38 1094
24 39 240
24 40 691
24 41 1142
24 42 120
25 0 571
25 1 354
25 2 407
25 3 198
25 4 454
25 5 615
25 6 267
25 7 181
25 8 293
25 9 372
25 10 506
25 11 563
25 12 349
25 13 349
25 14 371
25 15 485
25 16 176
25 17 150
25 18 211
25 19 397
25 20 167
25 21 246
25 22 419
25 23 163
25 24 451
25 25 0
25 26 451
25 27 499
25 28 48
25 29 499
25 30 547
25 31 96
25 32 547
25 33 595
25 34 144
25 35 595
25 36 643
25 37 192
25 38 643
25 39 691
25 40 240
25 41 691
25 42 571
26 0 1022
26 1 289
26 2 524
26 3 445
26 4 285
26 5 1066
26 6 280
26 7 632
26 8 254
26 9 463
26 10 233
26 11 1014
26 12 800
26 13 102
26 14 176
26 15 936
26 16 371
26 17 601
26 18 662
26 19 848
26 20 618
26 21 697
26 22 870
26 23 384
26 24 902
26 25 451
26 26 0
26 27 950
26 28 499
26 29 48
26 30 998
26 31 547
26 32 96
26 33 1046
26 34 595
26 35 144
26 36 1094
26 37 643
26 38 192
26 39 1142
26 40 691
26 41 240
26 42 1022
27 0 168
27 1 757
27 2 810
27 3 601
27 4 857
27 5 268
27 6 670
27 7 510
27 8 696
27 9 775
27 10 909
27 11 320
27 12 150
27 13 848
27 14 774
27 15 398
27 16 579
27 17 349
27 18 384
27 19 102
27 20 332
27 21 445
27 22 176
27 23 566
27 24 48
27 25 499
27 26 950
27 27 0
27 28 451
27 29 902
27 30 48
27 31 499
27 32 950
27 33 96
27 34 547
27 35 998
27 36 144
27 37 595
27 38 1046
27 39 192
27 40 643
27 41 1094
27 42 168
28 0 619
28 1 306
28 2 359
28 3 150
28 4 406
28 5 567
28 6 219
28 7 133
28 8 245
28 9 324
28 10 458
28 11 515
28 12 397
28 13 397
28 14 323
28 15 437
28 16 128
28 17 102
28 18 163
28 19 349
28 20 215
28 21 198
28 22 371
28 23 115
28 24 499
28 25 48
28 26 499
28 27 451
28 28 0
28 29 451
28 30 499
28 31 48
28 32 499
28 33 547
28 34 96
28 35 547
28 36 595
28 37 144
28 38 595
28 39 643
28 40 192
28 41 643
28 42 619
29 0 1070
29 1 241
29 2 476
29 3 397
29 4 237
29 5 1018
29 6 232
29 7 584
29 8 206
29 9 415
29 10 185
29 11 966
29 12 848
29 13 150
29 14 128
29 15 888
29 16 323
29 17 553
29 18 614
29 19 800
29 20 666
29 21 649
29 22 822
29 23 336
29 24 950
29 25 499
29 26 48
29 27 902
29 28 451
29 29 0
29 30 950
29 31 499
29 32 48
29 33 998
29 34 547
29 35 96
29 36 1046
29 37 595
29 38 144
29 39 1094
29 40 643
29 41 192
29 42 1070
30 0 216
30 1 709
30 2 762
30 3 553
30 4 809
30 5 220
30 6 718
30 7 462
30 8 744
30 9 727
30 10 861
30 11 272
30 12 198
30 13 896
30 14 822
30 15 350
30 16 627
30 17 397
30 18 336
30 19 150
30 20 380
30 21 397
30 22 128
30 23 614
30 24 96
30 25 547
30 26 998
30 27 48
30 28 499
30 29 950
30 30 0
30 31 451
30 32 902
30 33 48
30 34 499
30 35 950
30 36 96
30 37 547
30 38 998
30 39 144
30 40 595
30 41 1046
30 42 216
31 0 667
31 1 258
31 2 311
31 3 102
31 4 358
31 5 519
31 6 267
31 7 85
31 8 293
31 9 276
31 10 410
31 11 467
31 12 445
31 13 445
31 14 371
31 15 389
31 16 176
31 17 150
31 18 115
31 19 397
31 20 263
31 21 150
31 22 323
31 23 163
31 24 547
31 25 96
31 26 547
31 27 499
31 28 48
31 29 499
31 30 451
31 31 0
31 32 451
31 33 499
31 34 48
31 35 499
31 36 547
31 37 96
31 38 547
31 39 595
31 40 144
31 41 595
31 42 667
32 0 1118
32 1 193
32 2 428
32 3 349
32 4 189
32 5 970
32 6 280
32 7 536
32 8 254
32 9 367
32 10 137
32 11 918
32 12 896
32 13 198
32 14 176
32 15 840
32 16 371
32 17 601
32 18 566
32 19 848
32 20 714
32 21 601
32 22 774
32 23 384
32 24 998
32 25 547
32 26 96
32 27 950
32 28 499
32 29 48
32 30 902
32 31 451
32 32 0
32 33 950
32 34 499
32 35 48
32 36 998
32 37 547
32 38 96
32 39 1046
32 40 595
32 41 144
32 42 1118
33 0 264
33 1 757
33 2 714
33 3 601
33 4 761
33 5 172
33 6 766
33 7 414
33 8 792
33 9 679
33 10 813
33 11 224
33 12 246
33 13 944
33 14 870
33 15 302
33 16 675
33 17 445
33 18 384
33 19 198
33 20 428
33 21 349
33 22 176
33 23 662
33 24 144
33 25 595
33 26 1046
33 27 96
33 28 547
33 29 998
33 30 48
33 31 499
33 32 950
33 33 0
33 34 451
33 35 902
33 36 48
33 37 499
33 38 950
33 39 96
33 40 547
33 41 998
33 42 264
34 0 715
34 1 306
34 2 263
34 3 150
34 4 310
34 5 471
34 6 315
34 7 37
34 8 341
34 9 228
34 10 362
34 11 419
34 12 493
34 13 493
34 14 419
34 15 341
34 16 224
34 17 198
34 18 163
34 19 445
34 20 311
34 21 102
34 22 371
34 23 211
34 24 595
34 25 144
34 26 595
34 27 547
34 28 96
34 29 547
34 30 499
34 31 48
34 32 499
34 33 451
34 34 0
34 35 451
34 36 499
34 37 48
34 38 499
34 39 547
34 40 96
34 41 547
34 42 715
35 0 1166
35 1 241
35 2 380
35 3 397
35 4 141
35 5 922
35 6 328
35 7 488
35 8 302
35 9 319
35 10 89
35 11 870
35 12 944
35 13 246
35 14 224
35 15 792
35 16 419
35 17 649
35 18 614
35 19 896
35 20 762
35 21 553
35 22 822
35 23 432
35 24 1046
35 25 595
35 26 144
35 27 998
35 28 547
35 29 96
35 30 950
35 31 499
35 32 48
35 33 902
35 34 451
35 35 0
35 36 950
35 37 499
35 38 48
35 39 998
35 40 547
35 41 96
35 42 1166
36 0 312
36 1 805
36 2 666
36 3 649
36 4 809
36 5 124
36 6 814
36 7 462
36 8 840
36 9 631
36 10 861
36 11 176
36 12 294
36 13 992
36 14 918
36 15 254
36 16 723
36 17 493
36 18 432
36 19 246
36 20 476
36 21 397
36 22 224
36 23 710
36 24 192
36 25 643
36 26 1094
36 27 144
36 28 595
36 29 1046
36 30 96
36 31 547
36 32 998
36 33 48
36 34 499
36 35 950
36 36 0
36 37 451
36 38 902
36 39 48
36 40 499
36 41 950
36 42 312
37 0 763
37 1 354
37 2 215
37 3 198
37 4 358
37 5 423
37 6 363
37 7 85
37 8 389
37 9 180
37 10 410
37 11 371
37 12 541
37 13 541
37 14 467
37 15 293
37 16 272
37 17 246
37 18 211
37 19 493
37 20 359
37 21 150
37 22 419
37 23 259
37 24 643
37 25 192
37 26 643
37 27 595
37 28 144
37 29 595
37 30 547
37 31 96
37 32 547
37 33 499
37 34 48
37 35 499
37 36 451
37 37 0
37 38 451
37 39 499
37 40 48
37 41 499
37 42 763
38 0 1214
38 1 289
38 2 332
38 3 445
38 4 189
38 5 874
38 6 376
38 7 536
38 8 350
38 9 271
38 10 137
38 11 822
38 12 992
38 13 294
38 14 272
38 15 744
38 16 467
38 17 697
38 18 662
38 19 944
38 20 810
38 21 601
38 22 870
38 23 480
38 24 1094
38 25 643
38 26 192
38 27 1046
38 28 595
38 29 144
38 30 998
38 31 547
38 32 96
38 33 950
38 34 499
38 35 48
38 36 902
38 37 451
38 38 0
38 39 950
38 40 499
38 41 48
38 42 1214
39 0 360
39 1 853
39 2 618
39 3 697
39 4 857
39 5 76
39 6 862
39 7 510
39 8 888
39 9 679
39 10 909
39 11 128
39 12 342
39 13 1040
39 14 966
39 15 206
39 16 771
39 17 541
39 18 480
39 19 294
39 20 524
39 21 445
39 22 272
39 23 758
39 24 240
39 25 691
39 26 1142
39 27 192
39 28 643
39 29 1094
39 30 144
39 31 595
39 32 1046
39 33 96
39 34 547
39 35 998
39 36 48
39 37 499
39 38 950
39 39 0
39 40 451
39 41 902
39 42 360
40 0 811
40 1 402
40 2 167
40 3 246
40 4 406
40 5 375
40 6 411
40 7 133
40 8 437
40 9 228
40 10 458
40 11 323
40 12 589
40 13 589
40 14 515
40 15 245
40 16 320
40 17 294
40 18 259
40 19 541
40 20 407
40 21 198
40 22 467
40 23 307
40 24 691
40 25 240
40 26 691
40 27 643
40 28 192
40 29 643
40 30 595
40 31 144
40 32 595
40 33 547
40 34 96
40 35 547
40 36 499
40 37 48
40 38 499
40 39 451
40 40 0
40 41 451
40 42 811
41 0 1262
41 1 337
41 2 284
41 3 493
41 4 237
41 5 826
41 6 424
41 7 584
41 8 398
41 9 319
41 10 185
41 11 774
41 12 1040
41 13 342
41 14 320
41 15 696
41 16 515
41 17 745
41 18 710
41 19 992
41 20 858
41 21 649
41 22 918
41 23 528
41 24 1142
41 25 691
41 26 240
41 27 1094
41 28 643
41 29 192
41 30 1046
41 31 595
41 32 144
41 33 998
41 34 547
41 35 96
41 36 950
41 37 499
41 38 48
41 39 902
41 40 451
41 41 0
41 42 1262
42 0 0
42 1 925
42 2 978
42 3 769
42 4 1025
42 5 436
42 6 838
42 7 678
42 8 864
42 9 943
42 10 1077
42 11 488
42 12 222
42 13 920
42 14 942
42 15 566
42 16 747
42 17 517
42 18 552
42 19 270
42 20 404
42 21 613
42 22 344
42 23 734
42 24 120
42 25 571
42 26 1022
42 27 168
42 28 619
42 29 1070
42 30 216
42 31 667
42 32 1118
42 33 264
42 34 715
42 35 1166
42 36 312
42 37 763
42 38 1214
42 39 360
42 40 811
42 41 1262
42 42 0
//Location coordinates LocationName
//Loc x y
0 0.0 0.0 "depot"
1 96.0 829.0 "product aisle 2 bloc 1 rank 35"
2 240.0 738.0 "product aisle 5 bloc 1 rank 22"
3 96.0 673.0 "product aisle 2 bloc 1 rank 12"
4 144.0 881.0 "product aisle 3 bloc 1 rank 43"
5 240.0 196.0 "product aisle 5 bloc 0 rank 7"
6 48.0 790.0 "product aisle 1 bloc 1 rank 30"
7 144.0 534.0 "product aisle 3 bloc 0 rank 60"
8 48.0 816.0 "product aisle 1 bloc 1 rank 34"
9 192.0 751.0 "product aisle 4 bloc 1 rank 24"
10 144.0 933.0 "product aisle 3 bloc 1 rank 52"
11 240.0 248.0 "product aisle 5 bloc 0 rank 15"
12 0.0 222.0 "product aisle 0 bloc 0 rank 11"
13 0.0 920.0 "product aisle 0 bloc 1 rank 49"
14 48.0 894.0 "product aisle 1 bloc 1 rank 46"
15 240.0 326.0 "product aisle 5 bloc 0 rank 28"
16 48.0 699.0 "product aisle 1 bloc 1 rank 16"
17 48.0 469.0 "product aisle 1 bloc 0 rank 49"
18 96.0 456.0 "product aisle 2 bloc 0 rank 47"
19 48.0 222.0 "product aisle 1 bloc 0 rank 11"
20 0.0 404.0 "product aisle 0 bloc 0 rank 40"
21 144.0 469.0 "product aisle 3 bloc 0 rank 49"
22 96.0 248.0 "product aisle 2 bloc 0 rank 15"
23 48.0 686.0 "product aisle 1 bloc 1 rank 14"
24 24.0 120.0 "intersection aisle 0 bloc 0 rank 0"
25 24.0 571.0 "intersection aisle 0 bloc 1 rank 1"
26 24.0 1022.0 "intersection aisle 0 bloc 2 rank 2"
27 72.0 120.0 "intersection aisle 1 bloc 0 rank 0"
28 72.0 571.0 "intersection aisle 1 bloc 1 rank 1"
29 72.0 1022.0 "intersection aisle 1 bloc 2 rank 2"
30 120.0 120.0 "intersection aisle 2 bloc 0 rank 0"
31 120.0 571.0 "intersection aisle 2 bloc 1 rank 1"
32 120.0 1022.0 "intersection aisle 2 bloc 2 rank 2"
33 168.0 120.0 "intersection aisle 3 bloc 0 rank 0"
34 168.0 571.0 "intersection aisle 3 bloc 1 rank 1"
35 168.0 1022.0 "intersection aisle 3 bloc 2 rank 2"
36 216.0 120.0 "intersection aisle 4 bloc 0 rank 0"
37 216.0 571.0 "intersection aisle 4 bloc 1 rank 1"
38 216.0 1022.0 "intersection aisle 4 bloc 2 rank 2"
39 264.0 120.0 "intersection aisle 5 bloc 0 rank 0"
40 264.0 571.0 "intersection aisle 5 bloc 1 rank 1"
41 264.0 1022.0 "intersection aisle 5 bloc 2 rank 2"
42 0.0 0.0 "depot"
