//alpha
1
//NbLocations
83
//NbProducts
28
//NbPickers
2
//CapaPicker
12
//TimeToTravelOneDistanceUnit
3
//SetupTime
5400
//PickTime
300
//Products
//Idx Location Size
1 1 1
2 2 1
3 3 1
4 4 1
5 5 1
6 6 1
7 7 1
8 8 1
9 9 1
10 10 1
11 11 1
12 12 1
13 13 1
14 14 1
15 15 1
16 16 1
17 17 1
18 18 1
19 19 1
20 20 1
21 21 1
22 22 1
23 23 1
24 24 1
25 25 1
26 26 1
27 27 1
28 28 1
//Orders
//NbOrders
6
//Idx DueDate TardinessPenalty NbProdInOrder ProdIdx1 Qty1 ProdIdx2 Qty2 ...
1 54000 0 7 1 1 2 1 3 1 4 1 5 1 6 1 7 1
2 144000 0 2 8 1 9 1
3 126000 0 8 10 1 11 1 12 1 13 1 14 1 15 1 16 1 17 1
4 108000 0 1 18 1
5 144000 0 4 19 1 20 1 21 1 22 1
6 126000 0 6 23 1 24 1 25 1 26 1 27 1 28 1
//Graph (Products are vertices indexed from 1 to NbProducts)
//NbVerticesIntersections
54
//DepartingDepot
0
//ArrivalDepot
83
//Arcs
//Start End Distance
0 29 120
1 12 91
1 30 401
2 24 598
2 33 50
3 10 351
3 21 390
4 20 104
4 25 143
5 45 895
5 46 336
6 13 65
6 15 689
7 26 351
7 37 206
8 14 65
8 38 726
9 22 156
9 26 104
10 3 351
10 33 362
11 30 544
11 31 687
12 1 91
12 16 273
13 6 65
13 36 89
14 8 65
14 39 440
15 6 689
15 35 388
16 12 273
16 29 466
17 80 479
17 81 752
18 54 271
18 55 960
19 53 843
19 54 388
20 4 104
20 34 193
21 3 390
21 32 128
22 9 156
22 36 414
23 42 76
23 43 1155
24 2 598
24 25 143
25 4 143
25 24 143
26 7 351
26 9 104
27 77 219
27 78 1012
28 41 609
28 42 622
29 16 466
29 32 48
29 83 120
30 1 401
30 11 544
30 33 48
31 11 687
31 34 48
32 21 128
32 29 48
32 35 48
33 2 50
33 10 362
33 30 48
33 36 48
34 20 193
34 31 48
34 37 48
35 15 388
35 32 48
35 38 48
36 13 89
36 22 414
36 33 48
36 39 48
37 7 206
37 34 48
37 40 48
38 8 726
38 35 48
38 41 48
39 14 440
39 36 48
39 40 1231
39 42 48
40 37 48
40 39 1231
40 43 48
41 28 609
41 38 48
41 44 48
42 23 76
42 28 622
42 39 48
42 45 48
43 23 1155
43 40 48
43 46 48
44 41 48
44 45 1231
44 47 48
45 5 895
45 42 48
45 44 1231
45 48 48
46 5 336
46 43 48
46 49 48
47 44 48
47 48 1231
47 50 48
48 45 48
48 47 1231
48 49 1231
48 51 48
49 46 48
49 48 1231
49 52 48
50 47 48
50 51 1231
50 53 48
51 48 48
51 50 1231
51 52 1231
51 54 48
52 49 48
52 51 1231
52 55 48
53 19 843
53 50 48
53 56 48
54 18 271
54 19 388
54 51 48
54 57 48
55 18 960
55 52 48
55 58 48
56 53 48
56 57 1231
56 59 48
57 54 48
57 56 1231
57 58 1231
57 60 48
58 55 48
58 57 1231
58 61 48
59 56 48
59 60 1231
59 62 48
60 57 48
60 59 1231
60 61 1231
60 63 48
61 58 48
61 60 1231
61 64 48
62 59 48
62 63 1231
62 65 48
63 60 48
63 62 1231
63 64 1231
63 66 48
64 61 48
64 63 1231
64 67 48
65 62 48
65 66 1231
65 68 48
66 63 48
66 65 1231
66 67 1231
66 69 48
67 64 48
67 66 1231
67 70 48
68 65 48
68 69 1231
68 71 48
69 66 48
69 68 1231
69 70 1231
69 72 48
70 67 48
70 69 1231
70 73 48
71 68 48
71 72 1231
71 74 48
72 69 48
72 71 1231
72 73 1231
72 75 48
73 70 48
73 72 1231
73 76 48
74 71 48
74 75 1231
74 77 48
75 72 48
75 74 1231
75 76 1231
75 78 48
76 73 48
76 75 1231
76 79 48
77 27 219
77 74 48
77 80 48
78 27 1012
78 75 48
78 79 1231
78 81 48
79 76 48
79 78 1231
79 82 48
80 17 479
80 77 48
81 17 752
81 78 48
81 82 1231
82 79 48
82 81 1231
//LocStart LocEnd ShortestPath
0 0 0
0 1 950
0 2 1449
0 3 686
0 4 2333
0 5 2486
0 6 1293
0 7 2472
0 8 990
0 9 2017
0 10 1037
0 11 1895
0 12 859
0 13 1358
0 14 1055
0 15 604
0 16 586
0 17 1415
0 18 2006
0 19 1347
0 20 2437
0 21 296
0 22 1861
0 23 1619
0 24 2047
0 25 2190
0 26 2121
0 27 1107
0 28 921
0 29 120
0 30 1351
0 31 2582
0 32 168
0 33 1399
0 34 2630
0 35 216
0 36 1447
0 37 2678
0 38 264
0 39 1495
0 40 2726
0 41 312
0 42 1543
0 43 2774
0 44 360
0 45 1591
0 46 2822
0 47 408
0 48 1639
0 49 2870
0 50 456
0 51 1687
0 52 2918
0 53 504
0 54 1735
0 55 2966
0 56 552
0 57 1783
0 58 3014
0 59 600
0 60 1831
0 61 3062
0 62 648
0 63 1879
0 64 3110
0 65 696
0 66 1927
0 67 3158
0 68 744
0 69 1975
0 70 3206
0 71 792
0 72 2023
0 73 3254
0 74 840
0 75 2071
0 76 3302
0 77 888
0 78 2119
0 79 3350
0 80 936
0 81 2167
0 82 3398
0 83 0
1 0 950
1 1 0
1 2 499
1 3 1162
1 4 1383
1 5 1536
1 6 651
1 7 1522
1 8 1050
1 9 1067
1 10 811
1 11 945
1 12 91
1 13 586
1 14 985
1 15 1314
1 16 364
1 17 1969
1 18 1056
1 19 1173
1 20 1487
1 21 1006
1 22 911
1 23 669
1 24 1097
1 25 1240
1 26 1171
1 27 1817
1 28 1215
1 29 830
1 30 401
1 31 1632
1 32 878
1 33 449
1 34 1680
1 35 926
1 36 497
1 37 1728
1 38 974
1 39 545
1 40 1776
1 41 1022
1 42 593
1 43 1824
1 44 1070
1 45 641
1 46 1872
1 47 1118
1 48 689
1 49 1920
1 50 1166
1 51 737
1 52 1968
1 53 1214
1 54 785
1 55 2016
1 56 1262
1 57 833
1 58 2064
1 59 1310
1 60 881
1 61 2112
1 62 1358
1 63 929
1 64 2160
1 65 1406
1 66 977
1 67 2208
1 68 1454
1 69 1025
1 70 2256
1 71 1502
1 72 1073
1 73 2304
1 74 1550
1 75 1121
1 76 2352
1 77 1598
1 78 1169
1 79 2400
1 80 1646
1 81 1217
1 82 2448
1 83 950
2 0 1449
2 1 499
2 2 0
2 3 763
2 4 884
2 5 1137
2 6 252
2 7 1123
2 8 651
2 9 668
2 10 412
2 11 642
2 12 590
2 13 187
2 14 586
2 15 941
2 16 863
2 17 1570
2 18 657
2 19 774
2 20 988
2 21 1153
2 22 512
2 23 270
2 24 598
2 25 741
2 26 772
2 27 1782
2 28 816
2 29 1329
2 30 98
2 31 1229
2 32 1281
2 33 50
2 34 1181
2 35 1329
2 36 98
2 37 1229
2 38 1377
2 39 146
2 40 1277
2 41 1425
2 42 194
2 43 1325
2 44 1473
2 45 242
2 46 1373
2 47 1521
2 48 290
2 49 1421
2 50 1569
2 51 338
2 52 1469
2 53 1617
2 54 386
2 55 1517
2 56 1665
2 57 434
2 58 1565
2 59 1713
2 60 482
2 61 1613
2 62 1761
2 63 530
2 64 1661
2 65 1809
2 66 578
2 67 1709
2 68 1857
2 69 626
2 70 1757
2 71 1905
2 72 674
2 73 1805
2 74 1953
2 75 722
2 76 1853
2 77 2001
2 78 770
2 79 1901
2 80 2049
2 81 818
2 82 1949
2 83 1449
3 0 686
3 1 1162
3 2 763
3 3 0
3 4 1647
3 5 1800
3 6 915
3 7 1786
3 8 1314
3 9 1331
3 10 351
3 11 1305
3 12 1253
3 13 850
3 14 1249
3 15 954
3 16 1032
3 17 1765
3 18 1320
3 19 1437
3 20 1751
3 21 390
3 22 1175
3 23 933
3 24 1361
3 25 1504
3 26 1435
3 27 1457
3 28 1271
3 29 566
3 30 761
3 31 1992
3 32 518
3 33 713
3 34 1944
3 35 566
3 36 761
3 37 1992
3 38 614
3 39 809
3 40 2040
3 41 662
3 42 857
3 43 2088
3 44 710
3 45 905
3 46 2136
3 47 758
3 48 953
3 49 2184
3 50 806
3 51 1001
3 52 2232
3 53 854
3 54 1049
3 55 2280
3 56 902
3 57 1097
3 58 2328
3 59 950
3 60 1145
3 61 2376
3 62 998
3 63 1193
3 64 2424
3 65 1046
3 66 1241
3 67 2472
3 68 1094
3 69 1289
3 70 2520
3 71 1142
3 72 1337
3 73 2568
3 74 1190
3 75 1385
3 76 2616
3 77 1238
3 78 1433
3 79 2664
3 80 1286
3 81 1481
3 82 2712
3 83 686
4 0 2333
4 1 1383
4 2 884
4 3 1647
4 4 0
4 5 825
4 6 1136
4 7 551
4 8 1535
4 9 1006
4 10 1296
4 11 1032
4 12 1474
4 13 1071
4 14 1470
4 15 1825
4 16 1747
4 17 2454
4 18 1541
4 19 1658
4 20 104
4 21 2037
4 22 1162
4 23 1154
4 24 286
4 25 143
4 26 902
4 27 2666
4 28 1700
4 29 2213
4 30 982
4 31 345
4 32 2165
4 33 934
4 34 297
4 35 2213
4 36 982
4 37 345
4 38 2261
4 39 1030
4 40 393
4 41 2309
4 42 1078
4 43 441
4 44 2357
4 45 1126
4 46 489
4 47 2405
4 48 1174
4 49 537
4 50 2453
4 51 1222
4 52 585
4 53 2501
4 54 1270
4 55 633
4 56 2549
4 57 1318
4 58 681
4 59 2597
4 60 1366
4 61 729
4 62 2645
4 63 1414
4 64 777
4 65 2693
4 66 1462
4 67 825
4 68 2741
4 69 1510
4 70 873
4 71 2789
4 72 1558
4 73 921
4 74 2837
4 75 1606
4 76 969
4 77 2885
4 78 1654
4 79 1017
4 80 2933
4 81 1702
4 82 1065
4 83 2333
5 0 2486
5 1 1536
5 2 1137
5 3 1800
5 4 825
5 5 0
5 6 1193
5 7 686
5 8 1496
5 9 1141
5 10 1449
5 11 1263
5 12 1627
5 13 1128
5 14 1431
5 15 1882
5 16 1900
5 17 2223
5 18 1310
5 19 1427
5 20 721
5 21 2190
5 22 1297
5 23 1019
5 24 1111
5 25 968
5 26 1037
5 27 2435
5 28 1565
5 29 2366
5 30 1135
5 31 576
5 32 2318
5 33 1087
5 34 528
5 35 2270
5 36 1039
5 37 480
5 38 2222
5 39 991
5 40 432
5 41 2174
5 42 943
5 43 384
5 44 2126
5 45 895
5 46 336
5 47 2174
5 48 943
5 49 384
5 50 2222
5 51 991
5 52 432
5 53 2270
5 54 1039
5 55 480
5 56 2318
5 57 1087
5 58 528
5 59 2366
5 60 1135
5 61 576
5 62 2414
5 63 1183
5 64 624
5 65 2462
5 66 1231
5 67 672
5 68 2510
5 69 1279
5 70 720
5 71 2558
5 72 1327
5 73 768
5 74 2606
5 75 1375
5 76 816
5 77 2654
5 78 1423
5 79 864
5 80 2702
5 81 1471
5 82 912
5 83 2486
6 0 1293
6 1 651
6 2 252
6 3 915
6 4 1136
6 5 1193
6 6 0
6 7 1179
6 8 707
6 9 724
6 10 564
6 11 794
6 12 742
6 13 65
6 14 642
6 15 689
6 16 1015
6 17 1626
6 18 713
6 19 830
6 20 1240
6 21 1253
6 22 568
6 23 326
6 24 850
6 25 993
6 26 828
6 27 1838
6 28 872
6 29 1173
6 30 250
6 31 1481
6 32 1125
6 33 202
6 34 1433
6 35 1077
6 36 154
6 37 1385
6 38 1125
6 39 202
6 40 1433
6 41 1173
6 42 250
6 43 1481
6 44 1221
6 45 298
6 46 1529
6 47 1269
6 48 346
6 49 1577
6 50 1317
6 51 394
6 52 1625
6 53 1365
6 54 442
6 55 1673
6 56 1413
6 57 490
6 58 1721
6 59 1461
6 60 538
6 61 1769
6 62 1509
6 63 586
6 64 1817
6 65 1557
6 66 634
6 67 1865
6 68 1605
6 69 682
6 70 1913
6 71 1653
6 72 730
6 73 1961
6 74 1701
6 75 778
6 76 2009
6 77 1749
6 78 826
6 79 2057
6 80 1797
6 81 874
6 82 2105
6 83 1293
7 0 2472
7 1 1522
7 2 1123
7 3 1786
7 4 551
7 5 686
7 6 1179
7 7 0
7 8 1578
7 9 455
7 10 1435
7 11 989
7 12 1613
7 13 1114
7 14 1513
7 15 1868
7 16 1886
7 17 2497
7 18 1454
7 19 1701
7 20 447
7 21 2176
7 22 611
7 23 1197
7 24 837
7 25 694
7 26 351
7 27 2709
7 28 1743
7 29 2352
7 30 1121
7 31 302
7 32 2304
7 33 1073
7 34 254
7 35 2256
7 36 1025
7 37 206
7 38 2304
7 39 1073
7 40 254
7 41 2352
7 42 1121
7 43 302
7 44 2400
7 45 1169
7 46 350
7 47 2448
7 48 1217
7 49 398
7 50 2496
7 51 1265
7 52 446
7 53 2544
7 54 1313
7 55 494
7 56 2592
7 57 1361
7 58 542
7 59 2640
7 60 1409
7 61 590
7 62 2688
7 63 1457
7 64 638
7 65 2736
7 66 1505
7 67 686
7 68 2784
7 69 1553
7 70 734
7 71 2832
7 72 1601
7 73 782
7 74 2880
7 75 1649
7 76 830
7 77 2928
7 78 1697
7 79 878
7 80 2976
7 81 1745
7 82 926
7 83 2472
8 0 990
8 1 1050
8 2 651
8 3 1314
8 4 1535
8 5 1496
8 6 707
8 7 1578
8 8 0
8 9 1123
8 10 963
8 11 1193
8 12 1141
8 13 642
8 14 65
8 15 1162
8 16 1336
8 17 1877
8 18 1016
8 19 1133
8 20 1639
8 21 950
8 22 967
8 23 629
8 24 1249
8 25 1392
8 26 1227
8 27 1569
8 28 1175
8 29 870
8 30 649
8 31 1880
8 32 822
8 33 601
8 34 1832
8 35 774
8 36 553
8 37 1784
8 38 726
8 39 505
8 40 1736
8 41 774
8 42 553
8 43 1784
8 44 822
8 45 601
8 46 1832
8 47 870
8 48 649
8 49 1880
8 50 918
8 51 697
8 52 1928
8 53 966
8 54 745
8 55 1976
8 56 1014
8 57 793
8 58 2024
8 59 1062
8 60 841
8 61 2072
8 62 1110
8 63 889
8 64 2120
8 65 1158
8 66 937
8 67 2168
8 68 1206
8 69 985
8 70 2216
8 71 1254
8 72 1033
8 73 2264
8 74 1302
8 75 1081
8 76 2312
8 77 1350
8 78 1129
8 79 2360
8 80 1398
8 81 1177
8 82 2408
8 83 990
9 0 2017
9 1 1067
9 2 668
9 3 1331
9 4 1006
9 5 1141
9 6 724
9 7 455
9 8 1123
9 9 0
9 10 980
9 11 1210
9 12 1158
9 13 659
9 14 1058
9 15 1413
9 16 1431
9 17 2042
9 18 1129
9 19 1246
9 20 902
9 21 1721
9 22 156
9 23 742
9 24 1266
9 25 1149
9 26 104
9 27 2254
9 28 1288
9 29 1897
9 30 666
9 31 757
9 32 1849
9 33 618
9 34 709
9 35 1801
9 36 570
9 37 661
9 38 1849
9 39 618
9 40 709
9 41 1897
9 42 666
9 43 757
9 44 1945
9 45 714
9 46 805
9 47 1993
9 48 762
9 49 853
9 50 2041
9 51 810
9 52 901
9 53 2089
9 54 858
9 55 949
9 56 2137
9 57 906
9 58 997
9 59 2185
9 60 954
9 61 1045
9 62 2233
9 63 1002
9 64 1093
9 65 2281
9 66 1050
9 67 1141
9 68 2329
9 69 1098
9 70 1189
9 71 2377
9 72 1146
9 73 1237
9 74 2425
9 75 1194
9 76 1285
9 77 2473
9 78 1242
9 79 1333
9 80 2521
9 81 1290
9 82 1381
9 83 2017
10 0 1037
10 1 811
10 2 412
10 3 351
10 4 1296
10 5 1449
10 6 564
10 7 1435
10 8 963
10 9 980
10 10 0
10 11 954
10 12 902
10 13 499
10 14 898
10 15 1253
10 16 1175
10 17 1882
10 18 969
10 19 1086
10 20 1400
10 21 741
10 22 824
10 23 582
10 24 1010
10 25 1153
10 26 1084
10 27 1808
10 28 1128
10 29 917
10 30 410
10 31 1641
10 32 869
10 33 362
10 34 1593
10 35 917
10 36 410
10 37 1641
10 38 965
10 39 458
10 40 1689
10 41 1013
10 42 506
10 43 1737
10 44 1061
10 45 554
10 46 1785
10 47 1109
10 48 602
10 49 1833
10 50 1157
10 51 650
10 52 1881
10 53 1205
10 54 698
10 55 1929
10 56 1253
10 57 746
10 58 1977
10 59 1301
10 60 794
10 61 2025
10 62 1349
10 63 842
10 64 2073
10 65 1397
10 66 890
10 67 2121
10 68 1445
10 69 938
10 70 2169
10 71 1493
10 72 986
10 73 2217
10 74 1541
10 75 1034
10 76 2265
10 77 1589
10 78 1082
10 79 2313
10 80 1637
10 81 1130
10 82 2361
10 83 1037
11 0 1895
11 1 945
11 2 642
11 3 1305
11 4 1032
11 5 1263
11 6 794
11 7 989
11 8 1193
11 9 1210
11 10 954
11 11 0
11 12 1036
11 13 729
11 14 1128
11 15 1483
11 16 1309
11 17 2112
11 18 1199
11 19 1316
11 20 928
11 21 1695
11 22 1054
11 23 812
11 24 1240
11 25 1175
11 26 1314
11 27 2324
11 28 1358
11 29 1775
11 30 544
11 31 687
11 32 1823
11 33 592
11 34 735
11 35 1871
11 36 640
11 37 783
11 38 1919
11 39 688
11 40 831
11 41 1967
11 42 736
11 43 879
11 44 2015
11 45 784
11 46 927
11 47 2063
11 48 832
11 49 975
11 50 2111
11 51 880
11 52 1023
11 53 2159
11 54 928
11 55 1071
11 56 2207
11 57 976
11 58 1119
11 59 2255
11 60 1024
11 61 1167
11 62 2303
11 63 1072
11 64 1215
11 65 2351
11 66 1120
11 67 1263
11 68 2399
11 69 1168
11 70 1311
11 71 2447
11 72 1216
11 73 1359
11 74 2495
11 75 1264
11 76 1407
11 77 2543
11 78 1312
11 79 1455
11 80 2591
11 81 1360
11 82 1503
11 83 1895
12 0 859
12 1 91
12 2 590
12 3 1253
12 4 1474
12 5 1627
12 6 742
12 7 1613
12 8 1141
12 9 1158
12 10 902
12 11 1036
12 12 0
12 13 677
12 14 1076
12 15 1223
12 16 273
12 17 2034
12 18 1147
12 19 1264
12 20 1578
12 21 915
12 22 1002
12 23 760
12 24 1188
12 25 1331
12 26 1262
12 27 1726
12 28 1306
12 29 739
12 30 492
12 31 1723
12 32 787
12 33 540
12 34 1771
12 35 835
12 36 588
12 37 1819
12 38 883
12 39 636
12 40 1867
12 41 931
12 42 684
12 43 1915
12 44 979
12 45 732
12 46 1963
12 47 1027
12 48 780
12 49 2011
12 50 1075
12 51 828
12 52 2059
12 53 1123
12 54 876
12 55 2107
12 56 1171
12 57 924
12 58 2155
12 59 1219
12 60 972
12 61 2203
12 62 1267
12 63 1020
12 64 2251
12 65 1315
12 66 1068
12 67 2299
12 68 1363
12 69 1116
12 70 2347
12 71 1411
12 72 1164
12 73 2395
12 74 1459
12 75 1212
12 76 2443
12 77 1507
12 78 1260
12 79 2491
12 80 1555
12 81 1308
12 82 2539
12 83 859
13 0 1358
13 1 586
13 2 187
13 3 850
13 4 1071
13 5 1128
13 6 65
13 7 1114
13 8 642
13 9 659
13 10 499
13 11 729
13 12 677
13 13 0
13 14 577
13 15 754
13 16 950
13 17 1561
13 18 648
13 19 765
13 20 1175
13 21 1240
13 22 503
13 23 261
13 24 785
13 25 928
13 26 763
13 27 1773
13 28 807
13 29 1238
13 30 185
13 31 1416
13 32 1190
13 33 137
13 34 1368
13 35 1142
13 36 89
13 37 1320
13 38 1190
13 39 137
13 40 1368
13 41 1238
13 42 185
13 43 1416
13 44 1286
13 45 233
13 46 1464
13 47 1334
13 48 281
13 49 1512
13 50 1382
13 51 329
13 52 1560
13 53 1430
13 54 377
13 55 1608
13 56 1478
13 57 425
13 58 1656
13 59 1526
13 60 473
13 61 1704
13 62 1574
13 63 521
13 64 1752
13 65 1622
13 66 569
13 67 1800
13 68 1670
13 69 617
13 70 1848
13 71 1718
13 72 665
13 73 1896
13 74 1766
13 75 713
13 76 1944
13 77 1814
13 78 761
13 79 1992
13 80 1862
13 81 809
13 82 2040
13 83 1358
14 0 1055
14 1 985
14 2 586
14 3 1249
14 4 1470
14 5 1431
14 6 642
14 7 1513
14 8 65
14 9 1058
14 10 898
14 11 1128
14 12 1076
14 13 577
14 14 0
14 15 1227
14 16 1349
14 17 1864
14 18 951
14 19 1068
14 20 1574
14 21 1015
14 22 902
14 23 564
14 24 1184
14 25 1327
14 26 1162
14 27 1634
14 28 1110
14 29 935
14 30 584
14 31 1815
14 32 887
14 33 536
14 34 1767
14 35 839
14 36 488
14 37 1719
14 38 791
14 39 440
14 40 1671
14 41 839
14 42 488
14 43 1719
14 44 887
14 45 536
14 46 1767
14 47 935
14 48 584
14 49 1815
14 50 983
14 51 632
14 52 1863
14 53 1031
14 54 680
14 55 1911
14 56 1079
14 57 728
14 58 1959
14 59 1127
14 60 776
14 61 2007
14 62 1175
14 63 824
14 64 2055
14 65 1223
14 66 872
14 67 2103
14 68 1271
14 69 920
14 70 2151
14 71 1319
14 72 968
14 73 2199
14 74 1367
14 75 1016
14 76 2247
14 77 1415
14 78 1064
14 79 2295
14 80 1463
14 81 1112
14 82 2343
14 83 1055
15 0 604
15 1 1314
15 2 941
15 3 954
15 4 1825
15 5 1882
15 6 689
15 7 1868
15 8 1162
15 9 1413
15 10 1253
15 11 1483
15 12 1223
15 13 754
15 14 1227
15 15 0
15 16 950
15 17 1587
15 18 1402
15 19 1519
15 20 1929
15 21 564
15 22 1257
15 23 1015
15 24 1539
15 25 1682
15 26 1517
15 27 1279
15 28 1093
15 29 484
15 30 939
15 31 2170
15 32 436
15 33 891
15 34 2122
15 35 388
15 36 843
15 37 2074
15 38 436
15 39 891
15 40 2122
15 41 484
15 42 939
15 43 2170
15 44 532
15 45 987
15 46 2218
15 47 580
15 48 1035
15 49 2266
15 50 628
15 51 1083
15 52 2314
15 53 676
15 54 1131
15 55 2362
15 56 724
15 57 1179
15 58 2410
15 59 772
15 60 1227
15 61 2458
15 62 820
15 63 1275
15 64 2506
15 65 868
15 66 1323
15 67 2554
15 68 916
15 69 1371
15 70 2602
15 71 964
15 72 1419
15 73 2650
15 74 1012
15 75 1467
15 76 2698
15 77 1060
15 78 1515
15 79 2746
15 80 1108
15 81 1563
15 82 2794
15 83 604
16 0 586
16 1 364
16 2 863
16 3 1032
16 4 1747
16 5 1900
16 6 1015
16 7 1886
16 8 1336
16 9 1431
16 10 1175
16 11 1309
16 12 273
16 13 950
16 14 1349
16 15 950
16 16 0
16 17 1761
16 18 1420
16 19 1537
16 20 1851
16 21 642
16 22 1275
16 23 1033
16 24 1461
16 25 1604
16 26 1535
16 27 1453
16 28 1267
16 29 466
16 30 765
16 31 1996
16 32 514
16 33 813
16 34 2044
16 35 562
16 36 861
16 37 2092
16 38 610
16 39 909
16 40 2140
16 41 658
16 42 957
16 43 2188
16 44 706
16 45 1005
16 46 2236
16 47 754
16 48 1053
16 49 2284
16 50 802
16 51 1101
16 52 2332
16 53 850
16 54 1149
16 55 2380
16 56 898
16 57 1197
16 58 2428
16 59 946
16 60 1245
16 61 2476
16 62 994
16 63 1293
16 64 2524
16 65 1042
16 66 1341
16 67 2572
16 68 1090
16 69 1389
16 70 2620
16 71 1138
16 72 1437
16 73 2668
16 74 1186
16 75 1485
16 76 2716
16 77 1234
16 78 1533
16 79 2764
16 80 1282
16 81 1581
16 82 2812
16 83 586
17 0 1415
17 1 1969
17 2 1570
17 3 1765
17 4 2454
17 5 2223
17 6 1626
17 7 2497
17 8 1877
17 9 2042
17 10 1882
17 11 2112
17 12 2034
17 13 1561
17 14 1864
17 15 1587
17 16 1761
17 17 0
17 18 1455
17 19 1572
17 20 2558
17 21 1375
17 22 1886
17 23 1452
17 24 2168
17 25 2311
17 26 2146
17 27 746
17 28 1712
17 29 1295
17 30 1568
17 31 2799
17 32 1247
17 33 1520
17 34 2751
17 35 1199
17 36 1472
17 37 2703
17 38 1151
17 39 1424
17 40 2655
17 41 1103
17 42 1376
17 43 2607
17 44 1055
17 45 1328
17 46 2559
17 47 1007
17 48 1280
17 49 2511
17 50 959
17 51 1232
17 52 2463
17 53 911
17 54 1184
17 55 2415
17 56 863
17 57 1136
17 58 2367
17 59 815
17 60 1088
17 61 2319
17 62 767
17 63 1040
17 64 2271
17 65 719
17 66 992
17 67 2223
17 68 671
17 69 944
17 70 2175
17 71 623
17 72 896
17 73 2127
17 74 575
17 75 848
17 76 2079
17 77 527
17 78 800
17 79 2031
17 80 479
17 81 752
17 82 1983
17 83 1415
18 0 2006
18 1 1056
18 2 657
18 3 1320
18 4 1541
18 5 1310
18 6 713
18 7 1454
18 8 1016
18 9 1129
18 10 969
18 11 1199
18 12 1147
18 13 648
18 14 951
18 15 1402
18 16 1420
18 17 1455
18 18 0
18 19 659
18 20 1489
18 21 1710
18 22 973
18 23 539
18 24 1255
18 25 1398
18 26 1233
18 27 1667
18 28 1085
18 29 1886
18 30 655
18 31 1344
18 32 1838
18 33 607
18 34 1296
18 35 1790
18 36 559
18 37 1248
18 38 1742
18 39 511
18 40 1200
18 41 1694
18 42 463
18 43 1152
18 44 1646
18 45 415
18 46 1104
18 47 1598
18 48 367
18 49 1056
18 50 1550
18 51 319
18 52 1008
18 53 1502
18 54 271
18 55 960
18 56 1550
18 57 319
18 58 1008
18 59 1598
18 60 367
18 61 1056
18 62 1646
18 63 415
18 64 1104
18 65 1694
18 66 463
18 67 1152
18 68 1742
18 69 511
18 70 1200
18 71 1790
18 72 559
18 73 1248
18 74 1838
18 75 607
18 76 1296
18 77 1886
18 78 655
18 79 1344
18 80 1934
18 81 703
18 82 1392
18 83 2006
19 0 1347
19 1 1173
19 2 774
19 3 1437
19 4 1658
19 5 1427
19 6 830
19 7 1701
19 8 1133
19 9 1246
19 10 1086
19 11 1316
19 12 1264
19 13 765
19 14 1068
19 15 1519
19 16 1537
19 17 1572
19 18 659
19 19 0
19 20 1762
19 21 1307
19 22 1090
19 23 656
19 24 1372
19 25 1515
19 26 1350
19 27 1446
19 28 1202
19 29 1227
19 30 772
19 31 2003
19 32 1179
19 33 724
19 34 1955
19 35 1131
19 36 676
19 37 1907
19 38 1083
19 39 628
19 40 1859
19 41 1035
19 42 580
19 43 1811
19 44 987
19 45 532
19 46 1763
19 47 939
19 48 484
19 49 1715
19 50 891
19 51 436
19 52 1667
19 53 843
19 54 388
19 55 1619
19 56 891
19 57 436
19 58 1667
19 59 939
19 60 484
19 61 1715
19 62 987
19 63 532
19 64 1763
19 65 1035
19 66 580
19 67 1811
19 68 1083
19 69 628
19 70 1859
19 71 1131
19 72 676
19 73 1907
19 74 1179
19 75 724
19 76 1955
19 77 1227
19 78 772
19 79 2003
19 80 1275
19 81 820
19 82 2051
19 83 1347
20 0 2437
20 1 1487
20 2 988
20 3 1751
20 4 104
20 5 721
20 6 1240
20 7 447
20 8 1639
20 9 902
20 10 1400
20 11 928
20 12 1578
20 13 1175
20 14 1574
20 15 1929
20 16 1851
20 17 2558
20 18 1489
20 19 1762
20 20 0
20 21 2141
20 22 1058
20 23 1258
20 24 390
20 25 247
20 26 798
20 27 2770
20 28 1804
20 29 2317
20 30 1086
20 31 241
20 32 2269
20 33 1038
20 34 193
20 35 2317
20 36 1086
20 37 241
20 38 2365
20 39 1134
20 40 289
20 41 2413
20 42 1182
20 43 337
20 44 2461
20 45 1230
20 46 385
20 47 2509
20 48 1278
20 49 433
20 50 2557
20 51 1326
20 52 481
20 53 2605
20 54 1374
20 55 529
20 56 2653
20 57 1422
20 58 577
20 59 2701
20 60 1470
20 61 625
20 62 2749
20 63 1518
20 64 673
20 65 2797
20 66 1566
20 67 721
20 68 2845
20 69 1614
20 70 769
20 71 2893
20 72 1662
20 73 817
20 74 2941
20 75 1710
20 76 865
20 77 2989
20 78 1758
20 79 913
20 80 3037
20 81 1806
20 82 961
20 83 2437
21 0 296
21 1 1006
21 2 1153
21 3 390
21 4 2037
21 5 2190
21 6 1253
21 7 2176
21 8 950
21 9 1721
21 10 741
21 11 1695
21 12 915
21 13 1240
21 14 1015
21 15 564
21 16 642
21 17 1375
21 18 1710
21 19 1307
21 20 2141
21 21 0
21 22 1565
21 23 1323
21 24 1751
21 25 1894
21 26 1825
21 27 1067
21 28 881
21 29 176
21 30 1151
21 31 2382
21 32 128
21 33 1103
21 34 2334
21 35 176
21 36 1151
21 37 2382
21 38 224
21 39 1199
21 40 2430
21 41 272
21 42 1247
21 43 2478
21 44 320
21 45 1295
21 46 2526
21 47 368
21 48 1343
21 49 2574
21 50 416
21 51 1391
21 52 2622
21 53 464
21 54 1439
21 55 2670
21 56 512
21 57 1487
21 58 2718
21 59 560
21 60 1535
21 61 2766
21 62 608
21 63 1583
21 64 2814
21 65 656
21 66 1631
21 67 2862
21 68 704
21 69 1679
21 70 2910
21 71 752
21 72 1727
21 73 2958
21 74 800
21 75 1775
21 76 3006
21 77 848
21 78 1823
21 79 3054
21 80 896
21 81 1871
21 82 3102
21 83 296
22 0 1861
22 1 911
22 2 512
22 3 1175
22 4 1162
22 5 1297
22 6 568
22 7 611
22 8 967
22 9 156
22 10 824
22 11 1054
22 12 1002
22 13 503
22 14 902
22 15 1257
22 16 1275
22 17 1886
22 18 973
22 19 1090
22 20 1058
22 21 1565
22 22 0
22 23 586
22 24 1110
22 25 1253
22 26 260
22 27 2098
22 28 1132
22 29 1741
22 30 510
22 31 913
22 32 1693
22 33 462
22 34 865
22 35 1645
22 36 414
22 37 817
22 38 1693
22 39 462
22 40 865
22 41 1741
22 42 510
22 43 913
22 44 1789
22 45 558
22 46 961
22 47 1837
22 48 606
22 49 1009
22 50 1885
22 51 654
22 52 1057
22 53 1933
22 54 702
22 55 1105
22 56 1981
22 57 750
22 58 1153
22 59 2029
22 60 798
22 61 1201
22 62 2077
22 63 846
22 64 1249
22 65 2125
22 66 894
22 67 1297
22 68 2173
22 69 942
22 70 1345
22 71 2221
22 72 990
22 73 1393
22 74 2269
22 75 1038
22 76 1441
22 77 2317
22 78 1086
22 79 1489
22 80 2365
22 81 1134
22 82 1537
22 83 1861
23 0 1619
23 1 669
23 2 270
23 3 933
23 4 1154
23 5 1019
23 6 326
23 7 1197
23 8 629
23 9 742
23 10 582
23 11 812
23 12 760
23 13 261
23 14 564
23 15 1015
23 16 1033
23 17 1452
23 18 539
23 19 656
23 20 1258
23 21 1323
23 22 586
23 23 0
23 24 868
23 25 1011
23 26 846
23 27 1664
23 28 698
23 29 1499
23 30 268
23 31 1347
23 32 1451
23 33 220
23 34 1299
23 35 1403
23 36 172
23 37 1251
23 38 1355
23 39 124
23 40 1203
23 41 1307
23 42 76
23 43 1155
23 44 1355
23 45 124
23 46 1203
23 47 1403
23 48 172
23 49 1251
23 50 1451
23 51 220
23 52 1299
23 53 1499
23 54 268
23 55 1347
23 56 1547
23 57 316
23 58 1395
23 59 1595
23 60 364
23 61 1443
23 62 1643
23 63 412
23 64 1491
23 65 1691
23 66 460
23 67 1539
23 68 1739
23 69 508
23 70 1587
23 71 1787
23 72 556
23 73 1635
23 74 1835
23 75 604
23 76 1683
23 77 1883
23 78 652
23 79 1731
23 80 1931
23 81 700
23 82 1779
23 83 1619
24 0 2047
24 1 1097
24 2 598
24 3 1361
24 4 286
24 5 1111
24 6 850
24 7 837
24 8 1249
24 9 1266
24 10 1010
24 11 1240
24 12 1188
24 13 785
24 14 1184
24 15 1539
24 16 1461
24 17 2168
24 18 1255
24 19 1372
24 20 390
24 21 1751
24 22 1110
24 23 868
24 24 0
24 25 143
24 26 1188
24 27 2380
24 28 1414
24 29 1927
24 30 696
24 31 631
24 32 1879
24 33 648
24 34 583
24 35 1927
24 36 696
24 37 631
24 38 1975
24 39 744
24 40 679
24 41 2023
24 42 792
24 43 727
24 44 2071
24 45 840
24 46 775
24 47 2119
24 48 888
24 49 823
24 50 2167
24 51 936
24 52 871
24 53 2215
24 54 984
24 55 919
24 56 2263
24 57 1032
24 58 967
24 59 2311
24 60 1080
24 61 1015
24 62 2359
24 63 1128
24 64 1063
24 65 2407
24 66 1176
24 67 1111
24 68 2455
24 69 1224
24 70 1159
24 71 2503
24 72 1272
24 73 1207
24 74 2551
24 75 1320
24 76 1255
24 77 2599
24 78 1368
24 79 1303
24 80 2647
24 81 1416
24 82 1351
24 83 2047
25 0 2190
25 1 1240
25 2 741
25 3 1504
25 4 143
25 5 968
25 6 993
25 7 694
25 8 1392
25 9 1149
25 10 1153
25 11 1175
25 12 1331
25 13 928
25 14 1327
25 15 1682
25 16 1604
25 17 2311
25 18 1398
25 19 1515
25 20 247
25 21 1894
25 22 1253
25 23 1011
25 24 143
25 25 0
25 26 1045
25 27 2523
25 28 1557
25 29 2070
25 30 839
25 31 488
25 32 2022
25 33 791
25 34 440
25 35 2070
25 36 839
25 37 488
25 38 2118
25 39 887
25 40 536
25 41 2166
25 42 935
25 43 584
25 44 2214
25 45 983
25 46 632
25 47 2262
25 48 1031
25 49 680
25 50 2310
25 51 1079
25 52 728
25 53 2358
25 54 1127
25 55 776
25 56 2406
25 57 1175
25 58 824
25 59 2454
25 60 1223
25 61 872
25 62 2502
25 63 1271
25 64 920
25 65 2550
25 66 1319
25 67 968
25 68 2598
25 69 1367
25 70 1016
25 71 2646
25 72 1415
25 73 1064
25 74 2694
25 75 1463
25 76 1112
25 77 2742
25 78 1511
25 79 1160
25 80 2790
25 81 1559
25 82 1208
25 83 2190
26 0 2121
26 1 1171
26 2 772
26 3 1435
26 4 902
26 5 1037
26 6 828
26 7 351
26 8 1227
26 9 104
26 10 1084
26 11 1314
26 12 1262
26 13 763
26 14 1162
26 15 1517
26 16 1535
26 17 2146
26 18 1233
26 19 1350
26 20 798
26 21 1825
26 22 260
26 23 846
26 24 1188
26 25 1045
26 26 0
26 27 2358
26 28 1392
26 29 2001
26 30 770
26 31 653
26 32 1953
26 33 722
26 34 605
26 35 1905
26 36 674
26 37 557
26 38 1953
26 39 722
26 40 605
26 41 2001
26 42 770
26 43 653
26 44 2049
26 45 818
26 46 701
26 47 2097
26 48 866
26 49 749
26 50 2145
26 51 914
26 52 797
26 53 2193
26 54 962
26 55 845
26 56 2241
26 57 1010
26 58 893
26 59 2289
26 60 1058
26 61 941
26 62 2337
26 63 1106
26 64 989
26 65 2385
26 66 1154
26 67 1037
26 68 2433
26 69 1202
26 70 1085
26 71 2481
26 72 1250
26 73 1133
26 74 2529
26 75 1298
26 76 1181
26 77 2577
26 78 1346
26 79 1229
26 80 2625
26 81 1394
26 82 1277
26 83 2121
27 0 1107
27 1 1817
27 2 1782
27 3 1457
27 4 2666
27 5 2435
27 6 1838
27 7 2709
27 8 1569
27 9 2254
27 10 1808
27 11 2324
27 12 1726
27 13 1773
27 14 1634
27 15 1279
27 16 1453
27 17 746
27 18 1667
27 19 1446
27 20 2770
27 21 1067
27 22 2098
27 23 1664
27 24 2380
27 25 2523
27 26 2358
27 27 0
27 28 1404
27 29 987
27 30 1780
27 31 3011
27 32 939
27 33 1732
27 34 2963
27 35 891
27 36 1684
27 37 2915
27 38 843
27 39 1636
27 40 2867
27 41 795
27 42 1588
27 43 2819
27 44 747
27 45 1540
27 46 2771
27 47 699
27 48 1492
27 49 2723
27 50 651
27 51 1444
27 52 2675
27 53 603
27 54 1396
27 55 2627
27 56 555
27 57 1348
27 58 2579
27 59 507
27 60 1300
27 61 2531
27 62 459
27 63 1252
27 64 2483
27 65 411
27 66 1204
27 67 2435
27 68 363
27 69 1156
27 70 2387
27 71 315
27 72 1108
27 73 2339
27 74 267
27 75 1060
27 76 2291
27 77 219
27 78 1012
27 79 2243
27 80 267
27 81 1060
27 82 2291
27 83 1107
28 0 921
28 1 1215
28 2 816
28 3 1271
28 4 1700
28 5 1565
28 6 872
28 7 1743
28 8 1175
28 9 1288
28 10 1128
28 11 1358
28 12 1306
28 13 807
28 14 1110
28 15 1093
28 16 1267
28 17 1712
28 18 1085
28 19 1202
28 20 1804
28 21 881
28 22 1132
28 23 698
28 24 1414
28 25 1557
28 26 1392
28 27 1404
28 28 0
28 29 801
28 30 814
28 31 2045
28 32 753
28 33 766
28 34 1997
28 35 705
28 36 718
28 37 1949
28 38 657
28 39 670
28 40 1901
28 41 609
28 42 622
28 43 1853
28 44 657
28 45 670
28 46 1901
28 47 705
28 48 718
28 49 1949
28 50 753
28 51 766
28 52 1997
28 53 801
28 54 814
28 55 2045
28 56 849
28 57 862
28 58 2093
28 59 897
28 60 910
28 61 2141
28 62 945
28 63 958
28 64 2189
28 65 993
28 66 1006
28 67 2237
28 68 1041
28 69 1054
28 70 2285
28 71 1089
28 72 1102
28 73 2333
28 74 1137
28 75 1150
28 76 2381
28 77 1185
28 78 1198
28 79 2429
28 80 1233
28 81 1246
28 82 2477
28 83 921
29 0 120
29 1 830
29 2 1329
29 3 566
29 4 2213
29 5 2366
29 6 1173
29 7 2352
29 8 870
29 9 1897
29 10 917
29 11 1775
29 12 739
29 13 1238
29 14 935
29 15 484
29 16 466
29 17 1295
29 18 1886
29 19 1227
29 20 2317
29 21 176
29 22 1741
29 23 1499
29 24 1927
29 25 2070
29 26 2001
29 27 987
29 28 801
29 29 0
29 30 1231
29 31 2462
29 32 48
29 33 1279
29 34 2510
29 35 96
29 36 1327
29 37 2558
29 38 144
29 39 1375
29 40 2606
29 41 192
29 42 1423
29 43 2654
29 44 240
29 45 1471
29 46 2702
29 47 288
29 48 1519
29 49 2750
29 50 336
29 51 1567
29 52 2798
29 53 384
29 54 1615
29 55 2846
29 56 432
29 57 1663
29 58 2894
29 59 480
29 60 1711
29 61 2942
29 62 528
29 63 1759
29 64 2990
29 65 576
29 66 1807
29 67 3038
29 68 624
29 69 1855
29 70 3086
29 71 672
29 72 1903
29 73 3134
29 74 720
29 75 1951
29 76 3182
29 77 768
29 78 1999
29 79 3230
29 80 816
29 81 2047
29 82 3278
29 83 120
30 0 1351
30 1 401
30 2 98
30 3 761
30 4 982
30 5 1135
30 6 250
30 7 1121
30 8 649
30 9 666
30 10 410
30 11 544
30 12 492
30 13 185
30 14 584
30 15 939
30 16 765
30 17 1568
30 18 655
30 19 772
30 20 1086
30 21 1151
30 22 510
30 23 268
30 24 696
30 25 839
30 26 770
30 27 1780
30 28 814
30 29 1231
30 30 0
30 31 1231
30 32 1279
30 33 48
30 34 1279
30 35 1327
30 36 96
30 37 1327
30 38 1375
30 39 144
30 40 1375
30 41 1423
30 42 192
30 43 1423
30 44 1471
30 45 240
30 46 1471
30 47 1519
30 48 288
30 49 1519
30 50 1567
30 51 336
30 52 1567
30 53 1615
30 54 384
30 55 1615
30 56 1663
30 57 432
30 58 1663
30 59 1711
30 60 480
30 61 1711
30 62 1759
30 63 528
30 64 1759
30 65 1807
30 66 576
30 67 1807
30 68 1855
30 69 624
30 70 1855
30 71 1903
30 72 672
30 73 1903
30 74 1951
30 75 720
30 76 1951
30 77 1999
30 78 768
30 79 1999
30 80 2047
30 81 816
30 82 2047
30 83 1351
31 0 2582
31 1 1632
31 2 1229
31 3 1992
31 4 345
31 5 576
31 6 1481
31 7 302
31 8 1880
31 9 757
31 10 1641
31 11 687
31 12 1723
31 13 1416
31 14 1815
31 15 2170
31 16 1996
31 17 2799
31 18 1344
31 19 2003
31 20 241
31 21 2382
31 22 913
31 23 1347
31 24 631
31 25 488
31 26 653
31 27 3011
31 28 2045
31 29 2462
31 30 1231
31 31 0
31 32 2510
31 33 1279
31 34 48
31 35 2558
31 36 1327
31 37 96
31 38 2606
31 39 1375
31 40 144
31 41 2654
31 42 1423
31 43 192
31 44 2702
31 45 1471
31 46 240
31 47 2750
31 48 1519
31 49 288
31 50 2798
31 51 1567
31 52 336
31 53 2846
31 54 1615
31 55 384
31 56 2894
31 57 1663
31 58 432
31 59 2942
31 60 1711
31 61 480
31 62 2990
31 63 1759
31 64 528
31 65 3038
31 66 1807
31 67 576
31 68 3086
31 69 1855
31 70 624
31 71 3134
31 72 1903
31 73 672
31 74 3182
31 75 1951
31 76 720
31 77 3230
31 78 1999
31 79 768
31 80 3278
31 81 2047
31 82 816
31 83 2582
32 0 168
32 1 878
32 2 1281
32 3 518
32 4 2165
32 5 2318
32 6 1125
32 7 2304
32 8 822
32 9 1849
32 10 869
32 11 1823
32 12 787
32 13 1190
32 14 887
32 15 436
32 16 514
32 17 1247
32 18 1838
32 19 1179
32 20 2269
32 21 128
32 22 1693
32 23 1451
32 24 1879
32 25 2022
32 26 1953
32 27 939
32 28 753
32 29 48
32 30 1279
32 31 2510
32 32 0
32 33 1231
32 34 2462
32 35 48
32 36 1279
32 37 2510
32 38 96
32 39 1327
32 40 2558
32 41 144
32 42 1375
32 43 2606
32 44 192
32 45 1423
32 46 2654
32 47 240
32 48 1471
32 49 2702
32 50 288
32 51 1519
32 52 2750
32 53 336
32 54 1567
32 55 2798
32 56 384
32 57 1615
32 58 2846
32 59 432
32 60 1663
32 61 2894
32 62 480
32 63 1711
32 64 2942
32 65 528
32 66 1759
32 67 2990
32 68 576
32 69 1807
32 70 3038
32 71 624
32 72 1855
32 73 3086
32 74 672
32 75 1903
32 76 3134
32 77 720
32 78 1951
32 79 3182
32 80 768
32 81 1999
32 82 3230
32 83 168
33 0 1399
33 1 449
33 2 50
33 3 713
33 4 934
33 5 1087
33 6 202
33 7 1073
33 8 601
33 9 618
33 10 362
33 11 592
33 12 540
33 13 137
33 14 536
33 15 891
33 16 813
33 17 1520
33 18 607
33 19 724
33 20 1038
33 21 1103
33 22 462
33 23 220
33 24 648
33 25 791
33 26 722
33 27 1732
33 28 766
33 29 1279
33 30 48
33 31 1279
33 32 1231
33 33 0
33 34 1231
33 35 1279
33 36 48
33 37 1279
33 38 1327
33 39 96
33 40 1327
33 41 1375
33 42 144
33 43 1375
33 44 1423
33 45 192
33 46 1423
33 47 1471
33 48 240
33 49 1471
33 50 1519
33 51 288
33 52 1519
33 53 1567
33 54 336
33 55 1567
33 56 1615
33 57 384
33 58 1615
33 59 1663
33 60 432
33 61 1663
33 62 1711
33 63 480
33 64 1711
33 65 1759
33 66 528
33 67 1759
33 68 1807
33 69 576
33 70 1807
33 71 1855
33 72 624
33 73 1855
33 74 1903
33 75 672
33 76 1903
33 77 1951
33 78 720
33 79 1951
33 80 1999
33 81 768
33 82 1999
33 83 1399
34 0 2630
34 1 1680
34 2 1181
34 3 1944
34 4 297
34 5 528
34 6 1433
34 7 254
34 8 1832
34 9 709
34 10 1593
34 11 735
34 12 1771
34 13 1368
34 14 1767
34 15 2122
34 16 2044
34 17 2751
34 18 1296
34 19 1955
34 20 193
34 21 2334
34 22 865
34 23 1299
34 24 583
34 25 440
34 26 605
34 27 2963
34 28 1997
34 29 2510
34 30 1279
34 31 48
34 32 2462
34 33 1231
34 34 0
34 35 2510
34 36 1279
34 37 48
34 38 2558
34 39 1327
34 40 96
34 41 2606
34 42 1375
34 43 144
34 44 2654
34 45 1423
34 46 192
34 47 2702
34 48 1471
34 49 240
34 50 2750
34 51 1519
34 52 288
34 53 2798
34 54 1567
34 55 336
34 56 2846
34 57 1615
34 58 384
34 59 2894
34 60 1663
34 61 432
34 62 2942
34 63 1711
34 64 480
34 65 2990
34 66 1759
34 67 528
34 68 3038
34 69 1807
34 70 576
34 71 3086
34 72 1855
34 73 624
34 74 3134
34 75 1903
34 76 672
34 77 3182
34 78 1951
34 79 720
34 80 3230
34 81 1999
34 82 768
34 83 2630
35 0 216
35 1 926
35 2 1329
35 3 566
35 4 2213
35 5 2270
35 6 1077
35 7 2256
35 8 774
35 9 1801
35 10 917
35 11 1871
35 12 835
35 13 1142
35 14 839
35 15 388
35 16 562
35 17 1199
35 18 1790
35 19 1131
35 20 2317
35 21 176
35 22 1645
35 23 1403
35 24 1927
35 25 2070
35 26 1905
35 27 891
35 28 705
35 29 96
35 30 1327
35 31 2558
35 32 48
35 33 1279
35 34 2510
35 35 0
35 36 1231
35 37 2462
35 38 48
35 39 1279
35 40 2510
35 41 96
35 42 1327
35 43 2558
35 44 144
35 45 1375
35 46 2606
35 47 192
35 48 1423
35 49 2654
35 50 240
35 51 1471
35 52 2702
35 53 288
35 54 1519
35 55 2750
35 56 336
35 57 1567
35 58 2798
35 59 384
35 60 1615
35 61 2846
35 62 432
35 63 1663
35 64 2894
35 65 480
35 66 1711
35 67 2942
35 68 528
35 69 1759
35 70 2990
35 71 576
35 72 1807
35 73 3038
35 74 624
35 75 1855
35 76 3086
35 77 672
35 78 1903
35 79 3134
35 80 720
35 81 1951
35 82 3182
35 83 216
36 0 1447
36 1 497
36 2 98
36 3 761
36 4 982
36 5 1039
36 6 154
36 7 1025
36 8 553
36 9 570
36 10 410
36 11 640
36 12 588
36 13 89
36 14 488
36 15 843
36 16 861
36 17 1472
36 18 559
36 19 676
36 20 1086
36 21 1151
36 22 414
36 23 172
36 24 696
36 25 839
36 26 674
36 27 1684
36 28 718
36 29 1327
36 30 96
36 31 1327
36 32 1279
36 33 48
36 34 1279
36 35 1231
36 36 0
36 37 1231
36 38 1279
36 39 48
36 40 1279
36 41 1327
36 42 96
36 43 1327
36 44 1375
36 45 144
36 46 1375
36 47 1423
36 48 192
36 49 1423
36 50 1471
36 51 240
36 52 1471
36 53 1519
36 54 288
36 55 1519
36 56 1567
36 57 336
36 58 1567
36 59 1615
36 60 384
36 61 1615
36 62 1663
36 63 432
36 64 1663
36 65 1711
36 66 480
36 67 1711
36 68 1759
36 69 528
36 70 1759
36 71 1807
36 72 576
36 73 1807
36 74 1855
36 75 624
36 76 1855
36 77 1903
36 78 672
36 79 1903
36 80 1951
36 81 720
36 82 1951
36 83 1447
37 0 2678
37 1 1728
37 2 1229
37 3 1992
37 4 345
37 5 480
37 6 1385
37 7 206
37 8 1784
37 9 661
37 10 1641
37 11 783
37 12 1819
37 13 1320
37 14 1719
37 15 2074
37 16 2092
37 17 2703
37 18 1248
37 19 1907
37 20 241
37 21 2382
37 22 817
37 23 1251
37 24 631
37 25 488
37 26 557
37 27 2915
37 28 1949
37 29 2558
37 30 1327
37 31 96
37 32 2510
37 33 1279
37 34 48
37 35 2462
37 36 1231
37 37 0
37 38 2510
37 39 1279
37 40 48
37 41 2558
37 42 1327
37 43 96
37 44 2606
37 45 1375
37 46 144
37 47 2654
37 48 1423
37 49 192
37 50 2702
37 51 1471
37 52 240
37 53 2750
37 54 1519
37 55 288
37 56 2798
37 57 1567
37 58 336
37 59 2846
37 60 1615
37 61 384
37 62 2894
37 63 1663
37 64 432
37 65 2942
37 66 1711
37 67 480
37 68 2990
37 69 1759
37 70 528
37 71 3038
37 72 1807
37 73 576
37 74 3086
37 75 1855
37 76 624
37 77 3134
37 78 1903
37 79 672
37 80 3182
37 81 1951
37 82 720
37 83 2678
38 0 264
38 1 974
38 2 1377
38 3 614
38 4 2261
38 5 2222
38 6 1125
38 7 2304
38 8 726
38 9 1849
38 10 965
38 11 1919
38 12 883
38 13 1190
38 14 791
38 15 436
38 16 610
38 17 1151
38 18 1742
38 19 1083
38 20 2365
38 21 224
38 22 1693
38 23 1355
38 24 1975
38 25 2118
38 26 1953
38 27 843
38 28 657
38 29 144
38 30 1375
38 31 2606
38 32 96
38 33 1327
38 34 2558
38 35 48
38 36 1279
38 37 2510
38 38 0
38 39 1231
38 40 2462
38 41 48
38 42 1279
38 43 2510
38 44 96
38 45 1327
38 46 2558
38 47 144
38 48 1375
38 49 2606
38 50 192
38 51 1423
38 52 2654
38 53 240
38 54 1471
38 55 2702
38 56 288
38 57 1519
38 58 2750
38 59 336
38 60 1567
38 61 2798
38 62 384
38 63 1615
38 64 2846
38 65 432
38 66 1663
38 67 2894
38 68 480
38 69 1711
38 70 2942
38 71 528
38 72 1759
38 73 2990
38 74 576
38 75 1807
38 76 3038
38 77 624
38 78 1855
38 79 3086
38 80 672
38 81 1903
38 82 3134
38 83 264
39 0 1495
39 1 545
39 2 146
39 3 809
39 4 1030
39 5 991
39 6 202
39 7 1073
39 8 505
39 9 618
39 10 458
39 11 688
39 12 636
39 13 137
39 14 440
39 15 891
39 16 909
39 17 1424
39 18 511
39 19 628
39 20 1134
39 21 1199
39 22 462
39 23 124
39 24 744
39 25 887
39 26 722
39 27 1636
39 28 670
39 29 1375
39 30 144
39 31 1375
39 32 1327
39 33 96
39 34 1327
39 35 1279
39 36 48
39 37 1279
39 38 1231
39 39 0
39 40 1231
39 41 1279
39 42 48
39 43 1279
39 44 1327
39 45 96
39 46 1327
39 47 1375
39 48 144
39 49 1375
39 50 1423
39 51 192
39 52 1423
39 53 1471
39 54 240
39 55 1471
39 56 1519
39 57 288
39 58 1519
39 59 1567
39 60 336
39 61 1567
39 62 1615
39 63 384
39 64 1615
39 65 1663
39 66 432
39 67 1663
39 68 1711
39 69 480
39 70 1711
39 71 1759
39 72 528
39 73 1759
39 74 1807
39 75 576
39 76 1807
39 77 1855
39 78 624
39 79 1855
39 80 1903
39 81 672
39 82 1903
39 83 1495
40 0 2726
40 1 1776
40 2 1277
40 3 2040
40 4 393
40 5 432
40 6 1433
40 7 254
40 8 1736
40 9 709
40 10 1689
40 11 831
40 12 1867
40 13 1368
40 14 1671
40 15 2122
40 16 2140
40 17 2655
40 18 1200
40 19 1859
40 20 289
40 21 2430
40 22 865
40 23 1203
40 24 679
40 25 536
40 26 605
40 27 2867
40 28 1901
40 29 2606
40 30 1375
40 31 144
40 32 2558
40 33 1327
40 34 96
40 35 2510
40 36 1279
40 37 48
40 38 2462
40 39 1231
40 40 0
40 41 2510
40 42 1279
40 43 48
40 44 2558
40 45 1327
40 46 96
40 47 2606
40 48 1375
40 49 144
40 50 2654
40 51 1423
40 52 192
40 53 2702
40 54 1471
40 55 240
40 56 2750
40 57 1519
40 58 288
40 59 2798
40 60 1567
40 61 336
40 62 2846
40 63 1615
40 64 384
40 65 2894
40 66 1663
40 67 432
40 68 2942
40 69 1711
40 70 480
40 71 2990
40 72 1759
40 73 528
40 74 3038
40 75 1807
40 76 576
40 77 3086
40 78 1855
40 79 624
40 80 3134
40 81 1903
40 82 672
40 83 2726
41 0 312
41 1 1022
41 2 1425
41 3 662
41 4 2309
41 5 2174
41 6 1173
41 7 2352
41 8 774
41 9 1897
41 10 1013
41 11 1967
41 12 931
41 13 1238
41 14 839
41 15 484
41 16 658
41 17 1103
41 18 1694
41 19 1035
41 20 2413
41 21 272
41 22 1741
41 23 1307
41 24 2023
41 25 2166
41 26 2001
41 27 795
41 28 609
41 29 192
41 30 1423
41 31 2654
41 32 144
41 33 1375
41 34 2606
41 35 96
41 36 1327
41 37 2558
41 38 48
41 39 1279
41 40 2510
41 41 0
41 42 1231
41 43 2462
41 44 48
41 45 1279
41 46 2510
41 47 96
41 48 1327
41 49 2558
41 50 144
41 51 1375
41 52 2606
41 53 192
41 54 1423
41 55 2654
41 56 240
41 57 1471
41 58 2702
41 59 288
41 60 1519
41 61 2750
41 62 336
41 63 1567
41 64 2798
41 65 384
41 66 1615
41 67 2846
41 68 432
41 69 1663
41 70 2894
41 71 480
41 72 1711
41 73 2942
41 74 528
41 75 1759
41 76 2990
41 77 576
41 78 1807
41 79 3038
41 80 624
41 81 1855
41 82 3086
41 83 312
42 0 1543
42 1 593
42 2 194
42 3 857
42 4 1078
42 5 943
42 6 250
42 7 1121
42 8 553
42 9 666
42 10 506
42 11 736
42 12 684
42 13 185
42 14 488
42 15 939
42 16 957
42 17 1376
42 18 463
42 19 580
42 20 1182
42 21 1247
42 22 510
42 23 76
42 24 792
42 25 935
42 26 770
42 27 1588
42 28 622
42 29 1423
42 30 192
42 31 1423
42 32 1375
42 33 144
42 34 1375
42 35 1327
42 36 96
42 37 1327
42 38 1279
42 39 48
42 40 1279
42 41 1231
42 42 0
42 43 1231
42 44 1279
42 45 48
42 46 1279
42 47 1327
42 48 96
42 49 1327
42 50 1375
42 51 144
42 52 1375
42 53 1423
42 54 192
42 55 1423
42 56 1471
42 57 240
42 58 1471
42 59 1519
42 60 288
42 61 1519
42 62 1567
42 63 336
42 64 1567
42 65 1615
42 66 384
42 67 1615
42 68 1663
42 69 432
42 70 1663
42 71 1711
42 72 480
42 73 1711
42 74 1759
42 75 528
42 76 1759
42 77 1807
