//alpha
1
//NbLocations
99
//NbProducts
44
//NbPickers
2
//CapaPicker
8
//TimeToTravelOneDistanceUnit
3
//SetupTime
5400
//PickTime
300
//Products
//Idx Location Size
1 1 1
2 2 1
3 3 1
4 4 1
5 5 1
6 6 1
7 7 1
8 8 1
9 9 1
10 10 1
11 11 1
12 12 1
13 13 1
14 14 1
15 15 1
16 16 1
17 17 1
18 18 1
19 19 1
20 20 1
21 21 1
22 22 1
23 23 1
24 24 1
25 25 1
26 26 1
27 27 1
28 28 1
29 29 1
30 30 1
31 31 1
32 32 1
33 33 1
34 34 1
35 35 1
36 36 1
37 37 1
38 38 1
39 39 1
40 40 1
41 41 1
42 42 1
43 43 1
44 44 1
//Orders
//NbOrders
18
//Idx DueDate TardinessPenalty NbProdInOrder ProdIdx1 Qty1 ProdIdx2 Qty2 ...
1 126000 0 1 1 1
2 72000 0 2 2 1 3 1
3 72000 0 2 4 1 5 1
4 144000 0 3 6 1 7 1 8 1
5 126000 0 1 9 1
6 108000 0 2 10 1 11 1
7 126000 0 2 12 1 13 1
8 108000 0 3 14 1 15 1 16 1
9 36000 0 2 17 1 18 1
10 72000 0 1 19 1
11 36000 0 2 20 1 21 1
12 72000 0 7 22 1 23 1 24 1 25 1 26 1 27 1 28 1
13 36000 0 8 29 1 30 1 31 1 32 1 33 1 34 1 35 1 36 1
14 72000 0 1 37 1
15 126000 0 1 38 1
16 72000 0 2 39 1 40 1
17 144000 0 1 41 1
18 36000 0 3 42 1 43 1 44 1
//Graph (Products are vertices indexed from 1 to NbProducts)
//NbVerticesIntersections
54
//DepartingDepot
0
//ArrivalDepot
99
//Arcs
//Start End Distance
0 45 120
1 41 0
1 69 752
2 4 455
2 40 78
3 9 91
3 47 50
4 2 455
4 46 518
5 16 494
5 25 26
6 67 622
6 68 609
7 26 117
7 48 440
8 19 13
8 49 167
9 3 91
9 15 338
10 61 466
10 62 765
11 18 442
11 65 63
12 30 52
12 44 52
13 55 115
13 56 1116
14 85 557
14 86 674
15 9 338
15 20 247
16 5 494
16 23 169
17 21 182
17 36 52
18 11 442
18 64 726
19 8 13
19 27 0
20 15 247
20 42 338
21 17 182
21 27 221
22 24 195
22 37 338
23 16 169
23 50 180
24 22 195
24 51 466
25 5 26
25 39 26
26 7 117
26 36 39
27 19 0
27 21 221
28 41 52
28 70 427
29 31 156
29 71 50
30 12 52
30 53 466
31 29 156
31 43 910
32 66 271
32 67 960
33 39 273
33 49 63
34 35 130
34 52 115
35 34 130
35 44 416
36 17 52
36 26 39
37 22 338
37 52 232
38 84 180
38 85 1051
39 25 26
39 33 273
40 2 78
40 45 180
41 1 0
41 28 52
42 20 338
42 46 167
43 31 910
43 70 115
44 12 52
44 35 416
45 40 180
45 48 48
45 99 120
46 4 518
46 42 167
46 49 48
47 3 50
47 50 48
48 7 440
48 45 48
48 51 48
49 8 167
49 33 63
49 46 48
49 52 48
50 23 180
50 47 48
50 53 48
51 24 466
51 48 48
51 54 48
52 34 115
52 37 232
52 49 48
52 55 48
53 30 466
53 50 48
53 56 48
54 51 48
54 55 1231
54 57 48
55 13 115
55 52 48
55 54 1231
55 58 48
56 13 1116
56 53 48
56 59 48
57 54 48
57 58 1231
57 60 48
58 55 48
58 57 1231
58 59 1231
58 61 48
59 56 48
59 58 1231
59 62 48
60 57 48
60 61 1231
60 63 48
61 10 466
61 58 48
61 60 1231
61 64 48
62 10 765
62 59 48
62 65 48
63 60 48
63 64 1231
63 66 48
64 18 726
64 61 48
64 63 1231
64 67 48
65 11 63
65 62 48
65 68 48
66 32 271
66 63 48
66 69 48
67 6 622
67 32 960
67 64 48
67 70 48
68 6 609
68 65 48
68 71 48
69 1 752
69 66 48
69 72 48
70 28 427
70 43 115
70 67 48
70 73 48
71 29 50
71 68 48
71 74 48
72 69 48
72 73 1231
72 75 48
73 70 48
73 72 1231
73 74 1231
73 76 48
74 71 48
74 73 1231
74 77 48
75 72 48
75 76 1231
75 78 48
76 73 48
76 75 1231
76 77 1231
76 79 48
77 74 48
77 76 1231
77 80 48
78 75 48
78 79 1231
78 81 48
79 76 48
79 78 1231
79 80 1231
79 82 48
80 77 48
80 79 1231
80 83 48
81 78 48
81 82 1231
81 84 48
82 79 48
82 81 1231
82 83 1231
82 85 48
83 80 48
83 82 1231
83 86 48
84 38 180
84 81 48
84 87 48
85 14 557
85 38 1051
85 82 48
85 88 48
86 14 674
86 83 48
86 89 48
87 84 48
87 88 1231
87 90 48
88 85 48
88 87 1231
88 89 1231
88 91 48
89 86 48
89 88 1231
89 92 48
90 87 48
90 91 1231
90 93 48
91 88 48
91 90 1231
91 92 1231
91 94 48
92 89 48
92 91 1231
92 95 48
93 90 48
93 94 1231
93 96 48
94 91 48
94 93 1231
94 95 1231
94 97 48
95 92 48
95 94 1231
95 98 48
96 93 48
96 97 1231
97 94 48
97 96 1231
97 98 1231
98 95 48
98 97 1231
//LocStart LocEnd ShortestPath
0 0 0
0 1 1256
0 2 378
0 3 2532
0 4 833
0 5 1787
0 6 2309
0 7 608
0 8 1232
0 9 2441
0 10 2057
0 11 2807
0 12 2160
0 13 1610
0 14 2532
0 15 2103
0 16 2281
0 17 816
0 18 2365
0 19 1219
0 20 1856
0 21 998
0 22 877
0 23 2450
0 24 682
0 25 1761
0 26 725
0 27 1219
0 28 1308
0 29 2916
0 30 2212
0 31 2760
0 32 727
0 33 1462
0 34 1562
0 35 1692
0 36 764
0 37 1215
0 38 924
0 39 1735
0 40 300
0 41 1256
0 42 1518
0 43 1850
0 44 2108
0 45 120
0 46 1351
0 47 2582
0 48 168
0 49 1399
0 50 2630
0 51 216
0 52 1447
0 53 2678
0 54 264
0 55 1495
0 56 2726
0 57 312
0 58 1543
0 59 2774
0 60 360
0 61 1591
0 62 2822
0 63 408
0 64 1639
0 65 2870
0 66 456
0 67 1687
0 68 2918
0 69 504
0 70 1735
0 71 2966
0 72 552
0 73 1783
0 74 3014
0 75 600
0 76 1831
0 77 3062
0 78 648
0 79 1879
0 80 3110
0 81 696
0 82 1927
0 83 3158
0 84 744
0 85 1975
0 86 3206
0 87 792
0 88 2023
0 89 3254
0 90 840
0 91 2071
0 92 3302
0 93 888
0 94 2119
0 95 3350
0 96 936
0 97 2167
0 98 3398
0 99 0
1 0 1256
1 1 0
1 2 1394
1 3 2044
1 4 1381
1 5 1203
1 6 1149
1 7 1528
1 8 982
1 9 1953
1 10 1089
1 11 1743
1 12 1480
1 13 834
1 14 1276
1 15 1615
1 16 1697
1 17 1398
1 18 1301
1 19 995
1 20 1368
1 21 1216
1 22 1337
1 23 1866
1 24 1506
1 25 1177
1 26 1489
1 27 995
1 28 52
1 29 1660
1 30 1532
1 31 1504
1 32 1071
1 33 878
1 34 882
1 35 1012
1 36 1450
1 37 999
1 38 1172
1 39 1151
1 40 1316
1 41 0
1 42 1030
1 43 594
1 44 1428
1 45 1136
1 46 863
1 47 2094
1 48 1088
1 49 815
1 50 2046
1 51 1040
1 52 767
1 53 1998
1 54 992
1 55 719
1 56 1950
1 57 944
1 58 671
1 59 1902
1 60 896
1 61 623
1 62 1854
1 63 848
1 64 575
1 65 1806
1 66 800
1 67 527
1 68 1758
1 69 752
1 70 479
1 71 1710
1 72 800
1 73 527
1 74 1758
1 75 848
1 76 575
1 77 1806
1 78 896
1 79 623
1 80 1854
1 81 944
1 82 671
1 83 1902
1 84 992
1 85 719
1 86 1950
1 87 1040
1 88 767
1 89 1998
1 90 1088
1 91 815
1 92 2046
1 93 1136
1 94 863
1 95 2094
1 96 1184
1 97 911
1 98 2142
1 99 1256
2 0 378
2 1 1394
2 2 0
2 3 2154
2 4 455
2 5 1409
2 6 1931
2 7 746
2 8 1188
2 9 2063
2 10 1679
2 11 2429
2 12 1782
2 13 1232
2 14 2154
2 15 1725
2 16 1903
2 17 954
2 18 1987
2 19 1201
2 20 1478
2 21 1136
2 22 1015
2 23 2072
2 24 820
2 25 1383
2 26 863
2 27 1201
2 28 1446
2 29 2538
2 30 1834
2 31 2382
2 32 865
2 33 1084
2 34 1184
2 35 1314
2 36 902
2 37 1301
2 38 1062
2 39 1357
2 40 78
2 41 1394
2 42 1140
2 43 1472
2 44 1730
2 45 258
2 46 973
2 47 2204
2 48 306
2 49 1021
2 50 2252
2 51 354
2 52 1069
2 53 2300
2 54 402
2 55 1117
2 56 2348
2 57 450
2 58 1165
2 59 2396
2 60 498
2 61 1213
2 62 2444
2 63 546
2 64 1261
2 65 2492
2 66 594
2 67 1309
2 68 2540
2 69 642
2 70 1357
2 71 2588
2 72 690
2 73 1405
2 74 2636
2 75 738
2 76 1453
2 77 2684
2 78 786
2 79 1501
2 80 2732
2 81 834
2 82 1549
2 83 2780
2 84 882
2 85 1597
2 86 2828
2 87 930
2 88 1645
2 89 2876
2 90 978
2 91 1693
2 92 2924
2 93 1026
2 94 1741
2 95 2972
2 96 1074
2 97 1789
2 98 3020
2 99 378
3 0 2532
3 1 2044
3 2 2154
3 3 0
3 4 1699
3 5 941
3 6 995
3 7 2020
3 8 1396
3 9 91
3 10 1055
3 11 401
3 12 664
3 13 1310
3 14 1348
3 15 429
3 16 447
3 17 1812
3 18 843
3 19 1409
3 20 676
3 21 1630
3 22 1847
3 23 278
3 24 2042
3 25 967
3 26 1903
3 27 1409
3 28 1992
3 29 484
3 30 612
3 31 640
3 32 2477
3 33 1266
3 34 1262
3 35 1132
3 36 1864
3 37 1509
3 38 2856
3 39 993
3 40 2232
3 41 2044
3 42 1014
3 43 1550
3 44 716
3 45 2412
3 46 1181
3 47 50
3 48 2460
3 49 1229
3 50 98
3 51 2508
3 52 1277
3 53 146
3 54 2556
3 55 1325
3 56 194
3 57 2604
3 58 1373
3 59 242
3 60 2652
3 61 1421
3 62 290
3 63 2700
3 64 1469
3 65 338
3 66 2748
3 67 1517
3 68 386
3 69 2796
3 70 1565
3 71 434
3 72 2844
3 73 1613
3 74 482
3 75 2892
3 76 1661
3 77 530
3 78 2940
3 79 1709
3 80 578
3 81 2988
3 82 1757
3 83 626
3 84 3036
3 85 1805
3 86 674
3 87 3084
3 88 1853
3 89 722
3 90 3132
3 91 1901
3 92 770
3 93 3180
3 94 1949
3 95 818
3 96 3228
3 97 1997
3 98 866
3 99 2532
4 0 833
4 1 1381
4 2 455
4 3 1699
4 4 0
4 5 954
4 6 1476
4 7 1201
4 8 733
4 9 1608
4 10 1224
4 11 1974
4 12 1327
4 13 777
4 14 1699
4 15 1270
4 16 1448
4 17 1149
4 18 1532
4 19 746
4 20 1023
4 21 967
4 22 1184
4 23 1617
4 24 1275
4 25 928
4 26 1240
4 27 746
4 28 1329
4 29 2083
4 30 1379
4 31 1927
4 32 1320
4 33 629
4 34 729
4 35 859
4 36 1201
4 37 846
4 38 1517
4 39 902
4 40 533
4 41 1381
4 42 685
4 43 1017
4 44 1275
4 45 713
4 46 518
4 47 1749
4 48 761
4 49 566
4 50 1797
4 51 809
4 52 614
4 53 1845
4 54 857
4 55 662
4 56 1893
4 57 905
4 58 710
4 59 1941
4 60 953
4 61 758
4 62 1989
4 63 1001
4 64 806
4 65 2037
4 66 1049
4 67 854
4 68 2085
4 69 1097
4 70 902
4 71 2133
4 72 1145
4 73 950
4 74 2181
4 75 1193
4 76 998
4 77 2229
4 78 1241
4 79 1046
4 80 2277
4 81 1289
4 82 1094
4 83 2325
4 84 1337
4 85 1142
4 86 2373
4 87 1385
4 88 1190
4 89 2421
4 90 1433
4 91 1238
4 92 2469
4 93 1481
4 94 1286
4 95 2517
4 96 1529
4 97 1334
4 98 2565
4 99 833
5 0 1787
5 1 1203
5 2 1409
5 3 941
5 4 954
5 5 0
5 6 1298
5 7 1179
5 8 555
5 9 1032
5 10 1046
5 11 1146
5 12 1149
5 13 599
5 14 1521
5 15 1188
5 16 494
5 17 971
5 18 1354
5 19 568
5 20 941
5 21 789
5 22 1006
5 23 663
5 24 1201
5 25 26
5 26 1062
5 27 568
5 28 1151
5 29 1229
5 30 1201
5 31 1385
5 32 1636
5 33 325
5 34 551
5 35 681
5 36 1023
5 37 668
5 38 2015
5 39 52
5 40 1487
5 41 1203
5 42 603
5 43 839
5 44 1097
5 45 1667
5 46 436
5 47 891
5 48 1619
5 49 388
5 50 843
5 51 1667
5 52 436
5 53 891
5 54 1715
5 55 484
5 56 939
5 57 1763
5 58 532
5 59 987
5 60 1811
5 61 580
5 62 1035
5 63 1859
5 64 628
5 65 1083
5 66 1907
5 67 676
5 68 1131
5 69 1955
5 70 724
5 71 1179
5 72 2003
5 73 772
5 74 1227
5 75 2051
5 76 820
5 77 1275
5 78 2099
5 79 868
5 80 1323
5 81 2147
5 82 916
5 83 1371
5 84 2195
5 85 964
5 86 1419
5 87 2243
5 88 1012
5 89 1467
5 90 2291
5 91 1060
5 92 1515
5 93 2339
5 94 1108
5 95 1563
5 96 2387
5 97 1156
5 98 1611
5 99 1787
6 0 2309
6 1 1149
6 2 1931
6 3 995
6 4 1476
6 5 1298
6 6 0
6 7 1701
6 8 1077
6 9 1086
6 10 1184
6 11 720
6 12 1367
6 13 929
6 14 1467
6 15 1424
6 16 1246
6 17 1493
6 18 1162
6 19 1090
6 20 1463
6 21 1311
6 22 1432
6 23 1077
6 24 1627
6 25 1272
6 26 1584
6 27 1090
6 28 1097
6 29 707
6 30 1315
6 31 863
6 32 1582
6 33 973
6 34 977
6 35 1107
6 36 1545
6 37 1094
6 38 1961
6 39 1246
6 40 2009
6 41 1149
6 42 1125
6 43 785
6 44 1419
6 45 2189
6 46 958
6 47 945
6 48 2141
6 49 910
6 50 897
6 51 2093
6 52 862
6 53 849
6 54 2045
6 55 814
6 56 801
6 57 1997
6 58 766
6 59 753
6 60 1949
6 61 718
6 62 705
6 63 1901
6 64 670
6 65 657
6 66 1853
6 67 622
6 68 609
6 69 1901
6 70 670
6 71 657
6 72 1949
6 73 718
6 74 705
6 75 1997
6 76 766
6 77 753
6 78 2045
6 79 814
6 80 801
6 81 2093
6 82 862
6 83 849
6 84 2141
6 85 910
6 86 897
6 87 2189
6 88 958
6 89 945
6 90 2237
6 91 1006
6 92 993
6 93 2285
6 94 1054
6 95 1041
6 96 2333
6 97 1102
6 98 1089
6 99 2309
7 0 608
7 1 1528
7 2 746
7 3 2020
7 4 1201
7 5 1179
7 6 1701
7 7 0
7 8 624
7 9 1929
7 10 1449
7 11 2199
7 12 1552
7 13 1002
7 14 1924
7 15 1591
7 16 1673
7 17 208
7 18 1757
7 19 611
7 20 1344
7 21 390
7 22 1149
7 23 1842
7 24 954
7 25 1153
7 26 117
7 27 611
7 28 1554
7 29 2308
7 30 1604
7 31 2152
7 32 999
7 33 854
7 34 954
7 35 1084
7 36 156
7 37 1071
7 38 1196
7 39 1127
7 40 668
7 41 1528
7 42 1006
7 43 1242
7 44 1500
7 45 488
7 46 839
7 47 2070
7 48 440
7 49 791
7 50 2022
7 51 488
7 52 839
7 53 2070
7 54 536
7 55 887
7 56 2118
7 57 584
7 58 935
7 59 2166
7 60 632
7 61 983
7 62 2214
7 63 680
7 64 1031
7 65 2262
7 66 728
7 67 1079
7 68 2310
7 69 776
7 70 1127
7 71 2358
7 72 824
7 73 1175
7 74 2406
7 75 872
7 76 1223
7 77 2454
7 78 920
7 79 1271
7 80 2502
7 81 968
7 82 1319
7 83 2550
7 84 1016
7 85 1367
7 86 2598
7 87 1064
7 88 1415
7 89 2646
7 90 1112
7 91 1463
7 92 2694
7 93 1160
7 94 1511
7 95 2742
7 96 1208
7 97 1559
7 98 2790
7 99 608
8 0 1232
8 1 982
8 2 1188
8 3 1396
8 4 733
8 5 555
8 6 1077
8 7 624
8 8 0
8 9 1305
8 10 825
8 11 1575
8 12 928
8 13 378
8 14 1300
8 15 967
8 16 1049
8 17 416
8 18 1133
8 19 13
8 20 720
8 21 234
8 22 785
8 23 1218
8 24 980
8 25 529
8 26 507
8 27 13
8 28 930
8 29 1684
8 30 980
8 31 1528
8 32 1415
8 33 230
8 34 330
8 35 460
8 36 468
8 37 447
8 38 1794
8 39 503
8 40 1266
8 41 982
8 42 382
8 43 618
8 44 876
8 45 1112
8 46 215
8 47 1446
8 48 1064
8 49 167
8 50 1398
8 51 1112
8 52 215
8 53 1446
8 54 1160
8 55 263
8 56 1494
8 57 1208
8 58 311
8 59 1542
8 60 1256
8 61 359
8 62 1590
8 63 1304
8 64 407
8 65 1638
8 66 1352
8 67 455
8 68 1686
8 69 1400
8 70 503
8 71 1734
8 72 1448
8 73 551
8 74 1782
8 75 1496
8 76 599
8 77 1830
8 78 1544
8 79 647
8 80 1878
8 81 1592
8 82 695
8 83 1926
8 84 1640
8 85 743
8 86 1974
8 87 1688
8 88 791
8 89 2022
8 90 1736
8 91 839
8 92 2070
8 93 1784
8 94 887
8 95 2118
8 96 1832
8 97 935
8 98 2166
8 99 1232
9 0 2441
9 1 1953
9 2 2063
9 3 91
9 4 1608
9 5 1032
9 6 1086
9 7 1929
9 8 1305
9 9 0
9 10 1146
9 11 492
9 12 755
9 13 1349
9 14 1439
9 15 338
9 16 538
9 17 1721
9 18 934
9 19 1318
9 20 585
9 21 1539
9 22 1756
9 23 369
9 24 1951
9 25 1058
9 26 1812
9 27 1318
9 28 1901
9 29 575
9 30 703
9 31 731
9 32 2386
9 33 1201
9 34 1301
9 35 1223
9 36 1773
9 37 1418
9 38 2765
9 39 1084
9 40 2141
9 41 1953
9 42 923
9 43 1589
9 44 807
9 45 2321
9 46 1090
9 47 141
9 48 2369
9 49 1138
9 50 189
9 51 2417
9 52 1186
9 53 237
9 54 2465
9 55 1234
9 56 285
9 57 2513
9 58 1282
9 59 333
9 60 2561
9 61 1330
9 62 381
9 63 2609
9 64 1378
9 65 429
9 66 2657
9 67 1426
9 68 477
9 69 2705
9 70 1474
9 71 525
9 72 2753
9 73 1522
9 74 573
9 75 2801
9 76 1570
9 77 621
9 78 2849
9 79 1618
9 80 669
9 81 2897
9 82 1666
9 83 717
9 84 2945
9 85 1714
9 86 765
9 87 2993
9 88 1762
9 89 813
9 90 3041
9 91 1810
9 92 861
9 93 3089
9 94 1858
9 95 909
9 96 3137
9 97 1906
9 98 957
9 99 2441
10 0 2057
10 1 1089
10 2 1679
10 3 1055
10 4 1224
10 5 1046
10 6 1184
10 7 1449
10 8 825
10 9 1146
10 10 0
10 11 876
10 12 1323
10 13 677
10 14 1407
10 15 1458
10 16 1306
10 17 1241
10 18 1240
10 19 838
10 20 1211
10 21 1059
10 22 1180
10 23 1137
10 24 1375
10 25 1020
10 26 1332
10 27 838
10 28 1037
10 29 959
10 30 1375
10 31 1115
10 32 1522
10 33 721
10 34 725
10 35 855
10 36 1293
10 37 842
10 38 1901
10 39 994
10 40 1757
10 41 1089
10 42 873
10 43 725
10 44 1271
10 45 1937
10 46 706
10 47 1005
10 48 1889
10 49 658
10 50 957
10 51 1841
10 52 610
10 53 909
10 54 1793
10 55 562
10 56 861
10 57 1745
10 58 514
10 59 813
10 60 1697
10 61 466
10 62 765
10 63 1745
10 64 514
10 65 813
10 66 1793
10 67 562
10 68 861
10 69 1841
10 70 610
10 71 909
10 72 1889
10 73 658
10 74 957
10 75 1937
10 76 706
10 77 1005
10 78 1985
10 79 754
10 80 1053
10 81 2033
10 82 802
10 83 1101
10 84 2081
10 85 850
10 86 1149
10 87 2129
10 88 898
10 89 1197
10 90 2177
10 91 946
10 92 1245
10 93 2225
10 94 994
10 95 1293
10 96 2273
10 97 1042
10 98 1341
10 99 2057
11 0 2807
11 1 1743
11 2 2429
11 3 401
11 4 1974
11 5 1146
11 6 720
11 7 2199
11 8 1575
11 9 492
11 10 876
11 11 0
11 12 773
11 13 1323
11 14 1073
11 15 830
11 16 652
11 17 1991
11 18 442
11 19 1588
11 20 1077
11 21 1809
11 22 1930
11 23 483
11 24 2125
11 25 1172
11 26 2082
11 27 1588
11 28 1691
11 29 209
11 30 721
11 31 365
11 32 2176
11 33 1471
11 34 1371
11 35 1241
11 36 2043
11 37 1592
11 38 2555
11 39 1198
11 40 2507
11 41 1743
11 42 1415
11 43 1275
11 44 825
11 45 2687
11 46 1456
11 47 351
11 48 2639
11 49 1408
11 50 303
11 51 2591
11 52 1360
11 53 255
11 54 2543
11 55 1312
11 56 207
11 57 2495
11 58 1264
11 59 159
11 60 2447
11 61 1216
11 62 111
11 63 2399
11 64 1168
11 65 63
11 66 2447
11 67 1216
11 68 111
11 69 2495
11 70 1264
11 71 159
11 72 2543
11 73 1312
11 74 207
11 75 2591
11 76 1360
11 77 255
11 78 2639
11 79 1408
11 80 303
11 81 2687
11 82 1456
11 83 351
11 84 2735
11 85 1504
11 86 399
11 87 2783
11 88 1552
11 89 447
11 90 2831
11 91 1600
11 92 495
11 93 2879
11 94 1648
11 95 543
11 96 2927
11 97 1696
11 98 591
11 99 2807
12 0 2160
12 1 1480
12 2 1782
12 3 664
12 4 1327
12 5 1149
12 6 1367
12 7 1552
12 8 928
12 9 755
12 10 1323
12 11 773
12 12 0
12 13 876
12 14 1720
12 15 1093
12 16 915
12 17 1344
12 18 1215
12 19 941
12 20 1314
12 21 1162
12 22 1283
12 23 746
12 24 1478
12 25 1123
12 26 1435
12 27 941
12 28 1428
12 29 856
12 30 52
12 31 1012
12 32 1913
12 33 824
12 34 598
12 35 468
12 36 1396
12 37 945
12 38 2292
12 39 1097
12 40 1860
12 41 1480
12 42 976
12 43 1116
12 44 52
12 45 2040
12 46 809
12 47 614
12 48 1992
12 49 761
12 50 566
12 51 1944
12 52 713
12 53 518
12 54 1992
12 55 761
12 56 566
12 57 2040
12 58 809
12 59 614
12 60 2088
12 61 857
12 62 662
12 63 2136
12 64 905
12 65 710
12 66 2184
12 67 953
12 68 758
12 69 2232
12 70 1001
12 71 806
12 72 2280
12 73 1049
12 74 854
12 75 2328
12 76 1097
12 77 902
12 78 2376
12 79 1145
12 80 950
12 81 2424
12 82 1193
12 83 998
12 84 2472
12 85 1241
12 86 1046
12 87 2520
12 88 1289
12 89 1094
12 90 2568
12 91 1337
12 92 1142
12 93 2616
12 94 1385
12 95 1190
12 96 2664
12 97 1433
12 98 1238
12 99 2160
13 0 1610
13 1 834
13 2 1232
13 3 1310
13 4 777
13 5 599
13 6 929
13 7 1002
13 8 378
13 9 1349
13 10 677
13 11 1323
13 12 876
13 13 0
13 14 1152
13 15 1011
13 16 1093
13 17 794
13 18 985
13 19 391
13 20 764
13 21 612
13 22 733
13 23 1262
13 24 928
13 25 573
13 26 885
13 27 391
13 28 782
13 29 1406
13 30 928
13 31 1380
13 32 1267
13 33 274
13 34 278
13 35 408
13 36 846
13 37 395
13 38 1646
13 39 547
13 40 1310
13 41 834
13 42 426
13 43 470
13 44 824
13 45 1490
13 46 259
13 47 1260
13 48 1442
13 49 211
13 50 1212
13 51 1394
13 52 163
13 53 1164
13 54 1346
13 55 115
13 56 1116
13 57 1394
13 58 163
13 59 1164
13 60 1442
13 61 211
13 62 1212
13 63 1490
13 64 259
13 65 1260
13 66 1538
13 67 307
13 68 1308
13 69 1586
13 70 355
13 71 1356
13 72 1634
13 73 403
13 74 1404
13 75 1682
13 76 451
13 77 1452
13 78 1730
13 79 499
13 80 1500
13 81 1778
13 82 547
13 83 1548
13 84 1826
13 85 595
13 86 1596
13 87 1874
13 88 643
13 89 1644
13 90 1922
13 91 691
13 92 1692
13 93 1970
13 94 739
13 95 1740
13 96 2018
13 97 787
13 98 1788
13 99 1610
14 0 2532
14 1 1276
14 2 2154
14 3 1348
14 4 1699
14 5 1521
14 6 1467
14 7 1924
14 8 1300
14 9 1439
14 10 1407
14 11 1073
14 12 1720
14 13 1152
14 14 0
14 15 1777
14 16 1599
14 17 1716
14 18 1515
14 19 1313
14 20 1686
14 21 1534
14 22 1655
14 23 1430
14 24 1850
14 25 1495
14 26 1807
14 27 1313
14 28 1224
14 29 964
14 30 1668
14 31 1120
14 32 1805
14 33 1196
14 34 1200
14 35 1330
14 36 1768
14 37 1317
14 38 1608
14 39 1469
14 40 2232
14 41 1276
14 42 1348
14 43 912
14 44 1746
14 45 2412
14 46 1181
14 47 1298
14 48 2364
14 49 1133
14 50 1250
14 51 2316
14 52 1085
14 53 1202
14 54 2268
14 55 1037
14 56 1154
14 57 2220
14 58 989
14 59 1106
14 60 2172
14 61 941
14 62 1058
14 63 2124
14 64 893
14 65 1010
14 66 2076
14 67 845
14 68 962
14 69 2028
14 70 797
14 71 914
14 72 1980
14 73 749
14 74 866
14 75 1932
14 76 701
14 77 818
14 78 1884
14 79 653
14 80 770
14 81 1836
14 82 605
14 83 722
14 84 1788
14 85 557
14 86 674
14 87 1836
14 88 605
14 89 722
14 90 1884
14 91 653
14 92 770
14 93 1932
14 94 701
14 95 818
14 96 1980
14 97 749
14 98 866
14 99 2532
15 0 2103
15 1 1615
15 2 1725
15 3 429
15 4 1270
15 5 1188
15 6 1424
15 7 1591
15 8 967
15 9 338
15 10 1458
15 11 830
15 12 1093
15 13 1011
15 14 1777
15 15 0
15 16 876
15 17 1383
15 18 1272
15 19 980
15 20 247
15 21 1201
15 22 1418
15 23 707
15 24 1613
15 25 1162
15 26 1474
15 27 980
15 28 1563
15 29 913
15 30 1041
15 31 1069
15 32 2048
15 33 863
15 34 963
15 35 1093
15 36 1435
15 37 1080
15 38 2427
15 39 1136
15 40 1803
15 41 1615
15 42 585
15 43 1251
15 44 1145
15 45 1983
15 46 752
15 47 479
15 48 2031
15 49 800
15 50 527
15 51 2079
15 52 848
15 53 575
15 54 2127
15 55 896
15 56 623
15 57 2175
15 58 944
15 59 671
15 60 2223
15 61 992
15 62 719
15 63 2271
15 64 1040
15 65 767
15 66 2319
15 67 1088
15 68 815
15 69 2367
15 70 1136
15 71 863
15 72 2415
15 73 1184
15 74 911
15 75 2463
15 76 1232
15 77 959
15 78 2511
15 79 1280
15 80 1007
15 81 2559
15 82 1328
15 83 1055
15 84 2607
15 85 1376
15 86 1103
15 87 2655
15 88 1424
15 89 1151
15 90 2703
15 91 1472
15 92 1199
15 93 2751
15 94 1520
15 95 1247
15 96 2799
15 97 1568
15 98 1295
15 99 2103
16 0 2281
16 1 1697
16 2 1903
16 3 447
16 4 1448
16 5 494
16 6 1246
16 7 1673
16 8 1049
16 9 538
16 10 1306
16 11 652
16 12 915
16 13 1093
16 14 1599
16 15 876
16 16 0
16 17 1465
16 18 1094
16 19 1062
16 20 1123
16 21 1283
16 22 1500
16 23 169
16 24 1695
16 25 520
16 26 1556
16 27 1062
16 28 1645
16 29 735
16 30 863
16 31 891
16 32 2130
16 33 819
16 34 1045
16 35 1175
16 36 1517
16 37 1162
16 38 2509
16 39 546
16 40 1981
16 41 1697
16 42 1097
16 43 1333
16 44 967
16 45 2161
16 46 930
16 47 397
16 48 2113
16 49 882
16 50 349
16 51 2161
16 52 930
16 53 397
16 54 2209
16 55 978
16 56 445
16 57 2257
16 58 1026
16 59 493
16 60 2305
16 61 1074
16 62 541
16 63 2353
16 64 1122
16 65 589
16 66 2401
16 67 1170
16 68 637
16 69 2449
16 70 1218
16 71 685
16 72 2497
16 73 1266
16 74 733
16 75 2545
16 76 1314
16 77 781
16 78 2593
16 79 1362
16 80 829
16 81 2641
16 82 1410
16 83 877
16 84 2689
16 85 1458
16 86 925
16 87 2737
16 88 1506
16 89 973
16 90 2785
16 91 1554
16 92 1021
16 93 2833
16 94 1602
16 95 1069
16 96 2881
16 97 1650
16 98 1117
16 99 2281
17 0 816
17 1 1398
17 2 954
17 3 1812
17 4 1149
17 5 971
17 6 1493
17 7 208
17 8 416
17 9 1721
17 10 1241
17 11 1991
17 12 1344
17 13 794
17 14 1716
17 15 1383
17 16 1465
17 17 0
17 18 1549
17 19 403
17 20 1136
17 21 182
17 22 1201
17 23 1634
17 24 1162
17 25 945
17 26 91
17 27 403
17 28 1346
17 29 2100
17 30 1396
17 31 1944
17 32 1207
17 33 646
17 34 746
17 35 876
17 36 52
17 37 863
17 38 1404
17 39 919
17 40 876
17 41 1398
17 42 798
17 43 1034
17 44 1292
17 45 696
17 46 631
17 47 1862
17 48 648
17 49 583
17 50 1814
17 51 696
17 52 631
17 53 1862
17 54 744
17 55 679
17 56 1910
17 57 792
17 58 727
17 59 1958
17 60 840
17 61 775
17 62 2006
17 63 888
17 64 823
17 65 2054
17 66 936
17 67 871
17 68 2102
17 69 984
17 70 919
17 71 2150
17 72 1032
17 73 967
17 74 2198
17 75 1080
17 76 1015
17 77 2246
17 78 1128
17 79 1063
17 80 2294
17 81 1176
17 82 1111
17 83 2342
17 84 1224
17 85 1159
17 86 2390
17 87 1272
17 88 1207
17 89 2438
17 90 1320
17 91 1255
17 92 2486
17 93 1368
17 94 1303
17 95 2534
17 96 1416
17 97 1351
17 98 2582
17 99 816
18 0 2365
18 1 1301
18 2 1987
18 3 843
18 4 1532
18 5 1354
18 6 1162
18 7 1757
18 8 1133
18 9 934
18 10 1240
18 11 442
18 12 1215
18 13 985
18 14 1515
18 15 1272
18 16 1094
18 17 1549
18 18 0
18 19 1146
18 20 1519
18 21 1367
18 22 1488
18 23 925
18 24 1683
18 25 1328
18 26 1640
18 27 1146
18 28 1249
18 29 651
18 30 1163
18 31 807
18 32 1734
18 33 1029
18 34 1033
18 35 1163
18 36 1601
18 37 1150
18 38 2113
18 39 1302
18 40 2065
18 41 1301
18 42 1181
18 43 937
18 44 1267
18 45 2245
18 46 1014
18 47 793
18 48 2197
18 49 966
18 50 745
18 51 2149
18 52 918
18 53 697
18 54 2101
18 55 870
18 56 649
18 57 2053
18 58 822
18 59 601
18 60 2005
18 61 774
18 62 553
18 63 1957
18 64 726
18 65 505
18 66 2005
18 67 774
18 68 553
18 69 2053
18 70 822
18 71 601
18 72 2101
18 73 870
18 74 649
18 75 2149
18 76 918
18 77 697
18 78 2197
18 79 966
18 80 745
18 81 2245
18 82 1014
18 83 793
18 84 2293
18 85 1062
18 86 841
18 87 2341
18 88 1110
18 89 889
18 90 2389
18 91 1158
18 92 937
18 93 2437
18 94 1206
18 95 985
18 96 2485
18 97 1254
18 98 1033
18 99 2365
19 0 1219
19 1 995
19 2 1201
19 3 1409
19 4 746
19 5 568
19 6 1090
19 7 611
19 8 13
19 9 1318
19 10 838
19 11 1588
19 12 941
19 13 391
19 14 1313
19 15 980
19 16 1062
19 17 403
19 18 1146
19 19 0
19 20 733
19 21 221
19 22 798
19 23 1231
19 24 993
19 25 542
19 26 494
19 27 0
19 28 943
19 29 1697
19 30 993
19 31 1541
19 32 1428
19 33 243
19 34 343
19 35 473
19 36 455
19 37 460
19 38 1807
19 39 516
19 40 1279
19 41 995
19 42 395
19 43 631
19 44 889
19 45 1099
19 46 228
19 47 1459
19 48 1051
19 49 180
19 50 1411
19 51 1099
19 52 228
19 53 1459
19 54 1147
19 55 276
19 56 1507
19 57 1195
19 58 324
19 59 1555
19 60 1243
19 61 372
19 62 1603
19 63 1291
19 64 420
19 65 1651
19 66 1339
19 67 468
19 68 1699
19 69 1387
19 70 516
19 71 1747
19 72 1435
19 73 564
19 74 1795
19 75 1483
19 76 612
19 77 1843
19 78 1531
19 79 660
19 80 1891
19 81 1579
19 82 708
19 83 1939
19 84 1627
19 85 756
19 86 1987
19 87 1675
19 88 804
19 89 2035
19 90 1723
19 91 852
19 92 2083
19 93 1771
19 94 900
19 95 2131
19 96 1819
19 97 948
19 98 2179
19 99 1219
20 0 1856
20 1 1368
20 2 1478
20 3 676
20 4 1023
20 5 941
20 6 1463
20 7 1344
20 8 720
20 9 585
20 10 1211
20 11 1077
20 12 1314
20 13 764
20 14 1686
20 15 247
20 16 1123
20 17 1136
20 18 1519
20 19 733
20 20 0
20 21 954
20 22 1171
20 23 954
20 24 1366
20 25 915
20 26 1227
20 27 733
20 28 1316
20 29 1160
20 30 1288
20 31 1316
20 32 1801
20 33 616
20 34 716
20 35 846
20 36 1188
20 37 833
20 38 2180
20 39 889
20 40 1556
20 41 1368
20 42 338
20 43 1004
20 44 1262
20 45 1736
20 46 505
20 47 726
20 48 1784
20 49 553
20 50 774
20 51 1832
20 52 601
20 53 822
20 54 1880
20 55 649
20 56 870
20 57 1928
20 58 697
20 59 918
20 60 1976
20 61 745
20 62 966
20 63 2024
20 64 793
20 65 1014
20 66 2072
20 67 841
20 68 1062
20 69 2120
20 70 889
20 71 1110
20 72 2168
20 73 937
20 74 1158
20 75 2216
20 76 985
20 77 1206
20 78 2264
20 79 1033
20 80 1254
20 81 2312
20 82 1081
20 83 1302
20 84 2360
20 85 1129
20 86 1350
20 87 2408
20 88 1177
20 89 1398
20 90 2456
20 91 1225
20 92 1446
20 93 2504
20 94 1273
20 95 1494
20 96 2552
20 97 1321
20 98 1542
20 99 1856
21 0 998
21 1 1216
21 2 1136
21 3 1630
21 4 967
21 5 789
21 6 1311
21 7 390
21 8 234
21 9 1539
21 10 1059
21 11 1809
21 12 1162
21 13 612
21 14 1534
21 15 1201
21 16 1283
21 17 182
21 18 1367
21 19 221
21 20 954
21 21 0
21 22 1019
21 23 1452
21 24 1214
21 25 763
21 26 273
21 27 221
21 28 1164
21 29 1918
21 30 1214
21 31 1762
21 32 1389
21 33 464
21 34 564
21 35 694
21 36 234
21 37 681
21 38 1586
21 39 737
21 40 1058
21 41 1216
21 42 616
21 43 852
21 44 1110
21 45 878
21 46 449
21 47 1680
21 48 830
21 49 401
21 50 1632
21 51 878
21 52 449
21 53 1680
21 54 926
21 55 497
21 56 1728
21 57 974
21 58 545
21 59 1776
21 60 1022
21 61 593
21 62 1824
21 63 1070
21 64 641
21 65 1872
21 66 1118
21 67 689
21 68 1920
21 69 1166
21 70 737
21 71 1968
21 72 1214
21 73 785
21 74 2016
21 75 1262
21 76 833
21 77 2064
21 78 1310
21 79 881
21 80 2112
21 81 1358
21 82 929
21 83 2160
21 84 1406
21 85 977
21 86 2208
21 87 1454
21 88 1025
21 89 2256
21 90 1502
21 91 1073
21 92 2304
21 93 1550
21 94 1121
21 95 2352
21 96 1598
21 97 1169
21 98 2400
21 99 998
22 0 877
22 1 1337
22 2 1015
22 3 1847
22 4 1184
22 5 1006
22 6 1432
22 7 1149
22 8 785
22 9 1756
22 10 1180
22 11 1930
22 12 1283
22 13 733
22 14 1655
22 15 1418
22 16 1500
22 17 1201
22 18 1488
22 19 798
22 20 1171
22 21 1019
22 22 0
22 23 1669
22 24 195
22 25 980
22 26 1266
22 27 798
22 28 1285
22 29 2039
22 30 1335
22 31 1883
22 32 1172
22 33 681
22 34 685
22 35 815
22 36 1253
22 37 338
22 38 1369
22 39 954
22 40 937
22 41 1337
22 42 833
22 43 973
22 44 1231
22 45 757
22 46 666
22 47 1897
22 48 709
22 49 618
22 50 1849
22 51 661
22 52 570
22 53 1801
22 54 709
22 55 618
22 56 1849
22 57 757
22 58 666
22 59 1897
22 60 805
22 61 714
22 62 1945
22 63 853
22 64 762
22 65 1993
22 66 901
22 67 810
22 68 2041
22 69 949
22 70 858
22 71 2089
22 72 997
22 73 906
22 74 2137
22 75 1045
22 76 954
22 77 2185
22 78 1093
22 79 1002
22 80 2233
22 81 1141
22 82 1050
22 83 2281
22 84 1189
22 85 1098
22 86 2329
22 87 1237
22 88 1146
22 89 2377
22 90 1285
22 91 1194
22 92 2425
22 93 1333
22 94 1242
22 95 2473
22 96 1381
22 97 1290
22 98 2521
22 99 877
23 0 2450
23 1 1866
23 2 2072
23 3 278
23 4 1617
23 5 663
23 6 1077
23 7 1842
23 8 1218
23 9 369
23 10 1137
23 11 483
23 12 746
23 13 1262
23 14 1430
23 15 707
23 16 169
23 17 1634
23 18 925
23 19 1231
23 20 954
23 21 1452
23 22 1669
23 23 0
23 24 1864
23 25 689
23 26 1725
23 27 1231
23 28 1814
23 29 566
23 30 694
23 31 722
23 32 2299
23 33 988
23 34 1214
23 35 1214
23 36 1686
23 37 1331
23 38 2678
23 39 715
23 40 2150
23 41 1866
23 42 1266
23 43 1502
23 44 798
23 45 2330
23 46 1099
23 47 228
23 48 2282
23 49 1051
23 50 180
23 51 2330
23 52 1099
23 53 228
23 54 2378
23 55 1147
23 56 276
23 57 2426
23 58 1195
23 59 324
23 60 2474
23 61 1243
23 62 372
23 63 2522
23 64 1291
23 65 420
23 66 2570
23 67 1339
23 68 468
23 69 2618
23 70 1387
23 71 516
23 72 2666
23 73 1435
23 74 564
23 75 2714
23 76 1483
23 77 612
23 78 2762
23 79 1531
23 80 660
23 81 2810
23 82 1579
23 83 708
23 84 2858
23 85 1627
23 86 756
23 87 2906
23 88 1675
23 89 804
23 90 2954
23 91 1723
23 92 852
23 93 3002
23 94 1771
23 95 900
23 96 3050
23 97 1819
23 98 948
23 99 2450
24 0 682
24 1 1506
24 2 820
24 3 2042
24 4 1275
24 5 1201
24 6 1627
24 7 954
24 8 980
24 9 1951
24 10 1375
24 11 2125
24 12 1478
24 13 928
24 14 1850
24 15 1613
24 16 1695
24 17 1162
24 18 1683
24 19 993
24 20 1366
24 21 1214
24 22 195
24 23 1864
24 24 0
24 25 1175
24 26 1071
24 27 993
24 28 1480
24 29 2234
24 30 1530
24 31 2078
24 32 977
24 33 876
24 34 880
24 35 1010
24 36 1110
24 37 533
24 38 1174
24 39 1149
24 40 742
24 41 1506
24 42 1028
24 43 1168
24 44 1426
24 45 562
24 46 861
24 47 2092
24 48 514
24 49 813
24 50 2044
24 51 466
24 52 765
24 53 1996
24 54 514
24 55 813
24 56 2044
24 57 562
24 58 861
24 59 2092
24 60 610
24 61 909
24 62 2140
24 63 658
24 64 957
24 65 2188
24 66 706
24 67 1005
24 68 2236
24 69 754
24 70 1053
24 71 2284
24 72 802
24 73 1101
24 74 2332
24 75 850
24 76 1149
24 77 2380
24 78 898
24 79 1197
24 80 2428
24 81 946
24 82 1245
24 83 2476
24 84 994
24 85 1293
24 86 2524
24 87 1042
24 88 1341
24 89 2572
24 90 1090
24 91 1389
24 92 2620
24 93 1138
24 94 1437
24 95 2668
24 96 1186
24 97 1485
24 98 2716
24 99 682
25 0 1761
25 1 1177
25 2 1383
25 3 967
25 4 928
25 5 26
25 6 1272
25 7 1153
25 8 529
25 9 1058
25 10 1020
25 11 1172
25 12 1123
25 13 573
25 14 1495
25 15 1162
25 16 520
25 17 945
25 18 1328
25 19 542
25 20 915
25 21 763
25 22 980
25 23 689
25 24 1175
25 25 0
25 26 1036
25 27 542
25 28 1125
25 29 1255
25 30 1175
25 31 1411
25 32 1610
25 33 299
25 34 525
25 35 655
25 36 997
25 37 642
25 38 1989
25 39 26
25 40 1461
25 41 1177
25 42 577
25 43 813
25 44 1071
25 45 1641
25 46 410
25 47 917
25 48 1593
25 49 362
25 50 869
25 51 1641
25 52 410
25 53 917
25 54 1689
25 55 458
25 56 965
25 57 1737
25 58 506
25 59 1013
25 60 1785
25 61 554
25 62 1061
25 63 1833
25 64 602
25 65 1109
25 66 1881
25 67 650
25 68 1157
25 69 1929
25 70 698
25 71 1205
25 72 1977
25 73 746
25 74 1253
25 75 2025
25 76 794
25 77 1301
25 78 2073
25 79 842
25 80 1349
25 81 2121
25 82 890
25 83 1397
25 84 2169
25 85 938
25 86 1445
25 87 2217
25 88 986
25 89 1493
25 90 2265
25 91 1034
25 92 1541
25 93 2313
25 94 1082
25 95 1589
25 96 2361
25 97 1130
25 98 1637
25 99 1761
26 0 725
26 1 1489
26 2 863
26 3 1903
26 4 1240
26 5 1062
26 6 1584
26 7 117
26 8 507
26 9 1812
26 10 1332
26 11 2082
26 12 1435
26 13 885
26 14 1807
26 15 1474
26 16 1556
26 17 91
26 18 1640
26 19 494
26 20 1227
26 21 273
26 22 1266
26 23 1725
26 24 1071
26 25 1036
26 26 0
26 27 494
26 28 1437
26 29 2191
26 30 1487
26 31 2035
26 32 1116
26 33 737
26 34 837
26 35 967
26 36 39
26 37 954
26 38 1313
26 39 1010
26 40 785
26 41 1489
26 42 889
26 43 1125
26 44 1383
26 45 605
26 46 722
26 47 1953
26 48 557
26 49 674
26 50 1905
26 51 605
26 52 722
26 53 1953
26 54 653
26 55 770
26 56 2001
26 57 701
26 58 818
26 59 2049
26 60 749
26 61 866
26 62 2097
26 63 797
26 64 914
26 65 2145
26 66 845
26 67 962
26 68 2193
26 69 893
26 70 1010
26 71 2241
26 72 941
26 73 1058
26 74 2289
26 75 989
26 76 1106
26 77 2337
26 78 1037
26 79 1154
26 80 2385
26 81 1085
26 82 1202
26 83 2433
26 84 1133
26 85 1250
26 86 2481
26 87 1181
26 88 1298
26 89 2529
26 90 1229
26 91 1346
26 92 2577
26 93 1277
26 94 1394
26 95 2625
26 96 1325
26 97 1442
26 98 2673
26 99 725
27 0 1219
27 1 995
27 2 1201
27 3 1409
27 4 746
27 5 568
27 6 1090
27 7 611
27 8 13
27 9 1318
27 10 838
27 11 1588
27 12 941
27 13 391
27 14 1313
27 15 980
27 16 1062
27 17 403
27 18 1146
27 19 0
27 20 733
27 21 221
27 22 798
27 23 1231
27 24 993
27 25 542
27 26 494
27 27 0
27 28 943
27 29 1697
27 30 993
27 31 1541
27 32 1428
27 33 243
27 34 343
27 35 473
27 36 455
27 37 460
27 38 1807
27 39 516
27 40 1279
27 41 995
27 42 395
27 43 631
27 44 889
27 45 1099
27 46 228
27 47 1459
27 48 1051
27 49 180
27 50 1411
27 51 1099
27 52 228
27 53 1459
27 54 1147
27 55 276
27 56 1507
27 57 1195
27 58 324
27 59 1555
27 60 1243
27 61 372
27 62 1603
27 63 1291
27 64 420
27 65 1651
27 66 1339
27 67 468
27 68 1699
27 69 1387
27 70 516
27 71 1747
27 72 1435
27 73 564
27 74 1795
27 75 1483
27 76 612
27 77 1843
27 78 1531
27 79 660
27 80 1891
27 81 1579
27 82 708
27 83 1939
27 84 1627
27 85 756
27 86 1987
27 87 1675
27 88 804
27 89 2035
27 90 1723
27 91 852
27 92 2083
27 93 1771
27 94 900
27 95 2131
27 96 1819
27 97 948
27 98 2179
27 99 1219
28 0 1308
28 1 52
28 2 1446
28 3 1992
28 4 1329
28 5 1151
28 6 1097
28 7 1554
28 8 930
28 9 1901
28 10 1037
28 11 1691
28 12 1428
28 13 782
28 14 1224
28 15 1563
28 16 1645
28 17 1346
28 18 1249
28 19 943
28 20 1316
28 21 1164
28 22 1285
28 23 1814
28 24 1480
28 25 1125
28 26 1437
28 27 943
28 28 0
28 29 1608
28 30 1480
28 31 1452
28 32 1123
28 33 826
28 34 830
28 35 960
28 36 1398
28 37 947
28 38 1224
28 39 1099
28 40 1368
28 41 52
28 42 978
28 43 542
28 44 1376
28 45 1188
28 46 811
28 47 2042
28 48 1140
28 49 763
28 50 1994
28 51 1092
28 52 715
28 53 1946
28 54 1044
28 55 667
28 56 1898
28 57 996
28 58 619
28 59 1850
28 60 948
28 61 571
28 62 1802
28 63 900
28 64 523
28 65 1754
28 66 852
28 67 475
28 68 1706
28 69 804
28 70 427
28 71 1658
28 72 852
28 73 475
28 74 1706
28 75 900
28 76 523
28 77 1754
28 78 948
28 79 571
28 80 1802
28 81 996
28 82 619
28 83 1850
28 84 1044
28 85 667
28 86 1898
28 87 1092
28 88 715
28 89 1946
28 90 1140
28 91 763
28 92 1994
28 93 1188
28 94 811
28 95 2042
28 96 1236
28 97 859
28 98 2090
28 99 1308
29 0 2916
29 1 1660
29 2 2538
29 3 484
29 4 2083
29 5 1229
29 6 707
29 7 2308
29 8 1684
29 9 575
29 10 959
29 11 209
29 12 856
29 13 1406
29 14 964
29 15 913
29 16 735
29 17 2100
29 18 651
29 19 1697
29 20 1160
29 21 1918
29 22 2039
29 23 566
29 24 2234
29 25 1255
29 26 2191
29 27 1697
29 28 1608
29 29 0
29 30 804
29 31 156
29 32 2189
29 33 1554
29 34 1454
29 35 1324
29 36 2152
29 37 1701
29 38 2472
29 39 1281
29 40 2616
29 41 1660
29 42 1498
29 43 1066
29 44 908
29 45 2796
29 46 1565
29 47 434
29 48 2748
29 49 1517
29 50 386
29 51 2700
29 52 1469
29 53 338
29 54 2652
29 55 1421
29 56 290
29 57 2604
29 58 1373
29 59 242
29 60 2556
29 61 1325
29 62 194
29 63 2508
29 64 1277
29 65 146
29 66 2460
29 67 1229
29 68 98
29 69 2412
29 70 1181
29 71 50
29 72 2460
29 73 1229
29 74 98
29 75 2508
29 76 1277
29 77 146
29 78 2556
29 79 1325
29 80 194
29 81 2604
29 82 1373
29 83 242
29 84 2652
29 85 1421
29 86 290
29 87 2700
29 88 1469
29 89 338
29 90 2748
29 91 1517
29 92 386
29 93 2796
29 94 1565
29 95 434
29 96 2844
29 97 1613
29 98 482
29 99 2916
30 0 2212
30 1 1532
30 2 1834
30 3 612
30 4 1379
30 5 1201
30 6 1315
30 7 1604
30 8 980
30 9 703
30 10 1375
30 11 721
30 12 52
30 13 928
30 14 1668
30 15 1041
30 16 863
30 17 1396
30 18 1163
30 19 993
30 20 1288
30 21 1214
30 22 1335
30 23 694
30 24 1530
30 25 1175
30 26 1487
30 27 993
30 28 1480
30 29 804
30 30 0
30 31 960
30 32 1965
30 33 876
30 34 650
30 35 520
30 36 1448
30 37 997
30 38 2344
30 39 1149
30 40 1912
30 41 1532
30 42 1028
30 43 1168
30 44 104
30 45 2092
30 46 861
30 47 562
30 48 2044
30 49 813
30 50 514
30 51 1996
30 52 765
30 53 466
30 54 2044
30 55 813
30 56 514
30 57 2092
30 58 861
30 59 562
30 60 2140
30 61 909
30 62 610
30 63 2188
30 64 957
30 65 658
30 66 2236
30 67 1005
30 68 706
30 69 2284
30 70 1053
30 71 754
30 72 2332
30 73 1101
30 74 802
30 75 2380
30 76 1149
30 77 850
30 78 2428
30 79 1197
30 80 898
30 81 2476
30 82 1245
30 83 946
30 84 2524
30 85 1293
30 86 994
30 87 2572
30 88 1341
30 89 1042
30 90 2620
30 91 1389
30 92 1090
30 93 2668
30 94 1437
30 95 1138
30 96 2716
30 97 1485
30 98 1186
30 99 2212
31 0 2760
31 1 1504
31 2 2382
31 3 640
31 4 1927
31 5 1385
31 6 863
31 7 2152
31 8 1528
31 9 731
31 10 1115
31 11 365
31 12 1012
31 13 1380
31 14 1120
31 15 1069
31 16 891
31 17 1944
31 18 807
31 19 1541
31 20 1316
31 21 1762
31 22 1883
31 23 722
31 24 2078
31 25 1411
31 26 2035
31 27 1541
31 28 1452
31 29 156
31 30 960
31 31 0
31 32 2033
31 33 1424
31 34 1428
31 35 1480
31 36 1996
31 37 1545
31 38 2316
31 39 1437
31 40 2460
31 41 1504
31 42 1576
31 43 910
31 44 1064
31 45 2640
31 46 1409
31 47 590
31 48 2592
31 49 1361
31 50 542
31 51 2544
31 52 1313
31 53 494
31 54 2496
31 55 1265
31 56 446
31 57 2448
31 58 1217
31 59 398
31 60 2400
31 61 1169
31 62 350
31 63 2352
31 64 1121
31 65 302
31 66 2304
31 67 1073
31 68 254
31 69 2256
31 70 1025
31 71 206
31 72 2304
31 73 1073
31 74 254
31 75 2352
31 76 1121
31 77 302
31 78 2400
31 79 1169
31 80 350
31 81 2448
31 82 1217
31 83 398
31 84 2496
31 85 1265
31 86 446
31 87 2544
31 88 1313
31 89 494
31 90 2592
31 91 1361
31 92 542
31 93 2640
31 94 1409
31 95 590
31 96 2688
31 97 1457
31 98 638
31 99 2760
32 0 727
32 1 1071
32 2 865
32 3 2477
32 4 1320
32 5 1636
32 6 1582
32 7 999
32 8 1415
32 9 2386
32 10 1522
32 11 2176
32 12 1913
32 13 1267
32 14 1805
32 15 2048
32 16 2130
32 17 1207
32 18 1734
32 19 1428
32 20 1801
32 21 1389
32 22 1172
32 23 2299
32 24 977
32 25 1610
32 26 1116
32 27 1428
32 28 1123
32 29 2189
32 30 1965
32 31 2033
32 32 0
32 33 1311
32 34 1315
32 35 1445
32 36 1155
32 37 1432
32 38 739
32 39 1584
32 40 787
32 41 1071
32 42 1463
32 43 1123
32 44 1861
32 45 607
32 46 1296
32 47 2527
32 48 559
32 49 1248
32 50 2479
32 51 511
32 52 1200
32 53 2431
32 54 463
32 55 1152
32 56 2383
32 57 415
32 58 1104
32 59 2335
32 60 367
32 61 1056
32 62 2287
32 63 319
32 64 1008
32 65 2239
32 66 271
32 67 960
32 68 2191
32 69 319
32 70 1008
32 71 2239
32 72 367
32 73 1056
32 74 2287
32 75 415
32 76 1104
32 77 2335
32 78 463
32 79 1152
32 80 2383
32 81 511
32 82 1200
32 83 2431
32 84 559
32 85 1248
32 86 2479
32 87 607
32 88 1296
32 89 2527
32 90 655
32 91 1344
32 92 2575
32 93 703
32 94 1392
32 95 2623
32 96 751
32 97 1440
32 98 2671
32 99 727
33 0 1462
33 1 878
33 2 1084
33 3 1266
33 4 629
33 5 325
33 6 973
33 7 854
33 8 230
33 9 1201
33 10 721
33 11 1471
33 12 824
33 13 274
33 14 1196
33 15 863
33 16 819
33 17 646
33 18 1029
33 19 243
33 20 616
33 21 464
33 22 681
33 23 988
33 24 876
33 25 299
33 26 737
33 27 243
33 28 826
33 29 1554
33 30 876
33 31 1424
33 32 1311
33 33 0
33 34 226
33 35 356
33 36 698
33 37 343
33 38 1690
33 39 273
33 40 1162
33 41 878
33 42 278
33 43 514
33 44 772
33 45 1342
33 46 111
33 47 1216
33 48 1294
33 49 63
33 50 1168
33 51 1342
33 52 111
33 53 1216
33 54 1390
33 55 159
33 56 1264
33 57 1438
33 58 207
33 59 1312
33 60 1486
33 61 255
33 62 1360
33 63 1534
33 64 303
33 65 1408
33 66 1582
33 67 351
33 68 1456
33 69 1630
33 70 399
33 71 1504
33 72 1678
33 73 447
33 74 1552
33 75 1726
33 76 495
33 77 1600
33 78 1774
33 79 543
33 80 1648
33 81 1822
33 82 591
33 83 1696
33 84 1870
33 85 639
33 86 1744
33 87 1918
33 88 687
33 89 1792
33 90 1966
33 91 735
33 92 1840
33 93 2014
33 94 783
33 95 1888
33 96 2062
33 97 831
33 98 1936
33 99 1462
34 0 1562
34 1 882
34 2 1184
34 3 1262
34 4 729
34 5 551
34 6 977
34 7 954
34 8 330
34 9 1301
34 10 725
34 11 1371
34 12 598
34 13 278
34 14 1200
34 15 963
34 16 1045
34 17 746
34 18 1033
34 19 343
34 20 716
34 21 564
34 22 685
34 23 1214
34 24 880
34 25 525
34 26 837
34 27 343
34 28 830
34 29 1454
34 30 650
34 31 1428
34 32 1315
34 33 226
34 34 0
34 35 130
34 36 798
34 37 347
34 38 1694
34 39 499
34 40 1262
34 41 882
34 42 378
34 43 518
34 44 546
34 45 1442
34 46 211
34 47 1212
34 48 1394
34 49 163
34 50 1164
34 51 1346
34 52 115
34 53 1116
34 54 1394
34 55 163
34 56 1164
34 57 1442
34 58 211
34 59 1212
34 60 1490
34 61 259
34 62 1260
34 63 1538
34 64 307
34 65 1308
34 66 1586
34 67 355
34 68 1356
34 69 1634
34 70 403
34 71 1404
34 72 1682
34 73 451
34 74 1452
34 75 1730
34 76 499
34 77 1500
34 78 1778
34 79 547
34 80 1548
34 81 1826
34 82 595
34 83 1596
34 84 1874
34 85 643
34 86 1644
34 87 1922
34 88 691
34 89 1692
34 90 1970
34 91 739
34 92 1740
34 93 2018
34 94 787
34 95 1788
34 96 2066
34 97 835
34 98 1836
34 99 1562
35 0 1692
35 1 1012
35 2 1314
35 3 1132
35 4 859
35 5 681
35 6 1107
35 7 1084
35 8 460
35 9 1223
35 10 855
35 11 1241
35 12 468
35 13 408
35 14 1330
35 15 1093
35 16 1175
35 17 876
35 18 1163
35 19 473
35 20 846
35 21 694
35 22 815
35 23 1214
35 24 1010
35 25 655
35 26 967
35 27 473
35 28 960
35 29 1324
35 30 520
35 31 1480
35 32 1445
35 33 356
35 34 130
35 35 0
35 36 928
35 37 477
35 38 1824
35 39 629
35 40 1392
35 41 1012
35 42 508
35 43 648
35 44 416
35 45 1572
35 46 341
35 47 1082
35 48 1524
35 49 293
35 50 1034
35 51 1476
