//alpha
1
//NbLocations
82
//NbProducts
27
//NbPickers
2
//CapaPicker
12
//TimeToTravelOneDistanceUnit
3
//SetupTime
5400
//PickTime
300
//Products
//Idx Location Size
1 1 1
2 2 1
3 3 1
4 4 1
5 5 1
6 6 1
7 7 1
8 8 1
9 9 1
10 10 1
11 11 1
12 12 1
13 13 1
14 14 1
15 15 1
16 16 1
17 17 1
18 18 1
19 19 1
20 20 1
21 21 1
22 22 1
23 23 1
24 24 1
25 25 1
26 26 1
27 27 1
//Orders
//NbOrders
12
//Idx DueDate TardinessPenalty NbProdInOrder ProdIdx1 Qty1 ProdIdx2 Qty2 ...
1 54000 0 1 1 1
2 90000 0 1 2 1
3 144000 0 6 3 1 4 1 5 1 6 1 7 1 8 1
4 54000 0 2 9 1 10 1
5 144000 0 1 11 1
6 72000 0 2 12 1 13 1
7 108000 0 1 14 1
8 36000 0 2 15 1 16 1
9 90000 0 1 17 1
10 126000 0 7 18 1 19 1 20 1 21 1 22 1 23 1 24 1
11 108000 0 1 25 1
12 54000 0 2 26 1 27 1
//Graph (Products are vertices indexed from 1 to NbProducts)
//NbVerticesIntersections
54
//DepartingDepot
0
//ArrivalDepot
82
//Arcs
//Start End Distance
0 28 120
1 23 0
1 66 232
2 20 858
2 71 50
3 38 453
3 39 778
4 5 442
4 68 492
5 4 442
5 69 297
6 24 546
6 44 453
7 25 273
7 50 635
8 56 674
8 57 557
9 76 297
9 77 934
10 27 130
10 63 375
11 21 169
11 48 245
12 80 700
12 81 531
13 77 141
13 78 1090
14 55 934
14 56 297
15 71 414
15 72 817
16 32 895
16 33 336
17 35 388
17 36 843
18 59 1142
18 60 89
19 79 999
19 80 232
20 2 858
20 70 323
21 11 169
21 47 817
22 44 37
22 45 1194
23 1 0
23 65 999
24 6 546
24 43 232
25 7 273
25 51 323
26 31 505
26 32 726
27 10 130
27 62 726
28 29 1231
28 31 48
28 82 120
29 28 1231
29 30 1231
29 32 48
30 29 1231
30 33 48
31 26 505
31 28 48
31 34 48
32 16 895
32 26 726
32 29 48
32 35 48
33 16 336
33 30 48
33 36 48
34 31 48
34 35 1231
34 37 48
35 17 388
35 32 48
35 34 1231
35 38 48
36 17 843
36 33 48
36 39 48
37 34 48
37 38 1231
37 40 48
38 3 453
38 35 48
38 37 1231
38 41 48
39 3 778
39 36 48
39 42 48
40 37 48
40 41 1231
40 43 48
41 38 48
41 40 1231
41 42 1231
41 44 48
42 39 48
42 41 1231
42 45 48
43 24 232
43 40 48
43 46 48
44 6 453
44 22 37
44 41 48
44 47 48
45 22 1194
45 42 48
45 48 48
46 43 48
46 47 1231
46 49 48
47 21 817
47 44 48
47 46 1231
47 50 48
48 11 245
48 45 48
48 51 48
49 46 48
49 50 1231
49 52 48
50 7 635
50 47 48
50 49 1231
50 53 48
51 25 323
51 48 48
51 54 48
52 49 48
52 53 1231
52 55 48
53 50 48
53 52 1231
53 54 1231
53 56 48
54 51 48
54 53 1231
54 57 48
55 14 934
55 52 48
55 58 48
56 8 674
56 14 297
56 53 48
56 59 48
57 8 557
57 54 48
57 60 48
58 55 48
58 59 1231
58 61 48
59 18 1142
59 56 48
59 58 1231
59 62 48
60 18 89
60 57 48
60 63 48
61 58 48
61 62 1231
61 64 48
62 27 726
62 59 48
62 61 1231
62 65 48
63 10 375
63 60 48
63 66 48
64 61 48
64 65 1231
64 67 48
65 23 999
65 62 48
65 64 1231
65 68 48
66 1 232
66 63 48
66 69 48
67 64 48
67 68 1231
67 70 48
68 4 492
68 65 48
68 67 1231
68 71 48
69 5 297
69 66 48
69 72 48
70 20 323
70 67 48
70 73 48
71 2 50
71 15 414
71 68 48
71 74 48
72 15 817
72 69 48
72 75 48
73 70 48
73 74 1231
73 76 48
74 71 48
74 73 1231
74 75 1231
74 77 48
75 72 48
75 74 1231
75 78 48
76 9 297
76 73 48
76 79 48
77 9 934
77 13 141
77 74 48
77 80 48
78 13 1090
78 75 48
78 81 48
79 19 999
79 76 48
80 12 700
80 19 232
80 77 48
81 12 531
81 78 48
//LocStart LocEnd ShortestPath
0 0 0
0 1 2926
0 2 1973
0 3 1948
0 4 2467
0 5 2909
0 6 1138
0 7 2322
0 8 2457
0 9 1185
0 10 2735
0 11 2625
0 12 2867
0 13 2260
0 14 1486
0 15 2437
0 16 2294
0 17 1835
0 18 2973
0 19 1935
0 20 1115
0 21 2456
0 22 1628
0 23 2926
0 24 592
0 25 2595
0 26 673
0 27 2605
0 28 120
0 29 1351
0 30 2582
0 31 168
0 32 1399
0 33 2630
0 34 216
0 35 1447
0 36 2678
0 37 264
0 38 1495
0 39 2726
0 40 312
0 41 1543
0 42 2774
0 43 360
0 44 1591
0 45 2822
0 46 408
0 47 1639
0 48 2870
0 49 456
0 50 1687
0 51 2918
0 52 504
0 53 1735
0 54 2966
0 55 552
0 56 1783
0 57 3014
0 58 600
0 59 1831
0 60 3062
0 61 648
0 62 1879
0 63 3110
0 64 696
0 65 1927
0 66 3158
0 67 744
0 68 1975
0 69 3206
0 70 792
0 71 2023
0 72 3254
0 73 840
0 74 2071
0 75 3302
0 76 888
0 77 2119
0 78 3350
0 79 936
0 80 2167
0 81 3398
0 82 0
1 0 2926
1 1 0
1 2 1145
1 3 1442
1 4 1019
1 5 577
1 6 1788
1 7 1068
1 8 933
1 9 2125
1 10 655
1 11 765
1 12 1003
1 13 1332
1 14 1440
1 15 1145
1 16 1096
1 17 1555
1 18 417
1 19 1471
1 20 2003
1 21 934
1 22 1372
1 23 0
1 24 2334
1 25 795
1 26 2253
1 27 785
1 28 2806
1 29 1575
1 30 808
1 31 2758
1 32 1527
1 33 760
1 34 2710
1 35 1479
1 36 712
1 37 2662
1 38 1431
1 39 664
1 40 2614
1 41 1383
1 42 616
1 43 2566
1 44 1335
1 45 568
1 46 2518
1 47 1287
1 48 520
1 49 2470
1 50 1239
1 51 472
1 52 2422
1 53 1191
1 54 424
1 55 2374
1 56 1143
1 57 376
1 58 2326
1 59 1095
1 60 328
1 61 2278
1 62 1047
1 63 280
1 64 2230
1 65 999
1 66 232
1 67 2278
1 68 1047
1 69 280
1 70 2326
1 71 1095
1 72 328
1 73 2374
1 74 1143
1 75 376
1 76 2422
1 77 1191
1 78 424
1 79 2470
1 80 1239
1 81 472
1 82 2926
2 0 1973
2 1 1145
2 2 0
2 3 1031
2 4 590
2 5 1032
2 6 935
2 7 1021
2 8 964
2 9 1080
2 10 1050
2 11 1420
2 12 894
2 13 287
2 14 587
2 15 464
2 16 1569
2 17 1014
2 18 1384
2 19 426
2 20 858
2 21 1251
2 22 519
2 23 1145
2 24 1481
2 25 1294
2 26 1400
2 27 920
2 28 1853
2 29 722
2 30 1953
2 31 1805
2 32 674
2 33 1905
2 34 1757
2 35 626
2 36 1857
2 37 1709
2 38 578
2 39 1809
2 40 1661
2 41 530
2 42 1761
2 43 1613
2 44 482
2 45 1713
2 46 1565
2 47 434
2 48 1665
2 49 1517
2 50 386
2 51 1617
2 52 1469
2 53 338
2 54 1569
2 55 1421
2 56 290
2 57 1521
2 58 1373
2 59 242
2 60 1473
2 61 1325
2 62 194
2 63 1425
2 64 1277
2 65 146
2 66 1377
2 67 1229
2 68 98
2 69 1329
2 70 1181
2 71 50
2 72 1281
2 73 1229
2 74 98
2 75 1329
2 76 1277
2 77 146
2 78 1377
2 79 1325
2 80 194
2 81 1425
2 82 1973
3 0 1948
3 1 1442
3 2 1031
3 3 0
3 4 1425
3 5 1555
3 6 1002
3 7 1280
3 8 1415
3 9 2011
3 10 1537
3 11 1167
3 12 1825
3 13 1218
3 14 1038
3 15 1395
3 16 1210
3 17 889
3 18 1203
3 19 1357
3 20 1889
3 21 1336
3 22 586
3 23 1442
3 24 1548
3 25 1293
3 26 1275
3 27 1563
3 28 1828
3 29 597
3 30 922
3 31 1780
3 32 549
3 33 874
3 34 1732
3 35 501
3 36 826
3 37 1684
3 38 453
3 39 778
3 40 1732
3 41 501
3 42 826
3 43 1780
3 44 549
3 45 874
3 46 1828
3 47 597
3 48 922
3 49 1876
3 50 645
3 51 970
3 52 1924
3 53 693
3 54 1018
3 55 1972
3 56 741
3 57 1066
3 58 2020
3 59 789
3 60 1114
3 61 2068
3 62 837
3 63 1162
3 64 2116
3 65 885
3 66 1210
3 67 2164
3 68 933
3 69 1258
3 70 2212
3 71 981
3 72 1306
3 73 2260
3 74 1029
3 75 1354
3 76 2308
3 77 1077
3 78 1402
3 79 2356
3 80 1125
3 81 1450
3 82 1948
4 0 2467
4 1 1019
4 2 590
4 3 1425
4 4 0
4 5 442
4 6 1329
4 7 1415
4 8 1358
4 9 1570
4 10 1210
4 11 1320
4 12 1384
4 13 777
4 14 981
4 15 954
4 16 1651
4 17 1408
4 18 972
4 19 916
4 20 1448
4 21 1489
4 22 913
4 23 1019
4 24 1875
4 25 1350
4 26 1794
4 27 1314
4 28 2347
4 29 1116
4 30 1363
4 31 2299
4 32 1068
4 33 1315
4 34 2251
4 35 1020
4 36 1267
4 37 2203
4 38 972
4 39 1219
4 40 2155
4 41 924
4 42 1171
4 43 2107
4 44 876
4 45 1123
4 46 2059
4 47 828
4 48 1075
4 49 2011
4 50 780
4 51 1027
4 52 1963
4 53 732
4 54 979
4 55 1915
4 56 684
4 57 931
4 58 1867
4 59 636
4 60 883
4 61 1819
4 62 588
4 63 835
4 64 1771
4 65 540
4 66 787
4 67 1723
4 68 492
4 69 739
4 70 1771
4 71 540
4 72 787
4 73 1819
4 74 588
4 75 835
4 76 1867
4 77 636
4 78 883
4 79 1915
4 80 684
4 81 931
4 82 2467
5 0 2909
5 1 577
5 2 1032
5 3 1555
5 4 442
5 5 0
5 6 1771
5 7 1181
5 8 1046
5 9 2012
5 10 768
5 11 878
5 12 1020
5 13 1219
5 14 1423
5 15 1162
5 16 1209
5 17 1668
5 18 530
5 19 1358
5 20 1890
5 21 1047
5 22 1355
5 23 577
5 24 2317
5 25 908
5 26 2236
5 27 898
5 28 2789
5 29 1558
5 30 921
5 31 2741
5 32 1510
5 33 873
5 34 2693
5 35 1462
5 36 825
5 37 2645
5 38 1414
5 39 777
5 40 2597
5 41 1366
5 42 729
5 43 2549
5 44 1318
5 45 681
5 46 2501
5 47 1270
5 48 633
5 49 2453
5 50 1222
5 51 585
5 52 2405
5 53 1174
5 54 537
5 55 2357
5 56 1126
5 57 489
5 58 2309
5 59 1078
5 60 441
5 61 2261
5 62 1030
5 63 393
5 64 2213
5 65 982
5 66 345
5 67 2165
5 68 934
5 69 297
5 70 2213
5 71 982
5 72 345
5 73 2261
5 74 1030
5 75 393
5 76 2309
5 77 1078
5 78 441
5 79 2357
5 80 1126
5 81 489
5 82 2909
6 0 1138
6 1 1788
6 2 935
6 3 1002
6 4 1329
6 5 1771
6 6 0
6 7 1184
6 8 1319
6 9 1603
6 10 1597
6 11 1487
6 12 1729
6 13 1122
6 14 942
6 15 1299
6 16 1540
6 17 985
6 18 1835
6 19 1261
6 20 1533
6 21 1318
6 22 490
6 23 1788
6 24 546
6 25 1457
6 26 1371
6 27 1467
6 28 1018
6 29 693
6 30 1924
6 31 970
6 32 645
6 33 1876
6 34 922
6 35 597
6 36 1828
6 37 874
6 38 549
6 39 1780
6 40 826
6 41 501
6 42 1732
6 43 778
6 44 453
6 45 1684
6 46 826
6 47 501
6 48 1732
6 49 874
6 50 549
6 51 1780
6 52 922
6 53 597
6 54 1828
6 55 970
6 56 645
6 57 1876
6 58 1018
6 59 693
6 60 1924
6 61 1066
6 62 741
6 63 1972
6 64 1114
6 65 789
6 66 2020
6 67 1162
6 68 837
6 69 2068
6 70 1210
6 71 885
6 72 2116
6 73 1258
6 74 933
6 75 2164
6 76 1306
6 77 981
6 78 2212
6 79 1354
6 80 1029
6 81 2260
6 82 1138
7 0 2322
7 1 1068
7 2 1021
7 3 1280
7 4 1415
7 5 1181
7 6 1184
7 7 0
7 8 1249
7 9 2001
7 10 1163
7 11 889
7 12 1607
7 13 1208
7 14 1028
7 15 1385
7 16 1220
7 17 1263
7 18 829
7 19 1347
7 20 1879
7 21 1058
7 22 768
7 23 1068
7 24 1730
7 25 273
7 26 1649
7 27 1293
7 28 2202
7 29 971
7 30 932
7 31 2154
7 32 923
7 33 884
7 34 2106
7 35 875
7 36 836
7 37 2058
7 38 827
7 39 788
7 40 2010
7 41 779
7 42 740
7 43 1962
7 44 731
7 45 692
7 46 1914
7 47 683
7 48 644
7 49 1866
7 50 635
7 51 596
7 52 1914
7 53 683
7 54 644
7 55 1962
7 56 731
7 57 692
7 58 2010
7 59 779
7 60 740
7 61 2058
7 62 827
7 63 788
7 64 2106
7 65 875
7 66 836
7 67 2154
7 68 923
7 69 884
7 70 2202
7 71 971
7 72 932
7 73 2250
7 74 1019
7 75 980
7 76 2298
7 77 1067
7 78 1028
7 79 2346
7 80 1115
7 81 1076
7 82 2322
8 0 2457
8 1 933
8 2 964
8 3 1415
8 4 1358
8 5 1046
8 6 1319
8 7 1249
8 8 0
8 9 1944
8 10 1028
8 11 946
8 12 1472
8 13 1151
8 14 971
8 15 1328
8 16 1277
8 17 1398
8 18 694
8 19 1290
8 20 1822
8 21 1115
8 22 903
8 23 933
8 24 1865
8 25 976
8 26 1784
8 27 1158
8 28 2337
8 29 1106
8 30 989
8 31 2289
8 32 1058
8 33 941
8 34 2241
8 35 1010
8 36 893
8 37 2193
8 38 962
8 39 845
8 40 2145
8 41 914
8 42 797
8 43 2097
8 44 866
8 45 749
8 46 2049
8 47 818
8 48 701
8 49 2001
8 50 770
8 51 653
8 52 1953
8 53 722
8 54 605
8 55 1905
8 56 674
8 57 557
8 58 1953
8 59 722
8 60 605
8 61 2001
8 62 770
8 63 653
8 64 2049
8 65 818
8 66 701
8 67 2097
8 68 866
8 69 749
8 70 2145
8 71 914
8 72 797
8 73 2193
8 74 962
8 75 845
8 76 2241
8 77 1010
8 78 893
8 79 2289
8 80 1058
8 81 941
8 82 2457
9 0 1185
9 1 2125
9 2 1080
9 3 2011
9 4 1570
9 5 2012
9 6 1603
9 7 2001
9 8 1944
9 9 0
9 10 2030
9 11 2400
9 12 1682
9 13 1075
9 14 1567
9 15 1444
9 16 2549
9 17 1994
9 18 2364
9 19 1214
9 20 716
9 21 2231
9 22 1499
9 23 2125
9 24 1057
9 25 2274
9 26 1522
9 27 1900
9 28 1065
9 29 1702
9 30 2933
9 31 1017
9 32 1654
9 33 2885
9 34 969
9 35 1606
9 36 2837
9 37 921
9 38 1558
9 39 2789
9 40 873
9 41 1510
9 42 2741
9 43 825
9 44 1462
9 45 2693
9 46 777
9 47 1414
9 48 2645
9 49 729
9 50 1366
9 51 2597
9 52 681
9 53 1318
9 54 2549
9 55 633
9 56 1270
9 57 2501
9 58 585
9 59 1222
9 60 2453
9 61 537
9 62 1174
9 63 2405
9 64 489
9 65 1126
9 66 2357
9 67 441
9 68 1078
9 69 2309
9 70 393
9 71 1030
9 72 2261
9 73 345
9 74 982
9 75 2213
9 76 297
9 77 934
9 78 2165
9 79 345
9 80 982
9 81 2213
9 82 1185
10 0 2735
10 1 655
10 2 1050
10 3 1537
10 4 1210
10 5 768
10 6 1597
10 7 1163
10 8 1028
10 9 2030
10 10 0
10 11 860
10 12 1194
10 13 1237
10 14 1249
10 15 1336
10 16 1191
10 17 1650
10 18 512
10 19 1376
10 20 1908
10 21 1029
10 22 1181
10 23 655
10 24 2143
10 25 890
10 26 2062
10 27 130
10 28 2615
10 29 1384
10 30 903
10 31 2567
10 32 1336
10 33 855
10 34 2519
10 35 1288
10 36 807
10 37 2471
10 38 1240
10 39 759
10 40 2423
10 41 1192
10 42 711
10 43 2375
10 44 1144
10 45 663
10 46 2327
10 47 1096
10 48 615
10 49 2279
10 50 1048
10 51 567
10 52 2231
10 53 1000
10 54 519
10 55 2183
10 56 952
10 57 471
10 58 2135
10 59 904
10 60 423
10 61 2087
10 62 856
10 63 375
10 64 2135
10 65 904
10 66 423
10 67 2183
10 68 952
10 69 471
10 70 2231
10 71 1000
10 72 519
10 73 2279
10 74 1048
10 75 567
10 76 2327
10 77 1096
10 78 615
10 79 2375
10 80 1144
10 81 663
10 82 2735
11 0 2625
11 1 765
11 2 1420
11 3 1167
11 4 1320
11 5 878
11 6 1487
11 7 889
11 8 946
11 9 2400
11 10 860
11 11 0
11 12 1304
11 13 1607
11 14 1427
11 15 1446
11 16 821
11 17 1280
11 18 526
11 19 1746
11 20 2278
11 21 169
11 22 1071
11 23 765
11 24 2033
11 25 616
11 26 1952
11 27 990
11 28 2505
11 29 1274
11 30 533
11 31 2457
11 32 1226
11 33 485
11 34 2409
11 35 1178
11 36 437
11 37 2361
11 38 1130
11 39 389
11 40 2313
11 41 1082
11 42 341
11 43 2265
11 44 1034
11 45 293
11 46 2217
11 47 986
11 48 245
11 49 2265
11 50 1034
11 51 293
11 52 2313
11 53 1082
11 54 341
11 55 2361
11 56 1130
11 57 389
11 58 2409
11 59 1178
11 60 437
11 61 2457
11 62 1226
11 63 485
11 64 2505
11 65 1274
11 66 533
11 67 2553
11 68 1322
11 69 581
11 70 2601
11 71 1370
11 72 629
11 73 2649
11 74 1418
11 75 677
11 76 2697
11 77 1466
11 78 725
11 79 2745
11 80 1514
11 81 773
11 82 2625
12 0 2867
12 1 1003
12 2 894
12 3 1825
12 4 1384
12 5 1020
12 6 1729
12 7 1607
12 8 1472
12 9 1682
12 10 1194
12 11 1304
12 12 0
12 13 889
12 14 1381
12 15 1258
12 16 1635
12 17 1808
12 18 956
12 19 932
12 20 1752
12 21 1473
12 22 1313
12 23 1003
12 24 2275
12 25 1334
12 26 2194
12 27 1324
12 28 2747
12 29 1516
12 30 1347
12 31 2699
12 32 1468
12 33 1299
12 34 2651
12 35 1420
12 36 1251
12 37 2603
12 38 1372
12 39 1203
12 40 2555
12 41 1324
12 42 1155
12 43 2507
12 44 1276
12 45 1107
12 46 2459
12 47 1228
12 48 1059
12 49 2411
12 50 1180
12 51 1011
12 52 2363
12 53 1132
12 54 963
12 55 2315
12 56 1084
12 57 915
12 58 2267
12 59 1036
12 60 867
12 61 2219
12 62 988
12 63 819
12 64 2171
12 65 940
12 66 771
12 67 2123
12 68 892
12 69 723
12 70 2075
12 71 844
12 72 675
12 73 2027
12 74 796
12 75 627
12 76 1979
12 77 748
12 78 579
12 79 1931
12 80 700
12 81 531
12 82 2867
13 0 2260
13 1 1332
13 2 287
13 3 1218
13 4 777
13 5 1219
13 6 1122
13 7 1208
13 8 1151
13 9 1075
13 10 1237
13 11 1607
13 12 889
13 13 0
13 14 774
13 15 651
13 16 1756
13 17 1201
13 18 1467
13 19 421
13 20 1145
13 21 1438
13 22 706
13 23 1332
13 24 1668
13 25 1481
13 26 1587
13 27 1107
13 28 2140
13 29 909
13 30 1858
13 31 2092
13 32 861
13 33 1810
13 34 2044
13 35 813
13 36 1762
13 37 1996
13 38 765
13 39 1714
13 40 1948
13 41 717
13 42 1666
13 43 1900
13 44 669
13 45 1618
13 46 1852
13 47 621
13 48 1570
13 49 1804
13 50 573
13 51 1522
13 52 1756
13 53 525
13 54 1474
13 55 1708
13 56 477
13 57 1426
13 58 1660
13 59 429
13 60 1378
13 61 1612
13 62 381
13 63 1330
13 64 1564
13 65 333
13 66 1282
13 67 1516
13 68 285
13 69 1234
13 70 1468
13 71 237
13 72 1186
13 73 1420
13 74 189
13 75 1138
13 76 1372
13 77 141
13 78 1090
13 79 1420
13 80 189
13 81 1138
13 82 2260
14 0 1486
14 1 1440
14 2 587
14 3 1038
14 4 981
14 5 1423
14 6 942
14 7 1028
14 8 971
14 9 1567
14 10 1249
14 11 1427
14 12 1381
14 13 774
14 14 0
14 15 951
14 16 1576
14 17 1021
14 18 1487
14 19 913
14 20 1445
14 21 1258
14 22 526
14 23 1440
14 24 1358
14 25 1301
14 26 1407
14 27 1119
14 28 1366
14 29 729
14 30 1960
14 31 1318
14 32 681
14 33 1912
14 34 1270
14 35 633
14 36 1864
14 37 1222
14 38 585
14 39 1816
14 40 1174
14 41 537
14 42 1768
14 43 1126
14 44 489
14 45 1720
14 46 1078
14 47 441
14 48 1672
14 49 1030
14 50 393
14 51 1624
14 52 982
14 53 345
14 54 1576
14 55 934
14 56 297
14 57 1528
14 58 982
14 59 345
14 60 1576
14 61 1030
14 62 393
14 63 1624
14 64 1078
14 65 441
14 66 1672
14 67 1126
14 68 489
14 69 1720
14 70 1174
14 71 537
14 72 1768
14 73 1222
14 74 585
14 75 1816
14 76 1270
14 77 633
14 78 1864
14 79 1318
14 80 681
14 81 1912
14 82 1486
15 0 2437
15 1 1145
15 2 464
15 3 1395
15 4 954
15 5 1162
15 6 1299
15 7 1385
15 8 1328
15 9 1444
15 10 1336
15 11 1446
15 12 1258
15 13 651
15 14 951
15 15 0
15 16 1777
15 17 1378
15 18 1098
15 19 790
15 20 1322
15 21 1615
15 22 883
15 23 1145
15 24 1845
15 25 1476
15 26 1764
15 27 1284
15 28 2317
15 29 1086
15 30 1489
15 31 2269
15 32 1038
15 33 1441
15 34 2221
15 35 990
15 36 1393
15 37 2173
15 38 942
15 39 1345
15 40 2125
15 41 894
15 42 1297
15 43 2077
15 44 846
15 45 1249
15 46 2029
15 47 798
15 48 1201
15 49 1981
15 50 750
15 51 1153
15 52 1933
15 53 702
15 54 1105
15 55 1885
15 56 654
15 57 1057
15 58 1837
15 59 606
15 60 1009
15 61 1789
15 62 558
15 63 961
15 64 1741
15 65 510
15 66 913
15 67 1693
15 68 462
15 69 865
15 70 1645
15 71 414
15 72 817
15 73 1693
15 74 462
15 75 865
15 76 1741
15 77 510
15 78 913
15 79 1789
15 80 558
15 81 961
15 82 2437
16 0 2294
16 1 1096
16 2 1569
16 3 1210
16 4 1651
16 5 1209
16 6 1540
16 7 1220
16 8 1277
16 9 2549
16 10 1191
16 11 821
16 12 1635
16 13 1756
16 14 1576
16 15 1777
16 16 0
16 17 1227
16 18 857
16 19 1895
16 20 2427
16 21 990
16 22 1124
16 23 1096
16 24 2086
16 25 947
16 26 1621
16 27 1321
16 28 2174
16 29 943
16 30 384
16 31 2126
16 32 895
16 33 336
16 34 2174
16 35 943
16 36 384
16 37 2222
16 38 991
16 39 432
16 40 2270
16 41 1039
16 42 480
16 43 2318
16 44 1087
16 45 528
16 46 2366
16 47 1135
16 48 576
16 49 2414
16 50 1183
16 51 624
16 52 2462
16 53 1231
16 54 672
16 55 2510
16 56 1279
16 57 720
16 58 2558
16 59 1327
16 60 768
16 61 2606
16 62 1375
16 63 816
16 64 2654
16 65 1423
16 66 864
16 67 2702
16 68 1471
16 69 912
16 70 2750
16 71 1519
16 72 960
16 73 2798
16 74 1567
16 75 1008
16 76 2846
16 77 1615
16 78 1056
16 79 2894
16 80 1663
16 81 1104
16 82 2294
17 0 1835
17 1 1555
17 2 1014
17 3 889
17 4 1408
17 5 1668
17 6 985
17 7 1263
17 8 1398
17 9 1994
17 10 1650
17 11 1280
17 12 1808
17 13 1201
17 14 1021
17 15 1378
17 16 1227
17 17 0
17 18 1316
17 19 1340
17 20 1872
17 21 1397
17 22 569
17 23 1555
17 24 1531
17 25 1406
17 26 1162
17 27 1546
17 28 1715
17 29 484
17 30 939
17 31 1667
17 32 436
17 33 891
17 34 1619
17 35 388
17 36 843
17 37 1667
17 38 436
17 39 891
17 40 1715
17 41 484
17 42 939
17 43 1763
17 44 532
17 45 987
17 46 1811
17 47 580
17 48 1035
17 49 1859
17 50 628
17 51 1083
17 52 1907
17 53 676
17 54 1131
17 55 1955
17 56 724
17 57 1179
17 58 2003
17 59 772
17 60 1227
17 61 2051
17 62 820
17 63 1275
17 64 2099
17 65 868
17 66 1323
17 67 2147
17 68 916
17 69 1371
17 70 2195
17 71 964
17 72 1419
17 73 2243
17 74 1012
17 75 1467
17 76 2291
17 77 1060
17 78 1515
17 79 2339
17 80 1108
17 81 1563
17 82 1835
18 0 2973
18 1 417
18 2 1384
18 3 1203
18 4 972
18 5 530
18 6 1835
18 7 829
18 8 694
18 9 2364
18 10 512
18 11 526
18 12 956
18 13 1467
18 14 1487
18 15 1098
18 16 857
18 17 1316
18 18 0
18 19 1710
18 20 2242
18 21 695
18 22 1419
18 23 417
18 24 2381
18 25 556
18 26 2300
18 27 642
18 28 2853
18 29 1622
18 30 569
18 31 2805
18 32 1574
18 33 521
18 34 2757
18 35 1526
18 36 473
18 37 2709
18 38 1478
18 39 425
18 40 2661
18 41 1430
18 42 377
18 43 2613
18 44 1382
18 45 329
18 46 2565
18 47 1334
18 48 281
18 49 2517
18 50 1286
18 51 233
18 52 2469
18 53 1238
18 54 185
18 55 2421
18 56 1190
18 57 137
18 58 2373
18 59 1142
18 60 89
18 61 2421
18 62 1190
18 63 137
18 64 2469
18 65 1238
18 66 185
18 67 2517
18 68 1286
18 69 233
18 70 2565
18 71 1334
18 72 281
18 73 2613
18 74 1382
18 75 329
18 76 2661
18 77 1430
18 78 377
18 79 2709
18 80 1478
18 81 425
18 82 2973
19 0 1935
19 1 1471
19 2 426
19 3 1357
19 4 916
19 5 1358
19 6 1261
19 7 1347
19 8 1290
19 9 1214
19 10 1376
19 11 1746
19 12 932
19 13 421
19 14 913
19 15 790
19 16 1895
19 17 1340
19 18 1710
19 19 0
19 20 1284
19 21 1577
19 22 845
19 23 1471
19 24 1807
19 25 1620
19 26 1726
19 27 1246
19 28 1815
19 29 1048
19 30 2279
19 31 1767
19 32 1000
19 33 2231
19 34 1719
19 35 952
19 36 2183
19 37 1671
19 38 904
19 39 2135
19 40 1623
19 41 856
19 42 2087
19 43 1575
19 44 808
19 45 2039
19 46 1527
19 47 760
19 48 1991
19 49 1479
19 50 712
19 51 1943
19 52 1431
19 53 664
19 54 1895
19 55 1383
19 56 616
19 57 1847
19 58 1335
19 59 568
19 60 1799
19 61 1287
19 62 520
19 63 1751
19 64 1239
19 65 472
19 66 1703
19 67 1191
19 68 424
19 69 1655
19 70 1143
19 71 376
19 72 1607
19 73 1095
19 74 328
19 75 1559
19 76 1047
19 77 280
19 78 1511
19 79 999
19 80 232
19 81 1463
19 82 1935
20 0 1115
20 1 2003
20 2 858
20 3 1889
20 4 1448
20 5 1890
20 6 1533
20 7 1879
20 8 1822
20 9 716
20 10 1908
20 11 2278
20 12 1752
20 13 1145
20 14 1445
20 15 1322
20 16 2427
20 17 1872
20 18 2242
20 19 1284
20 20 0
20 21 2109
20 22 1377
20 23 2003
20 24 987
20 25 2152
20 26 1452
20 27 1778
20 28 995
20 29 1580
20 30 2811
20 31 947
20 32 1532
20 33 2763
20 34 899
20 35 1484
20 36 2715
20 37 851
20 38 1436
20 39 2667
20 40 803
20 41 1388
20 42 2619
20 43 755
20 44 1340
20 45 2571
20 46 707
20 47 1292
20 48 2523
20 49 659
20 50 1244
20 51 2475
20 52 611
20 53 1196
20 54 2427
20 55 563
20 56 1148
20 57 2379
20 58 515
20 59 1100
20 60 2331
20 61 467
20 62 1052
20 63 2283
20 64 419
20 65 1004
20 66 2235
20 67 371
20 68 956
20 69 2187
20 70 323
20 71 908
20 72 2139
20 73 371
20 74 956
20 75 2187
20 76 419
20 77 1004
20 78 2235
20 79 467
20 80 1052
20 81 2283
20 82 1115
21 0 2456
21 1 934
21 2 1251
21 3 1336
21 4 1489
21 5 1047
21 6 1318
21 7 1058
21 8 1115
21 9 2231
21 10 1029
21 11 169
21 12 1473
21 13 1438
21 14 1258
21 15 1615
21 16 990
21 17 1397
21 18 695
21 19 1577
21 20 2109
21 21 0
21 22 902
21 23 934
21 24 1864
21 25 785
21 26 1783
21 27 1159
21 28 2336
21 29 1105
21 30 702
21 31 2288
21 32 1057
21 33 654
21 34 2240
21 35 1009
21 36 606
21 37 2192
21 38 961
21 39 558
21 40 2144
21 41 913
21 42 510
21 43 2096
21 44 865
21 45 462
21 46 2048
21 47 817
21 48 414
21 49 2096
21 50 865
21 51 462
21 52 2144
21 53 913
21 54 510
21 55 2192
21 56 961
21 57 558
21 58 2240
21 59 1009
21 60 606
21 61 2288
21 62 1057
21 63 654
21 64 2336
21 65 1105
21 66 702
21 67 2384
21 68 1153
21 69 750
21 70 2432
21 71 1201
21 72 798
21 73 2480
21 74 1249
21 75 846
21 76 2528
21 77 1297
21 78 894
21 79 2576
21 80 1345
21 81 942
21 82 2456
22 0 1628
22 1 1372
22 2 519
22 3 586
22 4 913
22 5 1355
22 6 490
22 7 768
22 8 903
22 9 1499
22 10 1181
22 11 1071
22 12 1313
22 13 706
22 14 526
22 15 883
22 16 1124
22 17 569
22 18 1419
22 19 845
22 20 1377
22 21 902
22 22 0
22 23 1372
22 24 1036
22 25 1041
22 26 955
22 27 1051
22 28 1508
22 29 277
22 30 1434
22 31 1460
22 32 229
22 33 1386
22 34 1412
22 35 181
22 36 1338
22 37 1364
22 38 133
22 39 1290
22 40 1316
22 41 85
22 42 1242
22 43 1268
22 44 37
22 45 1194
22 46 1316
22 47 85
22 48 1242
22 49 1364
22 50 133
22 51 1290
22 52 1412
22 53 181
22 54 1338
22 55 1460
22 56 229
22 57 1386
22 58 1508
22 59 277
22 60 1434
22 61 1556
22 62 325
22 63 1482
22 64 1604
22 65 373
22 66 1530
22 67 1652
22 68 421
22 69 1578
22 70 1700
22 71 469
22 72 1626
22 73 1748
22 74 517
22 75 1674
22 76 1796
22 77 565
22 78 1722
22 79 1844
22 80 613
22 81 1770
22 82 1628
23 0 2926
23 1 0
23 2 1145
23 3 1442
23 4 1019
23 5 577
23 6 1788
23 7 1068
23 8 933
23 9 2125
23 10 655
23 11 765
23 12 1003
23 13 1332
23 14 1440
23 15 1145
23 16 1096
23 17 1555
23 18 417
23 19 1471
23 20 2003
23 21 934
23 22 1372
23 23 0
23 24 2334
23 25 795
23 26 2253
23 27 785
23 28 2806
23 29 1575
23 30 808
23 31 2758
23 32 1527
23 33 760
23 34 2710
23 35 1479
23 36 712
23 37 2662
23 38 1431
23 39 664
23 40 2614
23 41 1383
23 42 616
23 43 2566
23 44 1335
23 45 568
23 46 2518
23 47 1287
23 48 520
23 49 2470
23 50 1239
23 51 472
23 52 2422
23 53 1191
23 54 424
23 55 2374
23 56 1143
23 57 376
23 58 2326
23 59 1095
23 60 328
23 61 2278
23 62 1047
23 63 280
23 64 2230
23 65 999
23 66 232
23 67 2278
23 68 1047
23 69 280
23 70 2326
23 71 1095
23 72 328
23 73 2374
23 74 1143
23 75 376
23 76 2422
23 77 1191
23 78 424
23 79 2470
23 80 1239
23 81 472
23 82 2926
24 0 592
24 1 2334
24 2 1481
24 3 1548
24 4 1875
24 5 2317
24 6 546
24 7 1730
24 8 1865
24 9 1057
24 10 2143
24 11 2033
24 12 2275
24 13 1668
24 14 1358
24 15 1845
24 16 2086
24 17 1531
24 18 2381
24 19 1807
24 20 987
24 21 1864
24 22 1036
24 23 2334
24 24 0
24 25 2003
24 26 929
24 27 2013
24 28 472
24 29 1239
24 30 2470
24 31 424
24 32 1191
24 33 2422
24 34 376
24 35 1143
24 36 2374
24 37 328
24 38 1095
24 39 2326
24 40 280
24 41 1047
24 42 2278
24 43 232
24 44 999
24 45 2230
24 46 280
24 47 1047
24 48 2278
24 49 328
24 50 1095
24 51 2326
24 52 376
24 53 1143
24 54 2374
24 55 424
24 56 1191
24 57 2422
24 58 472
24 59 1239
24 60 2470
24 61 520
24 62 1287
24 63 2518
24 64 568
24 65 1335
24 66 2566
24 67 616
24 68 1383
24 69 2614
24 70 664
24 71 1431
24 72 2662
24 73 712
24 74 1479
24 75 2710
24 76 760
24 77 1527
24 78 2758
24 79 808
24 80 1575
24 81 2806
24 82 592
25 0 2595
25 1 795
25 2 1294
25 3 1293
25 4 1350
25 5 908
25 6 1457
25 7 273
25 8 976
25 9 2274
25 10 890
25 11 616
25 12 1334
25 13 1481
25 14 1301
25 15 1476
25 16 947
25 17 1406
25 18 556
25 19 1620
25 20 2152
25 21 785
25 22 1041
25 23 795
25 24 2003
25 25 0
25 26 1922
25 27 1020
25 28 2475
25 29 1244
25 30 659
25 31 2427
25 32 1196
25 33 611
25 34 2379
25 35 1148
25 36 563
25 37 2331
25 38 1100
25 39 515
25 40 2283
25 41 1052
25 42 467
25 43 2235
25 44 1004
25 45 419
25 46 2187
25 47 956
25 48 371
25 49 2139
25 50 908
25 51 323
25 52 2187
25 53 956
25 54 371
25 55 2235
25 56 1004
25 57 419
25 58 2283
25 59 1052
25 60 467
25 61 2331
25 62 1100
25 63 515
25 64 2379
25 65 1148
25 66 563
25 67 2427
25 68 1196
25 69 611
25 70 2475
25 71 1244
25 72 659
25 73 2523
25 74 1292
25 75 707
25 76 2571
25 77 1340
25 78 755
25 79 2619
25 80 1388
25 81 803
25 82 2595
26 0 673
26 1 2253
26 2 1400
26 3 1275
26 4 1794
26 5 2236
26 6 1371
26 7 1649
26 8 1784
26 9 1522
26 10 2062
26 11 1952
26 12 2194
26 13 1587
26 14 1407
26 15 1764
26 16 1621
26 17 1162
26 18 2300
26 19 1726
26 20 1452
26 21 1783
26 22 955
26 23 2253
26 24 929
26 25 1922
26 26 0
26 27 1932
26 28 553
26 29 774
26 30 2005
26 31 505
26 32 726
26 33 1957
26 34 553
26 35 774
26 36 2005
26 37 601
26 38 822
26 39 2053
26 40 649
26 41 870
26 42 2101
26 43 697
26 44 918
26 45 2149
26 46 745
26 47 966
26 48 2197
26 49 793
26 50 1014
26 51 2245
26 52 841
26 53 1062
26 54 2293
26 55 889
26 56 1110
26 57 2341
26 58 937
26 59 1158
26 60 2389
26 61 985
26 62 1206
26 63 2437
26 64 1033
26 65 1254
26 66 2485
26 67 1081
26 68 1302
26 69 2533
26 70 1129
26 71 1350
26 72 2581
26 73 1177
26 74 1398
26 75 2629
26 76 1225
26 77 1446
26 78 2677
26 79 1273
26 80 1494
26 81 2725
26 82 673
27 0 2605
27 1 785
27 2 920
27 3 1563
27 4 1314
27 5 898
27 6 1467
27 7 1293
27 8 1158
27 9 1900
27 10 130
27 11 990
27 12 1324
27 13 1107
27 14 1119
27 15 1284
27 16 1321
27 17 1546
27 18 642
27 19 1246
27 20 1778
27 21 1159
27 22 1051
27 23 785
27 24 2013
27 25 1020
27 26 1932
27 27 0
27 28 2485
27 29 1254
27 30 1033
27 31 2437
27 32 1206
27 33 985
27 34 2389
27 35 1158
27 36 937
27 37 2341
27 38 1110
27 39 889
27 40 2293
27 41 1062
27 42 841
27 43 2245
27 44 1014
27 45 793
27 46 2197
27 47 966
27 48 745
27 49 2149
27 50 918
27 51 697
27 52 2101
27 53 870
27 54 649
27 55 2053
27 56 822
27 57 601
27 58 2005
27 59 774
27 60 553
27 61 1957
27 62 726
27 63 505
27 64 2005
27 65 774
27 66 553
27 67 2053
27 68 822
27 69 601
27 70 2101
27 71 870
27 72 649
27 73 2149
27 74 918
27 75 697
27 76 2197
27 77 966
27 78 745
27 79 2245
27 80 1014
27 81 793
27 82 2605
28 0 120
28 1 2806
28 2 1853
28 3 1828
28 4 2347
28 5 2789
28 6 1018
28 7 2202
28 8 2337
28 9 1065
28 10 2615
28 11 2505
28 12 2747
28 13 2140
28 14 1366
28 15 2317
28 16 2174
28 17 1715
28 18 2853
28 19 1815
28 20 995
28 21 2336
28 22 1508
28 23 2806
28 24 472
28 25 2475
28 26 553
28 27 2485
28 28 0
28 29 1231
28 30 2462
28 31 48
28 32 1279
28 33 2510
28 34 96
28 35 1327
28 36 2558
28 37 144
28 38 1375
28 39 2606
28 40 192
28 41 1423
28 42 2654
28 43 240
28 44 1471
28 45 2702
28 46 288
28 47 1519
28 48 2750
28 49 336
28 50 1567
28 51 2798
28 52 384
28 53 1615
28 54 2846
28 55 432
28 56 1663
28 57 2894
28 58 480
28 59 1711
28 60 2942
28 61 528
28 62 1759
28 63 2990
28 64 576
28 65 1807
28 66 3038
28 67 624
28 68 1855
28 69 3086
28 70 672
28 71 1903
28 72 3134
28 73 720
28 74 1951
28 75 3182
28 76 768
28 77 1999
28 78 3230
28 79 816
28 80 2047
28 81 3278
28 82 120
29 0 1351
29 1 1575
29 2 722
29 3 597
29 4 1116
29 5 1558
29 6 693
29 7 971
29 8 1106
29 9 1702
29 10 1384
29 11 1274
29 12 1516
29 13 909
29 14 729
29 15 1086
29 16 943
29 17 484
29 18 1622
29 19 1048
29 20 1580
29 21 1105
29 22 277
29 23 1575
29 24 1239
29 25 1244
29 26 774
29 27 1254
29 28 1231
29 29 0
29 30 1231
29 31 1279
29 32 48
29 33 1279
29 34 1327
29 35 96
29 36 1327
29 37 1375
29 38 144
29 39 1375
29 40 1423
29 41 192
29 42 1423
29 43 1471
29 44 240
29 45 1471
29 46 1519
29 47 288
29 48 1519
29 49 1567
29 50 336
29 51 1567
29 52 1615
29 53 384
29 54 1615
29 55 1663
29 56 432
29 57 1663
29 58 1711
29 59 480
29 60 1711
29 61 1759
29 62 528
29 63 1759
29 64 1807
29 65 576
29 66 1807
29 67 1855
29 68 624
29 69 1855
29 70 1903
29 71 672
29 72 1903
29 73 1951
29 74 720
29 75 1951
29 76 1999
29 77 768
29 78 1999
29 79 2047
29 80 816
29 81 2047
29 82 1351
30 0 2582
30 1 808
30 2 1953
30 3 922
30 4 1363
30 5 921
30 6 1924
30 7 932
30 8 989
30 9 2933
30 10 903
30 11 533
30 12 1347
30 13 1858
30 14 1960
30 15 1489
30 16 384
30 17 939
30 18 569
30 19 2279
30 20 2811
30 21 702
30 22 1434
30 23 808
30 24 2470
30 25 659
30 26 2005
30 27 1033
30 28 2462
30 29 1231
30 30 0
30 31 2510
30 32 1279
30 33 48
30 34 2558
30 35 1327
30 36 96
30 37 2606
30 38 1375
30 39 144
30 40 2654
30 41 1423
30 42 192
30 43 2702
30 44 1471
30 45 240
30 46 2750
30 47 1519
30 48 288
30 49 2798
30 50 1567
30 51 336
30 52 2846
30 53 1615
30 54 384
30 55 2894
30 56 1663
30 57 432
30 58 2942
30 59 1711
30 60 480
30 61 2990
30 62 1759
30 63 528
30 64 3038
30 65 1807
30 66 576
30 67 3086
30 68 1855
30 69 624
30 70 3134
30 71 1903
30 72 672
30 73 3182
30 74 1951
30 75 720
30 76 3230
30 77 1999
30 78 768
30 79 3278
30 80 2047
30 81 816
30 82 2582
31 0 168
31 1 2758
31 2 1805
31 3 1780
31 4 2299
31 5 2741
31 6 970
31 7 2154
31 8 2289
31 9 1017
31 10 2567
31 11 2457
31 12 2699
31 13 2092
31 14 1318
31 15 2269
31 16 2126
31 17 1667
31 18 2805
31 19 1767
31 20 947
31 21 2288
31 22 1460
31 23 2758
31 24 424
31 25 2427
31 26 505
31 27 2437
31 28 48
31 29 1279
31 30 2510
31 31 0
31 32 1231
31 33 2462
31 34 48
31 35 1279
31 36 2510
31 37 96
31 38 1327
31 39 2558
31 40 144
31 41 1375
31 42 2606
31 43 192
31 44 1423
31 45 2654
31 46 240
31 47 1471
31 48 2702
31 49 288
31 50 1519
31 51 2750
31 52 336
31 53 1567
31 54 2798
31 55 384
31 56 1615
31 57 2846
31 58 432
31 59 1663
31 60 2894
31 61 480
31 62 1711
31 63 2942
31 64 528
31 65 1759
31 66 2990
31 67 576
31 68 1807
31 69 3038
31 70 624
31 71 1855
31 72 3086
31 73 672
31 74 1903
31 75 3134
31 76 720
31 77 1951
31 78 3182
31 79 768
31 80 1999
31 81 3230
31 82 168
32 0 1399
32 1 1527
32 2 674
32 3 549
32 4 1068
32 5 1510
32 6 645
32 7 923
32 8 1058
32 9 1654
32 10 1336
32 11 1226
32 12 1468
32 13 861
32 14 681
32 15 1038
32 16 895
32 17 436
32 18 1574
32 19 1000
32 20 1532
32 21 1057
32 22 229
32 23 1527
32 24 1191
32 25 1196
32 26 726
32 27 1206
32 28 1279
32 29 48
32 30 1279
32 31 1231
32 32 0
32 33 1231
32 34 1279
32 35 48
32 36 1279
32 37 1327
32 38 96
32 39 1327
32 40 1375
32 41 144
32 42 1375
32 43 1423
32 44 192
32 45 1423
32 46 1471
32 47 240
32 48 1471
32 49 1519
32 50 288
32 51 1519
32 52 1567
32 53 336
32 54 1567
32 55 1615
32 56 384
32 57 1615
32 58 1663
32 59 432
32 60 1663
32 61 1711
32 62 480
32 63 1711
32 64 1759
32 65 528
32 66 1759
32 67 1807
32 68 576
32 69 1807
32 70 1855
32 71 624
32 72 1855
32 73 1903
32 74 672
32 75 1903
32 76 1951
32 77 720
32 78 1951
32 79 1999
32 80 768
32 81 1999
32 82 1399
33 0 2630
33 1 760
33 2 1905
33 3 874
33 4 1315
33 5 873
33 6 1876
33 7 884
33 8 941
33 9 2885
33 10 855
33 11 485
33 12 1299
33 13 1810
33 14 1912
33 15 1441
33 16 336
33 17 891
33 18 521
33 19 2231
33 20 2763
33 21 654
33 22 1386
33 23 760
33 24 2422
33 25 611
33 26 1957
33 27 985
33 28 2510
33 29 1279
33 30 48
33 31 2462
33 32 1231
33 33 0
33 34 2510
33 35 1279
33 36 48
33 37 2558
33 38 1327
33 39 96
33 40 2606
33 41 1375
33 42 144
33 43 2654
33 44 1423
33 45 192
33 46 2702
33 47 1471
33 48 240
33 49 2750
33 50 1519
33 51 288
33 52 2798
33 53 1567
33 54 336
33 55 2846
33 56 1615
33 57 384
33 58 2894
33 59 1663
33 60 432
33 61 2942
33 62 1711
33 63 480
33 64 2990
33 65 1759
33 66 528
33 67 3038
33 68 1807
33 69 576
33 70 3086
33 71 1855
33 72 624
33 73 3134
33 74 1903
33 75 672
33 76 3182
33 77 1951
33 78 720
33 79 3230
33 80 1999
33 81 768
33 82 2630
34 0 216
34 1 2710
34 2 1757
34 3 1732
34 4 2251
34 5 2693
34 6 922
34 7 2106
34 8 2241
34 9 969
34 10 2519
34 11 2409
34 12 2651
34 13 2044
34 14 1270
34 15 2221
34 16 2174
34 17 1619
34 18 2757
34 19 1719
34 20 899
34 21 2240
34 22 1412
34 23 2710
34 24 376
34 25 2379
34 26 553
34 27 2389
34 28 96
34 29 1327
34 30 2558
34 31 48
34 32 1279
34 33 2510
34 34 0
34 35 1231
34 36 2462
34 37 48
34 38 1279
34 39 2510
34 40 96
34 41 1327
34 42 2558
34 43 144
34 44 1375
34 45 2606
34 46 192
34 47 1423
34 48 2654
34 49 240
34 50 1471
34 51 2702
34 52 288
34 53 1519
34 54 2750
34 55 336
34 56 1567
34 57 2798
34 58 384
34 59 1615
34 60 2846
34 61 432
34 62 1663
34 63 2894
34 64 480
34 65 1711
34 66 2942
34 67 528
34 68 1759
34 69 2990
34 70 576
34 71 1807
34 72 3038
34 73 624
34 74 1855
34 75 3086
34 76 672
34 77 1903
34 78 3134
34 79 720
34 80 1951
34 81 3182
34 82 216
35 0 1447
35 1 1479
35 2 626
35 3 501
35 4 1020
35 5 1462
35 6 597
35 7 875
35 8 1010
35 9 1606
35 10 1288
35 11 1178
35 12 1420
35 13 813
35 14 633
35 15 990
35 16 943
35 17 388
35 18 1526
35 19 952
35 20 1484
35 21 1009
35 22 181
35 23 1479
35 24 1143
35 25 1148
35 26 774
35 27 1158
35 28 1327
35 29 96
35 30 1327
35 31 1279
35 32 48
35 33 1279
35 34 1231
35 35 0
35 36 1231
35 37 1279
35 38 48
35 39 1279
35 40 1327
35 41 96
35 42 1327
35 43 1375
35 44 144
35 45 1375
35 46 1423
35 47 192
35 48 1423
35 49 1471
35 50 240
35 51 1471
35 52 1519
35 53 288
35 54 1519
35 55 1567
35 56 336
35 57 1567
35 58 1615
35 59 384
35 60 1615
35 61 1663
35 62 432
35 63 1663
35 64 1711
35 65 480
35 66 1711
35 67 1759
35 68 528
35 69 1759
35 70 1807
35 71 576
35 72 1807
35 73 1855
35 74 624
35 75 1855
35 76 1903
35 77 672
35 78 1903
35 79 1951
35 80 720
35 81 1951
35 82 1447
36 0 2678
36 1 712
36 2 1857
36 3 826
36 4 1267
36 5 825
36 6 1828
36 7 836
36 8 893
36 9 2837
36 10 807
36 11 437
36 12 1251
36 13 1762
36 14 1864
36 15 1393
36 16 384
36 17 843
36 18 473
36 19 2183
36 20 2715
36 21 606
36 22 1338
36 23 712
36 24 2374
36 25 563
36 26 2005
36 27 937
36 28 2558
36 29 1327
36 30 96
36 31 2510
36 32 1279
36 33 48
36 34 2462
36 35 1231
36 36 0
36 37 2510
36 38 1279
36 39 48
36 40 2558
36 41 1327
36 42 96
36 43 2606
36 44 1375
36 45 144
36 46 2654
36 47 1423
36 48 192
36 49 2702
36 50 1471
36 51 240
36 52 2750
36 53 1519
36 54 288
36 55 2798
36 56 1567
36 57 336
36 58 2846
36 59 1615
36 60 384
36 61 2894
36 62 1663
36 63 432
36 64 2942
36 65 1711
36 66 480
36 67 2990
36 68 1759
36 69 528
36 70 3038
36 71 1807
36 72 576
36 73 3086
36 74 1855
36 75 624
36 76 3134
36 77 1903
36 78 672
36 79 3182
36 80 1951
36 81 720
36 82 2678
37 0 264
37 1 2662
37 2 1709
37 3 1684
37 4 2203
37 5 2645
37 6 874
37 7 2058
37 8 2193
37 9 921
37 10 2471
37 11 2361
37 12 2603
37 13 1996
37 14 1222
37 15 2173
37 16 2222
37 17 1667
37 18 2709
37 19 1671
37 20 851
37 21 2192
37 22 1364
37 23 2662
37 24 328
37 25 2331
37 26 601
37 27 2341
37 28 144
37 29 1375
37 30 2606
37 31 96
37 32 1327
37 33 2558
37 34 48
37 35 1279
37 36 2510
37 37 0
37 38 1231
37 39 2462
37 40 48
37 41 1279
37 42 2510
37 43 96
37 44 1327
37 45 2558
37 46 144
37 47 1375
37 48 2606
37 49 192
37 50 1423
37 51 2654
37 52 240
37 53 1471
37 54 2702
37 55 288
37 56 1519
37 57 2750
37 58 336
37 59 1567
37 60 2798
37 61 384
37 62 1615
37 63 2846
37 64 432
37 65 1663
37 66 2894
37 67 480
37 68 1711
37 69 2942
37 70 528
37 71 1759
37 72 2990
37 73 576
37 74 1807
37 75 3038
37 76 624
37 77 1855
37 78 3086
37 79 672
37 80 1903
37 81 3134
37 82 264
38 0 1495
38 1 1431
38 2 578
38 3 453
38 4 972
38 5 1414
38 6 549
38 7 827
38 8 962
38 9 1558
38 10 1240
38 11 1130
38 12 1372
38 13 765
38 14 585
38 15 942
38 16 991
38 17 436
38 18 1478
38 19 904
38 20 1436
38 21 961
38 22 133
38 23 1431
38 24 1095
38 25 1100
38 26 822
38 27 1110
38 28 1375
38 29 144
38 30 1375
38 31 1327
38 32 96
38 33 1327
38 34 1279
38 35 48
38 36 1279
38 37 1231
38 38 0
38 39 1231
38 40 1279
38 41 48
38 42 1279
38 43 1327
38 44 96
38 45 1327
38 46 1375
38 47 144
38 48 1375
38 49 1423
38 50 192
38 51 1423
38 52 1471
38 53 240
38 54 1471
38 55 1519
38 56 288
38 57 1519
38 58 1567
38 59 336
38 60 1567
38 61 1615
38 62 384
38 63 1615
38 64 1663
38 65 432
38 66 1663
38 67 1711
38 68 480
38 69 1711
38 70 1759
38 71 528
38 72 1759
38 73 1807
38 74 576
38 75 1807
38 76 1855
38 77 624
38 78 1855
38 79 1903
38 80 672
38 81 1903
38 82 1495
39 0 2726
39 1 664
39 2 1809
39 3 778
39 4 1219
39 5 777
39 6 1780
39 7 788
39 8 845
39 9 2789
39 10 759
39 11 389
39 12 1203
39 13 1714
39 14 1816
39 15 1345
39 16 432
39 17 891
39 18 425
39 19 2135
39 20 2667
39 21 558
39 22 1290
39 23 664
39 24 2326
39 25 515
39 26 2053
39 27 889
39 28 2606
39 29 1375
39 30 144
39 31 2558
39 32 1327
39 33 96
39 34 2510
39 35 1279
39 36 48
39 37 2462
39 38 1231
39 39 0
39 40 2510
39 41 1279
39 42 48
39 43 2558
39 44 1327
39 45 96
39 46 2606
39 47 1375
39 48 144
39 49 2654
39 50 1423
39 51 192
39 52 2702
39 53 1471
39 54 240
39 55 2750
39 56 1519
39 57 288
39 58 2798
39 59 1567
39 60 336
39 61 2846
39 62 1615
39 63 384
39 64 2894
39 65 1663
39 66 432
39 67 2942
39 68 1711
39 69 480
39 70 2990
39 71 1759
39 72 528
39 73 3038
39 74 1807
39 75 576
39 76 3086
39 77 1855
39 78 624
39 79 3134
39 80 1903
39 81 672
39 82 2726
40 0 312
40 1 2614
40 2 1661
40 3 1732
40 4 2155
40 5 2597
40 6 826
40 7 2010
40 8 2145
40 9 873
40 10 2423
40 11 2313
40 12 2555
40 13 1948
40 14 1174
40 15 2125
40 16 2270
40 17 1715
40 18 2661
40 19 1623
40 20 803
40 21 2144
40 22 1316
40 23 2614
40 24 280
40 25 2283
40 26 649
40 27 2293
40 28 192
40 29 1423
40 30 2654
40 31 144
40 32 1375
40 33 2606
40 34 96
40 35 1327
40 36 2558
40 37 48
40 38 1279
40 39 2510
40 40 0
40 41 1231
40 42 2462
40 43 48
40 44 1279
40 45 2510
40 46 96
40 47 1327
40 48 2558
40 49 144
40 50 1375
40 51 2606
40 52 192
40 53 1423
40 54 2654
40 55 240
40 56 1471
40 57 2702
40 58 288
40 59 1519
40 60 2750
40 61 336
40 62 1567
40 63 2798
40 64 384
40 65 1615
40 66 2846
40 67 432
40 68 1663
40 69 2894
40 70 480
40 71 1711
40 72 2942
40 73 528
40 74 1759
40 75 2990
40 76 576
40 77 1807
40 78 3038
40 79 624
40 80 1855
40 81 3086
40 82 312
41 0 1543
41 1 1383
41 2 530
41 3 501
41 4 924
41 5 1366
41 6 501
41 7 779
41 8 914
41 9 1510
41 10 1192
41 11 1082
41 12 1324
41 13 717
41 14 537
41 15 894
41 16 1039
41 17 484
41 18 1430
41 19 856
41 20 1388
41 21 913
41 22 85
41 23 1383
41 24 1047
41 25 1052
41 26 870
41 27 1062
41 28 1423
41 29 192
41 30 1423
41 31 1375
41 32 144
41 33 1375
41 34 1327
41 35 96
41 36 1327
41 37 1279
41 38 48
41 39 1279
41 40 1231
41 41 0
41 42 1231
41 43 1279
41 44 48
41 45 1279
41 46 1327
41 47 96
41 48 1327
41 49 1375
41 50 144
41 51 1375
41 52 1423
41 53 192
41 54 1423
41 55 1471
41 56 240
41 57 1471
41 58 1519
41 59 288
41 60 1519
41 61 1567
41 62 336
41 63 1567
41 64 1615
41 65 384
41 66 1615
41 67 1663
41 68 432
41 69 1663
41 70 1711
41 71 480
41 72 1711
41 73 1759
41 74 528
41 75 1759
41 76 1807
41 77 576
41 78 1807
41 79 1855
41 80 624
41 81 1855
41 82 1543
42 0 2774
42 1 616
42 2 1761
42 3 826
42 4 1171
42 5 729
42 6 1732
42 7 740
42 8 797
42 9 2741
42 10 711
42 11 341
42 12 1155
42 13 1666
42 14 1768
42 15 1297
42 16 480
42 17 939
42 18 377
42 19 2087
42 20 2619
42 21 510
42 22 1242
42 23 616
42 24 2278
42 25 467
42 26 2101
42 27 841
42 28 2654
42 29 1423
42 30 192
42 31 2606
42 32 1375
42 33 144
42 34 2558
42 35 1327
42 36 96
42 37 2510
42 38 1279
42 39 48
42 40 2462
42 41 1231
42 42 0
42 43 2510
42 44 1279
42 45 48
42 46 2558
42 47 1327
42 48 96
42 49 2606
42 50 1375
42 51 144
42 52 2654
42 53 1423
42 54 192
42 55 2702
42 56 1471
42 57 240
42 58 2750
42 59 1519
42 60 288
42 61 2798
42 62 1567
42 63 336
42 64 2846
42 65 1615
42 66 384
42 67 2894
42 68 1663
42 69 432
42 70 2942
42 71 1711
42 72 480
42 73 2990
42 74 1759
42 75 528
42 76 3038
42 77 1807
42 78 576
42 79 3086
42 80 1855
42 81 624
42 82 2774
43 0 360
43 1 2566
43 2 1613
43 3 1780
43 4 2107
43 5 2549
43 6 778
43 7 1962
43 8 2097
43 9 825
43 10 2375
43 11 2265
43 12 2507
43 13 1900
43 14 1126
43 15 2077
43 16 2318
43 17 1763
43 18 2613
43 19 1575
43 20 755
43 21 2096
43 22 1268
43 23 2566
43 24 232
43 25 2235
